entry_step,exit_step,profit,holding,entry_price,exit_price,duration
673,675,0.0027061056223081355,2,1977.2627872895089,1984.5907320222632,2
677,678,0.0043898494014183165,1,1984.583008360025,1995.2796118996991,1
684,685,-0.0018125489151186941,1,1992.5523669377992,1990.9333206737267,1
686,687,0.00019566964907833198,1,1996.7949940326894,1999.1825012024858,1
689,692,0.0010263832763156653,3,2009.5733153342178,2013.6454810929413,3
700,704,0.00024614473671543346,4,2022.7523695665338,2025.2730117855479,4
706,712,-0.013059956067012032,6,2020.3842662512468,1996.0185207617744,6
713,715,-0.000447249518951261,2,1995.395129919933,1996.4980855378785,2
716,718,0.0018998073793674878,2,1994.8333056485008,2000.6179379888283,2
723,728,0.003534266224297011,5,2030.4718143554262,2039.678514122645,5
729,732,-0.0009383509460806106,3,2045.0961460571802,2045.2222242997589,3
733,737,0.007951332961438011,4,2048.916197016728,2067.256728106308,4
742,745,-0.0012796237248147203,3,2065.9516462588954,2065.3739571642814,3
746,751,-0.007523769974935762,5,2072.8863333142294,2059.3632996914994,5
752,754,-0.002620092885703163,2,2061.3518783587015,2058.0122968456417,2
756,759,0.002268517645036327,3,2051.9222740799623,2058.6290182390358,3
761,763,0.0024356746478892298,2,2068.114188821967,2075.219556309443,2
765,767,0.0013574506059573672,2,2080.8062957338802,2085.711693796638,2
769,779,-0.007965741302536192,10,2089.6277426273814,2075.0719363536364,10
780,784,-0.002073239140081765,4,2080.4199945907644,2078.187206424761,4
789,790,-0.0017881259229559025,1,2077.9850172019137,2076.347303342343,1
796,798,0.0013131369465512782,2,2069.070829991668,2073.856874173553,2
800,802,-0.0029387144941734286,2,2072.723392684974,2068.7049738011633,2
807,808,0.0014171150456652672,1,2079.447346912949,2084.473610381841,1
810,811,-0.0015083274500567844,1,2090.7741735712925,2089.7113756669964,1
815,818,-0.004042698477769364,3,2083.4746425161443,2077.1352573928893,3
819,820,-0.000970123470877209,1,2077.5569720417216,2077.619042233101,1
821,827,-0.007324975112283732,6,2079.9507449381244,2066.795108241615,6
828,832,-0.006098343359605449,4,2069.4178106430595,2058.867208089918,4
839,843,-0.001271914732665107,4,2076.7811050888176,2076.2163977098235,4
849,850,-0.0025719822078053445,1,2078.5990137005847,2075.3314930338856,1
852,854,-0.0010637183498747426,2,2077.570498881288,2077.438119517351,2
855,865,-0.004853783181128186,10,2076.1646189849944,2068.1635306950966,10
868,870,0.005362052174980254,2,2069.8199825601855,2082.98828528205,2
871,877,0.014331664730460929,6,2095.4244331671125,2127.550778044447,6
878,879,0.002495022232224725,1,2144.763573942081,2152.2595703158745,1
882,894,-0.007149203283547086,12,2173.7230543811656,2160.356389437643,12
897,899,-0.004535451692239094,2,2171.2678197246764,2163.5914072371265,2
900,902,-0.002598051364594779,2,2164.7245921770577,2161.2652510885573,2
909,910,-0.002823365721091331,1,2166.1079049269665,2162.1582980249377,1
911,915,-0.009193219296270396,4,2163.4564480728327,2145.7307749558418,4
917,919,0.0014649474045338277,2,2146.848945522546,2152.140815258738,2
920,929,-0.0050274524298805755,9,2158.925877236011,2150.2309059658046,9
940,941,0.0011151895420096806,1,2130.3714300402144,2134.8775694096316,1
942,943,-0.0028836074996357024,1,2134.0199714359123,2130.0003154133433,1
946,948,-0.006554508979664651,2,2115.5705018464473,2103.8195464968276,2
952,957,0.0049225522601071625,5,2116.663021512776,2129.199068874722,5
959,961,0.00021021924367560876,2,2136.679055200681,2139.2649053108435,2
964,966,0.0027488842404247123,2,2132.2769547721505,2140.2706142441166,2
972,976,-0.006085098349987672,4,2149.385400412561,2138.4555642594355,4
978,979,-0.004931902902461684,1,2133.0121127697485,2124.625316252563,1
980,986,-0.006661260251798398,6,2130.8665888303676,2118.803198509137,6
987,989,0.0006030671763293069,2,2128.11396044191,2131.5254700793826,2
994,999,-0.002509805850384247,5,2144.1541381283437,2140.916881666472,5
1000,1002,-0.003098868349400981,2,2147.679031146029,2143.1713356028845,2
1003,1005,-0.00017302794447688404,2,2143.2782708165228,2145.050702053698,2
1013,1016,-0.002489672986021246,3,2138.5494569334082,2135.363717578144,3
1022,1025,-0.0011020909073883268,3,2147.966105829648,2147.7468180208643,3
1026,1028,-0.004858539735770707,2,2148.5157214263236,2140.225588142272,2
1031,1032,-0.0011728525041370444,1,2149.0565220727012,2148.685052271329,1
1035,1037,-0.001130317029869063,2,2152.118426599669,2151.837968918388,2
1038,1041,-0.0035071692024215284,3,2152.5669056528036,2147.170056200799,3
1047,1053,-7.103359024942678e-05,6,2142.3025324724636,2144.292659564654,6
1057,1060,-0.0021137820547298646,3,2145.584246596033,2143.1945333652634,3
1065,1066,-0.0038135596366648404,1,2143.521352901968,2137.4904277431137,1
1067,1068,-0.002341557628827953,1,2140.5677894487685,2137.69609440081,1
1069,1075,-0.0009271778814237152,6,2149.1694724408453,2149.325979515008,6
1076,1077,-0.0013266314771425858,1,2150.591279883409,2149.8888290769305,1
1086,1088,-0.0062786110455600955,2,2190.696861190038,2179.1330245410863,2
1089,1091,-0.004178464667607209,2,2187.3245106138697,2180.3721769402923,2
1098,1099,-0.004915542538189877,1,2145.203224064844,2136.803589587956,1
1101,1109,0.0031396535372325155,8,2149.117352462817,2158.0139537128675,8
1116,1117,0.0008733311305667633,1,2125.450954266699,2129.4326277058194,1
1122,1123,-0.002161901345311676,1,2130.9016864532605,2128.4257889170435,1
1124,1126,-0.0028951967789879116,2,2129.08887115735,2125.0538287865534,2
1129,1130,0.0011838616979086185,1,2130.5274207387074,2135.1801979692027,1
1131,1132,-0.0003183609301606632,1,2136.077276142613,2137.5333098702276,1
1134,1135,-0.0015753099946640952,1,2142.169099511724,2140.9366882185145,1
1139,1143,-0.0020854422743010526,4,2146.193840609358,2143.8642710859162,4
1148,1152,0.002678601709087164,4,2148.225056217022,2156.127520580326,4
1153,1158,0.0003959729900921893,5,2155.444257315066,2158.453199279927,5
1160,1175,-0.0026929199874869787,15,2170.4976575429496,2166.8231786757015,15
1177,1183,-0.005631506742000263,6,2179.3454074332485,2169.251754485574,6
1187,1188,-0.0014841460709994665,1,2210.0908171320134,2209.020810346347,1
1191,1195,-0.0028786666498788324,4,2216.988053867315,2212.823072347335,4
1197,1198,-0.0009171511356859631,1,2217.252708157097,2217.436405025865,1
1199,1201,-0.0032573374889994784,2,2229.7643929513856,2224.7310621955403,2
1202,1203,-0.0031203105688549027,1,2228.3392099820303,2223.6144388041116,1
1204,1211,0.012935348316459493,7,2227.7326607506634,2258.776891334177,7
1212,1213,-0.0014782291886705073,1,2260.9533571317497,2259.8721032421467,1
1214,1215,0.0023781349535401865,1,2267.066149972581,2274.7246053757913,1
1218,1219,-0.0023460090158424025,1,2280.0386473046315,2276.9696947288903,1
1221,1228,-0.008388780720203316,7,2293.373373274015,2276.4281403093405,7
1231,1232,-0.00025996699568769694,1,2293.188176895903,2294.8852118319046,1
1236,1240,-0.009016719453677928,4,2297.8639687942555,2279.442638013717,4
1246,1247,0.0014120501542524777,1,2295.4908475470825,2301.0276865999936,1
1250,1252,-0.004565837505053688,2,2296.210603990381,2288.02269009917,2
1254,1256,0.0001485663553927887,2,2288.6154281352074,2291.2440548163963,2
1261,1265,0.008107407882877136,4,2336.0330586117398,2357.308264504402,4
1269,1276,0.002127909651740507,7,2372.062225554122,2379.481821883962,7
1277,1278,-0.0008835327818900876,1,2381.4972835250924,2381.774649888641,1
1279,1282,-0.005508593160478142,3,2378.0003539826903,2367.2789178511093,3
1289,1292,0.009615284772798945,3,2353.607711215226,2378.5919273132313,3
1293,1296,-0.002312599908843776,3,2381.858492816125,2378.7320655755757,3
1297,1298,-0.005279366785738177,1,2386.3781785556075,2376.1659910400863,1
1304,1306,0.0004518709652914074,2,2325.112855124934,2328.4886189703157,2
1307,1308,0.0001414421541276157,1,2336.200616613226,2338.8672544775272,1
1311,1312,0.0035089723641460666,1,2347.977116369176,2358.564080298532,1
1319,1325,-0.001498100539450443,6,2337.271572413594,2336.107376182533,6
1330,1334,0.016651499032344533,4,2366.584447929694,2408.3582110222865,4
1338,1348,-0.004842605131784096,10,2428.515773524661,2419.1839463506967,10
1353,1355,0.001129628468642843,2,2419.470452083514,2424.623025237311,2
1357,1359,0.004479965307964359,2,2457.8703727724696,2471.339417146736,2
1360,1364,-0.009072590796402269,4,2469.2269760055615,2449.293917044831,4
1365,1379,-0.005850669949422789,14,2456.7516773896814,2444.8347858549732,14
1380,1381,-0.0013241314706276268,1,2445.666331366091,2444.873613941441,1
1389,1391,-0.0012134273938105378,2,2430.941639192132,2430.4228096535735,2
1395,1399,0.006455702333599048,4,2443.048139389834,2461.2627791037776,4
1401,1402,-0.00130790940636701,1,2464.1834845986446,2463.4247393247224,1
1405,1406,-0.001198897820106815,1,2461.4266581291677,2460.937085732513,1
1407,1411,-0.007277888034673564,4,2467.2870057971495,2451.79765422535,4
1414,1417,0.0016769741941178237,3,2450.076605365977,2456.6353972121533,3
1418,1419,-0.0010553364732218348,1,2462.1569669899573,2462.0207199068855,1
1422,1423,-0.0015219102410649415,1,2477.8989476690813,2476.6057068319687,1
1425,1426,-0.0019082928558295876,1,2489.741859435157,2487.480444691372,1
1428,1437,0.008653159418521194,9,2493.6546795021827,2517.7263256581587,9
1438,1439,-1.952520388190165e-06,1,2517.4431419596003,2519.955669742499,1
1441,1442,-0.001148114562100576,1,2528.015055204683,2527.6406193617977,1
1444,1447,-0.006760835337388462,3,2521.748036233197,2507.220661034075,3
1452,1454,-0.00386338707504403,2,2495.94051454697,2488.7936707375375,2
1457,1459,-0.014233677573679989,2,2473.3924980995944,2440.6604192665854,2
1461,1463,-0.006512156708185797,2,2436.2108295189455,2422.7820536524578,2
1470,1477,-0.018288536818372784,7,2431.9096699636398,2389.8655100955166,7
1480,1481,-0.004096486785419467,1,2394.696735870422,2387.281589072712,1
1483,1489,0.007670269024186614,6,2361.4801712173935,2381.9548395971306,6
1490,1491,-0.0006772619824530807,1,2385.028796621193,2385.798536086807,1
1492,1493,-0.00012741070307744295,1,2385.561108588318,2387.6427236788268,1
1500,1501,0.0005280393617124372,1,2407.087775116719,2410.765899984194,1
1504,1510,0.003515229857046686,6,2417.2425526954453,2428.1569584410995,6
1511,1512,-0.003614294628744129,1,2425.1859348454623,2418.84578428229,1
1513,1514,-0.00011367114477119696,1,2419.556970450164,2421.701493609944,1
1520,1521,0.00239589608999038,1,2438.3286632794807,2446.608974053223,1
1525,1526,-9.999685137952155e-05,1,2449.8383444964475,2452.0432067201054,1
1531,1532,-0.0013075437180999037,1,2428.518961498838,2427.7720857479426,1
1538,1547,0.012252395009570725,9,2453.3448514589873,2485.8575465252184,9
1549,1565,-0.008268512868217184,16,2475.13324014405,2457.142702337511,16
1566,1572,-0.003543700313692179,6,2462.660524373296,2456.3962540249304,6
1575,1580,-0.012311768055945374,5,2440.718555108431,2413.109712923202,5
1581,1584,-0.003141122702231339,3,2411.225146176962,2406.0624172762914,3
1588,1590,0.0023842028679897922,2,2399.598263167521,2407.718990491756,2
1595,1596,-0.008052951177137228,1,2387.3600104131556,2370.5220768174618,1
1600,1603,0.0006477238827552398,3,2351.3171160224397,2355.191437390441,3
1604,1605,-0.0009945738486293403,1,2359.077708488823,2359.0905092015646,1
1611,1613,0.001175351128948227,2,2369.2026692541253,2374.3565169553945,2
1614,1625,0.0004213546440987831,11,2375.8195064052097,2379.1963884941792,11
1628,1631,-0.018787604211179997,3,2366.4723369002163,2324.378463594729,3
1632,1637,-0.01398661404560423,5,2319.314437914234,2289.1943964586444,5
1640,1641,-0.004150530506549541,1,2282.0101847288593,2274.8206420256142,1
1646,1651,0.016186596386235198,5,2125.3638639147935,2161.8916348177863,5
1652,1655,0.00036352313751112763,3,2174.361313020322,2177.3261049799344,3
1657,1658,-0.002648147167534473,1,2193.997336557685,2190.381306061859,1
1662,1667,-0.03274376220801695,5,2211.7489941357985,2141.539760002131,5
1676,1680,-0.019978858164842205,4,2111.505559223452,2071.4315947006744,4
1682,1686,0.00536775103538476,4,2098.6197850745293,2111.9832733838166,4
1690,1694,-0.002711570946910523,4,2138.8769292736183,2135.2160896624564,4
1696,1699,-0.00044054029628781265,3,2160.7400563788324,2161.948903370573,3
1701,1704,-0.005974653510786405,3,2160.1853948504863,2149.439220992044,3
1705,1709,0.014452699929798508,4,2152.4286459762952,2185.6894799628694,4
1716,1720,0.002996820830082801,4,2216.922332937192,2225.782974296151,4
1731,1738,-0.005933981854603494,7,2257.0189683154313,2245.882877680267,7
1740,1742,0.00225861245997736,2,2252.0711133074165,2259.409740297995,2
1744,1745,-0.002693874536578775,1,2264.8465407729345,2261.0101748882607,1
1746,1753,-0.006251518222811029,7,2259.374199893659,2247.5090551107683,7
1754,1756,0.001923817379932486,2,2251.0676583065474,2257.649369049308,2
1762,1764,-0.009531221216616044,2,2253.1410494755546,2233.91900475024,2
1769,1777,0.007139970889796346,8,2218.903603151263,2236.9654138881783,8
1785,1788,-0.012641029256186525,3,2164.182025486746,2138.988719212342,3
1796,1797,-0.0011105245656032184,1,2129.396194278457,2129.1608436890874,1
1798,1806,0.012930872116524699,8,2138.7542073220484,2168.548918672931,8
1810,1811,-0.0024744606971631705,1,2204.3739172455894,2201.123654542759,1
1815,1816,-0.005648780991945759,1,2203.36945839759,2193.1264763411573,1
1818,1821,-0.012550295208671361,3,2191.3784989280143,2166.0674303514606,3
1824,1828,-0.016355025316185042,4,2139.273615446111,2106.425014922689,4
1829,1830,-0.0027883811259484196,1,2114.020098853414,2110.239425208749,1
1833,1836,-0.010547091539984853,3,2134.26191551668,2113.8859216389387,3
1842,1845,0.003352308716972412,3,2086.3044900411423,2095.384731259407,3
1846,1849,0.0054091624677050296,3,2123.617477736074,2137.2280871701423,3
1852,1857,0.016691806413727542,5,2146.1200233536406,2184.0887633474376,5
1858,1862,-0.002879941971709296,4,2178.183874191885,2174.0890149046913,4
1871,1872,-0.010148932654366626,1,2203.5058099283547,2183.3460836698146,1
1873,1874,-0.00781175368173516,1,2182.9151819727826,2168.045701445064,1
1875,1877,0.00853814042207697,2,2164.08246321713,2184.7237856362494,2
1878,1881,0.016238224661736973,3,2202.8209207012515,2240.793642621874,3
1884,1886,0.009715005968256182,2,2259.003836076743,2283.209075662619,2
1889,1894,0.011152707164099666,5,2288.9875029098343,2316.8048977349813,5
1895,1897,-0.004766180644926066,2,2318.193409414371,2309.4626742646396,2
1901,1903,-0.005437098620694528,2,2338.1085428751494,2327.734124684524,2
1904,1908,3.4306434532612156e-05,4,2325.4608494042027,2327.866088523995,4
1914,1922,0.0023456414837202434,8,2310.0041002281896,2317.732545773477,8
1936,1937,-0.0036635337288148393,1,2316.9938327327873,2310.8224415098475,1
1943,1945,7.989825914442002e-05,2,2291.887833375853,2294.36283905727,2
1946,1947,-0.0007313100790827197,1,2300.3904428563887,2301.0085345825587,1
1951,1962,0.03537050431832165,11,2289.086829777852,2372.3420722053006,11
1963,1968,0.012699245590215038,5,2378.699997547011,2411.2863929988516,5
1969,1972,0.00022247397175066555,3,2429.223163783897,2432.1928258731964,3
1973,1976,-0.006371666897208965,3,2445.1965421648338,2432.061760842117,3
1977,1978,-0.005126135517721032,1,2435.3003520363986,2425.2519727575427,1
1983,1986,0.0016438826143051477,3,2416.2624952035762,2422.6508096062425,3
1989,1994,-0.014725323021655672,5,2429.4825955244823,2396.1371621254184,5
1997,2000,-0.0036963901874323543,3,2379.499640075861,2373.0835805953616,3
673,674,-0.0006935019726874456,1,1980.3564468264958,1980.9634221708238,1
677,679,0.0002732717257084066,2,1987.7142855072311,1990.2451859057542,2
691,692,-0.0011157768240903005,1,2016.5578071501802,2016.3243364916739,1
696,697,-0.003003186353053914,1,2021.3921750211248,2017.3429498019525,1
704,709,-0.010947810794251639,5,2031.555108480277,2011.34558264302,5
711,713,-0.005680034949319789,2,2002.3607555998437,1992.98963728249,2
715,716,-0.002718984959306122,1,1998.6515758658484,1995.2159238680415,1
720,721,0.004649621365189279,1,2004.2316846902365,2015.5548348368518,1
722,723,0.00017633611359421284,1,2020.6384993491406,2023.0154493884438,1
725,727,-0.0012599311208910213,2,2032.4731466894762,2031.9448436662763,2
729,735,0.00502814173960931,6,2041.0847657696138,2053.3887140402303,6
737,743,-0.005662607907888015,6,2071.518985931969,2061.8603051268224,6
748,750,-0.0037789399664006603,2,2068.34051101828,2062.5927169080855,2
751,753,-0.002376547899928719,2,2063.438792155435,2060.598369819462,2
755,763,0.006996456977242428,8,2052.266495037989,2068.6773557713964,8
765,767,0.0009382555632462912,2,2078.7912137894755,2082.8204424244304,2
776,779,-0.0032731173499784684,3,2080.88374250727,2076.153649568889,3
781,785,-0.0040269187455686285,4,2080.162109500628,2073.865627817559,4
787,790,-0.0027295112663242114,3,2077.0386299279094,2073.4463682168584,3
794,809,0.006869869356614535,15,2075.178770586123,2091.5101564022557,15
810,814,-0.0014719535565335768,4,2090.3457089719204,2089.3591628801864,4
817,818,-0.0023895110246280656,1,2079.8620041172776,2076.9720129328516,1
821,825,-0.007150953926975818,4,2080.2101067756785,2067.414830250472,4
826,831,-0.0066098787624193096,5,2070.292912155214,2058.678819915327,5
835,837,9.27496047456928e-05,2,2066.5515348808553,2068.809758253783,2
838,840,-0.002649766455231458,2,2073.9711395745867,2070.5495715593984,2
842,846,-0.0007766296624597947,4,2075.734369369952,2076.198026856682,4
848,851,-0.00456458777290828,3,2078.0515462766693,2070.6441491433384,3
856,858,-0.004170004620832462,2,2079.3927459418937,2072.8010613287324,2
864,870,0.004541113212703883,6,2071.779189370729,2083.259152410756,6
880,882,0.004417047755198048,2,2163.4025096228543,2175.1217643311966,2
883,884,-0.0038805733709364157,1,2184.4058332736795,2178.113491999033,1
885,886,0.0006606906081345753,1,2169.529864822129,2173.1327826927068,1
888,889,-0.0017700282445803268,1,2176.080294385022,2174.404651095871,1
892,893,-0.0027574375899205757,1,2171.3189028342986,2167.5029453747525,1
894,895,0.0011415221861506642,1,2161.617866524617,2166.247019143759,1
898,899,-0.0014912572698557764,1,2167.8161656306124,2166.7512101795355,1
905,907,-0.004677862339695164,2,2169.715198570169,2161.7352847534835,2
913,923,-0.00467233662520925,10,2164.8803396707817,2156.9301703102133,10
924,925,-0.002396191756753501,1,2159.7737339821433,2156.7582756983047,1
928,930,-0.0028562553069139806,2,2157.640968577706,2153.635836079369,2
931,935,-0.006735527473010492,4,2153.683402821904,2141.3308924968524,4
939,940,-0.0021473957495344803,1,2137.7077779795795,2135.254981161379,1
941,944,-0.0031420826693614864,3,2134.3884823908893,2129.816445813075,3
947,951,0.003986887092943119,4,2104.5830470426026,2115.0783650759263,4
952,955,0.0005548999034482038,3,2116.817928829653,2120.1093688228075,3
957,959,0.0014729933009686664,2,2125.2045517529727,2130.460168372646,2
961,963,-0.00416514952149208,2,2144.2620654109073,2137.4751553606184,2
964,965,0.0005870117316989756,1,2137.136617355591,2140.528278239578,1
977,979,-0.003244011167036847,2,2132.6740112226735,2127.8882669258405,2
981,983,-0.0024264112058388363,2,2125.4197952839054,2122.3880726708007,2
984,985,-0.0011073033763438031,1,2118.9492327256003,2118.7218623186277,1
986,987,-0.0028126299479759535,1,2128.0805879895534,2124.223165384057,1
988,989,-0.0017538903347570853,1,2127.67083740893,2126.0668069290627,1
992,994,0.0019720900701920108,2,2135.0420619627494,2141.387599274551,2
995,997,-0.0066634106724177975,2,2145.134753143003,2132.9859740882785,2
998,1000,0.004791242620244473,2,2134.1947813268125,2146.5544211043357,2
1003,1004,-0.003588986515452648,1,2145.0661837035727,2139.5126362792107,1
1011,1015,-0.008349005030078935,4,2144.265375001807,2128.5071579750947,4
1017,1019,0.0010551337202868109,2,2136.012740917304,2140.4025327281256,2
1020,1021,-0.0007145844898958579,1,2146.334467233505,2146.9470643803247,1
1022,1024,-0.0002219502774470038,2,2148.541265124085,2150.2129370593084,2
1025,1026,-0.001898535801805024,1,2148.902751274617,2146.9718852179994,1
1030,1031,0.00213371422562297,1,2142.368696574028,2149.0822678350114,1
1032,1036,-0.0013996757552880228,4,2152.479565502848,2151.6192716067635,4
1040,1042,-0.0030061477434040907,2,2146.157720499297,2141.852211031328,2
1043,1046,-0.004945472244192443,3,2146.576578862456,2138.1073205505204,3
1049,1053,-0.0014904995064534154,4,2144.2685559596925,2143.2167932912907,4
1056,1057,-0.004004209287912777,1,2146.381441423265,2139.933262361538,1
1058,1060,-0.002390621317552874,2,2143.37558250567,2140.3949587291154,2
1061,1063,-0.0025120945213599056,2,2146.088151817436,2142.8430636807175,2
1068,1069,0.003165725953989374,1,2136.608891036436,2145.509418147351,1
1079,1083,0.010888230949957448,4,2149.2438098530606,2174.7945166323602,4
1085,1086,-0.0029339330989769296,1,2191.8762015928482,2187.637259657728,1
1088,1091,-0.0026140792817971182,3,2183.00720394194,2179.4836572420436,3
1095,1098,-0.00853348077485254,3,2153.8715575420165,2137.645407571772,3
1100,1106,0.004639674024907943,6,2142.4974446914325,2154.5804318786904,6
1107,1113,-0.005946406451174813,6,2156.881779962756,2146.2129660119267,6
1120,1124,0.0007939188643313845,4,2126.2392618445942,2130.0535625664993,4
1126,1133,0.0042764357287779645,7,2127.911533195701,2139.1393216371334,7
1134,1136,0.0026391579080579644,2,2136.2083460740228,2143.9823455698975,2
1142,1146,-0.003813302945457462,4,2148.3459412973207,2142.3019933328073,4
1154,1155,-0.0017737092049520237,1,2157.2968143393914,2155.6276939363233,1
1159,1164,0.0032333374998678036,5,2163.4864342519813,2172.6452025045555,5
1165,1166,-0.002699203987219714,1,2169.91062318225,2166.2235023994285,1
1171,1178,0.002190241916202092,7,2162.2954881724,2169.193733873982,7
1180,1182,-0.0006185355579288688,2,2162.071055218083,2162.89580844688,2
1192,1199,0.004043863961089789,7,2213.254871229281,2224.418227710981,7
1202,1204,-0.0003417576884096283,2,2222.9256773467246,2224.388901083075,2
1206,1209,0.006432005628363304,3,2227.2982569319342,2243.851550113496,3
1218,1220,-0.00015421265267281264,2,2283.236573419862,2285.167706024615,2
1221,1223,0.0029240811819110256,2,2295.1637684331304,2304.170177386243,2
1230,1233,0.0035243716514213952,3,2284.707462095334,2295.044327768629,3
1235,1236,-0.0019420738009173857,1,2295.371043760976,2293.2086348372645,1
1238,1241,-0.00491544835728408,3,2287.170375571834,2278.2150780819725,3
1244,1246,0.0010657573760659367,2,2290.2930227334746,2295.0242124385386,2
1247,1248,-0.0014552873101724997,1,2299.1904068429744,2298.1436146270685,1
1249,1250,-0.0011293821868752344,1,2296.2096493631707,2295.912560737212,1
1252,1255,-0.003702488080688047,3,2295.0041012764486,2288.801880047619,3
1256,1257,-0.0012983715220443082,1,2288.513926018483,2287.831098635157,1
1258,1261,0.013868028346856565,3,2295.241676791466,2329.367395104888,3
1270,1282,-0.005949493606504185,12,2375.9730018119863,2364.2131386302913,12
1285,1294,0.017875960018737695,9,2339.904784209708,2384.0727333641034,9
1295,1299,-0.00825965344064962,4,2387.3691512489836,2370.037678576018,4
1303,1304,-0.00986586498859153,1,2346.387449396142,2325.5846950588702,1
1308,1309,-0.0012352247690797518,1,2341.716513996044,2341.165684269789,1
1317,1318,-0.009200020471612638,1,2359.51100295979,2340.1629644325244,1
1320,1324,-0.0005985499453165513,4,2340.2397234490163,2341.1792128139673,4
1330,1340,0.02890157389479382,10,2360.533586989533,2431.117256472043,10
1344,1345,-0.0025414620882559086,1,2440.9129494198646,2437.150374647601,1
1348,1350,0.0005356248078282079,2,2418.1077821142235,2421.8210884124405,2
1351,1359,0.0204752258449939,8,2419.2653945182465,2471.219665244504,8
1362,1364,-0.003677237820511459,2,2459.972267347168,2453.3863365556167,2
1367,1368,0.0010930404432981013,1,2463.6659793802405,2468.822531913861,1
1369,1371,-0.001457589194431213,2,2468.1408222468785,2467.011427676284,2
1379,1380,-0.003705699676279972,1,2447.50381856805,2440.8816082784565,1
1383,1385,-0.004574051582952455,2,2445.620641454426,2436.8798671295344,2
1386,1387,-0.005093804354609266,1,2430.8002994106205,2420.849078559708,1
1395,1397,0.0007577611883654446,2,2447.524403254539,2451.826566658157,2
1409,1410,-0.005286498001589354,1,2466.0185209295933,2455.447937467746,1
1411,1417,0.0014437898865304406,6,2451.1851167596087,2457.17529815796,6
1419,1422,-0.0014299523455995014,3,2471.521266700824,2470.458630335007,3
1429,1430,0.0011480433523343558,1,2492.4799522835647,2497.833907275894,1
1432,1435,0.0030345313794191203,3,2515.2381687956176,2525.3859761143362,3
1439,1441,0.0017494714631133513,2,2521.6183072927656,2528.5514248695313,2
1443,1444,-0.0024852096116385323,1,2528.4105890825363,2524.6553693734622,1
1445,1446,-0.007970777533294851,1,2514.295720655805,2496.769124534198,1
1449,1451,-0.0053470341419633105,2,2506.9372781116645,2496.0395361719525,2
1452,1454,-0.0006684853305460559,2,2497.1153175445015,2497.9431479035857,2
1455,1456,-0.0037458570667435963,1,2491.9029488662627,2485.060539544479,1
1458,1460,-0.0058089938825965325,2,2452.5058372024882,2440.711751634349,2
1469,1474,0.00244282672215767,5,2422.162795999726,2430.50188279921,5
1475,1478,-0.01905530413245466,3,2424.608177709829,2380.831139659241,3
1479,1484,-0.009092074776904688,5,2387.104955053254,2367.7883232566433,5
1489,1490,-0.001398789110406113,1,2386.3060797048,2385.354446826118,1
1491,1496,-0.003405206358446668,5,2385.976397311689,2380.2376317097714,5
1498,1506,0.004045849162017369,8,2406.515889972833,2418.658806159634,8
1507,1513,-0.007400628441094548,6,2429.4532015317086,2413.9031742736765,6
1517,1518,0.00036543756858447955,1,2421.00033069863,2424.3060555037214,1
1526,1527,-0.00504908983845245,1,2451.4160378627716,2441.490034094042,1
1528,1529,-0.003313349922989203,1,2441.0821490648823,2435.4350718633327,1
1530,1539,0.012427464732120596,9,2427.206038021413,2459.7972614945356,9
1540,1543,0.005167510122401712,3,2464.8719117436362,2480.074034209739,3
1546,1549,-0.005714400760035801,3,2486.9691193846925,2475.2445502780797,3
1554,1555,-0.005177471503294835,1,2483.3743151098242,2473.0000896764386,1
1558,1560,-0.004372245044144247,2,2481.5584240593475,2473.190000962059,2
1564,1566,-0.004493051790455366,2,2468.5017471288584,2459.8791426813077,2
1568,1570,-0.002681631599474955,2,2466.809493881515,2462.6612290867192,2
1571,1572,-0.004422324242345263,1,2466.189124611448,2457.749025784082,1
1575,1577,-0.003631659198483946,2,2434.408038822138,2428.0015065139087,2
1582,1587,-0.002995755919137756,5,2414.3562722322526,2409.5378064110378,5
1590,1591,-0.0010049329143212095,1,2406.5918174651893,2406.5799459539476,1
1597,1598,-0.0076974892064263015,1,2366.0934667365973,2350.246581281733,1
1600,1606,-0.0015644525779744665,6,2354.479297174326,2353.1503052652483,6
1610,1611,0.0002041320527622812,1,2367.5081880320126,2370.358980526399,1
1617,1618,-0.0009561669551441297,1,2387.497740937091,2387.6023922326626,1
1631,1636,-0.019329187726298033,5,2324.610723611593,2282.0024972679507,5
1637,1644,-0.03771061621495737,7,2288.939057564803,2204.9106942831154,7
1646,1648,0.010128465160616319,2,2120.6773642414305,2144.277248406299,2
1649,1651,-0.00280290438237676,2,2166.1015059233155,2162.1962320256134,2
1652,1654,-8.309034256213986e-05,2,2169.536548321249,2171.525817334569,2
1660,1662,-0.0011737368240202477,2,2212.296418844692,2211.9120614910908,2
1665,1667,-0.018491847742142856,2,2185.3168388160175,2147.0916094031068,2
1674,1675,-0.0019045203025707404,1,2122.205490670901,2120.285912718362,1
1678,1679,-0.0037202274248639908,1,2074.7445597275714,2069.100782676613,1
1684,1689,0.011713922217133098,5,2110.219206348266,2137.0483691988784,5
1690,1691,-0.003271631451690951,1,2136.773558102437,2131.91959608271,1
1695,1701,0.002474670281834868,6,2148.7657561555575,2156.2320086710956,6
1704,1705,0.000994822540710815,1,2147.758039284647,2152.042435433405,1
1708,1710,0.0037682889811074876,2,2177.9443590588166,2188.329427147582,2
1712,1713,0.0013284995971491243,1,2199.6307098649904,2204.752549086788,1
1715,1717,-0.005135308549252847,2,2219.804529192975,2210.6249525457333,2
1722,1725,-0.004245521787714083,3,2238.469017730726,2231.204017762558,3
1728,1729,0.002645974927256687,1,2223.74389077475,2231.851605245155,1
1734,1736,-0.003936373396710571,2,2251.3669598031297,2244.7561057561306,2
1738,1740,-0.0018244167211859184,2,2249.8370386970905,2247.9822354224452,2
1748,1749,-0.004541793761241463,1,2254.9432560944083,2246.9567121380196,1
1751,1753,0.0006283938840425081,2,2244.297930699905,2247.952531724226,2
1758,1760,-0.003707823640257235,2,2267.227152324882,2261.0879010439835,2
1761,1765,-0.006547148794536448,4,2248.3606899572565,2235.888698666277,4
1768,1769,-0.0005272550259620748,1,2216.2808182011104,2217.3285538189716,1
1771,1772,0.0005985563372361829,1,2223.2426866125747,2226.7966652984733,1
1774,1775,0.0011806256154753007,1,2238.1049364255778,2242.985405380069,1
1776,1780,-0.014041108347823631,4,2244.8951483021283,2215.6192274436166,4
1784,1786,-0.019792975245986954,2,2186.6637506599473,2145.569832922498,2
1790,1793,0.0017831071792293123,3,2115.7556728397767,2121.6440476423522,3
1796,1797,0.0011133107852106775,1,2125.6726330911492,2130.164839992488,1
1800,1801,0.001784826758198686,1,2157.4788844218347,2163.4870893494212,1
1805,1815,0.013207236163503423,10,2168.484973624331,2199.2931517616203,10
1817,1818,-0.006000851769672611,1,2198.919981369594,2187.9235084893935,1
1819,1822,-0.014280459650506432,3,2188.7323156984417,2159.664944494049,3
1823,1829,-0.022939575100225,6,2157.5591320353888,2110.223201424922,6
1830,1832,0.0028220506335471258,2,2110.170781564848,2118.2359611374204,2
1839,1844,-0.008073931524186968,5,2096.7338564435954,2081.901704718669,5
1850,1851,-0.00027780006027064864,1,2145.5275373321188,2147.0770371902677,1
1852,1857,0.013712451766082049,5,2148.122414399525,2179.7265618090178,5
1858,1863,-0.0027334728942044117,5,2180.6924341348476,2176.9122629096782,5
1864,1865,0.001902663342090165,1,2176.7746743794264,2183.093118430738,1
1870,1871,-0.004970890122848231,1,2209.351915696166,2200.5788219962324,1
1876,1877,0.004950308575962693,1,2170.080573641695,2182.9932226895653,1
1879,1885,0.02420413407825963,6,2213.5221840327104,2269.312093944273,6
1887,1891,0.004654304210554711,4,2288.053304706015,2300.9906541407877,4
1899,1900,-0.0019469343862648153,1,2326.22717180607,2324.0243873068234,1
1902,1907,-0.00491812869176625,5,2334.7196777896947,2325.5719456329157,5
1909,1913,-0.013944808759777595,4,2334.987423916055,2304.761458256976,4
1915,1917,0.00038720615330174474,2,2311.566327255694,2314.772946288628,2
1919,1922,-0.00023592078420575137,3,2318.4960437618297,2320.2675584007693,3
1926,1927,0.0012835804424223569,1,2294.0767128667526,2299.3154215816717,1
1931,1935,0.004663277512088127,4,2305.776894473192,2318.8351489075544,4
1936,1939,-0.011883615016615234,3,2320.8710470190176,2295.611580040054,3
1940,1941,0.00013403275651609268,1,2290.8907381821796,2293.4886833208775,1
1944,1949,-0.00253943587693553,5,2294.628851694712,2291.096417716162,5
1950,1952,-0.008169099768112321,2,2292.584652645546,2276.148884543887,2
1953,1957,0.001260861310127421,4,2267.251963698021,2272.3779059430562,4
1958,1960,0.01948220566813942,2,2301.3489088039496,2348.4856104682203,2
1963,1968,0.013874510671555918,5,2375.926269471704,2411.267010121791,5
1970,1971,-0.003942376360664404,1,2430.2823638522837,2423.131558475145,1
1973,1975,0.0009787707920045343,2,2439.4363446947,2444.263430082536,2
1976,1982,-0.01184091415188164,6,2440.1363316231564,2413.6830231331423,6
1985,1988,0.005537319707908391,3,2412.80116377165,2428.5744163708387,3
1989,1991,-0.008623823141418945,2,2427.358592269635,2408.852839661368,2
1996,1997,-0.0036183316497738365,1,2386.8078184210576,2380.558363968158,1
673,674,0.0013718457576678113,1,1980.1617110787877,1984.8583492327061,1
675,684,0.0037673748364761856,9,1982.795333441683,1992.2480620202152,9
686,687,-0.0025659887246202613,1,1999.026526013423,1995.8960730134693,1
695,698,0.0004320851420978936,3,2017.2702915243501,2020.1591943364376,3
703,705,-0.0021051206119823357,2,2024.6296780761102,2022.392218087237,2
709,711,-0.006910667790507571,2,2008.9576908508855,1997.0834093350807,2
714,719,-4.961738659696468e-05,5,1997.8211727085093,1999.71986721574,5
723,725,0.0001548968841522684,2,2026.6764671643555,2029.0170695014683,2
729,734,0.0027378353502129724,5,2044.2912383081261,2051.932462364805,5
735,739,0.002071188673145321,4,2062.278406321151,2068.612052403517,4
743,744,-0.0019671895256115723,1,2065.575991583325,2063.578188119911,1
748,750,-0.0034830919322374775,2,2069.4543677017155,2064.3157222571417,2
751,757,-0.006816667575458885,6,2061.4552517038724,2049.464451783027,6
762,763,0.0015832273911532404,1,2068.0641859859675,2073.4064660378694,1
764,771,0.0018634870494189932,7,2082.1791067273325,2088.141399634017,7
773,776,-0.0037195559183402617,3,2086.4377753713293,2080.7635911710695,3
779,784,-0.0002790372275351229,5,2076.984240821996,2078.481669138625,5
785,790,-0.0019135816788865888,5,2076.634338979213,2074.737163893375,5
792,796,-0.004594911648159287,4,2077.9729735533942,2070.502844306207,4
797,802,-0.0021151301853424244,5,2074.850898731295,2072.5371698640347,5
803,806,0.0047263750873800595,3,2067.3599283728518,2079.198406763334,3
807,809,0.0020929196581653538,2,2083.676529855234,2090.121173955681,2
813,817,-0.003557042988087664,4,2086.6272533703773,2081.291657783394,4
822,826,-0.0075499901697927115,4,2080.0390981895566,2066.4148625436305,4
830,833,-0.0023073397632040653,3,2063.9696932866095,2061.271383636528,3
839,841,-0.0003939573139766601,2,2076.7119990650726,2077.970575183083,2
846,849,-0.0015927106492530604,3,2074.6217276881125,2073.39207729694,3
850,851,-0.0021051958243578674,1,2075.9335161493473,2073.6392030956545,1
856,863,-0.0027903325670152078,7,2072.4610014867108,2068.75060706188,7
870,877,0.02099676370825834,7,2083.9066741646193,2129.745876866281,7
878,880,0.009652423200985336,2,2137.201226870744,2159.9675988050362,2
884,892,-0.004829128189372577,8,2178.7083986947187,2170.365844948854,8
894,895,-0.0007757825595180211,1,2162.386203665624,2162.8710483655436,1
896,901,-0.004713685497673377,5,2167.0753217093684,2159.0274855147704,5
909,913,-0.0017089949982119733,4,2164.515127908746,2162.9804975095044,4
914,915,-0.007961963854990123,1,2160.3315675405943,2145.2914172525825,1
917,918,0.00100038491112488,1,2144.1691189729377,2148.458282525431,1
919,923,-6.554319038660757e-05,4,2154.0559384397,2156.0688106796633,4
928,930,-0.00583572212139497,2,2163.903612135596,2153.4395755698256,2
932,933,-0.0016649906755700876,1,2148.1158890810652,2146.6874120447824,1
935,938,-0.00427394490207907,3,2140.381842389984,2133.3743501685885,3
941,945,-0.005443000701946437,4,2130.733949194596,2121.267096762663,4
955,956,-0.00457464808112602,1,2122.2345283356567,2114.6482867512423,1
959,960,0.0005395681901492408,1,2136.762251051439,2140.0519422430693,1
961,962,-0.0037929722484969174,1,2144.8470401204095,2138.8565418600824,1
965,973,0.002436963335022883,8,2139.8801275226288,2147.234817062268,8
976,984,-0.011449687433972983,8,2138.9340554302003,2116.5828631090744,8
985,990,0.004418331728915186,5,2118.7336426356405,2130.2136443566533,5
992,997,-0.0009478337738839446,5,2137.2192090511408,2137.3306997116597,5
1000,1002,-0.003958355338682509,2,2147.210907619642,2140.858694767808,2
1004,1005,-0.00048180474971733494,1,2146.308027130159,2147.4202337554616,1
1006,1009,-0.0039016434976371626,3,2147.1255769949958,2140.895384025898,3
1011,1012,-0.004238786670953505,1,2147.5038004985295,2140.548493813653,1
1016,1023,0.004817503514109607,7,2134.9695946015095,2147.389787720621,7
1032,1035,-0.00216726125383631,3,2150.023104496772,2147.51346583204,3
1038,1042,-0.00518940361533982,4,2150.1795311501187,2141.1715612486887,4
1044,1045,-0.00428024647236797,1,2146.330322296035,2139.289829827787,1
1049,1050,-0.002576467017380032,1,2141.0019949528223,2137.6267759236343,1
1054,1058,-0.002984710684353144,4,2145.3652247505315,2141.1072954671295,4
1061,1063,-0.0018948274400399354,2,2145.846772115535,2143.9266095417247,2
1064,1068,-0.0004100259613150272,4,2140.879578566701,2142.1426419380064,4
1072,1074,-0.0021214112092685054,2,2159.0083801540454,2156.587243955636,2
1076,1078,-0.002524155339312482,2,2155.4726658143577,2152.1873906420146,2
1082,1086,0.010850703606298119,4,2164.991476355344,2190.648148651793,4
1090,1107,-0.014596474506439146,17,2187.706663521601,2157.9615656434626,17
1111,1121,-0.011707793345213133,10,2151.3795442002274,2128.3430166338126,10
1136,1138,-0.00046477648813065143,2,2141.134153545919,2142.2801388869634,2
1139,1140,-0.005165670101237035,1,2151.602128719035,2142.6392640616723,1
1143,1147,0.00016016608293317205,4,2145.0175017613383,2147.50607831418,4
1155,1159,0.0004993742423248027,4,2160.239129336422,2163.4781362442113,4
1160,1165,-0.0004022318154577973,5,2164.08026107837,2165.3738794072383,5
1166,1168,0.0009231906541494845,2,2164.570766468255,2168.733648736572,2
1169,1174,-0.0015574689200895102,5,2164.7939237674746,2163.5871184365756,5
1176,1178,-0.005200192147966192,2,2178.5030223992194,2169.3528911102176,2
1183,1187,0.01741663194115445,4,2170.319944796872,2210.2899284147425,4
1188,1195,-0.0013129688260234064,7,2210.1056397313914,2209.413945563937,7
1207,1208,0.0005551934959480479,1,2234.3047572772107,2237.779533503694,1
1214,1216,0.005911385993111134,2,2270.980887668327,2286.676513165981,2
1220,1221,0.003744122019605425,1,2286.199451299365,2297.0454604574843,1
1225,1227,-0.0120952695503122,2,2301.3283172281863,2275.794459224773,2
1231,1235,-0.000589559622801373,4,2294.3844915953487,2295.3261996315177,4
1236,1238,-0.005467444565801882,2,2295.9644040178573,2285.707310317853,2
1240,1241,-0.0005214492492680704,1,2277.201482816844,2278.291239296014,1
1252,1253,-0.0008631819213765668,1,2290.5457017328035,2290.859089794714,1
1254,1256,-0.0012952573979118512,2,2291.5444731793573,2290.867877721007,2
1262,1263,0.000586252069870294,1,2340.618940635135,2344.331752274495,1
1265,1269,0.006666072009000482,4,2356.5826416857694,2374.648373912093,4
1270,1273,0.004002192634590592,3,2374.1014828422626,2385.977195793507,3
1274,1277,-0.004467385472343048,3,2387.0473371368257,2378.7705238782423,3
1278,1284,-0.016242500819511292,6,2378.7572631639227,2342.499053630728,6
1288,1289,0.0002615908613766288,1,2350.1490531846007,2353.1139797529713,1
1291,1294,0.006132869370840839,3,2367.3670678852523,2384.2531879333083,3
1295,1300,-0.011298626270932529,5,2390.506467673671,2365.887534964853,5
1301,1306,-0.018734679956070085,5,2371.2908768152397,2329.2367920321726,5
1312,1313,0.00358364172221366,1,2358.80293176095,2369.614839293449,1
1314,1315,-0.002697377641720162,1,2375.0393930035934,2371.0080542397045,1
1318,1320,-0.0032538699414765074,2,2337.647950751773,2332.3791963018193,2
1325,1326,-0.0025738444630228866,1,2338.618355972383,2334.9377344217123,1
1328,1339,0.03649947949114377,11,2342.0743669675066,2429.900936658338,11
1340,1344,-0.003948148486185169,4,2438.7684753553976,2431.5786237666225,4
1347,1350,-0.0021447703630307798,3,2423.5054403178933,2420.7310831151735,3
1352,1355,0.004544610416863918,3,2417.1444986668375,2430.546623233211,3
1358,1359,0.0008296587103668342,1,2466.136509664477,2470.6486978103385,1
1361,1362,-0.005233970048565968,1,2469.9939416938487,2459.5360613245775,1
1365,1368,0.004471341017452094,3,2456.8956829271256,2470.3381970527257,3
1372,1373,-0.004199762154091078,1,2475.5891631581762,2467.6678666448247,1
1374,1382,-0.008529255805880348,8,2463.4890441131934,2444.9408049250815,8
1385,1389,-0.005073865275587655,4,2436.416235503243,2426.4906040045485,4
1393,1395,0.000680124074509626,2,2435.5653772630026,2439.6574292883843,2
1397,1399,0.003036928277179004,2,2453.5615120680923,2463.466363915958,2
1403,1406,-0.0019336267987732933,3,2462.0799779000613,2459.7813140519706,3
1410,1412,-0.005630410390175471,2,2456.967294502332,2445.5905276135472,2
1413,1417,0.0043572450232846425,4,2442.5643854685586,2455.6498013666624,4
1418,1419,-0.001270080061118177,1,2463.3920590773196,2462.726745999446,1
1424,1426,-0.0008343136484883486,2,2483.5450052234687,2483.956494734199,2
1427,1428,-0.0013449519020101114,1,2495.741957920279,2494.881046984968,1
1431,1434,0.011708790446685397,3,2501.3334319996075,2533.122354424179,3
1437,1440,0.0009071754162992241,3,2515.3600590671376,2520.1572919349314,3
1442,1443,-0.0008685390094597047,1,2530.112945886208,2530.445557040253,1
1446,1447,0.0009796788132834773,1,2502.778378387194,2507.7330757172313,1
1448,1449,-0.0018031444527663212,1,2508.68697759706,2506.6721395672757,1
1454,1460,-0.023862166137464797,6,2497.182500549988,2440.0914993468446,6
1461,1466,-0.014505862834829259,5,2442.452475867076,2409.465047747426,5
1467,1468,-0.0010813228673910305,1,2412.3718461685007,2412.175665172757,1
1469,1471,-0.00039793242769198354,2,2424.070199406755,2425.529653466816,2
1475,1476,-0.009815462195291697,1,2420.2072208985032,2398.8719756379005,1
1481,1489,-0.005088064869658825,8,2391.8681553921733,2382.090043213259,8
1490,1494,-0.007772909354240783,4,2388.7043391421785,2372.525861179087,4
1495,1500,0.015538937804360196,5,2365.1839921976966,2404.3016231405227,5
1501,1505,-0.0005089983952335344,4,2412.050921333042,2413.235242206195,4
1506,1509,0.0020385059085335894,3,2421.2340475933643,2428.5909815529194,3
1512,1513,-0.0037492463241967314,1,2419.389567622416,2412.73806974683,1
1516,1519,0.0008589333778677886,3,2426.6013065224356,2431.1121966859077,3
1521,1524,0.0015185772089337736,3,2441.3118887821174,2447.460521265103,3
1529,1531,-0.004997341267688692,2,2437.7589016042402,2428.014347346182,2
1533,1535,-0.0001778675706233761,2,2429.8812519462967,2431.878936123056,2
1536,1538,0.0013609368572419563,2,2450.0502089116785,2455.8346227519914,2
1548,1555,-0.003997689983479434,7,2484.495997143493,2477.048248378861,7
1557,1559,-0.0011531061765063463,2,2480.4467913467197,2480.067019622469,2
1562,1563,-0.0035648202242176737,1,2468.1638796055595,2461.8334829704636,1
1566,1572,-0.005159330367167562,6,2465.591258327201,2455.336049733418,6
1574,1577,-0.008808432699936171,3,2444.9232202806816,2425.8322018586086,3
1578,1579,-0.006606751133250716,1,2428.1869408285156,2414.5727009462807,1
1581,1585,-0.004750357111323126,4,2411.4096550308327,2402.3660076827746,4
1588,1596,-0.011750457425536244,8,2399.71207853145,2373.9140759976526,8
1599,1600,0.001360989897512746,1,2347.3719565067695,2352.9140779817867,1
1605,1606,-0.004703820612557042,1,2359.1831332305705,2350.4451421129143,1
1607,1618,0.014053520457032433,11,2351.0783974291066,2386.4704041808927,11
1619,1620,-0.0006269212411368308,1,2388.4199561784476,2389.3110249313427,1
1621,1622,-0.0017432578774017797,1,2388.7064359514943,2386.931011076173,1
1623,1626,-0.006487427893211591,3,2388.963029828442,2375.85376746271,3
1627,1629,-0.009298951929841776,2,2373.0944103964803,2353.4002139596237,2
1630,1631,-0.006763705954348441,1,2334.189059574136,2320.7354801928936,1
1639,1642,-0.00967331764827098,3,2283.5571726645358,2263.7511559380287,3
1646,1650,0.01565977717096311,4,2121.2416522181275,2156.581065469847,4
1655,1657,0.005380344149608398,2,2179.549528747503,2193.4558048320287,2
1659,1661,0.008157542687210858,2,2193.860570382655,2213.950942205723,2
1663,1665,-0.013019627526934436,2,2204.4171116062967,2177.9208390107883,2
1670,1671,0.0015902604408685873,1,2113.2462489806044,2118.7201071411528,1
1675,1676,-0.0045809958422977914,1,2118.513209806352,2110.9268228101823,1
1696,1699,0.002322807670435746,3,2156.213409300071,2163.3780917555896,3
1702,1705,-0.004037346256492057,3,2154.7398592075433,2148.195168162465,3
1707,1709,0.005284546137607156,2,2169.623444061507,2183.258542696946,2
1713,1714,0.0014331055358938814,1,2206.753141225016,2212.1224045092818,1
1716,1719,-0.0029035657747461924,3,2220.889853333084,2216.662243418798,3
1721,1726,0.0021151811347279456,5,2226.4308324695235,2233.366567796609,5
1730,1733,0.003915681448350274,3,2247.168952902292,2258.2153196353825,3
1734,1737,-0.0033363162831440813,3,2251.4329294697513,2246.1728700562244,3
1738,1739,0.00238025938490539,1,2247.8023484438595,2255.4005034275992,1
1740,1744,0.0025948667237612744,4,2255.9762873934296,2264.0862214785748,4
1745,1746,-0.002591026871809716,1,2263.271985134262,2259.6710585876995,1
1747,1748,-0.004027331716328334,1,2261.4021139257075,2254.556099582848,1
1750,1754,-0.002992162191349095,4,2253.980981925749,2249.4906862335365,4
1756,1757,-0.00192422724459518,1,2266.8071343284137,2264.7120894166246,1
1758,1760,-0.00475619137177026,2,2264.3338885049134,2255.828617090104,2
1761,1763,-0.005340689664826988,2,2251.748415138864,2241.97427406548,2
1766,1767,-0.004589435452720713,1,2235.959348006482,2227.933516251905,1
1769,1770,-0.0018113054429527743,1,2214.742873823884,2212.94604087561,1
1771,1773,0.003526749924312525,2,2219.774721948583,2229.823087003155,2
1775,1776,-0.003279174271961226,1,2243.358057618677,2238.2450536509555,1
1780,1781,-0.0034323732019594586,1,2216.6764915354815,2211.284707040057,1
1786,1788,-0.005251692139829368,2,2147.35919966536,2138.2292894347524,2
1792,1794,-0.000763157727141071,2,2117.910547108303,2118.412157855992,2
1796,1798,0.00407018441183628,2,2122.8604549061074,2133.623748893076,2
1799,1801,0.003667966732468727,2,2149.2996375627745,2159.3324967690246,2
1804,1806,0.0002897618961589306,2,2169.321890437056,2172.119799151845,2
1809,1810,0.002102688245478738,1,2196.4230938562555,2203.2379099716613,1
1811,1813,-0.006714974821578019,2,2206.2194047553135,2193.61091640626,2
1821,1823,-0.006789323827015183,2,2167.2215011554135,2154.674754080355,2
1838,1840,-0.011387552968457611,2,2110.407863407133,2088.485889940942,2
1844,1847,0.017953551513522008,3,2087.5083326250783,2127.074029342394,3
1850,1851,0.0010874540294297532,1,2144.6464368169572,2149.123287663193,1
1852,1853,-0.00016580755513046234,1,2145.908646820744,2147.698747601302,1
1855,1861,0.008049578933120347,6,2165.174430648698,2184.7683475628273,6
1864,1865,-0.0028813071879174213,1,2179.66811960322,2175.567494302536,1
1866,1869,0.008632808170851176,3,2190.7532771920623,2211.856383260917,3
1870,1876,-0.02123447458942381,6,2209.5313616301987,2164.8226554387575,6
1877,1882,0.03035222417604875,5,2186.056962185379,2254.594710125427,5
1885,1887,0.003307123649210389,2,2273.1485813577992,2282.9393133707345,2
1888,1890,-0.00046751936723336276,2,2289.218326127618,2290.4372905504556,2
1891,1893,0.005913917573223425,2,2300.2355954454815,2316.139234751386,2
1899,1901,0.002592715963118831,2,2327.89916197029,2336.2626424500318,2
1902,1903,-0.004431702322696195,1,2338.3112809521845,2330.286892698154,1
1904,1906,-0.004878199135762684,2,2329.8724100693,2320.8367009021317,2
1907,1912,0.0014857679918135825,5,2323.005153979073,2328.779605835652,5
1929,1937,0.0033467329340451397,8,2305.352000710224,2315.372750176278,8
1939,1940,-0.0029055661721440673,1,2296.810247583597,2292.433523671968,1
1942,1947,0.0037822865604425033,5,2290.544393730655,2301.49843340089,5
1949,1951,-0.007369660257667881,2,2294.4620504996687,2279.847106763874,2
1954,1957,0.002350660765508932,3,2271.069146320107,2278.6787286044396,3
1962,1963,0.0021330510524847127,1,2366.3646559549525,2373.7785972308548,1
1964,1967,0.002866427934611482,3,2380.508880868826,2389.712946904408,3
1969,1976,0.0014369703074835634,7,2425.0104266139138,2430.92010501891,7
1977,1979,-0.005829513139803672,2,2436.6661949787213,2424.898283572756,2
1980,1981,-0.004474437078125157,1,2422.456649218839,2414.0399760166424,1
1982,1983,-0.0018800419348933787,1,2418.6501354428647,2416.5216218978394,1
1985,1988,0.005553647624991164,3,2409.4494286392837,2425.240111164822,3
1990,1992,-0.011318722627307657,2,2421.0025654044302,2396.0209114520217,2
1994,1996,-0.005565785294743261,2,2392.151003295513,2381.228955421861,2
675,676,-0.0020151107938803205,1,1986.7107221536887,1984.6939906553127,1
681,685,0.0015814762669716207,4,1989.8133740581777,1994.9500300590116,4
689,690,0.0015455994411531322,1,2004.98926639377,2010.09316594982,1
691,695,-0.002312987804154773,4,2015.8780930343862,2013.2312696835693,4
697,700,-0.0004958020188558955,3,2021.138808265629,2022.1578623723685,3
702,704,0.0008190804392709467,2,2027.0003349408905,2030.6876116005772,2
710,712,-0.007848389634580497,2,2008.852541532943,1995.095136610108,2
714,724,0.01347723667296825,10,2000.07400558886,2029.0295503312216,10
726,727,1.8448494605218663e-06,1,2031.1294648972403,2033.164341490235,1
728,729,0.0007685749980492779,1,2038.318639417243,2041.9235588009742,1
732,734,-0.002325675401374523,2,2050.056423872744,2047.338714500186,2
735,737,0.0033552202176896657,2,2063.1996419197376,2072.1853307133565,2
743,746,-0.0006250864245126327,3,2065.7849327480385,2066.559423563363,3
752,754,-0.002965983369863474,2,2062.7470977765806,2058.6917712861177,2
756,758,-0.0016811946023657007,2,2050.6339312467367,2049.2370504813434,2
764,769,0.00467426016399955,5,2076.6516724933654,2088.4351343530975,5
770,771,-0.0017534220596152434,1,2091.405868554189,2089.8301572372116,1
777,784,-0.001992264324695345,7,2080.8346785306762,2078.7699405135813,7
786,787,-0.004309698860468774,1,2079.854524709161,2072.9708325587903,1
788,790,-0.004103081589754801,2,2082.000002810576,2075.539386931985,2
793,795,-0.003624101264615406,2,2076.055325234926,2070.6075458305654,2
804,805,-0.003226489715213746,1,2075.6951102850603,2071.073596470091,1
807,808,0.0022887893839205952,1,2082.1233462713662,2088.9710114285967,1
809,814,-0.0028193694493815493,5,2090.440535369258,2086.6372517234586,5
820,823,-0.0020820840859493224,3,2079.9306516914344,2077.679991833361,3
824,825,-0.003518846582271228,1,2073.7345751647813,2068.51115591759,1
831,834,0.0006880648505681085,3,2062.879630978523,2066.3619055745307,3
836,839,-0.000589507901662893,3,2072.201739580301,2073.052362020559,3
842,844,-0.002619309847945121,2,2077.7593863877037,2074.3948501516657,2
845,853,-0.0008534012003911871,8,2077.6848613100137,2077.989447416647,8
854,865,-0.004315828085750713,11,2074.892979381124,2068.012990965165,11
868,869,0.0003945754701640202,1,2069.747011689194,2072.633430101141,1
871,879,0.02307228714966522,8,2093.8430935260717,2144.2466857197746,8
883,889,-0.006779162823487074,6,2182.9946828373363,2170.378801122413,6
894,899,-0.0005061953086200174,5,2163.605722377515,2164.6741210335217,5
901,904,0.002811632003984138,3,2158.5040147862405,2166.731437769728,3
905,907,-0.004628344099677594,2,2171.9344204121544,2164.0538949729653,2
909,911,-0.00020583307623969814,2,2162.4872304129062,2164.204606244354,2
912,913,-0.004924396488705198,1,2166.299183828982,2157.797766918479,1
914,915,-0.0035274618729857904,1,2155.436495891281,2149.988712328274,1
916,919,0.0007931767814670929,3,2148.999742494688,2152.853278936308,3
923,935,-0.010705679474155808,12,2161.1378374289507,2140.162526279395,12
936,939,-0.0019901099197937185,3,2138.920319962842,2136.8025537363983,3
945,953,-0.002165514486176295,8,2122.107115702707,2119.6337691181375,8
955,956,-0.000995573462799817,1,2120.2318429820166,2120.2412282671426,1
957,959,0.0029669950461113214,2,2124.990772220035,2133.420600086464,2
961,962,-0.0011804177156668552,1,2140.86607730274,2140.4798271355244,1
964,965,-0.002082598180835854,1,2142.241284967643,2139.9220984496255,1
969,973,-0.004595562902054004,4,2151.2089925306445,2143.4741852825364,4
980,990,0.00019674893194712392,10,2128.886349165067,2131.434091629667,10
991,992,0.00040782310686001636,1,2134.1075856463804,2137.1120316179786,1
996,998,-0.002158181617795263,2,2139.60889969398,2137.1308439970835,2
1001,1005,-0.0022834284802916837,4,2149.5822958584695,2146.823460719234,4
1008,1010,-0.002780964525536846,2,2148.363660004207,2144.537500537787,2
1011,1014,-0.007942478335070287,3,2147.2285636699903,2132.3214758862673,3
1016,1017,-0.0018797863727144518,1,2134.9585349379213,2133.0802275125725,1
1018,1021,0.0016052371064728694,3,2139.0956775179498,2144.6685289513152,3
1023,1025,-0.0015684908129844515,2,2148.9402588841353,2147.7186060893073,2
1026,1033,-0.0011334924593203607,7,2146.7171880316946,2146.430617474799,7
1034,1035,-0.0008683720511112536,1,2149.6607240799713,2149.9436795118886,1
1036,1037,-0.0025137278457110896,1,2153.9102374367376,2150.6498035331674,1
1038,1042,-0.0031453966790827457,4,2147.460889224652,2142.8537337644493,4
1043,1044,-0.002765967201722461,1,2143.19660126638,2139.4117863617007,1
1045,1049,-0.0004669275901193773,4,2136.952455042638,2138.091605437648,4
1051,1053,-0.0011544006618484453,2,2143.35355989105,2143.0226246828274,2
1054,1055,-0.00204063312441126,1,2145.500677748605,2143.267998674893,1
1057,1070,0.0002758441417620432,13,2146.1530592167014,2148.8912160246277,13
1072,1077,-0.002454014204018253,5,2156.1543341347974,2153.01925510691,5
1078,1079,-0.0023216253593732125,1,2152.7077973194146,2149.862724103157,1
1080,1083,0.010495887237453056,3,2154.515983811195,2179.2840566123787,3
1084,1088,-0.004469249595010175,4,2190.123129535254,2182.5250457550915,4
1096,1101,-0.00460855105918789,5,2151.303322773479,2143.5402348894504,5
1109,1111,-0.004955891817624297,2,2157.342077430194,2148.8078655582713,2
1113,1114,-0.004682562660591225,1,2149.948117327285,2142.0307986682074,1
1118,1122,-0.0019346228068357857,4,2131.383624812292,2129.391585066426,4
1123,1126,-0.0019427978508040475,3,2128.1871158741787,2126.1806656352237,3
1127,1131,0.006016235232549749,4,2124.048857113703,2138.951683540641,4
1132,1134,0.0008951502698772947,2,2138.1611573872365,2142.2132940817,2
1136,1137,-0.0023321977110226516,1,2146.200978597336,2143.341814566254,1
1139,1145,-0.005163907011993675,6,2151.281207320671,2142.3234724167382,6
1146,1148,-0.003475875437344864,2,2148.2499056659663,2142.9311064912495,2
1154,1161,-0.0006310285105232804,7,2159.3495397450465,2160.146278161027,7
1162,1164,7.298450629080692e-05,2,2166.326679495389,2168.651114458052,2
1165,1168,-0.0036701482901479246,3,2172.601009789471,2166.799842918008,3
1170,1171,-0.0019556490318388335,1,2164.6156232761646,2162.5470104514775,1
1172,1173,-0.0024695795910087237,1,2165.6718144365454,2162.4891873372267,1
1175,1177,0.0014113626292662934,2,2170.8809597083064,2176.1157409271327,2
1180,1182,0.0013762389887415692,2,2161.3081009840703,2166.4438855603116,2
1183,1186,0.015004584701118037,3,2172.9832974127457,2207.760992650303,3
1187,1189,-0.006417708116247913,2,2215.4088131563635,2203.406374848519,2
1192,1193,-0.0016357253843063925,1,2216.9071398753517,2215.497795731883,1
1196,1197,-0.0008516089081065443,1,2217.2855666525115,2217.6145920787867,1
1198,1202,-0.0017060298371145421,4,2226.183301086426,2224.611549252973,4
1203,1206,-0.0011946955526878917,3,2228.590939011319,2228.157042266733,3
1207,1208,9.268059437766984e-05,1,2234.095646133404,2236.5367990919176,1
1212,1214,0.004794033238333393,2,2260.942187935753,2274.042162122603,2
1215,1217,0.0016916208271592036,2,2276.4511331829317,2282.578476465017,2
1226,1228,-0.008365945649628375,2,2295.83289206975,2278.921911766135,2
1229,1232,0.005995441187808434,3,2279.0814564160564,2295.0246367066397,3
1236,1238,-0.00645125132773221,2,2297.364566826129,2284.841055180933,2
1241,1244,0.004062999031376682,3,2279.348920687765,2290.8892620653764,3
1245,1247,-0.0013136458861466027,2,2295.3253186208067,2294.605399277253,2
1249,1250,-0.001950207602354613,1,2297.251222390779,2295.0683568147447,1
1251,1258,-0.002666106428771782,7,2301.0371399822993,2297.203367210532,7
1259,1260,0.004672408499482108,1,2304.0038309633915,2317.0730818769875,1
1261,1264,0.0040372014685265386,3,2336.930240691816,2348.701829132073,3
1273,1274,-0.0019938386682166265,1,2386.113385860014,2383.741974110397,1
1276,1277,-0.004031553745716867,1,2388.5787938645444,2381.3376888750645,1
1285,1288,0.0031106412535786155,3,2338.679463470857,2348.2929357522976,3
1293,1295,0.002883954614380578,2,2376.962318618247,2386.194332383853,2
1296,1299,-0.009452874464839028,3,2382.94050928035,2362.7978122982236,3
1301,1303,-0.008765280400594657,2,2368.218861795461,2349.8289782836423,2
1304,1306,-0.000240488543722273,2,2327.047506462307,2328.8149257027676,2
1308,1311,0.005483783623687929,3,2343.2248048109655,2358.417767427018,3
1313,1316,-0.00381070736735796,3,2369.459390673939,2362.7995337079165,3
1317,1320,-0.012173572752233443,3,2358.536618130523,2332.183337639035,3
1322,1324,0.002455751033058285,2,2342.3640509963325,2350.4586779853616,2
1326,1327,-0.0023352332356403544,1,2337.7707990683807,2334.649329800155,1
1328,1329,0.0035881125096571855,1,2341.0626982850504,2351.803757336944,1
1331,1335,0.019726073133660517,4,2371.475248402132,2420.6266178351802,4
1339,1340,0.00022033831559572972,1,2430.8412411225,2433.807689828172,1
1343,1345,-0.0020358914745490764,2,2437.9714225859248,2435.4459487740737,2
1347,1350,-0.0007251132288133416,3,2420.8177250784415,2421.4831758465198,3
1352,1354,-0.0002670659746577791,2,2419.579666315544,2421.3530585800127,2
1356,1357,0.00611282340706292,1,2435.034236944083,2452.3542054616187,1
1361,1365,-0.007055629075380196,4,2469.1432500700653,2454.1910344136622,4
1366,1368,0.00021981646401882907,2,2464.293790663325,2467.2997768013556,2
1369,1370,-0.0017953551720332902,1,2468.2795071612236,2466.316348289179,1
1373,1376,-0.004894186307243574,3,2479.6752234082087,2470.0189061068013,3
1377,1378,-0.004922291630548045,1,2461.842246660112,2452.1861834203073,1
1379,1385,-0.006096749899848809,6,2445.7809013569567,2433.3153677929135,6
1389,1391,0.0013826870458993595,2,2425.0564417035766,2430.8345922727985,2
1395,1396,0.0001212942473838444,1,2440.6323762327147,2443.369043276163,1
1399,1400,-0.0026781674619079697,1,2462.782013885701,2458.649053244226,1
1402,1403,-0.002021908999575003,1,2463.8565908448404,2461.338753620994,1
1404,1406,-0.0009678495622449323,2,2460.736567254943,2460.8156810127803,2
1411,1413,-0.002842917185702186,2,2453.227965089672,2448.706869112363,2
1415,1416,-0.0010114459447473894,1,2453.5144551435164,2453.486372352626,1
1424,1428,0.0018136061042093319,4,2487.1753772342913,2494.173309057917,4
1432,1438,0.00021274632054096637,6,2511.061644659396,2514.106925429608,6
1439,1442,0.002116658324801374,3,2518.557126718899,2526.406608754375,3
1443,1444,-0.0026367187469076648,1,2525.8331361650617,2521.6990577195397,1
1447,1451,-0.004200500958970789,4,2505.7180209335047,2497.6984680045966,4
1454,1455,-0.002975169907273325,1,2496.0532413904534,2491.123112141107,1
1456,1459,-0.0178237964116979,3,2482.5669016434977,2440.800701511828,3
1461,1468,-0.013495409784675585,7,2441.868155992253,2411.3560127429796,7
1470,1472,0.0006335974227336205,2,2431.7482831327306,2435.720780860793,2
1474,1475,-0.009734146765909012,1,2437.5630012978854,2416.2729682934,1
1478,1487,-0.003544895000367437,9,2383.074238124095,2377.0095644099883,9
1490,1493,-9.579193216836205e-06,3,2382.525369393216,2384.8850720917517,3
1495,1497,0.011275092367922984,2,2365.46304926039,2394.49932668297,2
1499,1500,-0.0019889242523415686,1,2404.754264581951,2402.376144768784,1
1504,1510,0.003958390742457722,6,2416.7437661706485,2428.7269260877215,6
1512,1513,-0.005908891751770941,1,2424.733416106798,2412.830662240228,1
1514,1515,-0.0008414307801460271,1,2424.225637558716,2424.6100451268135,1
1516,1522,0.008708171828844345,6,2426.2295041598745,2449.7837570824704,6
1523,1530,-0.008067372283818255,7,2448.6784315935197,2431.372709514092,7
1535,1536,0.006686545569979591,1,2432.5199957509926,2451.217671548219,1
1547,1548,-0.0034040096750398243,1,2483.3613803429093,2477.3913555579447,1
1549,1550,-0.0022600181550670876,1,2479.443587236434,2476.3194433020512,1
1553,1555,-0.0009776593956517638,2,2480.460886530628,2480.5163015258954,2
1559,1561,-0.0038738037645657387,2,2477.0519843763664,2469.9334230586405,2
1562,1564,-0.002950903979735085,2,2469.1375177725035,2464.320467562568,2
1566,1567,-0.0016261821072684319,1,2465.2460988016073,2463.7024058045245,1
1568,1574,-0.012841128164390609,6,2471.0546933051482,2441.794617980503,6
1575,1579,-0.008406538249999198,4,2436.809829544822,2418.7615043343244,4
1580,1583,-0.0033632074342485473,3,2415.952055463751,2410.242659605491,3
1584,1588,-0.003223968749134743,4,2408.7002400157767,2403.3433659559482,4
1589,1599,-0.023007884289885823,10,2399.9811275710304,2347.1626206175374,10
1601,1603,-0.0044562872413492095,2,2362.519185929159,2354.3536410093893,2
1613,1617,0.0007750850550467029,4,2378.3069761120396,2382.5286732816494,4
1618,1624,-0.0042782952723181104,6,2392.4217365357053,2384.5786716674293,6
1625,1629,-0.011778404622717079,4,2382.6054416974016,2356.9247561904995,4
1631,1632,-0.004741978392837788,1,2324.7578051793075,2316.0586117037456,1
1633,1635,-0.0025396723492598404,2,2293.2872772536725,2289.7563662439757,2
1637,1643,-0.023966148964984103,6,2291.4202273612436,2238.7951290782876,6
1644,1645,-0.025861237226479206,1,2207.6285388098177,2152.744161998521,1
1646,1647,0.0054748860126195885,1,2123.7980520266724,2137.5494023273686,1
1649,1650,-0.0023313141489561323,1,2160.702440250653,2157.8258665202634,1
1652,1654,-0.0003660284261625688,2,2173.8040831066614,2175.182213102443,2
1655,1657,0.0058549208601129344,2,2182.2545560357366,2197.2137383139825,2
1660,1662,-0.00043446016819186507,2,2211.6601428061354,2212.9109247113147,2
1664,1666,-0.014264180235987984,2,2193.1928296699243,2164.101924684906,2
1671,1674,-5.359447341230091e-05,3,2121.02537511455,2123.0327252515913,3
1675,1676,-0.006976676430195016,1,2119.636823889924,2106.9684404440077,1
1677,1680,-0.009793549331444822,3,2096.434686041917,2077.999584210055,3
1681,1684,0.011268776745154963,3,2086.602173207903,2112.202229426946,3
1685,1686,-0.003731112560771966,1,2114.6156655616887,2108.840412156268,1
1690,1691,-0.0049317662592465545,1,2139.4271471047305,2131.015419633628,1
1693,1694,-0.001081681759514111,1,2138.1764052905974,2138.0017552796617,1
1695,1696,0.0023199209890355146,1,2148.4614571704456,2155.5941794562395,1
1698,1700,-0.004117252868755635,2,2164.259350553951,2157.5128068847057,2
1701,1704,-0.00427376139669782,3,2160.7678122763828,2153.693974025325,3
1705,1709,0.01395914138993003,4,2148.9767681533854,2181.1236154718667,4
1712,1714,0.006000474761572313,2,2200.7134626066854,2216.119501659116,2
1715,1716,-0.004077080390327583,1,2222.177097762818,2215.339280191457,1
1718,1719,0.0020195405621823708,1,2212.205036626374,2218.8848794663313,1
1721,1724,0.0021702689104673534,3,2232.2822599675087,2239.3591950156715,3
1725,1737,0.0033510574655225963,12,2237.023060722532,2246.756476611435,12
1738,1739,-0.0017171618963062992,1,2253.025423312193,2251.4096393271843,1
1743,1744,-0.002598652518634043,1,2266.8724595636872,2263.2485181967836,1
1745,1753,-0.009229464722688221,8,2261.983351468053,2243.3684392738387,8
1757,1758,-0.002987063648578477,1,2264.0328159070955,2259.5340385994177,1
1759,1761,-0.008400971188189884,2,2265.9780599796295,2249.20762164465,2
1762,1763,-0.00425373936530987,1,2248.540166677736,2241.2240030229364,1
1765,1778,-0.005514559013999499,13,2238.2993534255857,2228.194418903549,13
1779,1785,-0.028399820340798902,6,2225.7037678242555,2164.7198844540317,6
1788,1789,-0.006406487962275277,1,2138.701117368212,2127.1382555222563,1
1790,1793,0.0025816717029437403,3,2114.641106198469,2122.2150564104218,3
1795,1798,0.0071470546399793914,3,2119.7043661046446,2136.973713395902,3
1799,1803,0.004997531227297754,4,2150.237288901475,2163.1334041877617,4
1804,1808,0.004694470774308127,4,2172.3111064146533,2184.6812685228365,4
1810,1818,-0.008739913153064337,8,2205.312192353847,2188.2432675096343,8
1819,1822,-0.013809012157697094,3,2187.600000883577,2159.5790058760813,3
1823,1839,-0.026192805209140795,16,2154.2934088202587,2100.020714608514,16
1841,1842,-0.00120678019455533,1,2081.211048633567,2080.7806954080197,1
1843,1846,0.016603705992774193,3,2081.6424526286905,2118.2870743468434,3
1850,1851,-0.0017120056545173274,1,2148.9735882817236,2147.4435069354586,1
1852,1855,0.00581126482475727,3,2146.907263532701,2161.5304174588173,3
1856,1857,-0.0008054400743452924,1,2179.832968439445,2180.257076579724,1
1861,1862,-0.005390190398473085,1,2184.029047080312,2174.4407437278337,1
1863,1869,0.015846491005404716,6,2174.6855184848346,2211.3213385115732,6
1874,1875,-0.0041433395730809605,1,2172.1575037074413,2165.329675067073,1
1877,1880,0.016361138996000366,3,2185.7588211865577,2223.7060838929115,3
1883,1885,0.004450722533303236,2,2261.165333211957,2273.4903180452197,2
1886,1887,0.002596274676102487,1,2281.3109871427555,2289.5152080741314,1
1894,1901,0.004819609776866664,7,2321.6941811257293,2335.205535281103,7
1904,1910,0.007651199734680662,6,2324.171659157098,2344.27853239815,6
1911,1913,-0.014127227367622175,2,2337.4192058051253,2306.7353724370746,2
1916,1921,0.0019754721056801593,5,2314.690914498087,2321.578212747447,5
1923,1925,-0.01003009345755683,2,2315.8423010270885,2294.9300286158505,2
1926,1933,0.004706430937959203,7,2291.819488409427,2304.8975980423043,7
1946,1947,-0.0025669913789091127,1,2303.253903930053,2299.644724919156,1
1948,1950,-0.007570256519007097,2,2301.1180690834476,2285.999133089047,2
1952,1955,-0.009533128024087404,3,2277.9083019880522,2258.4706188200566,3
1958,1963,0.03051130789608103,5,2302.3896186062093,2374.94092677485,5
1975,1976,-0.004038714204276223,1,2443.6491468141544,2436.2235954414627,1
1979,1984,-0.005961565576004651,5,2425.524270492182,2413.4898727679442,5
1985,1987,0.005543200760552246,2,2410.378309653216,2426.1498988421577,2
1988,1990,-0.006250847305710955,2,2430.8611975711315,2418.097116601308,2
672,677,0.005013055069902454,5,1975.3458490862795,1987.2237124589385,5
678,680,-0.004252806433514122,2,1994.4784371855617,1987.9907848935793,2
684,687,0.0022884853689655997,3,1991.551031341757,1998.1002177698726,3
688,692,0.004953478458704019,4,2004.5858660944948,2016.520124866911,4
697,700,-0.0004104295011905264,3,2017.3787037254463,2018.5680906940893,3
704,716,-0.01544588798628142,12,2026.2104273790676,1996.9400185085142,12
719,725,0.011552502577522602,6,2004.55084233906,2029.712971954296,6
727,728,-0.00011227913810953061,1,2034.5614359529693,2036.3675585844626,1
730,732,-0.0014943418126370034,2,2046.4203712500566,2045.4087400943156,2
734,740,0.005208273405791872,6,2050.2913711165174,2063.0201405099447,6
741,743,-0.00240983911373409,2,2064.3889678455944,2061.4785115327645,2
749,751,-0.005144308970479405,2,2069.685182298725,2061.107767431656,2
753,754,-0.003240545278119898,1,2060.968932366642,2056.351238156876,1
756,761,0.006658046165344497,5,2051.161032949641,2066.868918832525,5
762,764,0.001045844818657088,2,2070.4993878816053,2074.7353083263356,2
765,767,-9.485121026005965e-05,2,2081.30185266601,2083.185740519034,2
768,769,-0.0008403752999162047,1,2085.5428589174476,2085.875763070814,1
771,773,-0.004170689108488619,2,2092.6864212742666,2086.0511632308503,2
775,776,-0.002534686657047014,1,2081.1587280052604,2077.964801474194,1
780,788,-0.0012198319402252137,8,2078.302623878952,2077.8457465807696,8
790,793,-0.0009897102394391122,3,2078.561212576481,2078.5826004736696,3
796,798,0.0046637899095713755,2,2066.436067033998,2078.1399267792394,2
805,806,-0.002007278803036086,1,2074.788836006582,2072.698945191297,1
809,819,-0.007507785400886352,10,2092.4186200967806,2078.801608748372,10
820,823,0.0010381042805648684,3,2075.5368177544874,2079.766978227223,3
825,827,-0.0032747095406334198,2,2071.1861940743324,2066.4748470782433,2
832,835,0.002684592360729133,3,2060.5804286394664,2068.1728275454993,3
840,846,0.0023672507910445476,6,2072.1668044294356,2079.144309740827,6
848,849,-0.0004739753410859507,1,2075.076875842673,2076.1684174485085,1
850,851,-0.003367319150092783,1,2076.4332290629413,2071.5176489158916,1
858,859,-0.0027451173138803076,1,2072.089547035477,2068.473507691035,1
860,861,-0.0021702316923933513,1,2068.1103427223807,2065.6901744559605,1
866,867,-0.0007779778725649198,1,2067.865272964039,2068.3243848111915,1
869,873,0.0065432297606287295,4,2077.4011342046347,2093.071448264931,4
875,878,0.012344354937615064,3,2113.599946011916,2141.804573887623,3
879,884,0.011608219845893636,5,2148.322285889094,2175.4088055694165,5
887,888,-0.0026237549848831844,1,2175.351703930446,2171.819465757315,1
890,897,-0.0008088309254175208,7,2169.767374847301,2170.18216726841,7
899,902,-0.003712613868508283,3,2167.8243161142896,2161.9438458099085,3
905,907,-0.0044553474010833385,2,2171.5405787641257,2164.037151668946,2
910,911,-0.0014506886102870562,1,2161.2063751965966,2160.2323440988157,1
912,914,-0.0065524890672787545,2,2164.3081549243693,2152.2908575559295,2
916,917,-0.0012470847167339535,1,2144.0795264828034,2143.5497572003474,1
919,922,-0.0010138632151628865,3,2155.3894974930136,2155.35961686465,3
923,924,-0.004230084557289256,1,2159.2297656915584,2152.255270969759,1
926,929,-0.0013292476599365746,3,2154.181035893746,2153.471776828598,3
931,934,-0.005788346167198798,3,2156.781193037967,2146.4537780787973,3
935,940,-0.007106440986419856,5,2146.2420250435794,2133.1361247750765,5
942,945,-0.007025513185766306,3,2134.405073319577,2121.544187406523,3
946,961,0.01049098354023649,15,2117.658003107687,2141.9919763652474,15
962,968,0.0017287799343482426,6,2143.0966670591506,2148.94470624159,6
969,971,-0.00021202319033215193,2,2147.456290405644,2149.148436162259,2
972,974,-0.0015488850250709315,2,2147.0770599129323,2145.898561467073,2
975,978,-0.007237958541774914,3,2145.5334196823455,2132.1496711603745,3
980,985,-0.006631667461214932,5,2131.2461832514787,2119.243713469423,5
989,991,-0.0014998724041071637,2,2132.2637868530483,2131.1979270277234,2
992,993,-0.0025331364122532923,1,2139.9143619875013,2136.6335813600344,1
994,998,-0.005316029121379242,4,2143.3845252990245,2134.1336152695203,4
1000,1002,-0.006095472557517982,2,2151.1327394046502,2140.1717015634354,2
1003,1009,-0.0016747266716722487,6,2143.1494606368406,2141.703420534369,6
1010,1012,-0.0026078093174574093,2,2145.0980025089716,2141.6490939536784,2
1014,1021,0.005552660916240939,7,2133.4012689282713,2147.3807240418364,7
1024,1032,-0.0027143467335807195,8,2152.2243722353487,2148.534713412874,8
1033,1037,-0.001810401282928586,4,2149.4377919324775,2147.69588478832,4
1038,1043,-0.0043728737942913655,5,2149.7039993555795,2142.4533190706697,5
1045,1046,-0.0023023161728557614,1,2137.1359773192635,2134.3527505724087,1
1047,1059,-0.0011032023091445127,12,2140.7418666544136,2140.5209371504925,12
1061,1064,-0.006030924104686092,3,2146.982302034013,2136.180997018376,3
1065,1068,-0.0010209524889892771,3,2138.577025716755,2138.532217205171,3
1071,1072,0.0009521987625570026,1,2149.9419962221536,2154.139110326748,1
1074,1077,-0.006207547638531014,3,2161.5243676154346,2150.2681264992316,3
1078,1084,0.014040789877752854,6,2149.725482085671,2182.0590513565726,6
1086,1087,-0.002750903213163528,1,2189.341029889826,2185.5077056458813,1
1091,1092,-0.003925187079489115,1,2181.0443778585823,2174.664415024678,1
1095,1097,-0.004701901361761235,2,2150.3524098285816,2142.3920173143706,2
1099,1104,0.00034338026415659884,5,2142.5701852007787,2145.448471702148,5
1111,1112,-0.0036573999487033806,1,2149.2354048163784,2143.524026761868,1
1115,1118,-0.003528255332808141,3,2134.2596851373337,2128.863731706788,3
1119,1121,-0.0009400723325235943,2,2128.3657609326465,2128.493308928236,2
1129,1130,0.00018141509348604387,1,2131.0469546620807,2133.564605699246,1
1133,1135,-0.0002092690305288572,2,2140.0067382080056,2141.6989078107836,2
1145,1147,-0.0002739709437842865,2,2144.9247471913636,2146.4820248812207,2
1151,1158,0.005049182200347173,7,2146.3122687531013,2159.2957027256293,7
1159,1164,-0.001461697963907916,5,2163.684434542417,2162.6854658444495,5
1169,1171,-0.0017967558193576131,2,2165.6763457105944,2163.9508304793044,2
1174,1177,0.001272644981429117,3,2167.7363174222205,2172.6628124850718,3
1179,1181,-0.003914015209954769,2,2164.7711168193846,2158.462940858902,2
1182,1184,0.0038052232596242908,2,2166.6247027645436,2177.0358181811444,2
1185,1187,0.0054985599270090555,2,2194.8981657172862,2209.1618429808823,2
1189,1191,0.00121104652762656,2,2207.467093385524,2212.347905837204,2
1193,1194,-0.0033454358832122285,1,2216.653361294527,2211.4543429603036,1
1198,1200,-0.002771720344011361,2,2227.994113622735,2224.046731125292,2
1202,1209,0.006856253665319937,7,2226.93829894468,2244.4336911182054,7
1210,1215,0.009980874093420106,5,2250.182526161017,2274.891497168005,5
1217,1218,-0.0020014552856653703,1,2282.608708799438,2280.322778242905,1
1219,1221,0.00599778064293529,2,2279.835091384403,2295.7888772559772,2
1223,1228,-0.015812351121492627,5,2307.3971660639904,2273.2191890635136,5
1230,1232,0.0003843598881463578,2,2290.1378208081715,2293.308195745625,2
1234,1235,-0.00023550334576064968,1,2292.480322359968,2294.2329158963216,1
1241,1247,0.0037742238997285913,6,2284.854912074233,2295.7633210028703,6
1248,1250,-0.0017000307691559737,2,2297.9702552011295,2296.3616053158835,2
1251,1257,-0.0042739921580627295,6,2299.6008310914626,2292.0719560037946,6
1260,1263,0.007972248174683224,3,2320.8275622860906,2341.6506031455665,3
1264,1268,0.009908809436053698,4,2345.0214865222183,2370.6028790421406,4
1270,1272,0.003052562354745758,2,2372.9508003337965,2382.567331416893,2
1274,1275,-0.0032203493167320897,1,2386.885301996375,2381.5855828469694,1
1277,1283,-0.012367975067459847,6,2382.018107955299,2354.9393854938253,6
1284,1291,0.006933241859071939,7,2346.2186155493955,2364.831735280806,7
1292,1294,0.0015463649227113845,2,2378.3144045259355,2384.3704609007996,2
1297,1302,-0.008863377594225591,5,2381.7690456934547,2363.0402963449287,5
1307,1310,0.0022232719463022733,3,2339.192594747521,2346.732448615169,3
1311,1312,0.0016108119365655792,1,2353.8141038037716,2359.959469762439,1
1313,1316,-0.0022419501610298903,3,2365.0627101183586,2362.1254201046813,3
1317,1324,-0.01247406576935597,7,2365.49654224871,2338.354679345764,7
1325,1328,0.002650800135927868,3,2336.7428283476656,2345.2738093830258,3
1330,1333,0.016218465662348216,3,2359.0493637486798,2399.668574214171,3
1337,1343,0.0024190416717023086,6,2428.6285433479734,2436.932125542766,6
1345,1347,-0.00897088140990775,2,2437.9625564130847,2418.5298459941205,2
1349,1351,0.002237931006286126,2,2417.6076249503376,2425.435671640198,2
1352,1354,0.0007700031879270613,2,2417.411388967127,2421.69021483213,2
1357,1358,0.004233067090357728,1,2452.2802663505654,2465.113213508738,1
1359,1362,-0.004085143282889596,3,2471.0424734116323,2463.4189533230515,3
1363,1366,-0.0022518704147325083,3,2459.528312236975,2456.4493015086887,3
1368,1371,-0.0017022967157273592,3,2467.808348358141,2466.0752146600444,3
1372,1376,-0.004348762137881379,4,2473.4691974774387,2465.1861374797104,4
1380,1382,-0.0007658280917747213,2,2445.7072327228448,2446.279948652492,2
1383,1386,-0.007658019662946622,3,2447.171995967882,2430.8786767001156,3
1388,1389,-0.002542743203424447,1,2427.4440094362517,2423.6990866890005,1
1392,1396,0.002240652784374108,4,2437.3207779555532,2445.2192883210478,4
1397,1403,0.0012243254246578892,6,2457.0658270024996,2462.5311409915594,6
1410,1411,-0.005838024588498019,1,2460.391712089802,2448.4882764893746,1
1413,1415,0.002031562142992785,2,2448.425673409457,2455.8482279908967,2
1418,1420,-0.0013583361240391489,2,2463.1956564943816,2462.3130045100834,2
1422,1423,-0.00017473378943777367,1,2471.407971578381,2473.4475410698387,1
1425,1428,-0.0010039986910726014,3,2494.561247292047,2494.5512723122574,3
1429,1430,-0.00041925464989784483,1,2495.0269895628494,2496.4759648854174,1
1432,1436,0.004049258254635613,4,2514.4162210220647,2527.11215788165,4
1437,1438,-0.004574008249439563,1,2520.1652933735804,2511.158201825112,1
1443,1444,-0.003519618665423197,1,2527.876481471809,2521.507196705208,1
1445,1446,-0.006212275505294399,1,2515.982073356855,2502.868081624137,1
1451,1456,-0.0049874594103859,5,2491.6385031207124,2481.703195724164,5
1465,1466,0.001737032415422769,1,2405.221242747791,2411.8044112554553,1
1470,1472,0.001006694017998596,2,2429.070137684461,2433.9445381990513,2
1473,1477,-0.021012805091029395,4,2440.552881089302,2391.7105719657116,4
1480,1485,-0.009572370725784672,5,2391.5378946399574,2371.036745202341,5
1489,1491,-0.00290816859740548,2,2384.8392962311846,2380.2886207762576,2
1492,1497,-0.0007596264350080218,5,2397.188066824597,2397.764287466176,5
1498,1499,-0.0013466189442814793,1,2408.9620126278896,2408.1270207582584,1
1500,1501,0.0003058619566594406,1,2404.4256398170273,2407.565487787681,1
1504,1506,-0.0010890435131403456,2,2417.268168724657,2417.052926674711,2
1508,1511,-0.0029217999872754065,3,2429.781456881627,2425.11190290871,3
1513,1522,0.01057782325782252,9,2417.511350031366,2445.500869165809,9
1526,1528,-0.007363011770371801,2,2452.8648585929095,2437.2572506265515,2
1529,1530,0.00010264527998784991,1,2434.4926652979993,2437.177047144555,1
1536,1537,-0.0014586111272950598,1,2453.507755298175,2452.3825493406907,1
1540,1541,0.00017697875606339738,1,2473.2157668814602,2476.1266892982408,1
1544,1553,-0.002907339014227607,9,2482.217137553595,2477.4827079653546,9
1555,1561,-0.008637264878802828,6,2487.3581795837445,2468.3615663178066,6
1563,1564,-0.0027300954700404728,1,2467.4895245240077,2463.2205320752564,1
1566,1568,-0.0008811223390179794,2,2468.23286967334,2468.5262874236455,2
1569,1570,-0.0037439076685100384,1,2468.142847202434,2461.370491117017,1
1572,1573,-0.007025339168751281,1,2458.4681513650144,2443.655046917467,1
1575,1580,-0.011343799702423468,5,2436.9667891055924,2411.759292757626,5
1581,1587,-0.002986667892941441,6,2411.0794873405985,2406.289473135769,6
1588,1590,-0.0008960815611949521,2,2404.1618629092254,2404.4116996566536,2
1591,1593,-0.002694884414910759,2,2406.559937075283,2402.4810961443854,2
1596,1604,-0.006466800626630542,8,2373.535930532406,2360.5602828200413,8
1608,1609,0.005061630807222456,1,2354.6118818653467,2368.8846697875138,1
1610,1612,-4.099720970967397e-05,2,2369.63152841574,2371.9040116634505,2
1614,1615,-0.002833720178548065,1,2377.8252083429957,2373.464942277397,1
1621,1622,-0.001473626687810081,1,2388.3164984798505,2387.1853280472333,1
1624,1625,-0.0030644050660546267,1,2386.722899099132,2381.7957362549632,1
1627,1631,-0.019963921455497483,4,2368.824294077108,2323.9020962223553,4
1632,1639,-0.016887072427690948,7,2322.582342440467,2285.6833085468393,7
1640,1641,-0.0034061580690168238,1,2278.8302957886326,2273.347069884501,1
1644,1645,-0.02582939961943323,1,2202.652811791722,2147.962264904877,1
1646,1648,0.009073778178654433,2,2126.261686541766,2147.681175121759,2
1651,1654,0.0015966244699970994,3,2165.567329852753,2171.190494972875,3
1655,1658,0.0021469436417724135,3,2180.756595834732,2187.619313938247,3
1660,1668,-0.03641603029981219,8,2211.771133003685,2133.4389795409766,8
1670,1672,0.004469177367508805,2,2114.2807354170177,2125.8441117637203,2
1673,1674,-0.00011587248938165048,1,2124.637743091355,2126.51619377012,1
1676,1678,-0.021916278045562537,2,2112.547890832832,2068.3612517636057,2
1685,1688,0.006128912104181244,3,2114.8079281686205,2129.8842080057602,3
1689,1691,-0.003963167776373712,2,2138.387819027221,2132.0514171484897,2
1692,1697,0.011690572260885362,5,2136.867270512126,2163.985339020481,5
1702,1705,-0.0021346810448317904,3,2153.4588880509214,2151.0153990698254,3
1706,1707,0.0011402326939155506,1,2159.059427513056,2163.680317087926,1
1708,1709,0.00513657159151749,1,2171.595922800298,2184.9220766484095,1
1719,1721,0.002218030898865252,2,2220.583914248788,2227.7298218983638,2
1722,1729,-0.0034559138798876303,7,2231.1121491458994,2225.632729851226,7
1737,1738,-0.0017073770232006302,1,2247.3853478958963,2245.795599138517,1
1739,1742,0.0011826132343835723,3,2253.492574954124,2258.411077671804,3
1743,1745,-0.0028730273621078205,2,2267.24715358535,2263.0005376300237,2
1746,1749,-0.00616901624965085,3,2257.660333271108,2245.9904503222374,3
1752,1756,0.0027876537181096106,4,2249.298185333567,2257.8177479683827,4
1757,1759,0.0003004028939744981,2,2260.5810412729943,2263.5207074011296,2
1766,1767,-0.005662495940357476,1,2237.051081272356,2226.6208396875513,1
1768,1772,0.004554253384752301,4,2217.846704194167,2230.1651867577993,4
1776,1778,-0.008062824455056926,2,2243.913566425179,2228.065198813197,2
1780,1785,-0.025727668088199047,5,2216.6542016779026,2161.8415123124996,5
1786,1787,-0.0004031771851443081,1,2145.9010154879697,2147.181738172435,1
1789,1791,-0.014965678470053718,2,2134.578781062574,2104.7679401372548,2
1795,1797,0.004642471029425637,2,2117.432694530148,2129.380247165793,2
1798,1801,0.010170100766028811,3,2136.776100998505,2160.6441053611006,3
1804,1808,0.0062873348203172,4,2168.7772087367416,2184.581814407479,4
1816,1818,-0.0009263246353839861,2,2194.073527519299,2194.2351766864335,2
1821,1822,-0.004240076711527995,1,2165.155918149558,2158.1406468823347,1
1824,1825,-0.013751947801547423,1,2143.706481950294,2116.370048790625,1
1826,1827,7.661181020651112e-05,1,2096.7961751303083,2099.0536106560494,1
1828,1830,-0.004789667914268227,2,2115.6349568830224,2107.6174029686185,2
1831,1832,0.005406317022023622,1,2111.1543680898185,2124.679092254232,1
1834,1835,-0.005206698201756057,1,2132.1915420843134,2123.222055758428,1
1837,1838,-0.0068483294031085095,1,2116.984447140877,2104.6036247527395,1
1839,1840,-0.006058048129936728,1,2097.1588656822114,2086.5513352034673,1
1841,1842,7.31537044856886e-05,1,2082.903332040194,2085.1386074670586,1
1844,1845,0.002976715758340168,1,2089.8174920867955,2098.128102239632,1
1847,1848,0.0032054744818923054,1,2126.3597951577885,2135.3021470156464,1
1853,1856,0.013150042782606036,3,2148.983133307183,2179.3913365825783,3
1857,1858,0.0005244472202389303,1,2180.327209620032,2183.6510033739487,1
1859,1863,-0.0042311576313072705,4,2182.1742084188495,2175.123259572475,4
1867,1868,0.004301439218475475,1,2198.072112039122,2209.7250577389236,1
1869,1870,-0.003942125076369435,1,2216.788922983771,2210.2668527044425,1
1872,1880,0.017078225638157148,8,2184.5481296346234,2224.0408836395723,8
1889,1890,0.0011017173209153502,1,2285.440905004729,2290.2442557407057,1
1892,1901,0.011926744070905736,9,2310.5193755067694,2340.3868681448143,9
1902,1904,-0.007992548423540597,2,2340.465390729397,2324.0995731511007,2
1905,1906,-0.002504234073501122,1,2322.373796473943,2318.8804026778807,1
1908,1909,0.00024059319270511607,1,2330.8366375940527,2333.7282576599596,1
1914,1918,0.0008460600977393754,4,2307.1567060315047,2311.4158559657412,4
1921,1928,-0.00824086314915377,7,2322.3904738026213,2305.574362202918,7
1931,1932,-0.003791479020093476,1,2306.792673464195,2300.3533101125145,1
1933,1934,0.0008287633585318203,1,2308.0143191560264,2312.2351311738657,1
1936,1937,-0.005716080102025505,1,2321.568316199272,2310.6196140577517,1
1939,1943,-0.003817799116690235,4,2296.561908114932,2290.0906579988214,4
1944,1945,-0.0007034119594954686,1,2296.8283544141746,2297.5095662351855,1
1948,1949,-0.00569042407162383,1,2302.2336875253995,2291.435235218927,1
1951,1952,-0.003427615220582873,1,2281.44650730789,2275.9080330418037,1
1953,1954,-0.0012682371745597243,1,2269.289656928899,2268.680949083067,1
1955,1956,-0.001981704224258734,1,2261.0954213896493,2258.875694463019,1
1961,1962,0.0012913539889931624,1,2362.038053314762,2367.450318630378,1
1964,1971,0.016610797548108167,7,2381.454675597554,2423.393991759498,7
1972,1973,0.00019077200190511612,1,2436.785006336189,2439.686661696396,1
1975,1983,-0.010771708632812581,8,2443.409774871515,2419.5334864809042,8
1984,1991,-0.0029101510713152555,7,2411.601719311635,2406.995195703906,7
1992,1996,-0.007355937473211926,4,2398.6996974185313,2383.4537121247267,4
1997,1999,-0.003452952667283911,2,2379.6299078334196,2373.792788303851,2
678,680,-0.001864584655676553,2,1991.181592421445,1989.4600473699718,2
681,684,-0.0006179124033446073,3,1988.8092996031553,1989.5691989686466,3
689,692,0.00014045978505459284,3,2013.9427335253338,2016.2395542223223,3
693,695,-0.0003038861999827558,2,2013.9805785606422,2015.382538234345,2
697,698,-0.00023219158549788333,1,2019.6828744681836,2021.2336039738261,1
701,702,-0.002399418110445947,1,2022.4015260740014,2019.57134075182,1
708,710,-0.009579873840822317,2,2019.0793845314192,2001.7559381375345,2
711,714,-0.0028312658537152915,3,2001.0824111158097,1997.417897225863,3
715,717,-0.002066810721736927,2,2001.6030912810938,1999.4677596426534,2
726,729,0.005464008135097788,3,2029.7887733104935,2042.9093444537027,3
730,732,-0.002107821641072403,2,2046.1059061919523,2043.8391857891468,2
733,734,-0.0011435411742006822,1,2050.380437802787,2050.086123787187,1
735,738,0.0036366759362872593,3,2059.8611721373077,2069.412080866249,3
744,746,-0.0006641981812878777,2,2068.504596276884,2069.199203882328,2
750,751,-0.0029203764865996153,1,2063.6808344301303,2059.7177902798444,1
753,758,-0.007359505539707569,5,2062.8106737021844,2049.6922177954075,5
763,764,-0.0005556897112086966,1,2075.3742061236367,2076.2963162365095,1
765,769,0.001892025646098645,4,2079.4659598568774,2085.4798287429726,4
772,776,-0.005023498757531561,4,2090.8789998574302,2082.466350799355,4
785,788,-0.0013422909022201702,3,2078.665163979827,2077.9536558054347,3
790,793,-0.002521064637747981,3,2079.8367799591015,2076.673213780818,3
795,801,-0.002131572249894328,6,2077.018688347019,2074.668391636774,6
807,810,0.0003461295560438645,3,2084.385468315904,2087.191321200992,3
815,817,-0.006125497328172695,2,2088.0726756210347,2077.3702647011087,2
819,822,-0.0006747346909186701,3,2078.7697129448266,2079.4458646180165,3
823,828,-0.005385435565713715,5,2074.3789366718825,2065.281881506234,5
830,831,-0.002446436217880351,1,2062.149452961394,2059.1666853059487,1
833,836,0.0008912972917496978,3,2063.922802143803,2067.826293749878,3
838,843,-0.000274904341244871,5,2074.08920741617,2075.5931204963385,5
845,846,-0.0026637585430385885,1,2078.328380925385,2074.8705443263807,1
850,851,-0.003496073595664728,1,2078.1784362495337,2072.9911499277314,1
854,855,-0.0009780233878017846,1,2077.9583567896375,2078.0040232746087,1
865,868,-0.0025836347545263186,3,2072.3144947652327,2069.032705509014,3
871,872,-0.002410541161448469,1,2092.8863504778947,2089.934248134312,1
873,874,-0.0001415430972838723,1,2095.582558438449,2097.381525750952,1
875,883,0.03014539159438227,8,2113.798182589408,2179.6332547376487,8
884,886,-0.004289420313614466,2,2175.9842342768056,2168.8265075344707,2
887,891,-0.0053765435882781746,4,2175.4222759443446,2165.901445530763,4
892,895,-0.0019340535044574134,3,2167.6536388093937,2165.628934331614,3
896,898,-0.0020790278835032695,2,2168.656171598136,2166.3161311192503,2
899,910,-0.004381376269480156,11,2166.576637174617,2159.250626347665,11
913,915,-0.008337284499523194,2,2164.9151024808357,2149.0305044566194,2
917,918,0.0024246241934902883,1,2143.822100320617,2151.1638853519144,1
921,923,-0.0018601656418274787,2,2160.2162439584126,2158.358100166442,2
924,925,-0.002744880927596915,1,2156.5753559049263,2152.812388697482,1
926,929,-0.004744485876048433,3,2159.994055200728,2151.90598796868,3
931,939,-0.007785486280986802,8,2155.1328178736976,2140.509193704311,8
940,943,-0.005471340143398272,3,2137.9609487179155,2128.401398102895,3
945,947,-0.010925767079048819,2,2123.1386307361854,2102.0648512109674,2
948,950,0.0019450982873688142,2,2107.007114696601,2113.212457741568,2
951,954,0.0015916352106768146,3,2114.423425215958,2119.9032394150277,3
955,961,0.010353700879099828,6,2119.155647261628,2143.2159065968917,6
963,968,0.004313862806849684,5,2140.600098646905,2151.9749538954434,5
981,982,-0.002560483172671486,1,2129.658397821354,2126.335101728015,1
985,986,0.0008480042496848788,1,2121.663230178805,2125.5840728445755,1
987,995,0.005413549803136985,8,2125.830488862122,2139.464608575466,8
997,998,-0.003909316175290989,1,2141.667051502594,2135.4362649075697,1
999,1000,0.0023846534251022265,1,2140.9531178360126,2148.1995021392795,1
1002,1004,-0.00121002097731749,2,2142.4859053108576,2142.035938327135,2
1005,1008,-0.0015237177917824826,3,2142.6203470560517,2141.4982186592633,3
1009,1010,-0.004379232165365828,1,2146.23446411157,2138.9818395760276,1
1015,1016,0.0017945206080788407,1,2127.6446128676334,2133.59035958496,1
1018,1019,0.0025382664186998226,1,2135.1915568843947,2142.74643346761,1
1020,1022,-0.002072285257044471,2,2148.253478598228,2145.9499380647326,2
1023,1024,-0.0012963704267525901,1,2150.603164112893,2149.9657889353693,1
1025,1027,-0.006072307645912507,2,2150.800675077655,2139.8911523686247,2
1028,1029,0.0009959986260378497,1,2139.0001776720483,2143.2696190877764,1
1034,1040,-0.005698098539033414,6,2152.7863993892447,2142.672396751423,6
1041,1042,-0.0018157938313853367,1,2147.0918916060627,2145.340307285473,1
1044,1045,-0.00222833943971078,1,2140.322690965954,2137.6936481909324,1
1050,1053,-0.0008734457678098451,3,2140.953079442115,2141.2240261152388,3
1055,1056,-0.002751733143231752,1,2150.535047958557,2146.7678844393663,1
1058,1059,-0.002478896231953684,1,2142.9244640716674,2139.7553011563905,1
1061,1062,-0.0010031641165431679,1,2148.468339328871,2148.461541324656,1
1065,1069,0.002842803513075947,4,2138.1626893704,2146.3792284646406,4
1073,1080,-0.004926623409638322,7,2161.9321056896842,2153.4430124734345,7
1083,1084,-0.0012976369816684616,1,2183.909064453203,2183.2590523510207,1
1085,1088,-0.0017026452237031311,3,2183.37071123554,2181.836576233717,3
1092,1093,-0.005530440813367141,1,2177.6697399419736,2167.803936074106,1
1094,1106,-0.0014197003236353551,12,2155.474051118298,2154.569397961456,12
1109,1114,-0.009746899737678977,5,2157.12744575462,2138.259268265209,5
1117,1118,-0.0016000557387724427,1,2128.438498786695,2127.161317050874,1
1121,1128,-0.0013570632602342876,7,2131.376819501023,2130.615783145064,7
1129,1131,0.002431121298434129,2,2128.7065514521646,2136.0104018389684,2
1137,1139,-0.00045134070639008884,2,2143.4934018506688,2144.6694494263857,2
1142,1145,-0.002412435741035059,3,2147.1375870666366,2144.104893197744,3
1147,1153,0.004479422115208869,6,2146.0532472550667,2157.812378878492,6
1154,1156,-3.7636456502361916e-05,2,2156.9156100477094,2158.9913469972203,2
1160,1163,-0.0004791483680811119,3,2163.696242706834,2164.8232074258244,3
1166,1167,-0.004589134463271496,1,2169.883841234375,2162.0958363585046,1
1169,1170,-0.0007150583236475447,1,2162.104978648456,2162.721052465522,1
1174,1178,0.0009719689193802825,4,2166.970933665895,2171.2441329962844,4
1179,1181,-0.000716440415924381,2,2162.367184362574,2162.9803443019905,2
1182,1185,0.009993549294237337,3,2168.9978611006895,2192.8428460057953,3
1190,1194,-0.0016726624529978182,4,2212.2679887642403,2210.7798791522296,4
1195,1200,0.005427178707769361,5,2212.429010053362,2226.6486866792284,5
1202,1207,0.0005055844836429049,5,2225.1956579768744,2228.545878032594,5
1210,1211,0.0010752410752725796,1,2248.034281405101,2252.6994944844937,1
1212,1214,0.001449532795324047,2,2261.2908154755596,2266.829921487832,2
1217,1222,0.0019321304836940078,5,2288.472282068373,2295.1823814077143,5
1223,1227,-0.011992060251595923,4,2305.128089999864,2279.7899831469394,4
1228,1229,-0.0010034739325307485,1,2278.179148494314,2278.1712342536593,1
1230,1240,-0.004277736744354791,10,2285.743562404449,2278.2514967417837,10
1243,1245,0.0036113268381746007,2,2285.5670943344235,2296.1065912169765,2
1248,1249,-0.0019462766119226877,1,2297.1317127645307,2294.9579907502357,1
1250,1269,0.032281532763663974,19,2297.777554968582,2374.2511139478806,19
1272,1273,-0.0024037933743334535,1,2388.4948414004625,2385.141888167475,1
1275,1281,-0.007018118158277457,6,2387.4136585886054,2373.0459210985337,6
1283,1287,-0.004015656172481006,4,2353.0106980255223,2345.914826790108,4
1295,1296,-0.0025940779010113846,1,2385.290565902016,2381.488226923421,1
1297,1298,-0.0072872462970488446,1,2387.992150561769,2372.978255755768,1
1299,1300,-0.0026160781684367784,1,2372.9476360390563,2369.11276716961,1
1303,1311,3.457056547045306e-05,8,2348.7735277274073,2351.2034996841503,8
1312,1313,0.003911955924335809,1,2360.290914185736,2371.8845591248264,1
1316,1321,-0.012037388218317149,5,2365.6611234779084,2339.5504032651024,5
1322,1323,-0.0011886836324130332,1,2339.437902412803,2338.996488771571,1
1324,1328,-0.0014162301865413883,4,2341.8457019012944,2340.870955027941,4
1332,1333,0.0016031785468380152,1,2389.192867537649,2395.4123631546813,1
1334,1343,0.008099503269398713,9,2411.1805808723075,2433.1211264510657,9
1344,1345,-0.0002690308123313054,1,2437.1048938377266,2438.8863424222386,1
1346,1348,-0.005857421360065074,2,2425.792969334417,2414.0098707500765,2
1349,1354,-0.001375821621978194,5,2424.7264368230376,2423.8151722006974,5
1355,1356,0.0025490809905035377,1,2431.6332414018534,2440.2633047147892,1
1357,1358,0.0025582804263889684,1,2459.014550265191,2467.764413607605,1
1359,1364,-0.008687735579074662,5,2473.1563215194765,2454.143349673918,5
1366,1369,0.0022565180523932142,3,2459.4561937148883,2467.465457208791,3
1374,1379,-0.012932739211820182,5,2470.8952356053646,2441.410687139157,5
1381,1383,-0.0027809418780810643,2,2450.8166600321656,2446.4518980068156,2
1384,1385,-0.007867171266828028,1,2449.122687009128,2432.3041420639624,1
1388,1393,0.003665188402635065,5,2425.347481569957,2436.6621845133373,5
1394,1395,-0.002422124657678725,1,2441.855392569986,2438.3827698057266,1
1397,1399,0.004227809614091605,2,2453.068071949737,2465.892244800297,2
1401,1402,-0.0018027345497601895,1,2467.8094493627327,2465.8284534555046,1
1404,1405,-0.001796576770584936,1,2462.738757928208,2460.7769974416233,1
1406,1408,-0.0011197970509360833,2,2463.8168862100283,2463.521728213014,2
1410,1417,-0.0035995224118388906,7,2460.286579397161,2453.8910092944716,7
1418,1421,-0.002441245549678404,3,2466.7166352516388,2463.1614908787647,3
1427,1430,-0.0010949260487306766,3,2496.4482024343265,2496.2112244706086,3
1433,1441,0.00011057570792412049,8,2523.784549080496,2526.587402892739,8
1446,1448,0.0020752683924699176,2,2500.93688224792,2508.6279343934593,2
1451,1452,-0.0016839290603889688,1,2494.5735353323175,2492.8674239982265,1
1453,1456,-0.008081139609621793,3,2501.153772406584,2483.4427533590406,3
1458,1470,-0.013555623047542185,12,2455.107159163445,2424.2817591316666,12
1472,1474,-0.00298895719100295,2,2435.281904108909,2430.4382326536124,2
1477,1478,-0.006469663353895721,1,2396.989475414031,2383.878749920685,1
1480,1481,-0.004519089912428373,1,2392.6803544255076,2384.2602971265833,1
1482,1484,-0.003463768979201858,2,2372.590954634445,2366.745438640082,2
1492,1494,-0.009847785106179462,2,2392.2125329662044,2371.04675054621,2
1495,1497,0.012123051973101713,2,2367.0014129496703,2398.063695512214,2
1499,1500,-0.0006436742917889165,1,2406.0020698205913,2406.8593902120774,1
1506,1510,0.0023077075609100116,4,2423.6062253669265,2431.6228060032413,4
1512,1522,0.00883437621755143,10,2418.168976905374,2441.950160381873,10
1524,1525,-0.003968851203687283,1,2449.236933880754,2441.9655138614867,1
1526,1527,-0.005607968498050271,1,2454.5117563404324,2443.2014434891216,1
1529,1530,-0.0027015774893971983,1,2435.228973994599,2431.085243190922,1
1532,1536,0.00829079337449841,4,2427.028545251908,2449.577565979853,4
1538,1539,0.001552386874662136,1,2452.626577713619,2458.886629599023,1
1541,1542,-3.397272088830918e-05,1,2479.9314650629676,2482.327146508546,1
1543,1544,-0.0021304240111467585,1,2481.069883216529,2478.265222247208,1
1547,1549,-0.005455631769479835,2,2484.192435443736,2473.1237887068714,2
1550,1554,-0.0011916199681262583,4,2477.5829034594913,2477.1081491025,4
1557,1560,-0.0028181843680605734,3,2476.025337484464,2471.523466920928,3
1562,1563,-0.0006652089099274034,1,2467.5054199877623,2468.33151881708,1
1565,1568,0.0010324050850032654,3,2462.464511415031,2467.469236809671,3
1570,1571,-0.004439930168870707,1,2467.5097164890553,2459.021655373323,1
1577,1579,-0.005067681116711447,2,2428.216243478062,2418.3390341171744,2
1581,1583,-0.0036279916765759187,2,2412.2225435889095,2405.883242822309,2
1585,1586,-0.0022237425641442716,1,2411.3285496453764,2408.377704263039,1
1588,1590,0.0014089673245228146,2,2401.117895763151,2406.9021103163714,2
1591,1592,-0.001649834140806924,1,2408.398166232945,2406.8331068798702,1
1593,1597,-0.017265401091485465,4,2401.524503076737,2362.4627438031634,4
1599,1600,-0.0016353488045679535,1,2352.2223591916527,2350.7278775276623,1
1602,1604,-0.0015614642427805886,2,2356.9742112078748,2355.6508544671256,2
1607,1608,0.0006585052416027393,1,2347.8970857805316,2351.7910854040424,1
1611,1613,-0.0004989983465713203,2,2371.8103247349964,2372.998605629308,2
1615,1616,-0.0028426763343325917,1,2379.77288251143,2375.3877313397397,1
1618,1619,-0.00011297637076748094,1,2386.208063652542,2388.324686589267,1
1621,1623,-0.0012636963845618224,2,2389.4847044160147,2388.8546059384944,2
1624,1629,-0.01878382511603864,5,2390.278228883969,2347.769938882822,5
1632,1638,-0.01322636442403366,6,2320.469458319839,2292.0985530875805,6
1639,1640,-0.006140361033169303,1,2288.418551217502,2276.655253669242,1
1644,1646,-0.03613808493032306,2,2200.145379217831,2122.836484023817,2
1649,1653,0.0031545489797993173,4,2162.874410561857,2171.860178237691,4
1655,1656,0.0012985619461528355,1,2186.963050994444,2191.989921041102,1
1660,1661,0.0011452762807454258,1,2210.325117081677,2215.066875128088,1
1665,1668,-0.025241463401793562,3,2182.278573808042,2129.376947628556,3
1669,1670,-0.004090248743195115,1,2119.023537875896,2112.4752280511743,1
1671,1672,-0.0014025147083705084,1,2124.9431184690866,2124.087797609452,1
1674,1675,-0.007430760298236467,1,2127.553703594111,2113.871915704672,1
1689,1691,-0.005776608743458101,2,2138.684216855878,2128.468559126148,2
1692,1694,-0.001071616875962599,2,2137.90939691826,2137.7562865261616,2
1696,1697,0.003386334356901711,1,2155.5255710708593,2164.9804269404276,1
1699,1703,-0.007259547805198121,4,2161.6804971045804,2148.14935469339,4
1708,1709,4.9498078281149174e-05,1,2180.351597460578,2182.63987227209,1
1710,1711,-1.872076498093088e-05,1,2188.058738510562,2190.2058351156643,1
1712,1714,0.00559448217241541,2,2201.4884708413933,2216.006147315135,2
1716,1719,-1.0810008205077663e-05,3,2218.298440385222,2220.4927590012653,3
1722,1727,-0.0046899046223315725,5,2236.2696094063763,2228.017987837848,5
1731,1740,-0.0018141448574105251,9,2248.9497248567045,2247.1187540036376,9
1742,1744,-0.0007775028141555671,2,2262.3838097262437,2262.887183757208,2
1750,1752,-0.003404409474008868,2,2248.8381083701033,2243.430980716826,2
1755,1757,-0.002051927541666089,2,2260.450231696047,2258.0724018407604,2
1761,1762,0.0007063726853386266,1,2246.591209454651,2250.4247313295864,1
1764,1766,-0.0028995446553728944,2,2241.0515486964605,2236.794571204719,2
1769,1775,0.01002850399450908,6,2214.776803441348,2239.202478265047,6
1777,1782,-0.015974278976840693,5,2242.3512489006857,2208.7736557355797,5
1786,1788,-0.006099860371205558,2,2148.797752759331,2137.8391842542983,2
1790,1792,0.0012989372941684934,2,2111.1582837118085,2116.0117042241263,2
1793,1794,-0.00262670365665214,1,2123.2827894808884,2119.8288376031333,1
1798,1802,0.013440255990145117,4,2135.9224902288124,2166.7657577628247,4
1806,1809,0.009267845997547083,3,2173.298414123986,2195.613507546924,3
1810,1817,-0.00705302545341138,7,2205.140668371332,2191.792895777328,7
1819,1824,-0.026005318395518787,5,2192.6647139751317,2137.8364346675644,5
1825,1835,0.0031411879302612484,10,2118.2227315713963,2126.9946899809847,10
1841,1851,0.02772815587344673,10,2084.742436961752,2144.6332426467784,10
1853,1856,0.012565247117202288,3,2147.212777620171,2176.340249561803,3
1857,1859,-0.001894477868765473,2,2184.0418828950064,2182.0883057663,2
1863,1864,-0.0004246343480556018,1,2176.105310590364,2177.3573668410913,1
1865,1870,0.012674221807889557,5,2183.3649287365124,2213.2207450596225,5
1871,1873,-0.015406811586087293,2,2206.1524001470725,2174.3687781879594,2
1875,1877,0.005705275431979981,2,2166.1116919669385,2180.636067478009,2
1882,1883,-0.0003411484105237362,1,2256.8952304133145,2258.3821894231537,1
1885,1887,0.00692497078198621,2,2270.739375052122,2288.7349182529156,2
1890,1891,0.0009518534560293032,1,2294.608462654478,2299.087202112544,1
1893,1894,-0.004489495412251706,1,2320.894669204071,2312.795917903564,1
1895,1896,-0.004268287610258569,1,2318.2271338314035,2310.650500812137,1
1899,1902,0.0029924725574704252,3,2326.06432584904,2335.351073836903,3
1907,1909,0.0012522569630145767,2,2326.952030762963,2332.19292467685,2
1912,1914,-0.007016381914303072,2,2324.015766491458,2310.033600065384,2
1916,1926,-0.009147052883570646,10,2312.570674918192,2293.7300393326386,10
1929,1930,0.00111167915784122,1,2306.594861136942,2311.4656494307887,1
1936,1938,-0.01016562572740641,2,2324.889317495038,2303.5802521532332,2
1940,1946,0.0012406261566630743,6,2291.8957719042646,2297.031053519139,6
1948,1949,-0.0029326159691498545,1,2301.3897649946484,2296.9420623835817,1
1953,1954,-0.0030153680835759418,1,2269.9196784594715,2265.3449547872233,1
1956,1962,0.044877347403853185,6,2261.5971974886797,2365.3532778054487,6
1963,1965,0.0028603194737042825,2,2378.564681961053,2387.7467015222924,2
1966,1967,0.0028430785983413888,1,2383.6297596902946,2392.79023620613,1
1968,1971,0.0016117583860776811,3,2416.452776456752,2422.7639672602236,3
1972,1973,0.00014233512221321735,1,2434.487401421395,2437.2684018846244,1
1974,1977,-0.008895944085425194,3,2450.529577277697,2431.180332755832,3
1980,1982,-0.003808848146263345,2,2420.5942035725498,2413.795122030989,2
1983,1989,0.0038276911242844875,6,2415.8379751483917,2427.500894698725,6
1990,1992,-0.011656692282355535,2,2422.2648432924843,2396.451512231148,2
1994,1995,-0.0009526738329629248,1,2390.967752396162,2391.080907735392,1
1996,2000,-0.008311082896278198,4,2385.4087169944155,2367.9687961229647,4
673,677,0.0035722496814786413,4,1979.2978227607905,1988.34766660046,4
679,682,-0.0011244685133896396,3,1988.9611491574701,1988.7135861200447,3
683,684,-0.0015269741102886918,1,1994.4808613458347,1993.4298215684391,1
685,689,0.00456776005495296,4,1997.4373912578958,2008.558643377211,4
695,699,0.0018230832499665241,4,2015.3545317171129,2021.0440453383476,4
702,703,-0.0001674428557859038,1,2023.6947488698286,2025.3795903907087,1
706,707,-0.002233829127880959,1,2018.2117256629851,2015.7215972496313,1
708,712,-0.010974828301253837,4,2017.9734189469277,1997.844480576438,4
715,717,-0.00010077499705822741,2,1996.178866020701,1997.9738799673707,2
718,719,-0.003070838296160917,1,2004.2290409149791,2000.0786066627745,1
724,728,0.004216233076251587,4,2025.2073516742043,2035.7713052482752,4
729,733,-0.002940881406115885,4,2048.0402465187576,2044.0652432853124,4
738,740,-0.007146561018255906,2,2072.2883494973994,2059.550902709793,2
744,748,0.002931226211547208,4,2059.361227292964,2067.457042128742,4
752,757,-0.008488853270019704,5,2066.2905851561186,2050.8164381506613,5
759,763,0.008244092088016634,4,2052.2114631081813,2071.1822948572367,4
765,766,0.001803114445418798,1,2074.8987368773624,2080.7149154994845,1
768,770,0.0016036250315643987,2,2088.492285311843,2093.92993610411,2
773,778,-0.00334842917526038,5,2086.0962535618823,2081.1972042576162,5
780,781,-0.0009669576902132989,1,2076.7666255178797,2076.8352466840747,1
782,784,-0.0016467953323775456,2,2079.399606961739,2078.0546610018087,2
787,790,-0.000940380316300331,3,2076.786205705417,2076.910023042113,3
792,793,0.0002720010620478452,1,2074.407447295713,2077.0460957717933,1
796,797,-0.0027568993939085513,1,2074.6610391064573,2071.0160683842855,1
801,804,-0.0017791484666105596,3,2073.75082242989,2072.1350626564613,3
808,810,-0.0008987678313565317,2,2089.028511572076,2089.2399884586603,2
817,825,-0.010807307973116121,8,2083.212698519421,2062.7819900115346,8
827,829,-0.0032554518565278035,2,2068.05720601933,2063.392802554608,2
831,833,-0.0014976493914115982,2,2060.5425089993755,2059.5170812737942,2
837,840,0.000604364181704922,3,2071.246464055467,2074.5694976938807,3
844,846,-0.0014922081159584807,2,2077.2693640867187,2076.2469152466833,2
848,853,-0.0027153050391077595,5,2080.1180509920277,2076.550014017222,5
854,856,-0.0008938067985982485,2,2075.216931663376,2075.4373055929523,2
858,861,-0.0032209089540552404,3,2072.8587408446188,2068.2551103065853,3
862,864,2.5715946310853402e-05,2,2071.846529958233,2073.97165598232,2
866,867,-0.0002958312468597492,1,2065.6968325997077,2067.151431762685,1
868,870,0.005269373472926042,2,2069.4303033205497,2082.404334768257,2
873,876,0.011655511975208054,3,2096.608330071172,2123.1419818997088,3
877,881,0.01742458086194304,4,2129.884912505019,2169.1271493021004,4
884,891,-0.0063559276583634835,7,2180.5590829037787,2168.8801662009587,7
893,894,-0.0017327485723112955,1,2162.2776865624523,2160.693280674683,1
898,899,-0.004218410779564937,1,2169.7472279670465,2162.764090099626,1
902,905,-0.0003873754519302733,3,2168.056921081614,2169.385125973081,3
907,908,-0.0006235450497647642,1,2161.387832169634,2162.2014973184323,1
912,918,-0.008540092360628266,6,2165.953581689332,2149.622091634561,6
921,924,-0.0031027496340073402,3,2156.8262345345424,2152.2909689592575,3
928,930,-0.004149939184458181,2,2158.355541034045,2151.5568523413494,2
933,934,-0.002567296401216182,1,2151.168143631113,2147.796625541189,1
935,936,-0.007816648191944862,1,2147.645707686984,2133.0059624567416,1
937,939,-0.0016242231764934758,2,2136.5893791351996,2135.2556705260936,2
943,945,-0.007805468923456887,2,2129.6581145046184,2115.1647923887695,2
947,948,-0.001019370415707677,1,2107.6970729554023,2107.6562459869133,1
950,952,0.0011436882425945975,2,2112.5007063278426,2117.0292492544704,2
957,958,-9.126429946853675e-05,1,2131.2373928530496,2133.174124358243,1
961,966,-0.0030185979462703212,5,2144.40834696915,2140.079648683993,5
967,969,-0.0018562167724329925,2,2151.25186331563,2149.4099253885315,2
972,973,-0.0014600426722391731,1,2147.2067706320895,2146.218963891478,1
981,985,-0.005116833411615469,4,2129.426199715232,2120.659706788675,4
988,989,-0.0006243056154625283,1,2126.028314870314,2126.8270517695782,1
991,992,-0.0026036709491102346,1,2135.1866915877163,2131.7625547194903,1
993,1004,0.0012112425620104776,11,2138.7922704499574,2143.5216589496754,11
1009,1011,-0.00099105649679817,2,2140.357096381833,2140.3762386723774,2
1016,1022,0.004870373597572414,6,2135.469227617172,2148.005229789404,6
1023,1024,0.001210315348994111,1,2145.5271745235827,2150.269466169116,1
1027,1029,-0.000496356868854241,2,2140.354443789817,2141.4324186036492,2
1030,1032,-0.0027743396055376667,2,2148.090972067952,2144.279529179914,2
1034,1035,-0.002934006912350132,1,2156.0767686913773,2151.9069013171707,1
1042,1046,-0.0033257230309869587,4,2145.7266347690793,2140.7362689163947,4
1047,1048,0.00015601395630068424,1,2136.705720904597,2139.1757825384702,1
1050,1052,-0.0026390255018837088,2,2144.7467526931205,2141.231458070374,2
1055,1057,-0.00385385669668148,2,2146.636949047183,2140.5107548148007,2
1058,1060,0.00015754738244919998,2,2141.272967223616,2143.751592141935,2
1066,1067,-0.0017725581496578725,1,2139.5620417918467,2137.9091056997618,1
1070,1073,0.0011620939182129947,3,2151.895170642213,2156.5477701032905,3
1079,1084,0.013417578347761465,5,2152.2849565921874,2183.3156935805637,5
1088,1089,-0.0023045446671884962,1,2187.7617222206563,2184.9076893328543,1
1092,1097,-0.0176144477907102,5,2176.9939723893062,2140.8244196943533,5
1099,1102,0.003949750227988184,3,2136.598031608929,2147.1736582030044,3
1105,1107,-0.0009298566171429112,2,2152.714497041417,2152.865495718565,2
1108,1109,-0.003017564864512485,1,2158.4268125981266,2154.072046498407,1
1113,1116,-0.01038372527973367,3,2147.2947146266847,2127.145090930004,3
1117,1118,-0.0002128470103240997,1,2127.0794580590205,2128.75379501371,1
1121,1122,-0.0013178516995028234,1,2127.1989287897195,2126.522794995023,1
1123,1125,-0.004175333785551997,2,2130.3878209672544,2123.6231285430085,2
1126,1130,0.00225304409483431,4,2121.6598057941897,2128.5616586966757,4
1135,1137,-0.0017151619363307232,2,2146.0230992751817,2144.4883452400936,2
1138,1140,-0.002149214264186042,2,2151.597893398344,2149.1252464084578,2
1143,1148,-0.0004216292620241554,5,2147.988144701307,2149.2304781897215,5
1150,1152,0.0024499374886448014,2,2145.592183158338,2152.994342066359,2
1154,1156,-0.003424100318573876,2,2161.2658069924946,2156.0266818612413,2
1157,1158,0.0014790671208892233,1,2155.6609694528943,2161.004997686049,1
1159,1160,-0.0012765681064595895,1,2164.029890840904,2163.431389191672,1
1164,1165,-0.0019023837602397268,1,2169.563635992473,2167.6058570005466,1
1168,1170,-0.0012919364836914448,2,2161.0201055986477,2160.3892249878327,2
1173,1175,-0.002208504240994659,2,2168.1520322151578,2165.5318112891046,2
1180,1181,-0.004117616456865624,1,2162.4376620561698,2155.6960108139974,1
1186,1187,-0.0005820865472945982,1,2209.5769535983513,2210.500365532048,1
1188,1191,-0.002082405346446151,3,2214.864115030172,2212.4667342704115,3
1196,1201,0.002608297103863472,5,2218.0083630459394,2226.011596198663,5
1202,1209,0.006858572318394692,7,2226.3713414170056,2243.8674416111326,7
1215,1216,0.003671450601635152,1,2273.691220871918,2284.312657093593,1
1217,1219,-0.006645301215930988,2,2288.041620883996,2275.124936739519,2
1222,1224,0.002331405033517408,2,2298.175071994086,2305.8312239968313,2
1225,1226,-0.006662402547198176,1,2305.659795479339,2292.6042215804446,1
1232,1236,-0.002213709887284704,4,2295.078066231622,2292.2925072905464,4
1238,1240,-0.006859485636042229,2,2288.5071834973064,2275.0977085276245,2
1243,1245,0.0022709675113843364,2,2286.0898261734496,2293.5675517229693,2
1248,1251,-0.002036686589085953,3,2298.4221644829076,2296.0394210489303,3
1255,1256,-0.0025970006357175293,1,2292.405148746881,2288.74417626701,1
1259,1260,0.006657588618415473,1,2300.574039022075,2318.1908885991124,1
1263,1266,0.00466900931949932,3,2346.6327218692636,2359.9358046389825,3
1272,1274,-0.0023446296695774638,2,2388.8591708156046,2385.6470398980837,2
1275,1277,-0.0018243052055731497,2,2388.9366446648455,2386.967431752864,2
1280,1282,-0.006627088785391295,2,2378.3901200306113,2365.0067076589016,2
1283,1284,-0.00502366894161043,1,2353.631206704394,2344.1609739179726,1
1285,1291,0.009373129539516602,6,2338.9969391257514,2363.2596573678356,6
1292,1293,-0.0006722191225899056,1,2377.292272801752,2378.071503748791,1
1294,1304,-0.02579063000411789,10,2385.416245784178,2326.2802742291306,10
1309,1312,0.004713734657819119,3,2347.057708648026,2360.46817362183,3
1313,1314,0.0006562397348287778,1,2369.141218942324,2373.065084766557,1
1320,1323,0.0002992131842661017,3,2333.9908146814214,2337.0231663198115,3
1325,1326,-0.003741497850248083,1,2337.536315780457,2331.127964995868,1
1330,1333,0.013225817417414656,3,2364.6682960192493,2398.307635451168,3
1335,1337,0.0025148733580844114,2,2418.1992116808347,2426.6988756645123,2
1344,1346,-0.004375825819119298,2,2436.2586646918344,2428.0342797895146,2
1347,1352,-0.0009056286844492239,5,2420.7434376497035,2420.9718863925254,5
1357,1358,0.0033803360494324983,1,2455.305380400957,2466.060443071093,1
1364,1365,-0.0026398047180265513,1,2458.2521813639405,2454.221127838841,1
1366,1368,0.001982254447663743,2,2462.5225859261445,2469.866454860495,2
1377,1384,-0.008082611368716838,7,2461.7811199210046,2444.3452809737596,7
1385,1386,-0.004955364915278589,1,2437.1945264608985,2427.554532739226,1
1387,1388,-0.0010266652571343654,1,2420.04871716802,2419.984185946699,1
1390,1396,0.0048520157675947225,6,2431.95683056951,2446.1886802881127,6
1400,1401,0.00020717028263586676,1,2461.384173174677,2464.3554830026837,1
1404,1405,-0.005420251940992963,1,2465.2543868008474,2454.3573413125496,1
1412,1413,-0.0022127318797531383,1,2447.550264266892,2444.5820420341174,1
1416,1417,0.0007312547537334552,1,2453.292377454435,2457.539651545201,1
1425,1426,-0.0012566896622183622,1,2491.955532705909,2491.3158734819554,1
1427,1432,0.0076636520475919555,5,2494.249521013749,2515.858830983685,5
1433,1438,-0.008272447789501619,5,2527.9123418619647,2509.528231339337,5
1439,1441,0.002361884486794296,2,2516.2848883194943,2524.7443474498905,2
1445,1446,-0.0029680435435460047,1,2511.1554200013297,2506.2133567901556,1
1449,1451,-0.0073396699982242125,2,2508.176360239021,2492.2753498177585,2
1454,1458,-0.019600660360842393,4,2497.637236201554,2451.179534266376,4
1460,1461,-0.0013210352081078768,1,2441.1635418506853,2440.379842405002,1
1463,1466,-0.006344868636610175,3,2421.297080251562,2408.3555654274096,3
1470,1472,0.0013760387353200167,2,2428.0681199807427,2433.8373038858126,2
1473,1477,-0.02155898807506062,4,2437.694255323922,2387.5777281980736,4
1479,1481,-0.0011950297159570899,2,2384.9578572839687,2384.492719630493,2
1482,1489,0.0034299388554954856,7,2374.8142137538553,2385.3344955139464,7
1491,1496,-0.0027461051894796494,5,2385.158369262976,2380.993631856675,5
1500,1505,0.0010653900359788755,5,2406.9466668548644,2411.917950517719,5
1508,1509,-0.0005014806810642552,1,2424.7791517558812,2425.987951007184,1
1510,1511,-0.004855454646347788,1,2430.7506670937396,2421.37901814018,1
1516,1517,-0.004134575338488593,1,2424.7569410426386,2417.1563577334173,1
1519,1521,0.0009109292678019074,2,2435.766481079647,2440.421058537873,2
1527,1530,-0.010763672238640196,3,2449.203801108395,2425.290577948741,3
1535,1543,0.018674708957693145,8,2433.4721669949035,2481.350023637175,8
1546,1548,-0.00350556382257822,2,2482.1340739794887,2475.914928640937,2
1551,1554,-0.004406706305630115,3,2482.4553727619846,2473.998376390151,3
1557,1558,-0.0020187491887718786,1,2480.4921404849547,2477.9651411290806,1
1562,1567,-0.002764448699526371,5,2469.267156748841,2464.9102615253323,5
1568,1570,-0.00504986772001161,2,2471.072431042318,2461.064914570029,2
1575,1576,-0.0049527563519388175,1,2445.3577761159017,2435.6918726335966,1
1577,1582,-0.011431026361720095,5,2430.9697782593043,2405.6122684177367,5
1592,1597,-0.020690540521065788,5,2410.6126747351836,2363.1464081827157,5
1598,1599,-0.001998395138016839,1,2354.524613756753,2352.173867830037,1
1600,1604,0.0019546505612939797,4,2355.614419835574,2362.5744373033335,4
1608,1614,0.006406644669853448,6,2356.185578021754,2373.637007374394,6
1616,1619,0.0009463417449093261,3,2380.1472987924703,2384.7798788391433,3
1620,1622,-0.0015559130622865877,2,2389.7841048256532,2388.455592625736,2
1623,1625,-0.001805439822739366,2,2387.1276691557096,2385.2049814690085,2
1626,1628,-0.007330552105359098,2,2375.4295913435767,2360.3918105429643,2
1630,1632,-0.007574588349142117,2,2333.405188944162,2318.064010375102,2
1637,1638,-0.0005146256556163108,1,2290.573112905045,2291.6848983279842,1
1639,1640,-0.00367501196891251,1,2287.050200345086,2280.932313685659,1
1641,1643,-0.017498889535590385,2,2274.4389796044043,2236.9132621244703,2
1644,1645,-0.02508913575705175,1,2207.8312727250145,2154.6465254676773,1
1646,1649,0.019450889557159744,3,2120.647905547081,2164.0170416530464,3
1650,1655,0.007217392867440151,5,2161.3898910059797,2179.1508808800895,5
1658,1659,-0.0019713198588135004,1,2193.9511612266165,2191.82013289445,1
1661,1662,-0.0025051098220664914,1,2216.45005409702,2213.1140533504786,1
1663,1666,-0.018257097633093255,3,2205.603032781487,2167.5407259049302,3
1667,1669,-0.013706126081592308,2,2141.853558500759,2114.638897138141,2
1675,1677,-0.01262249830741069,2,2118.9137634839744,2094.2866918543327,2
1680,1681,0.0019932371623231624,1,2080.3575570324756,2086.584560583105,1
1685,1687,-0.0007087000873729012,2,2116.673004131475,2117.2895907926386,2
1688,1691,-0.0003096969507810528,3,2132.9636450808543,2134.436036388927,3
1695,1701,0.0036813716211469717,6,2148.1828130030194,2158.2392550608474,6
1703,1704,-0.002211002288336969,1,2149.5384353739814,2146.9353394098753,1
1705,1707,0.007254311167514065,2,2149.5531988730995,2167.2962798477233,2
1708,1709,0.00024239983691409198,1,2180.6772789444835,2183.3865520402064,1
1710,1714,0.011153289909234101,4,2185.676341704508,2212.239499932997,4
1715,1716,-0.0029407123768470933,1,2221.2329677807184,2216.9221934682855,1
1717,1718,-0.003257226611804314,1,2216.722832979287,2211.719187209692,1
1722,1723,-0.0005856284362955944,1,2238.0445854034438,2238.9719674379376,1
1725,1727,-0.002792635074690402,2,2237.4806056558896,2233.4696194432513,2
1728,1729,0.005913274169721076,1,2218.938223752245,2234.278352058718,1
1732,1734,-0.007042494923147878,2,2260.1378580355213,2246.4809865027273,2
1737,1739,0.0010471911811631403,2,2245.407128125063,2250.0039057958816,2
1744,1745,-0.0034853696521963055,1,2264.132291262962,2258.5050855776994,1
1747,1748,-0.004412276782570583,1,2260.0219506843764,2252.3101302539562,1
1752,1753,-0.0013356183576205285,1,2249.6664557138533,2248.9114263527927,1
1755,1756,0.0013122095823747339,1,2256.265531905067,2261.4824906883196,1
1757,1761,-0.006290743657312348,4,2260.6441730179067,2248.683684198072,4
1763,1764,-0.006460446075998705,1,2247.7949915489426,2235.5210282076896,1
1767,1768,-0.0076660077776222624,1,2229.8010109930756,2214.9371401112458,1
1770,1775,0.010148194480837692,5,2217.0490107244696,2241.7651042695747,5
1778,1782,-0.012983243182491461,4,2232.789813406812,2206.0337500973683,4
1783,1790,-0.04362195458611443,7,2205.5482420098083,2111.5434650013817,7
1801,1803,0.0006264589029448453,2,2165.061936281883,2168.5833205435756,2
1805,1807,0.004671892166091634,2,2170.5004372905673,2182.811281717334,2
1809,1810,0.002182656425724348,1,2195.8192152849265,2202.807753420182,1
1812,1813,-0.002528183527045257,1,2197.4168460643496,2194.0587898381423,1
1822,1823,-0.003752777494907421,1,2161.0430521726344,2155.0941814930875,1
1825,1826,-0.010815180613951286,1,2114.392288494974,2093.63914629465,1
1827,1828,0.005797435536566694,1,2097.855546254142,2112.1155840948336,1
1829,1830,-0.004874061915437017,1,2115.130586349726,2106.9364394989725,1
1835,1837,-0.0060284062287935146,2,2126.2929829659556,2115.6011180861697,2
1839,1843,-0.010420491156721948,4,2098.04736623066,2078.2827295707,4
1844,1846,0.014954051107035501,2,2084.3607957554477,2117.6147944164313,2
1847,1850,0.004828666858969798,3,2132.7441729646607,2145.175228244281,3
1851,1852,-0.002191042633363529,1,2149.0829928110534,2146.523343343979,1
1853,1854,4.907808837962993e-05,1,2147.7483424681013,2150.0014981935383,1
1858,1860,-0.0009823830393785888,2,2183.676758722097,2183.7152284695653,2
1863,1869,0.016162593571425705,6,2176.319585838982,2213.67087437227,6
1870,1872,-0.010648015278925074,2,2209.3785310459107,2188.0624132214507,2
1873,1874,-0.0034730125272242184,1,2178.9190609968273,2173.5305668631745,1
1875,1877,0.006121170722120034,2,2166.385180020885,2181.8123787376844,2
1880,1882,0.009366291173350121,2,2229.1433577738385,2252.2513068876615,2
1886,1891,0.003372411044328963,5,2286.2555742730924,2296.2520233962027,5
1895,1896,-0.003614303245316712,1,2315.411954259925,2309.3587652736583,1
1900,1902,0.0021168329599615264,2,2333.2293600641515,2340.5016462367494,2
1907,1908,0.0020465032764713184,1,2323.7507872160204,2330.830101602977,1
1909,1910,-0.0008131631050267119,1,2336.4349961247176,2336.8715283847005,1
1913,1919,0.0020419732155125088,6,2306.941931926187,2313.959587492849,6
1925,1928,0.005350345408972274,3,2289.973113568824,2304.5152338172456,3
1929,1930,-0.0021137872506886536,1,2309.480331935663,2306.9080621862367,1
1932,1937,0.003194079502028176,5,2303.0185157905753,2312.677558540444,5
1941,1944,-0.001045155098929238,3,2293.7977399796973,2293.694163315825,3
1947,1949,-0.005172707540585323,2,2298.9942927603333,2289.4012619391697,2
1952,1953,-0.005035417976652651,1,2276.5378741174814,2267.351092255737,1
1955,1956,5.488001285294851e-05,1,2255.5716641665254,2257.951021632612,1
1967,1973,0.018548715395766892,6,2392.2816049186395,2439.0476371597224,6
1975,1977,-0.00786430815582357,2,2446.27710983463,2429.485109918188,2
1979,1984,-0.006974827720076802,5,2424.8447596164,2410.356729929761,5
1988,1989,-0.0036479010864502253,1,2431.9694160669214,2425.529801607904,1
1990,1992,-0.009241438954421075,2,2415.262839081559,2395.3575978343865,2
1999,2000,-0.006703564920336204,1,2382.424539522952,2368.8362264939806,1
673,675,0.00023682279148076768,2,1982.6487195573743,1985.100904681223,2
679,680,-0.0017973113956836503,1,1990.333873749252,1988.7469578704965,1
684,685,-0.0019367329359680574,1,1992.9140498587537,1991.0472216296976,1
689,690,0.0013542416033356466,1,2009.8507654653774,2014.582439753932,1
691,694,-0.0005186177402416561,3,2014.961670904357,2015.9316377068235,3
698,699,-0.001101323154772307,1,2018.0086672588095,2017.804196254285,1
700,702,-0.0003329080969615599,2,2022.26567577678,2023.6147128348832,2
703,704,-0.0038944065089342307,1,2031.0443579108507,2025.1656899013794,1
708,709,-0.0044460390314225275,1,2015.528964179938,2008.5833727004112,1
712,716,-0.001506941900235645,4,1996.5621378462877,1995.5499968421893,4
717,718,0.0003512529429744644,1,1998.8692982585783,2001.5702762804715,1
719,721,0.00827002806654364,2,1999.3523921103895,2017.886444900164,2
723,725,-0.0029565824246619446,2,2028.4479496183878,2024.479124010823,2
728,729,0.0011974828636285,1,2036.7451465442675,2041.220859101377,1
730,733,-0.0013368769934468529,3,2046.928951261163,2046.239387990263,3
734,741,0.006810769947732493,7,2050.2271583787324,2066.241011053422,7
742,745,-0.0017738942514746163,3,2062.7435411986517,2061.1471958298516,3
746,747,-0.0024499525757238185,1,2072.397305304178,2069.3924274934293,1
750,752,-0.0016821469857502902,2,2063.638058468492,2062.230353987228,2
759,760,0.0020400469513232613,1,2055.051228598277,2061.29868082059,1
762,764,0.000899219057712159,2,2071.3193535604905,2075.2532427513806,2
767,768,-0.0035505635054238808,1,2087.4518926408405,2082.1277140241427,1
771,772,-0.0034987518290044133,1,2089.4469245696882,2084.225915245312,1
775,776,-0.000931616614250055,1,2081.1552241319005,2081.297540572398,1
777,779,-0.0010972830966385788,2,2080.3529643213433,2080.150581142873,2
785,787,-0.00021969832771393774,2,2075.118914570627,2076.738133329859,2
789,791,-0.0031382943248505018,2,2075.8050437615784,2071.366361617007,2
796,797,-0.000778207132580305,1,2070.5492602361546,2071.008493293716,1
799,802,-0.00397683502355968,3,2076.854521769912,2070.672068490669,3
804,805,-0.002062088304210157,1,2073.8502094245846,2071.647597372471,1
806,807,0.0019159924160571488,1,2075.115354972289,2081.166375609832,1
809,810,-0.0014687576476133165,1,2090.941690049282,2089.961545141358,1
812,814,-0.002389836656277856,2,2086.462164202717,2083.562322604971,2
815,816,-0.00583842206786212,1,2091.0699870189555,2080.952507848319,1
818,819,-0.0007550617481219635,1,2080.315592681957,2080.825141546583,1
822,825,-0.006089851587889766,3,2078.289745706225,2067.711559343947,3
830,832,3.297152195811271e-05,2,2057.4379811670065,2059.563256009747,2
833,840,0.006383446268801253,7,2060.719611823837,2075.9348243528034,7
841,847,-0.00043100635665650777,6,2076.663709246295,2077.8453176962184,6
850,852,-0.0017941775214183446,2,2075.814019982371,2074.165455149056,2
857,859,-0.005487050331309094,2,2073.9510249507393,2064.6451023171153,2
862,863,-0.0012993827103026222,1,2069.033869766638,2068.4144367989993,1
866,872,0.01107474272506151,6,2065.6440898958003,2090.586210842836,6
878,881,0.01377278105526325,3,2138.1711886885632,2169.7579235177313,3
883,885,-0.0051929272755615345,2,2183.4753054117455,2174.3201522481695,2
888,893,-0.006118323340258129,5,2174.0127802509287,2162.885479895751,5
896,899,-0.00023047041798767082,3,2165.062779308551,2166.7288591641427,3
904,908,-0.004998261636655584,4,2169.9037065174334,2161.227863772428,4
914,917,-0.004850772008825632,3,2153.8319823710995,2145.5380664616714,3
919,920,-0.0012984586920836841,1,2152.0997014566497,2151.457388594519,1
921,922,-0.0005797928854190515,1,2154.4308142107925,2155.3361213667963,1
923,928,-0.000696806361390596,5,2153.0331188160235,2153.685904761364,5
931,939,-0.008394910752239797,8,2152.6466105552418,2136.7279809890742,8
940,941,-0.0016659423186562046,1,2134.7388707651808,2133.317257811858,1
950,952,-0.0011757034491859863,2,2117.661762116619,2117.2896816408056,2
958,960,0.0005900785628665413,2,2133.771165422095,2137.164029210295,2
962,965,-0.0018568556939129617,3,2140.7548227046377,2138.9205047455316,3
976,977,-0.003290844009671503,1,2137.8246156140103,2132.9271928996027,1
978,981,-0.002571597400191407,3,2128.7789745662276,2125.433391064217,3
986,987,-0.002809511184963894,1,2126.6081873737917,2122.760066072703,1
992,993,-0.0028619736353555345,1,2138.79533300458,2134.812952483104,1
995,997,-0.004259539319079535,2,2143.8410659328315,2136.853131684566,2
1001,1004,-0.0014036994929835637,3,2144.7262748021203,2143.860449892394,3
1006,1016,-0.007793388065454594,10,2149.220760307619,2134.620269644518,10
1019,1022,0.0037112400171241183,3,2142.269757262532,2152.362504270422,3
1029,1031,0.0009004073855255351,2,2145.2174843622734,2149.294271513114,2
1034,1038,-0.002069345692031149,4,2149.219386184195,2146.9211276923493,4
1044,1045,-0.003143532921881517,1,2142.8700414727414,2138.276728991531,1
1046,1047,-0.0014577532568492875,1,2134.6039057077,2133.626783817779,1
1048,1055,0.0034124404388719554,7,2138.8533280381703,2148.2908909556218,7
1056,1058,-0.0024284186237098606,2,2146.038609584346,2142.9731680672153,2
1060,1062,3.855795061274915e-05,2,2144.3596056848432,2146.5866474023,2
1063,1065,-0.0061597972667634315,2,2148.648729498081,2137.562137656382,2
1066,1068,-0.0013342633562852303,2,2139.209917150232,2138.4948576635265,2
1080,1082,0.005704147702471624,2,2151.331428157174,2165.7542718085087,2
1083,1091,-0.0021328367808466746,8,2181.3346315745785,2178.863535472596,8
1096,1107,0.0028216908779196063,11,2147.454577978016,2155.6614855494213,11
1108,1110,-0.004744404384174349,2,2158.5672322037462,2150.4846835959474,2
1111,1116,-0.013476429368919858,5,2154.208673255694,2127.331840897905,5
1118,1126,-0.00567902231865265,8,2133.34096372356,2123.3590137410015,8
1128,1130,0.001194750380463795,2,2126.8123306333064,2131.480152805139,2
1132,1137,0.00014502419517389386,5,2138.898794975759,2141.3478858470344,5
1139,1140,-0.003598628088284512,1,2147.4946541034838,2141.9141141758896,1
1141,1146,-0.00010856796259405639,5,2144.5947033549965,2146.506463780818,5
1147,1148,-0.0006304818472301027,1,2147.8960473013303,2148.689733881071,1
1152,1154,-0.0008526488498809743,2,2155.025294424253,2155.342839879922,2
1156,1158,-0.0013571340664327999,2,2160.6313695339413,2159.8597344668774,2
1162,1163,-0.0010002203675809527,1,2166.184253783564,2166.1837764267802,1
1167,1168,0.0013305682665638902,1,2163.098616115807,2168.139865107975,1
1179,1183,0.002080112834443147,4,2164.3416076105605,2171.008023974281,4
1186,1187,0.002084032873685168,1,2205.2095948291576,2212.0105337129767,1
1188,1190,-0.0028777914954063832,2,2210.945672166727,2206.793977186727,2
1191,1195,0.0006579222391460424,4,2211.206124728768,2214.8721325382917,4
1197,1198,-0.0013944370716226313,1,2221.360997100174,2220.484809973461,1
1205,1210,0.008882367357472633,5,2225.001262088047,2246.9895419308414,5
1211,1214,0.0030865593308891303,3,2259.6833344538404,2268.9176644691074,3
1216,1219,-0.005848092157212959,3,2288.3759890642305,2277.2817313788937,3
1222,1224,-0.0006823683019860488,2,2301.1805478712204,2301.9114757560774,2
1225,1228,-0.010114822607299137,3,2300.4409157923174,2279.4728049262976,3
1230,1236,0.0020056592013621755,6,2285.154251811434,2292.0226467149228,6
1237,1239,-0.0062282774508856595,2,2292.107590286639,2280.1238158573397,2
1241,1245,0.0018233850817335664,4,2283.965896488076,2290.4144117274086,4
1247,1248,-0.00349817440967893,1,2303.514202119688,2297.7596218876206,1
1257,1259,0.0037902298880422213,2,2291.3151942478903,2302.291120774302,2
1267,1268,-0.000218436024047223,1,2372.820339877265,2374.674850776321,1
1278,1280,-0.0025915641456227953,2,2383.214374834019,2379.4213362837004,2
1281,1282,-0.007228681562336436,1,2377.5699516111563,2362.7608254903907,1
1285,1288,0.0021957401354190135,3,2337.8869992195973,2345.3582785350777,3
1290,1291,0.0007202245042104115,1,2359.475888366859,2363.5347166071215,1
1296,1299,-0.005907932769959153,3,2381.2995243813225,2369.6122664105233,3
1301,1308,-0.01667220249351773,7,2373.0409296393213,2335.8501516646083,7
1312,1313,0.004514227590354563,1,2358.3119443374367,2371.316213127565,1
1317,1324,-0.010042317205948323,7,2364.1546893701443,2342.7772527449292,7
1325,1327,-0.0006905529587143152,2,2334.5832770469788,2335.305706934696,2
1334,1335,0.0020192240802766118,1,2411.0565074186643,2418.3360272847704,1
1339,1341,0.0025893901240217404,2,2426.9570720405563,2435.6683677863634,2
1342,1343,-0.002873153643689577,1,2437.805661751304,2433.2392771933874,1
1346,1349,-0.004560946675824745,3,2426.142164941242,2417.502802063916,3
1351,1354,-0.002042735251745287,3,2424.544392176997,2422.0162342698527,3
1360,1366,-0.0054987489410736915,6,2469.0330610645137,2457.925501195574,6
1367,1368,-0.002455738306258969,1,2469.479523580569,2465.8846076415707,1
1369,1372,-0.0015282961683314514,3,2471.042781135776,2469.7373387027187,3
1382,1385,-0.007974574530715914,3,2447.1272517506914,2430.05958034721,3
1386,1390,-0.003438898979260154,4,2430.80385466663,2424.8753696267017,4
1391,1392,0.0009462719440661137,1,2433.4538828197765,2438.1900458390874,1
1393,1396,5.333185753412617e-05,3,2439.7267635661383,2442.296605489881,3
1400,1402,-0.0008277079326679433,2,2461.9268758774715,2462.351046348537,2
1403,1407,-3.9478062158320283e-05,4,2463.4003013351285,2465.7664513662467,4
1412,1416,0.0014857925917740162,4,2449.127754530197,2455.215778158716,4
1420,1425,0.00721278408616259,5,2466.389831599054,2486.645758758284,5
1428,1431,-0.00021292068148747497,3,2495.757413275789,2497.7217723198028,3
1432,1433,0.0025153094072730285,1,2511.768443755784,2520.5980869950104,1
1437,1438,-0.005496059426629657,1,2522.7429433334705,2511.4005411421326,1
1441,1443,-0.002673451433609271,2,2528.190773686693,2523.959969212029,2
1444,1445,-0.007418306573254288,1,2527.941489726797,2511.7163862464813,1
1448,1450,-0.0064162608663025375,2,2509.205393654409,2495.6148826752433,2
1454,1455,-0.0032016627042113833,1,2497.3668552043127,2491.8684957404757,1
1456,1457,-0.006182708114910647,1,2486.1746759041157,2473.289558236222,1
1459,1461,-0.0012684519211966718,2,2440.121242949159,2439.4661877135363,2
1465,1466,-0.000551429045512917,1,2407.2272099938864,2408.3070222011406,1
1472,1476,-0.015696170446760145,4,2435.3707901335197,2399.5801659006565,4
1478,1479,0.002937488604950882,1,2379.559075919262,2388.9285626655014,1
1481,1483,-0.011446100612962029,2,2389.3413070216675,2364.382007329813,2
1488,1491,-0.0020918136391089603,3,2384.642776869787,2382.039191361598,3
1492,1494,-0.010357895952046347,2,2392.8431541008604,2370.451176835218,2
1495,1498,0.016066673332067054,3,2368.2260432725466,2408.643783529573,3
1500,1501,-0.0009566818548741637,1,2408.518861084152,2408.6231936537147,1
1503,1504,-0.0015440496202542857,1,2422.6353219937864,2421.317288166841,1
1515,1518,-0.0010840827422004507,3,2423.582578471092,2423.378797001945,3
1520,1521,0.0019881124665750596,1,2434.6057506953002,2441.880626490148,1
1523,1524,-0.003518069692977136,1,2453.2368095287225,2447.0593882689523,1
1527,1528,-0.006727707456929394,1,2447.082895474875,2433.066720526739,1
1533,1535,0.0009172233942907402,2,2429.9256652760655,2434.5843756079203,2
1537,1538,-0.0006701104373990983,1,2450.5970910812607,2451.4055174837486,1
1541,1542,-0.00047490160858899594,1,2477.478958311747,2478.7798785275113,1
1545,1550,-0.0027890368936004523,5,2485.5745652054698,2481.1277806065223,5
1551,1554,-0.004651379618423936,3,2484.3999320799194,2475.328444803909,3
1557,1560,-0.004045215923906753,3,2477.8912075763733,2470.345493813353,3
1562,1567,-0.0033069921204812026,5,2469.809790541781,2464.1119588159136,5
1571,1573,-0.007704146353389135,2,2463.0478034184007,2446.53517046889,2
1575,1578,-0.011011677216327231,3,2442.96026196933,2418.502132374179,3
1581,1582,-0.003573606926732147,1,2415.658960009184,2409.4420033770816,1
1583,1586,-0.0005603326850209387,3,2409.0381941647993,2410.0973695193097,3
1590,1591,-0.0018483236447910563,1,2408.7306291177174,2406.6872459711044,1
1596,1599,-0.008287708672224763,3,2371.4792695023466,2354.196619463993,3
1601,1602,-0.001632061657786804,1,2357.7904992170893,2356.30023024544,1
1608,1612,0.005578026131238875,4,2361.4770944202855,2377.0109524557042,4
1614,1615,-0.0011072983282608493,1,2378.7464521209777,2378.4912166033087,1
1620,1621,-0.004080235275825224,1,2393.616447375818,2386.2435455578157,1
1622,1623,0.00033457631926465383,1,2387.7364372836305,2390.9230537894746,1
1626,1636,-0.038773093631136915,10,2373.017200332019,2283.3809994355793,10
1644,1646,-0.03988226351493666,2,2203.484774951926,2117.808299281094,2
1647,1648,0.00016097848826821903,1,2145.7613978471536,2148.2525806710105,1
1649,1654,0.004691145068248813,5,2165.3077258943867,2177.6308062798516,5
1661,1663,-0.004069051368205795,2,2213.1850592565515,2206.3926806223476,2
1664,1666,-0.01497548241363109,2,2195.841759319123,2165.153811428642,2
1672,1674,-0.0028190730027115515,2,2127.126938055107,2123.2575388687505,2
1682,1684,0.006383471295575672,2,2097.4964384040336,2112.983243149562,2
1686,1687,0.00036320408568446885,1,2113.6684192736925,2116.5497806986286,1
1689,1693,0.0012191125867919385,4,2138.751875288448,2143.4980064949254,4
1700,1701,-0.0008862514034311806,1,2159.4588784807133,2159.7045138974886,1
1702,1704,-0.0031394802981039843,2,2153.775922062498,2149.1679609107146,2
1705,1707,0.0060933003885618505,2,2149.967102303006,2165.217464785167,2
1708,1711,0.0031842484231772716,3,2180.9298704566745,2190.055422828193,3
1712,1713,0.0009107253576336911,1,2195.5165070595867,2199.711536122729,1
1714,1715,0.0008377148715658549,1,2216.2166681468866,2220.2894424765523,1
1716,1717,-0.0037975239174256256,1,2218.24288674912,2212.03729921878,1
1718,1720,0.003936488143909984,2,2213.7079060412616,2224.635848873514,2
1724,1727,-0.003208184358579862,3,2236.0884014327776,2231.150706000332,3
1728,1729,0.004833427132771993,1,2221.5027460960882,2234.4617204906926,1
1732,1736,-0.00877602739658533,4,2260.7707450061894,2243.1909297556226,4
1738,1740,-0.0009601126940062178,2,2251.33289428064,2251.422693884688,2
1743,1745,-0.0043044131269812545,2,2265.9883959374224,2258.5006341362996,2
1750,1751,-0.002979400875966345,1,2247.6007416324233,2243.1518387556134,1
1752,1754,0.000828632986665614,2,2248.2934401370835,2252.404743685422,2
1756,1758,0.00016861233115313557,2,2260.5922510737196,2263.2340070540336,2
1761,1766,-0.007800842215438089,5,2250.7177952494785,2235.411018652508,5
1768,1770,-0.004572956303251399,2,2221.925343576941,2213.9865014152538,2
1772,1773,-0.000994407049718484,1,2234.414100076757,2234.4265970437273,1
1774,1776,-0.0007997817068264058,2,2239.397232075509,2239.8456003670526,2
1777,1780,-0.011474699453910938,3,2238.909061836341,2215.457162308968,3
1783,1785,-0.019326917656599357,2,2206.3240360558075,2165.8889171232368,2
1787,1788,-0.00422378308739076,1,2145.6847387678276,2138.7675165961155,1
1791,1794,0.003855549018314844,3,2110.700317767362,2120.948926623254,3
1797,1799,0.006885452408084774,2,2127.6576412784275,2144.4351843494264,2
1806,1807,0.000801007633213918,1,2176.613378605679,2180.5334759151033,1
1808,1810,0.0014735610171451095,2,2192.7040314402775,2198.127818654585,2
1818,1824,-0.025608602581085573,6,2194.85111400698,2140.8388952177293,6
1828,1830,-0.004666687334859359,2,2114.020105742064,2106.2686549947016,2
1831,1834,0.005980099817677874,3,2114.6670373974785,2129.427624399666,3
1842,1844,-0.0017701722929897674,2,2086.092455089426,2084.485804479901,2
1845,1848,0.01650179856864338,3,2096.587141235946,2133.2811870634655,3
1853,1854,0.002380826388614497,1,2148.381206706299,2155.644510582735,1
1858,1860,-0.0015709009640675372,2,2182.5243928728128,2181.2783875928208,2
1862,1864,-0.001855494787545861,2,2181.355530700709,2179.4893924144103,2
1871,1872,-0.00905486831932922,1,2202.483669790594,2184.7429538549577,1
1874,1875,-0.004570411686214375,1,2167.362974659891,2159.624596566897,1
1876,1878,0.014093571513734554,2,2171.278984700514,2204.05133933236,2
1881,1882,0.0015395547021873823,1,2245.9531538796837,2251.6568747725114,1
1884,1889,0.010395735134877297,5,2262.2009741083643,2287.9804172311647,5
1891,1892,0.0015626644205132085,1,2302.0402890034716,2307.9396457466887,1
1894,1906,-0.0020127565740879778,12,2320.515175114465,2318.165058115597,12
1907,1910,0.005479107490158734,3,2326.806901704348,2341.8825337293338,3
1911,1913,-0.01595311163799352,2,2341.7046368760853,2306.68886601767,2
1914,1916,0.002677415566890593,2,2307.972163710501,2316.45953647328,2
1918,1919,-0.002822700843273514,1,2317.264019286398,2313.040340204357,1
1923,1924,-0.0030828310656299167,1,2317.5454655233593,2312.7184098317575,1
1931,1935,0.0031102706268925787,4,2306.940610587765,2316.4227608174497,4
1937,1945,-0.007918203317479004,8,2312.7467197260867,2296.746667697189,8
1947,1949,-0.005283920949902486,2,2302.4775574959604,2292.613925650723,2
1950,1952,-0.006355949257987813,2,2289.1710402576796,2276.9103563232043,2
1954,1955,-0.005248465979582313,1,2268.980394368824,2259.3407083550087,1
1956,1957,0.005787768836712894,1,2258.842151169083,2274.174649529842,1
1962,1963,0.002069224856946605,1,2368.166534559989,2375.4349701532497,1
1971,1972,0.0010424289338327904,1,2428.1789193813283,2433.1383022627956,1
1975,1980,-0.013605729454946446,5,2447.651920563588,2416.7974826530835,5
1981,1990,-0.0025313220382978813,9,2420.953444942215,2417.2461855782817,9
1992,1996,-0.011499320693197618,4,2403.715068168346,2378.4776928125752,4
675,679,0.002833364604286444,4,1985.2474793298607,1992.8576567478726,4
682,683,0.002048061508438351,1,1985.8028599584552,1991.8557092192414,1
689,691,0.0016947315528622964,2,2011.3644941437856,2016.7845815104617,2
692,695,-0.0019798015145488777,3,2019.109907171931,2017.1315802268432,3
697,698,-0.0023461985135667567,1,2018.1778444790964,2015.4609764647453,1
701,702,-0.0016016134229262426,1,2022.9256003049265,2021.708581110202,1
706,710,-0.006201250069593415,4,2019.074652839569,2008.5729406609728,4
713,715,-0.0003157553239623319,2,1996.5155821439769,1997.8816873016851,2
717,718,-0.0018447012044398488,1,1998.6817601048106,1996.993471214758,1
723,724,-0.0031583827554444253,1,2029.9580926813558,2025.5766661398375,1
728,729,0.001087675906110246,1,2038.4377367404481,2042.693334089547,1
730,732,0.00037302771306058926,2,2041.7929205581354,2044.5963588223926,2
733,736,0.00797786596223848,3,2047.2616286746666,2065.6416691665418,3
742,744,-0.00199040792323196,2,2066.158699105051,2064.1123591588025,2
745,747,-0.0018532595789199123,2,2067.0472381926365,2065.2835103365687,2
748,750,-0.004707580480739781,2,2067.993357188967,2060.3261053835536,2
751,754,-0.006058188658937855,3,2063.992346285298,2053.552283607183,3
756,759,0.0031547661730561205,3,2048.7217882872883,2057.2337482712674,3
763,764,0.0007482025429917912,1,2072.7851188740065,2076.4087670898975,1
771,776,-0.003360201454590501,5,2088.2800648931566,2083.3513032464034,5
777,778,-0.0022092914659800414,1,2082.6971103103806,2080.178522468661,1
781,784,-0.0013806427252098432,3,2075.1839678744564,2074.394064193613,3
785,791,-0.004480087230862089,6,2078.4294781336334,2071.196362246533,6
793,795,-0.005905075777010284,2,2079.919941460713,2069.7177765377332,2
799,800,-0.002660335752803538,1,2076.8560105533743,2073.4077322656276,1
812,818,-0.006946400573187807,6,2086.5343982545955,2074.1270289128383,6
821,824,-0.004677832690181866,3,2080.164547518496,2072.514050344675,3
825,828,-0.001447913677031743,3,2070.19566773046,2069.268398776752,3
834,835,0.0020541838772044586,1,2064.119979350446,2070.424181311994,1
836,837,-0.003047885681289801,1,2072.786763936719,2068.541933602486,1
842,843,-0.0032169096299843923,1,2078.7322422471566,2074.12388072116,1
845,848,-0.0015158219194626758,3,2080.9066123577772,2079.8332351147683,3
849,851,-0.003381183951601679,2,2075.7867018141455,2070.8438718328375,2
856,866,-0.004691020057411941,10,2076.270958690068,2068.607400936921,10
869,870,-0.000293646661173862,1,2077.3297621559145,2078.7970909692563,1
875,879,0.014771959090066327,4,2112.837246913442,2146.160829535729,4
882,891,-0.005035863286560011,9,2177.7037788671673,2168.9148641370343,9
896,900,-0.004393095134238999,4,2168.518972473113,2161.1609812991096,4
901,904,-0.0009274163309400164,3,2164.8668048912896,2165.0239388670147,3
908,910,-0.0038785110020041983,2,2167.1391081975776,2160.9009744317573,2
912,915,-0.008808438852158193,3,2161.655889442312,2144.776731610194,3
916,917,-0.0019065599686669623,1,2145.850641620211,2143.9052993297796,1
919,920,0.000647804079357273,1,2151.0947187155434,2154.639301368127,1
923,926,-0.0035189698530336683,3,2160.794606173646,2155.351629702097,3
929,930,0.0006562104726344005,1,2149.762090022164,2153.322548509331,1
931,934,-0.004518862966009544,3,2153.175232224123,2145.5985036401207,3
935,938,-0.004081271686081515,3,2144.9762497078796,2138.3669951223374,3
946,948,-0.005692336390776638,2,2114.3792408834934,2104.457862227593,2
949,950,-0.0017101148425461682,1,2110.7088530521723,2109.2100073673264,1
955,956,9.083599024572835e-05,1,2117.044592088884,2119.35394052289,1
957,960,0.003470344711300327,3,2129.460363699028,2138.979785573814,3
962,967,-0.00013724021573120705,5,2143.490598293106,2145.3399157792715,5
969,971,-0.0023352216517279335,2,2149.3248338705102,2146.45500881573,2
974,977,-0.008849756639441781,3,2148.5826064493126,2131.716755868948,3
979,980,-0.00311930771977791,1,2129.7647082003346,2125.251081412935,1
982,984,-0.004951592492843888,2,2126.2117549520144,2117.8098325429496,2
988,993,0.0023604397753364897,5,2125.7508900719117,2132.8943479153663,5
997,1000,0.00037205182862802165,3,2138.6086350467967,2141.5429169352324,3
1001,1002,-0.00515230553787483,1,2149.225272379936,2140.3010323792923,1
1003,1006,0.0008509447650465634,3,2144.521790908229,2148.491182290639,3
1007,1009,-0.002143752773579233,2,2145.4260476036125,2142.9722106111567,2
1010,1012,-0.002814098072032803,2,2145.557979244374,2141.6657266507923,2
1014,1018,0.0005977224659061606,4,2133.7116672938073,2137.1207463604087,4
1023,1028,-0.006554751657492668,5,2151.518586787195,2139.5674353511126,5
1031,1032,-0.0015381823031124732,1,2150.790352463117,2149.6328351577163,1
1034,1036,-0.0011809905852486725,2,2152.093911905519,2151.704403168893,2
1040,1043,-0.004353379778887796,3,2147.1736632591173,2139.973374514984,3
1045,1047,-0.0028526134280728328,2,2139.5608490065792,2135.5970698475307,2
1048,1049,1.3181782813004653e-05,1,2139.0717252278505,2141.2389937319817,1
1051,1052,-0.0014644093585802276,1,2142.7890509995077,2141.7939197107603,1
1055,1057,-0.0030814873752106915,2,2145.9289928736102,2141.462268766845,2
1059,1061,-0.0007207840420329004,2,2143.857613427567,2144.456212684845,2
1064,1065,-0.003509707684368677,1,2142.8771207953164,2137.4991256185986,1
1066,1068,-0.0016168131738297476,2,2140.7489168797965,2139.4284747460033,2
1070,1071,-0.0007092130114325503,1,2147.8375285303996,2148.462091737253,1
1080,1084,0.015427185549152626,4,2150.502232290364,2185.828931484065,4
1089,1091,-0.003668339627447394,2,2188.993454325155,2183.1524763467564,2
1094,1095,-0.005070814194178898,1,2159.4339919054846,2150.6433373598434,1
1097,1099,-0.003370788869177631,2,2144.208993960026,2139.125527143955,2
1100,1101,-0.0015984879994612304,1,2144.7872085667505,2143.5035791610253,1
1105,1107,0.0017966039432763628,2,2152.4849376271727,2158.504585491584,2
1110,1111,-0.0012846775559300259,1,2150.9241552316125,2150.3118354001103,1
1112,1116,-0.010251118839618184,4,2149.0878387864623,2129.2063717930705,4
1119,1122,0.0006243255121093391,3,2126.863039045672,2130.317756940756,3
1126,1127,-0.0016739862160913119,1,2126.216411821008,2124.7833712670135,1
1129,1132,0.0019022653025196146,3,2128.8265516370984,2135.0049710729973,3
1134,1137,-0.0001161887278904952,3,2142.173137773499,2144.0664145394735,3
1138,1139,-0.002639462249072035,1,2153.4620841219744,2149.9315643302484,1
1141,1143,-0.002515445839662311,2,2143.138538898868,2139.8907285162736,2
1150,1151,-0.0025315039979175204,1,2144.6056312867536,2141.3211591884815,1
1154,1156,-0.0005955526248757922,2,2157.747857830445,2158.6205532877243,2
1157,1158,0.0002791392915082638,1,2156.1350531577523,2158.8930502220446,1
1159,1160,-0.002010665974185753,1,2166.8040170199774,2164.6141019272463,1
1165,1166,-0.0029972371247470216,1,2168.51577393591,2164.184733726606,1
1167,1168,-0.0008823196523907053,1,2169.794815343813,2170.0501575519233,1
1174,1175,0.00033735285642579743,1,2168.1984516042603,2171.0980979968112,1
1176,1177,-0.003407030596657398,1,2181.152005321753,2175.901905708983,1
1181,1184,0.008504459524400789,3,2158.3093142714515,2178.8228777900817,3
1185,1186,0.0020054395292933088,1,2195.5041274281907,2202.10258231949,1
1189,1190,-0.0009570907852339442,1,2204.9156501838984,2205.010261383073,1
1192,1195,-0.0018936129169158868,3,2213.6617576108647,2211.683600870581,3
1200,1201,-0.0054290967869526155,1,2230.0615432206764,2220.184384804891,1
1204,1206,-0.0010349713711123323,2,2225.4626527527,2225.3848252723737,2
1209,1213,0.005100333764578352,4,2247.027689995939,2260.7353088831637,4
1214,1215,0.0024373561049564436,1,2268.2910945271155,2276.0880187687067,1
1219,1222,0.004333694879548396,3,2285.0530466614427,2297.2408223959173,3
1224,1226,-0.009598649453012802,2,2309.4968501836092,2289.638296356043,2
1228,1229,-0.0016307681093671912,1,2280.9384665311,2279.499723286983,1
1236,1243,-0.00401378626107691,7,2291.729833050238,2284.823049165291,7
1245,1246,-0.0005128133519242545,1,2293.37091233015,2294.4882120177226,1
1249,1252,-0.0032648594189744677,3,2293.439508096214,2288.245190024454,3
1254,1256,-0.003635051813850912,2,2292.838219715102,2286.796472205375,2
1258,1263,0.018939592388284705,5,2296.2652843754004,2342.0518781612145,5
1266,1267,-0.002841984096123816,1,2368.9948768945737,2364.631226007535,1
1270,1271,-0.0029236234900624145,1,2377.284250817407,2372.7112509899794,1
1275,1276,-0.0018726298239090742,1,2386.045417795635,2383.963283402865,1
1278,1279,-0.0037828944567606967,1,2383.6297081889447,2376.9963182870556,1
1280,1285,-0.018612325400375006,5,2381.6586348782516,2339.712088008163,5
1286,1290,0.0031924398796595145,4,2344.420087884505,2354.248928155627,4
1295,1296,-0.0032887802443297173,1,2384.68645112512,2379.228427886864,1
1300,1302,-0.0043381686155904535,2,2373.327896694766,2365.405327995514,2
1303,1304,-0.010145709465260812,1,2346.8228620542845,2325.359501991504,1
1312,1316,-0.0005233849747305286,4,2361.7171853944037,2362.8428152904,4
1318,1320,-0.00418399903009237,2,2343.484276849082,2336.022625184558,2
1321,1322,-0.0030635126279640467,1,2340.96692461553,2336.1363098049396,1
1325,1333,0.026142068582574268,8,2336.141411389023,2399.5491217955355,8
1335,1336,-0.0004181540183605658,1,2423.920636434162,2425.3309849162843,1
1339,1340,-0.002342781417861332,1,2433.2234346624678,2429.9561474488983,1
1341,1342,-0.0037184387988824933,1,2438.3559457365104,2431.7274243281345,1
1344,1352,-0.007954274020244734,8,2436.668157232219,2419.7228991704214,8
1354,1356,0.005135524252575874,2,2425.09577465289,2439.9750085930923,2
1358,1360,4.161177356308641e-05,2,2466.5175727344476,2469.086726477908,2
1362,1363,-0.0036248988532685497,1,2463.7340964464033,2457.2670436418825,1
1365,1366,-0.0006928278687407983,1,2456.1455467802484,2456.9000062425357,1
1368,1369,-0.003067798556766447,1,2471.9248100366053,2466.8133674819765,1
1375,1378,-0.010941402429438741,3,2471.004898178772,2446.4396440808623,3
1384,1385,-0.0043809791053091626,1,2443.6308266484793,2435.3689618824915,1
1386,1388,-0.0065976719058506985,2,2431.395549473915,2417.7853949146142,2
1390,1396,0.003997046082966642,6,2430.825302908437,2442.972248966712,6
1397,1399,0.0013636806612635556,2,2455.848280170321,2461.6531212571567,2
1405,1408,0.0006031909577849644,3,2463.7351206166863,2467.6849584844363,3
1409,1411,-0.005113935058514688,2,2460.9849699079914,2450.860637561809,2
1417,1422,0.005619339732146999,5,2458.74210390663,2475.0173532061217,5
1423,1424,0.003968807705154886,1,2474.135766471699,2486.4292713317427,1
1427,1428,-0.0013730186239379622,1,2496.182909913493,2495.2517871993396,1
1439,1440,0.00027546088798854136,1,2515.136608471683,2518.3445668437366,1
1442,1446,-0.00941120302243929,4,2526.138070824966,2504.890210648544,4
1448,1452,-0.00792909560162373,4,2511.155381746686,2493.7553460360314,4
1456,1458,-0.01803834212135173,2,2493.973327153548,2451.48015636398,2
1466,1467,0.0009187063943982994,1,2413.1885275233244,2417.818727781972,1
1472,1473,-0.0011411581857453993,1,2435.0244607015106,2434.6807370663923,1
1475,1476,-0.0071846491894270136,1,2416.3654006330935,2401.4210283167085,1
1479,1482,-0.009958908931083893,3,2392.1196578831295,2370.688875715899,3
1483,1484,-0.00012431789083990183,1,2364.639075847352,2366.7097479806926,1
1488,1489,0.0016834278267328531,1,2379.8551642406214,2386.2413338119386,1
1490,1493,-0.0029598734663896765,3,2388.908563926773,2384.2266054187016,3
1500,1503,0.004891733035346797,3,2408.1366450719647,2422.3247432973644,3
1506,1508,0.0013885771399210016,2,2421.0970617228836,2426.880038818045,2
1512,1516,0.0007900502104416657,4,2419.434049023523,2423.7649574521274,4
1517,1522,0.011824981532997152,5,2416.906939273633,2447.90372613679,5
1525,1528,-0.009289293084033177,3,2451.6428970111806,2431.3205105004668,3
1531,1532,-0.0005559582314932423,1,2425.3231325423553,2426.40007731533,1
1534,1535,0.0004023268217839078,1,2427.9324456179866,2431.337200407956,1
1540,1546,0.005040086057412672,6,2469.278969974966,2484.193627453374,6
1547,1548,-0.003043825132486961,1,2483.935862921887,2478.8591323777614,1
1550,1556,-0.00471555677362814,6,2484.822555582478,2475.5900563048194,6
1558,1559,-2.354064132444023e-05,1,2479.484892496182,2481.9060087241546,1
1561,1567,-0.006879569397762029,6,2476.134426586242,2461.5758223869407,6
1569,1571,-0.002781368361145203,2,2465.9339111312543,2461.54117448129,2
1572,1576,-0.010429472719913787,4,2456.5839203339688,2433.4196292730007,4
1582,1584,-0.0004981309482856151,2,2407.3584857377464,2408.56666445812,2
1588,1590,0.0017849965272956352,2,2400.8769261861125,2407.563360088005,2
1592,1599,-0.025934538650773525,7,2413.043012347546,2352.8748980901873,7
1600,1602,0.0007500517993296388,2,2356.0096991173436,2360.132838130522,2
1605,1606,-0.003062072380603993,1,2359.838318178416,2354.9721607598094,1
1608,1609,0.0008533048854986152,1,2362.4122641790354,2366.7905343698003,1
1611,1612,-0.0007667358761836824,1,2371.511640998859,2372.064829583917,1
1616,1617,-7.874668717142359e-05,1,2378.605853920569,2380.797152443407,1
1618,1621,-0.003956305097445872,3,2391.52781730454,2384.457731427559,3
1623,1628,-0.014118191613837663,5,2393.2428518559577,2361.847833546864,5
1629,1632,-0.01668751684037966,3,2352.953478324812,2316.0414810089615,3
1634,1639,-0.005567116683189184,5,2296.5446904942687,2286.056102924623,5
1640,1645,-0.059109619534519896,5,2280.385319751469,2147.8729964286067,5
1648,1653,0.010505281816911426,5,2150.0121771083486,2174.7486731157715,5
1654,1655,-0.0019779862955338627,1,2181.210125856341,2179.076932245574,1
1657,1662,0.007858644126243944,5,2195.2757593832566,2214.722926094603,5
1664,1666,-0.014426933775742001,2,2197.1353486009198,2167.6345577789134,2
1668,1669,-0.010398407116571397,1,2132.9903937095537,2112.9436816137354,1
1673,1675,-0.008106811158797415,2,2130.1134078116656,2114.9750940755257,2
1681,1685,0.01250914837747917,4,2083.986537037367,2112.1394203828736,4
1688,1693,0.0015427846066093085,5,2133.7656569642722,2139.1913634309126,5
1696,1698,0.0012066376774688458,2,2161.3227617095913,2166.0920179487507,2
1700,1706,-0.004305257139541656,6,2164.7293185463795,2157.574331511079,6
1709,1710,-0.0016221089483361728,1,2186.264985909885,2184.9048908987165,1
1715,1716,-0.0017345587218011793,1,2219.4065400307954,2217.7762555995932,1
1717,1719,0.0018350834291277623,2,2212.2094401400623,2218.4812384655634,2
1720,1726,0.004382014308229895,6,2221.559517501961,2233.515982611741,6
1727,1728,-0.007163900016145633,1,2232.221861355213,2218.462668987965,1
1731,1732,0.002735596783770673,1,2253.12572738726,2261.542496607919,1
1733,1735,-0.0076684821080720425,2,2263.4747862355443,2248.3808451214604,2
1737,1738,-0.0012249769441091778,1,2251.1076055955964,2250.6011582856286,1
1740,1749,-0.002721030295807751,9,2252.239941239856,2248.363768067554,9
1750,1752,-0.0014902539929247036,2,2247.258289653756,2246.15656230412,2
1754,1756,0.0023252422672457806,2,2253.429513774826,2260.922712840289,2
1758,1759,0.0009569414944085352,1,2260.6424899764565,2265.0664350691145,1
1760,1763,-0.009807704835295167,3,2258.5613075792376,2238.6685662296613,3
1765,1768,-0.0112581771571599,3,2238.348860793578,2215.3874816400303,3
1776,1777,-0.0040698877986080585,1,2245.807810958424,2238.913432961544,1
1781,1782,0.0002278288992401201,1,2208.5746127846837,2211.286364520389,1
1783,1784,-0.01227312122430663,1,2207.2550148021674,2182.372361447344,1
1785,1788,-0.013287953040174983,3,2162.84029078528,2136.263410858712,3
1796,1799,0.006981030094948532,3,2128.458410166816,2145.4457007942037,3
1802,1803,-0.0009865201316708306,1,2167.4487917838587,2167.478008708182,1
1804,1805,-0.002377164155163699,1,2171.4008027124833,2168.410427360494,1
1809,1812,-0.0002438271006392676,3,2197.186017053502,2198.847469574452,3
1821,1827,-0.03330795152906966,6,2168.573352793471,2098.5111900241873,6
1829,1830,-0.00617691225247333,1,2115.1509200325227,2104.200969318776,1
1834,1836,-0.007673445733463555,2,2132.469565241347,2118.2386453194463,2
1838,1840,-0.01147162559924125,2,2109.566053969494,2087.475468075457,2
1842,1849,0.02428815861326743,7,2089.1441565052933,2141.97476530098,7
1854,1855,0.005689626014572675,1,2153.7560386726577,2168.1638610980053,1
1856,1858,0.0024189322805167513,2,2174.617895018446,2182.0527663375137,2
1859,1860,0.0007051154729487336,1,2182.895896720252,2186.617986289586,1
1862,1865,-0.0006379581831352866,3,2180.48923916562,2181.2786674514214,3
1868,1873,-0.01759573800619488,5,2211.4277416434907,2174.727466223544,5
1877,1878,0.006248277506716549,1,2189.358798384694,2205.227878517158,1
1880,1881,0.007750465824151503,1,2228.708008985295,2248.2102422499333,1
1882,1883,-0.0003906322038415191,1,2256.4851644319074,2257.8601938236216,1
1885,1887,0.004977507452032193,2,2273.52368328696,2287.1136880461795,2
1901,1903,-0.005309134831799393,2,2339.6122581975305,2329.5305535228267,2
1906,1910,0.0052796257767019775,4,2326.8672910051732,2341.479146824734,4
1913,1917,0.00308781039328659,4,2308.717718429184,2318.155318713744,4
1923,1924,-0.0041019830000604916,1,2314.7537674175896,2307.5734405817343,1
1926,1928,0.003462380557146566,2,2293.0001559581833,2303.232395271665,2
1933,1934,0.00050700410234132,1,2308.43881018453,2311.917636941482,1
1938,1944,-0.005951931583623618,6,2308.0567243269406,2296.627385336951,6
1950,1952,-0.008539470711825106,2,2293.89013297838,2276.5954155046447,2
1959,1964,0.018527466890825225,5,2333.6361990452565,2379.206202657344,5
1971,1973,0.0025149296987976933,2,2427.570716861183,2436.10345726981,2
1974,1977,-0.006260719737039682,3,2445.1693255542687,2432.3059750229213,3
1991,1992,-0.004046896069498432,1,2410.4761121871547,2403.131641995312,1
1994,1995,-0.0027871276555366566,1,2396.4073087099478,2392.124622934622,1
1997,2000,-0.004203411917888199,3,2380.048961487504,2372.4246842791176,3
672,674,0.0020231520709042138,2,1973.208564975774,1979.1738745353064,2
675,676,0.0003298124376960791,1,1987.5960005346792,1990.2391304173052,1
679,680,-0.002171135075123738,1,1989.1660686202647,1986.8364864670575,1
682,683,0.0009156556405175132,1,1989.1640876770775,1992.974641081551,1
684,687,-0.0026059019975752194,3,1998.0755236949274,1994.8668102201195,3
689,690,0.0016470675304236068,1,2010.6925463091136,2016.0149852621132,1
691,692,-0.0031143778392352106,1,2015.6303595946454,2011.3685554302288,1
693,694,-0.0027967675298677134,1,2017.6807556278095,2014.0554523604585,1
696,697,-1.798406132546399e-05,1,2015.3782426395844,2017.3573761963144,1
698,699,0.0010492032695211288,1,2016.5046152110492,2020.6368430615441,1
700,704,0.001782341243101602,4,2021.8552865225984,2027.4807778738732,4
707,710,-0.008625028106293522,3,2021.3026285417518,2005.890139187796,3
711,714,-0.003792254263336922,3,2002.2498988913092,1996.659108074864,3
719,720,0.0009871213373543004,1,2001.004717705528,2004.9809568762273,1
725,726,-9.999356575204627e-05,1,2029.3815189776344,2031.2079754022582,1
727,731,0.003960829130713323,4,2034.8284068052412,2044.9228428417237,4
739,740,-0.003062267186792245,1,2069.910503431191,2065.6417949203683,1
741,751,-0.0032702578981848446,10,2066.839279308151,2062.147021110023,10
759,763,0.005806376314978524,4,2057.496815490707,2071.5009130838066,4
764,765,-0.00018539321662139254,1,2076.560689071454,2078.252269494869,1
769,772,-0.00287743030606888,3,2089.417387786749,2085.4946522608907,3
773,775,-0.0029049194209406016,2,2086.2939842858227,2082.319762357365,2
778,780,-0.005321872046563747,2,2084.862967247397,2075.8524562683347,2
781,783,-0.004560027662165374,2,2082.8727399896443,2075.457655418511,2
787,790,-0.003540340906951331,3,2080.141869834365,2074.8576003501626,3
792,794,-0.002633947850963471,2,2080.3652130651844,2076.9660047960774,2
795,796,-0.002990185724846474,1,2074.9390663480285,2070.8095522382564,1
797,799,-0.00015633516524153613,2,2074.066202990329,2075.816019710753,2
806,807,0.002180981108695345,1,2076.0133989812875,2082.6171583848454,1
811,812,-0.005716250258338638,1,2093.0822935058372,2083.2107935983663,1
813,814,0.00045279890009866045,1,2087.322512618944,2090.354972469428,1
820,821,-0.001832100030911955,1,2079.2333086882854,2077.5031785878527,1
823,824,0.0009298863600622096,1,2072.4971277361155,2076.4968116742016,1
827,828,-0.0018512594400682289,1,2069.2229321502905,2067.461486595692,1
830,836,0.003107483839269411,6,2061.4676356405544,2069.935080639125,6
846,849,-0.002520619158975182,3,2079.665020736006,2076.5026422612245,3
853,855,-0.004069993969716069,2,2079.706514544596,2073.3218280861647,2
856,857,-0.00524252643781836,1,2078.1338137256034,2069.3172760795483,1
858,860,-0.0036091038393581253,2,2072.996303922179,2067.5876413066403,2
862,866,-0.0043055772499320365,4,2070.5254236760948,2063.681141940185,4
867,872,0.00841094804458339,5,2070.223628847473,2089.7063958592253,5
874,875,0.004608300052960889,1,2098.204892855674,2109.9722554673995,1
879,881,0.005647002697879835,2,2151.341692139585,2165.6416661712983,2
887,889,-0.0031254477662741903,2,2174.4296443150233,2169.8080076845936,2
896,897,-0.0031676313599764447,1,2170.0045309035695,2165.300761031092,1
898,899,-0.002411328484361156,1,2166.0532421579946,2162.9962295186942,1
903,907,-0.002415823954014864,4,2167.0547879992328,2163.986619920721,4
909,911,-0.0025093465491830298,2,2164.8369319430462,2161.569442790274,2
913,914,-0.00548995215381448,1,2164.2268592228515,2154.5095841749408,1
915,917,-0.0035767280914076886,2,2148.758579981793,2143.2218133871006,2
918,919,0.001666238747982102,1,2150.930966632649,2156.6658621201195,1
921,923,-0.0036633168438377404,2,2158.94200208603,2153.1920554870053,2
925,928,-0.001769233371065905,3,2156.635995387976,2154.9770390110816,3
930,932,-0.004483611131743833,2,2153.847923033626,2146.344754432863,2
933,937,-0.0064124342452262124,4,2148.593986074108,2136.9648624047936,4
938,942,-0.004186466773223013,4,2140.2282401550046,2133.408473980637,4
943,946,-0.0073957429038280075,3,2127.8322809433366,2114.223212731957,3
947,948,-0.0004992407800207793,1,2105.0294563271113,2106.083569235695,1
949,950,-0.0010396663430371502,1,2110.7969572615643,2110.713229665376,1
965,968,0.002676371426775593,3,2139.433900325843,2147.299253986476,3
969,975,-0.003865234005459028,6,2149.9214755192106,2143.7614473984863,6
976,982,-0.00919209375951226,6,2141.075579338307,2123.5356874461654,6
986,989,0.00106449653844597,3,2125.7742553196204,2130.1629089112453,3
994,995,-0.002268355405382522,1,2141.4731875839607,2138.757038491007,1
997,998,-0.004723746064211252,1,2143.8882882936114,2135.9049927179694,1
1001,1002,-0.0006135981883520026,1,2143.005101275921,2143.833162329425,1
1010,1011,-0.0012064055833207088,1,2140.328333388496,2139.886557670345,1
1012,1016,-0.0030401715530969957,4,2140.4824010027596,2136.115449698329,4
1020,1022,0.000640454603566311,2,2144.9903450183847,2148.5091043044754,2
1023,1027,-0.007009934996257731,4,2150.127555017623,2137.2054281783044,4
1031,1032,-0.0006452405379299231,1,2147.955645818804,2148.717653408265,1
1033,1034,-0.0004957694802911986,1,2150.0067786963446,2151.090877731744,1
1037,1039,-0.00451099594269416,2,2153.8332415051527,2146.2711417329883,2
1041,1042,-0.0030104311572700633,1,2147.745181484372,2143.4272876536393,1
1045,1046,-0.004357961737682317,1,2142.8661957163254,2135.670533022137,1
1052,1053,0.00152731798420805,1,2139.9921106892125,2145.4005512366207,1
1057,1058,-0.0015618678431355733,1,2142.022553469158,2140.8190198770926,1
1060,1061,-0.003512019283263377,1,2145.159183209741,2139.7705019758487,1
1062,1065,-0.0024455176691007934,3,2143.165429138764,2140.067445643138,3
1067,1069,-0.00036845321851653855,2,2141.2911009318814,2142.643426434894,2
1073,1078,-0.005254116416766438,5,2156.864571547432,2147.6890185648704,5
1087,1088,-0.001277380831995437,1,2184.936397927372,2184.330338451458,1
1089,1090,-0.0018738202065142272,1,2184.9152071110107,2183.005984053517,1
1092,1098,-0.020257295288741033,6,2178.397596193083,2136.447550426909,6
1106,1108,-5.716974080829311e-05,2,2154.134296697344,2156.1652796946328,2
1109,1113,-0.006768505267273367,4,2153.908706537632,2141.4838728187437,4
1118,1122,-0.0027916835066671697,4,2129.5759074256157,2125.7603813960854,4
1124,1127,-0.005389966614323176,3,2132.8703314332306,2123.5071018855583,3
1129,1131,0.0017958539021141087,2,2129.301024364084,2135.2542389418277,2
1133,1135,-0.00012748623787512076,2,2138.0103965256526,2139.8758400201873,2
1137,1140,-0.0028811861064006257,3,2151.7083535928027,2147.660589732998,3
1141,1144,-0.0010486803226633676,3,2142.4604591995794,2142.356163533132,3
1149,1150,-0.003408271533770612,1,2147.531901398911,2142.3600614529078,1
1155,1158,-0.001280387754154207,3,2156.956761190115,2156.351976928037,3
1160,1162,-0.0011107699206405646,2,2167.7905394053764,2167.550413419361,2
1163,1166,-0.0022365830455221866,3,2169.2026209061437,2166.520221722829,3
1170,1171,-0.0010891504999530517,1,2161.5619905551966,2161.369286223059,1
1173,1174,-0.0036786770468169505,1,2172.0873433459215,2166.269022835619,1
1175,1178,-0.001116866613693405,3,2171.8025450722353,2171.548733863182,3
1181,1182,0.0011098801657529775,1,2162.111268051848,2166.6730637324617,1
1183,1185,0.010224090540243938,2,2168.9120585732776,2193.256123892531,2
1187,1188,-0.0009571883942761989,1,2212.0800245304376,2212.1747272282773,1
1189,1191,0.002014699010082579,2,2209.7995073710713,2216.461387758424,2
1192,1201,0.0030075659068123616,9,2212.158148544317,2221.0235181209005,9
1207,1208,0.0031316537438979847,1,2228.188141878772,2237.3942437572746,1
1214,1216,0.004906691615083199,2,2268.669337472421,2282.0696676254656,2
1217,1219,-0.0007370421095151435,2,2283.0787229052276,2283.6790764700136,2
1221,1224,0.00329002060389521,3,2293.321703322644,2303.1601006812584,3
1225,1226,-0.004384955031362643,1,2298.2091328044044,2290.4297982371945,1
1229,1230,-0.0014965163776075275,1,2284.110569718747,2282.976471412615,1
1236,1237,-0.0035775802263382298,1,2294.4036950081468,2288.4896854126564,1
1239,1240,-0.0031457444495171477,1,2282.856007955588,2277.9575823474706,1
1241,1243,0.0027303549113851483,2,2278.1001015042534,2286.598223406527,2
1245,1246,0.0007199189458538897,1,2291.0439053529467,2294.9843151715463,1
1249,1250,-0.0018016540375879186,1,2301.2189749268714,2299.3741934442473,1
1254,1258,4.2557668266706e-05,4,2288.75303147131,2291.139188495039,4
1260,1261,0.005754873136978138,1,2317.350170600784,2333.003577017147,1
1267,1269,0.0018499578953431331,2,2368.496427616432,2375.2465427104094,2
1270,1273,0.0009994247736630235,3,2378.3795380908764,2383.1349290605085,3
1276,1277,-0.0014273152611730326,1,2389.2890731138687,2388.268093429573,1
1278,1283,-0.01458793202388882,5,2385.5967559004253,2353.1814293448406,5
1289,1290,0.0033184225976215257,1,2350.845604037793,2360.997548817789,1
1293,1294,-0.0015995291095378462,1,2381.2943238360135,2379.8666685704966,1
1296,1298,-0.0027592331489122573,2,2382.0784824290345,2377.8878509994347,2
1300,1305,-0.021339886879708173,5,2374.922219846086,2326.6165705463113,5
1309,1310,0.0008341526216441829,1,2339.909666216571,2344.201417665273,1
1312,1317,-0.0007133982273281137,5,2361.5528141683294,2362.2296393911283,5
1320,1327,-0.004016175638848841,7,2341.203067074938,2334.1415874184286,7
1328,1333,0.022514317075906624,5,2342.8438149030553,2397.9341872260125,5
1334,1336,0.005911799418864567,2,2410.369163952299,2427.0291521389536,2
1341,1346,-0.005664584372451322,5,2437.5885981318625,2426.218260450551,5
1353,1357,0.014025509908731519,4,2415.8558907596694,2452.155357384346,4
1359,1362,-0.007279431576649104,3,2474.3580246089996,2458.8204626973347,3
1364,1365,-0.003835425791311205,1,2458.933284109102,2451.9611612562253,1
1366,1372,0.0033397297751854935,6,2458.230942753325,2468.899000769874,6
1376,1379,-0.011999419697836855,3,2468.8811732845256,2441.7249130754813,3
1381,1383,-0.0014225793261115134,2,2450.7971046668563,2449.76144847793,2
1385,1388,-0.008084687703650511,3,2440.9130690764455,2423.6199622702798,3
1389,1390,0.0003688327407859475,1,2430.2370012926995,2433.5635892679384,1
1391,1394,-0.0006371219271356246,3,2439.4355781672302,2440.3207958487124,3
1397,1398,0.0016068365199960744,1,2453.703380302517,2460.0997838835274,1
1399,1400,-0.0031474429764718646,1,2465.266589022313,2459.972569600586,1
1401,1404,-0.004606463089513081,3,2463.1310986179615,2454.247907226164,3
1406,1408,0.0045039114867303325,2,2457.554738510393,2471.0809022649487,2
1411,1415,-0.002344143420190292,4,2459.008794960845,2455.7035344689084,4
1417,1419,0.0010255699872297303,2,2460.821170459146,2465.8057359659674,2
1421,1424,0.0006151776444183073,3,2472.074420009145,2476.067259347682,3
1425,1431,0.001848183006920195,6,2490.472656456608,2497.565978355927,6
1432,1433,0.002210787327036842,1,2516.1055028584265,2524.184182520492,1
1438,1439,0.0027431343561356626,1,2510.3780096500523,2519.774691824861,1
1440,1448,-0.006537815440230739,8,2519.805963003346,2505.8517426350404,8
1450,1451,-0.002589283306442348,1,2499.03966239562,2495.067980378037,1
1452,1455,-0.005268452784255705,3,2501.5968243095444,2490.918876379735,3
1456,1459,-0.021127578181789525,3,2486.4764647521647,2436.429715310686,3
1461,1463,-0.009925450414286933,2,2443.2028641487373,2421.396178132734,2
1464,1466,-0.00010930262945174705,2,2411.037763337518,2413.185268333615,2
1467,1468,-0.0048442507770215925,1,2419.752772708094,2410.450636231411,1
1472,1473,-0.0011392922062691286,1,2436.4529476197768,2436.113568713232,1
1481,1482,-0.007474461457920306,1,2389.7006662833846,2374.2286414235664,1
1484,1485,0.0020359987273109617,1,2365.8429582808444,2373.0256544912027,1
1486,1488,0.0026155579909524058,2,2373.840823520239,2382.423582678967,2
1489,1490,-0.0013471484821642305,1,2385.8778785586887,2385.049624674518,1
1493,1496,-0.004574589112173762,3,2392.0974198638114,2383.5466544715073,3
1497,1500,-0.0006324561017201889,3,2401.035117981957,2401.9176037891266,3
1501,1502,-0.002236910309611054,1,2413.5914418162833,2410.606045678712,1
1503,1504,-0.00402717598069448,1,2422.622966594374,2415.2892605396205,1
1505,1506,-0.001341820079133249,1,2416.4928446301737,2415.6668388547973,1
1508,1509,0.0001291869681159135,1,2428.628990164756,2431.3713663708386,1
1510,1512,-0.006202406546735887,2,2430.886689795011,2418.2402289656484,2
1515,1516,-0.002942715002874893,1,2428.0755529352837,2423.3584941304825,1
1518,1520,0.0005288606850407289,2,2427.9189649158347,2431.6309147677594,2
1521,1523,0.002769918905197723,2,2443.8315183538957,2453.044564996056,2
1530,1542,0.015850526866189006,12,2434.0270047491404,2475.0416421856953,12
1543,1545,-0.0007892089206131096,2,2482.539221897121,2483.062519019325,2
1549,1555,-0.0005796780881454862,6,2476.525206639402,2477.5661444490124,6
1558,1559,-0.0030962503814894685,1,2476.958360488414,2471.766035580307,1
1560,1561,-0.0019628199351731106,1,2473.004825456102,2470.6237671103736,1
1562,1566,-0.0056528365344593896,4,2471.426410113739,2459.927267020534,4
1567,1568,-0.0007398666613178116,1,2465.2234765165313,2465.864763330075,1
1570,1575,-0.010984479019528395,5,2463.1346895071156,2438.541572877459,5
1576,1577,-0.004871897091126058,1,2436.6008637099217,2427.166595913488,1
1578,1579,-0.005606881687451282,1,2431.3111293386132,2420.1103666203667,1
1580,1581,-0.007095600220658731,1,2424.266990754843,2409.489628351062,1
1587,1588,-0.005079040229794602,1,2408.059745157488,2398.237172581242,1
1593,1596,-0.013945482430472906,3,2403.8609271863174,2372.7417877881267,3
1597,1603,-0.006065833256221967,6,2365.861296725908,2353.8762378893452,6
1605,1610,0.0008520697916205037,5,2360.2421693478723,2364.6135025706303,5
1612,1616,-6.190880011051295e-05,4,2377.3071167047556,2379.537247590371,4
1623,1625,-0.004230738990860391,2,2389.072533631883,2381.3540638454847,2
1628,1632,-0.02147786438260212,4,2367.310372162501,2318.83291140983,4
1636,1637,-0.00012407093356967588,1,2284.074145276188,2286.0748322099175,1
1640,1641,-0.005203040087468719,1,2282.5988464115717,2273.004991956494,1
1642,1644,-0.0278777991697323,2,2261.3368582745643,2200.557100342747,2
1647,1648,0.0013891540348995209,1,2142.6715979143155,2147.790770407937,1
1649,1650,-0.004138559593286886,1,2163.9352031300946,2157.1435635390594,1
1652,1653,0.0004031119968282695,1,2169.7855476929394,2172.829999825452,1
1655,1662,0.01286842380280696,7,2181.4003103210434,2211.6528943081503,7
1667,1669,-0.014579843675671281,2,2142.608242672632,2113.511957678933,2
1670,1676,-0.0033280110805319796,6,2115.293940626253,2110.369512893893,6
1680,1682,0.00900799266646075,2,2076.0610387662787,2096.8382424173765,2
1685,1689,0.010876886551755286,4,2112.6128927100353,2137.704156364528,4
1690,1692,-0.002199344563964134,2,2135.564739578988,2133.0034616175803,2
1693,1698,0.009682469685599195,5,2142.7113167557955,2165.6007654420296,5
1699,1701,0.0001617561453727658,2,2159.3843901991186,2161.8930682846544,2
1704,1707,0.0034695191683839204,3,2154.2421212645468,2163.8705477188787,3
1709,1710,-0.00012765134871531823,1,2183.2484380993355,2185.152991929731,1
1713,1714,0.002059385329604452,1,2207.130960777606,2213.883424859525,1
1718,1720,0.002286060379676359,2,2213.194921229472,2220.4676133726252,2
1721,1725,-0.00025575997775019574,4,2232.2970848778573,2233.958449709975,4
1727,1728,-0.008284127607513236,1,2233.6642059711367,2217.393910862508,1
1729,1730,0.006088076447568048,1,2228.8023572543357,2244.6002787490743,1
1734,1735,-0.005787135212622373,1,2254.0967849439035,2243.3061188520396,1
1736,1742,0.006212221214245722,6,2244.897138875777,2261.087833644576,6
1747,1749,-0.0077977051606865425,2,2263.116004781038,2247.7320094361057,2
1757,1766,-0.012876842517073522,9,2263.871914754767,2236.984264544399,9
1768,1773,0.004983816281308661,5,2214.8103246724872,2228.063342753273,5
1778,1786,-0.037610972338162046,8,2229.9421160651787,2148.301766938214,8
1789,1793,-0.007554678290762518,4,2138.6878847522885,2124.669473703386,4
1794,1799,0.00983115826733737,5,2123.477742103598,2146.47746560549,5
1800,1801,0.0007018829130856273,1,2158.650996750117,2162.3247679968013,1
1806,1809,0.0066466826378389614,3,2175.078923470642,2191.7110617106746,3
1816,1817,-0.0023276097746730917,1,2193.7691402485875,2190.8566708946173,1
1820,1825,-0.03002760102494532,5,2181.2384257801386,2117.922307016313,5
1826,1828,0.004289244776739901,2,2098.5993902143387,2109.6993960774994,2
1830,1832,0.005812175361436337,2,2105.5041714073413,2119.847235047204,2
1834,1838,-0.011974549918901952,4,2130.6883208966983,2107.304975557396,4
1839,1842,-0.010943649844745728,3,2101.7520914822367,2080.8530046240753,3
1843,1846,0.018448667339127783,3,2080.761215909434,2121.229248609816,3
1848,1849,0.00010884917633459043,1,2134.1453164785235,2136.511761754879,1
1855,1856,0.0015117780981950737,1,2169.465241137495,2174.9144564149797,1
1857,1860,-0.00012593590981169883,3,2183.3368928916893,2185.2452692665493,3
1861,1864,-0.0064152568444374915,3,2190.002369580977,2178.142944259769,3
1866,1869,0.0058627946309894345,3,2194.6970048029593,2209.7587596241697,3
1872,1873,-0.006769545293742304,1,2188.6745133340974,2176.046856596157,1
1877,1879,0.011124822610709559,2,2183.5703801483364,2210.0457836656346,2
1883,1884,-0.001265793558910881,1,2258.9230863109874,2258.322679104571,1
1885,1896,0.018201559698699927,11,2270.679732030362,2314.280324461571,11
1898,1899,-0.002268291054883715,1,2323.7397787650275,2320.7926003897423,1
1901,1904,-0.00872151637920307,3,2337.6415384851935,2319.5914010570746,3
1907,1908,-0.0004008499116710418,1,2329.428652004313,2330.8243293869173,1
1910,1911,-0.003231644787611893,1,2344.0952435144923,2338.8640555826373,1
1912,1915,-0.008949618428298913,3,2325.862059632319,2307.3723437413846,3
1916,1918,-0.0024733099738977714,2,2318.127112496761,2314.711792701157,2
1919,1925,-0.009059352402130433,6,2314.8484391173283,2296.19225978896,6
1926,1928,0.003493936036434846,2,2291.2633231062905,2301.5601139229593,2
1929,1931,-0.004936074659699612,2,2312.9715046380875,2303.867476110074,2
1936,1937,-0.006607695732024899,1,2325.0478696830987,2312.0097086675232,1
1941,1943,-0.0013418012007624107,2,2288.6471218067495,2287.8648594723945,2
1947,1948,-0.003276638984880776,1,2304.694929833922,2299.447971508405,1
1954,1960,0.036700378296249676,6,2265.233323545692,2350.6334767726357,6
1965,1967,0.0008061030238882417,2,2386.0224920528635,2390.3318944908256,2
1969,1971,-0.0039767569602217525,2,2430.208048610214,2422.9739098867267,2
1973,1977,-0.0036633635648898846,4,2436.6565554572576,2430.1668531673026,4
1979,1980,-0.0018370785389457554,1,2421.9415039245528,2419.9141486690355,1
1987,1990,-0.007607825779650928,3,2430.0099601258066,2413.952877666479,3
1991,1997,-0.013548782842082666,6,2406.936834739128,2376.7327070853767,6
672,673,-0.0017695288515129266,1,1978.4755443287515,1976.9530503153778,1
675,677,-0.0004967287171373775,2,1984.0740435447565,1985.0725710339457,2
686,687,-0.0018502593615160948,1,1998.1506732589116,1996.4517269432536,1
689,692,0.00419421467785058,3,2007.0097644586097,2017.43460403575,3
694,695,0.0017500163922234556,1,2009.2935486404108,2014.8191388359608,1
696,698,-0.000881617648688769,2,2017.5192365206556,2017.7580751916905,2
701,705,-0.0019103425937388296,4,2025.7791982530205,2023.9350451633406,4
707,708,-0.00030845492427966983,1,2015.9610790055772,2017.3552069626073,1
709,710,-0.004788713527106819,1,2014.2192269024406,2006.5879272709167,1
711,713,-0.00553055100125313,2,2002.6088493348857,1993.5359278074131,2
717,718,-0.00257625231865122,1,2002.7928286677563,1999.6359218277908,1
722,726,0.003605453440746322,4,2022.8375868045282,2032.153671128748,4
727,736,0.014988942580233894,9,2033.8672166194547,2066.3866027618033,9
737,738,-0.0034041811125846435,1,2073.2929292225836,2068.3083575212913,1
741,742,-0.0008136561636404879,1,2065.3275444809956,2065.712405538973,1
746,748,-0.004942815938589075,2,2072.8670841611392,2064.694150783132,2
750,752,-0.0027242920357353996,2,2065.141495449238,2061.580588415968,2
753,754,-0.005253438824321071,1,2061.6455661268606,2052.876482833907,1
765,767,-0.0002888782024499934,2,2079.940162602217,2081.419253389443,2
768,770,-0.00039755256696720053,2,2087.3953421142587,2088.65288807984,2
771,772,-0.0015656631475305617,1,2092.0596104732003,2090.8762094491185,1
776,777,-0.0020107056045392565,1,2084.7743604536067,2082.6672673232965,1
781,782,-0.0019533461204236527,1,2077.535264849467,2075.554654664679,1
784,787,-0.003633956171922892,3,2079.607136419044,2074.129542366898,3
789,796,-0.00613981093326287,7,2080.870482546899,2070.1752016900004,7
797,799,-0.0013113293169984242,2,2075.795388117351,2075.14913215694,2
802,804,-0.003412381247761544,2,2075.1290513382237,2070.12304892809,2
807,809,0.0017934923380555582,2,2085.9815393762638,2091.8087128238367,2
810,812,-0.00631598839427837,2,2091.8418698578953,2080.721662755065,2
813,814,-0.0020930780069494544,1,2087.2083550047214,2084.9268734559446,1
816,817,-0.004705303651587594,1,2089.8732204874286,2082.1296056122014,1
818,820,-0.003591183651129861,2,2080.15044205384,2074.7603902364995,2
821,822,-0.001930984309110771,1,2078.777808669512,2076.842499147513,1
823,827,-0.00851268838034664,4,2079.1544764001032,2063.5344367243065,4
833,834,0.0006230097802688757,1,2059.365548316393,2062.7079187424592,1
841,844,0.00023007342568879467,3,2076.613196286331,2079.1675829945175,3
848,852,-0.0066130960006781534,4,2080.851700346665,2069.171679989445,4
853,857,-0.0009177472368989564,4,2076.8312212233327,2077.002046329773,4
860,862,-0.0015859840774805167,2,2068.234193979712,2067.022241673539,2
867,869,0.00028646911534918975,2,2069.5891184562015,2072.251580938558,2
872,874,0.0012592444023024384,2,2093.734153425771,2098.464410591808,2
876,877,0.0028005120484120446,1,2122.84402286563,2130.9119171514303,1
884,885,-0.004432107742464261,1,2180.1078542828213,2172.62548923673,1
894,895,0.0011284192432511452,1,2160.298785738948,2164.896807245687,1
897,906,-0.003117141663809482,9,2168.3066396452737,2163.716027318566,9
909,911,-0.005251710661587374,2,2168.07403267162,2158.8560091917993,2
913,915,-0.007643884459852781,2,2161.8826619889646,2147.519363366951,2
916,918,-0.0009834489479598983,2,2148.247818464756,2148.2833742261946,2
920,922,-0.0011717296100345782,2,2156.8355817016886,2156.4651891683343,2
927,930,-0.0019440694598535004,3,2152.3961796886465,2150.364168189897,3
932,933,-0.0018283063101779632,1,2150.463427060533,2148.6821846340918,1
940,943,-0.0018884845536830766,3,2131.7770835747983,2129.8830325641466,3
944,945,-0.003060644432127704,1,2126.9013325028736,2122.5185451143666,1
948,950,0.0006417250695156345,2,2110.8584449731343,2114.3238942004455,2
956,957,-0.0011006667171192036,1,2126.852868727354,2126.6387654312634,1
958,960,0.0029168898758738793,2,2132.886276967929,2141.240557632575,2
965,966,-0.0017752438066815247,1,2143.926062098683,2142.263996697058,1
973,974,-0.0030969683104639335,1,2152.605219487099,2148.0912745568953,1
975,977,-0.006913278950776741,2,2147.3124134199015,2134.614756124884,2
980,983,-0.004660299270871254,3,2128.9347930114523,2121.14225454086,3
987,992,0.004018773631298533,5,2126.9108844253765,2137.5853686882524,5
998,1001,0.002241383849778163,3,2138.105153210027,2145.0355727227693,3
1006,1010,-0.0031354238217512764,4,2147.5102083257116,2142.924363869399,4
1014,1015,-0.0007852857593755827,1,2132.6410156694305,2133.0989240656345,1
1016,1017,-0.0019725225875846836,1,2136.501918307426,2134.424121933454,1
1018,1019,-0.0004982087706334052,1,2138.998844396084,2140.0721752558275,1
1020,1023,-0.0010208148277466114,3,2146.7977662992157,2146.7530810735034,3
1025,1030,-0.004547718131387247,5,2149.2168040076604,2141.5919885838002,5
1031,1033,-0.0015940108576408217,2,2149.6863180977407,2148.4093810842687,2
1034,1037,-0.0008856439867390531,3,2150.6603693677575,2150.9063103134768,3
1038,1039,-0.004305730797520502,1,2149.4258294853507,2142.320406323835,1
1041,1044,-0.004321565969701349,3,2148.5883560757193,2141.4516781092816,3
1045,1046,-0.004342526323845755,1,2140.3251559937776,2133.171062818279,1
1047,1050,0.0009660263421744,3,2139.840439327752,2144.0474219995203,3
1054,1056,-0.0006729061804385873,2,2146.3815835469495,2147.083651697348,2
1057,1059,-0.001979981050540884,2,2144.9965502887435,2142.894494315985,2
1061,1064,-0.005288160235661482,3,2147.1279986206405,2137.92076971608,3
1068,1069,-0.0005027924717270626,1,2144.1736157340692,2145.2397149977364,1
1071,1078,-0.0031526612624694604,7,2152.0558243866844,2147.4231771788554,7
1083,1084,0.000668929847184152,1,2178.3244649376866,2181.9599356540725,1
1085,1086,-0.0014766276222577524,1,2186.6506572945095,2185.608439191015,1
1089,1090,-0.004034658221301038,1,2187.4739841323226,2180.8357482224933,1
1094,1095,-0.007490800118126677,1,2158.9564536640214,2144.9430988595486,1
1097,1098,-0.0050688616868736335,1,2144.538596660159,2135.8127657281866,1
1099,1104,0.001641943475570366,5,2141.746784883542,2147.405158828189,5
1105,1106,0.0013355212243604505,1,2150.671444834927,2155.694383640965,1
1107,1108,-0.0035376762547739506,1,2159.572414317449,2154.0921186811706,1
1109,1114,-0.010805518220329456,5,2157.133001409593,2135.981194460597,5
1119,1123,0.0010838741264303253,4,2125.4821550846373,2129.9113923538075,4
1126,1127,-0.004012827968984728,1,2128.8130393304154,2122.3992918647814,1
1128,1131,0.0038015103541406805,3,2125.795526522797,2136.002555754182,3
1133,1135,-0.00034278866951182165,2,2140.2147172289233,2141.6212905907637,2
1137,1138,-0.0018356577664552396,1,2147.997901873587,2146.202910744557,1
1139,1142,-0.004899621451211671,3,2150.787881883706,2142.4006233225064,3
1150,1152,0.002338003638799953,2,2145.9320507812163,2153.0951797753414,2
1154,1157,-0.0016198659234102695,3,2158.5937729904754,2157.255734268113,3
1160,1167,-0.0014902266214924958,7,2165.40393239364,2164.342393739696,7
1168,1177,0.005157678981846989,9,2166.777079228102,2180.119396907213,9
1178,1181,-0.0066374813323622954,3,2168.6796571174805,2156.453766034607,3
1182,1183,0.00018169619420756763,1,2166.535586088818,2169.0957729455145,1
1184,1189,0.011119265690089981,5,2178.3381336333396,2204.7379922376967,5
1190,1191,-0.0010550454113283174,1,2212.227561360874,2212.105788384807,1
1194,1195,-0.004780660145824936,1,2219.0613502304213,2210.6718334224647,1
1196,1197,1.3565376713926434e-05,1,2215.2931524175888,2217.5384968561507,1
1200,1202,-0.00046508248320760405,2,2225.8405032590176,2227.031144333797,2
1204,1205,-0.0016550138085616067,1,2224.280487375962,2222.8235529426165,1
1207,1210,0.00630453600648062,3,2231.957504084493,2248.2609180380127,3
1211,1212,-0.00029777925250464585,1,2253.439504669113,2255.021916642517,1
1214,1215,0.002880773842827761,1,2267.349957151728,2276.1490295579792,1
1217,1221,0.0024924997503227345,4,2284.5576949076485,2292.5365120867114,4
1222,1223,-0.00019331853778271272,1,2303.18482131412,2305.0427578135345,1
1224,1226,-0.008817378567072966,2,2305.632916093054,2287.6089107512503,2
1230,1232,0.0024322486551738775,2,2285.752397444289,2293.5976680364774,2
1235,1238,-0.006737738874851114,3,2299.3072822490435,2286.114457470455,3
1239,1245,0.0010594820724165797,6,2286.3729321628007,2291.0816762274485,6
1246,1247,-0.00014693263207105197,1,2296.81304489073,2298.77238114956,1
1252,1253,-0.001668915802128852,1,2290.730769004478,2289.1984629946683,1
1254,1256,-0.0013206983979643567,2,2289.83504898714,2289.100702555327,2
1257,1261,0.016609659333137086,4,2290.4481093455915,2330.7821202713953,4
1263,1264,0.001291320529670014,1,2343.555812259283,2348.92564980434,1
1266,1267,-0.0012034687706456025,1,2369.668914545496,2369.1867609246165,1
1268,1273,0.0032246682507406175,5,2378.133229356633,2388.180053306727,5
1275,1276,-0.0024481163498228037,1,2389.2121704718656,2385.7523132646097,1
1277,1285,-0.01971884959835827,8,2384.3559945873117,2339.723593335688,8
1286,1288,0.001879126906622057,2,2340.088563290733,2346.825975237182,2
1290,1292,0.004258974855599621,2,2359.6863098679382,2372.0958408386364,2
1294,1296,-0.002340040175323441,2,2384.664756566312,2381.4692099878353,2
1297,1298,-0.0026861777420890435,1,2383.1116595921385,2379.0933097548213,1
1299,1301,-0.004732999551718251,2,2374.153291245647,2365.2905780737165,2
1302,1305,-0.014072465935249391,3,2357.713502299756,2326.892372855865,3
1307,1310,0.003081976300580127,3,2332.1989640018146,2341.7189449011075,3
1312,1315,0.002508468667479384,3,2361.447043166636,2369.732106127498,3
1316,1318,-0.014992744574255198,2,2369.6906743607474,2336.532198034423,2
1319,1322,-0.0003077368575318402,3,2338.846279286755,2340.465376361804,3
1323,1324,0.0014455499071068865,1,2339.3295863470016,2345.050533599585,1
1325,1328,4.511614333385194e-05,3,2339.1773449871694,2341.6220569925363,3
1330,1332,0.009766958162294118,2,2362.681519792702,2388.1204128671357,2
1336,1340,0.0024265326841278827,4,2427.4179795429227,2435.735606587866,4
1344,1345,-0.003995687451609145,1,2442.221967596037,2434.905833893665,1
1347,1351,-0.0021013435429455734,4,2423.768095455719,2421.0986941141914,4
1353,1355,0.0023786707891999674,2,2419.7862638542124,2427.961925020004,2
1356,1358,0.00871270210447176,2,2441.614616691852,2465.329292117704,2
1360,1368,-0.0024713737617295065,8,2475.3431843505,2471.7010293377707,8
1369,1370,-0.00126309919759333,1,2470.231233601981,2469.58131774655,1
1371,1372,0.003220391640328493,1,2468.052003619307,2478.468149663278,1
1373,1376,-0.004645472329485933,3,2474.673453866831,2465.652100266246,3
1379,1382,-0.00256911451604384,3,2446.371842334006,2442.533204764559,3
1384,1386,-0.006239112349554584,2,2447.7160240120324,2434.8921647624284,2
1387,1391,0.0029476466281893677,4,2422.3591882296887,2431.921806311367,4
1395,1400,0.0046011245203251595,5,2445.2393657470584,2458.9354559166086,5
1401,1404,-0.001167595603150494,3,2462.868107843038,2462.455341977024,3
1409,1412,-0.006770810703008242,3,2462.648388780454,2448.4369111007336,3
1414,1417,-0.00021337274718522046,3,2454.9300107019985,2456.8611255521696,3
1418,1423,0.005842542317774443,5,2462.953887032251,2479.806753230996,5
1424,1427,0.0023988246061465704,3,2485.850437245524,2494.2994068788344,3
1432,1434,0.004511002640549298,2,2515.8681906022716,2529.7331468439547,2
1435,1436,-0.0014965739182712298,1,2526.2118305740014,2524.95737966691,1
1437,1438,-0.005009246589561205,1,2523.99872056784,2513.8793873053464,1
1439,1440,0.0007128684223041864,1,2519.180011177473,2523.4950350687186,1
1442,1443,-0.004232316662242207,1,2532.086568094392,2523.902062490101,1
1447,1448,-6.352969125928006e-05,1,2506.5194122095563,2508.866693217373,1
1449,1451,-0.006337892972754017,2,2505.1415655543096,2491.7693879957833,2
1452,1458,-0.019393311560436204,6,2499.0333739063003,2453.0678744601137,6
1459,1472,-0.00430471525582198,13,2440.2991798467197,2432.2346859183103,13
1476,1477,-0.004570755053711807,1,2397.657209689102,2389.095763090536,1
1491,1497,0.003387849002955263,6,2387.8084698790813,2398.2858128928883,6
1501,1506,-0.0010764008849064375,5,2410.5866134659123,2410.4024425155,5
1507,1510,0.0006902205326664262,3,2423.6560228045378,2427.7525359784026,3
1511,1520,0.002624877517859319,9,2425.7771869822122,2434.57033217064,9
1522,1524,-0.001259297093669104,2,2449.5000288456426,2448.8648806072206,2
1525,1526,-0.0012610968573369462,1,2446.112974383497,2445.4743019731945,1
1527,1528,-0.004204803544188717,1,2445.355798719843,2437.518913789303,1
1533,1536,0.008244431124906908,3,2429.7810778211797,2452.2430216436996,3
1538,1539,0.003954580151997657,1,2450.5730140005066,2462.7145744166946,1
1544,1547,-0.002766931809230987,3,2482.766414075129,2478.3795351232093,3
1552,1555,-0.002680878521698634,3,2483.4275884953804,2479.2532484016847,3
1558,1559,0.00011770213318094145,1,2476.703866289631,2479.4720834842406,1
1563,1567,-0.005432591153348921,4,2469.2066876623317,2458.2617039428096,4
1572,1575,-0.011235027041889858,3,2462.2403406256126,2437.0392441556774,3
1576,1586,-0.01074630028331031,10,2434.7862935953144,2411.0561352522463,10
1587,1588,-0.0054678944608808995,1,2409.951448691253,2399.1840399626535,1
1589,1590,-0.00020945188556935551,1,2402.911154996196,2404.8107718789224,1
1592,1594,-0.010041744048834574,2,2410.0940686798654,2388.3026149772477,2
1597,1599,-0.007293042091071209,2,2363.4752368217637,2348.60178767524,2
1601,1602,-0.002772151142834671,1,2358.5890463431233,2354.409270069169,1
1603,1604,-0.005125456945928293,1,2360.971611963897,2351.231525228181,1
1607,1609,0.006232155778931868,2,2344.570299528613,2361.5265971694607,2
1610,1611,0.0007238201925520561,1,2365.3534707894155,2369.4309148648854,1
1613,1614,0.0004932107577817421,1,2374.1458813716636,2377.690981542271,1
1616,1618,-0.00014200681161286857,2,2382.0150428709276,2384.0587955523465,2
1624,1631,-0.02700801435415509,7,2387.381375756098,2325.2903266665908,7
1632,1635,-0.016310008622364622,3,2320.5883498414582,2285.0601221964266,3
1638,1645,-0.06401256124635613,7,2294.6075182809172,2150.0184214988917,7
1648,1654,0.01057615745102021,6,2150.560282311502,2175.4555067474503,6
1656,1659,-0.0009160554659072577,3,2194.8962598827284,2195.080509426646,3
1663,1665,-0.010303806604806964,2,2206.7995949874785,2186.2679583401487,2
1667,1668,-0.00928489988974232,1,2147.498696329526,2129.7068846170837,1
1673,1679,-0.02878555211894056,6,2125.4060813760225,2066.350499928036,6
1680,1682,0.00619515543768734,2,2080.0939276862214,2095.0605268209133,2
1686,1687,-0.0010712921833962632,1,2112.7929373643137,2112.642311742745,1
1689,1691,-0.0034996519975199957,2,2138.722654217569,2133.376591862813,2
1694,1698,0.010183624988899916,4,2140.6514951563317,2164.591738710088,4
1700,1705,-0.007569080076139844,5,2163.437814201417,2149.226017960179,5
1708,1709,0.0015393453110167953,1,2174.910691253985,2180.433540519701,1
1710,1711,-0.0008994075955810576,1,2191.057621078228,2191.2780248325525,1
1714,1717,-0.00014607884125965602,3,2212.9266252439256,2214.8162901119613,3
1718,1721,0.006965798170353972,3,2215.123242180491,2232.768466850161,3
1722,1726,-0.0036117185305461273,4,2239.1263126880094,2233.2783450049287,4
1727,1728,-0.00476934658387323,1,2227.5052213232802,2219.1089821267256,1
1731,1732,0.0017964953008612443,1,2253.5520322387183,2259.85407990712,1
1734,1736,-0.0028912130079920065,2,2248.643707918245,2244.3910436874908,2
1737,1740,0.00029663527166244054,3,2247.9041379961873,2250.818849788829,3
1741,1742,-0.00019095715632870406,1,2259.182678099298,2261.0104536775602,1
1743,1747,-0.0037722751960692752,4,2261.3446507682124,2255.075581083124,4
1748,1749,-0.00525584000041614,1,2255.9729591372043,2246.371899177851,1
1750,1753,-0.00017056222706318528,3,2249.662440009005,2251.5283950131056,3
1757,1760,-0.005694406592238893,3,2265.853524158487,2255.2166864376295,3
1764,1765,-0.0029166555333300895,1,2237.9168508986836,2233.627535183276,1
1766,1767,-0.0074250511748164315,1,2239.9367558492568,2225.545047564573,1
1768,1774,0.007060050589728173,6,2218.9535780821498,2236.8384561777502,6
1779,1780,-0.007422265839643139,1,2226.688413526242,2212.3880285925234,1
1785,1786,-0.010553993419957906,1,2165.5308804001547,2144.841412618096,1
1788,1792,-0.012155307725018952,4,2140.147482572197,2116.2734788271796,4
1793,1795,-0.0058472047303434645,2,2126.105005772386,2115.799339531199,2
1799,1806,0.010350706404748038,7,2148.128631207432,2172.511408619901,7
1807,1808,0.00021662270562726633,1,2182.3109429903025,2184.9659920342833,1
1821,1823,-0.004424289766421221,2,2160.6602684626537,2153.261541616644,2
1826,1827,-0.0005724071537592341,1,2096.921348409132,2097.8179769768412,1
1829,1830,-0.004773311318192494,1,2115.5952470688167,2107.6124475783377,1
1832,1833,0.0022104522564242767,1,2122.752636931397,2129.567632924464,1
1834,1839,-0.01864856256209789,5,2133.167791389444,2095.5204461676553,5
1841,1842,-0.00018026873318747452,1,2082.297076726607,2084.004000747192,1
1845,1849,0.01773175143187333,4,2101.1993471005035,2140.5584909792046,4
1850,1854,0.003288082099804428,4,2143.2643484967834,2152.4548419847215,4
1859,1860,-0.0008239835334593743,1,2183.931234302193,2184.3156421612225,1
1862,1863,-0.001028781798870609,1,2177.256957976337,2177.194292604483,1
1867,1868,0.002090344917190679,1,2202.422214628687,2209.2284589251726,1
1879,1880,0.0023151021638944955,1,2216.2011293378546,2223.548062497348,1
1881,1887,0.018563724873879174,6,2245.8075254486644,2289.7438859962294,6
1890,1891,0.003738722768440281,1,2290.7083402672615,2301.563372035142,1
1898,1899,-0.0004843675512394381,1,2321.7730821407104,2322.970263680521,1
1900,1903,-0.0023678440435942103,3,2330.190748990717,2327.003411454272,3
1905,1908,0.001206804629302621,3,2321.500317114148,2326.623414760883,3
1912,1914,-0.009223121470500646,2,2327.041432261683,2307.9058878973074,2
1915,1917,-0.002770836863760808,2,2315.3086514892357,2311.208617578194,2
1919,1920,0.0006594393556661271,1,2313.985805770913,2317.825724885462,1
1921,1923,-0.00673707901637266,2,2326.177583282271,2312.8321186808657,2
1924,1925,-0.006499000622283761,1,2309.1205963701755,2296.4227407738076,1
1926,1933,0.004748067931264238,7,2294.292765777388,2307.4805164492846,7
1934,1935,-0.0014524471135889839,1,2315.588836435489,2314.541154950185,1
1937,1939,-0.008312071600848769,2,2312.3392588113006,2295.431268585419,2
1940,1941,-0.0023213868196613843,1,2295.6944654505655,2292.6609650419496,1
1945,1952,-0.011604530069550138,7,2300.4293651896883,2276.034392813658,7
1953,1954,-0.0016366053925957961,1,2270.1894368342214,2268.7442219965187,1
1956,1959,0.029480299310430853,3,2263.4877065835954,2332.479489365744,3
1961,1964,0.0033815166043410253,3,2365.087270160953,2375.4499393058786,3
1968,1970,0.003920712685391936,2,2413.9343485984514,2425.812625969303,2
1981,1982,0.00020922591318303218,1,2421.58125296143,2424.509491763389,1
1984,1986,-0.0001333752345330921,2,2417.0207046385303,2419.1153546398164,2
1989,1990,-0.009197793098678117,1,2429.060688063848,2409.147751118968,1
1994,1996,-0.004131608881141398,2,2394.7687198818858,2387.269240890424,2
674,678,0.004090655953917721,4,1983.7517999003892,1993.850397811647,4
682,684,0.0004622669859462615,2,1990.2298643712936,1993.140111796408,2
686,687,-0.002425579561447679,1,1999.9162689100565,1997.0652291524916,1
689,690,0.0005851322163213967,1,2009.8143440389836,2013.0001655045446,1
695,697,-0.001982953000536845,2,2016.9625871362698,2014.9800077092737,2
700,701,0.0014065416041031827,1,2019.2140657207326,2024.07338837748,1
704,708,-0.006843683465257362,4,2028.4411086604962,2016.5875408935685,4
712,714,0.00016637737261812635,2,1994.5285902373207,1996.8549632540135,2
717,720,0.0025163813706587613,3,1997.931147336494,2004.9566352028469,3
721,726,0.004761027140363759,5,2016.0621255916542,2027.6767142138472,5
729,731,-0.0020115298265884858,2,2047.2560128555258,2045.1851523358598,2
737,738,-0.0026093481288227555,1,2070.3843115622344,2067.0523424444777,1
742,745,-0.0011310001207631578,3,2066.030792146598,2065.760141863326,3
748,752,-0.004182548587883341,4,2067.7369909025197,2061.1563174620087,4
756,760,0.002967876918599754,4,2051.714068967711,2059.855017865534,4
762,768,0.006859916018055215,6,2071.468454028455,2087.7500221111695,6
769,770,-0.00035647695647143525,1,2090.4083403088016,2091.7535662461746,1
771,774,-0.005528694152883388,3,2090.6664071864025,2081.1984184525477,3
776,781,-0.004440309650542991,5,2082.2565116880405,2075.092904515974,5
782,783,-0.004785041415398323,1,2080.7022850739722,2072.8267407518533,1
787,788,1.0575806331637174e-05,1,2072.431646803707,2074.5259960862427,1
790,791,-0.0024980557864557507,1,2077.9392089474172,2074.8263400915503,1
792,795,-0.002359388008467316,3,2076.5649391680845,2073.7420816909757,3
796,800,0.0012602042195278712,4,2071.7694894104525,2076.452111552307,4
802,804,-0.0028245764889638734,2,2073.024584012703,2069.2421920956695,2
809,810,-0.001612265085522974,1,2093.302524926105,2092.0208688766556,1
813,819,-0.005192387904516644,6,2085.597192524694,2076.8535600810596,6
822,824,-0.005723654476558591,2,2080.2491360440863,2070.4227579002545,2
826,827,-0.0027577113508795064,1,2071.2936589957135,2067.652922620292,1
828,833,-0.004488957618624199,5,2066.3210646146263,2059.1117579937154,5
834,835,-0.0008122589459378461,1,2066.393151080938,2066.7810979092287,1
840,841,-0.003956737503081762,1,2078.1534848176093,2072.008930471889,1
842,848,-0.0017117201245327204,6,2080.843905996504,2079.362927512595,6
849,852,-0.004280277998646423,3,2080.168855765386,2073.3453236343494,3
856,857,-0.003321036933428455,1,2078.990309563139,2074.164896270403,1
860,863,-0.0007670377177953233,3,2068.385931550653,2068.867787457747,3
866,868,-0.0020545009255390637,2,2068.5032878545585,2066.3220492230353,2
870,874,0.008916382211008222,4,2081.0772606964556,2101.7140182241596,4
877,887,0.018884210574615114,10,2129.313164527711,2171.65287587048,10
888,889,-0.00442310049650025,1,2175.267753732742,2167.8215936049187,1
895,898,-0.00022021983839481442,3,2164.3342287503747,2166.0219336450373,3
899,900,-0.005474590229766413,1,2168.787083699659,2159.082650204493,1
905,913,-0.0068575717027922695,8,2170.9211324632024,2158.204806268692,8
916,917,-0.0010191212812291077,1,2143.290568043018,2143.249585581311,1
918,919,5.2632416887099e-05,1,2151.650235172768,2153.9151319601137,1
922,927,-0.003567518663235548,5,2161.1784392559252,2155.6295732785534,5
933,939,-0.005842087018620999,6,2148.7799909118144,2138.3754112119477,6
940,944,-0.005646294668647895,4,2134.7641394657394,2124.845396225719,4
945,946,-0.006106100853968393,1,2127.3072426924805,2116.4449973639153,1
947,949,0.002789018799452766,2,2105.54683188034,2113.524788409463,2
950,953,0.0011488963557029987,3,2114.227645629131,2118.77090171195,3
956,959,0.004331317309643644,3,2126.2153933719496,2137.5509223026643,3
960,963,-0.0046540245449757465,3,2142.698982742816,2134.8695080673792,3
966,967,0.0007820270075366389,1,2143.2084729281264,2147.0277283096657,1
969,971,-0.0026470362956484937,2,2153.2243380720274,2149.677899434549,2
974,977,-0.007036860416086546,3,2146.870554447372,2133.9101965787668,3
980,982,-0.0026556163299598663,2,2128.0486687282782,2124.5254366013824,2
983,984,-0.001983630964336662,1,2123.5979366043543,2121.509099918109,1
986,988,-0.001800278778655455,2,2125.5383066106833,2123.8372834106835,2
994,998,-0.004705161589743241,4,2140.9778200216124,2133.045151238376,4
1002,1006,-0.0005625534963520935,4,2144.4677631975987,2145.405853122795,4
1008,1010,-0.000849374286275367,2,2144.8976523243728,2145.2207290641204,2
1013,1015,-0.0024340938383834282,2,2138.5485208651717,2135.481641608315,2
1017,1018,-0.001179391809660485,1,2139.9127920296455,2139.5289092013677,1
1024,1026,-0.005163426504708803,2,2153.1272438032156,2144.1628567683547,2
1028,1030,0.0006466330786073123,2,2141.551661634752,2145.078011440346,2
1032,1034,0.0015345427830207232,2,2148.026565996919,2153.4708312275034,2
1035,1036,-0.0014603884628300269,1,2152.5952397344854,2151.604209720969,1
1037,1043,-0.0054537885447297615,6,2151.357964474099,2141.776271016311,6
1049,1051,-0.0024920290402002704,2,2141.18490455477,2137.990194496736,2
1052,1055,0.00010300341404740655,3,2143.8792419855754,2146.243948108791,3
1056,1057,-0.003240870558525436,1,2145.2627181169037,2140.4554620515732,1
1058,1060,-0.0016588171728337926,2,2142.7311860268132,2141.3195179246923,2
1061,1062,0.00037666663982362215,1,2143.657306679595,2146.608408180915,1
1063,1064,-0.005790954840093532,1,2146.670564204428,2136.3859624747665,1
1069,1076,0.0008038428017922046,7,2146.3915598709573,2150.263312836058,7
1083,1084,-0.0010282340977860373,1,2181.0072938866697,2180.945715113462,1
1085,1087,-0.00283625298349386,2,2187.9279387460756,2183.9103495408835,2
1090,1094,-0.015318765393856341,4,2184.964464461996,2153.678470901452,4
1100,1102,-0.0010666065422876585,2,2146.6282976040798,2146.4853181155995,2
1104,1105,-0.0032727080501341313,1,2156.0893599429996,2151.1891982978486,1
1107,1112,-0.0057597187570779616,5,2154.6624390632314,2144.406851836851,5
1114,1118,-0.007059072170679995,4,2141.3914253101266,2128.416580118497,4
1120,1121,-0.0016178955221825024,1,2125.990477502392,2124.6768375061406,1
1124,1126,-0.002171382403941109,2,2125.721774069161,2123.2317409873417,2
1127,1128,-0.0014123993727051805,1,2124.007626383186,2123.1316869704447,1
1131,1134,-0.0002685619997375489,3,2136.539893318927,2138.1026397859773,3
1136,1137,-0.001056806870930098,1,2144.901787660276,2144.7799425012668,1
1141,1143,0.0002975063052867296,2,2142.021271286302,2144.8005573918545,2
1144,1154,0.004863411090757391,10,2144.987840222209,2157.5647857141075,10
1156,1158,0.001363360342144692,2,2157.8041507501916,2162.90381950619,2
1160,1164,-0.0008451518349072074,4,2165.5567712913507,2165.8921037837895,4
1165,1166,-0.0009884701983615173,1,2165.9700248482513,2165.9949980529927,1
1168,1169,-0.002441621108330884,1,2171.490745103825,2168.360278209138,1
1170,1177,0.007109159539270138,7,2161.705689331641,2179.2353056433794,7
1179,1180,0.000678577598030758,1,2158.8091915515856,2162.432920298947,1
1181,1186,0.01880695730282383,5,2161.18527703833,2203.9917815441195,5
1191,1192,-0.001324530921542738,1,2213.9282763555693,2213.209788171814,1
1195,1196,0.0010884643186997662,1,2213.0323910471434,2217.654230231972,1
1200,1202,-0.002847690326439006,2,2228.0674480238113,2223.950669353444,2
1203,1205,-0.0011489999206949987,2,2224.7457916510966,2224.414304704574,2
1209,1210,-0.0017949673318484445,1,2244.407944682806,2242.623713687442,1
1218,1219,-0.0014720694936531024,1,2279.7732957468747,2278.6970843215076,1
1220,1224,0.004977580085879882,4,2291.7255188628437,2305.424491686701,4
1225,1226,-0.007093871542362971,1,2302.286369631251,2288.256532240985,1
1229,1230,0.001961407195368549,1,2277.5575845540834,2284.302359972848,1
1231,1234,-0.003952933939031087,3,2298.7839088590167,2291.9957518360484,3
1236,1238,-0.005994061849516932,2,2293.2309391122335,2281.778401967081,2
1239,1240,-0.005890749861658474,1,2284.828864190308,2273.654337738856,1
1241,1242,-0.0012141924046625376,1,2278.3847477510926,2277.8967350432254,1
1248,1249,-0.0053912321796097005,1,2301.151012000536,2291.046123626498,1
1251,1252,-0.0027229843310272554,1,2298.38565598003,2294.4255735081188,1
1254,1255,-0.002346711684702747,1,2290.647820791358,2287.5629786055592,1
1256,1262,0.017946004339057565,6,2292.8126969074724,2336.2523362117277,6
1267,1268,-0.004256826988398259,1,2377.678847832005,2369.935159190642,1
1271,1273,0.003981191858405838,2,2375.732113318091,2387.566090778704,2
1281,1283,-0.010335851735782726,2,2374.5674231766343,2352.3988137772376,2
1286,1288,3.1236688033955354e-06,2,2342.6501979809004,2345.000165842222,2
1289,1291,0.0020738208281961923,2,2355.127921596579,2362.367162855049,2
1292,1295,0.0013512087186531188,3,2375.678920839164,2381.2646378305617,3
1307,1310,0.003091662905041517,3,2337.0058115823895,2346.5680515705076,3
1312,1313,0.0037943673651942393,1,2360.699662283635,2372.0177237035127,1
1316,1318,-0.012710866386827321,2,2365.2546066113932,2337.5554259425394,2
1319,1321,-3.0999456868106476e-05,2,2334.2158290009766,2336.4776854070656,2
1324,1326,-0.003926626618546454,2,2338.2694089175343,2331.4261674240634,2
1327,1330,0.005464576624875756,3,2342.1997580558887,2357.3410878626064,3
1331,1337,0.02021029715830957,6,2373.3950224817445,2423.735436182635,6
1338,1345,-0.00036181415249650134,7,2431.941300756593,2433.4933312766952,7
1347,1351,-0.001481584689889859,4,2421.5302905414233,2420.364118627394,4
1352,1358,0.018342856838241276,6,2417.5357570294673,2464.2978050790175,6
1360,1368,-0.005250982846509644,8,2475.734846058637,2465.2105396955353,8
1372,1373,-0.0008336900789045879,1,2471.216512687821,2471.6275005110556,1
1374,1379,-0.012017937185371922,5,2472.9860605092786,2445.738855434287,5
1380,1381,-0.0011910399427580499,1,2445.043215524086,2444.5761146081513,1
1382,1383,-0.0032420496454422343,1,2450.4796075247104,2444.9855105894962,1
1386,1387,-0.004008055069215794,1,2430.693590743042,2423.381930565697,1
1388,1389,-0.0014214333220257222,1,2420.958535733722,2419.938263135521,1
1390,1391,-0.0015276765188393863,1,2432.008264271124,2430.724950616445,1
1392,1393,-6.917025707770203e-05,1,2437.525533980568,2439.7944552467297,1
1394,1395,-0.0005845855226941975,1,2440.5179242318504,2441.5317507097006,1
1401,1405,-0.0032981972024503058,4,2464.665684486562,2459.0013967054997,4
1410,1411,-0.002904319549756017,1,2460.349278180484,2455.6639869508167,1
1412,1413,-0.003458268769781106,1,2450.418461297946,2444.3946741216423,1
1414,1416,0.001209304590453931,2,2449.6577424808365,2455.0697825763405,2
1417,1418,0.0006726427992675972,1,2458.071832457126,2462.183308607768,1
1421,1424,0.00017651616845061092,3,2470.7440457537105,2473.6509160716428,3
1425,1428,0.00024776383658257667,3,2490.4538070292774,2493.561305226368,3
1430,1434,0.011679947657119397,4,2500.6569530760935,2532.36515234951,4
1435,1437,-0.006051290739215514,2,2530.9881888237546,2518.2034316244853,2
1438,1444,0.00015521310661992488,6,2517.192906660578,2520.100800898243,6
1446,1447,0.0006176279392097761,1,2505.516488270057,2509.5694817436333,1
1449,1454,-0.005267447610820704,5,2509.9521494180153,2499.241060114707,5
1459,1462,-0.00804672754552491,3,2445.192755769057,2427.962148622861,3
1464,1467,0.00013045329086018684,3,2412.277768805212,2415.0047361474267,3
1474,1475,-0.009124678076812116,1,2433.494571997554,2413.723211998404,1
1476,1477,-0.004412832115934736,1,2402.064226264368,2393.866384328435,1
1478,1479,-0.0005799204705317309,1,2386.3395465915155,2387.341998985399,1
1480,1488,-0.007037053128888027,8,2390.2355950281494,2375.805615750405,8
1489,1491,-0.0017981009357232354,2,2384.7766298715324,2382.873337411741,2
1497,1505,0.005615697797925223,8,2396.4344558980315,2412.2885420507882,8
1506,1507,-0.00029357058035837426,1,2421.327165043363,2423.037661787327,1
1508,1511,-0.004406003888562157,3,2431.0250729433624,2422.744992091725,3
1512,1513,-0.0024179230642374316,1,2419.0816260776537,2415.651554445765,1
1514,1515,-0.0005686153587945154,1,2424.6214726932744,2425.6674171573313,1
1520,1525,0.0032125854306218043,5,2435.3121028555975,2445.571063139104,5
1526,1529,-0.009747926058277488,3,2452.3741777643663,2430.9209897900546,3
1538,1541,0.008491820508804766,3,2455.9902434273654,2479.3020619893537,3
1543,1544,-0.0015673507898724937,1,2479.470715803561,2478.063986134484,1
1545,1546,-0.0007605443097448069,1,2488.172515261141,2488.768322328257,1
1548,1549,-0.0015232904887935478,1,2475.1119921626255,2473.816789598428,1
1554,1557,-0.002486002040273388,3,2483.286325274018,2479.596156728078,3
1560,1561,-0.001323261171325342,1,2474.5559474220945,2473.7560195680207,1
1566,1567,-0.0015176345216212556,1,2465.1989060953442,2463.9228340388863,1
1572,1578,-0.02012882813234006,6,2463.2373554364467,2416.118511415143,6
1579,1581,-0.005325590152944928,2,2422.314741063562,2411.836800272284,2
1583,1585,-0.0034353645085096318,2,2409.7600280678566,2403.891384021475,2
1586,1587,-0.005034583559137333,1,2417.8115958844164,2408.0567329705696,1
1594,1595,-0.006911339908438579,1,2396.5856867123002,2382.418654098445,1
1596,1597,-0.003978091908260779,1,2371.830100731365,2364.7665727006074,1
1605,1606,-0.005640426391041356,1,2364.4294972489333,2353.4575362101427,1
1607,1608,0.0050052091181491945,1,2342.5785530783955,2356.6462271653227,1
1610,1611,-0.00370002531776651,1,2371.5347662711642,2365.1315623602686,1
1613,1616,-0.0021188113922398946,3,2379.287059800187,2376.6250863322734,3
1618,1619,-0.002260370129013847,1,2389.4563762049065,2386.444776763756,1
1622,1623,-0.0005611280193383728,1,2390.704815257593,2391.7540286150424,1
1625,1626,-0.006186044007288273,1,2385.589633457709,2373.217860635267,1
1627,1628,-0.004915094940241877,1,2372.790651620441,2363.5009509460288,1
1633,1635,-0.00380511020883172,2,2288.5769981543012,2282.157287453081,2
1638,1639,-0.0051289396299785735,1,2294.1909018676656,2284.718326134208,1
1641,1642,-0.006884889239316185,1,2274.725429523225,2261.338922320625,1
1643,1644,-0.018362652342345114,1,2243.3227829050647,2204.372749333822,1
1645,1647,-0.006665616333409236,2,2153.5334048201476,2141.332310787256,2
1650,1651,-0.004598283351029291,1,2167.058982461146,2159.2612902038577,1
1652,1654,0.0004469779313291983,2,2171.9726129579353,2175.115409396337,2
1655,1656,0.0027270646923163826,1,2182.051092578419,2190.183738162398,1
1662,1665,-0.015310039834792934,3,2214.140629392657,2182.4561887862146,3
1667,1668,-0.004757529998113398,1,2145.3607840621144,2137.299526559225,1
1669,1670,-0.0008977387676789465,1,2117.154103706042,2117.3706064937005,1
1672,1678,-0.026512189870781126,6,2125.986842286655,2071.7482623034552,6
1682,1683,0.0022153579515141533,1,2097.2291670517243,2103.9725095301515,1
1684,1688,0.00827621950380842,4,2111.929127177071,2131.5198453372523,4
1690,1694,0.00019960298857885648,4,2137.6722869365053,2140.2366450005165,4
1696,1697,0.0024118958127530357,1,2160.0000181329856,2167.3697131504,1
1699,1700,-0.00571711959720221,1,2165.531802099724,2155.3167295976746,1
1702,1705,-0.004155492185376889,3,2154.475567421132,2147.677136604549,3
1712,1717,0.006252640512959661,5,2200.184669443718,2216.1418179133184,5
1724,1728,-0.010093994093897132,4,2239.0518875283155,2218.689962887204,4
1730,1733,0.0021866784405393295,3,2248.1072189938877,2255.2712138006764,3
1734,1741,0.0002449433876313405,7,2249.3099251311182,2252.1101886491438,7
1742,1743,-0.0035749500085359726,1,2271.513868056806,2265.6648334028637,1
1744,1745,-0.00040181728917992085,1,2262.9612987524642,2264.314963076633,1
1747,1748,-0.0023701250122610514,1,2256.681683211908,2253.589747193028,1
1750,1754,-0.0010641368854080228,4,2251.2080039589027,2251.063618489123,4
1755,1757,-0.0010784392722984067,2,2257.57252321547,2257.395440869588,2
1759,1770,-0.02290137508321425,11,2264.739221112477,2215.138317965226,11
1774,1780,-0.013015271026353033,6,2238.4508559635356,2211.5552622499617,6
1783,1787,-0.03014842208745122,4,2208.1256509093378,2143.7622724145044,4
1790,1793,0.004554199968327984,3,2114.285245263993,2126.0284083062747,3
1794,1798,0.006123345325932175,4,2122.6183336315453,2137.7384770171575,4
1799,1804,0.007273347217195729,5,2149.4079760592153,2167.190774556563,5
1806,1807,0.0037219348583831784,1,2172.364308664907,2182.6220714190995,1
1808,1809,0.0021023896453206637,1,2185.6401079258058,2192.4208151650323,1
1810,1811,-0.0022152409987668104,1,2202.5538625502854,2199.877228794522,1
1812,1813,-0.004466161259489506,1,2202.7719026878513,2195.1367400552626,1
1816,1820,-0.008732494771350952,4,2195.506198614513,2178.5294584132575,4
1823,1824,-0.01101644205493367,1,2156.210507445534,2134.6129498394666,1
1828,1829,-0.0018739984695983229,1,2113.7633893703096,2111.915963402907,1
1830,1832,0.003928308093013177,2,2109.0403910039104,2119.4343918313866,2
1834,1835,-0.004895036772828289,1,2132.869653671911,2124.562047939209,1
1836,1837,-0.0029154890198617106,1,2121.2807094483896,2117.217419541397,1
1853,1855,0.007491562668941664,2,2148.6817090846994,2166.927374473001,2
1857,1858,-0.0035002173857705716,1,2184.4665576835705,2179.0049164174156,1
1859,1862,-0.0032281473238170255,3,2180.5025742393113,2175.644093263944,3
1863,1864,0.00020547862367478222,1,2174.0765962498253,2176.697399112836,1
1866,1872,-0.0008505317987795081,6,2188.740554834977,2189.0677019486466,6
1873,1875,-0.008649054978258505,2,2180.297880124459,2163.6206617704065,2
1876,1878,0.011151221030462552,2,2172.6400335111907,2199.0402627780168,2
1887,1890,0.00030267019307751936,3,2289.9829954599027,2292.9660880507427,3
1891,1894,0.00792392729433607,3,2297.2759678688117,2317.7766915810985,3
1896,1897,-0.00012951693012593188,1,2314.022073804599,2316.036390843161,1
1898,1899,-0.0007281830200049123,1,2324.482812437677,2325.114646335804,1
1902,1904,-0.007482636863738705,2,2338.4316392275455,2323.272436079756,2
1909,1912,-0.007206137704178051,3,2338.0881978623156,2323.5777005418686,3
1915,1917,-0.002587075496419001,2,2314.190236759149,2310.5174421403362,2
1920,1921,0.00029153988914734814,1,2321.4019215835497,2324.400104764018,1
1929,1930,0.000556387407851822,1,2310.780159368876,2314.3766285112315,1
1934,1938,-0.004622083713928891,4,2310.8029967237453,2302.433074823214,4
1940,1943,-0.0019875192238521778,3,2294.0722762499663,2291.806835776263,3
1944,1947,0.0011950085533415254,3,2297.0014196294296,2302.043357392554,3
1948,1949,-0.005716547587494477,1,2301.534282642806,2290.678986674471,1
1953,1956,-0.005850240097301295,3,2272.3151019359507,2261.2938281148377,3
1957,1958,0.006595058832027532,1,2274.7473544226114,2292.02419440745,1
1959,1961,0.011721300097451308,2,2333.9158991889612,2363.606343744757,2
1965,1966,-0.0004966116925494309,1,2381.7972857705495,2382.996254674924,1
1967,1969,0.01284265254183048,2,2395.2100866950273,2428.366147689834,2
1970,1971,-0.001983400543316724,1,2427.17318291726,2424.7862994904553,1
1972,1976,0.0006359508130793622,4,2431.7681226415652,2435.746375679021,4
1988,1990,-0.005364760567706946,2,2426.124363446675,2415.53491149275,2
1991,1994,-0.0092593974690994,3,2411.748719746049,2391.829128474075,3
1995,2000,-0.010357389114276042,5,2393.6876360278357,2371.2889693994916,5
673,674,0.0023050930787889214,1,1978.5815826808775,1985.1209789756153,1
676,677,-0.0018680472148262964,1,1989.4460677129073,1987.719134594782,1
679,681,-0.0016546506033537876,2,1990.5131449719015,1989.210054340562,2
685,687,0.0014205585143517055,2,1995.4188526370897,2000.2488807305383,2
689,691,0.00268562811727462,2,2007.559763146133,2014.9588818562936,2
692,693,-0.003462431939639018,1,2018.2438902125343,2013.2741019952937,1
697,698,-0.0023557336450240485,1,2021.0096690068358,2018.2697182016443,1
699,700,-0.0007566536120591969,1,2023.3189583889696,2023.8113257491457,1
701,705,-0.00348187899251872,4,2026.1784678925433,2021.149738117987,4
706,707,-0.005586529381651407,1,2020.745787886359,2011.47757795737,1
708,710,-0.008988040166779378,2,2020.402649436599,2004.263591919832,2
714,715,-0.0016806437676797543,1,1997.7180996549919,1996.3583652808807,1
718,719,0.0006745404963166282,1,1997.160689413601,2000.5050158656757,1
721,723,0.003104035169013774,2,2015.2783352446559,2023.5491084078515,2
725,726,-0.002465160478431545,1,2028.4025165741016,2025.4305813724661,1
728,729,0.0019188024034434135,1,2036.482017348611,2042.4261059554174,1
730,732,-0.0029778377004536635,2,2046.6320311845943,2042.5841251943614,2
739,740,-0.003101230443294205,1,2067.013868831498,2062.6705963635977,1
742,743,-0.0006537492449477699,1,2063.4898527306827,2064.2043376502334,1
745,746,-0.00047689426494031844,1,2068.1613617159983,2069.2432287853408,1
750,751,-0.0035688121355729073,1,2065.2319271907418,2059.9267343534016,1
760,763,0.002544993024805883,3,2068.355664418043,2075.6879708212227,3
764,767,0.0013715113118024534,3,2077.1220684315585,2082.0479869128385,3
770,771,-0.001352516325742908,1,2091.7610356380446,2091.0236557234293,1
776,778,-0.0010104229441554092,2,2080.2226079721704,2080.2009259280967,2
784,786,-0.002839672293416561,2,2076.45292771118,2072.632934791486,2
790,796,-0.0009336545345982438,6,2073.270862853487,2073.408414973787,6
804,805,0.000494205788215649,1,2070.103816862887,2073.196977968251,1
807,811,-8.617676972852125e-05,4,2085.8167797169735,2087.722847544369,4
818,820,-0.002828465034839741,2,2080.2169859102314,2076.413381886615,2
821,822,-0.0014239414758269512,1,2079.3816353706075,2078.500099251301,1
824,834,-0.005732189510435604,10,2075.3174632713553,2065.496667740839,10
836,837,-0.0010568695863105812,1,2072.5389012169294,2072.4210367870046,1
838,839,0.0013505118843856311,1,2071.1076723947394,2075.9758355925455,1
840,851,-0.0040250803054753745,11,2079.600407110598,2073.3094488757893,11
853,855,-0.0022463002392124455,2,2077.3937146039084,2074.804658320459,2
857,859,-0.003983531688226886,2,2074.852198736543,2068.6618114532253,2
861,862,-0.001710771713472044,1,2067.922825022241,2066.453003972572,1
864,865,-0.004147264568906562,1,2073.550178330057,2067.024167321949,1
866,868,-0.0024396164651304666,2,2068.49177049382,2065.51393568303,2
876,881,0.02101602263287048,5,2124.252790669247,2171.0203881865596,5
884,885,-0.002299152084848011,1,2177.173270162749,2174.3447909697416,1
887,888,-0.002718430922978959,1,2175.2555796749048,2171.517553221409,1
889,890,-0.003640526504291749,1,2175.2164778020096,2169.4727610398013,1
901,902,-0.0008008280143472224,1,2161.2024878119255,2161.6329388028207,1
904,906,-0.003986678995666499,2,2170.7739362960624,2164.2905313761867,2
909,914,-0.004950710278742101,5,2161.1427479707986,2152.6046991025614,5
916,918,-0.0011213671298220687,2,2145.1875435025618,2144.927188247477,2
921,924,-0.00354476686904001,3,2158.9173686608588,2153.4234272680956,3
930,931,-0.0021053075847294574,1,2157.6408240930864,2155.2559673250944,1
935,938,-0.004860637744419912,3,2143.576108356367,2135.3005375244097,3
940,943,-0.006746047573173836,3,2137.612957829682,2125.3301320809596,3
945,950,-0.006128575289135891,5,2122.8811441998987,2111.9937884219826,5
954,955,-0.0008959209699319346,1,2117.170641970406,2117.390995037311,1
956,958,0.0008830263529605181,2,2124.969315192713,2128.9706884124535,2
959,964,-0.0025663607651305537,5,2137.007640867702,2133.6603159442625,5
966,970,-0.0007135291431318545,4,2147.525145448641,2148.1403488172036,4
973,975,-0.0033506376540353936,2,2150.647393861126,2145.592001116563,2
980,981,-0.004925978264615801,1,2128.6994684261053,2120.3422405811652,1
983,984,-0.0036092186792957425,1,2121.3243226794966,2115.789323631917,1
986,987,0.0005082271497337139,1,2125.904375125094,2129.110721821395,1
989,999,0.004991368563166235,10,2129.602067538161,2142.361298417663,10
1007,1008,-0.0019064495193179165,1,2145.1229675597233,2143.178521876901,1
1010,1013,-0.006651207464501979,3,2147.592606751137,2135.4561153811555,3
1014,1016,-0.00012313016348220883,2,2134.717140342444,2136.589009412308,2
1017,1020,0.0022858768528832584,3,2138.140835845646,2145.1665033263557,3
1024,1027,-0.00442915342477715,3,2151.8072072742525,2144.428330219968,3
1028,1030,-0.0011331471932838353,2,2142.3967883132295,2142.1115341939653,2
1036,1038,-0.0025547213245523835,2,2152.939179473097,2149.5919590203057,2
1039,1043,-0.0022796177384973434,4,2146.945591539241,2144.1983218767186,4
1044,1048,-0.005322994614059786,4,2144.6591059742987,2135.3877562101775,4
1052,1054,-0.0015619167322922884,2,2142.2089323132573,2141.0051892701244,2
1055,1056,-0.004021494840328807,1,2153.4639834699587,2146.9573031550703,1
1059,1060,0.0006183897687858017,1,2141.090662817736,2144.555782040483,1
1066,1067,0.0014102073658314182,1,2136.9401954339946,2142.090664433371,1
1076,1077,-0.0034206788107124944,1,2152.65768696972,2147.446794120155,1
1081,1088,0.01149958536382021,7,2158.857254961202,2185.8420755078923,7
1089,1090,-0.0025287661535174115,1,2187.975352741443,2184.6304500774418,1
1091,1092,-0.0069620217181511155,1,2183.7879715063777,2170.7681801924195,1
1096,1098,-0.009176485920368443,2,2151.4860358540686,2133.8944405740385,2
1100,1104,-0.0005329054735577081,4,2146.07634604636,2147.0787665609255,4
1105,1106,0.000332526943712709,1,2149.121699376279,2151.9854619460157,1
1108,1110,-0.0027122089843221254,2,2157.3373288144926,2153.643516457883,2
1111,1112,-0.004795849366229331,1,2153.8688103651743,2145.6930488064086,1
1114,1121,-0.008122701586860952,7,2140.741872214332,2125.4940066840513,7
1124,1125,-0.0001355656779937906,1,2125.136038526969,2126.973079057604,1
1127,1128,-0.0008792956514997901,1,2124.6044137971753,2124.8608627887634,1
1129,1132,0.002863072880622785,3,2126.464356163681,2134.6790429495877,3
1133,1134,0.00028741958629781945,1,2139.744043700497,2142.498792092021,1
1136,1141,-0.0027928702771565237,5,2147.4113146245254,2143.5612847057055,5
1142,1143,-0.0012826000525867805,1,2147.08298824966,2146.4762224842725,1
1148,1149,-0.00016142510230015737,1,2146.9952506935697,2148.795667016282,1
1154,1162,0.004943642712924068,8,2157.667548248259,2170.4919532483177,8
1166,1171,-0.004091126531684796,5,2171.0611615477023,2164.350136789332,5
1173,1180,-0.006432744333986929,7,2169.3731406218567,2157.58749098384,7
1184,1186,0.009634728450719818,2,2180.102878500094,2203.287680607575,2
1187,1188,-0.004613704791080782,1,2215.749857685432,2207.7427918088774,1
1189,1190,-0.00033671633720206687,1,2207.183984984563,2208.6479740625923,1
1193,1199,0.0033129571206344183,6,2216.1813450885365,2225.7396402014533,6
1202,1205,-0.0034079554523368098,3,2225.633552616116,2220.2743261681903,3
1207,1208,0.003991050308611749,1,2230.552770946492,2241.685572042299,1
1209,1210,-0.0009992667235366624,1,2248.4216484973444,2248.423297212019,1
1214,1216,0.0045720213577738035,2,2270.8496454097376,2283.5028681342537,2
1218,1219,-0.0025605768579562947,1,2282.450341274736,2278.888402092708,1
1222,1224,0.0035968393828960795,2,2296.278946038597,2306.8345715318624,2
1225,1226,-0.002922449520467809,1,2296.623050640179,2292.2079087577804,1
1228,1236,0.0035007988911750403,8,2282.981649916998,2293.2568911955173,8
1238,1239,-0.0008224524765000506,1,2281.212097519755,2281.6171210782477,1
1240,1241,-0.002935961717212942,1,2281.846518363753,2277.4289508596453,1
1246,1249,-0.00027189583326769364,3,2292.660245960134,2294.329541438119,3
1251,1252,-0.0032848896501198824,1,2296.0639398916196,2290.8176871593478,1
1254,1260,0.01061296731415308,6,2288.9426716746757,2315.524088104804,6
1261,1262,0.0022322839399127486,1,2330.9363291611853,2338.470577222892,1
1263,1270,0.011774218022625762,7,2342.7020852731307,2372.6282724724697,7
1271,1276,0.0023122626827794114,5,2375.9488541371866,2383.8186208629377,5
1279,1280,-0.00174314064105694,1,2379.921907230474,2378.1532905386694,1
1281,1283,-0.01227149791851032,2,2374.568302356996,2347.8033606796184,2
1287,1288,0.0045560934380457045,1,2339.28700470915,2352.28430188572,1
1291,1295,0.006831119063176959,4,2366.1217665019362,2384.6511477733875,4
1299,1301,0.0003335802189403335,2,2365.9123679921795,2369.06750192588,2
1303,1305,-0.012710573574329684,2,2351.0565761777775,2323.524355165036,2
1306,1307,-0.0009140156885542815,1,2330.330205902418,2330.530577740614,1
1309,1310,0.0013687908236495639,1,2341.57568952597,2347.1223925322,1
1311,1314,0.004227808347134338,3,2356.0551307127066,2368.372135391355,3
1316,1319,-0.013724720687572415,3,2368.2587821485663,2338.1233506298354,3
1321,1322,-0.002399615480591164,1,2342.7440660452944,2339.4651251833943,1
1323,1325,-0.0012191611691390932,2,2335.1088043409427,2334.5970391653163,2
1328,1331,0.011094237777464572,3,2345.7918990337166,2374.1624640370806,3
1332,1334,0.00804218864069358,2,2387.354895293439,2408.9418086089654,2
1335,1340,0.0038333264203948593,5,2423.0345639239117,2434.745880899255,5
1342,1343,-0.0008546176562189999,1,2434.4636366059226,2434.817564635262,1
1347,1348,-0.005514476510520082,1,2420.027394784643,2409.1022379560727,1
1349,1350,-0.0025418389401950237,1,2423.541177900192,2419.8044677389394,1
1353,1358,0.019799818215598602,5,2417.9292826494675,2468.221772186749,5
1359,1360,-0.0015337050223390228,1,2472.0715752757283,2470.752218260422,1
1366,1369,0.00158493217897634,3,2462.90158070163,2469.268014251237,3
1370,1372,0.0013434971064073165,2,2469.124042870181,2474.910427920008,2
1373,1375,-0.005271832616009088,2,2476.379986390073,2465.80130559458,2
1378,1380,-0.005433876793841561,2,2452.591240754423,2441.7167533672628,2
1382,1384,-0.0020446597264483285,2,2445.3206020492935,2442.766074098078,2
1389,1392,0.003196527169043514,3,2426.021301322335,2436.2021656260126,3
1395,1396,-3.027524824137089e-05,1,2441.600862762288,2443.968543552824,1
1397,1401,0.0026515065570446674,4,2454.809007220476,2463.772758406634,4
1402,1404,-0.004202409258911046,2,2465.9867899013852,2458.0896909730527,2
1405,1406,-0.0006341300945083088,1,2457.4647962355375,2458.3639086482854,1
1410,1411,-0.00188585940051077,1,2455.510019285301,2453.334782651669,1
1417,1420,0.0016097758706149377,3,2458.285674788414,2464.701249425555,3
1421,1422,-0.0009353380480193148,1,2469.6234836076924,2469.7831742828,1
1424,1438,0.013119088937246413,14,2482.5943234780448,2517.6462935263344,14
1439,1441,0.004786994357428067,2,2514.9303107927103,2529.4841983105925,2
1445,1447,-0.004437901505084151,2,2511.3696194908116,2502.7357780961415,2
1448,1449,-0.0020229123711963904,1,2506.641670904912,2504.077596129587,1
1453,1455,-0.0035937882305470585,2,2498.2542901226,2491.7743475479665,2
1460,1461,-0.005279227680446508,1,2444.9208934957437,2434.4585203317947,1
1464,1469,0.001109298524548009,5,2415.3124270711696,2420.4070420099133,5
1470,1471,-0.0010988906567361333,1,2428.0152761919157,2427.7751681666878,1
1474,1476,-0.014495833263258893,2,2432.752595676258,2399.920572274251,2
1478,1479,-0.0006515404550836482,1,2382.178963597257,2383.0090565948212,1
1480,1481,-0.003958557828893526,1,2393.544267757719,2386.462828625541,1
1483,1485,0.002360938501350072,2,2361.291356180513,2369.2275112124053,2
1486,1491,0.0026803188837078856,5,2374.42039056851,2383.1590147697802,5
1493,1494,-0.009228807120923735,1,2393.286959390949,2373.593062617099,1
1495,1497,0.010402398364908645,2,2368.2546307210623,2395.2584134500835,2
1498,1501,-0.00045095273090353075,3,2406.647784913045,2407.9691483070287,3
1504,1506,-0.0007003384688611381,2,2418.4589891513747,2419.1837082750603,2
1510,1514,-0.0037837355912902857,4,2429.06573217862,2422.3038554463706,4
1516,1517,-0.0019492948553508334,1,2422.1815341473516,2419.8821696782597,1
1518,1522,0.0059617803466336374,4,2427.9061516441748,2444.808700974162,4
1523,1525,-0.004680044585587981,2,2452.02497369298,2443.0014124648146,2
1527,1529,-0.0037854034923131517,2,2445.3729305797488,2438.561580278904,2
1530,1532,-0.003638115973029878,2,2435.2099451205845,2428.7855788666807,2
1534,1542,0.017250237149803248,8,2429.0402145206062,2473.3707744820163,8
1544,1545,0.0016703209264029646,1,2481.7631418063006,2488.3902458582415,1
1546,1549,-0.004548185882804708,3,2483.8945333006704,2475.081213783237,3
1557,1559,-0.0016956262290348135,2,2477.659934568747,2475.936409331632,2
1560,1562,-0.0030544746324606656,2,2472.8558190034773,2467.775399453602,2
1570,1571,-0.0020759081190279693,1,2466.7195280565106,2464.06556448891,1
1572,1575,-0.00925393851435784,3,2457.241174755771,2436.9592571843887,3
1581,1583,-0.0046440018736351235,2,2412.056194413876,2403.2666571221184,2
1586,1588,-0.0034530298833186372,2,2408.664582933297,2402.7560567324704,2
1589,1590,0.0041064190337511556,1,2400.050078544917,2412.305739947955,1
1591,1593,-0.004489002223855215,2,2409.478771301608,2401.072094510205,2
1598,1601,-0.001037377043895687,3,2355.2622961535803,2355.174263411351,3
1602,1605,0.001890237519557884,3,2357.639717354818,2364.4538561235167,3
1606,1608,-0.0014511201661676176,2,2355.801208032143,2354.738458599718,2
1613,1615,-0.00042339611463781317,2,2372.8446955504037,2374.212887021219,2
1618,1620,0.00022420537277732452,2,2387.10546706325,2390.027774401415,2
1623,1626,-0.0075163802467419156,3,2388.274679366355,2372.7117734219382,3
1629,1630,-0.0083177124940969,1,2354.075088137318,2336.848643452813,1
1631,1633,-0.016609349448942903,2,2323.952335495449,2287.6769513880135,2
1638,1640,-0.00942028972564058,2,2297.1731539675798,2277.830290461209,2
1648,1650,0.000658149851107487,2,2152.1606332615092,2155.729238095111,2
1654,1661,0.017671211143113333,7,2176.765732157019,2217.4085847512165,7
1663,1664,-0.007864497147584967,1,2208.0535664570466,2192.8963890483874,1
1665,1670,-0.031211184558957824,5,2181.631025737748,2115.7213681796366,5
1673,1677,-0.015396069505677998,4,2126.6828657745004,2096.0669914222763,4
1682,1683,-0.0010544689788517464,1,2101.503495031096,2101.3890282816683,1
1686,1693,0.010969382940571367,7,2113.136819630136,2138.42976343011,7
1694,1696,0.005378134505106851,2,2139.832853047728,2153.480994802913,2
1702,1703,-0.0033964711435076635,1,2157.0157714487186,2151.846545396351,1
1704,1705,-0.0030259901781221525,1,2149.0817957312834,2144.7277771211507,1
1708,1727,0.02289439050928411,19,2180.5367241111267,2232.639320116873,19
1728,1732,0.017719883043577488,4,2219.9828979190715,2261.540718126859,4
1734,1735,-0.0036285082003237653,1,2249.4609691998053,2243.5482425959553,1
1736,1737,-0.002571429922026962,1,2243.6059818453496,2240.080312272239,1
1738,1739,0.0008671762340032182,1,2247.4268088074245,2251.6231507324915,1
1740,1741,0.0016877575294815235,1,2250.835698102445,2256.8853986976455,1
1742,1745,-0.004908633564980497,3,2266.9874529389594,2258.1266296890126,3
1746,1749,-0.007607092418911759,3,2263.5284976517146,2248.573155674889,3
1750,1752,-0.0021615676801415773,2,2250.49743175704,2247.8833266760694,2
1760,1771,-0.018699655959324817,11,2258.6459214863557,2218.668665742115,11
1772,1773,-0.0009057645424309553,1,2231.174131300311,2231.38438701549,1
1775,1779,-0.01046375157976228,4,2243.8461998228836,2222.610996804566,4
1780,1782,-0.003697947925632674,2,2217.838211692719,2211.854599690094,2
1783,1784,-0.009957323395668651,1,2207.3976040444104,2187.6252298421605,1
1788,1795,-0.01427414374667912,7,2142.878535021264,2114.4336573157184,7
1796,1799,0.007399059191540537,3,2128.9864508642145,2146.867934083011,3
1800,1802,0.002194171073153456,2,2160.3750134548955,2167.2756208300366,2
1803,1807,0.002909531561713089,4,2170.310499073729,2178.795396468575,4
1808,1812,0.00534985453938335,4,2186.911429693912,2200.797999162983,4
1814,1817,-0.005890549754054952,3,2202.1959526270634,2191.4260037525623,3
1819,1820,-0.003316948757237536,1,2184.99789943971,2179.9353712720367,1
1821,1825,-0.023695555760051116,4,2167.057451703235,2117.87487847287,4
1826,1827,-0.00029928482814011587,1,2094.9323367144384,2096.400287586794,1
1828,1831,-0.0011524419351376174,3,2110.6534811206284,2110.3317290195614,3
1835,1837,-0.004882154138892706,2,2122.316364267299,2114.077205009719,2
1838,1840,-0.012311650097350302,2,2110.1722334281562,2086.3027034784727,2
1841,1846,0.015597339735405544,5,2081.9877076790135,2116.5431649883003,5
1852,1853,-0.004262870823032968,1,2153.1112559664084,2146.0859320705717,1
1859,1863,-0.005060789113301025,4,2179.2625096584475,2170.4129841842014,4
1865,1867,0.0069117965424952505,2,2183.5963457570715,2200.8725157756376,2
1869,1877,-0.011564832298078257,8,2211.52346018056,2188.1590857004867,8
1878,1885,0.029428252605325198,7,2202.758032926298,2269.7841107805884,7
1886,1890,0.0029072497430175995,4,2281.5901750906355,2290.50491771593,4
1891,1894,0.008090291299809864,3,2298.8131047115544,2319.7099854772027,3
1898,1901,0.0005846593257212663,3,2330.4848744466603,2334.1778990364046,3
1903,1911,0.0024098406040902313,8,2334.37972379801,2342.3395865655816,8
1912,1913,-0.01151434227868554,1,2325.571784966689,2301.1199272258955,1
1914,1916,0.00016336069700543816,2,2309.437648715277,2312.124357707977,2
1919,1923,-0.0024756935698500735,4,2317.038538176923,2313.6192993050404,4
1925,1927,0.000233455023333934,2,2294.2114685419733,2297.0412752024367,2
1929,1930,-0.0010549550371891999,1,2308.4604659372126,2308.333604406457,1
1931,1932,-0.001101332769104336,1,2306.7430385727525,2306.509289913042,1
1933,1934,-0.0015190168229775106,1,2312.764829818403,2311.5644659641366,1
1936,1942,-0.01222484011836298,6,2318.761700966907,2292.73397160097,6
1948,1953,-0.015990794813548034,5,2300.152071107219,2265.670963369293,5
1954,1955,-0.0068980340945628245,1,2268.4977207890206,2255.118043888369,1
1956,1958,0.0163281126505241,2,2260.8071417724377,2299.98266260618,2
1959,1962,0.015779466717794288,3,2327.77689641419,2366.8357513740225,3
1963,1967,0.007640523097946827,4,2375.3108789180264,2395.834807432122,4
1973,1975,-0.0022785250614513275,2,2441.557776720815,2438.436183914296,2
1976,1978,-0.006863301994960549,2,2441.2665715102835,2426.9526883513167,2
1980,1983,-0.0034244633257857833,3,2419.7894762119677,2413.9227853707694,3
1985,1986,0.0040378225772152105,1,2409.0767051212592,2421.2132061365623,1
1987,1988,-0.0017791554552746137,1,2432.722427655631,2430.826958704954,1
1989,1991,-0.009460436173258088,2,2430.1012677958947,2409.541551125154,2
1997,2000,-0.004082182279740583,3,2383.1361707852916,2375.7909107094883,3
677,682,-0.0020390986384766253,5,1989.2556882649994,1987.1886553877414,5
683,684,-0.0014615089893308193,1,1994.2520300955287,1993.3316648566483,1
685,686,-0.0005205234586289954,1,1995.1103108212471,1996.0669194127333,1
689,690,-0.00018369973628504753,1,2009.7471717522196,2011.3877288985213,1
691,694,-0.004240553217226136,3,2015.5541580160614,2009.022647504809,3
696,704,0.005531380507389389,8,2016.9472977414002,2030.1207480063001,8
705,707,-0.006489903524771593,2,2027.3892790467526,2016.2591074976297,2
708,709,-0.004481876108346979,1,2016.9187648687798,2009.8961036089065,1
710,711,-0.0032727863524551096,1,2006.377159976719,2001.8170933496463,1
715,723,0.011801056165611893,8,2001.1258967942351,2026.7424217935586,8
725,730,0.004013158629538171,5,2029.4788507994797,2039.6529502138303,5
731,733,-0.0018214036146407993,2,2046.9872263239301,2045.3058236171041,2
734,735,0.002641944451025442,1,2051.440224734156,2058.911456077237,1
737,744,-0.0045062668396792,7,2070.3509547337653,2063.091751834684,7
746,749,-0.0025878935059620092,3,2066.0097893536267,2062.729185825858,3
752,753,-0.0026373193676475642,1,2061.366395781327,2057.9912806576963,1
757,758,-0.002352564816203791,1,2050.5821122211146,2047.8085670033875,1
759,764,0.009682124341900286,5,2054.290970650236,2076.235162233165,5
765,767,-0.00043193844240943253,2,2077.876351312863,2079.0567129894703,2
770,773,-0.0042919817036452985,3,2092.838035306845,2085.948450785922,3
774,776,-0.0026058335328040735,2,2085.3576009808244,2082.0088638172815,2
781,783,-0.003387222973697779,2,2079.5697395858147,2074.6053429280687,2
784,793,-0.0039598405651303965,9,2080.594524517328,2074.4362964440734,9
797,798,-0.0007161057902858618,1,2074.7421943124846,2075.3312016080995,1
804,807,0.006438379023845214,3,2070.6043561209344,2086.006296130187,3
810,815,-0.004138271400145116,5,2092.47579837795,2085.9090414244047,5
818,819,-0.0029759655568704193,1,2077.217134307321,2073.1126247957886,1
824,826,-0.004509338986207784,2,2077.1370543706566,2069.847676326057,2
827,832,-0.007219369063756403,5,2072.567161856597,2059.6771017675887,5
836,841,0.0018870495880027576,5,2070.024570909556,2076.000834494156,5
843,846,0.00010750769242525013,3,2079.1736202046923,2081.4763209829566,3
848,853,-0.004871083324169769,5,2077.5129587215215,2069.470732951268,5
854,857,-0.0023588033153992874,3,2076.6833911267313,2073.8615868498337,3
862,864,0.001764613846599612,2,2065.8304025532493,2071.5416258888745,2
866,867,-0.0031138431994275555,1,2069.623813666824,2065.248953442931,1
869,870,0.002211580836682788,1,2073.597521469029,2080.2570475319717,1
871,872,0.0008321895679787737,1,2088.681844215388,2092.508705301186,1
873,874,0.0018741913428293412,1,2094.4269057709153,2100.446689451671,1
876,877,0.0017711719357541202,1,2123.6555219623615,2129.540536546033,1
882,888,-0.0002918657843346851,6,2172.06124310634,2173.599353991104,6
889,893,-0.0028129547792488264,4,2172.885958002561,2168.9466140202376,4
895,896,-0.0010197088717141239,1,2167.0923866664316,2167.04967572059,1
897,898,-0.004103238701604117,1,2171.555726813104,2164.8168710389673,1
899,902,-0.0034559094104493794,3,2167.9110012275205,2162.586808198589,3
904,914,-0.007067092340315319,10,2169.7310408906483,2156.5670823119162,10
917,919,0.001118644434268832,2,2143.568675765484,2148.1101356098675,2
922,923,0.0001917067470838666,1,2154.4170245773194,2156.9844578815405,1
925,929,-0.005045341802369134,4,2158.768677773292,2150.0357205994505,4
932,935,-0.003146216815468497,3,2148.7211890352373,2144.1095674875764,3
937,941,-0.003480941621913072,4,2137.654910141876,2132.351513102018,4
947,958,0.012470622472644566,11,2106.6315908554025,2135.009229704762,11
959,961,0.0002562572444626686,2,2136.607109215944,2139.291237375467,2
964,965,0.0003306090821092154,1,2138.090316601966,2140.9352789956065,1
969,970,-0.001217956215130253,1,2151.7401178140753,2151.2711326820527,1
971,974,-0.006324126187467732,3,2155.2062270174993,2143.731637104842,3
975,977,-0.006847105097939962,2,2145.137239681208,2132.594396791287,2
978,980,-0.0028462284376636225,2,2131.9189639199153,2127.982954501932,2
983,997,0.0044287555729782425,14,2125.493759146406,2137.0325452367024,14
998,1002,0.0006516104913500134,4,2139.6623669552355,2143.1962557684456,4
1004,1008,-0.0011670713740139886,4,2145.7471574447804,2145.3886645188995,4
1009,1010,0.0006012841577386211,1,2141.2695837529654,2144.6983648148766,1
1015,1016,0.0006276335634573958,1,2131.5639556003616,2135.033360637153,1
1018,1019,0.001284542013845052,1,2136.187549899911,2141.06776010711,1
1020,1025,-0.001457057732883023,5,2147.85044537206,2146.8687537169267,5
1027,1031,0.0014016681537278217,4,2142.133499693613,2147.2781935008607,4
1033,1037,-0.0031190741224996995,4,2149.170440854709,2144.6161893886524,4
1038,1041,-0.002806424828037072,3,2149.8983970780323,2146.0147672357934,3
1042,1046,-0.00560220891890976,4,2147.184041572752,2137.302252026085,4
1050,1053,0.0016825592768208658,3,2139.708575834917,2145.4484709247163,3
1057,1060,-0.0033622943900465264,3,2144.578046815816,2139.511922126806,3
1062,1066,-0.0053904319031946625,4,2148.711815276443,2139.278042371882,4
1069,1071,0.000614072426258267,2,2146.8683114887585,2150.33351243314,2
1074,1075,-0.0028711314220957324,1,2157.4432650082354,2153.4064051236896,1
1078,1079,-0.004765143589939951,1,2151.973051717403,2143.8705641760057,1
1081,1084,0.010021761431237324,3,2157.795305712749,2181.5780107897585,3
1086,1088,-0.003797184209227578,2,2189.2927859348047,2183.168930724612,2
1089,1094,-0.013063965803249273,5,2185.3406528182772,2158.976777914227,5
1097,1102,0.0020708991064080575,5,2142.7795824029517,2149.3598423077824,5
1103,1105,-0.002304715799244071,2,2152.7812043102754,2149.972436660696,2
1106,1111,-0.004665449936366925,5,2156.9588762876783,2149.0526515118436,5
1112,1115,-0.009998613974358445,3,2148.0616719364634,2128.732094157592,3
1117,1121,-0.0064922674011115575,4,2134.054514755478,2122.3337167118916,4
1122,1126,-0.0048324738355664115,4,2132.0963195233917,2123.925116163911,4
1127,1128,-0.0028038558808398525,1,2127.1001308530494,2123.263148772875,1
1132,1147,0.0023323060097754414,15,2140.0188189627315,2147.1500165341936,15
1151,1152,0.0007966270089889175,1,2148.609257914523,2152.469507339056,1
1153,1162,0.00359557187515007,9,2158.603372104195,2168.523389050641,9
1166,1168,-0.0009244691159622774,2,2167.040719953481,2167.204398454805,2
1170,1171,-0.0007018002441916283,1,2161.918551510317,2162.5632350944547,1
1172,1173,-2.7815102221798453e-05,1,2164.5260305196243,2166.6303500373433,1
1174,1177,0.002072658598775478,3,2172.086230046875,2178.76030947891,3
1178,1180,-0.006607764748481281,2,2172.0254138662094,2159.845206317525,2
1182,1183,-0.0005718220494651257,1,2166.3807144835187,2167.3083109379245,1
1189,1198,0.0034152688401206223,9,2208.520434913789,2218.2716463728334,9
1199,1201,-0.001517466371253631,2,2226.2642532349923,2225.112236350419,2
1205,1206,-0.0022042424910216725,1,2227.8361633020277,2225.1533083311447,1
1207,1212,0.009551585487515942,5,2232.634745097985,2256.192581473285,5
1214,1216,0.001908319292181437,2,2272.6575664962083,2279.2671803413714,2
1219,1223,0.007733123897784084,4,2280.791315378483,2300.709748520673,4
1226,1230,-0.005964623718243914,4,2292.677829132769,2281.2955464039646,4
1234,1235,-0.0023454765147151325,1,2295.5328232704023,2292.4442377679343,1
1236,1242,-0.007034981551338786,6,2291.563761386225,2277.7342163625426,6
1244,1246,0.0014611049886524416,2,2289.8389750309416,2295.474509155601,2
1252,1253,-0.0007603398895625085,1,2290.5358414277885,2291.084791500506,1
1254,1255,-0.0020303651186743617,1,2290.451738032864,2288.0917364559878,1
1262,1264,0.001940847479081851,2,2340.9073849250585,2347.7916365067795,2
1266,1268,0.001438181623065232,2,2366.576406342993,2372.346549446518,2
1270,1272,0.0016282714007642726,2,2378.3281108531855,2384.5790026085747,2
1274,1281,-0.004421196095580794,7,2382.7757908269455,2374.623847594724,7
1282,1284,-0.009341933198172427,2,2366.1797805709675,2346.441266906578,2
1285,1286,-0.0022439267170783215,1,2342.9844178161807,2340.069916901161,1
1288,1289,0.00025362766849293416,1,2348.9190091685223,2351.863679029465,1
1295,1298,-0.00532750067218791,3,2388.663083827175,2378.3261427262823,3
1300,1301,-0.0016823728969267903,1,2372.8011769640852,2371.182041751129,1
1304,1305,-0.0025414510710523074,1,2326.6468864110634,2323.0604740760446,1
1306,1309,0.0020666989792539996,3,2333.926321442867,2341.08377091049,3
1315,1316,-0.004674436846189668,1,2370.6871543623074,2361.97621413153,1
1318,1319,-0.006730020844485724,1,2345.4320826232592,2331.9927079005024,1
1321,1324,-0.003029147108823934,3,2345.577548750006,2340.8180268484375,3
1327,1328,-7.680539395330931e-05,1,2334.8111296929137,2336.966614733984,1
1330,1331,0.0036145686508347033,1,2358.1077206542723,2368.9893706172948,1
1332,1337,0.014320386510083962,5,2389.3680694010236,2425.9741117391004,5
1341,1344,-0.00332166470480206,3,2441.152144885139,2435.4846081113074,3
1350,1352,-0.002516439999664409,2,2420.026377692199,2416.3565528928234,2
1353,1357,0.016077018607769673,4,2412.5163792730705,2453.714966373466,4
1359,1362,-0.003521669172615012,3,2472.3843047958135,2466.1497695115527,3
1368,1369,-0.0028697494417358623,1,2472.8754904101493,2468.2518328424726,1
1370,1373,0.0007815024167758884,3,2466.739597615419,2471.1341001701276,3
1374,1376,-0.002935436811762274,2,2469.374440009295,2464.5951218160762,2
1377,1379,-0.008313109633122161,2,2461.6918612050217,2443.689238741065,2
1382,1383,-0.00030319128025137415,1,2445.3588444802513,2447.0627918459995,1
1385,1387,-0.0069792462196815635,2,2436.4681635164247,2421.8999204603447,2
1388,1389,0.00048800873849170036,1,2423.1712017610175,2426.7769016840994,1
1390,1394,0.002053838593521409,4,2430.1415257144304,2437.562785693376,4
1398,1399,-0.0017083108167288128,1,2462.1753688620965,2460.4313834156483,1
1402,1406,-0.002088862073427072,4,2461.1811626176113,2458.501275793804,4
1409,1414,-0.00702900950532962,5,2465.7308591000833,2450.8649443129843,5
1417,1418,0.0005113702345935522,1,2459.4827359822375,2463.1999249818978,1
1420,1423,0.0027873835636651723,3,2465.493525104194,2474.8312947574964,3
1426,1427,0.0018080269715389065,1,2491.49880965309,2498.495005510153,1
1433,1435,0.000527455278996616,2,2524.2567683445263,2528.112457670877,2
1436,1437,-0.0046157817464224805,1,2526.0936068833466,2516.9598037298233,1
1439,1442,0.005320099635962401,3,2512.6550014959926,2528.5352314562465,3
1448,1451,-0.006633341967528837,3,2508.26903143022,2494.139094229611,3
1453,1459,-0.02583781027324012,6,2497.28244350897,2435.255415978401,6
1461,1463,-0.01099412609184098,2,2441.845889642599,2417.4417739246674,2
1464,1471,0.003955137393396405,7,2418.0038671239668,2429.98540850333,7
1473,1475,-0.01241506556987704,2,2443.2429850285375,2415.3532061512947,2
1476,1479,-0.009141006194041165,3,2404.9199154003854,2385.341447472938,3
1481,1484,-0.012350430173084008,3,2391.964150473033,2364.8143284065686,3
1486,1488,1.833497224028053e-05,2,2376.2439253289385,2378.6637376206745,2
1491,1492,-0.0010956043851116615,1,2388.8711831157025,2388.6427965551297,1
1493,1496,-0.0071618528042949655,3,2389.3503447684484,2374.627519646094,3
1498,1500,-0.005113321410414244,2,2409.86378619844,2399.951241890488,2
1501,1502,-0.0019628844561656892,1,2412.999982572693,2410.676542396746,1
1503,1505,-0.003992407276060989,2,2422.0024320263797,2414.7548143261465,2
1507,1509,0.000954897672886802,2,2421.880689174717,2426.6152180979943,2
1515,1516,-0.003956165331223237,1,2426.7658257385146,2419.591904737469,1
1519,1520,0.0010009300832177041,1,2428.7328626022404,2433.5925872511207,1
1522,1523,-0.00020952559801554356,1,2447.953736822603,2449.8887815888033,1
1528,1529,-0.0010269622384405709,1,2439.8834856542,2439.8177009338924,1
1531,1532,-0.0038267789663921003,1,2432.289735615543,2425.4141901507337,1
1535,1539,0.009338819758395563,4,2433.6835121248637,2458.8449273057017,4
1540,1541,0.0004811024845524977,1,2468.6792771501573,2472.3356441611077,1
1543,1544,-0.0008985385298243364,1,2479.904532014159,2480.1561467738725,1
1555,1559,-0.0031891682430475366,4,2479.238311798317,2473.8108420191816,4
1561,1563,-0.004443296847986328,2,2474.8748320807244,2466.35310337226,2
1564,1565,-0.0032775643912540523,1,2466.6429104888803,2461.0249724300115,1
1566,1567,-0.0019748749930584984,1,2465.5645362732052,2463.1609190630206,1
1569,1570,-0.0023901330547189646,1,2469.801525120767,2466.3681723821014,1
1571,1572,-0.0069845192761539086,1,2466.914768872647,2452.1514698857,1
1578,1579,-0.0037700853835032225,1,2424.755169191681,2418.0383903389293,1
1581,1584,-0.004749138546977531,3,2412.913727974479,2403.8673801063987,3
1587,1594,-0.008317068373564374,7,2412.367269412349,2394.71581315991,7
1603,1607,-0.008199268695614432,4,2358.483441992746,2341.5040859796827,4
1608,1609,0.0021319500316399884,1,2357.880463512659,2365.2652273049607,1
1612,1613,-0.0005294237450376025,1,2373.8113318420096,2374.928391088535,1
1614,1615,0.0013437814535771477,1,2374.5918219451014,2380.1573462171923,1
1618,1619,-0.0016389727002387553,1,2389.1601077107343,2387.6334996254077,1
1620,1621,-0.000325178751836238,1,2385.52201383714,2387.13181478004,1
1623,1628,-0.01162016058750645,5,2387.3450873183897,2361.991099113274,5
1632,1637,-0.012945931584132691,5,2316.8136893500023,2289.137191523845,5
1638,1642,-0.01591466539663364,4,2291.895610085241,2257.712753936806,4
1643,1645,-0.0418633902874112,2,2243.6906120048743,2152.0058068423186,2
1646,1647,0.008736435284856906,1,2124.318992082706,2145.0022864735115,1
1648,1653,0.009672232897995178,5,2152.202008946658,2175.17081002967,5
1655,1658,0.002351503160926902,3,2183.5881612667017,2190.9064638913496,3
1659,1661,0.008322772372036463,2,2195.7901093046744,2216.260960670491,2
1664,1666,-0.014019659455154335,2,2193.332319407868,2164.7758795371938,2
1669,1670,-0.0023213604900585,1,2118.840672575012,2116.0409202255423,1
1671,1673,-0.0001595149113666932,2,2120.089730794208,2121.8716345995053,2
1675,1680,-0.021104361489387175,5,2116.2298667212785,2073.6844164860763,5
1682,1686,0.004577390254013644,4,2099.6807481177707,2111.391487058863,4
1688,1689,0.0023597765827636143,1,2128.433254307284,2135.584314513081,1
1690,1692,-0.0015703499164962777,2,2137.263990959277,2136.045002620503,2
1694,1696,0.00699778173670662,2,2139.5106680351064,2156.6220073814065,2
1698,1700,-0.0034194068166367407,2,2166.67448151979,2161.432414509768,2
1703,1704,0.0008404863711438787,1,2147.261478118028,2151.2134836037867,1
1706,1709,0.009552183749920475,3,2159.7416208249315,2182.5316112602272,3
1713,1715,0.004260788526618428,2,2206.011732877329,2217.6170940912357,2
1718,1720,0.0007403379047523496,2,2218.6674426515133,2222.5286736999997,2
1721,1722,0.001316832719932741,1,2231.9883964130668,2237.1595401603868,1
1723,1725,-0.003932630074197465,2,2241.137882475853,2234.565454121281,2
1726,1731,0.0072801136760934785,5,2235.5621099871887,2254.07281838785,5
1732,1733,-0.00030794511091515055,1,2256.8946937354485,2258.456588742398,1
1734,1736,-0.0058357537785978285,2,2249.5146001314843,2238.6365014038875,2
1737,1739,-0.0006618131165874754,2,2246.5502666713364,2247.3100205044516,2
1740,1742,0.0009746975780950372,2,2255.4857005323333,2259.9396026826025,2
1744,1748,-0.006622390684327901,4,2263.8429423725192,2251.1147329025425,4
1749,1753,-0.0012559238453993848,4,2245.8774995406866,2245.302725934708,4
1756,1758,-0.003679779134086068,2,2267.7544180571363,2261.6773370863953,2
1759,1762,-0.009218556754386525,3,2263.4075493922605,2244.8056059892733,3
1765,1768,-0.00937246691003361,3,2237.8364303154763,2219.100218852592,3
1769,1773,0.005164097509927417,4,2217.95478110457,2231.6264706479083,4
1775,1776,-3.461945158170969e-05,1,2243.290028281094,2245.455656838857,1
1778,1779,-0.0047426105072711205,1,2228.8416299189184,2220.4999438157406,1
1780,1781,-0.004133888070124336,1,2215.1370827371343,2208.1950910598543,1
1784,1789,-0.025610319712964392,5,2187.4468191853116,2133.613053610054,5
1791,1792,0.0021809533737315616,1,2111.8987773239332,2118.6166288646414,1
1793,1794,-0.0037433956370944315,1,2124.419492667651,2118.591369500108,1
1796,1798,0.0008639588306641928,2,2128.9223896679637,2132.890613355984,2
1799,1805,0.010225094078571226,6,2147.0099498120494,2171.110338486318,6
1807,1808,1.0866273472409649e-05,1,2183.390425448661,2185.5975411915697,1
1809,1811,0.004041851140904356,2,2192.5155264067334,2203.5698633149977,2
1813,1815,0.0003770985029607405,2,2196.5838491643467,2199.6087614946587,2
1816,1819,-0.005127278563465076,3,2196.6461167184834,2187.5799462894324,3
1820,1821,-0.007449373890985356,1,2179.033950623609,2164.9805459548866,1
1827,1830,0.005340048689126353,3,2097.161916746873,2110.4580254080297,3
1831,1832,0.005127451681553186,1,2109.822407219022,2122.7502420759147,1
1835,1843,-0.023300395978249035,8,2127.132566414091,2079.6966678848275,8
1844,1846,0.01826819680798953,2,2079.9072423311536,2119.983304418753,2
1848,1851,0.006479823838170803,3,2135.357642876869,2151.3297418770794,3
1854,1858,0.013478412407602183,4,2155.335559991529,2186.5413971058565,4
1860,1862,-0.005567723334167393,2,2186.2383383148854,2176.252206442913,2
1864,1865,-0.0013789418334646695,1,2179.7589829233957,2178.9329810578956,1
1869,1878,-0.005083868349561456,9,2210.2812594506936,2201.254761771594,9
1881,1885,0.010530984146835464,4,2244.3592301687404,2270.23890087162,4
1889,1890,7.15443643533951e-05,1,2289.993438680524,2292.4472682441483,1
1893,1894,0.0016538616810999763,1,2316.46182957113,2322.6093988563593,1
1895,1902,0.005418588982680469,7,2321.296053618014,2336.195498893306,7
1904,1907,-0.0030243239575848957,3,2329.08452202467,2324.3697004274954,3
1908,1910,0.0018461242368553528,2,2334.50760177558,2341.1519004421166,2
1911,1912,-0.007687997744349262,1,2336.4981536116043,2320.8716592305736,1
1913,1914,-5.886171348320731e-05,1,2306.3031762426704,2308.4737264621476,1
1915,1916,-0.0014503551830464256,1,2313.7516395254565,2312.709629482314,1
1918,1920,-0.0013339542760862494,2,2319.6840950707856,2318.9094266480674,2
1924,1926,-0.012132215407482314,2,2317.0787795786537,2291.284559488278,2
1938,1939,-0.0028994435715989867,1,2302.394755291704,2298.021486374482,1
1940,1942,-0.003976996289287564,2,2294.491876962251,2287.661183158734,2
1943,1944,-0.0015250194702988312,1,2295.8199538494655,2294.614603673394,1
1945,1947,-0.0010757363660804013,2,2299.729677056468,2299.5555038877606,2
1948,1951,-0.010746280231599282,3,2303.5324114992964,2281.0815390942525,3
1952,1958,0.007283794273102175,6,2278.96278324124,2297.8412420936666,6
1964,1970,0.019342631559170823,6,2380.1414290560206,2428.5597692060255,6
1971,1973,0.004832098280654402,2,2428.679398042326,2442.8436949839092,2
1974,1978,-0.008358956615413176,4,2446.48113954119,2428.4775909748796,4
1981,1983,-0.002586420018048077,2,2418.0384150129357,2414.20239046695,2
1984,1987,0.005810861129063749,3,2412.867339697765,2429.3010440713,3
1989,1991,-0.011098142368057187,2,2432.1450667452714,2407.5849196015097,2
1993,1995,-0.007946099450630476,2,2403.190820250656,2386.498017814353,2
1997,2000,-0.00485924160527554,3,2383.2640366842165,2374.066444957488,3
672,678,0.006867447007802248,6,1973.5617638006067,1989.0886563939328,6
679,680,-0.0018156334535788868,1,1991.0457980012236,1989.4218344407661,1
681,685,0.0009211643828578148,4,1987.412904363877,1991.231051249773,4
686,687,-0.0027458905664606474,1,2000.8157241452889,1997.3225188472775,1
688,690,0.00512692505243131,2,2003.6747101074482,2015.9510748857285,2
692,696,-0.0007726605229705724,4,2016.915962128865,2017.3744867489077,4
699,706,-0.0035872090486884817,7,2020.6671815987315,2015.4392931821114,7
714,715,0.00027768816968871024,1,1995.4370681763664,1997.9866145117337,1
716,722,0.009081866411491245,6,2001.799991848539,2021.9818719488803,6
728,730,-0.00011494718989423576,2,2041.0699245114818,2042.876379183793,2
731,733,0.0008658229227188005,2,2047.8704530461691,2051.691416680221,2
737,748,-0.0061992477255670775,11,2073.705415776145,2062.9237076096747,11
750,754,-0.005419990069161389,4,2066.9915046281512,2057.855422704654,4
757,759,0.0007727506718524164,2,2052.3077973709487,2055.946027397586,2
760,762,0.001113719446500881,2,2063.7694944601567,2068.1317241736924,2
763,765,-0.0001082729467750071,2,2074.325774847432,2076.1755072580654,2
766,768,-0.0009908970297428238,2,2082.58521903815,2082.604176749457,2
769,770,-0.0005419966112377056,1,2091.777089533175,2092.7351305287166,1
772,773,-0.00648595004619042,1,2094.0792746466063,2082.5912603531324,1
774,778,-0.001769780235626054,4,2084.132835943065,2082.5285116775367,4
785,786,-0.00031958084662184617,1,2077.5577152106766,2078.9713252723545,1
794,796,-0.007407460466600967,2,2080.729731450437,2067.3975379544872,2
799,800,-0.0015070329618386007,1,2076.9891675766144,2075.9360656072713,1
803,807,0.003842116930345545,4,2072.644176621609,2082.6801620798105,4
811,812,-0.0029635517356798517,1,2090.0878447120076,2085.9838490968,1
816,818,-0.005215910388514806,2,2086.939139192487,2078.140790795367,2
820,825,-0.007335770254513513,5,2080.3295471591555,2067.149057094679,5
826,829,-0.006158074821054855,3,2070.620997971873,2059.9405799382866,3
831,833,-0.0033519863893898415,2,2062.524010729234,2057.672982328209,2
834,835,-0.0008627568691295508,1,2066.775650572607,2067.0593013336984,1
836,838,-0.0007975199902055028,2,2073.257875507938,2073.6776687828774,2
839,840,-0.0011997181927675658,1,2075.919061742082,2075.504462938739,1
841,843,0.0005553223010089047,2,2075.130867672718,2078.3583649887214,2
845,850,-0.004356421828978205,5,2077.099981831391,2070.1283581114017,5
851,852,-0.002434693658876927,1,2074.1227587724993,2071.147028002756,1
854,856,-0.00538553804660736,2,2083.462174670156,2074.3250720344727,2
858,859,-0.003401172196655932,1,2074.488134105553,2069.506930875646,1
860,863,-0.0019145896498688445,3,2066.5707736874147,2064.6807094470787,3
866,867,0.0010717652145952133,1,2065.3595779177895,2069.6385180469506,1
870,871,0.0010651330590177657,1,2085.3803799594766,2089.686967922758,1
875,880,0.020844176005013194,5,2115.1662188244572,2161.370281988317,5
890,893,-0.003423009213615012,3,2171.2727604985707,2166.0117465946114,3
895,899,-0.0008423885644398496,4,2163.3974475587297,2163.7384237361266,4
900,902,-0.002043000024629136,2,2167.796679150063,2165.5356671603186,2
906,909,-0.004299083222690844,3,2168.620670574512,2161.466210503839,3
912,915,-0.006599353056919902,3,2163.9681699715347,2151.8513481839273,3
920,921,-0.00042407993398178433,1,2155.6787863940795,2156.9202850630536,1
922,925,-0.0009247567886843496,3,2155.7614330109373,2155.9236394239874,3
930,931,-9.565766743786124e-05,1,2152.464019366015,2154.4105836980443,1
935,939,-0.006534336143516258,4,2150.285055795983,2138.3846554928286,4
940,941,-0.0030428397254447744,1,2136.5472539563725,2132.1826303507005,1
942,956,-0.006795115928439743,14,2133.6428711500844,2121.2781633618806,14
958,959,-0.002575114476594792,1,2137.5753688678874,2134.208442959571,1
960,961,-0.002359002426318422,1,2143.8132491978317,2140.8998017905983,1
962,967,0.0019252988770884771,5,2139.6089421387624,2145.8679377746093,5
968,980,-0.010881596757838709,12,2149.1275200901614,2127.8907085554565,12
981,983,-0.004945052425648939,2,2124.2245535705533,2115.844376342867,2
984,985,-0.0015535026643960757,1,2120.5230707473493,2119.3493555777773,1
988,989,-0.0014535246728177493,1,2128.535728441957,2127.5703849721344,1
990,991,-0.002428515207294593,1,2133.4807988157986,2130.433089050219,1
992,997,-0.0018693514975776054,5,2136.6478136464493,2134.79031566986,5
998,1002,-0.0009411136350729374,4,2143.0237623121584,2143.1499571914733,4
1003,1005,-0.0025714598818818166,2,2144.678086224185,2141.3078106521325,2
1006,1009,-0.004487314918129177,3,2149.1989074805383,2141.7039740684545,3
1012,1013,-0.002315643387232473,1,2141.6257840402072,2138.808168239508,1
1016,1018,0.00037384863361632887,2,2136.407435032798,2139.3425354682654,2
1019,1022,0.002173894834961166,3,2142.8776870864,2149.678955509397,3
1025,1027,-0.004660981063050837,2,2150.334067450923,2142.4617351507522,2
1028,1030,-0.00017288515771607404,2,2142.5180925091036,2144.2902010232797,2
1031,1032,-0.003559134361812327,1,2152.1317468538236,2146.624152549303,1
1033,1037,-0.0020055774592977445,4,2148.783226072815,2146.622458095759,4
1038,1039,-0.0033403508422917023,1,2148.8956146524088,2143.86644499066,1
1043,1044,-0.003914225054337811,1,2145.6421470225914,2139.389262920095,1
1047,1048,-0.0008775306674675825,1,2139.1333433980258,2139.3953216307896,1
1053,1054,-0.0016651838810570025,1,2145.4309675567943,2144.003861459255,1
1055,1058,-0.009117883175035452,3,2152.308081061587,2134.8358955028443,3
1060,1064,-0.0036418115899278882,4,2147.462085514965,2141.788895288521,4
1077,1080,-0.0029469404875580394,3,2153.039955793456,2148.8481151321917,3
1082,1084,0.006350310795491935,2,2167.2521632934845,2183.182140265894,2
1086,1087,-0.007002512081436605,1,2194.467326230369,2181.2950095923534,1
1088,1094,-0.014374173856490806,6,2186.763115881052,2157.516965786297,6
1095,1096,-0.002571802200610519,1,2151.857413809361,2148.4751195909353,1
1098,1103,0.0021197003693743874,5,2139.112577922247,2145.7859682217245,5
1105,1106,-0.0024355515034873753,1,2150.9750408581135,2147.887205404246,1
1109,1113,-0.006512682748684801,4,2155.2430260391807,2143.3618549903113,4
1117,1119,-0.004125958603955951,2,2130.4913349583053,2123.831507239139,2
1120,1127,-0.005898062089886302,7,2128.6065490572337,2118.1805020150127,7
1128,1130,0.0028832521057176102,2,2121.854537508114,2130.094233608919,2
1133,1134,-0.0035059298408536966,1,2142.4160859309686,2137.0473415297092,1
1136,1143,-0.005251515634563087,7,2147.1419166225564,2138.01330919441,7
1149,1153,0.00371324411614715,4,2145.7743369560676,2155.8878952243053,4
1154,1155,-0.0008400765129765418,1,2160.101727847049,2160.4471788476917,1
1156,1157,-0.0012347566027531176,1,2157.107456610302,2156.601061392015,1
1158,1166,0.0008711897464481562,8,2164.4933892886947,2168.5435671249866,8
1171,1172,-0.001712400287540623,1,2167.1722470366135,2165.6283529046746,1
1175,1176,0.0020510106634509364,1,2171.349147573751,2177.9739569770736,1
1177,1184,-0.001474214358419351,7,2182.6039450879607,2181.5689229584573,7
1185,1186,0.005084820453612081,1,2193.727322194418,2207.075759074154,1
1187,1188,-0.0017237430789127555,1,2212.5953151014737,2210.9939645557342,1
1190,1193,0.0012376470155237374,3,2209.32610069189,2214.269792647422,3
1196,1199,0.0029038028517659434,3,2217.7800476096254,2226.4378236840735,3
1200,1207,0.0006706180900206817,7,2226.7286064030186,2230.448619494442,7
1210,1211,0.0009646213646254736,1,2250.9865048969164,2255.4088410759205,1
1212,1213,-0.0023665320153026903,1,2262.7577907531613,2259.6656597892215,1
1214,1215,-0.0010205401986612135,1,2275.6959769824816,2275.649233735022,1
1217,1219,-0.002173216750856314,2,2281.180805510769,2278.504485978012,2
1222,1223,0.0006805738190833448,1,2298.7987867115785,2302.6620877678665,1
1228,1230,0.0010416752242870847,2,2280.0323041254746,2284.687389591382,2
1236,1239,-0.007409595067334973,3,2294.929278054271,2280.2197106737717,3
1243,1244,-0.0005988457919814989,1,2286.7767705914753,2287.694120715797,1
1245,1248,-0.0023870129821072505,3,2298.2740845369776,2295.086348545284,3
1252,1253,-0.0036382843721758993,1,2295.7137150570516,2289.6569694396267,1
1254,1255,-0.001133942983996221,1,2289.485594086699,2289.178933554411,1
1257,1258,0.0006192815121423096,1,2290.5351332704477,2294.244154464665,1
1263,1267,0.009865798405565666,4,2344.640048755884,2370.116434859281,4
1268,1270,-0.0023060823952298064,2,2379.7697258540043,2376.6615505103655,2
1271,1272,0.0033919276831372936,1,2375.001281359704,2385.4321152347943,1
1274,1280,-0.003670025971247646,6,2380.698176975475,2374.3416510132483,6
1282,1286,-0.01174640412890442,4,2364.6352125618537,2339.223886950226,4
1287,1288,0.004264041059609388,1,2338.4670219302043,2350.7768083501874,1
1290,1292,0.004462944327130768,2,2361.3468202140925,2374.2467264299694,2
1293,1295,-0.0007446284956638869,2,2382.3200889786494,2382.928465643582,2
1297,1298,-0.0030331534375491347,1,2382.4442550093645,2377.600380282523,1
1300,1301,-0.00593880937675878,1,2373.0971649347152,2361.376890404576,1
1304,1305,-0.0007133757174969412,1,2323.112844098498,2323.7787046506114,1
1312,1313,0.0012787066373501654,1,2363.9997473626463,2369.3866092776557,1
1314,1315,-0.0006995508876541223,1,2369.5121868409683,2370.2241046741974,1
1316,1318,-0.01343425188139721,2,2365.673249025643,2336.257871978175,2
1320,1321,0.0015721391739279772,1,2334.562912509422,2340.567733230687,1
1322,1326,-0.0053562271577827295,4,2341.4971012959877,2331.2970080334526,4
1327,1328,0.00021575950709238462,1,2337.880458765992,2340.7227591601822,1
1329,1333,0.018210136520574897,4,2353.0329108162955,2398.2349942704823,4
1341,1342,-0.0039032477561267995,1,2435.9437660033736,2428.8716177306733,1
1344,1347,-0.008792131836211737,3,2441.042644494106,2422.021718390393,3
1351,1352,-0.0037158720603875147,1,2424.9265938275034,2418.3408034428367,1
1353,1357,0.013573117869511996,4,2418.7264174332217,2453.9748026085786,4
1359,1360,-0.003085411564113654,1,2472.214304740634,2467.0587204405606,1
1363,1364,0.0008199188643274674,1,2457.5995357540532,2462.0721675101345,1
1365,1367,0.0012317252544548165,2,2461.3164360311175,2466.809418080613,2
1368,1369,-0.0030885771671006995,1,2472.299973106409,2467.1363838323555,1
1374,1377,-0.005324511817251646,3,2470.26250974714,2459.579830332025,3
1378,1382,-0.0027444296765681427,4,2452.815289438472,2448.5365256564355,4
1384,1385,-0.004161749418404949,1,2443.7914481245903,2436.0647919347794,1
1387,1390,0.0025812086168392474,3,2419.7718542081097,2428.437562023185,3
1392,1393,-0.0026978725540886,1,2437.451390742293,2433.3129089240265,1
1394,1395,-0.00306331317011621,1,2442.6618608104272,2437.6218844228765,1
1396,1402,0.004082185367361082,6,2451.8065827882706,2464.2671183269167,6
1404,1405,-0.004427495025815936,1,2464.706842427664,2456.2590719851487,1
1406,1408,0.00501022109229888,2,2456.1909411725287,2470.9531917738773,2
1410,1415,-0.0027511772154693486,5,2459.7105998634647,2455.4032107043354,5
1416,1417,0.00010310787104486911,1,2457.4542507182487,2460.1650878449486,1
1419,1420,-0.001005318501741649,1,2464.307814056743,2464.294707631342,1
1421,1422,0.0015244143632391527,1,2470.8083044612267,2477.045648433819,1
1425,1433,0.011820692904275492,8,2494.0562303319266,2526.031759347007,8
1440,1442,0.0026426825653530486,2,2522.7515288873365,2531.941111898332,2
1444,1445,-0.005572691533604077,1,2525.0326908316893,2513.4864952242497,1
1452,1453,0.0011378706230061454,1,2493.4872747937216,2498.8180279873427,1
1455,1456,-0.004751678713838531,1,2494.268444750887,2484.910750920116,1
1457,1459,-0.015311140603484829,2,2474.4478178301056,2439.0356471931527,2
1460,1462,-0.006947627297419628,2,2444.305338404367,2429.7675212504446,2
1466,1467,0.0006512237010528048,1,2410.0574082385256,2414.036952151907,1
1470,1476,-0.014109139377127478,6,2430.8055181511763,2398.939749815042,6
1477,1478,-0.005988124861636162,1,2392.227196467791,2380.294468514408,1
1483,1485,-0.0008667212761098949,2,2365.6421222418057,2365.957412005039,2
1488,1489,-0.00015315874529067252,1,2381.1901337492823,2383.206623789848,1
1490,1491,-0.0012622129612014045,1,2384.749140164226,2384.123828030461,1
1492,1494,-0.00856495366206492,2,2387.8487479342252,2369.784782804083,2
1495,1497,0.008897424053360855,2,2371.574253322209,2395.0467293813717,2
1499,1500,-0.0030163833559115993,1,2410.9620636492173,2406.1006398723407,1
1501,1502,0.002168876794277458,1,2408.101219341904,2415.732195414148,1
1506,1508,0.0006672915253148884,2,2420.662983136678,2424.6989340141054,2
1509,1513,-0.0088238343768723,4,2435.981144729241,2416.9224317076955,4
1514,1527,0.005954674114641299,13,2423.604632524578,2440.4600129265214,13
1528,1533,-0.004127634903490511,5,2436.6807013606744,2429.059653750437,5
1534,1540,0.011925014318442975,6,2435.2032909860195,2466.6783283903333,6
1545,1548,-0.005168371722468541,3,2487.5268338705473,2477.1578973573596,3
1549,1550,-0.0006968392079394193,1,2475.7950951770335,2476.545659179067,1
1552,1554,-0.003357009083296712,2,2485.2252720359916,2479.367573495764,2
1556,1560,-0.0013675166537400409,4,2473.0961996448514,2472.1872956051807,4
1564,1566,-0.0021618755979130578,2,2468.609640530813,2465.7414232287074,2
1567,1568,-0.00045475801855086016,1,2466.7152767198354,2468.060233444985,1
1569,1570,-0.0037253609627325634,1,2469.0776321074923,2462.3485043149904,1
1572,1573,-0.0069040659312345105,1,2458.2876914534054,2443.773798845122,1
1575,1579,-0.006605971643451677,4,2435.2362019039742,2421.5843368109936,4
1580,1586,-0.00587525521159537,6,2419.018215186017,2407.2248840254874,6
1588,1589,-0.0031507935301586785,1,2406.3797627335566,2401.2041367087645,1
1590,1591,-0.005393889109921833,1,2414.100532221986,2403.4932421831995,1
1592,1598,-0.02342319765877807,6,2405.5558778865616,2351.615622957476,6
1599,1600,0.0013267506210575394,1,2352.8505750769477,2358.3250716137636,1
1601,1603,-0.002844214821637748,2,2358.5264069659197,2354.176777608969,2
1605,1606,-0.0047639014825783055,1,2362.2748062573096,2353.3834366117803,1
1608,1609,0.0019858931705912086,1,2357.923111110204,2364.963617624447,1
1611,1614,0.00020168451635039597,3,2368.97400601472,2371.8207653973845,3
1617,1618,-0.00045766537745610945,1,2383.5303321216156,2384.8230031446087,1
1620,1625,-0.005371881266066171,5,2389.7455940832747,2379.297910089838,5
1627,1628,-0.005247810748440921,1,2374.2083598618688,2364.123172071809,1
1633,1638,-0.0021133975640669047,5,2293.9366464518907,2291.3825829776074,5
1639,1644,-0.03851420007354318,5,2289.4410564307327,2203.554506583206,5
1646,1647,0.008654761462490914,1,2124.176718590359,2144.6851381125257,1
1649,1652,0.005114335036060987,3,2162.3938876049788,2175.615488313726,3
1653,1654,-0.0012400228249301085,1,2173.4385091962513,2172.916834345462,1
1655,1661,0.01448952523292148,6,2183.0790236755506,2216.8938812982346,6
1664,1666,-0.01427767193068363,2,2194.576550637338,2165.4376831712043,2
1667,1672,-0.00956801788440826,5,2142.372801705575,2124.016913225492,5
1676,1678,-0.0188010657687218,2,2111.3026425815115,2073.719205383242,2
1681,1682,0.002356243020516855,1,2087.6012557836843,2094.6077529280305,1
1683,1684,0.00115836952447336,1,2107.05706772352,2111.6048754848207,1
1691,1695,0.0030352526133247794,4,2134.677936155488,2143.2919008759663,4
1698,1700,-0.0034957011460627335,2,2164.5833912174394,2159.1812379672297,2
1703,1713,0.022435182229998546,10,2151.8602832524593,2202.289521123977,10
1714,1715,-0.000507412951321981,1,2215.0315994590346,2216.1226953373407,1
1717,1723,0.004276291156159779,6,2221.320553613443,2233.0408876054694,6
1725,1729,-0.006150853732331747,4,2242.0302632751795,2230.481893325588,4
1730,1733,0.0038200649644713315,3,2247.0416334725173,2257.8725201237266,3
1734,1737,-0.0033904587480710676,3,2250.005352811584,2244.626807832749,3
1739,1746,-3.345781840825878e-05,7,2252.7105953685145,2254.887935181857,7
1754,1755,0.0027556597816415533,1,2250.5250935622207,2258.9773001436874,1
1757,1759,-0.0015988811633377365,2,2262.3559972232715,2261.0011148317703,2
1760,1763,-0.007246720406602073,3,2255.325893009907,2241.237502730504,3
1765,1766,-0.0017489140289012354,1,2236.67579295231,2235.0007150728643,1
1768,1769,-0.002638506506086785,1,2216.9485003344976,2213.31601579304,1
1770,1772,0.0037405735234257564,2,2216.6560475179335,2227.1642684873386,2
1777,1783,-0.017784708281867383,6,2239.6760543953974,2202.083745176487,6
1786,1793,-0.01142269021441119,7,2147.8699193859425,2125.4833365953305,7
1794,1800,0.01693460659269253,6,2120.7160284525644,2158.7502361176785,6
1804,1807,0.004941852982087935,3,2168.1545835049387,2181.037439282565,3
1812,1817,-0.004355141532173522,5,2199.85977588925,2192.478934990206,5
1821,1822,-0.003107976066070572,1,2164.160504946668,2159.598506399105,1
1826,1828,0.006474365601304804,2,2094.8566408095103,2110.514365225242,2
1833,1834,-0.005572905572862883,1,2135.138448484911,2125.3746619750004,1
1837,1840,-0.01725337503895024,3,2115.8973229149733,2081.5068501817254,3
1841,1842,0.0013599779516041705,1,2083.879212871154,2088.797121867336,1
1844,1847,0.018054361749460734,3,2087.5330692376037,2127.309679502819,3
1848,1849,7.260988693383666e-05,1,2136.1032414500633,2138.394446906354,1
1851,1853,-0.0020833078384107574,2,2147.9934511381707,2145.6665129956978,2
1854,1860,0.00999686585400721,6,2155.777329961432,2179.4841240701276,6
1863,1871,0.008239805542894506,8,2180.084474301011,2200.228030910636,8
1873,1876,-0.00568009309430957,3,2177.796636268024,2167.6043452698154,3
1877,1878,0.0035054908683341997,1,2189.8209021945277,2199.6871202726525,1
1879,1881,0.012014625361830625,2,2216.7248853582087,2245.5747292713927,2
1882,1886,0.010661351466550003,4,2257.652866763163,2283.9801503319522,4
1888,1891,0.0033669567821020957,3,2288.6488815088333,2298.6433122637886,3
1892,1893,-0.0018579689716950653,1,2313.7442723407835,2311.759151546678,1
1894,1895,-0.002493120768015336,1,2320.7427989691464,2317.2776496987835,1
1896,1897,-0.002515207310673088,1,2317.0493038074164,2313.5384937630974,1
1898,1904,-0.0021982498918417196,6,2324.879528464358,2322.0937418208305,6
1905,1909,0.002778343792639604,4,2324.898785887516,2333.6830527836896,4
1910,1912,-0.009733163494471737,2,2344.472169641776,2323.9975108760555,2
1913,1916,0.0016055624162114712,3,2307.4175199303663,2313.4296402988048,3
1917,1918,-0.003131888552865001,1,2318.519830262208,2313.5770043764815,1
1923,1926,-0.01042634826434478,3,2317.8402544885057,2295.9914850285795,3
1927,1928,-0.00029217631319408807,1,2297.8036421321885,2299.4300819777186,1
1931,1933,-0.0012072732671702822,2,2307.0461511916747,2306.5679621984045,2
1934,1935,0.0027897843790140433,1,2312.407995254899,2321.1715229532233,1
1940,1941,-0.00453270262826997,1,2297.425816718092,2289.3096944971167,1
1947,1948,-0.0030836328814377945,1,2303.1029959938323,2298.3041748620417,1
1954,1957,0.0010781408160235712,3,2269.974255236112,2274.691581387241,3
1958,1965,0.03401014306280652,7,2302.954591586911,2383.581361305516,7
1966,1968,0.010124838155025441,2,2388.7558235393763,2415.3303454681263,2
1969,1970,-0.001440118363348386,1,2433.707382873738,2432.6362635635187,1
1972,1975,0.002005409984730661,3,2433.199661946635,2440.5124245054926,3
1980,1983,-0.003443906098081045,3,2420.290404285845,2414.3754418076837,3
1986,1987,0.0004158516858089611,1,2423.287075869858,2426.7180909614276,1
1988,1997,-0.023273118755864238,9,2433.967187039869,2379.755146835053,9
672,676,0.002791995833814217,4,1978.0390421662744,1985.5397579732908,4
684,685,-6.696607198158411e-05,1,1993.1556210762922,1995.015302894577,1
690,696,-0.001996589403114999,6,2017.162109173767,2015.1518267913993,6
703,704,-0.00157663307648291,1,2028.805076439371,2027.6352003265597,1
706,708,-0.002916582321696136,2,2016.6354832223794,2012.7704353059303,2
709,710,-0.0037166660635510455,1,2011.4165554078445,2005.9522083121033,1
713,718,0.0017473814711443233,5,1997.3487686291342,2002.8362476274788,5
720,725,0.008504887029757761,5,2010.2632641110893,2029.3705893365373,5
727,729,0.0034307176945707184,2,2031.744060964463,2040.7461453262172,2
732,733,-0.004572343687134432,1,2052.6487457994795,2045.3159790105183,1
739,740,-0.00275398759282906,1,2067.267445356178,2063.641483905964,1
742,744,-0.0014143105613441224,2,2064.77736063588,2063.9219015685444,2
745,746,-0.0007546418761641513,1,2068.0060840613537,2068.51348615422,1
749,752,-0.0031042355554982116,3,2065.952176213706,2061.6049261885582,3
753,758,-0.005924161500151115,5,2063.3202297541607,2053.1601077163223,5
761,762,-0.0008219008325960678,1,2069.117541914683,2069.486050026159,1
764,767,0.0002787355456989077,3,2078.8584150729293,2081.5167252227584,3
771,772,-0.0022770517410739054,1,2091.5978285982783,2088.9267499496405,1
774,776,-0.00485385778048645,2,2087.10663178307,2079.063219651468,2
778,784,-0.004128876516948075,6,2085.8058971290343,2079.2796680385954,6
787,788,-0.0024510771120854627,1,2076.9801096093397,2073.966251310029,1
789,790,-0.0011955333321350106,1,2076.90406821425,2076.4979642412673,1
794,796,-0.005076886975301512,2,2078.3501941951063,2069.876995358277,2
798,801,-0.002051326242514757,3,2076.0474929655406,2073.864889755479,3
808,809,-0.0014896073577419595,1,2090.0286795736015,2089.0053861541905,1
811,815,-0.003978155112042367,4,2089.470889211218,2083.24812080105,4
821,825,-0.007798825444989684,4,2078.9059824330934,2064.771863541986,4
831,832,0.001078679947223759,1,2058.3202712698526,2062.5988603427054,1
833,834,0.0013879068182754452,1,2058.477000342806,2063.392451607188,1
838,841,-0.00017628723719892816,3,2070.978895952936,2072.684787701024,3
842,849,-0.0028112842778825727,7,2077.5967227872848,2073.83360450752,7
857,861,-0.002410651122520081,4,2074.6154609131927,2071.688902284458,4
863,865,-0.002802404022339543,2,2070.4005766469622,2066.6688783197596,2
866,869,0.0010934851996479366,3,2064.2445469260333,2068.566012333477,3
870,874,0.008042104897183714,4,2080.6227659711462,2099.435975272526,4
880,881,0.0017455056253506728,1,2164.9469683482866,2170.8908424284728,1
882,886,-0.0043668792847485,4,2178.4213807417686,2171.086898921496,4
887,889,-0.004094721767333493,2,2172.1632041190314,2165.4409633690434,2
890,892,-4.17119398419722e-05,2,2169.252104858157,2171.3308732497153,2
893,894,-0.005095804385610085,1,2168.1498394400983,2159.2695218190597,1
895,896,-0.0013441060567030401,1,2166.5670136700537,2165.821484838397,1
897,898,0.00013940665536343942,1,2166.3836647583967,2168.852056724093,1
899,900,-0.0011272218394213363,1,2163.440053403102,2163.16481658003,1
901,902,-0.00039215657841102074,1,2162.0477834109975,2163.361969933305,1
903,905,-0.0006694633882070957,2,2170.0286684102234,2170.745942333773,2
906,907,-0.0018395441625496788,1,2167.158958289309,2165.33953263656,1
909,911,-0.0008479927898418841,2,2165.0108368268093,2165.3399340840774,2
912,915,-0.007202738029926409,3,2163.268117158467,2149.8499317392407,3
917,922,0.006399238947754823,5,2139.5279486912586,2155.358827219025,5
926,928,-0.0034410345401504573,2,2156.1962646885863,2150.932915131138,2
930,933,-0.004367523504785092,3,2153.5149191713194,2146.2629070631046,3
935,938,-0.003524213413011078,3,2145.831445884567,2140.4149093668043,3
941,943,-0.003318625998823363,2,2135.639334596699,2130.6875857113932,2
944,946,-0.007568578357185908,2,2129.755006354517,2115.765543713668,2
947,953,0.002263209111203202,6,2109.961223494631,2116.8464681834243,6
955,957,0.001227991482785535,2,2120.7453988709062,2125.470401556747,2
961,963,-0.0036163197365615568,2,2144.786196495951,2139.174750039354,2
964,966,0.00029171859841825055,2,2137.4698293165443,2140.2308388486304,2
972,974,-0.003527537158774636,2,2151.497551795683,2146.059561786507,2
975,982,-0.01049372370081681,7,2142.9592922395,2122.61462881688,7
984,986,-0.0005498284087641389,2,2121.510405137423,2122.465448852327,2
988,989,-0.00013083904915182042,1,2125.7309520833473,2127.5785544189075,1
991,994,0.0022392503267083938,3,2134.1206182395263,2141.0335691493938,3
997,999,0.0004964758345887155,2,2135.277081770618,2138.472472323639,2
1001,1002,-0.0033312777060323768,1,2146.386862891505,2141.3830390495255,1
1003,1004,0.0013344591981247931,1,2142.3939935845583,2147.395324948889,1
1006,1010,-0.005606697290380484,4,2151.346662327134,2141.4360594871223,4
1013,1014,-0.004438653113688808,1,2141.1559588574964,2133.7932662526778,1
1016,1025,0.007420127106721822,9,2133.101127744331,2151.0621103714298,9
1026,1027,-0.00026947874120369464,1,2142.8438402359316,2144.4092332155046,1
1030,1031,-0.0010037191303514563,1,2149.526069292206,2149.5180749245606,1
1037,1038,-0.003133725141812117,1,2151.4463444866615,2146.8557493301705,1
1039,1048,-0.003805306040774466,9,2143.9637053761244,2137.9492310422315,9
1049,1050,-0.0007927925826037664,1,2139.966794900253,2140.410211893138,1
1053,1055,-5.606261046047119e-05,2,2147.0931971559744,2149.119918703596,2
1056,1060,-0.005764751506075775,4,2150.7067152868863,2140.459132226096,4
1068,1069,-0.0023284520201446654,1,2145.5073831527184,2142.657179535334,1
1074,1075,-0.002061512552725281,1,2156.178119565839,2153.8893094260084,1
1076,1080,-0.007778769749550987,4,2159.4557673868917,2144.817313955436,4
1083,1084,-0.0003756850133262798,1,2180.3853426950013,2181.7465899411695,1
1085,1087,-0.0037850894215095,2,2189.4488671194545,2183.351056240704,2
1089,1091,-0.0016233693041961335,2,2181.787939778755,2180.4278801488317,2
1093,1096,-0.012162443537594578,3,2171.4674288037986,2147.2285462360505,3
1103,1105,-0.00019044522537187483,2,2146.1995287611794,2147.9369948369927,2
1107,1109,-0.0031089823924205914,2,2157.693715089783,2153.143177036422,2
1110,1115,-0.013159408807686276,5,2156.9248165613635,2130.69788594935,5
1117,1118,-0.003150199276971092,1,2134.0380631850567,2129.4494560845674,1
1123,1128,-0.004220518531911251,5,2130.501490041048,2123.640170510106,5
1129,1131,0.002636401496267594,2,2128.141183894858,2135.879959680242,2
1135,1138,-0.001025948924396476,3,2142.478699400436,2142.4231043826444,3
1141,1142,-0.0035457158852572205,1,2148.1568382173573,2142.6882412302834,1
1148,1149,-0.0019872451278753075,1,2148.694632733215,2146.573344425757,1
1150,1151,-0.0022727598076872618,1,2146.786990269605,2144.054646072724,1
1152,1156,0.0009446147550004895,4,2151.8454870215664,2156.02999750611,4
1157,1162,0.0017911802652576625,5,2160.5290604167094,2166.55948649266,5
1163,1166,-0.001362158509488808,3,2168.891203876816,2168.1057214711764,3
1169,1172,-0.00153513034517744,3,2166.956855951241,2165.797251580931,3
1176,1185,0.005738105645565355,9,2178.3067258999986,2192.9843867475583,9
1186,1194,0.00491453479176639,8,2205.4933761211378,2218.5378434272166,8
1195,1196,-0.0024483292315307715,1,2216.209449285941,2212.9996483573454,1
1198,1201,-0.0022224646232896746,3,2223.764308342208,2221.0458351447255,3
1202,1203,0.0002502495886015669,1,2222.794197631628,2225.5732451627628,1
1205,1208,0.00558470138001655,3,2224.098463343097,2238.743487563965,3
1210,1212,0.0024055046277848082,2,2247.489072319805,2255.142906756486,2
1216,1220,-0.0002798769973675376,4,2285.1647955864214,2286.810395320529,4
1225,1226,-0.006586869357175707,1,2305.3410523727593,2292.461413089419,1
1230,1235,0.006238877792174195,5,2282.6749384959717,2299.1989434150028,5
1237,1238,-0.0053039470353242945,1,2292.6529825128177,2282.7855255057043,1
1241,1247,0.005591166865061328,6,2283.339141466126,2298.389010757055,6
1248,1254,-0.001982546440090935,6,2293.8287226827642,2291.574929437114,6
1258,1263,0.019037769596273412,5,2295.931194654002,2341.9365349413756,5
1264,1268,0.00968488044701402,4,2348.9929126692177,2374.0916211119716,4
1273,1274,-0.0028594839301349295,1,2388.4394991099016,2383.998234243207,1
1279,1283,-0.011773182021783485,4,2377.6398601263027,2352.025113130914,4
1285,1291,0.009783108770157999,6,2341.0670993770827,2366.311080547904,6
1296,1301,-0.007553119007410342,5,2383.2042323756505,2367.586811421929,5
1306,1312,0.00998206015457527,6,2335.4716782276378,2361.1199686872405,6
1316,1318,-0.013463831793619683,2,2365.8495009183102,2336.3619506898453,2
1319,1324,0.0008964124812558423,5,2340.235940985964,2344.6739936335334,5
1326,1329,0.005264818533158793,3,2333.975301082232,2348.5972328043867,3
1330,1331,0.004590519726739471,1,2361.4720781272536,2374.6739343641684,1
1334,1336,0.0030524959677657726,2,2413.483868633115,2423.2645022790184,2
1339,1342,-0.0012451706352840514,3,2433.4796885036612,2432.88307074248,3
1348,1350,-0.0006218435453007529,2,2418.694460272937,2419.6091051950343,2
1352,1353,-0.003992713077733015,1,2421.906982504494,2414.6589098049,1
1355,1356,0.001629494847709289,1,2429.709357198079,2436.0982654342624,1
1357,1359,0.006821922261579985,2,2455.033452971221,2474.23653378994,2
1360,1363,-0.007426824414618334,3,2467.938315002116,2452.077308785488,3
1366,1367,0.005109189742223076,1,2460.1774778176987,2475.207168829231,1
1368,1372,-0.0007491970746067952,4,2473.083133801755,2473.703390286453,4
1376,1377,-0.003873340159280377,1,2466.3763460740497,2459.289607870976,1
1380,1384,-0.001382255851953478,4,2443.7537483177575,2442.81960914673,4
1387,1388,-0.0024527438533991424,1,2422.7345216713,2419.2149089865243,1
1391,1401,0.0120593700276403,10,2431.7112202146036,2463.467836839751,10
1402,1403,-0.00170571924235948,1,2461.174788217757,2459.4378898109017,1
1404,1407,-0.0011083094451920037,3,2460.291315227538,2460.024842440175,3
1408,1409,-0.0033594934096766327,1,2468.9248926085284,2463.099480595432,1
1411,1412,-0.003423678395902836,1,2453.911253730694,2447.9637620395642,1
1413,1415,0.002204309096891988,2,2445.2638566594005,2453.0992378795954,2
1416,1417,-0.0011056785570489043,1,2457.757444444524,2457.497712184219,1
1422,1424,0.0008068894329804177,2,2477.239246712596,2481.7153441304454,2
1427,1431,0.004179523039311054,4,2492.0560391641516,2504.9637008342565,4
1433,1434,0.001083262019197376,1,2522.0256861945636,2527.279726518053,1
1435,1437,-0.005617207164472976,2,2527.663735977043,2515.9929888659112,2
1438,1441,0.0022680898694306846,3,2516.550213868701,2524.774526128559,3
1443,1446,-0.010372055771356501,3,2527.2495887614787,2503.5640646674683,3
1448,1449,-0.0010657865577236275,1,2508.5010684302206,2508.3360427798825,1
1455,1456,-0.0066107389980963605,1,2495.2888032975698,2481.288389097395,1
1457,1458,-0.010259835239051458,1,2475.410960975084,2452.4890633275127,1
1459,1460,-0.0005492102076055616,1,2437.767642705559,2438.86656347512,1
1461,1465,-0.016901727106206393,4,2442.9303142554995,2404.0835030587295,4
1468,1471,0.0025393633249728887,3,2417.7669714236013,2426.3243271705887,3
1472,1476,-0.016573913480545963,4,2438.8918432998776,2400.908752743916,4
1480,1482,-0.010471673417501777,2,2391.1226352859767,2368.4747025833517,2
1485,1487,0.002198562377906142,2,2367.6393565392946,2375.212398709571,2
1488,1489,-3.3742475712100696e-05,1,2381.267674071221,2383.5685918786357,1
1490,1492,0.0009616962431560636,2,2384.989995715628,2389.668621630188,2
1493,1496,-0.0035091610477019164,3,2386.734566358524,2380.7458649534133,3
1500,1502,0.001796325419141234,2,2405.099508471705,2411.8249493628086,2
1508,1509,-0.0006178796044260311,1,2424.1836058607505,2425.109935859166,1
1510,1517,-0.006241549477023117,7,2431.47347043987,2418.7287819424905,7
1518,1519,-0.002079636380732583,1,2431.587709849157,2428.9624792946615,1
1520,1528,0.0007080041165509791,8,2436.206093831446,2440.367143868477,8
1529,1532,-0.004179708472350534,3,2433.0975235401465,2425.360982730491,3
1542,1544,-0.0030550860659126298,2,2481.68902298555,2476.588938454484,2
1546,1555,-0.0037594032374743186,9,2486.4652654638035,2479.604105160415,9
1559,1563,-0.005817624100558125,4,2480.1709278553576,2468.222396619818,4
1567,1570,-0.0026902367148247293,3,2470.0270423919524,2465.8521119982915,3
1571,1573,-0.01013529969701154,2,2464.6167609168156,2442.1017481675626,2
1574,1576,-0.004542546484797433,2,2446.8830530429746,2438.2148560847068,2
1578,1579,-0.00432793899204811,1,2424.7721738355062,2416.702679971366,1
1582,1584,-0.0029211282982520175,2,2407.2487242601405,2402.6240906150333,2
1585,1587,-0.003638665498258193,2,2412.7248944097028,2406.3585204740352,2
1589,1599,-0.022557573942229573,10,2400.3915898726536,2348.644970683668,10
1601,1602,0.0021029554750836166,1,2355.0970743611147,2362.404835722357,1
1607,1612,0.011081359296129606,5,2346.402067365589,2374.749793794614,5
1613,1614,-0.0035335943162124045,1,2383.146498661895,2377.1085722381836,1
1615,1616,0.0014352013187081164,1,2377.396223952804,2383.1856623724657,1
1617,1618,-0.0012528349986585237,1,2384.2631799829796,2383.660354805067,1
1619,1622,-0.0007730776656793323,3,2389.6998000935014,2390.2420763504642,3
1624,1626,-0.009298346633980832,2,2391.2593231354494,2371.415824380333,2
1627,1628,-0.0033842473286917227,1,2370.5922984603794,2364.940220105358,1
1630,1632,-0.009434563321311557,2,2336.7401513206746,2317.0307685489092,2
1633,1634,-0.0031031000565796434,1,2295.8678318275383,2291.0393920605225,1
1636,1642,-0.011250766541766662,6,2287.6982639890675,2264.2476031669107,6
1644,1645,-0.024483407523360104,1,2206.138138960903,2154.3304979908567,1
1646,1649,0.01812653050849791,3,2121.9520695725428,2162.5376505687923,3
1650,1656,0.012977516165578358,6,2162.0344856221154,2192.2543575954364,6
1657,1658,-0.0047017281541379685,1,2197.2910301708785,2189.15725610166,1
1661,1664,-0.013395707133544082,3,2218.8612392481073,2191.356885156415,3
1669,1672,0.005037031020812927,3,2117.6417446507644,2130.4260135541895,3
1676,1677,-0.012486703961490531,1,2113.880474047937,2089.598954832573,1
1680,1681,0.0038278847214578823,1,2077.299327057656,2087.328288740652,1
1686,1687,0.000433496131409798,1,2115.089817566759,2118.121790637825,1
1692,1693,0.0009756694488520143,1,2135.133285132972,2139.3516027336364,1
1699,1700,-0.0013795338957413865,1,2159.860193570656,2159.0404534171334,1
1702,1703,-0.0041477064374841575,1,2155.2028862555403,2148.4189402563893,1
1705,1706,0.003914119158314124,1,2149.553153424067,2160.116313757123,1
1708,1712,0.00920833161988038,4,2176.986727640555,2199.210130088388,4
1713,1719,0.005066505914367956,6,2205.71697553552,2219.097970613028,6
1730,1732,0.002084263303833813,2,2249.0961641689046,2256.032968934844,2
1733,1737,-0.008296030128591196,4,2261.019811178442,2244.5233425147426,4
1738,1742,0.005297152104065891,4,2250.962644550917,2265.1372987042246,4
1744,1746,-0.00037909070863740267,2,2257.5933789389555,2258.9951396440574,2
1748,1751,-0.004008262945593956,3,2252.7449446584474,2245.9680955155573,3
1753,1755,0.0034960132788347488,2,2249.1216238178936,2259.233704504293,2
1761,1764,-0.0063580656121305125,3,2248.4521351328485,2236.404781067072,3
1765,1767,-0.009664760998028262,2,2242.8528388840523,2223.419055081373,2
1768,1769,-0.002511188637104162,1,2218.729331101354,2215.376412547384,1
1774,1776,-0.0010211143678461048,2,2241.832533529496,2241.7851986527335,2
1779,1782,-0.008419275260858658,3,2228.604898544614,2212.0702653546136,3
1783,1784,-0.013187984600938434,1,2207.6745976125867,2180.7674936130015,1
1786,1790,-0.017072943310736867,4,2146.545464004749,2112.0441604478815,4
1793,1794,-0.0022456420171203034,1,2122.789690096204,2120.1454540647105,1
1796,1797,0.003038017378877313,1,2125.4955648619566,2134.078352891596,1
1798,1801,0.008890081340445458,3,2140.018397126345,2161.1833531439743,3
1802,1807,0.0056565922604437605,5,2170.5546830063968,2185.003180510167,5
1808,1809,-0.0006010184253374629,1,2189.808847679162,2190.682541061419,1
1810,1811,0.00013199456243479218,1,2200.893983125462,2203.3853831468555,1
1815,1816,-0.004728680959054451,1,2201.3753025128885,2193.167076338676,1
1818,1819,-0.002040941773701491,1,2190.3211092670176,2188.0411125265614,1
1822,1824,-0.011314071819222178,2,2158.59924176452,2136.335294156042,2
1827,1831,0.001963841110456383,4,2099.834720432347,2106.058296901928,4
1834,1836,-0.008029236602901203,2,2131.8438773563694,2116.858642341985,2
1837,1839,-0.009638679688681494,2,2116.751055959054,2098.4651216059456,2
1840,1842,-0.0037195366253994,2,2086.724403299124,2081.049479857237,2
1843,1848,0.021878455446252675,5,2084.66378061607,2132.3576680413116,5
1851,1852,-0.0033424928231780495,1,2151.7643574733465,2146.723864908795,1
1853,1855,0.0056294313300706165,2,2150.8637253154516,2165.1227286827702,2
1857,1859,-0.0020279588244076917,2,2181.448367354567,2179.205928255355,2
1863,1867,0.008192562349271893,4,2174.912725396451,2194.905746228883,4
1869,1874,-0.018709731300259897,5,2209.9579638201153,2170.8202020959916,5
1876,1884,0.03892517067946237,8,2173.287787000749,2260.056672832345,8
1885,1887,0.005322975080482115,2,2271.8913498271113,2286.256462217631,2
1889,1890,-0.0002555876908697508,1,2287.218534694252,2288.921168325149,1
1893,1897,-0.005043407947676143,4,2319.713855604927,2310.3343061648397,4
1900,1901,0.00013035978953838913,1,2331.2533451281897,2333.8885001687495,1
1902,1904,-0.008644418443561933,2,2335.410435042941,2317.557580440012,2
1911,1914,-0.01269326133820339,3,2337.6594551849275,2310.324592255728,3
1915,1918,-0.00381408335101821,3,2316.0792365933603,2309.561596574024,3
1924,1925,-0.005413941692787177,1,2307.2100385131844,2297.026147930174,1
1928,1930,0.0009095829538681673,2,2305.8900846921556,2310.2933730913774,2
1932,1934,0.0024513745275602746,2,2304.9176639138664,2312.8727980272224,2
1937,1940,-0.012804312445774485,3,2319.4914874254473,2292.111485192563,3
1941,1943,-0.0017494253173305503,2,2291.498147891295,2289.7808411646492,2
1945,1947,3.92489074346079e-05,2,2298.373426131862,2300.762008203846,2
1957,1958,0.007462068387789736,1,2281.0858683976076,2300.388573014409,1
1960,1961,0.0029135635160453185,1,2352.40388892478,2361.610170959479,1
1962,1963,0.00023416866420729755,1,2374.387935542342,2377.31833072906,1
1965,1966,-0.003742740893614385,1,2388.0938068863306,2381.5438843443962,1
1969,1971,-0.0030744374417966533,2,2428.864117770738,2423.825591103798,2
1982,1983,-0.0027483420741129354,1,2419.947724249846,2415.716827826386,1
1987,1988,-0.000993004868739017,1,2428.7950334023253,2428.81202314239,1
1989,1990,-0.008438700602945843,1,2432.721287285985,2414.6250019794516,1
1992,1993,-0.0017069720676690858,1,2398.5797922612182,2396.884063346014,1
1994,1996,-0.008134838244230912,2,2396.746400966644,2379.6460030833045,2
1999,2000,-0.0005102027602931799,1,2371.425861423895,2372.58737926499,1
672,674,0.0018454799062502204,2,1975.6770807395524,1981.2988301740359,2
676,677,0.000933784864273706,1,1985.4502872735416,1989.289720987839,1
678,680,-0.0037966748761544588,2,1993.0168905044977,1987.4430702390723,2
682,683,0.0024673027571323397,1,1985.248414843474,1992.1318721458533,1
687,688,0.0013695186743398298,1,2000.6776784266115,2005.4183215469782,1
689,690,1.199998311141948e-05,1,2010.3924403244978,2012.4269574401535,1
691,695,-0.002623681953446036,4,2018.918382306455,2015.6403009636235,4
697,698,-0.0013747182206588374,1,2017.6664221000485,2016.910365728476,1
699,701,-0.0006932331945819438,2,2020.7970382439512,2021.4169516957716,2
702,704,-0.0006428669979854979,2,2024.6919747192076,2025.4150590422937,2
711,712,-0.006173262056770315,1,2004.0130138087104,1993.6457293230999,1
716,718,-0.0016523874076243546,2,1998.3902755431975,1997.0865508919142,2
723,726,-0.00010700993285346302,3,2026.9096580945766,2028.7196682862584,3
727,730,0.00520369562234897,3,2029.7550009957336,2042.3469832098517,3
732,735,0.004364756787561938,3,2049.5601226963295,2060.555514276081,3
736,740,-0.00139560936112005,4,2069.448035085672,2068.6293420706406,4
741,748,-0.0004586284524903427,7,2065.851340301197,2066.969733438221,7
750,757,-0.008223005421469386,7,2062.5717939983697,2047.6738267481496,7
761,770,0.010299257060279003,9,2067.6874873138736,2091.0508197533554,9
771,774,-0.004447104013786275,3,2092.42568390617,2085.2128749326275,3
776,782,-0.0038853304709677893,6,2082.9105938409775,2076.9007084362665,6
784,785,-0.0025312494105500663,1,2079.6475614991614,2076.463102396464,1
786,787,-0.0029232634256128173,1,2074.4869704037887,2070.497185486701,1
788,790,0.0006615052516706175,2,2075.372200933609,2078.8204427446312,2
791,796,-0.002342046639834495,5,2074.0479142409895,2071.2644452068266,5
800,803,-0.003248776124079095,3,2077.154648752014,2072.4835929718806,3
807,811,0.0022425810264163864,4,2081.8258108044292,2088.5762996788476,4
812,813,-0.002398395747243617,1,2087.28818942421,2084.3693344968474,1
816,817,-0.004720957922715771,1,2087.6403004517642,2079.8722787360175,1
819,822,-0.0011959776572339647,3,2077.9678488465997,2077.5606135757753,3
823,824,-0.0016962909058552936,1,2076.111804150758,2074.666226381989,1
827,842,0.002509472931511551,15,2068.710563804838,2075.970647531643,15
843,844,8.032829330028614e-05,1,2075.944469898994,2078.1871714451463,1
845,846,-0.0013595305788009426,1,2076.4439239750254,2075.697378889191,1
847,852,-0.0027190325671364937,5,2079.2088393692575,2075.6346116605037,5
853,854,-0.004184854927927795,1,2081.8945978851234,2075.2640656156227,1
856,860,-0.0053716039234392885,4,2074.7042774676315,2065.6344921082778,4
861,873,0.011328534129476469,12,2066.4045506939847,2091.880289722521,12
875,876,0.00535410443582057,1,2111.6518728330375,2125.0695293651147,1
879,881,0.007855942582604233,2,2151.6563846812764,2170.7113300815076,2
883,888,-0.00789817548038697,5,2188.877315680767,2173.7780558521627,5
890,891,-0.0038381532758718986,1,2171.5954498394685,2165.432129099638,1
894,896,0.0030925709325295815,2,2159.3287733345105,2168.165979506034,2
899,900,-0.002974330210884809,1,2164.2000837686564,2159.9272381608725,1
902,903,0.0005932105797141073,1,2163.560151562973,2167.007158486291,1
906,908,-0.0039825454004449815,2,2165.4165575674933,2158.958104373673,2
910,912,-0.0009631540818334744,2,2163.2539919212213,2163.333699000781,2
914,915,-0.005338473204120663,1,2154.1663920828532,2144.8205989135845,1
916,921,0.0035313432751865647,5,2148.4910851018826,2158.2266357321573,5
922,923,-0.0028789407769477067,1,2158.7677843386646,2154.7115875207096,1
924,927,-0.0014887387468121912,3,2156.8260914106454,2155.7719669296375,3
928,930,-0.0031558354805235242,2,2158.4488242139246,2153.79556365579,2
932,935,-0.005331247557345359,3,2150.6411784525126,2141.326219101614,3
940,941,-0.0018736738182423855,1,2134.476136268607,2132.611300352686,1
942,946,-0.011477070627569298,4,2134.9854799835475,2112.617086320925,4
948,950,0.0006237710634549526,2,2108.8287634876,2112.2530186115328,2
951,953,-0.0013091775218185629,2,2118.9131743148564,2118.258053990673,2
956,958,0.001968657279555436,2,2125.0474148252356,2131.355952302657,2
959,962,-0.0005358634638828316,3,2138.6816152108618,2139.674255487603,3
964,965,-0.0014142939262990137,1,2137.4193522127007,2136.533832357125,1
967,969,-0.002236379069967056,2,2149.36914687542,2146.7117118485903,2
972,974,-0.0028684199738882032,2,2149.052412213539,2145.0370797616265,2
976,977,-0.004097153140997789,1,2140.4676610354286,2133.8383048958485,1
978,981,-0.004127971881737774,3,2132.006713952339,2125.33785689942,3
984,988,0.0010316589878526876,4,2119.8906902854665,2124.19758525965,4
989,992,0.00017250845441483652,3,2130.0850787833,2132.5826215467964,3
993,995,-0.0017020638822051882,2,2140.7357399298057,2139.232806685455,2
998,999,0.003555951750428917,1,2134.098726963915,2143.8215777946143,1
1001,1002,-0.0026295301925991577,1,2148.319965355833,2144.819213108922,1
1005,1007,-0.0011823637503859865,2,2146.152009093286,2145.760628764009,2
1009,1015,-0.004376790442879112,6,2142.7066584434383,2135.471187077313,6
1019,1020,0.0003319754883218226,1,2144.905632101484,2147.7625938282067,1
1025,1027,-0.004409089979345852,2,2150.4675585628197,2143.136421158015,2
1028,1029,-0.0022910443798463474,1,2143.1407722810086,2140.3738824317356,1
1031,1032,-0.003406131992095154,1,2153.5754714477334,2148.3936846084916,1
1034,1035,-0.0012869880140268777,1,2149.0092208437486,2148.392480955333,1
1038,1042,-0.004895927079679887,4,2151.3859820928137,2143.0043391863346,4
1044,1045,-0.0034631784985958173,1,2140.6394682740697,2135.3666911625714,1
1046,1049,-2.5508332308400673e-05,3,2139.8072107034536,2141.8924350007505,3
1051,1054,-0.0013506733597371675,3,2145.702552983414,2144.9501122601628,3
1055,1059,-0.004454421311230515,4,2147.6595949270277,2140.240673853043,4
1061,1064,-0.0032445636501210176,3,2147.3469498468535,2142.527092939029,3
1066,1074,0.0065184301651469165,8,2139.466962395137,2155.552395342544,8
1084,1088,0.00035485708664975105,4,2185.008202695909,2187.9685765437193,4
1091,1098,-0.021363435765576897,7,2181.4178030352286,2136.996641725235,7
1100,1101,-0.00034299181125119736,1,2142.0592566244045,2143.466607096792,1
1105,1109,0.0035490362146921254,4,2147.4973734263285,2157.266416749001,4
1114,1117,-0.007257784908570761,3,2141.0481808502095,2127.649961855562,3
1118,1120,-0.007832487443663834,2,2136.3199240866365,2121.7235450296657,2
1122,1131,0.0012200958236553046,9,2130.3141383331526,2135.04363985474,9
1133,1136,-0.0013916670488135013,3,2140.8624593974787,2140.023954116091,3
1140,1148,-0.0032515971688915958,8,2150.224326489123,2145.3828874831183,8
1149,1151,-0.002217632652217797,2,2147.3944311990354,2144.7796936224167,2
1152,1154,0.0012093065861855526,2,2155.6882749855495,2160.450851289238,2
1159,1165,0.00015662134695958413,6,2164.0702139454224,2166.573223751191,6
1166,1167,-0.000450702451970399,1,2164.7072154999746,2165.8962838656507,1
1171,1178,0.00032788226796398915,7,2166.2157025518536,2169.0921819718574,7
1180,1186,0.01986725024785595,6,2157.7419658364515,2202.7681074078614,6
1187,1191,-0.004444120020890096,4,2216.1481613376923,2208.5154810859704,4
1192,1193,-0.00021909918812181494,1,2216.2456675649164,2217.9763356060394,1
1194,1195,-0.005012814332049356,1,2219.349466911527,2210.4436295628784,1
1197,1199,0.0025129672541143767,2,2218.824430178651,2226.6190877444974,2
1204,1207,0.0007140782200754879,3,2225.986905545109,2229.802421218077,3
1209,1212,0.0024204367454017115,3,2248.0041444449635,2255.6933004244383,3
1216,1218,-0.0037091369897104946,2,2281.6311939668813,2275.4499425024283,2
1220,1222,0.0015149963673668537,2,2288.1155478801475,2293.8701501711816,2
1223,1224,-0.0002609184776751794,1,2305.441917664495,2307.145827186634,1
1227,1230,0.002057709613466968,3,2277.4357817544605,2284.399519038385,3
1231,1232,0.0018225546360979687,1,2289.449993367401,2295.9120910602946,1
1235,1238,-0.006510923366230824,3,2295.225006730137,2282.5761976097906,3
1240,1241,-0.0010454480657070817,1,2276.4707814118383,2276.3673202181844,1
1242,1246,0.004456885899592154,4,2283.3995433816326,2295.859794153047,4
1248,1249,-0.0012272433324325154,1,2297.258114547606,2296.7360779581986,1
1250,1253,-0.004622456209118058,3,2299.1600764605178,2290.831469765787,3
1255,1256,-0.0031266562105337287,1,2291.3422401484904,2286.4693429430204,1
1258,1261,0.013912438908530597,3,2296.6719443621987,2330.920924425436,3
1266,1269,0.003311862632914101,3,2364.837376006684,2375.0342299212057,3
1270,1271,-0.0020161375269326285,1,2374.1921637509295,2371.7796579971928,1
1273,1281,-0.007880975030383094,8,2392.952462132911,2376.4866159920807,8
1283,1289,-0.0014328316602281394,6,2354.5632669139227,2353.544137385992,6
1290,1291,-0.0011355267122326966,1,2359.9284706377143,2359.6086372909845,1
1292,1293,-0.0018245426770134147,1,2378.7187094539995,2376.7573543614444,1
1295,1296,-0.005267155201777496,1,2385.799060635613,2375.618485763626,1
1298,1299,-0.00380015877920088,1,2376.549152214148,2369.894437241373,1
1300,1301,-0.004888661848212233,1,2374.224974049559,2364.9924159739,1
1305,1306,0.0007600546104270026,1,2326.2254237555394,2330.319707537513,1
1307,1308,0.0015667156776592393,1,2334.4763148814873,2340.4682518380177,1
1309,1310,0.00014106525423737497,1,2341.7547010525773,2344.4267959758954,1
1311,1312,0.0008627958663870424,1,2355.7534225660847,2360.141710303868,1
1313,1315,-0.000563972545097771,2,2367.462754768086,2368.4950335276235,2
1317,1320,-0.010377982951640649,3,2359.67041169598,2337.541462803604,3
1322,1326,-0.004829255522784671,4,2338.745562618056,2329.7899082560125,4
1327,1331,0.014549619313918467,4,2339.174228379872,2375.547497140108,4
1334,1339,0.00790435289120768,5,2409.3982762433393,2430.8524087504775,5
1340,1342,-0.00424646101352967,2,2439.249611417157,2431.330682651424,2
1344,1346,-0.007306369181291913,2,2440.5460598592153,2425.155075401796,2
1348,1351,-0.0025723773302796273,3,2420.910676589445,2417.1040915229437,3
1352,1354,0.0006290585587083925,2,2415.777408156992,2419.7128510196844,2
1356,1360,0.010196462930211737,4,2438.5531095229658,2465.856279017092,4
1361,1363,-0.0061875296769450285,2,2466.2738739983224,2453.480005085482,2
1366,1372,0.005582237341450637,6,2462.3330853547736,2478.540746136285,6
1373,1382,-0.011934669308769446,9,2475.9562168656425,2448.882454411225,9
1383,1391,-0.005970668090153552,8,2445.2575928552174,2433.1030289662062,8
1394,1400,0.005242490823877509,6,2439.8107052063274,2455.041201145576,6
1402,1403,-0.00023011167434007778,1,2465.106993607621,2467.004850703502,1
1404,1408,0.001930597771549086,4,2462.803164993614,2470.020650460708,4
1410,1413,-0.009747507491479082,3,2462.251332393744,2440.7127704177256,3
1415,1416,-0.0022237810435127925,1,2459.8059998479266,2456.7957358945937,1
1418,1423,0.004082237050939079,5,2465.882303102311,2478.4145015063928,5
1424,1426,0.0012014787494487532,2,2482.6277696256675,2488.0932219032898,2
1429,1431,0.004491565227992497,2,2492.3259999534475,2506.0127707516135,2
1434,1435,-0.0009568021525294355,1,2527.953130467141,2528.0623326008836,1
1436,1443,-0.0017641952437930882,7,2528.681281581121,2526.748875372668,7
1444,1451,-0.011049277067885218,7,2524.63894820869,2499.2681519217667,7
1452,1454,-0.004233827962218523,2,2500.0001166784086,2491.9155463955444,2
1457,1459,-0.01620841090697744,2,2474.088194866827,2436.4612449791903,2
1460,1462,-0.006280554819707305,2,2443.961416706793,2431.0559444686232,2
1463,1464,-0.005247529757752077,1,2421.843469659909,2411.556617453911,1
1465,1466,0.0014042460154234976,1,2406.992446141227,2412.7794481390165,1
1469,1471,0.000543850765357432,2,2422.3632664919464,2426.1030338748938,2
1473,1474,-0.004313276523780567,1,2438.187285691597,2430.108896997335,1
1475,1479,-0.014473740125861903,4,2421.353546647279,2388.7288582069195,4
1484,1485,1.443808607108632e-06,1,2368.417944975891,2370.789782463081,1
1486,1489,0.0027737501472970857,3,2374.4662170642437,2383.426859300642,3
1491,1492,0.0009693715063357842,1,2388.400724907708,2393.104373241053,1
1495,1497,0.01061967551761048,2,2368.532254701706,2396.053830954334,2
1498,1500,-0.0005106455305946802,2,2405.14987482005,2406.326845660883,2
1501,1504,0.0016044971923188027,3,2409.5575013225607,2415.833187069486,3
1506,1511,0.00037778493281646224,5,2421.0761681507533,2424.4118904164325,5
1513,1517,-0.003129343103494621,4,2424.709542308021,2419.5465037661297,4
1518,1520,0.004004342277042201,2,2426.0844695319097,2438.2254266104637,2
1522,1527,-0.006483573863354064,5,2450.4479758492216,2437.010763375346,5
1530,1537,0.00796009273796051,7,2428.3330619785097,2450.0911514124928,7
1539,1540,0.001004696340747928,1,2463.965316448736,2468.9048187023504,1
1541,1542,-0.0005057529962414138,1,2477.195886541387,2478.4202331860333,1
1543,1545,0.0009434320585510472,2,2482.804000609886,2487.62916149977,2
1548,1551,0.0005090117691165768,3,2478.1211255707235,2481.860639514506,3
1552,1558,-0.000207904579185226,6,2477.1420572621237,2479.1041901423887,6
1559,1562,-0.005904669098239202,3,2477.440275948476,2465.2892511842983,3
1563,1565,-0.004832306188004162,2,2466.9041143741497,2457.4501824714207,2
1568,1570,-0.00354169492018683,2,2469.6422246994266,2463.365147602229,2
1578,1587,-0.0092106412815685,9,2426.367420579517,2406.445388071854,9
1589,1590,-0.002341468237239546,1,2407.487692830735,2404.2581245592573,1
1591,1594,-0.006580413391632634,3,2410.356880487431,2396.9060926729453,3
1596,1597,-0.006749535139236823,1,2375.5066917560403,2361.8486325582967,1
1598,1599,-0.004117472151239252,1,2353.4629315134503,2346.126076365483,1
1601,1612,0.005611308467834573,11,2354.9940176950877,2370.563609585975,11
1613,1614,-0.0013970806442935248,1,2376.3132640399185,2375.3696760379903,1
1617,1618,-0.0013592797356552421,1,2382.768368866263,2381.912288476569,1
1622,1625,-0.0035301518693441813,3,2385.7085339164046,2379.6723290096056,3
1626,1629,-0.011089996531921453,3,2373.2060379451746,2349.2603972527727,3
1631,1634,-0.0181169551194361,3,2328.785939690902,2288.924215278439,3
1635,1642,-0.011368433044000481,7,2285.8704160713523,2262.169521715055,7
1643,1646,-0.05398940137306437,3,2241.1561835701154,2122.3986590191935,3
1651,1652,0.0010524402116759827,1,2165.307806428541,2169.751971241111,1
1655,1660,0.00886396982651308,5,2183.7733094394234,2205.3139834716785,5
1662,1664,-0.009431664219706436,2,2214.063336527975,2195.3950979132082,2
1672,1679,-0.031011352122930765,7,2130.0799289630545,2066.153350164957,7
1683,1684,0.001300414488826266,1,2104.9100538474754,2109.752219433022,1
1688,1690,0.0018268727565903214,2,2130.247382208468,2136.269320498031,2
1694,1698,0.010711010753555177,4,2143.423589673453,2168.5252463815427,4
1699,1700,-0.00019467912618300514,1,2161.513319642619,2163.2540314379607,1
1702,1706,0.0008124875754468364,4,2153.4832704345113,2157.3864321061064,4
1707,1708,0.0020074135331157256,1,2168.5873586251882,2175.1091975952613,1
1709,1711,0.0015935117979781646,2,2185.590234049657,2191.2585881072105,2
1713,1716,0.002532791047083851,3,2211.114408063212,2218.925813248096,3
1719,1720,-7.586853411565501e-05,1,2220.551116664008,2222.603197822522,1
1721,1722,0.0025262023340315728,1,2230.881338564326,2238.747877547319,1
1724,1726,-0.004605424075781017,2,2239.4575071681006,2231.383313155068,2
1728,1729,0.0019467171142051008,1,2224.0261649494273,2230.5797409121237,1
1730,1731,0.001500213561652866,1,2248.464191991187,2254.085832656894,1
1733,1740,-0.004991352259511769,7,2259.820043940496,2250.800306102024,7
1743,1745,-0.0012480807337286433,2,2267.4795399712684,2266.9170219832777,2
1747,1748,-0.004410426012805171,1,2261.430002411206,2253.7175627048446,1
1749,1752,-0.0002797523896132194,3,2246.652606577588,2248.2707527488446,3
1753,1754,-0.0008156853174877616,1,2250.9818328412753,2251.396721843136,1
1759,1764,-0.01339895758068442,5,2262.419361707921,2234.3677200123852,5
1771,1773,0.003095002654789223,2,2223.0633568679073,2232.166807216046,2
1776,1777,-0.004094189202802887,1,2244.007929653809,2237.06454454687,1
1778,1780,-0.007964136123868839,2,2231.2672473121875,2215.7283984731753,2
1781,1785,-0.02256954739218707,4,2211.6284535399095,2163.924628797371,4
1788,1789,-0.004290534297621136,1,2141.4137880638964,2134.3673925488733,1
1790,1792,0.0017369630483655692,2,2114.2130516220996,2119.9995746207615,2
1794,1799,0.008859787340793943,5,2123.7318595005045,2144.6714040040483,5
1803,1804,-0.0006569290390773942,1,2169.1678105799665,2169.9119890651446,1
1806,1808,0.0008964510128311688,2,2177.592041556869,2181.7217381896126,2
1812,1813,-0.003373502566148209,1,2199.669356466472,2194.4484356042212,1
1814,1815,-0.0066210402299878394,1,2206.5875334049833,2194.1842161087243,1
1816,1823,-0.01958594825097726,7,2190.322686294478,2149.6134621940673,7
1830,1832,0.005269743821959494,2,2108.1601850416373,2121.377809337503,2
1835,1853,0.008465034466612335,18,2127.262861583841,2147.3974778882766,18
1855,1857,0.005852059834171355,2,2163.667158732323,2178.4927355651885,2
1859,1862,-0.0028813970346022967,3,2184.781733078834,2180.671291204966,3
1863,1869,0.017326080074796704,6,2172.5618381335694,2212.3763803466527,6
1871,1872,-0.007893391317355235,1,2202.962534862819,2187.776652052537,1
1873,1879,0.01342109787336725,6,2178.802418199233,2210.2231411188136,6
1880,1885,0.019662411548847274,5,2226.9988094399955,2273.0139753594376,5
1888,1890,0.002376510702732941,2,2285.509837915506,2293.226886344429,2
1893,1895,-0.002389663832192716,2,2317.227510058785,2314.007342797094,2
1896,1897,-0.0026428562365335,1,2315.7323011177155,2311.927885864682,1
1898,1904,0.0006695838770350905,6,2320.33173924592,2324.2057277071376,6
1906,1908,0.004615221733786066,2,2317.7770285429397,2330.791860487684,2
1912,1914,-0.008768129191761207,2,2326.0444119981084,2307.975398499933,2
1918,1919,-0.0006489253814528826,1,2313.95150166177,2314.7638713025526,1
1923,1924,-0.0035298716574064764,1,2312.7403695091425,2306.8894331973815,1
1926,1928,0.0035706512551705594,2,2293.400451589452,2303.882785242118,2
1933,1935,0.003816347222168756,2,2310.0651053540682,2321.1911810072693,2
1937,1938,-0.006332097283453974,1,2316.230280284941,2303.8799150995796,1
1940,1942,-0.0021369661352508523,2,2290.539900127393,2287.9356338295074,2
1943,1945,0.004948030523024931,2,2284.065717308853,2297.651409912001,2
1947,1948,-0.00154066707721981,1,2301.1395131706,2299.895362795739,1
1950,1951,-0.004471958175223575,1,2291.851886253725,2283.8946723608447,1
1952,1953,-0.004961894042254294,1,2275.6848093794415,2266.6687872911125,1
1957,1958,0.008935250513846246,1,2277.408239730297,2300.034861114315,1
1960,1961,0.0028643449821206647,1,2353.1276371660138,2362.2209341429857,1
1962,1966,0.005380538699453419,4,2368.2785419835027,2383.3894348717135,4
1971,1972,-0.0005952284848598522,1,2429.358551947884,2430.3418870897744,1
1974,1977,-0.007830996528013844,3,2446.962593822383,2430.2474008398026,3
1978,1984,-0.007856733227258163,6,2429.5953098038012,2412.936222914279,6
1985,1986,9.168997067618293e-06,1,2414.927706498539,2417.364776670097,1
1987,1989,-0.004873602797845045,2,2431.459980623296,2422.0414704395052,2
1990,1994,-0.009740535131453173,4,2416.9658826628875,2395.8403074539488,4
1998,2000,-0.003674744676797931,2,2378.0093118558643,2371.648744107602,2
677,679,-0.0007201995609044539,2,1989.5269312376913,1990.083601746644,2
681,683,-0.0005682307679553801,2,1990.7086761887424,1991.568202945085,2
684,688,0.0036207420166300304,4,1991.3475673549754,2000.5490707291665,4
689,690,0.0010108717169748146,1,2007.69927616996,2011.736501860601,1
691,692,-0.0013075383857092727,1,2015.8016976058996,2015.1817612059078,1
694,696,-0.0014570550219443561,2,2015.7894368414077,2014.868110156117,2
697,699,-0.0009823585572910278,2,2018.634334375117,2018.6699459970773,2
700,702,0.00021693942540357302,2,2018.387362507267,2020.8436176644384,2
703,704,-0.0064014501454026825,1,2033.0642488238916,2022.0827536414688,1
706,711,-0.012838656833018311,5,2021.52283274649,1997.5907176494932,5
713,714,0.00033390204238106986,1,1994.3228316804168,1996.9830629787625,1
716,720,0.0017654834062737885,4,1998.0054332386037,2003.53088410987,4
722,734,0.011348828208807109,12,2024.9166850202066,2049.9220333006683,12
736,740,-0.002224846928957412,4,2066.9127361861256,2064.381084468785,4
742,751,-0.0020121534552574832,9,2062.8009815434866,2060.713110402509,9
752,753,-0.002583016955791534,1,2062.634662329919,2059.3694766858475,1
754,757,-0.004609154967331983,3,2054.3613231014574,2046.946814727491,3
758,761,0.007368804822812909,3,2051.2081017219502,2068.374261976234,3
762,764,0.0016648939962178506,2,2069.7222524111703,2075.2378428154593,2
765,766,-0.0006341816283626043,1,2078.8323431090857,2079.592818171749,1
767,776,-0.004312301458856058,9,2088.7294057953895,2081.810904337418,9
779,781,-0.003498623908343732,2,2081.067248243695,2075.867443862362,2
783,785,-0.0020993278722922035,2,2077.4809931673053,2075.197160407359,2
790,792,-0.0058239587215659595,2,2080.489697273329,2070.4535008530393,2
796,797,0.00036380259044822816,1,2071.0105471367924,2073.834996685823,1
799,804,-0.002143521016271767,5,2073.7996014581136,2071.42816803031,5
805,807,0.0012327955381809938,2,2077.8534584505333,2082.4928803815556,2
810,811,-0.00393994677249882,1,2093.3331630006855,2087.178874924357,1
820,821,-0.0015191695959317708,1,2076.804470252832,2075.7262565151814,1
822,827,-0.007140508985631704,5,2078.4784862816987,2065.7155704602437,5
829,835,3.508426301729057e-05,6,2065.2031023739128,2067.3407616051145,6
836,837,8.5873112461977e-05,1,2069.102107984095,2071.348890330093,1
840,841,-0.00017707843154404605,1,2073.1900406088475,2074.8961134087726,1
844,845,-0.0022764114368478555,1,2077.4525108610214,2074.80082671665,1
846,847,-0.001970828223554886,1,2082.0456586564123,2080.024349968259,1
850,855,-0.0008417698375400517,5,2076.0068273684415,2076.335314266004,5
858,860,-0.006557464916867728,2,2074.2951654471613,2062.7673428379603,2
861,862,-0.00023613282115493225,1,2066.9845090148333,2068.563410640451,1
864,865,-0.0031530277092545046,1,2071.439347815466,2066.9794815015794,1
866,868,-0.00041112703996120086,2,2064.8346615007795,2066.050586799888,2
871,874,0.0016645223140463552,3,2090.088551755633,2095.6576393401187,3
875,878,0.008867647168385697,3,2116.712783892102,2137.5997588003606,3
884,887,-0.005010636249662347,3,2180.8147470029944,2172.068292324866,3
888,894,-0.006371294699656722,6,2173.2398600041847,2161.5667482630615,6
895,897,0.0030400755387214717,2,2164.7699747150878,2173.515808936893,2
905,906,-0.001145365457522491,1,2168.3791715888988,2168.0639641585385,1
908,910,-0.0026739116449191495,2,2160.5434405021765,2156.9268816777662,2
915,916,-0.00241058830215913,1,2148.087366870744,2145.0572999590204,1
918,919,0.0018911776532619987,1,2150.8760340585764,2157.0945987831833,1
920,921,-0.000880741723631493,1,2158.930244024173,2159.1877143238753,1
922,924,-0.0025803933349715716,2,2158.9206377498845,2155.508693963252,2
926,929,-0.004148117881027445,3,2159.6574456346207,2152.8585894131243,3
936,940,-6.248671479910266e-05,4,2135.0795262625875,2137.081191683419,4
942,945,-0.0075495514591177185,3,2135.6067961404046,2121.6195295326415,3
946,947,-0.004547739531834332,1,2112.5598357014055,2105.065023658922,1
948,952,0.003274363583174747,4,2107.873297982075,2116.8831148449162,4
953,954,-0.0035592944459012454,1,2120.920693788421,2115.4926332366113,1
955,957,0.0030619476829558314,2,2119.056862237579,2127.6643603491966,2
962,964,-0.0033850909465412537,2,2140.830829783357,2135.724753553164,2
968,970,-0.0006760343343898091,2,2150.6110957345604,2151.3078198896587,2
976,980,-0.006568196485156911,4,2142.035708459261,2130.1084327563376,4
981,984,-0.006028988101158182,3,2126.8489711204584,2116.153072951733,3
986,987,-0.0005740468300688604,1,2125.482940395232,2126.388296591328,1
988,989,-9.627178855868188e-05,1,2125.1780697437316,2127.0986531196954,1
991,995,0.0015364558071858142,4,2131.5207480262948,2136.927256205763,4
998,999,0.000584528731300581,1,2136.0227348218973,2139.407324215934,1
1000,1001,-0.0001437633118631913,1,2145.9237269050027,2147.761145529922,1
1005,1007,-0.002932012810182312,2,2150.0179473107046,2145.8640850943784,2
1008,1013,-0.004857470367974846,5,2141.876352888222,2133.6141283250895,5
1021,1027,-0.0033043996960575085,6,2149.6282888517553,2144.6746860762887,6
1028,1029,-0.0019679407585021895,1,2142.5680324182517,2140.4941534918103,1
1030,1033,-0.00010766117790694731,3,2147.6677692910293,2149.5842166185257,3
1037,1038,-0.0014814737862892877,1,2149.6207412371496,2148.58575519978,1
1047,1052,0.00017429221708597196,5,2139.9735821004474,2142.4865364226775,5
1054,1055,0.0012926026983617659,1,2143.429697654741,2148.343730363333,1
1056,1058,-0.004089304551889087,2,2143.8692597981576,2137.246194735208,2
1059,1060,-0.0023457465557383626,1,2143.629646518768,2140.7448643051866,1
1062,1068,-0.0053659277338070225,6,2150.8428098005015,2141.452385526134,6
1069,1071,-0.0006421544886494202,2,2148.611410740958,2149.3802816899283,2
1073,1077,-0.001797304580087504,4,2155.5945931280953,2153.8759276861824,4
1078,1082,0.0058704800298815365,4,2151.11996802883,2165.8991948110515,4
1083,1084,0.0014720929915700651,1,2177.021222029802,2182.4030209352813,1
1086,1093,-0.009383117568807265,7,2190.118530838541,2171.758509704898,7
1094,1097,-0.008334788225535218,3,2162.3153660209937,2146.455240734409,3
1100,1102,-0.00021037899494258762,2,2141.367973700535,2143.058842832126,2
1103,1104,0.000521528554524184,1,2146.752180307807,2150.0185250496324,1
1105,1106,-0.0023977474862854056,1,2151.6980126847184,2148.690482196243,1
1108,1112,-0.006465082772861105,4,2155.884826607125,2144.1027375809617,4
1114,1115,-0.004584724889618766,1,2139.56078704595,2131.891050239774,1
1117,1118,-0.0014853519969872013,1,2132.4964809767894,2131.461469551179,1
1122,1126,-0.003408729317815183,4,2125.1606903698053,2120.041753509843,4
1131,1137,0.0024367731901751358,6,2138.227466184398,2145.5760690146767,6
1142,1144,-0.0019157430047787583,2,2145.741845301759,2143.776897216863,2
1145,1148,0.0021608818703721245,3,2139.8477258675175,2146.611531749569,3
1149,1157,0.0031687631002796403,8,2148.439622107214,2157.395957927033,8
1159,1164,0.0015153280618314976,5,2165.251703990892,2170.698022362869,5
1166,1171,-0.0034198135042880625,5,2167.886135397963,2162.640255251768,5
1172,1174,-0.002452252876800251,2,2170.192891379906,2167.041222510188,2
1177,1183,-0.006996650468639129,6,2180.842499388323,2167.764749192338,6
1191,1192,-0.0033921741812103865,1,2216.9467348734624,2211.6434121331795,1
1193,1196,-0.0035768552987574826,3,2216.7395313455772,2211.027314338264,3
1200,1201,-0.0005316026567967025,1,2227.234459622576,2228.2776903261542,1
1202,1203,-0.0012010131532585128,1,2227.4296369021868,2226.9818942472116,1
1204,1209,0.006673866274377279,5,2225.8831127569874,2242.964242106679,5
1213,1215,0.003525802537017733,2,2263.566941294375,2273.8113982999944,2
1216,1219,-0.002176368257075373,3,2285.8192891284525,2283.130323875311,3
1222,1223,-0.0014809398171597896,1,2299.9098747034327,2298.803756468809,1
1224,1225,-0.003516400630516519,1,2306.5509090410587,2300.7467028792294,1
1231,1233,-0.0007044379938884128,2,2291.7066259153153,2292.38396732309,2
1236,1237,-0.0035566233803678024,1,2293.3971398434783,2287.533787095286,1
1240,1241,-0.0015302224866825475,1,2277.5839517900454,2276.376325563499,1
1243,1245,0.00018735920746725714,2,2289.8004230434126,2292.5192386589756,2
1246,1247,-0.0036465814574375,1,2303.3628265213506,2297.2667891749284,1
1249,1250,-0.0016187712021135249,1,2298.980935518299,2297.558392321192,1
1252,1254,-0.0045632947918314865,2,2295.179871799386,2287.001469315887,2
1256,1260,0.010587951412684954,4,2291.1045008618325,2317.6537084992033,4
1261,1262,0.0012002455603260763,1,2332.9290566114855,2338.0620734108506,1
1263,1266,0.007172021376410262,3,2346.2447966354407,2365.418359267837,3
1268,1269,-0.0009609165283917865,1,2372.9675102721676,2373.0602540804825,1
1271,1280,-0.0018533463138768835,9,2376.8371174550234,2374.8088522621574,9
1281,1284,-0.014739446834589248,3,2373.464669346852,2340.854577708585,3
1285,1287,-0.0010306794899540227,2,2342.7014268881794,2342.629554003288,2
1288,1290,0.000486726117852094,2,2351.493678945478,2354.9897060139306,2
1291,1296,0.005081518332053255,5,2363.4892585244625,2377.86286177779,5
1297,1298,-0.0043076722427396194,1,2382.578312721971,2374.697524570827,1
1299,1305,-0.02091539116540336,6,2370.0675454806546,2322.86672322398,6
1308,1311,0.0029708260208367015,3,2341.745360142313,2351.04402355254,3
1312,1317,-0.002798848364424498,5,2364.0217578317183,2359.769241159179,5
1320,1322,0.0006258474001693086,2,2336.0244170445503,2339.822436269734,2
1323,1324,0.0008693434898639771,1,2337.0343033410495,2341.403023201589,1
1327,1329,0.002209345555018727,2,2339.136919166595,2346.6440178407024,2
1336,1338,-0.0011534562417878454,2,2426.606086625972,2426.2337087756187,2
1340,1343,-0.0018905065862527051,3,2437.4952658626653,2435.324660274455,3
1344,1345,-0.0026142723054469186,1,2438.7377047479463,2434.8009180109225,1
1351,1362,0.015095753313527582,11,2419.420432634177,2458.362827079565,11
1363,1369,0.004953870788541647,6,2456.3951578637825,2471.020217239303,6
1370,1372,-0.0014462103206909496,2,2473.25391772699,2472.150326303211,2
1374,1380,-0.01547168177292928,6,2475.660442349296,2439.8334722497875,6
1381,1382,0.0013078092469200686,1,2448.6685184086577,2454.3195782580833,1
1384,1391,-0.005561493821802564,7,2444.2219276885435,2433.072624466278,7
1395,1397,0.0018755809773777828,2,2442.319083795734,2449.342170093784,2
1398,1399,-0.0025817516107200676,1,2463.702350738123,2459.8053855765083,1
1404,1406,-0.0008657466835588752,2,2456.974316341473,2457.3041732918523,2
1414,1415,0.0006133201305341931,1,2447.8583421233925,2451.8075212634362,1
1417,1419,0.002581478479440291,2,2458.3123761187894,2467.1167689896006,2
1421,1422,0.000605707681318653,1,2467.753697170188,2471.7161882373366,1
1423,1431,0.008392420482219994,8,2479.9131160708334,2503.205502816343,8
1432,1435,0.0026251061259639366,3,2515.1396398037455,2524.2572879196528,3
1436,1439,-0.005926740248860954,3,2530.8889172730183,2518.419884978893,3
1440,1442,0.0012657053670938425,2,2520.4361319872637,2526.1466976589245,2
1443,1447,-0.011270808811333268,4,2531.1890157634916,2505.191657317238,4
1449,1453,-0.004856610359293468,4,2506.6125315760237,2496.9455037200128,4
1454,1456,-0.008827248631505337,2,2500.89486187306,2481.3197359879255,2
1458,1459,-0.0067878366344391455,1,2455.4643921836728,2441.2525654200313,1
1460,1461,-0.0026314324606198057,1,2441.900856933908,2437.9170606102907,1
1462,1468,-0.006846084805743115,6,2427.1866687955676,2412.9971296904196,6
1475,1476,-0.010344491831592341,1,2418.8585615118022,2396.255557441978,1
1479,1480,0.0020888112664018753,1,2383.831110104553,2391.194314494643,1
1481,1485,-0.011776334919547004,4,2391.598660875719,2365.825992712982,4
1487,1493,-0.0009137998298135931,6,2385.463587648431,2385.6692150156596,6
1494,1496,0.0014435984431279431,2,2372.0894880307137,2377.8859222106257,2
1497,1501,0.0024412392985490167,4,2400.519646954586,2408.780409500625,4
1504,1508,0.0019888139678135635,4,2419.422347729977,2426.6535510369126,4
1509,1510,-0.0013632894034637355,1,2430.9689209138155,2430.085775664698,1
1511,1517,-0.0011529190986187868,6,2422.4198929341446,2422.049458667641,6
1524,1525,-0.005350980708044988,1,2453.601625506436,2442.9260521686297,1
1527,1531,-0.010185660607910912,4,2443.829481642117,2421.381293440146,4
1539,1541,0.005251417894316786,2,2461.699925811967,2477.0890407786264,2
1544,1545,-0.0014756443381500892,1,2483.4035500389805,2482.2223332010626,1
1549,1550,-0.0013243272275981518,1,2479.852064840559,2479.0477812955155,1
1552,1554,-0.0023562708774010855,2,2483.8217282133387,2480.452993138707,2
1555,1566,-0.0071050714377960495,11,2478.401764437848,2463.2709446143954,11
1567,1568,-0.003274244581344984,1,2467.4616338246487,2461.8500225742464,1
1569,1571,-0.0031358187777267405,2,2467.9106373609625,2462.6396274799354,2
1577,1578,-0.004784079197941957,1,2433.532900319678,2424.324219094071,1
1581,1584,-0.003648840448102632,3,2412.298598107859,2405.9088040082897,3
1585,1592,0.0001246023191586031,7,2404.3692028270702,2407.073162008683,7
1594,1604,-0.015591504461975145,10,2392.69030923617,2357.7773579128257,10
1608,1609,0.0021894676410228915,1,2356.996722673398,2364.5142874503617,1
1611,1614,0.002597983453338767,3,2370.510680520578,2379.0397387250537,3
1615,1616,0.00012586487931851562,1,2381.2257952409786,2383.9067337335678,1
1619,1621,-0.003798207162857237,2,2390.448627294619,2383.759656823281,2
1622,1625,-0.003419662242032913,3,2388.2774470396544,2382.4986222775537,3
1628,1630,-0.014103107348644575,2,2365.4021681767717,2334.408049644435,2
1633,1635,-0.004554959065960953,2,2292.7360065861453,2284.585423933677,2
1636,1640,-0.004764578359008228,4,2285.7312386038484,2277.1264242484913,4
1642,1645,-0.05142362730962458,3,2263.536105729007,2149.4004047318485,3
1647,1650,0.0063543845402006995,3,2144.64735111813,2160.4199124413753,3
1651,1656,0.011803476609292703,5,2161.7692649881205,2189.447427207084,5
1657,1663,0.002140713235534637,6,2198.6117187853806,2205.5169277103714,6
1664,1666,-0.013895391330098195,2,2193.9797044887277,2165.6874776290524,2
1669,1672,0.003094599488320046,3,2118.460800119846,2127.135048628043,3
1675,1676,-0.007135595301065369,1,2121.1749654014916,2108.1602942510367,1
1679,1680,0.002907824825183483,1,2067.9450246765327,2076.0261915810784,1
1681,1683,0.005269554702327692,2,2091.2215230008815,2104.3325507340205,2
1685,1691,0.008329219678200356,6,2114.349854769836,2134.0750890415547,6
1693,1694,-0.0035309424108636773,1,2142.086640038804,2136.6651421137854,1
1696,1697,0.0047390543072267765,1,2157.7162194846183,2170.0994700478245,1
1701,1703,-0.0038970970240308858,2,2157.8475226531446,2151.5960290169537,2
1704,1705,-0.0037962028760547013,1,2151.7368678105554,2145.7201749922706,1
1706,1709,0.010198338658873006,3,2156.92733029014,2181.081332997308,3
1710,1711,-0.0006919317947373924,1,2189.9864823738353,2190.6611475790096,1
1718,1719,0.001854840634690002,1,2215.00035850705,2221.3238315363687,1
1727,1730,0.0059290180781141726,3,2230.1851729745963,2245.6381663556795,3
1732,1737,-0.005320163666413361,5,2256.989529099071,2247.238964939982,5
1740,1745,0.00698945633275124,5,2248.1780672743625,2266.1397877711,5
1747,1750,-0.006360984727849496,3,2259.4865040507884,2247.37343140979,3
1752,1761,0.0005613298300171472,9,2243.378244331048,2246.8808977039334,9
1762,1766,-0.006157638541801859,4,2250.184675954503,2238.579036743628,4
1770,1771,-0.0015781509046602672,1,2222.1170406981255,2220.832321720785,1
1773,1776,0.0030700776023872382,3,2233.5677241939266,2242.6585181615833,3
1781,1783,-0.002010498013061802,2,2208.651983917211,2206.4201454759177,2
1784,1785,-0.011532065860255528,1,2183.3484970925347,2160.353326925266,1
1787,1790,-0.01465554912336153,3,2142.6720952427927,2113.4127311909488,3
1794,1796,-0.00019949770770648584,2,2121.8811593176433,2123.5797300496515,2
1797,1805,0.015261526439662196,8,2132.0537142908374,2166.724162136558,8
1814,1815,-0.002372397433424671,1,2201.8634048325725,2198.8415731470286,1
1816,1818,-0.004916861452770173,2,2195.697560104504,2187.0973169693893,2
1820,1821,-0.007776531246623142,1,2181.3933472374783,2166.6110670587477,1
1824,1825,-0.01019544491011918,1,2134.6086824689273,2114.980005924622,1
1828,1836,0.0024267390992637017,8,2111.625431364545,2118.8614207932014,8
1837,1838,-0.004175579133853856,1,2115.407594420795,2108.689950204356,1
1842,1844,0.0007110920365229099,2,2082.1204603922274,2085.683160131086,2
1845,1846,0.004858109209099957,1,2103.8588261202913,2116.1834608842328,1
1847,1850,0.0050355163663805495,3,2130.6396895083467,2143.4992002252343,3
1852,1857,0.013180041057680746,5,2149.26602779494,2179.7427083129505,5
1859,1861,0.0009639220759461533,2,2182.1291822336248,2186.4147139071797,2
1863,1865,0.00371021512860731,2,2173.272525700591,2183.5091068297324,2
1867,1872,-0.00606079614954005,5,2200.0040059403314,2188.870234138096,5
1875,1876,0.0015129989991464286,1,2163.189046647466,2168.6251385566557,1
1877,1879,0.010499786321029398,2,2190.056704808769,2215.2418889450078,2
1882,1888,0.011024146375819537,6,2257.3499009862417,2284.492606617142,6
1890,1892,0.005494661755131345,2,2293.854973782486,2308.752785952529,2
1893,1894,-0.0021772997293648994,1,2321.102629556559,2318.369996058954,1
1896,1902,0.007821327067376975,6,2317.0162899025186,2337.455448416189,6
1906,1908,0.001158386093586036,2,2321.4919235704,2326.5025994546068,2
1911,1912,-0.007913354970454357,1,2342.6452752498035,2326.449736892144,1
1914,1918,0.0010113306488389669,4,2310.768873611352,2315.4165938692295,4
1919,1925,-0.01109710264034798,6,2319.612231217948,2296.190868433534,6
1934,1935,0.002812645522773351,1,2313.2566237567603,2322.0762512663523,1
1936,1938,-0.007406376336993465,2,2315.383084648557,2300.5498692439896,2
1940,1947,-0.0014359591409167517,7,2296.9670729320896,2295.96568914026,7
1949,1952,-0.009745107726769262,3,2293.4183219389097,2273.3621316510075,3
1953,1956,-0.006086850597831444,3,2270.7126300652817,2259.1618541655307,3
1958,1959,0.010115644394255767,1,2303.8823598369963,2329.491496875143,1
1962,1964,-0.0011213565540825151,2,2376.120332330144,2375.831974554527,2
1965,1967,0.003917312374853695,2,2382.4159801659152,2394.1310637472343,2
1969,1973,0.004917737180018675,4,2428.510493808844,2442.881780650122,4
1975,1976,-0.006602099768640235,1,2447.0681339940165,2433.3594141667218,1
1977,1979,-0.006647999024324133,2,2434.7186033591006,2420.9673150628246,2
1980,1983,-0.0007050642365795793,3,2417.8747808463136,2418.5878985906575,3
1984,1987,0.002326030820415522,3,2415.2586778631776,2423.2919026650266,3
1995,1997,-0.006455154485997755,2,2390.871019652582,2377.8284488842824,2
1998,1999,-0.0057306581067624405,1,2380.153526646126,2368.8938340699583,1
672,677,0.0032314645716815787,5,1977.7047328455321,1986.073320355815,5
678,680,-0.003188587213044099,2,1992.3320010329187,1987.9716086913195,2
681,683,-9.221545249478945e-05,2,1988.9896748918566,1990.7952489838708,2
685,686,-0.0016980275130770456,1,1995.3042066002808,1993.9114293671155,1
693,696,-0.0010534391121099365,3,2016.6465577048157,2016.5387899033324,3
699,700,0.0015464013040849532,1,2019.3238721137989,2024.4658810551193,1
706,708,-0.003278364741675708,2,2020.417504261678,2015.8142562565038,2
713,714,-0.000978503705496783,1,1995.7724566702684,1995.8153583827584,1
716,718,-0.0020459300637415967,2,1999.3388258152754,1997.2476572297494,2
720,726,0.00927655343045232,6,2006.5924408897,2027.2132953216446,6
727,728,0.0007930654313094909,1,2031.1792591896688,2034.8212965041146,1
729,734,0.002472958417803382,5,2044.254769386256,2051.3543811957306,5
736,739,0.0003934208169288876,3,2068.349171191901,2071.2312519837174,3
740,743,-0.0011946380922502828,3,2066.2338014498578,2065.8316336446005,3
744,745,-0.00024262545214075225,1,2067.9844955777794,2069.5507344000976,1
747,751,-0.004510917890194029,4,2068.826389239931,2061.562909658243,4
756,757,-0.0031552848718317825,1,2053.652431841995,2049.2262258236456,1
759,762,0.005919994297540468,3,2055.2036918644176,2069.4256896924035,3
763,764,-0.000654692253095404,1,2076.093232344827,2076.810123421252,1
765,770,0.005002723844728442,5,2077.5946064472428,2090.065833131043,5
773,776,-0.0027993159197901383,3,2084.7772627344675,2081.026089816413,3
785,789,0.0007156334990380026,4,2073.869702271971,2077.427702605829,4
791,793,-0.0016565103640039935,2,2073.433252743589,2072.0720223240924,2
795,797,-0.0008562430988854979,2,2072.7371191382017,2073.035089403274,2
800,802,-0.004656957200526387,2,2075.507962582932,2067.9179187944146,2
803,804,-0.001887178205526318,1,2071.248634466706,2069.411067819981,1
805,806,-0.0016318758581409265,1,2076.217119774548,2074.9052083003035,1
809,823,-0.013034135082896761,14,2098.1833631151453,2072.933541094731,14
824,825,-0.00495016575941562,1,2074.1302097335715,2065.9370515985124,1
826,831,-0.005562401487577168,5,2068.634481525842,2059.196540490075,5
833,835,0.0012611663153165244,2,2063.127092028458,2067.7921655131695,2
836,837,0.0008163225574001401,1,2069.5260175439425,2073.284944332734,1
838,843,0.002952634021829917,5,2070.75870529257,2078.94365660211,5
845,847,3.456256092820181e-05,2,2076.2879707937923,2078.436020594081,2
850,854,-0.0020700160695542543,4,2076.2029338955203,2073.9813633925964,4
856,857,-0.004903062489991493,1,2080.2957119918533,2072.1761878302877,1
859,863,-0.0016855489182219137,4,2067.9680138399303,2066.550320605125,4
864,868,-0.0017530451534796417,4,2070.394372296875,2068.8352718490255,4
877,878,0.001429586866013896,1,2130.8843542814247,2136.0615229215814,1
883,891,-0.007965350387862988,8,2182.243937146734,2167.0438434927173,8
892,896,-0.002604845355858661,4,2168.8380294664444,2165.3573798272455,4
899,901,-0.005962506020060157,2,2169.830285328747,2159.062489475294,2
906,909,-0.002682965619986885,3,2166.402677582474,2162.7566963570553,3
910,918,-0.009101997824771516,8,2163.3011250732848,2145.7740640636152,8
920,925,-0.0017067233741581203,5,2158.3063525049915,2156.7810269570823,5
927,928,-0.0017373313361825108,1,2157.8200488701123,2156.2290205302374,1
935,938,-0.0061782269525796265,3,2144.081063598685,2132.9785252466427,3
939,945,-0.011576984751071273,6,2140.8945790356142,2118.2503697195034,6
947,950,0.0040591335417715585,3,2106.783010951846,2117.441507547787,3
952,958,0.005519385057038228,6,2117.528806448389,2131.3337921069965,6
960,961,-0.0034746431532568533,1,2142.2198360769266,2136.918606426808,1
962,963,-0.003950968689443966,1,2143.3470574867097,2137.0221074294545,1
964,966,0.0023998677359398884,2,2136.8056876699716,2144.0705443854536,2
967,968,-0.002350969168073165,1,2148.7755162136264,2145.8725867421113,1
971,972,-0.004228981169068183,1,2152.613303419465,2145.662555598438,1
975,976,-0.006223252755711471,1,2150.4653545879582,2139.2329304985446,1
977,978,-0.004430897651499921,1,2136.0350632413824,2128.706545559386,1
980,983,-0.0043299444691663625,3,2130.147286367857,2123.0540141931065,3
992,1000,0.0036068519225759847,8,2135.615995170485,2145.45446182372,8
1001,1002,-0.00477950800679971,1,2149.047504745593,2140.925162494414,1
1005,1006,-0.0013911078675475626,1,2143.650551575939,2142.812152979945,1
1007,1008,-0.0026776125903006792,1,2146.9063147194192,2143.30463765565,1
1010,1016,-0.0070755618798095535,6,2146.0786310006188,2133.0399974790375,6
1017,1019,0.0013352805592248794,2,2134.7805695493225,2139.765881111602,2
1020,1021,-0.00246483151131121,1,2149.9160040496313,2146.766739340227,1
1024,1028,-0.006183105320294732,4,2150.1598452976223,2139.015340363976,4
1029,1030,-0.0012217654210498275,1,2145.204873358387,2144.7291410964085,1
1035,1036,-0.0010918562367239005,1,2154.0301398748966,2153.832278772458,1
1039,1043,-0.004239560903078508,4,2147.003149608756,2140.047802146497,4
1045,1047,-0.006461971724485664,2,2142.1588363019137,2130.4584253086755,2
1048,1050,0.00011269131785195704,2,2139.178598718442,2141.558844172571,2
1052,1053,-0.0005117013741495343,1,2143.139297605809,2144.185789579836,1
1057,1059,-0.0018362278260021588,2,2139.4138997344407,2137.624862300147,2
1063,1067,-0.0017391862283655049,4,2142.2425060198075,2140.6589898615384,4
1069,1073,0.0037818561428197527,4,2144.406378606812,2154.6606214210547,4
1074,1084,0.01084580633107414,10,2157.402018123327,2182.9581846082842,10
1090,1096,-0.01782293131621486,6,2185.6506352419733,2148.881584724056,6
1097,1098,-0.005447709570744614,1,2144.503982855418,2134.965851966372,1
1099,1102,0.0033743173032363682,3,2137.798422379381,2147.1498310092265,3
1103,1104,-0.0005916800517049739,1,2151.2383953816084,2152.116788931981,1
1106,1108,-0.00028698895824753445,2,2154.106372456273,2155.642274084944,2
1111,1112,-0.002925878114889576,1,2148.0170968329066,2143.8802777157075,1
1113,1115,-0.006665127870862685,2,2146.0713589678853,2133.913590299336,2
1118,1119,-0.004560591872278587,1,2130.5832556338337,2122.997118210611,1
1120,1121,0.0011565034870709501,1,2124.000472357054,2128.5808867822325,1
1122,1124,-0.002317126382140748,2,2129.696300338456,2126.8912211553325,2
1126,1127,-0.0006760013316816839,1,2122.919889479964,2123.6077126971018,1
1129,1131,0.0015524220042577876,2,2127.3821009076732,2132.812077793494,2
1133,1135,-0.001843104254396448,2,2139.4046920250557,2137.6009508273337,2
1137,1138,9.868776862950474e-05,1,2143.8838247172316,2146.239283652811,1
1141,1142,-0.0020190424861673234,1,2149.3025581039165,2147.1123274815805,1
1148,1155,0.004207044773417704,7,2148.0693575030164,2159.254450823941,7
1156,1157,-0.003743463082452591,1,2163.7185894424188,2157.782507371467,1
1158,1159,-5.1095984335810694e-05,1,2163.7091722213713,2165.7623245436216,1
1160,1161,-0.0050354342017747125,1,2168.1423996259123,2159.393003632144,1
1162,1166,-0.0031678174326622726,4,2166.991182079314,2162.293540818377,4
1169,1172,-0.0019484317601190606,3,2167.177471625208,2165.122051681304,3
1174,1178,-0.0022780786980257694,4,2169.1004396675485,2166.328158601731,4
1182,1183,0.0010005077708843467,1,2163.182872829021,2167.5103369759595,1
1187,1190,-0.003915374557782035,3,2212.6438577143153,2206.1931721061023,3
1198,1206,-0.0001887101680747474,8,2222.822316807268,2224.6256699510704,8
1207,1212,0.008035722710418407,5,2232.350964832866,2252.5218691434306,5
1213,1221,0.01180215578960575,8,2263.9147346524305,2292.897723779835,8
1222,1228,-0.009441679944086113,6,2297.3118703501086,2277.918698808863,6
1230,1233,5.6463242272030215e-08,3,2290.787875046859,2293.0787922672166,3
1236,1237,-0.003646377694442444,1,2296.3702750087914,2290.2932119348275,1
1238,1239,-0.003188920203683801,1,2287.4801607012246,2282.47304916194,1
1244,1245,0.00017798072646026293,1,2290.364305243392,2293.0623102515415,1
1246,1247,0.00030076284699627064,1,2293.9275408418785,2296.911396560707,1
1250,1256,-0.007288268125791346,6,2297.6016306979477,2283.1536955978636,6
1260,1263,0.00864413697270711,3,2317.9246043209273,2340.2789866974063,3
1264,1265,-0.00033982524283822217,1,2348.1795397685755,2349.7297486260145,1
1266,1277,0.00835507507476859,11,2364.7212597446864,2386.8434046604993,11
1282,1284,-0.010980639018015093,2,2367.1234132670643,2343.498008968154,2
1286,1288,0.0028913151126037156,2,2340.1003729500926,2349.206440896363,2
1289,1294,0.013191586674494386,5,2350.844843856274,2384.2070622161486,5
1296,1298,-0.0031007866744762113,2,2382.798232458033,2377.7924816833197,2
1299,1300,-0.0027610075615811117,1,2372.9477246595293,2368.768945773167,1
1301,1305,-0.019155356637440696,4,2366.2051133704226,2323.245815659847,4
1306,1308,0.0020017495499088556,2,2333.05165033201,2340.0548870733082,2
1314,1318,-0.014682428265038985,4,2373.159106284025,2340.6885270507696,4
1319,1322,0.005201709609190786,3,2330.4793647044116,2344.93232097452,3
1323,1328,-0.002403348469825924,5,2344.5597073879403,2341.269473110162,5
1329,1330,0.0008605172534728084,1,2351.185780996851,2355.5602027085156,1
1331,1332,0.006034304043246543,1,2373.1892294410013,2389.8829640330473,1
1333,1334,0.002537079976012395,1,2401.139677352168,2409.632700424539,1
1337,1343,0.001290994155159212,6,2427.574282095788,2433.1358405872843,6
1344,1346,-0.0068119704480091685,2,2438.756514971208,2424.5825341763057,2
1347,1348,-0.002089329032416601,1,2419.7144492138364,2417.07858401415,1
1350,1351,-0.002338869758482066,1,2424.4276172568325,2421.1816244384586,1
1352,1357,0.01269529862233957,5,2416.0444108359056,2449.132860527138,5
1361,1362,-0.0056080862700032,1,2469.4978488413703,2458.118189710322,1
1364,1365,-0.003748184797871749,1,2460.002135168415,2453.241594697813,1
1366,1367,0.0034557376183458263,1,2458.436725467058,2469.3908744670443,1
1370,1373,0.0001441653883635873,3,2467.9635012791923,2470.7872596971006,3
1379,1384,-0.0021014533881072665,5,2446.9620478717147,2444.2668332335165,5
1386,1388,-0.007021901001491369,2,2434.395232667915,2419.7355455782863,2
1390,1391,-0.0010883677348163157,1,2431.6426738094515,2431.4277950544842,1
1394,1397,0.0019864976268024414,3,2443.095984589339,2450.3922849493656,3
1401,1403,-0.001272867388739844,2,2461.701097332307,2461.02937938202,2
1404,1406,-0.0030256375599946044,2,2460.661004638151,2455.676597284742,2
1407,1416,-0.006543023648654751,9,2466.4945769397887,2452.8227391705327,9
1418,1430,0.01606344267920569,12,2458.647222677405,2500.600208629949,12
1432,1433,0.002901724609373547,1,2513.9645033835945,2523.773300553538,1
1434,1437,-0.005706999135117594,3,2530.1765884767656,2518.2670494631107,3
1438,1439,0.0003849829987247399,1,2513.9772311507327,2517.4590468750575,1
1442,1443,-0.00113799384370522,1,2529.7120951765473,2529.3630104810663,1
1445,1448,-0.0059485978997886714,3,2516.827339166866,2504.372572682134,3
1452,1458,-0.017623764308295733,6,2495.008754001446,2453.5323165277914,6
1461,1466,-0.013826079759202005,5,2441.7663723314636,2410.448082086603,5
1472,1473,-0.0040880689850295564,1,2440.016343136084,2432.48140434388,1
1477,1483,-0.014706319839289841,6,2395.807486733898,2362.969783047358,6
1486,1487,0.0007579001465187888,1,2374.068382178252,2378.2417573351286,1
1488,1489,-0.00285477166054991,1,2383.296411323166,2378.8759406807535,1
1491,1499,0.009785370361711641,8,2386.0291698325204,2411.7633781230115,8
1500,1501,-0.0012470003085075314,1,2405.635539906337,2405.0413471858233,1
1503,1504,-0.004170613650006202,1,2422.092543767087,2414.413024086241,1
1505,1509,0.004625520252680345,4,2412.997606130959,2426.571973033918,4
1512,1514,0.0011345417879556896,2,2419.03917359145,2424.2027137941827,2
1516,1524,0.010752893333339491,8,2423.282196078692,2451.7627732457854,8
1527,1528,-0.0036373223099465004,1,2444.883564425487,2438.435618455806,1
1536,1539,0.0015386768516535876,3,2453.0031237055546,2459.23050595274,3
1542,1547,0.0004392723782483312,5,2480.8570919288845,2484.4277210156793,5
1551,1555,-0.004270541790198399,4,2482.8481762653696,2474.727917546176,4
1557,1559,-0.002884545035116923,2,2480.931386846119,2476.2559599185724,2
1560,1561,-0.004898581344684164,1,2479.4725645210096,2469.806139036312,1
1569,1571,-0.002465418040690279,2,2466.051812520402,2462.4380157050578,2
1575,1578,-0.010494337404036724,3,2442.184128579795,2418.997208460275,3
1580,1583,-0.007030921810415886,3,2418.9185976425147,2404.330288714372,3
1588,1590,7.401406039847427e-05,2,2406.1949700955197,2408.7792573254624,2
1593,1596,-0.012574570187404398,3,2401.014409914973,2373.2237001064427,3
1598,1599,-0.007048705951220116,1,2359.921485050319,2345.647013919283,1
1601,1603,-0.0009885299186470084,2,2357.0209632094975,2357.047998431696,2
1606,1607,-0.008184076961217914,1,2357.153766726609,2340.21979265702,1
1609,1610,0.00025105651568289107,1,2366.150419046712,2369.1106069455464,1
1613,1616,0.0019828875848809627,3,2372.475732150048,2379.5525605569096,3
1618,1622,-0.0029265634085405513,4,2389.5663756989907,2384.96272455729,4
1624,1625,-0.0025960803599416418,1,2387.20192958298,2383.391763467958,1
1627,1631,-0.02104930975538067,4,2372.8036437622677,2325.230568519782,4
1640,1648,-0.060108976049736314,8,2280.1635286489222,2145.385397244531,8
1651,1652,0.0047903231105046185,1,2159.195027679401,2171.6974645482596,1
1658,1660,0.008297991547426147,2,2188.3494037438277,2208.696658002653,2
1661,1663,-0.005619031333204466,2,2217.6616711003794,2207.41822235512,2
1666,1667,-0.011851406266919055,1,2168.559842808153,2145.0279189397156,1
1668,1669,-0.010103529285276667,1,2135.890483592373,2116.446342024846,1
1676,1677,-0.00638029892379371,1,2105.933215030732,2094.6026648203206,1
1689,1694,-0.0019281294486621482,5,2141.680412853242,2139.69265619245,5
1697,1699,-0.0043583327295619485,2,2169.1278363326383,2161.8431833252785,2
1701,1703,-0.004908997900507908,2,2157.8879611087414,2149.452781599236,2
1704,1706,-0.00045938125345253427,2,2153.10301488046,2154.267022733552,2
1710,1713,0.003936851287279867,3,2193.748684474615,2204.578895491532,3
1722,1723,-0.00040217754639993494,1,2236.636717329225,2237.973828979391,1
1730,1732,0.005065908027487398,2,2246.241532906372,2259.8670274525043,2
1734,1736,-0.0046136359322560706,2,2251.588299197501,2243.4518788148735,2
1737,1741,0.0027099674648764487,4,2246.443690662667,2254.7779236667025,4
1751,1752,0.0017904473748921244,1,2241.5760814715636,2247.831081563727,1
1755,1756,9.28364238561147e-05,1,2258.832972159418,2261.301507106801,1
1757,1762,-0.006608271960098065,5,2258.7525600959602,2246.0848614483743,5
1766,1768,-0.01117782497676098,2,2237.1526381733447,2214.3832901757173,2
1772,1775,0.0024240687010805327,3,2231.274005110276,2238.9140405947087,3
1778,1782,-0.01042626494032542,4,2234.554872025522,2213.4913657781144,4
1785,1787,-0.011258697710597461,2,2164.3592074581593,2142.1557006116977,2
1791,1799,0.0162683075787966,8,2109.39069783784,2145.816305211956,8
1801,1802,-0.002009958949993511,1,2168.3144222584438,2166.124513701284,1
1805,1807,0.003713783174069729,2,2170.4874895464955,2180.7186969542486,2
1813,1815,0.0001843315108668495,2,2198.1905608703923,2200.793947218521,2
1816,1818,-0.0011402987880306963,2,2190.8711386238206,2190.56376205834,2
1822,1824,-0.012086730269027797,2,2161.142459491427,2137.182455970102,2
1827,1828,0.003492438818712385,1,2101.555860592386,2110.996971720204,1
1830,1834,0.006648299652458417,4,2112.821080250825,2128.9805689846144,4
1839,1841,-0.006854325032424253,2,2096.407783153962,2084.134730590875,2
1842,1846,0.01605944960591193,4,2083.894978217243,2119.445079582153,4
1848,1851,0.007376335529493328,3,2130.091248507266,2147.9336075132,3
1852,1854,0.0007946071447151924,2,2150.8160978038877,2154.675967739975,2
1859,1864,-0.0011671944286200569,5,2179.501066855258,2179.1366664197085,5
1867,1868,0.002722209915738579,1,2198.5848377403554,2206.768432023985,1
1871,1873,-0.01373355733835191,2,2206.2390644442853,2178.145792815072,2
1876,1878,0.013561596564502131,2,2169.1130199924814,2200.698768692421,2
1882,1883,0.0009211631542984449,1,2254.9270571200973,2259.259139897867,1
1886,1888,0.0010634611649975086,2,2279.544398442949,2284.2481497830236,2
1895,1896,-0.002742067481293185,1,2314.6889291785847,2310.6565848657533,1
1898,1899,-0.00010758289286656167,1,2319.7365542320676,2321.806726817107,1
1902,1908,-0.005595108911081016,6,2340.9533489781957,2330.196413383881,6
1910,1913,-0.018886786628726768,3,2347.1448884030406,2305.1620085974687,3
1915,1917,0.00014459496850968202,2,2313.2810904235807,2315.928860320428,2
1920,1922,-0.002610345358943004,2,2321.9028071171674,2318.1637417078095,2
1925,1926,-0.0005279789898526016,1,2293.5209784722074,2294.60356856126,1
1927,1928,0.0026131622021596267,1,2297.618942354533,2305.9206122720143,1
1929,1931,-0.0035446939606704154,2,2308.4913132127203,2302.616909309728,2
1933,1935,0.00230627143253417,2,2309.8810880893734,2317.5181819434742,2
1937,1938,-0.005807478343285845,1,2313.958939310342,2302.834631822355,1
1941,1942,-0.004618540720017699,1,2295.7503157614833,2287.443049760907,1
1943,1945,0.00035283555468158226,2,2292.9303173972685,2296.032275055051,2
1946,1947,-0.0006373266709803101,1,2299.042071510772,2299.875872752403,1
1949,1954,-0.011857869044921164,5,2295.462554283673,2270.5387224717406,5
1959,1960,0.007682748946588858,1,2330.054991749329,2350.2862742744346,1
1961,1962,-0.0025708554709585555,1,2369.4359300673786,2365.7138886735465,1
1964,1968,0.012685196896177815,4,2379.5226942291615,2412.086930818611,4
1969,1972,-0.0006700319142012813,3,2429.446470173914,2430.2481099752276,3
1975,1977,-0.007834641538041972,2,2441.3844315762894,2424.698444129909,2
1979,1988,0.0013788826244370807,9,2422.711127226873,2428.4744726314634,9
1989,1995,-0.018761091381978085,6,2430.65174740348,2387.480719600082,6
1996,1997,-0.0028454491709117707,1,2381.3786915564415,2376.9839782244817,1
1998,2000,-0.003557605377276076,2,2377.6739055798103,2371.5927540134903,2
680,683,0.000493262892162628,3,1991.0103593666781,1993.9834612542318,3
684,689,0.006193353802958638,5,1993.0309013545275,2007.3674777682002,5
691,692,-0.0010178497980198927,1,2015.5539157090625,2015.5179384787689,1
693,696,0.00012697628850439225,3,2016.3880956074347,2018.6605171796068,3
697,701,-0.0022003388850572146,4,2024.401799616263,2021.9718314172037,4
702,709,-0.007158788100230222,7,2023.2572983602995,2010.7964853874541,7
711,712,-0.004619045067157711,1,2000.8216659302939,1993.5806021499466,1
714,721,0.003682480610341787,7,1999.8272771840004,2009.1914296334471,7
722,724,0.003391814488057758,2,2021.8885055696817,2030.76826480168,2
726,727,0.0023177904440957148,1,2027.8250606019371,2034.5529592103,1
729,731,-0.0023952490330465697,2,2044.8724255458337,2042.0193192713873,2
734,737,0.006209074003334766,3,2051.8387823088797,2066.6306399334567,3
738,741,-0.0022523434941431088,3,2070.9931387654306,2068.3995439816827,3
742,743,-0.0009421892416333508,1,2063.707858298205,2063.8271628145403,1
746,747,-0.0014798471312706114,1,2066.7846870088792,2065.792946305864,1
748,756,-0.008536497186381387,8,2068.186895230236,2052.6000105134226,8
761,762,-0.00027678945695460626,1,2068.3076719155974,2069.8034938301885,1
768,774,-0.005563206970088779,6,2090.7198665147025,2081.1794790473195,6
775,785,-0.0044339776482718845,10,2082.688083565475,2075.536179238189,10
788,789,-0.001865073737748718,1,2079.1264052251713,2077.327807574551,1
791,797,-0.0057731421275990505,6,2079.6951694669674,2069.7684888410204,6
804,805,-0.0029544717354225464,1,2074.6796529541202,2070.624750212365,1
809,821,-0.008950649277217265,12,2093.985961161368,2077.337413192757,12
824,825,-0.0031706446870334317,1,2074.727277503221,2070.2237817612654,1
827,833,-0.004913040298824786,6,2068.4085182483186,2060.3147523619805,6
837,841,-0.0015365847101487138,4,2073.0623308367653,2071.949957286853,4
843,845,0.0011674763699106305,2,2073.265594515754,2077.7593487004156,2
846,849,-0.0031102559644271255,3,2077.7865622259724,2073.4019007402285,3
853,857,-0.0037404087704725735,4,2077.530096045698,2071.8368143495736,4
862,864,0.0036452536386337667,2,2064.4499737225356,2074.0398674747476,2
866,868,-0.0014815031816341395,2,2069.645614237664,2068.6490732895536,2
879,880,0.004621751538092554,1,2148.9279236477782,2161.008662507795,1
881,883,0.0004210017122177477,2,2175.0651445181597,2178.155915812705,2
884,887,-0.0037568929135227557,3,2177.719232008865,2171.7154932904978,3
888,890,-0.0038191865224018033,2,2173.9457910632073,2167.8170323886097,2
893,895,-0.0010419609038664827,2,2162.8031015185456,2162.7123483455207,2
901,904,-0.0008207227566421457,3,2161.7011057459094,2162.088649561111,3
907,914,-0.005803115824685918,7,2163.5184603836074,2153.1268306295387,7
916,919,0.0034852195290612674,3,2144.2414808531885,2153.8588746181345,3
921,924,0.00019631364061195502,3,2154.82812401623,2157.405974294165,3
928,930,-0.0043246823094693215,2,2161.5170454184963,2154.330687935977,2
932,935,-0.0025763025926577084,3,2144.95625278499,2141.5751526825875,3
937,941,-0.0015527562495863353,4,2134.173206997448,2132.99352941958,4
942,945,-0.00578887122865641,3,2132.238453009747,2122.0274376294938,3
947,953,0.0035327282975581705,6,2108.0690977662975,2117.6244022189508,6
964,966,0.00043102828913659094,2,2139.929867424164,2142.9921676012164,2
971,978,-0.011274999633263286,7,2151.288895387541,2129.1844027763905,7
979,981,-0.003968638505172156,2,2129.9009332166734,2123.5780272941242,2
982,984,-0.002965029338694741,2,2122.9377395861966,2118.7661046436874,2
985,986,0.0023463161079144796,1,2121.012011406572,2128.109588065422,1
987,988,-0.004517429892507688,1,2130.4598164164213,2122.9660733733717,1
992,993,0.0009845891856161597,1,2136.7374086657055,2140.977954619445,1
994,995,-0.0023822569778979333,1,2143.228914989181,2140.2664218662044,1
998,1001,0.0038363916705545335,3,2134.8413593554865,2145.1662883238287,3
1002,1004,-0.0041802862475263155,2,2148.2189586130303,2141.387007402278,2
1006,1007,-0.002499956512149918,1,2147.2772366006375,2144.056414126207,1
1008,1010,-0.0014218261034723307,2,2140.9660857171984,2140.062970335594,2
1011,1015,-0.005798189550384137,4,2142.1594194732997,2131.880932531526,4
1020,1022,-0.0003121350765545719,2,2147.9046453959622,2149.3821136604356,2
1023,1028,-0.0076603551590060165,5,2149.555486605701,2135.238683630917,5
1034,1040,-0.002740019086710231,6,2150.505685730341,2146.7637647910915,6
1041,1042,-0.002990128018652868,1,2147.66252661282,2143.388403243997,1
1055,1057,-0.004447108865572707,2,2149.000483555043,2141.5926449360604,2
1058,1062,0.0013837622360676253,4,2143.908381249993,2149.0189490868056,4
1064,1067,-0.00551992396713188,3,2145.972177240126,2136.27254616342,3
1072,1074,-0.001998268370758128,2,2158.4498986432377,2156.295186379556,2
1078,1084,0.010904582020031185,6,2153.172111053551,2178.8047250528316,6
1089,1093,-0.006408578510456752,4,2184.850413805352,2173.033478808682,4
1096,1101,-0.0035261510843098962,5,2149.7989864624874,2144.368269421787,5
1102,1106,0.0008125917399614557,4,2152.265901997214,2156.1670813933747,4
1107,1108,-0.0007369595448485182,1,2154.8652729980718,2155.4320897402713,1
1109,1111,-0.00417873241711458,2,2153.9775342757343,2147.1306160617955,2
1114,1119,-0.007658238715575666,5,2139.4016335676274,2125.1569867828416,5
1121,1122,-0.001386928466606852,1,2130.168326394402,2129.3441036302556,1
1126,1128,0.0012518584130185484,2,2122.8859364953023,2127.666375051278,2
1130,1131,-0.0012184998894326413,1,2132.5677847866805,2132.101818961497,1
1135,1139,0.002024820702822626,4,2140.1779487823337,2146.651603349535,4
1140,1141,-0.0009665325903988145,1,2144.6746376059664,2144.7464143105244,1
1144,1145,-0.00018697723904188824,1,2141.953823527313,2143.695280738762,1
1147,1148,-0.004621365189959519,1,2153.541750123276,2145.742988994255,1
1153,1155,-0.001956462727110772,2,2159.143762164987,2157.0786216340025,2
1162,1163,0.0003096222297987066,1,2164.321535816535,2167.1559794122722,1
1164,1165,-0.002872477256313996,1,2171.6061534775795,2167.539870345521,1
1171,1175,0.0013786380964297133,4,2163.5652157556256,2168.711554401932,4
1176,1180,-0.009508139324037351,4,2180.065669108308,2161.517366659984,4
1182,1184,0.004771414608077677,2,2167.597856163638,2180.1079620951386,2
1187,1190,-0.005387526866737045,3,2215.9986508120246,2206.275897194934,3
1191,1195,-0.0016021757730069494,4,2209.816484069067,2208.485786119569,4
1198,1202,-0.0008150553589215608,4,2222.690756644418,2223.101831388634,4
1203,1212,0.01164775889081129,9,2228.836040406737,2257.025821252952,9
1213,1215,0.005356069852930028,2,2260.0243664105183,2274.3892391527475,2
1221,1222,-0.00016374534639558352,1,2295.58617098048,2297.5058655987123,1
1234,1237,-0.002933861977961453,3,2296.786059317755,2292.3443920861287,3
1239,1243,-0.0032133858624487158,4,2284.8564860232113,2279.7992169793233,4
1244,1245,-0.0010559251681426499,1,2289.6422169315065,2289.514168305538,1
1246,1251,-0.0005688215072296295,5,2297.5583690648145,2298.54902681944,5
1254,1259,0.005922754280949492,5,2287.506465101879,2303.3423102758625,5
1261,1263,0.0032450513983232517,2,2332.2369057237056,2342.137371261569,2
1265,1266,0.001723243969971059,1,2356.3082469402852,2362.7250491651585,1
1268,1270,3.362638103763518e-05,2,2376.789934432734,2379.2466472111482,2
1279,1280,0.0003572697153422079,1,2374.620733025907,2377.843733832267,1
1281,1283,-0.014074804427789966,2,2380.381324633986,2349.258304350833,2
1284,1287,-0.0032914518445406214,3,2348.587468736843,2343.205793649541,3
1290,1291,-0.0003188953187631062,1,2362.091969750589,2363.7008016486984,1
1293,1302,-0.009149163737857222,9,2383.092352500569,2363.6721427176067,9
1304,1305,-0.0015688317808366995,1,2326.2483356991943,2324.92509171573,1
1308,1313,0.00892625506036207,5,2342.8129271803778,2366.0682858542837,5
1319,1327,-0.0025328674837016424,8,2338.0952875196,2334.511297279565,8
1328,1329,0.0006927503974869626,1,2347.0735256477847,2351.046535291256,1
1336,1339,-0.0016855399134653626,3,2425.7471892546023,2424.084242736392,3
1341,1342,-0.005870114246625255,1,2443.7427379849264,2431.841431661579,1
1344,1345,-0.004154630817461218,1,2439.317195703681,2431.622050504551,1
1346,1347,-0.0037535340666531086,1,2426.8259397955717,2420.143591896507,1
1353,1357,0.012011022355442644,4,2417.029737036738,2448.4777649790926,4
1364,1373,0.004485585847446182,9,2459.1151190730516,2472.6048061674796,9
1374,1376,-0.00171961755288726,2,2466.2579629411903,2464.48320042111,2
1382,1383,-0.0032090977579039355,1,2448.9087271674216,2443.4988483889247,1
1384,1386,-0.005955290360646613,2,2444.9194359169924,2432.8041502036353,2
1387,1390,0.0003723588690846568,3,2425.466166885676,2428.7947768914664,3
1393,1394,-0.0032271188199109236,1,2442.0906331386755,2436.651807129684,1
1404,1406,-0.004479242599856435,2,2465.2602893866892,2456.6830507681207,2
1409,1411,-0.007039971197684852,2,2465.0323007330003,2450.14357663521,2
1413,1414,-0.0014191848949661374,1,2447.5633420434733,2446.537360461016,1
1415,1418,5.93052298781282e-05,3,2456.595503618506,2459.197788083184,3
1419,1421,-0.0001781763028846921,2,2465.9721675413966,2467.998761905109,2
1424,1430,0.005069652249993679,6,2483.0624716285233,2498.1337973463183,6
1431,1437,0.004349296049289028,6,2503.8414827547394,2517.2352721064854,6
1441,1445,-0.008266248849394704,4,2530.370208841929,2511.9839092233888,4
1446,1448,-0.0011640092161966393,2,2504.105567878802,2503.6948714873406,2
1449,1453,-0.004242958630655304,4,2506.735943798961,2498.6067028352445,4
1455,1456,-0.00818372539747943,1,2499.27628607857,2481.3221715469494,1
1457,1462,-0.0180386048186008,5,2473.658885417458,2431.5111892128093,5
1463,1466,-0.006010578101513781,3,2423.7239910033377,2411.579732649903,3
1472,1473,0.0003981621412204135,1,2434.6514496993036,2438.0554871833406,1
1476,1477,-0.00632208683028694,1,2402.794218617033,2390.0063391502417,1
1481,1484,-0.010216835155664399,3,2388.656337107355,2366.640485404703,3
1486,1487,0.0006580737498231124,1,2371.156892663423,2375.0884456638605,1
1488,1490,0.0015954063182845148,2,2380.537916055039,2386.7163792032843,2
1491,1498,0.006870811703705219,7,2386.510245729341,2405.29401850244,7
1499,1500,-0.0025631254233680818,1,2407.7225367818805,2403.9589644722205,1
1503,1505,-0.002343893334387422,2,2417.796680708025,2414.5474198649176,2
1507,1509,-0.0008962360618728965,2,2426.550127579895,2426.8019159771957,2
1511,1512,-0.00679146640034561,1,2426.310591926308,2412.258695656364,1
1516,1517,-0.0017997684616721519,1,2422.944513301287,2421.006718695167,1
1522,1525,-0.002927569282429712,3,2447.9724494937536,2443.2538129958753,3
1526,1532,-0.010392729352007649,6,2451.7372698202093,2428.708765202558,6
1534,1535,-0.0006038893341289906,1,2430.3988836750523,2431.361590595197,1
1538,1541,0.007736825030298391,3,2455.400091213685,2476.8524921899975,3
1543,1544,-0.0006388811319899539,1,2480.688021660782,2481.58384491105,1
1545,1548,-0.004976709883178713,3,2484.723526641342,2474.8425020359805,3
1551,1552,-0.00530214069907029,1,2486.1260695377946,2475.4304053910164,1
1557,1560,-0.0029102752715079922,3,2478.8228588774195,2474.0876248676573,3
1561,1564,-0.006003644280825158,3,2477.1207686889893,2464.7261375218254,3
1565,1566,-0.002058312583576318,1,2465.330346378608,2462.721256250363,1
1567,1568,-0.0019403951060366388,1,2468.4673396065155,2466.146005000938,1
1571,1572,-0.0005773990772828927,1,2463.677269992742,2464.718422280318,1
1574,1575,-0.0034987467405623246,1,2442.1542964426153,2436.051971354429,1
1576,1579,-0.007960372182498093,3,2439.0705294101263,2422.093690746069,3
1585,1586,-0.0018225939912488245,1,2412.2823681245386,2410.298039143324,1
1591,1592,-0.0015535036949306386,1,2410.154716582664,2408.820687041681,1
1596,1598,-0.009908982356980837,2,2373.3961610501074,2352.251616525186,2
1607,1608,0.0026344996299001878,1,2345.6554964370694,2354.1807804707432,1
1609,1611,-0.0016621992072544745,2,2367.673429213194,2366.1055577453317,2
1613,1614,-0.003532083882959588,1,2378.216098832269,2372.1942561782207,1
1618,1619,-0.0005202172859885908,1,2384.438735290855,2385.582747778667,1
1620,1622,-0.0005513276714130418,2,2389.025039742411,2390.096929170045,2
1623,1624,-0.001863615686283323,1,2389.804295308696,2387.74042283212,1
1626,1627,-0.004566859633860191,1,2375.5019032166306,2367.028821367889,1
1628,1629,-0.0065465576421714616,1,2363.589176693966,2350.47939308302,1
1632,1635,-0.015868178089070144,3,2321.516481017696,2286.9997605412136,3
1636,1640,-0.002191217086771756,4,2284.845286590006,2282.12353984399,4
1642,1643,-0.011856740256069177,1,2265.6293080031214,2241.031959089594,1
1645,1646,-0.013310601639417951,1,2148.237519864229,2121.791423530329,1
1649,1651,-0.0029215600765706198,2,2162.894364315702,2158.7382328553936,2
1652,1654,-0.00013308180227664904,2,2173.894365568233,2175.778954153672,2
1655,1660,0.010711611706417414,5,2181.6734738440973,2207.22438643995,5
1664,1666,-0.01291848717205954,2,2190.217398192165,2164.11332022779,2
1669,1671,-0.0001349013428901928,2,2117.860591319928,2119.6927496734247,2
1673,1679,-0.02919614884320548,6,2127.2374292125974,2067.257526033681,6
1685,1687,0.0005584272057534776,2,2116.610431730746,2119.9090150115367,2
1692,1695,0.0030657330311620115,3,2137.2631543568336,2145.9526957597877,3
1701,1703,-0.006237114686818836,2,2161.035764378285,2149.7181722379187,2
1707,1714,0.02123041204854006,7,2169.3963786359227,2217.62295402961,7
1717,1719,-0.0014007299205255556,2,2218.4348894880964,2217.5458962511407,2
1721,1727,0.0010829817782202263,6,2227.427382230179,2232.067072879673,6
1729,1730,0.0043978171519232084,1,2230.047551688436,2242.0849406125444,1
1731,1737,-0.0036887416133480123,6,2255.509154594348,2249.4446732711026,6
1741,1743,0.005821703840592919,2,2252.399226545794,2267.76442700007,2
1745,1746,-0.003978750591579667,1,2263.863223607019,2257.119739690444,1
1754,1755,0.002070384136980632,1,2247.9227122565294,2254.8246984934003,1
1756,1757,-0.002974915503171264,1,2262.737509644133,2258.2687942567295,1
1767,1768,-0.008250020416111184,1,2230.3110089330794,2214.141208584037,1
1771,1772,-0.00012038651331415778,1,2225.443372057939,2227.400902061857,1
1775,1776,-0.001993928386993235,1,2240.0922669496144,2237.865775656009,1
1777,1780,-0.012115468291632684,3,2240.3923482740424,2215.489338165986,3
1782,1785,-0.02430852376229541,3,2212.327454870896,2160.761367819059,3
1786,1787,-0.0035139494345433273,1,2148.7358896621345,2143.3340762873354,1
1788,1791,-0.013593622208768745,3,2140.2596656178207,2113.306043960364,3
1792,1794,0.0006532371723588259,2,2118.0509122329004,2121.5525527339523,2
1795,1801,0.020075759981122685,6,2117.5253921071685,2162.153849025152,6
1802,1803,0.0003430780162205253,1,2168.019068710245,2170.9308874601766,1
1806,1810,0.007943083142290065,4,2177.6433435833665,2197.118189059287,4
1812,1816,-0.0038801283526588124,4,2199.0836956497988,2192.750052348088,4
1822,1823,-0.00498465049229757,1,2160.7911011269944,2152.1811038021365,1
1824,1825,-0.011374493407561682,1,2136.6762208214645,2114.5092874544584,1
1826,1834,0.016535568548000177,8,2094.4527350613653,2131.1801545675803,8
1835,1837,-0.005703542244845544,2,2125.093246647529,2115.0977807876866,2
1839,1843,-0.012449933339517345,4,2100.967828798437,2076.9118872102244,4
1846,1849,0.010145788833932537,3,2116.0213368033305,2139.606063791436,3
1852,1855,0.002861441746364635,3,2152.7054765235093,2161.018023318185,3
1858,1861,-0.0009160761287467162,3,2185.9485252665863,2186.131978529187,3
1869,1870,-0.003703692808877377,1,2215.2849692791465,2209.2955192380923,1
1871,1875,-0.018204602576171555,4,2203.964122880872,2166.045796054566,4
1881,1882,0.004005926404426952,1,2246.8578020153395,2258.105406813441,1
1883,1894,0.026649010325806386,11,2259.8095636160883,2322.2910615748656,11
1897,1900,0.005574349828361689,3,2312.98846596825,2328.1948612924907,3
1901,1904,-0.005203864354070517,3,2335.440321516402,2325.6224471977202,3
1909,1911,0.00012520092599570417,2,2339.564003572994,2342.1964831562404,2
1913,1914,-0.0014757158025916464,1,2308.3816607731724,2307.28352713873,1
1916,1918,-0.002434903219903273,2,2315.4703599203176,2312.1478840452774,2
1925,1926,-0.0023218182896315408,1,2294.7511620638456,2291.7179180076764,1
1930,1937,-0.000805628242524301,7,2313.8220153178268,2314.27175696943,7
1941,1946,0.0015066830218170985,5,2293.83327579491,2299.5831887222243,5
1950,1952,-0.0064757589973778095,2,2287.9189619462477,2275.3908691050992,2
1953,1958,0.010319073817983603,5,2271.535379012771,2297.247055647978,5
1961,1967,0.009876761951825939,6,2367.23764536635,2392.985525718401,6
1968,1973,0.008909172623741943,5,2413.1532171254926,2437.0655689215273,5
1976,1978,-0.004930133640728567,2,2436.502175259485,2426.926396094789,2
1979,1985,-0.009585476247222082,6,2430.30551834877,2409.440188047494,6
1986,1987,0.0027168506727932905,1,2419.8858747865434,2428.8802292283267,1
1990,1991,-0.005394535215170833,1,2417.8832526674732,2407.2577795674542,1
1992,1993,-0.003329741107935201,1,2399.030100164748,2393.4409811212204,1
1994,1995,-0.006172779478730778,1,2401.2159702040212,2388.7950095093493,1
673,677,0.0026663954083463253,4,1977.2839915012532,1984.5334964486901,4
678,679,-0.0032288890735277017,1,1994.2325466957877,1989.7876235623842,1
683,685,0.0007854235258005122,2,1987.3785104547742,1990.9268228020105,2
687,688,-0.002087976070543291,1,2001.9128556155588,1999.734822333336,1
691,693,0.0005477249891743868,2,2015.7895550423634,2018.9094429096192,2
694,699,0.00023984688811530216,5,2014.3379721463568,2016.835442812735,5
702,704,-0.0021671308827859613,2,2026.8491673362205,2024.4835690782734,2
706,709,-0.0023230119480128304,3,2013.1316255516438,2010.4682283581164,3
710,711,-0.005101519827158257,1,2008.617063541251,2000.378680829968,1
714,715,0.00032566126378214184,1,1998.2219469505435,2000.8709123820552,1
717,719,-0.0009037738613981085,2,1998.708029408108,1998.9003573639704,2
721,723,0.004878734970292791,2,2013.0574354715836,2024.8916666146984,2
726,727,-0.0019594183348663778,1,2031.9823795988507,2030.0328584477381,1
732,733,-0.0010880530121082177,1,2048.5184824997323,2048.338104276989,1
736,739,-0.001527110032023665,3,2067.0760914583934,2065.9865149136294,3
740,741,-0.004752770517304378,1,2069.32668373148,2061.5609755621012,1
743,745,-0.000610454326907318,2,2065.028720751624,2065.833143754605,2
746,749,-0.006398285510263573,3,2072.5034223669663,2061.315457172031,3
750,753,-0.0038991684284393814,3,2065.227702207877,2059.2402592560975,3
754,758,-0.004726503849266499,4,2057.4500769381702,2049.7829813067865,4
761,762,-0.002507084874301428,1,2072.288264020829,2069.165149722931,1
764,767,0.0017644742339637505,3,2078.933722881736,2084.6808815927607,3
770,775,-0.004320229989828122,5,2086.921172890439,2079.9921146258007,5
777,779,-0.005818513899761281,2,2084.2701135129983,2074.227029000179,2
781,784,-0.0026590140362627844,3,2076.670893487979,2073.225667326984,3
788,789,-0.0023465122976498243,1,2077.530232251153,2074.7328122446875,1
793,795,-0.0021389570468160427,2,2076.017174288218,2073.6526798982513,2
796,798,0.0016242516350226913,2,2068.3274201877534,2073.7552318019434,2
799,808,0.0028628084507329086,9,2076.859593545019,2084.8821043339503,9
809,811,-0.003269376203010554,2,2088.0996622506545,2083.3609785676285,2
812,814,-0.003088064204661674,2,2087.7118269066896,2083.352550571277,2
816,818,-0.005764924914985935,2,2086.249869127347,2076.309045147056,2
819,820,-0.0032803830992704786,1,2078.808603923548,2074.068123916543,1
822,823,-0.0018336790435827936,1,2075.4945225436854,2073.76422625517,1
829,830,-0.004702541789061149,1,2066.632229752583,2058.9804375593035,1
832,833,-0.0012046647799263534,1,2058.5687807634945,2058.1474642370163,1
834,835,-0.0011036872826568045,1,2066.342349843415,2066.128096420121,1
836,838,0.00011557438951293733,2,2071.0488545149874,2073.3592635765144,2
839,841,0.0008637753190741829,2,2072.826249588776,2076.689531993489,2
843,849,-0.0030649450109670366,6,2080.0897035559738,2075.794432700252,6
850,851,-0.0033365633888607577,1,2076.2514336248078,2071.4001405389304,1
855,857,-0.00484586986730471,2,2077.912904593144,2069.9215219664857,2
861,862,-0.0033071209567848425,1,2071.864284641466,2067.0842431307556,1
863,869,0.0012004647744007953,6,2072.0431406232824,2076.6025985652627,6
872,874,0.002055738440704817,2,2092.8163622228103,2099.2114616301906,2
875,876,0.005527787802375568,1,2111.555457707362,2125.339243668224,1
882,886,-0.002318282730485509,4,2174.411700131612,2171.545210738363,4
889,891,-0.0046564595192503284,2,2173.1346085586592,2165.1886298325826,2
894,896,-0.00035484391283870694,2,2164.770051867102,2166.1666664433687,2
900,901,-0.0048068929212658216,1,2166.6052574938317,2158.357223275901,1
905,906,-0.00299186446820755,1,2169.280800259212,2164.9598869116107,1
910,911,-0.004297453917350519,1,2167.5104729174777,2160.3632070176577,1
912,913,-0.0024979181216864934,1,2164.6486661986855,2161.406199734502,1
916,917,-0.0011088598992358583,1,2142.840337627936,2142.6070682447034,1
919,923,-0.001470751533753105,4,2156.125856002877,2155.1108564491988,4
927,929,-0.003708737730851688,2,2159.3446149001534,2153.495516667862,2
932,937,-0.007345687187848111,5,2150.723976699038,2137.076155115501,5
939,942,-0.004847693727687816,3,2139.814068385207,2131.580719215863,3
943,945,-0.003001918674889135,2,2130.1598743485097,2125.895467515552,2
948,950,0.0031154196914804913,2,2106.2446955082296,2114.9127764032005,2
951,955,-0.0014668520021016156,4,2116.110985515562,2115.1230748653047,4
958,959,-0.0005116345560077877,1,2132.4797005952905,2133.521129991076,1
963,964,-0.005023111439717434,1,2140.4305173497073,2131.8193268494374,1
965,972,0.001965277968657005,7,2140.929273550351,2147.2777239576626,7
977,978,-0.004137169396196005,1,2135.866100240795,2129.165526476747,1
982,984,-0.00620535879603975,2,2127.5402165660867,2116.465606385856,2
985,988,0.0015663716885864687,3,2119.1583284745457,2124.596876412375,3
989,990,-0.0003746014221117313,1,2132.150522131379,2133.483966035764,1
995,996,-0.002667345405728472,1,2143.127910439277,2139.5545759639176,1
998,1001,0.004104511784305491,3,2135.484007423721,2146.384610704811,3
1006,1007,-0.0022788103852191474,1,2149.767818682799,2147.0186732704574,1
1008,1010,-0.00321265478534546,2,2142.0369957566136,2137.2974073475657,2
1011,1016,-0.0037265169116207837,5,2142.7196386749115,2136.8774773432024,5
1018,1019,-0.0013080698018394412,1,2141.4642445240006,2140.804524058544,1
1021,1022,0.0021049425051896118,1,2146.2253539823873,2152.889260309683,1
1024,1026,-0.0066526330851675265,2,2156.823913031069,2144.632178821389,2
1028,1030,0.0018158684465431171,2,2138.429536080415,2144.4510723362196,2
1032,1033,0.0007527090785613795,1,2146.902738820655,2150.6656347417743,1
1037,1039,-0.005020930494700615,2,2153.612522985576,2144.9529967181343,2
1040,1049,-0.006404432340807783,9,2148.122195235742,2136.512814171803,9
1054,1059,-0.0060019075173924985,5,2148.3842706780383,2137.638251244286,5
1060,1064,-0.003061383760107598,4,2143.8926667298906,2139.47328120328,4
1067,1068,-0.000750791611301993,1,2140.536707014661,2141.070146718365,1
1078,1081,0.0017307007993558297,3,2152.6931000918066,2158.571460860995,3
1082,1083,0.005004418007034595,1,2164.802949456818,2177.8013312682183,1
1084,1086,-0.0009991143418131383,2,2186.704694841246,2186.706631514161,2
1087,1090,-4.903684328243349e-05,3,2183.3136655387607,2185.389916394246,3
1091,1093,-0.008587502334521453,2,2184.519501562554,2167.9444547446406,2
1094,1104,-0.002531427900086979,10,2153.0234713699033,2149.7262711563053,10
1107,1108,-0.0007143376632537982,1,2154.063957966962,2154.6792929106955,1
1114,1118,-0.0053360964082737675,4,2141.088669589742,2131.8047026997383,4
1120,1121,-0.0034264718890260827,1,2131.124724103634,2125.953609868588,1
1124,1127,-0.0032443904859379862,3,2126.3754139197536,2121.6029971712196,3
1129,1131,0.0018511597863555967,2,2128.204738546804,2134.27259031448,2
1132,1133,0.0010408750091244982,1,2136.8408237084973,2141.201848744081,1
1141,1143,-0.0005431671091279724,2,2144.274978014325,2145.2545533513558,2
1145,1149,-0.0029144132036564158,4,2147.208148223335,2143.0975045933774,4
1150,1151,-0.0030870781888090704,1,2148.63851440081,2144.154137821769,1
1153,1157,0.001108324116668562,4,2155.29143187178,2159.8354847760443,4
1159,1160,-0.0020852632227286146,1,2164.913722327203,2162.5642210839806,1
1162,1166,-0.003554477957761201,4,2170.5345647076265,2164.989982005522,4
1167,1171,-0.0021472899747653662,4,2166.7986520829672,2164.3127057120973,4
1178,1183,-0.0036955272591010376,5,2172.7061848494636,2166.8495961021845,5
1184,1185,0.004504877049818372,1,2180.1668139268677,2192.1683641856293,1
1186,1187,0.00136065948944817,1,2205.27569146135,2210.4815964492477,1
1192,1197,-0.0013563952218568181,5,2216.0969518041497,2215.3071454393553,5
1200,1205,-0.003888783811274056,5,2230.5408714110586,2224.097321051341,5
1209,1210,-0.000670449768505755,1,2247.455823143149,2248.1964727299387,1
1211,1214,0.004562041494314244,3,2256.13091457584,2268.679608339316,3
1216,1217,-0.0013917042897353894,1,2285.2277326108597,2284.3325991049737,1
1218,1220,0.0027852329625098295,2,2280.0164140976403,2288.646807383346,2
1222,1224,0.0034373779354888896,2,2293.795364814889,2303.9738017552454,2
1225,1226,-0.006651853894333956,1,2304.5681785444594,2291.543095909795,1
1227,1229,-0.0016685521270171618,2,2280.208553096981,2278.6841148187655,2
1233,1235,-0.0022616349978574098,2,2296.3287570133157,2293.4316282868813,2
1239,1242,-0.0027731674107059536,3,2283.235791991822,2279.187232694505,3
1243,1244,0.0003724562231625442,1,2286.151759847276,2289.2894030571724,1
1248,1249,-0.0032265009720727836,1,2296.790003435602,2291.6761982603057,1
1250,1253,-0.005706553838393131,3,2296.7401120932027,2285.930381102839,3
1254,1255,-0.001784678306584969,1,2290.6834456207625,2288.8859960137306,1
1258,1259,0.002614886212475173,1,2294.370644206488,2302.664533014538,1
1261,1266,0.014331896086745184,5,2330.6326268883413,2366.3656441401713,5
1268,1269,-0.0022542005324650448,1,2376.689094055684,2373.7082493284156,1
1270,1275,0.0032982600415929625,5,2375.4483752203764,2385.658670052453,5
1276,1277,-0.0010305714279296816,1,2384.726613915268,2384.6537094174587,1
1278,1280,-0.0028099411487535744,2,2383.17014074278,2378.8567430405687,2
1281,1283,-0.011035707246052146,2,2376.2876058842244,2352.439879139148,2
1285,1286,0.001999944504610385,1,2336.515771282749,2343.525188930744,1
1287,1292,0.013391251101923057,5,2343.5307130547476,2377.2570520113873,5
1296,1298,-0.005484009616863474,2,2384.0487680903975,2373.3586704872087,2
1303,1306,-0.008038668154934299,3,2348.6737855053884,2332.1422501250227,3
1310,1312,0.0032679360379918093,2,2350.4223607654108,2360.4538130634232,2
1317,1319,-0.012033606126263547,2,2361.0744737155137,2335.0233079377617,2
1326,1328,0.0003622324836484959,2,2335.1075830611658,2338.2885424636256,2
1333,1336,0.006906699204739723,3,2405.83093561388,2424.8531171592363,3
1338,1339,-0.0017433169208569714,1,2428.8367019042353,2427.0313064857114,1
1342,1344,-5.723889155002438e-05,2,2435.057298711703,2437.3529760297756,2
1347,1352,-0.0007794324736348129,5,2417.7435734119217,2418.2768491312945,5
1354,1357,0.010292332556182907,3,2421.4447190381106,2448.788478071902,3
1363,1365,-0.0023292676599985873,2,2457.767115029152,2454.500084687336,2
1370,1375,-0.0015650042875712735,5,2470.9878513664194,2469.591732635861,5
1380,1381,-0.002120217629501466,1,2446.3536050483794,2443.61315661201,1
1383,1388,-0.012762616190853577,5,2449.6452760700467,2420.8310388838972,5
1391,1392,-0.0005943837085132773,1,2434.0807787478707,2435.0680815665255,1
1395,1398,0.008060722967087073,3,2437.564306508514,2459.6504014042475,3
1399,1400,-0.0017697834719656025,1,2462.9039664182324,2461.008063651845,1
1404,1406,-0.002750990259971503,2,2462.3606650319425,2458.0490954909346,2
1407,1409,-0.0011835879579344655,2,2462.2086318314828,2461.756599976756,2
1414,1415,-0.0010670312016928026,1,2455.062038424239,2454.897472665573,1
1416,1417,-0.002078667733689768,1,2457.7207668289293,2455.0697027393317,1
1418,1424,0.009451437249912702,6,2460.698104925436,2486.415936760043,6
1427,1428,-0.0019973358197173793,1,2498.649193638622,2496.157201296898,1
1429,1431,0.001864951871791302,2,2497.2003010936974,2504.3546597705536,2
1434,1435,-0.0028261928052277126,1,2529.8096362108586,2525.1897160546146,1
1442,1444,-0.004920257123313902,2,2530.4528440872714,2520.5328183000283,2
1447,1451,-0.006143819700980984,4,2508.4260243074177,2495.523133105132,4
1452,1456,-0.0045271948018264195,4,2492.221928934616,2483.43137670188,4
1458,1461,-0.0074052901115379465,3,2455.0552934807915,2439.32995208618,3
1463,1467,-0.006567121499573579,4,2424.253619476615,2410.7575050312075,4
1469,1470,0.0018967849957395632,1,2423.2739396370494,2430.2936432259567,1
1471,1473,0.0008917199607348769,2,2432.1861934555072,2436.787208625891,2
1477,1482,-0.0099775723169922,5,2394.3235507264467,2372.8283378995225,5
1485,1487,0.0029075948801339114,2,2369.9373647811085,2379.198119893965,2
1489,1492,0.0026774855475794183,3,2380.214220184973,2388.967423579846,3
1504,1505,-0.004448181201076058,1,2421.997122534926,2413.6456375879407,1
1510,1511,-0.003252358521875941,1,2429.3564917384324,2423.8847099415907,1
1512,1517,-0.0013630584211788122,5,2417.222495553236,2416.3449025703626,5
1518,1521,0.005223605703379396,3,2422.684730853495,2437.7625653619248,3
1523,1525,-0.0018297872562691663,2,2449.269149007751,2447.236776680731,2
1526,1537,-0.0012301729310137826,11,2453.358054912074,2452.7933582977485,11
1538,1539,0.0011258662597529064,1,2451.892040764019,2457.104435326036,1
1546,1548,-0.005582732504207162,2,2489.8812347091725,2478.4707750432553,2
1550,1553,-0.0003235694854718244,3,2478.7061729329216,2480.382845424843,3
1554,1555,-0.0020598971018054124,1,2480.4647254458187,2477.835688072188,1
1559,1560,-0.0017413572483718789,1,2475.0244002330255,2473.1895229540155,1
1562,1563,-0.001074939727009112,1,2469.2745534680603,2469.089506707113,1
1566,1567,-0.0014800406745374725,1,2462.591975016299,2461.4098307035015,1
1568,1569,-0.004443831010909173,1,2471.359996293171,2462.8490500988164,1
1570,1572,-0.004663648206038016,2,2466.7252127788825,2457.6879993782964,2
1574,1575,-0.004134764453335613,1,2445.849318184075,2438.1821566832164,1
1576,1577,-0.004245240175226596,1,2434.5007114489194,2426.6001719335077,1
1579,1582,-0.008406997788078803,3,2423.9690168859875,2406.0146837395414,3
1584,1590,-0.0012554148156893054,6,2405.0841795568294,2404.4698854243907,6
1594,1597,-0.014358233008257101,3,2396.5054237685026,2364.492345912251,3
1599,1600,-0.0002776143787521447,1,2350.7553699961272,2352.4535218744836,1
1602,1613,0.005449148465358661,11,2360.544527150435,2375.768029265118,11
1614,1616,0.00026097575526376395,2,2377.3012283056573,2380.2989475175095,2
1618,1619,-0.002179464505675152,1,2390.3343768066698,2387.515062252531,1
1620,1622,-0.0028334483712795736,2,2393.0292105711837,2388.6417150626376,2
1626,1627,-0.0020235043303218126,1,2376.194958770365,2373.7629129403745,1
1636,1638,0.0009455149104697648,2,2286.640349915823,2291.0890428114662,2
1639,1642,-0.012630291884015786,3,2288.6356571239694,2262.0181564154514,3
1643,1649,-0.03535473928399416,6,2238.294473443428,2161.398450367474,6
1653,1656,0.00583641980964434,3,2174.4733140499957,2189.33892648971,3
1657,1658,-0.004011048874995062,1,2195.499984792189,2188.889227032929,1
1663,1665,-0.010939064549043882,2,2206.0963242692023,2184.1697905008823,2
1671,1675,-0.002934820091374305,4,2120.7238333220557,2116.620614241088,4
1677,1684,0.005220800107055637,7,2100.2700670772824,2113.3354273354025,7
1686,1687,0.0009013733373143182,1,2115.9048560734263,2119.9279811510582,1
1690,1695,0.004881575810960994,5,2137.6685607712193,2150.241420470103,5
1698,1703,-0.008167841656792865,5,2164.1611790170477,2148.6488143660754,5
1705,1707,0.004699843988331267,2,2151.446653433967,2163.709563707758,2
1708,1709,0.001272506602742866,1,2178.7151306763444,2183.666275196302,1
1713,1715,0.00315873892398702,2,2207.889308397724,2217.0713436044125,2
1719,1721,0.004757592986891448,2,2217.2919772055366,2230.058241943386,2
1723,1724,-0.0023493416107529157,1,2236.336216288341,2233.3186347760693,1
1729,1736,0.0018323396241369011,7,2231.8716106382813,2238.1930290370783,7
1738,1741,0.0012197821056962113,3,2249.6656253045676,2254.6593928034185,3
1746,1749,-0.00592214497047327,3,2260.950668024839,2249.8219410657325,3
1753,1763,-0.00546527498178529,10,2252.7294063679547,2242.670350108968,10
1764,1767,-0.005822682367863584,3,2238.3722176472083,2227.5772594204454,3
1770,1773,0.006694027064057483,3,2218.1085366646394,2235.174723776754,3
1775,1780,-0.014512355865203126,5,2244.0429465734464,2213.720639702547,5
1782,1783,-0.004155277034136705,1,2213.6974721893657,2206.71264339484,1
1784,1787,-0.017629337260145986,3,2180.7023615111166,2144.4387264775514,3
1789,1792,-0.009978374477841511,3,2133.691860747933,2114.5347762018155,3
1796,1797,0.0007503583577191759,1,2127.1683927492995,2130.8916997238243,1
1800,1803,0.002085407240987827,3,2160.0429714127226,2166.7075836375643,3
1804,1806,-0.0014361767123743235,2,2172.115626958017,2171.1682007049535,2
1807,1810,0.005792789340984932,3,2184.864877383479,2199.7062042340617,3
1819,1820,-0.004748528581750452,1,2186.5179176511083,2178.3216927422836,1
1821,1824,-0.014865249148924734,3,2165.755767824941,2135.7270245083273,3
1826,1828,0.006720130973531306,2,2095.951734812367,2112.1327567193184,2
1830,1846,0.0023909059394543537,16,2109.0467654122385,2116.198344615662,16
1848,1849,0.0016576345663384647,1,2134.3037033430933,2139.975902640162,1
1851,1854,0.0015651049586367714,3,2148.732105041155,2154.2438284185782,3
1855,1856,0.001584316469427249,1,2166.6254717862025,2172.22471767602,1
1858,1859,-0.004687949631516147,1,2186.0676561614505,2178.0055487544405,1
1860,1861,0.00032649916856754757,1,2183.818636649477,2186.715470255295,1
1863,1864,-0.001949032918644445,1,2176.4542937375977,2174.3887669669157,1
1866,1869,0.00834687141479823,3,2189.875154282703,2210.343635764245,3
1870,1872,-0.011128489368673184,2,2211.96236411985,2189.558526830957,2
1873,1877,0.0020063098920611853,4,2176.4788171267205,2183.02198692451,4
1878,1886,0.03690653960112529,8,2199.0583298593374,2282.417021525335,8
1887,1890,0.00030159382840300435,3,2289.720213447929,2292.7004991465224,3
1893,1895,3.891582445830245e-05,2,2316.171942891188,2318.578250574824,2
1897,1901,0.005837989186551277,4,2317.7137297095246,2333.5622311308,4
1902,1903,-0.003634630301021914,1,2337.029447100295,2330.872238504584,1
1904,1907,-0.0018631698934663547,3,2325.5178055621486,2323.5104886056674,3
1909,1912,-0.007439362227199563,3,2336.2377187377183,2321.1938378179198,3
1916,1918,-0.002145661939821547,2,2314.831853309213,2312.17983855779,2
1920,1921,-0.0016943612750273786,1,2322.8235092448517,2321.210630551309,1
1923,1924,-0.0009242017331961179,1,2314.6477517226353,2314.8231980104774,1
1925,1926,-0.004609775492378303,1,2301.5912142863244,2293.2829867275204,1
1929,1933,-0.0013036450519659185,4,2313.369823725957,2312.667380425615,4
1936,1940,-0.015039048655361209,4,2323.4654884986007,2290.8462434565163,4
1942,1945,0.0018634948456558074,3,2289.6027684696423,2296.1590341957544,3
1947,1950,-0.005366405757774317,3,2300.529019599924,2290.483976442816,3
1955,1956,-0.0011291733494927024,1,2258.6260931116217,2258.334338813923,1
1960,1961,0.003811400563614645,1,2349.325018117089,2360.6285618333714,1
1965,1974,0.023407272127322583,9,2385.8956758084555,2444.1288808353147,9
1975,1980,-0.009182345361058847,5,2439.4868179915266,2419.5260943429694,5
1983,1986,-0.00011245283234872648,3,2416.619704113691,2418.7645680873675,3
1988,1989,-0.002622073053363075,1,2431.6247077369826,2427.6804348226706,1
1990,1992,-0.0074210235337697425,2,2413.3658607603957,2397.8695817728567,2
1993,1994,-0.0019349326512999412,1,2398.6121822824844,2396.3696414354627,1
1995,1998,-0.006258357453130912,3,2389.319184485574,2376.755290143926,3
1999,2000,-0.002677447943056304,1,2372.419143583175,2368.439533970704,1
672,675,0.003978062983028333,3,1974.98702825183,1984.8186380691316,3
677,681,-0.000843165624608532,4,1988.6485413254313,1988.9604297772833,4
686,688,0.0007891014586455282,2,1993.8665238545589,1997.4337533607315,2
692,695,-0.00323626385354504,3,2019.292566745746,2014.7768957690002,3
696,700,0.0006423747266646345,4,2017.1400633581657,2020.4529632183678,4
707,710,-0.006555177761350373,3,2018.3870717652164,2007.1745727903492,3
712,714,0.000894308501949679,2,1992.5534992892738,1996.328010323567,2
718,721,0.0059489355185136615,3,2002.280245055302,2016.193961368185,3
722,725,-0.0010641746464723257,3,2023.9022113125225,2023.772328103617,3
727,728,-0.0013530757198471981,1,2035.4376602144198,2034.7189965973355,1
729,730,-0.0007037144713606623,1,2044.8895311466194,2045.4954023223643,1
731,741,0.009982913772638349,10,2040.6987452588542,2063.1115636139634,10
743,746,-0.0014335359798456273,3,2069.027969582287,2068.130971514166,3
753,756,-0.006146732361282895,3,2060.678681682066,2050.072920024847,3
759,761,0.0011369952472123973,2,2059.1830299076128,2063.5834942556658,2
764,765,-0.00011191794242408268,1,2077.3222150624665,2079.1670476494673,1
769,773,-0.004354213604992959,4,2092.9279479091915,2085.9078205120445,4
775,777,-0.00029184550880981524,2,2082.065517846393,2083.539941893808,2
783,784,-0.0027621605073670672,1,2077.5525329275843,2073.891551902079,1
785,788,-0.0026308650737243895,3,2078.983312331786,2075.592771058848,3
789,791,-0.002783489672854451,2,2080.257747993845,2076.5476297834225,2
792,793,-0.004616442441898468,1,2081.5576502486424,2074.0298168170248,1
798,799,-0.000509456749192955,1,2078.5886152048142,2079.6082528212073,1
800,804,-0.005301742396270279,4,2077.0865885079534,2068.1514970694443,4
806,808,0.0030700512661283675,2,2080.3204256759172,2088.787436458392,2
812,818,-0.00589492877568938,6,2089.7792366759413,2079.549916155498,6
819,824,-0.004764246982328224,5,2083.7236035668357,2075.879953280103,5
825,827,-0.0034322661725408204,2,2071.217814429084,2066.180061403084,2
831,832,-0.001187518330149211,1,2060.823441711336,2060.4369995408138,1
833,836,2.2928559083989792e-05,3,2059.58382026556,2061.690627375137,3
838,845,0.0007232416298145457,7,2074.910082388865,2078.485653820959,7
847,848,-0.0020890734068532988,1,2079.435578693104,2077.170920703085,1
851,855,-0.0015579475504683797,4,2074.4175460167603,2073.2601298283116,4
864,868,6.389845258061985e-05,4,2068.613054784973,2070.813849012947,4
869,871,0.006068211078397611,2,2076.406575344464,2091.083055303571,2
874,877,0.012027270690554075,3,2102.7401275497014,2130.1330923831815,3
881,883,0.004200507447324837,2,2171.2870303977807,2182.578824769644,2
885,890,-0.004486985847636614,5,2178.9100994532464,2171.3122707731804,5
891,893,-0.0031724957159770637,2,2172.031005224942,2167.3122771711214,2
897,898,-0.00043035547794076866,1,2164.8226481519628,2166.0558275147123,1
899,902,-0.0008741148614454946,3,2164.82674307525,2165.0992625897484,3
904,910,-0.005076960357323477,6,2172.7743679310024,2163.916052967539,6
911,914,-0.003943882688612012,3,2159.8657107240065,2153.5073194484794,3
915,916,-0.006097369360517719,1,2151.1761017556973,2140.21076260553,1
922,923,-0.0008909220678451831,1,2156.1318794936997,2156.367065900568,1
925,926,-0.0015904404473348413,1,2157.935172111571,2156.6610399032297,1
928,929,-0.0022224467578656607,1,2160.8536780367504,2158.2121494638122,1
934,937,-0.006052934456998538,3,2146.3895922696775,2135.544026340755,3
939,943,-0.005253308271021148,4,2138.2948637873656,2129.2000365573367,4
944,946,-0.009818553010981928,2,2129.0158910789846,2110.2410515822817,2
952,956,-0.0006099940130383636,4,2117.016359416717,2117.8420084713853,4
958,960,0.0019492857358033144,2,2131.4286980735324,2137.7148903296425,2
962,963,-0.004970687600782772,1,2144.090919289709,2135.5774040615343,1
965,968,-0.0002391076931084256,3,2144.055566563034,2145.68696194918,3
969,973,-0.0027873634954656236,4,2148.046610236129,2144.207270138434,4
974,976,-0.005665039626089561,2,2146.9777638231753,2136.962027478607,2
978,979,-0.00334249656740439,1,2131.3773137511853,2126.3845697098795,1
980,981,-0.0040440274661858976,1,2132.459226546357,2125.9679620902284,1
988,990,-0.00038057769512953336,2,2126.0934399135576,2127.410389612479,2
993,994,-0.0027275876732415086,1,2140.198986746178,2136.5016053583913,1
998,999,0.0007912679191849311,1,2135.496568684332,2139.321815179346,1
1003,1004,-0.003192930586391703,1,2145.1819947488048,2140.4777595391433,1
1007,1008,-0.0030729776282271727,1,2147.5330071798667,2143.0812193001034,1
1009,1012,-0.002820126344781411,3,2143.3727706977784,2139.471561451144,3
1013,1016,-0.0055465348164061845,3,2139.302648605704,2129.576234630988,3
1018,1021,0.0014007491701195289,3,2139.9599601168234,2145.097467215163,3
1023,1031,-0.005324889691736613,8,2152.868350070187,2143.5574319353022,8
1032,1033,-0.0020414030916612,1,2148.5078730824803,2146.2704103409937,1
1038,1039,-0.0037981825125507135,1,2152.1864335412765,2146.1642230991924,1
1041,1042,-0.002474453946520636,1,2144.3820870223312,2141.220294391273,1
1050,1052,-0.0003591348638949175,2,2140.215007563968,2141.5865967460845,2
1057,1058,-0.004061294910245699,1,2146.390052271376,2139.8193193289558,1
1060,1061,-0.0010121698285130813,1,2144.634187872108,2144.6080880418185,1
1064,1065,-0.003349560594544859,1,2141.9614197070673,2136.928751560288,1
1068,1071,0.0006948885034281571,3,2143.1537273428357,2146.7861339563883,3
1074,1076,-0.0027699072249043923,2,2158.098727578399,2154.279093048401,2
1077,1078,0.00039051182845525174,1,2148.3483950892714,2151.335698944286,1
1079,1082,0.006315434443692233,3,2150.067315359115,2165.79599185415,3
1084,1088,-0.0007363843371171357,4,2185.274588415466,2185.8506610246723,4
1089,1097,-0.020270636990555,8,2185.650004293578,2143.5311364724316,8
1101,1107,0.00441012798551768,6,2143.3302865685487,2154.925977734121,6
1111,1115,-0.012296538061617183,4,2152.5565366287624,2128.2400997829527,4
1117,1124,-0.0015322802116971574,7,2128.5138646204705,2127.38089881001,7
1125,1130,0.0016813202750610291,5,2126.0220610980587,2131.722607155708,5
1132,1134,-0.0014628520675923238,2,2143.107730504872,2142.115788660735,2
1141,1146,-0.000283769457270237,5,2145.6027315559604,2147.139477764865,5
1149,1158,0.003156675141697929,9,2148.496306452794,2157.4269076418564,9
1159,1167,-0.00014014605645128284,8,2162.999503863659,2164.85936751695,8
1169,1170,-0.002014459620028202,1,2163.1878300288563,2160.9933633247556,1
1172,1178,-0.0005529554857346882,6,2165.424109894179,2166.392150863565,6
1179,1180,-2.2619146827840232e-05,1,2159.9158008220593,2162.026861170247,1
1187,1189,-0.0018728802344273815,2,2210.215939408411,2208.286685601085,2
1191,1193,-0.00037145509982916547,2,2212.151124036401,2213.5415603438214,2
1195,1197,-0.0011746069905607416,2,2216.8943430554054,2216.5072578057734,2
1203,1205,0.00012164172066695799,2,2224.588314571858,2227.08350563679,2
1206,1208,0.002639402816146124,2,2227.730686137826,2235.838295470571,2
1211,1218,0.008921991534534213,7,2259.264758207706,2281.6811640129145,7
1222,1223,0.001280028992705884,1,2298.4220631143708,2303.6625320557464,1
1229,1231,0.003504881870671327,2,2281.8412405562267,2292.1206657925586,2
1232,1237,-0.004482942765843282,5,2298.836795953989,2290.830078965667,5
1238,1242,-0.0037738081843180804,4,2290.781621520525,2284.4274327102657,4
1245,1254,-0.0018338561645497116,9,2293.3335748525824,2291.4212645138227,9
1255,1260,0.008746855338829209,5,2291.7131870457606,2314.050183957983,5
1263,1265,0.00146315170563441,2,2350.3921626720685,2356.181535136464,2
1267,1270,0.0010241930396785088,3,2371.3757264726314,2376.17584871262,3
1271,1275,0.003940398722002706,4,2373.791527849052,2385.519004479538,4
1276,1277,-0.003479837498188885,1,2387.9828233429666,2382.06101399261,1
1281,1283,-0.0075630404220283776,2,2373.7451779301878,2358.166192375837,2
1285,1293,0.01361893818069089,8,2342.864557299157,2377.114749428045,8
1294,1296,-0.003062958853126633,2,2383.8858068647396,2378.967948534625,2
1300,1301,-0.0047148280522215985,1,2376.7898302363315,2367.9604647007345,1
1302,1305,-0.01661402309341136,3,2364.75171454067,2327.828426659648,3
1308,1309,-0.002508997729175017,1,2343.329376996288,2339.7932982876914,1
1311,1314,0.0055522843134895965,3,2352.816487509541,2368.2328100731693,3
1317,1321,-0.009040214535971258,4,2358.954861203645,2339.9883580388955,4
1323,1324,-0.0016914946867030202,1,2342.7329970010233,2341.113009581233,1
1326,1330,0.008975096392601679,4,2336.6795300057097,2359.988133556136,4
1339,1345,0.0020174435078896724,6,2429.5291188636315,2436.8600857305755,6
1348,1350,-0.0012807181210769552,2,2420.5498999417173,2419.8704077218326,2
1351,1352,-0.006624578464287218,1,2426.5454960785332,2412.8972005386768,1
1357,1362,0.0021452389761483105,5,2458.571875821944,2466.3046719114413,5
1363,1364,-0.001638753094202308,1,2456.305737295311,2454.7367644053065,1
1366,1368,0.00367487593616454,2,2461.9362363000914,2473.445482767542,2
1370,1371,-0.0006197579019207473,1,2469.5725638634017,2470.511599316444,1
1375,1376,-0.0056744765766457254,1,2472.685625849926,2461.127114810482,1
1383,1394,-0.002249178389707207,11,2445.9438872317455,2442.888466985379,11
1395,1399,0.00982915848474419,4,2441.054669044424,2467.4892369254308,4
1404,1405,-0.0008752795067219114,1,2462.6854686280226,2462.9926159744587,1
1407,1409,-0.0010553434842898704,2,2463.0531721000034,2462.916858155468,2
1415,1416,-0.0016327718599756667,1,2451.5426133339856,2449.9913461547367,1
1418,1419,-0.0009498718033210123,1,2464.689079230871,2464.812629649787,1
1420,1427,0.008424678249753178,7,2466.969717692302,2490.2201135334362,7
1433,1434,-0.002462802817807891,1,2528.736905683608,2525.037862212479,1
1436,1439,-0.006740817187723446,3,2532.2834643748965,2517.7460879384253,3
1442,1445,-0.010547357694740963,3,2533.51967386523,2509.331255312175,3
1446,1448,0.0010908582497047557,2,2501.742484671965,2506.9732735846783,2
1454,1457,-0.0104485702041138,3,2497.028817445556,2473.4354653622263,3
1458,1459,-0.009473347155789468,1,2459.8118952921773,2438.969055165426,1
1460,1465,-0.0174220184506854,5,2443.031527134589,2402.9120183203786,5
1468,1470,0.0015059980457722139,2,2417.5488344144474,2423.607207069049,2
1471,1474,-0.0001905211249567841,3,2429.3153169204415,2431.2817963503076,3
1475,1486,-0.017883834088610523,11,2417.640837860198,2376.8217910679173,11
1488,1490,0.0012236754819510824,2,2379.729193845475,2385.0209393075124,2
1492,1493,-0.0024225251679205347,1,2392.674366470088,2389.270726965146,1
1497,1501,0.0035257900179590266,4,2399.4030500970994,2410.2622444702893,4
1502,1507,0.0013772978246274188,5,2415.7223760027614,2421.4652675521365,5
1509,1514,-0.004656058895093809,5,2427.235747523121,2418.3616306778995,5
1517,1521,0.010238573501781131,4,2417.346316622154,2444.513840880772,4
1525,1528,-0.003224583854746911,3,2445.526112927366,2440.0858350201856,3
1537,1539,0.0023447739082975935,2,2452.9407921860984,2461.1453245464013,2
1541,1544,-0.002500233405784609,3,2484.212473469595,2480.485574929829,3
1548,1550,-0.00022757827050519288,2,2476.8012044349607,2478.714339504905,2
1561,1562,-0.004412299758236566,1,2475.341945116772,2466.895336395897,1
1566,1574,-0.010053558867804693,8,2464.3996070423273,2442.088020126175,8
1577,1578,-0.002152239569994773,1,2428.999587088049,2426.200797648305,1
1579,1580,-0.004587161371497881,1,2425.027106689808,2416.328143127855,1
1584,1591,-0.001747665011213056,7,2406.9432887864773,2405.1437015054776,7
1599,1600,-0.00042974164860802057,1,2353.698201327058,2355.040417383021,1
1602,1604,-0.0031107353002224067,2,2360.4449743007244,2355.4626997692353,2
1605,1606,-0.005630173451337443,1,2364.6091210077816,2353.660570632901,1
1607,1609,0.006470765178938089,2,2346.7443254951336,2364.276301285913,2
1610,1612,-0.00031942968437669104,2,2369.3455178146064,2370.958024041486,2
1614,1616,-4.617998406692997e-05,2,2378.725510682745,2380.994386687245,2
1618,1622,-0.0014314702112890906,4,2388.3026911893016,2387.272209722512,4
1624,1625,-0.003935527706803825,1,2390.1748906791818,2383.1584660634862,1
1627,1628,-0.006251562867020256,1,2375.9578882750907,2363.4803960554214,1
1632,1633,-0.013654347703953258,1,2317.8274870074556,2288.496892069083,1
1637,1640,-0.003623968792946965,3,2289.3381107221408,2283.3309589631017,3
1644,1645,-0.022022753518646708,1,2199.5571090265703,2153.3163620733176,1
1647,1649,0.00980997430529246,2,2141.9152528141976,2165.069301661233,2
1651,1653,0.003439566760895526,2,2163.656545163682,2173.2622428435848,2
1654,1657,0.007092415165625314,3,2178.022400064778,2195.647861566134,3
1658,1659,0.002930480859155364,1,2188.187311104101,2196.787939446642,1
1663,1664,-0.00663331537909935,1,2204.142492564512,2191.725862763422,1
1666,1667,-0.011194330304584228,1,2167.6878484679146,2145.589722543399,1
1668,1673,-0.005546248649440794,5,2131.445769134617,2121.7556866853324,5
1674,1678,-0.02741818715016879,4,2126.6204372186767,2070.43898051086,4
1679,1682,0.01067546154338907,3,2069.508835342716,2093.6713061634637,3
1683,1685,0.002983082979556761,2,2100.8257048815685,2109.1934679896976,2
1687,1691,0.007728925403562857,4,2116.578771546786,2135.0542297543825,4
1692,1696,0.005741515561688363,4,2139.3515991405575,2153.7740712380864,4
1702,1711,0.015795518166894087,9,2154.053761369963,2190.2322104515188,9
1716,1717,-0.0017034788793504384,1,2215.0037644973545,2213.445556131349,1
1718,1719,0.0031823758463744717,1,2210.8204666917045,2220.066948812266,1
1720,1722,0.0022289819968478817,2,2226.4472127648996,2233.6363707318496,2
1724,1725,-0.002644375155344149,1,2237.60921416056,2233.929745161425,1
1729,1731,0.007823133394122776,2,2234.583860968009,2254.2998924536837,2
1733,1734,-0.007649205619099681,1,2259.931324397152,2244.904576336191,1
1735,1736,-0.005304791020509578,1,2249.597111389087,2239.913065944215,1
1737,1745,0.005236333457136261,8,2245.780882106151,2259.7863205586264,8
1747,1748,-0.004416034885560987,1,2258.7098370703775,2250.9940054705853,1
1751,1752,-0.002261139501575345,1,2248.732983010125,2245.8970170167554,1
1753,1756,0.002660008826149753,3,2250.0957149609085,2258.331085137347,3
1757,1758,0.0002524960719672545,1,2260.889815615533,2263.721571228742,1
1761,1766,-0.00841531241813999,5,2250.4691671629685,2233.7812352010637,5
1767,1772,-0.002273745376740281,5,2227.324464439326,2224.487420200246,5
1773,1777,-0.00045370072044569716,4,2238.1448243635778,2239.3675212686658,4
1781,1783,-0.00573473856636345,2,2214.051617330969,2203.5686617504725,2
1784,1785,-0.011980815140782749,1,2187.1577400069173,2163.140965180169,1
1788,1790,-0.013164076719763194,2,2142.2051728884117,2116.1472248159234,2
1791,1794,0.003826816941490753,3,2111.6865468892915,2121.879271288935,3
1799,1804,0.008744015368970362,5,2147.8370862238867,2168.7656438020967,5
1806,1809,0.007972324266578266,3,2173.2378296324646,2192.736824148322,3
1813,1814,0.0030913621332310437,1,2195.397793761078,2204.379961161851,1
1816,1820,-0.006969441511186563,4,2195.3011875326174,2182.196465494203,4
1821,1823,-0.006640161895134782,2,2165.5742675765136,2153.360078111444,2
1824,1828,-0.015120319094947637,4,2141.322094467117,2111.0859432081797,4
1830,1831,-0.003408775366257714,1,2111.076887979818,2105.991777975776,1
1832,1839,-0.011470062456906724,7,2122.5049010328576,2100.282142153953,7
1841,1844,0.0010582273281391436,3,2081.366639606097,2085.6505653036115,3
1845,1848,0.012412196937114733,3,2101.90695446161,2130.09814447834,3
1849,1852,0.001760932970466447,3,2141.544357500904,2147.4570179252446,3
1853,1855,0.008550305959187363,2,2146.843492845678,2167.346505048845,2
1859,1860,-0.0025893358407167166,1,2182.5283268794233,2179.0595563861343,1
1864,1866,0.003425130037809322,2,2176.2238509639787,2185.8539244958765,2
1868,1871,-0.003082319292795551,3,2206.4504502793197,2201.8559159381057,3
1875,1880,0.02765423101158198,5,2164.710367805384,2226.738478757646,5
1881,1883,0.00411285838136137,2,2246.7493799334334,2258.2366913314445,2
1886,1889,0.001402553019031653,3,2280.883535312258,2286.363478936082,3
1890,1891,0.001323998918358397,1,2289.8766803509334,2295.198351279243,1
1892,1894,0.002740554699775467,2,2313.10952469676,2321.76183740046,2
1896,1897,-0.003273839005944286,1,2316.188717624135,2310.922077372873,1
1902,1903,-0.005432635580286915,1,2337.4583682336747,2327.0972671032027,1
1904,1908,-0.0010532291015267676,4,2327.5008674824817,2327.376976702503,4
1909,1910,0.002699396510810336,1,2333.204042796495,2341.8354896914248,1
1912,1914,-0.007388015783339681,2,2326.2646511126923,2311.404435805159,2
1916,1919,-0.0010782159647133177,3,2314.8903862141597,2314.7093248293963,3
1920,1921,-0.0020351963634367,1,2322.7278785454187,2320.3233990922954,1
1923,1926,-0.00965246682767052,3,2311.744904277285,2291.7426081789895,3
1927,1932,0.0018650390386351734,5,2297.1922640023895,2303.773809518007,5
1933,1934,0.0002585152462672535,1,2313.042942598401,2315.953942406932,1
1935,1938,-0.0047816232613275824,3,2318.3615755091764,2309.594405447063,3
1941,1942,-0.002909346924834051,1,2295.7175610813183,2291.33423981578,1
1943,1944,0.0009077894460497971,1,2290.0524585206726,2294.421396431939,1
1946,1947,-0.0031195917041761724,1,2305.8677954131526,2300.980297163068,1
1949,1954,-0.011617409478694784,5,2293.993140157483,2269.6368756471143,5
1956,1958,0.012907501798642536,2,2267.239147950847,2298.770780478926,2
1963,1965,0.0006128495914988219,2,2374.3032797493747,2378.132673824213,2
1966,1973,0.02215059976968571,7,2383.964212441861,2439.1544137893566,7
1974,1984,-0.01595175964400538,10,2447.8433291893907,2411.243764085169,10
1987,1990,-0.007213573930577608,3,2429.295311444033,2414.20070542717,3
1993,1994,-0.00527586125331839,1,2400.4186621893036,2390.154805039906,1
1996,1998,-0.003586617269199855,2,2384.416444886822,2378.2488721335135,2
1999,2000,-0.004086623612251329,1,2377.6118667694745,2370.273073840735,1
673,677,0.002762960355425523,4,1980.5012964288662,1987.953844291197,4
678,688,0.004720725288995452,10,1990.948153071852,2002.3378205202089,10
692,694,-0.0010658283035272361,2,2016.2236321446892,2016.0909075634536,2
695,696,-0.002701802740176131,1,2017.5899601812907,2014.1564200585024,1
697,700,0.0011226057233492182,3,2018.8175204217684,2023.1026740450134,3
701,704,-0.0012614782368642113,3,2026.9124550137508,2026.3824615187357,3
705,706,-0.007515590789406611,1,2028.1006097014467,2014.886336048886,1
707,712,-0.015348339727860254,5,2018.46536578143,1989.5037389842782,5
713,714,-0.0008885410241218745,1,1995.262561935584,1995.4849518573453,1
715,719,0.0007887759890534186,4,1998.2656664390781,2001.8401160829542,4
720,722,0.0037062663643493534,2,2009.105804723416,2018.5611917946048,2
729,731,-0.002356186806656195,2,2046.4197055853042,2043.6443781797082,2
732,734,0.0012354195788145351,2,2047.7899719471498,2052.3676417437405,2
737,739,0.001862528364622331,2,2065.77625306627,2071.6895961856353,2
740,741,-0.0033120451926514217,1,2065.40147439087,2060.6261728411096,1
742,745,-0.0014156142996045976,3,2065.8074023678387,2064.9488232711856,3
748,750,0.0007600586386831438,2,2060.839659522364,2064.466858168047,2
754,757,-0.005155541581470392,3,2057.0220009701156,2048.473960511085,3
760,765,0.008363093120433953,5,2060.5871774209454,2079.88064704591,5
766,767,-0.00017412057069592427,1,2082.2444373517924,2083.964120199384,1
768,769,-0.0013461454639183469,1,2086.429546111295,2085.7073379881235,1
770,772,-0.0046965485091177515,2,2094.861070693682,2087.1173151260004,2
773,776,-0.0034061287605678674,3,2087.719233479983,2082.695912188316,3
778,779,-0.0019216632669502077,1,2082.182174314787,2080.2631034896226,1
781,784,-0.003975656031434632,3,2080.2772162877873,2074.0870268420845,3
787,794,-0.002056913679174706,7,2080.6143002364547,2078.4152705214483,7
796,799,0.0012071113274559771,3,2070.6547887525608,2075.2249543920675,3
800,801,-0.005576206580925264,1,2081.3053284738544,2071.7808453327775,1
802,803,-0.0015679214228537792,1,2071.172943528115,2069.99668004305,1
805,806,-0.0010533525148214463,1,2075.5551959349627,2075.444459845609,1
808,810,2.1043762783781337e-05,2,2086.6593010820934,2088.789871546518,2
813,815,-0.004305998582401795,2,2089.475258197678,2082.567455956113,2
816,817,-0.0019037502668604826,1,2083.3863314213677,2081.503470468372,1
818,822,-0.003517690901867781,4,2082.202675711421,2076.9603329789375,4
823,825,-0.004983053336685107,2,2079.3815979047977,2071.0993100930214,2
826,827,0.001556064011773038,1,2068.3304261615954,2073.617211128362,1
829,834,-0.0029304591374052615,5,2065.7216233465383,2061.7338321634134,5
835,837,0.0009205826668715279,2,2069.35601576537,2073.3303850608354,2
839,840,-0.0024269126082642244,1,2075.044955361536,2072.0840475520154,1
841,842,-0.0015941193168021776,1,2075.462165122351,2074.22909295876,1
844,845,-0.00351219081113973,1,2080.2514477916407,2075.0254592196384,1
846,847,-0.0026816784031342264,1,2082.3235341200443,2078.8217356043765,1
850,854,-0.0015346090952910747,4,2077.655757956725,2076.5450242916377,4
858,859,-0.004142675708897024,1,2074.769269220654,2068.2489422367084,1
860,864,0.0013976467227044451,4,2067.9814568702755,2072.939745832954,4
865,866,-0.004049069834649038,1,2068.475899423398,2062.1689719547676,1
868,869,0.0007015430379108205,1,2070.339229064437,2073.862000365765,1
871,872,-0.0032809771381521313,1,2092.4048965408174,2087.63216880805,1
875,876,0.0020642391763959693,1,2115.26366158402,2121.7453353642527,1
877,879,0.007404356634392067,2,2128.579165254089,2146.4685036834207,2
882,887,-0.0023591091772832925,5,2174.806398837327,2171.8505995018527,5
888,889,-0.003216716347617891,1,2177.3930948483053,2172.5664319797647,1
890,891,-0.0030704659221639013,1,2169.9609333694325,2165.468103204464,1
892,893,-0.0045700465753909306,1,2171.476452792615,2163.7241807187806,1
897,899,-0.0009212307351160972,2,2165.050155840357,2165.2206952495694,2
905,906,-0.003325705287865249,1,2170.3523534590254,2165.304753514055,1
907,908,-0.001080129401617163,1,2165.608504336307,2165.4349754227173,1
909,919,-0.006051801284435035,10,2163.389088480094,2152.4600767041775,10
920,922,-0.0013700490773054064,2,2158.2817214171005,2157.483051257525,2
924,925,-0.0013862279115086343,1,2154.389542488349,2153.5574571147777,1
926,927,-0.0010628229549549703,1,2156.874612380102,2156.739111143485,1
929,933,-0.003198547224702837,4,2154.7984610482663,2150.0610348719347,4
934,935,-0.0013719825381958341,1,2146.679607174662,2145.881079845692,1
937,938,-0.0014326229627488341,1,2137.983794722197,2137.0588538386155,1
939,942,-0.005845526659791685,3,2140.6245877409483,2130.252134232444,3
945,949,-0.006723365695900822,4,2120.771758581096,2108.6338062491977,4
951,957,0.001145485912244479,6,2116.906352026511,2121.4481447823246,6
961,962,-0.002285663462163243,1,2140.728228415527,2137.975972349832,1
963,969,0.002784867925725073,6,2137.842610525605,2145.9340624524316,6
970,974,-0.001085116169889985,4,2149.2576837266147,2149.0747471444693,4
976,978,-0.005985382960342259,2,2141.8317062553183,2131.1538549630322,2
982,983,-0.0030428134052923944,1,2124.5152797308074,2120.1752914376248,1
987,989,-0.0004675505080610451,2,2127.018750540248,2128.151280593318,2
990,992,0.001057389403860833,2,2134.375658361435,2138.7669002248062,2
993,994,-0.004524669996857043,1,2144.8080704915064,2137.248329836428,1
995,996,-0.0022617976823109034,1,2141.108066636739,2138.4064214406794,1
997,1001,-0.0013079768087432121,4,2144.3518396821996,2143.6914290457917,4
1002,1006,-0.001219206808741324,4,2144.860658415473,2144.390490355347,4
1009,1015,-0.007699494062482173,6,2144.136412563189,2129.77178339807,6
1019,1020,-5.0755132255056825e-05,1,2142.4679340618486,2144.501660752565,1
1021,1025,0.0012391441768290086,4,2143.20412710963,2148.0030701506034,4
1027,1030,-0.0006447800316830953,3,2141.9453726123766,2142.7062343797725,3
1034,1036,0.000265856800379972,2,2151.383659141958,2154.1070027771093,2
1040,1042,-0.0011611333798243312,2,2148.1029053276025,2147.7567742462566,2
1044,1046,-0.005582597601436505,2,2143.534320268405,2133.711365033746,2
1047,1048,-0.0013358098023646256,1,2137.8372448841715,2137.119338181479,1
1049,1062,0.0015577212082486564,13,2141.495660433241,2146.9730093013036,13
1064,1066,-0.0056491399314952655,2,2145.3323024444953,2135.358352370874,2
1068,1073,0.00494433010021962,5,2141.027380733256,2153.754354237943,5
1074,1078,-0.005143619312076664,4,2160.018586343162,2151.068291614346,4
1079,1081,0.002364079326235959,2,2151.2955653709846,2158.5326943070722,2
1082,1086,0.007376907590656121,4,2168.1483583865274,2186.310736827564,4
1090,1092,-0.006216956576795196,2,2184.40104880529,2173.005123387367,2
1103,1107,-0.0009330812937709799,4,2152.0303240532303,2152.1743351382815,4
1108,1109,-0.0024467491070301085,1,2157.1577105393744,2154.0368445479285,1
1110,1113,-0.006931068676179985,3,2155.4496717248176,2142.665551693768,3
1117,1119,-0.004468531951607145,2,2136.8697397272135,2129.4579387585472,2
1120,1124,0.0024878924120686208,4,2127.1649978367864,2134.5843204919593,4
1125,1127,-0.0038687894720679456,2,2130.198178392696,2124.0870882851045,2
1129,1134,0.0018897912164381522,5,2131.2306239126992,2137.389435449886,5
1138,1142,-0.0027690237214567487,4,2149.3850246311827,2145.582711536066,4
1148,1149,-0.004926921321583113,1,2151.036553748946,2142.5896024425247,1
1151,1154,0.005010013431548357,3,2144.230895998567,2157.1177524838595,3
1155,1158,0.0005915865587701919,3,2156.9551293465397,2160.388110138278,3
1161,1165,-0.00018944940701337012,4,2164.0247598579,2165.7788114102405,4
1168,1169,-0.0030717979315899725,1,2168.711739661443,2164.2186071649976,1
1170,1171,-0.0006597026334204251,1,2162.119613224423,2162.8553768350334,1
1172,1174,-0.0006480124985983797,2,2166.173435761968,2166.9359017372244,2
1177,1178,-0.007050744312078813,1,2182.1402801478876,2168.9367072596247,1
1185,1186,-0.001345626308760319,1,2201.7636185231613,2201.0026310909284,1
1187,1190,-0.004328877182982251,3,2215.2660316877286,2207.8916831406077,3
1192,1193,0.0007482987351764389,1,2213.1026551451346,2216.9718197179404,1
1194,1195,-0.002289162153146846,1,2217.1658832985995,2214.3075969546026,1
1198,1199,-0.001660824138018667,1,2225.6173028462204,2224.1465612105076,1
1201,1202,-0.004048428941717628,1,2228.9450477531673,2222.1502671600983,1
1204,1207,0.0015630285602284267,3,2225.3432679286184,2231.0468862806315,3
1215,1218,0.0011721161498628578,3,2275.589151149347,2280.531995095011,3
1221,1227,-0.005932238788035876,6,2292.4038199701404,2281.097136931442,6
1231,1232,0.00095462404567332,1,2296.1193301222474,2300.6073801766397,1
1233,1234,-0.00032240784334753995,1,2291.5250001215636,2293.077719488419,1
1235,1236,-0.004300877576065001,1,2298.1617295379174,2290.575779018715,1
1237,1238,-0.004164813558832193,1,2293.4789581445,2286.220524840868,1
1240,1241,0.0006745833217308714,1,2275.480819316045,2279.2913015449903,1
1243,1244,-0.00233199602913678,1,2289.3095994894848,2286.2602481935,1
1245,1248,-0.0008974285449225994,3,2295.5947325556995,2295.8301950476857,3
1249,1251,-0.0016016358739595247,2,2297.7475424516965,2296.3651351008552,2
1254,1255,-0.0010176202113660465,1,2292.3191966443505,2292.278805495587,1
1259,1262,0.013434975569489069,3,2303.1675281058033,2336.413695106451,3
1265,1268,0.006911072484537455,3,2354.2635056003896,2372.8882548408956,3
1271,1272,0.002243157385535109,1,2378.1879152084757,2385.9007529098744,1
1274,1275,-0.0026350147930621704,1,2386.6863310816034,2382.7840636238857,1
1276,1278,-0.004085902629289159,2,2387.901888506935,2380.533055790707,2
1279,1281,-0.0014522346906020488,2,2376.2047556016582,2375.1301533792016,2
1285,1294,0.018066418728527055,9,2338.7846946347595,2383.376942938536,9
1297,1301,-0.007509981054805181,4,2383.561720089657,2368.0447784489143,4
1302,1305,-0.015792258377378618,3,2362.305151190056,2327.3613230274404,3
1306,1307,-0.0005012760389513774,1,2334.845399585477,2336.0098429315944,1
1308,1311,0.002320560630392433,3,2341.690408862855,2349.4661338430924,3
1313,1325,-0.019704236755677798,12,2370.2993479505476,2325.964707764652,12
1326,1327,-0.0006120684356682026,1,2336.005655463104,2336.911865791316,1
1330,1332,0.008306866548613547,2,2362.9041297362423,2384.8953631388654,2
1339,1341,0.00014419986211553198,2,2431.631242623455,2434.4135147559805,2
1343,1344,-0.0005206608258413308,1,2437.7498094540165,2438.9183184344856,1
1350,1353,-0.0032745849164810743,3,2423.8030731387794,2418.2899272280974,3
1354,1358,0.01625075746710241,4,2423.0844252938064,2464.884467036863,4
1362,1365,-0.002643774626266424,3,2464.404395404116,2460.353469990091,3
1368,1373,-0.0016511670851787202,5,2470.7383791234224,2469.1295156148494,5
1374,1376,-0.0032582626236657857,2,2472.7565298088516,2467.1723961601588,2
1377,1380,-0.009141842398948725,3,2458.957471122184,2438.9370269265896,3
1383,1384,-0.0011267404448596977,1,2442.1515442269033,2441.842024853773,1
1387,1388,-0.001953803694583913,1,2424.17472744879,2421.862540637432,1
1391,1405,0.007193712323062876,14,2438.4163090040493,2458.395990763893,14
1406,1407,0.0012300234065456962,1,2459.841891966814,2465.3273969623015,1
1408,1409,-0.005231314225634076,1,2472.4573700369474,2461.9956259948362,1
1411,1434,0.028361007456593607,23,2457.686472103425,2529.8466229368228,23
1436,1438,-0.007883987518315257,2,2529.2046463468373,2511.7936331301207,2
1441,1443,-0.0032805581555808484,2,2531.521090631509,2525.7478095622446,2
1452,1453,-0.0004232259193729678,1,2499.348180776334,2500.7897400254683,1
1455,1465,-0.03924484104239331,10,2494.6951114866997,2399.2858934986552,10
1466,1471,0.005687629624996404,5,2411.889793926818,2428.0196195649096,5
1472,1479,-0.023823245185697547,7,2435.1547745370967,2379.5766400527145,7
1481,1484,-0.0105108195836594,3,2390.1357056537076,2367.403556176773,3
1487,1488,-0.0015889587502391934,1,2379.963441520277,2378.561741226144,1
1489,1491,-0.0017746937957924774,2,2383.743229833968,2381.8965587430534,2
1494,1498,0.011711782248309929,4,2373.836420990066,2404.012112666799,4
1500,1501,0.00014364331516429477,1,2406.098093504132,2408.8498115043976,1
1503,1505,-0.00509797437271354,2,2422.480384530524,2412.553121996317,2
1507,1508,-0.00236530538242091,1,2426.7437596758123,2423.4305133589705,1
1509,1511,-0.0012398940337954784,2,2426.401573559535,2425.819494298446,2
1513,1523,0.010481842098422785,10,2423.6801837112876,2451.508496877737,10
1525,1528,-0.004563023598799335,3,2446.8392490718998,2438.121103084988,3
1529,1530,-0.002766404806261894,1,2435.8950921052055,2431.592315306961,1
1532,1534,-0.0030494667482905925,2,2432.007291435965,2427.0229733605665,2
1535,1539,0.009614951313871477,4,2431.8921938398385,2457.7066110780324,4
1542,1547,0.0022300688983030942,5,2475.9058989084488,2483.903245547638,5
1549,1552,0.001296941717778454,3,2473.81745941985,2479.49967394456,3
1554,1559,-0.004177029670345454,5,2482.2609074423235,2474.3746908898406,5
1563,1564,-0.00010909776923272055,1,2466.974207364002,2469.1720401885877,1
1565,1566,-0.0016619060149646214,1,2461.1329619049357,2459.503923193823,1
1568,1572,-0.007104994005915638,4,2471.173979639673,2456.087477306398,4
1573,1576,-0.008653902816098319,3,2451.512141182185,2432.7485055010916,3
1578,1580,-0.004054900265211766,2,2424.358416647961,2416.9522434779747,2
1583,1588,-0.0050883988559589826,5,2409.072751754163,2399.2235014719695,5
1590,1591,-0.002394568231969604,1,2411.8021031479684,2408.438680553121,1
1598,1599,-0.0015339731126142722,1,2351.96334049,2350.707455304324,1
1601,1603,-0.0015933285189154841,2,2357.382188757848,2355.9834866752744,2
1606,1610,0.0024271674981816847,4,2359.0697846176186,2367.1547119094025,4
1613,1614,-0.0008328214500616263,1,2375.7576665790566,2376.1548423007603,1
1617,1618,-0.00034071887274294166,1,2382.373671141327,2383.9443251407847,1
1620,1623,-0.003943553630183033,3,2392.8827150325706,2385.839136430134,3
1624,1628,-0.012721238750530373,4,2390.50682840941,2362.48712713885,4
1634,1638,0.000543193471742497,4,2289.999519391394,2293.5334317000124,4
1644,1645,-0.025461905652382714,1,2205.9582738834592,2151.996330714629,1
1647,1648,-0.0012262730752907302,1,2144.2176776494516,2143.732498921437,1
1649,1653,0.0031277400893660375,4,2165.4501811957275,2174.388596720174,4
1655,1656,0.0023412440705464777,1,2182.3190648474256,2189.6107254828876,1
1657,1669,-0.0383519872598335,12,2195.8856666868205,2113.8649732406834,12
1671,1674,0.0009924135517647898,3,2121.140627919266,2125.3668172515313,3
1676,1678,-0.018279884222237985,2,2108.495940342088,2072.061374609918,2
1681,1683,0.006258404486206413,2,2086.730397993785,2101.8767312760865,2
1684,1688,0.007107934062697768,4,2113.9573004328054,2131.097126836073,4
1690,1693,0.0006090115580219776,3,2137.8253952680348,2141.265181038054,3
1697,1699,-0.005699704977819811,2,2167.5417669446583,2157.354960112916,2
1700,1702,-0.0031184011820481567,2,2159.671317304403,2155.09626703299,2
1712,1719,0.009818065694849266,7,2198.878061785828,2222.66566911319,7
1720,1724,0.004160315187374774,4,2223.6083004550205,2235.082820138631,4
1730,1733,0.00392863221415972,3,2247.2497530590967,2258.3256205852863,3
1736,1748,0.005043314326639203,12,2241.6720324934836,2255.219161203078,12
1750,1756,0.004082537592580488,6,2251.7555388461187,2263.2001710216055,6
1757,1758,-0.0017042398604168011,1,2267.6329308598056,2266.0359733611003,1
1760,1765,-0.010583707276924415,5,2257.0706427790474,2235.4395384353134,5
1770,1777,0.0093825876491774,7,2215.8459031163284,2238.8521174225043,7
1779,1784,-0.018389899603464977,5,2223.738979641285,2185.0683820410113,5
1787,1788,-0.004912240868704838,1,2145.0271287193077,2136.6352659218514,1
1789,1790,-0.010623945680953678,1,2136.8041240400808,2116.239637219481,1
1792,1796,0.0010001316365116208,4,2117.039053654165,2121.2734104411093,4
1797,1804,0.014933299911786563,7,2133.6360458212507,2167.631908841919,7
1812,1813,-0.004231131452566398,1,2201.2819107500172,2194.1692795322274,1
1817,1820,-0.006682815631905328,3,2193.976210411668,2181.508248107112,3
1821,1826,-0.034729705590368226,5,2170.476687730137,2097.267148062242,5
1827,1828,0.004727770617305132,1,2097.80342435879,2109.8191611737143,1
1829,1831,-0.0038195947635970414,2,2113.807715347232,2107.8476341817877,2
1834,1840,-0.023357722085662107,6,2133.9012561966224,2086.192084952333,6
1841,1844,0.0020268487711865633,3,2081.350474213071,2087.650407338351,3
1846,1847,0.002437067560235125,1,2122.679686144498,2129.9754796345155,1
1849,1852,0.0008933617873639124,3,2142.8478988002316,2146.905085127953,3
1854,1856,0.011851152819411202,2,2150.935066897214,2178.5770621465404,2
1857,1858,-0.001113689031190309,1,2182.7989718715953,2182.5508115712,1
1865,1868,0.01144356552162084,3,2183.3928577961606,2210.562049881586,3
1869,1872,-0.01523980250181992,3,2217.8214914801492,2186.24015145718,3
1873,1885,0.04125031472983101,12,2176.9747112701702,2268.952577980218,12
1889,1891,0.0033555777029137847,2,2286.586847106221,2296.5462537932526,2
1898,1902,0.0031781596288596994,4,2323.607889088051,2333.3162937635384,4
1904,1908,0.0004778716436999186,4,2323.485642607366,2326.9194561531194,4
1909,1914,-0.012569102454906615,5,2335.9564224692854,2308.931503287541,5
1916,1917,0.0005157682584326295,1,2311.8228220994506,2315.327009752309,1
1922,1924,-0.007968350003260447,2,2322.5395323562284,2306.3552639983614,2
1927,1928,0.00036507273685060346,1,2301.0920040325373,2304.233161992227,1
1929,1934,0.00040098960576957126,5,2311.944704145644,2315.1837146452663,5
1935,1937,-0.004239588418289298,2,2320.0482999463143,2312.5322983439364,2
1945,1948,-0.0008744400194465223,3,2297.9629548856556,2298.2514870695836,3
1950,1953,-0.009544924702212597,3,2287.9614330420895,2268.4109748751785,3
1957,1963,0.04100889998884021,6,2278.9858170772104,2374.7235043427922,6
1964,1965,-0.001282279669483728,1,2381.785087422292,2381.112757915033,1
1967,1972,0.016370445662919234,5,2393.8587672320914,2435.4411608729993,5
1974,1975,-0.003625118754850995,1,2448.152604302368,2441.7259129860768,1
1976,1980,-0.008062375512181343,4,2433.6579049500124,2416.470498957067,4
1987,1989,-0.00046677574686971245,2,2428.470485168286,2429.7654045289887,2
1991,2000,-0.014077061369370952,9,2403.169557067848,2371.7431612890678,9
673,674,-0.001502867640371052,1,1982.7923412697385,1981.7952591637384,1
676,677,0.0012886952109111127,1,1984.4359914977017,1988.9777606478021,1
680,694,0.011874395501422094,14,1989.188270681666,2014.7978672052116,14
695,696,-0.0015388969204344323,1,2017.9042343130118,2016.816791935409,1
698,699,-0.0006939649076903259,1,2017.5523799099658,2018.1698217387911,1
700,706,-0.004717697097700963,6,2023.8699526363616,2016.3458171873212,6
707,708,-0.001118286855574097,1,2015.3062186517852,2015.067834416162,1
709,710,-0.0044595242598786475,1,2010.2546982954493,2003.3001733981612,1
714,716,-2.461118054385169e-05,2,1994.3893652631743,1996.3346703516943,2
718,719,-0.0005669032947151326,1,2001.6797040735476,2002.5466249584174,1
721,726,0.006211884791239949,5,2016.1615172076724,2030.7018417903057,5
727,729,0.003325045275770414,2,2033.6371328531197,2042.4327055271974,2
732,738,0.010411455059230856,6,2045.4281660357815,2068.769477629384,6
739,745,-0.0007029610937294935,6,2064.7398062710568,2065.3531143248447,6
746,750,-0.004140649139841759,4,2069.753146131496,2063.2527776934135,4
752,754,-0.00618129045135939,2,2066.210945857605,2055.505306813339,2
757,761,0.008526403819032382,4,2047.7122395587962,2067.2195732580085,4
764,766,0.00016321959071879835,2,2078.1647392088053,2080.582101146194,2
767,768,2.7846337017383826e-05,1,2083.1576818767717,2085.2988478695183,1
774,775,-0.0036247726532248493,1,2085.949731152667,2080.474587342336,1
779,780,-0.0010677397795342883,1,2078.8029937976876,2078.6621761411925,1
792,796,-0.004012586858024904,4,2074.117413231518,2067.8689543704163,4
798,799,0.0006754008194716694,1,2071.948467376791,2075.4198115369372,1
802,807,0.004472884088044815,5,2071.4377626557707,2082.7745014263846,5
812,814,0.000540816081461391,2,2082.312113881636,2085.5205738733266,2
816,818,-0.005616955108464411,2,2084.150912286983,2074.528481085689,2
820,823,-0.0025885600342334626,3,2079.2417254992615,2075.9387251926228,3
826,828,-0.002791917960828933,2,2069.73810751121,2066.0293066221484,2
830,831,-0.003072089698563017,1,2062.7369752183827,2058.4627991811876,1
834,837,0.0030804433500902775,3,2064.7823524023765,2073.2075798216206,3
845,848,-0.0009474909011696297,3,2078.5670993576396,2078.6762430428853,3
852,858,-0.0065545177172615385,6,2077.1584032685028,2065.620790115989,6
861,863,-0.0018589592753997094,2,2067.6668113696383,2065.890769783576,2
865,867,-0.003201954787983585,2,2069.6305156933686,2065.0732828699806,2
868,870,0.004639298196334514,2,2071.2942726725105,2082.9749187284706,2
871,872,-0.0017896183480492875,1,2092.4965701770707,2090.8442964920287,1
874,876,0.008487609729709196,2,2102.219433545197,2122.164471096884,2
877,881,0.01878156243155007,4,2127.3438978986856,2169.4260840283455,4
882,883,0.0016223015659468424,1,2173.1298118514237,2178.8284135600475,1
890,891,-0.0010817591536236924,1,2170.3302778608463,2170.1528334942445,1
892,897,-0.002639105387927775,5,2169.005181188761,2165.4499531098313,5
900,905,0.0024634936566842263,5,2163.5505901051442,2171.044033849889,5
909,912,-0.002507578136396081,3,2163.842917759691,2160.580755486281,3
913,914,-0.006052201425875733,1,2165.4784212418876,2154.5379880743862,1
917,918,0.000299991016148104,1,2144.950307233964,2147.738723363452,1
919,920,-0.00047996897055935554,1,2155.5998921065284,2156.7208709374827,1
924,928,5.830490554904256e-05,4,2154.603053738871,2156.883280720154,4
935,938,-0.0026731820447914237,3,2145.274778696617,2141.685343455758,3
941,942,0.0002078743666613157,1,2131.8484285297004,2134.4234336001286,1
943,944,0.0005703869020626602,1,2128.0690025778576,2131.4108942661915,1
945,946,-0.004593880096482228,1,2122.0914026184687,2114.464860563682,1
949,950,0.0007775063977555694,1,2111.6484822774537,2115.4019509645127,1
954,957,0.0019474491046119614,3,2121.265400827972,2127.5177226342867,3
959,960,-0.0013244344217758373,1,2137.2096963800072,2136.5163119879485,1
964,967,0.004252143783698758,3,2138.228638339187,2149.458922590167,3
968,976,-0.0072490167946181626,8,2149.536628977853,2136.1041384827236,8
983,984,-0.0010125297528237015,1,2119.5371551583044,2119.5105978816496,1
990,992,0.0019340751587012296,2,2132.122720771183,2138.3785290815003,2
994,996,-0.0015726217431441107,2,2141.757812676096,2140.531395584009,2
997,1000,0.0001075148926693273,3,2142.5270412460295,2144.8999218521562,3
1002,1005,-0.0017209366091228548,3,2142.3433190786413,2140.798825350608,3
1008,1014,-0.00710312481356279,6,2145.202405543148,2132.109967511763,6
1019,1021,0.0004997565406634635,2,2141.980217378373,2145.1926662193578,2
1024,1026,-0.0018994901165246107,2,2148.7023759647755,2146.769639414242,2
1027,1029,-0.0006631356217467316,2,2141.2297143919836,2141.9510184084197,2
1030,1031,-0.001142693354259885,1,2150.0929718427305,2149.7861678646077,1
1032,1037,-0.00021067149792738894,5,2148.9586304228405,2150.654864719608,5
1038,1039,-0.0029900386490042184,1,2147.3959557891785,2143.1225548424427,1
1053,1054,-0.0019089140404715886,1,2144.067892389001,2142.119118977884,1
1057,1060,-0.0019754670011363027,3,2146.233689400523,2144.1401092597857,3
1061,1062,-0.0014414926202204871,1,2147.3183473224244,2146.3703221188175,1
1064,1065,-0.0027816670063668175,1,2143.9052308311975,2140.0855056166483,1
1067,1071,0.004564111565185323,4,2138.7528363138126,2150.653095705419,4
1074,1075,-0.0030668540817617405,1,2157.1063695260236,2152.6479454213745,1
1077,1079,-0.0040158239495596704,2,2156.479415899788,2149.975853630585,2
1081,1086,0.012084627230583279,5,2158.114587080761,2186.352711973597,5
1087,1088,-0.0014370308314474755,1,2185.2543573710473,2184.299333842321,1
1091,1094,-0.01059470879002003,3,2178.716891699752,2157.8127375879953,3
1095,1098,-0.009033775375259716,3,2152.139774158354,2134.8499666366038,3
1099,1101,0.001440464955017518,2,2140.572355642624,2145.7963474602493,2
1104,1105,-0.0012039953353751615,1,2150.825486825505,2150.3867284589865,1
1111,1112,-0.0046900479035109155,1,2152.6530851494886,2144.7096921456464,1
1114,1118,-0.005610886444730352,4,2142.592057912565,2132.712809236149,4
1124,1125,-0.0037955772197282365,1,2127.9004074679838,2121.951697563016,1
1126,1127,-0.005475124952183876,1,2126.585832145468,2117.069094825073,1
1129,1132,0.004393175804386348,3,2127.477451891389,2138.9513118093073,3
1137,1138,-0.0017181633942399228,1,2147.135286696342,2145.593292730956,1
1139,1141,-0.0025602936248587927,2,2148.053128887506,2144.7015352846447,2
1143,1144,-0.00399892432514572,1,2150.089378154776,2143.6414228173903,1
1146,1150,0.00018168563434578706,4,2141.562582546643,2144.093236285491,4
1154,1156,-0.0009033504254055176,2,2158.8873139321,2159.095969472589,2
1157,1160,5.4971201102767264e-05,3,2159.331436760336,2161.609469239754,3
1161,1162,-0.0017398213063927828,1,2169.763188388998,2168.157951352401,1
1165,1167,-0.0018544663939075575,2,2167.524303730917,2165.672227055401,2
1173,1177,0.006062859385448752,4,2165.230750076886,2180.523470401729,4
1178,1179,-0.006686965634542379,1,2175.37061177145,2162.9993538599124,1
1181,1185,0.01462305733895462,4,2161.703507993839,2195.4759258490462,4
1187,1188,-0.0010672154531348882,1,2209.2358545082766,2209.087359719234,1
1189,1191,-0.001338908978253713,2,2211.568787720034,2210.81926720185,2
1194,1196,-0.0033345047314715494,2,2219.1471416859727,2213.966532183875,2
1197,1199,0.001722403216550844,2,2221.642992834792,2227.691200864513,2
1201,1204,-0.0016867011364237214,3,2224.82124389032,2223.293456613801,3
1205,1206,-8.458454200291744e-05,1,2225.6600762361513,2227.697479874185,1
1208,1211,0.003275653621494905,3,2243.4482696345,2253.040477353199,3
1212,1215,0.006629789059814375,3,2258.793849426276,2276.027970027005,3
1216,1223,0.005789891099671456,7,2286.8864370633496,2302.4141469283254,7
1226,1229,-0.0072671393985032865,3,2292.030505792683,2277.6660311072583,3
1230,1231,0.0005564087904529978,1,2287.373929091713,2290.934017982004,1
1232,1235,-0.001598014252683554,3,2296.408354154973,2295.035069229207,3
1238,1241,-0.005416855557130043,3,2286.019869024347,2275.922849462137,3
1244,1246,0.004114612757817776,2,2285.8635632866594,2297.554870230076,2
1247,1248,-0.0020056034096418967,1,2298.550045147183,2296.2386153845505,1
1250,1252,-0.004145612785745458,2,2301.1838284309206,2293.9451951578576,2
1256,1259,0.0035460790383292527,3,2292.5332829782787,2302.9553204806984,3
1260,1263,0.009112109795178399,3,2316.0529890809976,2339.4731711980357,3
1266,1268,0.0004144486831706151,2,2367.1162017849288,2370.4643661794553,2
1271,1273,0.005036578990036709,2,2375.326661370877,2389.6655083893825,2
1280,1286,-0.017125008074523065,6,2375.2873575037793,2336.9858296847183,6
1287,1292,0.009812698690330291,5,2345.4273892064202,2370.7877888659573,5
1295,1296,-0.00442825044607561,1,2386.8895980069833,2378.7067426778826,1
1298,1302,-0.008817517855362028,4,2379.0900313471984,2360.491452547628,4
1304,1308,0.005160299023714849,4,2323.06176758918,2337.372522728089,4
1309,1312,0.0065535516055048966,3,2344.164538984347,2361.87130680136,3
1313,1321,-0.016013368632255286,8,2374.3924755055505,2338.7448459931325,8
1324,1326,-0.004506694003267453,2,2340.942975970363,2332.7340052745367,2
1327,1331,0.009682207487790147,4,2343.3370358174666,2368.369048247892,4
1332,1343,0.017079905076906016,11,2387.2360983915873,2430.3971004466707,11
1344,1347,-0.0109012278333359,3,2441.4721430891254,2417.298571151657,3
1349,1350,-0.0026653197962652015,1,2425.7601513017335,2421.7204849007794,1
1351,1354,-0.00266218704620322,3,2423.0999932372374,2419.0723478168234,3
1358,1359,-0.0004403241788029764,1,2464.087856448853,2465.4669468434126,1
1362,1364,-0.005359747029777302,2,2466.006038829185,2455.2548763259865,2
1365,1370,0.0017808599623211885,5,2459.262341753823,2466.1012059368504,5
1371,1372,0.0012471902383100076,1,2467.1590480683326,2472.70322379751,1
1373,1376,-0.003934543750241567,3,2472.3250109007467,2465.069864991442,3
1379,1381,8.54182123304337e-05,2,2441.866025231752,2444.5164710876093,2
1382,1383,-0.002653626429218965,1,2451.1111952009915,2447.0579729476526,1
1385,1387,-0.008268406732542298,2,2436.37582424273,2418.6672537988006,2
1388,1389,7.397283204519539e-05,1,2422.0415890148624,2424.642795879548,1
1393,1396,0.0003678030731078068,3,2440.2189462609226,2443.556685234674,3
1397,1400,0.0028044859186933165,3,2455.5961305959945,2464.9384114968448,3
1402,1403,-0.0029137625644773376,1,2464.4351400278515,2459.7187963142837,1
1407,1408,-0.0001731486580076278,1,2467.7395673268343,2469.780021099766,1
1410,1422,0.003551360639452582,12,2459.1235259369155,2470.3158839604166,12
1426,1428,0.0002185683070926622,2,2492.2952001627823,2495.33223210562,2
1429,1436,0.01009048760030435,7,2494.0310749538453,2521.6910956653946,7
1437,1442,0.001318986854846895,5,2523.3576276377576,2529.209260806327,5
1453,1457,-0.01250661582710438,4,2499.7082009126593,2470.945018964895,4
1458,1459,-0.0075769297181239054,1,2451.633417862091,2435.509197178208,1
1460,1463,-0.009557007511079772,3,2442.5685033508803,2421.66742632138,3
1466,1467,0.0017132899258161293,1,2409.240505522708,2415.777473515211,1
1472,1473,-0.0011861019829829337,1,2436.73932702007,2436.285844999299,1
1475,1477,-0.010220176402867244,2,2414.7623014929177,2392.4977671021593,2
1480,1485,-0.0096426488950912,5,2391.5922109052685,2370.9225191261794,5
1486,1491,0.0027826377446981835,5,2375.012584930154,2383.996397178044,5
1495,1500,0.013285641957462853,5,2371.8971026184236,2405.781175386374,5
1502,1507,0.0021138502808173082,5,2414.4104096280967,2421.9285221601253,5
1511,1526,0.007852893827450792,15,2429.531762386084,2451.0401491289076,15
1527,1529,-0.004099610332741227,2,2443.542788425815,2435.968757950315,2
1530,1534,-0.003976065509534433,4,2435.6678391940995,2428.4191321451917,4
1537,1545,0.01022162197538401,8,2454.9983604496692,2482.547424000823,8
1548,1552,-0.0010161384547019443,4,2478.4229105241716,2478.382912608298,4
1555,1556,-0.0037513881705312927,1,2484.8965527927485,2478.0596378124005,1
1558,1559,-0.0032329035757788626,1,2481.046862820265,2475.5069244085985,1
1560,1561,-0.0024942344661986896,1,2475.836504506611,2472.1370242689045,1
1564,1567,-0.0020962912102038826,3,2468.907412607012,2466.2007711117635,3
1569,1570,-0.0027564355774482028,1,2468.908098846326,2464.5716208240624,1
1574,1579,-0.01099427889082473,5,2444.694668504176,2420.261708184233,5
1581,1583,-0.0048404408254516685,2,2416.280054131101,2407.0004735654916,2
1587,1588,-0.006136769551591953,1,2412.887325103397,2400.4928789603837,1
1592,1594,-0.010339694674161789,2,2413.5813307530557,2391.039218052565,2
1597,1598,-0.008386334605186617,1,2367.384125405886,2349.897834116631,1
1603,1604,-0.0011622759894695052,1,2359.9350458472513,2359.5520850526027,1
1605,1606,-0.004693458289710722,1,2363.131346722502,2354.4032196602743,1
1607,1608,0.003150417834633353,1,2350.231358045489,2359.9858001894354,1
1609,1611,-0.001793976032222426,2,2367.4305994324677,2365.5509162785684,2
1614,1615,0.0004946343936355724,1,2375.3762093775686,2378.926528357928,1
1617,1620,0.001256206524574986,3,2384.3792990191178,2389.758951150626,3
1622,1623,-0.0037981786416943896,1,2391.634926553127,2384.942704782916,1
1624,1626,-0.005910197322330015,2,2384.04020626275,2372.3340984256315,2
1633,1634,-0.0008010507399593043,1,2293.9284482474245,2294.3848236147896,1
1635,1641,-0.0050360105091862215,6,2286.012888107764,2276.786516067226,6
1642,1643,-0.01074842345113964,1,2261.567178275652,2239.520463758622,1
1645,1648,-0.0032792426852177566,3,2151.0219625026134,2146.1192614288366,3
1649,1653,0.005018727556685022,4,2162.2146315530226,2175.2284123394184,4
1656,1660,0.0064904867908135225,4,2191.6567152740995,2208.073290949858,4
1662,1663,-0.004174670271862612,1,2215.587054181123,2208.5532958254907,1
1664,1667,-0.025209461762040804,3,2197.3253527514553,2144.129288645256,3
1668,1673,-0.004636220950402141,5,2132.364560057989,2124.610811370811,5
1678,1683,0.012527972547753386,5,2072.832707875127,2100.8739318433472,5
1684,1689,0.010172531733092075,5,2109.3184188679925,2132.8848458379907,5
1690,1696,0.0071011807853072475,6,2139.1102679162236,2156.43958691632,6
1697,1698,-0.003431159431418175,1,2169.299417851339,2164.02550511206,1
1699,1705,-0.005812124303049722,6,2161.4028663418567,2151.0019270800517,6
1706,1716,0.027102725530597036,10,2158.300001098156,2218.9541136417047,10
1722,1727,-0.00404775205516395,5,2238.767243335493,2231.9440358685833,5
1728,1729,0.0030382174151575283,1,2222.51907877068,2231.494094020092,1
1730,1732,0.0018954787749058699,2,2250.651254044778,2257.16796698058,2
1738,1746,0.0008484285000492826,8,2252.961558478961,2257.1259968331688,8
1747,1753,-0.004875444761909518,6,2258.033000891727,2249.2821187262025,6
1754,1755,0.0005251808474995815,1,2254.564531175832,2258.0031498182334,1
1757,1765,-0.013131571854222618,8,2261.1073457124266,2233.6765594778058,8
1769,1772,0.0033958746874024103,3,2219.2589697829726,2229.0145541130323,3
1777,1779,-0.008062499171743195,2,2239.208835439341,2223.3944248936905,2
1782,1786,-0.03305365793687468,4,2219.99252236282,2148.8336414285827,4
1788,1790,-0.011945516735027861,2,2137.119334414616,2113.727458975029,2
1794,1797,0.0023147606613170327,3,2124.838917659189,2131.882250115081,3
1800,1801,0.0026477899713133993,1,2154.95510578551,2162.815929409025,1
1804,1809,0.007389843948633215,5,2174.7857466190508,2193.0318596548964,5
1811,1815,-0.0018932637802681852,4,2202.8302416854,2200.862533216423,4
1817,1819,-0.006346720285009386,2,2194.904262727858,2183.1687235826776,2
1821,1822,-0.004000668841141435,1,2166.712893813376,2160.211305945211,1
1824,1828,-0.014762983399340554,4,2139.77383541989,2110.324163644663,4
1834,1835,-0.004283494303304203,1,2133.132479795628,2126.128351450026,1
1840,1841,-0.002905752845236193,1,2086.973004806721,2082.9957500648793,1
1851,1857,0.013312139708878044,6,2151.4385835316457,2182.2302731142213,6
1859,1864,-0.006226302678929171,5,2181.6641362581013,2170.262099138252,5
1865,1869,0.010946702912501348,4,2181.757611860366,2207.8224218763503,4
1870,1872,-0.009455256331597377,2,2209.3701271569316,2190.689336400446,2
1877,1882,0.031011422415569964,5,2184.7143981382856,2254.650213594468,5
1884,1888,0.008549233060225973,4,2261.888533219999,2283.4878339799693,4
1889,1890,-0.0019682765877443516,1,2290.0241116913835,2287.8067349586627,1
1891,1893,0.0052362430133287815,2,2303.2483795910452,2317.6119962062307,2
1901,1903,-0.004932845828273375,2,2334.2471327945073,2325.0668986961373,2
1907,1920,-0.00485235021009217,13,2324.3832985701556,2315.428960081574,13
1924,1940,-0.011452678180427289,16,2310.941886678536,2286.7863548434157,16
1944,1946,0.00116406917143233,2,2294.857895031358,2299.8241262548136,2
1947,1949,-0.00391591713675744,2,2304.180400823903,2297.4616017069598,2
1950,1952,-0.008133957823830053,2,2288.767338290322,2272.4393686303993,2
1958,1960,0.020169701364030637,2,2302.091919967325,2350.826518425581,2
1961,1965,0.007680085723379893,4,2360.721865342792,2381.213133503025,4
1966,1969,0.017838437721058885,3,2385.1426557354803,2430.075017111394,3
1972,1973,0.0033730394055268053,1,2430.702283716554,2441.3318405863506,1
1979,1988,-0.001853531859784013,9,2429.2704640764427,2427.197004339321,9
1990,1993,-0.007506932126226105,3,2414.279810003479,2398.570255146068,3
1995,2000,-0.011295745983431572,5,2392.272722772895,2367.642490496133,5
672,674,0.002653198748074466,2,1973.4515399991933,1980.660950694504,2
678,680,-0.0015707881096786243,2,1992.8327634564603,1991.6952782105013,2
681,687,0.0033287065616944035,6,1990.082448980545,1998.69693193576,6
688,689,0.0017022075339510174,1,2000.4551132795889,2005.8607581580238,1
692,694,-0.0002905131505546321,2,2014.8011222810774,2016.2305971815836,2
696,698,-0.0018413458844349305,2,2017.9157241186658,2016.217959029042,2
701,702,-0.00011758336301831494,1,2024.6808346691687,2026.4674467222587,1
703,704,-0.0022501094640814245,1,2025.654061493982,2023.1217721807534,1
705,711,-0.012852458971075769,6,2022.3980240069225,1998.4276344041957,6
712,715,0.00104424589660433,3,1995.8914650749537,1999.9715580125007,3
717,721,0.007199336000135905,4,1998.056483496152,2014.439219951587,4
722,726,0.0036642779476643086,4,2021.9732543954058,2031.4042996566493,4
727,730,0.004772979727200267,3,2031.4742667770988,2043.201926535532,3
731,733,-0.002702740763265002,2,2049.582371113585,2046.0924636626205,2
736,739,-0.002837729407585536,3,2066.7257463682495,2062.9276636867344,3
740,747,0.00011547476116133162,7,2066.7443784589477,2069.0497796508907,7
748,751,-0.006260982781193068,3,2071.9905379979987,2061.0898314547962,3
754,755,-0.0048438565982945325,1,2059.285317726515,2051.369720270201,1
756,757,-0.003848719038905025,1,2052.6006314917736,2046.7533489935745,1
761,762,-0.0014356363472423882,1,2068.161973521065,2067.261006993415,1
763,764,-0.0006379745372406551,1,2074.9969614314123,2075.7481631665987,1
767,771,0.0005830103501350042,4,2086.7029441903755,2090.006216548686,4
774,775,-0.0036589510889631326,1,2084.397397179762,2078.8550864506988,1
779,782,-0.001673813254631067,3,2077.3734641077126,2075.973702332778,3
795,805,-0.0012026229467066182,10,2073.0115799911828,2072.591540276288,10
806,809,0.0052282558190956865,3,2080.212808882896,2093.168906414778,3
812,821,-0.0038701399652952446,9,2085.1526881140167,2079.168008050118,9
822,824,-0.0007594590199938901,2,2075.23301184014,2075.732190422549,2
833,834,0.0008844321088071936,1,2060.445290241079,2064.32805950445,1
836,847,0.0002536533755779383,11,2073.0812470149085,2075.680172318076,11
851,853,-0.0008817638924687453,2,2075.1313773140578,2075.3767327707274,2
860,864,0.0023477897710368,4,2064.645797877378,2071.557797960326,4
866,868,-0.0014732783070736171,2,2067.7093376110524,2066.7307356362276,2
875,876,0.00363973719107767,1,2113.964097879152,2123.772335724685,1
877,879,0.008336588415115476,2,2131.5427320667154,2151.444069245253,2
881,883,0.003621513765419024,2,2169.7700082305546,2179.7976301913855,2
885,888,-0.0003272416229237543,3,2174.943430467308,2176.406641879822,3
889,892,-0.0036715163112088435,3,2175.731839569368,2169.919336471142,3
895,897,0.0021892289878091688,2,2163.435439678539,2170.3351306960153,2
900,902,-0.003735848560241278,2,2169.5132854479193,2163.5778256495023,2
904,906,-0.003282367616893792,2,2169.2056074823386,2164.2546828494364,2
910,911,-0.001925168870007553,1,2162.994239504661,2160.9931045682656,1
912,917,-0.011102172645570431,5,2164.9933606479194,2143.1222239421404,5
919,920,-0.0030343680159891245,1,2155.1132228247784,2150.7289294134284,1
921,926,-0.0011900710077414876,5,2157.821120012246,2157.4109807774394,5
929,932,-0.0008264788512141274,3,2150.135447354996,2150.508541327866,3
933,934,-0.0029851141481760813,1,2150.3894496529642,2146.1206811323696,1
935,940,-0.00421995781273278,5,2141.5286726469226,2134.633040666242,5
942,944,-0.0023307039940756525,2,2132.181441757343,2129.3441393967023,2
951,955,0.0008940536507397558,4,2112.632314564467,2116.6337535125385,4
958,960,0.00014867428008330866,2,2134.113206037574,2136.5646069881354,2
962,966,-0.002113350884648917,4,2143.5501549244545,2141.16363146318,4
972,975,-0.0018904075865103379,3,2146.987817095522,2145.076122855035,3
979,980,-0.0015836424734730688,1,2129.857837787254,2128.614762290662,1
981,986,-0.0009257726061842711,5,2123.4705605674426,2123.628180252998,5
988,989,-0.0029656468602426334,1,2128.9611081284265,2124.776322410655,1
991,993,0.0012987234325009993,2,2129.0703148334796,2133.9644586556296,2
994,998,-0.004086528384839175,4,2146.016850077236,2139.3931081551295,4
1005,1009,-0.0028208568657515955,4,2146.8933317040637,2142.984146240994,4
1012,1022,0.002989453273257946,10,2141.520143023073,2150.0636375674044,10
1028,1029,0.0007851544272416255,1,2137.9273978068727,2141.743928366189,1
1033,1036,-0.002311108495270725,3,2151.616418539024,2148.7954159741134,3
1038,1042,-0.0011793920873573065,4,2148.9982884328797,2148.6127751441904,4
1043,1052,-0.0017049412662396507,9,2145.8095871865257,2144.2969174590253,9
1056,1057,-0.002270482374892817,1,2143.7301426396466,2141.0065712768965,1
1058,1060,-0.002443033098643758,2,2145.0965190673087,2142.001073790509,2
1061,1065,-0.004422757778104145,4,2147.525325893942,2140.174866881063,4
1069,1070,0.0010236024503175712,1,2148.7016579109586,2153.0497758509086,1
1072,1073,-0.0027681708826797734,1,2159.641448755456,2155.8228336287384,1
1074,1079,-0.006344169575925698,5,2158.573152564812,2147.037371595465,5
1080,1084,0.011396675516285423,4,2154.038113783649,2180.7410253299363,4
1086,1087,-0.0023032685330303935,1,2187.051556930396,2184.2012414561336,1
1088,1090,-0.0018197977285767124,2,2182.993806331818,2181.2041929678903,2
1091,1101,-0.020259683954111818,10,2183.954134882113,2141.891868474008,10
1102,1104,-0.00014177129561654216,2,2150.693659680742,2152.5394467138153,2
1107,1108,0.0007551128806380148,1,2158.169737088461,2161.957568592628,1
1109,1110,-0.0027948105561737113,1,2155.709718186583,2151.8406276283354,1
1111,1112,-0.0052250223496723746,1,2151.272491764625,2142.183317406684,1
1121,1122,-0.0013175023327448238,1,2129.011325050693,2128.335358988549,1
1123,1124,-0.0020207891336401296,1,2129.525962873338,2127.3521659106323,1
1128,1130,0.002659102245943648,2,2123.5819169150504,2131.3523202766796,2
1131,1133,-0.0008309238142068521,2,2134.5557984758752,2134.916701028644,2
1134,1135,0.000570130898014898,1,2140.0259162214606,2143.3860370350726,1
1136,1138,-0.0007998076875326489,2,2147.0161191761913,2147.445935297994,2
1140,1155,0.005760094003279144,15,2144.9645924548868,2159.464754733587,15
1157,1162,0.0006890059118205552,5,2161.9185592657773,2165.5700524932518,5
1163,1170,-0.0024505586375496956,7,2164.684888472418,2161.544886109871,7
1172,1173,-0.0004653330205648804,1,2166.481351588277,2167.639697628533,1
1175,1178,-0.002833978374247381,3,2174.918869954777,2170.9301157815376,3
1181,1187,0.021280421557453157,6,2161.982327451904,2210.152205107296,6
1188,1196,0.000494464148469877,8,2209.088073865851,2212.389476793056,8
1197,1198,0.0010857437323959968,1,2221.1583037922173,2225.7910708030113,1
1201,1204,-0.0001563041181141798,3,2220.184459993682,2222.0576204796057,3
1206,1208,0.0025643343555593803,2,2226.0616503581646,2233.9960783761294,2
1209,1216,0.0166682964999328,7,2246.2260072020663,2285.9129943031726,7
1218,1220,-0.0006366420485776623,2,2284.5420375390427,2285.372144053741,2
1221,1230,-0.006025520636059014,9,2297.214122008135,2285.6694250325368,9
1233,1234,-0.0030307138312262298,1,2296.5466275059,2291.8829985053676,1
1236,1240,-0.008819525756968406,4,2293.697413979156,2275.761787971854,4
1243,1248,0.0056629959272043225,5,2284.866510686751,2300.0905669416625,5
1250,1257,-0.004910752934354237,7,2299.573491258975,2290.580427480271,7
1258,1262,0.016116784385335443,4,2296.2445087852093,2335.548830938096,4
1269,1270,-0.0029001718618087537,1,2376.8537332955757,2372.3373027119324,1
1271,1272,0.002437447258118355,1,2377.001060760011,2385.171876538865,1
1273,1278,-0.0042965510944859946,5,2387.925917567496,2380.0539977703875,5
1285,1288,0.004081877640221309,3,2338.864259470099,2350.750081453813,3
1291,1292,0.0028528047259657814,1,2363.1112704246384,2372.2158766953135,1
1293,1296,-0.0011222302854668022,3,2380.0237560989153,2379.7328451157896,3
1301,1302,-0.003547835346749049,1,2367.6567551519884,2361.624355582243,1
1304,1306,0.0001216992420237119,2,2324.1376933022207,2326.7446767911565,2
1308,1309,-0.00124256469179002,1,2344.570000008456,2344.001290109024,1
1311,1316,0.0036058179659037197,5,2356.2246613295015,2367.0770032063583,5
1317,1321,-0.011174274044922088,4,2363.282456737378,2339.2377733769754,4
1322,1327,-0.0030972224629110647,5,2342.3169300955165,2337.4045704144633,5
1328,1335,0.031740440358921665,7,2344.5228559630427,2421.2835666988294,7
1336,1338,-0.00021541645425044267,2,2424.2432911317587,2426.1453125288745,2
1339,1340,0.00035542013972413413,1,2431.1374938170397,2434.432706538598,1
1342,1348,-0.008316616277251254,6,2435.1243561761144,2417.307485674585,6
1351,1352,-0.0034025820440673755,1,2422.188476402187,2416.368969861436,1
1355,1356,0.004443595939597355,1,2426.452707245124,2439.6613353499088,1
1359,1362,-0.00553280711773911,3,2472.928914134333,2461.719604350682,3
1363,1364,-9.28945525046095e-05,1,2457.4267108114805,2459.6558559676782,1
1365,1369,0.004484609452454135,4,2457.3807046633456,2470.8584781044206,4
1372,1378,-0.00953497464837113,6,2472.8744157538663,2451.7684953068015,6
1379,1380,-0.000986036642357892,1,2444.305781269177,2444.3399119849873,1
1381,1384,-0.0013019147857325235,3,2444.7562438571235,2444.018135799591,3
1385,1389,-0.005782424036578109,4,2439.9129280698653,2428.2442298355063,4
1391,1394,0.0008267345622808894,3,2433.5635116353897,2438.0089862115997,3
1396,1401,0.006033227740181882,5,2448.0853094821728,2465.3032509911545,5
1402,1424,0.007937885916174798,22,2463.8240261567885,2485.8454042201083,22
1425,1426,-0.002699134201096497,1,2490.5663321904935,2486.334525755369,1
1427,1428,-0.002644659712651601,1,2499.675902695663,2495.5647864438133,1
1429,1431,0.00037471469352346235,2,2499.364671848721,2502.800585187585,2
1432,1433,0.0023766357452646614,1,2515.23630125659,2523.7293380592005,1
1440,1446,-0.00808568357514345,6,2522.8278724217766,2504.9519124032436,6
1447,1449,-0.0019509035758176593,2,2506.7185819831625,2504.334934319986,2
1453,1455,-0.0042311695264234395,2,2500.5678271774664,2492.4880686155357,2
1460,1461,-0.0031942756926522714,1,2442.7214924851874,2437.361488090308,1
1465,1467,7.795008535473372e-05,2,2407.264861588575,2409.859772951596,2
1470,1474,-0.0004669324180870451,4,2429.826924230187,2431.1221861931535,4
1476,1488,-0.009811451615461323,12,2405.547498929604,2384.351133534092,12
1490,1493,-0.0001511487585900376,3,2382.553448251735,2384.575881704009,3
1495,1503,0.018076469279033797,8,2372.9779295842227,2418.2459701577613,8
1507,1510,0.0032543317854729775,3,2425.639879569189,2435.959356408951,3
1511,1517,-0.005901259392444691,6,2427.6894551847786,2415.7907194406152,6
1520,1524,0.0033987820657439523,4,2439.1430247938806,2449.8722833871284,4
1526,1527,-0.004633474618532126,1,2453.9784878612636,2445.062019311196,1
1528,1530,-0.005519518371813945,2,2443.456059730107,2432.4128151774366,2
1531,1532,0.00040342946342992493,1,2425.465349884897,2428.869319419454,1
1533,1536,0.009720462054781175,3,2431.2283115208584,2457.2922023810274,3
1541,1547,0.001107828448928087,6,2480.27002252492,2485.4980062394216,6
1549,1551,0.00039781436912698334,2,2476.2977700603556,2479.759174665583,2
1552,1556,-0.004660297213053428,4,2481.668165704421,2472.5845226337697,4
1558,1559,-0.002041077098017905,1,2478.6304409246245,2476.049995538128,1
1560,1562,-0.004267025257807523,2,2473.8828885137973,2465.800650632165,2
1564,1566,-0.002814223707919424,2,2466.6924281299334,2462.217296246675,2
1570,1571,-0.0013947564748952672,1,2462.0829085247433,2461.110985354874,1
1574,1578,-0.010507839495177775,4,2448.8145488724826,2425.531613188347,4
1582,1583,-0.0033689170890540956,1,2408.3440236540464,2402.638856340091,1
1586,1587,-0.0016798844330766232,1,2412.2037382219555,2410.563718450929,1
1589,1596,-0.014241922282616937,7,2402.141206576993,2370.332239407629,7
1597,1598,-0.007213989411381886,1,2366.726641416598,2352.0198271271997,1
1600,1601,-0.00072924941030869,1,2354.6608057006642,2355.2983315023307,1
1609,1613,0.0008383961378370778,4,2365.8268787893853,2370.176205786143,4
1619,1625,-0.0037215279812148213,6,2389.8620543408897,2383.3579778887574,6
1626,1629,-0.010729217538444465,3,2373.2000476914427,2350.110668165206,3
1630,1634,-0.021344183178459535,4,2341.1548897518296,2293.526005825572,4
1636,1637,-0.0019460019652057878,1,2288.26600839526,2286.1013042544046,1
1638,1639,-0.006191347897437308,1,2295.5800695631247,2283.662914795599,1
1640,1643,-0.01978814018917438,3,2282.9335436535516,2240.04146819282,3
1648,1651,0.006821205571618086,3,2144.3469145195577,2161.11829255488,3
1652,1662,0.017754018320171733,10,2176.5573186708907,2217.3765145001485,10
1667,1668,-0.006488009594801183,1,2145.1721447056757,2133.3994193930307,1
1670,1672,0.0036050331908214365,2,2116.540433383356,2126.2871723288017,2
1673,1674,-0.0012945147755869582,1,2125.74787514452,2125.1218109861175,1
1680,1682,0.006392081266330156,2,2080.4579186950014,2095.836832701175,2
1684,1685,-0.0006435032728997805,1,2111.3413878956976,2112.0940741902737,1
1690,1693,-0.001851131608319886,3,2138.9717848709306,2137.1512383755226,3
1699,1703,-0.007920945920664509,4,2165.826806479014,2150.8372362778473,4
1704,1705,-0.004319208886948795,1,2153.0955057748206,2145.9489320376033,1
1707,1710,0.006017894610231846,3,2170.0177308650927,2185.2466866026384,3
1715,1725,0.006132269173186088,10,2217.5343437106194,2233.350395550748,10
1726,1729,-0.005873596957871834,3,2239.1998401817277,2228.286882652551,3
1731,1732,0.0008231123718558235,1,2255.92468915498,2260.0374933657536,1
1733,1739,-0.003995318442368999,6,2257.6842569892265,2250.9217736972205,6
1742,1743,-0.0038545869978010394,1,2268.7179283033674,2262.2416756035545,1
1744,1745,-0.001449574627842409,1,2265.577405583813,2264.5588594648493,1
1748,1749,-0.00393735718840761,1,2254.4382918654132,2247.816201342981,1
1752,1753,-0.0023305185895957873,1,2248.5339694876443,2245.5422532419034,1
1756,1757,-0.002798804902050445,1,2265.218192401158,2261.143506812453,1
1759,1761,-0.006862530004036892,2,2263.447564241207,2250.178034983279,2
1763,1764,-0.001284905295070947,1,2241.508465880168,2240.8698482492923,1
1771,1775,0.006895178907540466,4,2221.7358494796094,2239.2768514965474,4
1776,1777,-0.004686252431319173,1,2244.7483681315493,2236.4736590018247,1
1783,1784,-0.011971656179788511,1,2206.8364706144444,2182.6238196138447,1
1785,1788,-0.015443926394823927,3,2167.9770468831102,2136.662945992263,3
1790,1793,0.0016242819574988163,3,2111.550025294471,2117.0913279282076,3
1794,1798,0.005198911756096179,4,2124.4152501295803,2137.5843127984385,4
1800,1801,-0.00018436242364422905,1,2160.736286497108,2162.4986642049703,1
1809,1810,-3.883818487268045e-05,1,2198.1465051903406,2200.259279675185,1
1812,1814,-0.0005250940658694327,2,2200.914734120237,2201.959961587986,2
1816,1818,-0.0009062773881267169,2,2189.6936450139588,2189.898868821572,2
1821,1822,-0.0035960013593413207,1,2166.8446270012696,2161.219495404093,1
1823,1824,-0.011470744748139593,1,2157.1334169308834,2134.546623534518,1
1825,1826,-0.012072055457171788,1,2116.1024760043438,2092.672872036965,1
1831,1832,0.004844825764129738,1,2110.3298685815093,2122.664378968207,1
1833,1834,-0.0015310845118890507,1,2133.008832532637,2131.8760245779563,1
1843,1850,0.028457134502971045,7,2082.664369068298,2144.0136935124883,7
1853,1854,0.0022413180782517926,1,2144.476921729675,2151.427853544471,1
1858,1863,-0.003123929732316122,5,2181.896077345163,2177.261883393666,5
1864,1866,0.0021606862797610635,2,2178.054792722159,2184.938940622084,2
1870,1872,-0.012972251882524276,2,2215.133903760581,2188.61376271124,2
1882,1883,0.0007225692548754709,1,2258.9385682078555,2262.8297463341028,1
1885,1886,0.006787084164420726,1,2266.307412390736,2283.955338953473,1
1887,1889,-0.0004672659323763823,2,2288.830983755804,2290.050321995883,2
1893,1897,-0.005539445829573481,4,2318.6303455668635,2308.1050487143575,4
1899,1904,0.00030292982454863094,5,2324.9485989886007,2327.9778438587655,5
1906,1913,-0.006113222439576839,7,2318.524138279736,2306.6690086291833,7
1914,1915,-0.00012799143500732155,1,2309.149300049616,2311.1628980171063,1
1919,1921,0.0010137338771219603,2,2314.3475525242748,2319.008032594227,2
1923,1924,-0.007287553460786712,1,2319.5218395124343,2304.9377219430376,1
1926,1927,0.0014353047473205298,1,2295.635545506036,2301.2261176481247,1
1928,1931,-0.0010726635886913827,3,2307.446266700749,2307.278599374298,3
1932,1933,0.002185755453576788,1,2299.0183308209726,2306.3424410062585,1
1935,1938,-0.00816850879081829,3,2318.939861630034,2302.3165208465603,3
1949,1953,-0.013578264831916577,4,2300.6397774140332,2271.701721010878,4
1956,1957,0.00370127088798582,1,2265.7423005150317,2276.394168832121,1
1958,1959,0.014044548376084025,1,2298.052294542556,2332.6254534585723,1
1961,1963,0.002480380629367838,2,2365.376479549311,2373.608890029897,2
1966,1969,0.01606830421301156,3,2389.2684888998833,2430.049250314989,3
1971,1973,0.0031356556544332136,2,2427.9916066708433,2438.032943887888,2
1974,1975,-0.0019672933203132084,1,2443.691584929393,2441.327818382385,1
1978,1984,-0.007313881722149465,6,2428.0490298387053,2412.718615448724,6
1985,1990,-0.001132336000804305,5,2413.507648557367,2413.188254607246,5
1991,1993,-0.005545041189020237,2,2410.405093681059,2399.4497032480544,2
1996,1998,-0.004373887091163419,2,2386.8439983464878,2378.7910561918457,2
672,673,-0.0014661292504938167,1,1979.0694972979798,1978.146995116529,1
674,687,0.007939040661709338,13,1983.3199068885494,2001.0488841814038,13
689,692,0.0017757845850624307,3,2009.7613201105735,2015.3399846025911,3
700,701,-0.0015055712266327775,1,2023.5396539124656,2022.516610487497,1
702,704,-0.0022770641608652405,2,2027.8384410606309,2025.2487612635275,2
709,711,-0.007596561179002838,2,2012.4577308628425,1999.1824303210485,2
713,716,-6.613279614932051e-05,3,1997.7587235406302,1999.6243648937514,3
721,724,0.005888136531780235,3,2015.5704295845694,2029.4539538929669,3
732,734,-0.0007696479748715886,2,2046.113446643618,2046.584773019695,2
735,736,0.0052637328853914365,1,2054.964501082903,2067.836249806648,1
739,740,-0.0014799109964653211,1,2066.745048454561,2065.7531947789175,1
741,744,-0.004041649618954004,3,2068.912555807013,2062.6196487199936,3
746,750,-0.003652600979250055,4,2069.1673611660713,2063.67868579761,4
751,754,-0.0032674582701446115,3,2063.5910138953554,2058.9119073847023,3
755,757,-0.0050457829178908896,2,2056.9589039704506,2048.6368947739634,2
762,763,0.0005709023650271817,1,2074.54438165625,2077.803288331748,1
764,766,-0.00027894758074316415,2,2079.0322784599293,2080.531369714026,2
768,772,-0.0004112650158188774,4,2087.8348279216293,2089.0640093260185,4
773,774,-0.002228373531140515,1,2085.235769004556,2082.6743205797234,1
775,776,-0.0017377056537378104,1,2082.6862737956076,2081.1498643564664,1
778,780,-0.0033862195667848263,2,2082.2937308126784,2077.32492076842,2
783,784,-0.0005450819727678333,1,2074.7852794864243,2075.7291367126986,1
785,791,-0.005258437158204825,6,2079.449177529408,2070.5939738832185,6
793,794,-0.00318146611985756,1,2080.0979787129936,2075.560315446447,1
799,800,-0.003817198810941104,1,2079.0191492603667,2073.1621389851466,1
805,806,-0.0002941131293275152,1,2073.181317075473,2074.64474854772,1
810,812,-0.004862707057468741,2,2090.632357727711,2082.556857364944,2
813,815,-0.0026500437077673967,2,2088.285911596535,2084.8401485680856,2
817,818,-0.004568289285673328,1,2082.3699102983546,2074.9394120586285,1
821,823,-0.004198775640421797,2,2083.4123330540688,2076.747964434141,2
824,825,-0.004235731421108771,1,2074.8767082355125,2068.162964475748,1
826,827,-0.0015324745695559062,1,2067.9450464870206,2066.843918338527,1
828,831,-0.005679364030808778,3,2067.9702100176114,2058.293424600071,3
832,834,0.0003377093379455529,2,2060.747360160646,2063.5040411474797,2
835,836,5.5341422361806754e-05,1,2068.114942204717,2070.297509569431,1
841,845,0.00021817386814805724,4,2074.906811038382,2077.4344082944313,4
846,849,-0.002224258342781128,3,2078.895575510369,2076.3504702582795,3
850,851,-0.0016108560535850662,1,2075.6989959261477,2074.431042629066,1
854,858,-0.00603836970181891,4,2080.5817591183586,2070.0990190210596,4
862,864,0.0006132639706468361,2,2068.7157583261805,2072.0531429245975,2
865,866,-0.007327885322436354,1,2073.97947929967,2060.8555749935754,1
868,869,0.00021222233870344938,1,2069.6754174483954,2072.1843242232917,1
870,873,0.0022592726957046923,3,2083.198700249705,2089.9884128931562,3
874,876,0.008471572221382815,2,2101.8721247496755,2121.7801583793535,2
877,879,0.006925325900970417,2,2128.975076604531,2145.847897921665,2
880,881,0.0022829732375206947,1,2163.7055588077565,2170.808946251197,1
886,888,0.0009065190339104762,2,2169.1311686223917,2173.2666584824187,2
891,892,-0.0031639270975622334,1,2171.3175100957237,2166.618937298216,1
893,896,-0.002234061951597458,3,2168.9410390825615,2166.2644314709714,3
897,898,-0.0022793376182836276,1,2168.7589332442526,2165.9843583559646,1
900,901,-0.0031394757235840547,1,2166.455777887606,2161.820698344597,1
902,905,0.0018674410639001296,3,2162.2355177857567,2168.435600699279,3
907,909,-0.002451748975327712,2,2163.9755581084783,2160.83400880936,2
910,912,-0.0021268771820548036,2,2164.4455180246923,2162.0064537586295,2
915,916,-0.004489401883856957,1,2150.554831434793,2143.0506813546467,1
917,918,-0.0018918774279217628,1,2149.59770049469,2147.680522826506,1
922,924,-0.0016176764404762646,2,2156.9133507015517,2155.5810761406747,2
927,933,-0.005457968446154157,6,2157.9379446724547,2148.317925406346,6
942,943,-0.003654356379858643,1,2132.383933841538,2126.7238269424374,1
951,952,0.0013902211413674296,1,2115.45641599388,2120.51282464303,1
953,955,-0.0006521335793612938,2,2118.528559007508,2119.265523954351,2
958,959,0.00020061273117277833,1,2131.062342253113,2133.620922832145,1
966,967,-0.0004633217874766513,1,2142.8919756015175,2144.042019036614,1
969,970,-0.0004413360592313042,1,2147.353633361799,2148.553282404837,1
971,974,-0.000859678719898217,3,2149.0719642201225,2149.3735247491727,3
981,983,-0.002076864327640501,2,2124.7454737697226,2122.4574111637044,2
984,985,-0.0022043683279079885,1,2121.8019113447485,2119.2464803246303,1
986,987,-0.0015298438329145515,1,2126.6796060950305,2125.552798021156,1
990,993,-0.0009564856250084081,3,2134.929792418399,2135.022692553967,3
995,1002,-6.237442671003853e-05,7,2141.861089084125,2143.869352815685,7
1003,1007,-0.0018454502061491934,4,2145.373565069425,2143.55975854657,4
1010,1014,-0.008368371549062243,4,2145.2104748812685,2129.403767051403,4
1015,1018,0.0013647466824085962,3,2132.461003377424,2137.5037334605263,3
1024,1025,-0.003487352978254806,1,2152.3683969163276,2147.0146969739562,1
1037,1039,-0.003556864382270278,2,2151.983974056039,2146.481642881559,2
1040,1041,-0.0008409167575714583,1,2146.108017458321,2146.44942728034,1
1042,1043,-0.0021291072298516046,1,2144.812972891475,2142.391249057104,1
1044,1045,-0.002154865314980531,1,2140.65847063381,2138.1862984148556,1
1046,1049,-0.0013091008603799675,3,2137.517799249061,2136.857090658236,3
1052,1054,-0.003179999738570321,2,2145.569014616934,2140.8916747259846,2
1055,1059,-0.0035449531654774187,4,2146.0910200577778,2140.629318922879,4
1061,1062,0.0001757018982477402,1,2143.0627673710824,2145.5823703347446,1
1063,1064,-0.004771508546493054,1,2147.4391646494414,2139.340079486892,1
1068,1069,-0.0019400510702079735,1,2144.584168636158,2142.5681499932807,1
1071,1073,-0.0008475749064303053,2,2155.8499497132616,2156.178555343569,2
1077,1083,0.010168990409863052,6,2152.0729407480094,2176.1094227845497,6
1089,1090,-0.0030538227397537625,1,2186.8157381078863,2182.324406217309,1
1097,1098,-0.004898919781370044,1,2142.849050419873,2134.494253868701,1
1104,1107,0.0021695528768922627,3,2149.048043694017,2155.859565103487,3
1110,1111,-0.004409679721060702,1,2154.106558878441,2146.761745427629,1
1115,1118,-0.003468360756872806,3,2134.547357612331,2129.278524681114,3
1120,1122,0.0004196783014695331,2,2125.2161645179267,2128.233287792625,2
1123,1124,-0.005268947065379876,1,2135.621200575648,2126.5043467186874,1
1128,1129,-6.408227072554878e-05,1,2124.448109667717,2126.4364183184784,1
1131,1134,-0.0024306608233444008,3,2140.8683653991834,2137.8055089008694,3
1137,1139,-0.001351111706977241,2,2150.001156076675,2149.246265500762,2
1150,1152,0.006290825960097257,2,2142.1216943634136,2157.739530822366,2
1157,1160,-0.0017908513430021406,3,2160.264660340482,2158.5562121326116,3
1161,1164,0.0026513078309825066,3,2163.34236470808,2171.2413936254347,3
1166,1167,-0.0006532613479438298,1,2165.052517221279,2165.803224612731,1
1169,1170,-0.0021461618594996188,1,2165.2246153606657,2162.7429174892895,1
1173,1175,-0.0004038665002515712,2,2167.3442771432997,2168.636303672393,2
1178,1179,-0.004017042024584812,1,2171.7579548241783,2165.2056698072474,1
1183,1184,0.0024657471952249112,1,2167.4819280741417,2174.9938724870653,1
1191,1193,0.0004986423917578827,2,2213.2706477985334,2216.5875490157578,2
1195,1198,0.005024055118962376,3,2211.667202984107,2224.9904081196846,3
1201,1202,-0.001731066019314548,1,2224.972611133473,2223.346009263568,1
1203,1207,0.00028671153052116914,4,2225.4078538634108,2228.271311809089,4
1208,1210,0.002235840808336962,2,2240.5682847368776,2247.8184070264947,2
1211,1212,0.00020045709454072553,1,2256.3906260882777,2259.0993262234206,1
1219,1221,0.00032715619237561576,2,2284.3867045140214,2287.4184424746977,2
1229,1231,0.004514872766762995,2,2281.1103165991603,2293.690349762155,2
1233,1234,0.00030317896596439363,1,2295.031248435117,2298.0220848843087,1
1237,1241,-0.0068460727112326725,4,2290.97348614267,2277.580288563174,4
1245,1246,0.00017376070813397205,1,2294.4738024692156,2297.1669656643967,1
1248,1250,-0.0002346823356940298,2,2295.924764120451,2297.68187589835,2
1254,1257,0.0008478670951552988,3,2286.834635781973,2291.0604022574958,3
1263,1264,0.000496107069276321,1,2343.9449967608007,2347.4517894404494,1
1266,1267,0.0007704149151656491,1,2366.6776329941345,2370.867634374976,1
1272,1273,-0.001783562393945521,1,2389.5243920314247,2387.6520505784133,1
1275,1277,-0.0021227584202047857,2,2385.227323289571,2382.549289228245,2
1282,1283,-0.007953664945639162,1,2367.6606183725094,2351.196699727362,1
1289,1291,0.0022361171244211857,2,2351.7008053628256,2359.3111846105753,2
1294,1299,-0.011659464020462015,5,2393.8062565966416,2368.289564932493,5
1300,1304,-0.020495604943232493,4,2371.6797889139484,2325.442456697433,4
1306,1313,0.01061634203008039,7,2338.934859079004,2366.1047263881437,7
1315,1318,-0.011057276163531856,3,2367.1745226580724,2343.3671947564235,3
1319,1320,-0.002511101261593189,1,2335.0007381400706,2331.472315578846,1
1324,1326,-0.005321640250893575,2,2342.522503823408,2332.3989642822607,2
1330,1333,0.015422903362019142,3,2359.5163125281124,2398.2664209098693,3
1339,1342,-0.002098218116599261,3,2430.9368238959014,2428.2671250355907,3
1343,1345,0.000671941134650744,2,2433.9825422300037,2438.05201776338,2
1346,1348,-0.008115735152515628,2,2431.2806773319594,2413.9803279506364,2
1349,1350,-0.002016229709592337,1,2424.880601134949,2422.4163654258614,1
1359,1366,-0.009164856662653008,7,2476.040123765372,2455.82361106385,7
1369,1370,-0.0008538447525862421,1,2467.623739097456,2467.984395255568,1
1376,1380,-0.011457703030426362,4,2466.3378819467666,2440.5456528046766,4
1381,1382,-0.0008538204277250064,1,2449.0595600397132,2449.417562518676,1
1384,1387,-0.01033116660038639,3,2445.185831897454,2422.3693955311146,3
1388,1391,0.0017137025130094722,3,2424.772707701752,2431.352819492119,3
1392,1396,0.0046356882529062235,4,2435.196014737106,2448.920020310884,4
1397,1406,0.0009190074468063358,9,2454.0483789393697,2458.7577160533774,9
1407,1411,-0.006285152262212324,4,2465.230324609929,2452.2012069829425,4
1412,1415,0.0004383996151946473,3,2449.360691972779,2452.8838514495856,3
1416,1417,-0.0025909804574848687,1,2460.863826174001,2456.948639918027,1
1418,1419,0.00039120550552112447,1,2463.0811716343023,2466.5078237208254,1
1420,1422,-0.0006804919586427448,2,2469.817237495197,2470.6063639632594,2
1428,1433,0.00647733924692695,5,2497.262378031447,2515.9352560205757,5
1437,1439,-0.002139847139873645,2,2520.946700368913,2518.0732064827234,2
1443,1444,-0.005687918411605964,1,2530.619340762902,2518.7560037625735,1
1447,1448,-0.0026693784946629903,1,2506.52554400742,2502.3412041679308,1
1449,1451,-0.0072439394505070314,2,2509.024197830013,2493.358002658905,2
1456,1459,-0.017097120133846806,3,2479.9172981704332,2439.997771499779,3
1462,1463,-0.0066136545484110605,1,2434.800798093497,2421.1326675188047,1
1464,1467,-0.00066248120652026,3,2414.132180007098,2414.946994987795,3
1472,1474,-0.0023133700672858405,2,2434.794052956556,2431.596267327397,2
1476,1478,-0.01490342936076014,2,2406.3623646287183,2372.905675475711,2
1481,1483,-0.010014100424053901,2,2387.8357983596024,2366.311606677038,2
1484,1485,-0.0020498991669051433,1,2367.129345307349,2364.644098179754,1
1486,1489,0.0016269700573092773,3,2378.7394588373527,2384.9883361698585,3
1494,1497,0.007884608180380743,3,2374.8497416120313,2395.9493510535326,3
1499,1504,0.00392056103827986,5,2404.378465078693,2416.2093560752382,5
1505,1508,0.004559068893888793,3,2415.940735809996,2429.3711168039163,3
1509,1518,-0.0038562679263957618,9,2431.826239120414,2424.8802918310466,9
1520,1521,-0.00024027764376613968,1,2441.473686175732,2443.3285283172763,1
1522,1528,-0.00623010641044672,6,2451.014260790389,2438.195195392933,6
1529,1531,-0.005265123239489169,2,2435.8526283413976,2425.463416688288,2
1538,1540,0.0035463670645658005,2,2455.2302830855847,2466.3926611805296,2
1542,1543,-0.003020837558332219,1,2482.2071057152957,2477.190968368507,1
1544,1545,-0.0007634126713961101,1,2480.3229845713045,2480.909797560299,1
1550,1551,-0.0008173979467073895,1,2479.3723900039736,2479.8251284932653,1
1552,1556,-0.005289578783678984,4,2482.705646849378,2472.055885380533,4
1557,1561,-0.005381357188734169,4,2482.4210246869484,2471.5446514849714,4
1562,1563,-0.003224066785863743,1,2471.850462962888,2466.35290244859,1
1567,1570,-0.0008961109196724273,3,2463.858612366513,2464.114580371809,3
1584,1588,-0.0030685983572735108,4,2406.229068583311,2401.2515470848157,4
1589,1594,-0.004033923588274259,5,2402.4077439949356,2395.1190224717766,5
1599,1602,-0.0005472482901553859,3,2356.0695564589673,2357.136270979167,3
1607,1610,0.006202160200852168,3,2346.6092167182674,2363.5098722258685,3
1611,1614,-0.0009471322891563578,3,2375.951167168333,2376.0767782676176,3
1617,1620,0.0004569170116434846,3,2382.546548711012,2386.0177213088614,3
1621,1624,-0.00043363444200805875,3,2387.243153692924,2388.5952059937276,3
1625,1628,-0.009765070144465447,3,2383.9793729478283,2363.083626520982,3
1633,1634,-0.003491339818789377,1,2294.0676328614454,2288.352330820702,1
1635,1642,-0.014831675508121957,7,2292.2742080548765,2260.568215033424,7
1645,1646,-0.013353725210239076,1,2151.5441152138364,2124.9645304367777,1
1647,1649,0.005252833357901217,2,2147.6568617697308,2161.08580223633,2
1651,1653,0.0028991632679488035,2,2165.168601541115,2173.6109474211603,2
1654,1660,0.014584682724282167,6,2174.3608166938934,2208.247540150179,6
1662,1667,-0.03270109237334374,5,2214.378277415305,2144.1800670934367,5
1673,1680,-0.028117005975339036,7,2130.02472945175,2072.264836135587,7
1681,1682,0.00268528777841973,1,2089.8325276327423,2097.5341619057713,1
1683,1684,0.00041764960395371253,1,2106.0526060423654,2109.038250685227,1
1690,1696,0.006344803762903028,6,2140.886508244749,2156.6108995264535,6
1697,1705,-0.009501844665748212,8,2166.08351003687,2147.667804501498,8
1706,1707,0.0014712823988662581,1,2161.5167048904527,2166.858423078104,1
1708,1709,0.0005793517449080949,1,2178.3506780584057,2181.791060002819,1
1711,1712,0.0004175616083321328,1,2192.602312941906,2195.7104618030726,1
1714,1718,-0.0009327933314109514,4,2214.1701186293762,2214.3189256267387,4
1720,1723,0.004750370052572758,3,2224.8583343589007,2237.652093096015,3
1725,1728,-0.006322046677493171,3,2235.438383832745,2223.541276409327,3
1729,1734,0.0066097874236237955,5,2233.833094790574,2250.8320897817857,5
1739,1742,0.004523638912546174,3,2252.633983413154,2265.076720139659,3
1747,1750,-0.006850937303694295,3,2256.9567536448603,2243.751441182135,3
1751,1752,-0.0019491704772023372,1,2248.971358124196,2246.8367009069907,1
1753,1756,0.004689171382214101,3,2245.7095329149947,2258.48575932242,3
1757,1762,-0.008768483218216057,5,2262.470415634456,2244.8944521788894,5
1767,1769,-0.007639369637110789,2,2230.5175393529416,2215.7083089271187,2
1774,1778,-0.006748915211670867,4,2241.2798581160578,2228.394930246123,4
1784,1789,-0.02649198448998782,5,2190.9530114475715,2135.101271261458,5
1790,1791,-0.004187245523241541,1,2114.157345242449,2107.419006708397,1
1792,1793,-0.0002028933042400869,1,2120.8065115392537,2122.497020610013,1
1794,1795,-0.003681792887749556,1,2119.7505924447178,2114.0658603820966,1
1801,1803,0.0012824518581920695,2,2163.197647458373,2168.135041948451,2
1804,1806,0.003244688502059924,2,2167.2389386385735,2176.438192842629,2
1812,1815,-0.0025314627957817156,3,2203.7423888372036,2200.3674393572123,3
1817,1818,-0.0024987018029643303,1,2192.720525676683,2189.4342914714543,1
1819,1825,-0.035402703281117893,6,2189.6764220521986,2114.345633822677,6
1826,1829,0.005503316449917198,3,2097.870800039201,2111.513917722897,3
1830,1838,-0.0023871398275515793,8,2108.3322701583047,2105.407718496656,8
1839,1843,-0.012697980981212147,4,2101.838440718124,2077.2511746130226,4
1844,1845,0.00467738266910279,1,2084.4649381736876,2096.2992432880274,1
1846,1847,0.0017913375010356978,1,2122.1614518700685,2128.085120713926,1
1849,1851,0.00017607791413468393,2,2145.5926831155634,2148.1160672829046,2
1852,1855,0.007870389549702178,3,2147.6548671677497,2166.7054024578415,3
1857,1858,0.0013000419048850962,1,2180.7105886041354,2185.7263143403516,1
1863,1869,0.01464456244270073,6,2178.5716597727924,2212.654460140006,6
1870,1873,-0.017203283309534467,3,2209.565525747363,2173.763309542698,3
1875,1881,0.03412271229623849,6,2165.992582034694,2242.068116329285,6
1882,1883,-0.003931178254214773,1,2261.5850257182697,2254.9559168708265,1
1884,1886,0.009245000856672406,2,2260.1166942468813,2283.27159171562,2
1887,1889,-0.0037768642099590913,2,2289.1697894337144,2282.8130757749163,2
1891,1893,0.006455250401960409,2,2300.3614157364054,2317.5111861057285,2
1894,1897,-0.005184558794954879,3,2319.532312154129,2309.8260928171226,3
1898,1900,0.0014485646649861441,2,2325.047953493208,2330.7409837565297,2
1901,1903,-0.0052824676917972825,2,2336.082940563415,2326.0787408450933,2
1908,1909,-0.002908103905749395,1,2332.3981951915166,2327.947737085509,1
1911,1919,-0.013617368043903125,8,2345.3764089441365,2315.7839315910005,8
1921,1922,-0.0010719521887081612,1,2324.909249936036,2324.741967626955,1
1925,1927,0.0021440559614402913,2,2291.727150810328,2298.932469220828,2
1931,1933,0.0010073011282342322,2,2304.682718237871,2309.308910458412,2
1934,1937,-0.003823998437284868,3,2316.428816668935,2309.88722531058,3
1940,1945,0.0007870942998815377,5,2293.352590810936,2297.4510281535927,5
1946,1948,-0.004158023167483421,2,2303.325090550678,2296.051136552473,2
1951,1953,-0.007858442851581018,2,2286.130841440457,2270.451543713201,2
1957,1960,0.029428763659588044,3,2277.998158602316,2347.3148261874026,3
1965,1967,0.0019747355356293512,2,2387.4064843781725,2394.508387285244,2
1968,1971,0.0030935762450543837,3,2413.939017721093,2423.820661141046,3
1972,1974,0.004683794776576792,2,2430.0340194560854,2443.845834122774,2
1975,1979,-0.007187143649359264,4,2440.900462269889,2425.7982604760377,4
1980,1981,-0.001977023184787702,1,2422.6937732776373,2420.3267452915043,1
1988,1989,-0.004597773109900873,1,2432.2015575324085,2423.4510481708594,1
1990,1992,-0.00980046139969195,2,2419.4032918531097,2398.111426572869,2
1993,1994,-0.001964188031493418,1,2397.079625670739,2394.7683901851306,1
1996,1998,-0.0041586691544732365,2,2385.817194324757,2378.2811871448316,2
672,677,0.00487742005207616,5,1976.8867283478878,1988.505722045763,5
685,686,-0.0005026373479391827,1,1996.5901739677997,1997.583203351803,1
693,697,0.001249317766476995,4,2015.2397889359288,2019.7727035968937,4
698,699,-0.0017089862154448694,1,2021.1032924060273,2019.6703580317212,1
703,704,-0.0007997341706148455,1,2026.5548903253377,2026.9607400212433,1
706,710,-0.00878528250468373,4,2020.628409828048,2004.8972468205468,4
713,715,-0.001270650398581517,2,1997.1823308136643,1996.6417926197896,2
717,718,0.0008695770495191911,1,1995.5637670702258,1999.2946272899924,1
719,728,0.017496644766996583,9,2001.656503898724,2038.680433196887,9
731,733,3.958024671475713e-05,2,2044.2437396616176,2046.3688950728401,2
739,744,-0.00388912614208839,5,2070.6987861804587,2064.716276184914,5
748,749,-0.0027565422458038545,1,2068.1363154627716,2064.50354665458,1
759,760,0.0004284082380524004,1,2055.3638471129466,2058.299745764358,1
763,767,0.0023408936886653822,4,2074.5026789213152,2081.433371828443,4
774,776,-0.0016291622877596503,2,2083.7180865863734,2082.4070897479705,2
777,782,-0.002825514917733788,5,2083.4521924420214,2079.6488193843334,5
788,791,-0.002018688715248888,3,2076.7139230347575,2074.5983979965617,3
794,795,-0.0027420186565031697,1,2077.0265961518553,2073.4083770713055,1
799,808,0.005162558327791364,9,2075.0257466810885,2087.8132138766796,9
812,814,-0.0012917914933017417,2,2082.608165389138,2082.0004780425966,2
815,817,-0.006001911789288538,2,2089.067866225643,2078.618533036945,2
818,820,-0.0018336437880746292,2,2075.668843103367,2073.938474666214,2
821,822,-0.0013245309022837425,1,2077.747251289538,2077.0729580993593,1
828,835,-0.0006370941244583372,7,2070.2562573593195,2071.007565518992,7
838,839,-0.002207143027143201,1,2075.259483182353,2072.7543481677167,1
847,849,-0.002257676596715244,2,2079.504835302534,2076.889490738418,2
853,857,-0.004255777117195039,4,2077.6529789442216,2070.888603917903,4
860,861,-0.0026742507879515117,1,2067.061118591696,2063.60033988515,1
869,870,-3.38279734972939e-05,1,2075.769070627689,2077.774620637209,1
872,874,-0.0019045790441793212,2,2096.041381117278,2094.1453460081866,2
875,876,0.0025368768643053013,1,2114.0351525795377,2121.5122346010244,1
881,888,0.0006384590484642763,7,2172.202049972591,2175.761114076461,7
891,892,-0.00365252016808414,1,2169.083771519798,2163.330233069578,1
894,902,-0.002710673252259141,8,2164.102880873861,2160.400807960413,8
906,910,-0.0038130963194299653,4,2164.952451303149,2158.862231530647,4
913,914,-0.004423907569225461,1,2164.191249675051,2156.781258874037,1
918,919,-7.008826556508928e-05,1,2150.5946509256773,2152.594514127586,1
922,923,0.0005184205264582133,1,2153.652274551205,2156.922424371737,1
930,934,-0.007776192612711106,4,2158.841510011006,2144.2127841188553,4
936,937,-0.00174670817594078,1,2137.6707959183377,2136.0745796575557,1
950,951,-0.002693824980520633,1,2116.704963702026,2113.1196359581154,1
955,956,0.0007627618588919342,1,2115.3408886653715,2119.0697309024654,1
958,959,-0.0024423668026669915,1,2135.7724161582246,2132.691848927106,1
961,962,-0.0021407934052585934,1,2143.9990504423613,2141.553190464736,1
963,969,0.005391147854861691,6,2137.3689712926794,2151.0292124086045,6
980,982,-0.0016846741499955927,2,2124.959636576577,2123.504731643629,2
984,986,0.002004365784533573,2,2119.0107318225255,2125.3770151622725,2
989,992,0.0008663051440608979,3,2128.667246371614,2132.6399890035113,3
1001,1008,-0.003984064514554974,7,2149.0074146376996,2142.5946378701638,7
1013,1015,-0.005722936478370842,2,2139.376572854247,2129.272433197342,2
1017,1018,-8.219871282594943e-05,1,2135.695597338656,2137.6557415069055,1
1022,1034,-0.0002856006001723116,12,2147.5320518818203,2149.0662474907954,12
1037,1038,-0.0025189148116571154,1,2150.8654889784016,2147.59850752931,1
1039,1040,-0.001472797161996857,1,2147.2407932411643,2146.225583887996,1
1042,1048,-0.006975541960558181,6,2151.962092600596,2139.1029528187305,6
1049,1052,-0.0009118036595234196,3,2144.4477198183126,2144.636852259544,3
1058,1059,0.0007358867432493315,1,2138.804347986641,2142.517070100715,1
1060,1063,-0.0008777001378248361,3,2144.029366454548,2144.291580950565,3
1064,1069,-0.0009945577584956529,5,2142.6237434369,2142.6354041127647,5
1070,1071,-0.00040846451887498214,1,2152.084461267389,2153.3574955846066,1
1075,1077,-0.003438659245878421,2,2156.3775173101862,2151.1188473399934,2
1079,1081,0.000745010516034078,2,2152.8172983991485,2156.573987223955,2
1082,1083,0.004495432829480927,1,2166.7709870219437,2178.678331437991,1
1085,1086,-0.0011740419291592899,1,2184.1885380673725,2183.8083976805597,1
1088,1090,-0.0030548450411824746,2,2184.202021679084,2179.713824985896,2
1091,1092,-0.007127289412791961,1,2186.7925894491996,2173.3934783678956,1
1099,1101,0.0005465010893128054,2,2138.196381384415,2141.5031044173907,2
1107,1108,-0.0018002975997550136,1,2157.688941909754,2155.9621486285255,1
1110,1118,-0.013468215390665686,8,2154.480724167573,2127.6181944436144,8
1119,1124,-0.0003758867087859033,5,2126.476416987753,2127.8035791830484,5
1125,1127,-0.004182719860505404,2,2129.1553054638102,2122.37880058701,2
1133,1134,-0.001577683434396726,1,2138.908852238227,2137.6732400266046,1
1136,1137,-0.0025197666855135722,1,2147.571412537199,2144.307605049664,1
1138,1141,-0.001173300881973676,3,2145.2260213051977,2144.8542517436726,3
1143,1144,-0.0035454513248515565,1,2149.7175145239944,2144.2455132285927,1
1147,1150,0.00027001896537675457,3,2146.3881950095365,2149.1141487242594,3
1151,1153,0.003831405144032407,2,2146.149455671446,2156.5183731914394,2
1159,1165,-0.00027025526196371467,6,2162.8169753153115,2164.3952796223834,6
1166,1168,0.00021879727572215622,2,2162.81991187877,2165.4559508952457,2
1170,1172,-0.002680872369367401,2,2167.9383237259212,2164.2942960990777,2
1173,1179,-0.0027219762734174207,6,2168.433618861571,2164.699627619411,6
1185,1186,0.0055602519343849405,1,2194.638195952633,2209.0355754229063,1
1188,1189,-0.0053530940443301395,1,2213.628425708331,2203.9922929920203,1
1206,1207,0.0019475581762015584,1,2226.0732340346563,2232.6347143964585,1
1209,1213,0.006705939881478415,4,2244.6179058962953,2261.914796536022,4
1214,1216,0.005079807823135155,2,2272.515476938339,2286.3319343132243,2
1217,1219,-0.002804611237653546,2,2285.178498292239,2281.0546394941766,2
1221,1223,0.003304714714860155,2,2293.5464021431885,2303.419465089709,2
1224,1225,-0.004495437871911799,1,2306.9214688704506,2298.8577682006344,1
1226,1230,-0.005063610087017375,4,2295.745789197057,2286.4167734508483,4
1233,1237,-0.002574178018345188,4,2291.9266591549394,2288.3187585884384,4
1238,1239,-0.004051979236985179,1,2290.9113358340087,2283.9195220032693,1
1240,1241,-0.004186253015204111,1,2279.0556581802934,2271.7940102175985,1
1243,1249,0.0029734187614252573,6,2286.53360596639,2295.6189614949662,6
1255,1266,0.03456636854495632,11,2290.011018562479,2371.458394420683,11
1267,1271,-0.0024951979293201774,4,2374.973689910765,2371.4226341674207,4
1278,1283,-0.013707790524344399,5,2380.1655845565274,2349.9189388947293,5
1288,1289,-7.102675879935199e-05,1,2349.1138862134117,2351.296150154237,1
1294,1299,-0.010222820383765398,5,2384.9248727069285,2362.929138977178,5
1300,1305,-0.02168764986091946,5,2372.937100493906,2323.846608616903,5
1306,1307,-0.0006914996816990546,1,2330.969534925326,2331.6886397688004,1
1319,1326,-0.0037882313432748647,7,2338.507312856339,2331.9870134701555,7
1329,1332,0.012292667857715087,3,2355.8416774164084,2387.157098359667,3
1337,1340,0.001520363203473314,3,2430.295961451825,2436.421189966618,3
1341,1343,-0.0023895365450102195,2,2436.532189636417,2433.1465391158235,2
1345,1346,-0.006343030018765663,1,2435.469426514899,2422.456640259244,1
1347,1353,-0.004593774943852651,6,2423.2122573619035,2414.5037778677597,6
1356,1357,0.0072155110405109175,1,2434.6957235573036,2454.6979931544734,1
1361,1362,-0.004885087788671348,1,2467.450921646794,2457.8646582019583,1
1363,1365,-0.004427277585389886,2,2462.8536728310805,2454.4127896420914,2
1366,1367,0.0006222682994392076,1,2463.3355711748795,2467.3317623828775,1
1373,1374,-0.003479352817506201,1,2476.025856889888,2469.88691520539,1
1375,1378,-0.01063474488006734,3,2470.8398766703185,2447.033964819103,3
1380,1381,-0.002215811220637083,1,2446.826795832143,2443.851916358815,1
1382,1383,-0.004500496070860706,1,2450.1375999385587,2441.5609028969056,1
1385,1391,-0.0027730716811907594,6,2436.9945235208434,2432.6735575439716,6
1394,1395,-0.0014416648995234666,1,2441.105794385651,2440.0276436402473,1
1397,1399,0.002963431198016864,2,2451.4274869662336,2461.1435511477516,2
1400,1401,-0.0007567566806836287,1,2460.7946298681204,2461.3932017220454,1
1405,1409,0.0008751607548048948,4,2462.2613731926203,2466.878509087703,4
1412,1413,-0.0037070395578325177,1,2448.509857238635,2441.881644197347,1
1421,1425,0.006716456703377193,4,2467.485233301301,2486.525476270293,4
1426,1428,0.0009843204214064522,2,2491.8803101423073,2496.8249991294233,2
1429,1430,0.0002008988716854798,1,2493.210998396401,2496.205092671249,1
1432,1444,0.0013761049161995385,12,2515.8582470180136,2521.836190167214,12
1447,1456,-0.012303755672035878,9,2508.7536018317796,2480.395264075333,9
1457,1458,-0.009959335076933279,1,2476.2154935528583,2454.0302492234246,1
1460,1464,-0.014536609938166658,4,2442.052709891896,2408.9955949096466,4
1465,1473,0.010454659446322134,8,2409.4291907576626,2437.028381597819,8
1474,1475,-0.006980888435469468,1,2430.8075333840857,2416.2691447188167,1
1477,1480,-0.002358828217065844,3,2393.9773110634137,2390.7243071421253,3
1487,1490,-0.00018114356281237053,3,2382.5207719032787,2384.471714374085,3
1493,1505,0.006747674468257967,12,2391.928062124238,2410.4599421010676,12
1508,1518,-0.0033384462897996024,10,2428.040796335213,2422.362953343541,10
1520,1524,0.003671679387935633,4,2435.858668892967,2447.238219628359,4
1525,1527,-0.0018962975348139886,2,2446.9340778073874,2444.7408968255963,2
1529,1530,-0.0026523361350654587,1,2436.1335955486215,2432.1082839788496,1
1531,1532,-0.0023321972418098797,1,2427.7540733214796,2424.519826041208,1
1535,1537,0.007203396118827644,2,2435.039308934444,2455.0149009505494,2
1538,1539,0.0011111749084443214,1,2451.660593194186,2456.836477522559,1
1540,1541,0.004507718492129466,1,2465.8819790054417,2479.463362780619,1
1544,1546,1.3164834214844092e-05,2,2486.6823948330093,2489.2018139893153,2
1551,1555,-0.0023876031774320303,4,2483.3447634740155,2479.8988663895598,4
1558,1560,-0.001663145383456683,2,2475.7119817649805,2474.0702247935046,2
1564,1565,-0.0018857145373712826,1,2464.561836120278,2462.3789378737756,1
1568,1569,-0.0030222595566717393,1,2469.9801515476584,2464.9852105814016,1
1570,1572,-0.006622534135575824,2,2466.634554302892,2452.765817321333,2
1576,1579,-0.008897913760777067,3,2438.3445777664124,2419.086742572155,3
1589,1593,-0.0015615486270517376,4,2400.70405112721,2399.355939063342,4
1596,1598,-0.009589618510394107,2,2375.107250313432,2354.7059851119684,2
1599,1601,-0.0020143151312108968,2,2352.1273084258733,2349.7415101064025,2
1603,1606,-0.0007573831925259053,3,2352.061505207766,2352.632154861142,3
1607,1610,0.007532142956985286,3,2347.4939817725985,2367.523136015745,3
1618,1621,-0.0028762254702881657,3,2390.6575559673965,2386.1721433701537,3
1622,1623,-0.00280780251469012,1,2388.3288598542817,2384.01123293553,1
1626,1627,-0.0012752483758944146,1,2372.636058718566,2371.982994496815,1
1629,1631,-0.015348930296290645,2,2353.4106486639766,2319.641723307749,2
1634,1637,-0.002786356414686555,3,2291.9025591649024,2287.8084043265017,3
1640,1645,-0.05637289646857962,5,2279.6456770547247,2153.4150929941284,5
1646,1648,0.010640695923591303,2,2125.8711346777854,2150.6177541293096,2
1651,1652,0.004812588301330383,1,2160.7262832800357,2173.2856955966063,1
1658,1659,0.0009071302201231607,1,2190.823018522136,2195.001203307701,1
1662,1666,-0.023313542964619,4,2212.26088497372,2162.8975066679127,4
1670,1673,0.002605845018797459,3,2114.9250578089996,2122.55114979383,3
1678,1679,-0.0027569614551713876,1,2073.9648052118014,2070.320928989662,1
1682,1683,0.0009599612583806598,1,2098.8973501948567,2103.0111076865564,1
1686,1695,0.013702176888376341,9,2116.40775386764,2147.5235550329335,9
1697,1702,-0.007152892961846267,5,2167.332098941203,2153.9967365236444,5
1704,1717,0.026879386835382393,13,2153.4483992283144,2213.4852201804356,13
1718,1719,0.0027916184729873334,1,2209.5749590267765,2217.9528242588726,1
1720,1721,0.00041566050148940836,1,2223.2191531062435,2226.366476647451,1
1728,1729,0.0017336800048258437,1,2223.2528123103893,2229.330474069075,1
1733,1734,-0.004362087696485696,1,2258.4092711820717,2250.8163011578013,1
1735,1736,0.000272221157818178,1,2243.61241536081,2246.4667865455754,1
1743,1744,-0.0033656722985758616,1,2268.8691403505973,2263.501739476176,1
1749,1754,-0.0003671788550332907,5,2249.4071915612008,2250.830663995661,5
1757,1760,-0.0031899576147414103,3,2262.3968418412956,2257.4422886499383,3
1771,1772,0.0023806716405921444,1,2220.99666298559,2228.505123417995,1
1775,1778,-0.006648060077055669,3,2241.8887157653116,2229.226393612596,3
1782,1785,-0.024820536332517792,3,2213.955336941977,2161.217733399779,3
1786,1787,-0.002680059522811103,1,2148.4790650048717,2144.86949229215,1
1793,1800,0.015074625894640651,7,2124.1618500308377,2158.3069571097512,7
1802,1804,-0.004011469876084114,2,2172.1573267805675,2165.6159404248524,2
1806,1807,0.003985886993885785,1,2174.4397482661184,2185.2812591259867,1
1810,1813,-0.0035345557586212144,3,2202.3108924375156,2196.729012682814,3
1815,1816,-0.007203130034617748,1,2204.09985658075,2190.427538561097,1
1818,1821,-0.013316939658009189,3,2191.6529660984224,2164.6585087636913,3
1822,1823,-0.004687699887849953,1,2164.475997474133,2156.4940595809935,1
1825,1827,-0.009008465856339236,2,2114.9607780512442,2098.023186872724,2
1829,1831,-0.004993579520310784,2,2113.7142931520852,2105.273007039165,2
1833,1836,-0.00645181068990507,3,2131.1430772794824,2119.524488669053,3
1837,1840,-0.01767685200267124,3,2119.6503996500464,2084.3013036376797,3
1841,1843,-0.0025398107241339915,2,2082.068864983268,2078.8628730165815,2
1844,1845,0.004779167876781395,1,2087.3988307777863,2099.4622590466483,1
1848,1849,0.0037137951364678316,1,2132.5954935321033,2142.648111797568,1
1852,1854,0.0014545920076472693,2,2146.6456607692203,2151.914800051395,2
1856,1859,-0.000872383722886284,3,2179.441676700416,2179.719808933383,3
1862,1863,-0.003954576899653841,1,2181.5884372076825,2175.142766406557,1
1864,1865,-7.595616719638463e-06,1,2178.0251194865336,2180.186601162007,1
1867,1879,0.007303836199210617,12,2196.2357467803567,2214.472928676472,12
1882,1886,0.008705707148046773,4,2256.4707759903476,2278.371420530236,4
1889,1891,0.0017877241627137085,2,2289.892307123387,2296.2758952379672,2
1899,1901,0.0025188531523774945,2,2327.464956110017,2335.6549635078727,2
1903,1904,-0.004435210517219197,1,2332.205640492061,2324.1940231475246,1
1905,1906,-0.0025523171148571482,1,2324.435915775092,2320.8276541206455,1
1910,1911,-0.0030369802079830374,1,2343.3181479260006,2338.544855237668,1
1912,1915,-0.005230004818744658,3,2322.239290545964,2312.4162071566766,3
1917,1919,-0.0014289590826856106,2,2316.3334262394196,2315.339813977706,2
1925,1927,0.001911688263378692,2,2294.412164830774,2301.092777802465,2
1930,1936,0.003196935705398464,6,2310.5634221664095,2320.2607082924874,6
1939,1942,-0.004170024556473579,3,2296.5129823518314,2289.2329798035157,3
1946,1947,0.0010336604515405082,1,2294.984891068588,2299.652111078437,1
1952,1954,-0.0064504321974240145,2,2276.1187081416138,2263.7128774495995,2
1959,1960,0.007203701406336273,1,2330.041548556245,2349.1565136849576,1
1966,1969,0.017469961798176063,3,2384.903428997968,2428.9525042238997,3
1975,1979,-0.009173529039696739,4,2446.055792336768,2426.062884285385,4
1980,1982,-0.0008045563236655344,2,2420.8928507428604,2421.3659989416215,2
1983,1985,-0.0029297175187115907,2,2422.608547027522,2417.9335968733426,2
1986,1987,0.0024401383823045675,1,2419.698557686134,2428.022655568037,1
1989,1990,-0.007194731980284239,1,2430.49518257074,2415.438916335342,1
1991,1992,-0.0068958146759370755,1,2411.9318508481247,2397.711547644534,1
1994,1996,-0.004576605366254857,2,2391.235847451285,2382.6833404873096,2
673,677,0.002851176953769764,4,1979.9010966955022,1987.5260461698394,4
685,687,-0.0005978050234990297,2,1994.7302293541497,1995.5324998318706,2
692,693,-0.0038515170741785522,1,2016.9268649768892,2011.1755635840382,1
697,700,0.0004935810089540988,3,2019.8049378758078,2022.8216801728108,3
702,703,-0.0025291842026508925,1,2026.757404480962,2023.6581190754239,1
704,706,-0.004302102974829786,2,2024.8424923214686,2018.1562539040121,2
712,718,-0.0005078052686039503,6,1995.706549861631,1996.6888261108854,6
720,724,0.010135549304883182,4,2006.1174417808472,2028.456661465184,4
727,732,0.003623417206612715,5,2033.2720681257974,2042.6727331912953,5
733,734,-7.228584713084274e-05,1,2050.2345851066425,2052.1366167479478,1
735,737,0.002958319448731141,2,2059.734690811469,2067.8877786973344,2
738,739,-0.005143816011389916,1,2074.672594073025,2066.075532559313,1
744,745,-0.0006813992168113034,1,2063.244864913809,2063.9022163436807,1
747,748,-0.00047994592652333425,1,2065.609315328111,2066.6835438667586,1
749,751,-0.00302494676468616,2,2067.1650854690815,2062.9791862171887,2
760,765,0.006701065976104522,5,2062.3802828554503,2078.2628094815373,5
777,782,-0.0011230102028916816,5,2078.7334501322534,2078.477744708795,5
783,786,-0.002535893439580294,3,2078.8189599992947,2075.6261155965567,3
788,790,-0.0015099737477326596,2,2079.2401228090453,2078.17976493118,2
791,795,6.469139619562597e-05,4,2071.5419079007397,2073.7474607469403,4
798,802,-0.00559673768288181,4,2078.0879373121193,2068.5355121823345,4
803,804,-0.003447884046164606,1,2074.1892722512102,2069.1118974229407,1
805,806,-0.0013123139982913767,1,2076.4819720748164,2075.833457687738,1
809,810,-0.0032241591128390123,1,2094.6858583061535,2090.026943665867,1
813,816,-0.003154461669796441,3,2087.2164172402054,2082.7195894726915,3
819,821,0.0004673775611284739,2,2072.8131046233707,2075.854704061508,2
822,827,-0.0069755245053171695,5,2078.3632311289234,2065.9439207103624,5
833,834,0.0001430350802393242,1,2064.466192516519,2066.8259497965337,1
835,837,-0.001150167007192291,2,2071.700002552796,2071.3889015636123,2
839,841,-0.0016860431999743282,2,2075.919346019066,2074.4951756680343,2
843,847,-0.001846466964051385,4,2080.043233803196,2078.282545921983,4
848,852,-0.003939044522523463,4,2080.492454130962,2074.377794179497,4
855,856,-0.0028319914737255643,1,2076.076206631305,2072.272852721952,1
857,859,-0.0032969906980327406,2,2070.201477151481,2065.4462436154104,2
867,872,0.011000781572717045,5,2069.5015737517024,2094.3372101026907,5
877,881,0.01626316378255217,4,2132.8857318622986,2169.706087580906,4
884,887,-0.002366627165178524,3,2177.743092366493,2174.766929497685,3
888,893,-0.006363648835459838,5,2177.397717526807,2165.7189207948613,5
894,896,0.0006503449480817455,2,2165.1379848250954,2168.7112093602514,2
899,903,-0.0014413786041604561,4,2164.960190538678,2164.004623431715,4
908,910,-0.0012313157549805232,2,2163.1624712752287,2162.66209771504,2
914,915,-0.004358235521890266,1,2153.7579719584674,2146.525145431482,1
920,921,-0.0021989579905433983,1,2155.161938393175,2152.5779897662237,1
924,927,-0.0030369612495823738,3,2161.196085716764,2156.79381303741,3
932,937,-0.006758878038154946,5,2148.58871579988,2136.2152554314325,5
938,942,-0.002392683204425904,4,2136.206892064889,2133.2318326051313,4
947,953,0.002211196224407912,6,2109.272902433496,2116.046191614036,6
957,964,0.0056854316803941155,7,2124.8396518416416,2139.0451221658213,7
970,976,-0.0065461567578427235,6,2149.721017212294,2137.7983274652056,6
986,994,0.005790279457195345,8,2125.9177545112307,2140.353330167375,8
1000,1004,-0.007250651760479843,4,2152.8167969080614,2139.3602888064775,4
1015,1019,0.004254930222205421,4,2129.8481832421203,2141.0403868289486,4
1020,1022,-0.00025497497000709314,2,2148.7888470296425,2150.389748504849,2
1023,1026,-0.004632512453819649,3,2150.4198786193483,2142.608451629322,3
1027,1029,-0.001980288138213749,2,2141.604932697723,2139.5055427854595,2
1030,1031,-0.002996345376349292,1,2146.7954189391285,2142.5096738305615,1
1036,1040,-0.005050274694122363,4,2152.4214930938956,2143.7035947893323,4
1042,1043,-0.0030893736105830406,1,2149.5580928945496,2145.0668629408406,1
1044,1049,-0.002297228336696369,5,2142.122157034764,2139.343335471993,5
1050,1051,-0.0017340624396312166,1,2140.8697558925824,2139.298223816639,1
1056,1057,-0.0025495808847441283,1,2144.786561323661,2141.4630410663776,1
1058,1059,-0.002192823127974337,1,2140.230215812515,2137.677299711904,1
1061,1062,-0.0017877319197236738,1,2144.8574074791863,2143.1678348360592,1
1063,1066,-0.004956159578687315,3,2145.534896858038,2137.046818424425,3
1068,1072,0.0071740864901835,4,2142.2189658156535,2159.729648923142,4
1073,1074,-0.0009390733234744834,1,2156.5833856035238,2156.7147790618587,1
1081,1082,0.0007148458771787664,1,2159.2220171687086,2162.924750142764,1
1083,1088,0.0024300121279072994,5,2179.347493018606,2186.8226813505844,5
1093,1094,-0.005989412020088322,1,2168.1157642450808,2157.2981413900134,1
1097,1099,-0.00343920490610329,2,2144.7943685536975,2139.5627756073386,2
1101,1104,0.0023456919979126627,3,2143.7269831185677,2150.899233331697,3
1114,1115,-0.0037333898590588338,1,2137.9652511203644,2132.121358583932,1
1117,1118,-0.0016335628905533757,1,2131.399953795434,2130.049577879782,1
1119,1121,-0.002078360422864376,2,2127.9712684790593,2125.676548482139,2
1123,1125,-0.006251361361953337,2,2132.509322472731,2121.3107454126925,2
1127,1128,0.0003637022397427695,1,2122.681342907831,2125.5760482094147,1
1129,1133,0.008121679539985736,4,2122.3867189754387,2141.7464504858544,4
1139,1146,-0.0023020824952885042,7,2145.434195037669,2142.640662727517,7
1148,1150,-0.004714644247630989,2,2153.3618969194376,2145.362923535978,2
1151,1153,0.00467482564440323,2,2145.7657484817146,2157.9425949780807,2
1161,1162,0.0002190453280141115,1,2165.199832585466,2167.8393093255963,1
1163,1164,-0.003211934562588254,1,2171.338441098357,2166.535582553415,1
1172,1181,-0.003967582145142466,9,2164.9863618109503,2158.561586939163,9
1183,1187,0.01663622868436645,4,2175.1317281635584,2213.492848740072,4
1196,1201,0.002871379726552969,5,2213.7649165579314,2222.335241175248,5
1206,1208,0.0032981527489048604,2,2227.810736047399,2237.386206886581,2
1212,1214,0.0021173669274593167,2,2257.8477000239145,2264.886239771209,2
1219,1221,0.0048604584729188705,2,2281.532987793926,2294.903817123487,2
1222,1230,-0.008333727146813137,8,2298.0522154295554,2281.1989275124656,8
1232,1233,-0.0057704562268073535,1,2301.872560077673,2290.8915777901334,1
1236,1238,-0.004401566568731622,2,2291.154978467505,2283.361462288967,2
1240,1241,-0.00031926749102851497,1,2276.0213647580085,2277.570726492113,1
1242,1248,0.007021248288476033,6,2280.869104198412,2299.1645215967014,6
1249,1252,-0.004312080713472786,3,2300.3920634917854,2292.7729793048684,3
1257,1258,0.0005890592429318379,1,2291.752808782851,2295.3945397661623,1
1259,1260,0.0022662216323872304,1,2303.9952152602236,2311.5205742732232,1
1269,1275,0.0021149498610550715,6,2379.3669458916224,2386.7785546291266,6
1276,1280,-0.007153395480705135,4,2386.686981041036,2372.00075215804,4
1283,1285,-0.007842613009568811,2,2353.590448522045,2337.485739899791,2
1286,1292,0.013682018168672976,6,2340.5886043658084,2374.953168780496,6
1297,1298,-0.003111663689389065,1,2382.012852624244,2376.982842575699,1
1304,1306,0.001814709251211292,2,2324.430387007924,2330.9729827220317,2
1307,1309,-0.00020553184686291162,2,2334.5975861442553,2336.4523495768376,2
1317,1320,-0.01218524707557233,3,2364.1950251898056,2337.7509196982187,3
1321,1322,-0.004893120733307438,1,2346.6473967750703,2337.5116151409234,1
1324,1325,-0.0044718659849914445,1,2343.4775617900705,2335.341321756701,1
1332,1333,0.004075559032184892,1,2388.235308956546,2400.356938249903,1
1334,1337,0.008237149938994853,3,2407.631944989184,2429.871602262963,3
1342,1350,-0.005881430878126637,8,2432.6742952061986,2420.799363785154,8
1353,1357,0.013065245702259424,4,2417.1397798114685,2451.137444711222,4
1359,1360,0.0001812534002006191,1,2466.503639428426,2469.417205239108,1
1361,1363,-0.007445209032112021,2,2469.12813903502,2453.2140920518696,2
1364,1366,0.0024210513944013996,2,2453.955872691205,2462.350981851275,2
1367,1370,-0.00259996630842531,3,2469.62533887451,2465.6740215378773,3
1371,1373,-0.00041479426389973335,2,2472.2481214215554,2473.6948952032744,2
1374,1378,-0.011324897379522778,4,2472.4217265894176,2446.8942259834794,4
1379,1385,-0.00637518428803789,6,2444.503391989758,2431.363735765079,6
1387,1390,0.003412796065674066,3,2419.1800539591163,2429.8554021833843,3
1391,1393,0.0001997333422564453,2,2430.9375352333586,2433.854012047321,2
1397,1398,0.004037095170548266,1,2453.4307994316646,2465.788963862756,1
1399,1402,-0.001530018861193799,3,2464.6444233942966,2463.3381153637615,3
1413,1416,0.001817743274098141,3,2447.431430446802,2454.32766389876,3
1417,1420,0.0005238839016178908,3,2460.4247162244765,2464.1741178406737,3
1428,1429,-0.0012606839226510078,1,2495.173800998942,2494.5233493048017,1
1434,1435,-0.0036411344819515016,1,2531.404374492008,2524.7185951107745,1
1436,1439,-0.00706274452860443,3,2530.1799773803664,2514.840142566119,3
1441,1445,-0.00676699189029926,4,2524.421440665986,2509.863122689968,4
1446,1448,-0.0001769710694698776,2,2505.3499074811766,2507.4118829361346,2
1452,1453,0.0017597865172661572,1,2492.5022171288965,2499.380991141985,1
1454,1455,-0.005666117702380926,1,2501.2780898372644,2489.606831863697,1
1456,1463,-0.026972695425372832,7,2484.821208265426,2420.283703836641,7
1464,1466,-0.003988168361619809,2,2414.235938641704,2407.021795192369,2
1467,1468,-0.0017615265054767642,1,2415.998382428568,2414.15853562316,1
1472,1475,-0.009775889467172023,3,2436.8856605267497,2415.4998213258305,3
1476,1477,-0.0068350959617009014,1,2406.289665271861,2392.2487341633505,1
1478,1483,-0.010089472338457119,5,2384.961578719726,2363.28353642167,5
1485,1493,0.008043399224928194,8,2367.894316847806,2389.308130477499,8
1494,1496,0.001598154922285066,2,2373.0478416380324,2379.2133875686022,2
1498,1500,-0.004027275999892716,2,2410.4055066159176,2403.10854387573,2
1501,1502,-0.002580732341954772,1,2414.400254892917,2410.583734323584,1
1504,1505,-0.003328087472347293,1,2420.2414039762575,2414.606870283604,1
1506,1508,0.0007202598528377728,2,2419.474424437974,2423.6365491553024,2
1522,1524,-0.002895645479755822,2,2451.314413948839,2446.6675908605766,2
1525,1526,-0.00213635694309077,1,2449.1547629633033,2446.371648943706,1
1536,1537,-0.0012205354646485033,1,2453.4949946795696,2452.953912020905,1
1538,1539,0.004792763194272974,1,2448.2365173847766,2462.418571773558,1
1541,1542,-0.0014164469289043773,1,2477.996153503715,2476.9641996157516,1
1544,1545,-0.0016241572414848926,1,2481.740204161198,2480.1912080412867,1
1546,1552,-0.003057289546532732,6,2485.6219220335656,2480.5082780367334,6
1554,1555,-0.0040868070099372225,1,2482.106437403393,2474.444653853006,1
1563,1564,-0.0005196502397882103,1,2465.949902968359,2467.134421412944,1
1565,1567,-0.0007454147328403958,2,2463.8414395741393,2464.468697305272,2
1570,1571,-0.0016261411632851224,1,2464.2816834731625,2462.7386952732104,1
1573,1582,-0.018256547030479194,9,2451.24753919501,2408.947470751545,9
1586,1590,-0.0031100486948093258,4,2415.5933150370765,2410.4962955154924,4
1597,1601,-0.004370998283445672,4,2366.810676109644,2358.8321613832377,4
1602,1603,-0.0031630531902939216,1,2356.9694273746954,2351.8711771353874,1
1604,1605,-0.0015969126130433917,1,2358.3327861365124,2356.9250675507137,1
1606,1611,0.005045816905830766,5,2357.1354044562204,2371.386213533814,5
1613,1619,0.004326021228025026,6,2375.457010334696,2388.1087447979994,6
1626,1628,-0.003888012483777747,2,2372.9920688124857,2366.1388380938497,2
1629,1631,-0.012851288599083605,2,2351.275903672322,2323.41025436183,2
1632,1634,-0.012978616042577194,2,2320.8411755286706,2293.040710191209,2
1637,1638,-0.0007972889954591228,1,2292.6708648870563,2293.135614501159,1
1643,1644,-0.019495474281983935,1,2245.104551045728,2203.5802775614966,1
1647,1649,0.0072735722481092,2,2145.870943650139,2163.6249619375467,2
1653,1654,-0.0026387656893684004,1,2176.5283812667813,2172.9615612336247,1
1656,1660,0.005474863407667891,4,2195.8767523270894,2210.0947543584807,4
1662,1665,-0.013526673619734496,3,2211.8746827117257,2184.167250473642,3
1668,1669,-0.008883605274406545,1,2132.3566625006742,2115.546004269268,1
1672,1674,-0.002094660331968562,2,2127.371641725573,2125.0428923780214,2
1676,1677,-0.008680041921328902,1,2108.2512444611566,2092.059786523001,1
1683,1688,0.0083174272595775,5,2106.9496437184735,2126.580993763413,5
1691,1692,-0.0017306684787391558,1,2134.432375722158,2132.8728132652177,1
1696,1701,-0.00025854954958516086,5,2156.202289783413,2157.8010069423585,5
1704,1705,-0.0038685562718988975,1,2155.4538359384032,2149.2707953185336,1
1707,1710,0.009029704805777458,3,2167.3933588058003,2189.131674392625,3
1717,1721,0.007420432487018022,4,2212.4281617313627,2231.057763699599,4
1722,1730,0.003160147939432507,8,2237.64041677095,2246.9493319399708,8
1734,1739,-0.0010222003430140991,5,2254.1031650517793,2254.053123188326,5
1744,1748,-0.0069793033972645495,4,2264.807691059676,2251.265718738372,4
1752,1758,0.005423146218214175,6,2248.349791543758,2262.791271004535,6
1760,1761,-0.0053901653364214425,1,2260.663651597033,2250.738964396484,1
1764,1765,-0.00010670646872792846,1,2235.0315407559506,2237.028079973497,1
1766,1777,-0.0017665077553697163,11,2237.868110331837,2236.1527670697733,11
1778,1780,-0.010943773115596828,2,2233.6735826227937,2211.4624393028903,2
1784,1793,-0.029788795513158748,9,2182.6469459391337,2119.8111693350716,9
1798,1802,0.011123586614005074,4,2136.3389157763813,2162.239005658666,4
1803,1806,0.0007946761665327646,3,2168.8251293886287,2172.71746815772,3
1807,1810,0.006453477711403498,3,2186.7725507396076,2203.0716112064542,3
1814,1816,-0.006544386875497886,2,2205.150006142331,2192.9238013897716,2
1820,1821,-0.007164596910709745,1,2181.716817333861,2168.267412581681,1
1822,1827,-0.029396164513153376,5,2159.2018209958005,2097.8887708697034,5
1830,1832,0.0071592323918652076,2,2107.213323160844,2124.406566363748,2
1833,1835,-0.004820546340521703,2,2133.3464348551183,2125.1958859403676,2
1836,1837,-0.004403436833578791,1,2119.6648919115923,2112.4507463436166,1
1839,1842,-0.01056800252982544,3,2103.2771275543887,2083.1529666770243,3
1848,1853,0.004654263251246539,5,2132.9422456093776,2145.002462565758,5
1858,1859,-0.0022535704037552006,1,2180.6048061286638,2177.8712644814145,1
1862,1863,-0.0032039707589746735,1,2180.6746975782744,2175.868554309976,1
1867,1872,-0.008041529683265856,5,2200.913636016778,2185.4158373184614,5
1875,1886,0.05130223050201252,11,2167.438541181507,2280.800411361328,11
1887,1888,-0.0045044181417459375,1,2291.946971916598,2283.915031368294,1
1892,1894,0.001255691746287433,2,2314.1510019651387,2319.3710132799342,2
1895,1896,-0.0017406592249774057,1,2316.7428191059885,2315.0269021651175,1
1898,1902,0.005007243308751635,4,2323.21775940561,2337.1738937455725,4
1906,1907,0.0003701729847174883,1,2321.8513082141667,2325.0326461512127,1
1908,1912,-0.004784402990120491,4,2331.0802033982654,2322.2584565063144,4
1913,1920,0.005691104397541932,7,2305.7278853409857,2321.155751334126,7
1921,1922,-0.004720763287988507,1,2325.0884454180937,2316.4373416890558,1
1923,1927,-0.00755245585879985,4,2313.112407677987,2297.9558407302347,4
1928,1931,-0.0007942755653165695,3,2305.4228940958355,2305.8971759174296,3
1935,1937,-0.0042210335695118594,2,2322.0025140251837,2314.5232659790177,2
1938,1942,-0.0077066811529744325,4,2304.0343107616727,2288.581887273881,4
1945,1947,0.0009918530833616843,2,2294.543370241583,2299.113763528506,2
1948,1951,-0.01101822346402203,3,2301.491011658198,2278.4341604029682,3
1952,1953,-0.006185591519788304,1,2277.8432111416646,2266.031246702561,1
1959,1963,0.01684953510256199,4,2334.1722270679666,2375.8361161704415,4
1964,1965,0.000991360489682062,1,2378.9158554303085,2383.6531344730906,1
1967,1974,0.019701566330713977,7,2392.412544881305,2441.9392318695977,7
1975,1976,-0.0030836589882670363,1,2444.6468708943657,2439.553060468688,1
1977,1979,-0.004807873176392791,2,2433.079475424275,2423.8146173537752,2
1985,1986,0.0005592997122983901,1,2414.411175092526,2418.1759657432176,1
1987,1988,0.0008832246178757646,1,2428.1435856660632,2432.7163254423267,1
1989,1990,-0.006942080117943688,1,2427.8743287468264,2413.447704969114,1
1991,1997,-0.012638461476182233,6,2409.2139433796806,2381.174399711775,6
672,677,0.00308736377166663,5,1980.8934530187785,1988.990085154179,5
679,682,-0.003539816196568789,3,1990.7627511407081,1985.7065796618351,3
686,687,-0.0038647244082190783,1,1998.4433575745604,1992.7183681096733,1
688,690,0.006049962842941557,2,2003.0820587311205,2017.2037128165377,2
696,697,-0.0024455375109114063,1,2018.0186168771552,2015.1014952687417,1
700,702,-0.00251803287630789,2,2024.5419125589874,2021.4685913762596,2
703,704,0.0013000793741820898,1,2023.756353483824,2028.411153730842,1
705,710,-0.010250272883662433,5,2025.1150412821528,2006.3821745294836,5
711,713,-0.0037479441236945004,2,2001.2226091566208,1995.7233612475843,2
717,719,-0.001482958555671762,2,2001.6582957366793,2000.691577737222,2
723,724,-0.0009933132274214129,1,2026.3763206972983,2026.3898706149134,1
727,733,0.003996150428833499,6,2036.286027987443,2046.4596192994002,6
741,751,-0.005314108817224224,10,2068.4592307726916,2059.5356725671463,10
759,763,0.009036672925241424,4,2053.2792257585666,2073.8873177716982,4
769,770,-0.0009252747840776736,1,2092.4673933873955,2092.623753465177,1
772,775,-0.0062947564163597595,3,2091.8475194057755,2080.7716963303556,3
778,780,-0.004108711389344474,2,2083.4604814515237,2076.9836041235862,2
781,786,-0.0016826289677547538,5,2074.597556533008,2073.1813761444855,5
788,792,-0.002119101841665064,4,2075.1257667759023,2072.803489708617,4
794,800,-0.003051704623653593,6,2075.017618224263,2070.7602949827897,6
804,805,-0.00020200384140466054,1,2071.3398792456005,2072.992800512384,1
806,808,0.004847492666960868,2,2076.5045292573946,2088.646874265138,2
809,810,-0.0017653231187891188,1,2090.4138805906778,2088.814038520024,1
811,816,-0.004270106168003029,5,2088.2437585168695,2081.4149797218497,5
819,820,-0.001775528075164594,1,2079.4180931533897,2077.805446042144,1
824,825,-0.0024242477713676356,1,2072.2711875358364,2069.319759915319,1
827,828,-0.0008547576663500492,1,2068.9951672208585,2069.295672907256,1
829,831,-0.004348664143013795,2,2066.042794862134,2059.1243114370473,2
837,838,-0.0019910404568959403,1,2072.3338199648483,2070.2800533090694,1
841,843,0.000591624178350488,2,2072.017032884961,2075.3149052924546,2
846,849,-0.00012200504629660263,3,2075.0435839891807,2076.865461784638,3
852,855,-0.00021976701185366047,3,2075.039123135389,2076.6581371109537,3
859,862,0.00035444734006260495,3,2066.214202887495,2069.0127812185956,3
863,864,-0.0001381675000771903,1,2069.180522467466,2070.9638094899356,1
866,867,-0.0009233413264647674,1,2066.68960805267,2066.8480377366323,1
869,870,0.0030809527550803104,1,2073.615213559095,2082.0775392778455,1
873,879,0.025695921310270577,6,2093.586345151095,2149.4765614775056,6
880,881,0.00505675888514695,1,2159.656119160754,2172.7366355493427,1
883,886,-0.005739858341138128,3,2183.670898560409,2173.320607837567,3
894,898,0.00036618066933546576,4,2165.6334605775073,2168.5921071482144,4
900,901,-0.0026798966407401165,1,2164.3929776845157,2160.757021192062,1
904,907,-0.003980316348285289,3,2168.9179957614224,2162.4539340005645,3
909,912,-3.527620195030966e-05,3,2161.599831650476,2163.6851784499295,3
914,925,-0.003339238342513742,11,2156.9979215617423,2151.9521893189026,11
926,931,-0.004853185168882275,5,2158.388950369073,2150.0722780768315,5
933,935,-0.002934160143417781,2,2145.704892049159,2141.554755167421,2
936,937,-0.0010494642747532483,1,2136.279505490329,2136.1738359739197,1
938,943,-0.005946331234098746,5,2139.990934710477,2129.4058307094306,5
946,947,-0.002948103165130996,1,2115.498014063813,2111.376805686787,1
949,954,0.001818743832142979,5,2111.0480126471275,2116.9985162121343,5
955,959,0.006970075734827754,4,2118.8231377865295,2135.7103186633935,4
960,962,0.00025368680860057206,2,2138.3696648608543,2141.050510701602,2
963,964,-0.004487966881400365,1,2141.7090999467314,2134.2388895365234,1
965,969,0.003622231676148579,4,2138.2806783071355,2148.1643069909032,4
972,975,-0.0031638271177664634,3,2146.060572746938,2141.4168686832586,3
977,985,-0.00847188186306046,8,2137.8479446123815,2121.874197329051,8
990,993,0.0023930694184038236,3,2130.943223923584,2138.173662209034,3
998,999,0.00011715101901298283,1,2137.846838272998,2140.2351360468683,1
1000,1004,-0.0038624731947209437,4,2145.358376914287,2139.2173460673,4
1009,1016,-0.004934470212414719,7,2142.6952601400003,2134.2648894646973,7
1017,1022,0.0037786196650794494,5,2138.148900690214,2148.36630107392,5
1028,1029,-0.003051748965702496,1,2144.427725503377,2140.027898135552,1
1030,1034,1.1576247492820846e-05,4,2146.169763779639,2148.340778135766,4
1038,1047,-0.008222024474702572,9,2151.3907062342855,2135.853309899214,9
1049,1052,-0.002635550222992742,3,2142.8047964384714,2139.3001315758265,3
1054,1055,0.0018774802607728828,1,2141.758156501921,2147.9210233206045,1
1056,1066,-0.004934073575521948,10,2146.9967545006884,2138.550311302076,10
1067,1072,0.005667544443688573,5,2142.9311926225046,2157.2192815890817,5
1074,1076,-0.0030874759525026385,2,2156.3670071540805,2151.8656428818763,2
1079,1081,0.0023675412548234396,2,2148.507779892646,2155.7429684777435,2
1088,1092,-0.005193796355004788,4,2182.1357025984867,2172.9842698428033,4
1093,1094,-0.009147230514877053,1,2173.916480746896,2156.2050820581608,1
1099,1101,0.0010579835369203248,2,2139.630565392907,2144.0338898715772,2
1104,1107,-0.0006275921493469216,3,2151.969001666834,2152.770411817417,3
1109,1110,-0.0023407323738162443,1,2158.1326581978974,2155.2391798760614,1
1113,1116,-0.011054736838661386,3,2147.936693115956,2126.3397549205706,3
1118,1119,-0.005522929812969493,1,2133.4266580509748,2123.777319015492,1
1120,1130,0.004171985400645868,10,2121.864298170461,2132.8385493427504,10
1132,1133,0.000308531231031309,1,2136.796431992896,2139.592496858515,1
1136,1137,-0.0028922839683484915,1,2146.442336108294,2142.380657686692,1
1138,1143,-0.0013667243970480747,5,2146.3915847190638,2145.6044505593286,5
1144,1153,0.004307368417995855,9,2143.5407453667062,2154.917305821353,9
1163,1166,-0.004092583129940508,3,2172.086742069293,2165.369383254002,3
1178,1179,-0.006863021874962019,1,2173.991981058389,2161.2458185174514,1
1180,1184,0.005657575057796087,4,2162.2036109036503,2176.598643733479,4
1185,1186,0.004705422879858348,1,2194.7419121314024,2207.263842852261,1
1188,1193,0.0021883756975529817,5,2208.235649298037,2215.276334176729,5
1197,1198,0.0006459293306508881,1,2220.8691373189977,2224.5245309716483,1
1200,1202,-0.0035756981432163945,2,2227.903398925375,2222.1649922774973,2
1204,1207,0.0012215130803488817,3,2225.629057631715,2230.5733216952485,3
1212,1218,0.008819066913558295,6,2258.6263403530393,2280.803943521691,6
1223,1224,-0.0016178480348248605,1,2304.443031081162,2303.019235483043,1
1225,1226,-0.00370172155194859,1,2300.410194693734,2294.1951268924076,1
1227,1232,0.007087157637790507,5,2279.814052523569,2298.251268151177,5
1235,1239,-0.007398649513993372,4,2297.4599177515815,2282.759276965441,4
1243,1244,0.00036127152956259823,1,2286.8314081975973,2289.944406686486,1
1246,1258,-0.0021340006878071346,12,2296.6826928554688,2294.078253102096,12
1264,1272,0.012262341929662263,8,2351.5581257043177,2382.745293634884,8
1274,1277,-0.00024487290793971444,3,2383.8295762959215,2385.629670591837,3
1279,1281,-0.003925777505477499,2,2378.9142592404423,2371.954085413297,2
1282,1284,-0.008311649550685644,2,2362.924769158452,2345.6478913317305,2
1287,1289,0.0012871200475033985,2,2347.2960430657004,2352.6645909032213,2
1290,1292,0.002169454593871127,2,2365.8424523364524,2373.3408825653855,2
1293,1296,-0.0023295368214602094,3,2381.536652364276,2378.3703116933007,3
1300,1306,-0.01768339358986158,6,2372.9007864527466,2333.3127486826634,6
1307,1312,0.008685139562786055,5,2337.343567193687,2359.981065848138,5
1316,1318,-0.011761925384238377,2,2365.9980427102278,2340.5353483153262,2
1319,1321,0.0025302577218690413,2,2335.9447603098015,2344.1912473377447,2
1322,1327,-0.004256743414727174,5,2339.7652628874257,2332.1452477755097,5
1328,1332,0.017294943520026276,4,2345.416361550505,2388.325621416017,4
1338,1341,0.001816698644907628,3,2429.684833007647,2436.528522984332,3
1345,1347,-0.008236916899479122,2,2440.9833386248097,2423.318145050169,2
1351,1352,-0.0014618474444092265,1,2419.3674579168005,2418.250079239275,1
1356,1363,0.006514121349386534,7,2436.7488919410434,2455.0589188130716,7
1364,1365,-0.0030688924120871822,1,2459.4977977634885,2454.4093614321505,1
1368,1369,-0.0040075113391891005,1,2471.4158853827425,2463.983074083602,1
1370,1373,-0.0008971257378763106,3,2470.036515622683,2470.2906188066463,3
1376,1380,-0.013803028329364642,4,2471.6899308874463,2440.044814680889,4
1388,1390,0.0001043802751102222,2,2423.685879497549,2426.3625503759295,2
1391,1392,-0.0001674001410411442,1,2431.9444719587314,2433.96930858308,1
1394,1397,-0.00012475642749015846,3,2444.0253120295124,2446.1644294749176,3
1402,1404,-0.00613589743639643,2,2466.5757050357406,2453.90762519557,2
1405,1406,-0.002024705624136728,1,2459.109391626971,2456.5895284030034,1
1407,1410,-0.004866416713285122,3,2468.705195358103,2459.1601523305967,3
1411,1414,-0.005067527945387379,3,2455.121627486889,2445.135351657761,3
1416,1418,0.0007258318911728559,2,2455.0544258361647,2459.291437058838,2
1421,1425,0.007138803111150254,4,2467.32713173002,2487.4082214659697,4
1428,1433,0.007364888817947004,5,2498.157601471045,2519.0544120570594,5
1437,1439,-0.0029582988747076052,2,2523.174891050988,2518.2337605011526,2
1440,1441,-0.0023881982915601027,1,2524.312871516277,2520.808624700675,1
1443,1445,-0.007916250805709988,2,2526.6333942197193,2509.1585639712134,2
1450,1452,-0.002321257097876762,2,2501.637781537533,2498.33247486236,2
1453,1455,-0.001926538532671088,2,2495.9418868049784,2493.629300471546,2
1456,1460,-0.0192181073321568,4,2485.414385928093,2440.1348398803684,4
1461,1462,-0.0062663554738027075,1,2440.744186484448,2427.8903599778037,1
1463,1465,-0.008827526441953882,2,2425.5875112370754,2406.601160855594,2
1469,1475,-0.00405956110533835,6,2420.6486071601826,2413.242484832024,6
1476,1481,-0.007384460301203183,5,2402.204236982546,2386.8674593961487,5
1484,1486,0.0016770467086843054,2,2368.578493696582,2374.919288957393,2
1489,1495,-0.010828781940874468,6,2387.778096559618,2364.309146325337,6
1499,1500,-0.00025488051749815487,1,2407.583655796367,2409.377593284054,1
1503,1504,-0.0020097322794610595,1,2417.506195175162,2415.0651611340963,1
1505,1508,0.001055769795466773,3,2413.823453925016,2418.7857192731844,3
1512,1516,0.0016668468398005009,4,2417.4676462133552,2423.9146621659793,4
1521,1525,-0.0003980133367427703,4,2445.885022711557,2447.35741287509,4
1527,1528,-0.003970971375361165,1,2446.199906089319,2438.9323161899165,1
1529,1532,-0.004892221828757582,3,2436.9451543456476,2427.4600232204184,3
1534,1537,0.006201445329046059,3,2431.802358323185,2449.314850057695,3
1544,1546,-0.0008468985566633746,2,2485.6334848204106,2486.0140388945424,2
1549,1550,-0.002920370192142031,1,2478.9491695413913,2474.1886694483687,1
1552,1556,-0.0005460129044914908,4,2474.365498849054,2475.488828855103,4
1559,1560,-0.0027923744986653124,1,2479.3628528907284,2474.918906140269,1
1562,1563,-0.0029478863545610414,1,2471.3597989133564,2466.5458708838423,1
1569,1575,-0.012786156441773194,6,2469.3176108552625,2440.2138471892968,6
1580,1590,-0.006768188912556125,10,2419.706592228473,2405.7492674915416,10
1593,1594,-0.005570658627369442,1,2401.497897777635,2390.521470692548,1
1603,1607,-0.006222676993601409,4,2357.0577563857014,2344.747605068836,4
1611,1612,0.0003124326292255511,1,2368.4109049483172,2371.519284699385,1
1614,1616,0.0026162190287275116,2,2374.5335654126716,2383.120398876269,2
1617,1619,0.00032597523007358957,2,2385.8806832389505,2389.0443019268364,2
1622,1627,-0.007947973028775177,5,2388.625811703754,2372.0297039882003,5
1628,1629,-0.008304411901539991,1,2366.7824985177713,2349.4945442672415,1
1631,1633,-0.015013432481095806,2,2324.5187471827676,2291.9442606680805,2
1634,1636,-0.006401718066183341,2,2293.87381618767,2281.482956553224,2
1641,1643,-0.015321968152194616,2,2274.9951972237322,2242.4127884626982,2
1646,1652,0.020812779165185976,6,2124.9720152935556,2171.323560595354,6
1653,1656,0.007511016835371123,3,2174.634731878287,2193.1430846920857,3
1657,1660,0.005420623592400635,3,2197.3956958228587,2211.5043464692985,3
1663,1664,-0.00989912649747467,1,2208.804707567556,2189.1482750666946,1
1666,1672,-0.02075682050926436,6,2168.6889596865803,2125.8425611696293,6
1673,1675,-0.005276822043425902,2,2128.0406462810106,2118.9393951356897,2
1676,1692,0.0087669479865057,16,2110.503851739565,2131.1170330848254,16
1697,1699,-0.005135352951362708,2,2168.8960184881344,2159.9268679368806,2
1701,1706,-0.0033419587110947867,5,2161.178741822351,2156.1173504417075,5
1709,1711,-0.001532036393989486,2,2189.3464897474437,2188.181677735845,2
1712,1713,0.0026133078976151645,1,2200.843154608954,2208.795478560915,1
1720,1725,0.005112182395220552,5,2224.4106627870206,2238.0066664798483,5
1728,1734,0.011489052691474613,6,2225.0898739950885,2252.87913867468,6
1738,1744,0.006541537687846221,6,2249.140230025197,2266.102205835183,6
1745,1746,-0.002061286890454284,1,2262.105774289943,2259.705031086868,1
1749,1751,-0.004067315501570149,2,2250.5098388115334,2243.6068150965107,2
1752,1754,0.001732769918261371,2,2247.6642161150726,2253.8065652712244,2
1755,1756,-0.001573997124122374,1,2262.3054618816905,2261.006905052684,1
1758,1760,-0.0024940134305034773,2,2260.7646249562085,2257.387012243317,2
1765,1766,-0.0013456958792840343,1,2237.0019248880085,2236.2286025406243,1
1769,1771,0.0005490100693573219,2,2220.2627994701397,2223.7020089031384,2
1772,1774,0.0014465845507968976,2,2231.045048905943,2236.5034892547283,2
1776,1778,-0.007705090613056525,2,2244.2831058437223,2229.234984257688,2
1782,1783,-0.006424199983631896,1,2215.6306693136444,2203.612645473419,1
1789,1790,-0.011165144322411745,1,2133.913998541133,2112.2224547743476,1
1799,1800,0.0029652620873423423,1,2146.9280710338194,2155.441203518141,1
1803,1804,-0.0028462426527449134,1,2171.341785297052,2167.3329614793493,1
1806,1809,0.0077617128726679965,3,2175.9336278805135,2194.9985335579854,3
1810,1811,0.0004293082944855531,1,2200.9728301426176,2204.1186988646778,1
1812,1814,-0.0014932084040637154,2,2204.7357363466385,2203.6483421527328,2
1816,1818,-0.0017643599859188182,2,2191.8356078263537,2190.160256392019,2
1820,1824,-0.019434594245944594,4,2179.946232484605,2139.7598082107756,4
1826,1830,0.0043275577924122245,4,2096.6846293019366,2107.854837837005,4
1832,1833,-0.0006180530098684975,1,2124.442536391319,2125.253960823801,1
1839,1842,-0.010765210952113562,3,2102.7147633406357,2082.181310104491,3
1843,1846,0.016143285555303814,3,2083.616466608091,2119.3364986828865,3
1848,1850,0.0028216762715897745,2,2137.883198027198,2146.053495516529,2
1855,1856,0.0014858064159866558,1,2170.5686730076627,2175.964286541365,1
1860,1864,-0.005093916704971197,4,2184.297839419874,2175.3555060064405,4
1866,1867,0.00374974711278108,1,2189.6065340796995,2200.006611393071,1
1869,1872,-0.01406706450049552,3,2215.5291586276135,2186.578696209098,3
1873,1878,0.008369729062751328,5,2179.391378651646,2199.811685391308,5
1882,1888,0.009606743484815616,6,2257.38112051914,2281.324583011952,6
1889,1892,0.007168125196554101,3,2289.758311731872,2308.461344291948,3
1894,1904,0.0001969185937973285,10,2322.7057540719475,2325.485843776916,10
1909,1910,0.0032658691225538293,1,2331.684023519722,2341.6306823992068,1
1915,1917,0.0006204532058319281,2,2310.3344996224137,2314.078288568871,2
1921,1922,-0.0017325431853503063,1,2322.926589391188,2321.2249453480604,1
1926,1930,0.0051438205132275745,4,2297.203929268019,2311.3175378917226,4
1931,1939,-0.006372041022966858,8,2306.200665808056,2293.8116612241415,8
1940,1944,-0.00022253069001190197,4,2290.8642670462664,2292.6453437072432,4
1945,1953,-0.013060924116378565,8,2297.991170450156,2270.2752733232487,8
1957,1959,0.021589320476635643,2,2278.894117854687,2330.3727874152264,2
1963,1965,0.0006297454519573096,2,2374.727158341465,2378.5973591274114,2
1967,1971,0.014103904758528407,4,2390.9027259348086,2427.014692994234,4
1972,1975,0.0046100579440734885,3,2430.5339084630727,2444.169344524586,3
1978,1983,-0.004885724177787917,5,2430.2873229971924,2420.8438967872507,5
1986,1990,-0.0009220981467422011,4,2415.4732713644653,2415.6614412087993,4
1992,1993,-0.0027390379988652706,1,2397.2039471411535,2393.0351183860453,1
1999,2000,-0.002283343217505132,1,2374.063909265074,2371.017170449195,1
672,674,0.0002497159193952977,2,1978.6333865317,1981.1061161734956,2
675,676,-0.0016057283193033694,1,1986.5605060144646,1985.357190057962,1
677,680,-0.0023795652671169953,3,1991.1330485552464,1988.3861505592508,3
682,691,0.01382711815295861,9,1986.4522953361686,2015.9056582243338,9
693,699,0.0003764655584428988,6,2016.0494811143426,2018.8245037892132,6
700,706,-0.0042487013536599665,6,2022.4830234960496,2015.9125801598636,6
708,710,-0.008907146724005836,2,2019.1846036481136,2003.2186147242144,2
711,712,-0.003457397446554284,1,1998.6085561629054,1993.6971806003291,1
714,715,-0.0028192044830274436,1,1997.2232007159157,1993.589843315567,1
719,720,0.0008729174425952542,1,2000.274285702294,2004.0206343019606,1
722,723,0.003495921017613233,1,2020.7297155803894,2029.814756779583,1
724,726,-0.0015101730285032033,2,2030.8469497342478,2029.8108663954754,2
728,736,0.013189578498703537,8,2039.4613183147364,2068.400414786033,8
738,739,-0.0008190587560362192,1,2070.1432530931693,2070.517827388567,1
742,743,-0.0022508434685677217,1,2065.0801225295995,2062.4970305462643,1
747,750,-0.0045830294612212615,3,2070.6106665303655,2063.191607509468,3
751,752,-0.004451789408100079,1,2064.9436842375667,2057.8159334999923,1
753,754,-0.004545163614217038,1,2062.6778432469764,2055.3653128092456,1
756,761,0.004795208162184243,5,2053.0016768608034,2064.899248935525,5
762,767,0.005481874012176004,5,2073.0482871892737,2086.485525007992,5
770,772,-0.004430931528067718,2,2094.2694539646277,2087.0841588667513,2
775,777,-0.0025314972164445586,2,2083.866718642789,2080.675282563746,2
778,781,-0.004148446022821951,3,2085.4850970469943,2078.919059787542,3
786,787,-0.0033639594357591437,1,2079.4264609563593,2074.5107811530142,1
794,797,-0.0023445766307103166,3,2076.4637871976765,2073.6718225148943,3
801,805,-0.002182401018978624,4,2075.4331125651265,2072.9791183380075,4
806,807,-0.0007369795719385196,1,2077.9261521479025,2078.4726891739206,1
809,812,-0.005006569501729589,3,2090.515011241561,2082.1392175546125,3
814,815,0.0009056442053410826,1,2084.8391253093687,2088.812086907583,1
823,850,-0.0028031681571410953,27,2080.951731640044,2077.199425741003,27
851,852,-0.0030031069533458634,1,2074.9742844992643,2070.81788908197,1
854,855,-0.0025261023761206022,1,2077.05504159716,2073.8852429628455,1
856,857,-0.004700484304586122,1,2075.5003357629225,2067.8199793462686,1
867,871,0.01166265218233931,4,2066.2927983603317,2092.457545372841,4
875,878,0.015233900992695785,3,2107.441217175237,2141.653209242786,3
881,886,0.0005932341122621295,5,2169.502265628931,2172.958790645161,5
892,900,-0.004956466476061506,8,2168.8391541769947,2160.258214771524,8
904,908,-0.007350971639145389,4,2172.663690567575,2158.8651650873794,4
909,911,-0.0022066990959673516,2,2166.661757436326,2164.0472486523604,2
912,924,-0.005775946203958963,12,2166.500489761083,2156.1533999711332,12
926,927,-0.0029466115844580423,1,2159.1290311674725,2154.926045583062,1
936,943,-0.006157466533410162,7,2140.7406231471577,2129.6998250265647,7
944,948,-0.013487897637355233,4,2130.0626093143583,2103.4626054880828,4
951,956,-0.0002255269419156981,5,2116.61694442874,2118.256207226485,5
959,960,3.921603021882821e-05,1,2135.751593236109,2137.9711005283652,1
962,964,-0.00225689159891408,2,2138.582854624871,2135.894887801311,2
966,968,-0.0004886777153217666,2,2147.6467055450266,2148.7448451651876,2
969,971,-0.00225604884665785,2,2149.737374520149,2147.0371993702656,2
972,981,-0.01339328028998843,9,2150.1031370419246,2123.4563062121806,9
982,985,-0.004769396372704128,3,2127.519938997182,2119.5004730562705,3
986,988,-0.0014650375729605293,2,2125.3905569581893,2124.4021704919883,2
990,995,0.0033134932628054396,5,2131.1174816545504,2140.310042553914,5
1001,1002,-2.9190515515249205e-05,1,2144.1740340137685,2146.255618502375,1
1007,1012,-0.003777714143260552,5,2145.4782861176104,2139.518760738203,5
1013,1019,0.00017957449486467577,6,2137.279574503264,2139.8006549777433,6
1022,1028,-0.004208980341400383,6,2147.1030407092135,2140.2130292606166,6
1029,1036,0.002073111797890135,7,2143.1957288311983,2149.782008910657,7
1037,1040,-0.0049460355676946505,3,2151.3470288241083,2142.857736929914,3
1042,1044,-0.00328514217341681,2,2145.885200263026,2140.981547492594,2
1045,1048,-0.0021900279859833347,3,2139.016238583298,2136.4707493969113,3
1052,1053,-0.0006189013948304796,1,2143.044548752407,2143.8612600407528,1
1054,1055,0.0013885814718392134,1,2143.3951033248213,2148.514777155454,1
1057,1068,-0.0014393592227060553,11,2143.608441973105,2142.6666278342536,11
1071,1072,-0.0008246455344705817,1,2155.028741637003,2155.406635550193,1
1073,1077,-0.003242586780970012,4,2156.332987613926,2151.4972237605334,4
1080,1081,0.0011904919747992527,1,2152.938355009708,2157.6543491985944,1
1084,1085,-0.0015436670449126967,1,2189.3440424533023,2188.1537682474445,1
1092,1096,-0.013723989890114387,4,2177.202255835932,2149.4995563439415,4
1097,1098,-0.007466163108704222,1,2148.0350524174005,2134.1455074052556,1
1099,1104,0.0037260598196815443,5,2141.6128470142476,2151.7342374398354,5
1107,1115,-0.01031406897433956,8,2154.0751289155373,2134.0119245889086,8
1118,1122,-0.003034579541509541,4,2132.6120049075607,2128.273036152398,4
1129,1130,0.00012988996600642438,1,2130.1790336650806,2132.585901581016,1
1131,1133,0.0007741046699862746,2,2134.316887047067,2138.103388603608,2
1134,1138,0.004270410897791026,4,2138.310791502445,2149.580568000844,4
1140,1148,-0.0020724267634551936,8,2149.740702764846,2147.435263300712,8
1149,1154,0.0037152116585464964,5,2144.826580778364,2154.9398920776107,5
1157,1158,-0.002577314852871472,1,2161.748682382032,2158.3389240771353,1
1162,1175,-0.0026846838652576583,13,2170.8726536760387,2167.2154195428616,13
1178,1179,-0.0039720813374598,1,2170.2291144096334,2163.7790169606847,1
1181,1183,0.0021419687504964273,2,2159.1801009713236,2165.964177375269,2
1188,1191,-0.0008823281280024008,3,2212.047452890173,2212.3077486549023,3
1193,1196,-0.004168622920503799,3,2220.58215828238,2213.5459707587847,3
1199,1202,-0.0014928540006831107,3,2226.712567562233,2225.6151233649384,3
1204,1209,0.0069351807619150675,5,2226.9008606040934,2244.571721471851,5
1210,1211,0.004187167086811483,1,2248.3522170069764,2260.0147956265946,1
1213,1214,2.8303926512209757e-05,1,2266.3570834520224,2268.687587339815,1
1217,1224,0.00855112620960653,7,2285.414146562297,2307.2424255173337,7
1227,1232,0.006096369127451757,5,2280.3411043317606,2296.5232465445997,5
1238,1240,-0.006036588084738195,2,2284.9893816234435,2273.4808313302055,2
1241,1253,0.0041371891305421755,12,2278.502946727128,2290.208047298963,12
1254,1259,0.004091945473594335,5,2287.457451199055,2299.1050598137276,5
1266,1268,0.0006919958187407869,2,2367.9075467873013,2371.91403645563,2
1271,1272,0.0025966570106284565,1,2376.3288845433012,2384.875724485453,1
1274,1277,-0.0015323011155066013,3,2382.022448620864,2380.7544954143013,3
1281,1285,-0.017928720578894265,4,2375.42275159716,2335.2098835786237,4
1287,1289,0.003739247137258603,2,2339.122800826154,2350.208481863666,2
1291,1292,0.004146495278570584,1,2363.3381220130987,2375.501030499705,1
1293,1300,-0.005955051131319999,7,2383.959685175806,2372.1470430407544,7
1302,1303,-0.011165828626444982,1,2367.112720202842,2343.049057949782,1
1306,1311,0.0024285443405058092,5,2341.448756002041,2349.4765168830163,5
1312,1313,0.0031437830428597555,1,2360.2502315450906,2370.030596431473,1
1314,1315,-0.0008278164057967705,1,2370.4871288415497,2370.895287835406,1
1317,1322,-0.009933943677933592,5,2361.7790414254573,2340.6790404896383,5
1323,1328,0.0002674368922705745,5,2341.2965323683497,2344.2639779692186,5
1329,1331,0.0105177132911079,2,2348.4413271804096,2375.4900010678625,2
1334,1336,0.005979269705579815,2,2410.0843089681266,2426.904937373601,2
1337,1338,-0.0018618431568788586,1,2428.5755767196815,2426.4825254779225,1
1339,1342,0.000865639184915793,3,2426.912268368893,2431.440010995115,3
1351,1356,0.00889952031483832,5,2418.667209270732,2442.610854443741,5
1359,1360,-0.0010767419429600093,1,2468.6228304307137,2468.433383518271,1
1361,1365,-0.006539101157778382,4,2470.5895889508956,2456.9047432983425,4
1366,1375,0.0014068065721105387,9,2463.3058617308416,2469.234562467974,9
1377,1379,-0.006641505842383969,2,2459.0539463953833,2445.1811791900564,2
1383,1387,-0.014504637739710353,4,2454.2404178342413,2421.0967900652345,4
1390,1391,0.0017528699688369549,1,2429.58008390409,2436.268401953954,1
1395,1398,0.007099169310987494,3,2439.653051896508,2459.412215023885,3
1399,1408,0.0016700048274057209,9,2463.6801679673176,2470.258205908974,9
1411,1414,-0.0005199275329045756,3,2449.3962548045765,2450.572142507515,3
1421,1422,-4.6840620448297264e-05,1,2469.374022840432,2471.727729851924,1
1423,1432,0.012120095327061004,9,2484.00636399142,2516.5967642800138,9
1433,1435,-0.00014795254599904884,2,2524.3262484834618,2526.47709423655,2
1439,1441,0.003188363826759389,2,2515.692356725063,2526.228991591225,2
1446,1450,-0.0021773940836038227,4,2503.375736332208,2500.428276551213,4
1455,1463,-0.029896223562428485,8,2494.9596333789277,2422.8647220335756,8
1466,1469,0.003441948787015885,3,2412.0105915979398,2422.7246191195577,3
1470,1474,0.0010131796014113638,4,2429.6992496354487,2434.5906706023793,4
1476,1478,-0.010881985018856299,2,2403.530496974367,2379.778844610902,2
1481,1483,-0.013583639691080986,2,2390.66889594387,2360.585579936638,2
1484,1486,0.001178775402173007,2,2370.5207220811335,2375.6855543207453,2
1490,1493,-0.0012093594915401206,3,2391.127776323881,2390.6271710284223,3
1494,1495,-0.0025556503696578855,1,2373.802147478716,2370.109341290496,1
1501,1502,0.0005971867218508913,1,2407.579046906832,2411.424400192358,1
1503,1506,-0.002563121599127726,3,2421.6058263917776,2417.820562019971,3
1507,1510,-0.0001405369864263819,3,2424.755363880694,2426.8393514329136,3
1514,1531,-0.0002961090375865463,17,2424.0760624239306,2425.7823476564736,17
1535,1536,0.004135554651289232,1,2435.307885826449,2447.8145425668263,1
1538,1539,0.0016514531142058603,1,2454.625612907626,2461.1339376331794,1
1541,1551,-0.0006270768288678687,10,2475.042056328917,2475.9650568612487,10
1554,1556,-0.0019792707032564353,2,2477.081834693908,2474.6561010236237,2
1557,1563,-0.004731283066377512,6,2476.8017706633827,2467.5601221577326,6
1564,1567,-0.002188149331093208,3,2469.1799967468596,2466.246242185376,3
1574,1576,-0.002009789953639617,2,2441.5257051406297,2439.060277012026,2
1577,1578,-0.007086699339844256,1,2433.455253499541,2418.6435430145248,1
1582,1584,0.00019024729827837395,2,2405.3370023586267,2408.199948227133,2
1586,1589,-0.005924164653002941,3,2411.33318551234,2399.4593838736273,3
1594,1595,-0.004036164431607731,1,2393.4697311364066,2386.2027634706005,1
1596,1597,-0.0027325647587607437,1,2370.2582822210084,2366.1516562520715,1
1598,1601,-0.0038194062484594145,3,2358.1466584032055,2351.49808497972,3
1602,1603,-0.005670704236623008,1,2362.2237520623153,2351.1905035757063,1
1609,1612,0.00016168710159450623,3,2370.084703128075,2372.8379999573854,3
1616,1623,0.002227522234800568,7,2380.660313827766,2388.3439479241524,7
1624,1627,-0.00710874475329527,3,2387.922311690486,2373.33510379767,3
1628,1637,-0.03512031216906178,9,2365.139103202764,2284.439818678231,9
1643,1644,-0.020151460610864924,1,2241.551984270466,2198.622989736504,1
1650,1656,0.010254382950391234,6,2163.161836426436,2187.5068881172506,6
1657,1659,-0.0008963531465079565,2,2194.456180396183,2194.683628874407,2
1660,1664,-0.009907314691658464,4,2213.292553507235,2193.5780602284417,4
1668,1673,-0.0066458092203098345,5,2134.9205395353424,2122.867185468605,5
1674,1675,-0.0023733344091890875,1,2121.867259558277,2118.953226238994,1
1676,1678,-0.020040774526296504,2,2110.3344748324484,2070.1520719220935,2
1680,1688,0.021569916036733854,8,2081.73333266941,2128.717879198629,8
1690,1693,-0.0010270731961411197,3,2140.8325958496844,2140.7746366689116,3
1698,1702,-0.005153285026703016,4,2164.502223676076,2155.512429000217,4
1703,1705,-0.0020279189506716916,2,2150.818284275409,2148.607417401551,2
1707,1708,0.0042745493076826,1,2169.0749786509955,2180.5158715779507,1
1709,1712,0.003202718938017452,3,2186.0404043652784,2195.2277177719757,3
1713,1715,0.0021496815168115285,2,2208.459723131394,2215.415667901964,2
1722,1723,-0.0026837990821111787,1,2240.799274974097,2237.0262192117,1
1725,1732,0.005682651924935861,7,2242.8718820262056,2257.8602141260126,7
1733,1734,-0.0045648404964786695,1,2257.060539794374,2249.014478979111,1
1736,1737,0.000144894782394249,1,2243.556222227899,2246.124858040736,1
1738,1743,0.004144254649866158,5,2250.0020078866205,2261.5765911778994,5
1745,1746,-0.0031581359755881873,1,2264.6706188220246,2259.7831516866872,1
1748,1749,-0.004508162394043677,1,2255.903136190459,2247.9890616434704,1
1751,1752,-0.0023446864159717236,1,2247.8441649932392,2244.8215194793515,1
1762,1765,-0.008800968048911392,3,2253.5780814829436,2235.997990873568,3
1768,1777,0.010486576886363813,9,2214.1928715520635,2239.626368212385,9
1780,1784,-0.013721627473210596,4,2214.985265108365,2186.807047707006,4
1786,1794,-0.014332061109362266,8,2146.6308013243092,2118.0117883018142,8
1796,1799,0.007693464628772267,3,2126.2244419131293,2144.708698891732,3
1801,1802,0.0014359741164612148,1,2160.9139864311146,2166.17791696996,1
1803,1805,0.0005000109774346367,2,2166.814782059222,2170.0650280183786,2
1807,1813,0.00743097074355492,6,2176.7176998518244,2195.0695430962533,6
1816,1819,-0.005984402149383175,3,2193.9095225227397,2182.974195183125,3
1820,1822,-0.009848504821486845,2,2180.6594757060157,2161.36389982121,2
1825,1826,-0.010272445331752866,1,2114.37861189668,2094.7731518072405,1
1828,1833,0.008910304542678167,5,2111.312167301866,2132.2359138644892,5
1834,1835,-0.0038836392023989144,1,2132.4484339026653,2126.2992220015694,1
1845,1846,0.008004297687827719,1,2100.9736464641996,2119.891438611244,1
1847,1850,0.006527526584048943,3,2129.954512556684,2145.9878017727697,3
1853,1862,0.010679061180043446,9,2151.115468123576,2176.2384772811292,9
1864,1870,0.012940553810792139,6,2177.177156788966,2207.52821209881,6
1878,1879,0.0039593645728498925,1,2203.99691986467,2214.927344107717,1
1883,1895,0.022130982298066926,12,2264.622965792763,2317.005919526311,12
1897,1898,0.0015511175174787238,1,2316.0980912367604,2322.0067296495135,1
1900,1903,-0.0010167424758060057,3,2327.026809847014,2326.9878496569504,3
1904,1905,-0.0036372915740327397,1,2324.6782296151696,2318.547375307868,1
1910,1915,-0.013481307110902029,5,2344.6658205263307,2315.4013263479064,5
1916,1920,0.0012246352830260908,4,2312.858489335349,2318.003755935371,4
1923,1928,-0.008377981309755611,5,2320.3776479039693,2303.257944986159,5
1929,1931,-0.0018047468751722605,2,2309.8457496248393,2307.986908475699,2
1932,1933,-0.001494823424146205,1,2305.2115214405558,2304.0708487821353,1
1936,1938,-0.009945843563595846,2,2323.6949352004226,2302.9075238205996,2
1939,1940,-0.0015343236572504726,1,2291.697508096879,2290.472999903041,1
1941,1942,-0.002094216292303262,1,2294.5671141125904,2292.056361392545,1
1944,1945,-0.002451988135681262,1,2297.865936743267,2294.5294626657296,1
1947,1954,-0.017999596206526074,7,2302.2422690556673,2263.1050801121246,7
1955,1958,0.018245870606895927,3,2253.425361447781,2296.794494376503,3
1960,1961,0.004738804399816577,1,2350.897449590116,2364.3887902173415,1
1965,1971,0.016296109553340266,6,2387.140411375782,2428.4286534501434,6
1973,1975,-0.0010239664636775873,2,2441.8302892603806,2441.771767223446,2
1976,1977,-0.0035593779632616123,1,2439.8005770040522,2433.556205172515,1
1978,1979,-0.002192304015296356,1,2427.014056816077,2424.1203182109543,1
1981,1984,-0.006146386430725409,3,2419.003135243479,2406.5540103323797,3
1991,1992,-0.004119275696505786,1,2405.627406014163,2398.123590911735,1
1997,1999,-0.00595578740135345,2,2380.5130001107423,2368.7156837760353,2
675,677,-0.002260981956343832,2,1988.421839169114,1985.9144751083218,2
680,683,0.0016340680482939706,3,1988.2895147648305,1993.5268046464305,3
685,688,0.005217291479728545,3,1993.0293507148986,2005.4205951159472,3
691,692,-0.0039776135315565024,1,2019.749426048036,2013.7353928266818,1
695,696,0.0004288991222115403,1,2014.600583112102,2017.4792441169177,1
698,699,-0.0014991294571927035,1,2018.9403397474455,2017.9326271515629,1
700,706,-0.0020623250403553513,6,2017.3795611946828,2015.2364483709246,6
711,714,-0.0056716156584462624,3,2004.3510614800525,1994.987503676219,3
715,716,-0.0027909849800498055,1,1999.0804865337368,1995.5001634084442,1
718,724,0.011326912304006564,6,2002.7444604912948,2027.432115823106,6
730,732,-0.0014920080569519713,2,2047.2936134902002,2046.2863285374167,2
733,734,0.0014517795690744953,1,2050.0133155889034,2055.039496352395,1
735,737,0.0012887053975640392,2,2061.424899532524,2066.142893826757,2
740,746,-0.0023308940313391236,6,2070.3649741517165,2067.6095377649244,6
747,750,-0.0037811201470782825,3,2067.6144527987713,2061.8641685877024,3
751,755,-0.003866219470267108,4,2060.8445183789445,2054.9376856951735,4
756,761,0.005305794816169962,5,2055.1484162861216,2068.1077605159985,5
763,766,-0.00013177235945579667,3,2076.682299514373,2078.4853324874402,3
767,768,-0.0034159397769494104,1,2087.2969536586234,2082.254169921974,1
769,771,-0.0031398934173311253,2,2092.1298479415673,2087.652913051755,2
772,775,-0.004742683679639507,3,2091.583747854642,2083.755611496947,3
779,781,-0.003706336699141296,2,2081.4145885358184,2075.781579848736,2
782,783,-0.001773990839964804,1,2076.991494215578,2075.38392182437,1
785,787,-0.003160086125496773,2,2078.73475499991,2074.2445088970467,2
788,790,-0.0020394891871861514,2,2076.5360499810704,2074.377513210313,2
794,802,-0.004287090681933419,8,2078.4643828937046,2071.6322819879642,8
805,808,0.008290033610366714,3,2072.642375089395,2091.897292416246,3
812,813,-0.0010589494729849422,1,2083.024638242378,2082.901845037739,1
816,817,-0.0014220174339527737,1,2082.9886177351627,2082.1095602237533,1
819,821,-0.0021065054359354117,2,2082.3557803456,2080.051642355096,2
823,827,-0.004173645931744973,4,2072.2156539326547,2065.639175152853,4
830,831,-0.0026069492384368123,1,2063.2961451113497,2059.9805329422934,1
833,836,-7.227196041186261e-05,3,2062.561615194645,2064.4751114384394,3
837,841,-0.0025439357747823917,4,2076.856061924834,2073.6495295517548,4
846,849,-0.0023340401550302863,3,2078.515460008274,2075.742636921772,3
853,859,-0.005989798583169361,6,2077.0890989439067,2066.72484270088,6
861,866,-0.0007244919207492588,5,2068.686679758154,2069.2566196518655,5
870,871,-0.0025000724856436528,1,2088.290170139221,2085.157583512955,1
874,876,0.008620985853018879,2,2101.7328758355166,2121.9536181007547,2
877,881,0.015544884410973892,4,2131.2999169951363,2166.562027766939,4
884,886,-0.007252525822799246,2,2183.27448569265,2169.623505592598,2
887,891,-0.003384958513028622,4,2172.6923204077048,2167.5105393619565,4
892,897,-0.004167672428245693,5,2172.912287340329,2166.0292129987247,5
898,911,-0.003184959578668198,13,2168.352029987341,2163.6142684494957,13
912,920,-0.0030858304767248305,8,2161.518509031968,2157.009947849824,8
921,923,0.0009166547193486848,2,2155.784162774665,2159.9160566641444,2
926,929,-0.0034808118888022426,3,2158.8377657968495,2153.4820954014654,3
930,932,-0.004058767443778182,2,2154.4876568499944,2147.8975801471997,2
933,935,-0.004199545645502557,2,2148.6080004187847,2141.733431047153,2
941,943,-0.003924686601206368,2,2136.4285735054473,2130.1801894820815,2
950,959,0.0050200968755962595,9,2117.156333692917,2129.9018199225306,9
965,966,-0.002200596773528984,1,2145.2048961835117,2142.629370106595,1
968,969,-0.0011000000938990334,1,2149.9141016579274,2149.6991100458868,1
971,983,-0.014022187232869191,12,2150.0601063636054,2122.061621096616,12
984,985,-0.000205458005126181,1,2117.240214585144,2118.9224508488674,1
988,991,0.0016876344833012644,3,2126.212941745973,2131.9274249670507,3
992,993,-6.94187588724457e-06,1,2136.2501780535636,2138.371598648017,1
995,997,-0.004391724175195916,2,2145.1922217994697,2137.9163214803502,2
998,1004,0.0009255911279140991,6,2138.498052418492,2142.6159252952907,6
1005,1006,-0.002641141533260771,1,2147.3293778502275,2143.8053064226465,1
1007,1017,-0.008409300610874453,10,2146.2064080129235,2130.3045195629707,10
1018,1019,-7.073447548008112e-05,1,2138.9875653836234,2140.975252785511,1
1020,1023,-0.000580528721110992,3,2147.8974206322164,2148.7984019101714,3
1025,1026,-0.003455879418821599,1,2150.572862074134,2145.2913144434897,1
1028,1037,0.0018858457944852568,9,2142.9934027555482,2149.1777512545,9
1041,1042,-0.0008797461187605197,1,2145.5371629169995,2145.795172088184,1
1044,1046,-0.0020069034110148367,2,2140.6571002048986,2138.501665268889,2
1049,1055,0.0009039678564742362,6,2141.222974109334,2145.299793825582,6
1059,1060,-0.0010709823950663503,1,2142.0866330182275,2141.9345825785763,1
1065,1068,-0.0018247848427710282,3,2141.1535350163604,2139.3875440346333,3
1070,1071,-0.0021644100844855417,1,2150.7851690621496,2148.2807731217317,1
1072,1076,-0.0024649087018063422,4,2158.7145635799425,2155.552243831038,4
1084,1088,-0.004108919868057864,4,2189.197900500745,2182.391859652768,4
1092,1093,-0.005280565653553477,1,2176.2861879869797,2166.97045207838,1
1096,1100,-0.001592932955942684,4,2145.752323888806,2144.480036620682,4
1103,1106,0.002199494069488011,3,2148.4456421388963,2155.319581229537,3
1108,1110,-0.004690584594719653,2,2156.9100264973968,2148.949767581409,2
1121,1124,-0.0006445697105503657,3,2125.95859313441,2126.7142232125257,3
1125,1132,0.0018214219820611977,7,2129.6788757290506,2135.687598523764,7
1133,1136,0.0015527651142891938,3,2138.6193008240225,2144.0786935679116,3
1137,1139,-0.0007872440708683481,2,2147.075931936443,2147.5327350712582,2
1140,1142,-0.0032085659951334436,2,2149.0716676402253,2144.3253010339704,2
1145,1147,-0.0016486026703975039,2,2147.561136717954,2146.168222829837,2
1148,1150,-0.0003996166108924425,2,2145.6651192652484,2146.953340961443,2
1151,1158,0.0076001399176200924,7,2144.25016227806,2162.691013692031,7
1165,1169,-0.0032102749671348916,4,2168.88580675373,2164.091972748488,4
1172,1174,-0.0005507968831161616,2,2167.5139625613915,2168.4876165892633,2
1175,1176,0.0006157971878267047,1,2172.105071973265,2175.6147532402233,1
1177,1187,0.010658445947458628,10,2183.31466466,2208.768720664232,10
1189,1191,0.0012506188129183192,2,2206.028401435855,2210.9933304579586,2
1192,1194,-0.0034656103036778568,2,2215.475030428624,2210.012532366058,2
1197,1198,-3.149317289487545e-05,1,2221.3570183178485,2223.5084177555273,1
1199,1206,-0.0007148187675469566,7,2227.6023753299114,2228.2376457207233,7
1207,1209,0.004331100996018732,2,2232.9280106135775,2244.8319753549977,2
1212,1214,0.003167027886216209,2,2257.8217183255697,2267.230124387937,2
1216,1217,-0.0005975794518607886,1,2286.256055292488,2287.1760917074453,1
1220,1221,0.001114093205539072,1,2284.3107766866337,2289.1400225789666,1
1224,1225,-0.002764340173832306,1,2303.870658787245,2299.805847228633,1
1226,1231,0.0009721906971213671,5,2290.6454624359744,2295.163052107394,5
1232,1235,-0.003295432103411264,3,2299.164254063735,2293.8866786239414,3
1238,1240,-0.006011303520011141,2,2287.8071425204535,2276.342246534034,2
1243,1248,0.004238872483607661,5,2287.4398078303834,2299.423413297535,5
1250,1258,-0.004146944727885826,8,2300.526110176999,2293.2864816632136,8
1259,1266,0.02574200266711984,7,2304.776520940041,2366.4108608101346,7
1270,1271,-0.001767668048702912,1,2376.47104526504,2374.6467043749226,1
1275,1279,-0.007441760795760861,4,2388.4505301903955,2373.064703202401,4
1280,1281,-0.002155561347665211,1,2379.7639681726114,2377.0140049144247,1
1284,1288,0.0019575457667013996,4,2344.5113185875607,2351.445318112833,4
1291,1293,0.005092376814775027,2,2364.6277874812827,2379.0339909893064,2
1298,1300,-0.0049197888145840205,2,2380.7893452717035,2371.4571538262267,2
1301,1302,-0.004526408112524079,1,2368.3794985137038,2360.0276258366093,1
1310,1311,0.0015357005720459524,1,2346.651202282274,2352.6016070782935,1
1313,1320,-0.01556989676837292,7,2367.1826586953307,2332.693051726257,7
1322,1327,-0.00338023076817672,5,2339.4696173357625,2333.9011397713653,5
1329,1332,0.013783922619887673,3,2353.8719805896853,2388.671441807845,3
1334,1336,0.006599246051358591,2,2409.923086322708,2428.236684820524,2
1338,1341,0.0005339395153868534,3,2430.571476199652,2434.2998258319667,3
1343,1348,-0.009524016437388923,5,2436.9786553510216,2416.2058092352436,5
1353,1354,0.00046814902996656217,1,2419.72301239762,2423.2755263910594,1
1355,1356,0.0009825812608222559,1,2431.616963947807,2436.4378421740275,1
1361,1363,-0.0060211482761556205,2,2467.278146173429,2454.889576762974,2
1365,1367,0.001804300910627478,2,2455.9378767046587,2462.825065528746,2
1368,1372,-0.0025945726801172553,4,2472.735971568413,2468.7930143430067,4
1373,1375,-0.0033101303438948654,2,2474.0916854668553,2468.3762111906804,2
1376,1382,-0.006648331043354462,6,2462.1975943168227,2448.2902872099703,6
1383,1384,-0.0019373156616661782,1,2445.018848923077,2442.727094462912,1
1385,1389,-0.006289327800660857,4,2439.000618459681,2426.099944682633,4
1390,1394,0.0031529066118522447,4,2431.916253521723,2442.015774610444,4
1395,1397,0.0005406792127286186,2,2444.4558402331154,2448.2219625325956,2
1401,1407,0.0010617009291393992,6,2461.896543180941,2466.9722375714623,6
1411,1416,-0.0018351355542244921,5,2457.54626099413,2455.4938767354224,5
1418,1425,0.009120642564254315,7,2461.972309713768,2486.8890514634727,7
1436,1438,-0.008358235319970354,2,2530.7137321119085,2512.0921449435486,2
1439,1442,0.0021344772550572536,3,2520.412539136627,2528.312714913912,3
1449,1451,-0.009226270514090848,2,2513.398953980339,2492.7230542750635,2
1454,1463,-0.03024685487686075,9,2495.3071011022,2422.3272164430637,9
1466,1470,0.0045070857535079,4,2411.9999139780743,2425.2830043418053,4
1472,1473,-0.0015760911820414587,1,2436.0733339369312,2434.669933570444,1
1479,1488,-0.007185462143457825,9,2391.5991025284743,2376.8059568174567,9
1489,1496,-0.006071142577743064,7,2385.5602791817873,2373.462762878256,7
1497,1501,0.001463883501295633,4,2399.8520811233716,2405.7650370716015,4
1503,1506,-0.004622683098085417,3,2422.301690611204,2413.526459218163,3
1508,1512,-0.006739518169766402,4,2428.2603801310206,2414.3233355583347,4
1514,1516,-0.0024831263367932565,2,2423.1673718902443,2419.573508542536,2
1520,1521,-0.0008444287887733631,1,2440.1363546187367,2440.515969586983,1
1522,1523,0.0005972769958824081,1,2447.1015744886845,2451.010273540203,1
1524,1526,-0.0026156877222050096,2,2450.32289000269,2446.363933393875,2
1528,1529,-0.002195161279642162,1,2436.4592071860247,2433.5472454821684,1
1531,1532,-0.0027494142653490504,1,2427.9001145403013,2423.652711445082,1
1533,1535,0.0035436978389335166,2,2426.1626272907365,2437.1863771772587,2
1541,1543,0.0004650760968290856,2,2475.181813655289,2478.8081433657812,2
1546,1548,-0.00362327856239162,2,2483.4686175384754,2476.9537875537144,2
1555,1558,-0.004993596192367664,3,2481.8051833184854,2471.8938555881864,3
1564,1566,-0.0022448554899913626,2,2467.0075081739446,2463.9364403335444,2
1570,1573,-0.011099730882680202,3,2473.0543913536417,2448.0772075427394,3
1574,1575,-0.00482818512092961,1,2442.7592203577365,2433.4078858563494,1
1576,1578,-0.006067364198741734,2,2435.8919611536508,2423.548409437698,2
1585,1588,-0.003228354630061709,3,2407.874675417418,2402.5090767358433,3
1592,1593,-0.003306794458737795,1,2410.3174710293797,2404.7573640434102,1
1594,1597,-0.013773481301125559,3,2396.7578214909263,2366.1428802747855,3
1598,1599,-0.0030829516898488543,1,2355.7486213990214,2350.8417108272192,1
1600,1603,0.0017058153604910214,3,2352.439755117858,2358.8050227418858,3
1604,1607,-0.009273813085492931,3,2364.6142780898917,2345.049901533688,3
1611,1612,-0.00023898491165296615,1,2372.2069754732074,2374.0122607742246,1
1613,1615,-0.0022083897595863424,2,2379.8825593141064,2377.006733600413,2
1618,1621,0.000897654191531688,3,2385.4600214005195,2389.9867996088615,3
1624,1626,-0.00605791959582335,2,2384.2741652427594,2372.2146982205627,2
1630,1636,-0.024311988328031418,6,2338.627220966368,2284.1091704875835,6
1637,1639,-0.004571660555400208,2,2290.9292893416605,2282.746867563708,2
1644,1651,-0.022560299356331602,7,2206.489098731582,2158.916533236447,7
1656,1660,0.0052716582765160985,4,2192.055549785095,2205.803373116488,4
1662,1670,-0.04596904022326979,8,2212.4640726442512,2112.9716867689726,8
1672,1678,-0.027647307848804824,6,2128.5123622530996,2071.7932380761545,6
1682,1683,0.0010925877910771295,1,2094.2570973797756,2098.639514213129,1
1686,1688,0.006213134118643427,2,2116.345364453325,2131.6108474084963,2
1689,1694,-0.0007350065357811218,5,2137.5544026037,2138.1208405498023,5
1695,1696,0.0026040133379505665,1,2146.5883355254387,2154.3246685177614,1
1697,1710,0.009163492005172962,13,2168.430704703102,2190.4695328341236,13
1711,1723,0.015927937923204873,12,2195.6163030054345,2232.783559485887,12
1724,1728,-0.006067546907639298,4,2237.537013431417,2226.1981896582743,4
1730,1731,0.0021620883922399653,1,2247.976394423916,2255.0846944867535,1
1738,1739,-0.0028603045728033665,1,2252.464820083703,2248.274549478823,1
1740,1746,0.0033621709232102637,6,2249.6573869729887,2259.4707770136274,6
1747,1750,-0.006703605495931784,3,2258.588223735072,2245.70612752913,3
1751,1752,-0.0014674109524062577,1,2244.8483174566513,2243.7990507665813,1
1753,1754,-0.00011522222667086687,1,2252.3266537011036,2254.319462262575,1
1760,1763,-0.008272529070893979,3,2261.1665736452887,2244.7221740043196,3
1764,1768,-0.010503739334736677,4,2240.3429498714095,2219.0513144554166,4
1769,1773,0.006042605239916974,4,2219.1827003536546,2234.8115280674983,4
1775,1777,-0.0031646306399396537,2,2242.0279685720475,2237.1748061356748,2
1779,1780,-0.006017099044602679,1,2224.7624919269338,2213.6006381542193,1
1781,1783,-0.0039540884629056874,2,2211.3265024241555,2204.7940483156267,2
1788,1793,-0.010250223583022425,5,2141.3119445182965,2121.5043302705058,5
1794,1795,-0.005071774035675882,1,2122.9592788051427,2114.3150683349068,1
1800,1803,0.0026361946885414813,3,2160.0874156716195,2167.94191405927,3
1806,1809,0.006129102283860454,3,2177.685333681999,2193.210275167881,3
1810,1820,-0.010672573277166544,10,2202.0764280564426,2180.7766824441455,10
1821,1827,-0.03334889639703259,6,2166.5743519793486,2096.4880627307007,6
1830,1833,0.009406025533468275,3,2108.851643729756,2130.796407780704,3
1838,1840,-0.010981508496017523,2,2107.618082157277,2086.580874363864,2
1843,1844,-7.959008144295659e-06,1,2084.182472653224,2086.2500671006032,1
1846,1847,0.0019802650729180784,1,2119.836650858932,2126.1543259897785,1
1849,1858,0.02102543722425471,9,2137.520092560369,2184.5999071746405,9
1863,1864,-0.003984571269103145,1,2178.7829191071646,2172.2801862051847,1
1866,1867,0.003612673447254561,1,2186.9597952395166,2197.047526617231,1
1869,1873,-0.018537990185836024,4,2214.723823560774,2175.8820188788277,4
1875,1877,0.007210133374756937,2,2168.7568508957193,2186.562633898991,2
1878,1880,0.011440386858920352,2,2198.6204187234707,2225.972107288312,2
1882,1884,-0.00038616487651221734,2,2259.4812737169696,2260.86822268364,2
1886,1887,0.001511435936220172,1,2281.6999257971506,2287.4302689864685,1
1891,1895,0.008078352800612646,4,2297.11839952739,2317.9724507830783,4
1897,1899,0.0016225686912638548,2,2316.4886727788285,2322.5638234457256,2
1902,1903,-0.0061615318918558735,1,2338.5583174194003,2326.4877740830752,1
1904,1907,-0.0009737975183773138,3,2322.771648559327,2322.832510940762,3
1909,1910,0.002514444601052697,1,2333.2192766146036,2341.419246504374,1
1913,1914,-0.0004310555984452188,1,2308.0073842194906,2309.3205120994894,1
1917,1920,0.0010723694625400645,3,2316.2514329333703,2321.051561670546,3
1928,1929,-0.0006870681458395636,1,2308.2559419155464,2308.978268727327,1
1930,1932,-0.004357608699494284,2,2312.0934513606894,2304.330346274357,2
1937,1940,-0.009402894805486419,3,2314.47980548433,2295.0314751494225,3
1941,1945,-0.0012279187497263905,4,2293.534698526385,2293.011958965443,4
1947,1965,0.032903320376185895,18,2306.262766822179,2384.45273227742,18
1966,1967,0.003076319424905523,1,2382.3906540504136,2392.1020393512326,1
1972,1973,0.0003323065336503044,1,2431.8131387447843,2435.0530592781506,1
1974,1978,-0.009945469456687915,4,2447.371647808905,2425.4787594842664,4
1980,1985,-0.002590500547423562,5,2419.984809678388,2416.135822513838,5
1986,1987,0.0019404378138934883,1,2420.610901222829,2427.7285570495073,1
1994,1995,-0.0010740479127157759,1,2392.2094081514538,2392.032270038001,1
1999,2000,7.493336179976301e-05,1,2372.345409872995,2374.89552309978,1
673,678,0.003943503472051766,5,1980.7849524460196,1990.5769697358244,5
681,685,0.0001706164593344849,4,1988.3255110901423,1990.653077659939,4
688,694,0.0037821149194229185,6,2002.6407880826807,2012.2176464736158,6
695,696,-0.00037712259291101523,1,2016.2956869814157,2017.5515920108473,1
697,702,0.0010900338254209506,5,2016.275701607946,2020.489786025681,5
704,708,-0.010058377627916806,4,2029.36145269014,2010.9787303081348,4
710,712,-0.0058805209073240884,2,2002.7628408628093,1992.9883149455666,2
713,715,0.0005162415846151889,2,1992.0070945782745,1995.0274585719226,2
722,727,0.003167678711754455,5,2022.5849552374602,2031.0144394981182,5
730,731,-0.003174205740551062,1,2046.3392705966319,2041.8901080073856,1
732,734,-0.0007415696430052426,2,2049.247177154785,2049.7767648343474,2
735,738,0.0033454772158317443,3,2060.5236999149047,2069.4776587055662,3
739,740,-0.0031534861190867574,1,2068.4720561092645,2064.0176302487143,1
741,750,-0.00042671838563335075,9,2061.435385521594,2062.6171685273184,9
757,761,0.005641372212183429,4,2053.6975043096622,2067.336873847015,4
763,765,-0.00027822819573885996,2,2076.6429534476656,2078.1418157789817,2
767,770,0.00281994799236607,3,2083.64578621623,2091.605204754089,3
771,772,-0.0031868093934135154,1,2094.4949889083277,2089.9147275921255,1
774,779,-0.004196186519436575,5,2088.384750979755,2081.7098837912768,5
780,781,-0.0037739080695300127,1,2079.8913091674713,2074.1218818812263,1
783,784,-0.003157283615276181,1,2077.5459505710405,2073.0640947318902,1
787,788,-0.004297863182572047,1,2079.1254822037868,2072.2688108240795,1
790,792,-0.0022174618278446006,2,2074.2733090039,2071.747960429671,2
793,799,-0.0013417958637494845,6,2078.3777749171595,2077.667393990384,6
807,808,-0.00041338267653055966,1,2085.513613215179,2086.737011629022,1
814,817,-0.0031194640797291245,3,2088.489337661047,2084.0628595289772,3
818,819,-0.002979078095276233,1,2082.157966651295,2078.0372134285903,1
824,825,-0.00501209001429544,1,2076.1568336444375,2067.8271055440614,1
826,828,-0.0040203043026047795,2,2072.723329824788,2066.463074633609,2
830,832,-0.00489807362384462,2,2064.1473142343593,2056.1011160330127,2
833,834,-0.0003360434793480752,1,2061.1371731553445,2062.505678621419,1
838,839,0.0002720049468951074,1,2073.3763033968303,2076.013648311526,1
841,844,6.631804283963017e-05,3,2075.866862000019,2078.0803962895025,3
845,847,-0.003705538540938992,2,2079.945795057456,2074.318421545864,2
850,853,-0.0004051216982313288,3,2076.5574901945747,2077.7927891878667,3
854,859,-0.002941749008295252,5,2074.208089601418,2070.1804981004366,5
862,863,-0.0026822121762343286,1,2070.0210622599493,2066.538847623954,1
868,874,0.015393844165663122,6,2070.0575404805204,2103.993741213114,6
879,880,0.0056135148270663,1,2145.6009434706307,2159.790907123241,1
883,886,-0.00615820570327685,3,2181.9305424336562,2170.675695865521,3
887,889,-0.0036660421520430457,2,2174.028607407284,2168.232555500189,2
890,891,-0.002028795918753196,1,2170.5155668816606,2168.2825493248624,1
896,898,-0.002200923920858336,2,2171.714783912885,2169.1067196796025,2
899,900,-0.002242322841750904,1,2165.892034655961,2163.2012975085418,1
907,908,-0.00435950909396793,1,2168.2361650071102,2160.9519558928987,1
912,913,-0.002603425045881901,1,2164.1833165069024,2160.7132107733355,1
916,917,-0.000699900462198299,1,2142.418401335438,2143.0613401074565,1
918,920,0.002971165137116658,2,2146.481612600804,2155.0056455482263,2
921,929,-0.002939277886442714,8,2159.3850253673195,2155.197377739309,8
930,936,-0.008565796312939971,6,2154.8190722367876,2138.516150045006,6
940,943,-0.003717858609972666,3,2134.520778780787,2128.7194531040122,3
951,954,4.4606552055344566e-05,3,2116.243835416919,2118.454477593142,3
956,957,0.00033523996172931184,1,2123.480577104372,2126.315933228878,1
960,963,-0.0033386258439908304,3,2139.769981309884,2134.765859931397,3
966,970,-0.000639254900912337,4,2145.1701549403365,2145.9440145604403,4
971,975,-0.003981807957626109,4,2154.1237674000467,2147.7005840087018,4
976,977,-0.0035136411088657797,1,2141.4562655019454,2136.0734130001415,1
980,984,-0.0038831147126122643,4,2124.454018951359,2118.328974313052,4
986,987,0.0013382203873090123,1,2123.0620433292042,2128.0262302824385,1
993,994,0.0005819264952795929,1,2140.2279698797533,2143.6136532112446,1
995,1000,0.0025284815991655995,5,2142.5869477750166,2150.147026394853,5
1004,1006,0.002905267848695744,2,2140.626965349358,2148.986687013188,2
1007,1008,-0.005631645361262937,1,2150.330630747368,2140.3710618562855,1
1012,1019,-0.0019997614585181506,7,2143.7424588670983,2141.599227779734,7
1020,1023,6.478719168199706e-05,3,2148.015718678097,2150.302898302877,3
1026,1028,-0.007937256755006436,2,2148.7002102192464,2133.794125171419,2
1029,1033,0.00012897706703758746,4,2144.5350502176316,2146.9561811087856,4
1043,1055,-0.001045394532133384,12,2145.904744284089,2145.807331942219,12
1057,1058,-0.003655084609210026,1,2144.4866391960727,2138.7928457256867,1
1059,1061,7.811891382803935e-05,2,2143.3881361599515,2145.69896344922,2
1062,1066,-0.008149835173657131,4,2149.074431521475,2133.7089035601757,4
1070,1072,-0.0012787470014331503,2,2151.945466835499,2151.3456184893707,2
1074,1075,-0.002192044002696478,1,2157.614209106543,2155.042238028445,1
1077,1081,0.0006896518224229241,4,2155.355477972711,2158.997278284037,4
1083,1084,0.0007707937289100763,1,2182.2049310275643,2186.0691658346245,1
1085,1093,-0.010553167969284825,8,2188.5205226721673,2167.613218514853,8
1098,1100,0.0032227165618880166,2,2135.63449785069,2144.6526770149035,2
1110,1111,-0.004221368682331285,1,2157.0627530704296,2150.114058671865,1
1113,1114,-0.0038319044261704758,1,2147.7322708341385,2141.650098310134,1
1115,1117,-0.007219328105780416,2,2137.76077301633,2124.4653373572746,2
1119,1120,-0.0033342842138034978,1,2127.925748743924,2122.958565260485,1
1122,1125,-0.004695783699578182,3,2132.270612044244,2124.3902010731613,3
1126,1129,0.00014703213030759117,3,2124.6051272698546,2127.0421176150494,3
1136,1137,-0.0025955634161355864,1,2149.334706856973,2145.9053070296814,1
1141,1145,-0.0009308981909718334,4,2142.2840834075823,2142.432119113198,4
1146,1149,9.130814418432617e-05,3,2147.189627200765,2149.532872728037,3
1150,1151,0.000609112725958352,1,2145.461601447013,2148.9138910129564,1
1152,1153,0.0011066774143654728,1,2150.9325342049765,2155.46385519461,1
1157,1159,-0.002445265997819304,2,2161.8498632677174,2158.7254151679463,2
1161,1163,-0.00043156249607799175,2,2165.332838167163,2166.563694560851,2
1165,1166,-0.0023904337230556028,1,2169.1052411302985,2166.0892440541743,1
1168,1169,-0.0025899681367828747,1,2169.0476958960708,2165.5989791724337,1
1172,1173,-0.0032824759401023636,1,2164.5856482567583,2159.6450335943214,1
1175,1176,0.0013180143355758147,1,2171.174969281385,2176.2077839852227,1
1177,1178,-0.004683856914077049,1,2178.404625117472,2170.3796941775754,1
1180,1184,0.007008819783229322,4,2162.281980078665,2179.5993067776394,4
1189,1190,-0.002644963390768436,1,2209.5235126591865,2205.88892736982,1
1192,1194,-0.0030405551063891426,2,2215.2171337995446,2210.6968611654092,2
1199,1202,-0.0023768697534185205,3,2225.2713079306814,2222.2073991736415,3
1203,1206,-0.0006019217412003858,3,2227.2210555150436,2228.107663794785,3
1209,1210,0.0006399222988815307,1,2243.9235970954664,2247.6034574393298,1
1211,1212,-0.003574571315221456,1,2258.279277968802,2252.4651769179845,1
1215,1216,0.0007474427556436211,1,2278.8043761646895,2282.7864563633475,1
1218,1219,-0.0033660154174790977,1,2285.3462945049405,2279.939129937863,1
1224,1225,-0.0036032787371452746,1,2305.4341353043474,2299.4324476400207,1
1229,1230,0.002433777441830625,1,2276.315470931807,2284.1318316463826,1
1235,1236,-0.002691556679400468,1,2295.4296375031063,2291.546788167694,1
1237,1240,-0.010193423027312794,3,2295.0002223820125,2273.9013144898777,3
1244,1246,-0.0008792536806079689,2,2292.2581873229387,2292.5349690621542,2
1249,1251,-0.001468275131893235,2,2295.0921792381487,2294.017444645209,2
1255,1258,0.0005293130363521526,3,2292.808196346421,2296.3146178109487,3
1279,1282,-0.007807360765067441,3,2380.504048549292,2364.299098688113,3
1284,1290,0.003460197255663046,6,2347.6401431137306,2358.111081237331,6
1293,1295,-0.0012472216163658951,2,2384.0704801593374,2383.481086401702,2
1300,1303,-0.014692185459800482,3,2376.8015507240466,2344.2579430903916,3
1304,1309,0.0036473313821168123,5,2327.8748464799323,2338.693252307619,5
1312,1313,0.00027135449765180336,1,2363.6412449040026,2366.6462708315466,1
1314,1317,-0.007023893660910822,3,2371.4399743420304,2357.154672113361,3
1319,1323,-0.00170931547722616,4,2339.373083706739,2337.7137301714597,4
1326,1329,0.009184379907122953,3,2328.68072331428,2352.3968924829064,3
1331,1338,0.021146788043110216,7,2378.3909948877836,2431.0647161352053,7
1339,1351,-0.006965760510343733,12,2432.2213524197405,2417.71130232306,12
1353,1354,0.002262160696503934,1,2417.3575835138918,2425.2433924122265,1
1355,1356,0.00020666231659659576,1,2433.1095961814876,2436.0455378433494,1
1357,1359,0.005113736848767076,2,2456.2409529790784,2471.2577638027574,2
1362,1364,-0.003811755986747929,2,2461.5009990298922,2454.579858859484,2
1365,1366,6.328418734527193e-06,1,2454.4387064778675,2456.908677900238,1
1368,1372,-0.0043491648645919995,4,2478.7595089493507,2470.457734694204,4
1373,1375,-0.002497505035784468,2,2474.5095933548164,2470.8040027776706,2
1378,1379,-0.006785487810249226,1,2455.0013868599303,2440.7980062621073,1
1381,1383,-0.002128893249346981,2,2452.600663702104,2449.831939369507,2
1384,1385,-0.004690597234871311,1,2447.5775721530476,2438.5445491331266,1
1389,1393,0.0017660803258699041,4,2428.387623199136,2435.1047384272533,4
1394,1398,0.00421111095374986,4,2443.18336845729,2455.915068070677,4
1402,1409,-0.0019197360430572852,7,2464.7531673139842,2462.486244988766,7
1411,1419,0.003090651404429795,8,2455.7938600897323,2465.8396566924985,8
1421,1430,0.008955852815463718,9,2472.9117510021015,2497.531696420709,9
1434,1437,-0.006637268360368641,3,2529.5210715113217,2515.261482408005,3
1441,1442,-0.0012864624261420708,1,2532.0573466042683,2531.332007313629,1
1446,1449,4.3374502599333566e-05,3,2502.760523385271,2505.3718399014833,3
1452,1453,-0.0016044302611731263,1,2498.6625898379916,2497.1523225562323,1
1455,1460,-0.023112101125128834,5,2492.3145545546017,2437.20424308866,5
1470,1472,0.003256528989634735,2,2428.4642721680702,2438.801100742846,2
1473,1475,-0.007537028768064335,2,2435.0183938920604,2419.100608600422,2
1476,1481,-0.009634131909698675,5,2404.4068476635193,2383.6468817762097,5
1487,1489,0.0012036990363720516,2,2375.743779976626,2380.979204255227,2
1490,1492,0.001019392934371111,2,2384.399260718117,2389.214299737931,2
1494,1495,-0.004930696867294397,1,2373.65074544393,2364.3206438947627,1
1498,1504,0.0034889443118809463,6,2407.3294360087184,2418.1358037873133,6
1505,1506,0.0010853803026677667,1,2417.025843355584,2422.066261440357,1
1507,1509,-0.0030230149512219568,2,2429.1315679056656,2424.2173984253072,2
1515,1520,0.003355382422977106,5,2427.181613287452,2437.7529174233373,5
1526,1529,-0.008150019971930551,3,2452.1132121807977,2434.5805537402703,3
1530,1532,-0.0034629069432570866,2,2431.667977507664,2425.6790055621645,2
1536,1540,0.005346772798284696,4,2452.350091278502,2467.9146001296995,4
1541,1542,-0.0016013840003123087,1,2480.4412250178757,2478.949527351435,1
1545,1552,-0.0011948835070172514,7,2483.930874964984,2483.4467978048824,7
1553,1557,-0.001937149485191122,4,2478.1414261216128,2475.819037159892,4
1560,1561,-0.003820417905877082,1,2478.013878741435,2471.0248440268206,1
1562,1563,-0.002225573921506568,1,2467.7254299314236,2464.701049999061,1
1564,1568,0.0012699414802950478,4,2465.1603198098,2470.7560894753137,4
1570,1571,-0.0021793631186558483,1,2467.138400825618,2464.228748787065,1
1576,1577,-0.007205252017674224,1,2436.9497467679034,2421.827859434801,1
1578,1579,-0.002749693036299804,1,2422.9008788191645,2418.66154602385,1
1580,1584,-0.005967498632942235,4,2416.614208290871,2404.6096805148372,4
1586,1589,-0.004185839542880123,3,2409.4983068142355,2401.822031829884,3
1590,1599,-0.027434326761275656,9,2411.4492949977885,2347.704256365569,9
1606,1608,-0.0017840645183969583,2,2356.045212139697,2354.1979206851192,2
1609,1618,0.008313369188919964,9,2365.7141832262696,2387.74695281012,9
1624,1626,-0.0060025338073824664,2,2385.8194519434683,2373.8843094768104,2
1641,1643,-0.01610612317866627,2,2271.0444541020297,2236.7377768341375,2
1646,1647,0.009567226691981526,1,2120.045314378592,2142.448313812904,1
1650,1651,-0.0007760518326911995,1,2162.908809218247,2163.3931886821274,1
1652,1655,0.0017810895352253163,3,2174.6186355650075,2180.6664446954833,3
1659,1660,0.006597616913372299,1,2195.6310723237502,2212.312636094363,1
1662,1669,-0.0456474186520253,7,2214.6894655546394,2115.809297801791,7
1670,1672,0.004604355351717609,2,2117.1612508910516,2129.026574877932,2
1678,1680,0.0012818349567417764,2,2071.6314597526716,2076.3585808350213,2
1682,1685,0.005417950375170553,3,2101.380331343758,2114.8668860296816,3
1687,1688,0.002356089669769326,1,2124.785063284892,2131.916032486263,1
1689,1691,-0.0038047119656440384,2,2136.76242231219,2130.7694191785927,2
1692,1694,0.0006925898264166434,2,2137.5909555474145,2141.2090202518143,2
1695,1696,0.0011362054965627418,1,2151.955122430312,2156.552140791204,1
1699,1700,-0.0040065339905724084,1,2168.684229042621,2162.164006193186,1
1702,1704,-0.005015919590301764,2,2154.6844584797914,2146.0314189520636,2
1705,1707,0.007288716907243516,2,2150.748798024082,2168.575745949498,2
1711,1712,0.0023986346630339023,1,2192.0728139789903,2199.5228686284736,1
1713,1714,0.003263037435841936,1,2204.0974608593074,2213.4936108471948,1
1716,1719,-0.0013446755442157975,3,2221.2282163888713,2220.46261334456,3
1723,1727,-0.0040644142715583285,4,2235.668800991871,2228.817785611634,4
1733,1737,-0.006899155332560916,4,2256.4311553178545,2243.1201174354046,4
1738,1739,0.0006661601184683921,1,2245.3376357724014,2249.0787277936215,1
1740,1745,0.0049700961836827325,5,2248.831643472213,2262.2573846846512,5
1746,1747,-0.0029965187466121403,1,2261.6945471858917,2257.1790316233246,1
1748,1751,-0.004120636535276418,3,2253.4081216858217,2246.3760539724003,3
1752,1755,0.0022194079674571127,3,2248.8140315947253,2256.0538814053707,3
1757,1759,0.00191667596581998,2,2258.59975387343,2265.1873574919596,2
1761,1765,-0.010142576578437406,4,2252.609195250792,2232.014543181919,4
1767,1773,0.0003492821368833239,6,2230.75083269231,2233.760744942699,6
1774,1776,0.0016105001537269474,2,2235.7017895647987,2241.538089430145,2
1777,1781,-0.014809660974997543,4,2238.3349301636713,2207.424283629616,4
1787,1790,-0.01586047109171466,3,2144.759946259012,2112.8878030789624,3
1794,1799,0.007940514781105662,5,2125.391410644366,2144.393503966867,5
1801,1802,5.2509870875610404e-05,1,2163.000763030028,2165.2773426838285,1
1804,1805,-0.0020507621326952678,1,2171.332955091063,2169.05140064438,1
1808,1817,-0.00016915626274230432,9,2191.051849452801,2192.8722711599257,9
1818,1826,-0.045396211723451936,8,2191.704148858474,2094.4007874305853,8
1830,1831,-0.0007653101447851184,1,2107.2342372642333,2107.7287837622807,1
1838,1839,-0.003909044450553778,1,2106.306875857874,2100.179535529496,1
1840,1841,-0.0050505628054176395,1,2088.172672554897,2079.7143979961565,1
1843,1846,0.019596491646960305,3,2079.0040496378288,2121.824239180191,3
1848,1854,0.007858565132082374,6,2134.663925278316,2153.5739846955007,6
1856,1858,0.00044151046078931273,2,2179.3714588197927,2182.513045575627,2
1860,1863,-0.005830552493831446,3,2187.097579968412,2176.532690299243,3
1864,1867,0.00833523462287385,3,2178.7203098525724,2199.0591751226666,3
1868,1869,0.0016742763462806588,1,2208.7150045936733,2214.6217188861333,1
1872,1873,-0.007538870637939434,1,2188.9717661248023,2174.6583629160104,1
1874,1878,0.010164545952857255,4,2174.245884760197,2198.520352853413,4
1879,1882,0.0182635018599365,3,2209.271585421484,2251.8298927163555,3
1884,1888,0.008266907752201902,4,2261.506434859657,2282.4636063725125,4
1890,1892,0.007467229302784365,2,2290.636861903676,2310.032209462825,2
1893,1894,-0.0008149442185696727,1,2318.4464435587365,2318.8754854770536,1
1896,1901,0.007286732301075414,5,2314.249771933779,2333.427340271619,5
1902,1905,-0.009960103131002172,3,2339.8796750325837,2318.914111830156,3
1906,1907,-5.570718597742194e-05,1,2323.785434016598,2325.9797679032704,1
1909,1911,-0.0008099866531278066,2,2339.073354478007,2339.517809634671,2
1912,1913,-0.009867107998456123,1,2327.3180882112565,2306.681507376327,1
1915,1916,-0.0027184834811486962,1,2313.009586148434,2309.0347173828995,1
1923,1928,-0.006568025312033684,5,2314.9107484922492,2302.0212668495456,5
1931,1934,0.0013348852543746976,3,2308.2606779555053,2313.6502017757166,3
1940,1941,-0.002195815691492436,1,2294.9389980832475,2292.1946740183216,1
1942,1946,0.0050831168022894375,4,2287.5442077899693,2301.4596063963563,4
1947,1950,-0.005333321681220075,3,2300.4806497301215,2290.5119270534187,3
1957,1959,0.022020830139842684,2,2275.89087058151,2328.283767729986,2
1960,1962,0.006537275474406696,2,2349.6910927416084,2367.4013617873616,2
1963,1970,0.021100791986378566,7,2374.381283957423,2426.8569908105164,7
1971,1972,0.0008043460854806285,1,2426.7101012319977,2431.088726103752,1
1973,1979,-0.009609331345064545,6,2442.569147794658,2421.540260668062,6
1981,1982,-0.001473226794177624,1,2418.8086929087744,2417.6640478253003,1
1985,1989,0.003854882619889655,4,2416.5718917479853,2428.3040646249465,4
1993,1994,-0.0055133736958001105,1,2400.3867816080015,2389.5529390481456,1
1998,1999,-0.002887229313876262,1,2378.9979884164386,2374.5082736750464,1
675,676,-0.0031720524169836463,1,1986.5702474947107,1982.255312787132,1
678,680,-0.0020074438345280953,2,1991.795768006173,1989.789145640056,2
682,692,0.013427696609395561,10,1987.2621812187804,2015.9337970527306,10
694,695,-0.0006094935378595924,1,2013.5518608994892,2014.3381659130253,1
697,698,-0.0005262489241380885,1,2018.1405530388827,2019.0966492971254,1
699,701,0.0016210380621605545,2,2018.1008142517278,2023.3903332991588,2
703,705,0.001204339117844375,2,2024.5119261173459,2028.9746369506288,2
712,716,-0.00015098789054120273,4,1995.8675276981562,1997.5620433980475,4
718,720,0.0003778074824635363,2,2000.2006336651546,2002.9565250646467,2
725,729,0.006956002408586835,4,2027.447657224208,2043.5780356683674,4
733,737,0.009113851954947433,4,2045.655689011094,2066.345147800548,4
743,744,-0.0006038811618464387,1,2063.6876531258495,2064.5051186813175,1
746,747,-0.0027049373621538305,1,2072.0754703958237,2068.5427115091434,1
748,750,-0.0037167614087627366,2,2068.3050128819464,2062.685921641398,2
753,754,-0.00443362017694793,1,2060.9440299173502,2053.8675309126656,1
755,757,-0.004490249083400887,2,2055.282996190921,2048.1095465973362,2
758,759,0.0017683450989533678,1,2049.87803228048,2055.552802084596,1
760,763,0.0015131989486754623,3,2065.6260247936525,2070.8173539475206,3
764,768,0.0005222865268292895,4,2081.0309540553008,2084.198879438574,4
772,773,-0.004423258940991199,1,2094.4087501772747,2087.23904669714,1
785,789,-0.0008049658100756122,4,2074.7942421463304,2075.198897960607,4
792,801,-0.0015052963402059382,9,2075.067805393977,2074.019281226232,9
806,808,0.004430432431229036,2,2076.20918461283,2087.483898302967,2
810,817,-0.007005759542127192,7,2093.709636194164,2081.135319568147,7
822,826,-0.004140602738235716,4,2077.6628920981943,2071.13777833014,4
829,831,-0.004132620044177884,2,2065.725825229369,2059.2546911034797,2
833,835,0.0037706781903141962,2,2058.4490009936103,2068.2691987485246,2
838,840,-0.00012154166380899287,2,2072.894411013072,2074.71536238847,2
841,844,-0.0014148530963561407,3,2077.3248565467193,2076.4630718978433,3
845,847,0.0005732305223362915,2,2075.1534112106283,2078.418105895675,2
849,855,-0.0035169313337926104,6,2078.6967362183846,2073.464799269544,6
859,860,-0.002136522656737362,1,2067.8883454747547,2065.5381435185195,1
864,866,-0.004076680589338189,2,2069.679557914803,2063.3118149928164,2
869,872,0.005135521624158954,3,2076.5313430194838,2089.2719459778236,3
873,874,0.0014321562965784055,1,2095.595027679072,2100.69184232072,1
875,881,0.02417651845338204,6,2114.16155090553,2167.388778205334,6
883,887,-0.003385706951752453,4,2178.8368851482805,2173.6388188446476,4
889,891,-0.00530394261760382,2,2172.0164304371638,2162.6681963560695,2
892,894,-0.002666498392390286,2,2167.552523352484,2163.9403005568956,2
897,898,-0.003588903740006519,1,2171.964526662653,2166.3415195764146,1
900,901,-0.0018640341025376434,1,2163.0647758928544,2161.195814160485,1
902,910,-0.001573548978928926,8,2163.5611076197865,2162.320199355661,8
911,918,-0.00892469800727225,7,2166.314276012144,2149.1468895859052,7
919,923,-0.003086156725540472,4,2157.5892938661314,2153.0882244497784,4
926,929,-0.004223916461435826,3,2159.9425776829744,2152.979103251026,3
931,934,-0.002665514268599683,3,2153.1637381986557,2149.5776132700544,3
935,939,-0.004190176943404668,4,2144.2568093184805,2137.416250684654,4
941,943,-0.003805034712043792,2,2133.209313192061,2127.225587020502,2
944,946,-0.006845176470539804,2,2126.420072034082,2113.9907714625447,2
949,952,0.002180775273666395,3,2109.842795190877,2116.5537309851434,3
957,958,0.002555912914077464,1,2125.9243034503993,2133.4839051353897,1
960,962,-0.0033834729145325784,2,2142.1038061013874,2136.9981596994276,2
964,965,-0.0009287677843714589,1,2138.7550047238574,2138.9073529815305,1
966,969,0.0004234079416739738,3,2144.255284692251,2147.307434693458,3
973,974,-0.0014148854224102117,1,2148.1438629147524,2147.252629340789,1
979,981,-0.005307532952244884,2,2131.073956094827,2121.8942848052775,2
982,985,-0.003111626697567079,3,2126.7559749539387,2122.2650602580156,3
986,987,-0.0025769021885306137,1,2130.9785832099897,2127.618238418414,1
988,990,0.0016900337123634994,2,2123.4025415862584,2129.1145660080438,2
992,993,-0.0022422877981734166,1,2137.855335657493,2135.199504059746,1
994,996,-0.0021972207522998537,2,2140.159301538466,2137.5970584094366,2
997,998,-0.0023559822547711577,1,2136.2017160399796,2133.3050644204177,1
999,1001,-0.0009211116644619042,2,2142.5349809093823,2142.7040019278584,2
1002,1008,-0.002672361926286783,6,2145.1547657175643,2141.5672905613856,6
1011,1012,-0.0028891521420365846,1,2146.5369124289696,2142.481777622894,1
1013,1014,-0.004585798843154249,1,2137.4865360879276,2129.8219393395657,1
1017,1021,9.615148706315938e-05,4,2140.411914735054,2142.7581304383184,4
1025,1026,-0.0041605160871619465,1,2150.264163061452,2143.4682185824486,1
1027,1028,-0.0021248458107090947,1,2140.8937546720845,2138.4855793009683,1
1034,1035,-0.002632938692072531,1,2154.771056763823,2151.252447732675,1
1039,1040,-0.0011016778233056265,1,2148.325748326678,2148.1073112408367,1
1043,1045,-0.0034185589225682557,2,2144.846455592447,2139.659018059735,2
1046,1047,-0.0036864334352312575,1,2142.427669478504,2136.6721801546523,1
1048,1051,0.001703104272332652,3,2137.45620619377,2143.2339731966563,3
1054,1057,-0.001644905124241522,3,2143.1844653780904,2141.8023147341733,3
1060,1062,-0.0019024499699842273,2,2147.289374986872,2145.351553754868,2
1063,1064,-0.0035776731339021072,1,2146.3755671512267,2140.842912516517,1
1065,1067,-0.004291216512457271,2,2141.4813862123137,2134.433307312892,2
1068,1070,-0.0007475912076220964,2,2146.084789233884,2146.626479903875,2
1071,1073,-1.417879285977447e-06,2,2153.732995379204,2155.8836746411816,2
1079,1080,0.0005587943654494151,1,2149.531548197427,2152.882225863113,1
1082,1087,0.00631960964262862,5,2165.430060403358,2181.280163153924,5
1090,1092,-0.004868276213356178,2,2183.6187661207564,2175.1719255887333,2
1093,1095,-0.01048327504681544,2,2171.888468998466,2151.291853275947,2
1096,1102,0.0007611958344639232,6,2147.320234916965,2151.102086369961,6
1106,1110,-0.0016536833804884944,4,2151.825850395607,2150.419237599498,4
1114,1116,-0.008640708797689637,2,2142.4293971975117,2126.0597180539157,2
1117,1124,-0.002842258455833231,7,2133.7156693089482,2129.78481357482,7
1126,1128,-0.001706146057002208,2,2126.0729852933305,2124.5716672378667,2
1129,1131,0.0017846989525138234,2,2131.155933196965,2137.0905608917824,2
1133,1134,-0.0032448686926565004,1,2140.7490731439816,2135.9433725708473,1
1136,1137,-0.003349087291880262,1,2146.476856048355,2141.4345945434966,1
1138,1142,-0.0011463248182028902,4,2145.3560162507374,2145.042097421679,4
1144,1145,-0.0016725683925909157,1,2146.814915742146,2145.371035885075,1
1146,1148,-0.0024616851809496194,2,2147.0288842629275,2143.8906039597296,2
1155,1158,-0.0008527717810509344,3,2156.4657981961564,2156.7832908148494,3
1160,1162,-0.0007563290925235536,2,2164.997590189,2165.525137116486,2
1163,1164,-0.0016287194311039536,1,2169.9181149185106,2168.553845235757,1
1165,1166,-0.004428189535932998,1,2172.460453837128,2165.0128476420555,1
1167,1168,0.00016962649104492996,1,2165.4045868112535,2167.937301379818,1
1171,1176,0.004894289644506314,5,2163.957516345273,2176.7125087250183,5
1184,1187,0.011866015555214438,3,2184.2380132152102,2212.340453469528,3
1188,1191,-0.000327709101008709,3,2211.554570509426,2213.041378519802,3
1194,1195,-0.000703976813372502,1,2213.8208013842045,2214.4761436724525,1
1202,1211,0.0127806911419549,9,2223.0063126679042,2253.6408760693967,9
1212,1214,0.002578753941960386,2,2259.902103274209,2267.989736834746,2
1219,1226,0.0034633347352557506,7,2281.7998562289613,2291.9842927861696,7
1227,1228,-0.003810076361507081,1,2282.2334348669538,2275.820184640193,1
1229,1231,0.0053234926045577224,2,2278.172857771764,2292.578866989788,2
1233,1236,-0.003320715766686225,3,2295.940935431333,2290.612709103097,3
1238,1240,-0.0067661620541103395,2,2289.999295804985,2276.794788761575,2
1242,1245,0.0038697885569472417,3,2283.644389932539,2294.7652552507693,3
1247,1248,-0.0028665205088927604,1,2301.120897120884,2296.825807772966,1
1251,1254,-0.003996155232167585,3,2299.0812846806766,2292.192880260402,3
1258,1260,0.008362217759284748,2,2294.2433432566263,2315.7225490289843,2
1262,1263,0.0012910388049729264,1,2339.5643127860476,2344.9243454133702,1
1266,1267,0.00020181634521747533,1,2367.0871673398296,2369.931971388093,1
1268,1271,0.0005603946413754114,3,2373.5921521807504,2377.295892655824,3
1274,1276,-0.004125850239555291,2,2389.56526337314,2382.0958402221922,2
1279,1281,-0.0035111458459623508,2,2381.9638512935458,2375.9823926631375,2
1282,1285,-0.014284348888220829,3,2369.009446510127,2337.5386985031955,3
1286,1287,0.0008892521734630296,1,2338.619001873242,2343.037242905433,1
1300,1305,-0.020789397210588853,5,2370.485074744332,2323.574604018444,5
1306,1307,3.409710665642314e-05,1,2327.9475330079813,2330.354856816313,1
1308,1309,-0.0009503887311147247,1,2340.3846424589356,2340.5007519107276,1
1311,1316,0.0034288605219203036,5,2353.379175305879,2363.8019634285006,5
1318,1320,-0.0033073727129348924,2,2339.298673233948,2333.9010393079234,2
1322,1323,-0.0034451758087503063,1,2345.0731844397383,2339.339068219397,1
1325,1326,-0.0027885334909908193,1,2335.0562165810907,2330.879890334389,1
1328,1329,0.001700518624567967,1,2344.663609962609,2350.9954177096597,1
1330,1333,0.01664463367487577,3,2359.401159472873,2401.031928623849,3
1337,1341,0.003627050701357234,4,2424.051573160916,2435.2677826926365,4
1342,1343,-0.001131010633775668,1,2432.6416731445943,2432.3229712172465,1
1349,1350,-0.0007147343781077737,1,2420.925227451224,2421.6158341917876,1
1352,1358,0.017756977444775956,6,2418.183687039477,2463.5415039146014,6
1359,1361,-0.00476879518628532,2,2476.454694393094,2467.1214438618117,2
1364,1365,-0.0026531043141382682,1,2456.1348695517795,2452.074622402818,1
1368,1371,-0.0024030567091712354,3,2471.4266851227235,2467.959133330937,3
1373,1384,-0.013348225544424733,11,2474.268695538503,2443.715867628484,11
1385,1389,-0.0036837366278187466,4,2433.1806301935862,2426.6506142142366,4
1391,1392,0.001053304132128232,1,2435.482886532562,2440.483673607207,1
1394,1396,-0.0026105346843064902,2,2445.18916125757,2441.2510993036744,2
1397,1401,0.0011998846337578145,4,2457.676914693222,2463.083520372597,4
1404,1405,-0.0018293291846912612,1,2462.974712006275,2460.9320951964514,1
1406,1408,0.0025999428555073985,2,2459.221154731035,2468.0742103571215,2
1410,1412,-0.005258314398721995,2,2457.291248182122,2446.8273294781347,2
1418,1419,-0.0036776240319537456,1,2467.7193855595715,2461.111760828679,1
1420,1425,0.007284126272986829,5,2468.162599430106,2488.6091700660486,5
1428,1436,0.010344948966280059,8,2499.3023525520966,2527.656810193104,8
1437,1439,-0.0004947728306574781,2,2517.3725234838234,2518.644368478044,2
1444,1447,-0.008490059708949968,3,2522.6901651487137,2503.795065184569,3
1450,1451,-0.0030212420286518486,1,2499.9056241802245,2494.8527098649683,1
1454,1460,-0.02273787851816352,6,2497.950135798561,2443.6499992021418,6
1461,1463,-0.007491544982155165,2,2440.649542367222,2424.8059560772685,2
1464,1468,-0.002724419473440493,4,2413.1479420164605,2408.9866627129545,4
1474,1481,-0.01897216868347479,7,2432.7813468165687,2389.0589900815703,7
1485,1489,0.003304145292584505,4,2372.7316092670867,2382.94419085368,4
1490,1492,0.0018754001640047873,2,2384.166307244803,2391.0217394356696,2
1493,1495,-0.011815998270426002,2,2392.461233411002,2366.5843768483674,2
1504,1505,-0.004560651159467699,1,2419.9596522932934,2411.3430201514902,1
1506,1507,-0.00048416679570505064,1,2423.6952636421565,2424.9454861362356,1
1510,1514,-0.006352415674274252,4,2430.020047971575,2417.0135705780112,4
1516,1518,-0.00029440283505658066,2,2422.1947488587207,2423.9038426064562,2
1519,1522,0.003973792788481505,3,2433.950149767819,2446.0561134702575,3
1524,1526,-8.529581737357333e-05,2,2450.0928291750915,2452.333939333761,2
1534,1536,0.011262792166467386,2,2426.9180359435745,2456.678827423402,2
1540,1541,0.000548997484640421,1,2469.596032733188,2473.42143077597,1
1546,1547,-0.0034804595646229374,1,2490.103866599698,2483.927264646886,1
1549,1550,-0.0009949832976290458,1,2474.9425434938553,2474.954959543981,1
1552,1555,-0.0025931469825036073,3,2477.8595340268675,2473.911939587165,3
1556,1559,-0.0005341220417835948,3,2476.7971369483007,2477.9510221413784,3
1562,1567,-0.0034151596439134465,5,2465.7266879482117,2459.771564358559,5
1570,1571,-0.0035005733486189127,1,2468.7399443819145,2462.566679072322,1
1572,1576,-0.010226456495926715,4,2458.3151996351808,2435.6336613924714,4
1580,1582,-0.007101507843946948,2,2418.882677437834,2404.1238458078597,2
1591,1595,-0.01007192844411578,4,2406.0877916302425,2384.2599353543123,4
1597,1598,-0.00809629758351271,1,2367.8775224050746,2351.0743588647774,1
1601,1602,-0.0007311085520071051,1,2355.69143806931,2356.324863351117,1
1604,1608,-0.0027418601326685884,4,2358.541652496625,2354.4334028209028,4
1609,1610,-0.0007738467818984786,1,2365.587249990994,2366.1222351602796,1
1614,1617,0.0017406703618332532,3,2372.33694913048,2378.838742695244,3
1619,1625,-0.004177212173248724,6,2389.021446743151,2381.4310187204064,6
1626,1628,-0.003679010383586253,2,2373.278791141542,2366.920752616929,2
1637,1639,-0.0034524860407501284,2,2290.791627177128,2285.1734926892086,2
1641,1642,-0.010434151962206227,1,2280.619566435998,2259.10385487826,1
1648,1653,0.008083758408581346,5,2152.668440563956,2172.2227606118167,5
1654,1655,-0.0005694246013135641,1,2178.0198145084114,2178.9576162583903,1
1656,1658,-0.006723107766588809,2,2195.7350466106377,2183.168618312009,2
1660,1664,-0.011359786118629096,4,2213.2596405434597,2190.3307440424355,4
1665,1666,-0.010121928310403271,1,2183.498079125812,2163.5803661821233,1
1669,1675,-0.0009606722177836365,6,2119.8731466509566,2119.9565165603944,6
1677,1679,-0.014707119519120807,2,2095.5165544759498,2066.7930586094517,2
1681,1684,0.008247293553221225,3,2090.1616981088496,2109.4900369049615,3
1692,1696,0.007981297364763166,4,2135.496507888562,2154.6760370473226,4
1700,1702,-0.00440725094990747,2,2161.3943409316284,2154.0299280103645,2
1704,1707,0.007800528767200298,3,2148.1097240631443,2167.0142254848647,3
1708,1709,0.0014311509107495647,1,2176.1697050977414,2181.4603020582354,1
1711,1713,0.0028265790128850455,2,2194.8258201997196,2203.224494620234,2
1714,1718,-0.001559306218296009,4,2213.1260359751354,2211.8882208213417,4
1719,1726,0.004822780218989445,7,2216.8408512756814,2229.749028333137,7
1727,1728,-0.006285618583246422,1,2232.174058116705,2220.375637434083,1
1731,1733,0.0006551915668336146,2,2253.5635329398133,2257.293612294859,2
1734,1740,-0.0009580082962866618,6,2251.1226711267636,2251.217199602992,6
1741,1744,0.00034753591662702423,3,2257.246382033541,2260.2881026060077,3
1747,1748,-0.001106494446312773,1,2251.9054821959016,2251.6656667684265,1
1749,1750,-0.001705326381995051,1,2249.3934093292373,2247.8068528141516,1
1752,1756,0.006957497463282606,4,2245.8973411715506,2263.7690635667163,4
1759,1761,-0.005251240883984927,2,2262.4207318959848,2252.8026363837735,2
1762,1763,-0.005735193980096234,1,2250.1151153295114,2239.4603837808795,1
1765,1769,-0.009110273365983992,4,2235.8638603855507,2217.7303932686996,4
1772,1777,0.000721351227154792,5,2229.221665991804,2233.058939442159,5
1779,1780,-0.005383911231996069,1,2223.6689106347017,2213.9205435211297,1
1781,1788,-0.03444356241575233,7,2211.248413766442,2137.2963894239106,7
1792,1794,-0.0007476040306560775,2,2118.7789223296204,2119.3136935895473,2
1799,1802,0.00779869845235038,3,2146.271097316976,2165.1554894992632,3
1803,1805,0.0009116174011969413,2,2168.6626372683813,2172.808290503109,2
1810,1814,-0.00393342428220278,4,2204.9633970235927,2198.4953038533954,4
1818,1821,-0.01268166032907336,3,2190.8190630734475,2165.2266589361648,3
1823,1825,-0.016006961985632295,2,2150.5139197877393,2118.2412391439116,2
1826,1829,0.005828964013558228,3,2098.380015332585,2112.709776944061,3
1830,1831,-0.002921389499265273,1,2108.122920021463,2104.0723947797733,1
1832,1834,0.003805450515839432,2,2123.659537162089,2133.8646779804117,2
1835,1836,-0.0039650218197182525,1,2124.944225530452,2118.64371953607,1
1839,1849,0.019974478564369253,10,2100.5663364744582,2144.6246200718774,10
1850,1852,-0.0018631931244957696,2,2146.7371680300157,2144.8841192664727,2
1857,1862,-0.004045985591429511,5,2184.1268114984555,2177.4739927007763,5
1867,1868,0.0024950258564872107,1,2200.700757276502,2208.3922633255743,1
1869,1870,-0.005043022178475149,1,2216.197073256807,2207.236939337758,1
1871,1874,-0.019301150166975072,3,2205.6951281123047,2165.328370350156,3
1875,1878,0.01450710149712952,3,2165.052651439087,2198.6263426515825,3
1883,1885,0.0016970279674850411,2,2261.776086891786,2267.876160254322,2
1887,1893,0.011731316340516957,6,2287.3100112888856,2316.430478611436,6
1894,1895,-0.001388082006943819,1,2319.9534016298976,2319.053069457777,1
1897,1903,0.005461598578714412,6,2312.3917051174167,2327.3334520726344,6
1907,1908,-0.0032977398725636013,1,2332.542151628903,2327.18257652267,1
1911,1912,-0.00729527995939855,1,2339.876221983527,2325.146046095801,1
1915,1917,0.0019103555019979995,2,2309.7038288543995,2316.4258881006917,2
1921,1922,-0.002629110182867737,1,2323.148935084282,2319.364269497818,1
1923,1929,-0.004741859762446813,6,2313.358613306021,2304.7023497947816,6
1931,1933,0.00013704754477355022,2,2304.817079822389,2307.4377664241533,2
1934,1937,-0.0005666917829355181,3,2313.8683120176493,2314.8709301704516,3
1939,1941,-0.0056666854274251945,2,2304.517751621434,2293.7632922126995,2
1946,1947,-0.0024863522294626674,1,2299.859750075706,2296.4413484087295,1
1949,1951,-0.00833341576892319,2,2297.38040262061,2280.5327569488168,2
1959,1961,0.012583119503006654,2,2328.2688673562584,2359.8940216166884,2
1962,1963,0.002337007174126164,1,2367.7249882880747,2375.6261035603497,1
1964,1971,0.01492986736942628,7,2383.8360591589753,2421.8102514118336,7
1972,1974,0.0017013491358700687,2,2435.2032315801544,2441.7815657254514,2
1977,1978,-0.0016652685885037758,1,2430.140958957815,2428.524262512184,1
1990,1999,-0.018741706452952825,9,2416.5331106229946,2373.6596895404805,9
674,678,0.0007441909012694838,4,1987.9016607234553,1991.3689407127076,4
681,682,-0.0030208607501436492,1,1990.1109696059925,1986.0892324590855,1
684,685,-0.0013852527291199636,1,1991.5642626506105,1990.7970070832066,1
690,692,-0.0010573627405845876,2,2013.488757786488,2013.373258553205,2
694,696,-0.0006097909485413492,2,2014.4424399861973,2015.2284936599224,2
697,699,-0.0021194877279445902,2,2020.8289289942957,2018.5666358080111,2
700,704,0.0023335253519818177,4,2021.6940174420297,2028.4333857031227,4
707,709,-0.00495907105944009,2,2017.5525376398919,2009.5649037772218,2
717,718,-0.0005514167995837517,1,1999.0296198708327,1999.9263509754412,1
719,724,0.01173307446701118,5,2000.0728118882216,2025.5398879414388,5
726,728,0.0003383864653144712,2,2027.0010575741871,2029.7139683548226,2
729,733,-0.0006758609683885453,4,2047.022015032573,2047.685534766213,4
734,740,0.006533355127529582,6,2050.3521419507356,2065.7981727725414,6
741,742,0.0027436528365570737,1,2062.975784830148,2070.698849978776,1
746,756,-0.011899358150322146,10,2070.194831361509,2047.631036453554,10
758,766,0.014681767586660493,8,2051.197753938175,2083.3641603897136,8
768,773,-0.0015765375053165558,5,2085.8393231492987,2084.636758549439,5
775,777,-0.0023421324152303243,2,2082.962906827712,2080.167294790736,2
780,781,-0.0022591951687108143,1,2078.8132481974644,2076.195616598682,1
782,784,-0.0024099312822068986,2,2076.309408570389,2073.3819549837053,2
786,796,-0.00275033885779615,10,2075.9546914101597,2072.3210672467603,10
797,801,-0.003255043709637681,4,2074.33174648023,2069.654037723628,4
803,808,0.007303056516931598,5,2073.4366662315924,2090.6525280555916,5
810,814,-0.003491490826712209,4,2090.3058819000153,2085.097903970239,4
816,817,-0.003864388041188644,1,2083.652072827186,2077.683684747782,1
818,819,-0.002795056107742222,1,2078.929422590374,2075.197627632788,1
822,824,-0.003807027872252217,2,2079.553493242244,2073.7161286248734,2
825,826,-0.0028997818603136763,1,2073.7725501904656,2069.8328347171973,1
827,828,-0.0006232625548814076,1,2066.8997724192095,2067.678450958787,1
830,833,-0.0015063971277554534,3,2061.930155431783,2060.88599992344,3
835,837,-0.0008988055582667051,2,2068.700955405628,2068.9102964439235,2
838,843,0.0013308988150540551,5,2070.5421013983014,2075.36832552897,5
850,851,-0.0016272863381283373,1,2074.625733369786,2073.3243489905135,1
852,854,-0.0024993170261018802,2,2076.7929775393527,2073.679206468439,2
855,857,-0.0021222771185601744,2,2078.4693629129897,2076.136744305364,2
858,859,-0.003970367291262048,1,2073.3531509426352,2067.19453055984,1
860,863,-0.0012960294501079754,3,2069.8535522254456,2069.2408146165762,3
864,867,-0.0031333444708373606,3,2070.8764608598476,2066.458568012285,3
869,871,0.007065944651982683,2,2074.92638385692,2091.6626252260485,2
884,886,-0.00411544761382662,2,2175.735099722041,2168.956710997293,2
889,892,-0.0026567998777119817,3,2171.8743777609816,2168.2760165575014,3
895,896,0.0006667908487181552,1,2165.0153188562276,2168.623946577032,1
898,899,-0.0056013446563781995,1,2170.9393621049007,2160.9501218717583,1
900,903,-0.001128414109581379,3,2163.1435726133855,2162.8657944576116,3
905,909,-0.003102553090949521,4,2170.742478600401,2166.178377292364,4
915,916,-0.0043976372829497975,1,2150.032525841017,2142.727495171665,1
917,920,0.0018706554786622827,3,2146.0278954375353,2152.188402172935,3
924,926,-0.004129582276965813,2,2160.136040941533,2153.375717471967,2
927,928,-0.0021448736296587083,1,2158.4886853317503,2156.0174885559973,1
933,936,-0.007919988061463188,3,2148.397464960322,2133.5305801515187,3
937,940,-0.004902685970254533,3,2140.472525825506,2132.1189337292517,3
941,944,-0.007819540211034228,3,2138.718840910096,2124.133761774413,3
946,947,-0.005066124590553691,1,2114.485388020641,2105.887626988044,1
948,952,0.004836694288824432,4,2103.5346868574265,2115.8123757505514,4
957,962,0.003547374806283826,5,2130.3509816829687,2140.038486065616,5
963,965,-0.0014738877659878002,2,2141.312669353311,2140.2979274761497,2
970,972,-0.0035738468627122344,2,2152.2246323773657,2146.685135759469,2
974,975,-0.004423569944634057,1,2147.4953425888516,2140.143242077723,1
977,979,-0.0038926198683186253,2,2137.2570100719036,2131.0747379808663,2
981,983,-0.005454488411325942,2,2126.965383124314,2117.4908404738953,2
986,989,-0.0017418612124724467,3,2124.5842164825767,2123.008069859737,3
990,991,0.002540119810617511,1,2127.44332669082,2134.974730957604,1
993,994,-0.00013069323220580328,1,2136.9676760938314,2138.825356557217,1
999,1000,0.00021395991593932493,1,2141.474958086653,2144.074622846758,1
1001,1002,-0.0011062142381395475,1,2145.6125569940446,2145.384662390961,1
1004,1005,-0.0009842244421604252,1,2142.3968993295516,2142.4306968357523,1
1009,1013,-0.002185151599553475,4,2141.344752082788,2138.8069339246617,4
1014,1023,0.006391207742763175,9,2132.962102545629,2148.7272685529847,9
1028,1030,0.0030666559429509176,2,2137.9319039265347,2146.626137409262,2
1031,1032,-0.0018525379591991993,1,2149.049782345392,2147.217635829734,1
1039,1050,-0.004268519651589672,11,2145.6710505023034,2138.6578825078896,11
1052,1054,-0.003113655097835055,2,2148.893515746957,2144.3514960126936,2
1058,1060,-0.0002506949331532257,2,2140.232972778343,2141.8366601890784,2
1064,1066,-0.004350850833560283,2,2147.4515179611935,2140.255728252203,2
1072,1073,-0.0022893755751087668,1,2160.5668064131914,2157.7810243446115,1
1075,1077,-0.006098714419323983,2,2158.8590121675697,2147.8516065929434,2
1083,1087,0.002336595381582246,4,2176.7828236727605,2184.0458671889346,4
1088,1090,-0.0018016209565618023,2,2184.681395671133,2182.9301092809524,2
1093,1095,-0.010042701972959027,2,2170.1593472365416,2150.5352430256503,2
1096,1102,-0.0024419921908990843,6,2147.940324845988,2144.843011671043,6
1103,1107,0.0006336745394462634,4,2150.6379224481784,2154.1513648656496,4
1112,1115,-0.00945036079311072,3,2151.3649223083085,2133.1851125171606,3
1117,1118,-0.0032755101689020474,1,2131.746517432326,2126.8957065543873,1
1120,1122,-0.0002068547855200091,2,2124.0853267421494,2125.770034854202,2
1127,1128,-0.0004532529985889379,1,2123.6891908278503,2124.8503115248645,1
1131,1134,0.0034274080482939832,3,2133.817254884147,2143.26453457201,3
1136,1141,-0.0014879765799908165,5,2146.357363940146,2145.3099918142525,5
1146,1147,-0.00048587113274978417,1,2148.1318249111837,2149.2362414930294,1
1148,1149,-0.003405215638164053,1,2146.907119308587,2141.74334473154,1
1152,1158,0.0024699143682432507,6,2153.601176159665,2161.073987824287,6
1160,1161,-0.0025514120281610484,1,2168.567759742103,2165.203417635757,1
1164,1168,-0.0005840811654025493,4,2168.6245659942633,2169.526537796431,4
1183,1186,0.015208915532218027,3,2169.803034332542,2204.9731884375888,3
1200,1201,-0.0026785472123087095,1,2227.882976909103,2224.1433701488622,1
1202,1203,-0.0005723075385269475,1,2227.0649994499504,2228.0174983614256,1
1204,1206,-0.002375922872991038,2,2227.252389939062,2224.187862431821,2
1208,1209,0.0013839321896634438,1,2240.8288268643337,2246.1708108362213,1
1211,1212,-0.0016033530727880946,1,2259.4412195267605,2258.077978724175,1
1217,1221,0.0020659262287885728,4,2283.1682689322624,2290.1682944127197,4
1224,1231,-0.005210280437677653,7,2303.2302543104392,2293.5330090272487,7
1234,1236,-0.0035943698863543,2,2293.645228023988,2287.694663914422,2
1238,1243,-0.0031408192249600766,5,2288.887952795126,2283.9878574620025,5
1247,1251,-0.003517645260818503,4,2298.8480278045486,2293.0603439620045,4
1257,1259,0.0029601200551132526,2,2292.4577085185897,2301.536116265593,2
1264,1265,7.077271548172268e-07,1,2349.741786040933,2352.093190803043,1
1274,1275,-0.003922992251500123,1,2388.2678984425156,2381.2870098808617,1
1283,1284,-0.0040438825262919175,1,2351.549042283053,2344.391203243529,1
1286,1290,0.005555827981073834,4,2342.232144739801,2357.5874157724566,4
1291,1292,0.0049370472076309966,1,2360.713785245804,2374.7294544325136,1
1295,1300,-0.0073783974904120765,5,2386.4235508890183,2371.2019929009675,5
1301,1304,-0.01971726860987309,3,2370.7993594186096,2326.4244709882564,3
1307,1308,0.0005104491613791813,1,2336.340993340604,2339.8699176346913,1
1310,1312,0.004850099433666094,2,2348.0965168184707,2361.833114921704,2
1314,1321,-0.01297524249272499,7,2370.3632977249504,2341.977622438839,7
1323,1324,-0.0010896790229524018,1,2341.505546010179,2341.295562080575,1
1326,1331,0.013872772272795285,5,2336.14817045777,2370.8931701924957,5
1334,1342,0.006061412358637652,8,2414.6922867515423,2431.7434247075166,8
1343,1347,-0.005968323315937081,4,2431.9074753170867,2419.824972705267,4
1349,1352,-0.0037595593268675374,3,2421.1301154704415,2414.448863278735,3
1354,1355,0.000611850447313403,1,2423.053216621128,2426.958816032203,1
1356,1357,0.003911581161858314,1,2436.4550103806446,2448.4218569113455,1
1358,1360,0.0005950371254568943,2,2466.445679272566,2470.3797516989284,2
1361,1362,-0.004136082701526945,1,2471.2219245096835,2463.4719681805946,1
1363,1367,0.004833754375560634,4,2455.7487119036864,2470.074946697032,4
1368,1369,-0.003684436490709975,1,2471.6579810904136,2465.02297221342,1
1370,1372,-0.0009732902575496297,2,2471.3910848025735,2471.4570950219427,2
1379,1382,0.00011847241466016265,3,2443.400060973556,2446.1329365397337,3
1385,1387,-0.007444755940460299,2,2438.441480959175,2422.7263207392984,2
1389,1390,-0.0008938319113400246,1,2428.358300980926,2428.6161151403226,1
1393,1396,-0.0022239976511213306,3,2443.888400611881,2440.8970869499294,3
1397,1399,0.004573769620020716,2,2450.951803055418,2464.6128437554235,2
1400,1403,-0.0012728027958734934,3,2461.287035862123,2460.6155898772927,3
1405,1410,-0.004552361462172067,5,2462.273600232374,2453.526714385585,5
1411,1414,-0.002783451926157751,3,2451.2798109550004,2446.908071254601,3
1416,1417,-0.00022794212606106986,1,2455.4879730733383,2457.383751897312,1
1420,1421,-0.0020928558992334804,1,2465.905951775215,2463.2110719088623,1
1424,1426,0.002084915525993017,2,2485.1766020540526,2492.8431619385638,2
1427,1433,0.008429668818754423,6,2498.217978150021,2521.775346321034,6
1434,1436,-0.0031468984643693884,2,2533.505438175943,2528.0662592412514,2
1437,1439,-0.0035231067798303017,2,2522.558719039044,2516.1940340325164,2
1447,1450,-0.005694522847614243,3,2508.7717122634263,2496.9942261407573,3
1451,1453,0.001609858067849797,2,2496.176797569579,2502.6914647234953,2
1456,1457,-0.006243640362646979,1,2485.529389227561,2472.496166999662,1
1461,1462,-0.00551581518111024,1,2438.469927786196,2427.4582482676183,1
1464,1465,-0.006052113744646897,1,2413.4101597491053,2401.2173371095664,1
1466,1470,0.003705734506770012,4,2411.043895573916,2422.3896280306553,4
1476,1477,-0.007616704574597733,1,2407.8868910867363,2391.954614879369,1
1478,1480,0.001672320228340496,2,2387.048502574772,2393.4274605742326,2
1487,1492,0.0012090000560157346,5,2380.2173402225026,2385.4752404603837,5
1493,1496,-0.007675521400796948,3,2392.8477913602947,2376.8742847202193,3
1498,1503,0.004503809960783144,5,2405.99081623238,2419.2329324523125,5
1504,1506,-0.003954162214315951,2,2422.6083784124103,2415.451600280819,2
1509,1512,-0.005244283119515975,3,2427.9439781362003,2417.6390964946663,3
1515,1516,-0.003954828137719725,1,2428.677502924134,2421.501178301047,1
1517,1518,0.002114787814192314,1,2420.793266472445,2428.333523839532,1
1520,1522,0.004101438294772191,2,2435.7542312533387,2448.180081165308,2
1523,1526,-0.001622073881965465,3,2453.492917170074,2451.9666633067154,3
1528,1536,0.005430590714888796,8,2438.455722267482,2454.136432993763,8
1537,1538,-0.0017887564892974327,1,2455.317392024968,2453.3807444987233,1
1539,1541,0.0039985549369193655,2,2462.969318870276,2475.280606318596,2
1542,1544,-0.000549427349502903,2,2479.5903678319924,2480.7076034361735,2
1546,1551,-0.004689731032513534,5,2486.6496035541113,2477.4745353448902,5
1553,1557,-0.0036178638899149445,4,2487.3388696412026,2480.827355032387,4
1560,1563,-0.003373607636013568,3,2472.146390690817,2466.27848514053,3
1564,1565,-0.005527340682769682,1,2469.2476133790124,2458.0684882031296,1
1566,1567,-0.0022628823793997034,1,2468.964067932949,2465.8460567161856,1
1572,1574,-0.005925761552179515,2,2454.502113914444,2442.411821771981,2
1578,1579,-0.002930948291064191,1,2419.2479837349865,2414.576540975133,1
1582,1584,-0.0017243807563121472,2,2411.9613566186267,2410.2141782269237,2
1585,1591,-0.0018937666961777798,6,2411.484514066828,2409.3292095198067,6
1592,1593,-0.004197848151538898,1,2407.9140956008873,2400.2139519612056,1
1598,1601,-0.0021732757400793677,3,2353.5723075935857,2350.8109183025636,3
1604,1606,-0.002059847585511505,2,2357.132985486721,2354.634783783323,2
1614,1616,0.0025774902697633046,2,2375.0990615987157,2383.595955381309,2
1618,1620,-0.0022509285539759625,2,2388.0906455509844,2385.103314772982,2
1622,1623,-0.0008489057622657063,1,2388.2728591093196,2388.633713376468,1
1627,1629,-0.011817683464405065,2,2374.7335748111122,2349.0444586865106,2
1635,1636,-0.0010736968051956806,1,2284.7690012383464,2284.600621062345,1
1638,1639,-0.0065073054928949875,1,2294.551976260149,2281.9151775575583,1
1644,1646,-0.0380936904024343,2,2203.429017180651,2121.695703393612,2
1647,1652,0.014859212142730446,5,2141.8221001457823,2175.7897112039827,5
1653,1655,-0.0003451938509010965,2,2175.829500339663,2177.254246875876,2
1656,1660,0.005646815682825345,4,2191.856313981029,2206.425178903298,4
1665,1670,-0.03387313150564517,5,2186.427408150356,2114.5526924346823,5
1672,1678,-0.028999703772086903,6,2130.3405814391263,2070.6916762251753,6
1679,1687,0.025012033178777027,8,2068.191496738514,2121.989362571741,8
1689,1692,-0.0019423639298506835,3,2135.745558397944,2133.732908820371,3
1694,1697,0.011651481179452139,3,2138.9138079526174,2165.9742357384002,3
1699,1701,-0.004500938720163616,2,2162.488176554734,2154.9174379655374,2
1704,1708,0.006703770479892801,4,2156.226224124793,2172.8372960581764,4
1709,1712,0.0022952206831237244,3,2189.705115992187,2196.9206775803464,3
1715,1717,-0.006547752246273855,2,2223.5058872765335,2211.170427495792,2
1718,1725,0.006469333351642307,7,2214.348326174848,2230.888031979699,7
1731,1732,0.0027713726830474092,1,2254.3691117100925,2262.871177795502,1
1737,1738,0.00028642319249548337,1,2245.5197932069414,2248.4084819481304,1
1741,1743,0.0017514473575300162,2,2256.5214314900313,2262.7301314199144,2
1748,1749,-0.005627887153608754,1,2258.834143573972,2248.3805140587933,1
1750,1753,-0.0022365215220684167,3,2249.2684701461517,2246.487201273906,3
1761,1771,-0.015127611712257287,10,2253.23541047959,2221.4025755040257,10
1776,1778,-0.008061992193615917,2,2243.4649418448157,2227.6216099388566,2
1785,1788,-0.013135384508884379,3,2165.45875112934,2139.1800765462567,3
1789,1790,-0.009807479327643379,1,2133.5010457001645,2114.7102793446547,1
1791,1794,0.0035539035576395437,3,2112.656767228494,2122.277602396847,3
1796,1797,0.0019391339606439316,1,2128.2675560389807,2134.5228194902716,1
1798,1799,0.00473902872150643,1,2133.219375610035,2145.461982875935,1
1801,1803,0.0002140795528029905,2,2165.147121158203,2167.7757820068114,2
1809,1812,0.00013552073230620252,3,2196.678998290813,2199.173372835594,3
1814,1815,-0.00504978161539301,1,2204.863744394978,2195.9345277384805,1
1816,1820,-0.007438016148326384,4,2195.2372103675616,2181.1042377578083,4
1822,1825,-0.019334682676357098,3,2158.5236230256855,2118.947777348089,3
1828,1829,-0.0008444540621634841,1,2111.6449493735704,2111.9734071675985,1
1830,1832,0.006089220700650323,2,2109.244253763976,2124.197151790487,2
1833,1838,-0.012255572335836552,5,2132.9112268238773,2108.9040902244433,5
1839,1840,-0.007845931207367037,1,2098.1987999811636,2083.8346753371125,1
1841,1842,-0.0047897398727620635,1,2088.579621108671,2080.664447641117,1
1844,1845,0.008522432635964132,1,2083.0992642278484,2102.9354366454845,1
1847,1848,0.0005595602469722458,1,2129.203063885892,2132.52368434206,1
1855,1860,0.005684953054594707,5,2167.275592316429,2181.7637279074333,5
1862,1864,-0.004147576956773069,2,2180.7318804100137,2173.8678589943347,2
1867,1868,0.0040561416763639615,1,2195.6869264422967,2206.788630619329,1
1869,1871,-0.007044977684666931,2,2216.6673027179822,2203.267598338721,2
1872,1873,-0.005657126648183446,1,2186.6632505558605,2176.4796828610934,1
1874,1881,0.031049478821442447,7,2169.8710516048754,2239.414287918547,7
1882,1883,0.002148033815971709,1,2253.470115970713,2260.5641160990704,1
1887,1891,0.00181582242507663,4,2290.034288075652,2296.48261797821,4
1893,1895,-0.003760672981885884,2,2323.728694962116,2317.3136399367013,2
1900,1907,-0.003952892240157284,7,2332.055807136392,2325.1694976398853,7
1908,1915,-0.009823920164824803,7,2331.657884319794,2311.083521296872,7
1917,1919,-0.004746391537140131,2,2320.937292164562,2312.242152334964,2
1922,1923,-0.006552255145990828,1,2324.943841145903,2312.035159739761,1
1927,1931,0.002697713204770576,4,2297.000180075947,2305.493827973174,4
1933,1934,-0.0005833416794687875,1,2309.1907331975476,2310.152876730228,1
1936,1938,-0.00790296132672087,2,2321.786801872733,2305.7595973705147,2
1940,1942,-0.004276726606347099,2,2294.3131759114535,2286.7953388846518,2
1945,1950,-0.007059240607968628,5,2299.5951811670834,2285.661380663467,5
1951,1952,-0.0037941568076844223,1,2280.177800218228,2273.8066258950175,1
1953,1957,0.00351125737194455,4,2267.1875010542617,2277.4153673819733,4
1958,1959,0.00948061988187009,1,2305.9323759318545,2330.099976637294,1
1962,1965,0.003997388129722665,3,2369.331506231995,2381.1719753766165,3
1969,1970,-0.0011394954935372743,1,2427.8570832405994,2427.518408118535,1
1971,1973,0.0042697939355067546,2,2426.2930913536225,2439.0791559721997,2
1975,1978,-0.00699610059371352,3,2440.9298468268494,2426.293785923078,3
1980,1981,-0.0043866216207985465,1,2424.690129407519,2416.478621391531,1
1983,1984,-0.004154652563839129,1,2421.6418147378113,2414.0023761782486,1
1985,1993,-0.008434709948996588,8,2414.487231949315,2396.5362197042164,8
1994,1996,-0.0035293264005017274,2,2390.4520972380847,2384.4058636394057,2
1997,1999,-0.0012112450257704623,2,2376.6853195326416,2376.1832565810687,2
678,680,-0.0003457807648031199,2,1988.2898730715672,1989.5906505516778,2
683,688,0.0033827170267342653,5,1994.1219283521732,2002.8616004809464,5
691,692,-0.0031011628732397043,1,2017.4326422513252,2013.1936876841648,1
696,699,-0.002638842701508809,3,2019.3729220132414,2016.0634874383754,3
701,707,-0.005057861752292376,6,2025.3784896029117,2017.1597836960364,6
710,711,-0.0028746256121739634,1,2006.7043453182214,2002.942525956427,1
712,715,-0.0005293286171767066,3,1998.6324308667633,1999.5731299567549,3
720,722,0.007323508516436151,2,2006.8562023100847,2023.5602870012754,2
723,729,0.006931487437273043,6,2029.4467135274765,2045.5432446404348,6
730,732,-0.002737445987026678,2,2047.5916611668683,2044.0340812521047,2
733,739,0.00793636874627885,6,2047.3911004302847,2065.6873422715794,6
742,745,0.0023930302012374937,3,2062.9643445856323,2069.9640449108874,3
746,747,-0.0010546348832895852,1,2065.861993435824,2065.74912530692,1
753,757,-0.008297869200568748,4,2063.525113552183,2048.4657771813904,4
758,759,4.858622564207424e-05,1,2054.752570001577,2056.9071552435835,1
760,770,0.010652995820922904,10,2064.9246769722,2088.9872356034775,10
773,778,-0.006201039069509626,5,2087.651639528329,2076.793681787616,5
780,783,-0.003309664707939169,3,2078.3983529752372,2073.5979496503314,3
784,786,-0.0009123439776346487,2,2077.63315692416,2077.8152739826305,2
800,802,-0.0020520610564517764,2,2073.9767214752846,2071.794771334633,2
803,804,-0.0024151874235975148,1,2072.919198866627,2069.985629686257,1
812,813,-0.001684214944641698,1,2084.535915551773,2083.10964492571,1
814,821,-0.006457044902463623,7,2088.698640041648,2077.300517775226,7
822,823,-0.003812505650813869,1,2079.2029219399487,2073.355151972804,1
827,831,-0.0022955977383152144,4,2065.197937235437,2062.5222714587817,4
833,835,0.0033370404277667668,2,2059.883239927971,2068.8170368160177,2
837,839,0.0008350988007544576,2,2072.438243106389,2076.2413720409513,2
842,843,-0.0010748593064367747,1,2076.5505904693005,2076.395141332317,1
844,847,-0.000988275287540917,3,2079.5775877479364,2079.601970197189,3
849,855,-0.0018257058276686313,6,2076.9301759165123,2075.215242566597,6
860,861,-0.00021144611246894367,1,2061.4905704219896,2063.1161668254044,1
864,869,0.00233571762965745,5,2073.7489453816224,2080.6663862982155,5
874,879,0.02098307805066205,5,2099.6964599137364,2145.854251074719,5
880,883,0.007870523277703389,3,2162.0521579841734,2181.230691979181,3
885,888,-0.002521590339727895,3,2174.8917906140277,2171.582496275476,3
889,891,-0.0036909254400005007,2,2173.9309859344867,2168.08109973963,2
895,898,-0.003169748504816624,3,2166.0628600429986,2161.3630483910815,3
899,906,-0.0015574802451910129,7,2166.28984570715,2165.0821819128105,7
909,912,-0.005336821803889409,3,2168.5295132332885,2159.1249871579207,3
914,916,-0.00531557151385667,2,2153.9075977507573,2144.6122554784247,2
924,926,-0.0056879203988805934,2,2160.7524594498354,2150.623023918249,2
927,928,-0.001864210453044469,1,2157.0793237014755,2155.2151532018866,1
931,932,-0.004423476485502043,1,2155.9072586468296,2148.526560841929,1
937,940,-0.0019805227696626728,3,2138.546720171554,2136.4498264184385,3
941,942,-0.003610402335262252,1,2136.6276901436663,2131.0502322317293,1
943,944,-0.0032942515504888496,1,2131.3131881160707,2126.423419529658,1
949,953,0.0034823855671957792,4,2110.569945905002,2120.0303341690837,4
954,956,0.0010085064337641753,2,2118.0896813523364,2122.343878104622,2
957,958,0.0005268197302751979,1,2130.233145388942,2133.485627385408,1
961,967,0.0017606786927964026,6,2142.6711556111068,2148.586382216072,6
969,970,-0.0007139063854092456,1,2149.4076821536846,2150.022613966701,1
975,978,-0.008931679642193293,3,2145.0898564657637,2128.075690920559,3
980,982,-0.004009813346093812,2,2129.259917897086,2122.8512429788966,2
984,988,-4.617147705647442e-05,4,2120.9489997763426,2122.972021428038,4
989,991,-0.0020714822125232836,2,2132.960641548176,2130.675212160745,2
993,995,-0.0025855177045906647,2,2142.4303343096276,2139.0334730837276,2
997,999,0.0010218366166833922,2,2138.811222504157,2143.135549349989,2
1000,1002,-0.0011926097276295038,2,2146.488181097057,2146.074746593136,2
1003,1004,-0.002372906642302529,1,2143.5169656770345,2140.5741169969683,1
1009,1012,-0.004605977041713517,3,2144.3739298960836,2136.6413667360293,3
1013,1014,-0.0038563655391461874,1,2135.2554675050806,2129.1563973704256,1
1017,1018,-0.0014787907215641823,1,2142.2742609313445,2141.248559892165,1
1019,1022,0.0014684231091252969,3,2144.138383473924,2149.4310242088536,3
1025,1028,-0.005185154985204155,3,2149.2170455015635,2140.222239069297,3
1030,1031,-0.0017362379659496266,1,2144.841748317986,2143.2626343919205,1
1040,1042,-0.0018873272893077347,2,2145.74901363537,2143.845031979566,2
1045,1048,-0.003347836395563388,3,2143.942009091511,2138.9083840125886,3
1049,1052,0.0009750220127010918,3,2140.912957013269,2145.1413072306473,3
1056,1061,-0.003947365071040201,5,2149.4564583613524,2143.1212254742563,5
1063,1064,-0.0036015689109835346,1,2146.679396816865,2141.0946624362573,1
1065,1066,-0.003088642820911425,1,2139.3196459707365,2134.851371350545,1
1067,1070,0.0035952373802771364,3,2138.827568390907,2148.655988783144,3
1074,1077,-0.0014211498719204426,3,2154.018478916435,2153.111314309925,3
1080,1082,0.003342583000622363,2,2154.222574714317,2163.5774650468284,2
1085,1086,-0.0005022272827193348,1,2184.4236393571105,2185.5109858477654,1
1087,1090,-0.004295654496947754,3,2186.205040559315,2179.000064086146,3
1091,1092,-0.0035658787825597433,1,2179.311292772412,2173.7194441656943,1
1096,1098,-0.007627664875039274,2,2148.697649055768,2134.4568011200417,2
1100,1101,-0.0019276597401598058,1,2147.6075359104184,2145.6152868616905,1
1102,1104,-0.0008264532132198486,2,2149.3855556777444,2149.758574634484,2
1107,1111,-0.002278274117319609,4,2156.0616828316265,2153.3056449871183,4
1115,1116,-0.0023576243092577184,1,2130.975082661849,2128.0820190872046,1
1117,1118,-0.001310230657860518,1,2130.0166736858755,2129.355877211944,1
1119,1125,-0.002420992114544194,6,2129.351735215874,2126.3259431910415,6
1127,1128,-0.000532318690011861,1,2125.264061353441,2126.2580076337254,1
1130,1133,0.0008898340697964624,3,2133.4133631981276,2137.4451604568585,3
1134,1141,-0.0007194135613523979,7,2143.67959926801,2144.28108669237,7
1142,1147,0.00039937645281148374,5,2147.358634145606,2150.363597253971,5
1148,1149,-0.001957300299824152,1,2147.50046208368,2145.4446592474546,1
1150,1152,0.0013348349167085238,2,2148.372232356709,2153.3883268589025,2
1154,1155,-0.0013778153622690996,1,2159.8811119282336,2159.0650756634723,1
1156,1157,-0.004118501139370449,1,2161.94215351208,2155.2001344430996,1
1158,1161,0.0013439203863347977,3,2160.383707396074,2165.447474810145,3
1162,1163,-0.0028576095491859724,1,2170.0460208303407,2166.0149226198732,1
1167,1172,-0.004782774102741213,5,2171.3628036598584,2163.1490286785183,5
1175,1177,0.0025755691773171174,2,2170.1773261296735,2177.936945286295,2
1178,1179,-0.004782101550560215,1,2172.586958604944,2164.3700141000772,1
1180,1181,-0.003025468451343229,1,2164.8376714653814,2160.452861059549,1
1182,1187,0.017135550533522555,5,2169.726468507558,2209.075652521098,5
1188,1192,-0.0009200730901964332,4,2213.480660494964,2213.6575771640673,4
1193,1201,0.0037577611458490473,8,2215.2553715128643,2225.7950274475816,8
1203,1204,-0.0033178955157740536,1,2227.1820699140776,2222.0196945814114,1
1206,1208,0.00526028242593165,2,2225.130340657169,2239.0602850241926,2
1209,1215,0.01050506973936675,6,2248.939834780776,2274.8140444195687,6
1218,1219,-0.004441239774673611,1,2284.6529076731767,2276.790869215968,1
1222,1225,0.001657302787178273,3,2296.2956459749626,2302.397598795197,3
1226,1229,-0.006828114339201033,3,2291.2132545539635,2277.85980173093,3
1233,1234,-0.002767677701072736,1,2298.6341738417123,2294.5709294696885,1
1235,1237,-0.003007909717914529,2,2295.0988417203603,2290.4904904524956,2
1238,1240,-0.0057600176625112656,2,2284.5452796484687,2273.6708037665353,2
1242,1245,0.0032892559921538205,3,2281.799443131037,2291.58666506538,3
1248,1251,-0.0026915238944447517,3,2296.985471932843,2293.1000661218764,3
1252,1254,-1.350556380573715e-05,2,2290.76683177862,2293.026660512788,2
1256,1263,0.023504934736727705,7,2290.0755878497707,2346.1937406722027,7
1265,1266,0.000155371749119129,1,2358.7753086555194,2361.50057100966,1
1267,1268,-0.00029328317653774707,1,2369.4260543917244,2371.100567646313,1
1269,1271,-0.0029159419749970683,2,2377.4039527675554,2372.848984742924,2
1274,1275,0.00045875395090665474,1,2381.4423632651233,2384.9163017213928,1
1277,1278,-0.0015636578502371055,1,2382.5178862577127,2381.174961347793,1
1280,1281,-0.0005893154909501592,1,2378.410655439411,2379.387431851759,1
1282,1283,-0.008429204852677494,1,2367.507560908583,2349.9188622483302,1
1286,1287,-0.000762506995591549,1,2343.242078891479,2343.7985824928514,1
1289,1290,0.002325481095904566,1,2350.6882853171674,2358.505454772354,1
1292,1293,0.0015713531096599323,1,2376.0329926231893,2382.1426124474256,1
1294,1305,-0.028504930018002656,11,2388.929359490938,2323.222024640188,11
1308,1311,0.002687378692394235,3,2344.6900653509306,2353.335825538174,3
1312,1315,0.0033244078761553893,3,2359.430257958066,2369.633396748819,3
1316,1319,-0.013515526116661056,3,2365.5041808788533,2335.898651523993,3
1322,1325,-0.005464890507003109,3,2343.118211374385,2332.6564451156332,3
1326,1328,0.005126896556576845,2,2335.119769884073,2349.42680716137,2
1330,1333,0.014217132972995664,3,2362.604141928806,2398.5562033190868,3
1338,1339,-0.0036005129102103335,1,2433.6326802437093,2427.3039870400257,1
1340,1341,-0.0019751058459365023,1,2436.1235432269405,2433.7480649185163,1
1342,1343,-0.0017835517083650688,1,2436.1787939508813,2434.2699218949983,1
1345,1349,-0.006087799955281275,4,2437.137799435606,2424.7381298486234,4
1354,1359,0.014308581723352153,5,2425.319536689776,2462.4477390224342,5
1360,1367,-0.0007031951694388628,7,2464.517937633827,2465.249418462721,7
1370,1375,0.00014715906037770328,5,2467.5919588610527,2470.4226793339753,5
1377,1378,-0.005626867417123188,1,2462.9880409381544,2451.5921218227736,1
1379,1380,-0.0052433986151959894,1,2450.4023130565192,2440.004279274622,1
1381,1384,-0.0030822621815433074,3,2446.1083383140476,2441.0148994292185,3
1390,1397,0.007342503886698787,7,2433.613856992457,2453.9162900531405,7
1399,1400,-0.004130581044188733,1,2467.7002505673095,2459.9749149401437,1
1402,1407,-0.0004189996865200451,5,2463.1989808591534,2464.630100239196,5
1415,1416,-0.0020381193591556142,1,2456.339215890611,2453.7892425979417,1
1420,1421,0.0011002130650093317,1,2464.7117402601116,2469.8881600584878,1
1424,1425,0.0008104269380574615,1,2483.256750322386,2487.7525052372825,1
1428,1429,-0.0006358420457908596,1,2494.541957861245,2495.4503651573086,1
1431,1433,0.0068340952844047785,2,2502.397646389164,2522.001667990447,2
1434,1437,-0.0044165029701008765,3,2525.43373496889,2516.8055831125757,3
1438,1444,0.000993857010582281,6,2511.9391076077472,2516.9475550076068,6
1448,1449,-0.003282644713454062,1,2510.118150196619,2504.3884422709275,1
1450,1451,-0.005652089436524057,1,2502.8571329172696,2491.2136176880963,1
1453,1458,-0.020643710790589673,5,2500.144950505774,2451.0328261634854,5
1459,1461,-0.0037628101896116733,2,2440.71442211738,2433.971191442022,2
1467,1469,-0.00017019452042478143,2,2414.8699543297316,2416.873826650296,2
1472,1475,-0.010392284281910753,3,2440.7304744264097,2417.806439955074,3
1478,1483,-0.012486383786749742,5,2384.9429901816225,2357.548619686878,5
1484,1485,-0.002353529112044382,1,2370.529401532137,2367.320820976206,1
1487,1488,-0.0012536802832420165,1,2377.7179488957577,2377.114768733012,1
1495,1497,0.010241434368850388,2,2371.6717225046195,2398.3327145176136,2
1498,1499,-0.000186737668003304,1,2403.9272918781517,2405.882315393495,1
1500,1502,0.0008742503925167995,2,2408.4549642506927,2412.9690119127986,2
1504,1505,-0.003764384868582862,1,2419.703091353246,2413.0141007410457,1
1509,1512,-0.006062011788574663,3,2430.038435947106,2417.737552737652,3
1513,1515,0.0026003132324775185,2,2416.5394456081685,2425.2397445509955,2
1519,1520,0.0013865212349821114,1,2434.16176260488,2439.970941340718,1
1522,1523,0.0016262824817337511,1,2446.2728789628736,2452.697482570434,1
1525,1526,0.0018151124556119455,1,2448.7345476203486,2455.628010745842,1
1527,1528,-0.00476656205797291,1,2445.175109630099,2435.9652058370666,1
1531,1533,-0.0036177049209166873,2,2431.0518420835892,2424.6880657135634,2
1534,1538,0.006330925722161925,4,2432.853435197283,2450.688503023621,4
1558,1561,-0.006302286824080125,3,2484.5266964772354,2471.353023310429,3
1562,1565,-0.004240204622437932,3,2468.7772705039297,2460.777926980273,3
1566,1567,-0.0013452774608746414,1,2467.8092732772952,2466.957194357495,1
1572,1576,-0.010687362816427182,4,2458.1958329554673,2434.3823980477982,4
1580,1581,-0.0060617561571172165,1,2425.396409086734,2413.119643879589,1
1582,1583,-0.002278579840290703,1,2409.0376817075635,2405.9575346932315,1
1593,1594,-0.003787598185837975,1,2403.50082576213,2396.800831220575,1
1601,1603,-0.001949419917076137,2,2356.5120078009095,2354.274688365874,2
1606,1608,-0.0006804903436470953,2,2355.81169657976,2356.5644011653662,2
1610,1613,-0.00013235099561882072,3,2370.568436076699,2372.6252574200785,3
1614,1616,0.00013286236218379866,2,2375.6459635600813,2378.3372434580724,2
1623,1631,-0.027832780437976386,8,2385.5454878353107,2321.5346695354206,8
1633,1634,-0.0004141261748067935,1,2293.2134222870795,2294.5569560067793,1
1637,1638,-0.0008338375837179783,1,2293.542289068144,2293.9233895967404,1
1640,1641,-0.004121431665087128,1,2280.698246393979,2273.579202669176,1
1643,1647,-0.045015635399195605,4,2242.112513923534,2143.424506986702,4
1649,1655,0.0070292645379107675,6,2163.7532947116893,2181.1266423097054,6
1664,1671,-0.0341688153769802,7,2195.314110439397,2122.4981420157533,7
1672,1673,-0.0027649837962789806,1,2128.4518410232045,2124.6951580126383,1
1679,1681,0.008723849972150977,2,2067.3127906300315,2087.4150300516267,2
1683,1689,0.01608220360062395,6,2101.801219415594,2137.704615773691,6
1690,1692,-0.0007406999521235288,2,2134.8136300937963,2135.367187370287,2
1697,1699,-0.0018399253178957619,2,2165.084314853477,2163.2658057220524,2
1701,1702,-0.004956117625246978,1,2160.408595696789,2151.8617651736176,1
1703,1705,-0.0012503106690072777,2,2147.9472650576186,2147.4096109407096,2
1706,1711,0.012835133444749545,5,2158.281355602234,2188.1414661683057,5
1712,1717,0.008608149774107163,5,2193.44015430045,2214.5150558235096,5
1719,1724,0.009325796323883816,5,2215.6760446492635,2238.5546642060203,5
1727,1731,0.012250424912221072,4,2227.486373774969,2257.0015147136696,4
1735,1744,0.007092688026235419,9,2246.7194946001605,2264.901494552421,9
1754,1755,-0.00020473145488251023,1,2257.176211149039,2258.971272390553,1
1760,1761,-0.006165086387848356,1,2260.6253438063895,2248.94901861507,1
1763,1771,-0.010584848619228742,8,2246.6323944643273,2225.0987630603313,8
1772,1774,0.0011497360439528324,2,2233.0775167083693,2237.878043934978,2
1775,1778,-0.00681801319576001,3,2244.2273335249006,2231.1703892841674,3
1781,1785,-0.023734139622725532,4,2213.178716601099,2162.864002647845,4
1786,1787,-0.0013946834090094594,1,2145.9610037483226,2145.114028543762,1
1789,1792,-0.008336114024474386,3,2134.14559785853,2118.4892624078097,3
1794,1797,0.0046113510587922285,3,2119.7374622346515,2131.6320532877235,3
1799,1800,0.003758208471495811,1,2149.2604657776124,2159.4870951333264,1
1801,1808,0.01063120655494922,7,2162.2806268542977,2187.430559455005,7
1812,1816,-0.0035278528955328616,4,2198.6335069675156,2193.075684890712,4
1821,1822,-0.007349141220483396,1,2171.638440545966,2157.8504014071095,1
1823,1825,-0.01878477250855755,2,2153.4458080073036,2115.147264202387,2
1832,1837,-0.0046456460628305106,5,2124.326175038722,2116.581633682524,5
1841,1843,-0.0021698187096197714,2,2081.440377733927,2079.005469837096,2
1851,1853,-0.002549813505120583,2,2150.2092165001313,2146.8767932175647,2
1855,1861,0.006986648627602963,6,2166.7742148014545,2184.079479110424,6
1862,1867,0.00786440333492822,5,2179.4471378221206,2198.7666362989307,5
1868,1874,-0.019671137830504663,6,2209.3867889074727,2168.135023650885,6
1876,1877,0.006048098706540113,1,2172.0117026415014,2187.320255513479,1
1878,1879,0.004683564749199313,1,2200.791155263986,2213.299494294394,1
1880,1881,0.00741668469193696,1,2224.3089324665098,2243.0302394085393,1
1883,1884,-0.0006655208732509354,1,2263.832677576646,2264.5898823537477,1
1886,1887,0.001893267446806333,1,2282.458102455945,2289.0618641824803,1
1890,1892,0.005689266875248477,2,2291.593925325192,2306.92300866139,2
1894,1898,-0.0008038396004397337,4,2322.4871688220005,2322.9427488330102,4
1901,1904,-0.0063167236772761585,3,2335.670398742996,2323.252284631686,3
1905,1911,0.002642902883337668,6,2328.4061074419255,2336.8882647643068,6
1914,1915,2.5823010255533307e-06,1,2312.1182117734656,2314.4363005704686,1
1918,1919,-0.002317030796685821,1,2318.295856969327,2315.242589929869,1
1921,1936,0.0003698909879013008,15,2320.9782018670744,2324.1576889889275,15
1938,1942,-0.005539997116339409,4,2301.361362598859,2290.9131886490054,4
1943,1948,1.5334920785356042e-05,5,2291.3238321671647,2293.6502932687918,5
1949,1954,-0.012239750304116781,5,2293.811204520357,2268.029339336763,5
1955,1962,0.046743215267711295,7,2257.290641810837,2365.060954844602,7
1965,1969,0.015226001601080272,4,2387.9153396826323,2426.661657807567,4
1970,1974,0.0027403095631068023,4,2433.4704416890313,2442.5723744536185,4
1975,1979,-0.009785107753541914,4,2444.432987812732,2422.9583806184846,4
1980,1982,-0.0017175120709476328,2,2418.9920681637013,2417.2564121552673,2
1983,1984,-0.0005101245573782568,1,2413.957016952751,2415.1395552149006,1
1985,1987,0.006288131173414233,2,2414.318985301963,2431.914858761308,2
1988,1989,-0.005817444314883614,1,2433.914254766545,2422.189008377006,1
1993,1994,-0.0020780617364939283,1,2398.650592826066,2396.0646994027215,1
1995,1996,-0.006044784792685436,1,2393.889107682915,2381.812452317101,1
1999,2000,0.001501412391583142,1,2370.633894540707,2376.563827540418,1
672,673,-0.0020009762584426833,1,1979.015890464884,1977.0349425434479,1
675,677,0.0002906863376712686,2,1986.4414973125656,1989.0053702137302,2
680,684,-0.0002751902315011641,4,1992.4206639368595,1993.8647898970398,4
686,687,-0.0007287921721070596,1,1997.324699618918,1997.8663897122985,1
689,692,0.004102351628265031,3,2006.893906364637,2017.1337847555317,3
693,695,-0.0020572506852277244,2,2016.0932885417706,2013.9617725309768,2
696,697,0.000137058632027286,1,2016.3096599804892,2018.60232228421,1
698,704,0.0022485141214475036,6,2021.400609026266,2027.9671574497904,6
706,709,-0.006901817299724244,3,2020.583015873994,2008.65790407538,3
710,712,-0.006810868794694714,2,2007.8788799407175,1996.2113592137434,2
715,719,0.0011939486629138148,4,1996.8579316717723,2001.2389354609925,4
720,721,0.0010313226964046161,1,2009.252307014512,2013.333746828554,1
727,730,0.005529566365411992,3,2031.0952109924797,2044.3573819671255,3
733,735,0.002408815085319402,2,2050.0614399443957,2057.04972030671,2
738,739,-0.004252155166788131,1,2072.1199950826867,2065.3811393344736,1
742,743,-0.0022656158108420514,1,2065.1720718806623,2062.5583574543807,1
746,747,-0.0030215752028371376,1,2071.061357264468,2066.874550981068,1
750,752,-0.0017101502811778615,2,2063.9052190763873,2062.4395362047358,2
754,758,-0.005543977432079409,4,2058.80136738655,2049.446220436011,4
759,760,0.0025325106719608294,1,2056.884057114996,2064.1500219977406,1
765,766,0.0005181962434901034,1,2078.5628335266633,2081.7184998123817,1
769,772,-0.00037477715189835866,3,2089.085361173002,2090.391505072442,3
773,777,-0.004319248505376702,4,2086.3724985928507,2079.4473097952373,4
783,784,-0.0005811297164743526,1,2077.179356244053,2078.0494249499366,1
788,789,-0.0004979911002334259,1,2075.976499592892,2077.018658271394,1
792,794,-0.002132681618848729,2,2072.7687208491216,2070.420933818891,2
798,800,-0.0037383198905030775,2,2076.907413326845,2071.220176446199,2
803,809,0.00670457075579474,6,2073.8111399404593,2089.788964602286,6
811,814,-0.0025469519370333133,3,2090.809156727656,2087.574775452689,3
821,828,-0.007609263889031957,7,2079.708587081584,2065.963244217276,7
830,834,0.0012337988022654237,4,2060.9459471352925,2065.549685723537,4
837,838,-0.0021239156283920126,1,2075.582701164307,2073.249921328448,1
847,850,0.0005965399290226896,3,2074.1496030277826,2077.461065687783,3
859,862,-0.0015172399102246358,3,2070.933182111975,2069.862012818778,3
863,864,-0.0016377157258592643,1,2069.867696863305,2068.547709682567,1
872,875,0.009536953756991592,3,2090.232857190896,2112.257544148461,3
877,879,0.005793194008577671,2,2131.49611985723,2145.9757865279507,2
886,888,-0.0018552835587287713,2,2176.2089042628827,2174.3476285667075,2
895,897,0.0005360677000038803,2,2165.0982416207626,2168.4239790970514,2
898,899,-0.003944239961280449,1,2170.803356358102,2164.411990368231,1
901,904,-9.510961153133752e-05,3,2166.113589423582,2168.073684790983,3
905,909,-0.0025451798996155147,4,2170.7567365174086,2167.402526841187,4
910,912,-0.0014283588973347107,2,2167.507759832597,2166.5792885986307,2
917,922,0.004345729673176385,5,2144.631092355714,2156.0957104241365,5
924,926,-0.00013115901938023087,2,2154.87462369419,2156.7468670753533,2
929,930,-0.002876597517992597,1,2156.7023338924705,2152.655071645639,1
932,933,-0.0037306410294867982,1,2150.4673767810186,2144.5952223294075,1
936,943,-0.005072266926598765,7,2135.968308663258,2127.2700755636256,7
944,945,-0.007245618806838802,1,2131.5887177170234,2118.2756271332046,1
946,949,-0.0036463849408452827,3,2115.8969434471796,2110.2974656396605,3
954,956,-0.0018897923183925694,2,2121.939116989922,2120.0510318635274,2
958,960,0.0007012186173084088,2,2136.194851591547,2139.828986043273,2
961,963,-0.0024514373275754432,2,2140.063029500516,2136.956862136135,2
964,965,-0.0015870648520687777,1,2141.79104472701,2140.533674484175,1
970,971,-0.0004156597236447643,1,2146.704039671808,2147.9584453036027,1
973,975,-0.0019079321514157278,2,2145.385773108544,2143.437908387949,2
976,978,-0.006474525529330423,2,2139.507985021483,2127.7951939372765,2
979,980,-0.002889537164886271,1,2128.575264241597,2124.5532421715548,1
981,983,-0.005309490919373653,2,2128.2767560750694,2119.10496672085,2
985,987,0.001125423009449044,2,2120.80207243508,2125.3096739583207,2
989,992,0.0012626918807067972,3,2131.1604418145093,2135.9826012426865,3
997,1011,-2.8469127689653706e-07,14,2139.395294298938,2141.534080526059,14
1017,1018,-0.0020956526674224584,1,2139.5017068708034,2137.1575561187155,1
1019,1022,0.0026566708394067068,3,2140.037228723699,2147.862640453218,3
1023,1024,-0.0006661783632998616,1,2147.5826112382665,2148.299520780499,1
1029,1030,-0.00010842171012126348,1,2143.5402533182128,2145.4513872715524,1
1031,1033,-0.001624382441298213,2,2149.270193476431,2147.9282269060186,2
1036,1038,-0.00432208323346304,2,2152.3197859289608,2145.1696004550754,2
1039,1042,-0.0023550718407359915,3,2145.753876771373,2142.84622611581,3
1043,1049,-0.003180251686892151,6,2145.5678922419947,2140.8900142255925,6
1050,1051,-1.0682650268956442e-05,1,2139.366428417214,2141.4829407422794,1
1052,1053,-0.001990400581591456,1,2146.452170521708,2144.326323043665,1
1056,1059,-0.004785362011310817,3,2149.7869697389992,2141.6492478113382,3
1065,1066,-0.0013157875629029412,1,2139.2799686870812,2138.6044106794025,1
1067,1068,0.0021108569675807754,1,2137.705126696683,2144.3552215847003,1
1070,1072,-0.002628447063145187,2,2152.021124829126,2148.516672348572,2
1074,1075,-0.0022458236232226368,1,2152.742962252736,2150.0610242156354,1
1079,1080,-0.0029902234933048325,1,2153.3157420343055,2149.0301624560057,1
1081,1087,0.009060422146038409,6,2159.010218782841,2180.730773001407,6
1088,1089,-0.0013566386611561288,1,2183.019324968647,2182.2407758793124,1
1093,1094,-0.008410449000394503,1,2171.9986573953997,2155.903172115846,1
1098,1101,0.0002541718186234794,3,2141.2980720480764,2143.983627745312,3
1103,1105,-0.005339377017669197,2,2155.231826357449,2145.879462902404,2
1110,1113,-0.006180092551248905,3,2154.711679422645,2143.5500735019787,3
1117,1118,0.00048178926080691756,1,2126.8023123942235,2129.9537852205885,1
1120,1124,0.0003134412551028102,4,2125.461137503886,2128.2528058480016,4
1126,1127,-0.0005339011907371978,1,2122.9462318760748,2123.935734586881,1
1128,1131,0.0008868868180578926,3,2131.235002460382,2135.256401692708,3
1132,1133,-0.00043481377837327787,1,2138.7515865786654,2139.960379506882,1
1135,1139,0.0009736793946425017,4,2139.254534364667,2143.476736959038,4
1140,1144,-0.0007419241908206157,4,2146.5849320042353,2147.1389136475345,4
1146,1148,-0.0016474826552047087,2,2148.0888238264993,2146.6979735712325,2
1151,1152,0.0016714463422771884,1,2144.049000721925,2149.7767125825667,1
1153,1154,0.0002066710935497071,1,2156.5826196184735,2159.184905526419,1
1156,1157,-0.0026311378609554454,1,2158.294837780729,2154.77436135572,1
1165,1168,-0.002434511668817312,3,2170.6667091548516,2167.5528624314557,3
1170,1174,0.00021659989826778247,4,2164.1820104606404,2166.8149540744,4
1177,1179,-0.00885475672996008,2,2181.578154036081,2164.442388348732,2
1181,1183,0.0028695839681336086,2,2158.6054684731225,2166.9583735874517,2
1185,1191,0.004163680470039775,6,2196.9033067082282,2208.2474134076433,6
1194,1196,-0.0010258272207986567,2,2215.186542927959,2215.1293308160048,2
1197,1199,0.0022429011143804034,2,2218.970726245782,2226.166628886702,2
1202,1203,-0.00113991479597048,1,2225.506332630684,2225.194951366223,1
1204,1206,-0.0017137256332446398,2,2224.6118083570595,2223.0240458854164,2
1208,1210,0.0053107081516412125,2,2237.6305691513426,2251.7516026244475,2
1213,1216,0.004006816061143964,3,2269.200528830822,2280.5619984845284,3
1218,1219,-0.00040396961989740663,1,2278.145490371737,2279.5033342942925,1
1221,1231,-7.465778337964609e-05,10,2288.75573423516,2290.87361653958,10
1232,1233,-0.003953629067187256,1,2302.527878745381,2295.7270654747094,1
1235,1239,-0.0069849186646746015,4,2296.646954627787,2282.9017094028673,4
1240,1250,0.006139798784393017,10,2279.9900079559834,2296.2686778432158,10
1251,1257,-0.003387692048498859,6,2296.6724690136393,2291.188722421369,6
1259,1262,0.013269898534270453,3,2303.231242435845,2336.0981185663663,3
1263,1268,0.01249376123985928,5,2344.106793003054,2375.7376103885695,5
1269,1274,0.0018318796343694678,5,2378.0108542891626,2384.7450947977336,5
1276,1286,-0.023184619998328358,10,2389.819109943551,2336.8018811247102,10
1288,1291,0.006828152183626176,3,2349.2375793532283,2367.627768639899,3
1294,1295,-0.0009556841442676091,1,2385.9271797089377,2386.0329141136217,1
1300,1304,-0.020687523375191107,4,2372.7550263284456,2326.041356284002,4
1308,1317,0.005614533613160693,9,2342.8592229189367,2358.3561439998375,9
1319,1321,-0.0031010823801510376,2,2340.533401608221,2335.615748117947,2
1322,1323,-0.0008221080891768342,1,2344.1335734626027,2344.5505758632107,1
1324,1325,-0.006214618834129628,1,2344.0504714720932,2331.8271417354044,1
1326,1330,0.009959407025292057,4,2333.2851430181504,2358.856564606553,4
1334,1340,0.006743518707315631,6,2414.2106389991486,2432.905124245639,6
1342,1345,-0.0011380083125450654,3,2435.0686188048076,2434.732559093795,3
1346,1349,-0.004719610615940662,3,2426.9054283327487,2417.878285137638,3
1351,1355,0.001811482451663281,4,2419.883735301912,2426.687195958779,4
1357,1359,0.002107850191599133,2,2458.132560044679,2465.77206779239,2
1365,1368,0.005331644022732444,3,2455.9935065122136,2471.5439831175913,3
1369,1374,0.0002985682354051187,5,2468.4246373141364,2471.630055139644,5
1379,1381,1.8781012046685747e-05,2,2443.714148033046,2446.203757605932,2
1393,1398,0.008145620724643955,5,2442.6054477403486,2464.944590745331,5
1400,1401,-0.0014931065570031167,1,2465.895662180892,2464.679712860985,1
1402,1403,-0.0018879233838425301,1,2464.634909226232,2462.4465022576956,1
1404,1406,-0.0028315768249821266,2,2461.156721130427,2456.6489235173553,2
1407,1409,-0.00030735266893471187,2,2462.84336768242,2464.5492495678773,2
1410,1412,-0.006013005997559258,2,2461.0779126776547,2448.740514340941,2
1417,1418,0.0012220352951928912,1,2456.1617809248546,2461.6194590927735,1
1419,1421,-0.0020756347503507614,2,2467.695606910557,2465.0412677624763,2
1422,1431,0.009125531600387662,9,2475.561988528319,2500.628369671881,9
1440,1441,0.002458793597842218,1,2518.8429881973825,2527.5551461989294,1
1450,1457,-0.009875838161336407,7,2496.0379461882776,2473.883517333356,7
1458,1461,-0.00535539417234235,3,2451.348160675885,2440.671573182495,3
1465,1469,0.001435744984753632,4,2410.500320396994,2416.371684463148,4
1470,1472,0.0009538663404610589,2,2425.548937875308,2430.288136302164,2
1474,1475,-0.005194755108444282,1,2431.0379808935945,2420.840371904419,1
1477,1479,-0.007255363555212593,2,2394.795999621908,2379.815680003704,2
1480,1481,-0.0021042533132664934,1,2390.8780997308495,2388.2379646676054,1
1484,1485,-0.00255500631444581,1,2370.9164088346993,2367.229618847938,1
1486,1489,0.0030956972376716425,3,2375.5673874646177,2385.2969922513594,3
1490,1491,-0.002159694073159418,1,2388.643247936582,2385.873152519058,1
1494,1495,-0.0030369960888410354,1,2371.2445646689766,2366.4143487650604,1
1501,1502,0.0008757954934914994,1,2410.3403836816433,2414.861689311134,1
1505,1506,0.0031052381636615164,1,2411.1229855290435,2421.021219626519,1
1508,1509,-0.00040190314225929506,1,2425.271769899953,2426.7223173246975,1
1510,1511,-0.004162735862973006,1,2433.3824031858258,2425.6862573909425,1
1516,1520,0.003878846895857173,4,2420.8178356762223,2432.628635259247,4
1523,1528,-0.006880783591969684,5,2451.8857306539003,2437.466721279686,5
1531,1533,-0.00011249028081235398,2,2426.5363263318573,2428.6899009054387,2
1535,1536,0.006181311836860951,1,2435.112921752759,2452.6002270018353,1
1537,1541,0.007383284186433094,4,2455.984609349476,2476.5738262871587,4
1543,1544,-0.0017547170328125437,1,2482.4107275411716,2480.5372098826597,1
1545,1548,-0.005678057230607411,3,2485.6180568476175,2473.990193324253,3
1552,1556,-0.0026024453069885497,4,2480.574497942443,2476.5995129795797,4
1559,1561,-0.00441955742396934,2,2478.351141567869,2469.8762775225177,2
1564,1566,-0.0015547483756655008,2,2466.056067213089,2464.6880266155026,2
1569,1571,-0.0007076826223233475,2,2462.651017082669,2463.3708927701155,2
1576,1580,-0.007758809091813591,4,2433.5752924728354,2417.127221660457,4
1581,1582,-0.003970251677741674,1,2414.7311798450373,2407.5588205068075,1
1587,1588,-0.005038290106339936,1,2411.1461027146624,2401.4091952631297,1
1591,1594,-0.007197399739516132,3,2407.8114053493396,2392.8892355730236,3
1597,1599,-0.008253474717557403,2,2364.721377024639,2347.568930302323,2
1601,1603,-0.00015782860489142584,2,2355.054364273258,2357.0377236927748,2
1605,1610,0.0002981814092198492,5,2360.2627206921024,2363.3267698769796,5
1633,1636,-0.005900209900835564,3,2290.868412492918,2279.642676416509,3
1638,1639,-0.004936502326297839,1,2296.2654022877095,2287.2261481898067,1
1643,1644,-0.017925337593025722,1,2240.477692155055,2202.5568508456877,1
1645,1649,0.0021102449177093307,4,2151.675406292029,2158.367643789009,4
1650,1652,0.003185474250760008,2,2163.652759172102,2172.7086720832026,2
1653,1657,0.006542270887245254,4,2177.130782199809,2193.55129231612,4
1664,1668,-0.02913108530949255,4,2191.5140078844865,2129.86434037174,4
1670,1672,0.0024832760700764654,2,2119.331681631623,2126.713898962805,2
1673,1674,0.00032522355573371786,1,2123.986622324424,2126.8013794283916,1
1675,1680,-0.020670838484541466,5,2117.8433242294186,2076.1835702629373,5
1683,1684,0.004851854026609179,1,2103.098965494033,2115.405993643617,1
1688,1689,0.0003575029583718307,1,2131.8101173136843,2134.7040558546246,1
1690,1692,-0.002426266356295785,2,2136.66688252042,2133.61942643127,2
1697,1699,-0.004720059133054751,2,2167.1483103642113,2159.0863904995567,2
1701,1705,-0.008511187402763496,4,2159.451379705996,2143.231335705868,4
1706,1710,0.013032645177253586,4,2159.871088274211,2190.1797928845717,4
1711,1712,0.0006692691175341568,1,2192.7968070558645,2196.4571750469104,1
1716,1717,-0.000537614303263157,1,2214.7301422211335,2215.7542017610285,1
1722,1723,-0.001123717961992533,1,2237.6755509041022,2237.398710245344,1
1724,1728,-0.0101884081352836,4,2238.608600427281,2218.0393509513992,4
1729,1733,0.010311175526210886,4,2230.7710465671425,2256.0036894336527,4
1736,1741,0.005090395662315713,5,2239.9502965843835,2253.592480154504,5
1742,1748,-0.007780519960055555,6,2266.0880745242466,2250.722819103691,6
1752,1753,-0.0017605335909084844,1,2246.755461274973,2245.0467282761165,1
1764,1777,-0.0009814881600332893,13,2240.2401156713754,2240.2815866378837,13
1779,1780,-0.003072579851379582,1,2223.2442447653007,2218.6363935389045,1
1785,1787,-0.010306469912625453,2,2166.509903172782,2146.3473439434993,2
1788,1792,-0.011373384493948605,4,2139.469700366322,2117.276158551269,4
1793,1794,-0.0005430604568157027,1,2123.6719406599464,2124.642330346385,1
1798,1800,0.00788660888831938,2,2138.855737473902,2157.8629118813706,2
1801,1802,0.00020899840970205327,1,2165.385512536824,2168.003460177873,1
1803,1806,6.117083456890307e-05,3,2171.238276005923,2173.5423307393203,3
1807,1808,0.0006657342621058371,1,2182.043585265444,2185.678290026829,1
1813,1814,0.003993537848823611,1,2192.8144429867502,2203.7643449032516,1
1815,1817,-0.003802794092011347,2,2198.022241301091,2191.861637549063,2
1818,1823,-0.019764927883838938,5,2190.3242134037473,2149.2229374969997,5
1825,1828,-0.0033401659122082377,3,2115.3326451086537,2110.382415759589,3
1829,1831,-0.003605508421324633,2,2111.4195180760416,2105.9181967407453,2
1832,1833,0.004446636492608155,1,2123.3186532763075,2134.883598138678,1
1835,1836,-0.003186124445123074,1,2124.21690467591,2119.5731021738543,1
1837,1840,-0.015669912441864296,3,2117.4256453895905,2086.363196569567,3
1846,1852,0.011460461238656454,6,2120.160751181312,2146.5789320411277,6
1853,1857,0.011096612514839743,4,2148.9229322715455,2174.9176203074876,4
1859,1860,-0.0011026525358462053,1,2180.744984818136,2180.5211258154104,1
1867,1868,0.0020750595757029464,1,2197.9191894235782,2204.6779218736365,1
1871,1872,-0.005801978367342922,1,2197.98022018996,2187.4255667207603,1
1873,1874,-0.006590060736779996,1,2177.6352521123695,2165.462138790508,1
1878,1884,0.026005575181613755,6,2204.7041064136934,2264.243408912661,6
1885,1889,0.0037954007640006605,4,2275.477430104347,2286.389256311136,4
1895,1897,-0.004339689067693938,2,2318.6654522872545,2310.921830624611,2
1900,1901,0.0019902677340004073,1,2327.7935059449264,2334.7542317571692,1
1903,1909,0.0005336063670996576,6,2328.1299471925445,2331.7003821029944,6
1910,1914,-0.015641248997298234,4,2341.0857945503685,2306.809374508319,4
1919,1922,-0.00013872258234280828,3,2318.6710971938705,2320.668116248858,3
1923,1924,-0.003778807947270495,1,2313.0030854252577,2306.575694069417,1
1925,1936,0.00897042544801607,11,2296.5996582980333,2319.497733975033,11
1938,1941,-0.005928201288261611,3,2301.639550644467,2290.296607645867,3
1946,1948,-0.0026422950430293746,2,2302.3487831001203,2298.5676471063102,2
1952,1955,-0.01146817560657656,3,2278.649829062253,2254.7965225057337,3
1957,1959,0.022865520469428812,2,2274.327138140934,2328.605139010414,2
1962,1964,0.0026021247360774494,2,2371.581562152231,2380.124294760885,2
1965,1967,-0.00017921081409697545,2,2389.2845099472306,2391.245608835041,2
1972,1982,-0.007138733650803189,10,2433.378366462056,2418.440504798719,10
1983,1985,-0.0027337657722289106,2,2417.5034393430765,2413.312054625698,2
1988,1990,-0.004162543749420533,2,2428.3038226349204,2420.6242055589523,2
1991,1992,-0.007780173861626589,1,2409.4020870630106,2393.0659220101575,1
1996,2000,-0.007324852985439912,4,2386.7379045637326,2371.64213820259,4
674,676,-0.0017874455654832604,2,1984.7456511158928,1983.1827719543094,2
678,682,-0.0020613548471617397,4,1990.480366938189,1988.367760952559,4
683,686,-0.00015581327056308136,3,1993.8842772297692,1995.5674878766395,3
687,688,0.0007843348399840242,1,1998.6805840559412,2002.2468994560718,1
692,694,-0.00042870835107978696,2,2011.741110943086,2012.8904018395572,2
697,699,-0.003820819206523441,2,2023.7054792639367,2017.9969719796823,2
703,704,-0.0013294093909354595,1,2024.8342651154926,2024.1672656934757,1
705,709,-0.008516997804344104,4,2027.0822077903986,2011.8446352852131,4
710,711,-0.0045304274836905755,1,2005.7454676472566,1998.664328722987,1
712,713,-0.0028211878432990926,1,1997.9682639871035,1994.3295884734328,1
716,717,-0.0016387770921036573,1,1996.080209574642,1994.8051592627642,1
721,722,0.0012905670917458911,1,2019.4145391730021,2024.040143661025,1
725,728,0.00432109730168969,3,2029.7227678550566,2040.5231201982683,3
729,730,0.00034039203102257764,1,2040.301828803673,2043.0366331158823,1
735,737,0.0030044528819518166,2,2059.2683220206304,2067.514564987458,2
740,745,-0.002597914071285066,5,2067.324488382295,2064.0210814923967,5
747,748,-0.0021881668599783377,1,2066.9988517090137,2064.5429121738,1
752,754,-0.006265858292155291,2,2062.5847429755854,2051.7234640035144,2
756,759,-0.0004369743619461896,3,2052.470444496493,2053.6260379780924,3
762,765,0.0033312231113415552,3,2067.3914512155297,2076.3457848492244,3
767,768,0.0005671387122093855,1,2083.901042546618,2087.1668045428064,1
772,778,-0.0043119701926931,6,2088.2605506347236,2081.3442939364445,6
781,782,-0.000977203392027212,1,2077.8396012672106,2077.886968962031,1
783,786,-0.001153288940230811,3,2072.3507735080475,2072.03310505419,3
787,788,0.0016883729156424144,1,2072.5275803586214,2078.0993073725795,1
789,791,-0.004176189812883759,2,2079.13070910657,2072.526995328652,2
794,795,-0.003817231945578618,1,2076.3406324993543,2070.4910993395742,1
800,801,-0.004090680125681199,1,2076.624007851516,2070.205827301937,1
807,809,0.0026720236603405114,2,2084.3284718695127,2091.982175334139,2
810,815,-0.0064712068614107224,5,2094.3587907786637,2082.9001205922996,5
819,820,-0.0020741852804117885,1,2077.2335222206884,2075.002188547141,1
822,825,-0.004585858931073411,3,2076.6308341144268,2069.184328891375,3
826,828,-0.002630612939095631,2,2069.8122021213057,2066.4371395630287,2
833,834,-0.0009083016561382787,1,2063.5617173711707,2063.75094256311,1
837,838,-0.00045980872777680673,1,2071.5109851606467,2072.629997315145,1
840,841,-0.0007542976082040586,1,2074.087588119115,2074.59719640031,1
844,846,-0.003123525233723031,2,2080.3070216468773,2075.889437192519,2
850,853,-0.0007564603743012784,3,2077.67031365679,2078.176308707303,3
855,856,-0.001872823670492853,1,2074.409344707623,2072.5987511292706,1
861,863,2.6996524911067788e-05,2,2069.438977310809,2071.564283949023,2
865,866,-0.0057217895683818205,1,2074.114368601563,2064.3208370122693,1
875,876,0.004485662633458269,1,2111.439644654452,2123.0222902159353,1
878,879,0.004072771761539013,1,2138.5329181373268,2149.3812075355754,1
882,884,-0.0031768617223695414,2,2179.7798777021803,2175.034798323219,2
885,888,-0.002658026526043425,3,2176.333127337545,2172.7247092829125,3
889,891,-0.0018848593413661732,2,2170.836058841194,2168.9151742759536,2
893,894,-0.0030416893866554795,1,2167.649228277561,2163.223561854195,1
897,899,-0.005301377372424303,2,2169.3903383943025,2160.0589718807773,2
901,902,-0.002216759749173843,1,2163.7820828618433,2161.1492799174334,1
903,904,-0.0026473520660674835,1,2169.1909672768584,2165.61754605522,1
906,907,-0.002458285219463671,1,2166.017658869848,2162.858987332821,1
909,910,-0.0010078941325311703,1,2163.096040526091,2163.0789647592696,1
911,913,-0.003457490104069795,2,2164.1560354589324,2158.837643418129,2
919,921,0.001020801941746744,2,2153.101209098168,2157.452200202291,2
922,926,-0.0004164234750104231,4,2158.3169915208946,2159.5765346506323,4
927,928,-0.0024723396716343207,1,2155.1234542283955,2151.9503804694655,1
929,930,-0.0007915187335831813,1,2154.8853705138195,2155.3346237448472,1
933,934,-0.0019408295527899634,1,2150.8217521665524,2148.7981954993306,1
935,936,-0.005351936534590828,1,2144.9823196680086,2135.647492744994,1
940,948,-0.014188419238172278,8,2135.4802246632375,2107.3166161855524,8
949,953,-0.0002837896409623251,4,2115.771171748357,2117.2865089789166,4
956,957,-0.00027344902108750863,1,2124.7824660429073,2126.326228823587,1
967,970,-0.0010200371518831453,3,2146.8547898307993,2146.8117729753044,3
972,973,-0.0013043210134885143,1,2150.9742272486874,2150.3196405918634,1
977,978,-0.00770267452090836,1,2141.687954286059,2127.3329170031293,1
983,984,-0.0022595071241420447,1,2125.148776194876,2122.472136171397,1
986,989,-9.026644164623985e-05,3,2126.1339430685443,2128.068158466109,3
990,991,0.00028813267155642416,1,2130.3152971375453,2133.0594258725046,1
993,996,-0.003438486487825664,3,2141.121258807074,2135.9001635486766,3
1001,1002,-0.00168254575431285,1,2144.7969300219393,2143.3330079834896,1
1003,1005,-8.135112827976768e-05,2,2143.4625945087164,2145.4316840027363,2
1012,1013,-0.0018351888425390001,1,2136.844302879428,2135.05963435942,1
1015,1019,0.0033196168998665936,4,2130.9428281847213,2140.1476848379975,4
1027,1031,-0.000282831320673088,4,2144.1595508961523,2145.6972749695346,4
1036,1037,-0.00025634205124438147,1,2150.665925903174,2152.2652857140897,1
1038,1047,-0.007075493451340685,9,2150.3324529395627,2137.268122203523,9
1049,1051,-0.0007098681292314743,2,2140.4503200701483,2141.0713329257974,2
1054,1055,-0.00014033543255846626,1,2146.2527176183316,2148.097775032443,1
1058,1061,-0.0009645578016720228,3,2143.8853823071086,2143.9613663180207,3
1062,1063,-0.0017503408501735372,1,2148.112619959504,2146.5008033099753,1
1064,1065,-0.003935165626171672,1,2144.1163087948394,2137.8229723067507,1
1066,1075,0.007893315177370588,9,2136.7311385763237,2155.733762040985,9
1077,1079,-0.002780855241028104,2,2152.426137728753,2148.592978360453,2
1080,1084,0.013227009453193106,4,2155.0203642032393,2185.6798592965824,4
1085,1089,-0.0008552526542501475,4,2187.367746109852,2187.68436178528,4
1093,1094,-0.00902481892276067,1,2172.451185831406,2155.017658446572,1
1095,1100,-0.006021349929724317,5,2152.9552852723928,2142.1445434019906,5
1101,1103,7.896356212253497e-05,2,2145.8638989060314,2148.179207862225,2
1104,1110,-8.948389116899711e-05,6,2149.5493866127376,2151.5065859559763,6
1120,1123,0.0003400532226779209,3,2122.6763968985947,2125.520896244961,3
1125,1126,-0.001027246154622391,1,2127.632543647032,2127.574573841768,1
1127,1130,0.0006188407618950044,3,2126.444016103055,2129.8863903542106,3
1132,1133,-0.0008508568326661241,1,2135.989663493904,2136.30823175771,1
1135,1136,-0.0038622706119278345,1,2143.3555868410385,2137.220723133912,1
1138,1139,-0.0023357787239729317,1,2150.0420359754526,2147.170055568149,1
1143,1145,-0.003022177443665286,2,2145.24203245347,2140.90397240424,2
1148,1149,-0.0025691038228658216,1,2148.214436125901,2144.8436646418404,1
1150,1151,-0.0015431437652055192,1,2145.5975390699978,2144.4321711440116,1
1152,1157,0.00018555148269498506,5,2154.5918985339003,2157.14627815381,5
1162,1168,-0.001979470222464252,6,2169.3735385990003,2167.2487018165407,6
1169,1171,-0.0016114216082388426,2,2165.153833293686,2163.8300114548492,2
1174,1175,-0.0028363068235872546,1,2170.315120329452,2166.3297558646564,1
1177,1179,-0.008305484304254845,2,2183.4940609204646,2167.5425793299764,2
1180,1183,0.0010980465928184992,3,2162.750153814406,2167.287704405734,3
1186,1191,0.002861994118015556,5,2206.038239678355,2214.55794638411,5
1192,1193,-0.0011550825048174357,1,2215.3639417995655,2215.020377610389,1
1194,1195,0.002110715491277182,1,2209.929112780828,2216.8035735065796,1
1196,1197,-0.0009832528696899518,1,2220.363402120756,2220.400586835987,1
1199,1202,-0.0005286875535234622,3,2226.5930854465023,2227.642506480912,3
1206,1208,0.004856034274979078,2,2228.0137329401264,2241.061057725348,2
1210,1211,0.0012559717478583914,1,2249.10267855423,2254.176590655081,1
1217,1227,-0.006346046043749835,10,2288.745118275924,2276.5093814912134,10
1228,1231,0.0018187790101768112,3,2283.3419788637502,2289.778215306827,3
1232,1233,-0.0037947774707339167,1,2297.9566392025727,2291.534361758606,1
1234,1235,0.0005766943413961529,1,2294.295909387591,2297.913312765411,1
1236,1238,-0.00237663387846979,2,2291.8387176773326,2288.6836948545892,2
1239,1242,-0.0028524956476213637,3,2280.7814187487556,2276.556281097348,3
1246,1249,-0.003081963943015366,3,2296.5009160504915,2291.7196839481726,3
1251,1252,-0.003266514351059489,1,2296.2145735789354,2291.010170294807,1
1256,1258,0.0005789830921717517,2,2285.691651911708,2289.3007203839948,2
1262,1263,-0.0008502640191399169,1,2340.582982303588,2340.9334517922275,1
1265,1268,0.008738988636298056,3,2355.522359829593,2378.4627653245193,3
1272,1275,-0.001691182796923368,3,2386.7378759153776,2385.0882037547794,3
1279,1287,-0.01711884853381406,8,2377.872597813276,2339.544029576417,8
1288,1296,0.010101271502788257,8,2351.298397224665,2377.400799116327,8
1298,1299,-0.004979470837507722,1,2379.205207626268,2369.737229886073,1
1300,1301,-0.0002986734696080126,1,2370.9497529766027,2372.6125629405915,1
1304,1305,-0.0002412623909091795,1,2325.54798252059,2327.3124632366735,1
1307,1309,0.0017133985975893089,2,2334.9436326733025,2341.2792654516484,2
1312,1315,0.0027854515082417174,3,2361.918438055723,2370.859365769405,3
1319,1322,0.002641106283489556,3,2331.387686517624,2339.8765168722534,3
1324,1326,-0.003936843776405908,2,2341.791713603101,2334.914237183367,2
1327,1328,0.000542789096651785,1,2339.1348548941696,2342.7436466438985,1
1329,1331,0.007236425381151963,2,2356.0876900756107,2375.493430526369,2
1333,1334,0.003391765404984216,1,2400.9634947264562,2411.507963141226,1
1335,1337,0.0011311468927822786,2,2421.3483370396357,2426.5085860244612,2
1338,1341,0.0018734782176835813,3,2430.3359661659724,2437.3194836264033,3
1342,1344,-0.0008666214385816108,2,2433.813891505395,2434.138510101004,2
1345,1351,-0.006362641709308095,6,2434.08932962588,2421.0361806626465,6
1352,1354,0.0002972411856284464,2,2423.503822112564,2426.6476910841366,2
1355,1356,0.0017721252563472098,1,2431.5807296078165,2438.3213759612095,1
1357,1358,0.0028818686815550248,1,2454.6201094983862,2464.148622426563,1
1361,1362,-0.003372423052097313,1,2467.6486834441425,2461.794376823062,1
1363,1365,-0.0028031428342875394,2,2460.043441716494,2455.6076320125267,2
1370,1373,0.003034417769518612,3,2463.9858252200543,2473.926573417164,3
1375,1379,-0.010651717593041257,4,2466.7688445859235,2442.9602883306675,4
1382,1386,-0.007702507316643842,4,2448.87617535426,2432.462564871393,4
1387,1389,-0.0018710209647621037,2,2424.9738249552897,2422.8616219147543,2
1393,1400,0.006493656656494443,7,2441.6627653411274,2459.9597477755406,7
1406,1408,0.002603746436752809,2,2459.3071644926554,2468.1698839235764,2
1409,1410,-0.006191218207093285,1,2466.167835166604,2453.3654197989395,1
1411,1412,-0.0021947240697273926,1,2452.8194238058527,2449.888981401537,1
1425,1426,0.0017556654691676652,1,2485.9658593401255,2492.8163496162388,1
1427,1428,-0.0010933744072171739,1,2490.1526081436036,2489.920091619938,1
1429,1433,0.01186902673017974,4,2492.950371847355,2525.0322168196703,4
1439,1440,0.0007270293461813942,1,2513.6783016550758,2518.0194978488935,1
1441,1442,0.0002057832596940039,1,2527.954105488477,2531.00227023015,1
1449,1451,-0.002633535312312187,2,2503.9674538867093,2499.877134629905,2
1458,1460,-0.0038338133358409307,2,2447.9981544610932,2441.0609846448674,2
1465,1466,0.0004335348891475442,1,2408.41518592657,2411.8677331231484,1
1467,1468,-0.0008542456276128348,1,2413.213978839519,2413.5657153284405,1
1469,1470,-0.0006852142056854079,1,2421.561362099075,2422.3236352159247,1
1472,1473,-0.0006369308903116813,1,2437.2756413587226,2438.1605408558958,1
1475,1480,-0.014505110853943355,5,2421.5402158232405,2388.8370467712657,5
1487,1488,0.0005160503075199152,1,2378.9395190300243,2382.546111019421,1
1491,1492,0.0008736482669752556,1,2387.1179901956984,2391.590609681094,1
1499,1504,0.0015451960224238592,5,2407.873888934097,2414.0023999787104,5
1506,1507,0.0011648820790446154,1,2419.671319676413,2424.909622753559,1
1513,1514,0.0011275445565287184,1,2415.407271126709,2420.5461577181945,1
1515,1520,0.005353722371545214,5,2421.4075745126925,2436.792525989503,5
1523,1528,-0.006424095079934392,5,2448.2349163758267,2434.955457411389,5
1529,1530,-0.0015284839915571157,1,2433.7281392155987,2432.441952854221,1
1537,1539,0.0017975968287424742,2,2453.1718237878517,2460.034809502441,2
1541,1548,-0.003245798574580447,7,2478.1448987122512,2472.5794844311195,7
1549,1550,-0.0009748205070840014,1,2478.723627980017,2478.7860409840487,1
1551,1556,-0.002988957322954099,5,2480.4463446618784,2475.5128427404684,5
1557,1558,-0.00304809826841496,1,2479.2845927623052,2474.206774280961,1
1560,1565,-0.006662035429791715,5,2478.116585974925,2464.0854020659804,5
1567,1569,-0.0017405841024249278,2,2471.121068114814,2469.290995136601,2
1570,1571,-0.0029599831519022167,1,2466.0069604986716,2461.1736284036206,1
1577,1580,-0.006152736063274586,3,2426.459529029266,2413.9566235079606,3
1592,1593,-0.004223129625590018,1,2412.8917270690777,2405.1146642602203,1
1597,1599,-0.008385051611500889,2,2364.3621324216833,2346.901196045471,2
1600,1602,0.0012779456761757707,2,2354.667430183626,2360.0312346750447,2
1607,1608,0.004228349783661936,1,2344.0740629250595,2356.3297020448413,1
1612,1614,-0.0024052509038510576,2,2376.6228270396086,2373.283075663798,2
1618,1621,0.0008879986920586795,3,2384.0480376130413,2388.5491171898598,3
1638,1639,-0.004760591250792913,1,2292.4722130032933,2283.8511620563872,1
1645,1651,0.0018032950164677498,6,2154.4494729712283,2160.48903044204,6
1652,1658,0.005904830590103412,6,2171.0039098672414,2185.994324075327,6
1660,1661,0.0013589818088877562,1,2207.4951847337675,2212.7026257177617,1
1665,1666,-0.009858100561424527,1,2184.538600573273,2165.1877379690814,1
1672,1678,-0.027480835900390795,6,2131.0641756533637,2074.6318149246854,6
1684,1689,0.00978652296947364,5,2113.315919985016,2136.111250697689,5
1690,1695,0.0012191826243737997,5,2139.7599811363907,2144.508499306859,5
1696,1701,-0.0031764716187753575,5,2157.8675035341353,2153.1709661556156,5
1703,1705,-0.0015154509383154733,2,2149.8981813832293,2148.7900143483525,2
1706,1707,0.00017101098796979937,1,2161.870719059424,2164.402293426013,1
1710,1711,0.0004654963035121175,1,2190.088200157815,2193.297766319512,1
1715,1717,-0.003236458266395316,2,2219.72233498355,2214.7580186183736,2
1720,1722,0.0021763510045996375,2,2228.075836989662,2235.1529879128084,2
1723,1725,-0.002402918229712171,2,2238.751457648158,2235.6106724164288,2
1729,1731,0.008519699756118312,2,2233.4733958814754,2254.735392023545,2
1732,1734,-0.005986576904541746,2,2258.715085648557,2247.4518291685217,2
1735,1736,-0.00378676708915618,1,2250.338750732418,2244.067580762424,1
1739,1740,-0.0017820168224138891,1,2251.5724072853855,2249.8116397860053,1
1741,1742,0.0005396697229579155,1,2255.793947896514,2259.267125539322,1
1744,1749,-0.007231603088162672,5,2262.472975493992,2248.3741419130192,5
1750,1751,-0.004751348148900179,1,2253.4015436940704,2244.948249984405,1
1757,1762,-0.006076607132093581,5,2259.4662625461233,2247.995840002957,5
1763,1765,-0.005465427343067811,2,2243.284744032753,2233.2675189984625,2
1766,1769,-0.009660235485441725,3,2237.296210299041,2217.920698267165,3
1771,1778,0.0038584815687607663,7,2219.8217237638,2230.606686694641,7
1784,1789,-0.023123268831542535,5,2185.354801778231,2137.0076100061888,5
1790,1792,-0.00038917785157041574,2,2116.7547922054787,2118.0477529153522,2
1793,1800,0.014921402884697524,7,2122.0319066676147,2155.8176315878527,7
1807,1810,0.006119907060966509,3,2185.9299464310243,2201.4935644913967,3
1811,1814,-0.0035176168462283386,3,2208.0977607254736,2202.538616604952,3
1816,1818,-0.004078508706806377,2,2197.8581317865305,2191.0920063915005,2
1819,1822,-0.013673158577795285,3,2185.7143413332224,2158.014436879745,3
1824,1827,-0.021952962569087728,3,2140.9423823591237,2096.0832967589795,3
1829,1831,-0.004389767469917316,2,2113.462080471117,2106.2979354618324,2
1833,1836,-0.006232426680092702,3,2130.4669839023436,2119.3194716147163,3
1838,1844,-0.01413357795692173,6,2110.9037778335423,2083.180058507805,6
1847,1848,0.0006864784652927079,1,2129.602767261494,2133.1942964681084,1
1850,1852,0.0008291469195112562,2,2144.745080074493,2148.6681339308484,2
1853,1856,0.009066769194031103,3,2153.306778938814,2174.983621286334,3
1857,1858,0.0005005198132265378,1,2180.854244468232,2184.126659471816,1
1859,1860,0.0010825255204078583,1,2180.147402693889,2184.68761529825,1
1862,1868,0.009786229216741701,6,2180.876711695617,2204.4001478014197,6
1869,1871,-0.008008420397917451,2,2213.5348613465544,2198.021478472792,2
1873,1875,-0.007663486544737554,2,2176.8308599597667,2162.3255768142553,2
1879,1885,0.024408702449681047,6,2210.430728476215,2266.5949051416987,6
1886,1893,0.014001747222214023,7,2282.3953408869006,2316.635258852045,7
1894,1895,-0.00374322570782652,1,2324.1905073278785,2317.8147281782904,1
1897,1900,0.00334960742965959,3,2317.5204675508885,2327.600771794936,3
1906,1907,-0.0007041825341967339,1,2324.7963332590243,2325.4840486188377,1
1908,1909,0.00035297013243171726,1,2329.6331290486,2332.7850530917262,1
1911,1912,-0.007573806410706112,1,2339.4633591927245,2324.0841799644513,1
1913,1922,0.005056399022217024,9,2308.023227067034,2322.001536682697,9
1925,1927,-0.0029742006279682366,2,2302.7732041689933,2298.2270678632544,2
1928,1929,-0.001989804067057517,1,2306.75931639867,2304.4760766455756,1
1933,1934,0.0023594636874845233,1,2307.1622018766475,2314.913029514989,1
1936,1937,-0.004161442666531701,1,2318.945017933966,2311.6138062129285,1
1938,1939,-0.005728526285846633,1,2303.4614453104086,2292.569467317824,1
1940,1941,-0.0005618431234683707,1,2290.7799730062015,2291.783694003995,1
1944,1948,0.0008322003540716407,4,2297.4222090213375,2301.6315468061584,4
1962,1964,0.0019024784848310186,2,2370.535022853385,2377.415449754755,2
1966,1967,0.0006173577207506452,1,2383.257749871082,2387.112330193375,1
1968,1970,0.0036195576201545013,2,2417.9805547920323,2429.1505552893072,2
1971,1972,-0.00025066767948875193,1,2426.5016951711805,2428.3199513171476,1
1973,1974,-0.00020027980186377822,1,2441.6312088061113,2443.5838306001933,1
1978,1981,-0.004343325899367245,3,2428.8751050784554,2420.754584033318,3
1983,1984,-0.0017357022375794479,1,2418.503511063012,2416.724212618329,1
1985,1988,0.005382137695509153,3,2410.08132636731,2425.4627972495614,3
1990,1996,-0.016613131492911604,6,2418.362507370061,2380.6042955449648,6
674,675,-0.0021600174446825167,1,1984.755899112377,1982.45354764597,1
676,679,0.003062497552661839,3,1986.6375009981393,1994.7082109839705,3
682,688,0.004513091311160442,6,1989.1580404215683,2000.1244503307414,6
691,692,-0.0023375506651470853,1,2019.0090650708614,2016.308538152938,1
693,694,-0.0028297713591796687,1,2018.0055219788144,2014.3130332720311,1
700,701,-0.0022523943030253084,1,2023.1829848807763,2020.6491620365339,1
702,716,-0.016373681990329608,14,2023.8504397439956,1992.7364066873827,14
720,726,0.011926829527513103,6,2005.498614225809,2031.4233529295698,6
728,729,-0.0002649528089445817,1,2038.6976403909237,2040.1961793649043,1
730,732,-0.0002486021196219041,2,2045.1062654180932,2046.6429539310764,2
733,734,0.0004994164430808746,1,2046.980039343049,2050.0493148726982,1
740,742,-0.0019286796155843387,2,2064.63933857851,2062.7219501112386,2
743,746,0.0008531350971664633,3,2064.5500054211006,2068.3758954960017,3
747,751,-0.004943386564676034,4,2067.074437784223,2058.9231642180794,4
752,754,-0.004576972103208328,2,2061.516613297474,2054.1426258814085,2
757,760,0.006554095991410297,3,2050.8987836737642,2066.3914699543025,3
770,772,-0.0033722795885970163,2,2093.2364103524487,2088.2706683420615,2
774,776,-0.0034799116179978044,2,2081.891894745775,2076.7289868485796,2
780,782,-0.0023334785371233787,2,2080.0829054084033,2077.309159498604,2
783,785,0.0012351029754615545,2,2074.6106369872628,2079.247605394917,2
791,794,-0.0011325296603038344,3,2075.0131862505073,2074.7381854578075,3
795,796,-0.0027250623402603957,1,2073.1734473601796,2069.5970939213107,1
798,802,-0.00638477790468768,4,2079.4903173958132,2068.2927238816883,4
804,806,0.001250521846333114,2,2071.471472917283,2076.133364721139,2
808,810,-0.0013651072941124362,2,2089.7949949459326,2089.031995550078,2
814,826,-0.010550296562179894,12,2086.426177692742,2066.500188940681,12
829,830,-0.0010326069767994126,1,2064.15807009479,2064.0907641404883,1
831,836,0.0021276409129556586,5,2060.2221268239596,2066.6657618375907,5
837,838,-0.0019552793839608847,1,2073.537652725353,2071.5568449538378,1
840,850,-0.0019098797251743767,10,2075.657289653774,2073.7686911695077,10
851,852,-0.0024907025638372885,1,2075.0401869220527,2071.9469191953426,1
854,855,-0.002564321507621897,1,2077.027644292544,2073.778505276652,1
858,861,-0.005500188088067159,3,2071.214595643358,2061.8937403922127,3
862,864,0.0010638117636726286,2,2068.6897413678075,2072.9591275914313,2
866,872,0.012157833759573262,6,2067.4597954984292,2094.663087792199,6
873,876,0.013467199779566081,3,2091.9680381557746,2122.232957696241,3
881,885,-0.0017287743174593925,4,2171.4411050784083,2169.8586145691515,4
887,891,-0.0030172457241438118,4,2173.474734082872,2169.090301469009,4
894,897,0.001909021157056308,3,2163.3202446897167,2169.6133890510073,3
900,903,0.001161843557198654,3,2162.64491908202,2167.3202190668458,3
906,909,-0.003101934143478597,3,2165.8694420912857,2161.316927160637,3
912,913,-0.002102085086158924,1,2163.225635940227,2160.841577228861,1
914,921,0.001601116352037366,7,2151.3150548076596,2156.910875575104,7
928,934,-0.005959834505579794,6,2157.688585966142,2146.9868076651715,6
935,940,-0.0063981871879163705,5,2143.573243882522,2132.001834261035,5
945,947,-0.010178190537199833,2,2124.9682997884065,2105.464935847439,2
949,958,0.007339927097393722,9,2113.193439149218,2130.8173183744134,9
960,961,-0.002339565090490563,1,2141.0191070880514,2138.151072634123,1
963,964,-0.0053571274656691635,1,2139.286807145277,2129.965661840921,1
965,966,-0.0009533490588018234,1,2143.090392791613,2143.1903699755094,1
969,970,-0.0016239148478111986,1,2148.264334803047,2146.92400078754,1
972,974,-0.0026688386307887535,2,2148.3344754392897,2144.7492518748213,2
976,978,-0.005340422052394627,2,2139.015167230056,2129.730938627804,2
980,983,-0.004846535873996614,3,2129.465333601623,2121.2742688034923,3
985,987,0.0015138411891146976,2,2121.456143090061,2126.789146923461,2
989,994,0.003949135899730808,5,2130.0434156483966,2140.5852899847673,5
999,1003,-0.00427857521563473,4,2146.5519465495763,2139.5143145385464,4
1005,1011,-0.0017527809334221957,6,2145.6327341833903,2144.0175427709705,6
1012,1019,-0.0019786904365655797,7,2141.825073543683,2139.7288898274096,7
1020,1023,0.0002544749378288434,3,2149.027377429048,2151.723278414741,3
1025,1031,-0.004209190836683582,6,2150.8823636464404,2143.979771674242,6
1032,1033,-0.003518282532191941,1,2153.010125090694,2147.588237301046,1
1040,1042,-0.003226897098504176,2,2147.6484348734302,2142.8658428052036,2
1043,1045,-0.005540099847224962,2,2145.1813696763684,2135.442032067631,2
1046,1047,-0.002542706091496299,1,2138.2650481932988,2134.9663336782173,1
1048,1054,-0.0010041778955720778,6,2141.5485377177506,2141.5395905515975,6
1057,1058,-0.0036810213462780024,1,2144.5098073953072,2138.760330824378,1
1059,1060,-9.849849908069564e-05,1,2139.929187470637,2141.8583368450027,1
1062,1064,-0.005568439755456329,2,2147.5731323593836,2137.762073883763,2
1065,1068,0.001019376677137333,3,2137.6959382217824,2142.0127515422387,3
1069,1073,0.0063793844487357075,4,2141.6231203847697,2157.42698073439,4
1074,1075,-0.0023864286623790087,1,2159.3425309267973,2156.3487565500263,1
1077,1079,0.00031790997741105976,2,2148.3673212359818,2151.1986759637825,2
1080,1091,0.011252654559845521,11,2154.2501062936612,2180.645388681588,11
1093,1096,-0.011748131267343295,3,2169.188573944715,2145.873850408336,3
1098,1101,0.0026975299701764194,3,2135.93715292883,2143.8348445661977,3
1102,1103,0.0012576182849040715,1,2149.2107558941075,2154.0628533947265,1
1104,1110,0.0008424204602516627,6,2150.1782574417366,2154.1397898564355,6
1113,1120,-0.013178621831543957,7,2146.9458301785216,2120.7989888199672,7
1123,1124,-0.004246395368370744,1,2132.3597284828957,2125.4372457366485,1
1125,1135,0.0054340970724796964,10,2126.581614374179,2140.264246913613,10
1137,1138,0.0004757592060369777,1,2147.9238485617107,2151.093666955092,1
1140,1142,-0.004529738942578,2,2150.5078322753407,2142.9171010334394,2
1144,1147,-0.001137498899269173,3,2144.8358846675105,2144.5409720942557,3
1148,1149,-0.004069396419882737,1,2149.829264546777,2143.230586298818,1
1151,1153,0.004095886256180538,2,2145.2935538403067,2156.225725776794,2
1155,1158,-0.0008815196275601221,3,2160.1837617713877,2160.439701148021,3
1159,1160,-0.0021347256459514873,1,2168.510986880842,2166.050321850501,1
1161,1165,-0.0019216060303749558,4,2164.7539619262425,2162.758911620653,4
1166,1172,-0.0018750029306168065,6,2168.9807936299635,2167.0829290790857,6
1174,1177,0.005358100172774822,3,2166.38801363742,2180.1621256412254,3
1178,1184,0.0021078844413754765,6,2172.3762364643794,2179.127730770501,6
1186,1187,-0.0025868046804975115,1,2210.801425260481,2207.2933152112273,1
1189,1195,0.0026345247814603834,6,2211.0744468138632,2219.110651684462,6
1196,1198,0.0021240302506575397,2,2217.70967573495,2224.637867849122,2
1199,1202,-0.002557946869863375,3,2228.062705157593,2224.5915018402334,3
1208,1214,0.01296281448462256,6,2234.8786442674796,2266.083840173031,6
1215,1219,-0.0006155235110439095,4,2278.849533465696,2279.725697533182,4
1220,1224,0.00576922291206318,4,2288.509080815731,2304.0005089200536,4
1229,1230,0.0012391448653794879,1,2279.2107314469536,2284.314214453391,1
1233,1236,-0.004608891433601828,3,2297.248432077962,2288.957911890581,3
1237,1239,-0.00813548498317683,2,2294.346530915139,2277.97525569759,2
1241,1243,0.0010481706309201718,2,2279.3880023375586,2284.0565779004182,2
1244,1246,-0.0018248668419894925,2,2295.730292318902,2293.836620522617,2
1248,1250,-0.0011836023343007596,2,2297.3797236089995,2296.9579193289696,2
1256,1259,0.003207516058010347,3,2291.4096268425205,2301.05076964294,3
1262,1264,0.00541737301553933,2,2334.774160022173,2349.7572767140778,2
1265,1266,0.0024599442270697544,1,2357.797758105873,2365.9556068476295,1
1270,1272,-0.00024676378323748886,2,2381.4055768341564,2383.199337761428,2
1273,1274,-0.0047444137634359024,1,2390.576350672788,2381.6250436827845,1
1279,1282,-0.006067301720847304,3,2376.906160489349,2364.861659812009,3
1284,1286,-0.002689868810626802,2,2343.6918723605763,2339.7313405637547,2
1287,1288,0.0006882510914800518,1,2345.5072736214215,2349.4670788361873,1
1291,1293,0.007227097269690951,2,2363.4684097125983,2382.9128942131456,2
1296,1305,-0.025832139523313945,9,2384.3807647765443,2325.171488948907,9
1307,1311,0.006011047342828941,4,2335.6892911907726,2352.0649193894496,4
1313,1318,-0.014356275297742888,5,2370.6169928881104,2338.9543797055894,5
1320,1323,0.0027211102071968314,3,2333.883327529509,2342.5679646019858,3
1328,1329,0.0009975302706583234,1,2344.2155875214194,2348.8982291184425,1
1331,1334,0.011887032790937127,3,2377.377795883771,2408.015141495771,3
1336,1338,-0.003287813392700003,2,2430.096756331992,2424.5371484272987,2
1339,1341,0.000985146100296935,2,2430.573476896576,2435.398520355722,2
1343,1345,-0.0013475602450675494,2,2438.791220993483,2437.943594119046,2
1347,1355,0.00010673378465476707,8,2425.644186985632,2428.3287293569206,8
1357,1366,0.0020369502692610397,9,2453.1286812900194,2460.578711099195,9
1367,1368,0.0011491686371634304,1,2465.930207420702,2471.2299072839246,1
1369,1378,-0.007686495308457055,9,2467.5460872658036,2451.0468519298993,9
1381,1382,-0.0011762037264389687,1,2446.1423961217424,2445.7113767161454,1
1384,1385,-0.005190941151281813,1,2448.2516265918907,2437.991148101314,1
1386,1387,-0.005609510228819092,1,2434.348608873719,2423.127454060604,1
1389,1392,0.0008689435292599775,3,2430.091153457602,2434.6328565943686,3
1393,1395,-0.0004603386272534663,2,2441.166088505589,2442.483491548014,2
1398,1400,-0.0022820220394946618,2,2463.2926234529887,2460.1346280199973,2
1401,1404,-0.00174342072457828,3,2461.870084130768,2460.039878889006,3
1410,1413,-0.007171818801320377,3,2463.5882960892504,2448.383475524734,3
1417,1419,0.0037152048742121182,2,2452.6303781050324,2464.195032818514,2
1421,1423,0.0030614306400691647,2,2469.8988261765185,2479.9301489470226,2
1427,1428,-0.0025857498152965994,1,2496.9224032008456,2492.96290896116,1
1430,1432,0.0041227703311529544,2,2498.0470303285533,2510.843951541345,2
1433,1435,-0.0015401824025942608,2,2524.915085428379,2523.5511707311857,2
1438,1440,0.001084820276598192,2,2511.3336382204607,2516.569317510726,2
1442,1446,-0.013279437517977919,4,2535.473581343051,2504.3393919224654,4
1448,1450,-0.004092320129870982,2,2507.748054402167,2499.9932946128943,2
1457,1458,-0.008830696438760537,1,2474.824971806502,2455.4453687132213,1
1459,1461,-0.0008399768148439582,2,2442.1645015339805,2442.555304476191,2
1467,1468,-0.002199981128442204,1,2416.6671696735843,2413.76721467625,1
1469,1470,0.0012221132348563951,1,2417.9852631395547,2423.358300194465,1
1471,1476,-0.01201847906090622,5,2426.3536863436675,2399.618959056337,5
1477,1479,-0.004779780322008069,2,2392.5057658613746,2383.462619647281,2
1482,1483,-0.0038519784021566967,1,2371.2663907914252,2364.503590259128,1
1484,1487,0.004800383023721961,3,2366.919834167036,2380.648875791649,3
1491,1493,-0.0010919734418000362,2,2389.2847548743534,2389.0650041320073,2
1494,1495,-0.005323061305349657,1,2374.6046226461995,2364.3390612865333,1
1498,1499,-0.0016076625607477648,1,2406.084033077615,2404.6219458927008,1
1505,1507,0.0009778747444922089,2,2413.8328638524727,2418.6071229113118,2
1509,1512,-0.003451790270907294,3,2430.799514820289,2424.8397042193264,3
1519,1521,0.0020163234906422586,2,2434.969527725441,2442.3141835109172,2
1529,1531,-0.0027333330830328537,2,2432.86893846955,2428.6519662518176,2
1534,1536,0.006737275756393638,2,2434.4325159031505,2453.2683915890243,2
1538,1539,0.0004252890887334487,1,2453.8150766907856,2457.3124725453627,1
1540,1542,0.0038554525385483757,2,2469.220453856299,2481.2096365772113,2
1543,1548,-0.0024897117981922574,5,2480.0394770117086,2476.3449329428217,5
1549,1551,0.0009720737920664345,2,2476.61184429532,2481.4959056065763,2
1554,1556,-0.004030339070944751,2,2485.46879202649,2477.9369788363983,2
1558,1559,-0.0011648937930909995,1,2474.682383450606,2474.274323685703,1
1561,1563,-0.002282519207413943,2,2474.18253748942,2471.009350862442,2
1565,1566,0.00036008900314795397,1,2458.1991901001797,2461.542559786182,1
1571,1572,-0.0040093763141963905,1,2463.8607939946696,2456.446109679745,1
1573,1574,-0.004208592809760606,1,2449.1740633936643,2441.315661104007,1
1578,1581,-0.005867284434769613,3,2422.5324543313723,2410.741299823681,3
1583,1584,-0.0016870684778573985,1,2410.076208904404,2408.420321512032,1
1588,1590,0.0017029972140558064,2,2402.5999598716244,2409.094180869648,2
1592,1593,-0.005568656391720081,1,2414.224743642659,2403.1949803365674,1
1598,1599,-0.0028041829257583685,1,2353.7936867085855,2349.547012328268,1
1607,1616,0.01236536261034265,9,2347.750648833897,2379.129187574229,9
1617,1618,0.0006049340461398332,1,2387.8454449624724,2391.6777794140125,1
1620,1626,-0.009673230804005974,6,2392.4733375503706,2371.7228641013658,6
1627,1629,-0.010557759527450927,2,2373.3032852969004,2350.6198232103234,2
1630,1632,-0.010093013227066745,2,2336.8882762334943,2315.638920227526,2
1633,1634,-0.0016642330067253843,1,2292.4626803688743,2290.939950989887,1
1638,1641,-0.010531659942133467,3,2295.622520937884,2273.741427712801,3
1644,1648,-0.028781849897125688,4,2205.2419709259316,2143.9762695028257,4
1652,1654,0.0014432182915099091,2,2173.1885950740098,2178.4981692003953,2
1657,1661,0.007833461304328236,4,2195.4801293006276,2214.8738180672262,4
1662,1671,-0.045901774473979806,9,2217.885451638988,2118.298459280373,9
1672,1673,-0.003601761908241647,1,2128.1939221508387,2122.6568682708353,1
1674,1676,-0.007314097327772427,2,2123.4682946355547,2110.060509150787,2
1677,1679,-0.013291867360053708,2,2093.530599192792,2067.7971987533006,2
1681,1683,0.007779023510589524,2,2085.6292764257814,2103.939064877897,2
1684,1687,0.0019881984910111584,3,2110.3245287631894,2116.6305973355834,3
1690,1691,-0.004310811963424438,1,2137.9227264993133,2130.8444663595424,1
1692,1693,-0.0013699467156357518,1,2136.8721638398465,2136.0816350011005,1
1694,1701,0.006041492792953638,7,2143.2521725666165,2158.3438672932266,7
1702,1703,-0.005879639949014773,1,2159.223732483154,2148.6874980992684,1
1704,1708,0.009745672162015311,4,2153.4411969376283,2176.581370060098,4
1710,1711,-0.0009739356224297834,1,2189.100380955186,2189.1574384940545,1
1715,1716,-0.0026600420935083907,1,2218.673749763003,2214.990657946634,1
1724,1726,-0.0036598357037549312,2,2243.249223447859,2237.282549070912,2
1727,1729,-0.0008048121078489133,2,2226.9788609894995,2227.413540299241,2
1730,1731,0.0017540831883904257,1,2247.561172736069,2253.7511431767803,1
1737,1741,0.0030482192312011247,4,2246.194977850943,2255.2880675573065,4
1745,1746,-0.0045117455854008694,1,2266.87131522585,2258.910639891934,1
1749,1750,-0.0006142074261532384,1,2247.7887297081566,2248.6559099076544,1
1756,1765,-0.010868064843675185,9,2259.0401546614758,2236.7477999308103,9
1766,1768,-0.011582793205816018,2,2240.916820887624,2217.2016615807356,2
1769,1773,0.004905271620544419,4,2216.829167527639,2229.920145898235,4
1779,1785,-0.030138824658006724,6,2227.4685521859674,2162.5627366125964,6
1786,1787,-0.004321666868352296,1,2151.9012686685855,2144.753369520484,1
1799,1803,0.009847901683932361,4,2145.0216406571544,2168.2906245249105,4
1805,1806,-0.0005224843328621295,1,2172.0085258544477,2173.0456939547003,1
1807,1812,0.005837368396657428,5,2183.867443455741,2198.7993496961144,5
1813,1814,-0.0004961332411697564,1,2196.1842362376783,2197.2908204705855,1
1822,1825,-0.02459645084319827,3,2161.7093434272033,2110.700675167741,3
1826,1827,-0.0018237547838122696,1,2098.4596803236886,2096.731064123385,1
1831,1832,0.005004169207783248,1,2108.7892656770796,2121.4507932517618,1
1848,1850,0.0035991207606603463,2,2135.438596028943,2145.259736009055,2
1851,1854,0.00013509281938985486,3,2149.7778851788944,2152.218082619644,3
1856,1862,0.0023162046623922345,6,2170.217109330854,2177.4139934272202,6
1870,1872,-0.011090419274602348,2,2211.9545262286497,2189.634977642648,2
1874,1876,-0.0009595366689175995,2,2170.0007548270123,2170.088560286004,2
1881,1882,0.0014210610064216158,1,2248.7633207822714,2254.2077139708886,1
1885,1887,0.00550726348812662,2,2270.95696854628,2285.734683910808,2
1888,1890,0.0005980606800934419,2,2283.4337192596868,2287.082784902035,2
1895,1896,-0.002499927858115367,1,2315.522746646291,2312.0496295724965,1
1897,1901,0.007786489414319042,4,2311.59228815373,2331.903069323814,4
1902,1908,-0.004353643083789431,6,2336.3461686796263,2328.510897509696,6
1913,1914,-0.0006233880165841969,1,2309.9618705167563,2310.8318298384265,1
1915,1917,2.2520631717921728e-05,2,2312.894324939871,2315.259307106105,2
1921,1922,-0.0014638982966322786,1,2318.716253320972,2317.640604800683,1
1923,1925,-0.010888570211444504,2,2317.3547067416557,2294.4393820192195,2
1926,1929,0.0047712270470471755,3,2291.7933470944577,2305.019806845452,3
1930,1935,0.0014506380603919,5,2311.70689284083,2317.372049736896,5
1936,1938,-0.010021557707352989,2,2323.5848597517047,2302.622504851523,2
1952,1954,-0.005661958279042818,2,2279.5698988901245,2268.942639127337,2
1955,1957,0.004620714760745419,2,2260.882777109045,2273.590554306657,2
1958,1959,0.011047976157234168,1,2301.2645124025107,2328.9900923794253,1
1961,1964,0.0051884845371727275,3,2363.0805930307292,2377.704480740793,3
1965,1966,-0.001263554904439241,1,2387.916233222596,2387.28688618794,1
1972,1978,-0.007678063126216818,6,2437.18622930981,2420.910545820133,6
1979,1981,-0.003949292189702595,2,2427.957130001136,2420.796375000691,2
1989,1990,-0.006330002185629715,1,2431.312347273279,2418.353447148364,1
1993,1996,-0.008158950318387943,3,2400.2147254751303,2383.0317075019907,3
1999,2000,-0.0010221259827546375,1,2375.5999667421406,2375.5474042582446,1
673,674,-0.0019301463024225382,1,1981.9628581946258,1980.1193427705373,1
677,681,-0.000278370929425724,4,1988.6704677234525,1990.1055501447543,4
685,686,-0.0024452102997494438,1,1995.7309632591896,1992.8467123155585,1
690,695,-0.0016221629794703147,5,2015.0102612609733,2013.7565964731639,5
696,697,-0.000590626971706558,1,2018.591292702244,2019.4176495326242,1
700,703,0.0011896974182694755,3,2023.2545539556631,2027.6848692289618,3
706,708,-0.003001138469571154,2,2017.8336695476557,2013.795704966328,2
710,712,-0.0071771904014764545,2,2004.1585211815488,1991.778452401469,2
714,721,0.004942009864249594,7,2002.8048863343793,2014.7055727251454,7
726,734,0.010155725603569511,8,2028.611949429928,2051.2425876938905,8
737,739,-0.0027928881674012833,2,2074.1188155534987,2070.4001524713085,2
747,756,-0.010902794877332037,9,2066.000671243018,2045.5414903792682,9
761,766,0.003400475173037108,5,2072.831804335155,2081.9532492280136,5
768,770,-0.0009312653530199278,2,2088.9706464788906,2089.114231138828,2
772,780,-0.006168309013911609,8,2088.878355220813,2078.0823863885603,8
784,785,-0.0017663856340644382,1,2078.3890115521144,2076.7961640716635,1
786,787,-0.000295557612849881,1,2075.9733510870833,2077.435754710183,1
788,793,-0.002782574857929863,5,2076.5406919856564,2072.8391027566545,5
798,801,-0.002065589811855978,3,2076.2700058280316,2074.057553663159,3
806,809,0.005435916145093594,3,2077.1215198640484,2090.489699789063,3
810,811,-0.0046083552960468135,1,2092.555457752818,2085.0047741845638,1
816,817,-0.0033009812458190528,1,2086.641331970275,2081.8400093986606,1
821,822,-0.002735359870266078,1,2083.4159492926033,2079.8004728611286,1
830,833,-0.0019866307358163025,3,2060.6977331463654,2058.664585425616,3
834,836,0.001477685646334262,2,2063.6758538865242,2068.7889939283855,2
838,839,-0.001273280506601467,1,2074.258176938499,2073.6913226130832,1
840,848,-0.0011385333896774398,8,2077.7663230496278,2077.478483037938,8
849,850,-0.0023095800217758774,1,2075.2626781104705,2072.54495556728,1
860,861,-0.004579401604645591,1,2069.9238583414717,2062.51476956143,1
862,865,-0.0006755310547838,3,2066.8262515675324,2067.4968725013237,3
867,868,0.0005066249389206144,1,2064.6050621439995,2067.7156476196474,1
878,881,0.011917021347120572,3,2140.775712390415,2168.428157966759,3
882,883,0.0018733404295507346,1,2174.3278822123793,2180.5754664234396,1
884,886,-0.0034232103811918384,2,2178.599460704015,2173.3202558743783,2
887,888,-0.002485259709612197,1,2171.515616758899,2168.290352104533,1
892,893,-0.0011406682019883335,1,2169.8665948824564,2169.5613636499997,1
894,895,0.00019242183671678908,1,2164.297193038449,2166.877948272573,1
899,901,-0.003026474411662737,2,2163.739769690899,2159.355006414123,2
904,907,-0.002388444103845445,3,2169.544111241397,2166.531820512111,3
910,912,-0.004345770342411086,2,2165.7741505864105,2158.527967665018,2
916,917,-0.0029466981549360867,1,2147.5180519145065,2143.3374824851526,1
918,919,0.0006876001076529538,1,2149.98488805237,2153.6132027808994,1
921,927,0.0004199788009621138,6,2154.703236954742,2157.762869873582,6
931,932,-0.0038765359182097096,1,2149.586434431647,2143.403071843708,1
933,936,-0.007485623988903595,3,2149.3626471910684,2135.4226892455927,3
943,947,-0.012644866323584376,4,2130.839443415114,2106.026102939524,4
951,955,-0.001494132574052224,4,2117.2800287773402,2116.233811746731,4
959,961,-0.0012494085466230194,2,2136.9688644803778,2136.435886181709,2
962,966,-0.0006444319900256838,4,2141.041014889614,2141.8023005825517,4
968,970,-0.0027179442442659893,2,2148.1080619529707,2144.4177320718773,2
977,979,-0.003650610417410279,2,2134.303316081249,2128.6461094777305,2
980,981,-0.004654904035365778,1,2129.0179731714784,2121.2366167899677,1
983,984,-0.0031790320779500215,1,2123.324561059637,2118.6977687291887,1
985,986,-0.0007576694083956375,1,2123.9469719127524,2124.4616692389923,1
987,988,-0.002004263264052144,1,2123.7602808147735,2121.627466383098,1
992,997,0.0008457141055931896,5,2133.1691299952968,2137.106350348145,5
1000,1003,-0.0061207783643181905,3,2151.5452178291125,2140.527631627801,3
1012,1014,-0.004650621236313507,2,2138.952517853859,2131.1440123687153,2
1015,1020,0.00308135341108199,5,2134.842791349289,2143.5558392578864,5
1021,1025,-0.0018747198004275994,4,2149.015684731737,2147.135898160873,4
1026,1028,-0.004314031353710925,2,2146.426999710786,2139.3136733352926,2
1030,1031,-1.1884431219671065e-05,1,2147.8491987055763,2149.9715219382097,1
1033,1035,-0.0027072067175140787,2,2152.0497084581502,2148.3757147394463,2
1046,1047,-0.001807774679558814,1,2138.690405944322,2136.9628259869846,1
1048,1054,-0.000211076058858707,6,2139.5502128115904,2141.2381551977514,6
1061,1068,-0.003126379685311817,7,2145.435502247845,2140.8734917797183,7
1069,1070,-0.002854641674673694,1,2147.305133354958,2143.322651766397,1
1072,1077,-0.006687871873362019,5,2163.5299459155653,2151.2240647890158,5
1080,1081,0.0025473411246019362,1,2148.3925022363396,2156.013583311309,1
1082,1083,0.0023140830247177883,1,2166.338066941174,2173.5174911546237,1
1085,1094,-0.014339543573741093,9,2186.5606093957567,2157.392888870096,9
1095,1096,-0.0006759798617310529,1,2148.787191990495,2149.4834423135544,1
1097,1101,-0.0002351103554761553,4,2146.1163013340806,2147.757843468915,4
1103,1105,-0.0017170430852292847,2,2149.8578596455545,2148.31631893307,2
1108,1110,-0.006802236021750238,2,2163.1986069394347,2150.647218060051,2
1111,1113,-0.00532769216318192,2,2152.780968952024,2143.464395623643,2
1114,1116,-0.005207074996763254,2,2138.2048065023782,2129.209218522983,2
1117,1118,-0.0015952148422321557,1,2131.4626237398475,2130.1939455505344,1
1119,1122,-0.002067653502937677,3,2127.045317269071,2124.7743698851814,3
1126,1128,0.0001303468108050606,2,2122.323329342595,2124.7222907494147,2
1131,1139,-0.0009639740276610185,8,2140.689805766175,2140.766926197904,8
1140,1149,-0.0011001937681055735,9,2146.069713540195,2145.8546907289783,9
1151,1154,0.0030846847153061423,3,2148.694955168549,2157.4716966097812,3
1155,1158,-0.0013059548402076975,3,2158.3938114846974,2157.7334404509993,3
1159,1164,0.00012978175823890855,5,2163.3921035605626,2165.8362644950835,5
1166,1171,-0.0037909642315168816,5,2167.3304227028893,2161.281481015247,5
1174,1179,-0.0032038169874677048,5,2170.26143408346,2165.4785750677806,5
1180,1181,-0.002519157222075742,1,2160.886961845725,2157.604234811548,1
1182,1192,0.01967960544871478,10,2168.743425457241,2213.5921838151908,10
1193,1199,0.005042236389609054,6,2213.406874307844,2226.780801868798,6
1200,1201,-0.0014870209146605527,1,2223.1847832270614,2222.1020457404748,1
1209,1216,0.014373290782371005,7,2248.6008598821454,2283.169254754603,7
1217,1225,0.0052786158787057665,8,2283.354771580994,2297.691079106561,8
1230,1232,0.0025284553084691914,2,2284.9974848116817,2293.0599963168042,2
1236,1239,-0.004836756326939549,3,2290.418006426147,2281.630230648655,3
1240,1246,0.008448757334838214,6,2275.8994019414868,2297.4038231089353,6
1248,1255,-0.005573587601550978,7,2299.63515548126,2289.11757264606,7
1258,1261,0.014309806536960436,3,2295.4652680636286,2330.608397229995,3
1268,1272,0.004735729405662916,4,2375.4629153357755,2389.0879278313287,4
1274,1276,-0.0010043153791712374,2,2383.625944807788,2383.615658558034,2
1279,1281,-0.000991307998169229,2,2376.8966406446607,2376.9173006346127,2
1284,1286,-0.004265560609250063,2,2347.6673008027205,2340.0008509415948,2
1288,1297,0.010537426739951374,9,2355.090030264543,2382.2617089547102,9
1304,1305,-0.0023980974552940677,1,2326.9503873240865,2323.697083908973,1
1306,1307,0.001143484056494083,1,2330.788655502849,2335.7846638249766,1
1308,1309,0.00045025404600170134,1,2341.3980459549757,2344.7936679444224,1
1310,1311,0.00019783838878344021,1,2349.606630386255,2352.4210794066717,1
1312,1316,0.0009075843730594227,4,2361.513812497616,2366.0185993431005,4
1317,1318,-0.010647746638539742,1,2358.878768115913,2336.1209034101,1
1319,1320,-0.000886935203692056,1,2336.554039923483,2336.8182219300693,1
1326,1330,0.010137074511781124,4,2335.6736491105326,2361.6862205758803,4
1331,1332,0.004703113155865753,1,2374.2566333738755,2387.7972876150716,1
1340,1343,-0.0048916201001543026,3,2439.4427329802584,2429.949348607417,3
1344,1349,-0.00883083431836158,5,2439.100612618581,2420.000419835351,5
1355,1357,0.00998086318096236,2,2431.1067710400785,2457.8024218711807,2
1358,1359,-0.0017249810472408948,1,2470.318083330387,2468.527149539316,1
1364,1366,-0.0024881637465451233,2,2460.873765457895,2457.2115823353165,2
1368,1370,-0.001091506852281739,2,2465.542962487597,2465.3173484119343,2
1371,1372,0.002459172455569359,1,2467.6283893667883,2476.164341521867,1
1376,1379,-0.009855693648159185,3,2465.7319437071696,2443.896176995219,3
1389,1392,0.003492772581330383,3,2425.6818799112034,2436.5799169522984,3
1400,1402,-0.0010530393299017777,2,2462.189886111509,2462.059293209859,2
1405,1406,-0.0006483247438642196,1,2456.5014518104317,2457.365342587695,1
1407,1408,-0.0012394843647160212,1,2466.8349890358813,2466.244220625673,1
1409,1411,-0.005816921719156426,2,2466.4256708058997,2454.54509142351,2
1413,1418,0.007643685835664725,5,2445.0819850000075,2466.216505520791,5
1421,1422,0.002300544336748273,1,2465.826008676365,2473.964576744708,1
1426,1427,-0.0009372437718438955,1,2492.8230100123615,2492.9794501819306,1
1429,1430,-0.001567769548663239,1,2499.82157771003,2498.402255141115,1
1431,1432,1.2846064855497876e-05,1,2507.090781473513,2509.630078505764,1
1438,1439,-0.00020073159561908172,1,2514.974765379862,2516.9849052476457,1
1448,1449,-0.001645222374493733,1,2505.5896053681777,2503.972942893495,1
1450,1455,-0.004063314847779941,5,2500.726772706102,2493.0662592530307,5
1457,1465,-0.031574026264517885,8,2475.8899875507327,2400.1920620432998,8
1468,1474,0.0031597580479122162,6,2418.180268723575,2428.2393135577004,6
1478,1480,-0.00035698416002855873,2,2388.769953701187,2390.305970619465,2
1489,1492,5.264050676257077e-06,3,2383.8630794449896,2386.25949130049,3
1498,1499,-0.004303107289749442,1,2411.657693014547,2403.6917289083704,1
1502,1503,-0.00128388695233295,1,2417.796039088139,2417.1096583392396,1
1504,1505,-0.0012529877797181612,1,2417.3177847221314,2416.7062328629013,1
1511,1513,-0.0061791238829076636,2,2429.8431301960322,2417.258671608715,2
1515,1520,-0.0008034671000228405,5,2429.230319363234,2429.7077430426107,5
1524,1532,-0.010209767523110445,8,2451.1416313743075,2428.5671867831325,8
1533,1537,0.007846310078259366,4,2431.079284887935,2452.5853660668868,4
1538,1540,0.006208214658491229,2,2450.72787669881,2468.3932493036036,2
1543,1550,-0.002404817224183329,7,2475.200217482149,2471.723013583328,7
1554,1555,-0.003697233122228214,1,2481.7415499943904,2475.0477144849356,1
1557,1560,-0.0023241104367359338,3,2474.7832733015007,2471.5063869406627,3
1562,1564,-0.0012696178951139394,2,2465.0972994538297,2464.4326651087,2
1571,1579,-0.020700628884816445,8,2464.668769220776,2416.1132444743603,8
1581,1583,-0.00040514805760986244,2,2409.937754446165,2411.3713106004366,2
1591,1592,-0.0016816738816030274,1,2408.476615310274,2406.8348197071655,1
1594,1597,-0.014276498643921009,3,2394.7694586758453,2362.975305205232,3
1598,1603,0.0007014842854800526,5,2356.0046381828893,2360.0133430512756,5
1606,1611,0.005462809281873655,5,2352.768121244317,2367.9736128963914,5
1620,1623,-0.0022223523790276933,3,2390.3461483883657,2387.4243030871835,3
1625,1627,-0.006097525361809379,2,2382.8220379593267,2370.6755421881508,2
1630,1631,-0.007303362064556018,1,2338.7418013087245,2323.9998649595636,1
1639,1640,-0.004605976677068075,1,2290.997407359345,2282.7361241411836,1
1642,1643,-0.011428858408054944,1,2264.9885155171605,2241.3672709929615,1
1645,1646,-0.017401631574287986,1,2153.531433897168,2118.2100047347385,1
1647,1650,0.003907678526285111,3,2148.1715714544252,2158.7141069464283,3
1651,1652,0.004754764403723591,1,2162.9935809272497,2175.4410993922525,1
1655,1662,0.01576341977449647,7,2177.976860738408,2214.487201114106,7
1664,1665,-0.005943352850738076,1,2192.343467853305,2181.5059405216953,1
1667,1669,-0.015148106230182031,2,2146.3307672157307,2115.9642515160544,2
1670,1674,0.005317887810887416,4,2116.2487682016335,2129.61899049906,4
1678,1681,0.006271847933869547,3,2071.9804298898484,2087.047556497961,3
1682,1683,0.003137121512892336,1,2093.0723038674196,2101.7315983237886,1
1684,1685,-0.003427856315590486,1,2114.504876140779,2109.3711621228936,1
1687,1688,0.002586007110045134,1,2122.7123103520235,2130.324371789526,1
1693,1696,0.00445827423413267,3,2139.7587747993857,2151.4381649871325,3
1698,1701,-0.00712762438679993,3,2168.3614836192887,2155.0745789128655,3
1702,1708,0.008872957977634353,6,2154.8721628598128,2176.1471251709017,6
1711,1716,0.010702952436407398,5,2191.0739763055667,2216.716010834921,5
1717,1718,-0.004259217875936926,1,2218.7512613634467,2211.5198675901534,1
1719,1721,0.0024027908949305152,2,2220.813331728006,2228.37029511255,2
1725,1727,-0.00488359125111801,2,2237.3938828932232,2228.704759584314,2
1729,1732,0.011143739949485355,3,2231.3932872085843,2258.4907470134726,3
1734,1736,-0.004580747207506395,2,2251.487966409119,2243.4259571606653,2
1738,1739,-0.0005943212215261621,1,2247.925143099492,2248.837078625645,1
1740,1742,0.0022779344894066984,2,2253.6574869325623,2261.044828536288,2
1747,1748,-0.005576713366219311,1,2259.4818957770885,2249.140894783955,1
1750,1751,-0.0065412658255395925,1,2253.250386638649,2240.7645272747845,1
1753,1756,0.0031821893509390393,3,2247.6178380095052,2257.0178013966092,3
1758,1762,-0.010003603447615077,4,2267.3278856401535,2246.91376447213,4
1763,1767,-0.010556136102799187,4,2245.5090206987147,2224.0506308768545,4
1769,1771,0.0017398627314664105,2,2214.831033767764,2220.8993667736795,2
1775,1783,-0.018917449103654636,8,2242.161553230483,2201.9877377183047,8
1786,1787,-0.005649073723668633,1,2150.7677646177253,2140.7686867175275,1
1791,1796,0.004654725443359199,5,2110.546811555759,2122.481374310464,5
1797,1801,0.015123232067637521,4,2130.5119247146076,2164.8626628996503,4
1807,1808,-0.00022634464767472425,1,2184.012632458677,2185.702305521325,1
1811,1815,-0.004320109738900445,4,2209.624702481028,2202.288505987006,4
1816,1819,-0.0050897951538843075,3,2193.3262217246415,2184.3559667721447,3
1820,1821,-0.00958382193066628,1,2182.954814180555,2164.2167187729383,1
1822,1825,-0.02171124776123089,3,2159.561433901962,2114.8342219888195,3
1826,1828,0.003948600908879333,2,2099.2412063023253,2109.62951324379,2
1829,1830,-0.004764141871473662,1,2116.467132766793,2108.5004502127476,1
1831,1834,0.008363048958096763,3,2114.136237579508,2133.9309986760513,3
1835,1836,-0.0029904483239615335,1,2124.7674924229864,2120.538252528885,1
1842,1844,-0.0009699741860358654,2,2083.5721046322406,2083.634665580635,2
1849,1850,-0.0006887083897416403,1,2142.4939150906766,2143.160855471474,1
1860,1861,0.0006603494993731283,1,2181.731222012807,2185.3536583550426,1
1863,1867,0.008883208550212903,4,2175.987110555167,2197.492844971359,4
1869,1872,-0.01548464437122753,3,2213.9294666792384,2181.8614856914082,3
1873,1877,0.0027361417307997914,4,2178.846668483303,2186.9871484464375,4
1885,1888,0.006159196843412144,3,2271.8111316515424,2288.0754747340907,3
1891,1893,0.009104650070836749,2,2295.982875829713,2319.1829793586057,2
1894,1895,-0.0033397263899852024,1,2322.5414759345963,2317.107364351517,1
1898,1908,0.0007257657436368864,10,2324.4008464885655,2328.412217843916,10
1910,1916,-0.015633114716034985,6,2345.978360433554,2311.649389963994,6
1918,1921,0.001896685737830043,3,2316.820743230751,2323.531844834776,3
1922,1923,-0.0035959227050748805,1,2318.8172039703586,2312.7977337416537,1
1926,1928,0.002488768277253848,2,2295.2464887357846,2303.2540718741643,2
1930,1932,-0.001789429143643791,2,2305.98870722198,2304.1682925315854,2
1936,1937,-0.008025329849596734,1,2323.047827561655,2306.7276503166454,1
1942,1946,0.0011654635901856914,4,2291.5593530020788,2296.5216413457542,4
1951,1955,-0.012522847696283073,4,2280.7185392522665,2254.4381668863734,4
1959,1960,0.007955613878054945,1,2330.7928800956333,2351.6665611594894,1
1961,1963,0.0011497253275502832,2,2365.694968312842,2370.7805627034822,2
1967,1968,0.008775037944489274,1,2391.0787471871736,2414.45163266919,1
1969,1972,-0.0006787347677126051,3,2430.842488487414,2431.623433664132,3
1973,1975,-0.0017447317536130802,2,2442.0377553518497,2440.219092291917,2
1977,1978,-0.0014423644536218792,1,2428.3834138211505,2427.309183319111,1
1979,1980,-0.004002820523847563,1,2425.6535055360205,2418.369703405854,1
1982,1983,-0.0022966013327254155,1,2420.08742061459,2416.949532039709,1
1987,1989,-0.003049377670887593,2,2430.0653453872123,2425.085223729578,2
1992,1998,-0.011378193685008208,6,2401.648351379617,2376.7235796257187,6
1999,2000,-0.0031576631269243888,1,2374.616844890838,2369.4932216840434,1
675,679,0.0007728136964133278,4,1987.7255921253839,1991.249459279815,4
680,681,-0.001682213113107648,1,1989.8448988375387,1988.4874005545014,1
682,683,-0.0015531878354881439,1,1993.3042143989749,1992.201542755142,1
684,689,0.004447349982533746,5,1994.56474749728,2005.4298397397217,5
692,696,-0.001168300353541399,4,2018.7374145402712,2018.3976603196968,4
697,698,-0.0025196282049001545,1,2018.0785468881927,2015.0118178086375,1
699,702,0.0013442194789605728,3,2019.565533544215,2024.2998384069867,3
704,705,-0.0021587173631788213,1,2027.041594604025,2024.6928263124717,1
706,708,-0.0034575110011760384,2,2018.829688030441,2013.8683918626054,2
709,710,-0.006846277602846413,1,2013.7037941174576,2001.9311227271419,1
712,714,-0.0013689819714206481,2,1994.4975182181015,1993.7615845918358,2
716,723,0.01337079156926152,7,1999.0657804132152,2027.7939380767766,7
725,726,-0.0012890872642195737,1,2031.0835221303983,2030.4963617515841,1
731,732,-0.0019638298418999858,1,2046.4433185693674,2044.4708954291734,1
733,735,0.005611697584293854,2,2045.856538437744,2059.3831231707445,2
736,740,-0.0019469110015779422,4,2064.017856208718,2062.0634149932207,4
745,747,-0.0015456277898136046,2,2067.3822343835936,2066.254213184347,2
752,753,-0.0032163227479159377,1,2065.458159595909,2060.880437691928,1
754,756,-0.008314017560727319,2,2059.4781453132136,2044.4150859924587,2
758,762,0.0036793284477706755,4,2054.9765724312933,2064.5924827661734,4
765,766,0.0011605852732833061,1,2074.8312005699504,2079.3140503064506,1
767,768,-0.002064550664891352,1,2083.651084272514,2081.43293212535,1
769,770,0.0003190873449872814,1,2089.4340067389303,2092.1901526954057,1
773,774,-0.003013476653600903,1,2082.9253904120574,2078.73146876727,1
775,780,-0.0024381731308892526,5,2081.3198358457003,2078.326537581,5
781,783,-0.0029870786908846965,2,2080.8593888328865,2076.7245574826093,2
786,802,-0.0037825581191315433,16,2076.6402183003947,2070.861846200448,16
804,807,0.003991915319823486,3,2071.6146456179054,2081.955970504136,3
809,812,-0.00582866878514224,3,2092.008607266691,2081.9069906065333,3
815,819,-0.005509601812603877,4,2088.541658363281,2079.123167115027,4
821,829,-0.007933372699629532,8,2081.4809379978137,2067.0492548875004,8
831,837,0.00529907278094015,6,2060.0141242527666,2072.9903031511994,6
838,839,0.001180557983014256,1,2070.904852247723,2075.4205803553546,1
846,848,-0.0007900791155488697,2,2080.561477585467,2080.9982308909966,2
851,853,-0.0018356603471501795,2,2075.4221822156223,2073.687834194349,2
854,863,-0.007818315556643517,9,2078.362953312231,2064.192018855311,9
864,866,-0.003468985261727409,2,2070.1821092695577,2065.0708601526794,2
868,871,0.009821749891469257,3,2069.0280101891526,2091.418513833864,3
872,874,0.001175752029464061,2,2094.692304238892,2099.2498352709426,2
876,878,0.006613264842134895,2,2122.6107636115285,2138.770761511669,2
879,885,0.008424110225897466,6,2151.1652035992943,2171.438021592129,6
888,890,-0.004254057230756635,2,2175.766394199307,2168.6863258318253,2
892,893,-0.004045370942881141,1,2170.6374026270146,2164.0270065535233,1
894,895,-0.0014030157784203283,1,2162.803116206319,2161.931472424871,1
896,898,-0.0011758834469641744,2,2168.5797239543253,2168.1983066774596,2
899,900,-0.0017730702906930062,1,2164.7026588595304,2163.029191545782,1
903,905,0.0009272667194860568,2,2165.476217313774,2169.6496675592416,2
906,908,-0.003791680043182284,2,2164.7941908887046,2158.7507781484037,2
910,911,-0.005319511237838683,1,2165.8662186379247,2156.510735166863,1
912,923,-0.0028277981213092338,11,2163.1744099862403,2159.2205638636033,11
927,930,-0.003574303619722552,3,2156.6375837510222,2151.0857438127423,3
938,939,-0.0015476695698524597,1,2138.2148706041694,2137.0438353857335,1
942,943,-0.0032864575757232998,1,2136.5317403777585,2131.6466511941985,1
944,946,-0.010686719028722064,2,2133.949041432932,2113.2780766469605,2
948,953,0.0037399679636990904,5,2105.70577277844,2115.686750682386,5
954,955,-0.0036608835786561622,1,2119.715914675957,2114.0755974071794,1
958,960,0.0009707603634831097,2,2137.495043168809,2141.7075336770276,2
961,962,-0.0001438955387140457,1,2136.9893039812996,2138.8187900581584,1
964,967,0.004086965227630078,3,2139.2558358167544,2150.138155866559,3
970,971,0.0006745615498963389,1,2147.696048454774,2151.2924976783806,1
974,976,-0.004814272227400693,2,2148.1935508996958,2139.999755899418,2
978,979,-0.0008723272243378113,1,2130.828184950246,2131.1002336990778,1
980,981,-0.0026351513765364614,1,2125.5847148126227,2122.109062040252,1
983,985,-0.004064404594149435,2,2122.907556448003,2116.4021087790693,2
986,988,-0.0013521674520379596,2,2126.7957921880525,2126.0468039329126,2
989,990,-0.0015149035474968844,1,2131.0365253712225,2129.9392471044634,1
993,998,-0.0017783399453155635,5,2137.9307408843106,2136.266703988362,5
1000,1002,-0.0034730707761716573,2,2148.8210361967117,2143.5068496888707,2
1004,1010,-0.0016942840956557363,6,2143.3574892048664,2141.869390188807,6
1014,1017,-0.0007335470948245288,3,2134.707686969685,2135.2764860345783,3
1020,1021,-0.0027036697698036723,1,2148.521090432662,2144.860720001106,1
1022,1024,-0.0017896851088324388,2,2153.1723522173957,2151.4720240741,2
1026,1027,-0.005572402067623067,1,2147.091724249939,2137.2743576106022,1
1029,1030,-0.0014780897440084331,1,2146.1226877678396,2145.096648521434,1
1031,1033,-0.0023547239089611433,2,2150.406633013469,2147.4934257337372,2
1034,1038,-0.00025601137539466555,4,2149.0116488712306,2150.610489092135,4
1042,1045,-0.006093486690674086,3,2143.3520485005683,2132.4349133681017,3
1049,1050,-0.0011816372351944931,1,2140.878413067236,2140.489549831399,1
1051,1052,-0.00018674294405168746,1,2143.9499920852954,2145.693574543959,1
1054,1056,3.264555383668873e-05,2,2145.1197326315987,2147.334880985948,2
1059,1060,-0.0018700287613856094,1,2145.43681107804,2143.570219346667,1
1062,1064,-0.004326114092400898,2,2145.752655656982,2138.6156375101946,2
1065,1067,-0.0030382912675738396,2,2140.1017503380494,2135.739599628616,2
1077,1080,-0.002702627554955767,3,2154.24055216312,2150.572682839004,3
1082,1083,0.004276401669517742,1,2169.9081836947703,2181.3574908579176,1
1086,1087,-0.001495916198920393,1,2188.632101302118,2187.546723189605,1
1088,1090,-0.003190471498268757,2,2188.019803644052,2183.227008626522,2
1094,1095,-0.00482960922272202,1,2156.3346531578604,2148.076734082852,1
1096,1097,-0.006229568901340572,1,2151.431808651344,2140.180747771466,1
1098,1100,-4.466819563416326e-06,2,2137.084670259614,2139.21220895826,2
1101,1102,0.000565511024084676,1,2143.1282762497963,2146.483367192293,1
1103,1104,0.0003426856551916619,1,2145.855290211429,2148.736499327713,1
1105,1107,0.002019352740395799,2,2147.18027990775,2153.6633745700133,2
1108,1111,-0.006963809268323282,3,2157.2178188791563,2144.3525832571327,3
1112,1113,-0.004272060942355145,1,2148.5173018176265,2141.487222270375,1
1116,1118,0.0010522731656404812,2,2126.730393813698,2131.0950255314738,2
1119,1120,-0.002146562588960786,1,2128.4412159498074,2126.000824878797,1
1123,1124,-0.003513900574707961,1,2131.543837049909,2126.185347772934,1
1127,1130,0.0012100285755857424,3,2128.0529499899085,2132.7560078197457,3
1132,1134,0.0008784342736862156,2,2137.0539520918655,2141.0682674801915,2
1135,1138,0.0008613574899378491,3,2143.159398940167,2147.148584739515,3
1141,1142,0.0019778999468485817,1,2138.868963023543,2145.238300794847,1
1143,1144,-0.0025453215862437156,1,2147.017520821972,2143.6996883010024,1
1147,1148,-0.000723846029714451,1,2147.229087208734,2147.8220530462795,1
1152,1156,-0.0007533800752518933,4,2153.429437232918,2153.960515838679,4
1157,1160,0.0008888485125935726,3,2159.537136932657,2163.616175441643,3
1161,1162,-0.0007087123586476196,1,2161.8752948827487,2162.505022438293,1
1167,1171,-0.003995923903219139,4,2168.3876937857203,2161.8913692624615,4
1172,1174,0.001025260457666597,2,2166.999917192832,2171.3886564368895,2
1176,1178,-0.005034252986877159,2,2176.886543317119,2168.1044322776493,2
1179,1184,0.004038993371747544,5,2165.2948849028703,2176.2057914757747,5
1185,1190,0.004903452927171677,5,2194.1198278628667,2207.072710983229,5
1192,1197,0.001231011744120089,5,2214.818605702895,2219.759892023314,5
1199,1200,-0.003774563453661358,1,2228.7433547331393,2222.559564873506,1
1202,1203,-0.0016098757287965936,1,2225.970654114543,2224.613088639585,1
1205,1208,0.005662788666600199,3,2224.6346881466693,2239.4569589341786,3
1209,1210,0.0020380113744700836,1,2245.5464660379776,2252.368461743702,1
1212,1215,0.00446433405072144,3,2260.2388488842994,2272.5895489890213,3
1218,1221,0.004585727036438364,3,2281.687195615995,2294.4320774732423,3
1222,1225,-0.001211231995604825,3,2299.281657602335,2298.7959757493422,3
1226,1239,-0.010219881362275592,13,2295.7681321852506,2274.6014223712095,13
1240,1241,-0.0020784002056746637,1,2279.0300907361075,2276.572384217519,1
1244,1249,0.0010691447745696256,5,2288.932004744068,2293.668136441029,5
1250,1251,-0.0017208484895245972,1,2298.6996115504935,2297.0425974076365,1
1252,1256,-0.0036287769975403665,4,2293.0522515446064,2287.024328531588,4
1257,1258,0.0009838671632585471,1,2290.499570936366,2295.0436178226046,1
1260,1264,0.010586692863294233,4,2318.5402107765512,2345.4044240900166,4
1266,1267,-0.002823644413769588,1,2367.63407393313,2363.3163512803512,1
1268,1269,-0.00017600018486602672,1,2374.3049398482444,2376.261366679751,1
1270,1271,-0.001472818007432236,1,2377.292838211787,2376.168811348941,1
1272,1277,-0.002674974924692094,5,2385.8678368808423,2381.8715680804376,5
1278,1281,-0.006548724859808064,3,2383.0887711252726,2369.8656672178004,3
1283,1288,-0.0032571691501418207,5,2354.555814504009,2349.2411837572236,5
1289,1291,0.0034882126950679243,2,2355.8196080961916,2366.393027568539,2
1292,1296,-0.0005387582179267707,4,2376.616907997905,2377.7131030158553,4
1297,1303,-0.01667783434773555,6,2382.437551499929,2345.0860902236886,6
1305,1307,0.0016166309116434547,2,2327.332112296428,2333.4218814431233,2
1310,1313,0.007985336132268348,3,2345.9528512740103,2367.0320261931606,3
1314,1315,-0.001647945038132551,1,2372.630673236244,2371.0933389641996,1
1316,1318,-0.010498090099950359,2,2366.6222490219,2344.143857668143,2
1319,1322,0.002441988469461612,3,2333.175355284434,2341.206117954555,3
1324,1325,-0.0035388834942617652,1,2339.599660212545,2333.659689252051,1
1328,1331,0.010908149323882937,3,2341.234991056309,2369.114766932107,3
1333,1336,0.008406202514525004,3,2399.9422232166366,2422.5165657913717,3
1341,1344,-0.0031649205714270696,3,2437.529602239392,2432.2525442600413,3
1345,1347,-0.005184787247049475,2,2433.3794504830385,2423.196275191425,2
1349,1351,-0.0014316594445439946,2,2423.071544526018,2422.0256028090175,2
1353,1355,0.0038755330044042283,2,2416.2544876503853,2428.0350161519646,2
1356,1359,0.013296435037439786,3,2434.5415582514042,2469.346823484893,3
1360,1362,-0.006249499057722443,2,2472.6713016228805,2459.691015954954,2
1363,1364,-0.0036022521733053234,1,2457.9990102813936,2451.6026770149065,1
1366,1367,0.0008216033006795049,1,2457.932960154919,2462.410338947986,1
1370,1374,-0.0022467725600793503,4,2470.714963085018,2467.6345434652662,4
1376,1380,-0.011333404616246247,4,2467.683565564306,2442.1839928164686,4
1381,1384,-0.0062951386039018075,3,2452.4059863086986,2439.4201566981556,3
1392,1398,0.008209771954464314,6,2439.4098490224847,2461.876257435456,6
1401,1402,-0.0011065895647077448,1,2461.3352688060863,2461.0729161511845,1
1406,1408,0.0004713937533384969,2,2463.7731048656183,2467.398285221761,2
1411,1412,-0.0037534788504072166,1,2455.4229881192036,2448.6620328526137,1
1414,1416,-7.516232346832313e-05,2,2448.901403365404,2451.1662396493475,2
1420,1421,-0.001896836944021281,1,2463.8516774163268,2461.642004207431,1
1426,1428,-5.46772524586184e-05,2,2491.3401887067575,2493.695309259006,2
1429,1430,0.0020027517647828587,1,2493.3402341424144,2500.8271159306896,1
1433,1435,-0.0006370396974661797,2,2526.5149637911786,2527.4319884267925,2
1436,1438,-0.0054715418467070585,2,2520.8789605608595,2509.606744798228,2
1439,1441,0.0008684267138332072,2,2519.319494673922,2524.0266585184513,2
1442,1453,-0.015907211027444655,11,2534.7444111382383,2496.9584413007647,11
1457,1458,-0.009857767875430367,1,2474.64436424568,2452.72453889295,1
1464,1467,0.00028114711809324746,3,2410.567772959142,2413.656064914437,3
1470,1471,-0.0024374243635168907,1,2431.8121984598993,2428.3166523583354,1
1477,1482,-0.009564227927173315,5,2391.3825632114385,2370.902217879028,5
1483,1484,0.0009515187391831992,1,2364.538232067456,2369.152672736851,1
1485,1489,0.005820413829832637,4,2366.3269320207733,2382.466260953833,4
1495,1496,0.003284970899554791,1,2368.4010691295925,2378.5495987892873,1
1504,1506,-0.001234702046174183,2,2415.3616623358557,2414.794772011455,2
1508,1509,0.0005437536843478647,1,2427.751318577056,2431.4991686197895,1
1513,1520,0.0045588969673678835,7,2420.4928814847713,2433.9481520231925,7
1526,1528,-0.007107318914362823,2,2449.6628110446695,2434.701939024965,2
1534,1539,0.010224608405529145,5,2431.366216173354,2458.657349840333,5
1540,1541,5.692036401912584e-07,1,2470.974739652128,2473.4471208795967,1
1549,1550,-0.000509892698770033,1,2478.130448438071,2479.344998264251,1
1552,1554,-0.001167440594628008,2,2479.610309731945,2479.195122307238,2
1560,1567,-0.006288235303640585,7,2477.728295593302,2464.625485347716,7
1570,1573,-0.007899226344024063,3,2463.886249404688,2446.8873404841165,3
1581,1583,-0.005629560616793695,2,2413.006749786724,2401.835588769854,2
1586,1589,-0.007423507248716912,3,2411.676825983151,2396.1854024098857,3
1592,1593,-0.006327471825804005,1,2411.677376664427,2398.8292333873183,1
1595,1597,-0.010051960512330413,2,2386.5896943226403,2364.986378650497,2
1600,1603,-0.0007532481960881236,3,2355.0762999639687,2355.657419289335,3
1604,1607,-0.0089250981812054,3,2363.5853041727983,2344.8536585775746,3
1609,1610,0.0005170650306763453,1,2364.172856761155,2367.7594607286214,1
1612,1615,-0.00010495526744677078,3,2378.2934611820447,2380.4221402169414,3
1617,1620,0.0023369290114954155,3,2382.628013155564,2390.5786736962646,3
1622,1629,-0.019177563300323594,7,2391.970920189409,2348.4907173751326,7
1634,1636,-0.006353826536285152,2,2294.987421593461,2282.7004570352933,2
1640,1644,-0.03274646818342736,4,2278.733862506574,2206.3921104420106,4
1645,1654,0.010132706083674888,9,2152.7440519138063,2176.709918717142,9
1655,1664,0.00364681925372181,9,2181.5428865867125,2191.6801220749235,9
1665,1666,-0.011216600033272326,1,2185.2394334087576,2162.9137161406857,1
1667,1669,-0.014874806042339837,2,2145.27713486855,2115.5118307151824,2
1671,1678,-0.023776142611966703,7,2121.623238846156,2073.300845389333,7
1685,1686,-0.002091245194792608,1,2117.4038269153557,2115.093220163799,1
1692,1695,0.0008223302408531289,3,2137.718389792906,2141.6140186610533,3
1696,1698,0.0014701770872079406,2,2157.7645063110576,2163.0945667541378,2
1699,1703,-0.008192320281130327,4,2160.86746513933,2145.3258142449736,4
1707,1708,0.0010107524952649685,1,2170.411734540276,2174.7758953512553,1
1709,1718,0.009547890449146692,9,2187.459147571846,2210.532227022418,9
1722,1723,-0.0012311226200711351,1,2239.1187388291273,2238.6012278395588,1
1726,1738,0.004706135226659874,12,2234.985384262264,2247.7385130944726,12
1743,1745,-0.0012085611758633939,2,2261.9173502088474,2261.445602066582,2
1754,1758,0.0027078061298520884,4,2250.986381525788,2259.332602629423,4
1760,1761,-0.0076251681511622675,1,2260.8275142744365,2245.849151831594,1
1763,1765,-0.003973778875305872,2,2241.1966891716766,2234.5318658020124,2
1771,1777,0.0051066424742034185,6,2223.0111890511553,2236.5863235988445,6
1779,1781,-0.007440701034424128,2,2225.1256434502934,2210.7942744167995,2
1783,1784,-0.011889171123650347,1,2209.114107978285,2185.0586864248394,1
1787,1789,-0.006571148684770464,2,2145.0965501236933,2133.145898299766,2
1792,1798,0.0067078430729240295,6,2121.284704549295,2137.635234164955,6
1801,1802,0.000729066569610857,1,2165.293735090161,2169.0376721008934,1
1819,1820,-0.004370244381549175,1,2187.117988775119,2179.7468666616646,1
1823,1827,-0.02632217188126427,4,2154.228766879866,2099.67901577337,4
1832,1834,0.0015199654215377507,2,2126.337668848878,2131.6959662488903,2
1835,1840,-0.016953434471812797,5,2124.002015295089,2090.1168883260807,5
1846,1850,0.010925269302229368,4,2118.6340012143096,2143.89928223165,4
1852,1853,-0.002516593671136667,1,2147.7607368028357,2144.5034564622847,1
1854,1855,0.003270985996645208,1,2153.6880847495004,2162.886456400607,1
1856,1858,0.002912090830482876,2,2177.0959155572878,2185.612912525621,2
1864,1865,0.0005725067834846935,1,2179.1391073664004,2182.565818394891,1
1867,1868,0.0019497042104574913,1,2200.523247690268,2207.0141403791895,1
1872,1873,-0.008514550010854396,1,2191.7371408293184,2175.2672224739094,1
1876,1878,0.010724929831731074,2,2171.0655954487584,2196.5211872154805,2
1879,1880,0.007990129373388614,1,2211.497500044068,2231.37914867839,1
1887,1890,-3.973430020023081e-05,3,2290.5238146710135,2292.7233261248166,3
1891,1892,0.0019260091957501069,1,2303.140153669821,2309.87916293856,1
1899,1903,0.000492498343750527,4,2326.187169167161,2329.6589996643966,4
1912,1913,-0.010216664595791961,1,2325.3697120122874,2303.937559315457,1
1916,1917,-0.0019842497546868182,1,2319.23581080338,2316.953103525536,1
1929,1930,-0.00013340497269006938,1,2306.584175706955,2308.5830500836946,1
1933,1944,-0.0064405184840230075,11,2307.2556760860043,2294.7030089328914,11
1945,1949,-0.0017099891107732982,4,2298.207087054297,2296.5753850481865,4
1953,1955,-0.005800378944687362,2,2266.839490705713,2255.9578021435436,2
1957,1958,0.009416335926020303,1,2277.1728400663183,2300.8926373300587,1
1962,1963,0.0006906832250376963,1,2368.265487404288,2372.269474136278,1
1964,1967,0.003137525962432823,3,2378.9566868848297,2388.799681940319,3
1973,1974,-0.00019665322941858556,1,2441.4222727356587,2443.3835814340864,1
1976,1979,-0.006348292603155263,3,2440.922140426826,2427.8673745983033,3
1981,1982,0.001405352253435961,1,2418.1445252239137,2423.961014606795,1
1984,1985,-0.001306912800151138,1,2411.582911400678,2410.8427657365432,1
1991,1992,-0.005379667862689568,1,2409.8608602899885,2399.306470126623,1
1994,2000,-0.011694191498090412,6,2397.376350648332,2371.7383488615055,6
672,673,-0.0006400552265566051,1,1978.308825048171,1979.020906970004,1
674,676,0.0021708101625646905,2,1982.0955967235636,1988.3804455848294,2
680,686,0.003948232972593812,6,1991.3144937907955,2001.167981827775,6
688,689,0.0038097831306547324,1,1999.239747164107,2008.8556567741514,1
690,693,-0.00033361919148606675,3,2013.9493485199841,2015.291405715157,3
696,699,0.0017982414970083077,3,2015.5972933062349,2021.237421293622,3
705,706,-0.004244831210453255,1,2027.9162157625874,2021.3359699334967,1
707,710,-0.005959766907842944,3,2015.7162991554587,2005.7188161593078,3
714,715,0.0008548042800067984,1,1993.731053626981,1997.4290345184309,1
716,725,0.013423497055543104,9,2000.027898668176,2028.8752951756205,9
729,730,-0.0010374747500966047,1,2043.532553634652,2043.4559727628903,1
731,734,-0.00026680517935341174,3,2050.084053287054,2051.587164296814,3
737,739,-0.0027472185086029055,2,2069.090602157569,2065.475448761503,2
740,741,0.00011129172183209596,1,2061.7526267700246,2064.0438353966197,1
742,743,-0.0019185055523590901,1,2062.921966070884,2061.0271607909644,1
745,748,-0.0017452835722053849,3,2068.2233791051917,2066.6819661970935,3
749,750,-0.004055009374639924,1,2067.234735688328,2060.9193141912187,1
755,756,-0.0016391174775297645,1,2055.1782218561707,2053.864721535144,1
759,768,0.013421841272697056,9,2055.2985199157024,2084.939708937936,9
770,778,-0.008352319957710536,8,2097.8774906882704,2082.4532241446514,8
779,780,-0.004530789685036065,1,2078.7447472087165,2071.405136697449,1
783,785,-0.0018592103437302834,2,2077.0755362841746,2075.29089149869,2
786,791,3.088607509725799e-05,5,2073.678929885253,2075.8166566182945,5
793,794,-0.0040233486196672805,1,2080.779540042045,2074.488618091827,1
796,797,-0.001609786822271671,1,2072.1667334182066,2070.9031534506184,1
798,800,0.00024109413880161893,2,2076.11480922152,2078.691463142724,2
801,806,-0.000525105852014288,5,2073.6697966538823,2074.654570305168,5
809,812,-0.005554358386061455,3,2091.9553804733832,2082.427865943058,3
818,822,-0.0009851445203553565,4,2079.4403521091285,2079.4712431929515,4
825,828,-0.0016885720510973975,3,2065.7583021986907,2064.3358787674742,3
833,834,0.00024291277405748962,1,2062.982197029088,2065.546303954429,1
836,840,-0.0003657766651166116,4,2069.54146726744,2070.85401875849,4
841,842,-0.00036058020635737855,1,2073.8728159183725,2075.198891246368,1
845,846,-0.0030785493826346435,1,2080.249882160254,2075.925980051964,1
847,848,-0.0024078063198666715,1,2080.6378924650476,2077.708757290681,1
854,856,-0.0004503372838126964,2,2074.9899874718867,2076.130532104462,2
857,860,-0.004097548528740023,3,2074.3070576451,2067.8817908705364,3
861,865,-7.541176060951434e-05,4,2066.6865001744136,2068.597334206982,4
869,875,0.015631527864412003,6,2074.0334206913744,2108.5277653193248,6
876,882,0.022014301583296977,6,2122.833402503042,2171.6889306393437,6
883,890,-0.007896348065020976,7,2182.3637371391133,2167.313397203322,7
891,892,-0.002848315789067354,1,2172.055012900128,2168.040369325062,1
897,899,-0.005055809356801202,2,2172.437626829936,2163.6266339759723,2
901,904,0.0020811187418053635,3,2159.3410331296373,2165.9942192567623,3
907,910,-0.0017443552817296556,3,2164.476955445961,2162.8658155919925,3
912,917,-0.007889810797842085,5,2163.205865194535,2148.3017860665623,5
918,922,0.0019066880214049578,4,2150.0724279321366,2156.32201770356,4
925,928,-0.0023984262473762735,3,2157.909744763726,2154.8920671371793,3
930,932,-0.004021791729224724,2,2153.8920203699604,2147.3834072771633,2
935,939,-0.003951493025995491,4,2144.168698926978,2137.840199965537,4
941,945,-0.007934875508283364,4,2131.781238187913,2116.9976006901857,4
946,948,-0.007239958464945884,2,2119.602944814033,2106.3767104762164,2
950,951,-0.0036663144528150003,1,2117.7219085435836,2112.075396011791,1
952,953,-0.0020762531800354333,1,2119.11997875087,2116.8392691348627,1
954,955,-0.0040662799549710735,1,2122.1854805096796,2115.678265710062,1
959,960,-0.0005384425781385498,1,2137.9740221026673,2138.9608198803157,1
966,969,0.000587973800850995,3,2142.996421611056,2146.399443783892,3
970,971,-0.0007963624160978193,1,2148.9696822866385,2149.4072932806184,1
975,981,-0.010545106900608732,6,2144.7463314405795,2124.274498432291,6
983,984,-0.003369621927629388,1,2122.633571988892,2117.603732932385,1
985,986,0.0038254236309600955,1,2116.509824168837,2126.7228806895405,1
988,989,0.001306528740577725,1,2123.299376746222,2128.196827783538,1
992,994,-0.0005336406507234989,2,2134.5613160484436,2135.5567886747867,2
995,996,-0.00400435391075823,1,2143.5305316236886,2137.0906072881753,1
998,1005,0.0018024113742306654,7,2138.208714087213,2144.2008545080503,7
1007,1008,-0.0020036826922540784,1,2146.7479834463725,2144.593329650756,1
1011,1012,-0.0015404550621553267,1,2143.0765136724935,2141.918277122093,1
1015,1019,0.0019228119673249254,4,2136.790836512298,2143.0362743409264,4
1020,1021,-0.0015848544915280825,1,2147.665408310854,2146.409336550504,1
1022,1023,-0.0001303600309810343,1,2146.2773724821695,2148.143861069881,1
1024,1026,-0.005427444876174928,2,2149.860157431585,2140.341770093072,2
1029,1034,0.001986396869962698,5,2143.5351611967535,2149.9366078928065,5
1035,1036,-0.0010131600710339298,1,2149.337796511467,2149.309511073389,1
1038,1039,-0.003664714625924637,1,2150.2650589352957,2144.535216183136,1
1041,1044,-0.0038676833907623485,3,2146.7798032299333,2140.623518444587,3
1045,1046,-0.002633141314199611,1,2139.5094358778333,2136.0153146259813,1
1053,1056,-0.0006777215639331459,3,2145.068548267068,2145.7598576040596,3
1057,1060,-0.00017691415650036998,3,2140.4700711133682,2142.2318617273363,3
1065,1069,0.0003231110213390222,4,2140.3433987847084,2143.1753107250906,4
1073,1074,-0.004153927849379192,1,2158.4680883730853,2151.660435757169,1
1075,1080,-0.003213479579233554,5,2155.573812174518,2150.802493559739,5
1084,1086,0.0010073738713159476,2,2183.8742977390516,2188.2581499425714,2
1087,1090,-0.0018292385554621398,3,2186.457618041545,2184.644523084781,3
1091,1095,-0.0168564014494453,4,2183.8611556020155,2149.2329764089404,4
1099,1104,0.0036541291038912835,5,2140.736282216557,2150.699545251377,5
1105,1106,-0.000678108316695032,1,2152.6854712461723,2153.378402796138,1
1108,1110,-0.0044059256894251045,2,2158.909768647179,2151.556682404993,2
1115,1117,-0.0010901387461174632,2,2130.8001235040797,2130.60805585272,2
1123,1125,-0.002959761861688116,2,2130.9959362570607,2126.819691693772,2
1127,1129,-0.0002608741163864633,2,2125.6919211749205,2127.263075094449,2
1130,1136,0.003549462948741181,6,2133.4025675683765,2143.108403504278,6
1138,1140,-0.002497196773941137,2,2150.115710142628,2146.896563837802,2
1142,1150,-0.003629213215435192,8,2148.006790876732,2142.3592230353142,8
1152,1154,-0.0008152278052027799,2,2155.1018652548037,2155.5000681564584,2
1155,1156,-0.0010215120088836668,1,2157.2016573327974,2157.155251591581,1
1160,1166,-0.00040951527977249244,6,2164.7433855493873,2166.021633441768,6
1169,1170,-0.0032151923415311913,1,2166.9041612635347,2162.1040517606716,1
1171,1174,-1.6657212304853168e-05,3,2164.5105282852605,2166.63898410214,3
1176,1177,0.00020388885024621084,1,2176.597704264653,2179.218085972289,1
1180,1181,-0.00523442399615375,1,2167.3945322645645,2158.216864848011,1
1182,1184,0.005055644712609612,2,2162.7071993905347,2175.8037858074467,2
1186,1189,5.456751617285245e-05,3,2205.611868568993,2207.937835198871,3
1192,1195,4.752988202561003e-05,3,2212.472129032927,2214.789759701238,3
1200,1202,0.0003021216270643241,2,2226.407530459728,2229.3065838557986,2
1203,1205,-0.0026463287219034553,2,2227.3389254464882,2223.671993400112,2
1206,1208,0.002042620929822267,2,2231.348470778674,2238.137618337592,2
1212,1217,0.009776959973811214,5,2260.1277785006705,2284.485085105271,5
1219,1222,0.006419241339636328,3,2280.5832349032144,2297.50343231809,3
1229,1231,0.005088707844241061,2,2281.4376762651473,2295.32868374077,2
1232,1233,-0.0008750705747851002,1,2295.1375915549716,2295.4243217750736,1
1235,1236,-0.005122836866642531,1,2302.2206797592326,2292.7289994655744,1
1237,1239,-0.007961050854635492,2,2292.4304910638307,2276.4727658348183,2
1240,1243,0.0010878971759831976,3,2280.7459088910505,2285.5078718333593,3
1244,1245,0.0023095984800662983,1,2288.5291329131337,2296.1032454530105,1
1248,1250,-0.001468299842685926,2,2296.781726416936,2295.706143895771,2
1251,1252,-0.004058703239324075,1,2297.050549697196,2290.024553739946,1
1254,1255,0.0017047138677522156,1,2287.2459669167692,2293.4323128024494,1
1259,1260,0.004631448303525415,1,2300.770494364617,2313.727164461908,1
1266,1272,0.005083150633197131,6,2368.129746246732,2382.5354362121057,6
1279,1280,-0.0007779113770455742,1,2380.528818316961,2381.0575066841243,1
1281,1283,-0.010018715327352087,2,2374.379595661877,2352.965742009529,2
1285,1288,0.0009798432893020452,3,2342.7344745870173,2347.372721715145,3
1289,1290,0.0009722492103198814,1,2352.4416060482886,2357.081207148141,1
1291,1294,0.00424717927578849,3,2367.7169797183287,2380.1408151852393,3
1295,1300,-0.00848278041110087,5,2385.806799091575,2367.9543307106615,5
1301,1302,-0.004800060672977195,1,2370.332555679998,2361.325148153281,1
1303,1305,-0.015540356463470423,2,2355.9493791899167,2321.6930354066035,2
1308,1313,0.01064632831231058,5,2337.800207569796,2365.0269963157416,5
1316,1317,-0.00501961112447439,1,2367.416323105003,2357.900230116388,1
1323,1325,-0.0037814519873646045,2,2342.115560623814,2335.6010786430793,2
1326,1327,-0.0026227058898613638,1,2341.180981302566,2337.381933134975,1
1328,1329,0.002135200957541449,1,2342.64302776446,2349.987684428285,1
1330,1331,0.005569355311712325,1,2358.679043741701,2374.1740444463303,1
1337,1341,0.00037340574898186464,4,2429.866853546298,2433.204046652219,4
1344,1346,-0.00484398647492197,2,2434.618603754477,2425.2599627700515,2
1348,1349,-0.0007747875475123357,1,2420.2867994526964,2420.8318781785247,1
1351,1352,-0.0010348104214834217,1,2416.33512308932,2416.25100944524,1
1354,1355,0.0018795157529793148,1,2424.1096213626483,2431.089883204311,1
1359,1363,-0.011207046993131742,4,2475.687237625871,2450.4177816511274,4
1364,1366,-0.0015845007999068287,2,2461.0193334881665,2459.5808657191565,2
1368,1370,-0.004740844878144228,2,2473.573649340403,2464.3203940235553,2
1371,1373,-4.8413232225312085e-06,2,2470.8107412130407,2473.269589960834,2
1376,1377,-0.003426775546573125,1,2464.5576666996144,2458.5767384209485,1
1388,1391,0.003341560983629978,3,2424.2288160832677,2434.7537533265663,3
1394,1398,0.006462355752540006,4,2443.370282070482,2461.603580350476,4
1401,1403,-0.00340752652716773,2,2464.9088327576324,2458.9744993557183,2
1404,1407,-0.0009432213199815104,3,2463.5603676122737,2463.7002453180926,3
1410,1413,-0.008469240785961889,3,2461.1741440024416,2442.7910417047037,3
1414,1416,0.00034102511467482975,2,2452.076236709721,2455.364532526246,2
1418,1419,-0.0017558197136495373,1,2465.2158011357915,2463.3525424348927,1
1420,1421,-0.0045302164443780085,1,2474.0393848094673,2465.305490289174,1
1423,1428,0.00524544106707609,5,2478.657539229969,2494.137848816694,5
1434,1437,-0.005109186655841508,3,2533.411698186018,2523.001436642079,3
1438,1441,0.004708359685067214,3,2513.0055761943936,2527.350715913891,3
1448,1449,-0.0023896014086614327,1,2505.5656026275205,2502.0838651366157,1
1464,1468,-0.0003925582817733243,4,2411.9571713724963,2413.422294780964,4
1470,1473,0.00027777895902378097,3,2432.9000553333117,2436.0087638334244,3
1475,1476,-0.007215348609873846,1,2417.0034712412053,2401.980952076166,1
1479,1482,-0.008038330102494164,3,2386.5834460929514,2369.785883982201,3
1486,1488,0.0020364842326778374,2,2373.362807693652,2380.569486437638,2
1489,1493,-0.0005115698862832187,4,2387.3358690947857,2388.501915824808,4
1499,1500,-0.0032959393378552007,1,2407.518906460565,2401.9913890965922,1
1501,1504,0.002856810662447658,3,2407.1626750805567,2416.4466457520534,3
1507,1508,-0.000537610777750131,1,2425.418400229537,2426.5398875572496,1
1516,1528,0.004169395533062467,12,2424.1066200203013,2436.6377859535014,12
1530,1533,-0.0038626273224669555,3,2437.516316952808,2430.53861614494,3
1534,1536,0.007092307748874667,2,2430.609818718687,2450.2790613891952,2
1543,1544,-0.00012902210103347316,1,2477.5704058288998,2479.7283148955103,1
1545,1547,-0.0029728494443322395,2,2492.8185326578814,2487.900577000906,2
1548,1551,-0.0017638901674734524,3,2478.6551848920517,2476.7617645677556,3
1552,1553,-0.00022667028066651628,1,2479.5822986353764,2481.4998333184444,1
1556,1557,-0.0023703769650405943,1,2477.90954080852,2474.5138706523417,1
1558,1562,-0.004416501978369485,4,2476.3800695871287,2467.9195121801895,4
1565,1566,0.0012368145870210452,1,2460.4767266867552,2465.980356920034,1
1577,1578,-0.005802180114186677,1,2432.039138763996,2420.3600487749,1
1579,1580,-0.003677299184859521,1,2424.684723876639,2418.193117441863,1
1582,1583,-0.00022058727509244585,1,2406.376023113754,2408.2515832070812,1
1587,1588,-0.0021353190720457757,1,2408.327078675293,2405.5928590111484,1
1592,1593,-0.0036883258117853695,1,2412.370185634761,2405.8849485971377,1
1595,1596,-0.008392738063095585,1,2386.802570889198,2369.157564674291,1
1597,1598,-0.007281813710554915,1,2365.6445444501937,2350.784006116567,1
1599,1603,-0.00012236733954641775,4,2349.703502080255,2351.765678616063,4
1605,1607,-0.006241073403067885,2,2358.931145466682,2346.5678141805083,2
1609,1610,0.0007917105827477176,1,2365.10406758707,2369.3416495742654,1
1612,1613,-0.001877883061180488,1,2376.9534332508474,2374.8667460945817,1
1614,1615,-0.0002411173645927851,1,2377.6000025396424,2379.404321895514,1
1616,1618,-0.002286174179743027,2,2384.3832421280017,2381.3165099673647,2
1620,1621,-0.003953889031723402,1,2394.267049414275,2387.1946502379933,1
1629,1631,-0.011761495977328309,2,2349.668706158966,2324.382755829582,2
1632,1634,-0.01193459627437779,2,2319.434203965989,2294.072127360638,2
1636,1638,0.0009764721739445328,2,2283.392694849155,2287.9057569727124,2
1642,1643,-0.012692601094322496,1,2266.690744684613,2240.187234002823,1
1646,1647,0.00794869899601271,1,2120.489566769484,2139.4651896266896,1
1654,1656,0.004670974301783072,2,2178.3220083941333,2190.675216524745,2
1657,1659,-0.0004910162186905337,2,2193.533920065168,2194.650393254233,2
1663,1664,-0.007720959803015964,1,2206.517149914172,2191.6872368449335,1
1667,1679,-0.038998290331601466,12,2146.3932163102295,2064.8339437110935,12
1682,1686,0.006848263527065557,4,2099.007998836482,2115.481566756769,4
1688,1689,0.0028358084395191923,1,2127.263527155724,2135.4233025462695,1
1703,1706,0.0017583932993992324,3,2151.9386457358905,2157.8745388770067,3
1709,1711,0.003155988664893873,2,2183.0461177440516,2192.1188326643364,2
1712,1718,0.003962655361487298,6,2200.8661687274316,2211.788309019583,6
1721,1723,0.0017380414630732833,2,2232.82890589938,2238.942484023681,2
1725,1726,-0.0025902729511638667,1,2237.0014456845843,2233.4440027937976,1
1729,1732,0.010600966361374715,3,2234.4008692564375,2260.322078578508,3
1743,1745,-0.004535696151301054,2,2267.835951923627,2259.8175730766284,2
1746,1748,-0.0029918595645298,2,2256.4026809454267,2251.908243683955,2
1749,1753,-0.0020149422243227505,4,2250.7901360127844,2248.505714065656,4
1760,1762,-0.006413175655819635,2,2259.3684956925676,2247.138137154159,2
1764,1767,-0.006489522687251517,3,2241.272640262324,2228.9691232552877,3
1769,1771,0.0028920853700167403,2,2215.606640675393,2224.2299708672776,2
1773,1774,0.001034304957340579,1,2235.966025973391,2240.5146627444738,1
1778,1779,-0.006513406371079574,1,2235.912546766781,2223.58505228626,1
1782,1783,-0.006200618449821659,1,2214.6672132704675,2203.149574100918,1
1786,1787,-0.0020987374198713086,1,2148.984509550293,2146.623339854926,1
1790,1791,-0.006138423702487344,1,2116.006488180482,2105.1335502869983,1
1792,1793,-0.0024612318135749447,1,2122.435911020259,2119.3345401448023,1
1800,1801,0.0011157138274448526,1,2156.36177209439,2160.9240165125834,1
1802,1808,0.008347340412249174,6,2164.703833057831,2184.9380566771233,6
1811,1813,-0.006362272193583519,2,2205.7076455228525,2193.880040748091,2
1814,1817,-0.0050567985185196365,3,2202.144202214277,2193.2105468771674,3
1818,1821,-0.01199009576509048,3,2189.2080210759464,2165.1484152746175,3
1822,1824,-0.010612101001783704,2,2157.3358116703725,2136.599281953832,2
1828,1830,-0.0022285380657560147,2,2108.274703073575,2105.6846073477786,2
1831,1832,0.0034675457395547653,1,2110.3101308080572,2119.738037842088,1
1833,1840,-0.020658698898097988,7,2129.111055514348,2087.25550235338,7
1841,1846,0.017161269375155625,5,2082.0526372178524,2119.865356015619,5
1848,1852,0.005820064765358916,4,2136.991280719141,2151.5656996566527,4
1855,1856,0.0027185295236297076,1,2167.11455326804,2175.1730327154546,1
1861,1863,-0.008295498786494462,2,2191.199269665456,2175.213378052644,2
1866,1868,0.00662138107234457,2,2188.644772617097,2205.3252684612066,2
1869,1870,-0.004809470218246117,1,2217.3426793627455,2208.895778462067,1
1871,1873,-0.012067166457939631,2,2201.5399320308543,2177.1751231392677,2
1874,1881,0.03314244919387846,7,2168.9166949956693,2242.9688230603138,7
1882,1883,0.001786010991253494,1,2255.3129661712837,2261.5962928837534,1
1890,1891,-0.0004496340176382374,1,2293.083508971469,2294.345544129522,1
1892,1893,0.002678312540592522,1,2308.188265796049,2316.678503640175,1
1895,1899,-0.000285931342882937,4,2320.1555547560156,2321.812305117303,4
1902,1903,-0.0065494667466628135,1,2339.894716656747,2326.909548735968,1
1904,1905,-0.004673676392025142,1,2326.373105299132,2317.8267633431524,1
1907,1908,-0.00011957610036865754,1,2327.596666998981,2329.6459387333093,1
1911,1915,-0.01492306742171912,4,2342.265156764261,2309.6536410670888,4
1921,1932,-0.008065722210690646,11,2324.203892991979,2307.781713923092,11
1933,1934,0.0017524941190842705,1,2303.512876868275,2309.8532825150896,1
1935,1937,-0.0033717377177430318,2,2320.4545169211033,2314.9510074210143,2
1944,1947,0.0004240435848056679,3,2298.3617837022543,2301.634751055898,3
1949,1951,-0.007615846115824527,2,2294.550436669789,2279.370044075784,2
1952,1956,-0.006163317399139309,4,2274.0868056267564,2262.3449736561106,4
1957,1958,0.008319596896576461,1,2278.456513689991,2299.6908099439606,1
1959,1960,0.0049058000634632105,1,2332.6677839111608,2346.444053457422,1
1962,1967,0.007892650464960668,5,2369.018945544089,2390.0858029716824,5
1970,1975,0.0020099166363180747,5,2432.3793499478707,2439.7006090191153,5
1976,1981,-0.009926205381066516,5,2439.233961416411,2417.460858104336,5
1985,1986,0.0011834111763648087,1,2412.115539188221,2417.382179215168,1
1990,1992,-0.01014540939514997,2,2416.597904853255,2394.4971276699102,2
1994,1995,-0.005470708956623488,1,2398.9394249212746,2388.214464947882,1
1996,2000,-0.007851035807882382,4,2389.2465603978494,2372.877746658704,4
674,675,-0.001410429236772076,1,1983.540285307566,1982.7261823821605,1
676,677,-0.0010835784106922035,1,1988.8081848778356,1988.641963450572,1
679,680,-0.002438758935567649,1,1992.4639453305417,1989.597270025401,1
686,688,0.0009724021304249302,2,1995.8313137862847,1999.7678957215655,2
692,693,-0.0014774420715414343,1,2015.8059050661316,2014.8434745189913,1
695,700,0.0038669442913300822,5,2015.0874140106112,2024.8947321967612,5
701,702,-0.0010495297986550572,1,2024.6921840524021,2024.5919014561875,1
707,708,-0.00141275088004074,1,2016.763563848285,2015.9311429124725,1
710,712,-0.006471987805415668,2,2006.218635706735,1995.2406317971502,2
715,721,0.0057015091681849395,6,2000.397796734219,2013.8034809090502,6
725,728,0.0013288852276861032,3,2027.9383724240483,2032.6612081422445,3
730,731,-0.0017461556723739743,1,2045.2080481538865,2043.6820045675715,1
732,734,-0.00020970011508050378,2,2045.8779429962945,2047.4948000992038,2
735,737,0.004255440211148161,2,2058.3991142872305,2069.2169077630474,2
738,741,-0.0043148607954666095,3,2070.602115898827,2063.7383581218237,3
742,745,0.0017935530080402146,3,2062.5605572525105,2068.3224295014884,3
746,748,-0.002042058232798364,2,2067.945441538269,2065.790521965936,2
754,759,-0.004849685440997212,5,2059.480324518333,2051.5519730970145,5
762,763,0.0003274778417953876,1,2072.1892395572368,2074.940024856756,1
765,767,0.0026842573583427012,2,2076.372572914676,2084.0224638450977,2
774,775,-0.0010780632580117651,1,2081.153335755014,2080.9908741452027,1
776,778,-0.001760690282929006,2,2081.8237163136487,2080.2400932418777,2
780,781,-0.0022790123593021605,1,2080.4643435555686,2077.8034039470735,1
787,788,-0.0002936133562428283,1,2074.984896862755,2076.4506384798965,1
790,794,-0.0018705691150978025,4,2076.467311623146,2074.659603313137,4
795,800,-0.000429366590970262,5,2073.0304573291373,2074.2133977660255,5
802,804,-0.00417595460905791,2,2076.141354759537,2069.547624054833,2
807,808,0.002638743381789692,1,2081.789770664243,2089.364869414525,1
810,811,-0.004009871728705739,1,2090.8624969773637,2084.5692690591004,1
820,821,-0.0006412005219195743,1,2080.134664750886,2080.8810159829354,1
823,824,-0.002192201717290815,1,2075.3021802461026,2072.828001422916,1
825,826,-0.0005710050068523793,1,2065.69727352933,2066.5834473170326,1
828,829,-0.00289741936359826,1,2068.4730717320526,2064.5483108726667,1
833,839,0.007274606500830834,6,2062.4580164057543,2079.524044915996,6
843,845,-0.0022017248291000277,2,2076.720710394048,2074.2250635532614,2
848,855,-0.005429178808482646,7,2082.2221579851393,2072.9996237284386,7
856,862,-0.006173853818813791,6,2077.9230317222678,2067.1721617093904,6
865,866,-0.003330948381789726,1,2068.6223651920955,2063.800513237417,1
870,871,0.0024566852755300308,1,2083.0855828713416,2090.286154133322,1
873,875,0.008167551436468669,2,2094.8848502737087,2114.089814892072,2
879,885,0.006111093507240147,6,2153.650375923274,2168.9651851283675,6
887,889,-0.0033912980823172477,2,2172.417309136307,2167.2224117909764,2
890,892,-0.002876957265667203,2,2170.444452410508,2166.370620925829,2
897,899,-0.004447032761364942,2,2170.4146989502483,2162.9332083772188,2
900,902,-0.001297574948607536,2,2164.6091115584463,2163.964978113319,2
903,904,-0.0003231021091438225,1,2165.281571570418,2166.7472460993235,1
911,912,-0.002006345688282757,1,2164.6007407759294,2162.422404153596,1
913,915,-0.007307813250980576,2,2160.893980389723,2147.2634647062564,2
918,921,0.0030142898443798957,3,2149.3800937073247,2158.0083283892063,3
922,923,0.0019635841321705206,1,2155.618506484466,2162.0068632852963,1
924,926,-0.0013294583285009013,2,2155.354457643228,2154.644358166286,2
927,928,0.000849935439348373,1,2153.2921267634583,2157.275578180028,1
930,935,-0.007645111901394514,5,2159.7545533223715,2145.402742635998,5
943,945,-0.006405333574534814,2,2132.3340011059117,2120.808024537612,2
947,948,-0.0008436999455156207,1,2107.365463450976,2107.694844787732,1
951,957,0.001751249564146489,6,2119.009910115386,2124.839835207013,6
958,960,0.000859330191786517,2,2136.2036506509467,2140.1755585944065,2
961,973,0.0018567858318276958,12,2137.8750004561607,2143.9824514676825,12
977,982,-0.0068091771159808,5,2133.575302507088,2121.180985684542,5
983,989,0.0020167877338953797,6,2123.0892460744003,2129.4941556699227,6
992,994,0.0032225022392620654,2,2132.7897188032593,2141.795428166781,2
1001,1004,-0.005326617021008331,3,2145.815451862062,2136.531330204093,3
1005,1006,0.00463230312152374,1,2144.4818429969055,2156.560214775268,1
1010,1014,-0.005792984961354373,4,2145.587413513862,2135.303645307619,4
1017,1019,0.001521617709438025,2,2136.905396871279,2142.2938553634235,2
1021,1024,0.0028803419027813096,3,2143.654357960324,2151.972469790597,3
1029,1030,0.0021138858347344745,1,2140.944181540153,2147.610837300008,1
1034,1035,1.5041478466181098e-05,1,2149.1264333135214,2151.3078857858027,1
1043,1045,-0.005210347127001558,2,2145.7924555206364,2136.7579244203935,2
1053,1055,-0.0010551484568719453,2,2148.9194421540383,2148.8009325628614,2
1058,1059,0.000170188540607334,1,2140.6983245293,2143.2033451775615,1
1060,1061,7.757825052417608e-07,1,2145.43490932247,2147.5820086226613,1
1064,1075,0.004205821645394423,11,2142.973617798609,2154.1295562436544,11
1078,1083,0.010411852018970588,5,2154.7862907888943,2179.3763930718837,5
1086,1089,-0.003561168238175163,3,2189.815797931101,2184.2073112619855,3
1090,1092,-0.007805495855751595,2,2185.808496790629,2170.9329861242536,2
1093,1094,-0.008703408201406028,1,2171.2934609709,2154.5671011159975,1
1095,1097,-0.005553597117265112,2,2153.0707404865652,2143.2665237694177,2
1099,1102,0.0010822861667810196,3,2141.7533427126464,2146.213086070834,3
1104,1105,-0.001862200276462183,1,2148.9573427295254,2147.1045111145186,1
1109,1111,-0.005918046805720003,2,2157.8949427001717,2147.2823143701457,2
1112,1116,-0.00975599979551791,4,2148.794223821367,2129.979382036977,4
1123,1126,-0.004289488166371429,3,2130.659053619569,2123.6502758761153,3
1130,1134,0.001789654395441976,4,2132.6038148469197,2138.5530424527437,4
1137,1139,0.001018469557064478,2,2146.60719520156,2150.94005647605,2
1141,1142,-0.0021326294305374608,1,2145.6326716964822,2143.202464985396,1
1143,1144,-0.0021570670152569965,1,2146.2025457995205,2143.7192456257153,1
1146,1147,-0.0010215188918709307,1,2148.340201730943,2148.29397183044,1
1148,1149,-0.004610332592870249,1,2152.578245852464,2144.8067224527595,1
1150,1154,0.0033858932035812257,4,2145.2443640521406,2154.6531767284578,4
1155,1156,-0.004352989843825126,1,2162.146749818865,2154.8970937258628,1
1158,1160,-0.0004878551695915714,2,2160.976117747835,2162.0828504951755,2
1161,1162,0.0005078707444656895,1,2163.9899616160883,2167.2529787705266,1
1163,1166,-0.003018815199762964,3,2169.2726650415866,2164.8933044129703,3
1169,1170,-0.0036184726623476066,1,2166.553436932446,2160.880375986323,1
1172,1176,0.00445144967609234,4,2165.5880202494077,2177.393614360946,4
1178,1183,-0.004512447992633697,5,2172.692341006436,2165.0608721546573,5
1187,1189,-0.005046150036674236,2,2216.7165683561775,2207.7474005318268,2
1191,1193,0.0005162843721440906,2,2212.56615412928,2215.9210336111214,2
1194,1198,0.0010099716364689957,4,2217.5799423487256,2222.037215134449,4
1199,1200,0.0023319826008890115,1,2224.1930859309714,2231.604058594311,1
1202,1206,-0.004865825481636464,4,2230.0675778281334,2221.446525759994,4
1207,1211,0.010709318846531285,4,2231.877894448721,2258.0116643413457,4
1212,1217,0.007699026082072963,5,2260.470821335663,2280.134715968227,5
1218,1221,0.0024623470639559787,3,2284.809773786875,2292.720578198844,3
1224,1228,-0.013904107496645255,4,2307.472359875946,2277.696488498569,4
1229,1230,0.0031852248271863693,1,2274.6806997469225,2284.200749885425,1
1231,1235,-0.0011600868677700898,4,2296.44228778099,2296.074657528124,4
1236,1239,-0.006297470249745977,3,2292.718011931881,2280.572406472615,3
1240,1243,0.0017341815435243414,3,2279.281226177923,2285.5131948390404,3
1245,1246,-0.004294252494342276,1,2301.3825594696477,2293.801224232679,1
1248,1250,0.00023907697130508428,2,2294.1701937561493,2297.012847211487,2
1253,1257,-0.003078738633642713,4,2291.7678728267997,2287.0038864102135,4
1259,1262,0.01002029677133141,3,2306.129463437427,2331.543694517619,3
1269,1272,0.004070349794540047,3,2374.568677287819,2386.6085710928264,3
1277,1281,-0.006288741902515304,4,2388.129172554929,2375.4989737314186,4
1282,1283,-0.007535078966960432,1,2366.2840792484158,2350.820225932266,1
1285,1287,0.0009452762807386104,2,2337.6634316287204,2342.210832854618,2
1290,1292,0.006402489429842816,2,2358.773564572726,2376.2343609518684,2
1293,1296,-0.0005054206784319336,3,2382.499406720515,2383.677741660727,3
1298,1303,-0.015878834275648193,5,2380.299169737918,2344.8830928649245,5
1311,1313,0.005180886861134877,2,2354.2287382742356,2368.779959750741,2
1314,1316,-0.0046370177301890345,2,2371.5382605396712,2362.912933838267,2
1318,1320,-0.0034506148474715403,2,2340.614435093242,2334.878490606396,2
1323,1324,0.0007050570415236684,1,2336.4910891278814,2340.474939711856,1
1326,1327,-0.0035220633565758545,1,2340.5113215969086,2334.608403757058,1
1328,1329,0.0003198913316301744,1,2345.4443077210385,2348.540039331621,1
1330,1332,0.012942379642858864,2,2357.9169925170168,2390.791966393037,2
1335,1336,0.0017846799601818758,1,2418.467707369543,2425.202365928602,1
1337,1339,-0.001331141652658982,2,2426.715904432137,2425.9123177170095,2
1340,1342,-0.0013460797885454226,2,2429.9850743576303,2429.144105636928,2
1344,1346,-0.0043233788054837605,2,2437.914644352965,2429.8125304943437,2
1347,1350,0.00019333154494437796,3,2418.4905571983204,2421.3766182713753,3
1351,1352,-0.003109386208355873,1,2423.4885348406624,2418.376461549161,1
1356,1358,0.009809548014535801,2,2436.33402823708,2462.669697894756,2
1362,1363,-0.0037229427239781295,1,2466.0464324873465,2459.331529297013,1
1372,1376,-0.0032686109760355284,4,2474.351302236107,2468.7379617132865,4
1377,1378,-0.004964973228262295,1,2463.907296745105,2454.1379702765907,1
1380,1388,-0.013033650581252505,8,2448.1727971316504,2418.7123411284406,8
1393,1394,-0.003322527182769303,1,2442.743904392361,2437.0705652738657,1
1395,1397,0.0048369985329999934,2,2437.8039939064706,2452.033452242644,2
1399,1400,-0.005154840289794472,1,2466.6335110143805,2456.3850427226607,1
1401,1405,-0.0033093006375221846,4,2462.7959181985766,2457.1085820145936,4
1408,1409,-0.005539309025850673,1,2469.931171646011,2458.7193907853284,1
1410,1413,-0.008933736326555825,3,2465.210763578341,2445.652431390723,3
1425,1426,-0.0008986112998516755,1,2491.153612827575,2491.4061876542496,1
1430,1432,0.0074727533508437355,2,2497.594065231664,2518.755563716903,2
1433,1435,-0.0010691029682458036,2,2526.225459391026,2526.050889713324,2
1438,1439,-0.005316899497693885,1,2518.470348573212,2507.5983651904994,1
1443,1445,-0.007844443625975642,2,2530.2077254379456,2512.8898612991775,2
1447,1448,-0.00366460259087742,1,2512.3331326251327,2505.6387632507926,1
1449,1453,-0.002407022063434332,4,2505.8895391234364,2502.3636972533604,4
1454,1457,-0.010265084032533758,3,2499.034824680425,2475.8810570295327,3
1460,1461,-0.004794285119406261,1,2445.797961816074,2436.517907004481,1
1462,1463,-0.006221139889896657,1,2430.577082101217,2417.8866991423897,1
1464,1465,-0.00560197419519704,1,2415.629061080882,2404.5123984766196,1
1470,1472,0.0005712785127262835,2,2428.8995660691353,2432.71604376687,2
1473,1474,-0.0041417838544252,1,2436.973970116766,2429.3175246437986,1
1475,1476,-0.008107484913843888,1,2419.7943574664337,2402.5957055761364,1
1477,1479,-0.005566724776999972,2,2392.1882479138712,2381.263782570875,2
1484,1485,-0.00010889354150351031,1,2365.738742961153,2367.846868034121,1
1489,1490,-0.0007296657858145016,1,2383.571671784498,2384.2160327593447,1
1493,1494,-0.006042878053828104,1,2384.41130985439,2372.3870143886256,1
1498,1501,0.00017703947180114973,3,2408.290526259381,2411.125179268353,3
1502,1503,-0.00047233291779166906,1,2418.2823084628394,2419.558356432502,1
1505,1510,0.0018567842349464492,5,2419.794310512106,2426.7071407501903,5
1511,1512,-0.004922239228617135,1,2427.7964210142404,2418.274022652642,1
1513,1514,0.0019180542631969783,1,2414.855426269589,2421.902105441219,1
1525,1526,-0.0014521249856154573,1,2448.7382285957187,2447.631092859339,1
1528,1529,-0.005014660129629104,1,2439.826372648119,2430.031298986631,1
1531,1534,0.0018997237702758542,3,2421.7194994241063,2428.741817021527,3
1540,1543,0.0018998934431380867,3,2469.989443334787,2477.152149526134,3
1551,1554,-3.334549715026177e-05,3,2482.7018401690225,2485.101755082055,3
1566,1568,-0.00028255078880359255,2,2465.353926920611,2467.1226931508,2
1574,1577,-0.007632479174454336,3,2443.2956364771426,2427.090529051173,3
1579,1581,-0.003971145854408286,2,2421.8705414742694,2414.6748108550546,2
1587,1588,-0.005997822305745628,1,2412.1524860464124,2400.09697654679,1
1589,1592,0.0029576894351643034,3,2403.76149438106,2413.2748358520266,3
1595,1598,-0.013992387029102559,3,2383.406347240647,2352.440209529677,3
1600,1602,0.0014084726770044421,2,2350.607635026909,2356.2690092902294,2
1603,1609,0.002161676773261726,6,2356.7918306944234,2364.243244684943,6
1610,1612,-0.002712847057940282,2,2370.113445355443,2366.0538035135814,2
1613,1614,-0.00012007558076232059,1,2373.3728547868564,2375.461243517739,1
1616,1623,0.0037548817284620024,7,2377.4762805134155,2388.7808990394806,7
1629,1631,-0.012132951152693756,2,2348.0212914143044,2321.880885071504,2
1632,1634,-0.012906879865359926,2,2317.8986635315196,2290.2997226047714,2
1640,1641,-0.005687828530050398,1,2285.915228652643,2275.1992500264882,1
1643,1646,-0.05456144068754705,3,2241.4653203673,2121.4092085572534,3
1649,1650,-0.00385369630389599,1,2166.5834482449886,2160.4006770666497,1
1655,1656,0.0032472498176401472,1,2180.0731763123695,2189.3324917129044,1
1658,1660,0.008355756078645245,2,2190.9496005347733,2211.447590577982,2
1670,1676,-0.003153721855392743,6,2113.775138591479,2109.2226548781086,6
1681,1683,0.007978575007871833,2,2085.590871312366,2104.3165053861767,2
1685,1702,0.018438225704979553,17,2111.007226006973,2152.041460930939,17
1703,1704,-0.0028243935705178627,1,2153.108754043646,2149.180636276143,1
1707,1715,0.022374740139800207,8,2170.0627626712085,2220.787415835705,8
1716,1717,-0.0023159504770688096,1,2219.4981961019716,2216.577446391958,1
1719,1724,0.007621702059759134,5,2217.7224586193174,2236.8430009087697,5
1728,1731,0.01474823627309595,3,2218.4265361898542,2253.362841436278,3
1736,1740,0.0019498408665577349,4,2241.3729274809266,2247.984620939606,4
1743,1748,-0.009460943852565021,5,2270.6410571158754,2251.429290622289,5
1753,1762,-0.002553531999010361,9,2249.509357547921,2246.014672778897,9
1766,1768,-0.009951889216493124,2,2239.042273296775,2218.9986149151773,2
1772,1789,-0.042156536795010795,17,2228.330016909732,2136.6196705773596,17
1790,1792,0.0015377843722702085,2,2111.6198009222435,2116.9786366532003,2
1793,1794,-0.004085635646690698,1,2124.086855445997,2117.532697328166,1
1796,1798,0.004909146404878735,2,2128.244211863629,2140.820318496867,2
1804,1805,-0.0033939729368959743,1,2173.395410944467,2168.192361149492,1
1808,1810,0.00460433178126096,2,2187.2117454259733,2199.4696057232113,2
1816,1818,-1.3010248357744891e-06,2,2191.182882994913,2193.3712150945576,2
1819,1822,-0.013926006657038907,3,2189.111930703874,2160.8154553145923,3
1823,1827,-0.026587826876396527,4,2153.8042890833362,2098.6931178086315,4
1836,1837,-0.004266576055074446,1,2122.885882773841,2115.9513145815163,1
1840,1841,-0.005568480663822449,1,2088.489863797647,2078.9486382382984,1
1845,1846,0.008580324082596388,1,2099.2034058104127,2119.3144547533666,1
1851,1856,0.010642242243904983,5,2151.221352576852,2176.2663926838127,5
1858,1861,-0.00046837234317587866,3,2184.8405805953976,2186.0021022737938,3
1863,1865,1.3217763827665444e-05,2,2178.6252359955347,2180.8326577853686,2
1871,1879,0.004077942052637414,8,2200.253443410655,2211.4262028974103,8
1882,1884,0.0011783072950178096,2,2256.524253741329,2261.4396569846385,2
1885,1887,0.005696170979317278,2,2272.8526574809976,2288.072067486286,2
1889,1896,0.00987066779293317,7,2290.432299092554,2315.330827718193,7
1898,1899,-0.00162539133347691,1,2325.423165621827,2323.968866127381,1
1905,1912,0.0013919233664953638,7,2319.3640045168195,2324.9117454746315,7
1913,1915,-0.0008334455270804502,2,2309.784054186676,2310.168759052379,2
1916,1918,-0.0019433243972675285,2,2316.2253503317434,2314.040398449206,2
1919,1920,0.001150143314540805,1,2316.96229272292,2321.9440937066615,1
1921,1922,-0.0036496112924997363,1,2324.2585495973526,2318.1001678976504,1
1925,1928,0.001634080257911361,3,2295.282657707538,2301.3286164425317,3
1929,1930,-0.0003614711802639529,1,2308.2633709592988,2309.7372636451973,1
1931,1933,-0.0005549143686420235,2,2304.8056140342455,2305.8314498961254,2
1936,1938,-0.008953788100284507,2,2325.0264669386706,2306.5336990930873,2
1939,1940,-0.003026797182519215,1,2299.0533304580854,2294.3936156454515,1
1943,1944,0.00020469178357702652,1,2294.902395891277,2297.6670459517186,1
1950,1951,-0.003798413051068159,1,2285.5874642927492,2279.1914465033146,1
1954,1955,-0.006396393953376122,1,2267.4092692135073,2255.1734355432945,1
1960,1962,0.004809718824046204,2,2352.5450059661653,2366.212630971743,2
1964,1966,0.0004045643456719718,2,2382.1907350867355,2385.5366752578284,2
1977,1980,-0.004135927363330469,3,2427.3588612076965,2419.7468401342126,3
1988,1990,-0.007710100089980533,2,2431.4784738743215,2415.1630099479917,2
1991,1997,-0.016157724096148494,6,2412.9493111031315,2376.3744911874387,6
673,679,0.006143494328379526,6,1975.55831113987,1989.6707007308808,6
688,693,0.005396285203904652,5,2002.2303536247775,2015.0371900104765,5
695,696,0.0007379615537773335,1,2012.226153487179,2015.723325179445,1
701,704,-0.0021349180394594847,3,2026.3289722959178,2024.0292549913797,3
705,708,-0.0031380472014323475,3,2021.993372565711,2017.6702552941822,3
711,715,-0.003640513569968382,4,2002.1054010566752,1996.818814576678,4
716,721,0.007126067536407553,5,1999.7095998867403,2015.9593751486225,5
722,723,-0.0004677285052999627,1,2022.7964296032544,2023.8731064823132,1
724,726,-0.0009285334825002302,2,2028.0916385415976,2028.2365791881746,2
728,734,0.006665013973897933,6,2037.0831074974274,2052.6973779823866,6
735,737,0.002360103930787524,2,2060.548171121329,2067.4718271306906,2
740,744,-0.0009932511841664225,4,2063.0968140490254,2063.1107375094703,4
745,746,-0.0009189906333884983,1,2066.561000405821,2066.7284112035277,1
747,748,0.0020268866237541754,1,2062.4482846810693,2068.691081806155,1
758,759,-0.0011702836311903277,1,2053.2261685357744,2052.876537728141,1
761,766,0.003457545463239427,5,2069.3880024982795,2078.612393600498,5
770,771,-0.004798086151403077,1,2095.9987349125677,2088.037951144138,1
773,776,-0.004900211532959628,3,2089.0461080330942,2080.898386309659,3
778,779,-0.0016940481640999342,1,2081.0082685496945,2079.563948581431,1
784,788,-0.003074039807249597,4,2080.488614881426,2076.1735986756325,4
789,792,-0.0032252190647000275,3,2078.752234073761,2074.1265549717123,3
793,794,-0.0022526173577731875,1,2076.9149481302134,2074.313368415567,1
795,796,-0.0024509561671235383,1,2072.9397321392894,2069.9319874508665,1
797,800,-0.0007159591266327672,3,2073.3492273155935,2073.9381432409155,3
802,803,-0.004895944824010625,1,2077.2037327370804,2069.111061606108,1
804,805,-0.0015330239466069767,1,2073.6463593360345,2072.541056169714,1
809,810,-0.003902488165829982,1,2094.0191869750984,2087.941321065882,1
811,812,-0.00394050061882135,1,2090.053619057685,2083.907815097476,1
816,820,-0.007367729607507401,4,2087.2514526902205,2073.960399816612,4
821,822,-0.0026597140495636107,1,2080.335011541181,2076.882250294727,1
823,828,-0.006298139329010745,5,2076.0482196442726,2065.0490269228526,5
831,836,0.004955857089437681,5,2055.1291061836737,2067.3691614404474,5
842,845,-0.004481254839778465,3,2079.622889731479,2072.3831924816873,3
847,849,-0.003930725382247363,2,2078.6845739950613,2072.592520352368,2
852,856,-0.0020109211656336966,4,2076.543181450676,2074.443959997195,4
857,858,-0.0034876321729287413,1,2072.472529716005,2067.3169803735723,1
860,861,-0.0017803313175683115,1,2068.15734269039,2066.54349474623,1
862,865,0.0016670311381669846,3,2062.462270197236,2067.962921293147,3
866,867,-0.0017276185104022897,1,2065.6238417906798,2064.1208556478646,1
874,876,0.0079098122443347,2,2100.1844603536765,2118.896709573897,2
877,878,-0.0002938105981878787,1,2134.408545486998,2135.915842180958,1
880,882,0.004189973977134017,2,2160.3924404139775,2171.604820960123,2
884,886,-0.005072746129096149,2,2179.4972546786457,2170.6207156712776,2
898,899,-0.0034539765494816196,1,2167.368665818467,2162.049993938467,1
900,901,-0.0008742113816130414,1,2163.197907286761,2163.4700129628163,1
902,903,7.458858575649474e-05,1,2163.302156957824,2165.6268167632334,1
906,912,-0.002382607116333724,6,2165.543319138865,2162.549223535095,6
913,914,-0.004353276844024711,1,2162.511577225123,2155.2600772282785,1
917,918,-0.0003109665920945086,1,2146.1451637105465,2147.623929426558,1
920,923,0.001605066341337676,3,2155.9821120905403,2161.5985885232735,3
926,928,-0.003988691534162208,2,2160.4463289317932,2153.989421278503,2
929,932,-0.005167431388209081,3,2154.1011326688863,2145.1240639952252,3
937,938,-0.000979691804954176,1,2134.6421700518213,2134.6855207813637,1
947,948,-0.001496987100416112,1,2108.886070584569,2107.8379814112413,1
950,952,-0.0006568631486619093,2,2116.2112157322895,2116.937365785622,2
954,956,0.0010715328519061767,2,2114.199217054621,2118.578850188224,2
959,960,-3.781877120218188e-05,1,2136.9488654262195,2139.0049975114334,1
963,968,0.001537965995375552,5,2139.0671241385153,2144.4960037614046,5
970,973,-0.0034432428383700917,3,2150.3745508669485,2145.1206636457296,3
974,982,-0.013920989360214624,8,2148.247251962421,2120.4897720767044,8
986,990,0.0005152878118631556,4,2124.179079797872,2127.3978224677044,4
993,996,-0.0008665246950571625,3,2139.704253600846,2139.989851278583,3
998,999,0.0001510107881645148,1,2138.6323454463113,2141.0939343478376,1
1003,1006,0.0016302692724266647,3,2141.9343089756703,2147.5681729721255,3
1008,1011,-0.0029704997448379185,3,2146.154406191042,2141.92540948126,3
1013,1016,-0.005727891890957673,3,2140.9472624921827,2130.825095290878,3
1017,1019,-0.0002978467876582543,2,2138.7148769166756,2140.2165824377857,2
1021,1027,-0.006036155617553016,6,2148.2240339687924,2137.405243432358,6
1028,1029,-0.0013169946594628068,1,2140.365670520537,2139.6871860336846,1
1031,1032,0.0027789584442594203,1,2143.266808271926,2151.366124475346,1
1033,1038,-0.0010066349771560498,5,2148.490187515455,2148.475932332141,5
1039,1040,-0.0020215001814760858,1,2145.547097829885,2143.355421080086,1
1041,1043,-0.004589131254339432,2,2148.011127233629,2140.301633362206,2
1044,1046,-0.003069320563794955,2,2142.43435449645,2138.0009710301097,2
1047,1051,-0.0023234986695897233,4,2138.8587052956755,2136.0279286447762,4
1052,1055,0.0017302215946207004,3,2141.133221447187,2146.978989605342,3
1061,1063,-0.0009457814888833925,2,2144.396464855009,2144.512730838577,2
1064,1067,-0.0030378985989787132,3,2145.724369096789,2141.351600411212,3
1071,1075,-0.0013956762805067764,4,2152.8522530452747,2152.000420473309,4
1076,1078,-0.002020816515574435,2,2153.7971230030726,2151.5984913287143,2
1079,1084,0.012505982945198509,5,2152.9577543332716,2182.0355650450297,5
1089,1092,-0.007022510141518216,3,2183.859453444678,2170.707137738657,3
1093,1098,-0.016034572314813627,5,2170.6910237338952,2138.055612564451,5
1101,1105,-0.00017978425983280393,4,2149.438327623746,2151.2013307725815,4
1106,1110,-0.002270909156807782,4,2153.671524764291,2150.934403902712,4
1113,1116,-0.00874731195249068,3,2146.2977616433054,2129.6697233409222,3
1117,1118,-0.003135641273517681,1,2134.487044379385,2129.92854574962,1
1120,1121,-0.0016727302745415144,1,2126.0380468251014,2124.607796666175,1
1123,1125,-0.006316314443861482,2,2134.8456297820535,2123.4961191250286,2
1128,1129,-0.0031169447879707546,1,2129.3741736296583,2124.8664060711535,1
1135,1139,0.0031878972055037844,4,2137.501845201542,2146.4534832058207,4
1140,1142,-0.003578454924454542,2,2151.146126155014,2145.599492832808,2
1143,1146,-0.002126138021352096,3,2146.600785129896,2144.183416369097,3
1149,1150,-0.0022383847093446646,1,2142.624610269544,2139.9712167143207,1
1151,1153,0.003160797624145298,2,2145.4612885410847,2154.388118773142,2
1154,1157,-0.0014781346358696387,3,2158.615342023826,2157.583233263285,3
1159,1162,-0.0017397185493749226,3,2168.5596574926262,2166.955533688553,3
1163,1164,-0.003648718010920669,1,2170.813154619636,2165.0632827186514,1
1166,1171,-0.003255361708886616,5,2167.833200488495,2162.94395249686,5
1173,1180,-0.004531403961552922,7,2167.2491988163074,2159.595766409935,7
1182,1183,-0.0007153116868822915,1,2166.2636616612203,2166.880371608827,1
1186,1188,-0.0003874353629628657,2,2209.021405160199,2210.374573555458,2
1189,1193,0.0008581190684101719,4,2208.8043146885884,2212.908536104098,4
1197,1199,0.0028534526526563836,2,2217.259360076258,2225.803464038971,2
1200,1201,-0.0015575300824452784,1,2228.13495037547,2226.892698112888,1
1202,1204,0.00021385969986370285,2,2224.9641460612934,2227.664940371839,2
1206,1210,0.009346158830903256,4,2223.6133776607985,2246.6192348445984,4
1212,1215,0.0039031183710120697,3,2260.829024646496,2271.9141369709573,3
1219,1221,0.0025957335761480974,2,2279.4597176504817,2287.6560474927146,2
1223,1224,-0.0011050358614724668,1,2307.0664153954162,2306.824090687001,1
1232,1237,-0.004823404049086986,5,2297.9426843906886,2289.1567210266194,5
1239,1247,0.0054795447945951235,8,2280.2755442029356,2295.0506917356183,8
1248,1251,-0.003667781083692558,3,2300.954877284405,2294.8164333883556,3
1253,1254,-0.003151454815314956,1,2289.700993436202,2284.7748052082425,1
1255,1256,-0.0019072922396330726,1,2292.0540397548466,2289.9744769117574,1
1260,1263,0.0091893965131261,3,2317.931995732997,2341.5503239279824,3
1268,1269,0.0003407301027358856,1,2373.1111342508975,2376.2928357857254,1
1270,1271,-0.00263958930314214,1,2375.5824872827866,2371.687507647906,1
1272,1275,-0.002066205547041921,3,2390.336664126858,2387.7880739162683,3
1278,1281,-0.005289585240554524,3,2380.153651150812,2369.9437791785836,3
1283,1284,-0.006402485886244081,1,2354.576991159792,2341.8564221969764,1
1288,1290,0.0024968352380174757,2,2350.269226261353,2358.487730510572,2
1291,1292,0.0026139602749120664,1,2365.9385522857865,2374.4889602266303,1
1297,1298,-0.002201404408693158,1,2382.182245230189,2379.320280978459,1
1299,1304,-0.021747919569152036,5,2370.090791608897,2320.9163384930075,5
1306,1310,0.004353702429791443,4,2332.7242430190086,2345.212954466893,4
1314,1315,-0.002750482179771604,1,2374.8047878441976,2370.64773438264,1
1316,1322,-0.012178042474326831,6,2363.5928664983244,2337.17252504459,6
1324,1325,-0.004575656423436866,1,2341.136021803874,2332.7649237493715,1
1328,1331,0.012827889662961243,3,2342.2740261584886,2374.662732952628,3
1333,1335,0.010937877233095587,2,2393.594747581183,2422.1691878235897,2
1339,1350,-0.008035624299675644,11,2433.4134500884084,2416.292867287809,11
1351,1354,-0.0005474566470684191,3,2418.8288240780043,2419.92344898422,3
1356,1359,0.014473106850711546,3,2436.897991930543,2474.6043749439687,3
1361,1362,-0.0029902199786371025,1,2465.332604382576,2460.4260501793483,1
1367,1368,-0.000534442665383757,1,2469.3050818547117,2470.4546849469743,1
1371,1374,-0.0042609451059053595,3,2475.7826565440737,2467.709265206931,3
1382,1384,-0.0037728294962526975,2,2448.578494224455,2441.7890035517794,2
1385,1386,-0.0008358853031527738,1,2433.9149995872513,2434.3144408095604,1
1394,1397,0.0029320494543473904,3,2441.309280950971,2450.9086297770273,3
1398,1399,-0.002828655885608597,1,2463.057749808269,2458.553664757488,1
1406,1410,-0.00246356595551932,4,2460.0651239559406,2456.4646563921583,4
1419,1420,-0.0014411833208647863,1,2465.5702610182057,2464.482492542624,1
1421,1422,0.0011970661842159924,1,2469.3433537179167,2474.768664497589,1
1425,1426,0.0012008412829042259,1,2491.926097841766,2497.4104316718426,1
1430,1431,-0.0016279831731691816,1,2500.6973425661276,2499.1269467138072,1
1432,1434,0.0034590175363771163,2,2519.300687739665,2530.5342936857032,2
1440,1443,0.002644513223831597,3,2518.0748820367608,2527.252039242942,3
1445,1450,-0.0075027372932076775,5,2514.9198884478214,2498.566025099782,5
1459,1461,-0.002939600213688858,2,2440.2535893903273,2435.520473006891,2
1470,1471,-0.0013272203141604815,1,2428.7262297967577,2427.931501236834,1
1474,1476,-0.013731348838583797,2,2432.773742074818,2401.8012509191167,2
1486,1487,-0.001151572662649302,1,2378.805614932496,2378.4450530315157,1
1490,1491,-0.0004948606388721753,1,2385.849922011846,2387.055108717198,1
1492,1495,-0.012095088805516817,3,2389.2996883432415,2362.7901961180796,3
1502,1503,0.0005526790396355636,1,2417.2402869165,2420.9934852437577,1
1504,1506,0.001581363645003039,2,2414.6985068807435,2420.9317218200486,2
1511,1515,0.0016608891055043423,4,2420.527343738732,2426.9680985772616,4
1517,1519,0.0029034330081777033,2,2420.2013387286133,2429.6484325206425,2
1520,1521,0.00023134885584241054,1,2438.1836961731774,2441.185950877794,1
1524,1528,-0.005794674539949982,4,2450.638416235429,2438.8884026144815,4
1533,1534,-0.0014671657524879251,1,2430.81981047276,2429.684214706838,1
1535,1536,0.007322761810813888,1,2434.9268657056436,2455.1921820356633,1
1540,1541,0.00017566481815750774,1,2469.7235154520768,2472.62708249977,1
1545,1547,-0.0022925980881897106,2,2484.23968000834,2481.0285565473564,2
1549,1550,0.0004581576707426045,1,2476.8986786423134,2480.510387450228,1
1556,1558,-0.0014309849585947164,2,2479.094569046342,2478.026116576149,2
1567,1574,-0.011585184441179258,7,2467.3135505128057,2441.196581506407,7
1576,1577,-0.006296578505060612,1,2440.4978426549537,2427.5715542399007,1
1584,1586,-0.0009517083038266806,2,2408.5890483406624,2408.7053631911913,2
1593,1594,-0.006257111178913719,1,2401.4781692251768,2388.853331495826,1
1595,1598,-0.015453266841108655,3,2389.1077962627,2354.577383771142,3
1600,1603,-0.0002307085574676887,3,2351.571662179998,2353.3807061362145,3
1605,1606,-0.005549333553910823,1,2363.287712235229,2352.536328148412,1
1609,1611,0.0029553571803805226,2,2358.1913789536006,2367.518868157056,2
1613,1615,0.0022923940012296996,2,2371.6058906342805,2379.414151641886,2
1616,1619,0.0020653519365754673,3,2379.6839959109006,2386.978564856204,3
1620,1622,-0.003257287333197984,2,2389.838627907413,2384.4440754442503,2
1623,1624,-0.0019827525909861705,1,2390.7552900998735,2388.405769144114,1
1627,1630,-0.01555515325305075,3,2370.614666412587,2336.1100066390222,3
1631,1632,-0.0033091574673177622,1,2325.68765104607,2320.3172720400084,1
1634,1640,-0.004801392711616585,6,2291.4910566930234,2282.780199291376,6
1643,1646,-0.05438899368243674,3,2242.2950130133863,2122.5811387294552,3
1650,1651,-0.0038180056429027655,1,2164.2146729609944,2158.1159038001374,1
1655,1656,0.0021780416904022175,1,2184.1807252130006,2191.1221426171005,1
1661,1663,-0.00869500978690993,2,2219.5326666568612,2202.4533410645704,2
1665,1672,-0.027624523580752916,7,2182.0753781892995,2123.978660827718,7
1681,1682,0.00556112931959765,1,2084.202640121174,2097.877363171256,1
1684,1688,0.004007992059279512,4,2115.043335951944,2125.6354561834232,4
1691,1692,-0.001639881080957131,1,2136.2713742123115,2134.9044145761627,1
1695,1700,0.004583372459730443,5,2148.549741803148,2160.545895259893,5
1701,1706,-0.0037796834107784076,5,2161.9297129010442,2155.9202327428243,5
1707,1709,0.0027342701131863557,2,2173.120447978665,2181.235466719906,2
1710,1712,0.004533514193016484,2,2188.4980891973014,2200.608174435264,2
1715,1716,-0.0032465430157617606,1,2219.934028998896,2214.9468517105965,1
1717,1719,-0.0023496474461291205,2,2221.201390645688,2218.203551861465,2
1720,1722,0.003334411700521337,2,2224.115286714721,2233.755518036766,2
1731,1737,-0.00686225205702901,6,2256.6266738022755,2243.3977594418316,6
1742,1744,-0.0012164495007757539,2,2265.5135350132136,2265.0231657395593,2
1748,1749,-0.005272380625771421,1,2255.3955927774073,2245.759684343375,1
1750,1752,-0.004649710832822049,2,2254.1773124987776,2245.950217142249,2
1754,1756,0.0033222618101504753,2,2251.8481740537563,2261.581251418726,2
1758,1759,-0.0028534061967386897,1,2266.4098749047066,2262.2092967982085,1
1760,1761,-0.005264356877632073,1,2256.4576479841753,2246.8353072939085,1
1765,1767,-0.007289850174821933,2,2240.453683076594,2226.3615650864144,2
1768,1774,0.006164077074726389,6,2218.6385574170563,2234.533055043352,6
1776,1777,-0.0007206166786663358,1,2240.0839121022473,2240.7097541856765,1
1779,1782,-0.006970576867939857,3,2223.4439465508017,2210.1687035563646,3
1783,1784,-0.011251272479233038,1,2206.2981628067078,2183.680799169345,1
1785,1787,-0.010585329510125197,2,2166.8456352981925,2146.075705886283,2
1790,1791,-0.0029580077338617118,1,2112.9531318852614,2108.8159533117428,1
1793,1794,-0.0019848576895863616,1,2120.998784086505,2118.909902124394,1
1799,1804,0.009416405662515618,5,2145.961024379456,2168.31422494534,5
1805,1808,0.0036958864007143105,3,2173.0616849075514,2183.266135721622,3
1809,1810,0.0018248322265892567,1,2193.1327767163507,2199.328008861208,1
1811,1812,-0.0034884412885643114,1,2205.3427745968374,2199.8549085810937,1
1815,1817,-0.006367768408528139,2,2205.2994470766716,2193.461910373309,2
1818,1824,-0.024631165373301872,6,2191.231304976832,2139.449955637768,6
1825,1829,-0.0034541488671483533,4,2118.18257368128,2112.9842383176665,4
1831,1838,0.00010067780597133652,7,2109.301745184066,2111.6234068010867,7
1841,1842,3.850252875183457e-05,1,2081.7475367667585,2083.9094368479136,1
1843,1844,0.0015762422790691032,1,2078.351684068459,2083.7060215477304,1
1845,1848,0.016443202102399045,3,2099.9881457564493,2136.6186633955213,3
1851,1853,-0.0015751264179126338,2,2147.499146732361,2146.2640632406305,2
1858,1861,-0.004179987306031188,3,2188.3214251423574,2181.3625907888886,3
1863,1865,0.0015148900066648324,2,2176.008342163753,2181.4807637978797,2
1866,1868,0.01017946117105523,2,2182.1058053826537,2206.5005725050632,2
1869,1870,-0.005064041794780153,1,2215.643702024238,2206.63923341687,1
1875,1880,0.02809011506440674,5,2166.9922205169023,2230.0302735554133,5
1882,1883,0.0006722988964196598,1,2256.6272763137868,2260.401031617597,1
1887,1888,-0.001717511108751877,1,2288.1034183703637,2286.46167874971,1
1896,1898,0.0013491831900709936,2,2312.5914034318075,2318.024104282252,2
1899,1903,-0.00017682664338063484,4,2326.0438896839146,2327.9586270402297,4
1904,1910,0.0036177291832725743,6,2328.4430739954023,2339.1951935297798,6
1913,1916,0.0009320414447330412,3,2306.1574560616714,2310.6130478448626,3
1928,1937,0.0022505959001148166,9,2306.8824706063156,2314.381213307315,9
1939,1940,-0.004817009643266034,1,2299.1777994201325,2290.4018155881627,1
1945,1946,8.642122178181312e-06,1,2295.9965884713833,2298.312427342893,1
1948,1949,0.0012674492108703081,1,2291.8823650281156,2297.079091888106,1
1960,1966,0.013649772611292226,6,2348.5021179727305,2382.907139978169,6
1969,1975,0.0037262006813423487,6,2430.6718178707742,2442.1596606725147,6
1977,1979,-0.004847102672899916,2,2434.629885050766,2425.263613912465,2
1983,1985,-0.003826753299095555,2,2421.828126098394,2414.982215453103,2
1986,1988,0.0018338033099210638,2,2424.0080261858548,2430.8771881537355,2
1991,1992,-0.00626286916967908,1,2409.9580248728716,2397.2747310835475,1
1997,1998,-0.00045754648386944644,1,2380.887789109998,2382.179310062713,1
1999,2000,-0.0021103280210997824,1,2374.6713990713815,2372.0347348760884,1
672,673,4.041257955488572e-05,1,1975.7354080227144,1977.7909879950932,1
677,679,-0.0002085993138402129,2,1988.0185703389895,1989.5918895996542,2
680,684,-0.0013286284670595877,4,1990.911354715412,1990.2570845688604,4
687,689,0.005027693670035548,2,1997.9063132753563,2009.9490805132102,2
691,700,5.391947576210889e-05,9,2020.2984623098043,2022.4276942060849,9
701,706,-0.004305545557185475,5,2024.876765500956,2018.1834431049062,5
708,709,-0.003411143596185328,1,2013.7478823960337,2008.8924470850627,1
711,712,-0.004228889030890058,1,2001.2127884173176,1994.75109439632,1
713,714,-0.00021445779522417225,1,1996.0359937766063,1997.6039642919695,1
718,719,-0.0031817370064714354,1,2003.1189844968694,1998.7487056800271,1
720,721,0.002999283792980075,1,2007.634416793158,2015.6635165784678,1
726,727,-0.0011330495526652752,1,2029.5827043985137,2029.3126693275963,1
728,733,0.0035885759265095567,5,2037.2528542637017,2046.600943666989,5
734,737,0.007440683546001571,3,2052.6857487436578,2070.0118195681903,3
738,741,-0.0027593602854673925,3,2067.3034863681432,2063.666354716219,3
742,744,0.000561483489517864,2,2063.4337658628183,2066.6557836199268,2
748,751,-0.0019591777909554334,3,2065.9280798908085,2063.946487558866,3
755,757,-0.00284874831075631,2,2052.864680149395,2049.0694500397576,2
759,760,0.001107387411521105,1,2056.0245554808334,2060.357395746832,1
765,767,0.00042500900250908025,2,2080.7485196542357,2083.7136050267004,2
768,770,0.0005316234357159364,2,2085.5485707500857,2088.7428458173704,2
775,776,-0.0031326968445583984,1,2084.276095366366,2079.8309663145897,1
777,781,-0.0037775445021018595,4,2082.9805433157876,2077.1949721597157,4
782,784,-0.00258470698841669,2,2079.783171519008,2076.4873245927106,2
786,787,0.0008309029200808996,1,2073.0499524946904,2076.8455057061865,1
792,800,-0.004532025584335341,8,2080.6414591494067,2073.292580283862,8
804,807,0.0040220692406491175,3,2074.382816097394,2084.800510231448,3
809,811,-0.0038254944053373896,2,2091.4982626659976,2085.588746026062,2
816,817,-0.005029822854944073,1,2086.6134525334196,2078.2047699529667,1
818,822,-0.00026836574673298405,4,2077.9350489087433,2079.455337366589,4
823,833,-0.010130498022291955,10,2077.642390494011,2058.6724807565756,10
841,842,0.0002525708446920183,1,2074.6248386826023,2077.22345326921,1
844,845,-0.0009536474617215753,1,2077.941145756784,2078.037463603283,1
846,852,-0.002015310591351149,6,2074.8197141191786,2072.713127688289,6
858,859,-0.004634833084536527,1,2072.7169340745427,2065.1829539876894,1
862,865,-0.0034769388464440105,3,2071.64106782927,2066.509739592475,3
867,871,0.011698193149306976,4,2066.214221309524,2092.451408579557,4
872,873,-0.0013127842612480271,1,2095.7702829345594,2095.114758974866,1
874,877,0.012827871391017633,3,2099.153206011177,2128.180026573942,3
885,887,-0.0025631791142552963,2,2174.67445504639,2171.275049357957,2
889,890,-0.002562950163131938,1,2170.3341068804816,2166.941982834082,1
892,893,-0.0035912377446258997,1,2172.7189840936467,2167.088952653598,1
895,905,-0.0007643956878216848,10,2167.909132330115,2168.4199010701027,10
906,910,-0.002069671448995695,4,2167.66045403187,2165.341769533075,4
921,923,-0.0029984777226296604,2,2159.7685260502,2155.452276764852,2
928,929,-0.0034949794424434027,1,2156.1442292820684,2150.7646937550667,1
930,933,-0.001796024841639458,3,2152.5503388317798,2150.83685528919,3
937,940,-0.000624419408889473,3,2134.8267497603188,2135.6285492529123,3
942,943,-0.003856971776331916,1,2137.3289644676615,2131.2226759394407,1
947,948,-0.003651503362455356,1,2107.2438357624305,2101.656471646393,1
950,953,0.0011902076611734172,3,2114.7627444393643,2119.3945140037995,3
954,955,-0.0035137294715977445,1,2120.1109892446652,2114.7816037679427,1
956,957,-0.001299827333561846,1,2125.301834994424,2124.6646114122236,1
958,961,0.0020650904801195564,3,2133.8913982293125,2140.431968439634,3
966,968,-0.0004921227037691024,2,2144.1148269804876,2145.203774221623,2
973,974,-0.0017592667266558997,1,2148.636864486724,2147.005476007853,1
976,978,-0.006898268009625585,2,2140.8759478417746,2128.2484877260426,2
979,980,-0.005029905194475144,1,2135.1526768413305,2126.54821397793,1
981,982,-0.0009316010844356867,1,2127.2969645848575,2127.4424693903184,1
988,989,0.00022163095145935922,1,2124.484394510983,2127.07973040321,1
991,993,0.0038878057348994462,2,2134.554679968986,2144.987968575195,2
996,997,-0.0014080964980127788,1,2138.3327371304267,2137.4600910288177,1
1000,1001,-0.003993637206542021,1,2148.3147102950006,2141.8834354469,1
1003,1005,-0.00028655066262029544,2,2140.3754717758206,2141.902521237903,2
1010,1015,-0.006040640391069019,5,2142.623096027143,2131.8229035064714,5
1017,1020,0.0003663642735880297,3,2138.300509976293,2141.22220739932,3
1021,1023,0.00012022156120599335,2,2146.436037809488,2148.8405217387917,2
1026,1028,-0.0035139929005729023,2,2146.5659519113747,2141.169500347658,2
1031,1032,-0.003633943009563164,1,2149.370608673647,2143.7092889839705,1
1040,1042,-0.004061075993117272,2,2150.2605440905713,2143.6784331601084,2
1046,1047,-0.0011901732579615084,1,2136.253854467063,2135.847596111726,1
1048,1050,-0.0028842200544254805,2,2142.0784252238313,2138.0422780968725,2
1052,1055,-0.000494947352722123,3,2144.6860933834905,2145.769272772534,3
1056,1057,-0.002665721420550854,1,2143.8912634242433,2140.3201378234257,1
1058,1059,-0.0017624797051470848,1,2142.0486953075833,2140.4154266499745,1
1061,1062,-0.001833642129272675,1,2146.508374605148,2144.7189547932408,1
1063,1064,-0.003348966753190058,1,2145.0657923733347,2140.0271041436445,1
1070,1072,0.0018491654951119031,2,2149.194287288237,2155.31769749387,2
1076,1077,-0.0012792838921398925,1,2153.187464795954,2152.586114220279,1
1078,1084,0.010362493677555033,6,2154.561338035206,2179.0425276165356,6
1086,1087,-0.006351106125093773,1,2190.923033389155,2179.1991717255773,1
1089,1090,-0.003601388562217194,1,2187.0562257129245,2181.366842662429,1
1096,1097,-0.0056568745411479686,1,2151.2213095392044,2141.2033417904363,1
1100,1101,0.0008474761246534479,1,2142.1449042525915,2146.102465818746,1
1104,1105,-0.0022535865963242818,1,2148.2983439584114,2145.6052659495194,1
1107,1108,-0.00043783638378877814,1,2157.4178353569646,2158.6306571689674,1
1112,1113,-0.001006948829824865,1,2146.3788279863916,2146.363913165176,1
1119,1120,-0.0016578851136986239,1,2125.777863866085,2124.3793462544177,1
1123,1125,-0.0032135437560236613,2,2129.9515792714656,2125.2368382525365,2
1126,1127,-0.002522889971468487,1,2127.073597608627,2123.8342985582535,1
1128,1130,0.0030640757747379174,2,2123.4992556284183,2132.1293175108917,2
1131,1133,-0.002656877318410218,2,2138.5752699543514,2135.031913095851,2
1134,1139,-0.00012112595339225352,5,2143.934085229073,2145.8183332542185,5
1140,1142,-0.002973514905187117,2,2148.5663558573365,2144.3261281292685,2
1146,1147,-0.0011705819185835172,1,2151.064161429333,2150.6972287776803,1
1150,1152,0.0022254397441669746,2,2143.691594471908,2150.6059425399544,2
1158,1159,-0.001374934054358283,1,2162.525743474845,2161.71493893019,1
1165,1170,-0.004213045850584323,5,2169.8913400722495,2162.9193797058115,5
1171,1172,-0.0030974950118055605,1,2167.602955952612,2163.0564195649263,1
1174,1176,0.0024201485250749254,2,2168.1837860666856,2175.599296644693,2
1177,1179,-0.009536029937739093,2,2181.651569009202,2163.028925902424,2
1185,1189,0.005699430463918768,4,2193.380020878611,2208.074417809436,4
1192,1195,-0.001012103022153925,3,2211.3334016523595,2211.3066378352096,3
1196,1201,0.0010696404667709931,5,2219.688863831931,2224.2828217281585,5
1202,1206,-0.0003934355955848664,4,2224.3969089292577,2225.7461489155053,4
1208,1209,0.00041046025074704907,1,2240.3987959947244,2243.5587894422965,1
1210,1217,0.014180066551238584,7,2249.819987008857,2283.972404139958,7
1221,1222,0.0009926840291708552,1,2294.4895080952215,2299.061700693103,1
1223,1227,-0.013850704708909999,4,2305.7294335009387,2276.099185412376,4
1228,1230,-0.002095402050494389,2,2282.571888071638,2280.0715541450436,2
1233,1238,-0.006344427497603446,5,2296.308028829092,2284.0355770568503,5
1242,1248,0.0031419422774350784,6,2284.038630832982,2293.498987001324,6
1249,1252,-0.002939989902495668,3,2297.6106449479234,2293.153303496858,3
1256,1260,0.009235709877014043,4,2289.8432285372687,2313.2813994884214,4
1267,1270,-0.0006743336746792738,3,2371.5889882974166,2372.3613349684065,3
1272,1276,-0.0006580383813704555,4,2384.524121288356,2385.339537016533,4
1277,1279,-0.005983543461955024,2,2386.50086026433,2374.60762950521,2
1281,1290,-0.008684226430017863,9,2374.2662537413103,2356.021854242412,9
1291,1293,0.0037333215748715266,2,2366.055194892413,2377.254494993734,2
1294,1295,0.0002120796755713803,1,2383.712040683706,2386.6012896006337,1
1297,1298,-0.0038761334308302247,1,2383.820620570675,2376.9644343907494,1
1300,1303,-0.012714564300341725,3,2373.4253092737495,2345.6216658762037,3
1305,1309,0.0016049798432721985,4,2327.944196412234,2334.00844412015,4
1316,1317,-0.0013213220653192476,1,2365.3087292074383,2364.5487033214517,1
1318,1321,-0.000638144576271188,3,2341.7147998394003,2342.562162040548,3
1322,1323,-0.003913517352225856,1,2343.6128427930994,2336.7846861087223,1
1325,1328,0.003363114432767738,3,2334.084359627395,2344.2682367841826,3
1329,1330,0.0025398364891662615,1,2351.5821246127834,2359.906340824759,1
1332,1333,0.0034407551525169368,1,2391.498648498893,2402.118708444452,1
1339,1344,-0.00078579723659618,5,2431.188815335943,2431.7095826985446,5
1347,1358,0.019298095066277242,11,2420.403712474137,2469.5332971287075,11
1359,1365,-0.007504787894752977,6,2470.6962023929973,2454.624847644059,6
1373,1375,-0.005772433160014774,2,2475.347539808334,2463.534109126792,2
1391,1393,0.0014700614708378014,2,2431.057745551994,2437.0626076226636,2
1395,1396,-0.0039737422394881105,1,2448.0969383607553,2440.8169290887904,1
1397,1399,0.005425507390373658,2,2448.4703936433048,2464.203058252771,2
1400,1402,-0.0020200390433497044,2,2461.451190423877,2458.940414106345,2
1405,1414,-0.00624665503681702,9,2461.689310821813,2448.773676200111,9
1415,1417,-0.0010586965431116629,2,2457.1939446598267,2457.0497158695202,2
1421,1426,0.006243212079489656,5,2472.453041278476,2490.3615430130353,5
1428,1429,-0.0028213192582496466,1,2492.9012508907867,2488.3608818336247,1
1432,1435,0.003028426078821875,3,2516.018534623414,2526.15412930309,3
1437,1441,-0.0004606043833306462,4,2522.558597561284,2523.9192546116,4
1442,1450,-0.012664589336236782,8,2528.833262101673,2499.335460599441,8
1452,1455,-0.005952738496794364,3,2501.7048393615773,2489.3145494960545,3
1456,1460,-0.019848620173026053,4,2486.943821289312,2440.0683618101757,4
1461,1463,-0.008201539762126486,2,2438.8585682150165,2421.295031261813,2
1465,1466,-0.0006616270890665388,1,2409.9382749980614,2410.7537328273424,1
1468,1473,0.009540471432518457,5,2415.41145124,2440.8710266395733,5
1475,1477,-0.01348983493617846,2,2419.534867949009,2389.3152768259974,2
1481,1485,-0.010875949732753774,4,2388.925081194475,2365.3321771772835,4
1486,1492,0.002362430047362915,6,2378.4994431494342,2386.496981144716,6
1503,1504,-0.002318267853079985,1,2420.06286652837,2416.872575448993,1
1505,1506,0.000941885693208919,1,2413.6271325019875,2418.314120499334,1
1510,1512,-0.004980746522287623,2,2429.802310181116,2420.129883085016,2
1513,1516,0.0011705662882097083,3,2416.243027019443,2421.4876426780133,3
1519,1522,0.005000660492381876,3,2429.8625458899314,2444.4433260709716,3
1529,1531,-0.007445580315107952,2,2435.5633130445913,2419.864694097832,2
1536,1544,0.010576280619208157,8,2452.035218848612,2480.420666630185,8
1546,1547,-0.002618128633133469,1,2486.0753227051423,2482.0525330413466,1
1555,1557,-0.002999798307406774,2,2480.7410483513454,2475.780066601738,2
1558,1561,-0.002448672731771806,3,2474.8879577575317,2471.302655058938,3
1566,1570,-0.0022761876137276467,4,2469.3763480936154,2466.2249605845464,4
1572,1574,-0.008930428287515977,2,2458.4127114142766,2438.916445705288,2
1575,1576,-0.0031887157386240204,1,2441.865466725403,2436.520917346779,1
1577,1581,-0.0057457285896270254,4,2425.7584255339916,2414.2464344224063,4
1583,1584,0.0006098607226729558,1,2406.952756232404,2410.827614935992,1
1589,1592,0.00396633053343407,3,2397.933123145226,2409.842051631835,3
1595,1596,-0.006746701709426483,1,2387.8609595491475,2374.1386348910337,1
1598,1602,-0.0016615301211736072,4,2356.4139373541834,2354.8550985566703,4
1605,1607,-0.008221584995038129,2,2362.5594347350348,2345.4980109712665,2
1620,1621,-0.0034072250504647394,1,2388.9505334230967,2383.1997918547195,1
1623,1627,-0.007303463192898212,4,2388.2400096391584,2373.185826642591,4
1630,1631,-0.00439091438910763,1,2335.4165382671317,2327.497340722962,1
1638,1640,-0.005546985507563197,2,2289.9973996515805,2279.5848146630074,2
1642,1643,-0.012243331222195834,1,2265.0917592857722,2239.624582387456,1
1650,1653,0.004856099047878141,3,2161.641153802288,2174.299938504924,3
1662,1664,-0.012757451029987918,2,2214.3575628034528,2188.3223621959078,2
1666,1677,-0.034142707842229905,11,2168.4598393900887,2096.5912084655743,11
1681,1684,0.010488384619568018,3,2085.3072429739673,2109.264054631223,3
1687,1693,0.008653324114656122,6,2120.0816446002473,2140.5474798651067,6
1694,1699,0.008664930812115612,5,2141.343319105055,2162.0392541291912,5
1701,1704,-0.00437589660871374,3,2154.7993449253086,2147.5249651243166,3
1706,1709,0.00932280734069334,3,2158.797466577332,2181.082316912387,3
1711,1715,0.012726431245941257,4,2190.3618867529276,2220.427738595172,4
1716,1723,0.007054038614800436,7,2216.2412951934893,2234.090988164693,7
1725,1726,-0.0014045592730280647,1,2234.627889751561,2233.7238503169947,1
1731,1733,-0.0011650054942636081,2,2255.6220010980783,2255.249811074915,2
1736,1737,-0.004463854243385917,1,2246.7381462065173,2238.955772745003,1
1738,1746,0.0034285517851722616,8,2248.495717418226,2258.4532971415506,8
1751,1752,-0.00026483437328965356,1,2245.21675375208,2246.8673599339527,1
1754,1755,0.0017659592939122436,1,2252.903579018264,2259.1350186109375,1
1756,1759,-0.0011627963869149706,3,2262.6347507241694,2262.2664019618433,3
1760,1763,-0.008699300028521005,3,2259.253311031293,2241.8586419492335,3
1764,1766,-0.0030383339433893712,2,2238.8973683558715,2234.3337478541866,2
1770,1772,0.004231660985373583,2,2217.0122147073857,2228.610871015167,2
1773,1774,0.0018828677993599791,1,2233.2970502376347,2239.7353503901704,1
1775,1779,-0.009987929917602782,4,2242.406502568893,2222.251910077027,4
1781,1784,-0.013048223699017866,3,2212.6258357686183,2185.9676247370517,3
1785,1790,-0.02419190922336733,5,2163.6384620448084,2113.459555240879,5
1792,1795,-0.0024763998217331084,3,2119.7286029202805,2116.5990359888065,3
1796,1799,0.007798144935110289,3,2126.9124413503464,2145.625325273636,3
1800,1801,-1.4702570973178794e-05,1,2159.4557507221243,2161.583456921408,1
1804,1808,0.00430668461377368,4,2170.887106580034,2182.407319786762,4
1811,1819,-0.00720911125734349,8,2201.603840315875,2187.933837126759,8
1827,1831,0.003622209724514799,4,2096.755661506605,2106.4473059151524,4
1832,1836,-0.002814675824250815,4,2124.612169918559,2120.756687577899,4
1837,1840,-0.015925272332350176,3,2119.335730321482,2087.7040673827537,3
1846,1847,0.0009102279135475219,1,2120.4009575987156,2124.4514066958336,1
1848,1853,0.00385733180113156,5,2134.99159318993,2145.36195575068,5
1855,1856,0.003754766003193016,1,2164.97534858507,2175.2692997702734,1
1857,1859,-0.0012202592411700666,2,2181.8829066430544,2181.4023267697153,2
1860,1862,-0.003212213505581524,2,2183.257501512532,2178.427669781524,2
1863,1866,0.002859859794645093,3,2180.2316785755747,2188.64706717472,3
1869,1872,-0.013345629874860803,3,2212.733746882803,2185.416155032174,3
1873,1876,-0.005159102009530033,3,2176.2983209057365,2167.2468741859207,3
1882,1885,0.002848217700390412,3,2259.525272836461,2268.22041798587,3
1889,1891,0.0052244625511518724,2,2284.226296227541,2298.4443772667655,2
1892,1893,0.0029264430223240193,1,2310.5502529192236,2319.6224968375273,1
1895,1898,-0.0016779360735243256,3,2322.1332764084777,2320.559018492869,3
1899,1901,0.0041032845915527595,2,2325.197013361345,2337.0631554519564,2
1903,1906,-0.004369439714696275,3,2330.532582873162,2322.6799938320355,3
1908,1912,-0.004287664002500831,4,2328.9034872628386,2321.246835102466,4
1916,1917,0.0009433326154352684,1,2313.888604315011,2318.3852595082603,1
1918,1921,0.004327247999843438,3,2314.0069511329466,2326.3342400349934,3
1923,1925,-0.0060555074817733425,2,2310.7768564490407,2299.094706762554,2
1927,1928,0.0003464879736118445,1,2299.40191716652,2302.4980341944847,1
1932,1943,-0.007653430941552682,11,2304.143306063088,2288.8128476967563,11
1944,1946,-0.002453587416571838,2,2303.0202924667915,2299.672651149552,2
1950,1955,-0.016160739613897836,5,2291.154061422157,2256.4184712816113,5
1956,1957,0.0035748818174188802,1,2265.77918703014,2276.14485903517,1
1959,1961,0.012505540550331283,2,2330.6712108909974,2362.1481854391754,2
1963,1966,0.0012011591689627772,3,2377.4011838556858,2382.6342222698327,3
1967,1971,0.012447057454983017,4,2390.5162109402763,2422.6616197758585,4
1972,1980,-0.008047011198652932,8,2437.0769806948706,2419.9028719199346,8
1981,1985,-0.004730264131319441,4,2419.964822731627,2410.9377147543364,4
1988,1990,-0.0077641185070203645,2,2432.987211695143,2416.530197869172,2
1991,1992,-0.005681825486972687,1,2407.1407264678046,2395.8709136638977,1
1993,1998,-0.009577974881805028,5,2400.255840016753,2379.6665057111836,5
1999,2000,0.00018298682929288762,1,2370.151399698034,2372.9552575873067,1
672,676,0.0021344643690674047,4,1978.9249541247254,1985.1278238824877,4
677,680,-0.0011480190070231482,3,1988.849656371444,1988.5552688201897,3
684,685,-0.0015427160440265775,1,1993.7343977533485,1992.65236610816,1
687,689,0.0016816574273948014,2,1999.6230477256768,2004.9853517236002,2
690,692,-0.0003972223275001813,2,2013.8357700584263,2015.049665296699,2
693,695,-0.004079677062754146,2,2020.375047697023,2014.1529450044698,2
699,701,-0.0019286069722934296,2,2024.5642938728722,2022.6842693537255,2
703,709,-0.011616021725312384,6,2030.3054250023797,2008.7516585015348,6
713,714,-0.0008385872668200286,1,1999.0308473225837,1999.353516355361,1
717,720,-0.00047226544932700185,3,2000.6846489377338,2001.7404793519793,3
722,725,0.0025387025978172027,3,2022.1525514382845,2029.3083479252418,3
727,728,-0.00023992951425927552,1,2036.2415731815202,2037.7892603031337,1
734,736,0.005166399301941498,2,2052.653584650118,2065.311066281632,2
739,742,-0.004657221792653092,3,2069.238929125603,2061.671263419799,3
748,749,-0.004476959330367096,1,2068.1396584450413,2060.9488209631086,1
751,754,-0.004764734247091663,3,2063.995921172461,2056.2255250421654,3
761,764,0.0009314430511287407,3,2070.5077342401046,2074.506802015711,3
768,769,-0.0007796545024894039,1,2088.8663541962387,2089.3266264922872,1
770,771,-0.003519447396211681,1,2093.4363754121932,2088.162072587026,1
772,773,-0.004862443600118373,1,2093.2823370558217,2085.1971520898196,1
776,777,-0.0012685441363033576,1,2083.534608444139,2082.975087442256,1
778,779,-0.0020553666730786417,1,2082.799529204009,2080.6014119941833,1
780,781,-0.0028072628896524767,1,2080.9756630957113,2077.2147930055285,1
787,790,-0.0020980358062725798,3,2077.366486818512,2075.0854640332345,3
792,796,-0.0020078468285691493,4,2076.8983396907743,2074.8051442858564,4
798,800,-0.0008803345194849508,2,2072.9576046362977,2073.205666104144,2
802,803,-0.0005621411754301997,1,2070.1298614352786,2071.0362860631135,1
805,807,0.0021209231043977407,2,2076.2909953894737,2082.7709399284377,2
810,811,-0.0027760907039310057,1,2091.552618983295,2087.837831819936,1
813,814,-0.0016351142542467283,1,2088.398919214816,2087.0725472926692,1
816,817,-0.002083359868161546,1,2082.8060138118467,2080.5495853633174,1
821,822,-0.003344040790723909,1,2079.539544253123,2074.6650187354703,1
823,824,-0.0029553968898375998,1,2077.042393985016,2072.980951747757,1
829,831,-0.004233082280187478,2,2065.97196813509,2059.292510773548,2
832,833,0.0003140748287080012,1,2061.3943691746326,2064.1031956272054,1
840,841,-0.001384716744851888,1,2075.4763587979314,2074.6778882891576,1
845,846,-0.0019388750409132564,1,2077.6866990887333,2075.7360109041215,1
847,852,-0.003386081395468086,5,2076.7521835544144,2071.7968838062375,5
854,855,-0.004145301751490402,1,2078.7844034692025,2072.245999244,1
856,857,-0.0012081485030020888,1,2073.4552329942185,2073.023646391429,1
858,860,-0.0013190991953789346,2,2070.8249921662255,2070.1641935774546,2
862,867,-0.0013963862228132395,5,2072.8961445813343,2072.0744771082996,5
871,873,0.001253225491408265,2,2088.3238668502313,2093.0293314213345,2
874,878,0.015417835053190124,4,2102.832924613315,2137.3568887140336,4
880,881,0.004518316487197608,1,2159.834467657878,2171.7531178103723,1
882,884,-0.0007162096360380107,2,2179.5792034304827,2180.1977470059082,2
889,891,-0.003394281839762195,2,2168.7318513999485,2163.5392961128277,2
893,898,-0.002446820994187821,5,2168.4798758489756,2165.3424736391235,5
901,905,0.0015692478997535982,4,2165.191234143293,2170.7541471741806,4
909,913,-0.004270330836425482,4,2167.4981582183523,2160.4097221536354,4
916,918,-0.0002542155060864074,2,2146.1015763886508,2147.702105666685,2
928,929,-0.002873780010766575,1,2156.482234443534,2152.4414611390603,1
932,934,-0.004848972611153581,2,2152.6919410209907,2144.40628869975,2
940,946,-0.013693018883408393,6,2138.649301407985,2111.5033854402254,6
947,948,-0.0016596830764561462,1,2106.3670673380807,2104.977532630953,1
949,950,-0.0015248708700836568,1,2114.49944819812,2113.3896090329526,1
955,957,0.001738911971904929,2,2118.5205764951156,2124.323017864805,2
958,959,-0.00026014838744042976,1,2132.876194103334,2134.4542059949313,1
961,962,-0.0014922692944534782,1,2139.5944704937724,2138.541213833366,1
963,965,-0.0014545601225844367,2,2137.001064027057,2136.02966856143,2
967,968,-0.005142960500971531,1,2153.028610141965,2144.1086976526854,1
970,972,-0.005912818497427039,2,2155.260449602635,2144.6720461990544,2
973,977,-0.007486935663426349,4,2147.072159459963,2133.1442404968125,4
979,980,-0.003408098703495818,1,2131.294334594005,2126.161967470101,1
989,990,-0.0019569187713920602,1,2131.1516846720924,2129.112345620346,1
994,999,-0.0038999366849751345,5,2145.991079731143,2139.7678414734014,5
1001,1002,-0.0033741352751047015,1,2146.8032211796976,2141.7064199235865,1
1005,1008,-0.003485228856419504,3,2147.037884599939,2141.7020040933053,3
1009,1015,-0.0074920486673632864,6,2145.172092965416,2131.245531338015,6
1023,1024,-0.0028624018382877084,1,2152.894896630013,2148.885341216889,1
1029,1030,-0.0003876539554874312,1,2144.069690845112,2145.38260343946,1
1032,1033,-0.0018429829091737029,1,2152.6330754449887,2150.8184425526665,1
1038,1040,-0.006170403155265818,2,2152.6034006921154,2141.473573277141,2
1041,1045,-0.007792940898682934,4,2149.843576205874,2135.239815851294,4
1048,1052,0.0031329620220414646,4,2135.9509373665574,2144.778741471637,4
1058,1059,-0.0009530365021494361,1,2140.603020172486,2140.703550377823,1
1072,1073,-0.002013258782824527,1,2159.166518290144,2156.9787238519057,1
1075,1076,-0.0007330303730580769,1,2151.673537533409,2152.2479690150253,1
1077,1080,-0.0033531979967172517,3,2154.8036295807565,2149.732949996308,3
1083,1086,0.002622316032773695,3,2178.2853810019674,2186.1758190615274,3
1087,1089,-0.0014420569758164044,2,2186.634589506597,2185.667972432744,2
1090,1092,-0.004720547240679517,2,2181.180050326411,2173.064866908744,2
1094,1096,-0.006473971416624959,2,2160.7957734744427,2148.9676391732796,2
1098,1099,0.0010928018304087327,1,2136.1987653683195,2140.669406054599,1
1100,1101,0.0009154146524431299,1,2139.959467830476,2144.058377550793,1
1102,1106,-0.0005431118090274599,4,2150.311536843449,2151.293988791545,4
1108,1113,-0.008040118424830073,5,2161.19521667491,2145.9801464103425,5
1114,1121,-0.007109267318212773,7,2139.8227044981277,2126.7499555827676,7
1127,1130,0.0034535064880677644,3,2123.7286217919755,2133.1866609880212,3
1133,1135,-0.0002627042355977707,2,2139.92723686669,2141.5049961545606,2
1137,1138,-0.0025359339838170922,1,2148.2494026523327,2144.9498333890842,1
1142,1144,-0.0053745188572760175,2,2150.754611311635,2141.346094707079,2
1149,1154,0.0047240431866388205,5,2145.275184282847,2157.5548320849066,5
1157,1158,-0.001972827675463505,1,2159.6766133735573,2157.575620194016,1
1161,1169,-0.0033676031107600602,8,2166.4914610310693,2161.362069108497,8
1177,1180,-0.009292947432404948,3,2179.390016275624,2161.316449435942,3
1181,1183,0.0006006923746202739,2,2161.114339102605,2164.573618345889,2
1184,1189,0.012145359651582234,5,2179.053197507335,2207.697635488499,5
1192,1194,-0.002236459679337337,2,2213.275483357999,2210.538857463561,2
1198,1203,-0.002374199529776283,5,2224.1487023897525,2221.092278288776,5
1204,1206,-0.0008816297426817716,2,2228.264522998354,2228.5282832433145,2
1207,1209,0.0056622188516205285,2,2231.8177539255285,2246.6866122391125,2
1213,1214,0.0009022964538709017,1,2259.946530813511,2264.2456190850153,1
1216,1219,-0.0035274987285187024,3,2288.9229760303037,2283.13772611871,3
1222,1223,2.358732686496938e-05,1,2299.457213413723,2301.8109086760414,1
1225,1229,-0.011931453232318395,4,2305.6351931365834,2280.4312498520235,4
1233,1236,-0.0008072402706567504,3,2296.017149085258,2296.4597287294832,3
1239,1243,-0.0003029283818235429,4,2282.226842307546,2283.817717865559,4
1245,1246,-0.002357803517299928,1,2295.994176918491,2292.876667949371,1
1247,1252,-0.00546694195549057,5,2300.814466820029,2290.536862146391,5
1254,1255,-0.002307776702810311,1,2291.6934670152655,2288.6964436891203,1
1256,1260,0.008826397472538054,4,2290.368433371233,2312.874503956093,4
1263,1266,0.007905222763302633,3,2348.5797057377495,2369.494331194716,3
1268,1270,-0.003144855342886621,2,2377.565558298666,2372.466024107886,2
1272,1274,-0.002877109797211252,2,2386.918959352223,2382.4384503884735,2
1276,1279,-0.005097034947966307,3,2383.14996633621,2373.386117637886,3
1280,1283,-0.013334106476098482,3,2379.356059353571,2350.0088283729538,3
1288,1290,0.002972740030617969,2,2351.9805324745844,2361.3243396871803,2
1291,1295,0.005296797296843972,4,2368.871458967918,2383.787762367318,4
1296,1297,-0.003972494583788018,1,2384.3112260579296,2377.2238738524075,1
1298,1299,-0.0005199905582665923,1,2373.610002004072,2374.749357216027,1
1301,1302,-0.0032937612120093967,1,2365.2355121697237,2359.8102266946416,1
1306,1308,0.0019311430302419797,2,2332.9880788620408,2339.826400609035,2
1312,1313,0.003683090447316354,1,2359.9935193446254,2371.0455824507967,1
1314,1315,-0.0030438858924819057,1,2373.1238328992436,2368.273438576068,1
1321,1324,-0.0006872432491410124,3,2340.997928880566,2341.7300917865705,3
1331,1334,0.017199399778813493,3,2369.213107060398,2412.3313635569953,3
1337,1342,0.0007008584550822167,5,2430.382877006154,2434.516614271597,5
1350,1354,-0.0007297312822425405,4,2420.3237995030213,2420.977937312871,4
1358,1359,0.0013587581260610456,1,2465.496622418244,2471.312132611149,1
1365,1370,0.0028926442705979223,5,2457.6281572852818,2467.1948294509984,5
1372,1374,-0.0026797482561230794,2,2473.9090126253304,2469.753468275566,2
1376,1377,-0.0037743427675373917,1,2469.2219678174856,2462.3714997096267,1
1380,1384,-0.000573779231294972,4,2444.4931644669523,2445.5350582226056,4
1389,1390,0.00020528932649434197,1,2426.9445241858675,2429.8696945168626,1
1392,1395,-0.0009273805979053837,3,2440.495165772669,2440.6723930724224,3
1396,1398,0.005039057344453218,2,2446.887223201484,2461.664115457808,2
1399,1400,-0.0017184081726945534,1,2463.356305554002,2461.5866102518335,1
1408,1409,-0.005814557736648917,1,2474.354440647198,2462.4415183317683,1
1410,1412,-0.0035826093247467742,2,2458.0672455721065,2451.7190181828373,2
1416,1418,0.0024798737370408754,2,2456.5219873249116,2465.070373673067,2
1419,1420,-0.0046340330238409475,1,2470.0711570411177,2461.094836885193,1
1421,1424,0.00602399301662122,3,2469.216581576262,2486.560341601779,3
1425,1426,-0.0016592918912893201,1,2491.8219636154536,2490.1791256003053,1
1427,1431,0.0005671667726070413,4,2497.0689509016324,2500.982274390394,4
1435,1437,-0.006785307289912862,2,2530.7605510595704,2516.1193235945016,2
1438,1442,0.006443419063850277,4,2512.529019679407,2531.230826082966,4
1443,1444,-0.005538696291615928,1,2531.625659875369,2520.135379881133,1
1445,1455,-0.009944274694314699,10,2515.5273592629237,2493.027791560612,10
1459,1462,-0.006366431851714638,3,2439.449189615553,2426.358051783761,3
1466,1470,0.005551899488603023,4,2411.1225065801705,2426.9199388979923,4
1471,1476,-0.013980574045254567,5,2434.7936469393676,2403.1886277203557,5
1478,1479,-2.9462767037767893e-05,1,2386.208868407748,2388.5247729601624,1
1481,1485,-0.010324319584691623,4,2391.115140971254,2368.819619233043,4
1486,1488,0.00021928958605749844,2,2375.9570937369162,2378.854073478229,2
1491,1493,0.0008180511829644938,2,2381.977855114745,2386.3084127720317,2
1494,1499,0.011425988540509972,5,2374.6437761855896,2404.151072536265,5
1500,1501,0.0003660435508806136,1,2407.4288183630347,2410.7174709745636,1
1503,1504,-0.004368017392580558,1,2422.7556601166816,2414.5957769154356,1
1507,1513,-0.0062865749055620816,6,2425.3560959841593,2412.5342693100774,6
1518,1522,0.009321846657757649,4,2425.663195429435,2450.700518976024,4
1523,1524,-0.0025037413258403645,1,2449.665082922457,2445.981420302798,1
1526,1533,-0.011380033340075958,7,2451.848111185872,2426.3978460469602,7
1534,1535,0.0005854204368441944,1,2431.570171267639,2435.4252323107876,1
1536,1538,-0.002271697162188051,2,2453.8592785381825,2450.7387126572567,2
1543,1545,0.0009382193456531609,2,2477.4594436394814,2482.2613034612145,2
1557,1559,-0.0021336406621796705,2,2479.15550778568,2476.3450362941876,2
1561,1563,-0.004937787268229721,2,2473.950701293423,2464.208809719642,2
1566,1567,-0.0013312175629184564,1,2465.3586272930406,2464.5420572167886,1
1570,1571,-0.003632605920489451,1,2467.366347702506,2460.870744447528,1
1572,1573,-0.006518730193335467,1,2459.2548352083036,2445.6828712961333,1
1574,1575,-0.006985270584948407,1,2446.4349677088276,2431.7923924586107,1
1578,1580,-0.0044513549666863154,2,2425.384157997745,2417.0132963379174,2
1581,1583,-0.001165199928933032,2,2409.7816311843085,2409.3835354300927,2
1586,1588,-0.002587721159979973,2,2409.0526084624444,2405.2277046604836,2
1591,1595,-0.011684537813425568,4,2410.6158656302614,2384.8595492602913,4
1596,1600,-0.009879645900135015,4,2374.6310601540326,2353.5451771964026,4
1601,1602,-0.0017450974509709185,1,2356.308774337732,2354.5530946762724,1
1608,1609,0.002027276570007615,1,2355.045232158464,2362.1746054110854,1
1611,1616,0.00256385709195428,5,2370.8641020587766,2379.3135229029585,5
1618,1619,-0.002429712773802613,1,2385.619398565635,2382.2086480380744,1
1622,1627,-0.007373952923718947,5,2387.9960489675013,2372.7750745693556,5
1628,1630,-0.013071294156295824,2,2362.057905413458,2333.544809623008,2
1631,1633,-0.016463425783303,2,2325.7484882567846,2289.7844491179967,2
1636,1637,-0.000742478962405658,1,2284.8436052006487,2285.4320004966007,1
1639,1643,-0.024114408258861842,4,2286.3185740751546,2233.4716731441627,4
1647,1649,0.005907758076672548,2,2146.849170643541,2161.679085341452,2
1650,1659,0.013645941426795583,9,2162.089157879035,2193.7549890448413,9
1662,1663,-0.007722961643725161,1,2218.3863000274737,2203.4721740214236,1
1664,1668,-0.02827503103934889,4,2194.7576628719344,2134.8955794932535,4
1670,1671,-0.0007803538812530235,1,2116.65935477648,2117.124270788466,1
1673,1682,-0.015080429133161367,9,2125.477036144156,2095.5494073625664,9
1683,1684,0.0009214980682261274,1,2107.6615863990987,2111.711454065839,1
1687,1691,0.003975469141430243,4,2125.0021807184403,2135.575063494077,4
1692,1693,-0.00032422750261319375,1,2135.562133958786,2137.005288115376,1
1694,1696,0.005690767639605868,2,2145.139289537795,2159.4919180786815,2
1699,1700,-0.003748316511698071,1,2164.579091792862,2158.6301433340113,1
1702,1709,0.010666368373874056,7,2154.3274088536073,2179.460586003227,7
1710,1712,0.002496930112248824,2,2189.102576501364,2196.7577152199333,2
1714,1721,0.004569756208641954,7,2216.986521914023,2229.334596358929,7
1722,1724,-0.003471445414375644,2,2241.270337870787,2235.73116057188,2
1725,1729,-0.0038815776706699716,4,2238.3395338510495,2231.8895846309265,4
1730,1731,0.0035710325582609375,1,2244.917727890366,2255.1793199151703,1
1735,1737,-0.002632811878574464,2,2247.8631738325653,2244.1928361409214,2
1741,1744,0.001530425803073234,3,2254.6344956772964,2260.3396809816572,3
1745,1747,-0.0028968439845278113,2,2262.9198316577763,2258.6274257876275,2
1748,1753,-0.003715848740481821,5,2252.8443982308168,2246.72601360938,5
1754,1755,0.0028284320368676184,1,2250.920749654983,2259.538246765412,1
1756,1759,0.0008708177838465479,3,2259.4490217155508,2263.676039127071,3
1762,1764,-0.006803071318748928,2,2249.6705111757583,2236.615512755719,2
1767,1770,-0.004284318555408782,3,2225.68624692015,2218.376384280872,3
1771,1772,0.0030330873390792233,1,2217.592755682601,2226.536500948778,1
1773,1777,0.0008684354614598489,4,2234.237654177335,2238.412183039729,4
1781,1783,-0.004558036692824054,2,2210.450412344639,2202.585548669849,2
1785,1794,-0.02179982990993492,9,2165.3575488952993,2120.3184801840835,9
1796,1797,-0.0012273069806694305,1,2130.366476461031,2129.8822292895475,1
1799,1800,0.00410401419762249,1,2145.770447902454,2156.722490733387,1
1801,1804,-0.001562238540173067,3,2165.9745017654154,2164.7567074234908,3
1806,1807,0.0011722540768386424,1,2174.691177743395,2179.4151595201133,1
1809,1810,-0.00036863597377325113,1,2196.9020230152587,2198.2890679217353,1
1815,1817,-0.003051934369893805,2,2197.905393695694,2193.3954360765947,2
1818,1819,-0.004812996615282866,1,2194.660410558899,2186.2921778417426,1
1820,1821,-0.009659599149041811,1,2181.802217040842,2162.9086844187777,1
1824,1828,-0.01416996499456704,4,2143.700745578955,2115.4682818008528,4
1830,1831,-0.0026861017611639806,1,2109.3366433283077,2105.780087099104,1
1832,1833,0.003975115334125212,1,2122.640455460605,2133.2008365394017,1
1837,1839,-0.012581234579007144,2,2119.3941738254193,2094.848972732966,2
1840,1841,-0.004464321217417598,1,2086.887031664786,2079.657384642636,1
1843,1848,0.021414263233977708,5,2084.2028045963402,2130.918674891557,5
1850,1851,0.0010151998656302,1,2144.5265607140873,2148.8482103510787,1
1856,1857,-0.0011297984095349066,1,2177.925044407688,2177.6423532008375,1
1861,1862,-0.0068370034494766516,1,2186.548384793161,2173.7854943286757,1
1869,1874,-0.01847604599282276,5,2210.6029571745053,2171.9703582230536,5
1877,1879,0.012607358355303463,2,2180.807283021854,2210.482309225788,2
1883,1884,-0.003982775774933526,1,2266.1790630706264,2259.419559059638,1
1887,1888,-0.003542483711955399,1,2292.463015329872,2286.634465453136,1
1889,1892,0.008587816708111783,3,2283.6704058357805,2305.565819108673,3
1894,1896,-0.0007030087932101565,2,2317.312193539103,2318.000414883971,2
1897,1899,0.003534363810172074,2,2311.4899658802424,2321.9711023291056,2
1908,1913,-0.01115310092054084,5,2330.140520714228,2306.482368848375,5
1920,1922,-0.0011198556758913172,2,2321.1489706935918,2320.870767814865,2
1924,1929,-0.004696218972305502,5,2311.1629839276734,2302.6204194583897,5
1932,1940,-0.0077731270304277145,8,2307.7790216805865,2292.1481412085877,8
1941,1942,-0.005278048535915822,1,2297.664219703447,2287.8347006523186,1
1949,1952,-0.007899236908623049,3,2296.3723107278965,2280.5290941257826,3
1953,1956,-0.005170371738079683,3,2270.003737044792,2260.5369776144853,3
1958,1960,0.021515393160992054,2,2298.3749216015144,2350.123736592737,2
1965,1966,-0.0015936073698102128,1,2386.5023964731295,2385.0857510625133,1
1967,1970,0.014175734999250691,3,2395.204718669354,2431.553710748835,3
1972,1978,-0.0016799407756338306,6,2432.440500822552,2430.7865853417397,6
1980,1983,-0.001728308577231693,3,2421.221196380797,2419.457800216098,3
1984,1989,0.006418633682021608,5,2410.441814743646,2428.3239995790564,5
1991,1995,-0.009288301628353923,4,2410.2003378332047,2390.2238704484826,4
1999,2000,-0.0023504761344462317,1,2372.8334774823293,2369.6290224999743,1
672,675,0.003551638989606049,3,1974.6752321381753,1983.6632409165848,3
677,678,-0.001457900971045159,1,1992.1831657281593,1991.2709431220726,1
681,682,-0.002585206518441353,1,1989.6279514406965,1986.4739802427996,1
684,685,-0.0002015349852073292,1,1992.8507689424641,1994.4419905611674,1
686,690,0.006437362869977005,4,1998.0638966327226,2012.9242228693804,4
694,695,-0.0034804594846295873,1,2017.8067894304463,2012.8017014414536,1
696,697,-0.0001242152412715392,1,2018.8945492028847,2020.6626662785566,1
703,713,-0.017900876730483913,10,2028.4796993374193,1994.1966139886285,10
716,717,-0.0008341937897061715,1,1999.0239063252973,1999.3553569034918,1
721,727,0.003587011324111115,6,2018.6320681916538,2027.8915563476628,6
730,732,-0.0015725515254438058,2,2047.7216373357444,2046.5492111886035,2
733,738,0.006711265717663135,5,2050.853572702164,2066.668249549289,5
743,744,-0.004085246241961158,1,2067.5880233470702,2061.209005168115,1
747,748,-0.0012997445308855558,1,2069.0744319095757,2068.4542381646156,1
750,752,-0.0026285973205713445,2,2066.353656144577,2062.9883981168273,2
755,757,-0.003679606224096434,2,2057.2900868086376,2051.7773594872533,2
758,761,0.007839847927125967,3,2050.64218058285,2068.7695456121523,3
764,765,-0.0010103744371049593,1,2076.1187071637546,2076.0971686008047,1
767,768,0.001638923971767498,1,2083.731128065194,2089.229936089763,1
770,771,-0.004541064754863771,1,2094.7023505206917,2087.2848738553325,1
773,775,-0.00613754057893578,2,2088.2173226238306,2077.489021391214,2
776,779,-0.001020830460724523,3,2080.9439026578816,2080.9005556376474,3
780,782,-0.002719906878881501,2,2079.5430579285076,2075.966437518246,2
785,791,-0.0035026554272625603,6,2076.6080107241837,2071.410976415848,6
793,797,-0.0028455452850965303,4,2077.7293883252773,2073.894844648947,4
805,807,0.0005102038679407435,2,2076.156827645213,2079.2922477167745,2
808,811,-0.002845167875912513,3,2089.9301324835874,2086.073860540227,3
814,816,-0.00074428992413185,2,2083.4892401850707,2084.022009376749,2
818,821,-0.0016371267997441384,3,2078.1761100719723,2076.8520483776574,3
828,830,-0.005072422582394126,2,2069.239796268139,2060.812977393428,2
831,837,0.003444502628221209,6,2061.1821367923467,2070.343066216563,6
839,841,-0.00020583020820366985,2,2073.558272343116,2075.2050296845405,2
844,846,-0.001918646479533069,2,2083.071530060417,2081.1579237327114,2
847,848,-0.003423727395562259,1,2079.5583443478963,2074.51806181803,1
850,852,-0.0046615403679004415,2,2076.793294923538,2069.1890324383903,2
854,856,-0.005359441341675292,2,2080.308971610871,2071.2399866765727,2
858,859,-0.004526040413852353,1,2072.1003385487343,2064.7940290134543,1
860,861,-0.002661490348519201,1,2064.281201492908,2060.851418199998,1
864,865,-0.0035257431644426813,1,2072.3903389794136,2067.1560132466793,1
867,873,0.012194418651568634,6,2067.515158510566,2094.7948190804186,6
874,876,0.010918159019657078,2,2098.141138312317,2123.1471180444073,2
878,879,0.002701379803028409,1,2138.7853122916345,2146.7017690495645,1
880,882,0.0034379975709186656,2,2163.470328744081,2173.071804807802,2
883,884,-0.00365528927111863,1,2183.9248060189157,2178.125853912564,1
885,888,-0.00016702647849383193,3,2171.369400718591,2173.178093934798,3
891,892,-0.0024954031951692364,1,2170.9050068109,2167.658628527306,1
895,899,-0.0024771142605496017,4,2163.805436061471,2160.60924819481,4
901,903,-0.0014024193151593403,2,2164.526154850801,2163.6551077179215,2
906,907,-0.0018372868543383258,1,2165.4687257936234,2163.6556072960357,1
912,914,-0.007743452371149916,2,2168.1531209028126,2153.5322835986444,2
925,929,-0.003440375084825903,4,2158.233938885329,2152.9670385536474,4
930,933,-0.003396251975368608,3,2151.2425136770394,2146.087594554144,3
939,946,-0.013784048612408149,7,2138.4766109945804,2111.138222043128,7
951,955,-0.0016631447778440774,4,2113.4331911081235,2112.031678924118,4
958,959,-0.0006713125697643671,1,2133.736869027287,2134.4382015155666,1
960,968,0.0010629757149638016,8,2140.883935768012,2145.3005273360577,8
972,975,-0.005359156289748356,3,2151.5780845046415,2142.1990193646884,3
979,980,-0.0010795897459947449,1,2126.070307276309,2125.901093880586,1
981,983,-0.002021875358357096,2,2125.0749956596947,2122.903433886969,2
987,989,-0.00043456806762206797,2,2128.3299308509586,2129.5333565564974,2
996,997,-0.0004905886608128786,1,2135.2751453435417,2136.362878714864,1
998,1000,0.0024065088042298424,2,2136.5740634433114,2143.85232180132,2
1005,1006,-0.00026715626106403416,1,2145.6776676679897,2147.250114112515,1
1013,1015,-0.0058402274803153985,2,2136.0165789391185,2125.677772795328,2
1021,1022,0.0005590058685981897,1,2146.489192630276,2149.8355818784694,1
1032,1033,0.0015741821681453019,1,2147.7462217863376,2153.2749118121615,1
1035,1036,-0.0009264308661397844,1,2154.1648150005276,2154.3232950401593,1
1041,1042,-0.003703752618977821,1,2146.8368211830316,2141.03230550524,1
1044,1045,-0.005911391354776228,1,2144.9229397124914,2134.3883837297262,1
1046,1047,-0.0022424073015666155,1,2137.2723038860427,2134.6169411702585,1
1052,1054,0.0008419401406169153,2,2143.7570439513725,2147.7057161023567,2
1058,1059,-0.0002848721066125707,1,2137.8450217667046,2139.3738543735094,1
1061,1064,-0.0017114240451127592,3,2144.7608804686374,2143.235046007255,3
1065,1068,-0.000530752171900348,3,2139.9330035337425,2140.9371624479295,3
1072,1075,-0.0023666893946459894,3,2156.853894922697,2153.906145578705,3
1078,1082,0.006693487097610315,4,2150.152572799121,2166.694743875845,4
1084,1086,0.0007164092375496836,2,2184.258472174159,2188.007553592995,2
1090,1093,-0.009474709109055023,3,2188.628819545414,2170.080826952072,3
1097,1098,-0.0072745143664626945,1,2148.0325497315644,2134.554688638644,1
1099,1102,0.0018783213842272599,3,2143.628401191374,2149.79845265836,3
1103,1106,-0.00044938215659981993,3,2151.5897221892014,2152.7744258819152,3
1108,1109,-0.0010435015199733205,1,2156.897504470667,2156.803676150796,1
1110,1111,-0.001915669692277033,1,2151.255853709626,2149.2860139240506,1
1115,1116,-0.0028965430371446364,1,2133.565953279987,2129.519553627005,1
1123,1125,-0.0040343155413878175,2,2130.363510319975,2123.8993152118055,2
1132,1134,-0.0010281784646777874,2,2137.6881425524225,2137.6279057826055,2
1141,1145,-0.0006353284512605442,4,2142.819854618213,2143.6012800532662,4
1147,1148,-0.0005959520843506884,1,2145.0864241973636,2145.953141895948,1
1151,1153,0.001764249948577355,2,2146.1081135459026,2152.0404927884133,2
1156,1157,-0.0007755765754227715,1,2156.90738137493,2157.391441915954,1
1158,1160,-0.0003026137693498929,2,2163.668066002238,2165.1769783191653,2
1162,1164,-0.002980431739167488,2,2169.724647529158,2165.4276559719374,2
1167,1170,-0.0029984487409546257,3,2166.2683187015878,2161.9391425075087,3
1174,1176,0.002792908505884439,2,2169.6618451177205,2177.8911739849605,2
1178,1186,0.013713630128018548,8,2171.1815558618314,2203.127518215558,8
1188,1196,-0.0018955363973017652,8,2213.078217322721,2211.0963252290326,8
1198,1200,0.002165381428648709,2,2219.4228927819318,2226.4482127890615,2
1201,1203,-0.002190064195695786,2,2229.1250055751475,2226.4722037182823,2
1209,1212,0.005047384305270618,3,2240.1599779930257,2253.707086285236,3
1216,1219,-0.003984864470854007,3,2285.435590029534,2278.6138745364296,3
1220,1221,-0.0010157309565500155,1,2291.9074563745453,2291.8714024779324,1
1224,1225,-0.003937184508608206,1,2307.8218469070025,2301.0433483296397,1
1228,1232,0.004143678310478292,4,2285.0529713491264,2296.806548756149,4
1235,1236,-0.0014904349081273183,1,2294.945264264958,2293.819742995121,1
1237,1240,-0.008700629148136692,3,2291.9532581190606,2274.303776053422,3
1242,1244,0.001475215831166713,2,2283.8045676288552,2289.457476849941,2
1247,1249,-0.0016463939193625322,2,2299.0842665651467,2297.598152475137,2
1257,1259,0.0033270475063077775,2,2289.320603045083,2299.226602051628,2
1261,1266,0.013142332281689859,5,2332.5055946723187,2365.4926638410752,5
1270,1272,0.0018532508700800348,2,2376.1458469501003,2382.925587155348,2
1274,1276,-0.0028312405108661554,2,2386.4333979508892,2382.0632644360776,2
1277,1278,-0.004610677793799214,1,2386.3851633459194,2377.7686954291744,1
1280,1282,-0.005938147935684542,2,2379.6710943544367,2367.919926452242,2
1283,1285,-0.009170452509712514,2,2355.1154194491114,2335.873060759611,2
1290,1293,0.007613386977649075,3,2357.638968949345,2377.946225742491,3
1294,1295,-0.0009999637356084856,1,2387.8884234571296,2387.8885100524503,1
1298,1305,-0.02165603057754495,7,2377.9755865667535,2328.856050137975,7
1307,1308,-0.0007737543287650383,1,2334.7459620853424,2335.2741882526975,1
1309,1310,0.0013485018745631305,1,2340.8548771388523,2346.352379205893,1
1313,1315,-0.0024447765760700533,2,2374.661037105573,2371.2301824630567,2
1317,1319,-0.00921283269220462,2,2358.5787943827613,2339.208181353114,2
1320,1322,-0.0008545687037410612,2,2341.6555661415678,2341.9961161459437,2
1326,1329,0.00662930064754391,3,2334.717251204824,2352.529511041273,3
1330,1331,0.002900237676891095,1,2358.853471946692,2368.053561132244,1
1337,1344,0.002883561338397851,7,2424.050805131464,2433.464755120585,7
1345,1346,-0.005351214323794335,1,2438.325096583053,2427.7154214967336,1
1348,1351,0.00029572628211241444,3,2416.6920397164445,2419.823411108077,3
1353,1354,-0.00027023834016270184,1,2420.1227688227764,2421.8888816315625,1
1355,1357,0.007167956294663983,2,2429.20424488461,2449.0458789876398,2
1360,1361,-0.006499198260585299,1,2472.321408414932,2458.725622826169,1
1363,1365,-0.0010964089828709577,2,2454.316128698694,2454.079510577082,2
1367,1371,-0.00016273851604366554,4,2465.8803619759583,2467.944948627085,4
1375,1379,-0.014346600609742351,4,2475.6241508269686,2442.5829840260485,4
1381,1382,-0.002520351727753359,1,2450.3874590868013,2446.6620082797135,1
1386,1387,-0.004982354282901527,1,2431.2991589590174,2421.616864340322,1
1392,1399,0.011691416595165424,7,2431.705109085633,2462.566891661631,7
1401,1402,-0.00027313055659339833,1,2462.054410436328,2463.8440025552786,1
1403,1404,-0.0034283976113740817,1,2463.458827456672,2457.476569924358,1
1410,1413,-0.005545408424257604,3,2457.411320158803,2446.241382042287,3
1414,1416,-0.00042907695830561067,2,2452.8526432117683,2454.253033303659,2
1418,1421,-0.0002678211253631375,3,2460.9413621516637,2462.7432114287512,3
1423,1424,0.0014593044929441918,1,2478.383603085257,2484.478703015564,1
1425,1429,0.002077952441776185,4,2487.8833197283807,2495.540906267193,4
1432,1433,0.00015802570265296837,1,2515.730355433733,2518.6436358462697,1
1438,1440,0.002694711044045127,2,2512.196498648167,2521.478338796534,2
1447,1450,-0.004669774433694817,3,2508.1478856561075,2498.943548669401,3
1457,1459,-0.016106596441272734,2,2477.344973883924,2439.9207231176442,2
1460,1461,-0.004584026039504177,1,2445.148827837978,2436.3853507685435,1
1462,1465,-0.010579147344545736,3,2429.306944708755,2406.0362555402617,3
1466,1467,-0.0007883561831003509,1,2412.842684138502,2413.3533473737516,1
1473,1475,-0.011210631620247477,2,2436.632470942439,2411.7529143877123,2
1477,1478,-0.008896255308291991,1,2399.5717033300466,2380.6240725299995,1
1483,1484,-0.0011045846818182592,1,2366.9321349633633,2366.6845901191427,1
1487,1490,0.00045949777596972414,3,2382.8172466662713,2386.294963138323,3
1493,1495,-0.011748285378068407,2,2390.8179634750068,2365.120769716565,2
1498,1501,-0.0018779241809510315,3,2408.0098309562723,2405.895780897708,3
1511,1514,-0.0027373256501716154,3,2426.896766362694,2422.6804563601736,3
1518,1526,0.007661259348741087,8,2427.594604661685,2448.6206311262645,8
1530,1531,-0.003307375576566447,1,2430.4832479009992,2424.8752102155386,1
1535,1537,0.00581510393021786,2,2437.0545452164006,2453.66332522566,2
1538,1539,0.0021055722145083863,1,2453.4601929589885,2461.0795907636443,1
1541,1543,-0.0023551191365778143,2,2482.509855542912,2479.145758930923,2
1548,1551,0.0017939648883892475,3,2475.21407037982,2482.1297315837082,3
1552,1553,-0.005215128246303164,1,2486.9277533120485,2476.4450338925476,1
1555,1556,-0.004770252829973946,1,2484.9520620184394,2475.583164474265,1
1558,1561,-0.004173243933102794,3,2477.9310213821977,2470.0679418019495,3
1565,1566,7.66708733854096e-06,1,2462.578213495758,2465.0596725114947,1
1569,1571,-0.00331998676735667,2,2467.1709698602876,2461.4471658574053,2
1574,1577,-0.0075015823234078,3,2442.0380406168165,2426.160929258853,3
1578,1583,-0.008756312285461462,5,2422.9514515632386,2404.158283452402,5
1588,1591,0.0011622143357474433,3,2405.8902265387637,2411.0922768768205,3
1600,1602,0.00047549420483600593,2,2355.5303725550157,2359.005943969036,2
1603,1605,-0.002877058729075471,2,2359.5080022436223,2355.0790671516875,2
1606,1612,0.005221934578041502,6,2356.2748062400697,2370.935393932383,6
1614,1615,0.0004419582655744189,1,2374.5809459859956,2378.0049926083357,1
1619,1620,-0.0005600868963618537,1,2390.30292798126,2391.3544535609435,1
1630,1633,-0.019725002203865024,3,2336.9848952529624,2293.2248479389514,3
1634,1637,-0.003817079020433765,3,2294.6767852551584,2288.2124994247397,3
1638,1640,-0.008509819068638253,2,2294.5649756186453,2277.333207810515,2
1641,1647,-0.06079203018101727,6,2277.6259219835124,2141.442044115207,6
1651,1655,0.005471509671127979,4,2164.0630870090845,2178.067842205595,4
1656,1659,-0.002274846927425527,3,2195.9323243014137,2193.1328467249436,3
1660,1663,-0.00594767409314694,3,2213.5123966648034,2202.5606587249654,3
1666,1671,-0.02220569418762912,5,2167.162962345559,2121.206767311303,5
1673,1675,-0.005904232173383931,2,2126.9530865847496,2116.5220148262424,2
1682,1689,0.018024520635249543,7,2095.3254797027607,2135.18804252893,7
1691,1696,0.008537045930160587,5,2134.2366546147286,2154.5909676156216,5
1699,1700,-0.002510002704674886,1,2165.678495593036,2162.4083152072344,1
1701,1702,-0.003395966395997084,1,2157.11375953845,2151.9453874582528,1
1707,1710,0.007798966611590129,3,2166.4891606370024,2185.5520264258193,3
1715,1720,-1.4372580410102918e-05,5,2218.966390317416,2221.1534644348612,5
1726,1733,0.008897738890405852,7,2232.9856411608607,2255.0871499830964,7
1736,1743,0.006505229756372104,7,2244.7320666367527,2261.5792965383575,7
1754,1757,0.0025161540474176016,3,2250.9351045050034,2258.849739083183,3
1758,1764,-0.012459288379031146,6,2264.5359823168183,2238.5860114507573,6
1769,1772,0.0035675042547383996,3,2215.6194808407427,2225.739332246364,3
1773,1779,-0.009515227132085701,6,2234.0658956203656,2215.0423170911117,6
1784,1785,-0.01266768205228588,1,2188.8856208425905,2163.3463993697787,1
1786,1790,-0.0177685695081676,4,2150.4296108964145,2114.369982493676,4
1792,1793,-0.00033993518345614717,1,2120.7780221857793,2122.1778731419236,1
1796,1802,0.0221527725241847,6,2119.939619930303,2169.0220997155557,6
1805,1806,0.0028358044092083824,1,2167.7635354360978,2176.0786523634447,1
1808,1819,-0.0035232287874502294,11,2189.9460903726435,2184.420355354451,11
1820,1822,-0.009908066263097114,2,2180.7533324284173,2161.327037239675,2
1823,1833,-0.010928618581488359,10,2157.526692258978,2136.1054326521585,10
1834,1837,-0.009759394869822666,3,2133.110969365213,2114.426208083393,3
1841,1843,-0.004252485927633394,2,2088.8022598380485,2082.0084598823164,2
1845,1846,0.007660665937029657,1,2101.6731450492434,2119.8750340673414,1
1848,1855,0.013923561476629247,7,2134.21674504853,2166.066859847713,7
1866,1867,0.004319472406291522,1,2188.8198221226376,2200.463188768763,1
1868,1873,-0.017199230758226394,5,2209.587211126036,2173.7935980125794,5
1880,1890,0.02619047461863928,10,2228.0879003024,2288.67066780367,10
1900,1902,-0.00024115130403319955,2,2331.1800359789213,2332.9490489092877,2
1903,1906,-0.00594127872376882,3,2331.990539540169,2320.467524303109,3
1908,1913,-0.012774111031003132,5,2330.9685750380904,2303.523492225813,5
1915,1916,-0.0011627137004077066,1,2311.82072213701,2311.4445572326317,1
1917,1919,-0.0008572452014879389,2,2314.2774379962398,2314.607812205602,2
1920,1921,-0.0001404000131135718,1,2320.0627625262177,2322.057088446461,1
1927,1929,0.00010147616763744741,2,2301.032499680049,2303.567032139406,2
1931,1935,0.0032128935389476154,4,2309.676123259609,2319.406542876351,4
1936,1938,-0.008832824154191243,2,2322.2238858429555,2304.034314498485,2
1939,1945,0.00021598423606302222,6,2296.3997532914836,2299.192139191185,6
1951,1952,-0.006023306812888438,1,2286.437790875937,2274.9523123437843,1
1957,1968,0.0594740530733353,11,2273.977885869572,2411.4945452272395,11
1972,1976,0.0012102241352436181,4,2431.3887042511074,2436.762618247402,4
1979,1981,-0.0044264710015764035,2,2425.400361278579,2417.089797273445,2
1983,1991,-0.00376513564051067,8,2415.4402116149354,2408.7611917982763,8
1993,1998,-0.010408400217148873,5,2399.9871910975266,2377.40715108765,5
675,676,-0.0019631143911363943,1,1987.310788091298,1985.3967804716267,1
682,683,-0.0016039872247710818,1,1992.0409591465566,1990.8377918560113,1
684,685,-0.0016831449510656517,1,1992.4840351451403,1991.122879736452,1
687,688,-0.0012939687862755908,1,1997.5967925583923,1997.0095614538159,1
690,692,-0.0018884157609292658,2,2015.5519964327116,2013.7613482721083,2
697,698,-0.0033268978724479803,1,2020.790661241477,2016.0884877511714,1
701,702,-0.002806649517154169,1,2024.1421029978255,2020.485187644793,1
703,711,-0.01420331620379138,8,2025.7481730485658,1999.001579370553,8
717,720,0.0013641783375209129,3,2001.1902159214837,2005.921386479224,3
722,723,-0.0013186506477271143,1,2025.793627966803,2025.1481075150898,1
724,726,0.0009062861625338109,2,2025.6796579374752,2029.5411830391276,2
729,730,-0.0016628088733391731,1,2044.2402751392715,2042.8853345456719,1
731,732,-0.0037780272447236244,1,2050.861288536111,2045.1639400014085,1
734,741,0.004180527767747183,7,2049.819438159949,2060.4385846782047,7
742,747,-0.0005654576517837952,5,2064.480736058794,2065.377840365688,5
748,749,-0.0009096732625096744,1,2066.857390437359,2067.044082922295,1
753,754,-0.002384653909936081,1,2063.0880002611134,2060.2313373950096,1
755,757,-0.0058246836147340724,2,2055.125916376523,2045.2105840415659,2
761,765,0.002424118043835906,4,2067.020642188166,2074.098364866064,4
766,767,-0.0033581696459999365,1,2082.2485460833427,2077.3382507665415,1
769,770,-0.0017092000298972254,1,2093.7426760361836,2092.2577936677417,1
773,775,-0.0046486183057762144,2,2087.275528598684,2079.65985689584,2
776,778,0.0001646285606853007,2,2080.8040972331105,2083.227461113939,2
784,786,-0.0026531773295778126,2,2078.851278814543,2075.414569008843,2
789,791,-0.005743418504650847,2,2079.3756141508366,2069.5122653845538,2
792,793,-0.0013789279103629101,1,2076.2857415228054,2075.498978905454,1
796,798,0.0009543746355785082,2,2071.2983056009016,2075.3463984720847,2
799,801,-0.00400526560665986,2,2076.308025451619,2070.0681683538974,2
802,804,-0.0009246793505880553,2,2072.5916330525297,2072.747742000297,2
807,812,-0.002262434858080895,5,2083.6699092215295,2081.039411695394,5
813,814,-0.002717773080152495,1,2091.1401778628738,2087.5480735585156,1
816,818,-0.0058088650051612055,2,2085.977636892955,2075.9464520333518,2
820,821,-0.002085913406858094,1,2082.09984113481,2079.8388610029047,1
822,825,-0.010727974696820311,3,2083.4309402167232,2063.1633767477224,3
827,828,-0.004803244831019127,1,2072.6814287787042,2064.7985138483523,1
835,840,0.0015377628639238567,5,2071.5672671291486,2076.824413609789,5
843,845,-0.0032629558670352935,2,2079.7315599447047,2075.0252192092694,2
847,849,-0.0008067250678155382,2,2077.939490112384,2078.341103726419,2
851,852,-0.0009080521777636504,1,2076.0253613326504,2076.2162473435324,1
856,859,-0.005060822042523661,3,2075.1238779558043,2066.6971691712342,3
864,865,-0.002635713625719633,1,2072.2266178003483,2068.8370484860334,1
867,868,-0.0007796349149600328,1,2072.318401940106,2072.7750685609794,1
874,875,0.006080671231336212,1,2099.4385079850817,2114.303941830531,1
882,883,0.0027480558381999176,1,2172.0235228708375,2180.164388316441,1
884,885,-0.0021806791917062763,1,2177.054271918955,2174.483869240885,1
886,887,-0.0031367187803915497,1,2170.2603666629325,2165.6231305791443,1
888,889,-0.003994488103144816,1,2174.5357899381374,2168.024168385305,1
893,894,-0.0032050216755545955,1,2168.978741994529,2164.196096854614,1
907,910,-0.002950667055444329,3,2166.9466075611244,2162.719616202848,3
911,912,0.0001567297436234755,1,2159.054238519303,2161.5516807750946,1
915,920,0.0013207686092051316,5,2149.703993323358,2154.692958870146,5
921,923,-0.0010992513146191988,2,2156.99288523332,2156.7788008538364,2
925,929,-0.00166216661266122,4,2157.5401092853413,2156.111458259495,4
930,934,-0.006736817190705713,4,2157.7911529927205,2145.412299612279,4
943,944,-0.002636572999284068,1,2131.2482428824337,2127.7602995533607,1
946,947,-0.007599220683138203,1,2116.3382658633273,2102.372082606725,1
953,958,0.007642922754784572,5,2115.5397766448878,2133.8242235191037,5
959,960,-0.00018673448115984464,1,2136.485618394949,2138.2231484798876,1
967,969,-4.627338600773185e-05,2,2146.9152535658186,2148.9628237811303,2
973,974,-0.0016562689627447494,1,2148.5867443962834,2147.1766936021713,1
975,981,-0.010382180743666803,6,2145.1207398077354,2124.994829309871,6
984,985,-0.0007333537220392016,1,2121.1033466916956,2121.668931004261,1
986,987,0.001433805200201897,1,2121.6914182291625,2126.8552018360724,1
988,989,0.0007277811828487275,1,2127.8894202910205,2131.5659475905823,1
994,995,-0.0005248107282139973,1,2141.426486794561,2142.444069687404,1
996,997,-0.0025812534356066423,1,2139.318986981275,2135.9361814832523,1
998,1001,0.0035388768898941313,3,2135.657760454048,2145.351248107696,3
1002,1004,-0.0011641555359270695,2,2145.8790483424614,2145.526790417246,2
1007,1008,-0.0036257750372952757,1,2149.9931835824955,2144.3477851506896,1
1011,1013,-0.005287142018186928,2,2143.6934663284333,2134.503147994824,2
1015,1016,0.0015451525828103032,1,2129.993514240927,2135.4146727350667,1
1017,1019,0.0028304195655056118,2,2136.7290325493072,2144.913601241768,2
1020,1024,0.0019703362709036433,4,2144.42457241988,2150.7942345075558,4
1026,1028,-0.001228913366766671,2,2140.591104200759,2140.101094284226,2
1029,1033,0.0009664874042263111,4,2142.8012707565845,2147.0150624652874,4
1036,1039,-0.005789054035832808,3,2157.1714782973118,2146.8406675231886,3
1040,1042,-0.0027505815660344097,2,2147.1409005437367,2143.3821552635663,2
1043,1051,-0.003938478833614539,8,2147.8035280943495,2141.4922528882817,8
1055,1059,-0.005094761093412794,4,2149.3919911175267,2140.5907444178056,4
1062,1063,-0.0013611692931288317,1,2146.44174913928,2145.6665202900012,1
1064,1071,0.002057892699837071,7,2144.88171942725,2151.4405375791007,7
1076,1078,-0.002380541242374884,2,2153.053191807019,2150.0808130787027,2
1080,1086,0.014038389999669509,6,2152.347432275078,2184.715272376418,6
1089,1101,-0.019554553397465976,12,2185.033984779997,2144.4916550341186,12
1103,1105,-0.0031955092888828,2,2153.009778424867,2148.2828254572796,2
1107,1110,-0.0045363085157107096,3,2160.6692993915267,2153.0285061484537,3
1111,1113,-0.0035303823093731203,2,2151.996603759615,2146.5512296236307,2
1114,1115,-0.0035820304772312024,1,2138.388445659455,2132.8670615206033,1
1117,1119,-0.005279808038835005,2,2134.7824806199633,2125.646021398242,2
1121,1123,-0.001560697925667538,2,2128.7812230655727,2127.5876198496,2
1124,1126,-0.0061839799392336605,2,2130.8389689069836,2119.7927424384325,2
1128,1130,0.0005809723412040153,2,2126.3544959968467,2129.7162036426125,2
1143,1144,-0.0021691943684054764,1,2146.2018580507342,2143.69253092484,1
1149,1155,0.005196323742779728,6,2145.2833326350315,2158.5762026840275,6
1157,1160,-0.001356143989306902,3,2161.8614917328796,2161.091557756885,3
1161,1162,0.0006009869015674862,1,2163.723690867452,2167.1877841551423,1
1163,1165,-0.0035492421280683144,2,2170.3828401839373,2164.850008813704,2
1166,1167,-0.005150799806365918,1,2169.6096213710825,2160.604006174806,1
1169,1174,-0.0024645902445602145,5,2167.5564939426986,2164.381911847137,5
1176,1179,-0.006161196968117149,3,2176.8998254413536,2165.664416662391,3
1180,1187,0.0237255110142863,7,2157.757732601454,2211.1093951850526,7
1191,1192,0.001849442267459475,1,2209.5520210284308,2215.8480119492997,1
1196,1199,0.0029858183639033904,3,2219.2951955014983,2228.1409030466507,3
1200,1211,0.013891901318140224,11,2223.7905676342184,2256.907037319638,11
1216,1219,-0.002675619252045727,3,2286.434945331602,2282.6037509186544,3
1220,1231,0.0020238692230983833,11,2288.947243490315,2295.8687206132013,11
1232,1236,-0.002533990260090383,4,2295.1284407063954,2291.6077360326954,4
1237,1240,-0.008583460393991268,3,2292.5754041764308,2275.1897493986203,3
1242,1246,0.004959244758906154,4,2282.8903616711455,2296.4946640940916,4
1248,1253,-0.0040113789400911416,5,2297.597480642554,2290.6785439765404,5
1256,1257,-0.0014832681796018358,1,2292.2666427121967,2291.158863184611,1
1259,1260,0.005152048139413446,1,2302.5864169549495,2316.752039437216,1
1262,1267,0.010876138679368041,5,2337.6495016852828,2365.4117513510528,5
1268,1272,0.00184760012847932,4,2377.901957851109,2384.673271771797,4
1273,1274,-0.0007977878692580468,1,2384.070724737375,2384.5528127584635,1
1275,1276,-0.0024779731688307307,1,2387.5314742537075,2384.0027667950217,1
1282,1284,-0.012420046239028183,2,2370.326215859868,2343.256980873168,2
1286,1293,0.01537404557614,7,2340.395194234534,2378.716931811109,7
1294,1295,-0.0009845076068486244,1,2384.736258122609,2384.773203394282,1
1296,1298,-0.0031216505218951297,2,2385.9021051860914,2380.8400547394326,2
1300,1301,-0.004926565537977261,1,2378.286209981247,2368.947713309688,1
1306,1309,0.0032726701989933046,3,2333.4067308738076,2343.3766082749426,3
1310,1313,0.006204535412726061,3,2348.498001464717,2365.417838482986,3
1315,1317,-0.008507669691170432,2,2374.142707540545,2356.3184282926295,2
1321,1325,-0.005925812449954398,4,2345.9353166933265,2334.379679303571,4
1326,1328,0.0016643197639299753,2,2336.7343479589154,2342.9601554652363,2
1330,1333,0.013723281882068224,3,2360.361954243144,2395.114228639175,3
1334,1335,0.0033700423701074423,1,2411.3542217059103,2421.8919418241026,1
1336,1338,-0.00036686406328816155,2,2426.200263927062,2427.736378503814,2
1345,1346,-0.005939030569628035,1,2436.7184734901275,2424.6834464599824,1
1347,1348,-0.0043780779747176245,1,2423.9719095115993,2415.783543392744,1
1349,1350,-0.002165848324244996,1,2421.7016656892697,2418.8783288605046,1
1353,1354,0.0011309239903997026,1,2417.805543657615,2422.9577034947165,1
1358,1360,0.0015221951699379223,2,2465.956228465926,2472.175851354641,2
1366,1370,0.00031806606844952674,4,2464.6122675322094,2467.860789333928,4
1371,1372,-2.7086640644864365e-05,1,2471.001209201898,2473.405279289313,1
1374,1376,-0.0046405554538683485,2,2474.569085047818,2465.5602790692733,2
1379,1381,-0.00012096730061258347,2,2441.521986820312,2443.6681644830005,2
1383,1388,-0.014705274736300667,5,2447.0779684341437,2413.5400925756053,5
1389,1392,0.0020675534409143772,3,2430.59095493815,2438.046922585426,3
1393,1394,-0.002601214940284615,1,2441.2887870588943,2437.3797589795063,1
1395,1398,0.005576677063356356,3,2442.0403911902235,2458.100902218754,3
1399,1407,-0.0018536798047371868,8,2466.8762999205496,2464.7703774425227,8
1408,1410,-0.006706756673571406,2,2473.08947787106,2458.97615798888,2
1411,1413,-0.004907208276293525,2,2451.3595566575523,2441.7815843096087,2
1414,1415,0.0012849461180843842,1,2448.968335657565,2454.5640963494375,1
1421,1424,0.0016624322038146988,3,2471.1393141063268,2477.718554996316,3
1425,1431,0.004161689714247328,6,2490.6680784928144,2503.524134295175,6
1432,1434,0.004295435291930044,2,2516.5018250219937,2529.8277975984215,2
1436,1444,-0.0011358966805342654,8,2524.4537518789575,2524.110686993915,8
1447,1450,-0.005497309167894663,3,2508.5300564561785,2497.248421235339,3
1453,1458,-0.018881557155630165,5,2499.126351083118,2454.438080397084,5
1462,1464,-0.006434247835148237,2,2426.839285345481,2413.6512392128398,2
1466,1474,0.007343409058176711,8,2409.41226263884,2429.5149747358228,8
1477,1480,-0.002993595836986986,3,2395.6424609935384,2390.8665181563924,3
1483,1484,0.0002220671706064856,1,2364.9909286397747,2367.8811064124475,1
1489,1490,5.1359524684796e-06,1,2385.3152197859317,2387.712785871309,1
1491,1495,-0.008175909770606867,4,2383.578361419736,2366.474018167017,4
1497,1499,0.0029555490292740728,2,2396.0864657551538,2405.5643032488283,2
1505,1506,0.001916450805308206,1,2410.408681775763,2417.4385201168498,1
1508,1509,-0.002035425039297484,1,2428.136704079591,2425.6225505373495,1
1516,1517,-0.0012978761624103784,1,2421.9354849460265,2421.214048098165,1
1519,1523,0.006928920920259376,4,2432.6805794176316,2451.969111356085,4
1524,1525,-0.004462800930734675,1,2450.3093715188447,2441.8244379465614,1
1526,1533,-0.012199839049233635,7,2453.7214306827564,2426.240145587454,7
1544,1546,0.0009770654794065622,2,2481.2600774720922,2486.165691116692,2
1547,1551,-0.0005814275377597376,4,2477.7055718469874,2478.742671168902,4
1555,1560,-0.0026982922745123145,5,2478.0698465389114,2473.8613596628325,5
1562,1564,-0.004442449674181045,2,2468.687159772876,2460.188828464061,2
1567,1572,-0.003807433693898655,5,2466.3848198501973,2459.4606080048297,5
1580,1583,-0.004007125512906367,3,2415.6392039058414,2408.3750736257994,3
1584,1585,0.0007371326351356504,1,2402.920078837325,2407.094269725896,1
1588,1591,0.0006503394001488555,3,2399.784930745016,2403.745390368108,3
1597,1600,-0.005611303802073245,3,2366.3430894367966,2355.431162551467,3
1608,1612,0.009104498972328234,4,2350.8597109035964,2374.6139704365096,4
1624,1626,-0.007681212649584478,2,2387.121307136748,2371.172442063413,2
1631,1638,-0.015703895626401877,7,2327.4084377405884,2293.1864669920437,7
1647,1653,0.009394587990584895,6,2145.4927396785297,2167.794252744279,6
1656,1657,0.00094918596089268,1,2191.5255397711244,2195.797230586184,1
1658,1662,0.01014574810203343,4,2190.35186588094,2214.7649760328677,4
1666,1672,-0.018099144357130528,6,2166.4476544318964,2129.4032532465985,6
1673,1675,-0.004805915606174169,2,2126.0587579000285,2117.9671576936935,2
1676,1677,-0.008265831342266876,1,2110.0067580946697,2094.6758048593106,1
1679,1680,0.001186601063736316,1,2066.8522693458217,2071.371650716559,1
1683,1688,0.009755425902029852,5,2105.928317705399,2128.5784736814658,5
1692,1693,0.0006353270621975429,1,2133.3722670124466,2136.861028414434,1
1697,1698,-0.0002672499853966435,1,2168.2619774409386,2169.8507714365724,1
1701,1703,-0.0059818708203575165,2,2158.1875259419794,2147.4357144816295,2
1707,1711,0.009269221140222536,4,2168.7987708072665,2191.070644993329,4
1712,1719,0.009360966692992214,7,2199.8116307737223,2222.6038058110257,7
1722,1723,-0.0015418226387051192,1,2240.4715936403395,2239.2576554095294,1
1728,1733,0.017087104081701554,5,2217.2217656658113,2257.324886513623,5
1734,1736,-0.005582288696833269,2,2254.041044881103,2243.712378078946,2
1738,1739,-0.001680232521636476,1,2248.2755239188255,2246.7461737898566,1
1740,1742,0.0045399467468605565,2,2250.388396844089,2262.8554287223583,2
1746,1748,-0.0034706969644526103,2,2258.6749196263213,2253.0944183587153,2
1753,1755,0.003955580275642015,2,2246.8654541920746,2257.9999763188903,2
1756,1763,-0.007714736337011247,7,2257.192919954693,2242.0364646354287,7
1764,1765,4.55246636037669e-05,1,2235.568500588013,2237.9058425925537,1
1769,1773,0.0049773648667359414,4,2215.583564044509,2228.826915399546,4
1776,1778,-0.006731214940113808,2,2239.974699961332,2227.136923495437,2
1781,1782,-0.0014922615817275543,1,2214.0579366063857,2212.9680409444754,1
1790,1791,-0.004919663169406242,1,2113.2554618443705,2104.9722122430326,1
1792,1794,-0.0003163738994813927,2,2118.8864541416456,2120.334980225732,2
1796,1797,-0.0006200920689400907,1,2128.6551573496868,2129.4638503264555,1
1802,1804,0.0008194232733136615,2,2165.7446771334025,2169.6850834030342,2
1806,1813,0.004706094362110644,7,2177.0400871142397,2189.462483281411,7
1826,1829,0.006820766679593142,3,2098.8282732693815,2115.2427194951547,3
1837,1844,-0.015045660319815,7,2115.5197012057993,2085.805830082786,7
1845,1847,0.011597002875945964,2,2101.0744513968375,2127.54169230366,2
1848,1852,0.005579109773296113,4,2133.9776279752646,2148.017301043472,4
1853,1855,0.007311776187338261,2,2148.920905751121,2166.7822553640167,2
1857,1859,-0.0018583240039190118,2,2181.48100427638,2179.6085867663164,2
1860,1862,-0.006329561083610511,2,2186.8659243204306,2175.2108887950985,2
1863,1867,0.006779301524190342,4,2177.8806556656855,2194.82304596981,4
1868,1870,-0.0006653335118141665,2,2210.14189332379,2210.881553749621,2
1873,1875,-0.009619597682505955,2,2177.6996446646494,2158.928749854304,2
1877,1878,0.0029283559629005177,1,2186.8324062813676,2195.423062404447,1
1879,1882,0.01665664951657164,3,2214.548175327017,2253.6496762963293,3
1883,1884,-0.0011503613602382532,1,2260.5396221969872,2260.1997243845212,1
1886,1887,0.0010892636672981534,1,2282.8291572414632,2287.5985892583367,1
1893,1894,-0.003472222667856517,1,2319.1545208809403,2313.4210545041565,1
1895,1896,-0.0038902642291195316,1,2322.3154917218603,2315.6033863274065,1
1898,1903,0.0015718378012006375,5,2321.2244492100417,2327.194261993591,5
1905,1906,-0.0017218675287135714,1,2323.0526340124716,2321.3756977484854,1
1910,1915,-0.014369684335842747,5,2342.385555908827,2311.0686004334884,5
1917,1920,-0.001249370672727498,3,2314.725271159404,2314.148046561356,3
1923,1928,-0.007330147979767733,5,2315.0858606104757,2300.4310245269435,5
1930,1932,-0.003434754640759572,2,2308.0771858451917,2302.457584205724,2
1933,1937,0.0023925561533517502,4,2308.6313413755915,2316.463502838596,4
1944,1945,-0.002545428682030924,1,2298.3757133250247,2294.823737575569,1
1951,1953,-0.0089276013919675,2,2283.82496692579,2265.719712938979,2
1961,1962,0.0005473858459589436,1,2361.3205944579504,2364.974468523586,1
1964,1971,0.016685204667070668,7,2380.900908704119,2423.007628566566,7
1975,1977,-0.009331102227984802,2,2444.2934865521797,2423.929827640516,2
1978,1979,-0.003627333264046509,1,2429.4570116428295,2423.074018422569,1
1985,1986,0.0007614895454882669,1,2415.1962603392517,2419.4506033021416,1
1987,1989,-0.0020176246634790516,2,2428.7159213427744,2426.244400120632,2
1997,1999,-0.006706317875913372,2,2383.067323275623,2369.4687836093103,2
674,676,0.0001616031176196965,2,1983.026876199178,1985.3303664008947,2
680,684,-0.002117106297310013,4,1991.5660716604457,1989.3412806602848,4
686,687,-0.0004900531172110572,1,1997.5286265596087,1998.5472600560045,1
691,696,-0.00254027012551536,5,2017.7744110772185,2014.6664934318069,5
700,701,-0.0019516264422102816,1,2023.967270158417,2022.041209385966,1
707,718,-0.01065016680356674,11,2019.0131561680635,1999.529342432446,11
721,723,0.005879784136525612,2,2013.3760869372272,2027.227679800998,2
724,728,0.001994621824473918,4,2027.3814975551431,2033.4527384342564,4
734,737,0.007629084253353949,3,2050.1937252028633,2067.8850195933364,3
738,739,-0.0041420079110936914,1,2073.1192015545043,2066.60544462258,1
740,744,-0.004244378802077283,4,2068.6078139880583,2061.896466646544,4
746,762,0.0015561602431205762,16,2066.6403727245815,2071.923036682168,16
763,764,-0.001765696396070763,1,2076.0026985052923,2074.4131107208136,1
765,766,0.0015197794324645518,1,2079.2928199330095,2084.532179214748,1
767,768,-0.002124932812804462,1,2088.096769188385,2085.747800616414,1
769,770,-0.00026276362219371154,1,2089.96083144004,2091.5016265931677,1
772,773,-0.00587788166083466,1,2093.2122471771095,2083.0018055443697,1
774,779,-0.006047325776179838,5,2086.3192699630363,2075.788936934411,5
782,786,-0.0021952085412446313,4,2076.4935281950497,2074.011685394312,4
788,790,-6.6964863857668e-05,2,2072.9168792133723,2074.850983495981,2
792,797,-0.0019502392293754495,5,2076.5109897438015,2074.5378075411177,5
798,802,-0.004254954446534705,4,2076.5516906658913,2069.792609506899,4
804,806,0.00031272364868369725,2,2074.62597173991,2077.349382315186,2
811,812,-0.00679566886657778,1,2093.107553547616,2080.9765952651214,1
814,818,-0.006257215811810426,4,2087.863536046478,2076.8871868518722,4
821,822,-0.0005669969067902557,1,2075.9896294167465,2076.8885393477553,1
830,833,-0.0031870198186921203,3,2062.9470789730817,2058.4353728264546,3
836,837,-0.003580711169538801,1,2076.651953066254,2071.2927141757314,1
839,840,0.00040249190367628055,1,2074.644856337135,2077.5545289511515,1
844,846,-0.002284232476081818,2,2077.6154881879484,2074.947346905207,2
851,853,-0.0006712260373776941,2,2074.919977418952,2075.602157082052,2
858,860,-0.0029162449556711934,2,2068.8466174413047,2064.8822005465754,2
862,865,-0.00016283028369398886,3,2068.124958270583,2069.856329855184,3
866,867,4.16565873624028e-05,1,2063.9479910497143,2066.0979160705647,1
869,870,0.0011868683836650335,1,2075.481926272549,2080.0207320779828,1
875,877,0.004539900005167075,2,2116.7996497252575,2128.526508115708,2
879,881,0.009289099045136005,2,2149.137115461067,2171.249800103624,2
883,887,-0.006500517674450173,4,2181.4774444313043,2169.4781891917955,4
889,891,-0.0008328339117034511,2,2172.1516188999735,2172.514728989292,2
893,895,-0.0033154783099414347,2,2170.297901365178,2165.2726236484555,2
898,906,-0.002819245554340595,8,2171.441662884375,2167.4912772926627,8
907,909,-0.0033796964869477492,2,2164.4800365588926,2159.329231019825,2
910,911,-0.0035725000882556096,1,2167.6436012825193,2162.0673379269133,1
914,921,-0.0011404260906522203,7,2151.108399739361,2150.8063279962166,7
922,926,-0.0014796097177356203,4,2157.2453821635454,2156.2107463147195,4
927,930,-0.003785339864588609,3,2161.003377320042,2154.984248465682,3
932,937,-0.008442949332787511,5,2149.820472199525,2133.8194673503544,5
942,944,-0.003434570812386611,2,2133.8165377577075,2128.6216102958947,2
948,953,0.007851551685277514,5,2103.1424810149533,2121.75855538716,5
955,958,0.00645773989774757,3,2119.135942616592,2134.9399072845945,3
960,962,-0.0022058105799180536,2,2140.358140284946,2137.7772737945766,2
966,969,-0.0012820006560438522,3,2146.625085939838,2146.0197362573226,3
973,982,-0.013640288986469858,9,2149.005892175777,2121.8418366650485,9
984,988,0.0013273089659185033,4,2120.8315289475245,2125.7673591800467,4
990,993,0.0024918438698630185,3,2130.824195102407,2138.264700505831,3
996,1000,0.0032287169008305763,4,2139.3444738712824,2148.3911560046404,4
1002,1004,-0.00039173074338919847,2,2143.3936235939395,2144.6973840399874,2
1009,1013,-0.006090886940598154,4,2143.798527077198,2132.884691152427,4
1017,1019,-0.0015317670122382537,2,2136.9580417432126,2135.8216779500763,2
1021,1023,-0.0031259201431181067,2,2153.154153610542,2148.576719824143,2
1024,1028,-0.006374767992123841,4,2150.5011365594605,2138.942691883655,4
1029,1032,0.0023272390431802216,3,2142.586461276378,2149.715358603726,3
1037,1042,-0.006754135472614347,5,2155.325204323039,2142.923171109824,5
1043,1044,-0.0030054059319783934,1,2145.7342820673734,2141.431213809666,1
1045,1063,0.0018085294548027728,18,2137.662082561505,2143.665769484794,18
1066,1067,-0.001928547066693517,1,2138.882323133692,2136.8962702265435,1
1068,1070,0.004132352622226307,2,2140.381150382764,2151.366341192495,2
1073,1084,0.008809153247808885,11,2159.6162076931046,2180.800214030818,11
1085,1090,-0.0035099900249572664,5,2187.274329476554,2181.784292727723,5
1095,1097,-0.0057690584127709985,2,2150.347641985655,2140.092508473261,2
1098,1107,0.007938650665207901,9,2135.5917798822024,2154.681088766059,9
1110,1113,-0.006697099636530656,3,2158.7964025351484,2146.4975243349218,3
1115,1123,-0.00175735876776801,8,2131.911954745005,2130.2973325339694,8
1126,1133,0.00630497245771905,7,2124.484547915006,2140.0038490243746,7
1134,1137,0.0020324703142726597,3,2138.289846217116,2144.77414669908,3
1138,1139,-0.0028617625329136116,1,2147.146171098251,2143.1486948042116,1
1140,1144,-0.003193363510120145,4,2148.606839390073,2143.8941635509605,4
1146,1149,-0.0015072947142595518,3,2143.600978992642,2142.5135415465174,3
1153,1155,-0.0021904594968436713,2,2158.023366456606,2155.454327045597,2
1160,1162,-0.0019723413855324457,2,2164.9487468494804,2162.843677585362,2
1164,1165,-0.004686419855116695,1,2171.8281026207637,2163.821832381362,1
1167,1168,-0.0036693994298349778,1,2170.077978983767,2164.2851740639703,1
1169,1172,-0.0009288872590347686,3,2166.917605226223,2167.0717006765763,3
1178,1179,-0.005510688344763938,1,2173.660554775857,2163.855849445956,1
1181,1183,0.0015156360954304924,2,2163.014516716249,2168.4558741094406,2
1185,1187,0.008265804870302335,2,2193.342661243203,2213.6657463559923,2
1188,1191,-0.0036719113994609824,3,2213.067833388736,2207.154712216924,3
1194,1195,-0.0031650153483437694,1,2217.996467206437,2213.194470812363,1
1196,1197,-0.0013971820443448924,1,2215.45857952617,2214.5786391583924,1
1198,1199,-0.0014004227777329188,1,2223.950567864452,2223.060047400527,1
1200,1202,-0.0007246976874535037,2,2223.7029821654137,2224.3151727388204,2
1204,1206,-0.0013765087992470657,2,2227.569720484853,2226.731020884154,2
1209,1210,0.001965553738640488,1,2244.3536448579684,2251.0093962003084,1
1214,1220,0.0051732826383985514,6,2269.178075947068,2283.1863535667467,6
1223,1226,-0.004564810674241627,3,2303.2638265702544,2295.053127095702,3
1227,1228,6.932576205875276e-05,1,2278.05417892377,2280.490160944659,1
1230,1231,0.0005432062331323403,1,2287.665372936589,2291.1957123994257,1
1232,1234,-0.003612061797877926,2,2299.1131883075223,2293.107762579347,2
1236,1241,-0.008634523212136421,5,2293.8811967771976,2276.368507534519,5
1246,1259,0.0009430285613299331,13,2296.0076189886186,2300.4688273693446,13
1263,1265,0.0032381883102432715,2,2342.394010511173,2352.321517424505,2
1275,1276,-0.005208685046197343,1,2390.500387053458,2380.439523821537,1
1277,1278,-0.002136856331402491,1,2382.433976397484,2379.725491247268,1
1279,1280,-0.00037622723619589534,1,2377.827911838612,2379.3111361270303,1
1282,1284,-0.010877092449547831,2,2367.2479728301983,2343.8664457515497,2
1286,1291,0.008548884660538401,5,2338.2180659417704,2360.5454405646356,5
1293,1294,0.0017816774588530334,1,2381.4102495915245,2388.034564803095,1
1295,1298,-0.005264337986696465,3,2388.328698336118,2378.144057543086,3
1299,1300,-9.654050970778238e-05,1,2368.078514674048,2370.2179776818875,1
1301,1305,-0.01919266280881095,4,2370.9172486898533,2327.783950636845,4
1307,1309,0.002220897450053967,2,2334.2600964412886,2341.778508833679,2
1310,1312,0.003950693760028495,2,2349.0761043945563,2360.7056608064145,2
1321,1325,-0.0028871022036842365,4,2338.9226115466163,2334.5088255321198,4
1329,1330,0.0015965743889803144,1,2354.6357093663005,2360.7496961446195,1
1332,1338,0.01473571422477725,6,2389.0323635452896,2426.6254940917825,6
1342,1343,0.00043612614947191293,1,2434.112501295567,2437.6081939094342,1
1344,1349,-0.007916631322416816,5,2437.586926522243,2420.7270364351457,5
1353,1354,0.0017250528592424384,1,2415.320837631094,2421.9027145856685,1
1358,1360,-0.00039457983922178055,2,2469.888646146412,2471.3839665276664,2
1362,1367,0.001124157681986673,5,2460.4501633841387,2465.6765474998365,5
1368,1369,-0.002452384742743106,1,2472.6932832419425,2469.1019812438785,1
1370,1372,-0.0016244416622648154,2,2469.679920481212,2468.1377494464045,2
1375,1378,-0.00683613226367481,3,2467.3609492605365,2452.9611044184257,3
1379,1380,-0.0010252718522753754,1,2443.8427528441443,2443.78099241111,1
1381,1382,-0.0007029335275867122,1,2445.405473713965,2446.1319216916613,1
1394,1395,0.0007927499671090256,1,2439.489136418573,2443.86253048765,1
1397,1401,0.0008495253476610795,4,2452.3025297038453,2456.838125392666,4
1402,1403,-0.005790139824249641,1,2470.538226181195,2458.7040026366335,1
1404,1405,-0.003104610095405405,1,2460.6507623931025,2455.472051957303,1
1409,1411,-0.007161375635760158,2,2465.3977488529636,2450.207507230723,2
1413,1418,0.0009494310649202622,5,2454.158885485971,2458.9430990555875,5
1419,1420,-0.002368723511785456,1,2465.8821835530994,2462.5070726311774,1
1421,1422,-0.00016205285862382394,1,2468.433129528398,2470.5015460129644,1
1430,1434,0.010897585693459229,4,2498.7555502068835,2528.484708492477,4
1439,1440,-2.3410106576625964e-05,1,2518.518126395125,2520.977685743766,1
1446,1447,-0.003277743563440414,1,2509.051770034343,2503.3367935148085,1
1451,1452,-0.0019153946262395489,1,2498.003270534411,2495.716611764235,1
1454,1455,-0.0023022339432462804,1,2496.317976974579,2493.0671869718267,1
1459,1461,-0.003893199264098437,2,2440.686941504573,2433.6255478415173,2
1462,1463,-0.006496259153456582,1,2431.2173210763913,2417.854720621383,1
1472,1482,-0.028338779587001026,10,2437.9468584696183,2371.296366661096,10
1485,1489,0.0032997191058527445,4,2372.4634073722555,2382.6643336128705,4
1490,1494,-0.006626025116147859,4,2382.9590093583324,2369.5524221209316,4
1495,1496,0.0027105171151340013,1,2372.4231586195124,2381.2260753539103,1
1498,1501,0.00020141682785837262,3,2403.968842194053,2406.8570108147123,3
1505,1506,0.0010325335208804828,1,2414.2981352317006,2419.2052771209583,1
1507,1508,-0.0013843599788596625,1,2426.0929886502636,2425.1604956004344,1
1511,1514,-0.001026864366112888,3,2425.4338484235227,2425.368690680636,3
1517,1520,0.0033158114939349755,3,2422.6765733420484,2433.132388743365,3
1521,1526,0.0014841318820320109,5,2441.6356422261742,2447.700987169334,5
1529,1531,-0.0061491741907008365,2,2435.5138529049495,2422.972967832477,2
1541,1547,0.0021884364442900273,6,2475.7998508952282,2483.6937813685904,6
1548,1554,-0.001160059801189636,6,2480.1835563065138,2479.7865786195775,6
1555,1556,-0.0035169631146339795,1,2482.655813747088,2476.407060637555,1
1558,1560,-0.002907999091720726,2,2478.2459045339606,2473.517413599049,2
1562,1569,-0.003170232243194905,7,2469.550208020629,2464.1907105329938,7
1570,1571,-0.002333466615659057,1,2467.2780922338534,2463.9880592663126,1
1572,1575,-0.010958364119246503,3,2457.441335715504,2432.9692400927615,3
1578,1582,-0.007744411617685845,4,2425.3692512428374,2409.011562687577,4
1583,1586,0.0018580573170914878,3,2406.4804190713276,2413.3582780414918,3
1589,1593,-0.0009449969741950004,4,2399.4426735870707,2399.5746501943636,4
1596,1602,-0.008381688825770273,6,2373.016924121219,2355.5000516090695,6
1623,1624,-0.00011503447669111591,1,2386.4048513088924,2388.516737326958,1
1625,1626,-0.005525846477901616,1,2383.005512111424,2372.2203950076146,1
1628,1629,-0.005572789595528275,1,2363.3792762624507,2352.5720400976707,1
1632,1633,-0.013506486984246318,1,2317.375665619779,2288.393437020096,1
1635,1637,-0.0005842915713104154,2,2286.8503981197787,2287.801061105429,2
1643,1645,-0.04164213566299318,2,2240.7709557044036,2149.7012385329704,2
1651,1652,0.001884958715360994,1,2162.914768534477,2169.1546883465435,1
1655,1656,0.0011130437039282327,1,2186.5718472388207,2191.1921691138155,1
1658,1660,0.00791922605534353,2,2189.2701662108734,2208.7967617195277,2
1662,1670,-0.046954728138812435,8,2215.306185708616,2113.502392200147,8
1673,1677,-0.01642388801376128,4,2125.129909819228,2092.3521440754816,4
1678,1681,0.0059523192598314924,3,2071.060489862409,2085.4591635943557,3
1684,1685,-0.0028100323976559816,1,2116.2199465910717,2112.389519927176,1
1686,1687,0.0006783468338011755,1,2113.9937842652844,2117.5417990397814,1
1689,1693,-0.0006236250118556522,4,2139.111291576438,2139.9163995634444,4
1695,1696,0.006833105376554843,1,2143.91375998984,2160.7072623900863,1
1700,1703,-0.009637881315670345,3,2165.880126607989,2147.17151113038,3
1708,1709,0.003197570534393882,1,2176.856977305295,2185.9944880108214,1
1713,1714,0.0009238723525148941,1,2205.0054920560383,2209.2476411593484,1
1715,1718,-0.005230530883864564,3,2218.8588848264394,2209.471933787244,3
1723,1726,-0.0019971779334507353,3,2237.034882736705,2234.8041609152806,3
1727,1730,0.0054334952639183325,3,2232.3241688214275,2246.6858157890706,3
1731,1736,-0.005754728315253501,5,2253.8130588966515,2243.0967901282274,5
1737,1739,-0.0011127586766510888,2,2250.0849861460265,2249.831269540636,2
1743,1746,-0.003270503728717715,3,2262.2172884176,2257.080915629078,3
1747,1751,-0.007747892444951221,4,2258.4888036573725,2243.248764122166,4
1755,1757,-0.002511669121356017,2,2263.169084180186,2259.7479213592233,2
1760,1761,-0.005536243787622986,1,2262.5672565520945,2252.303699890481,1
1765,1768,-0.012206596814177358,3,2240.770648565784,2215.6592353542646,3
1769,1770,-0.0004522953152377397,1,2217.1362444722176,2218.3505803800713,1
1771,1774,0.006891992246307666,3,2220.0546580759587,2237.5753122238734,3
1775,1779,-0.010463635213357279,4,2243.8460112638973,2222.611071138349,4
1780,1781,-0.001028244605672388,1,2212.052590006341,2211.9901114532095,1
1783,1789,-0.034888880895567,6,2206.7308207799906,2131.9471828260007,6
1794,1796,-0.0020167903353527604,2,2124.00133657784,2121.8416725465313,2
1797,1798,0.0007119811433623901,1,2131.216865992784,2134.8654690797794,1
1804,1808,0.005160841666214389,4,2171.958476843139,2185.339569124562,4
1810,1814,-0.0011796394863428678,4,2202.2835193559317,2201.8879022757333,4
1816,1820,-0.008214929619719398,4,2196.263757741503,2180.4178693030576,4
1825,1829,-0.004464017960686193,4,2120.518251477669,2113.1727381685873,4
1833,1836,-0.007316760752041932,3,2132.3230872045247,2118.8537124165982,3
1837,1838,-0.002911591373076147,1,2115.5466136758737,2111.5025530198304,1
1843,1845,0.006802805234587005,2,2079.270131792853,2095.494271661327,2
1848,1849,-0.00015535457814823623,1,2136.3654459169416,2138.1699172102376,1
1851,1852,-0.0013813574852538214,1,2147.374507783619,2146.5555904414323,1
1853,1858,0.012042872362358473,5,2149.1102293434105,2177.1407997573756,5
1863,1864,-0.003013193590979242,1,2178.9905334292544,2174.60380365255,1
1870,1872,-0.012677818134143627,2,2212.9077656288255,2187.065831194178,2
1874,1877,0.00788928993995099,3,2165.8995772308317,2185.152886553654,3
1882,1885,0.006823377846377244,3,2253.349642851304,2270.978448527329,3
1897,1908,0.003504674455647113,11,2314.3537513098336,2324.77916153469,11
1909,1910,0.002742245725322254,1,2331.0951299572625,2339.8186607426646,1
1911,1912,-0.0092519980104127,1,2340.4217912944023,2321.1086353291143,1
1919,1921,0.0005911042166481366,2,2316.5944100639886,2320.280353198105,2
1923,1928,-0.006476106773530775,5,2318.4640152239344,2305.7678587259793,5
1932,1933,0.0015547590129508723,1,2303.1190635289713,2309.002977714421,1
1934,1937,-0.0008309197649241778,3,2312.0341742576607,2312.4250935393475,3
1942,1943,-0.0015205657618654693,1,2292.1324594158923,2290.93925373586,1
1946,1960,0.017749310562838076,14,2307.159773491961,2350.417428603249,14
1964,1968,0.014024325853013955,4,2378.1885718851827,2413.9192519290996,4
1976,1978,-0.004420470281763492,2,2435.066287457075,2426.7372155867038,2
1981,1984,-0.0034899536713053152,3,2421.7956559726686,2415.765496987928,3
1988,1990,-0.008703143341534537,2,2430.6126312962333,2411.889273789614,2
1999,2000,-0.003447163916708563,1,2378.857713123573,2373.036258365033,1
675,676,-0.00022053455261722193,1,1984.329362068578,1985.8760782425375,1
678,688,0.0028144668042424797,10,1992.2115898103007,1999.8108147866592,10
689,692,0.000919751787973215,3,2011.4251867385162,2015.2866238371319,3
693,703,0.0047987580480905335,10,2014.3195768348262,2026.0001286924235,10
704,711,-0.01545576069678805,7,2030.0633202169804,2000.7172106605967,7
713,714,-0.001831336548856565,1,1998.7130341386055,1997.05143094265,1
715,717,-0.002910711799702006,2,1998.8423966686016,1995.0231849155423,2
719,721,0.004689195657979995,2,2002.3856802659661,2013.7776441837366,2
722,724,-0.0007210992274579085,2,2024.6065484361338,2025.1712127665865,2
725,727,0.0010971465493393338,2,2029.6712204658297,2033.927738462123,2
728,736,0.010781515334454463,8,2040.7586180139392,2064.8018469659905,8
737,738,-0.0003325583053904632,1,2067.54801299146,2068.9279807409375,1
739,740,-0.0037959145767488926,1,2067.7114982201088,2061.930353501724,1
741,745,0.0012133490896887675,4,2062.4532807678,2067.018209859313,4
747,748,-0.004327599262000306,1,2068.839701586789,2061.955432122592,1
749,751,-0.003793079150277552,2,2067.7782411842736,2062.0027728914242,2
752,758,-0.0066193524187608075,6,2063.481546414613,2051.8861163957,6
759,763,0.0068921096340836254,4,2056.034516085268,2072.260965897673,4
767,769,0.0018553588257979752,2,2083.2731988110577,2089.221691325831,2
770,771,-0.0012349508745388223,1,2090.461233181551,2089.9700774866255,1
772,779,-0.009195608964953653,7,2091.0201714475716,2073.882987784557,7
781,784,-2.1115933544328365e-05,3,2074.856141886582,2076.8871855040625,3
787,789,-0.0026872627447797138,2,2077.414694207319,2073.909549788325,2
794,800,-0.0015154802057407686,6,2080.4863678865854,2079.4139183456264,6
802,806,-0.0010354440740583803,4,2076.2763927898177,2076.202801095586,4
809,812,-0.0036054671455381243,3,2090.3817964851155,2084.9353753927426,3
814,818,-0.0068269614765693815,4,2088.0140414954813,2075.847264113151,4
820,821,-0.0001369201464744887,1,2080.4902351020887,2082.285864309462,1
826,832,-0.005657732843875682,6,2068.0939263742903,2058.461297369197,6
836,837,-0.0011057933363737564,1,2070.907565212826,2070.6884769921803,1
840,848,-0.0029605076814084867,8,2078.6024831534573,2074.5273670186402,8
852,853,-0.0032769427196850547,1,2075.9028547177554,2071.1761428259324,1
854,858,-0.0044999434435415465,4,2077.6209976138625,2070.3494416250996,4
861,865,-0.0011426816251964924,4,2069.963468550383,2069.668122798593,4
868,872,0.00775422052117647,4,2072.8001127964294,2090.945862080169,4
874,877,0.012911754482464309,3,2101.4902845525253,2130.725701438504,3
878,884,0.01627585234356929,6,2139.770660878263,2176.7370228646973,6
885,887,-0.0013523628289578366,2,2174.5331174695375,2173.7668928286034,2
889,891,-0.002266002987705514,2,2172.1918333177127,2169.441831966863,2
893,896,0.0013393733080025285,3,2164.1557889841233,2169.218557271232,3
897,906,-0.003748443367487975,9,2172.1346278855185,2166.1646388742156,9
909,911,-0.0021917369239609964,2,2165.350990553067,2162.770461824289,2
914,918,-0.00011819002390327574,4,2150.0338769540317,2151.9297982756757,4
920,928,-0.0035745711016021142,8,2159.0026861734214,2153.444180249318,8
933,937,-0.007422759310900246,4,2149.924816261219,2136.1163666298417,4
938,940,-0.004396972821585431,2,2139.408544003185,2132.1410313249385,2
942,943,-0.002754001770268277,1,2135.2785889895367,2131.533306564433,1
947,951,0.0042994786031920595,4,2106.588540113358,2117.752361007418,4
952,956,-4.004803601212589e-05,4,2118.1883098091957,2120.2216688372932,4
958,959,-0.0023311602713897107,1,2135.964811093233,2133.1214995956193,1
960,966,0.0014852424976909934,6,2139.039182542434,2144.3552136231147,6
967,971,-0.0031594920448845005,4,2152.6432395505317,2147.994623599248,4
972,973,-0.004472137914273929,1,2153.169962826599,2145.693859762793,1
974,975,-0.00419802203737391,1,2150.888370048923,2144.0097816415755,1
978,983,-0.0051935309025831385,5,2131.026882881656,2122.0903557940564,5
986,995,0.004942059302089379,9,2128.8683440272994,2141.5182059738504,9
997,998,-0.00342212810822147,1,2138.3246671110783,2133.145370830365,1
999,1000,-0.00039055824275363344,1,2143.558983582009,2144.8653579357247,1
1002,1004,-0.0037119956808726933,2,2148.6460572889996,2142.8189384619077,2
1005,1007,-0.0009341170234521442,2,2146.205635418523,2146.347033834068,2
1008,1013,-0.004344905905308815,5,2143.067757232961,2135.8993972363155,5
1014,1016,-0.003061981277944021,2,2135.264647010528,2130.8617712849364,2
1020,1023,0.0010983134079157646,3,2146.8214634416163,2151.326167702757,3
1024,1026,-0.0057412089460896175,2,2152.724393967982,2142.5178778128356,2
1027,1028,-0.0032866016826113916,1,2145.463020241025,2140.5572008889612,1
1030,1032,-0.0015346754827111563,2,2146.0069816306045,2144.8595643117997,2
1034,1037,-0.0037426649673622052,3,2152.88040476266,2146.975775097597,3
1038,1039,-0.003770948121243786,1,2149.641625262042,2143.6850798391747,1
1043,1045,-0.004885526526086405,2,2144.5286903752854,2136.196067262879,2
1047,1055,0.0012535864981322725,8,2138.5747801265243,2143.3942433762636,8
1058,1062,0.0004123020753423539,4,2141.4613502523785,2144.4857405616053,4
1063,1064,-0.003832064402516479,1,2144.7435814980176,2138.6695295483314,1
1065,1066,-0.0022862444342127844,1,2138.4884564460544,2135.7378375713224,1
1067,1068,-0.00033435271829030636,1,2139.2501594711734,2140.6741455247225,1
1070,1073,0.0031795046718493163,3,2147.032470709684,2156.006002951627,3
1074,1075,-0.004079021671326519,1,2157.819073211545,2151.175101522325,1
1081,1086,0.013069493743067567,5,2159.400438788909,2189.782109751227,5
1087,1090,-0.0008920843662958489,3,2184.2471467186074,2184.482861133612,3
1091,1092,-0.006432987417995343,1,2184.809623316026,2172.9395801218348,1
1094,1096,-0.0045322953292951116,2,2156.457493209365,2148.840248478278,2
1098,1099,0.00045916296871029985,1,2136.963654924604,2140.0818331553496,1
1103,1105,6.671500294063012e-05,2,2150.8928521065764,2153.187241781636,2
1107,1110,-0.0016900871303212363,3,2155.888795085878,2154.4010439739855,3
1112,1115,-0.006968364700974913,3,2147.2897456242918,2134.4739373037423,3
1119,1120,-0.0018416448669941786,1,2124.820441176251,2123.0320969586505,1
1122,1125,-0.0009452003745959502,3,2127.4600876714967,2127.576671687363,3
1126,1129,-0.0012281076636305227,3,2127.6421610784428,2127.1568295960374,3
1131,1132,-0.002238033825434147,1,2139.0211301293793,2136.372949616961,1
1136,1143,-0.0010134064788193588,7,2142.4095270208963,2142.38080485295,7
1147,1152,0.0010877261354673845,5,2149.579124207312,2154.0668567251746,5
1156,1158,-0.0025321842591420124,2,2161.384060253113,2158.072421618033,2
1160,1162,-0.0010951706352961053,2,2165.6654616461956,2165.459353888372,2
1165,1166,-0.0029450345496350857,1,2172.0467186246337,2167.8220127134873,1
1171,1174,0.0015670365356730228,3,2166.4973693113734,2172.058847212835,3
1176,1181,-0.01208061019236479,5,2183.026014734172,2158.836754425111,5
1183,1184,0.0018870032400343357,1,2174.9448946217353,2181.2239675794044,1
1185,1190,0.0035327460643981108,5,2194.94967144974,2204.8988209345557,5
1192,1193,-0.004420252131309025,1,2217.2088597520356,2209.6254464239114,1
1194,1197,0.0004993404049795916,3,2214.3457112261126,2217.665769221547,3
1198,1204,0.0013338594909146151,6,2221.0580635590586,2226.2417010005684,6
1208,1211,0.005741817967788098,3,2238.8099584965353,2253.90360770119,3
1212,1217,0.0112022303617829,5,2260.8662323221192,2288.45384290609,5
1218,1220,4.6891484266497856e-05,2,2282.7618732557594,2285.151677221479,2
1228,1231,0.00370532224418107,3,2279.943872248709,2290.671742866285,3
1232,1233,-0.0038297148218509143,1,2300.118348703531,2293.6096697201933,1
1234,1235,-0.001116189242751022,1,2295.9053799432368,2295.638620435713,1
1238,1240,-0.006220605828400531,2,2290.73837559463,2278.7793334796597,2
1241,1242,0.0013439751793297284,1,2275.1079591822768,2280.4407557688955,1
1245,1250,-0.0023649052020293573,5,2297.6204603161295,2294.484426197555,5
1251,1259,0.001469477116530464,8,2296.8747090130973,2302.5467885465428,8
1260,1265,0.01356395146988498,5,2320.5632400750524,2354.3598104863045,5
1267,1269,0.000470945181923043,2,2370.0244591708342,2373.5106352300913,2
1273,1275,-0.003156098432048889,2,2388.9702978351975,2383.8194427218236,2
1276,1278,-0.0018770619576932489,2,2387.4430085316685,2385.3490730927247,2
1280,1287,-0.015878145306204457,7,2380.008711360809,2344.5985959231502,7
1290,1300,0.0007824527022040721,10,2364.9677239179887,2369.1831670281117,10
1301,1304,-0.020597699826325085,3,2373.5377586869804,2327.0218781657845,3
1305,1306,0.0005220318877220775,1,2327.0256701831017,2330.5674774566683,1
1307,1309,0.001262085062695188,2,2336.998829624743,2342.285319768773,2
1311,1312,0.0023053341049774534,1,2350.9748723253047,2358.7456297507465,1
1314,1315,-0.0013965259372440363,1,2371.9308424753017,2370.990310374911,1
1317,1319,-0.015168473091523357,2,2363.708338886501,2330.2182008907785,2
1324,1325,-0.00611367488384129,1,2343.950025440961,2331.9638270668843,1
1327,1328,0.0011485861875439622,1,2335.40285171533,2340.4206660248765,1
1330,1332,0.010237777877491583,2,2359.8846685166495,2386.4045282379375,2
1334,1335,0.004179800003334149,1,2408.994382441288,2421.4724915514894,1
1337,1341,0.002484610392395154,4,2424.955143640845,2433.405167535468,4
1344,1346,-0.005756569485854341,2,2436.7526403842953,2425.1620571304684,2
1357,1358,0.0036955922476378253,1,2447.298280597311,2458.789795431341,1
1360,1363,-0.005066896035060439,3,2468.351913598862,2458.313382988313,3
1366,1367,0.0026904565025521977,1,2457.296508166985,2466.3650540442486,1
1368,1371,-0.005242759398637852,3,2477.3799025627613,2466.8689756971667,3
1372,1374,-0.0028629457120456156,2,2473.8022589855923,2469.1936996747663,2
1375,1377,-0.0065541056929868625,2,2467.076910461397,2453.374504547967,2
1379,1388,-0.01331109232705648,9,2445.9553127296113,2415.8429310467427,9
1392,1393,-0.0008868598364702667,1,2434.671976957064,2434.9474361426783,1
1395,1400,0.00791419751657817,5,2438.634179946448,2460.3726466971693,5
1403,1404,-0.0022525501029528523,1,2465.6440529442216,2462.555710231861,1
1406,1410,-0.0014273620900103498,4,2456.8866924862,2455.8367122543805,4
1412,1413,-0.005399978776301342,1,2453.170887336075,2442.376987497156,1
1414,1418,0.0027723923586525055,4,2450.8011651747674,2460.0465487628494,4
1419,1421,-0.0006312333993424893,2,2463.995308930217,2464.9039481043274,2
1422,1423,0.00047086327545858603,1,2476.6690506997143,2480.3118922518534,1
1424,1425,0.0001279289011566012,1,2482.097862951732,2484.8974928668545,1
1426,1428,0.00040729234058302236,2,2492.951555998169,2496.45986762837,2
1429,1432,0.0031616958015317073,3,2500.4931335046053,2510.8994252800703,3
1433,1435,-0.002176286016932105,2,2523.5747469174885,2520.6063012300065,2
1440,1441,0.0013233051598384865,1,2517.856394463118,2523.7061432161063,1
1443,1447,-0.010726506384448796,4,2530.242857154835,2505.6324338505124,4
1448,1449,-0.0033665054740086775,1,2509.0922929861895,2503.1545123400447,1
1457,1459,-0.01678248415008287,2,2475.1020753824096,2436.0388161078495,2
1467,1469,-0.00037191252846429117,2,2417.714352464049,2419.232888558584,2
1470,1471,-0.0027284918208439644,1,2430.6283281304864,2426.427006945801,1
1473,1474,-0.00179278095275169,1,2435.979427867371,2434.048229775663,1
1475,1477,-0.009440622827918358,2,2418.936903817147,2398.519569767494,2
1478,1482,-0.005191235910505514,4,2380.800817646208,2370.8223197635284,4
1486,1487,-6.320338698387502e-05,1,2378.7876530709373,2381.0160932874187,1
1488,1490,-0.0004936903395779105,2,2381.029482357861,2382.2350205865287,2
1491,1494,-0.008017918126231535,3,2386.3613970665265,2369.614108162314,3
1495,1498,0.01522719573840339,3,2366.0873844079556,2404.4823475289104,3
1503,1505,-0.003973972657995577,2,2421.945272181766,2414.742473163136,2
1511,1513,-0.006536075021593023,2,2428.7667373114314,2415.3209024437256,2
1517,1518,0.0012510127133615887,1,2419.5651658185025,2425.0116377675668,1
1519,1520,0.002638815633942769,1,2429.928520515782,2438.7705824055984,1
1522,1523,-0.0016441368994350647,1,2450.6015201032374,2449.022997238327,1
1527,1529,-0.006478145082492125,2,2445.612130947282,2432.21471287845,2
1534,1538,0.008991089091840602,4,2426.354297824337,2450.5962197822705,4
1548,1549,-0.0034702560834038716,1,2479.2625261648564,2473.1381128272424,1
1550,1552,-0.00023776729668910964,2,2477.4972671172864,2479.3856965566465,2
1553,1556,-0.003626393985849682,3,2482.3921611231917,2475.8724212806974,3
1563,1564,-0.0015049593569600999,1,2467.6074476915533,2466.361406221537,1
1566,1567,-0.0016522476278056078,1,2469.931042775504,2468.3200361120103,1
1575,1579,-0.008475151624913,4,2438.7912624862747,2420.560928017677,4
1580,1587,-0.005969166543721045,7,2421.356189232593,2409.3240670666264,7
1588,1590,-0.0008525872960912429,2,2407.142468913041,2407.497312293077,2
1598,1599,-0.0038008445950263995,1,2353.52076593401,2346.928920017461,1
1601,1607,-0.005536115122779517,6,2356.160327764821,2345.472513270354,6
1618,1619,-0.0013700583456125266,1,2386.2111322748606,2385.3280949309687,1
1621,1625,-0.005130489542614121,4,2387.069015939689,2377.209252331852,4
1626,1627,-0.003465577097187074,1,2376.0199958216103,2370.161735337454,1
1628,1629,-0.009711725345340257,1,2367.0597645754738,2346.4385900304865,1
1630,1634,-0.019771140683022166,4,2335.2029180914838,2291.3684955925846,4
1646,1648,0.012622411085851007,2,2120.1177727666836,2148.9988886177302,2
1651,1657,0.01230944336287015,6,2164.5385646682566,2193.347368101457,6
1660,1661,0.0011191914503984085,1,2209.8180463941385,2214.501073904993,1
1663,1666,-0.02050763593202794,3,2207.2817341256846,2164.2228856569454,3
1668,1669,-0.008821955585533392,1,2135.9439218808566,2119.2366633907145,1
1672,1675,-0.008752409489377822,3,2130.72747765547,2114.2092057384157,3
1691,1699,0.012280551780552061,8,2133.182795404815,2161.5126399765713,8
1704,1705,-0.0030152978037334415,1,2153.277194896816,2148.9377000951113,1
1708,1712,0.008523020616893189,4,2176.298447162845,2197.0233821436896,4
1713,1714,-0.00022542059444617354,1,2209.551196078374,2211.262668930373,1
1717,1718,-0.0017210903360130383,1,2214.496699772186,2212.8998476028473,1
1720,1722,0.004649135612866044,2,2227.755583578027,2240.340476981979,2
1728,1732,0.0183047003298122,4,2216.6959102837977,2259.4885605541467,4
1733,1735,-0.007631973795777428,2,2257.19395613829,2242.224304969194,2
1736,1739,0.0005832010964209851,3,2242.818559782458,2246.369392585379,3
1741,1746,-0.0005890768315748376,5,2257.3551257587574,2258.282725279295,5
1756,1759,-0.0006362786969118921,3,2260.697272801456,2261.5195365594072,3
1761,1768,-0.015608139339476346,7,2251.1789048001383,2218.293369680728,7
1770,1773,0.005646661225961328,3,2216.5455392089566,2231.2781664999943,3
1780,1785,-0.02572193667770334,5,2217.4932759338494,2162.67254758298,5
1788,1789,-0.005467273293076536,1,2142.92841672699,2133.3553698419705,1
1792,1793,-0.0019847015877738736,1,2120.906413581121,2118.8179536681478,1
1801,1803,0.00037859819613000455,2,2164.9423515395956,2167.9269371601536,2
1804,1808,0.005443797103020181,4,2171.0872028165036,2185.0772482444168,4
1809,1814,0.004338261223260238,5,2192.6344256919197,2204.3392810233763,5
1815,1819,-0.006880653727464285,4,2198.7747034003914,2185.8444707449858,4
1820,1821,-0.010787017488915612,1,2185.2535904351967,2163.8664753278917,1
1823,1824,-0.008557760448336725,1,2154.5753475973997,2138.2915832523668,1
1825,1826,-0.009885623436684698,1,2116.04376041922,2097.2413923885883,1
1828,1830,-0.0006557503955683223,2,2108.6677146081756,2109.3936226348073,2
1845,1846,0.006996207676277596,1,2101.851840138732,2118.6586839572474,1
1847,1849,0.003984752081949865,2,2127.3615292508784,2137.965899062872,2
1851,1852,-0.00017961065755015362,1,2148.718792847948,2150.481578845522,1
1854,1859,0.011790511656992297,5,2153.084038094438,2180.6230845821688,5
1862,1863,-0.005053282097580134,1,2180.0942386208576,2171.257701672418,1
1864,1866,0.00484615155821272,2,2175.921403184463,2188.6421694862383,2
1867,1868,0.0026662277822527597,1,2201.3671295742497,2209.437842903633,1
1873,1874,-0.004249265200431984,1,2177.08718661492,2170.013252981146,1
1879,1880,0.005957661851607213,1,2213.0106482135093,2228.408027977785,1
1881,1889,0.018316015525285955,8,2243.50347103567,2286.839018913228,8
1891,1893,0.007382223889560678,2,2298.665909568737,2317.9338418700427,2
1895,1903,0.0028622871728605863,8,2318.819930339087,2327.775878812209,8
1904,1910,0.00444932667921486,6,2324.09546460447,2336.7602200247816,6
1912,1915,-0.009335909715106179,3,2326.3186649817203,2306.9266826218663,3
1916,1918,-0.00196240984220123,2,2313.5010943134116,2311.274558090301,2
1919,1934,-0.0042579857120673085,15,2318.953067805055,2311.3979518431915,15
1938,1944,-0.004671294837675644,6,2303.6382504311127,2295.180915214433,6
1948,1949,-0.003880225361109413,1,2303.0710170010743,2296.437653449472,1
1951,1953,-0.008409786630680177,2,2287.217741879125,2270.2699464338943,2
1957,1961,0.03483930407788664,4,2277.9119215540336,2359.5506995732517,4
1966,1968,0.01034549385029808,2,2388.758775425736,2415.8604234221743,2
1969,1973,0.0017322589090448337,4,2430.3870100978097,2437.0274566585763,4
1974,1979,-0.008620997331593858,5,2444.7602787667615,2426.1287672058934,5
1984,1986,-0.00044102772291466235,2,2415.8398561053496,2417.1902436107903,2
1988,1989,-0.002998100880212833,1,2430.9130641778906,2426.055854644636,1
1990,1991,-0.0047750725722810715,1,2420.172697579019,2411.036370008205,1
1992,1995,-0.007699257813301027,3,2402.257734752193,2386.1643908530914,3
1997,1998,-0.002156695254456383,1,2384.207369880937,2381.449568530556,1
1999,2000,-0.0024846541121740784,1,2377.201414077907,2373.67209222303,1
674,675,-0.0008210527039787481,1,1985.7933672410468,1986.1487195945715,1
681,685,0.001484708415565748,4,1988.8447353559777,1993.7864346071703,4
688,689,0.0032190215826957093,1,2002.8345614487198,2011.2845636900408,1
692,696,0.00015328781204945068,4,2016.3484560560287,2018.6738861552428,4
704,707,-0.009479991299298659,3,2029.5605366587986,2012.349880966532,3
708,710,-0.005744292750140116,2,2017.3415832547971,2007.7707242068052,2
713,716,0.0031710433892602995,3,1991.5511994579442,1999.8580459228167,3
717,718,-0.0008452988813985243,1,1998.586969446582,1998.8961530863778,1
720,721,0.004015994155182403,1,2004.5815111510428,2014.6364802945632,1
728,731,0.0013570379591363903,3,2037.132469584076,2041.934068142675,3
732,733,-0.0009435546720878265,1,2046.2245061973915,2046.3400060106258,1
738,740,-0.0025975412766510346,2,2071.5612290833974,2068.2518245128267,2
742,745,-0.00143842048118672,3,2064.1981076555303,2063.2931209279072,3
746,751,-0.005062228178413382,5,2067.690884735072,2059.2914525588526,5
754,760,0.0005880972467281317,6,2056.5891496954887,2059.855213261771,6
764,765,-0.004957404447837448,1,2079.0415103067608,2070.813902186634,1
768,769,0.0012753055905142543,1,2086.7113478348056,2091.4592538303236,1
771,786,-0.008504643689288894,15,2093.244860103368,2077.535803273857,15
787,793,0.00029030596415511624,6,2075.612921545945,2078.291097277893,6
796,798,0.003022942735911683,2,2071.6462522443007,2079.9803664861456,2
801,807,0.0038174632496997046,6,2070.438975500747,2080.4132391759676,6
809,812,-0.00563568094542142,3,2093.148774076503,2083.445604188584,3
814,816,-0.0012228847190552138,2,2087.8316196821274,2087.36627391814,2
819,824,-0.003960827068851711,5,2080.5971427694153,2074.436854429728,5
825,830,-0.007613627520266463,5,2072.2702225843523,2058.5649992108397,5
831,836,0.003681039333342761,5,2058.6588828796685,2068.2955460843637,5
838,840,-0.00204320818500722,2,2077.5793424074955,2075.411994632494,2
841,842,-0.0021631800823220986,1,2079.439859858139,2077.021096830765,1
843,844,-0.0017077936347166197,1,2075.169747980291,2073.700956041714,1
845,846,-0.003664447219574178,1,2081.1313654532637,2075.586300773013,1
847,848,-0.0028661450935760936,1,2080.283593259831,2076.4014822390222,1
851,853,-0.002387336334819707,2,2076.665330596573,2073.784297328176,2
854,855,-0.001991227403592975,1,2078.6140244315434,2076.553645249034,1
861,862,0.001871095452022374,1,2064.694986912107,2070.622923298844,1
863,864,-0.0004384233190178426,1,2068.317481404578,2069.4790002710024,1
866,869,0.004696799568139021,3,2064.977759272642,2076.741523679883,3
871,872,-0.0016783102426650566,1,2091.3251010635395,2089.9065338267455,1
873,876,0.014164965411255157,3,2092.3034789866015,2124.033188875282,3
879,883,0.014491776944514909,4,2148.113191194145,2181.391281603695,4
884,889,-0.0038266016475969754,5,2175.352835524564,2169.2039796155655,5
890,891,-0.0022700897284247397,1,2171.2977007438676,2168.5399578368006,1
893,895,-0.0020196086912020244,2,2164.960378494283,2162.752966076262,2
898,901,-0.0018719552938624945,3,2167.0512360750454,2165.1616642776785,3
903,904,-0.00043173554369678165,1,2166.3725714657385,2167.6036439972127,1
905,908,-0.0036386635796171827,3,2166.74709992376,2161.02978326495,3
910,912,-0.0035591121103065943,2,2164.746965583224,2159.2071354078507,2
914,918,-0.00512956891513261,4,2156.2156791631087,2147.311437920115,4
919,922,-1.571334979688882e-05,3,2154.262777953801,2156.3831900471705,3
923,924,-0.004258908897885794,1,2162.7522409899743,2155.7040284678897,1
926,927,-0.00036529300756428073,1,2156.6001744295954,2157.968983640194,1
928,929,-0.0032469295647011114,1,2159.829161548259,2154.9761775504726,1
930,931,-0.003400494955945653,1,2155.6482634154427,2150.473640632321,1
932,939,-0.007475186497525198,7,2151.402330172683,2137.4715988536045,7
943,947,-0.013094151259820198,4,2131.634581626374,2105.854270565521,4
948,949,0.0006299864093013917,1,2103.8777670674413,2107.3070592345925,1
951,953,0.00040357156253443345,2,2115.429126544558,2118.398282709133,2
956,958,0.0035710762305032314,2,2124.0547069773797,2133.7639229607325,2
961,962,-0.002401467200127766,1,2144.316259542102,2141.3110706376533,1
963,966,0.002955801325169853,3,2136.2950664825357,2144.745825337481,3
968,972,-0.0026977377412532874,4,2149.800724095522,2146.1509262700515,4
977,987,-0.00635976835809198,10,2139.528552841262,2128.061175402509,10
990,993,0.0010739241611593068,3,2133.4744811774553,2137.899145451186,3
994,997,-0.003974179223152347,3,2141.902954991007,2135.532551724264,3
998,999,-0.0006727038847950225,1,2139.9841765128367,2140.6845850204095,1
1000,1005,-0.0021320964907646693,5,2147.267511721544,2144.836597706791,5
1007,1008,-7.513836786842245e-05,1,2143.8802981414733,2145.863090773107,1
1009,1011,-0.0002651262827204718,2,2142.758999882637,2144.333657154115,2
1016,1018,0.00013338080600262857,2,2135.742637549043,2138.1632472610027,2
1021,1022,0.0002128980963327946,1,2145.9347287704363,2148.5375289178164,1
1023,1024,0.00017174644170835605,1,2147.626091918532,2150.1425651498575,1
1027,1037,-0.0012311747842052537,10,2145.9584982130523,2145.4624067203144,10
1038,1040,-0.003947018129706815,2,2149.4730522329187,2143.138516178672,2
1041,1042,-0.004066823015882537,1,2147.1669486129276,2140.581967595979,1
1043,1045,-0.004287053948068014,2,2143.1245008114865,2136.079934959893,2
1053,1054,-0.0039026279092608343,1,2147.7512522462425,2141.5171295193227,1
1055,1057,-0.0035636175817465097,2,2146.731923953573,2141.2285242500293,2
1058,1060,2.3279801528885546e-05,2,2139.910925727597,2142.100653354965,2
1061,1062,-0.00025372904613244016,1,2147.1432868640995,2148.745637532878,1
1063,1065,-0.006082294955503088,2,2147.6275631473623,2136.712686416879,2
1067,1071,0.004400017198871436,4,2141.676268811962,2153.2413574979614,4
1072,1073,-0.0018984521462856666,1,2158.5135542936982,2156.5742331580564,1
1074,1075,-0.0040818783048777105,1,2160.2127421012738,2153.5552293174715,1
1078,1080,-0.002079129592124901,2,2150.8191622595987,2148.498149654295,2
1083,1086,0.004287275307580738,3,2180.8332436448286,2192.363909403903,3
1089,1090,-0.00024109349212070286,1,2180.1230303460297,2181.777539901737,1
1091,1092,-0.00454807615629175,1,2183.578476850021,2175.8309741209177,1
1093,1096,-0.012439832672568256,3,2170.6570049599404,2145.8250520336605,3
1099,1102,0.004709012389997824,3,2138.0912901439997,2150.297679810378,3
1106,1112,-0.003786623485905307,6,2151.7996670495727,2145.803411560409,6
1113,1115,-0.0064015874305446896,2,2142.393183603679,2130.820859511841,2
1117,1118,0.0005044500732288876,1,2129.7183054272177,2132.9223602877746,1
1120,1123,-0.000435309623498668,3,2129.211792139385,2130.4141375479394,3
1125,1126,0.0006846255448086358,1,2122.928684731843,2126.5050246239493,1
1129,1131,0.0015998366743519873,2,2130.298383609008,2135.8368114740274,2
1132,1138,0.005426473450637574,6,2134.0648310487018,2147.7793420273756,6
1139,1141,-0.0015816130148319195,2,2146.1395346854724,2144.891312000454,2
1143,1144,-0.0020157202827408498,1,2146.1867432321915,2144.006817826541,1
1146,1148,-0.0006866206153709504,2,2144.9292566433164,2145.601433253836,2
1149,1150,-0.005757206768862043,1,2151.262864570238,2141.028862309303,1
1153,1155,-0.0015067530819461912,2,2156.3822158165126,2155.2894624827936,2
1158,1162,0.0029405353547635425,4,2156.5894669750187,2165.0875840153444,4
1167,1174,-0.002081012871112112,7,2167.221277978483,2164.8784838824404,7
1177,1180,-0.010348144433526354,3,2178.6556510443793,2158.289263347498,3
1183,1185,0.009202612704309016,2,2169.2443474518846,2191.3763073899477,2
1186,1187,0.0019306099642455825,1,2206.512889703774,2212.979318364576,1
1192,1194,-0.0031092119374114685,2,2215.7222125029543,2211.0487847623554,2
1197,1200,0.004207599596357646,3,2214.2665522329294,2225.797565836566,3
1201,1205,-0.0003028015218916484,4,2226.306869156217,2227.859046917195,4
1208,1211,0.006460612988930819,3,2237.2287193109255,2253.9198169534257,3
1215,1219,0.0025264954635039905,4,2276.3022756245423,2284.329645273096,4
1223,1225,-0.004439369042266762,2,2303.91306213071,2295.9890548687436,2
1230,1231,0.002531507998848809,1,2283.179321933642,2291.2423879718567,1
1232,1235,-0.004004066848984009,3,2298.797893669962,2291.8921511250737,3
1237,1240,-0.006411918177315888,3,2289.753913234544,2277.36195240993,3
1242,1243,9.443414277112653e-06,1,2282.778992472991,2285.083328693193,1
1254,1255,-0.004137463664185402,1,2294.438525410251,2287.239807907069,1
1257,1258,-0.0011392342456128404,1,2292.1362225345033,2291.817078676717,1
1260,1264,0.011139465670204258,4,2316.1835180446383,2344.300748347834,4
1265,1276,0.011323720235373359,11,2351.8187314994493,2380.801887590759,11
1277,1278,-0.005052994030496494,1,2390.0492663253676,2380.3624109163584,1
1279,1280,-0.0008606219679773559,1,2377.122147994381,2377.453466601246,1
1284,1285,-0.005368120360060141,1,2347.6481438126607,2337.393334157415,1
1288,1290,0.0005196808022976107,2,2353.5044464262382,2357.0810219515943,2
1298,1300,-0.003668783376230209,2,2379.7991605537795,2373.447992115327,2
1304,1305,-0.0013153774044253309,1,2323.6323339694513,2322.8995128351253,1
1309,1311,0.0031918729239363355,2,2342.3052854146104,2352.123931520133,2
1312,1319,-0.012093278839326104,7,2364.1213138286485,2337.8954568843533,7
1320,1324,-0.0012956777252650122,4,2340.120023270551,2339.4281019052232,4
1325,1326,-0.003022257762677061,1,2338.53378991854,2333.804671808595,1
1327,1328,-0.0003082903294774872,1,2337.5422380691634,2339.1591386404907,1
1332,1335,0.012472489396599801,3,2387.7386352204317,2419.9074186652906,3
1338,1340,-0.0007962335293801965,2,2431.3322061682593,2431.8276301508145,2
1341,1342,-0.0019353763416278752,1,2432.9675483856,2430.6918081008916,1
1345,1349,-0.009688992500615157,4,2438.8908988348257,2417.6993941050314,4
1351,1357,0.009405235197648923,6,2423.5831544198463,2448.8011071626447,6
1358,1359,-0.0002160711358544338,1,2465.80014258124,2467.7331544862236,1
1368,1369,-0.0010672667515328033,1,2470.887782182338,2470.7215735878285,1
1371,1376,-0.001615138048568361,5,2469.722578632295,2468.20335830477,5
1377,1378,-0.004820797562219785,1,2461.0768218703147,2451.673545548877,1
1379,1380,-0.0017829603152615574,1,2445.1148218824105,2443.2003940106188,1
1383,1388,-0.015962215054934326,5,2452.0212213088375,2415.333552476352,5
1390,1391,-0.0016079286421510244,1,2432.086218359044,2430.6076834867226,1
1394,1396,-0.00025915210246433575,2,2439.823635221495,2441.6311734320066,2
1399,1400,-0.004902047654813849,1,2466.3402543169636,2456.716477111633,1
1403,1404,-0.0015282479537849936,1,2459.648753585165,2458.349449164054,1
1405,1415,-0.0024361888994290475,10,2455.1644702833073,2451.638390324814,10
1418,1419,-0.0010557596897203092,1,2464.415814473112,2464.278399411955,1
1421,1423,0.0019924188788941048,2,2469.7814990333154,2477.172119817766,2
1427,1428,0.0003327770146382854,1,2494.5117935532926,2497.8364215344845,1
1429,1432,0.006967921087317378,3,2494.6483193230465,2514.5254802720215,3
1433,1437,-0.004806315050801658,4,2524.386385977381,2514.7777760823965,4
1440,1441,0.0025476119505168818,1,2521.260874775528,2530.2053299852523,1
1442,1445,-0.007930331787906399,3,2531.875882388699,2514.3291424779472,3
1446,1448,-0.0006677708599511745,2,2505.2073039005113,2506.03960676873,2
1449,1451,-0.006022258034264282,2,2509.0474784898215,2496.4463946326255,2
1454,1455,-0.005457680060775072,1,2500.5691334102853,2489.4223962436927,1
1456,1458,-0.014298053725971704,2,2485.769493951236,2452.713597670291,2
1459,1465,-0.016231429455431347,6,2440.1646727632115,2402.997476690383,6
1469,1470,-0.00041193519300477665,1,2420.052819656074,2421.4759675503833,1
1475,1476,-0.009990596476496878,1,2420.4235740708145,2398.6625224141435,1
1478,1481,0.0009445113042916363,3,2381.8173602495194,2386.4488310312827,3
1485,1486,0.0017414148645334862,1,2368.8100093491007,2375.303900319986,1
1487,1489,-0.0005144582751901506,2,2380.3351001389638,2381.4908521491107,2
1493,1495,-0.010386311712033441,2,2390.749362699114,2368.309043955475,2
1496,1503,0.013533300782150183,7,2386.2317152908004,2420.9115385450277,7
1505,1508,0.002338205146073048,3,2414.864730418896,2422.926044289051,3
1509,1510,-0.0033289617591673324,1,2434.0306353443166,2428.361871073958,1
1512,1518,0.0033306473031947115,6,2416.892754083843,2427.359464171427,6
1523,1525,-0.0031371102558802994,2,2450.0295620927536,2444.7935787883953,2
1526,1528,-0.005943194571218621,2,2449.558267473369,2437.449624343711,2
1530,1533,-0.004418423857276086,3,2431.8910127332324,2423.57777847701,3
1536,1539,0.0013406139281195262,3,2452.87228030562,2458.6135073288015,3
1541,1543,-0.0003144900747797814,2,2477.7565298444324,2479.45505653792,2
1545,1548,-0.007885710729993976,3,2494.3532005311085,2477.1778059338167,3
1549,1553,0.0002281545760017701,4,2476.3686425931314,2479.4100060733995,4
1554,1555,-0.002073189747857829,1,2480.7332741436426,2478.070976626662,1
1561,1563,-0.002174864048740296,2,2470.528428601234,2467.6258935690794,2
1569,1573,-0.008148271331375315,4,2467.723428297979,2450.0834716617132,4
1579,1580,-0.003156844399412226,1,2424.709779331498,2419.4800576237467,1
1584,1586,-0.0015331290858712496,2,2410.973586874045,2409.688226729615,2
1588,1591,0.0009463313900837187,3,2404.005495825485,2408.684487183944,3
1594,1596,-0.010226029880145402,2,2392.7268300230826,2370.651460794264,2
1597,1598,-0.0051503809543898505,1,2365.310585586395,2355.4936455807606,1
1604,1605,-0.004564241878525036,1,2361.7625008073255,2353.344607994818,1
1607,1608,0.0015344255941369084,1,2351.130992099657,2357.0897586612027,1
1611,1612,5.124745613922983e-05,1,2367.138236838396,2369.6266848882024,1
1616,1617,-0.0008353333279718408,1,2381.1832486805456,2381.575350201595,1
1620,1622,-0.001969456285939073,2,2386.1795354211827,2383.8662386711894,2
1629,1630,-0.007849486766712759,1,2352.9305088033097,2336.8141424202668,1
1632,1635,-0.01503391980582688,3,2318.100254353179,2285.5682212817196,3
1638,1640,-0.006020297845291275,2,2293.294187008625,2281.7811671429668,2
1646,1651,0.018633155671234993,5,2120.392247139985,2162.022238212164,5
1653,1656,0.008784306939936735,3,2171.183614287747,2192.4271411928994,3
1659,1661,0.00681459621139363,2,2194.8863917121116,2212.0385425932245,2
1667,1668,-0.0069547161679543185,1,2142.3156040963695,2129.558722731796,1
1669,1678,-0.02346030172353505,9,2119.736589249793,2072.1266658808254,9
1680,1682,0.009880419019360542,2,2074.0760226402667,2096.6428388446016,2
1683,1689,0.012823011398772687,6,2107.9228683018528,2137.060710138123,6
1690,1691,-0.006643375592935378,1,2139.995923556816,2127.919122792834,1
1694,1698,0.009550856249280468,4,2142.2083005615214,2164.8104323967614,4
1700,1706,-0.003794446957643829,6,2163.9348839500594,2157.887882697066,6
1707,1710,0.010125786582699178,3,2164.9894939491064,2189.07670501257,3
1711,1712,0.00046625526755133834,1,2195.5871503977337,2198.8064416223724,1
1713,1715,0.0027133501321283506,2,2207.5129661048404,2215.710234669201,2
1716,1717,-0.002916591792560012,1,2217.8200618113196,2213.569406083477,1
1723,1724,-0.0008660142476934319,1,2235.584549443121,2235.884085920823,1
1725,1728,-0.009029505129146874,3,2237.1594097052275,2219.19612675028,3
1730,1732,0.004177576247861955,2,2246.969049107991,2258.6029026863334,2
1734,1736,-0.005988453606320248,2,2252.750796949725,2241.5130541125404,2
1739,1742,0.004529493912292244,3,2251.8928430081287,2264.3446707746766,3
1743,1746,-0.005641632207032518,3,2266.5804612732245,2256.059828404348,3
1747,1749,-0.0063111814408704095,2,2261.205742518636,2249.1960685449812,2
1751,1753,0.0007576187733117992,2,2248.98503093381,2252.9378892450763,2
1755,1760,-0.0034630405098252403,5,2262.8269558256893,2257.253521366766,5
1762,1763,-0.00502099652775867,1,2249.291079129081,2240.2466875099844,1
1764,1766,-0.002826752061358532,2,2238.795216398572,2234.705492622056,2
1768,1770,-0.0025197295607377775,2,2218.2389862438085,2214.867862883633,2
1772,1777,0.003994701340242271,5,2227.7708824397046,2238.897932651979,5
1778,1780,-0.008800975498034554,2,2230.7391948941095,2213.337253092235,2
1781,1785,-0.022745092960277755,4,2212.886235090949,2164.766818198377,4
1793,1797,0.0008349385145015335,4,2125.059038639101,2128.9583913146894,4
1799,1802,0.007440045557065066,3,2147.251171967294,2165.374069681159,3
1803,1812,0.014000913055776127,9,2167.158019546574,2199.66736857592,9
1813,1816,-0.0026634154276472515,3,2194.070989367032,2190.4213378339655,3
1820,1822,-0.01036614624577735,2,2179.7500132123578,2159.3341558093757,2
1829,1834,0.008522921814315,5,2113.55720386586,2133.684443868357,5
1837,1839,-0.011242141884769078,2,2120.786035668154,2099.064644183604,2
1843,1845,0.00721842416542427,2,2079.2685112470094,2096.3568218262476,2
1847,1848,0.002632856671503069,1,2124.7146719100083,2132.433455780897,1
1850,1852,-0.0010813605585398278,2,2146.899478510446,2146.7248055697455,2
1853,1856,0.010075390230780062,3,2149.2239268127964,2173.0274204955776,3
1857,1862,-0.003995001431371173,5,2182.530884238292,2175.9942011159865,5
1863,1865,0.0019539651121580643,2,2176.3283760875856,2182.757174183148,2
1866,1872,-0.0017414893687516062,6,2189.4093335389966,2187.785909794332,6
1876,1881,0.035219307610520924,5,2167.368059932668,2245.8686304005873,5
1882,1884,0.0006575286161266177,2,2255.1617723449776,2258.8997675166343,2
1885,1887,0.008417528902906264,2,2265.7491791338234,2287.0869375150523,2
1894,1895,-0.0012889904948415833,1,2321.2104616973234,2320.539653937366,1
1903,1911,0.0011053592320246879,8,2334.6560188492786,2339.571308452165,8
1916,1919,-0.0001312869300182279,3,2313.5190951560835,2315.528879431698,3
1920,1926,-0.013414716230126977,6,2318.2893150809823,2289.5084110949165,6
1933,1940,-0.007214697207908093,7,2306.1149389104053,2291.7831328384436,7
1943,1946,0.004490321959276687,3,2290.290288209548,2302.864719272023,3
1951,1952,-0.003793067516634108,1,2282.4549834447816,2276.0799325723424,1
1954,1955,-0.006487884601348757,1,2271.9959266160013,2259.527475155998,1
1957,1958,0.006418726679495772,1,2280.3533786650796,2297.2706971140606,1
1967,1969,0.014872655026221746,2,2391.5915104812425,2429.552417490752,2
1970,1972,0.0017202779530621623,2,2425.911874336454,2432.511028924283,2
1974,1976,-0.004673247347696331,2,2442.9709411000517,2433.9973045701568,2
1981,1983,-0.0007506361199356574,2,2415.7755483162728,2416.3779554803655,2
1987,1988,-0.002257662542113779,1,2428.5307883162086,2425.4765161113733,1
1990,1991,-0.004924209055198331,1,2414.815718593844,2405.3394768843027,1
1992,1996,-0.007210272259042265,4,2397.1221395868124,2382.2353584618004,4
1999,2000,-0.0010523156767460464,1,2373.213275023467,2373.0891187649213,1
672,679,0.0037309210949095194,7,1980.0400814284137,1989.4074948184098,7
680,683,-4.2645559950358985e-05,3,1988.6205081264097,1990.5243227994383,3
684,687,0.001341691193624553,3,1994.4544443347443,1999.1248407431283,3
688,696,0.005567805303550699,8,2001.135085396959,2014.2781510239506,8
701,702,-0.0013431506692692461,1,2025.6972335778016,2025.0021142163625,1
703,704,-0.0033928589887255722,1,2029.2962222367821,2024.440402530616,1
705,707,-0.005574388842709764,2,2021.6485471063352,2012.4007405485715,2
712,714,-0.0017440433775618054,2,1999.4518591068895,1997.9641801923674,2
717,719,-0.00145066369544291,2,1995.8633984830212,1994.9639353082616,2
720,725,0.007993920533819678,5,2007.7650972607462,2025.822776996086,5
729,733,0.0007502767235985004,4,2044.6515872869936,2048.2302933680908,4
736,737,0.00032017479475688433,1,2068.5589538753425,2071.2898132677174,1
740,742,-0.003141317906399117,2,2068.0036400980025,2063.575386872962,2
748,749,-0.004295398102420871,1,2071.928884049546,2065.101053536698,1
752,755,-0.005694560791964514,3,2059.939711163785,2050.2691989619448,3
766,767,-0.0004918101933474669,1,2079.928354500441,2080.9853528887656,1
773,775,-0.004243334750995049,2,2087.426635331237,2080.6564119847144,2
784,788,-0.004077927057803275,4,2078.696391536843,2072.2983156683736,4
789,793,-0.004534298582334622,4,2080.098660888815,2072.7469711405197,4
796,799,-0.00012328700399153359,3,2072.5320557865207,2074.349071574473,3
801,803,-0.0021641149970317427,2,2074.890860185876,2072.4754486183297,2
804,805,-0.0025580096218681984,1,2077.130471255425,2073.8942819953336,1
807,812,0.001817342115291303,5,2080.9890852982344,2086.8519434897066,5
813,816,-0.001668496750214639,3,2088.400098403896,2087.0040097249653,3
818,820,-0.0025662278401574617,2,2079.970450058868,2076.712742433281,2
821,823,-0.0059462590772115026,2,2084.309719721092,2074.000183850201,2
824,825,-0.0049653877616266055,1,2073.181089001652,2064.960122083689,1
827,829,-0.003141270560042186,2,2069.0984041479824,2064.66790464935,2
832,835,0.004246119764434955,3,2057.867500453208,2068.663319819924,3
837,838,-0.0018561215302858257,1,2072.6069728676284,2070.832569414336,1
841,850,-0.004753397555889655,9,2077.8481455707324,2070.0491554196374,9
852,854,-0.0020719423631373694,2,2077.5276589562627,2075.300669048038,2
858,862,-0.001974640851071083,4,2068.1831085173517,2066.1673727722955,4
868,869,0.0008172966389522213,1,2070.373121553017,2074.1356036681923,1
870,871,0.0013303259273070851,1,2084.5419733052668,2089.39963551222,1
879,883,0.012173411300450587,4,2148.993538066626,2177.3031138255883,4
884,886,-0.004183849491802161,2,2177.961029866117,2171.0267297480127,2
889,890,-0.002844972454521272,1,2172.502139441677,2168.4939328370187,1
891,892,-0.004362697625032736,1,2170.535205436989,2163.2363518566162,1
893,895,-0.0034905796232811916,2,2167.6234450975458,2162.2248063142392,2
897,901,-0.006674282015442652,4,2171.4499991437497,2159.1285794661753,4
904,905,-0.001738909621992694,1,2166.2759863488664,2164.6753041786615,1
908,910,-0.002402340096828915,2,2164.1770890786506,2161.142176769997,2
911,913,-0.00030303496983562445,2,2161.839261091954,2163.3459874577716,2
918,921,0.0036525773977588924,3,2148.9551552414,2158.9533354254736,3
922,926,-0.0018472072456595164,4,2156.5406283073703,2154.713591461509,4
928,931,-0.0036549158793938996,3,2158.5279221714745,2152.7972121147864,3
936,938,-6.548661178317622e-05,2,2137.1654131070986,2139.162622798481,2
943,944,-0.0022674798191380935,1,2129.544181354048,2126.8450270802186,1
951,955,0.0008468333494763261,4,2109.9314319646446,2113.8281236983053,4
957,966,0.003294625122999768,9,2133.2051738938026,2142.36649042612,9
970,973,-0.0017984346258882805,3,2147.1488363176068,2145.434478339755,3
974,976,-0.006514385703374657,2,2145.7805512488558,2133.9478896544697,2
977,978,-0.004652386320235197,1,2136.9190392607593,2129.114185394313,1
984,985,-0.0016140257229248277,1,2121.941701163239,2120.638774376178,1
986,992,0.0028042107677344525,6,2128.4310847725064,2136.5280852235787,6
994,995,-0.0024279616771219247,1,2142.317374456274,2139.258227345318,1
996,997,-0.0026848827747509123,1,2140.0882965906767,2136.482498683305,1
999,1003,0.0007647539760093605,4,2138.3557032222457,2142.1293749516294,4
1015,1017,-0.000660163711373795,2,2133.8119705454815,2134.537117286178,2
1020,1021,-0.0019744191870168237,1,2146.1037186485723,2144.012514007793,1
1022,1023,-0.002547335203422006,1,2150.270505618444,2146.9433163682206,1
1030,1033,-0.002744704076800958,3,2149.9428022243796,2146.19178825245,3
1038,1039,-0.002765492241072582,1,2150.926216776046,2147.1287732292085,1
1040,1041,-0.0032760207703340905,1,2145.513817673996,2140.6305836619313,1
1043,1049,-0.00412694602246805,6,2144.5184949971017,2137.8127014190613,6
1050,1051,-0.0006410652487595008,1,2140.905666232504,2141.6741116752423,1
1054,1057,-0.005024429064556983,3,2147.108116997418,2138.4672326866275,3
1059,1060,-0.0011302386015364717,1,2142.6919008221294,2142.4128396254428,1
1062,1063,-0.00521648247846095,1,2149.164089640288,2140.102176912982,1
1064,1069,0.002899146950630564,5,2141.9481759228,2150.2999466213582,5
1080,1098,-0.006460252219636235,18,2148.335487468916,2136.6050338549408,18
1100,1101,-0.004201304435792583,1,2145.9411257190945,2139.0713148743803,1
1111,1116,-0.013694778120762797,5,2153.993237644227,2126.64877141871,5
1118,1120,-0.003092356233789689,2,2130.5573480658536,2126.0994631171816,2
1121,1123,-0.004092661618713104,2,2130.758812382879,2124.169096385088,2
1125,1128,-0.0007629283183902844,3,2127.65245035931,2128.1568565035977,3
1130,1134,0.0008069739161367427,4,2134.182027349949,2138.038438605658,4
1137,1140,-0.0010054398787756969,3,2144.8767196031267,2144.8650517337833,3
1142,1145,-0.004097305143995195,3,2151.01039477885,2144.348059218314,3
1148,1149,-0.003483913040919029,1,2149.158711972547,2143.8203886208735,1
1156,1162,0.0030056561888810816,6,2158.949361615914,2167.5973704877515,6
1163,1168,-0.0020863362337601027,5,2167.4871255804674,2165.1325057797408,5
1172,1177,0.004669734795903323,5,2165.7460707125697,2178.0252765687796,5
1178,1181,-0.007507382058047874,3,2173.0310915711916,2158.890348034321,3
1185,1189,0.0039015676171886013,4,2197.5318126657025,2208.3031634364065,4
1190,1191,0.00035552514393819923,1,2209.5330885946787,2212.528166252632,1
1192,1195,-0.00338701218399033,3,2215.808857907209,2210.519695165991,3
1196,1199,0.003229645004224525,3,2217.4104914434506,2226.7893506508995,3
1203,1209,0.008423603235538396,6,2227.81647567777,2248.810534226153,6
1212,1214,0.0025413545001700686,2,2258.3218059709834,2266.319324061391,2
1215,1216,0.0009745904750503142,1,2279.5928593354915,2284.094121682528,1
1221,1230,-0.005244277125745723,9,2293.8645517664404,2284.128754919819,9
1232,1236,-0.003809669299029773,4,2298.213658922869,2291.7564385627825,4
1239,1240,-0.0027502198625670004,1,2282.3799529787248,2278.3852862510967,1
1241,1242,-0.0016893011553944129,1,2280.508647823925,2278.936690578093,1
1243,1244,0.000921947042679401,1,2286.761016643716,2291.156050216969,1
1247,1251,-0.004503768420570695,4,2302.2063351383163,2294.139937283621,4
1256,1259,0.0035477153012073498,3,2286.8925543863734,2297.2926906481734,3
1265,1266,0.003165134502592295,1,2357.780779062087,2367.6012531345073,1
1267,1269,0.0002895740004771239,2,2371.467423491821,2374.5256062241347,2
1270,1271,-0.002935780733152815,1,2377.876240744826,2373.2731937321705,1
1273,1274,-4.6728565647938974e-05,1,2383.4252251826492,2385.69727636573,1
1276,1278,-0.005331741746631545,2,2389.251454247227,2378.901833979664,2
1279,1280,0.0009985596460706332,1,2375.6211018315557,2380.36892230003,1
1283,1286,-0.00612529667810698,3,2356.461616464577,2344.3840515696247,3
1287,1289,0.0019470131423842078,2,2344.618477665598,2351.5280991331556,2
1291,1293,0.002670075673713365,2,2370.0680699377403,2378.7663991062636,2
1296,1301,-0.005491346800371912,5,2381.1151860749897,2370.420772002695,5
1304,1305,-0.001101700890513332,1,2327.3981227243703,2327.16142426271,1
1307,1308,0.0019058497517991661,1,2335.1785615537447,2341.9642395972423,1
1312,1313,0.002646089790006181,1,2361.015259878368,2369.6237335114592,1
1314,1315,-0.0010113544735874049,1,2370.6677566719986,2370.640838987571,1
1316,1320,-0.016408004939423206,4,2368.5706064106153,2332.075658807668,4
1321,1323,-0.0013442728455806355,2,2337.452708985792,2336.6479874902593,2
1325,1333,0.026506411432061488,8,2334.843195934565,2399.0663535112903,8
1338,1339,-0.0004521418493226016,1,2429.4502085758154,2430.7812026742486,1
1341,1345,0.0004935231011355004,4,2433.69207870457,2437.326854045166,4
1346,1347,-0.005100963594318361,1,2427.4228633750263,2417.4680905843093,1
1351,1352,-0.0019564879975089563,1,2418.1079038854227,2415.795012698675,1
1358,1367,0.00013919826138090335,9,2465.184016213262,2467.9923495585163,9
1370,1371,-0.003484353694070161,1,2473.458713492079,2467.313767200085,1
1373,1376,-0.005186489130877542,3,2476.08944070865,2465.7233191780424,3
1377,1379,-0.007086261231369393,2,2456.7972230425853,2441.8445133506452,2
1380,1382,0.0004926577543950749,2,2444.3544363639226,2448.003020967851,2
1383,1384,-0.002367196756738445,1,2449.2838058943557,2445.935153018605,1
1386,1389,-0.003756842229487019,3,2430.397607188,2423.69738443006,3
1392,1393,0.0019491488505055136,1,2435.6308006893782,2442.813838465487,1
1397,1401,0.0026641128233603267,4,2451.0935477613566,2460.0746310609647,4
1402,1409,-0.004600293311642583,7,2468.1774877254716,2459.2913248244668,7
1410,1416,-0.007743075210620256,6,2463.2319187654202,2446.6221606759846,6
1417,1418,-0.0016248642966040557,1,2461.3328220554813,2459.794823052919,1
1424,1425,-0.0001847607292915144,1,2485.3345765906515,2487.360718938338,1
1427,1430,-0.0005643107823804951,3,2496.725380742989,2497.8131770707355,3
1431,1432,0.002325039689201531,1,2507.407876189173,2515.7451068945184,1
1434,1436,-0.0018346836121272115,2,2526.829734532984,2524.7206311629334,2
1437,1440,0.0008824321431904199,3,2515.72298610459,2520.458663916996,3
1442,1443,-0.002995999296837956,1,2531.3438220890716,2526.2912616001267,1
1451,1453,0.0002706773721319346,2,2495.1219388330705,2498.2924338214557,2
1455,1461,-0.02290909763432609,6,2493.7446846464954,2439.1089888754937,6
1464,1465,-0.004686007838976434,1,2415.7466843777243,2406.8422231621266,1
1467,1468,-0.0015484639670228497,1,2418.418278632381,2417.0918633493616,1
1471,1472,0.00019959837013752094,1,2430.7422494236816,2433.6581638643147,1
1474,1475,-0.007486519279269119,1,2433.9161344393333,2418.1284905091684,1
1480,1481,-0.0049456637551605325,1,2393.28391478733,2383.840821188945,1
1486,1488,0.0017954173061823235,2,2375.02689544826,2381.6660867344444,2
1492,1493,-0.0009529993449772508,1,2386.1186538505035,2386.2308029901965,1
1494,1497,0.0105444788848752,3,2371.9273764050677,2399.3100419184334,3
1501,1502,-0.0011995714476648806,1,2410.8977938455882,2410.4166474826984,1
1503,1506,-0.0006756032025201828,3,2418.4232559848538,2419.207784744046,3
1508,1510,-0.000733215577028251,2,2426.7820066740014,2427.42943431133,2
1512,1516,-0.0010663158616282954,4,2422.5520475276294,2422.391393901258,4
1521,1523,0.0010405396936352795,2,2443.5567279438474,2448.5429024408663,2
1525,1526,-0.00035833154999963225,1,2451.240891329329,2452.8137752726457,1
1531,1532,-0.0005229638688960955,1,2428.695175529671,2429.8537508798363,1
1534,1535,-0.0004757174752082229,1,2434.1755268626202,2435.45172255363,1
1538,1539,0.0037367232201777623,1,2452.92981463017,2464.548664240595,1
1540,1545,0.003963300435476071,5,2470.6751075132192,2482.9378103502595,5
1549,1550,0.0012513250598686744,1,2472.0578978418253,2477.623303736683,1
1552,1556,-0.0009135629043931906,4,2479.9202621300497,2480.1346192348446,4
1558,1560,-0.00077001430850213,2,2473.579834537768,2474.1487225064893,2
1563,1564,-0.002162194431726753,1,2468.9666633534275,2466.097244045159,1
1567,1568,0.0029517286129080314,1,2458.24010968993,2467.9544074687897,1
1578,1579,-0.002108556899982067,1,2423.6949787600092,2421.008174967853,1
1583,1586,-0.0027284110753121645,3,2409.044208180106,2404.880389489771,3
1587,1590,-0.003345950820742298,3,2411.659907812834,2406.002272272749,3
1592,1596,-0.01568661122360628,4,2410.7119353319817,2375.3067463656535,4
1598,1600,-0.002897083021013553,2,2353.300045649672,2348.8356400897196,2
1601,1602,-0.0020810892152433643,1,2358.1123677979076,2355.5630379487493,1
1615,1616,-0.002823266538369824,1,2380.9611932593507,2376.620066386524,1
1618,1622,0.0005963438277393363,4,2388.1402128858376,2391.952505774454,4
1623,1628,-0.011350609996128302,5,2389.7793699154786,2365.0436956806902,5
1632,1634,-0.013723847713586375,2,2317.106369590439,2287.6238610075893,2
1639,1640,-0.003843794820123594,1,2287.7903198715676,2281.284313610388,1
1641,1645,-0.05615974281365367,4,2275.8318934283598,2150.297591499741,4
1647,1648,0.0014580994036823315,1,2140.835700532605,2146.0980874914662,1
1649,1650,-0.0034746913798234377,1,2166.615193270711,2161.2534893285297,1
1651,1652,0.00019211271645632887,1,2164.589408002083,2167.169842561269,1
1653,1654,-0.001075129428470144,1,2173.9149565028615,2173.7516315146368,1
1655,1656,0.0018978235304282168,1,2183.9898926648216,2190.318709966003,1
1657,1659,-0.0020475935252735134,2,2195.756008533288,2193.455748755668,2
1661,1664,-0.013606578098136802,3,2219.287187002049,2191.3095697569133,3
1666,1668,-0.01764329363817799,2,2165.864890530529,2129.817765176809,2
1669,1673,0.001499740185753524,4,2116.4595585122565,2121.750157522192,4
1674,1675,-0.00652047097797776,1,2128.088869181119,2116.3408163402473,1
1678,1679,-0.0033306079475092314,1,2072.0573433328523,2067.228190020786,1
1680,1682,0.009153508660319432,2,2074.8387755871695,2095.9056690638604,2
1690,1692,-0.0029018245930249433,2,2140.272713585852,2136.2022903033744,2
1697,1700,-0.0045928274375488486,3,2166.067245827832,2158.2849399954457,3
1703,1704,-0.0021238271274911474,1,2152.2399772713306,2149.821231600002,1
1705,1707,0.006674524434448002,2,2150.9807058010792,2167.488459785776,2
1708,1723,0.026511419867382747,15,2176.41116470538,2236.2873260616493,15
1729,1733,0.009573526035464599,4,2232.103126477059,2255.704326998706,4
1734,1736,-0.006080040084391756,2,2252.8825092848497,2241.4377758322576,2
1737,1740,-0.0012159500720186154,3,2247.095770965362,2246.6105104717894,3
1750,1756,0.0024484255113080074,6,2254.2940946700573,2262.0678599361086,6
1757,1758,-0.003835219829942853,1,2264.8365545529928,2258.4152450419447,1
1760,1766,-0.00898966405109106,6,2254.4700829794815,2236.45762440324,6
1768,1771,0.00028813573284089985,3,2218.6794929044318,2221.5374532389633,3
1772,1776,0.0030578041084492686,4,2228.743876582078,2237.787682641154,4
1777,1782,-0.010179479391537353,5,2233.670275137225,2213.1663448791132,5
1784,1785,-0.013274039356805111,1,2189.254098316432,2162.3831073516494,1
1787,1790,-0.016159457395244724,3,2141.3200153098255,2108.8587657681514,3
1795,1800,0.016356219119322907,5,2119.9650625096833,2156.7596406599105,5
1801,1803,0.0021091590166847102,2,2165.8153130873948,2172.5491772965543,2
1804,1805,-0.0005682722966705394,1,2167.3356917552724,2168.271390615818,1
1806,1812,0.010854494125755593,6,2175.599134703951,2201.389761866298,6
1813,1815,-0.001022106687570261,2,2196.222676219247,2196.1741250107093,2
1816,1817,0.00016297420573052244,1,2192.1502217729203,2194.6996359359287,1
1821,1822,-0.0048592650529574455,1,2166.189572816913,2157.82967310046,1
1823,1833,-0.010367128211568016,10,2151.9560628503646,2131.798414503984,10
1838,1843,-0.014605085095715623,5,2111.922113114168,2083.189233049726,5
1845,1846,0.008697911508610014,1,2100.3814573851128,2120.750770893159,1
1848,1850,0.002391115071458499,2,2135.7089424061946,2142.951377189037,2
1851,1854,0.000737082302766283,3,2152.5442532721663,2156.2833998004467,3
1856,1864,0.0009032826753014229,8,2173.3620259014756,2177.498548192532,8
1866,1867,0.0009158064383538659,1,2192.046543757753,2196.2460806394556,1
1871,1874,-0.01736167331951356,3,2202.3439262857332,2166.309894426631,3
1880,1884,0.01587524866241975,4,2228.042287200405,2265.6410548272984,4
1885,1888,0.00475553401876686,3,2272.876351563419,2285.957968725293,3
1890,1894,0.009688630416471111,4,2294.706277210012,2319.2335445214662,4
1898,1901,0.0023602657816567227,3,2327.1444656998065,2334.9642896168693,3
1902,1903,-0.007252417349787565,1,2340.835912602456,2326.2000295294947,1
1906,1908,0.0018186216328474666,2,2322.592116126887,2329.1386245096833,2
1911,1914,-0.01628141118788382,3,2345.8487923890502,2310.0009124079525,3
1915,1916,-0.004293173217223979,1,2315.653448319601,2308.0276004032226,1
1921,1924,-0.0069488521832887645,3,2321.064064176377,2307.2563971506484,3
1930,1931,-0.004652476564718969,1,2312.3802063616818,2303.9342918492257,1
1932,1940,-0.005529639784792755,8,2305.3044665078555,2294.862267680301,8
1943,1945,-0.0021480847344867056,2,2292.7624835926486,2290.130197985432,2
1948,1949,-0.004215367140657433,1,2301.9095324619075,2294.5080481904633,1
1950,1953,-0.010712131584533456,3,2290.6381986911806,2268.391219092933,3
1954,1958,0.013465257596581789,4,2270.558249274198,2303.402459237993,4
1959,1961,0.011394589257292316,2,2330.222791379133,2359.1049457562585,2
1964,1969,0.01936394531706277,5,2378.172630014717,2426.601607406872,5
1971,1973,0.00551507138084482,2,2425.515873365324,2441.318282415671,2
1983,1984,-0.0036195642758885473,1,2419.1643350087456,2412.827178539253,1
1985,1987,0.005224742724288673,2,2414.319089708209,2429.3476048959815,2
1990,1992,-0.009500598425756571,2,2417.7840133855784,2397.2314024075736,2
1998,1999,-0.0034576847800761603,1,2377.666769197972,2371.823213767221,1
674,676,-0.0013111098981025244,2,1988.3955875049614,1987.7769779563453,2
677,679,-0.0005603642972480194,2,1991.6239821606657,1992.4995711696806,2
680,683,0.002096779892194251,3,1988.8031387179287,1994.9620242874432,3
688,690,0.003363168603886229,2,2002.7314297370385,2011.4696846332834,2
694,696,-0.0024986979393297696,2,2017.2278079620394,2014.204592803088,2
698,700,-0.0004890890761899921,2,2019.310437973172,2020.342125734496,2
702,703,0.0010735429910605897,1,2023.828113015,2028.0246076138537,1
706,707,-0.001944435159463157,1,2015.9705038376742,2014.0665504134092,1
721,729,0.011401472165686287,8,2014.374463378764,2039.355672217625,8
730,731,-0.0013648694763640575,1,2043.8966169580217,2043.15086146965,1
733,735,0.004755871148445447,2,2046.4363438125192,2058.215367721,2
740,744,-0.002985726080052256,4,2071.0062453683017,2066.893794254923,4
746,748,-0.002271540322728902,2,2067.015561062632,2064.387267429033,2
761,762,-0.00030663333372595144,1,2068.4023399950756,2069.8365012300715,1
767,774,-2.788054076705666e-06,7,2082.325476183825,2084.4019960239757,7
776,778,-0.00030598353019591995,2,2080.2397149941817,2081.683435617528,2
779,784,-0.0018534656303662044,5,2078.028350234574,2076.2548244587224,5
787,794,-0.0031092959505246436,7,2077.25643064562,2072.874882068258,7
806,807,-0.001890498077310686,1,2079.361905537139,2077.5102377582252,1
810,811,-0.004290927668773705,1,2091.9429944885806,2085.0585614065208,1
818,823,-0.0035767061123928305,5,2078.7917352601467,2073.43529988951,5
832,835,0.004149335097780254,3,2058.6198952088434,2069.220418888231,3
837,838,-0.0014052072098570529,1,2072.490052365479,2071.6502644539037,1
841,845,-0.0022889429745685474,4,2077.516700931596,2074.8389003753814,4
846,847,-0.001543494338618375,1,2076.7269599902274,2075.5982706446166,1
849,858,-0.006023281822784158,9,2079.050374099248,2068.6067181463827,9
864,869,0.0007343026403804156,5,2071.5577023096603,2075.1504103024763,5
878,880,0.010050489937781824,2,2139.345328575907,2162.9861426027755,2
892,895,-0.005337774611942337,3,2171.9077381291445,2162.486491883207,3
896,897,7.109311487457138e-05,1,2168.9902412055117,2171.313431719097,1
899,900,-0.0044401670132046215,1,2166.7550466214975,2159.3010473844156,1
906,908,-0.0022737925687794764,2,2166.3590875014015,2163.5995953944343,2
917,918,7.20319513636328e-05,1,2146.0282291027997,2148.3288399329263,1
920,921,-0.0007786368642332837,1,2155.4524785378094,2155.9296162574547,1
925,926,-0.0011008501507901451,1,2157.5732673146395,2157.35567572529,1
928,934,-0.005275569156693474,6,2153.1899231413213,2143.983810717435,6
935,936,-0.005939267728458158,1,2146.0235509853314,2135.4237661154384,1
939,946,-0.013236044245184639,7,2139.6267678980516,2113.4462000978697,7
952,953,7.764554722295672e-05,1,2115.815547121172,2118.0956463242724,1
959,960,-0.0009360517661733594,1,2137.708348254717,2137.845050928024,1
961,963,-0.003071850356118085,2,2143.592560301692,2139.151357292259,2
965,968,0.0033406628542790324,3,2141.3819605080944,2150.676977640895,3
970,973,-0.0015508911043451575,3,2149.7628393324,2148.57855410776,3
975,976,-0.002096406640970612,1,2143.4884018038833,2141.138266885302,1
977,978,-0.003925157327529303,1,2136.3738382184597,2130.124608631253,1
980,983,-0.003116781943114988,3,2127.7808118825546,2123.276763881055,3
985,986,-7.430219518566672e-05,1,2122.701673241658,2124.6666535208537,1
989,992,0.00021564981654217637,3,2129.7337319084477,2132.322742328926,3
998,999,0.0029443887508983574,1,2136.174195185487,2144.600096650936,1
1004,1006,0.0009118013936059983,2,2143.0801599016204,2147.1773035379297,2
1007,1008,-0.004131629883766355,1,2149.4597015372988,2142.728389302013,1
1009,1010,5.546640710264814e-05,1,2143.256215074045,2145.5183500108697,1
1014,1017,-0.0009619950088327506,3,2134.248983275102,2134.33009538886,3
1020,1022,0.0017214287561292296,2,2145.3008179229437,2151.1391012593867,2
1023,1026,-0.001121099636587648,3,2148.5419632768326,2148.2817756258864,3
1030,1033,-0.0022791930196424314,3,2147.494010296043,2144.7469509483485,3
1034,1036,-0.0019434991452022842,2,2150.076348257643,2148.0477530609423,2
1037,1039,-0.007096910689388824,2,2157.4235607676515,2144.269941998468,2
1041,1044,-0.007683141863416667,3,2150.4458731682453,2136.074138328263,3
1046,1047,-0.00016135238988280272,1,2136.511084628728,2138.3028645438408,1
1048,1050,-0.0017390108043208547,2,2142.9910235183925,2141.4073299984498,2
1052,1053,0.0011681188753297567,1,2141.8254222073692,2146.469154332918,1
1054,1055,-0.002345683494432419,1,2148.937074965314,2146.0452858129593,1
1058,1059,-0.0023459320858503956,1,2140.90747400734,2138.0259579452368,1
1060,1062,-0.0016412594428891671,2,2145.0594897264355,2143.6839500730894,2
1064,1068,-0.002525312146163316,4,2145.579824186007,2142.307145219613,4
1070,1071,0.0009063195249580159,1,2147.844341709308,2151.938819314479,1
1072,1075,-0.0021176419529193025,3,2154.3693633132875,2151.9615497307645,3
1081,1085,0.011016239111416963,4,2159.75783128687,2185.7099978103683,4
1086,1087,-0.0029053954388062403,1,2188.4712364151965,2184.3013333033723,1
1089,1090,-0.004607098462595473,1,2185.8189478347394,2177.9344836684927,1
1094,1096,-0.005615854712397818,2,2156.8604936600696,2146.904738986424,2
1098,1099,0.0008000620876513005,1,2134.6340041159506,2138.476477857771,1
1102,1103,-0.0024621899599226024,1,2150.4970735356146,2147.352638305848,1
1105,1108,0.0032515691156511295,3,2150.047295937009,2159.188370617604,3
1110,1111,-0.003143998281187029,1,2152.5242240641974,2147.9092158275903,1
1120,1123,0.0008852980673433909,3,2122.916903215447,2126.9192343502095,3
1128,1131,0.004938198679523253,3,2123.48016455451,2136.0898116636613,3
1132,1138,0.0025826644428531423,6,2135.15604985134,2142.805597511085,6
1140,1141,-0.00231417606486091,1,2146.2262295099563,2143.4057103693576,1
1142,1145,-0.0011331125747494626,3,2145.0206475606774,2144.73511833939,3
1146,1150,-0.0012006701851922205,4,2145.676694269931,2145.246120930329,4
1162,1164,-0.0011841176003652219,2,2170.996507179702,2170.5967885123987,2
1165,1167,-0.003999186468954068,2,2168.249923986338,2161.7469381530077,2
1170,1171,-0.0006610648664811241,1,2163.9176754528485,2164.651103179102,1
1174,1175,-0.00016563918142178935,1,2168.071942353218,2169.8808966337765,1
1177,1178,-0.005364566891081276,1,2182.8732075759535,2173.345911446739,1
1179,1180,-0.0012514756739050988,1,2161.3443885549145,2160.8008630182617,1
1185,1193,0.009005459680551612,8,2191.530367484365,2213.457636214934,8
1195,1200,0.004777610927046766,5,2216.9958746250422,2229.8048142154935,5
1201,1205,-0.0012899343137638005,4,2225.879474407077,2225.234115569144,4
1207,1209,0.009793743012058969,2,2225.1020415147,2249.1192211264174,2
1215,1217,0.00411021391281985,2,2277.3564115016366,2288.9941899201417,2
1225,1227,-0.009842802393975926,2,2298.153461542697,2277.8313446112434,2
1229,1235,0.00475809244024524,6,2280.5112577889076,2293.642652422276,6
1239,1241,-0.001998783446382815,2,2278.8416963308414,2276.565626967619,2
1244,1248,-0.0007631068404247744,4,2293.0589406413756,2293.6021506189163,4
1249,1253,-0.004900770236081387,4,2297.3290900705865,2288.3677371335552,4
1254,1256,0.0004564160244873686,2,2288.721923371,2292.055254655793,2
1257,1261,0.01604493892064949,4,2290.22898046227,2329.265793548551,4
1263,1265,0.0020715633361742245,2,2346.8141188605205,2354.0225070648285,2
1268,1270,-0.0009378286890681894,2,2375.0254660964915,2375.173124543215,2
1272,1274,-0.0020097278275865074,2,2387.121149130523,2384.7108064784256,2
1275,1281,-0.007053838456393606,6,2391.1747417975935,2376.698956189742,6
1284,1287,-0.0021146797299173297,3,2346.4728953160734,2343.857329542864,3
1289,1290,0.004871537144645842,1,2347.960351777357,2361.7464881969736,1
1299,1300,-0.0016423399531797795,1,2374.874955809594,2373.3494787416716,1
1303,1304,-0.010634159008430209,1,2347.556287354397,2324.939556800785,1
1306,1308,0.0012054142763757007,2,2333.122138202095,2338.267639074214,2
1310,1315,0.00906728064160794,5,2347.1537080711064,2370.783163159249,5
1316,1317,-0.004329941962139821,1,2367.4207549291577,2359.5373812152784,1
1323,1324,-0.00012383221664089938,1,2340.4277972456225,2342.4784046808472,1
1327,1328,0.0009857007107840396,1,2337.5702408821026,2342.2119557709298,1
1330,1332,0.010274886836034312,2,2362.9949771103024,2389.6374780713386,2
1335,1338,-0.0006044927275670375,3,2425.758245426319,2426.717650453549,3
1341,1343,-0.0014266744150714162,2,2436.617618235332,2435.5779758383187,2
1344,1346,-0.007383081006110608,2,2438.8066036752407,2423.239503565744,2
1351,1354,-0.001428839095946231,3,2419.842897223164,2418.805173982787,3
1356,1358,0.009952641902342324,2,2439.6851046038037,2466.4061019090077,2
1362,1363,-0.006274012769906908,1,2470.8538365882173,2457.8225219014776,1
1376,1379,-0.012332475759743129,3,2468.8030091276164,2440.825358871097,3
1382,1383,-0.0007133414532339954,1,2444.9878982191585,2445.6887748969225,1
1388,1395,0.004606943616569511,7,2423.951984768712,2437.542946876582,7
1401,1402,-0.000758463250518167,1,2466.840313176615,2467.4361457673504,1
1409,1412,-0.01063384975176199,3,2470.799684077201,2446.9963711541004,3
1413,1415,0.0021490178975838233,2,2450.87963060137,2458.5974944229574,2
1420,1423,0.004307438089217435,3,2466.5242371582385,2479.61516184251,3
1424,1425,-6.412665382717769e-05,1,2485.8953446450664,2488.221827839495,1
1426,1428,-0.002017635728582612,2,2491.7826762843324,2489.2469492050823,2
1429,1430,3.332193458656938e-05,1,2498.1711362297337,2500.752551261151,1
1431,1433,0.0060030895200033465,2,2504.6149865804637,2522.1550295446286,2
1435,1437,-0.0032328098193409953,2,2527.108913881615,2521.466360284156,2
1442,1445,-0.008982994618658612,3,2531.7046092702285,2511.494024998391,3
1446,1447,0.00083749993325215,1,2501.303321088032,2505.899465773575,1
1458,1459,-0.006885256052894563,1,2455.1486671138887,2440.6994885600006,1
1460,1462,-0.007226017386757876,2,2440.378112549237,2425.184275990242,2
1463,1464,-0.003656579767931613,1,2420.2351166227745,2413.805568978317,1
1469,1473,0.005104339866968951,4,2423.827266061363,2438.6231314722277,4
1474,1475,-0.008756400965280329,1,2435.6872695785846,2416.7951024897043,1
1477,1482,-0.008361581889174956,5,2388.774295092574,2371.189137504494,5
1484,1485,-0.0008582179731929941,1,2366.6793389172235,2367.0148915106975,1
1488,1491,2.029318804275173e-05,3,2382.1494929499986,2384.579983850555,3
1492,1494,-0.009412783613032803,2,2390.7405261264353,2370.6277434052254,2
1496,1498,0.010632243813461499,2,2379.0461464581517,2406.719791277229,2
1501,1502,-0.0015401006971531806,1,2410.6703936362233,2409.368388876014,1
1503,1510,0.0004906980340629642,7,2424.3467986359074,2427.9607676425208,7
1514,1516,-0.005280976699530354,2,2427.5048825729477,2417.112790732657,2
1519,1521,0.0037038223885758927,2,2426.9563546793715,2438.372326316609,2
1522,1527,-0.0028669046664223908,5,2450.202338653439,2445.6280444737276,5
1533,1534,-0.004770139069125479,1,2433.4862276789922,2424.311646177841,1
1535,1536,0.00430379112121606,1,2437.0437663587286,2449.969337448757,1
1537,1540,0.002614264994879838,3,2455.598353560098,2464.473536730855,3
1542,1545,-0.00011722908383777239,3,2482.030751257254,2484.221815817484,3
1547,1548,-0.0045729676724130496,1,2483.5580228259487,2474.6843502978295,1
1549,1550,0.0002604370338162771,1,2473.9498185442467,2477.068076515343,1
1553,1555,0.00022616112965557242,2,2477.804285522243,2480.8424728240443,2
1556,1558,-0.002493628999756627,2,2480.368863765142,2476.664112900129,2
1571,1574,-0.010800549282538038,3,2469.102680305203,2444.9041178032253,3
1577,1578,-0.005517130451126196,1,2432.4533740910774,2421.465664884026,1
1579,1581,-0.00593444060679806,2,2424.672061451895,2412.707661173698,2
1584,1585,-0.0006523572669981654,1,2406.328822290006,2407.165365018288,1
1586,1587,-5.373445433896678e-05,1,2408.3168486246745,2410.595755881563,1
1588,1589,-0.002794319976484043,1,2403.2736418593404,2398.9613999547946,1
1593,1594,-0.0040798454663589345,1,2403.0441485448096,2395.6431439184535,1
1599,1600,-0.0013619780368503925,1,2356.028393515619,2355.1755629829704,1
1602,1604,-0.002655878683991135,2,2359.526462412107,2355.6193728386856,2
1611,1612,0.000960769022747159,1,2368.2692237979054,2372.912852729454,1
1613,1614,-0.0019139601033912289,1,2373.590511756633,2371.4211447270995,1
1620,1623,-0.0007719132499343148,3,2386.453082731156,2386.9974010589804,3
1627,1632,-0.023339195950015212,5,2373.2281238383985,2320.2121157458855,5
1634,1635,-0.0027054774762492197,1,2291.746846062101,2287.838323434877,1
1639,1640,-0.002721564285149921,1,2283.803033273126,2279.871319536726,1
1643,1644,-0.017586938680504396,1,2241.1674708801193,2203.9933634678896,1
1645,1647,-0.006214104262435068,2,2155.2691709278106,2144.031372756981,2
1648,1650,0.001448923162165603,2,2152.297297946612,2157.56810865142,2
1653,1656,0.003906731364000051,3,2178.90578390143,2189.5970892505,3
1658,1659,0.0006588196742727324,1,2189.0479367256853,2192.679172511052,1
1661,1664,-0.012692022867690687,3,2216.1960080490735,2190.284193643679,3
1666,1668,-0.015669505615525457,2,2166.093862950016,2134.3183368637156,2
1671,1674,0.00244046742657513,3,2121.656274199639,2128.9557635014116,3
1678,1680,-0.0001604992056338946,2,2074.1475727150973,2075.888821250024,2
1681,1682,0.0015115090081329646,1,2085.981962352691,2091.2209248419426,1
1683,1686,0.002384017784345102,3,2104.2987513912926,2111.419735789576,3
1693,1695,0.0043215711623525895,2,2138.429077470856,2149.8088799822613,2
1697,1698,-0.0037348553900124937,1,2168.0626665134637,2162.1333286440645,1
1706,1708,0.005799985744550741,2,2158.827605734486,2173.507602678423,2
1709,1710,8.791755521165168e-05,1,2186.2755414487738,2188.6540289908457,1
1711,1714,0.007215061564136325,3,2196.5401576330637,2214.584870256117,3
1716,1719,-0.0011918360758438893,3,2218.623509314488,2218.197897286686,3
1728,1731,0.01405136289968727,3,2219.631273662123,2253.0397494655067,3
1732,1734,-0.00459253084209069,2,2256.6595659318464,2248.552446841137,2
1736,1739,0.002466610306023929,3,2243.345638381717,2251.122443491705,3
1740,1741,-0.00255684278113837,1,2254.288190390777,2250.7786180949615,1
1744,1746,-0.002478130352097949,2,2261.519315269841,2258.176494928085,2
1748,1749,-0.005813771290450739,1,2257.671531059805,2246.8036166603215,1
1750,1751,-0.003079481372153596,1,2250.504605338301,2245.8247229335543,1
1754,1756,0.004500632061638041,2,2247.3420497516927,2259.703851484024,2
1757,1761,-0.008074446537220815,4,2265.1591065970174,2249.134359599098,4
1766,1771,-0.006262336702478509,5,2234.269933274914,2222.512452601797,5
1774,1776,-0.0019518919345074565,2,2239.624698556754,2237.492817869874,2
1778,1781,-0.009637250710580133,3,2231.336807101198,2212.0641916785194,3
1784,1787,-0.01838625596151863,3,2182.6392840779326,2144.691358813288,3
1788,1791,-0.015604713254745266,3,2140.0706197539266,2108.8155020075155,3
1793,1794,-0.001993277851920788,1,2121.9282467020525,2119.8205823712383,1
1801,1803,0.0013011603097036351,2,2162.9733152799804,2167.950663624051,2
1804,1805,0.0012666980794260436,1,2162.54882919261,2167.450674470406,1
1816,1817,-0.0025216779487254853,1,2195.0885087107686,2191.7482909315627,1
1819,1821,-0.01160816678079201,2,2188.09075892914,2164.87912722691,2
1822,1826,-0.0329363814721996,4,2163.6222758866857,2094.52400952222,4
1829,1830,-0.005679698362003803,1,2115.7806794050703,2105.879464025299,1
1831,1833,0.008832049151441538,2,2110.81850786005,2131.5721791791025,2
1834,1837,-0.011568585495144858,3,2135.8943492245235,2113.3209671861473,3
1842,1843,-0.004705329477374759,1,2085.0808529435767,2077.354941396455,1
1844,1847,0.019412632836300694,3,2088.600276526009,2131.2341071125306,3
1849,1851,0.002469748132423924,2,2141.5283785468077,2148.9589426388034,2
1852,1854,0.00016918205322012485,2,2151.2034556697026,2153.7186041428968,2
1860,1864,-0.0046390026949973216,4,2181.6535844257114,2173.7145411524357,4
1866,1868,0.007573634739253764,2,2190.730843824221,2209.5133698911873,2
1875,1876,0.0026966257530899444,1,2159.5087396919726,2167.4916353131407,1
1882,1883,0.0022334550852603262,1,2257.283013129584,2264.5818363672597,1
1889,1890,-0.0013304571508317273,1,2290.7074186081145,2289.950437961172,1
1891,1893,0.007006144782709919,2,2300.5494242437517,2318.967956014027,2
1894,1899,-5.120535678751058e-05,5,2320.0454734387295,2322.2467201559375,5
1900,1901,-0.0006446374742631788,1,2330.441626927117,2331.269778549744,1
1903,1918,-0.006824598153133264,15,2328.5298845713037,2314.967133706114,15
1920,1921,-0.0007914918039844173,1,2323.129480081759,2323.6138716187616,1
1923,1930,-0.004517324062073584,7,2314.705667239605,2306.5640972996052,7
1935,1939,-0.012225762469976094,4,2322.5752649080823,2296.5025866655824,4
1940,1942,-0.0032011259609783247,2,2295.2253778293943,2290.173297663958,2
1944,1948,-0.001139338864697278,4,2300.1237927067737,2299.8032960688347,4
1950,1952,-0.008510920576483455,2,2292.0029694846,2274.7879172197368,2
1956,1957,0.0048746125462422836,1,2261.777500150884,2275.064566630079,1
1961,1964,0.006203436423961912,3,2363.764443129489,2380.791670016794,3
1968,1969,0.0010443437387669305,1,2419.8057863380427,2424.752701146375,1
1972,1975,0.002817925651756858,3,2435.5216452216205,2444.820285786321,3
1982,1983,-0.004956953313807347,1,2422.816643422484,2413.229671076546,1
1985,1986,-0.0008695133133152708,1,2416.5322103459034,2416.8475356272984,1
1987,1991,-0.009955720018478196,4,2430.7290194081615,2408.960090869552,4
1993,1995,-0.005455220093090031,2,2398.763840266658,2388.076819406924,2
1998,2000,-0.0008524163271795118,2,2378.304400818457,2378.655399717015,2
673,674,0.0017191408609346817,1,1978.248416866201,1983.6275529695813,1
680,681,-0.0033686327992580897,1,1992.1544027437121,1987.435720484187,1
683,684,-0.0025128372670779114,1,1992.348883383929,1989.3347837441247,1
687,689,0.0017644532795100232,2,2000.2157391259805,2005.7452420857348,2
690,692,-0.00012065209153383895,2,2013.9628345062622,2015.7338085125139,2
694,695,-0.0005896544397021278,1,2015.511875650107,2016.3389320000076,1
696,697,-0.00371872262785846,1,2020.1265879525015,2014.6344240866965,1
698,700,0.001385398398395677,2,2017.215556722844,2022.0274194810695,2
711,712,-0.004019595474682996,1,2003.7861693867758,1997.735545737463,1
713,714,-0.0010403582303303014,1,1996.3155210360214,1996.2349532744115,1
715,716,-0.0014338580665106495,1,1997.9972749854114,1997.1304277507927,1
717,718,-0.0011027401042688187,1,2000.9885721938342,2000.7829904192863,1
719,727,0.013461692554663219,8,2001.6824706938783,2030.6301871771118,8
731,732,0.0011802325391227306,1,2040.2311764305014,2044.6793548286878,1
737,739,-0.001730685138922162,2,2071.397646500697,2069.884107023601,2
740,742,-0.004114943349981777,2,2068.6844762931614,2062.2406413405215,2
746,747,-0.003472193729868056,1,2069.826721069526,2064.7097084277843,1
749,753,-0.0023991773677079576,4,2065.5945351504606,2062.704402026017,4
758,759,0.00019157793663966173,1,2051.5891345344876,2054.0337628822485,1
761,764,9.80512945892376e-05,3,2074.6755179866104,2076.953618124988,3
765,766,-0.0018882210728470399,1,2082.575954782573,2080.7261669337304,1
769,770,-0.0002859941777868171,1,2089.838065581955,2091.3302221282634,1
773,777,-0.002774366634239126,4,2085.249759398375,2081.549761801243,4
785,789,-0.0035144633772404973,4,2078.0698244088007,2072.844593939976,4
793,794,-0.001481015914481704,1,2076.8544208672142,2075.8554208387154,1
799,801,-0.004952100432488728,2,2077.5655444001773,2069.3547967136296,2
804,807,0.0007890452956231609,3,2075.3291135812683,2079.0419713687907,3
809,810,-0.003059086728785209,1,2096.125927433266,2091.8098223542256,1
811,813,-0.00216900490419426,2,2089.2915196537806,2086.849127621014,2
826,827,-0.002462811818703065,1,2069.1460622819977,2066.1192909674687,1
828,832,-0.0038977714162481505,4,2065.7146360180877,2059.728667191709,4
833,835,0.0011705330912399792,2,2064.7039344215927,2069.185442634868,2
840,845,2.4324204773386012e-05,5,2074.706848039902,2076.8320204821584,5
847,848,-0.0007041184930195378,1,2076.130649164975,2076.744937830138,1
849,850,-0.001756628696089495,1,2075.821479357793,2074.250853258552,1
851,855,0.0005190911934928267,4,2074.853326998536,2078.0052184153687,4
856,857,-0.0037034297026279604,1,2077.520563488708,2071.904132689552,1
860,869,0.004421154472908828,9,2067.3236730042727,2078.53095398113,9
870,872,0.0027119592749668417,2,2080.019588285882,2087.7405362887325,2
877,878,0.004426863935730095,1,2127.3592843057713,2138.904173684111,1
879,887,0.010111167901763526,8,2146.0671203711386,2169.9124324740365,8
888,899,-0.005785108554879062,11,2175.117034651165,2164.7088635207924,11
900,902,0.0006626773761493146,2,2163.671293983651,2167.2687812935815,2
904,907,-0.005103296991005696,3,2173.9336012439053,2165.013306039275,3
908,909,0.0014266021909764737,1,2156.087943301908,2161.3199110290625,1
910,911,-0.0028702408505799416,1,2166.4131274703486,2162.361413140121,1
913,914,-0.00470283597671539,1,2161.535472693604,2153.5316613803675,1
917,918,0.0003190506146497831,1,2145.3060615211234,2148.1358288001848,1
921,922,2.1519433138982155e-05,1,2155.8326769578753,2158.0349019319838,1
925,926,0.00011964184927135873,1,2157.6948026608693,2160.1106480598837,1
928,931,-0.004899535914340659,3,2159.411804450064,2150.99110056476,3
933,934,-0.004148120635852884,1,2150.259597897104,2143.4903212845234,1
937,940,-0.0012140747250409202,3,2136.339059280019,2135.881723083309,3
941,942,-0.0007549640940358995,1,2132.4518666762206,2132.9743939512964,1
945,948,-0.011123862251645914,3,2124.870569503207,2103.3586725549803,3
949,952,0.0019107709211373751,3,2110.084788927828,2116.2267623725734,3
954,956,0.00040660529713139,2,2115.7418803769574,2118.7178941132584,2
957,958,0.0017417982986354373,1,2128.1875696759053,2134.0226307336197,1
959,960,0.001966471507247742,1,2132.7626299555723,2139.0894095290582,1
974,978,-0.008716690059990866,4,2148.7152329134174,2132.1342634338434,4
980,981,-0.004830968476240813,1,2127.937277444709,2119.7852168154004,1
984,985,0.0006964689187859599,1,2119.8470517147625,2123.4433063505767,1
991,993,-0.00025780826504956053,2,2137.6930256047303,2139.2796037001954,2
996,997,-0.00021277340528953889,1,2138.177237242426,2139.860467227788,1
1001,1005,-0.0030591252329802217,4,2146.3115276837966,2141.8920034593066,4
1012,1014,-0.006078796707381976,2,2141.063131630007,2130.1891072467874,2
1015,1024,0.0048260852237564655,9,2133.8613443670665,2146.2934024150286,9
1025,1032,-0.0038418792503205164,7,2155.0591616363417,2148.9347437216743,7
1036,1037,-0.0031278777604140744,1,2153.5174073675557,2148.9349855697537,1
1040,1041,-0.002345944353405024,1,2147.345861736147,2144.4556536987357,1
1043,1044,-0.0032601252215621506,1,2145.420415391921,2140.5714966002392,1
1046,1047,-0.0025626746779537505,1,2139.17950068784,2135.8366590505175,1
1050,1055,-0.0015462951946593538,5,2144.4162912232046,2143.24480690796,5
1056,1060,-0.0026693124812250937,4,2144.919093693203,2141.338553478883,4
1074,1075,-0.0017230992882119544,1,2159.7423234975336,2158.1806153606913,1
1076,1077,-0.002742220842170163,1,2155.040466479738,2151.285910063317,1
1078,1081,0.0012851775825989831,3,2148.2911545462343,2153.200381333499,3
1082,1088,0.0059520109653355665,6,2167.447705603018,2182.515825819162,6
1089,1091,-0.004201887236728505,2,2186.010863681371,2179.0115033976,2
1092,1093,-0.004187507179490008,1,2177.591684247183,2170.6505951196473,1
1097,1099,-0.003649722131778197,2,2144.7547544328236,2139.0717502927664,2
1104,1107,0.000208870725213098,3,2151.1337489537013,2153.7341915688294,3
1108,1112,-0.007072911218254996,4,2160.396862267262,2147.276963926516,4
1113,1116,-0.010832821254360369,3,2146.4643433215465,2125.3585431048077,3
1117,1120,-0.004733009971693418,3,2129.3382813773524,2121.389440339862,3
1126,1127,-0.0035918326481355336,1,2125.8494769692093,2120.3396308897786,1
1128,1129,-0.0011719616245318856,1,2130.1083804801956,2129.7420835826592,1
1138,1139,-0.0007857632943140242,1,2146.770654353508,2147.23057142636,1
1140,1141,-0.003454722040617646,1,2146.7334749466827,2141.4638409703994,1
1146,1147,-0.00017428763290136778,1,2146.4491314323864,2148.221481025558,1
1150,1152,0.0032036368456181364,2,2144.3685645257865,2153.3827112342124,2
1153,1154,-0.003119313210739149,1,2160.2200575997276,2155.641874693553,1
1155,1159,0.0022717634972920743,4,2160.124420251425,2167.1918364792127,4
1161,1162,0.001824109895233158,1,2163.4208260833325,2169.530564245828,1
1167,1174,-0.0004557664777768913,7,2165.470593093584,2166.6491147817337,7
1177,1178,-0.00817855612811689,1,2183.9099937346055,2168.232673265826,1
1179,1181,-0.0037038211001983764,2,2165.3282098229774,2159.4735497204033,2
1183,1184,0.002914316446771456,1,2170.48401070374,2178.979971964292,1
1192,1193,0.0002086987072029557,1,2214.713055707149,2217.389976514408,1
1194,1195,-0.0007961887840664168,1,2214.0269608777344,2214.4782044047406,1
1196,1198,0.0016173096337366976,2,2218.096145923551,2223.901590334831,2
1207,1210,0.006207945493093715,3,2233.8647193251054,2249.966294460946,3
1213,1214,0.00034733531714998796,1,2263.989296986807,2267.039649724287,1
1216,1220,-0.00016110402203995083,4,2284.6337920074275,2286.550362106654,4
1221,1225,0.001576629782313739,4,2294.027379805353,2299.9382390736027,4
1228,1230,-0.00040502572447812457,2,2282.458894389175,2283.8168987162726,2
1231,1234,-0.0015806407764038357,3,2294.0877411377483,2292.7557002505955,3
1237,1242,-0.007204377847170912,5,2289.099338030164,2274.896900807316,5
1244,1246,0.0004468874942595432,2,2291.5230535302344,2294.8386295791947,2
1248,1249,-4.3043074049232445e-06,1,2296.5889269522418,2298.8756306544697,1
1252,1254,-0.00475946608896761,2,2297.4333307542092,2288.796208055575,2
1256,1257,0.0003905136208784512,1,2287.8723701841377,2291.05368787771,1
1258,1260,0.008705237509112042,2,2295.6703359210483,2317.950361773785,2
1262,1269,0.016115795287051208,7,2338.0103820710883,2378.0272891496174,7
1272,1274,-0.0022341339850859123,2,2387.7150831142153,2384.768322783442,2
1276,1284,-0.018887871600884325,8,2387.154072425036,2344.4529668859686,8
1285,1286,-0.003258465404939307,1,2342.797311351713,2337.50618467324,1
1290,1295,0.01159792718759367,5,2357.8280235226257,2387.5317692838316,5
1298,1300,-0.006400401722176203,2,2381.2240129324036,2368.364446672076,2
1301,1304,-0.02158397625842903,3,2370.0659604306143,2321.2805789701997,3
1307,1308,0.001482541377963653,1,2331.1975168074314,2336.984811103112,1
1312,1316,0.0015425449223230472,4,2361.6730882833162,2367.677748202118,4
1319,1320,-0.004089915315618321,1,2339.753530194131,2332.5238899264123,1
1322,1326,-0.005013313970196451,4,2342.0281882533986,2332.6288938068874,4
1327,1329,0.005048446146067406,2,2335.360785564782,2349.486089507908,2
1330,1333,0.014691218948518606,3,2360.565275088175,2397.6054216618536,3
1336,1345,0.0033070901463223687,9,2428.4160095356256,2438.875416201468,9
1348,1354,0.0017144738255322521,6,2418.531196480779,2425.096236109859,6
1355,1356,0.0020136343431559124,1,2429.8837580624895,2437.2065392056634,1
1363,1364,-0.0015399709697724283,1,2455.359351081806,2454.0335283118625,1
1368,1372,-0.001188451706515073,4,2473.932153078901,2473.465936342851,4
1374,1377,-0.0056405812998360115,3,2469.9365378146913,2458.4745965055267,3
1378,1381,-0.0033459821177928293,3,2450.143570731735,2444.3955777287733,3
1382,1384,-0.0016554808972037954,2,2445.914982646711,2444.3117320994015,2
1387,1388,-0.001175089849184636,1,2419.0938512992093,2418.670292521622,1
1389,1390,-0.0010337725673559243,1,2429.477996670006,2429.395946960724,1
1391,1396,0.005263415013139056,5,2431.2566996023625,2446.484669315447,5
1403,1404,-0.0048535333130357095,1,2463.3009179406968,2453.808505793381,1
1405,1406,-0.0023003834735821024,1,2460.804637415942,2457.6046477337322,1
1409,1410,-0.005074953293264373,1,2466.3788314340964,2456.3284528925064,1
1413,1414,-0.0005669419797848429,1,2450.6953219167212,2451.756615180981,1
1418,1420,-0.0003982425838529004,2,2461.331380966898,2462.8125053789904,2
1428,1429,-0.003260261224989333,1,2495.9992569968185,2490.3576466586264,1
1430,1434,0.010046710078976645,4,2502.0165139465926,2529.6555649889724,4
1435,1436,-0.002431863013271918,1,2526.0045725495397,2522.3876800307503,1
1440,1444,-0.0022195190792456353,4,2522.236781620145,2519.160865742584,4
1445,1446,-0.004689255850997945,1,2514.8105245786633,2505.53274513671,1
1447,1449,-0.001126587075963294,2,2506.0070996312006,2505.689871520115,2
1453,1456,-0.008728415183682007,3,2501.3642987998305,2482.032716973066,3
1458,1461,-0.008376151726511873,3,2456.9226489115276,2438.8000146728527,3
1462,1463,-0.004512856583474171,1,2426.888496775933,2418.363185542676,1
1464,1466,-0.0015380020710794701,2,2412.624231944348,2411.3262351108256,2
1468,1470,0.004184668951586513,2,2414.085167706606,2426.6014001221,2
1473,1479,-0.02433233797862542,6,2442.132347761566,2385.151690435059,6
1480,1483,-0.016481146428388698,3,2395.5604863767767,2358.4744637091158,3
1487,1488,-0.0027110559147749836,1,2382.081058590579,2378.005184705804,1
1489,1491,-0.00039833157096792033,2,2385.7029393896887,2387.1383415293685,2
1492,1494,-0.01104758818005076,2,2393.5535121825833,2369.5040722052586,2
1496,1498,0.012667912252141148,2,2374.7456464025686,2407.203461518753,2
1502,1504,-0.0008697960271420099,2,2413.0564328063974,2413.3706223406793,2
1511,1512,-0.0056467789599133926,1,2426.8608546725086,2415.583768714379,1
1514,1516,-0.003314510019674778,2,2425.7507946369997,2420.1363701175783,2
1518,1519,0.002628993356020936,1,2423.4768732381513,2432.271654709603,1
1521,1529,-0.005796284813074594,8,2442.7695669502536,2431.0533483744493,8
1531,1535,0.0009139838384033129,4,2430.7503563231003,2435.402773220296,4
1539,1540,0.00238714721483905,1,2460.3481447721097,2468.681706138209,1
1541,1542,-0.0002765763981910893,1,2475.3264149750016,2477.1171245257756,1
1546,1547,-0.003481275106765696,1,2486.399545457095,2480.2301041594787,1
1549,1554,0.0003819030058761397,5,2477.9771594096187,2481.4014834946993,5
1558,1560,-0.0008912786636207111,2,2477.2408530402736,2477.5101819763495,2
1568,1569,-0.0028878214905695898,1,2470.473372513298,2465.8095597887873,1
1570,1574,-0.012013521111905161,4,2464.62390333192,2437.4797159396676,4
1581,1582,-0.0030245492118124635,1,2414.481078848422,2409.5928430833033,1
1584,1585,-0.0008501454856085066,1,2406.6286644670536,2406.989308636888,1
1587,1588,-0.004263243816858157,1,2409.5954275900203,2401.7323302098075,1
1597,1598,-0.0037081542470755965,1,2363.737014479141,2357.3356500444097,1
1599,1600,-0.0035046270161522173,1,2356.6292192823084,2350.7267420726403,1
1603,1605,-0.0006166316834785801,2,2357.9376941865776,2358.8416527908603,2
1608,1612,0.007739812379861135,4,2353.933731075224,2374.506670239448,4
1614,1615,-0.002087154192125831,1,2378.542125386782,2375.95628334402,1
1623,1625,-0.003304547754975726,2,2386.6364043449876,2381.136286777411,2
1631,1633,-0.015559413664865861,2,2327.083591395704,2293.202618755852,2
1638,1643,-0.02409512085835372,5,2294.3255610814217,2241.337834959836,5
1644,1646,-0.03935251641402726,2,2206.4444196904465,2121.8217238676298,2
1647,1651,0.00547161823128719,4,2146.200015725855,2160.089402875615,4
1653,1658,0.00661542925163124,5,2172.018584392084,2188.55943825475,5
1661,1663,-0.007565889592773512,2,2219.010935108292,2204.441154303214,2
1666,1668,-0.01858358898254652,2,2167.2649645290635,2129.156668176511,2
1671,1677,-0.01451203753005055,6,2121.9316406558783,2093.2600206911343,6
1681,1683,0.00684449788343268,2,2087.985847391391,2104.36504795189,2
1684,1685,-0.00252825087988124,1,2115.555297322739,2112.322198078168,1
1686,1693,0.008766507388811948,7,2113.4626122721843,2134.1037604909184,7
1694,1698,0.007937080694988823,4,2142.29995940331,2161.4458670133686,4
1699,1700,-0.0021434466395675454,1,2163.2724965502043,2160.798909883555,1
1702,1704,-0.0021421397807412923,2,2153.295207573005,2150.8358434567563,2
1705,1706,0.0010822764069745878,1,2151.7057945127776,2156.186240723442,1
1708,1713,0.010492026200204261,5,2179.9162154851974,2204.9678697478034,5
1714,1717,-0.004799753207526495,3,2219.2495020908054,2210.8169016769343,3
1718,1719,-0.0010435349736870848,1,2219.7416738671136,2219.6450374717497,1
1721,1724,0.0018525314707411302,3,2230.7993808863152,2237.1628063252033,3
1726,1728,-0.0089455850602214,2,2239.720646599637,2221.9247556909454,2
1729,1733,0.012976618750038107,4,2228.4140853428644,2259.5597794309165,4
1735,1737,-0.003982245434650325,2,2248.1568864290034,2241.452330818073,2
1742,1744,-0.0017906611607484816,2,2265.47608248972,2263.6848585406906,2
1748,1749,-0.0036652451568586894,1,2252.714327277282,2246.71029132672,1
1752,1757,0.003798086589575143,5,2249.0354697684775,2259.8265366954524,5
1760,1762,-0.006017056184140387,2,2257.867799322477,2246.5399497169146,2
1764,1772,-0.005054032831050999,8,2238.782715381688,2229.706616751941,8
1773,1774,-0.0011903010967896038,1,2236.9676366444646,2236.5419392497283,1
1778,1785,-0.03430537512953671,7,2235.58917323857,2161.1320371883285,7
1786,1789,-0.008898459841616448,3,2150.3898009036975,2133.405033417438,3
1791,1792,0.0017204437478610807,1,2111.2691529813874,2117.0127419486676,1
1793,1795,-0.0038977727047415705,2,2122.676911272638,2116.525876058167,2
1796,1797,0.0013456857900842447,1,2127.9546606904287,2132.9461736999538,1
1799,1805,0.010435892792771198,6,2148.607790942069,2173.1790392929956,6
1806,1807,0.0015296188919814743,1,2175.8595262987637,2181.363621662787,1
1808,1809,0.002037773228842483,1,2186.660449460199,2193.3030280341377,1
1811,1813,-0.004709985353069044,2,2202.1211885849416,2193.9513512296085,2
1816,1818,-0.0025713121310874925,2,2194.970200285328,2191.521216982244,2
1827,1829,0.002872573102365847,2,2103.674774715225,2111.8214090639126,2
1830,1831,-0.0030909788200322395,1,2110.7099350261265,2106.296485256755,1
1832,1834,0.0016886780928519409,2,2125.638716021733,2131.353874270819,2
1837,1849,0.011414433406625495,12,2116.004089998329,2142.2730818617606,12
1855,1857,0.0052335110216465445,2,2166.648052133115,2180.153876646116,2
1872,1881,0.023147522745972576,9,2186.2882826300906,2239.081728664154,9
1884,1885,0.00222103874755514,1,2261.718137112979,2269.0032188686682,1
1886,1889,-0.0011611148979582821,3,2284.0974015382385,2283.729399418463,3
1890,1891,-1.992590744025473e-05,1,2292.975555517867,2295.222841454703,1
1893,1894,-0.0025408892822603906,1,2324.0183148329124,2320.4372599198095,1
1895,1896,-0.003759262630866755,1,2319.6738276200863,2313.2732383117345,1
1898,1901,0.002713427087303549,3,2325.5048083907877,2334.1404009379207,3
1914,1916,0.00040856557805670954,2,2312.0923728081434,2315.3491065377684,2
1917,1926,-0.011062411793968302,9,2311.5249483317393,2288.265432429594,9
1927,1934,0.0056551268479018025,7,2301.5524692388003,2316.869592868686,7
1938,1942,-0.008052789525228855,4,2305.7986444222606,2289.5363318955924,4
1946,1947,-0.003796910570505612,1,2303.021228495934,2296.579884077855,1
1950,1951,-0.004683934157390856,1,2288.5985102174377,2280.167463993094,1
1954,1958,0.010535644905770556,4,2270.7422892759714,2296.9367659975755,4
1960,1961,0.0027444015086226735,1,2349.2166075058785,2358.013017715105,1
1963,1966,0.001832713285502509,3,2378.2313283002695,2384.968175779944,3
1972,1975,0.0003684093587546129,3,2435.375790773766,2438.708381797945,3
1977,1979,-0.005706104374604081,2,2433.8207209348448,2422.366906593051,2
1980,1983,-0.0024261572833663156,3,2424.051073157106,2420.5939950638713,3
1986,1987,0.0004848337874470722,1,2426.0804604015166,2429.682786640186,1
1993,1997,-0.008947075112233107,4,2396.6354286067453,2377.5891868389685,4
1999,2000,-0.00223098768654172,1,2372.7756281108923,2369.8547705297615,1
675,678,0.0009044039495220112,3,1985.060112966449,1988.8404692856209,3
682,684,-0.00014140582222160357,2,1986.112130854397,1987.8173951663637,2
686,692,0.006879926646791373,6,1999.4087343219035,2015.163928485314,6
694,695,-0.0021026436672041925,1,2014.179485203326,2011.958562949354,1
696,705,0.0015893372603330382,9,2018.839047152686,2024.0665023200936,9
706,708,-0.002316371104888644,2,2018.2384630804713,2015.5817122848973,2
714,715,0.0005830709876115455,1,1993.6719029254236,1996.8280270737612,1
716,720,0.0020106157907543087,4,1999.4760534113716,2005.495707591007,4
724,730,0.008826952662238166,6,2025.6445734542838,2045.5504867881386,6
732,735,0.0042630751682127726,3,2045.9328329589046,2056.700731247882,3
737,740,-0.0025764862815206894,3,2068.8326317455735,2065.5711454828643,3
745,751,-0.0031277342025926064,6,2068.216036397855,2063.815422398861,6
752,762,-0.002069214770192212,10,2068.365540657365,2066.1540136711374,10
766,770,0.0034309871603570375,4,2085.385804700339,2094.626122425357,4
772,780,-0.005438168470460626,8,2087.379229483098,2078.1150888009115,8
789,791,-0.002475557106818658,2,2078.797291086174,2075.7299069696764,2
794,795,-0.0030932262440464668,1,2078.227400054775,2073.877199919884,1
797,809,0.00571012234545421,12,2077.262330763049,2091.201015146072,12
812,815,-0.004417504764691963,3,2089.9176678106624,2082.7753642231055,3
816,817,-0.0025940489901904885,1,2085.84850509795,2082.523560394708,1
818,823,-0.0037161484370331083,5,2078.849518137289,2073.2030542677735,5
824,825,-0.003598340565776799,1,2075.584792591728,2070.1917164274273,1
827,832,-0.0055947519492042085,5,2065.8282257927976,2056.336257525615,5
833,834,0.000778636081500822,1,2061.107129918371,2064.7730894274823,1
838,839,-0.00030603427405346683,1,2073.4499782110383,2074.8888814303814,1
842,844,-0.0022445400767996462,2,2074.264768958144,2071.683263323282,2
845,847,-0.0010542953896709253,2,2077.3561671604734,2077.243376297892,2
848,849,0.00042448988919731507,1,2076.809454340187,2079.767848409684,1
850,852,-0.0014938619421995384,2,2075.091715420018,2074.0669065951984,2
854,860,-0.006787712488535855,6,2076.1161622966156,2064.1001988564403,6
862,863,-0.0036510422072542344,1,2070.5775116315995,2065.0883232548726,1
866,871,0.009261233515445794,5,2065.2442154379028,2086.4361685989347,5
878,879,0.004671438920353178,1,2136.6384872236035,2148.756301898768,1
880,884,0.005304577029460262,4,2162.4873714579103,2176.1209396665017,4
889,894,-0.004416318569794594,5,2172.678961355904,2165.256397874022,5
900,901,-0.0003979101271256943,1,2160.5728532015833,2161.873712236103,1
903,904,-0.0023333173827529896,1,2168.846386358361,2165.9546257709085,1
906,912,-0.005881984841643255,6,2170.840593681203,2160.2425828092273,6
914,917,-0.0046943249123344005,3,2156.196293137243,2148.230603455623,3
918,924,0.0029161531584007373,6,2149.1640849371274,2157.5805406562754,6
925,926,-0.0008559007503746183,1,2157.0618732817143,2157.3727042790497,1
927,928,-0.0015773540424172759,1,2155.374555853911,2154.130141641165,1
929,931,-0.0028715210609410336,2,2153.8465244356794,2149.8155553031634,2
932,934,-0.0026422630789311964,2,2148.700636168026,2145.1719044455713,2
937,939,-0.0015155781726306867,2,2137.1702426032302,2136.068364274948,2
942,943,-0.0014648370828768008,1,2135.4554722276716,2134.462833335348,1
948,950,0.0026420277098612587,2,2106.4892207033427,2114.1611128156683,2
952,954,-0.003115684744558933,2,2120.2814114114685,2115.7955643751734,2
956,957,-0.0013208287716076307,1,2123.8938071136067,2123.2124008724454,1
961,963,-0.0028497178773639388,2,2142.705774949149,2138.7423737712948,2
964,965,0.00029647214649574814,1,2140.189620588772,2142.9643168200846,1
970,972,-0.0033031315134668016,2,2150.1715303028095,2145.21940249201,2
973,975,-0.004822626806426885,2,2149.3310330905774,2141.1149426676,2
978,982,-0.004961694528832844,4,2130.755842996384,2122.314439230907,4
983,987,-0.00017604772305507852,4,2123.911431556355,2125.6614332164154,4
989,990,-0.0011247845740764127,1,2128.8520060530686,2128.5863581622216,1
992,999,-0.00026570883743708476,7,2139.046422456034,2140.6171053403555,7
1006,1008,-0.003460902068344973,2,2147.1764357543757,2141.892444822526,2
1011,1023,0.0024118937926621477,12,2142.2643132518397,2149.5734915644653,12
1025,1026,-0.007491263427472262,1,2153.016374331429,2139.0405778819822,1
1032,1036,-0.0001577122135006224,4,2147.942964801116,2149.752150926465,4
1037,1039,-0.006630944867748481,2,2152.7803811554895,2140.6581935168324,2
1044,1048,-0.0028664677804604664,4,2142.0663800119373,2138.0682821300375,4
1050,1051,-0.0029294228105409895,1,2143.806902022022,2139.6705920838654,1
1054,1060,-0.0028041091895290174,6,2144.1423740065084,2140.2741070459047,6
1069,1073,0.007577503708172096,4,2142.6909084236936,2161.0698476361645,4
1077,1079,-0.0005826541879059793,2,2151.556742670216,2152.454685866252,2
1080,1089,0.015890222094576783,9,2152.023832878263,2188.371993368399,9
1095,1096,-0.002122734048739938,1,2153.855743154967,2151.437535976053,1
1097,1099,-0.004631964680418443,2,2141.5880935015243,2133.809921185922,2
1105,1108,0.003871619930345428,3,2147.354245947518,2157.8153396895877,3
1110,1111,-0.003786620352910226,1,2154.921121831259,2148.916174774248,1
1112,1114,-0.003963083886662758,2,2143.983050343521,2137.63024871377,2
1120,1121,-0.001076685662524869,1,2126.122526445348,2125.9594833307983,1
1122,1126,-0.004279592600530062,4,2130.8576820596886,2123.869336972823,4
1127,1129,0.000932501861973144,2,2124.282893789168,2128.3880744367734,2
1131,1133,0.00012808713751170735,2,2135.884598079112,2138.2940620214144,2
1134,1136,-0.0007418276614554516,2,2141.135304386479,2141.688086295153,2
1143,1145,0.00033982508792971774,2,2142.1211817135363,2144.9912494141818,2
1147,1152,0.0006921222806465922,5,2147.736199291735,2151.3704315675077,5
1158,1160,0.001945637270409316,2,2159.2595985564935,2165.6199941064906,2
1167,1173,-0.001220530279277034,6,2164.6450034179984,2164.167633650859,6
1174,1176,0.0034249703155453323,2,2167.1325186172066,2176.722015681941,2
1182,1184,0.006225474205460869,2,2165.3512592763705,2180.996948946034,2
1186,1188,-0.0007633613498415182,2,2205.7139053367323,2206.235862497927,2
1189,1190,-0.0020716721614119243,1,2209.5094523762577,2207.1415826057696,1
1192,1193,-0.0018213961807702608,1,2213.7655064377486,2211.9471279056397,1
1194,1196,-0.0018762068066300987,2,2216.389635986361,2214.4476203011654,2
1197,1198,0.0018677122691672463,1,2217.118310774892,2223.4763681568966,1
1199,1209,0.0079332324619774,10,2230.0272390220744,2249.9485907448,10
1210,1216,0.014865686469172214,6,2251.422267418537,2287.1426272231124,6
1221,1222,-0.0006638542914270982,1,2294.2112096700093,2294.9823989226998,1
1223,1225,-0.00478315989304883,2,2308.478024370043,2299.7446828942616,2
1226,1228,-0.005038534396873839,2,2288.456947209065,2279.2149351119965,2
1229,1230,-0.00014320422036074015,1,2280.503764172026,2282.45769017262,1
1231,1233,-0.002349102783732098,2,2295.079468463919,2291.983170364128,2
1234,1235,-0.0002454261948284241,1,2297.0759478386954,2298.809261177424,1
1236,1249,0.0009980499345011882,13,2290.5540406821387,2295.130682033095,13
1250,1251,-0.003665533746262371,1,2298.720937861832,2292.5936196287216,1
1252,1264,0.02046764321158814,12,2297.0232993281616,2346.3349759668436,12
1266,1270,0.002072132904626044,4,2370.271904978456,2377.553695290651,4
1273,1279,-0.005127696266330789,6,2386.7812549988193,2376.9293469240124,6
1281,1283,-0.011913722525319338,2,2380.042189983189,2354.067069923159,2
1285,1289,0.002493965932294402,4,2341.2031200539336,2349.3832039959834,4
1291,1297,0.008251846610151645,6,2362.6279952679997,2384.4866670770693,6
1298,1299,-0.004762261719490448,1,2377.3165785478845,2368.372491389304,1
1300,1301,5.407662343600303e-05,1,2370.1220747700013,2372.620365043706,1
1302,1303,-0.008592810288632367,1,2363.2546598938407,2345.3109155975403,1
1304,1310,0.008456379934983355,6,2324.294941893481,2346.2743579449857,6
1312,1314,0.0012686781149695001,2,2364.079632184721,2369.4429679083037,2
1315,1316,-0.0035261033628670416,1,2369.50358700871,2363.5179760292417,1
1320,1322,-0.00037761968171337265,2,2339.3498313269174,2340.8057966195224,2
1323,1327,-0.003390613587258269,4,2342.5207653079538,2336.920703337974,4
1329,1333,0.01744228926873759,4,2350.1866778274134,2393.52950037544,4
1334,1345,0.00648967260597985,11,2414.2044684499124,2432.286069522496,11
1348,1354,-0.00022795115928799046,6,2419.5324357457716,2421.4004329578543,6
1356,1358,0.008591077479946283,2,2441.3300734219074,2464.74505931022,2
1360,1363,-0.007871078505805552,3,2473.6652987889165,2456.668550323851,3
1366,1367,-0.0014979371555190772,1,2466.4811574127743,2465.253004801111,1
1368,1370,-0.0018875185050880427,2,2471.626728707697,2469.433114248299,2
1371,1373,-0.000767002330751903,2,2468.2073377961133,2468.782424353041,2
1376,1381,-0.008725172378588424,5,2465.258316802627,2446.213771347578,5
1384,1386,-0.005452555162222384,2,2440.7282668069874,2429.860789563034,2
1387,1392,0.007169705946541459,5,2418.192139114578,2437.948057813382,5
1393,1400,0.004642689395455044,7,2440.7014820216273,2454.473602391702,7
1402,1404,-0.002217726473129094,2,2464.4279693152457,2461.4269701358908,2
1407,1410,-0.0041246552674032485,3,2464.277746744334,2456.5777283026246,3
1411,1412,-0.0048082394789234675,1,2453.007817063033,2443.666175851986,1
1418,1426,0.008239158536293638,8,2463.617998538292,2486.3797557996536,8
1427,1429,-0.0039608187118424405,2,2498.6113117186924,2491.2133765933345,2
1431,1434,0.009281285205852668,3,2505.63101358693,2531.3921206582468,3
1438,1439,-0.0019154944867181623,1,2516.510328391086,2514.206477059675,1
1443,1444,-0.0015490973991128436,1,2523.3801461139597,2521.9945646387555,1
1445,1447,-0.0057342819087258055,2,2517.5344060929724,2505.6156884996117,2
1448,1451,-0.00783095218286188,3,2510.923812853606,2493.7718123531936,3
1452,1458,-0.01916168339400886,6,2498.141156751967,2452.770707989495,6
1459,1461,-0.0037281139150751414,2,2440.777649107042,2434.118929638909,2
1462,1466,-0.008676597674438014,4,2429.1194247076915,2410.472052181048,4
1469,1470,-0.0007625643185075045,1,2423.506757604284,2424.0821845828773,1
1473,1476,-0.01850895407460772,3,2441.049981773995,2398.309749749292,3
1478,1480,0.0014377262867735336,2,2384.327703576591,2390.140041895882,2
1481,1484,-0.012053855179855036,3,2390.050180965795,2363.6309123928127,3
1487,1491,0.0016356035897572485,4,2379.2168160799765,2385.4874884612477,4
1492,1493,-0.0015570663060601613,1,2392.278687593045,2390.946029741481,1
1495,1498,0.01601351813920533,3,2369.772775969104,2410.090948078849,3
1500,1501,-0.0003592631957722221,1,2409.1131522115966,2410.6567596737677,1
1502,1504,-0.0017048547975115668,2,2417.0366819680926,2415.333022067046,2
1509,1513,-0.008224005856051802,4,2435.6669972059976,2418.0717245547894,4
1518,1520,0.001836224203702106,2,2424.4909871158193,2431.367387135135,2
1523,1527,-0.005987785333330403,4,2456.323764243613,2444.0721485984077,4
1530,1531,-0.0036310261409308133,1,2431.7913737083986,2425.393267034882,1
1536,1539,0.0016135408498651358,3,2452.766605566585,2459.1770112854183,3
1541,1542,0.0002607239983451002,1,2478.4127896797468,2481.5373841615014,1
1544,1547,-0.0010732116190140084,3,2480.3702171707155,2480.1886252513623,3
1548,1551,-0.001840177882490562,3,2480.830790592749,2478.7464514322915,3
1554,1557,-0.0021150944708859393,3,2482.8614373732103,2480.0928123124195,3
1559,1560,-0.0023100904635874856,1,2474.6933610909277,2471.4512889182593,1
1564,1566,-0.0017268193761211682,2,2464.779584931102,2462.988135370906,2
1572,1574,-0.007665737404133741,2,2460.7067462107248,2444.3043212119037,2
1575,1577,-0.00421678761232349,2,2439.9120300760164,2432.063351282509,2
1581,1582,-0.002453007869935791,1,2411.053902490584,2407.5506221954256,1
1586,1589,-0.004314008458406507,3,2408.182133039264,2400.2013970809885,3
1590,1591,0.0007925955161592409,1,2408.4276366837207,2412.744973266234,1
1596,1598,-0.011824748889642314,2,2376.0043871306702,2350.2847362792922,2
1599,1601,-0.0002667671301546064,2,2351.4816635482425,2353.205847196795,2
1604,1606,-0.003628393971032989,2,2360.6541274760243,2354.449398399672,2
1612,1613,-0.00018112746729123414,1,2373.4966704972708,2375.4402617272167,1
1614,1616,0.0022263606927197636,2,2375.7373426771223,2383.4023282557623,2
1618,1620,-0.0005273322351700583,2,2386.317288491448,2387.445223750374,2
1623,1624,-0.0023368415761332497,1,2391.255284554856,2388.058555071315,1
1634,1635,-0.003329780315590612,1,2291.3668548383384,2286.0284734441393,1
1636,1637,0.002547877691862666,1,2281.537324203744,2289.6319395794385,1
1639,1641,-0.008743191318661345,2,2289.447269068231,2271.719640849849,2
1644,1646,-0.03832083650404814,2,2202.4831797516413,2120.284665097214,2
1652,1656,0.007184764504477051,4,2173.275192603178,2191.062938258057,4
1664,1673,-0.035242280794357525,9,2197.143886908011,2121.908668986901,9
1676,1682,-0.006296832341863162,6,2108.84102092961,2097.670843606102,6
1684,1685,-0.0024265709539721967,1,2114.7915855085766,2111.7746852589853,1
1686,1688,0.004118436933727487,2,2116.5784869582994,2127.41206045908,2
1691,1694,-0.0008912117719773958,3,2136.759326003117,2136.991780263904,3
1696,1699,-0.00012397075286211536,3,2156.335136087961,2158.224148733805,3
1701,1702,-0.003200606484331661,1,2158.1401494817587,2153.3909322747127,1
1704,1706,0.0033070266803471565,2,2151.9819575036795,2161.2506012102735,2
1718,1721,0.005029460583325704,3,2212.8641918434137,2226.2065692643864,3
1722,1723,-0.0012133365258539769,1,2235.029138870695,2234.552325519026,1
1724,1725,0.0005516068048066196,1,2233.6827840771552,2237.1485814847088,1
1730,1732,0.006617084412757143,2,2244.5433359227736,2261.640211980589,2
1733,1735,-0.007750328005620258,2,2259.373505213179,2244.1219929657823,2
1736,1741,0.0033767332928953606,5,2244.705355467693,2254.529832129709,5
1742,1749,-0.007044893813836832,7,2259.636819957247,2245.9775553227696,7
1750,1751,-0.003084674167338566,1,2250.095559085046,2245.404842998978,1
1752,1753,-0.0019325519029579374,1,2248.8905680241423,2246.7933608453873,1
1755,1760,-0.0024103352899869646,5,2259.4728247956714,2256.2862105340955,5
1767,1772,-0.0010914108226778548,5,2226.8423704866473,2226.638812993587,5
1773,1774,0.0024533049950330385,1,2232.4154238929427,2240.124635227261,1
1776,1780,-0.013992611178431282,4,2240.6260627998654,2211.5144795696474,4
1781,1782,-0.0033182263823064604,1,2213.9301722556934,2208.797780921786,1
1788,1789,-0.003740149589743163,1,2139.4514567008323,2133.589039669478,1
1790,1792,0.00018434602479471484,2,2116.616404904886,2119.1232111300505,2
1797,1801,0.012011862436652171,4,2135.1871586905086,2162.9699202758957,4
1804,1805,-0.001957014236290971,1,2172.823038344959,2170.743615764322,1
1811,1812,-0.002553920421728775,1,2204.4162394212144,2200.9907520087872,1
1813,1814,0.0011932194506443054,1,2196.4232286659617,2201.240466812919,1
1815,1819,-0.006738836473773986,4,2198.6380744874355,2186.0204501129388,4
1820,1821,-0.008005951429999703,1,2182.9267434501226,2167.6332647102636,1
1822,1823,-0.00533791342942503,1,2159.927547597929,2150.5579688826188,1
1828,1829,-0.0028156731566067504,1,2113.8410956138973,2110.003051079259,1
1830,1833,0.009267136176945277,3,2110.7071933644283,2132.378111548359,3
1838,1840,-0.013509014332601932,2,2111.6145870220353,2085.2003698880453,2
1845,1847,0.013979754171148447,2,2098.1959111855053,2129.626370137973,2
1849,1851,0.0004603091766618413,2,2140.4685854107956,2143.5943313284274,2
1852,1853,-0.0018094447191449193,1,2148.7506223966784,2147.01132755262,1
1858,1859,-0.005685375681916286,1,2188.85633129084,2178.6007170650014,1
1860,1868,0.011301726534729495,8,2182.8670487135737,2209.72008220852,8
1870,1872,-0.014332970115800592,2,2213.9977359699783,2184.4785703198404,2
1874,1878,0.012646077798238405,4,2170.3900594220117,2200.007371025408,4
1880,1885,0.019743482235371906,5,2224.3123385727004,2270.4523220538017,5
1886,1891,0.005099351119574093,5,2280.977012577442,2294.889492272829,5
1893,1898,-0.001264274058760356,5,2318.450193480782,2317.8374872381173,5
1899,1901,0.004748211759378136,2,2322.304746389885,2335.653845841943,2
1906,1907,-0.0023554419323177926,1,2323.8546414670163,2320.7047914413606,1
1915,1917,0.0030161559082574818,2,2307.704348063073,2316.972448515058,2
1918,1925,-0.009751378961271321,7,2314.053869663215,2293.802707312996,7
1926,1927,-7.074929553320473e-05,1,2292.0513315565513,2294.1812218710743,1
1930,1932,-0.005005842681215649,2,2312.5731499347785,2303.3093457073364,2
1935,1937,-0.006559788979186103,2,2323.187461824851,2310.271029778014,2
1939,1941,-0.0020038698512283492,2,2295.2455495041845,2292.941421695871,2
1942,1943,-0.0014840554579649916,1,2289.161759598909,2288.0536783550106,1
1945,1951,-0.009846508121180566,6,2300.892990846333,2280.5381223168433,6
1952,1953,-0.0066889397100198785,1,2279.740040645442,2266.770736999692,1
1956,1958,0.016343043696835122,2,2261.7746428827195,2301.000699346628,2
1962,1963,0.0005626377792076528,1,2370.741939414485,2374.446550333766,1
1965,1967,0.003757120301002519,2,2381.8578507034904,2393.188635039174,2
1971,1977,0.0002205002714031623,6,2425.2381447220487,2428.1981485358992,6
1978,1981,-0.006023415382814336,3,2434.5123730758633,2422.282806171302,3
1982,1984,-0.002703938937719021,2,2416.770919418885,2412.6528893457403,2
1988,1993,-0.01618503153827731,5,2430.651763243827,2393.7422395604003,5
1996,1998,-0.0007894160321985251,2,2380.530520871956,2381.0318224345137,2
672,675,0.0021352892023469507,3,1975.046447905932,1981.238789708185,3
678,679,-0.0019383150835201764,1,1992.3459363711738,1990.4764881274866,1
684,685,-0.0007312990281051513,1,1992.0167800073878,1992.5520368522066,1
686,687,0.0006909471246406781,1,1993.574815463445,1996.945845065409,1
691,698,-0.003151926223018172,7,2019.729059870404,2015.382751943077,7
704,712,-0.015419070288609261,8,2024.6181552094017,1995.425043721843,8
714,715,-0.0011754298495999578,1,1999.0289003268113,1998.678210987481,1
723,724,-0.0014985845557874326,1,2028.263730499603,2027.2524695285122,1
733,738,0.006823622276818204,5,2049.727741377907,2065.7640369967635,5
739,740,-0.0055108774469995805,1,2074.9016109544896,2065.541984072892,1
742,743,0.00036003444954721474,1,2063.4980652197664,2066.3044936750393,1
745,750,-0.00022614771445588887,5,2064.3176778825587,2065.915154835677,5
751,752,-0.0014443971867527804,1,2061.300043199577,2060.3840072593257,1
757,762,0.006989727140027304,5,2052.2375668265277,2068.634385011985,5
764,774,0.002290969290356475,10,2075.190902364192,2082.0202918954997,10
775,782,-0.004433469035151991,7,2080.006170993205,2072.864534212175,7
788,794,0.0003474278767885519,6,2075.660815663705,2078.457618909488,6
795,801,-0.00421955616724622,6,2077.7708158810515,2071.0813160366574,6
803,810,0.0077943786206780075,7,2073.194708987824,2091.4271682130493,7
812,815,-0.0015635477543155685,3,2087.888221866357,2086.7115971476624,3
820,823,-0.0018058617533460329,3,2077.509623847832,2075.8354382997645,3
824,827,-0.0047109734116285214,3,2073.3925102562625,2065.698205778832,3
829,836,6.219449691360662e-05,7,2067.246384278195,2069.4422020113398,7
839,840,0.0011575954254204142,1,2073.3370027237156,2077.810425156147,1
841,850,-0.0016343612954235393,9,2075.57869660833,2074.262029817596,9
851,852,-0.001318859971252635,1,2074.9291848480884,2074.2675729878565,1
857,858,-0.0004299094867714967,1,2071.8034247530773,2072.9845402308033,1
860,862,-0.0006364764857577085,2,2064.3502490593924,2065.1006889165574,2
864,869,-0.0002675887567965638,5,2070.8467492189056,2072.363460660985,5
871,873,0.0009266296749868323,2,2089.5971418093645,2093.623021671542,2
877,880,0.010868397824021478,3,2130.1782318956457,2155.460034587854,3
881,882,0.0013876376208106153,1,2169.837270157484,2175.018055254749,1
886,889,-0.003431882910489003,3,2174.309770401326,2169.022103628578,3
891,892,-0.003249714067718634,1,2171.768686007839,2166.882827443096,1
893,895,-0.0033250978244171846,2,2167.987644005669,2162.9468606512282,2
903,904,-0.001645172413654773,1,2166.338482794769,2164.940820967031,1
917,919,0.003489516974885063,2,2145.1203733108805,2154.7509276400315,2
925,926,-0.002650299369637334,1,2156.5239056117184,2152.9649955696796,1
927,929,-0.0017028349216578987,2,2153.824209347245,2152.3104264778035,2
930,932,-0.0024719627123140336,2,2154.436973766333,2151.265722874918,2
933,935,-0.004418540791324757,2,2148.2724576000624,2140.928500572877,2
941,942,-0.001925043698232895,1,2134.272748033014,2132.298452477136,1
944,947,-0.01330062138448819,3,2131.347756496816,2105.1308547054705,3
952,953,-0.0018960356895717121,1,2121.172692670708,2119.27204623433,1
954,955,-0.0003121722008626888,1,2116.1598119062514,2117.6153654522977,1
958,959,0.00021462561130214755,1,2135.7428958586584,2138.337023879125,1
961,962,-0.0005678014829799804,1,2139.4619920669074,2140.3866643670995,1
969,977,-0.00868039086858923,8,2152.9051670046783,2136.370013819077,8
978,985,-0.008040685161702575,7,2132.0711880760377,2117.059946098457,7
987,992,0.0023243444456062076,5,2130.0417498366864,2137.1227422966654,5
994,1000,0.0024060671902514236,6,2138.508185045311,2145.792087610478,6
1001,1003,-0.0022290458100637403,2,2144.79063089017,2142.1545849518106,2
1007,1008,-0.003679588270175478,1,2146.758061629897,2141.005633909049,1
1013,1015,-0.0037353621220308168,2,2134.528207576772,2128.68949996936,2
1016,1017,-0.0029959905387843683,1,2135.0939875959252,2130.8323601972684,1
1020,1023,0.00042889545767222314,3,2145.4047346369216,2148.470293717113,3
1025,1026,-0.00025865120151062106,1,2146.729357281012,2148.3208325107144,1
1028,1030,0.002418854049042143,2,2139.6842606592077,2146.999528857434,2
1033,1035,-0.00100782721566325,2,2151.325081880533,2151.3082429951555,2
1036,1039,-0.004724898340288051,3,2152.8273842714316,2144.8083211208323,3
1042,1043,-0.0022402025012562368,1,2143.2634757456594,2140.6053950221885,1
1046,1048,-0.0020422165274630827,2,2142.3052378871653,2140.0724919613685,2
1049,1050,-0.0016643858033156878,1,2140.3001838000173,2138.8781987430666,1
1052,1062,-0.00019368288531947315,10,2141.8804929410203,2143.607527840079,10
1064,1067,-0.004927225471630532,3,2144.18014022873,2135.7594613662595,3
1068,1070,0.0024341442125641113,2,2138.740125269096,2146.0848672924676,2
1072,1077,-0.004762053323756225,5,2158.3118023901707,2150.1921183002864,5
1078,1079,-0.003642162092408996,1,2153.582833032338,2147.892718108037,1
1080,1083,0.011877353382082345,3,2152.1611923534647,2179.875332562604,3
1084,1086,0.0011251731006524262,2,2180.9788556313197,2185.613813228399,2
1087,1089,-0.003097667593011968,2,2188.6188804737058,2184.027885574682,2
1090,1092,-0.003724583741232757,2,2183.5666016969794,2177.617291636097,2
1097,1101,-0.0019822002946332114,4,2146.1883033404774,2144.080316556598,4
1102,1108,0.003922957264569263,6,2149.8881600257914,2160.471967561202,6
1110,1112,-0.006820276550596215,2,2154.1931522994364,2141.655152409653,2
1115,1117,-0.002532643710662411,2,2130.3971143679264,2127.131974629377,2
1121,1125,-0.004710392863098947,4,2130.9366298809705,2123.030017817744,4
1128,1130,0.0007626947163402002,2,2125.2643276001368,2129.010519801224,2
1135,1138,0.0008796834786980736,3,2144.2000732493625,2148.2304907020725,3
1139,1143,-0.00337316500433392,4,2147.3815404467464,2142.2854497240055,4
1144,1151,8.619209638328863e-05,7,2143.5616089080145,2145.889928585721,7
1152,1155,-0.0011129063268798763,3,2157.1046992295724,2156.861148461287,3
1157,1159,0.000901512890299347,2,2162.158203654199,2166.269575349314,2
1167,1168,-0.001179167462468525,1,2166.193172939079,2165.805061605067,1
1170,1177,0.005653643941960917,7,2163.7818873778533,2178.1789216245297,7
1181,1182,4.405869816029697e-05,1,2163.6825951788896,2165.941606812444,1
1183,1184,0.0014096015451607758,1,2171.9457699490977,2177.1792938323724,1
1192,1193,0.00017799672556742053,1,2215.0681637760417,2217.6775068198785,1
1198,1199,0.0009513875491627558,1,2219.4308668545295,2223.761836614337,1
1202,1203,-9.474083339209704e-05,1,2224.69474539862,2226.7086707097965,1
1208,1212,0.005741544064573758,4,2240.003915826151,2255.105000929511,4
1216,1217,-0.0008985071138044367,1,2282.628877103827,2282.8605476966777,1
1225,1232,-0.0021131619275261346,7,2300.5986779336727,2298.03773907488,7
1233,1240,-0.008361787227444642,7,2295.2562466186955,2278.3590584986255,7
1243,1244,-1.630183191744317e-05,1,2284.619305880064,2286.8666817060243,1
1252,1254,-0.005407056135838168,2,2298.254684007251,2288.126146600378,2
1257,1262,0.019558768405383835,5,2289.906758251913,2336.984420964737,5
1263,1264,0.00044395825940280994,1,2341.391980089637,2344.772852377787,1
1265,1267,0.0047794792561912875,2,2358.916184170656,2372.549491324164,2
1270,1280,-0.000732450659452324,10,2376.9092964636857,2377.545236978496,10
1282,1283,-0.006474020479749257,1,2367.5061800516337,2354.546402736098,1
1290,1292,0.004313473624709545,2,2360.817082228216,2373.3612215273993,2
1298,1300,-0.00793787517666005,2,2382.2249624603155,2365.697383028042,2
1301,1307,-0.016340908292930018,6,2370.0458782768283,2333.6872218081467,6
1310,1315,0.0066043939596152025,5,2350.1314742149207,2368.002799801742,5
1318,1319,-0.002134713692029069,1,2337.5075924062894,2334.855190535964,1
1322,1327,-0.005976803122315824,5,2343.8903475359143,2332.2252667359317,5
1329,1333,0.0165310191219938,4,2351.8032468560396,2393.03275454784,4
1337,1340,0.0013459651001427194,3,2425.4230027409412,2431.112960458455,3
1341,1343,-0.003247346852511203,2,2439.6248362966926,2434.142153099533,2
1344,1345,-0.004538435258211625,1,2439.8676475269767,2431.2343338175974,1
1348,1350,0.002560695861133151,2,2416.0961529605684,2424.699136532515,2
1354,1355,-0.0003691892349188332,1,2426.3459007891825,2427.876465903211,1
1368,1370,-0.0009181252954068983,2,2469.393608329843,2469.595789202049,2
1373,1379,-0.012822804566428352,6,2474.1158982130455,2444.8649094737793,6
1381,1382,-0.0005918175142836477,1,2446.427198677746,2447.4257874128266,1
1392,1395,-3.48578669138724e-05,3,2437.2407205352024,2439.593004243064,3
1397,1401,-0.0009173518707065421,4,2459.7061731097792,2459.9094632235983,4
1406,1407,0.0017210311669719285,1,2456.623254076946,2463.3078025167974,1
1413,1418,0.00184216457509503,5,2447.909433613145,2454.8667950884014,5
1422,1424,0.003580065972894412,2,2474.126276535366,2485.4579381071694,2
1425,1427,0.0007481864773269632,2,2489.0741419853152,2493.425507741398,2
1430,1434,0.010724004286299448,4,2497.953224240377,2527.2392385483467,4
1436,1437,-0.005686685476010385,1,2526.5427050448047,2514.7015940445513,1
1440,1441,0.001602232066677672,1,2523.0219448578205,2529.587433467661,1
1442,1449,-0.010460877731482503,7,2531.0061098051215,2507.06057046262,7
1450,1454,-0.004912586069051604,4,2505.2619739285883,2495.4599208300706,4
1455,1457,-0.008832672668294874,2,2494.514919368539,2474.976200538947,2
1458,1459,-0.007016980582659022,1,2455.1997170858726,2440.426828061617,1
1463,1466,-0.006163566825068335,3,2421.6692711551223,2409.1648200452983,3
1469,1470,0.0005830777678068136,1,2422.533914786324,2426.3689743685804,1
1471,1474,-0.0016057756356260239,3,2432.811514666814,2431.3377767251586,3
1476,1482,-0.013207641291558422,6,2400.50045978059,2371.1960112473676,6
1488,1490,0.000576991503334928,2,2379.9856444987763,2383.73886163821,2
1491,1496,-0.005034965297549744,5,2385.81804509154,2376.191352073328,5
1497,1500,-0.0009162409420575968,3,2398.654027326289,2398.8549363279476,3
1502,1503,-0.0024539386697293828,1,2419.210395407743,2415.6930118636483,1
1506,1507,-0.0011655275539798388,1,2419.7488651019235,2419.3483299910376,1
1518,1519,0.002283283433202106,1,2424.9758190212447,2432.937701953753,1
1521,1522,-0.0015400061484131852,1,2444.759022509201,2443.438837605657,1
1525,1528,-0.0032818652788658116,3,2445.670059351712,2440.0893697597157,3
1531,1535,0.0024691330590268564,4,2427.2800792682706,2435.7006368347775,4
1544,1545,-0.0001532495836562009,1,2480.596326855641,2482.696772828187,1
1546,1549,-0.00522173633637517,3,2487.2424170914255,2476.741935401817,3
1551,1554,-0.0032462225191339064,3,2483.945425418137,2478.365931267263,3
1555,1557,-0.0014395945218934115,2,2482.487960808306,2481.3966727000684,2
1558,1560,-0.0008108349557080576,2,2476.1590199178027,2476.6274226484793,2
1561,1564,-0.0012841991896641982,3,2466.564579764908,2465.8635841100845,3
1565,1568,-0.0016655185166287063,3,2464.487975834988,2462.847813453061,3
1575,1577,-0.004136740028475559,2,2439.401667609521,2431.7498987532003,2
1587,1591,-0.0026909485022706967,4,2412.1992219482017,2408.12031728667,4
1600,1602,0.002717332783817171,2,2350.694457869,2359.4327714419737,2
1620,1622,-0.003026112361526899,2,2391.0528057624742,2386.2082641156553,2
1626,1629,-0.011395585170055556,3,2372.5358259062787,2347.871927659062,3
1631,1632,-0.0055458589145999295,1,2325.986028931772,2315.4124246069177,1
1635,1637,-0.0033906887710822616,2,2291.413583283074,2285.9355265596137,2
1640,1642,-0.010246651492823663,2,2283.247693930872,2262.1352982333,2
1643,1645,-0.04243933211798196,2,2242.2101970747935,2149.2945040398854,2
1646,1648,0.00710928818673892,2,2126.0337291384835,2143.2743493427947,2
1650,1652,0.0011047426770283467,2,2165.8949394932974,2170.4535910064087,2
1654,1657,0.006673392298706084,3,2176.8767597947217,2193.5807891585628,3
1659,1664,-0.0030109267630394673,5,2196.496888390533,2192.0798940127356,5
1665,1667,-0.021007490016622235,2,2187.4464260299696,2143.681113499279,2
1673,1683,-0.010470266679242564,10,2124.7953266910063,2104.672948308434,10
1684,1685,-0.00016330901869314473,1,2108.4479686082664,2110.2120880081557,1
1686,1687,0.0004929768645963578,1,2115.8384248399357,2118.9973226574457,1
1688,1692,-0.0005783733033372357,4,2128.143218446096,2129.0405004413146,4
1693,1694,-0.002535821816085849,1,2143.874924406263,2140.5823145264003,1
1695,1697,0.00645670485051983,2,2148.6122931663654,2164.6338608747055,2
1698,1701,-0.00657207586465249,3,2167.2038259742826,2155.128001841789,3
1705,1709,0.015467846021110104,4,2149.4781768667826,2184.8754525091613,4
1712,1713,0.001516000824921546,1,2201.3263379693444,2206.864876851597,1
1716,1717,-0.00369869807891483,1,2220.7625152590454,2214.7693477253897,1
1718,1723,0.009344153972866674,5,2213.880900718039,2236.781625632655,5
1727,1731,0.009441850124321242,4,2234.6405050391736,2257.97428627453,4
1732,1733,-0.004837276127341183,1,2267.102312598939,2258.402815016563,1
1737,1740,0.0009758749584909375,3,2245.251768496413,2249.6881052412928,3
1741,1742,-0.0001415477874376598,1,2258.0847947831894,2260.0232526714244,1
1746,1748,-0.006459401974683855,2,2261.854228451564,2249.5058570103083,2
1755,1758,0.0011219829432021979,3,2256.627912465011,2261.4164384044157,3
1762,1765,-0.008939879161808516,3,2255.332169718039,2237.4251048207384,3
1767,1768,-0.007048622661105122,1,2230.473558974215,2216.9822660604077,1
1769,1774,0.008035864420878013,5,2217.0406812649235,2237.0735602764044,5
1783,1787,-0.029036872250719045,4,2202.351948368532,2140.604888141001,4
1793,1800,0.015822742974762237,7,2125.77161840821,2161.5329279677358,7
1802,1815,0.015365066568028322,13,2163.963850644594,2199.3772631111997,13
1816,1817,-0.003261156569631538,1,2194.9126732727377,2189.9496320617995,1
1818,1819,-0.0040209270582038,1,2191.1601797460494,2184.540844670196,1
1820,1823,-0.011197170188481535,3,2177.54065368621,2155.3359010482345,3
1824,1827,-0.020382060354801786,3,2141.3744940062334,2099.8702443211714,3
1829,1831,-0.0035183873033948223,2,2112.639544363916,2107.31909975874,2
1833,1834,-0.0014704177502152893,1,2131.3494420585157,2130.34681744906,1
1835,1836,-0.004425285598691904,1,2126.305321007872,2119.0221180134017,1
1837,1838,-0.005094037164177338,1,2117.1921619769514,2108.524298582113,1
1841,1842,-0.00035057868145117136,1,2083.607845429625,2084.9609847839424,1
1845,1846,0.008470988308276504,1,2098.2809769114233,2118.1537715112304,1
1848,1853,0.004198403721235102,5,2136.2509275255115,2147.356022296652,5
1857,1860,-0.0014561310913102296,3,2182.9698073654827,2181.9740869649518,3
1861,1865,-0.002959546841926547,4,2187.097406997474,2182.8116871806064,4
1866,1867,0.0009773816283725006,1,2193.55808819665,2197.8955896610178,1
1871,1873,-0.012348667219658504,2,2202.8671431229136,2177.867536986492,2
1878,1881,0.018918207646105262,3,2202.5182220462493,2246.388437337297,3
1882,1885,0.004371214957622749,3,2259.498814664076,2271.6350684941303,3
1887,1888,-0.002611673615528106,1,2290.300389898491,2286.609173188458,1
1889,1890,-0.0006940058017925327,1,2291.334886442256,2292.0360216236577,1
1891,1894,0.0044885319895049194,3,2301.9500595125332,2314.5843860524105,3
1896,1900,0.004029356486990391,4,2316.3633998334067,2328.013217124586,4
1903,1906,-0.007905678666764943,3,2334.3898122114883,2318.269266285386,3
1907,1911,0.006917949816630521,4,2326.0454578274307,2344.4629690337097,4
1920,1922,-0.0020887129286949095,2,2321.8657276380836,2319.3378824017104,2
1923,1924,-0.00467562226455248,1,2314.8091228687085,2306.300758918503,1
1932,1933,-0.002748647972217983,1,2307.79324517092,2303.7577271924533,1
1934,1941,-0.010986735545574725,7,2314.722212689933,2291.605694090331,7
1942,1943,-0.0011594480626750466,1,2290.0091394973297,2289.6440019765287,1
1947,1948,-0.0013741930409650472,1,2298.5131718484195,2297.6530842149473,1
1950,1953,-0.01154944269147971,3,2292.4155217473676,2268.231815575635,3
1956,1963,0.04771033951585669,7,2262.299486564774,2372.496862641892,7
1964,1966,-0.002337470106505172,2,2382.234829979337,2379.0486621075643,2
1969,1974,0.003785388527920661,5,2433.2800959373685,2444.924286593685,5
1975,1977,-0.006009164232217282,2,2440.627075084603,2428.401573235908,2
1978,1983,-0.004753955799533918,5,2423.3561708730713,2414.258998921086,5
1985,1986,-0.00036032738157157167,1,2416.78862672239,2418.3345802314334,1
1987,1988,-0.0016268490374743139,1,2430.3517908055405,2428.82832712475,1
1990,1991,-0.006044994635610874,1,2415.9915234067435,2403.802859131475,1
1995,2000,-0.006071516615303155,5,2389.666496131665,2377.5472627915,5
673,677,0.003120446285222612,4,1979.5235987994763,1987.68011945866,4
678,679,-0.0013670591697018649,1,1990.8271358577601,1990.0963845022522,1
684,688,0.0021510159651991203,4,1993.7958267348922,2000.0783092162812,4
690,693,-0.001692914899376635,3,2017.3307043507057,2015.932865848691,3
694,696,-0.0007915959531595549,2,2015.341216817522,2015.7612220828712,2
697,698,-0.0015909668808052554,1,2020.0796114930029,2018.8858113460205,1
707,708,-0.0028031530543640324,1,2015.5696679566468,2011.9352873535872,1
710,711,-0.00739967865947649,1,2008.243651987532,1995.3915379448783,1
712,714,0.0004657017982525964,2,1996.2908445664166,1999.2168116471328,2
717,726,0.01413802356431847,9,1998.035424780015,2028.281732122678,9
727,729,0.0046776101139996504,2,2032.8176918341298,2044.3592381212047,2
735,736,-0.0008231252637884998,1,2061.1662829609495,2061.5308512035363,1
741,744,-0.0032530531116561723,3,2064.534575037629,2059.883068989219,3
746,750,-0.008757152105157519,4,2073.5675837541944,2057.482604606689,4
761,764,0.001258810215134608,3,2069.0726372665163,2073.7462796754294,3
767,769,0.0025093142304714678,2,2082.0710580286873,2089.37769962148,2
771,777,-0.006695511104493494,6,2090.9536278605087,2079.0445782540482,6
779,781,-0.0016118980583837038,2,2081.049884271877,2079.7764938882915,2
783,784,-0.0013945915152088276,1,2077.261342556839,2076.4416728561946,1
787,788,-0.00044698100148972376,1,2076.1379708960108,2077.286114637445,1
792,793,-0.002091085988817414,1,2079.307691885789,2077.0389883967323,1
798,801,-0.003302904289745547,3,2075.7011644416557,2070.921023325833,3
805,806,-0.0022642736492615866,1,2075.8988349199726,2073.2743307244505,1
808,815,-0.0030341731255599017,7,2089.7279975279234,2085.477128995622,7
820,821,0.0009040012493163796,1,2075.8636607048647,2079.8161077082573,1
822,825,-0.006173180956711765,3,2077.767767302874,2067.019098656593,3
830,832,-0.0013472222824646772,2,2062.4155033722827,2061.6993867538113,2
833,834,0.0002000264605376825,1,2060.1263764144705,2062.5985825782195,1
838,840,-0.001654457168964916,2,2076.2484057204397,2074.889590066764,2
843,848,-0.005385731100083089,5,2080.4246946570156,2071.3005113722775,5
849,852,-0.0030380457670274273,3,2079.77324400585,2075.534570949527,3
854,855,-0.0022260075052421236,1,2077.6369045980423,2075.089706159837,1
857,858,-0.005036970474930024,1,2074.7995324884046,2066.4236280343503,1
859,860,-0.0029032460780972777,1,2068.6877201553607,2064.750498365167,1
864,869,0.0029123179609037127,5,2067.3868221329317,2075.475096729298,5
873,874,0.0016020051124051114,1,2093.085638802588,2098.531858335454,1
875,878,0.010568343521752684,3,2111.9453829265226,2136.377092615396,3
879,883,0.012191629254523346,4,2151.3360499097917,2179.7156774820924,4
892,898,-0.0027531621675152274,6,2169.8143223408847,2166.010285960424,6
900,901,-0.0018278998711289437,1,2163.612116793309,2161.8208626006426,1
904,909,-0.0035686265069557284,5,2168.488055597136,2162.918019697512,5
910,913,-0.00421780382593097,3,2167.311554477992,2160.3375710660084,3
915,916,-0.0018646885838949356,1,2146.353135416637,2144.497208363435,1
917,921,0.0058259124645048494,4,2144.253344191833,2158.8898298210083,4
922,924,-0.0025201982406210938,2,2157.566892043103,2154.286962649797,2
930,931,-0.005721642926572543,1,2156.6434972617903,2146.4605967478055,1
937,946,-0.011021464458566495,9,2134.4933230094853,2113.102574035898,9
948,951,0.0021967802895060434,3,2108.3536457032505,2115.093589081143,3
955,961,0.009367445714062339,6,2116.9151944515284,2138.8621978112783,6
962,966,5.7466165933855355e-05,4,2143.587503100531,2145.8542743587786,4
967,970,-5.224338886527071e-05,3,2145.1534822541375,2147.1865656488426,3
972,976,-0.0066934550476497635,4,2151.8300098961354,2139.578662464608,4
978,979,-0.0017037924147195178,1,2129.1790169502938,2127.680516908584,1
988,989,0.00046479336665915315,1,2128.4905158586807,2131.6083146473075,1
990,992,0.0034613827476772706,2,2128.035432092497,2137.5294126556805,2
997,998,-0.00042403748414258414,1,2134.3550229749803,2135.584331463746,1
1000,1003,-0.0015399945875318182,3,2146.5013807699024,2145.342281642157,3
1004,1005,0.0022866670606960585,1,2142.9164661236014,2149.959519086633,1
1006,1007,-0.005282921033038424,1,2151.624908750134,2142.409669173239,1
1009,1012,-0.0020243825243607375,3,2144.4828763428213,2142.286105560505,3
1013,1014,-0.0025535116675190947,1,2136.4865798587057,2133.167523029397,1
1015,1017,-0.0008217890287354882,2,2134.4045807159214,2134.784955029322,2
1018,1023,0.001325018882724299,5,2140.9832168772623,2145.9610432840977,5
1025,1026,-0.005014431231581816,1,2151.179930236031,2142.5441663393394,1
1028,1029,0.0015800581907453796,1,2140.4654204326243,2145.987945772619,1
1031,1032,-0.0008396204709863903,1,2146.12049345325,2146.4646872471967,1
1033,1034,-0.0017065884355107952,1,2149.9807062610303,2148.461554757415,1
1036,1039,-0.004777218224538544,3,2153.015256258338,2144.8828477946895,3
1040,1042,-0.0030019732610502177,2,2149.3729654093195,2145.069978204546,2
1046,1048,-0.003679738238904182,2,2143.118933297848,2137.37593554177,2
1053,1055,-0.0007901899329331232,2,2143.2703060668346,2143.719985753493,2
1057,1058,-0.002089677965553779,1,2144.5795753270972,2142.2426742184866,1
1060,1061,0.0009281013277317274,1,2141.1792585338308,2145.3076691051215,1
1063,1065,-0.002853282731768831,2,2142.9382203826485,2138.966749983566,2
1069,1071,0.0008183837087125273,2,2145.8303819566268,2149.732324964837,2
1072,1073,-0.003922790799984074,1,2159.7711851864296,2153.458625836296,1
1077,1081,0.0012212301292123442,4,2151.887545690658,2156.667383141823,4
1082,1084,0.005563034511663947,2,2166.3475640746624,2180.5653779019435,2
1087,1091,-0.004566147346480462,4,2185.7375634345517,2177.942901222607,4
1097,1098,-0.00517627984545652,1,2143.4484207739774,2134.4967803345235,1
1099,1100,0.00047157316835706405,1,2141.180985574109,2144.331890061076,1
1102,1103,-0.0015720971465739933,1,2151.330839657656,2150.100069422951,1
1105,1111,-0.0025614568855815366,6,2150.55227974514,2147.194285080129,6
1114,1116,-0.009206276211055252,2,2140.8294919534223,2123.2612538216795,2
1117,1119,-0.004099158970760711,2,2129.519037659679,2122.91931963071,2
1120,1128,-0.0018857737770397016,8,2126.006519542357,2124.123358717531,8
1130,1132,-0.0011606740690176265,2,2133.962383385139,2133.61951096587,2
1134,1138,-7.364461853935807e-05,4,2143.761283885569,2145.7471686874633,4
1141,1142,-0.0009785929403432298,1,2143.5021874191757,2143.548073498376,1
1146,1147,-0.0010401274955747172,1,2147.9177289939485,2147.8315384347834,1
1149,1150,-0.003032738647496223,1,2146.5390280187084,2142.175675178096,1
1154,1163,0.003827226984277901,9,2159.949306720811,2170.375872298886,9
1166,1167,-0.003517969663314844,1,2167.5347730408052,2162.0769862381085,1
1171,1172,-0.0016726511287444984,1,2167.305252567838,2165.8474122433645,1
1173,1176,0.006291681574458691,3,2163.432220581759,2179.207279442165,3
1177,1178,-0.006850680525090283,1,2182.959829225263,2170.1880286653604,1
1179,1180,-0.001559461536003994,1,2161.4018575683676,2160.1926363652105,1
1185,1187,0.006945917516389211,2,2194.701014865863,2212.1399281031227,2
1191,1193,-0.00014389239838415093,2,2213.841194769826,2215.7364810454387,2
1196,1198,0.0011331204755967118,2,2215.186046680293,2219.911305393723,2
1201,1208,0.004651839990520392,7,2225.255013608606,2237.831798883625,7
1214,1220,0.006870208641875428,6,2269.523121337516,2287.3847418200025,6
1221,1222,-0.0007568574596674996,1,2295.6827931559837,2296.2409713021093,1
1224,1226,-0.008074639863108501,2,2308.3660196616074,2292.0351614002643,2
1238,1239,-0.003361034040290207,1,2284.585247604687,2279.1912640671476,1
1244,1250,0.000849212020820837,6,2292.5517760114058,2296.79119031396,6
1253,1254,-0.0016621457030409096,1,2291.8317376423615,2290.314211105189,1
1256,1258,0.0009783454435666273,2,2291.2689538122327,2295.8018753069928,2
1261,1264,0.004777746650411394,3,2336.7542225380694,2350.2553964201734,3
1266,1267,3.2068952488795415e-06,1,2366.221026189099,2368.594835438255,1
1269,1274,0.0037836275758928624,5,2374.5734526973743,2385.9325277466805,5
1275,1276,-0.001416882726737479,1,2384.942248953445,2383.94800772559,1
1282,1284,-0.010805402748285474,2,2368.7911593525787,2345.5642080085486,2
1286,1296,0.015684504275117268,10,2339.9486915562325,2378.9895755040575,10
1298,1299,-0.008109465938444235,1,2384.418073165656,2367.466134091474,1
1300,1305,-0.020807797345793164,5,2371.4556689369415,2324.482355632106,5
1312,1314,0.0015571111864679387,2,2362.6854127252436,2368.727062024228,2
1322,1326,-0.00420807122759346,4,2342.1893052590754,2334.6753951392966,4
1327,1329,0.0047134716292737975,2,2339.0677350830456,2352.4319322263923,2
1330,1331,0.0042892899421581795,1,2362.2965292820777,2374.7914005548046,1
1333,1334,0.0027994633043694483,1,2400.379677835488,2409.499832337978,1
1336,1339,-0.0006979533255334915,3,2428.6649813491704,2429.39855153018,3
1341,1343,-0.0016620514421335619,2,2438.7275960345446,2437.113032912619,2
1344,1347,-0.00733479082805844,3,2438.167699357967,2422.722416978806,3
1348,1350,-0.0002026988489588369,2,2420.3262191537733,2422.2559480341997,2
1353,1356,0.00786441446134916,3,2415.4687775063876,2436.8804938686526,3
1364,1365,-0.004379319924906735,1,2460.3352436500477,2452.020983739231,1
1370,1371,-0.0019345214034386217,1,2471.698000123584,2469.388145439632,1
1372,1374,-0.0030874081117284805,2,2474.4299037307906,2469.2647586778394,2
1376,1379,-0.011932900195841166,3,2468.007268956429,2441.024791802318,3
1380,1384,-0.004335729634862971,4,2447.022478270314,2438.859872872372,4
1389,1396,0.007304413453106788,7,2422.6303861370443,2442.748910507586,7
1398,1401,-0.0013244657255826414,3,2459.600637744296,2458.8025816387267,3
1408,1409,-0.0026948321497613607,1,2471.3844607345213,2467.195878896048,1
1414,1415,0.0005173069795725196,1,2449.4722269543963,2453.1888282606233,1
1416,1420,0.0027150106975433984,4,2453.6516848735646,2462.7670271309153,4
1423,1428,0.004690678871887981,5,2476.9069595276883,2491.002241629905,5
1434,1440,-0.005969052815021993,6,2530.111991275521,2517.5397311629526,6
1441,1442,0.0020344419033034066,1,2523.739080238911,2531.3972198569923,1
1443,1444,-0.002508604311960929,1,2529.5797229534796,2525.763588075983,1
1445,1446,-0.005698223183346798,1,2515.8501248170733,2504.0300994348318,1
1447,1449,-0.0011397868896262141,2,2506.34182811544,2505.9914743869476,2
1451,1454,0.0008014191479992249,3,2494.4349854374623,2498.9285083836685,3
1455,1457,-0.008990129355429241,2,2496.5814586433203,2476.633449842394,2
1458,1460,-0.007368992496908233,2,2454.6999916217014,2439.066025792902,2
1466,1467,0.0006280528680299158,1,2409.876998030143,2413.8004051883854,1
1468,1473,0.007258691525625804,5,2417.0172400734245,2436.9786398713104,5
1482,1484,-0.004871579631288673,2,2376.2798905189725,2367.0799336965983,2
1486,1488,0.001389179836116355,2,2374.8158806753863,2380.489742891985,2
1491,1492,0.0007425294838443383,1,2387.312062485845,2391.472024141864,1
1493,1496,-0.005182562199229426,3,2388.626615204006,2378.6360358151805,3
1497,1498,0.00164250186368521,1,2397.889885759444,2404.2263142514753,1
1501,1503,0.0026267630732036366,2,2410.554689492054,2419.2972002258416,2
1506,1507,0.003145998617098066,1,2416.4783267949906,2426.49704259613,1
1511,1512,-0.0010721081370485084,1,2423.0284061817574,2422.853686117372,1
1516,1518,-0.0028634890702403425,2,2427.236919771893,2422.7137903010143,2
1519,1521,0.0032818304062406066,2,2431.2077148319654,2441.6177339492197,2
1528,1533,-0.005644702155110115,5,2440.396884459976,2429.0619677914005,5
1540,1543,0.0014806211266108027,3,2469.2648455430517,2475.390156086103,3
1546,1549,-0.006669839740860801,3,2485.480902694492,2471.3886242972444,3
1550,1552,-0.002011277958631805,2,2478.705427972635,2476.198767807385,2
1553,1554,-0.00209178730507308,1,2479.4128599653814,2476.705868480836,1
1557,1558,-0.0010987060970753634,1,2476.836534772925,2476.592055905484,1
1559,1560,-0.0023371915255044405,1,2478.03041893355,2474.71681765741,1
1567,1570,-0.00039067956919548264,3,2463.8430916950892,2465.3443616291556,3
1571,1574,-0.0103846319520862,3,2464.0549168021475,2440.930668298231,3
1576,1577,-0.0029296465412818303,1,2434.374048182337,2429.6765667200757,1
1579,1581,-0.006784469938612763,2,2424.7573438587965,2410.7314078948148,2
1584,1585,-0.00295131718913542,1,2409.1925981296536,2404.4914992009853,1
1588,1590,0.003603529471909182,2,2401.4976366119918,2412.5530017588553,2
1591,1592,-0.0017247092321298185,1,2409.7829592539592,2408.036567295959,1
1594,1597,-0.016720175765632568,3,2397.106344671556,2359.4234116044063,3
1603,1606,-0.0031031600434743784,3,2357.5112270450127,2352.5530036302493,3
1607,1610,0.009350155609183588,3,2345.978163986543,2370.2594030395508,3
1611,1613,0.0029804929328820055,2,2366.5353810208576,2375.9553583804263,2
1614,1615,-0.0011030923598122425,1,2378.5783624432347,2378.333149186852,1
1626,1629,-0.009717600689425298,3,2373.6976644972738,2353.004716100765,3
1632,1633,-0.014794287168873196,1,2320.838641307264,2288.824326616454,1
1636,1638,-7.982117078589985e-05,2,2284.8466645046246,2286.9491320333022,2
1639,1640,-0.005300064058596499,1,2288.270383387534,2278.4306741555783,1
1643,1646,-0.05409316267336196,3,2240.8404960407647,2121.8671870594153,3
1648,1649,0.004842435293167349,1,2151.278830227554,2163.847537590719,1
1652,1657,0.007628836622646666,5,2175.530210382144,2194.3025051351638,5
1658,1663,0.004843793189215637,5,2191.094976392476,2203.899282292443,5
1667,1670,-0.016757457483524814,3,2147.00933500705,2113.1779266939457,3
1671,1672,0.0035798015940745236,1,2121.40972187243,2131.1253574983466,1
1673,1677,-0.01543850790711785,4,2127.0643260397346,2096.3526909492616,4
1679,1681,0.008769949523263418,2,2067.325271292765,2087.5229348414623,2
1682,1684,0.004418534873681666,2,2098.3248606656293,2109.6947070994593,2
1689,1690,-0.0004986191260568029,1,2139.527638987606,2140.6003572250675,1
1691,1693,0.001213577317748012,2,2135.6756358332145,2140.403118978762,2
1699,1702,-0.007509347012366777,3,2166.701824154317,2152.5980101085684,3
1707,1712,0.012497549541090142,5,2170.5268118895715,2199.8236050633154,5
1713,1716,0.006432246348807264,3,2204.1956895415606,2220.5778149072125,3
1717,1720,0.0013872746882887363,3,2218.559478213848,2223.855789100651,3
1721,1725,0.00046587345060832594,4,2231.984192997822,2235.255999368515,4
1726,1727,-0.002612332997277575,1,2230.8967711040173,2227.2998226264463,1
1729,1732,0.009026434505489806,3,2232.2638824600535,2254.6455300765097,3
1733,1737,-0.008329990961684608,4,2261.095238821982,2244.521431157909,4
1738,1739,-0.0002165154615969446,1,2248.0388606899496,2249.8001643790294,1
1740,1745,0.003607841767219425,5,2252.848720216878,2263.22949064512,5
1754,1758,0.003018665338473353,4,2253.598101779637,2262.6545583581083,4
1760,1763,-0.009022976963139296,3,2259.3847646337235,2241.2577727161993,3
1764,1766,-0.0018374286621222723,2,2236.520203342439,2234.6472772207444,2
1770,1771,0.0004246560381466575,1,2218.4518114575626,2221.612342226093,1
1772,1776,0.005127057940392759,4,2230.3191716929987,2243.9844664835305,4
1780,1783,-0.004115731729567891,3,2214.069924626604,2207.171476710963,3
1784,1790,-0.034480145454731326,6,2187.463043704473,2114.226462824398,6
1792,1793,-0.0021365728312840223,1,2122.3428288238015,2119.93063162589,1
1794,1795,-0.0032704471287486624,1,2121.5344998414325,2116.7176679277263,1
1797,1798,0.0006595447878709575,1,2131.303082277913,2134.8400751994805,1
1800,1807,0.011363780725582449,7,2160.0868583082406,2186.793698572576,7
1814,1816,-0.005106439485919964,2,2202.275155051913,2193.231645396347,2
1821,1824,-0.015101182927995137,3,2166.310661046164,2135.763118135886,3
1831,1832,0.006170384581243116,1,2106.143253966145,2121.245111080273,1
1833,1835,-0.00663357621104472,2,2135.6525858476407,2123.6212242449533,2
1836,1838,-0.0066470991680764495,2,2120.2735147439976,2108.300119942792,2
1840,1843,-0.005291171334124838,3,2091.6844566620734,2082.7086802816107,3
1845,1847,0.008449574274526892,2,2105.5906368059213,2125.4875719201673,2
1848,1852,0.006814566714795003,4,2132.522934199065,2149.187676939194,4
1860,1864,-0.005557256791998585,4,2188.060917804833,2178.0893623258603,4
1865,1867,0.0030390771946653744,2,2184.7531090988286,2193.577495557764,2
1874,1877,0.0046794084157077385,3,2170.478292411364,2182.805325091396,3
1881,1884,0.006455753588013577,3,2245.470895076875,2262.2125727596244,3
1885,1886,0.0022847875070280605,1,2270.76880375178,2278.227796749693,1
1895,1897,-0.007750150034663823,2,2325.787272921012,2310.0878598800837,2
1902,1903,-0.005318128380854274,1,2339.7870121727733,2329.683511470356,1
1904,1905,-0.0030286165272518056,1,2324.3075075758434,2319.5923789515596,1
1906,1908,0.003235137552813753,2,2322.806577915714,2332.6439832817678,2
1909,1910,0.0019475831613167665,1,2334.2072889704746,2341.087559070467,1
1911,1912,-0.00927405565082685,1,2341.5680308365936,2322.1937666392546,1
1914,1916,0.001680576751183509,2,2307.1447773948544,2313.3292560467535,2
1918,1920,0.0007947773747185051,2,2313.820889072756,2317.973682453615,2
1921,1923,-0.004561043926148582,2,2325.617972151603,2317.336344397331,2
1924,1928,-0.002770699890273217,4,2307.8518874380175,2303.765374354164,4
1932,1933,0.001545725613984846,1,2301.891973517362,2307.7519588749715,1
1934,1936,-0.00015461544142888583,2,2317.941692016673,2319.9012441307723,2
1938,1940,-0.008297418051860933,2,2307.739541501199,2290.8990013120547,2
1941,1944,-0.0010225370897078356,3,2293.402123967091,2293.350437357687,3
1945,1950,-0.007782587490651153,5,2303.4088260312865,2287.785754141991,5
1952,1953,-0.005143004637769222,1,2278.694472810583,2269.25383104167,1
1954,1955,-0.007055697221188938,1,2267.979900288922,2254.24570070903,1
1957,1959,0.023529123434654162,2,2274.7733811281305,2330.571578179688,2
1961,1964,0.003264039496245234,3,2362.9688430357824,2373.044635510884,3
1965,1966,-0.0019481552426641583,1,2386.1261996464928,2383.8637815806396,1
1970,1971,-0.005236877249655217,1,2434.7242996929904,2424.4086716984384,1
1972,1978,-0.004523730771190152,6,2435.791327361419,2427.2082545089975,6
1983,1985,-0.0030795218720430033,2,2420.247934206938,2415.214975691988,2
1986,1987,0.0025768238189934735,1,2420.345752902159,2429.002903241339,1
1988,1989,-0.002532412797869139,1,2427.9319924702245,2424.211398412607,1
1993,1995,-0.00466398393163903,2,2399.1614825735273,2390.3709934519707,2
1999,2000,-0.002802402283525176,1,2370.78296531236,2366.5098606819383,1
673,674,-0.00023801458973815516,1,1980.1891755217466,1981.6980507830526,1
680,682,-0.0002935505370110456,2,1990.0424428950764,1991.4483073101849,2
686,691,0.006815030097811804,5,1997.6268939333975,2013.2384082336853,5
693,698,0.0030406163709652744,5,2011.5838144676072,2019.7118529599138,5
703,704,-0.0013780879346325563,1,2025.9079077121548,2025.1419363755722,1
705,711,-0.01460005848193784,6,2026.7653125942384,1999.2011858137937,6
713,714,-0.0017679657872431858,1,1998.8717246853264,1997.3366595876803,1
717,718,-0.0010032205872052727,1,1997.1088885500994,1997.1024566867654,1
722,725,0.003449380834070791,3,2020.2386623800996,2029.2274735647425,3
726,730,0.0034366194162531397,4,2030.3099777817802,2039.3176904502193,4
731,733,-0.0006891161438780887,2,2045.056240297343,2045.6920152673129,2
741,742,-0.004592189510406287,1,2066.3668920157493,2058.9441105415995,1
744,747,0.0015275227880833346,3,2063.3216724572803,2068.5367650035623,3
748,749,-0.0029984933337713245,1,2067.8423972708765,2063.709828024641,1
750,754,-0.00494293149764489,4,2064.2966752948128,2056.157294913309,4
756,759,0.002418584152731954,3,2051.2052206950343,2058.2174383565034,3
762,764,0.002392955338593985,2,2069.694607766826,2076.7169891355074,2
766,767,-0.0016495051744739209,1,2085.6859639877594,2084.3313001618217,1
769,770,0.001593304213673517,1,2090.2133483356565,2095.633907419372,1
771,775,-0.008619897161588676,4,2095.8483815992545,2079.878232465186,4
778,779,-0.0020600616430975615,1,2079.0146329324625,2076.8107492646523,1
780,781,-0.0019021707651472796,1,2077.371540030299,2075.4973961585347,1
786,787,-0.002140303614751142,1,2077.9281831791873,2075.5587141607148,1
788,793,-0.0020551462222860462,5,2077.899007967057,2075.7065206785087,5
794,795,-0.004554311902087189,1,2079.757906315338,2072.3657980354615,1
797,800,0.0004552558074000341,3,2072.317329545852,2075.333081374449,3
807,808,0.002304741741512357,1,2082.585745458008,2089.468153501302,1
817,819,-0.0038037219310836823,2,2082.5698159822678,2076.7308693161854,2
822,823,-0.0013281300484132054,1,2077.0127538456063,2076.331223550132,1
825,827,-0.0016214465908354968,2,2069.472918724304,2068.186851834136,2
835,838,-0.0012715949618724324,3,2071.9522885375895,2071.3895567347827,3
841,842,-0.0020368392419594736,1,2077.4131228150354,2075.259179367539,1
849,850,-0.003530382665312742,1,2078.9650397325604,2073.70446263423,1
853,854,-0.001241680511906416,1,2074.687355103439,2074.185943601412,1
856,859,-0.00531519850681518,3,2076.031632956833,2067.0731443541968,3
860,861,-0.0017304034542828773,1,2063.8962524626386,2062.3887755105584,1
862,868,-0.0012869380908836093,6,2069.3853220312276,2068.7915365576214,6
870,871,0.004421553125284366,1,2080.79953861133,2092.0807038529783,1
873,875,0.008557287308465007,2,2091.0393527034257,2111.024016570519,2
877,880,0.011959269997526584,3,2130.2178144781683,2157.823882289532,3
882,883,0.0017627633763985387,1,2172.9813123404306,2178.984745527763,1
884,889,-0.0034177356681771996,5,2179.737516462551,2174.4674873217355,5
899,902,-0.004478481955552855,3,2167.824012811357,2160.2832760999786,3
904,905,-0.001164627482333622,1,2168.828485560753,2168.4714367875617,1
907,909,-5.680274401066829e-05,2,2159.8182150807925,2161.8553496946924,2
913,917,-0.00946455019386738,4,2160.083115913579,2141.798983956003,4
922,923,-0.0020125644695582496,1,2159.3940035382548,2157.207477894495,1
927,929,-0.002321540372552166,2,2155.215648213263,2152.367443722593,2
931,934,-0.004721452113151609,3,2151.8685919856325,2143.860516066763,3
935,936,-0.0053868697829988635,1,2143.561973118835,2134.1584458709744,1
937,939,-0.001703133201038467,2,2141.8505229490115,2140.3445167346645,2
944,947,-0.016015722975228536,3,2134.9258765964228,2102.868421060804,3
948,949,0.001812300477743235,1,2104.904228481979,2110.8238516493425,1
952,953,-0.003095815435893771,1,2118.7190812150097,2114.2786370602767,1
954,955,-0.0025376218692742653,1,2119.276486368292,2116.0178404958133,1
957,960,0.0012721772020565757,3,2133.9785548692844,2138.827332291336,3
963,964,-0.0034534964918007042,1,2139.936644783188,2134.6863177325367,1
966,968,0.002127005716705663,2,2144.6719253580727,2151.3783267291255,2
970,972,-0.0028721865570959524,2,2150.18605920473,2146.160509769432,2
974,977,-0.007674068968467761,3,2148.353874956705,2134.015613026569,3
983,984,-0.0018179568838887143,1,2120.4967778110185,2118.762302874344,1
985,992,0.004928841526939778,7,2119.175700665982,2131.739957562972,7
994,1002,-0.00031109886698959415,8,2142.073665748316,2143.549342723642,8
1003,1008,-0.0009435900584906002,5,2140.8170040225955,2140.9377673845747,5
1011,1014,-0.0032828172287891707,3,2144.0307754413357,2139.136345048104,3
1015,1016,0.0018428128891955428,1,2127.5620365462532,2133.61029732631,1
1018,1019,0.0007184379421324414,1,2138.4172760817983,2142.0920134651287,1
1023,1026,-0.0036826003763401486,3,2148.9918544064635,2143.226968049081,3
1028,1036,0.003022121805997982,8,2142.4472668328885,2151.064450703018,8
1038,1040,-0.006189513488983429,2,2151.5328110413434,2140.367402496454,2
1044,1045,-0.0009032858963707502,1,2140.3609476138545,2140.567950704346,1
1048,1055,0.0017761469204232005,7,2136.9762588138697,2142.9088188737933,7
1056,1057,-0.0027502879946368123,1,2144.62282995703,2140.869122364732,1
1061,1063,-8.261487271107144e-05,2,2141.5270686704453,2143.49167375293,2
1067,1068,0.000877549398317661,1,2138.9496661078997,2142.9656497665324,1
1070,1072,0.0010211932004196597,2,2153.193637021869,2157.5456573602046,2
1077,1078,-0.003527946201635819,1,2153.1987646352572,2147.7555939968306,1
1079,1081,0.0008305385312937796,2,2154.266004380728,2158.2094713084034,2
1083,1085,0.0031499605873392695,2,2178.0868494218175,2187.12582400272,2
1088,1089,-0.0021003350189411356,1,2184.4890192294174,2182.085349463067,1
1092,1097,-0.017595970347511578,5,2177.1467637393594,2141.01490060616,5
1103,1109,9.867488578650359e-05,6,2151.648262065456,2154.0122239740335,6
1110,1112,-0.00736974508415505,2,2156.795987089549,2143.05774645326,2
1114,1116,-0.007934307963682533,2,2141.1452437500056,2126.297883234869,2
1119,1121,-0.0015933222275798303,2,2124.670491229698,2123.4098770009687,2
1124,1125,-0.004237519696681892,1,2130.8411665572294,2123.9425263099997,1
1126,1128,-0.003024934073756437,2,2127.381963492215,2123.074155266445,2
1130,1137,0.006092132604124558,7,2133.785839369505,2148.918931491117,7
1141,1143,0.0007124352593409064,2,2142.5132017502788,2146.1821169005593,2
1144,1145,-0.004144969267540266,1,2147.1250892335675,2140.3724468143632,1
1152,1153,0.0010261065757352812,1,2154.910584564694,2159.276663070202,1
1158,1163,-0.000272716265659107,5,2163.3275042633227,2164.9008571692257,5
1167,1170,-0.005047194755060255,3,2172.6426544816745,2163.849546525836,3
1172,1175,0.0004205674776698227,3,2164.405069576992,2167.4797530273368,3
1183,1186,0.016737212274061868,3,2169.5379112060095,2208.0194656736953,3
1187,1196,-0.002931309975925036,9,2216.172416046175,2211.892300150695,9
1198,1200,-0.00027026052436273783,2,2224.313063660073,2225.9362327088015,2
1203,1204,-0.0008439026128971522,1,2225.8808024061286,2226.2282565833866,1
1205,1207,-0.0023183771079435403,2,2231.25270493308,2228.3110724448593,2
1208,1210,0.0027290599078180124,2,2240.632031890595,2248.987482968891,2
1211,1212,-0.0031367307075427374,1,2260.186466871936,2255.357057043398,1
1213,1215,0.007750126605512871,2,2260.6509193131487,2280.431901068008,2
1217,1224,0.0071136540636623094,7,2284.607736743697,2303.144253590802,7
1225,1231,-0.004995819420879531,6,2299.329042602168,2290.141338958746,6
1234,1236,-0.0003216663192206205,2,2295.0028696289237,2296.5596473728783,2
1241,1244,0.0020377857591481114,3,2281.581758266291,2288.5127148398847,3
1247,1251,-0.0017151716718001903,4,2296.8438747888918,2295.201237115095,4
1253,1256,-0.0023559832677056357,3,2289.8603559120766,2286.7553435840773,3
1261,1263,0.004559925458256591,2,2331.5311681383705,2344.4943076368218,2
1264,1268,0.008829807178278835,4,2348.5076039935893,2371.592980897568,4
1272,1273,-0.0023820586498023415,1,2386.6377856681343,2383.3393122725065,1
1274,1281,-0.006807877730927545,7,2385.713282890027,2371.857351841952,7
1284,1289,-7.712347480217806e-05,5,2347.0331406885157,2349.1991624779184,5
1290,1291,0.002657496196349168,1,2356.026612595177,2364.6437709692414,1
1295,1301,-0.01046359691720028,6,2387.2764414367175,2364.684219465032,6
1303,1304,-0.010951090682628034,1,2349.4511865727814,2326.0715847607876,1
1306,1309,0.0024469865716400282,3,2330.403407383627,2338.4362766353825,3
1310,1316,0.005568882834507218,6,2348.999189214102,2364.429489666402,6
1319,1320,-0.0017964771293363343,1,2336.656505135914,2334.795411670458,1
1321,1325,-0.004102171333614419,4,2342.3845942522594,2335.11811591167,4
1327,1329,0.0034111767703703605,2,2344.256331055203,2354.5972601265476,2
1331,1335,0.017054403485041114,4,2377.6207323325316,2420.547256368462,4
1340,1341,8.479169686377661e-05,1,2434.944404779261,2437.5858122518903,1
1345,1350,-0.005289523843517647,5,2434.341407447298,2423.8992419367905,5
1353,1358,0.02168511667803095,5,2417.233330758749,2472.068550905037,5
1359,1361,-0.004736567401640207,2,2474.452476683613,2465.206518222329,2
1370,1375,0.002644570664778169,5,2464.91966364491,2473.903237542065,5
1377,1378,-0.00023211952989410302,1,2455.381594576502,2457.2670341496346,1
1379,1382,0.0011070428715741496,3,2445.464672154673,2450.6173710598227,3
1383,1384,-0.003922198889758458,1,2447.642470254349,2440.489972145246,1
1388,1390,0.0035859250551488527,2,2420.801555910705,2431.903170419499,2
1394,1401,0.007482855340823917,7,2443.094770052022,2463.8191895702967,7
1402,1403,-9.221183439974702e-05,1,2459.410857340009,2461.643481410651,1
1405,1407,0.0012036848113320324,2,2455.8583094363794,2461.270247091668,2
1408,1410,-0.008900861324070388,2,2475.067973116076,2455.5128042928377,2
1412,1413,-0.00248146796474177,1,2448.912226727363,2445.284241715002,1
1418,1420,0.0010307103261104054,2,2463.455665073268,2468.4582299302474,2
1421,1422,-0.0008647735716274087,1,2473.5869213001993,2473.921415624836,1
1423,1425,0.00426737656809589,2,2479.1290553198187,2492.187561615096,2
1428,1429,-0.001854398075615722,1,2498.764205319781,2496.6292659913383,1
1433,1435,-0.0009268338395146468,2,2522.167146444102,2522.3516837303096,2
1436,1438,-0.007145128983992359,2,2530.151469133442,2514.603362006579,2
1439,1440,-0.0006608810185572304,1,2521.110880536911,2521.965837090823,1
1441,1449,-0.009444531327686738,8,2523.7040871836703,2502.3925889576367,8
1450,1451,-0.0024390925446882167,1,2497.5497850667844,2493.955579791107,1
1452,1453,-0.003354234167162306,1,2498.007090232085,2492.126196590447,1
1457,1458,-0.010460509207622714,1,2468.828141376633,2445.4717700131014,1
1471,1472,-0.0002639364107116782,1,2429.3110102558294,2431.099137637536,1
1473,1476,-0.01786418774568328,3,2440.2394168015467,2399.0867611321887,3
1478,1483,-0.011420664818962166,5,2388.739180108577,2363.846929772743,5
1486,1487,0.0006874457076776748,1,2375.133581649742,2379.141490617258,1
1488,1489,0.0029890290319961365,1,2377.889429598397,2387.3748995679416,1
1492,1503,0.009499327694531948,11,2390.6205429510715,2415.7204514247946,11
1504,1509,0.004180008455892879,5,2414.1365302336567,2426.641777873947,5
1512,1514,-0.00035049633471705057,2,2420.1823832250625,2421.7543005536204,2
1519,1520,0.000814266397013306,1,2433.0904995951073,2437.504773929415,1
1525,1526,-0.0012997222987456885,1,2450.356792005121,2449.622365434674,1
1530,1532,-0.002199412859762764,2,2430.7683188638475,2427.8528240830983,2
1533,1536,0.009914583606113993,3,2429.0755444058013,2455.5878925207853,3
1539,1548,0.0046644029634759845,9,2463.007244941519,2476.9587104788284,9
1549,1550,8.692728226363574e-05,1,2476.309573123861,2479.00114155822,1
1554,1555,-0.0031362531079730006,1,2481.4498127443785,2476.1488078696243,1
1562,1563,-0.004651624347008273,1,2475.267415836141,2466.2286690751175,1
1568,1572,-0.005407523610797382,4,2466.557509758391,2455.6860992967413,4
1573,1574,-0.002753068217321744,1,2445.857836935801,2441.5700812977816,1
1579,1587,-0.008506103802353454,8,2424.438089223072,2406.240005262984,8
1588,1589,-0.004865637906954495,1,2408.0038260102347,2398.695355140318,1
1593,1596,-0.012624585923887936,3,2401.725845064038,2373.8067766124686,3
1615,1616,0.0008868562758518094,1,2375.8221566247284,2380.3049915712636,1
1624,1628,-0.009728909645901132,4,2385.357484569634,2364.5359146136516,4
1629,1630,-0.010664169832941828,1,2355.2377397204314,2332.476322206819,1
1633,1636,-0.004253723966623817,3,2291.6343237404967,2284.1779782186045,3
1637,1638,0.0001947668277702075,1,2286.265930433896,2288.9974851270395,1
1639,1640,-0.00431844918864963,1,2287.069734569858,2279.4802098647897,1
1644,1651,-0.020451039793494753,7,2204.4245570309795,2161.546207250413,7
1654,1655,0.0013212361822362356,1,2174.796250701552,2179.844466447672,1
1656,1660,0.005562947704239596,4,2195.983581132054,2210.3957065343925,4
1661,1664,-0.011902732901226877,3,2218.8813524444004,2194.689481719186,3
1665,1666,-0.009056286445579046,1,2182.0419346279796,2164.462779766351,1
1667,1673,-0.011584951783994865,6,2144.6492837408236,2121.948274478848,6
1676,1681,-0.014422791698462289,5,2113.5454164923153,2085.1757366214993,5
1682,1685,0.0055598135596290725,3,2097.3402620583197,2111.098423148526,3
1686,1692,0.007286173799083177,6,2115.339576011293,2132.8676473822015,6
1695,1696,0.0030411711474189326,1,2146.7949746224103,2155.4705405332784,1
1698,1702,-0.007485970972044899,4,2165.619267690051,2151.573123983312,4
1705,1706,-2.4172837387459326e-05,1,2151.962448254093,2154.0623916640216,1
1714,1715,-0.0013444241822595303,1,2218.222888281076,2217.4588786767104,1
1717,1722,0.007621175908685311,5,2214.0883697831655,2233.1764150964405,5
1723,1725,-0.003718539004189556,2,2238.22256003469,2232.137864705179,2
1729,1735,0.005993858315976259,6,2229.475054349579,2245.0676869987033,6
1736,1739,-0.001505239145312648,3,2245.2720063809957,2244.1376070714973,3
1740,1741,-0.0022646350451815947,1,2255.82920223858,2252.976401573485,1
1744,1745,-0.0020413037696351485,1,2265.523487576207,2263.164389428397,1
1747,1748,-0.002368751205624519,1,2260.6073110687107,2257.513102086242,1
1749,1751,-0.00475009828916524,2,2248.1638996876086,2239.733064093627,2
1754,1755,0.0024785415818003387,1,2249.6098274075152,2257.435188734979,1
1757,1758,-0.0006478166713653797,1,2261.7205060639517,2262.5170463202185,1
1761,1762,-0.001439772226732567,1,2247.6877382178673,2246.6992675762317,1
1764,1766,-0.0013859064351724104,2,2239.63602733946,2238.7717373840655,2
1771,1773,0.0035783422534941406,2,2220.6845321746564,2230.8515859999925,2
1774,1775,-4.279619272961515e-06,1,2233.8461497670874,2236.070435905819,1
1797,1801,0.011185320892078882,4,2135.0652020015345,2161.0816566134345,4
1803,1804,-0.00010347868507464475,1,2167.7437728309073,2169.687201328547,1
1811,1813,-0.006535521596922394,2,2205.259944807403,2193.0526807560937,2
1815,1818,-0.006602223950018464,3,2200.34451866726,2188.0176959064906,3
1821,1823,-0.004699580258667821,2,2161.7018365568433,2153.7044471171916,2
1824,1827,-0.018824672032134164,3,2137.8462740925406,2099.739865401721,3
1832,1833,0.003282697849465688,1,2119.6173419923994,2128.6950226246404,1
1837,1841,-0.017831982995251246,4,2114.9832285862767,2079.383866847471,4
1843,1845,0.006515685938336192,2,2080.4736186679597,2096.109804988862,2
1850,1852,0.0012753306255970298,2,2144.4750235232964,2149.354413220147,2
1853,1859,0.01315886778362206,6,2149.7919087491077,2180.230528147387,6
1860,1861,-0.0005038341668788031,1,2182.730962865063,2183.813959391732,1
1862,1863,-0.0007295859017677714,1,2176.979391159059,2177.5680770779895,1
1864,1867,0.009498353707206413,3,2176.211619633922,2199.0582589585715,3
1869,1870,-0.0027134619315437964,1,2215.0348257292926,2211.2394478783617,1
1871,1875,-0.019804798121167595,4,2202.196058211116,2160.784205913225,4
1876,1880,0.023160300733896716,4,2173.5264492010033,2226.039501866778,4
1884,1889,0.009169148208428898,5,2261.959690829897,2284.9618941674385,5
1891,1896,0.005139354067592611,5,2299.0613258635135,2313.1760773660985,5
1899,1900,9.360433875611296e-05,1,2322.2606759506903,2324.8003103016326,1
1901,1904,-0.008617140381013725,3,2344.073677948355,2326.218539679983,3
1908,1909,0.0006393860450805873,1,2327.02101880922,2330.835904594065,1
1911,1913,-0.015785167163901763,2,2341.909910594914,2307.28438108397,2
1916,1921,0.003697123797750143,5,2314.278127279412,2325.1485781456686,5
1922,1924,-0.006020896808661893,2,2317.472494218383,2305.836703968,2
1925,1932,0.0018687342601585808,7,2296.7046199155093,2303.2932551441254,7
1935,1936,-0.0019102439030511532,1,2319.658426125033,2317.5469711854917,1
1937,1938,-0.005795937816840239,1,2314.805819229089,2303.7041544620065,1
1942,1943,-0.0009702949475522523,1,2289.9773311551644,2290.0453550518905,1
1944,1945,0.002829280685290909,1,2293.1624217716417,2301.9435843415667,1
1950,1952,-0.010313581384895375,2,2293.2590530543916,2271.9005982271215,2
1954,1958,0.012958990830733468,4,2265.484959523033,2297.1088433001796,4
1959,1960,0.0071288931091795195,1,2333.1642968724404,2352.1303400478705,1
1961,1963,0.0022714104175042436,2,2365.5600539708203,2373.2987717746123,2
1969,1971,-0.005320650987594541,2,2433.91779535153,2423.4016860253205,2
1972,1973,0.000531092714997107,1,2434.0643193207766,2437.791097467923,1
1980,1981,-0.0012209437637782056,1,2417.115782344566,2416.581735686127,1
1987,1989,-0.00110243856022055,2,2424.6423726038042,2424.393995730105,2
1994,2000,-0.01050196414270416,6,2397.561461627787,2374.7799185894705,6
672,673,-0.0002840876927247916,1,1975.7492030098824,1977.1636661804064,1
676,677,-0.0031670274165133457,1,1990.2992385037767,1985.9862054868734,1
678,685,-0.0012728731062673572,7,1991.0260668360156,1990.4827693684988,7
686,687,-0.0017071336682836342,1,1999.6971512572502,1998.2830980752253,1
690,693,-0.003809081968982913,3,2017.5421256924965,2011.8746844855502,3
694,698,0.0013138366567980887,4,2014.5988190913602,2019.2602716877159,4
700,702,-0.0008626918624467957,2,2022.0540639952737,2022.3317084728328,2
703,709,-0.01101741127972836,6,2028.8272552424223,2008.5036582111366,6
713,719,0.0018318123910607237,6,1996.2523816624578,2001.905393892534,6
720,721,0.004535199649850304,1,2003.2462861912554,2014.3346543331452,1
722,723,0.00036560844451557204,1,2021.9230868532927,2024.6842420948606,1
724,728,0.0012138687803001738,4,2030.2020239014798,2034.6966247798975,4
730,732,-0.0007060819115333372,2,2044.8499540780633,2045.450972467767,2
733,735,0.005726628416873193,2,2047.676470853301,2061.4504295907054,2
736,739,-0.001038001286722139,3,2068.9160117199594,2068.837390249394,3
740,744,-0.0027598322958116775,4,2067.103057289732,2063.4653025707426,4
745,747,-0.0038369756348206074,2,2067.408855856341,2061.543667305064,2
749,750,-0.001636517763387581,1,2062.662557061883,2061.3496357044387,1
754,755,-0.002993363440073128,1,2058.717814520786,2054.614041695893,1
757,759,0.0002780444708680547,2,2050.963445412906,2053.5846679042684,2
766,767,0.0004580962998436183,1,2084.007295558902,2087.0459788854037,1
768,772,0.0003635464260583446,4,2086.2847028909287,2089.129448941296,4
773,774,-0.004351662220419327,1,2088.6968633241677,2081.6962569574557,1
778,779,-0.003926541650051431,1,2084.5140562660013,2078.413639060221,1
780,784,-0.0048013510649327585,4,2080.225134704628,2072.3174686735188,4
788,793,-0.002477914510483326,5,2079.654271351891,2076.5807201274715,5
797,801,-0.0023126321151583466,4,2074.165926269689,2071.4433094627,4
803,806,0.0004950368404753535,3,2073.8305903189157,2076.9310434523472,3
807,809,0.0020780656603382537,2,2083.8230559116155,2090.237200102238,2
817,821,-0.004887604334951891,4,2083.058967400442,2074.9608583288154,4
823,825,-0.005300500652147629,2,2076.6681226025194,2067.737409986973,2
827,832,-0.004719649894820158,5,2066.4033577620066,2058.717060729651,5
837,839,-0.0009322919863322468,2,2070.3767775060182,2070.516958605167,2
844,846,-0.0012137147905190006,2,2077.439247422308,2076.9952679287294,2
851,852,-0.0018251876260399417,1,2074.8305840699268,2073.118459545823,1
854,855,-0.00219734610989315,1,2075.4727456656096,2072.9876864473977,1
857,859,-0.0020560370093929215,2,2071.168575889155,2068.9813452203243,2
863,864,0.0004941824653247912,1,2064.5229512979863,2067.6077252910763,1
868,878,0.031160697343300056,10,2070.4114616903544,2136.9973380858773,10
879,880,0.006703317229720097,1,2147.2302339254034,2163.771029582577,1
883,886,-0.009321154248121986,3,2184.3021306556266,2166.1262157019396,3
887,888,-0.001323937175161076,1,2174.1304335023324,2173.426151831272,1
891,896,-0.0012260465159380897,5,2167.1008757648447,2166.6110101621916,5
898,901,-0.004756360381088665,3,2168.9249579067755,2160.77769412534,3
907,909,-0.003709772199972875,2,2166.2595207255545,2160.389450898366,2
921,922,-0.0018082520196946283,1,2156.2098892594563,2154.467128261577,1
924,926,-0.0016754100198766813,2,2158.5772636686806,2157.119338956121,2
927,929,-0.0020425189670298235,2,2155.6922488738796,2153.4448988173494,2
936,942,-0.0035913445919800242,6,2136.931145802938,2131.3936208348277,6
944,948,-0.009144985384437716,4,2126.2668171150594,2108.9484049662424,4
949,952,0.0014637215034988167,3,2111.542740783428,2116.744994039453,3
953,954,-0.0010258882543686377,1,2120.5037522166367,2120.4488560761097,1
960,968,0.0028695497341091353,8,2139.8060042216043,2148.086089976285,8
972,978,-0.012039761944167626,6,2149.70682399304,2125.974572406404,6
984,985,-0.0017431001150184835,1,2119.9293331033437,2118.3540133720835,1
991,995,0.002769173310345112,4,2133.0541377721024,2141.0939884977142,4
1001,1006,0.0023438004105702133,5,2142.945746213718,2150.111329079737,5
1014,1018,-0.0017875407449349041,4,2137.070591546555,2135.38756138091,4
1020,1022,-0.0016127425940804844,2,2145.2900638636647,2143.975553264878,2
1023,1025,-0.0013341282439958075,2,2148.6691551877516,2147.9512241360007,2
1027,1028,-0.004150732566230221,1,2145.726177398998,2138.9655680536544,1
1032,1035,-0.000685883340305342,3,2152.1593084702663,2152.8353375633737,3
1037,1039,-0.005519200816741501,2,2152.8064710556464,2143.0775062933653,2
1041,1043,-0.0008952854674959456,2,2145.2165711624475,2145.4412065128167,2
1046,1048,0.0004255971214007031,2,2136.9881917337793,2140.0346759483823,2
1052,1055,-0.0008229776999546731,3,2142.6917585181054,2143.0710627414865,3
1064,1066,-0.00385632073564851,2,2141.9315483454184,2135.8135048495396,2
1074,1075,-0.003799820590941951,1,2158.176361430624,2152.1338548150065,1
1078,1083,0.010570368248882068,5,2154.1182951091273,2179.042237035194,5
1086,1089,-0.0037225105297002538,3,2190.1645589906275,2184.201812916999,3
1091,1092,-0.0047606680409870384,1,2183.5513636697524,2175.339751840546,1
1093,1094,-0.00802153147753093,1,2170.3967182165784,2155.157209340891,1
1103,1106,0.0015945912952434376,3,2148.2115587870394,2153.7852897978096,3
1107,1108,-0.0018613982832193705,1,2160.033153129942,2158.172504280139,1
1110,1111,-0.004909024810231982,1,2158.199662009704,2149.7632059854736,1
1114,1115,-0.005757906101671067,1,2141.4448837416335,2131.256090062887,1
1117,1121,-0.0022580877859798617,4,2130.873571976348,2128.1927459619774,4
1125,1126,-0.0010157591679366632,1,2126.337369186954,2126.303859879263,1
1133,1139,0.002840416998642117,6,2142.0890046178138,2150.3155196437524,6
1142,1151,-0.0006827109495883424,9,2143.9020145945574,2144.5822512289437,9
1152,1154,0.0011571128454236817,2,2153.6192748495855,2158.2648746515156,2
1155,1159,0.0034197315804891885,4,2156.5138149464883,2166.0450271581685,4
1161,1166,-0.0020400260899455834,5,2168.7099682898793,2166.4544533413327,5
1171,1173,-0.0014021737134717032,2,2165.6843158763636,2164.81333457284,2
1176,1177,-0.004066548129692988,1,2181.314370393081,2174.6252648902796,1
1180,1181,0.00045410421366978964,1,2160.372623720334,2163.5140306555827,1
1188,1193,-0.0006202779514262607,5,2210.740242271617,2211.5797090852766,5
1195,1197,0.00031253336874975993,2,2213.56012792524,2216.465499456876,2
1199,1202,-0.0008843387112333494,3,2229.010481518143,2229.26829174311,3
1204,1209,0.005687767276967714,5,2228.698824341375,2243.6038434090215,5
1211,1215,0.006467550819296881,4,2258.190844612001,2275.053999503812,4
1216,1218,-0.0026359357061833694,2,2286.5326847965334,2282.7920643341195,2
1220,1221,-0.00018302393025438268,1,2289.801317506858,2291.6720303877332,1
1222,1232,-0.0017373224925420151,10,2298.0251883420788,2296.330802682286,10
1243,1245,0.0037939323326949097,2,2286.2801728818426,2297.24044532422,2
1247,1250,-0.004776073449279734,3,2303.408066777896,2294.710228734079,3
1254,1256,0.001358628085825037,2,2286.0177259127818,2291.4095915258135,2
1257,1261,0.017390878381305735,4,2291.697376205554,2333.843703938108,4
1269,1274,0.0024757711407218247,5,2377.8085060219732,2386.0732242053673,5
1280,1286,-0.018993576877468044,6,2382.2317702448377,2339.3668997469904,6
1287,1291,0.005741077663564319,4,2346.3395446569334,2362.156401752558,4
1293,1295,-0.00025612025113213536,2,2383.6641773262054,2385.43733683582,2
1302,1303,-0.008403331665474889,1,2360.8095210434303,2343.331665160135,1
1304,1307,0.0041578406200095275,3,2324.153418670376,2336.141031580328,3
1310,1311,-0.001507149858611828,1,2349.2801770068886,2348.08873989728,1
1312,1313,-0.0006377172285191116,1,2363.2593984765294,2364.115566641138,1
1316,1318,-0.01475312739430068,2,2365.3358347479566,2332.8050696823634,2
1331,1332,0.0038308466186455703,1,2372.034952013273,2383.4938890405156,1
1333,1334,0.002983132852257632,1,2399.778376242408,2409.3370123309564,1
1335,1336,-0.0004677714555112524,1,2424.76596859753,2426.0564982597225,1
1337,1338,-0.0021695571982299584,1,2428.689223146486,2425.8487321832913,1
1339,1341,0.0022597739015438956,2,2431.6742230037426,2439.600931172947,2
1342,1345,-0.004336240745669195,3,2437.2678675007874,2429.136555133121,3
1354,1355,-0.003186543241838064,1,2429.9619817049756,2424.648764755955,1
1361,1365,-0.0070669917662863225,4,2468.4040092035993,2453.428222403893,4
1374,1379,-0.013251391837476239,5,2476.839259034028,2446.494530753158,5
1382,1384,-0.005624895212883834,2,2451.268062941668,2439.931205011874,2
1397,1400,0.0015979251046847323,3,2453.1121347300564,2459.4851363294783,3
1402,1404,-0.004947024180653064,2,2467.5866829730962,2457.847058667544,2
1405,1412,-0.005878661670316355,7,2461.872611703917,2449.8619681559953,7
1414,1415,0.0011230630560955406,1,2452.6798919142816,2457.887085981233,1
1417,1418,0.0003205797816379914,1,2460.2064893577917,2463.455388306292,1
1419,1421,-0.0024109860885824317,2,2465.506176265709,2462.027381349684,2
1426,1427,-0.0003542419176961779,1,2494.780397261619,2496.3914218667237,1
1430,1432,0.005656466536963761,2,2500.818180850783,2517.4647933866468,2
1436,1442,-0.00044204668511992604,6,2526.965125728431,2528.3750542969174,6
1462,1463,-0.005773432819650266,1,2431.008207307325,2419.403952945725,1
1464,1465,-0.005964023369868698,1,2418.262974729635,2406.258660808589,1
1467,1468,-0.0019330769450563487,1,2415.5261108292666,2413.27223910507,1
1469,1470,0.0008190057834297829,1,2425.233931255647,2429.645445802771,1
1475,1480,-0.012993610484932448,5,2419.068905232245,2390.0555350466775,5
1481,1482,-0.007893029311728545,1,2392.0284587650235,2375.5401364842674,1
1485,1490,0.00397136129955803,5,2371.003473253693,2382.790588161744,5
1491,1492,0.0005098633210908318,1,2386.187267514473,2389.7900841469473,1
1493,1494,-0.009441229018259199,1,2389.662313748901,2369.4906268822433,1
1497,1498,0.005259983189617635,1,2392.0606369775,2407.0348963535253,1
1499,1500,-0.004227524415313708,1,2410.3891554051042,2402.609565555627,1
1501,1502,0.0004868362719157664,1,2409.969285544239,2413.552515292189,1
1505,1506,-0.0026594423255840187,1,2419.2496011769745,2415.234995992629,1
1507,1509,0.0009478617899644315,2,2426.5480825113473,2431.2746628027826,2
1514,1517,-0.00293857786308669,3,2421.392443134514,2416.698385346408,3
1523,1525,-0.0038922243938668694,2,2454.497911729881,2447.3989529948803,2
1528,1533,-0.003117773924646271,5,2435.9514401564456,2430.792645714778,5
1536,1539,0.0005367928182288691,3,2455.6079607352185,2459.381721413662,3
1541,1544,0.00011811161280135974,3,2475.1480591405434,2477.915550928871,3
1546,1551,-0.004880225664210945,5,2486.767114468627,2477.11789689015,5
1557,1559,-0.0006446228721814957,2,2476.7250617811796,2477.6052332200316,2
1561,1562,-0.004326511880832169,1,2473.638326306925,2465.4097390255833,1
1565,1566,-0.0017399466754170327,1,2462.903525650138,2461.08110837446,1
1568,1571,-0.0036794449333439672,3,2466.1119300887854,2459.50411897265,3
1574,1575,-0.0024500449061620653,1,2444.783402664357,2441.238356944654,1
1580,1584,-0.00680637372389646,4,2419.8561961729683,2405.8056067399016,4
1587,1588,-0.0043500678507386896,1,2409.0570133702545,2400.986508919166,1
1590,1594,-0.00912022650992595,4,2409.4152258371814,2389.850228446919,4
1595,1596,-0.0057469615883139705,1,2386.2035257930747,2374.8763093142356,1
1598,1601,-0.00014772376830322767,3,2353.6326728476793,2355.6386180328923,3
1605,1607,-0.007489873619766509,2,2358.803958264515,2343.4956186815734,2
1608,1609,0.0002071954988904826,1,2356.8451922613913,2359.690365169071,1
1611,1614,-0.0004634463822275101,3,2370.7603582662878,2372.032398313387,3
1615,1620,0.0019491732736121488,5,2378.1838943697417,2385.1975707507518,5
1628,1630,-0.014978034446508207,2,2367.0757738287,2333.9887071246276,2
1634,1636,-0.006553147731539462,2,2297.91206611743,2285.151420940193,2
1643,1644,-0.017217976003184723,1,2243.222301709604,2206.8417762506688,1
1648,1649,0.0050804014652921494,1,2150.4016518491326,2163.4769572040027,1
1655,1657,0.002291230814117855,2,2182.7994291921054,2189.9835259345014,2
1660,1662,-0.0005128433673833198,2,2213.02439882497,2214.102488339,2
1664,1666,-0.014123797305703588,2,2194.712072999472,2165.9091166090466,2
1667,1668,-0.006122936554299798,1,2145.7467373885834,2134.754212991346,1
1671,1674,0.0008134137247940939,3,2120.3516778567287,2124.1967526907442,3
1678,1679,-0.008416609685106893,1,2079.519639047797,2064.0966535524653,1
1683,1684,0.0028810841210752045,1,2104.756828111846,2112.9255664161556,1
1695,1696,0.004096607763570363,1,2145.5799794480404,2156.5151590286564,1
1700,1701,-0.0014336771128343308,1,2161.489202903749,2160.5518145068113,1
1702,1703,-0.005216441866362474,1,2155.72623990369,2146.636745533344,1
1708,1713,0.009607882465146038,5,2178.9027464712335,2202.0162907087843,5
1722,1723,-0.0018373089951939467,1,2238.0191574837027,2236.145243911725,1
1728,1729,0.0031211094363220145,1,2221.9636458257937,2231.120601173771,1
1735,1738,-0.002796256886132782,3,2250.151077909114,2246.1092285405807,3
1740,1741,0.0009025085873910913,1,2251.7113981669418,2255.9952984382808,1
1743,1746,-0.002631559205441076,3,2262.962490947722,2259.2703336640484,3
1749,1753,-0.0030255219116711945,4,2251.025451493323,2246.465950117594,4
1758,1760,-0.004366906828452224,2,2264.048152365529,2256.425313181385,2
1764,1769,-0.00907301504597742,5,2236.177905598975,2218.1252077215922,5
1772,1773,-0.002122551871921276,1,2234.733747694857,2232.2251431431364,1
1776,1781,-0.015461482237138575,5,2245.4198194271307,2212.9477205935664,5
1785,1786,-0.008943495854565452,1,2164.1076004600004,2146.917020706913,1
1788,1789,-0.004847149916201857,1,2141.1369976742944,2132.899722653115,1
1790,1791,-0.004854384526251945,1,2116.2493380167084,2108.092499314566,1
1792,1800,0.018232542553257434,8,2118.4187345303158,2159.161312987788,8
1804,1805,-0.0012225777126536428,1,2170.8445513196893,2170.36136970493,1
1808,1811,0.00401316464350398,3,2187.3228202068694,2198.28822963306,3
1812,1814,-0.002048016370331429,2,2203.295209542133,2200.98612009386,2
1817,1819,-0.006937203268736713,2,2197.428860625016,2184.382278810897,2
1821,1825,-0.02553747420549619,4,2167.425768723243,2114.2426148308687,4
1828,1830,-0.004951547218301653,2,2111.976385197531,2103.6308107874847,2
1834,1835,-0.003390152294843253,1,2128.937536150464,2123.849051212856,1
1837,1843,-0.0202484513265644,6,2118.3485643338568,2077.573635100579,6
1844,1846,0.01591538311603647,2,2082.403366922472,2117.6280176760897,2
1851,1853,-0.0018426331708041735,2,2146.8972836595817,2145.088236794061,2
1854,1855,0.0064004808607967785,1,2151.5117534311726,2167.4339749842193,1
1857,1860,-0.0022431014909103848,3,2182.3432523159377,2179.6303781653055,3
1867,1869,0.005653948564246374,2,2198.871475362251,2213.5026530587,2
1870,1872,-0.009419090486185461,2,2208.502787851787,2189.90920304187,2
1873,1877,0.0012435127040973525,4,2180.4630042746107,2185.354900725515,4
1879,1882,0.017341374035322352,3,2213.74155821231,2254.344620149019,3
1883,1885,0.0013257040447756541,2,2263.519803438349,2268.784080600635,2
1886,1888,-0.002660510247592551,2,2287.0684929207328,2283.270792251292,2
1891,1896,0.005058989652933769,5,2296.759985152472,2310.676030137783,5
1899,1900,0.003310481932434494,1,2321.0613200707458,2331.0662129549833,1
1901,1902,-0.0022027543034086722,1,2336.020284126724,2333.210625677141,1
1904,1908,0.001324497923144765,4,2327.881827198371,2333.29298367102,4
1910,1914,-0.017416924123669787,4,2345.092704321538,2306.5934953317196,4
1918,1919,-0.000497797354623928,1,2310.327447152638,2311.487699708283,1
1922,1924,-0.0075869772562079316,2,2324.5866923675508,2309.274692694842,2
1929,1931,-0.0004100873326329348,2,2306.1376070879146,2307.4980268750273,2
1933,1934,-0.0015033362906251755,1,2312.599384716048,2311.435369520043,1
1937,1938,-0.004682247803488594,1,2314.674037798435,2306.15083440696,1
1940,1941,-0.002607505870491287,1,2296.4163713422,2292.724868544175,1
1944,1949,-0.0038040730857198013,5,2297.4005954480467,2290.958516271234,5
1950,1951,-0.0035525939450121143,1,2290.2789960905307,2284.4328437927215,1
1956,1958,0.014661646727498073,2,2262.9204706214396,2298.3615316047362,2
1959,1961,0.012538978071941157,2,2328.994941257324,2360.527152696669,2
1965,1967,-0.00027695007618115176,2,2389.4916762943863,2391.2193980688967,2
1978,1979,-0.0024464518751463908,1,2427.85945710482,2424.347675240499,1
1984,1990,-0.0012650623357291497,6,2416.459200917111,2415.8186885971218,6
1998,1999,-0.003182618052662031,1,2380.1548528347903,2374.959883884862,1
672,677,0.0045644867344362345,5,1974.1203068040265,1985.1052730634187,5
678,685,-3.8853739212338085e-05,7,1991.5650611070894,1993.4792464186878,7
687,688,0.0015068972005890203,1,1996.2203677739117,2001.2246870256429,1
689,690,0.0007280982435096015,1,2007.9096252626657,2011.3794903592081,1
692,693,-0.002242671144081259,1,2017.250981933044,2014.7442023474262,1
694,695,-0.003894794870527227,1,2015.5188795230947,2009.6843658092005,1
696,703,0.0032156633571036927,7,2019.8986017238403,2028.4138142441925,7
705,708,-0.006882811761886016,3,2028.1532057417153,2016.221962208071,3
711,713,-0.006515909425095427,2,2002.3651276247058,1991.3202629447583,2
716,720,-0.0013568315532483319,4,2002.2775641658975,2001.563088352642,4
729,730,-0.0009055231435156541,1,2043.2221146867987,2043.4151518892936,1
734,737,0.007039852642546707,3,2050.3844464300737,2066.869235239941,3
743,747,0.00045582067604612014,4,2062.996739648474,2066.00009295667,4
748,756,-0.010073379723906907,8,2068.7791177160098,2050.0082992160833,8
757,760,0.001305459957713195,3,2050.0886368412453,2054.8150341032456,3
761,773,0.007989065317500793,12,2069.26977597302,2087.8705771487716,12
775,776,-0.00223560262428884,1,2082.5852308972926,2080.0119831206907,1
777,779,-0.0036306359002296787,2,2082.0410214803146,2076.5639296234576,2
783,788,-0.003118418015273272,5,2078.2634194497673,2073.8607887815215,5
789,791,-0.003396425422106521,2,2080.3412334565533,2075.3558508380415,2
793,794,-0.0033788906466095336,1,2079.4917209854784,2074.544837580724,1
795,805,-0.0011149623395117405,10,2074.724021449145,2074.485506321798,10
810,812,-0.005899159790768742,2,2091.2196025093185,2080.9743835190375,2
813,814,0.00022861777135238103,1,2088.3548919388722,2090.920681871999,1
821,825,-0.008257644527889487,4,2081.7476985261937,2066.6391137335386,4
826,829,-0.0050569703871956445,3,2070.451962340729,2062.0522000414016,3
830,831,-0.002803475442176428,1,2063.7655717609264,2060.0436212338464,1
834,836,0.00017159260537910875,2,2067.3531409922293,2069.775236644923,2
837,838,-0.0009414356122827242,1,2069.2940959320063,2069.4152828737415,1
840,844,-0.0009726147432771536,4,2078.3887879667163,2078.4457051772447,4
845,847,-0.002013548459047652,2,2078.374509763074,2076.2679764813797,2
849,850,-0.0017892738539721177,1,2078.1781034077308,2076.5378517668137,1
853,862,-0.01066423028867123,9,2080.8660917001116,2060.7561225900345,9
867,869,0.0011648471191691443,2,2067.692049779468,2072.168286956762,2
870,876,0.015601410293145917,6,2084.3634522491507,2118.966825119977,6
877,880,0.011407945068506085,3,2133.3787562272873,2159.8496026448734,3
883,884,-0.001930979940076358,1,2179.273618064069,2177.244758041714,1
885,886,-0.0028417664619808216,1,2175.3208061940795,2171.314373289182,1
889,894,-0.007412669016170434,5,2175.4951599800947,2161.5444295728616,5
897,901,-0.005870248242053592,4,2169.5898535091874,2159.023412339157,4
902,906,-0.0010884780369649677,4,2164.8372593130553,2164.6457187620026,4
907,908,-0.006140497301655424,1,2167.803198342528,2156.6596118509283,1
911,916,-0.011254993314565871,5,2165.3901298781834,2143.1840685728557,5
918,922,0.002912028198881026,4,2148.879566263854,2157.2860437230775,4
923,924,-0.0023863362200032224,1,2158.544330653789,2155.551862465721,1
928,930,-0.002721118803401869,2,2156.9356289561215,2153.2232864873977,2
931,933,-0.007269972555344782,2,2156.288625741452,2142.768755236651,2
934,939,-0.0060735850459162416,5,2147.196716860011,2136.3027317067094,5
942,943,-0.003433846264111013,1,2137.289019630379,2132.087186734626,1
946,948,-0.003817576110101162,2,2113.3386008657626,2107.3841085114086,2
950,953,-0.0007220550550492016,3,2114.633947737982,2115.221699554177,3
956,958,0.005067303294212409,2,2120.197366945881,2133.0612474147324,2
959,961,0.002785543294518346,2,2134.818644185231,2142.900092588739,2
963,964,-0.004198116941179096,1,2140.6465869676344,2133.800548852776,1
967,971,0.0008987882205750979,4,2146.9223473874295,2150.998898251138,4
976,978,-0.004933238221402907,2,2140.5320886770533,2132.1128660517293,2
981,985,-0.005192625914548198,4,2125.6267574886147,2116.714799660511,4
990,991,0.0005233222612299577,1,2129.0501441641027,2132.2933736439827,1
992,994,0.00030797412501839335,2,2137.836462957309,2140.632697734378,2
998,1000,0.00016269975886242048,2,2139.201878743289,2141.689128251862,2
1003,1004,-0.003332624205060292,1,2145.027897211844,2140.024353218278,1
1011,1014,-0.00903405713263443,3,2149.255946738617,2131.9887016698644,3
1017,1018,3.9284098815293295e-05,1,2136.5648791654467,2138.7853770704505,1
1024,1027,-0.00410196669689989,3,2148.948025651354,2142.2820604424146,3
1032,1033,-0.001939313066442212,1,2147.385096016129,2145.3680291367577,1
1038,1040,-0.004654287402676337,2,2150.313014178266,2142.455152418743,2
1042,1044,-0.002459509140966337,2,2146.550351871133,2143.4174420110326,2
1047,1049,-0.000458394560318479,2,2141.030789537747,2142.190383459886,2
1050,1051,-0.00025532989250162913,1,2142.43006723564,2144.025470864116,1
1056,1060,-0.002323668803069864,4,2145.5928574733452,2142.7528031438183,4
1066,1070,0.0009083661162016163,4,2143.388498310909,2147.478868294942,4
1074,1077,-0.004096475127768355,3,2156.9794693213435,2150.300436043483,3
1080,1085,0.014640861653931504,5,2151.2113084656944,2184.8581069297793,5
1088,1089,-0.003985655175374098,1,2186.639333086114,2180.110782044609,1
1090,1092,-0.0048103391104484736,2,2181.668079514755,2173.355184305363,2
1096,1098,-0.006033203809923665,2,2150.0880116934404,2139.266180521314,2
1099,1100,-0.0009695076095273012,1,2139.1239841132897,2139.189211117083,1
1104,1105,-0.0006360581096501568,1,2150.004285575987,2150.78676219994,1
1109,1116,-0.011676919632334144,7,2152.105368190987,2129.127512134497,7
1117,1122,-0.001598265588987915,5,2130.0623391244612,2128.787996124564,5
1123,1125,-0.001211239213174105,2,2128.309057221567,2127.859474890928,2
1130,1131,-0.002404606886146994,1,2137.1612617537594,2134.1593903286935,1
1132,1133,0.0018062650553944933,1,2134.8175852812587,2140.808449270475,1
1137,1150,0.0005336909704348994,13,2144.013312333264,2147.3015661908817,13
1153,1155,-0.0009668098499900105,2,2156.2211252790835,2156.292690581686,2
1157,1158,0.0009645338074100633,1,2157.076772204775,2161.31442244895,1
1160,1161,-0.0029105034097936426,1,2169.023647036794,2164.879719963207,1
1164,1167,-0.0038368851576752816,3,2170.738284980163,2164.580149758305,3
1168,1170,-0.0045378702791984546,2,2167.691197189119,2160.0221869281036,2
1172,1174,0.004004564178204609,2,2161.5043610147486,2172.321748310916,2
1177,1183,-0.003220819758741065,6,2177.7760371684362,2172.9395891149798,6
1184,1186,0.008497671239304967,2,2183.9552557860493,2204.6977448068574,2
1187,1191,-0.003243437239817048,4,2218.077853238924,2213.1017347821544,4
1193,1195,-0.0037549329741958016,2,2218.0336055741845,2211.923071656314,2
1197,1198,0.0005204322688217985,1,2219.9872986785335,2223.362639003819,1
1200,1202,-0.002721311439807082,2,2226.5073756749557,2222.6748630583916,2
1205,1212,0.011897069772490478,7,2226.186027945685,2254.897304474644,7
1213,1214,0.002568693486815549,1,2261.8391944314435,2269.911005232835,1
1216,1223,0.006070126214425975,7,2285.3077117640596,2301.4651257250325,7
1231,1234,-0.0020899754494868223,3,2297.3435801693213,2294.8395320679006,3
1240,1243,0.001169958703433773,3,2280.931751952505,2285.8812796595926,3
1244,1247,0.0016307193079917628,3,2292.438806687083,2298.469569718224,3
1248,1251,-0.0025019908545854605,3,2299.1952408602865,2295.741870635608,3
1253,1255,-0.0009362558421814155,2,2288.29645441385,2288.442319944176,2
1256,1257,0.0007746930510348444,1,2287.217948723216,2291.2770585230173,1
1259,1261,0.010449161664176074,2,2303.9313880414197,2330.3094709662755,2
1262,1264,0.001627598344419804,2,2339.8453746927944,2345.9935485255355,2
1265,1267,0.0056032004294360345,2,2353.9489081856336,2369.4925046270355,2
1270,1278,4.2706239183818145e-06,8,2375.314109893765,2377.69956807691,8
1280,1282,-0.006687120917522789,2,2380.2960840618107,2366.759052412245,2
1286,1287,-0.0031718767700705066,1,2342.4258935510347,2337.3384331672196,1
1288,1289,-0.0030072601181320535,1,2354.0462677815617,2349.321084592006,1
1292,1294,0.002962062599978492,2,2373.8530086609394,2383.2583628844013,2
1299,1302,-0.006686759940973162,3,2373.768371035058,2360.2693201535067,3
1304,1306,-0.0012490236057778133,2,2334.67629331009,2334.094903801206,2
1310,1312,0.006121004343218309,2,2347.6232486101867,2364.34068395978,2
1313,1314,0.0009497685163727867,1,2366.555131582048,2371.169366269867,1
1315,1318,-0.014576398351918471,3,2374.5615002472787,2342.3235074087925,3
1319,1320,-0.0013260432380232797,1,2335.6301692245324,2334.8686528013336,1
1324,1325,-0.005755619314655121,1,2344.9331907391706,2333.7815811657156,1
1332,1337,0.011455150999276086,5,2390.4285053552608,2420.2016533424344,5
1338,1342,-0.0008467494505109787,4,2434.0985364969292,2434.471563435158,4
1345,1346,-0.0034520987245944337,1,2434.782542220958,2428.812215054513,1
1348,1350,-0.0011165838219068585,2,2420.553378750917,2420.2711813868927,2
1357,1359,0.007883618120456081,2,2449.8409490957833,2471.604400543406,2
1360,1361,-0.0025803072087564934,1,2473.3011296382456,2469.3925540336527,1
1362,1363,-0.003186756146875344,1,2460.043638108689,2454.664122561473,1
1364,1365,-0.0018411980900087392,1,2452.7924144466742,2450.7291301524538,1
1366,1367,0.00289028132439982,1,2460.5561771054904,2470.1284328489205,1
1368,1369,-0.0032260595087277577,1,2473.801660467073,2468.2948307580837,1
1370,1373,-0.0007402295140233137,3,2473.2001545753997,2473.8426189814713,3
1374,1376,-0.004016726925229537,2,2472.9339945512747,2465.4738279855965,2
1387,1390,0.0004279797014194956,3,2424.2019265639474,2427.6636377072227,3
1393,1394,0.00030347062115127334,1,2437.149902941949,2440.3266562397757,1
1398,1400,-0.004177060336797651,2,2463.6924164519173,2455.865116993539,2
1401,1409,-0.000819695097643405,8,2464.43914572283,2464.883496182363,8
1411,1413,-0.0039058501945228924,2,2455.961737220164,2448.825080328322,2
1414,1415,0.0011593581746357669,1,2449.7692958137536,2455.0592251686408,1
1417,1418,-0.0007624239678246244,1,2456.4200159132556,2457.0036024339925,1
1421,1422,0.000930105563298063,1,2465.551852666188,2470.310628013619,1
1425,1426,-0.0019048418097886983,1,2493.1506881757105,2490.8947811949456,1
1428,1430,-2.1537270064435083e-05,2,2494.387190312695,2496.827855212445,2
1434,1436,-0.002643726322207501,2,2531.2908845255233,2527.130135069465,2
1441,1442,-0.00030335464810900476,1,2529.6594479895057,2531.4217234858147,1
1443,1446,-0.009310963844265864,3,2525.9642194449266,2504.9710221452106,3
1448,1451,-0.006754121793270127,3,2508.7797971779987,2494.343972672541,3
1456,1458,-0.011489783931243457,2,2484.4934131467653,2458.431614064258,2
1459,1463,-0.007892448510103236,4,2439.3548096316345,2422.5416822083757,4
1464,1465,-0.0023703318073563305,1,2411.689302248109,2408.3844876877774,1
1472,1473,-0.000658702012786743,1,2433.688235365782,2434.518848262017,1
1475,1476,-0.008709796330637332,1,2418.7379124865606,2400.0899358040983,1
1482,1483,-0.008391397981754914,1,2377.4603399358753,2359.887584377571,1
1485,1486,-0.001308010592774823,1,2375.5699043451996,2374.838203650784,1
1488,1489,0.0025638616015374225,1,2378.7832018746803,2387.2608559862238,1
1490,1495,-0.009441895423273474,5,2386.397666553952,2366.25194701456,5
1496,1498,0.009555675389684798,2,2381.001545547068,2406.1346249642006,2
1499,1504,0.001732325404422436,5,2405.847027961761,2412.420584915415,5
1506,1510,0.0027067664489367907,4,2420.3960309563013,2429.36787375699,4
1511,1522,0.006223683423486758,11,2430.7526988073014,2448.3116867842714,11
1526,1528,-0.006645889984776133,2,2451.1495041979238,2437.3105837609837,2
1531,1532,-0.0030991062063684635,1,2433.4410017967057,2428.3329506870027,1
1537,1540,0.0047009500137349,3,2455.193235978286,2469.190169890658,3
1542,1543,-0.002992624013512471,1,2481.669878446093,2476.724843452691,1
1545,1551,-0.003631816381537109,6,2484.447403336241,2477.9087939610736,6
1552,1560,-0.005078212751427877,8,2481.660216693292,2471.5394783528623,8
1563,1570,-0.003029308461934215,7,2466.126117650697,2461.1215870519513,7
1571,1573,-0.009783292226328216,2,2466.3328562392617,2444.6703340355175,2
1576,1579,-0.0069324023237223925,3,2435.9093605598696,2421.458566208907,3
1581,1585,-0.003060487099845676,4,2410.3480718006404,2405.3815806925572,4
1586,1588,-0.006094596593573413,2,2413.8442826955657,2401.546719835528,2
1589,1591,0.002154641194903929,2,2398.8316535457116,2406.3991066996264,2
1593,1598,-0.023415781000247833,5,2405.6533636134905,2351.728764652221,5
1603,1608,0.0010024372034151976,5,2353.02042997755,2357.732205626933,5
1610,1613,-0.0005307415973961642,3,2370.151994279267,2371.264208018031,3
1615,1620,0.002004106042135724,5,2378.4158364550035,2385.5608498400093,5
1628,1632,-0.020208319882491797,4,2365.768808659647,2320.326364614891,4
1635,1636,-0.003587358041134609,1,2290.1973998097224,2284.271839151539,1
1646,1647,0.007783646566439552,1,2121.4400584447767,2140.0740381300425,1
1648,1649,0.004294645077500411,1,2149.8973994243074,2161.2803431073003,1
1651,1652,0.003136909069671444,1,2163.869950474371,2172.821683698078,1
1653,1655,0.0020664874317438933,2,2174.491826488158,2181.159878344514,2
1657,1658,-0.0063717537769572685,1,2196.7526180760524,2184.9522039028616,1
1660,1661,0.0003037258913868362,1,2209.1184625814276,2211.9985475182357,1
1662,1665,-0.014364310682061069,3,2212.536124215505,2182.9671040562057,3
1667,1670,-0.015634261999066403,3,2145.542530884117,2114.1440993570186,3
1671,1673,-0.0008420210776750792,2,2122.5284017511963,2122.863716500709,2
1677,1681,-0.006608402795129207,4,2097.184851455531,2085.422994072725,4
1683,1687,0.00598050199075398,4,2105.2780897057355,2119.973987602017,4
1689,1692,-0.0007542108065380468,3,2138.228352290298,2138.753905712445,3
1696,1697,0.002590115683706585,1,2160.387067974767,2168.14310747038,1
1698,1699,-0.004818333926889915,1,2167.179297913317,2158.904283674441,1
1700,1702,-0.007354145877807518,2,2163.295851691663,2149.549954273158,2
1704,1706,0.0006339445368222934,2,2152.269341671369,2155.786030403963,2
1707,1711,0.0069043966881681676,4,2169.812080674005,2186.9631360984317,4
1712,1713,0.002983695737192601,1,2202.171207792564,2210.9439878456155,1
1721,1725,0.0011081734756749288,4,2232.3220963369536,2237.028218569614,4
1726,1732,0.010225738945407,6,2234.428688207886,2259.511801353836,6
1733,1735,-0.006803686792229475,2,2260.600639990179,2247.4808219133624,2
1741,1744,0.00018727119653182784,3,2259.505659568427,2262.188305556433,3
1748,1753,-0.003947767402180204,5,2254.7144418976927,2248.0680681646418,5
1758,1759,-0.0008580089425696727,1,2259.4599384151197,2259.7807615209967,1
1761,1763,-0.007286851999581224,2,2251.825984093635,2237.669087402827,2
1765,1767,-0.007201149476873067,2,2235.787880215115,2221.92342537132,2
1768,1774,0.00773302912985661,6,2220.7190034183395,2240.112607164418,6
1776,1780,-0.012666741920029055,4,2241.2897872058447,2215.1412376905173,4
1783,1786,-0.026582193999810308,3,2206.729405673631,2150.276425912602,3
1787,1788,-0.003161072215312869,1,2145.773683425659,2141.136511538058,1
1790,1791,-0.003983229836860581,1,2112.6598184365102,2106.357268631014,1
1793,1795,-0.004484968859352486,2,2122.6200087195316,2115.2227440889055,2
1797,1801,0.013369536968088024,4,2133.760754514137,2164.421908557183,4
1805,1808,0.004564547373784187,3,2173.6317271481084,2185.7270038669844,3
1811,1814,-0.0005697181933259418,3,2202.983516531693,2203.9314202592595,3
1815,1816,-0.005063514282505995,1,2200.6801988644124,2191.7377034450988,1
1818,1822,-0.014519783480999957,4,2189.266909218143,2159.668494623396,4
1824,1828,-0.014811083637291056,4,2140.9117384798446,2111.3434273996413,4
1829,1830,-0.0028805812392595706,1,2113.3389364936097,2109.364630937443,1
1831,1832,0.005052647078638229,1,2111.955947562167,2124.7388715583916,1
1834,1837,-0.008212186492853112,3,2130.845250552378,2115.4771972179838,3
1840,1845,0.0016341327632372034,5,2091.6907787421483,2097.200569952994,5
1852,1854,-0.002810472311729796,2,2153.3261685613897,2149.427631155086,2
1857,1861,0.0002560765649876264,4,2181.887385205986,2184.6280028179854,4
1863,1864,-0.0007426477375727955,1,2175.8552723727994,2176.4152336498587,1
1865,1867,0.006566167747644803,2,2181.3991182484833,2197.903949901716,2
1871,1873,-0.011435040171146212,2,2201.3705218373784,2178.3991320104283,2
1874,1877,0.0059885646852611595,3,2168.905463976176,2184.06300010739,3
1879,1881,0.011759111240358371,2,2215.829512998178,2244.101528244191,2
1883,1884,0.0015606429876704958,1,2260.128148274451,2265.915529568567,1
1885,1888,0.005789182964658524,3,2268.5630107865695,2283.964700133656,3
1890,1896,0.007713670082649701,6,2294.742679799554,2314.738310435903,6
1897,1904,0.00041572385414489826,7,2319.312101289638,2322.595606756641,7
1906,1907,4.813383444008312e-05,1,2321.036507254846,2323.4692641490706,1
1910,1914,-0.016396462430863873,4,2342.3173013969827,2306.2539010648616,4
1917,1919,0.0002261607005228641,2,2314.3429576092317,2317.180713991384,2
1920,1922,-0.0019051097718549425,2,2318.7605696939745,2316.6618368437526,2
1930,1934,-0.002895016448922633,4,2312.5928952758254,2308.210493699616,4
1940,1942,-0.0035685576942974463,2,2292.845166993697,2286.955861898183,2
1943,1945,0.003361261853425876,2,2291.595625511431,2301.5898740964517,2
1949,1951,-0.008315236077236996,2,2297.6952980124215,2280.8871144739032,2
1953,1954,-0.004166185441990377,1,2272.1051928452566,2264.9112864609992,1
1958,1960,0.018091263920028106,2,2297.7672831087366,2341.6345647373714,2
1963,1967,0.0049447693655587325,4,2375.5559020615297,2389.6780340142773,4
1972,1979,-0.005059697951961533,7,2435.147562146197,2425.261598575428,7
1981,1983,-0.003525732408297713,2,2422.86623269218,2416.746720927299,2
1987,1989,-0.0011254180973088086,2,2429.8183921737227,2429.5136489741703,2
1990,1993,-0.009569679807102965,3,2420.3917779182975,2399.649795373793,3
1997,2000,-0.0068085645573299205,3,2384.0817680254463,2370.2336751659172,3
672,678,0.005747004614401724,6,1974.8970623065422,1988.221701898893,6
679,680,-0.000928098390510148,1,1990.9092344372368,1991.052384015541,1
681,684,0.0013666716033435859,3,1986.1712972161426,1990.8719124246402,3
689,690,-0.00016865428548310999,1,2010.0521389361202,2011.7231871677802,1
691,693,-0.00474834777633479,2,2021.4360137988876,2013.8589686115615,2
696,697,-0.003332327374014442,1,2020.2910742094925,2015.5790940336367,1
698,701,0.0009609719761243204,3,2017.5236382481862,2021.4799455639593,3
702,703,0.0007672956358591146,1,2025.1600933817672,2028.7391499767168,1
704,706,-0.008437628363961521,2,2032.1283018129284,2017.0140867161556,2
709,713,-0.00884734362312491,4,2010.145171074266,1994.370871184481,4
714,717,-0.00016007130791727937,3,1995.3768823422065,1997.0528566372043,3
718,719,-0.00015177108993529238,1,2001.3170698101494,2003.0146448069684,1
720,721,0.0034836589511654066,1,2006.50125754981,2015.4977248737478,1
726,733,0.007544365561062054,7,2033.33817669235,2050.711761383273,7
735,739,0.0014931826213664839,4,2059.4949304237934,2064.6296273931184,4
740,742,-0.0017603907124026067,2,2066.4809844240604,2064.9096514761477,2
745,749,-0.001504522319884959,4,2066.1607326336275,2065.118308427544,4
750,752,0.00044672800785728684,2,2062.3038528308944,2065.287445575497,2
753,760,-0.001525808073403454,7,2062.5508869978617,2061.4663810896727,7
772,780,-0.0059746291373931485,8,2090.519542428487,2080.1199830004325,8
781,782,-0.0015825820557752142,1,2078.226004263487,2077.0152670855578,1
790,791,-0.0030013972438946916,1,2079.5460997559167,2075.384101923313,1
792,793,-0.003829821132673071,1,2078.1014496845187,2072.220794286363,1
795,798,-0.0022585491335733393,3,2076.1493907697213,2073.5364547527993,3
799,800,-0.003145151325521903,1,2077.3813475437546,2072.9250501924566,1
802,804,-0.0038100811017300834,2,2074.250783021165,2068.421970095548,2
807,811,0.0005186862714089333,4,2083.0654412490894,2086.228964137161,4
812,814,-0.0012558532039953513,2,2084.772180443182,2084.2387848012154,2
815,816,0.001098164829139861,1,2082.0604322061777,2086.4289381771764,1
817,819,-0.0021583326081048527,2,2078.574335190545,2076.1666547597238,2
820,821,-0.00069510029948934,1,2078.5353257646243,2079.1690705629508,1
825,831,-0.006011121286358944,6,2070.562433678691,2060.1865941925485,6
834,835,0.0005202071774550862,1,2064.511414590229,2067.649899660627,1
836,839,-0.001342700232352932,3,2071.7620123410547,2071.0520190180455,3
840,841,-0.004158106661976937,1,2079.0859902992534,2072.5200149824664,1
845,848,-0.002581590623373981,3,2076.0359151188754,2072.752476181736,3
851,852,-0.0014792325231267516,1,2074.930181944765,2073.93580791836,1
856,857,-0.0029252269989391367,1,2076.036824189055,2072.0399820443345,1
860,861,-0.0019594224208077026,1,2066.609438558765,2064.6266871283588,1
862,863,-0.0014966550935200528,1,2067.9317676041874,2066.904718758755,1
869,873,0.006467053694550926,4,2077.46741098829,2092.979971694819,4
875,876,0.0018099326761625003,1,2112.043631812098,2117.9783322266076,1
877,882,0.01823269878062347,5,2129.0691489914025,2170.0168946170725,5
886,895,-0.005664465709525287,9,2171.5372579021832,2161.408196825742,9
898,900,-0.0024112446283047475,2,2166.5082205724434,2163.4507474839825,2
902,903,-0.004738120695770523,1,2168.148906758613,2160.0441044587465,1
907,917,-0.011384261956479666,10,2164.063058146634,2141.590860460499,10
921,927,-0.0018111886653416642,6,2158.5425085652537,2156.7915233486474,6
928,930,0.00020878061635317292,2,2157.091073476893,2159.6985233542205,2
932,935,-0.00431025392960557,3,2149.264386197008,2142.1497753168383,3
937,939,-0.0012069566449606271,2,2139.6585712873957,2139.215754728121,2
940,948,-0.015118710511869086,8,2135.4135165367657,2105.2642312736507,8
949,953,0.0018547241470681193,4,2111.514796156293,2117.542588431772,4
955,958,0.00741418570855932,3,2116.4799123202633,2134.2883673509614,3
959,960,-0.00021445024657272885,1,2136.184609462209,2137.8626887554474,1
961,964,-0.002507732886457314,3,2140.9325216478705,2137.704567277296,3
965,972,0.0003156892311953793,7,2143.231042240558,2146.0508682427976,7
973,975,-0.0048086312498410696,2,2150.899217418806,2142.707235444086,2
976,977,-0.004805504710829262,1,2139.2610810506335,2131.1201129290016,1
980,985,-0.0060527704572917165,5,2131.3808375050385,2120.6114593760553,5
991,992,-0.0014926632295857198,1,2138.4772655873685,2137.4237164713086,1
994,995,-0.0024268194045113664,1,2140.2195248400344,2137.1658180920786,1
996,997,-0.002837629176051158,1,2142.6000542012057,2138.6627498289968,1
1000,1002,-0.0033510056018801917,2,2148.76802673379,2143.716261065798,2
1003,1004,-0.00029323220923056054,1,2143.830629637384,2145.3458200752766,1
1009,1010,-0.00077578871812753,1,2142.652719610173,2143.133126523044,1
1013,1021,0.006027594690314977,8,2132.551848341499,2147.538558387725,8
1022,1025,-0.0011942004397550486,3,2150.2639904173084,2149.84640820478,3
1026,1032,-6.843787192854832e-05,6,2147.793731672196,2149.794534971531,6
1036,1037,-0.0011366649029783513,1,2151.557003898888,2151.262961569698,1
1038,1039,-0.004008747474665696,1,2150.6548012505336,2144.1840240483934,1
1040,1048,-0.0028205015894600576,8,2142.3763796534336,2138.476180049053,8
1049,1052,0.0009839719560573333,3,2139.6365357463023,2143.8815146293787,3
1055,1061,-0.005531710550361847,6,2154.897959131903,2145.1325853155518,6
1062,1067,-0.005651194311299985,5,2147.847489895104,2137.857433868564,5
1069,1070,-0.0013029639234994662,1,2149.016417554996,2148.365343109469,1
1076,1082,0.005054865861736351,6,2154.031954064102,2167.074328607854,6
1087,1094,-0.013197328137189102,7,2186.2055238987436,2159.5396577484153,7
1095,1102,-0.0017420774841252267,7,2151.8251053035447,2150.2282843431235,7
1107,1108,0.0011729778686096794,1,2154.1919815906413,2158.872993091374,1
1114,1115,-0.005879743941444741,1,2140.9182279890683,2130.47109523691,1
1116,1117,-0.0018791531963219903,1,2131.2314044222517,2129.357725520952,1
1119,1120,-0.0013632357718421347,1,2124.201258722369,2123.429672838609,1
1123,1126,-0.002126378987686954,3,2127.540312585969,2125.143895882415,3
1127,1132,0.0020946702869669392,5,2123.084373299792,2129.6546194265666,5
1136,1138,-0.0007508606898610116,2,2144.839588823276,2145.373952678794,2
1139,1140,0.0002904303261372103,1,2145.2450452932917,2148.0133345567338,1
1141,1146,-0.002253829739529077,5,2149.8803688357907,2147.1847848929146,5
1152,1158,0.0025565345209563987,6,2154.180104825953,2161.841520733124,6
1162,1167,-0.002678567847060733,5,2169.5769586269175,2165.9351765024426,5
1169,1175,0.001015561955888773,6,2163.735148360462,2168.0962906081168,6
1176,1179,-0.007391070028623575,3,2178.8395631339695,2164.9144469048447,3
1184,1187,0.013835230759190385,3,2177.5832223231355,2209.8881719236406,3
1188,1196,-0.0026169582866567994,8,2212.451937145385,2208.8744946517877,8
1198,1201,-0.0008463012560094524,3,2226.315585185157,2226.6577670943266,3
1202,1207,0.00019389069467116993,5,2229.978041984527,2232.6403920181733,5
1213,1215,0.002371483336623889,2,2265.411516059709,2273.0493132367,2
1220,1226,-0.00010332367135525958,6,2287.4537870555746,2289.504892719296,6
1227,1228,0.0007336118388940193,1,2275.9560759430165,2279.901700341074,1
1230,1233,0.00278562226572224,3,2286.5912351035818,2295.247405795795,3
1238,1240,-0.007076073418086131,2,2287.306961624487,2273.409116595957,2
1242,1246,0.005998350427647777,4,2278.360300094548,2294.3050638750506,4
1247,1251,-0.001083263382537866,4,2296.589270528715,2296.3980487377507,4
1253,1254,-0.002967591005393433,1,2293.380137574981,2288.8677034443403,1
1257,1261,0.016550449617458746,4,2291.4976573692074,2331.7144715533905,4
1263,1264,-0.001395407011945952,1,2347.5106451875017,2346.582423017777,1
1269,1272,0.0014276951467955736,3,2379.6016369625954,2385.3785843079563,3
1275,1278,-0.0034622792257226116,3,2387.1071386505696,2381.229414333496,3
1280,1283,-0.013447175473717321,3,2377.1630622336165,2347.5740964683555,3
1287,1288,-0.00012080226739615083,1,2346.685608840712,2348.748809507139,1
1290,1292,0.004728817439763045,2,2360.0425647452653,2373.562817748761,2
1294,1297,-0.00334616094854464,3,2384.5268482195706,2378.9323644475216,3
1301,1302,-0.004942229211616038,1,2370.5233968426905,2361.178250260838,1
1306,1310,0.005025571025488492,4,2334.9282445829394,2348.997520560093,4
1311,1314,0.009414327044846432,3,2350.274300164709,2374.750825371722,3
1315,1317,-0.005918873014216159,2,2372.652938966817,2360.9821604532326,2
1321,1323,-0.004845657366094134,2,2344.0210569084597,2335.00675506468,2
1324,1326,-0.0068448174105693515,2,2347.6115978257862,2333.8902366855596,2
1333,1335,0.007077964106727547,2,2398.9595092722648,2418.338218081659,2
1339,1342,0.0007413267072368137,3,2428.3813695000476,2432.6099748341144,3
1343,1346,-0.006989755260370766,3,2435.029760292827,2420.444527976954,3
1347,1349,0.0002765395503556054,2,2420.7355433064686,2423.825707968451,2
1350,1352,-0.005108131345059142,2,2425.8190515328024,2415.853468249759,2
1354,1358,0.0139730966688681,4,2426.119203222031,2462.4457205820718,4
1361,1362,-0.004405633884226866,1,2465.3890813127414,2456.9928687196198,1
1364,1367,0.0031697508461340784,3,2457.155750527388,2467.401477797233,3
1370,1371,-0.001662893255629363,1,2469.3441179706288,2467.707206408998,1
1373,1377,-0.007731572441458148,4,2477.7297964462946,2461.050778831157,4
1380,1393,-0.00467195934815349,13,2446.2276871502913,2437.245238526748,13
1394,1395,-0.00012922315739447607,1,2436.570907294967,2438.692616816406,1
1398,1399,-2.504744743670904e-05,1,2463.710574040173,2466.1125749531107,1
1400,1401,-0.003160672150371238,1,2465.668722392072,2460.341220651558,1
1402,1407,-0.0025357035658140395,5,2465.4539982046317,2461.6677917082384,5
1408,1426,0.006717690575484832,18,2471.3708636996807,2490.4441393229836,18
1429,1430,0.001693760445010994,1,2493.182015444368,2499.898050539785,1
1432,1435,0.004001769590237916,3,2516.259428956492,2528.845178849396,3
1437,1440,-0.002551509737433299,3,2523.6497072632164,2519.734240168527,3
1443,1444,-0.003518301945678061,1,2528.3200907338123,2521.9530173300204,1
1445,1449,-0.002817564634310811,4,2513.8395514995964,2509.270485634459,4
1450,1451,-0.005611461971949596,1,2503.395972871901,2491.8516575422705,1
1454,1455,-0.0021631667916747897,1,2495.3718509269365,2492.4693172570583,1
1456,1457,-0.0063479793761593946,1,2485.349306482948,2472.0577096493253,1
1459,1462,-0.003843718428486968,3,2438.4740104360935,2431.53967695523,3
1463,1467,-0.002826804548123325,4,2418.1558672206897,2413.73836908438,4
1468,1472,0.005432431297598714,4,2414.353991057367,2429.8841572329266,4
1473,1477,-0.018549981400616054,4,2436.3593240219748,2393.6012632001716,4
1478,1479,0.0013577172503827849,1,2379.9153415077462,2385.5265089628697,1
1480,1481,-0.003191485567642957,1,2393.287584622426,2388.042729421507,1
1485,1488,0.0023860281778115148,3,2371.869720703689,2379.9009384120895,3
1490,1492,-0.00023019346266667164,2,2388.7292633651346,2390.5681227679925,2
1497,1499,0.0034675879745328063,2,2397.6901287293504,2408.4020203151176,2
1503,1506,-0.002502524283313637,3,2417.760847481996,2414.128103097409,3
1509,1510,-0.001105252469962569,1,2429.519009156589,2429.2632962800544,1
1512,1519,0.004932277717727497,7,2418.71119131404,2433.0596578198906,7
1522,1524,-0.0008453415762490065,2,2444.35475119219,2444.732791245098,2
1527,1528,-0.005738833570346215,1,2449.6162154881495,2438.00789193173,1
1529,1530,-0.0016416529296656105,1,2431.9863896606157,2430.425898468783,1
1535,1541,0.015193590530854943,6,2435.122523126374,2474.5559001583447,6
1544,1549,-0.0029396355695009606,5,2481.9550556895324,2477.1409673816142,5
1551,1553,-0.004230794305338001,2,2487.2954857141863,2479.259545623248,2
1555,1564,-0.009103469879263925,9,2479.59988510066,2459.5065221191203,9
1568,1572,-0.005673385834882113,4,2467.9830589721487,2456.449221903619,4
1576,1580,-0.008099388297062412,4,2440.103603620276,2422.7803606531143,4
1581,1582,-0.004732034141801024,1,2415.1437195889403,2406.130320770078,1
1584,1588,-0.00255220839955476,4,2406.6024554044034,2402.8669068587355,4
1592,1604,-0.025198886563114625,12,2415.482953619411,2357.030955629638,12
1609,1610,-0.0007330073029236229,1,2364.000457159962,2364.631628017909,1
1612,1619,0.004034154992792836,7,2375.631570637174,2387.590868169533,7
1622,1623,0.0005032033041643077,1,2387.313463408864,2390.9020808951364,1
1625,1626,-0.0046190592635164,1,2383.779943617682,2375.152902730548,1
1628,1631,-0.019591644551560143,3,2366.429716150013,2322.4338960111027,3
1633,1635,-0.004964814794451715,2,2293.07168804349,2283.980083489997,2
1636,1638,-3.883247487471359e-05,2,2289.459695328261,2291.660249637494,2
1639,1641,-0.009992563113121071,2,2293.0881674585053,2272.4674273886835,2
1643,1654,-0.0312873469307887,11,2240.792824237351,2172.9251545696525,11
1658,1659,0.0029386240140581435,1,2186.089143589181,2194.699326786993,1
1660,1661,-9.420723683671193e-05,1,2214.054833186565,2216.060308031712,1
1663,1667,-0.029677669229498604,4,2205.676671104851,2142.4230051036843,4
1668,1677,-0.01839651790269288,9,2128.353321144025,2091.327384489487,9
1678,1679,-0.003918137838054698,1,2073.23614148407,2067.1861526523826,1
1681,1682,0.0025461428061121553,1,2089.14829245462,2096.5567106428093,1
1683,1684,0.0034006301827172814,1,2104.465022339705,2113.7259946354857,1
1685,1686,-0.003271946017424686,1,2116.534214159703,2111.7255626810997,1
1687,1688,0.003777322558331046,1,2118.0743376572987,2128.193061970811,1
1689,1690,-0.00270985048478296,1,2140.899047271146,2137.238429997298,1
1696,1698,0.0010699227126386057,2,2160.8679953663723,2165.340825108995,2
1699,1702,-0.0054292257253842876,3,2164.622208739185,2155.0346083664995,3
1704,1705,-0.0031447055125645167,1,2151.416611030176,2146.802455964677,1
1713,1714,0.003539513862925641,1,2206.371126365746,2216.386978680642,1
1716,1717,-0.004284433988459245,1,2220.6029343930427,2213.30951064045,1
1720,1722,-9.51718731812245e-05,2,2228.1968794378513,2230.2130146464565,2
1724,1725,-0.00258409052613659,1,2238.086953729017,2234.541621388945,1
1727,1728,-0.006902940342654267,1,2232.796172629955,2219.6161100256136,1
1732,1733,-0.004795743890883822,1,2263.100714647952,2254.510563935872,1
1744,1745,-0.0026083683284586255,1,2267.264872005199,2263.618274992839,1
1751,1752,-0.0034581322497041302,1,2250.8996249971774,2245.366616038125,1
1755,1757,-0.00013349485869993164,2,2257.0483274091466,2259.0040713890094,2
1761,1762,-0.0015699566043745543,1,2248.371858530485,2247.0903841406257,1
1766,1770,-0.012227606698127814,4,2238.024169662117,2212.8965145042466,4
1776,1780,-0.014820593353598605,4,2245.604646461759,2214.5690578100593,4
1781,1782,0.0007600659566851095,1,2211.2040499292425,2215.095914900807,1
1783,1787,-0.029609652537140072,4,2206.7447412866654,2143.610541000293,4
1791,1792,0.004716900816134012,1,2107.3763905322894,2119.424052339225,1
1793,1795,-0.005538315231091224,2,2124.773227729163,2115.130337027145,2
1796,1797,0.001186071583972527,1,2126.9128985108027,2131.562482359822,1
1798,1799,0.003926814598958193,1,2135.80084226936,2146.32353703952,1
1800,1804,0.0036176515634350082,4,2156.1059275466887,2166.062073453956,4
1808,1811,0.00406758258993237,3,2188.3953383901808,2199.485212506896,3
1816,1818,-0.002943456417462199,2,2193.419256497989,2189.1564417677628,2
1819,1820,-0.006929714155406158,1,2190.4448256857863,2177.456113996281,1
1823,1827,-0.028969563456190544,4,2155.7011949576745,2095.40717359272,4
1830,1831,-0.0032467372303736693,1,2111.6154964733264,2106.871251321166,1
1833,1834,-0.0005486970157367263,1,2129.4374947375854,2130.3985162337626,1
1835,1837,-0.004788673231079739,2,2125.582707679204,2117.5295693741737,2
1842,1843,-0.0029334717829041616,1,2085.42202286842,2081.389918231757,1
1845,1849,0.01871314910348267,4,2102.157837408741,2143.5979882966344,4
1850,1853,-0.002395650557806933,3,2148.6747292313776,2145.67593014698,3
1859,1864,-0.002558706825504293,5,2179.5481414536475,2176.1508648890485,5
1866,1870,0.0047296892757422064,4,2192.8876352075517,2205.452199973908,4
1871,1876,-0.017574620085104926,5,2204.37099087158,2167.8343791712573,5
1879,1880,0.005544113572167501,1,2211.0400655646376,2225.5093628663053,1
1888,1896,0.010092480369611932,8,2288.7006970186485,2314.088064572245,8
1897,1902,0.006368198757118188,5,2316.747609866117,2333.817866725689,5
1905,1909,0.0022114875794180143,4,2323.42413100169,2330.885778740122,4
1917,1918,-0.00460555695568984,1,2322.186852060229,2313.8140751033716,1
1919,1920,0.001033066697287437,1,2312.6737916783272,2317.375611745878,1
1921,1922,-0.002786518630836567,1,2323.5433433431867,2319.392289870748,1
1924,1925,-0.0054589645937478575,1,2306.887021493015,2296.600693942401,1
1927,1930,0.0032302177955581997,3,2299.4319461076566,2309.159044045756,3
1931,1935,0.0031808708799202223,4,2310.6833497970806,2320.3440185269637,4
1941,1945,-0.001386591952212348,4,2292.415719162974,2291.5294896948203,4
1947,1953,-0.013677476414369168,6,2298.1937242349063,2269.058427500267,6
1955,1957,0.006477751615789224,2,2259.6688870530274,2276.566129724337,2
1958,1962,0.028605231369297775,4,2297.2923219050385,2365.3041926179485,4
1964,1966,0.0005887762122658198,2,2378.832916204116,2382.612349354336,2
1967,1969,0.015494206247379176,2,2389.288912208415,2428.6983363109566,2
1976,1977,-0.003906384164455762,1,2441.1796316999457,2434.084625875781,1
1978,1979,-0.0035291769247693104,1,2427.129733571986,2420.9910930564142,1
1982,1984,-0.0030341661011308017,2,2418.1745435238486,2413.255574840795,2
1987,1990,-0.007443217303694111,3,2429.008217990873,2413.357590209899,3
1993,1996,-0.009701375867355762,3,2399.260522068098,2378.3836544618753,3
1997,1998,-0.0030043887876984475,1,2381.9640165440123,2377.1896345765504,1
1999,2000,-0.002785970797436174,1,2375.3135086625302,2371.0712681013033,1
673,682,0.0014795304040654995,9,1981.3653210103726,1986.2781765653788,9
687,689,0.005093065498524471,2,1998.7106085225876,2010.8888831729114,2
690,695,-0.0015184588935262017,5,2014.7527004297904,2013.7081339739966,5
697,699,-0.002926083113970961,2,2019.6489390069155,2015.758927289345,2
700,706,-0.0034203206441474933,6,2024.152260229279,2019.2531627269482,6
707,711,-0.010984402194913537,4,2019.4801334716476,1999.316831594429,4
713,715,-0.001267604697995895,2,1996.1384412750854,1995.60426525035,2
717,720,0.0019281136591640085,3,1999.444105995695,2005.298705593196,3
723,724,-0.0015271741794221777,1,2029.0731245705742,2028.0034496111411,1
726,728,0.0033064200912300843,2,2026.412577443032,2035.139161279654,2
741,743,-5.459562701566221e-05,2,2063.7379333778285,2065.6890002447376,2
744,753,-0.0026428753191870794,9,2066.69517971315,2063.2998572101164,9
754,765,0.009481230646969915,11,2058.097051225744,2079.6684411134897,11
768,769,0.001611869726450576,1,2083.157226604122,2088.598161899726,1
771,772,-0.004597932590890339,1,2092.4020466659854,2084.87372514904,1
774,779,-0.002143937957442151,5,2080.2875175472595,2077.907797693544,5
780,782,-0.001610011736834494,2,2077.6659275171014,2076.398526916095,2
787,790,-0.0025193314976151744,3,2077.9287561001693,2074.771693491226,3
792,793,-0.0021719324988458133,1,2078.7784841489433,2076.3422960854678,1
794,797,-0.003454755010724547,3,2077.207401854271,2072.1083665762553,3
798,804,-0.004582669697206605,6,2076.858049943382,2069.41735354245,6
805,808,0.004867970915184182,3,2076.32344445856,2088.507250041158,3
812,819,-0.0025100403649702574,7,2082.715424242175,2079.570439882823,7
821,822,0.0014410074031125505,1,2077.023281178968,2082.093310384763,1
824,825,-0.00532639080359254,1,2075.976992821452,2066.9955050512394,1
829,830,-0.004834086544251187,1,2065.9932259465127,2058.072029118397,1
832,833,-0.0006535955093975604,1,2058.8275342226275,2059.540721325858,1
840,843,0.0013612872016022207,3,2072.6754233469933,2077.569605297218,3
848,849,-0.002468361469277798,1,2078.0794042200864,2075.02803249283,1
850,851,-0.00309742170364165,1,2075.83017790987,2071.4762866416477,1
853,859,-0.003844662490739816,6,2074.635783982793,2068.7341453861504,6
860,862,-0.0009033935695702789,2,2067.582185337818,2067.7819270723635,2
864,865,-0.0038517945853095677,1,2074.3929095380954,2068.47716707087,1
866,872,0.011453554340812012,6,2063.6653005804046,2089.365268542431,6
875,883,0.02836877822809421,8,2113.18083790578,2175.2423772900934,8
884,885,-0.0027109287249558597,1,2179.771476555005,2176.0420429219275,1
886,893,-0.0035647344860607728,7,2172.7251843077443,2167.1527210988174,7
894,896,7.528761845021709e-05,2,2166.031045776747,2168.3601521414494,2
897,898,-4.6637397697919824e-05,1,2167.966959671518,2170.0338182938954,1
903,905,0.0004936548353780459,2,2167.6292135064164,2170.866903362477,2
911,914,-0.005354997892844781,3,2164.7063767976365,2155.279085088055,3
915,917,-0.002767896636448273,2,2147.92127357954,2144.123970784623,2
918,919,0.0004926829672765834,1,2149.6595925623524,2152.868352821613,1
921,928,-0.003315074938625306,7,2159.5252733019565,2154.525810462407,7
929,936,-0.0076027137858282415,7,2153.800187902278,2139.5792617096963,7
937,940,-0.003175617219125415,3,2138.963272332789,2134.309707006425,3
943,944,-0.00402056756393534,1,2132.8851776372917,2126.442653852122,1
945,947,-0.009284780303093928,2,2123.470217030311,2105.8777328020515,2
949,950,-0.0004512786331943297,1,2108.8062666727055,2109.9634137296825,1
953,962,0.00899945667301762,9,2118.1977133826863,2139.3785396425415,9
963,965,-0.0036218318054918285,2,2143.5478937191688,2137.927871674821,2
967,969,-0.003627914710369422,2,2149.20309009743,2143.5551676813916,2
971,972,-0.002841630896574589,1,2149.281901851202,2145.323717895304,1
973,975,-0.0022275008423155267,2,2145.729466689781,2143.095581962038,2
980,985,-0.005670246471015615,5,2126.73918394583,2116.8067877772364,5
988,997,0.0029688064900488757,9,2127.0765448719844,2135.518500068103,9
1000,1004,-0.0005812123462940763,4,2143.151637748593,2144.049163194502,4
1005,1009,-0.0021566347255667106,4,2144.536592240579,2142.056146747745,4
1016,1018,-9.656414048593391e-05,2,2133.982161844253,2135.9100778528264,2
1022,1027,-0.005619460343400981,5,2149.4213068928575,2139.492140404405,5
1029,1039,-0.0004429281273284379,10,2142.2268718213254,2143.4202461564983,10
1041,1046,-0.003471397264506765,5,2144.9414630526217,2139.6404605883063,5
1050,1053,-0.0004888036480485807,3,2140.418973258176,2141.513147628953,3
1054,1056,-0.00017052774007932428,2,2145.6840105975575,2147.4637959629035,2
1057,1060,-0.0038981147725824757,3,2144.415197863428,2138.20043649995,3
1062,1065,-0.0030178590299870037,3,2142.5504632899997,2138.227098490447,3
1067,1071,0.005962619577037236,4,2139.6860280651645,2154.583847892884,4
1074,1075,-0.0026007842333362102,1,2158.619642528249,2155.16415823872,1
1078,1080,-0.000630595217246145,2,2151.031548698586,2151.8261500405297,2
1082,1097,-0.011013438299675972,15,2163.7401323381923,2142.073654026491,15
1098,1101,0.001102368005951666,3,2137.97084043237,2142.4656419249527,3
1102,1104,-0.0032773645666736594,2,2152.0457743180114,2147.1447815257197,2
1105,1106,0.0005355326025189967,1,2151.619948727337,2154.923831306838,1
1108,1110,-0.005667941283489947,2,2159.1743594556247,2149.095460324869,2
1112,1117,-0.009724192266299291,5,2147.9708847426305,2129.2315737617228,5
1118,1119,-0.003838704413761534,1,2129.873969646708,2123.827887008316,1
1121,1122,-0.0027182209866983384,1,2132.3341099431505,2128.6702887247934,1
1123,1125,-0.00013596183364136534,2,2127.6427371289437,2129.481101658199,2
1127,1128,0.0006762963183082388,1,2125.448305254183,2129.0111864230353,1
1129,1130,0.0015618258821620355,1,2129.024208282029,2134.4783976025556,1
1135,1137,0.0003093938286141565,2,2140.3550825356924,2143.1576502718076,2
1141,1143,-0.003858958044671207,2,2149.3284736915516,2143.1836337610503,2
1144,1145,-0.001051090767991638,1,2146.437780936413,2146.328117781739,1
1146,1147,-0.0006059134687573845,1,2146.827598629988,2147.673634471508,1
1152,1153,0.0021636178353919315,1,2149.742425771222,2156.5433892508904,1
1154,1159,0.0011632084325614678,5,2159.3189729226224,2163.9900299334386,5
1164,1166,-0.005233119454319893,2,2169.9392185904458,2160.753606669539,2
1171,1176,0.006816672425962512,5,2163.1864380835655,2180.0953578663493,5
1177,1187,0.013241503443898336,10,2180.023849551762,2211.070666712934,10
1190,1198,0.005361347021890343,8,2206.672350900449,2220.7097594881375,8
1200,1206,-0.0010003512381575245,6,2226.9617011967616,2226.960919002837,6
1207,1210,0.006802912614736782,3,2232.3651919085833,2249.784142425226,3
1211,1212,-0.00032109301881359787,1,2255.86139267895,2257.3929127270285,1
1214,1215,0.002682842362044705,1,2269.0352106834093,2277.391709678285,1
1216,1220,0.00030525161164733313,4,2280.693734208047,2283.670613380296,4
1221,1223,0.0020473044076681837,2,2294.5258943264184,2301.518013197708,2
1225,1227,-0.011525112846130326,2,2302.0647550957196,2277.835263769238,2
1229,1234,0.005729209184427067,5,2278.4974400086753,2293.8299259086752,5
1236,1239,-0.004570389700794351,3,2288.652752899901,2280.4813706822524,3
1241,1244,0.0029752372089373548,3,2278.9813183106116,2288.040809645633,3
1247,1248,-0.0017679502027385305,1,2299.6000827698567,2297.834104420076,1
1252,1255,-0.0019602614005603245,3,2290.2060374149282,2288.0068409578685,3
1258,1260,0.008268654574560896,2,2295.224436629082,2316.498079103288,2
1263,1268,0.012914013391036486,5,2343.270486343544,2375.8747832693484,5
1270,1278,0.0009970977994320186,8,2373.8729412494176,2378.613797676518,8
1279,1280,-0.0019958384226246824,1,2379.6729357314516,2377.30316598877,1
1281,1286,-0.017665362923306272,5,2376.9086190309654,2337.2965742592796,5
1288,1291,0.004843110019835632,3,2349.5918926949043,2363.3208166256345,3
1292,1295,0.00465453008241111,3,2372.8356082027694,2386.2528785299683,3
1296,1297,-0.0034084451161343027,1,2384.0267666451023,2378.2849690222424,1
1300,1301,-0.004703406831713641,1,2373.2303094059066,2364.441272064823,1
1303,1306,-0.009108079917815873,3,2349.3141447578914,2330.265717920139,3
1307,1311,0.005652958564350492,4,2331.901950402648,2347.4159974548047,4
1314,1318,-0.013801004506549523,4,2371.0506114759737,2340.6987819132128,4
1319,1325,-0.0019027542765963944,6,2337.3147304467575,2335.204709578095,6
1327,1328,-0.0005085952520234096,1,2339.46160616747,2340.6112287084497,1
1331,1335,0.017057048904301174,4,2376.814747742999,2419.7330078794585,4
1337,1338,-0.00012504907592247167,1,2427.941329688128,2430.0656591981447,1
1339,1343,0.0010602049079793782,4,2430.35107130061,2435.3580925058163,4
1344,1347,-0.007839779576057328,3,2437.104596675287,2420.435338430232,3
1348,1350,0.0011349964550507294,2,2415.971565993686,2421.129656722586,2
1351,1352,-0.0027535216077635427,1,2422.0620344428835,2417.814896330144,1
1354,1357,0.009372655808970176,3,2426.1488148481153,2451.3144214458757,3
1358,1363,-0.0071236430844943315,5,2467.88980950996,2452.77733314466,5
1369,1371,0.0008763877087407032,2,2468.8702903293233,2473.5028481965724,2
1373,1377,-0.00867932259602988,4,2477.5868227559404,2458.560634284325,4
1378,1379,-0.0048449417243358345,1,2453.2384993478468,2443.805940281957,1
1381,1389,-0.012831115572629743,8,2448.029966135565,2419.067040680954,8
1390,1391,-0.0028487293465823066,1,2435.973589405943,2431.470133543709,1
1393,1394,-0.002216276910277617,1,2438.9218384243327,2435.9554341062853,1
1399,1404,-0.003742748644366577,5,2464.7283125593094,2457.9681823213054,5
1405,1408,0.0007307712345416082,3,2463.612692437834,2467.876642418957,3
1414,1419,0.0066036114758606275,5,2446.1646978240383,2464.7643837922583,5
1420,1421,-0.0011151786303937213,1,2463.5975168425844,2463.313763054753,1
1422,1423,0.003266935756788122,1,2470.9139673453483,2481.4571985045613,1
1426,1428,0.0007850525570078678,2,2490.7179380649964,2495.1640004891246,2
1432,1437,4.4277936455310984e-05,5,2515.8757991069288,2518.503072694798,5
1438,1440,0.003986741908620349,2,2512.259992470831,2524.7879846606356,2
1444,1447,-0.008555657056415885,3,2523.306218474677,2504.2409820395605,3
1449,1451,-0.002886074560514905,2,2501.895814106709,2497.177052058664,2
1452,1454,-0.003985732150883822,2,2501.8770695445305,2494.4071347404324,2
1455,1456,-0.006541934454673346,1,2494.3023094630903,2480.4790495539055,1
1457,1460,-0.014540597324475945,3,2475.459907252671,2441.940701455678,3
1461,1467,-0.011296639926488411,6,2437.0407932735948,2411.947461739093,6
1469,1470,0.0010924546613536698,1,2420.777102690488,2425.842469023111,1
1472,1478,-0.02360544634053949,6,2435.9280432393216,2380.8628025684598,6
1482,1484,-0.004056379581401376,2,2372.610004778709,2365.3584080054748,2
1485,1486,0.0011906100561603068,1,2368.9212032078885,2374.110585817887,1
1488,1490,-0.001276394512980245,2,2384.2910255329457,2383.6320205761403,2
1493,1496,-0.0060736788556666615,3,2394.520214921815,2382.3711883378996,3
1501,1502,-0.002576434355116488,1,2413.8196779569284,2410.014449689541,1
1507,1510,-0.0015376679583490574,3,2427.7310309269556,2426.4257177401364,3
1512,1519,0.0006424887779701378,7,2422.704534857413,2426.6837998682536,7
1520,1522,0.004079130840161301,2,2434.590686239434,2446.956290877082,2
1524,1531,-0.011977929868917103,7,2448.7686008823885,2421.8861909166953,7
1536,1538,-0.0032191224764595593,2,2457.4472855744643,2451.9939090683315,2
1544,1547,0.0005843406768120413,3,2478.0227518253605,2481.948784069143,3
1550,1551,-0.0005358768203243833,1,2479.0497066351654,2480.200291067583,1
1557,1564,-0.007357202594832302,7,2480.5778000122014,2464.8082643852804,7
1569,1570,-0.0037540144264609646,1,2470.2971810390786,2463.493946964851,1
1571,1573,-0.006457850950183052,2,2462.536177668333,2449.096022251186,2
1574,1577,-0.005444852138456078,3,2439.0546083769455,2428.21337128509,3
1580,1585,-0.009322174387712451,5,2421.215702135645,2401.0659228322047,5
1589,1594,-0.003924847650691658,5,2402.507106861822,2395.4801395945474,5
1601,1603,-0.0006429984660408547,2,2356.7229041924447,2357.564257884358,2
1605,1608,-0.004047939851338156,3,2364.706132205351,2357.4986501482986,3
1611,1612,0.0009031147073662409,1,2369.573169624721,2374.082739174014,1
1614,1615,0.0009546575192155241,1,2373.201930752491,2377.8407277510532,1
1621,1627,-0.009345087712738533,6,2392.2154564960056,2372.2522086837776,6
1628,1629,-0.006598837465637666,1,2364.560300226311,2351.3215114276445,1
1632,1634,-0.01252341033014736,2,2317.4539266721295,2290.7489541538753,2
1637,1642,-0.012588111318450088,5,2289.4296480588996,2262.899482441433,5
1646,1647,0.009564998804731238,1,2122.366696817712,2144.7894984327927,1
1650,1652,0.002969754968593967,2,2162.404836785293,2170.989054130233,2
1654,1655,0.00021403102113425445,1,2177.6512641487957,2180.2950003366846,1
1656,1658,-0.004265227855496911,2,2191.9883378291383,2184.8309964495343,2
1660,1663,-0.0037741905341484513,3,2211.111162879357,2204.977119221347,3
1664,1671,-0.03285604911502019,7,2190.069452709374,2120.302492658559,7
1676,1678,-0.018214917259747058,2,2110.2150805442275,2073.887902532388,2
1679,1684,0.020573630579660704,5,2064.67745543212,2109.2200441217665,5
1686,1688,0.006710583269061774,2,2114.878722623145,2131.185671117898,2
1689,1692,-0.0018914504768465764,3,2137.6437383731836,2135.7381348432828,3
1693,1696,0.005324112499730059,3,2141.914652540228,2155.4603617677126,3
1698,1703,-0.007368583564031727,5,2161.184851392402,2147.42116506899,5
1708,1709,-0.00018325677618774398,1,2178.7640003071288,2180.5434910406657,1
1713,1717,0.0028189599745821804,4,2204.515889374731,2212.9348473195837,4
1719,1722,0.006535016598167615,3,2219.23677704275,2235.958762993031,3
1724,1728,-0.012673600362469888,4,2242.503384963753,2216.3252966362,4
1730,1733,0.005439371874310238,3,2247.5111455320807,2261.983705589819,3
1740,1741,-0.0010468948502206103,1,2254.246499233838,2254.1407866818963,1
1742,1744,-0.001452532254503893,2,2266.8907222573825,2265.8648810881255,2
1748,1750,-0.003788429754104701,2,2255.8832223870627,2249.592850487973,2
1755,1761,-0.004943846434028453,6,2259.064476131318,2250.155072752887,6
1763,1766,-0.004654142955749585,3,2242.608124783131,2234.413314101448,3
1768,1769,-0.0036332690963790677,1,2218.5867054231194,2212.7445696140912,1
1770,1772,0.002977047298806901,2,2218.626974481363,2227.4505588972843,2
1774,1777,0.0005614213542066014,3,2235.279904046582,2238.7701178213892,3
1780,1783,-0.005736653091023953,3,2215.0941212407038,2204.60198882442,3
1787,1789,-0.0039881911939469075,2,2144.3028350695918,2137.8952482206814,2
1792,1793,-0.000166669508512453,1,2120.492208626871,2122.2592794412817,1
1795,1799,0.009372108387624624,4,2119.2969004013307,2141.2784775578502,4
1800,1802,0.0013024758693716857,2,2160.3391881987386,2165.313317049224,2
1803,1805,-0.00365834703749021,2,2172.355925889228,2166.581049949266,2
1806,1811,0.012251932735337052,5,2170.6892179609013,2199.4550454666405,5
1812,1815,-0.001550213458958694,3,2201.3764954300823,2200.1652684540613,3
1818,1820,-0.005169883583666016,2,2191.5807883617513,2182.442151610084,2
1827,1834,0.012744286475509285,7,2102.254161415199,2131.148144854021,7
1837,1838,-0.004905482140396148,1,2118.183279045368,2109.9107520789707,1
1840,1842,-0.0037792482876886383,2,2086.9268408989196,2081.12675304982,2
1849,1853,0.0011948626213694915,4,2140.2662723323383,2144.9638627732584,4
1857,1862,-0.00440454519170148,5,2181.2147438527472,2173.788699684495,5
1867,1868,0.0035571380258403226,1,2200.486122827674,2210.514041813346,1
1870,1874,-0.021951258391502724,4,2216.3741468117014,2169.938319369603,4
1879,1882,0.01767788727485434,3,2213.9016722192046,2255.2526780905264,3
1883,1887,0.008780735536083287,4,2265.556512575445,2287.7153216669967,4
1888,1889,-0.0016987160408388912,1,2285.0052891233145,2283.4087192744023,1
1892,1895,0.0008333495818336604,3,2312.2144567003957,2316.453554107697,3
1896,1897,0.000165380544710483,1,2311.7613525185147,2314.4554342227534,1
1898,1899,-0.0012358157130616817,1,2323.5654970789883,2323.017563824449,1
1901,1905,-0.00502924443741601,4,2333.645447386001,2324.2426194482196,4
1908,1911,0.0034392224919678393,3,2328.770380877535,2339.108310730955,3
1913,1915,0.004602410871387823,2,2301.3220760654963,2314.2150278830104,2
1916,1917,-0.0011687631006964904,1,2313.5070412370305,2313.116606615268,1
1922,1925,-0.012291700022036313,3,2319.0089185643114,2292.8233655074564,3
1926,1927,0.0001821905515745248,1,2293.6796190147047,2296.391185388643,1
1929,1931,-0.0028364882821841015,2,2309.3289076178767,2305.0878521393274,2
1936,1937,-0.00441858504391896,1,2323.2826593636823,2315.3403200115854,1
1938,1941,-0.006420922963589258,3,2303.923630361788,2291.434237847604,3
1944,1947,-0.001507460274035346,3,2296.588126175792,2295.4226989359363,3
1951,1953,-0.005477828824408001,2,2280.1721983195253,2269.9619775252763,2
1954,1955,-0.007181416648252295,1,2269.60934640311,2255.579945404225,1
1957,1959,0.021552106470022425,2,2278.0908150373266,2329.4665616464285,2
1960,1961,0.0020749161824014538,1,2351.9502922074525,2359.182342221165,1
1962,1963,0.00012202411066222925,1,2371.7691565512064,2374.430338729782,1
1964,1965,0.0011811857661751042,1,2375.8602281974368,2381.0424207096025,1
1967,1968,0.006284704436066236,1,2392.3092021558728,2409.7364676132597,1
1971,1978,-0.00021215088190483012,7,2426.470113446223,2428.381805785186,7
1981,1985,-0.003020591062013051,4,2419.577629306904,2414.6886523752796,4
1986,1987,0.0030671308037076407,1,2422.1526397198886,2432.003851332175,1
1990,1996,-0.01666444068327343,6,2419.110293282316,2381.216283586899,6
1999,2000,-0.0009937940199444216,1,2371.519600551015,2371.5343181543576,1
673,675,0.00012159375305397001,2,1979.3846303475962,1981.604695783885,2
678,682,-0.002837398008422822,4,1993.1836412757038,1989.521369622803,4
684,686,0.0011105113816291812,2,1990.8281498204171,1995.029815289481,2
689,690,0.0002390714707243152,1,2009.7463599497728,2012.2365793277786,1
691,696,-0.001429845567556588,5,2019.7358684251133,2018.8676939144357,5
702,703,0.0017928722921370568,1,2023.3369506443971,2028.987872351509,1
704,706,-0.008003441556669346,2,2030.3922936180568,2016.172559852591,2
709,710,-0.002652613858842211,1,2010.076043981583,2006.7541644539724,1
711,719,-0.0028014678847875537,8,2001.2780178213116,1997.6727797436752,8
720,722,0.006679257062820889,2,2005.0931650436153,2020.4907908928903,2
723,724,-0.0026184085330835253,1,2031.0877517347078,2027.800621985859,1
725,727,0.0007386978294322143,2,2027.4997759265589,2031.0249853861367,2
730,732,-0.0015464666163018418,2,2044.612081115974,2043.4947688703567,2
735,738,0.006262612902211522,3,2057.1475500524366,2072.0878163912002,3
740,743,-0.002475800034217877,3,2066.495247961441,2063.445514203788,3
747,748,-0.001455134346698426,1,2067.8631889326175,2066.922033371061,1
749,751,-0.004880049395502293,2,2067.6162897762615,2059.5938364409844,2
752,762,-0.000634800979822852,10,2064.1051290270843,2064.8589381977476,10
763,764,0.0015454600746813104,1,2073.7632574782656,2079.0419390545176,1
765,767,0.0005801614776694405,2,2076.7863375800184,2080.0679953480126,2
770,774,-0.006022920108620968,4,2090.846250385755,2080.3440967106576,4
777,778,-0.0033377265622142583,1,2084.5372989776165,2079.66422076387,1
780,781,0.00010363462779395009,1,2076.801253486836,2079.0932832652297,1
783,785,0.0006438376834961863,2,2074.1387015604814,2077.5482489189044,2
787,789,-0.0014541913552949793,2,2076.449538899722,2075.5064334694475,2
794,795,-0.00646099366838958,1,2081.456422064554,2070.0896017226305,1
797,799,-0.001678989190614722,2,2075.3814281983587,2073.9722666422094,2
801,805,-0.000859965143751228,4,2070.347859701543,2070.637780566461,4
810,811,-0.0016381348943602957,1,2090.092998826336,2088.759237551327,1
816,817,-0.006278172696707653,1,2087.097919627225,2076.0818563724933,1
818,819,-0.0009024227820758684,1,2074.323940220228,2074.526346979388,1
821,825,-0.008240443124504126,4,2080.0746637872294,2065.014001489356,4
830,832,-0.0037970498388371072,2,2062.51850811918,2056.7495410584465,2
834,838,0.002316666901696303,4,2063.4309501006974,2070.274663236832,4
840,842,-0.0007052082850752199,2,2075.4939177476836,2076.1057561590123,2
843,844,-0.0020835318576253033,1,2080.322488914597,2078.068393223724,1
846,847,-0.0005869382369931276,1,2077.9764786688697,2078.8348112966355,1
848,849,-0.005222651403140726,1,2080.328458159905,2071.5439562770625,1
850,851,-0.0038945727788110445,1,2076.9256009589503,2070.913788650799,1
853,854,0.0010652816742239986,1,2072.251765456768,2076.5315490523444,1
857,858,-0.002414564530159606,1,2072.200503757617,2069.2692424256225,1
861,862,-0.0011638767322451166,1,2065.6921855549917,2065.3536666697987,1
870,871,0.00047429834338032326,1,2086.11658340067,2089.192141623676,1
875,878,0.009676139551563302,3,2115.254744534267,2137.8374993740213,3
881,883,0.002268038933318107,2,2172.626451650733,2179.7266794822845,2
885,887,-0.0023165511414969244,2,2176.1295570359375,2173.2645711835767,2
889,895,-0.006120452071890929,6,2172.8663998291827,2161.740341570235,6
899,900,-0.002106983730681457,1,2164.9668126171914,2162.570229578159,1
904,909,-0.0011233559796480477,5,2163.274184651293,2163.007331844998,5
912,914,-0.004744481442811047,2,2162.7239356142077,2154.625655971377,2
918,920,0.0013156952538310013,2,2149.6953035680876,2154.673342779743,2
922,923,-0.00240281965019267,1,2157.9459801483695,2154.918771123363,1
924,925,-0.003798915164637526,1,2158.6561130308464,2152.614217700847,1
926,928,0.000862919688389316,2,2153.2483188014744,2157.259647488561,2
929,931,-0.004713699770778514,2,2157.4366198485186,2149.424547967918,2
933,937,-0.0070468296853847,4,2151.6466613433877,2138.6360204391176,4
938,939,-0.0019157400274422472,1,2140.6443355917786,2138.6840618891597,1
941,943,-0.001777334844676582,2,2132.6295186195794,2130.9717513839705,2
945,946,-0.0071835913519355445,1,2126.7054744554443,2113.5547968754877,1
948,954,0.0048579505305734,6,2106.9979781045677,2119.3406680283224,6
956,958,0.0031128696909611796,2,2123.610278552741,2132.344410902814,2
960,962,0.0014950235436001643,2,2137.5561984638166,2142.8894515047523,2
965,967,0.0019722579994513093,2,2138.481603944517,2144.8377229985203,2
968,971,-0.0021237064083982488,3,2147.153697484242,2144.740927114563,3
974,977,-0.0052050675596660295,3,2145.1841044591783,2136.163460372006,3
980,993,0.002603789396881674,13,2128.6986707980614,2136.3700524970395,13
994,999,-0.0010333030547431607,5,2141.236519006728,2141.1652092897175,5
1000,1003,-0.0034722444110709674,3,2147.58955359363,2142.280187322484,3
1007,1015,-0.005678662126371944,8,2144.6625095153863,2134.628358258267,8
1018,1023,0.0029065234691774376,5,2138.3317524989543,2146.685195674979,5
1029,1031,-0.0014848552776204845,2,2145.0102059431065,2143.970186424205,2
1032,1033,-0.00289935746893733,1,2151.9930462148554,2147.905642149426,1
1036,1037,-0.0029810015115832554,1,2154.9658863275554,2150.69689564933,1
1039,1043,-0.002006502551596811,4,2146.260018366335,2144.099802181459,4
1044,1046,-0.003885504607947272,2,2142.1904031770855,2136.0091028976176,2
1048,1052,0.0006728950021139034,4,2139.316673225632,2142.89552539621,4
1054,1057,-0.005102132260988852,3,2147.2494825121057,2138.441181137501,3
1063,1065,-0.00741157804605405,2,2150.6314743045546,2136.8425327587506,2
1069,1070,-0.0007340551699858068,1,2147.0691016325186,2147.640103559781,1
1071,1073,0.0019189011482250089,2,2151.9110734004366,2158.1922891034633,2
1074,1075,-0.002548251562841918,1,2158.485382333215,2155.143503966646,1
1078,1080,-0.0015628024122940909,2,2150.5244880748546,2149.3141677052686,2
1082,1085,0.009867386709056285,3,2164.86062340601,2188.3870009717716,3
1091,1095,-0.016578740433009127,4,2184.868249163603,2150.8307538295603,4
1098,1099,0.0006441431784293991,1,2134.2847541263613,2137.793823845684,1
1102,1107,0.0021460833275283287,5,2148.617538054127,2155.3772678678342,5
1108,1111,-0.0067648116423925765,3,2158.705645907381,2146.2611144673556,3
1112,1113,-0.001878888986983384,1,2145.4727635808495,2143.5871311970654,1
1115,1120,-0.006046243330162184,5,2136.140337523865,2125.360853593345,5
1123,1124,-0.006055703631954407,1,2133.372802009494,2122.587101386062,1
1130,1131,-0.0017756004384994074,1,2135.2531647860733,2133.597061495158,1
1132,1136,0.0033611426224642122,4,2135.4614944670243,2144.7745466091756,4
1140,1141,-0.0016906172178123896,1,2147.3153875449716,2145.8324145662596,1
1142,1143,-0.0033836697532887315,1,2148.919676728357,2143.7973618926926,1
1147,1148,-0.001741979295643382,1,2148.158454626618,2146.564565529524,1
1149,1156,0.002353165227155434,7,2145.90441020128,2153.0999822503663,7
1157,1158,-0.0014450156669251854,1,2159.227629173865,2158.266739050425,1
1159,1161,-0.0007153611305691402,2,2165.1638077645644,2165.780097542939,2
1162,1164,0.0006352255043798989,2,2166.06083574214,2169.602833664784,2
1165,1175,-0.0009053874959971015,10,2169.7051851677875,2169.9104664083043,10
1178,1183,-0.0004126155319176338,5,2170.5856989516533,2171.860667277859,5
1185,1186,0.005643345563196669,1,2194.493204091234,2209.0719807820988,1
1187,1188,-0.0020071834654278066,1,2213.089364198948,2210.8603771838125,1
1189,1191,0.0005609792430363158,2,2208.513546146381,2211.96098994988,2
1193,1194,-0.0007821382094241477,1,2216.889134394106,2217.372109830433,1
1195,1196,-0.0008534242528410367,1,2217.920336348622,2218.2454296790615,1
1201,1203,-0.004038660987734925,2,2229.790953230648,2223.015374450262,2
1204,1205,-0.0019420614386831687,1,2229.1061858401,2227.00623085969,1
1207,1208,-0.002519712221614241,1,2234.6654718806412,2231.269423451805,1
1209,1210,0.0001965157743435543,1,2248.327354008755,2251.0175131537144,1
1213,1216,0.006584415447119991,3,2268.709296116023,2285.91612994651,3
1218,1220,0.00051927876626278,2,2284.1302853663924,2287.6005160083273,2
1225,1226,-0.007904730147743498,1,2306.276526735165,2290.3523096719837,1
1228,1230,-0.0009783835831780937,2,2280.6827857480816,2280.732085937817,2
1231,1234,-0.001866939765526576,3,2294.889972574884,2292.9004412001505,3
1235,1239,-0.008387501452894255,4,2297.6523905955587,2280.678480221788,4
1240,1242,-0.00036393639485677177,2,2279.6713552229608,2281.1213712037056,2
1243,1247,0.0035762938356110373,4,2286.7564278882164,2297.221297232705,4
1252,1255,-0.0017827456887898271,3,2291.857924564933,2290.063982655161,3
1256,1258,-0.00043828161048464754,2,2289.481158411236,2290.7672020803643,2
1260,1262,0.0073984629609874205,2,2319.4531371092226,2338.9329783709804,2
1264,1271,0.011023896472108819,7,2344.083186912953,2372.268200474405,7
1272,1276,-0.0023382722682455644,4,2389.552354713388,2386.354483063554,4
1277,1279,-0.004409809065179357,2,2384.8836751669037,2376.7516771919213,2
1281,1282,-0.005258658597014232,1,2373.33893849975,2363.2316982256793,1
1285,1286,0.00021456672828146835,1,2339.437873257452,2342.279276661192,1
1295,1301,-0.007314196678112207,6,2381.131304712841,2366.096373338474,6
1306,1307,-0.0024176438518704888,1,2333.99043558575,2330.6816683944176,1
1309,1311,0.0027540919440090777,2,2340.271219252595,2349.0568125835875,2
1313,1314,-0.00038607861977780014,1,2368.6796447037186,2370.1338277804994,1
1315,1317,-0.006641923320155454,2,2371.0602783312793,2357.6829380534678,2
1318,1324,-0.0004441768351419038,6,2338.025540528959,2339.325069284415,6
1325,1327,-0.0022509807212936677,2,2338.188632200161,2335.2636032985306,2
1330,1337,0.027966732950434517,7,2359.8174178357463,2428.1736187899783,7
1338,1340,0.002052850735846096,2,2426.4178403610463,2433.8253318504626,2
1342,1344,0.0008194354137763956,2,2437.4024442689447,2441.8371405936728,2
1345,1346,-0.005275174652879278,1,2436.51101185887,2426.0945017395097,1
1347,1349,-0.0004382099157540524,2,2419.2201615094195,2420.5792554077634,2
1351,1355,0.0019478646871858092,4,2419.7212466945543,2426.8542575105184,4
1356,1359,0.007757887466890147,3,2442.5300162563926,2463.9214192732675,3
1360,1379,-0.01321619264776032,19,2472.326614471305,2442.1241962607387,19
1380,1381,0.001370531507673594,1,2439.7367433809454,2445.520216201559,1
1383,1384,-0.005285800144700957,1,2452.5358390753404,2442.024760621347,1
1387,1388,-0.0019885929213815006,1,2422.668435552669,2420.2734026864273,1
1389,1392,0.002455464931434364,3,2427.6774197149825,2436.0661739036427,3
1396,1398,0.004215730198820357,2,2447.9184549192173,2460.686137128789,2
1399,1400,-0.005895981839595855,1,2467.977087487305,2455.8939164864287,1
1403,1406,-0.005640015469312401,3,2464.2793476068296,2452.845053313227,3
1407,1413,-0.008378576176372977,6,2463.414860418493,2445.238366216886,6
1414,1416,0.0016425369406035707,2,2449.4733391385116,2455.9461629222087,2
1417,1426,0.00986355235386021,9,2460.3581204364564,2487.086349687063,9
1431,1432,0.0031053563873725733,1,2505.5930478884807,2515.879400311786,1
1433,1435,0.0011355688748339874,2,2524.237073125516,2529.627755251585,2
1439,1440,-0.0017874169867888045,1,2518.261397229876,2516.2784754285226,1
1443,1444,-0.0032474372175510177,1,2526.7602124288805,2521.0814774876408,1
1445,1450,-0.007309154746462777,5,2514.9867700051923,2499.119329287923,5
1452,1462,-0.028208252600843736,10,2499.4212750614374,2431.416389653643,10
1463,1465,-0.009258395718968509,2,2423.2528493911636,2403.2406684337734,2
1468,1469,-0.00019285158858800967,1,2417.1466190382707,2419.0976150919773,1
1478,1485,-0.00796669190886211,7,2381.4992898693054,2364.908118035612,7
1487,1494,-0.005560381259840296,7,2383.3501673338837,2372.481181895137,7
1497,1499,0.0013333180780072634,2,2401.528879063467,2407.132409811842,2
1500,1501,0.0005490262074117954,1,2404.312406470768,2408.0367493991967,1
1502,1505,-0.0021192851000099884,3,2415.8176222543325,2413.1136335854017,3
1506,1507,0.0020549041744533946,1,2416.1241269326874,2423.5051546140517,1
1508,1514,-0.0068859082057265075,6,2429.8756716446765,2415.573646490048,6
1518,1519,0.0007483431953624715,1,2421.4798755518123,2425.7134534149404,1
1520,1525,0.003171233005857018,5,2435.86731173355,2446.0278818621414,5
1533,1535,0.0010819510774227777,2,2431.750457917385,2436.8132434032696,2
1537,1540,0.0033224099807485754,3,2456.5913923846115,2467.2097875376758,3
1541,1542,-0.0014307827853602174,1,2477.8479922199003,2476.7805779601126,1
1544,1551,-0.0017769114063564233,7,2482.355690223192,2480.427119772824,7
1556,1557,-0.0018995139777806232,1,2476.505516132055,2474.2778648042436,1
1558,1561,-0.00281526324546945,3,2474.438775140022,2469.9470173783457,3
1569,1574,-0.012233673138857159,5,2470.215417729777,2442.4658251444353,5
1584,1591,-0.0012618250327738364,7,2406.76499000358,2406.1348386811933,7
1595,1596,-0.006821249800546358,1,2385.142569932146,2371.258059222654,1
1606,1610,0.002821595352456593,4,2355.9934207871866,2364.997074294485,4
1616,1618,-8.571862955619952e-05,2,2382.485424311258,2384.66368635006,2
1624,1628,-0.011952136574860495,4,2388.2651874316166,2362.1085809218807,4
1631,1633,-0.016255143227079338,2,2325.4798396995757,2290.004311673273,2
1636,1638,0.0006884373742926484,2,2288.195136675191,2292.058610863628,2
1640,1642,-0.010136925976669403,2,2283.8213360307773,2262.954229539526,2
1645,1650,0.0029493553693229757,5,2154.375829432866,2162.884225182376,5
1657,1660,0.0038903359338422544,3,2193.9010117417597,2204.6299246947733,3
1663,1664,-0.006546023667525866,1,2208.051877642859,2195.8059696703267,1
1665,1666,-0.009735401448213232,1,2186.116431621148,2167.019826978402,1
1669,1670,-0.0018549652717732706,1,2115.2655668750476,2113.4570882747917,1
1671,1674,0.0005888213396982721,3,2122.3060251387146,2125.6779902408252,3
1679,1680,0.0026779333250403926,1,2066.680003239861,2074.2811144959715,1
1682,1689,0.01676461349818909,7,2097.285309655029,2134.5427725764803,7
1690,1691,-0.0014517773119028065,1,2138.799786004816,2137.8335247867963,1
1693,1695,-0.001090784117346406,2,2141.369803638092,2141.1754012705564,2
1696,1697,0.0035056134394765553,1,2159.626904509977,2169.3573485151924,1
1704,1708,0.009388590467682093,4,2154.058086837386,2176.4357141451383,4
1710,1711,0.0011625347101125384,1,2187.5895351970735,2192.320273498416,1
1712,1713,0.001864203209837607,1,2197.360703471224,2203.6543910512773,1
1715,1718,-0.0036834954452438975,3,2219.649038799591,2213.6926207139322,3
1720,1726,0.0032586300686104647,6,2221.539621596037,2231.000337027175,6
1727,1728,-0.006971727302422603,1,2230.5925567775466,2217.2720663056575,1
1730,1735,-0.0032181088307457117,5,2247.308635778525,2242.3238606480936,5
1737,1742,0.006798797102105817,5,2246.7907321123726,2264.3129971630087,5
1745,1749,-0.008210001999965652,4,2262.771632493573,2246.457044497829,4
1753,1756,0.00507570021656851,3,2247.3509383725823,2261.005168955558,3
1758,1759,-0.003004164058749309,1,2266.1701653198575,2261.6283885235134,1
1765,1767,-0.007376813827393712,2,2240.3482384034446,2226.0619547786164,2
1771,1773,0.002423270344983818,2,2223.5856106115766,2231.197545291916,2
1774,1777,0.000153084947343,3,2237.2229595327403,2239.8026676512277,3
1780,1785,-0.02320761468948599,5,2212.405345941978,2163.2731004823395,5
1789,1790,-0.012320011713505361,1,2135.32461137551,2111.152711762603,1
1791,1792,0.0013675690730143766,1,2110.706574359963,2115.7038179676256,1
1793,1795,-0.004495875686988114,2,2121.722267226934,2114.304989938394,2
1797,1798,-0.0013747314881755253,1,2132.045954389164,2131.247009635817,1
1799,1802,0.006321521562633212,3,2150.741934187739,2166.488637634554,3
1807,1808,-0.0016269811476476521,1,2185.5647276474742,2184.1944197662756,1
1809,1812,-0.0002834200098892082,3,2198.572697049859,2200.148150251369,3
1816,1821,-0.01489061497824518,5,2193.438025021581,2162.9698219373636,5
1822,1824,-0.010639738703592909,2,2159.3063686722962,2138.4912194972912,2
1827,1829,0.004051970465898647,2,2101.678095835515,2112.295711504502,2
1830,1832,0.00644364762307858,2,2106.316095710038,2121.9947705093223,2
1833,1834,-0.003378831027390506,1,2133.4038945019224,2128.3288871237255,1
1836,1838,-0.00715023844169254,2,2121.95316601286,2108.9026480797766,2
1840,1843,-0.004209979661918601,3,2086.5511508624077,2079.8533641045865,3
1844,1845,0.006631297013001957,1,2084.900963440629,2100.8114619353382,1
1846,1847,0.003911728284340516,1,2118.8031354174736,2129.210120706653,1
1848,1849,0.0013973572301978947,1,2135.0809393872923,2140.19949111439,1
1852,1855,0.007097976463637479,3,2151.014970964999,2168.4338395728055,3
1856,1857,0.0001374556379352351,1,2178.862316950853,2181.340676177553,1
1858,1860,-0.00019580072154639868,2,2180.771441914976,2182.5252167350363,2
1861,1863,-0.007932201885782458,2,2186.016439786933,2170.8625325006906,2
1865,1866,0.00032689189881479445,1,2182.7640617853563,2185.6603537359633,1
1867,1869,0.005968308114544892,2,2197.414834001124,2212.727097619915,2
1872,1877,-0.0020662409087501745,5,2187.2552131288526,2184.9230721427375,5
1878,1879,-0.0016204420445726428,1,2205.922386870355,2204.5537398744764,1
1883,1886,0.009395399878461691,3,2259.912395783616,2283.405088828079,3
1890,1893,0.008633117411532776,3,2292.6832947055964,2314.768982070955,3
1894,1896,-0.0036222203050804654,2,2318.422044034772,2312.342630675158,2
1900,1902,9.008614210757296e-05,2,2331.3132338636556,2333.8545661128023,2
1903,1906,-0.004825757193709114,3,2328.403458332479,2319.4955520519065,3
1908,1910,0.00606439946200723,2,2326.2569975058814,2342.6906061875525,2
1914,1915,-0.002259690988826191,1,2313.2105668078602,2310.296636301595,1
1916,1919,-0.0002313644714368666,3,2312.272954486008,2314.0502496305617,3
1921,1924,-0.005802856282029014,3,2322.1864013818636,2311.0332738359443,3
1927,1929,0.0016081163762659864,2,2301.5184592094065,2307.521087193149,2
1931,1932,-0.0032261008486696627,1,2310.4106543694293,2305.267447250962,1
1933,1934,-0.00011940816714889303,1,2307.1558590605237,2309.187521667127,1
1935,1941,-0.013646006480952464,6,2318.7448134877586,2289.4219515487175,6
1942,1944,0.0016699092990249014,2,2289.4168256843814,2295.52936095662,2
1948,1949,-0.003427368385028424,1,2300.164537144315,2294.5811904664874,1
1951,1952,-0.003922355058990513,1,2282.863981254386,2276.19264214978,1
1953,1954,-0.0032739602760267833,1,2270.27631043818,2265.113792292639,1
1955,1959,0.02959085867129994,4,2259.1024238281575,2328.210306799476,4
1961,1964,0.003905890776895073,3,2364.6751796314115,2376.276017785518,3
1965,1970,0.01693454473059245,5,2386.2559786733095,2429.0523932614697,5
1972,1974,0.0038811355444286306,2,2432.9895064435073,2444.8652580026305,2
1975,1977,-0.008491449279653536,2,2445.558960151341,2427.238179240965,2
1978,1980,-0.0033021469933617437,2,2429.109468175694,2423.517301116987,2
1981,1983,-0.0023421376331215797,2,2423.514255270133,2420.2615655837285,2
1984,1993,-0.007093220983808355,9,2412.715406964784,2398.0141988191085,9
1994,1997,-0.00967508824342702,3,2397.844438881809,2377.0429267804984,3
1999,2000,-0.002891207282031753,1,2372.867733016509,2368.38014828053,1
673,674,0.0017094769117626338,1,1978.7639448689933,1984.1253600914442,1
676,678,0.0013677854042492086,2,1986.6603881625697,1991.364373632861,2
682,684,-0.0004496970398780556,2,1990.0445086058955,1991.1396359897558,2
686,691,0.009001278019246124,5,1996.2973446025508,2016.2628693550037,5
696,697,0.000456731823185426,1,2015.1690525744896,2018.1046134624733,1
698,701,-9.147135018498483e-05,3,2019.6344696194685,2021.4693653972718,3
702,705,-0.0031283614691815006,3,2026.4357214766064,2022.1227337672426,3
706,707,-0.0004900968630299997,1,2017.1410486504244,2018.1695951988422,1
714,715,-0.001793256774655627,1,1999.4466523305146,1997.8605777279909,1
717,719,-0.003300449912463808,2,2000.0079413902213,1995.4070232965232,2
721,725,0.005145365448821554,4,2016.2397155851386,2028.6302454698373,4
729,732,0.0005721447673498845,3,2043.8666180783123,2047.0798722870852,3
737,738,-0.0007327992764041256,1,2070.1634376998377,2070.716586868353,1
741,742,-0.00267871514453905,1,2066.0147907368105,2062.546540418759,1
744,745,-6.018603152674448e-05,1,2061.971824335024,2063.9096942581323,1
753,764,0.009080944374891261,11,2059.7711587579247,2080.5355972343687,11
765,768,0.00029653348445403795,3,2080.9200330415133,2083.618015542823,3
774,782,-0.005386202428528356,8,2083.287928634653,2074.1502060627517,8
788,790,-0.0010284896343046952,2,2074.412425428845,2074.3533261774473,2
793,794,-0.0018682758882812998,1,2080.11760333058,2078.3114873708187,1
795,796,-0.005335730170362984,1,2076.0179470360226,2067.0168933888435,1
798,802,-0.003394273455075859,4,2076.223065546677,2071.2520197740223,4
805,810,0.008467648211309381,5,2071.81229324523,2091.427483197542,5
812,813,0.00020690647535924326,1,2086.2043088473633,2088.7221623366336,1
814,816,-0.002743982728077726,2,2088.2221287027724,2084.580305377925,2
817,822,-0.00020592773950892974,5,2080.4965844723283,2082.148649098104,5
824,825,-0.0021608593447498894,1,2072.174313393008,2069.768810477355,1
827,828,-0.003925617178867188,1,2072.0902287912745,2066.02808602176,1
829,833,-0.005328674249590781,4,2069.112479851479,2060.155965940439,4
834,835,0.00019887015022745057,1,2063.1005592158226,2065.573948893184,1
840,843,-0.002511344847779983,3,2080.438993075604,2077.2947323222984,3
844,849,-0.0012899977038061212,5,2077.0148510862628,2076.4125215486765,5
852,853,-0.0008714469488478471,1,2075.5302186814797,2075.7970344238497,1
854,855,-0.002224151023157443,1,2078.3869484304687,2075.8426889210305,1
856,859,-0.006283275525173243,3,2075.6251616312256,2064.6590620153456,3
860,863,-0.0022239499939539073,3,2069.22509170682,2066.692463668336,3
864,867,-0.00461885161442961,3,2072.9302909307,2065.428663800765,3
868,870,0.003743122823492028,2,2070.734008448986,2080.5557541858416,2
871,881,0.03595483442360227,10,2092.225208743272,2169.5430449092664,10
882,883,0.0006736336383386019,1,2176.1524644694987,2179.7945464361883,1
884,885,-0.004248915125157864,1,2178.842129501406,2171.7632563515376,1
886,889,-0.0031321017615161093,3,2176.184434362369,2171.544587696481,3
890,893,-0.0004787876961650924,3,2167.628100577043,2168.757895013202,3
894,898,-0.0001655714725997654,4,2165.038941776948,2166.845512032899,4
900,902,-0.003657492876692696,2,2168.222967842745,2162.4609307506216,2
904,906,-0.004937088531568756,2,2171.649106391255,2163.0991315998904,2
907,909,-0.002639660221949388,2,2163.675285466601,2160.1275931678065,2
920,925,-0.0026423718609437825,5,2158.519127151295,2154.9740360755527,5
926,927,-0.004624374699047802,1,2160.738112306995,2152.906787761481,1
928,930,-0.002271218985328902,2,2153.871996645671,2151.133953671567,2
936,937,-0.003598680716218695,1,2140.3344932747127,2134.772447300782,1
938,939,-0.002048156133389233,1,2142.8204866013625,2140.574476165579,1
940,941,-0.0017662245671079472,1,2134.045108745771,2132.4099509561333,1
948,949,-0.0012893704760347812,1,2108.4327164431434,2107.822598264299,1
951,956,0.00035778680362499784,5,2114.5440185773164,2117.415118541425,5
958,963,0.001990658821681656,5,2133.002321339625,2139.3814035486066,5
964,965,0.002930135507061459,1,2135.724189886661,2144.1178753586246,1
966,970,-0.0009522582019770162,4,2147.6036234292806,2147.7061538877037,4
972,976,-0.00645194788065092,4,2152.0875094845837,2140.354440548274,4
977,981,-0.005776833473772686,4,2132.815542221361,2122.627437545895,4
986,988,-0.0037622977384793722,2,2130.5774710033375,2124.69218167353,2
991,993,-0.0009699874850242421,2,2134.9703988957426,2135.0344747268123,2
995,1002,-0.0006407104181656038,7,2139.0449540660065,2139.813490633078,7
1004,1007,-0.00187592081774676,3,2147.1107953953438,2145.230096351648,3
1008,1009,-0.00015028016597424447,1,2141.969726439368,2143.7898005998063,1
1013,1015,-0.00483633442857376,2,2137.3209441216723,2129.1214661988265,2
1017,1019,0.00047625131787135035,2,2138.3918734899835,2141.5486773113485,2
1021,1025,-0.00013665762933369463,4,2145.675050910109,2147.527503095241,4
1026,1028,-0.0026544194521872567,2,2142.545421199525,2139.000752377498,2
1030,1031,1.8626874390328257e-06,1,2145.103115764535,2147.2522145369285,1
1034,1035,-0.0009187532534274246,1,2151.3212601952714,2151.4960480484947,1
1036,1038,-0.0032172966554603775,2,2152.671569461023,2147.8984579897524,2
1039,1042,-0.0007997950654330889,3,2145.1659220584997,2145.5953948615606,3
1047,1053,-0.0015009290961123943,6,2139.5702354357077,2138.498462451602,6
1054,1056,-0.0014339956558206187,2,2144.466513936973,2143.5358247858717,2
1061,1076,5.2544432813745635e-05,15,2151.2361362282186,2153.5004078470733,15
1079,1080,-0.002801086085307734,1,2154.4765862985228,2150.596188497819,1
1083,1085,0.0019031910002596211,2,2179.678903601423,2186.0069277778143,2
1086,1088,-0.0009275711789916701,2,2182.936168770127,2183.0942762631676,2
1089,1091,-0.0035290372695684926,2,2181.908427576732,2176.3902998446047,2
1096,1098,-0.00552041467830698,2,2146.004287711636,2136.3034584297548,2
1099,1108,0.007950311472626963,9,2138.70118345616,2157.8432251949685,9
1109,1110,-0.003859458224187395,1,2157.070118572657,2150.9020666819556,1
1111,1113,-0.002793434852948522,2,2150.706547602078,2146.849395521144,2
1116,1118,0.00012011075716851852,2,2131.2817650316806,2133.6690366632497,2
1120,1121,-8.70974382539718e-05,1,2126.0324863213896,2127.9733468245076,1
1123,1128,-0.003970051173393296,5,2130.3469259271637,2124.019686540079,5
1131,1136,0.0011518900570606878,5,2135.6032239042634,2140.1988072476097,5
1140,1142,-0.005170944012113887,2,2151.0142897115597,2142.042529539916,2
1145,1147,-0.00024386829965040492,2,2144.9498891170924,2146.571753723915,2
1149,1150,-0.0038930154990405737,1,2149.3171009865414,2143.0990933010344,1
1151,1160,0.009587342101473897,9,2144.866346102832,2167.574779870961,9
1161,1166,-0.0009986969096598343,5,2165.7890464308603,2165.7918686496455,5
1170,1171,0.0005334091644700531,1,2162.0553527282723,2165.3706682202373,1
1172,1173,0.00011658330542004599,1,2164.500041712032,2166.9168863231885,1
1178,1184,0.0004063501994402512,6,2174.264867032008,2177.3226448613946,6
1188,1190,-0.004442005928662692,2,2213.691711231383,2206.0721712370932,2
1191,1199,0.00405424530812242,8,2212.846007203914,2224.0302737534216,8
1200,1210,0.011864486138280915,10,2226.995937191302,2255.6450955553073,10
1212,1213,-0.0013943927846363643,1,2259.3598447363447,2258.4687695156836,1
1214,1218,0.00485350718725796,4,2265.9084955776107,2279.172007242143,4
1219,1221,0.004462353823773524,2,2281.980434208401,2294.445418758976,2
1224,1225,-0.0035265770639744775,1,2309.119473121171,2303.285304822406,1
1230,1239,-0.0019650725051692905,9,2285.4262861145326,2283.2206840432123,9
1244,1245,0.0003791273181793361,1,2289.387221536206,2292.5445779953175,1
1246,1262,0.015446252564111546,16,2297.2873072314005,2335.069074498456,16
1263,1264,-0.0036662693651286957,1,2352.590394079042,2346.317754382613,1
1265,1267,0.001947350814174964,2,2360.0745026411932,2367.0304701480663,2
1269,1271,-0.0007667901494973906,2,2376.478033187582,2377.032251274424,2
1279,1282,-0.008671994691003146,3,2381.539490827618,2363.268332497574,3
1284,1286,-0.005611605561579052,2,2346.311617772757,2335.4913540670386,2
1289,1290,0.0018838698859650715,1,2351.5294165585415,2358.3109214289157,1
1291,1297,0.0037865228704369747,6,2368.031052963942,2379.3656877568587,6
1303,1305,-0.012417039370940009,2,2354.4197895450543,2327.539286112098,2
1307,1309,0.001265571848327626,2,2336.343611938162,2341.6367662533894,2
1313,1316,-0.0034826613920186365,3,2370.5539533605843,2364.668670582879,3
1320,1321,0.0018925555869729574,1,2334.7697782226624,2341.523229588956,1
1322,1325,-0.0021963596525461696,3,2339.7905600967447,2336.9913290752365,3
1327,1329,0.00550172834881985,2,2339.5192261713973,2354.730144646805,2
1330,1332,0.011110271174377278,2,2360.169424429158,2388.751716176469,2
1337,1344,0.00032595639250685847,7,2431.5836865436668,2434.8078604767547,7
1345,1350,-0.0076030780452171045,5,2438.14768930421,2422.0484098259685,5
1351,1353,-0.004659577543463961,2,2422.5575036827645,2413.691966644537,2
1354,1356,0.002496663775356977,2,2424.649661229833,2433.127845868187,2
1359,1360,-0.0020754641192499853,1,2472.112805372141,2469.4541367512247,1
1364,1369,0.002103128044098223,5,2461.492731189224,2469.131058313721,5
1371,1372,0.0001468080005026112,1,2473.0835737541706,2475.9197257824635,1
1381,1383,-0.0025232807939469587,2,2451.8893384476387,2448.154422509498,2
1385,1386,-0.003846234348203791,1,2438.875450666291,2431.9338395876134,1
1388,1389,0.0011993693838083584,1,2423.411488259989,2428.7414652916373,1
1391,1392,-0.002137247045483938,1,2432.6623121928797,2429.895774165678,1
1397,1401,0.004821090601825685,4,2445.6220520678226,2459.858239610732,4
1404,1405,-0.0008810846311633628,1,2461.034513912031,2461.3271687389724,1
1406,1409,-0.0003072843634194459,3,2459.6789671811503,2461.382825262685,3
1411,1413,-0.003919696445281905,2,2451.2574264343284,2444.100498839897,2
1415,1419,0.0028441070361938468,4,2456.1840527355735,2465.6258871348814,4
1423,1426,0.004453662918887611,3,2480.6664154218056,2494.1951338657213,3
1427,1429,0.0006502565159183904,2,2492.715707935153,2496.8293282745053,2
1439,1440,-0.0009373642319931618,1,2517.563684239968,2517.7213737748366,1
1441,1444,-0.0033241344136563634,3,2524.494014465953,2518.6267510498633,3
1446,1447,-0.0008350771887169834,1,2504.173426170043,2504.5864214914272,1
1453,1454,-0.00448833746459605,1,2503.0772817705165,2494.345703511737,1
1455,1457,-0.009421014007395544,2,2491.661789027788,2470.679470200693,2
1459,1461,-0.0011550217443804802,2,2440.0625952985583,2439.6843325386376,2
1462,1464,-0.010953801126732218,2,2434.350991889355,2410.119946243425,2
1465,1466,-0.000503656843184604,1,2408.112047033335,2409.3072969687246,1
1467,1469,0.0008296898755766862,2,2413.6384555108484,2418.054665356199,2
1470,1471,-0.001444977022755964,1,2429.700875333285,2428.6197142715914,1
1478,1479,-0.0012447048936416532,1,2384.2070073224786,2383.623580200332,1
1480,1483,-0.01377101741259541,3,2392.764971310884,2362.2069281980243,3
1485,1486,0.0018990224766295347,1,2366.785399003457,2373.6467630725265,1
1487,1491,0.0004288468997868523,4,2383.1317078964926,2386.536838249104,4
1492,1495,-0.012330195592018544,3,2392.615696945506,2365.5068931225796,3
1497,1502,0.004618603748902532,5,2399.6326197145577,2413.1152045476747,5
1512,1513,-0.0007993973593137613,1,2418.3989281076697,2418.884065318881,1
1519,1520,0.0016067408680742103,1,2432.5877344451533,2438.9288603077075,1
1526,1527,-0.002981727807387139,1,2450.6790342841996,2445.822455494978,1
1528,1531,-0.0040964382338833085,3,2437.327492273032,2429.780458237463,3
1532,1535,-0.0023518687827638572,3,2433.293620255833,2430.0041265713107,3
1538,1541,0.005611458593547575,3,2456.5535756678164,2472.7949779161754,3
1543,1545,-7.154643944396984e-05,2,2481.9921336927996,2484.2965481265987,2
1546,1547,-0.003339779108126493,1,2487.713347898447,2481.8926481800268,1
1549,1550,-0.0015912838957125607,1,2475.0456165195296,2473.5821619053277,1
1553,1556,-0.0031880759159935235,3,2484.1272507667454,2478.6917917570795,3
1557,1558,-0.0009224312791032503,1,2475.1430638381644,2475.3350575196628,1
1559,1565,-0.01004539617975653,6,2481.1262458354463,2458.6834759698727,6
1566,1570,-0.0036417851500063015,4,2466.6923937879565,2460.175922452414,4
1576,1580,-0.009413266703074664,4,2435.57245996325,2415.0813392829155,4
1583,1584,0.0006436022523116994,1,2405.232105832176,2409.185350738654,1
1585,1590,-0.0043296814010577965,5,2408.137692425848,2400.1193611401914,5
1592,1596,-0.01940020837545163,4,2415.351259435665,2370.908292962139,4
1599,1600,-0.0001225160643807836,1,2351.9281340844304,2353.9919132398204,1
1602,1603,-0.0027199916943992705,1,2359.2050063280317,2355.1471933117623,1
1605,1607,-0.006562453511664905,2,2360.8537885425376,2347.7216490959318,2
1610,1611,-0.0024878498239428123,1,2367.0199665867854,2363.49819634623,1
1617,1629,-0.015547146268169304,12,2385.2181922317877,2350.5200743078935,12
1637,1645,-0.06115316341889812,8,2288.635038449748,2150.9664009756643,8
1648,1649,0.005171150290308368,1,2150.582969450252,2163.8545401665074,1
1650,1651,-0.0015659075810058906,1,2160.9062111538424,2159.6833379471077,1
1652,1654,0.002158765473450304,2,2167.255478259816,2174.101330036689,2
1656,1662,0.008954324084407723,6,2193.9483271529234,2215.787599825848,6
1667,1668,-0.0039230926649383,1,2143.374542388262,2137.1092599851913,1
1670,1675,0.0006004419630981995,5,2114.0098138488484,2117.3931638653335,5
1676,1678,-0.021886904754035163,2,2114.691480735093,2070.5221211928097,2
1679,1680,0.003398756693927511,1,2066.4572872028402,2075.547130027639,1
1681,1683,0.004660644872382134,2,2089.787283968729,2101.616827642096,2
1689,1691,-0.005464521566715897,2,2139.9576053083056,2130.403718427549,2
1694,1695,0.002186690428283011,1,2141.8014246616185,2148.6266827608706,1
1696,1700,-0.0005751793720961084,4,2156.9108806830386,2157.827180917703,4
1701,1703,-0.003520164410736574,2,2156.339421819206,2150.905091950869,2
1711,1716,0.009623925180968274,5,2192.1982019945885,2215.487951674432,5
1718,1721,0.004509289033200515,3,2216.4418158947587,2228.652834483795,3
1723,1734,0.003243234765845018,11,2236.494624687478,2245.9845964325773,11
1737,1738,-0.0023525814179318275,1,2251.293419065864,2248.248361420923,1
1741,1744,0.0015330289695391448,3,2257.94755255704,2263.666999119367,3
1745,1748,-0.004098345253353711,3,2261.2786410344406,2254.2724190904814,3
1749,1752,-0.002375154491193407,3,2248.677805949705,2245.5855265656064,3
1754,1756,0.002386666641750482,2,2251.157884382482,2258.7818056948336,2
1757,1758,-0.001821325348618359,1,2263.7301503226363,2261.8708913677447,1
1762,1763,-0.004995580009399821,1,2247.695655479318,2238.71480765107,1
1767,1768,-0.0068062689029250055,1,2229.068537478122,2216.125966146474,1
1771,1779,-0.0021259578421416276,8,2224.42567097838,2221.9210614498807,8
1783,1788,-0.0305871077754614,5,2207.0011683168013,2141.702386889243,5
1789,1792,-0.011077979223905885,3,2136.5034761505085,2114.971838506061,3
1795,1799,0.012695070470059518,4,2117.5663958344867,2146.56661685047,4
1800,1801,-0.002406545805131134,1,2162.4988615912744,2159.4572078889023,1
1802,1806,0.002860563203798708,4,2167.1385240912746,2175.504899334916,4
1810,1813,-0.0056191688232080875,3,2200.8428791900706,2190.6768143777363,3
1817,1820,-0.008193982811362544,3,2192.0296127622396,2176.2601894060303,3
1821,1823,-0.0060254537920723435,2,2164.8493316217746,2153.9699813389107,2
1824,1826,-0.02016539203952778,2,2137.997086649849,2097.021534304836,2
1828,1830,-0.001044749219510725,2,2109.8186089234987,2109.72419618744,2
1831,1834,0.007150226411703373,3,2112.994227100113,2130.2156084576013,3
1835,1836,-0.0034699989959401105,1,2125.8063251749404,2120.555585686195,1
1838,1845,-0.005127832790714351,7,2106.7518534547194,2098.0555340721307,7
1846,1847,0.003417006894084333,1,2119.797402199646,2129.160561939224,1
1848,1850,0.0042739869254235984,2,2134.1861981672723,2145.441868272826,2
1858,1871,0.004126394767231866,13,2189.3005441377773,2200.523762991143,13
1874,1879,0.019898314691530826,5,2169.2700794625007,2214.60416823403,5
1882,1883,0.0018424350721353744,1,2256.049387509137,2262.4620614126625,1
1885,1886,0.0028061902234413753,1,2271.419572041835,2280.065027010274,1
1887,1891,0.0020193899024474812,4,2293.595818873826,2300.5210789296293,4
1895,1897,-0.004303216899212842,2,2320.1664832127544,2312.502470076419,2
1899,1900,0.0021868085722841833,1,2323.467878480529,2330.872325833098,1
1901,1902,-0.0016251671194236913,1,2337.625473917529,2336.1640673337083,1
1903,1917,-0.006498377320227698,14,2331.0839926064978,2318.2668132500044,14
1922,1930,-0.005772364583658605,8,2320.033300275037,2308.961255519896,8
1931,1935,0.005009446921755978,4,2308.824204833415,2322.698961344027,4
1940,1943,-0.0010635563412401219,3,2292.6820816625022,2292.536367177765,3
1947,1948,-0.0019984057685458355,1,2301.975107256071,2299.676802029938,1
1950,1951,-0.0008297018127712015,1,2284.2323898794443,2284.62139051465,1
1953,1955,-0.006922053863739822,2,2269.2466116472283,2255.8080109829443,2
1957,1958,0.009438573287053845,1,2279.026039897398,2302.815820237971,1
1962,1964,0.0025039439214542126,2,2370.997231390809,2379.3050727275254,2
1969,1972,-0.0018336954326489464,3,2433.4136657621666,2431.384939903275,3
1974,1980,-0.014317577695179655,6,2449.2050646244725,2416.5875858849085,6
1981,1982,-0.003907763678959795,1,2423.9612694426373,2416.9129629041468,1
1984,1988,0.007176027303270602,4,2411.827052376161,2431.5462162071553,4
1993,1994,-0.0033979176566693663,1,2400.507712010683,2394.7514921830816,1
1995,1998,-0.008769543826825744,3,2396.0965808205256,2377.480003422533,3
1999,2000,-0.002977481260519283,1,2378.5203828564972,2373.8169033716354,1
673,678,0.006260618392146716,5,1979.506944229464,1993.8793887561185,5
681,684,-0.0011852848255950216,3,1988.9511210269634,1988.582598565387,3
689,691,0.0018811313748130572,2,2008.7269600061563,2014.514366274063,2
693,694,-0.00022879967584533566,1,2013.883143611587,2015.4362509447499,1
696,699,-0.0012660935207735563,3,2019.6656763003516,2019.1282563497593,3
705,706,-0.0057023718420419756,1,2024.9207701867579,2015.3988397746657,1
709,716,-0.00871460822477289,7,2011.486789513103,1995.9689569827033,7
717,718,-0.0011157991696876103,1,2000.6873148894956,2000.4556369596269,1
720,721,0.0019332124140993903,1,2009.393328369837,2015.28730582542,1
727,728,3.1959509724214684e-05,1,2033.4569979121932,2035.555443198804,1
731,733,-0.0011527511135786363,2,2046.003495250383,2045.6909659380976,2
737,738,-0.0008712234758333734,1,2067.7235649505965,2067.9898392042282,1
740,745,-0.003142066154217332,5,2071.0995685376615,2066.663136249883,5
746,749,-0.006109356116309429,3,2070.65917567746,2060.07944055342,3
750,752,-0.004635914963428545,2,2067.9163361157603,2060.3975681661586,2
753,754,-0.0032672412586981594,1,2061.311379593062,2056.6378893862247,1
756,764,0.012786674208834097,8,2049.988785863317,2078.251313385778,8
776,778,-4.569485996980857e-05,2,2077.7802148202836,2079.7630511591396,2
780,784,-0.0024049194118797223,4,2077.546919623825,2074.6281336273546,4
788,790,-0.0008165135934652,2,2080.546983365537,2080.9287354551416,2
796,798,0.001311751141847037,2,2072.456305338289,2077.247308568583,2
801,805,-0.002185100651010485,4,2075.0824536252926,2072.623272058601,4
808,809,0.0019395281630778518,1,2088.2003214520114,2094.338645107068,1
810,812,-0.0036269889405323164,2,2091.90962836446,2086.4142049061534,2
815,816,-0.000369636273673334,1,2084.324518764317,2085.6384013348393,1
823,825,-0.004882911656888769,2,2076.0366044188813,2067.9755376874555,2
826,832,-0.006347135010148797,6,2070.2553799326965,2059.1854449107095,6
835,838,0.0015663268121817028,3,2070.432151658555,2075.7455572021595,3
845,846,-0.0031270084426502096,1,2079.643352271896,2075.2199333039125,1
848,851,-0.006899565249627221,3,2080.574470855149,2068.29998600763,3
854,859,-0.006927479779928447,5,2078.5467746192217,2066.2262306410307,5
860,863,6.230215037446025e-05,3,2066.747858081449,2068.943368775371,3
865,869,0.001688322332810212,4,2068.708334668018,2074.2696894841765,4
870,873,0.0016927233705439403,3,2084.8185403541875,2090.4323799611425,3
878,881,0.014601799029933107,3,2138.161615378306,2171.5207831949556,3
882,883,-0.00012651092173487628,1,2177.336944452076,2179.238824492758,1
886,887,-0.0029482817221708514,1,2175.4122457503217,2171.1739298337397,1
888,889,-0.00027301771602230836,1,2171.7447958564717,2173.32361584838,1
891,895,-0.0027056341750136327,4,2167.845960076357,2164.1484079206857,4
897,902,-0.004937495243111022,5,2170.8462648825857,2162.298568041085,5
903,904,-0.001206598163922612,1,2167.6496034632432,2167.20177103514,1
912,915,-0.00798819798020775,3,2165.8781415575104,2150.742556303302,3
918,922,0.0007511616510495664,4,2152.6663864516386,2156.436053275096,4
923,924,-0.0038232430984996724,1,2159.6483273867625,2153.5511151512815,1
926,927,-0.001307899473952225,1,2157.602389485597,2156.9380648448764,1
930,933,-0.0059319111930196036,3,2152.6599239229213,2142.043196349361,3
934,937,-0.008872729887488287,3,2152.1923389961744,2135.248710045336,3
938,939,-0.0011102614617299156,1,2138.0269773110003,2137.791235331264,1
940,941,-0.002155985114730285,1,2133.633225795093,2131.16677754578,1
942,945,-0.006641340516208152,3,2134.118993159793,2122.079701217271,3
946,949,-0.00601121428203003,3,2117.046929126504,2106.4379533195374,3
953,962,0.005886368824861191,9,2121.842590470721,2136.4543811370013,9
965,966,0.0007720043448205568,1,2140.622974176574,2144.416167387438,1
969,973,-0.003314426186044753,4,2148.3405554706446,2143.3683798325214,4
974,977,-0.009105873353255498,3,2148.438356474408,2131.02338724955,3
979,984,-0.008797514296268474,5,2131.361889399109,2114.7425645959975,5
985,987,0.0019831254389786447,2,2118.7212289549234,2125.041640151123,2
988,989,0.0010943345080926376,1,2124.763604288251,2129.213570026251,1
990,995,0.0022480784076957597,5,2132.851891098371,2139.779561272661,5
997,1003,0.0013448726049911063,6,2135.8044770512547,2140.8126664591096,6
1006,1008,-0.003975427654776652,2,2148.182153822156,2141.790393234176,2
1010,1015,-0.007477310435778137,5,2143.228788833792,2129.3464306336186,5
1018,1019,-0.0018101079969241964,1,2140.2905490766716,2138.5566825871233,1
1021,1029,-0.00429556448379759,8,2146.887085897588,2139.81188106658,8
1031,1040,-0.0029872171300953064,9,2149.8496151218924,2145.5773971395934,9
1047,1050,-0.0016661045707402579,3,2139.1361006095335,2137.711212275482,3
1054,1058,-0.0006912812778739463,4,2143.8228514071197,2144.484689658271,4
1059,1060,3.388894496526504e-05,1,2141.042952955817,2143.2565535955737,1
1061,1063,-0.0018445230259381792,2,2143.9210313898925,2142.1104407130906,2
1068,1070,0.0022324626366909484,2,2143.8373916435476,2150.7672659111763,2
1073,1075,-0.002322537768085737,2,2154.6912243835577,2151.8415638607476,2
1077,1082,0.0032163146260709716,5,2153.952760902916,2163.034503432577,5
1084,1086,-0.0013542792533295007,2,2188.3006899108564,2187.5254203763743,2
1087,1088,-0.003886260656474316,1,2189.0052285978954,2182.6871889297768,1
1089,1093,-0.0065437757512223456,4,2183.2711514119405,2171.1675857443997,4
1094,1095,-0.008524014361947142,1,2163.273934295759,2146.9974301452917,1
1096,1101,-0.002593030195457621,5,2149.544124147887,2146.119835451651,5
1102,1104,-0.00012794325169906572,2,2150.2042391914183,2152.0793393084305,2
1107,1108,-0.0001587359771465205,1,2158.0269540623713,2159.842424499172,1
1110,1112,-0.00511794401223379,2,2155.7422822671624,2146.865056243981,2
1114,1116,-0.006739655937956612,2,2142.425523852358,2130.128738472749,2
1119,1120,-0.0032099470257096994,1,2126.6530386313666,2121.9532480739267,1
1130,1133,-0.0013290551517374386,3,2137.2476834526783,2136.5444110918993,3
1135,1147,0.00558467230872692,12,2138.231162517414,2152.3107140428992,12
1153,1155,-0.0011423597891810297,2,2157.522821362226,2157.2156768682235,2
1156,1158,-0.0007138454166968077,2,2158.132306192804,2158.749865643596,2
1159,1161,-0.0040089998309765906,2,2166.5011781371054,2159.9821764582803,2
1164,1167,-0.004628610576058152,3,2172.4141700832106,2164.531325050068,3
1169,1175,0.0007196105048285289,6,2165.345614105435,2169.069165170035,6
1177,1182,-0.009451369106841242,5,2181.9225277704645,2163.4822951257443,5
1185,1187,0.00805452683472746,2,2193.620895221901,2213.4830944829064,2
1188,1191,-0.000697135150567641,3,2210.834198174097,2211.5037821406468,3
1192,1193,-0.0009689343964791111,1,2216.243959391811,2216.312808347959,1
1199,1210,0.007578811691293686,11,2231.6956560856333,2250.84095287147,11
1211,1212,-0.0011459160398467536,1,2258.371084852795,2258.0415522875887,1
1215,1217,0.0022042251618999372,2,2275.2302572418566,2282.520607281227,2
1218,1227,-0.003635813943298107,9,2285.6505371306694,2279.6259875753935,9
1229,1234,0.005066345720500145,5,2279.432121618076,2293.2599449142244,5
1235,1237,-0.005078327501734802,2,2300.444618950113,2291.062652394431,2
1238,1242,-0.003408595249993088,4,2285.9005513863513,2280.3947421763255,4
1243,1245,0.0015377432555825064,2,2287.7165605242617,2293.5221977964165,2
1248,1256,-0.0065948164274960116,8,2300.3665480166055,2287.4964194645,8
1259,1265,0.019870086748486906,6,2305.728456033434,2353.8492089293068,6
1266,1268,0.0021927768375352374,2,2363.041722699705,2370.58638757807,2
1272,1274,-0.002156468316716873,2,2388.6394044454964,2385.8770186541938,2
1277,1284,-0.021300296599238808,7,2390.4410509576037,2341.914388620168,7
1287,1288,-0.0005619066194382735,1,2348.15216488892,2349.1808748089097,1
1289,1290,0.0026715011631609216,1,2351.1458643703854,2359.7780991461823,1
1293,1296,-0.0012334478390786286,3,2378.715030706148,2378.1597248224457,3
1303,1307,-0.007320108720019363,4,2347.88448601489,2333.0456008012293,4
1313,1320,-0.016436090490486666,7,2371.4227237216,2334.817227967037,7
1323,1324,-0.0009923473599116404,1,2341.684738158503,2341.7026582290046,1
1327,1328,0.0008258043306678092,1,2336.8743156752507,2341.140990921037,1
1332,1335,0.011802908805793495,3,2388.2755498904226,2418.852423958776,3
1338,1340,0.0016987354352961288,2,2430.928871723868,2437.4893056106735,2
1344,1351,-0.010019717945401185,7,2435.5514352328714,2413.583448245554,7
1352,1353,-0.002534562915723254,1,2417.7879759610582,2414.077728195067,1
1358,1360,0.0005796924649412935,2,2465.8868213707633,2469.7821642018807,2
1365,1369,0.002861892367813409,4,2457.7198206410226,2467.21127005858,4
1371,1377,-0.004475615274093908,6,2465.5799497705775,2457.010542437655,6
1378,1379,-0.00403355188808288,1,2450.4798688405212,2443.046211007691,1
1385,1390,-0.00363165484920551,5,2434.4474769157373,2428.040851407976,5
1392,1397,0.00814651389448506,5,2431.455617982204,2453.694960575902,5
1398,1400,-0.0027687302732574814,2,2465.697614234846,2461.33646021985,2
1406,1407,-0.00021417662710927906,1,2458.0648202626808,2459.9964250505236,1
1408,1409,-0.0040806268676944635,1,2472.1048165803772,2464.489184062663,1
1412,1414,-0.0016896529160662782,2,2449.7699354857673,2448.080444506068,2
1416,1417,-0.001784869498528312,1,2456.9638214701604,2455.035425507701,1
1422,1423,3.567737585613638e-05,1,2476.0817372894467,2478.646159125528,1
1426,1427,-0.0007168175871908514,1,2491.4617218381304,2492.167259979942,1
1430,1431,0.0015225502798735615,1,2498.620716078542,2504.923612465184,1
1432,1433,0.0016338789923105146,1,2517.8150657590736,2524.4466859672993,1
1435,1436,-0.004076273425657533,1,2530.867354610481,2523.0817146236286,1
1438,1441,0.0034250043926931633,3,2515.097265683417,2526.2265821321166,3
1450,1451,-0.0025318347477692616,1,2496.4251649048074,2492.6010540920006,1
1453,1454,-0.0033786459772453454,1,2503.5723498235316,2497.617237524881,1
1455,1456,-0.005596035474714651,1,2495.8571708739373,2484.3861227767798,1
1458,1462,-0.010046511000114385,4,2450.015777538284,2427.85168285633,4
1465,1466,0.0011334439965179004,1,2406.242130729996,2411.3757135579704,1
1468,1470,0.002597442719750754,2,2415.532672068717,2424.222412494171,2
1474,1475,-0.007088503815287586,1,2433.895008800845,2419.0762297537517,1
1476,1478,-0.011467225204101282,2,2404.536820521943,2379.367992109986,2
1479,1491,-0.003479078554791268,12,2389.1835472044986,2383.260573509164,12
1498,1502,0.00020069750914704365,4,2410.682114470334,2413.576614480524,4
1504,1505,-0.00048196781430220024,1,2415.03369506129,2416.2847602448765,1
1506,1509,0.0025339374447426507,3,2419.988098709994,2428.540185267857,3
1513,1518,-0.001176822141509744,5,2422.909977438603,2422.481553307707,5
1519,1524,0.007432825363307535,5,2428.8662004348507,2449.348404933958,5
1525,1526,-0.0012415082285276236,1,2448.910403516371,2448.318971502995,1
1530,1531,-0.0023148520638330405,1,2431.524133941693,2428.32703941592,1
1532,1543,0.019828966119250356,11,2427.063877808066,2477.6171090881867,11
1545,1548,-0.0032670271693735686,3,2486.943374008525,2481.305405810954,3
1558,1559,-0.0033763040782249405,1,2479.070841696135,2473.179815544804,1
1562,1572,-0.007121410728661939,10,2471.2544250687224,2456.1268617178534,10
1573,1574,-0.004514931966954837,1,2448.532329591467,2439.9259050340634,1
1575,1578,-0.008933032300128516,3,2440.4245304348497,2421.064563808884,3
1590,1591,-0.0017588884071695484,1,2406.391344563679,2404.5651620691765,1
1604,1607,-0.006159049664122939,3,2356.5721195666997,2344.4144469647676,3
1617,1620,0.00045071791346341624,3,2386.741606732696,2390.2040955363914,3
1621,1624,-0.004519516327888426,3,2389.7309513586624,2381.3202542560953,3
1625,1626,-0.0070233789874337175,1,2385.253346076107,2370.886061191646,1
1627,1628,-0.006797734837593288,1,2375.8501885210126,2362.0756391141217,1
1629,1631,-0.013110750322362596,2,2352.370523720026,2323.8815516415675,2
1632,1633,-0.014935801446368711,1,2318.515566806388,2286.205194217059,1
1635,1636,-0.004185832258127527,1,2287.1178845042227,2279.831510569629,1
1637,1638,2.4249808794068886e-05,1,2289.74344721578,2292.0887165037784,1
1639,1642,-0.009939424085904109,3,2284.9385587402367,2264.512523953423,3
1643,1646,-0.05237216894851187,3,2238.1021076261445,2123.1259480291537,3
1652,1653,0.0008502854843353265,1,2173.088938272382,2177.109773191037,1
1655,1659,0.005710671460977451,4,2180.1597850608714,2194.79012111085,4
1660,1663,-0.007136717565329032,3,2215.442415861792,2201.846871473398,3
1665,1666,-0.012040663496027771,1,2188.331083093665,2164.1704559873297,1
1668,1669,-0.007870411844042061,1,2131.6808098991264,2117.0352848150783,1
1670,1674,0.0009662630697986636,4,2116.8993759475466,2121.061757012952,4
1675,1676,-0.009632098138413231,1,2123.9661387464876,2105.6318545941613,1
1678,1680,0.00024234395091514644,2,2072.613922722248,2075.1888220917244,2
1682,1685,0.007254093023844394,3,2096.518040319061,2113.8228952500226,3
1686,1688,0.007160547174913407,2,2112.6935215371836,2129.9342566858218,2
1694,1695,0.0010593991072299137,1,2139.6464161475583,2144.0528020667603,1
1696,1701,-0.0028347828440344895,5,2160.0357191505714,2156.072522670572,5
1704,1706,0.0034203560930263933,2,2150.1213488908556,2159.6256508961715,2
1708,1710,0.0018959020461608673,2,2180.080175775239,2186.393474417061,2
1712,1714,0.008093793658304513,2,2195.1208562111433,2215.082832332568,2
1721,1722,0.002814988051765334,1,2229.4645593732084,2237.9699400290515,1
1723,1724,-0.00425627312989596,1,2242.072154133286,2234.771354822494,1
1728,1729,0.004659199416445043,1,2218.6893715128604,2231.2453771093988,1
1736,1740,0.0027346551707585526,4,2243.227130776758,2251.604810579899,4
1742,1751,-0.010912485602913136,9,2265.8501062607324,2243.3898997040637,9
1752,1753,-0.0004215568656058354,1,2247.1237615304494,2248.4235948424407,1
1755,1758,0.0024686473523281697,3,2258.1358326720733,2265.9685095492687,3
1759,1770,-0.022654924770157455,11,2264.8410481018223,2215.7960855888127,11
1771,1773,0.0030094643423894344,2,2221.882981887746,2230.791542476587,2
1774,1776,0.0002219178734015263,2,2238.0155904313056,2240.750261682205,2
1780,1781,-0.004250240787107801,1,2213.127802910324,2205.9346046582227,1
1785,1790,-0.025242742257690097,5,2164.490700063328,2112.0175099025255,5
1792,1794,-0.00347787289783696,2,2125.7502498060703,2120.4829108745057,2
1795,1798,0.007006500055781577,3,2118.4050364051704,2135.3660464473164,3
1800,1801,0.00022853474662979886,1,2158.174967666093,2160.8263606031774,1
1802,1805,-0.0015039605678522634,3,2169.70995010367,2168.616501845141,3
1808,1809,0.0024714107601406347,1,2185.3799521328965,2192.9663036137263,1
1810,1812,-0.00035812605229350075,2,2199.8407192880873,2201.252739734902,2
1814,1815,-0.00416659570108737,1,2206.3713990617493,2199.3847128744783,1
1816,1819,-0.006565529813003669,3,2196.825536558272,2184.599038540589,3
1820,1821,-0.008967622423714215,1,2182.58615026857,2165.196127916002,1
1823,1824,-0.010751499415218028,1,2158.842021374136,2137.790074665158,1
1831,1832,0.0036635896250025238,1,2112.5132180125743,2122.3651127387784,1
1835,1836,-0.004290922248755526,1,2126.3984973768274,2119.4006852520897,1
1837,1838,-0.005355002080149347,1,2115.9757171709616,2106.7606385211366,1
1839,1842,-0.00887337554846927,3,2099.854433974,2083.3214914182045,3
1846,1847,0.0008908262272757923,1,2125.15377358766,2129.1720700797537,1
1853,1854,0.002208775843251908,1,2147.281926954488,2154.172073330351,1
1855,1858,0.007246586108217265,3,2166.7557599080383,2184.6240978575956,3
1859,1860,0.000650690971959069,1,2180.6482817388974,2184.247858170582,1
1864,1866,0.0038941350144913863,2,2177.093794578825,2187.748785548705,2
1867,1868,0.0031379677788753012,1,2201.1680541962032,2210.2764166803568,1
1869,1875,-0.02323552409409846,6,2214.2613738466275,2165.0261117178293,6
1877,1878,0.006065286244097771,1,2185.399941205678,2200.8404173481304,1
1882,1883,-0.0008585433461340765,1,2257.7022583855237,2258.0216253924204,1
1888,1889,0.00024263378694893995,1,2285.3288775063465,2288.168704383826,1
1890,1891,0.0018422614064795401,1,2295.639274719123,2302.164081632856,1
1894,1895,-0.0028355916914721583,1,2320.337168050289,2316.077976423202,1
1898,1902,0.004861391223599389,4,2321.572967501114,2335.1806149177705,4
1903,1906,-0.006290608297443638,3,2327.4549582781383,2315.1413057639456,3
1910,1912,-0.0057649295205842626,2,2340.944103230688,2329.7896695671666,2
1913,1916,0.0010477603260370815,3,2308.001423105359,2312.7276568520315,3
1919,1920,2.7904018164257895e-05,1,2316.00253516549,2318.383163477465,1
1922,1931,-0.005393089171042712,9,2319.0976517430995,2308.9096489626363,9
1933,1934,0.000414817250500918,1,2308.068986129612,2311.334481946534,1
1935,1938,-0.010269028044153354,3,2321.2077637321954,2299.692423873855,3
1939,1945,-0.0038876232620439926,6,2300.528072994162,2293.8850146155987,6
1947,1949,-0.005856449275753057,2,2302.8429024073107,2291.6592626617416,2
1950,1951,-0.003316588570926068,1,2288.9562462726067,2283.6536763931417,1
1954,1955,-0.006174530722051568,1,2267.2286240892645,2255.49677992,1
1956,1957,0.007463430345705052,1,2258.145083138078,2277.2567367597135,1
1958,1961,0.02570132089369145,3,2300.663433741696,2362.094186354415,3
1962,1963,0.00019974224226542965,1,2369.85974962888,2372.702970478754,1
1971,1972,-3.5882403683567036e-05,1,2429.5112747323674,2431.853609302786,1
1976,1978,-0.005777044876008572,2,2440.1290200087506,2428.472414176918,2
1979,1980,-0.0037561280061907455,1,2427.515823480641,2420.8252791340747,1
1981,1988,0.002998821487422065,7,2419.980208080353,2429.6572769355607,7
1989,1990,-0.0057436504757648055,1,2430.18937061963,2418.6614016554918,1
1991,1992,-0.002321244236373721,1,2407.471231847725,2404.2903743584106,1
1993,1996,-0.007794145349933835,3,2400.6650611256437,2384.3545937638482,3
1998,2000,-0.004498676458036493,2,2379.6986669613107,2371.3728712579923,2
672,673,0.00014016460795022133,1,1973.915067566613,1976.1656556657522,1
675,677,-0.0010999755466521543,2,1988.3903390282235,1988.1915486171213,2
678,683,-0.0022537671095963227,5,1991.990703664052,1989.4932112371764,5
684,695,0.008250948660933288,11,1995.1002500700354,2013.5568200568484,11
696,701,0.0012242086106224203,5,2015.3013171744742,2019.7837677171324,5
703,707,-0.004509150956513318,4,2023.341138318048,2016.2409288271665,4
713,715,0.00023905509374039713,2,1995.5233076195611,1997.9958709385448,2
718,724,0.010099282323616399,6,2005.1028742175563,2027.3580771063916,6
725,728,0.0027500977695491284,3,2030.4937721496162,2038.108322315638,3
730,734,0.0013222490797494394,4,2044.9098032803884,2049.658593189227,4
737,740,-0.003032670840766078,3,2069.7439218023683,2065.536813684668,3
744,746,0.0004900350919299699,2,2063.4039369739025,2066.47848124882,2
747,751,-0.0043926811331221165,4,2065.4238204417106,2058.416496014197,4
752,755,-0.0036557162415424204,3,2062.7100961248093,2057.232123420937,3
771,774,-0.008141690138393816,3,2094.409309777813,2079.4516874644128,3
775,776,0.00032698580982021795,1,2082.7392587157865,2085.503024157658,1
781,783,-0.0024832417356998315,2,2080.242191522819,2077.156689483989,2
785,788,-0.004295161279021914,3,2079.9048129645316,2073.0511911607996,3
789,792,-0.0038230880047967516,3,2080.9881695344084,2075.113356794872,3
793,795,-0.004543371198966074,2,2078.9669786327295,2071.6004269170407,2
796,801,-0.0007506848632699973,5,2070.5848102847276,2071.101038419815,5
806,807,0.0013064864281280737,1,2074.3848614482836,2079.1694019779284,1
808,812,-0.004730169835368664,4,2093.2203232248994,2085.4122559164252,4
814,816,-0.001108974775071599,2,2084.067660750604,2083.8405499460396,2
817,821,-0.003381243671859133,4,2083.170595588078,2078.210058789931,4
822,825,-0.005863954013985175,3,2077.591582414169,2067.4862724974637,3
828,831,-0.004280748860952052,3,2066.443717463644,2059.6642345913538,3
833,834,0.00033780136843980795,1,2064.2977232383855,2067.059343557401,1
835,836,-0.000705316939499046,1,2066.621367961673,2067.2303662712807,1
840,841,-0.00044624885914895955,1,2075.982951984963,2077.132529913012,1
842,846,-0.0005379585836166019,4,2078.0331784932855,2078.9933158863682,4
847,849,-0.004278162179904459,2,2080.6184839710336,2073.7978791460696,2
851,858,-0.004810862770009666,7,2074.668323292508,2066.762047019154,7
863,864,-0.0008117811309644495,1,2067.4502726449746,2067.839405797079,1
867,870,0.007065405681852647,3,2063.7076760836876,2080.352315700056,3
874,880,0.029091133207648424,6,2099.066416551696,2162.2297037038543,6
881,885,0.0015411324696600576,4,2169.5147972356904,2175.027821730354,4
887,889,-0.003010326381397973,2,2171.755705101961,2167.389767314043,2
892,894,-0.004272692130971319,2,2168.7775333978243,2161.679792230446,2
895,897,0.0005861968470098184,2,2165.1880338856313,2168.622448318164,2
899,903,-0.0021227464157349283,4,2167.3127606822613,2164.8794180484288,4
905,906,-0.00663971466643011,1,2174.271109508156,2162.0088408430674,1
907,908,-0.003728245978931243,1,2163.955726934105,2158.0519234235117,1
913,918,-0.008781215046255692,5,2161.8503440593477,2145.0285216344,5
920,922,-0.002030743259986249,2,2157.776607257567,2155.55249356308,2
926,927,0.00046167615753570286,1,2152.883362383133,2156.0301806638836,1
928,929,-0.004585880885426639,1,2158.518920183908,2150.7787284471888,1
931,932,-0.001396227513453543,1,2149.4340898029573,2148.5824248782224,1
936,937,-0.002076606469621066,1,2136.099474214681,2133.799735700987,1
938,939,-0.0020598634096422063,1,2135.7876716709557,2133.5240284669867,1
940,944,-0.0052904912766148495,4,2136.5709917719305,2127.4040525698647,4
945,947,-0.00774374052626169,2,2122.7351193365644,2108.4199444857754,2
950,951,-0.0013038776225030631,1,2116.6278477786404,2115.9846519405337,1
956,957,0.0013690522457615178,1,2121.5769745176453,2126.6031012136823,1
965,968,0.0031676852082566237,3,2138.874276197702,2147.7884308809316,3
969,976,-0.008302506889685979,7,2149.989495111489,2134.2891820106847,7
978,982,-0.0036567347069826925,4,2131.9205233425296,2126.256576095637,4
983,984,-0.003255207489938738,1,2121.8944651992056,2117.1091529084288,1
985,987,0.002765817630427933,2,2120.776164174371,2128.76262044361,2
990,992,4.126932498261875e-05,2,2132.576075851699,2134.796661902675,2
995,998,-0.003894938525912506,3,2141.9076028338827,2135.706911995494,3
999,1000,-0.0001511123577293325,1,2146.622020568513,2148.4442614744,1
1002,1004,-0.0019155704427682384,2,2146.0278495143903,2144.0630098460174,2
1005,1006,-0.004545015716726051,1,2148.7330714440795,2141.1157789347612,1
1007,1014,-0.008102018869728281,7,2146.402982895718,2131.1591884091517,7
1015,1017,0.0018792329281913972,2,2131.8734786118657,2138.011638930223,2
1018,1022,0.0038176262242376295,4,2137.5537209435925,2147.851655805327,4
1029,1030,-0.002129950342900956,1,2146.4087083018444,2143.983373045893,1
1031,1038,-0.002017174324648439,7,2146.902359048714,2144.7185850915625,7
1040,1041,-0.00251324778089895,1,2148.3826086590884,2145.131573444013,1
1045,1048,-0.0013387910076138132,3,2138.265822450049,2137.541397217515,3
1050,1054,0.00020842061037923128,4,2139.3741415917784,2141.9594053977903,4
1056,1059,-0.0065381341233464885,3,2149.6624097025633,2137.7572909577143,3
1061,1064,-0.004594287223446167,3,2147.5071644080863,2139.788406844795,3
1068,1070,0.0016532991802906466,2,2144.4665201428847,2150.1564314029406,2
1071,1075,-0.0014570557790620122,4,2152.502292675741,2151.5184790634294,4
1076,1078,-0.004150674134773331,2,2159.4217982018968,2152.6181637962363,2
1081,1082,0.0008427459231788459,1,2159.2148930952953,2163.1937775368137,1
1084,1088,-0.004033190686387843,4,2186.83686953276,2180.2037763074436,4
1090,1095,-0.014845070538882364,5,2179.68276884061,2149.5049071536255,5
1096,1097,-0.004455673991162843,1,2150.94585987705,2143.5128922126737,1
1098,1099,0.0007573283069508753,1,2135.251213621867,2139.003551022016,1
1100,1101,-0.0014682534175006132,1,2143.979256608946,2142.9753309949883,1
1102,1104,-0.004552311946104323,2,2154.1791543200798,2146.5268379761396,2
1108,1110,-0.0032194675477456203,2,2157.636017269565,2152.847214149388,2
1116,1119,-0.0023056931752521376,3,2130.025263499643,2127.244104049977,3
1129,1133,0.002344986285297892,4,2129.347935206295,2136.4705748461874,4
1135,1140,0.00014935071272808111,5,2144.463846460474,2146.928587510823,5
1142,1144,-0.0032879452165910667,2,2146.726704811711,2141.8151117161087,2
1149,1152,0.002645809095303323,3,2144.59172963048,2152.410501664079,3
1156,1157,-0.0004596139178396941,1,2154.5979856378785,2155.762300401968,1
1159,1161,-0.0006367316729846231,2,2164.3541629075503,2165.1404042233785,2
1167,1169,-0.000428941098909797,2,2164.6488531768027,2165.884995172144,2
1170,1171,-0.004028901143384235,1,2168.6586480848255,2162.0899954260312,1
1174,1179,-0.005853447590606265,5,2172.038661067547,2161.496785261285,5
1181,1194,0.023586313374191224,13,2158.4265758660194,2211.494328055444,13
1200,1207,0.00012628604359727832,7,2225.852975354858,2228.3599224960994,7
1210,1212,0.002143918437337526,2,2251.199447206475,2258.2770346546713,2
1214,1218,0.004049616645827125,4,2269.77933596778,2281.240851485037,4
1221,1228,-0.007289518552534946,7,2293.0413037727512,2278.6191779509436,7
1229,1232,0.005411247266843347,3,2284.337356151669,2298.9828077828447,3
1233,1238,-0.005502333221334976,5,2294.3364169990186,2284.0065499278453,5
1243,1248,0.00435632231698403,5,2283.168660478372,2295.398047727931,5
1249,1251,-0.0012931628584992468,2,2296.5732823239305,2295.9000123357314,2
1253,1254,-0.0010051342851459032,1,2288.189982549783,2288.1782343299446,1
1257,1258,-0.00015746583548285334,1,2290.655434721951,2292.5853901848413,1
1263,1264,-0.004068713475264803,1,2349.246476037631,2342.037311719896,1
1269,1272,0.004526451092165603,3,2373.808887105237,2386.927625821972,3
1273,1275,-0.0024675210987312487,2,2388.6666472957795,2385.1612285930373,2
1276,1279,-0.0022540120112142315,3,2383.0814317365193,2380.09301899742,3
1284,1289,-0.0008861210694706814,5,2349.4820182414674,2349.7495747410026,5
1293,1298,3.51718083974749e-05,5,2377.4771831237836,2379.9382804788615,5
1301,1302,-0.006342538278299609,1,2371.373902888679,2358.7047470403354,1
1305,1308,0.00443243350742676,3,2328.5279861724184,2341.1775596274824,3
1311,1312,-0.0007150526119655595,1,2357.2113198454035,2357.8830010540387,1
1313,1314,-0.001110294875711279,1,2371.724606969197,2371.46301789845,1
1316,1318,-0.013943574118118564,2,2368.471559584717,2337.8150724065763,2
1319,1323,0.0024752881617545737,4,2331.2347417274245,2339.336454227621,4
1325,1329,0.003518396929147837,4,2335.4045358544568,2345.9568205375795,4
1331,1333,0.008231256056547932,2,2374.029598654971,2395.9448737659786,2
1334,1335,0.003911387584892916,1,2409.769652083629,2421.604964835324,1
1338,1341,0.001932990505607217,3,2429.8329512802384,2436.959628256555,3
1344,1346,-0.006411591185279733,2,2438.380700556614,2425.1851810511257,2
1347,1348,-0.0020526625073761817,1,2421.571144433116,2419.022047280427,1
1349,1352,-0.003457354464967808,3,2423.5464034583683,2417.5908908827732,3
1353,1358,0.018060716442154606,5,2413.3291633534204,2459.328946217682,5
1360,1365,-0.0061189346615764355,5,2469.010999977232,2456.372293989635,5
1366,1367,-8.503017604109776e-06,1,2462.499221911933,2464.940782459611,1
1368,1370,-0.0018603585054986194,2,2470.6529217210887,2468.527274465751,2
1373,1377,-0.008262559643690789,4,2473.056376542288,2455.09565710544,4
1379,1381,0.0025370005465107245,2,2440.9280664942603,2449.561630399444,2
1383,1385,-0.007320626111642698,2,2449.008676031492,2433.529407846128,2
1387,1388,-0.002903232309336443,1,2422.251233845344,2417.6411270357594,1
1393,1394,-0.0019893007422522235,1,2439.4173609406585,2437.004043534817,1
1398,1399,-0.0032851575793419064,1,2465.5750294722448,2459.94080200621,1
1401,1402,-0.001763414240886527,1,2464.125527769047,2462.244379249816,1
1404,1405,-0.0032880781201209373,1,2464.1991312725154,2458.5608511566297,1
1408,1409,-0.005748189320019858,1,2474.176138199736,2462.4282814844883,1
1411,1414,-0.003513093872749154,3,2453.0779282392696,2446.9131131284353,3
1415,1417,-0.003630720505070949,2,2461.357541482072,2454.882397727384,2
1419,1425,0.006030509955332934,6,2468.472739979892,2485.8273621527887,6
1426,1427,-0.0027048546831738426,1,2495.3474259238524,2491.0932211786203,1
1428,1430,0.0005047278128575538,2,2494.4536992589105,2498.207173118071,2
1433,1436,0.0022060792293026868,3,2523.3516384145914,2531.4417036907394,3
1438,1440,0.0014224528844309042,2,2512.1652889996294,2518.2508910501338,2
1442,1443,-0.0028168650142305044,1,2533.189303535108,2528.5868405150923,1
1444,1447,-0.007817708303703437,3,2523.532520909143,2506.327812286675,3
1450,1452,-0.0038715113711300804,2,2499.8728032541576,2492.6943900732344,2
1453,1454,-0.0025963212952512396,1,2499.154151382251,2495.164698390284,1
1461,1463,-0.009483021231764685,2,2440.424808265755,2419.7226328027114,2
1466,1467,-0.0013355746549413476,1,2414.0420444386864,2413.23195311261,1
1479,1481,-0.0031822154042834127,2,2387.9215863600452,2382.7106270900695,2
1483,1484,8.952748766537103e-05,1,2364.573204999016,2367.1494725024595,1
1485,1487,0.0018270302669856557,2,2370.807461879769,2377.5098063316987,2
1492,1493,-0.0023653555653856415,1,2390.968586088299,2387.7040638226213,1
1498,1500,-0.0012390892868234327,2,2406.4631759230106,2405.8878163585123,2
1511,1513,-0.005468443926805477,2,2429.156300359967,2418.3017516423624,2
1514,1516,-0.00365450594473103,2,2425.982606874774,2419.5428216230107,2
1518,1520,0.0031616988017332363,2,2426.646552704506,2436.7455247551266,2
1523,1526,-0.0016053126865058103,3,2453.1817614476277,2451.6968194051187,3
1527,1528,-0.002575233026142337,1,2441.5681033326596,2437.7220646207143,1
1533,1535,0.0005724138051999292,2,2430.505115441517,2434.326875238646,2
1536,1537,-0.0008342294671632282,1,2452.971641322728,2453.3782717387435,1
1538,1539,0.0006093449773405656,1,2453.7803508419192,2457.7293299250437,1
1546,1547,-0.005011977790219583,1,2488.2965227630107,2478.313532378205,1
1551,1560,-0.003912984856397821,9,2483.6154249646056,2476.3806908425677,9
1561,1562,-0.002072401621667272,1,2469.2841526388897,2466.6360883092425,1
1568,1573,-0.011069396129393741,5,2466.234628232528,2441.4011348128265,5
1575,1577,-0.00485187349906842,2,2439.276125400813,2429.880342336471,2
1580,1581,-0.005808683099873927,1,2420.931238000508,2409.289746870378,1
1582,1585,-0.003077948856230748,3,2407.908128950217,2402.904619007756,3
1587,1589,-0.003473689950502486,2,2410.359538132851,2404.397055966274,2
1596,1598,-0.009106119894042294,2,2374.4407760832823,2355.1932744710484,2
1600,1604,-0.0007894829569615951,4,2359.073861930829,2359.570487184552,4
1605,1609,-0.0018629908009983563,4,2358.2662466152924,2356.2310845381585,4
1613,1616,0.0009209017935592884,3,2373.854097657939,2378.414038251778,3
1617,1618,-0.0032789020131278263,1,2384.9121657563173,2379.477184620642,1
1628,1629,-0.008663475083186335,1,2364.9937239035157,2346.869653428489,1
1632,1634,-0.012026661441236194,2,2315.8509329660774,2290.3148287798895,2
1635,1637,-0.0013945085311889058,2,2287.434627072788,2286.5322145978707,2
1642,1646,-0.06515035083925055,4,2265.1642415200845,2119.853160718046,4
1647,1650,0.004187306849894506,3,2145.2949798086647,2156.4232831524705,3
1651,1654,0.00399012140750384,3,2160.5551698049912,2171.336602409928,3
1658,1663,0.00702176028294288,5,2190.0059506039906,2207.5736533579543,5
1664,1665,-0.0062204807277523,1,2197.276174610569,2185.805336687465,1
1669,1670,-0.0009717550775576348,1,2116.19441148921,2116.2541832362353,1
1672,1674,-0.006027397668290867,2,2132.894641651511,2122.171732103362,2
1677,1679,-0.018008632034816563,2,2099.2664260523957,2063.560775868626,2
1681,1683,0.007527244592288961,2,2087.417808629597,2105.2177308500814,2
1685,1688,0.005962349045974042,3,2114.761056928653,2129.4847615558233,3
1689,1697,0.00898537312045333,8,2139.708842485579,2161.074633646931,8
1700,1701,-0.002280293170784965,1,2160.4905831319093,2157.7245217927803,1
1702,1704,-0.002109861006374074,2,2151.5379868908635,2149.150078775481,2
1709,1710,-0.0024510141887551977,1,2186.7836804319963,2183.610626283951,1
1713,1716,0.004714115501308839,3,2206.2308894703347,2218.8375475953235,3
1717,1720,-0.0005681475970926312,3,2216.3972981759234,2217.354454674938,3
1721,1725,0.0002142779654749679,4,2232.0320687571125,2234.7423761164378,4
1726,1728,-0.010378418235131318,2,2236.914318424021,2215.935600389687,2
1730,1732,0.0062685412038839,2,2246.199684783946,2262.526279744949,2
1734,1737,-0.00544300284928554,3,2256.017386367197,2245.99389469153,3
1743,1750,-0.008837245702111588,7,2265.3788003659524,2247.6244700991297,7
1755,1759,0.0017539189608326762,4,2255.3177277107593,2261.528689963804,4
1760,1766,-0.011973979163695973,6,2261.6075459913027,2236.7887119051366,6
1767,1769,-0.007892062549932041,2,2230.008971736568,2214.63961041645,2
1771,1772,0.002320684226009098,1,2219.838212040977,2227.2095937759937,1
1773,1775,0.0031182622226993174,2,2230.553616093387,2239.73962078625,2
1779,1782,-0.00305616159241622,3,2223.310332759044,2218.7388474448026,3
1783,1786,-0.02827781510646557,3,2207.0935727689925,2146.8888823683315,3
1788,1789,-0.00536716795628507,1,2141.6732396481384,2132.320192903114,1
1790,1791,-0.0048190909415032936,1,2114.8407772130568,2106.7640079580806,1
1798,1799,0.0032049254958104022,1,2138.015998595154,2147.0061965780974,1
1802,1803,-0.0004788356729745214,1,2168.3207694220573,2169.4508208566285,1
1804,1805,0.0013072529309291585,1,2169.58951533002,2174.595307098178,1
1806,1808,0.0023319452740197108,2,2177.2531026262195,2184.5075908118597,2
1817,1822,-0.014163588818516922,5,2189.8461765859906,2161.0199419416113,5
1823,1824,-0.009163834979116742,1,2155.42362138951,2137.827098634396,1
1827,1831,0.0025361091145857583,4,2099.71849839166,2107.143332111887,4
1834,1835,-0.007416873429001058,1,2134.171824642312,2120.477114167842,1
1836,1837,-0.0038040576236468625,1,2119.9968439431664,2114.0522506308002,1
1841,1842,0.0007887850390534451,1,2082.0353410682915,2085.759654737175,1
1844,1847,0.01939138538420949,3,2084.655394011284,2127.164405543839,3
1855,1857,0.0038039977109207146,2,2165.650381494844,2176.0541609702,2
1858,1860,-0.0038424864872945042,2,2185.012639372564,2178.80177047058,2
1862,1863,-0.0038344367879137482,1,2180.8475406805373,2174.666066182401,1
1864,1867,0.006449026963671035,3,2177.8625678920807,2194.0855248834787,3
1868,1869,0.0005826301260060851,1,2209.054213750262,2212.550329498924,1
1871,1877,-0.00935215089177294,6,2203.7135936197765,2185.307845163613,6
1884,1887,0.008805434274746463,3,2265.095185414976,2287.3054273816074,3
1888,1889,5.460820791444113e-05,1,2287.0596975638464,2289.4716494928875,1
1897,1899,0.002996594074434652,2,2314.8551251649296,2324.1066614413385,2
1900,1901,0.0004454132720579907,1,2333.8786889926027,2337.252108225046,1
1902,1906,-0.009950739806562355,4,2342.756487072158,2321.787083326239,4
1908,1909,0.003476499913615476,1,2326.393547755772,2336.8076482713363,1
1910,1911,-0.0033869254672653534,1,2345.2150929090385,2339.617239277559,1
1914,1915,0.00021893116193553975,1,2308.776168972276,2311.5904081905705,1
1917,1923,-0.0032872466660512625,6,2318.864131790735,2313.5603175362708,6
1926,1929,0.0025866879386187308,3,2295.8994937597095,2304.1341687822583,3
1930,1931,-0.002439535547012796,1,2311.360468553422,2308.033182996979,1
1933,1934,-0.0006961707447384702,1,2309.257356483595,2309.9589764264224,1
1936,1937,-0.003956424199597566,1,2320.5416371940105,2313.6811317416364,1
1940,1942,-0.0037829220964630096,2,2292.221312378987,2285.842239038784,2
1943,1944,-0.0014372659385610423,1,2291.634708673126,2290.632654871399,1
1949,1953,-0.01265585846290011,4,2297.678081036016,2270.8966705301523,4
1959,1960,0.00702321012850994,1,2331.265965496036,2349.9702022026545,1
1961,1965,0.007449465222631052,4,2361.91814970062,2381.8750949652162,4
1966,1969,0.017726278762100558,3,2384.53243187042,2429.185850906895,3
1970,1974,0.006672118396682506,4,2425.5988704368615,2444.2083521537124,4
1978,1979,-0.004290002191436623,1,2427.3376978090423,2419.351751463894,1
1980,1984,-0.0035893716093364516,4,2420.2675808521058,2414.00060869125,4
1986,1988,0.0015196006597688891,2,2423.174986437253,2429.280419731816,2
1992,1996,-0.010705587703091574,4,2405.1673421883615,2381.8237796081407,4
1999,2000,-0.0036323136005328408,1,2376.850895816802,2370.594278877305,1
677,683,-0.0018040418111544283,6,1993.3717155542981,1991.7689613498198,6
688,690,0.0061515700727530894,2,1998.4458878287508,2012.7379136321633,2
691,694,-0.00125084436369424,3,2016.6859177984484,2016.180043502627,3
701,702,-0.00043540232635261495,1,2025.2166996067522,2026.360132243982,1
706,708,-0.0028099113377148353,2,2019.3076412758992,2015.6528734816197,2
711,713,-0.005936172789865324,2,2000.9798186457754,1991.1026365119064,2
714,716,0.0013820705438704925,2,1995.410371324063,2000.1635795925276,2
717,720,0.002495253664564461,3,1997.7975309137296,2004.7803400547136,3
721,722,0.0022429401178861727,1,2013.1863587392502,2019.7150015467869,1
728,730,0.002951633711104855,2,2036.0348929223562,2044.080557042214,2
738,739,-6.932414302161002e-05,1,2068.8490624475576,2070.77449032171,1
742,743,-0.001365372597005302,1,2062.7358213138987,2061.9821541699293,1
744,748,-0.0005230323230087808,4,2067.5261364326243,2068.512279571037,4
750,755,-0.008319361103934744,5,2063.6482530332455,2048.543666277791,5
761,763,-0.0006105324774402659,2,2069.9795658992907,2070.785755712571,2
764,766,0.0002125989602552343,2,2076.5214769485524,2079.039464732448,2
768,771,0.0002232925046361813,3,2087.919026234033,2090.4731619291124,3
773,774,-0.003389049824826244,1,2088.22563340066,2083.2367583169867,1
778,780,-0.004789019885399757,2,2082.3322805445027,2074.44228212551,2
782,783,-0.005180094534221671,1,2080.987073800428,2072.2883511074488,1
785,786,-0.0005316990726322275,1,2074.77958307053,2075.7512042733656,1
787,789,-0.001975614672079935,2,2077.7390006496394,2075.711927995853,2
794,796,-0.005163823452007895,2,2077.362629905417,2068.712858668692,2
798,799,0.0007223513783017393,1,2073.651940692922,2077.2234979710925,1
804,806,0.0012867847822962534,2,2073.455080961828,2078.1966264877465,2
807,812,-0.00017321622456069807,5,2081.3924090948212,2083.1132705689834,5
816,818,-0.004396641940542536,2,2083.3434977378147,2076.267125836842,2
819,820,-0.001257831584214968,1,2078.5734006854755,2078.0374788126696,1
821,828,-0.0066616427417183705,7,2076.764325845963,2065.0064281742775,7
829,832,-0.0037190931108065017,3,2062.4161808093304,2056.808279180476,3
833,835,0.0010442187912067386,2,2061.6941337756716,2065.9086876656565,2
842,844,-0.0005825948216810715,2,2076.0687741427923,2076.9353359996658,2
846,848,-0.000868014922877542,2,2079.657035504096,2079.931519198315,2
851,857,-0.0031384266207695253,6,2075.002067065608,2070.5648274072432,6
860,861,-0.001755259880798156,1,2065.394694631364,2063.8347848804956,1
863,874,0.01616200611466985,11,2065.21809893975,2100.6613845818806,11
876,878,0.006493536511013354,2,2121.534029295078,2137.431822002958,2
882,889,-0.0036717743533495996,7,2178.841769601257,2173.0203960412296,7
890,892,-0.002697691956933911,2,2170.595838988894,2166.910835891288,2
894,895,0.0007851311347680391,1,2162.0204676082585,2165.8799576589918,1
896,898,-0.0010968416783473185,2,2165.242030576544,2165.032344904275,2
899,904,-0.0007880943878309891,5,2168.607171361304,2169.0667113915056,5
905,909,-0.006636006352411022,4,2172.7021722633053,2160.456809018532,4
912,913,-0.00409715743747289,1,2164.789802876405,2158.0851080378607,1
914,917,-0.007119436353158767,3,2153.519589544612,2140.341263481113,3
919,920,0.0005936079353765856,1,2152.666306456745,2156.0968125649324,1
924,928,0.0003059503991549022,4,2155.1812585721145,2157.995818396998,4
930,933,-0.0015347598396896912,3,2152.023919122614,2150.873103156616,3
937,940,-0.0029451036269463856,3,2138.3966402804167,2134.2372372195573,3
944,946,-0.0065885959137000185,2,2127.0378205882016,2115.150665715777,2
951,952,-0.0010031282671686317,1,2117.5702602313927,2117.5636359058703,1
955,956,0.0017497506809542374,1,2116.6321377846457,2122.4523484468486,1
957,959,0.0008310366361518494,2,2129.6214386061088,2133.520853481331,2
961,965,-0.002227185021608617,4,2140.211194818894,2137.584759697533,4
972,973,-0.0018775328506222188,1,2150.596042245823,2148.708823570334,1
977,978,-0.002017566354812375,1,2136.122149457243,2133.9485034281856,1
981,984,-0.00721820600668587,3,2130.368498569077,2117.1214283748204,3
989,998,0.0005944694618258454,9,2131.525236354261,2134.923888250739,9
999,1004,0.0005974918430916073,5,2139.686731945167,2143.104864046221,5
1010,1016,-0.004591526821236001,6,2140.802017830692,2133.113269964697,6
1017,1021,0.005129906971592226,4,2134.647330588587,2147.7325201422527,4
1022,1024,0.0002793505024583278,2,2150.906361785008,2153.6581249196984,2
1028,1029,-0.002412713818744354,1,2139.7455929203384,2136.7227447526225,1
1033,1034,-0.0003256376655777596,1,2150.004565964867,2151.4544480629897,1
1035,1038,-0.005922463408444434,3,2156.9449405245646,2146.327457980803,3
1042,1043,-0.001659529560737848,1,2145.348874531987,2143.9339535311374,1
1044,1046,-0.004210656726357672,2,2141.8972952946974,2135.020398336392,2
1050,1057,0.001911690448220003,7,2137.9796118460754,2144.2047466603767,7
1058,1062,0.0010938823703141917,4,2140.622724784056,2145.1049369689754,4
1065,1066,-0.0016906911008923431,1,2141.147258321724,2139.6683869647013,1
1068,1073,0.005963393714380139,5,2144.751589449497,2159.6863391863762,5
1077,1088,0.014431184628090132,11,2150.397517893008,2183.580699015402,11
1090,1091,-0.002840569119881427,1,2184.6123686362575,2180.5914385716346,1
1097,1100,-0.0016947811879445662,3,2144.4022294017345,2142.91233907336,3
1101,1104,0.0024370815790823778,3,2143.0126003314713,2150.378309463812,3
1108,1111,-0.004622478645744889,3,2158.197750585541,2150.3797253207504,3
1114,1122,-0.005532973203839012,8,2138.8490620333228,2129.1537165480695,8
1126,1127,-0.0028751587672114576,1,2125.379719286221,2121.394294871948,1
1132,1133,-0.0009444981103025504,1,2140.3308010504766,2140.4495934545125,1
1134,1142,0.00089740919856106,8,2139.589064644029,2143.648740616425,8
1143,1147,-0.0014585495294967242,4,2147.681163447726,2146.696345260718,4
1149,1152,0.0012008133770267802,3,2149.138134173783,2153.867986128551,3
1154,1162,-0.0002406082505252697,8,2164.530844153938,2166.174571018472,8
1164,1165,-0.0026697713582419604,1,2170.3034226496943,2166.6795121558594,1
1166,1167,-0.003398980261342348,1,2169.1743538539777,2163.970547395672,1
1168,1172,-0.0008047941726577638,4,2164.8267302022605,2165.249316995182,4
1175,1179,-0.0073642632948113795,4,2173.6036526207417,2159.7702666768996,4
1183,1187,0.019506312521461032,4,2167.331825543034,2211.775809295328,4
1190,1192,0.0009940099366858692,2,2208.597832874457,2213.0017988993513,2
1193,1197,-0.0026038147979545994,4,2216.089572535319,2212.535375285294,4
1199,1204,-0.004031325127833946,5,2230.5766931291782,2223.815089949735,5
1207,1210,0.007176798064681067,3,2229.9694082687492,2248.203417810579,3
1212,1216,0.007216224119764134,4,2262.54030214474,2281.12984034716,4
1217,1220,0.001220158371394771,3,2282.3753004799732,2287.4425351099985,3
1224,1227,-0.014825708981211726,3,2306.4371789265524,2274.549049707267,3
1228,1229,-0.0030817014228053867,1,2279.3665548018494,2274.6215942016233,1
1233,1246,0.0022711466895529277,13,2290.398822353952,2297.891052879451,13
1249,1250,-0.0012575670938700973,1,2296.9786654837185,2296.3870393641682,1
1251,1252,-0.0025153372931860534,1,2297.0514116518284,2293.5706039833867,1
1253,1255,-0.0012102314570036036,2,2293.3559929568146,2292.8738573849873,2
1256,1257,-0.0019232102145964724,1,2289.8662810293845,2287.752253088678,1
1259,1263,0.01657780211331716,4,2306.302531832817,2346.8422613508164,4
1275,1278,-0.00475072637790451,3,2390.9735547937985,2382.0056672129613,3
1280,1282,-0.006106827683762372,2,2377.326980127228,2365.186380891759,2
1289,1290,-0.0002660316943597223,1,2354.737661511165,2356.4659643228115,1
1291,1295,0.0062853097519661606,4,2366.3827205915936,2383.622551702804,4
1297,1298,-0.0024755945947814917,1,2383.4636308445065,2379.946604793974,1
1299,1302,-0.002447062981629676,3,2366.85144150662,2363.426458402599,3
1307,1308,-0.0006463629847459707,1,2335.5090922222225,2336.3350146866946,1
1313,1315,-0.0023824707761378435,2,2372.7900989543255,2369.509785984612,2
1317,1321,-0.009329273432861288,4,2360.9109175709127,2341.246244987837,4
1324,1329,0.0018605749891287158,5,2342.314863382375,2349.015230697231,5
1331,1332,0.005781444193101919,1,2374.5851442571507,2390.6882608946994,1
1333,1334,0.004785844822272312,1,2398.4184545913613,2412.295331588501,1
1335,1337,-6.701016614079681e-05,2,2421.100789489484,2423.3596519128264,2
1341,1343,-0.0035838562889450986,2,2441.0722921931756,2434.7649121992226,2
1349,1350,-0.001040687887808992,1,2420.793407961767,2420.694910991175,1
1357,1359,0.006513219035668597,2,2451.0177903068825,2469.4328238257785,2
1360,1366,-0.007204500246949587,6,2472.8899428699788,2457.546896608763,6
1369,1372,-0.0017502615307115736,3,2471.65130405153,2469.796919160767,3
1374,1383,-0.007627914718526841,9,2467.1030658438776,2450.7513171216483,9
1387,1392,0.002858891710204879,5,2424.8625850109715,2434.2198671386564,5
1395,1396,-0.0014644197764532752,1,2443.0311629198914,2441.8965709333397,1
1400,1405,-0.004605054255362594,5,2465.3853003764716,2456.497452608241,5
1408,1409,-0.0033003443044819377,1,2471.731779810464,2466.04594568857,1
1410,1412,-0.004129377608870725,2,2458.867510397016,2451.1727854667997,2
1414,1416,0.0015242483148204407,2,2447.401588922636,2453.579438259163,2
1422,1425,0.006187175934388514,3,2473.527493202156,2491.305170474347,3
1427,1430,-0.001165188654026586,3,2495.7832149149585,2495.3709398449446,3
1432,1433,0.0018124718870764257,1,2514.547753484427,2521.6198483498133,1
1441,1443,-0.0018733117943976697,2,2528.14777194773,2525.9399106805076,2
1445,1450,-0.007988580823032259,5,2515.818160695382,2498.23616214331,5
1451,1452,-0.001411981024450419,1,2491.625337232199,2490.5988348732194,1
1453,1459,-0.026491029629425532,6,2501.453838730288,2437.689204810574,6
1460,1464,-0.013220671465875116,4,2442.276938637776,2412.4306745420004,4
1468,1469,0.0015581028356175214,1,2415.6777440755495,2421.8572961626073,1
1470,1471,-0.0017025161768661687,1,2426.711686424978,2425.006882208674,1
1473,1474,-0.004498555655959338,1,2437.8953567380786,2429.3662441491256,1
1477,1480,-0.0008506152765132374,3,2394.2742532635957,2394.631921260871,3
1482,1486,0.0005654216258122746,4,2370.571533254621,2374.282477198313,4
1488,1493,-4.586205535137293e-05,5,2382.9533971163173,2385.2270633728353,5
1494,1496,0.0029227229518849086,2,2371.780167476635,2381.084003976421,2
1497,1503,0.005650984755144638,6,2402.042591260993,2418.018539916678,6
1505,1508,0.0027873083464871142,3,2417.177176449213,2426.3317717445175,3
1522,1523,-0.0006161559052215745,1,2449.6865890145036,2450.6268867457547,1
1524,1525,-0.0019631342286171795,1,2451.5608420075055,2449.1996598470305,1
1528,1529,-0.005001040089466658,1,2438.6861400863886,2428.9288590742763,1
1530,1531,-0.005437742065383042,1,2432.6746941996917,2421.879111377849,1
1537,1538,-0.0020543352159235564,1,2455.5206449236143,2452.931703034244,1
1539,1540,-0.0012920192056920141,1,2463.0930498967614,2462.373779420785,1
1544,1545,0.0010787203791178842,1,2482.3269300975885,2487.4869936748155,1
1546,1551,-0.0048437361217150724,5,2489.4557488376536,2479.886937852435,5
1552,1554,-0.0018339738265787768,2,2478.5434122801175,2476.4763719462367,2
1555,1557,-0.0014558033654377882,2,2475.608483024888,2474.4800923468188,2
1562,1564,-0.006345762055322276,2,2474.0958041336958,2460.869876662726,2
1575,1577,-0.009036495432200909,2,2441.7360716961934,2422.113070909367,2
1578,1579,-0.004979955674453879,1,2428.705790443882,2419.039649051626,1
1581,1585,-0.003079144329694506,4,2408.370459798635,2403.3631100133407,4
1586,1587,-0.0006902327299242992,1,2408.953237602145,2409.699452470297,1
1589,1591,0.0008862245679626527,2,2400.875601580808,2405.404192125132,2
1613,1615,-0.00033180650306010456,2,2374.764302454181,2376.3511045178457,2
1618,1621,0.00018336393867809117,3,2383.0506617415354,2385.8706779586832,3
1623,1626,-0.00897827846940949,3,2387.730677604347,2368.6806973484677,3
1629,1630,-0.007855287594963626,1,2353.6959077296615,2337.5606453710857,1
1632,1633,-0.011645583407845442,1,2318.604747645523,2293.921847414636,1
1636,1637,0.001770566562808175,1,2285.535075660762,2291.8673027195127,1
1640,1645,-0.06047492123604579,5,2283.4410561113677,2147.633579151991,5
1646,1648,0.01191961159217651,2,2118.833596060875,2146.2081031504363,2
1649,1650,-0.004002069045977243,1,2163.3169909288167,2156.8225639537127,1
1653,1654,-0.0018827517674169783,1,2175.2840507903034,2173.3638149498343,1
1656,1658,-0.004120664703394171,2,2192.229780776661,2185.3885666780616,2
1660,1665,-0.013790137061276207,5,2209.415128068355,2181.1564057551036,5
1667,1669,-0.012646368781475549,2,2141.1018542992783,2116.165792505408,2
1670,1673,0.001021509553729402,3,2115.446027343733,2119.7224216984073,3
1677,1678,-0.012861184248605745,1,2096.8083751555646,2071.937744683825,1
1681,1684,0.008262319130891763,3,2089.559888581425,2108.914059112577,3
1687,1691,0.006959904636574677,4,2118.474609315279,2135.3374651804334,4
1693,1694,3.47940077247825e-05,1,2138.1643296707666,2140.376889306641,1
1695,1699,0.003921927915802869,4,2150.928204020737,2161.5149175929946,4
1703,1708,0.012748560750756859,5,2148.4187879389124,2177.956454162958,5
1712,1713,0.002164437278935377,1,2198.958730860954,2205.9171978437307,1
1716,1720,0.0015562153414452095,4,2217.774274790368,2223.4433834154497,4
1721,1723,-0.0003312152621597729,2,2231.818334771348,2233.310940811275,2
1733,1734,-0.006792205354215631,1,2259.804300408948,2246.71504984064,1
1735,1736,-0.0028247584312143643,1,2244.468168258128,2240.372556044507,1
1737,1740,0.00027334508501625525,3,2247.618127374592,2250.480120870078,3
1743,1750,-0.009476965532914067,7,2268.847718265811,2249.614774358641,7
1752,1753,-0.00180452450629883,1,2253.150327245172,2251.337612590528,1
1754,1755,0.002265014004745003,1,2252.400770003395,2259.7548900617544,1
1759,1760,-0.0049267319668441865,1,2263.884096696302,2254.9944306445745,1
1761,1762,-0.0007583967224571772,1,2249.6137547167186,2250.1572687730636,1
1766,1767,-0.005951524607968353,1,2237.028263574662,2225.9515630788514,1
1769,1771,0.0010929225670407404,2,2217.7679752577114,2222.4095919015886,2
1772,1773,-0.0015849259793052997,1,2230.3281129422353,2229.0235360866004,1
1774,1776,-0.002206939859656383,2,2240.2993822185535,2237.5954755965904,2
1777,1782,-0.013185173491340189,5,2241.3879484115255,2214.076247398732,5
1783,1784,-0.011371084648423926,1,2206.1783664748364,2183.297903886604,1
1787,1790,-0.013578138529975341,3,2142.0508138504833,2115.1078019756255,3
1792,1797,0.004281949890383789,5,2120.3179004584626,2131.517313360368,5
1801,1802,-0.0006804343341985294,1,2163.9672933525117,2164.6588230013845,1
1805,1806,0.001988728132254333,1,2165.5791165000637,2172.05144372817,1
1814,1815,-0.002846444265898715,1,2204.0630780738766,2199.993398441688,1
1819,1824,-0.023575467051950065,5,2187.2215535843825,2137.8440054661232,5
1826,1832,0.01195324567255824,6,2097.7335450405308,2124.9060030050073,6
1833,1834,-0.0025690905713977325,1,2133.6542239713517,2130.3063272458953,1
1840,1841,-0.002584404263874325,1,2085.4320702569607,2082.1279027928254,1
1843,1844,0.0028089097417608616,1,2076.299094927666,2084.207530777145,1
1845,1848,0.013821238695238772,3,2100.315332721757,2131.444607603296,3
1850,1851,0.001294515239181606,1,2144.1444300605385,2149.064202130319,1
1853,1854,0.003177625316712041,1,2148.9764686993194,2157.954087199976,1
1858,1862,-0.0041907127340849535,4,2183.437072014638,2176.4703515448878,4
1864,1866,0.005297648937755068,2,2175.0640359516638,2188.761825667224,2
1867,1868,0.002894044767094341,1,2197.2076948599233,2205.763719986312,1
1869,1871,-0.0071893357044141995,2,2216.4973068609693,2202.7786609408768,2
1873,1874,-0.005016318949006756,1,2178.810202558972,2170.059405856145,1
1876,1878,0.011526660975524131,2,2173.0098338330217,2200.230391317928,2
1883,1884,-0.0015524286416240037,1,2263.9450508647988,2262.694382775638,1
1885,1886,0.002557956617009637,1,2271.126569286181,2279.2071390914393,1
1887,1888,-0.0022660531040670966,1,2286.1173504299313,2283.223004462158,1
1889,1894,0.014896929927744752,5,2282.4380036896796,2318.721760698756,5
1899,1901,0.0037868509458241963,2,2325.0594653886765,2336.1891784896698,2
1902,1903,-0.004067773521978983,1,2335.128385709954,2327.9647406778513,1
1904,1906,-0.00621125958832403,2,2330.795248291191,2318.6488692051134,2
1907,1908,-0.0005400971111802882,1,2327.132933515996,2328.2031886747873,1
1912,1914,-0.007072014876326819,2,2320.658068992092,2306.566998674304,2
1915,1916,-0.001354438868686433,1,2317.381345167966,2316.55997514567,1
1920,1921,-0.0004489315498404469,1,2321.2942193237504,2322.5734113315575,1
1922,1926,-0.012363399541511128,4,2320.3953123501055,2294.027733321622,4
1927,1931,0.0006914962151803436,4,2299.441862447228,2303.3313596545845,4
1932,1936,0.008260686030199884,4,2303.054702481545,2324.382568991602,4
1938,1940,-0.00805941346052201,2,2306.533858013695,2290.2510818492833,2
1941,1942,-0.005429460777835177,1,2296.532894658243,2286.360492276346,1
1949,1950,-0.004735398525854039,1,2297.649556757143,2289.066919989903,1
1951,1953,-0.008348727044086481,2,2284.4643968891933,2267.676491594521,2
1955,1956,0.0014066515723290258,1,2258.140520511816,2263.5750779460454,1
1957,1965,0.04574219148423789,8,2277.271512673052,2383.7161737800157,8
1966,1968,0.010082732780526425,2,2384.705318986116,2411.134370796739,2
1969,1977,-0.0005270083824046197,8,2429.070583240386,2430.219513264806,8
1982,1983,-0.0030211592344575973,1,2420.8333484792965,2415.9404588019347,1
1985,1988,0.005236936207216927,3,2414.3398630819747,2429.397946790558,3
1989,1990,-0.009325060235694169,1,2430.126985167574,2409.896031635668,1
1991,1994,-0.00810290402878753,3,2413.628281301772,2396.484511258518,3
674,677,-0.0005236019657893849,3,1984.5618787064404,1985.5073200842255,3
680,681,-0.0022324412562120003,1,1991.6428022422185,1989.1882194850975,1
682,684,0.00014092592175902747,2,1989.5610169944969,1991.8309587317071,2
685,686,0.001028773531310674,1,1991.489090899099,1995.529371254609,1
693,696,-0.0017479752132302606,3,2017.9866681784508,2016.4772641700242,3
699,703,0.0016496560037872984,4,2021.4848548474154,2026.841094329627,4
709,711,-0.006238454004207112,2,2012.7956423960302,2002.25170500347,2
713,714,-0.0030997284980546535,1,1997.929417121531,1993.7343077872993,1
715,717,-0.0007852623610266849,2,1998.8847665508656,1999.3140023462145,2
718,719,0.0011464081288320564,1,1998.7936710109457,2003.0838979942616,1
725,726,-0.0009086443940817439,1,2026.18066387621,2026.3657668384583,1
728,735,0.006437705615269192,7,2043.9371350953431,2059.139337802299,7
737,740,-0.002017337333823,3,2068.2986136411932,2066.1944562440417,3
741,743,-0.005691982908061766,2,2070.937006601091,2061.220205562446,2
745,749,-0.0021272795722045703,4,2068.303962421035,2065.972405615088,4
752,753,-0.002999513945836919,1,2061.3019452349627,2057.1803432488846,1
756,757,-0.002759233096415083,1,2053.1066641350976,2049.494770941081,1
763,765,-0.0015584940462448817,2,2076.128008333255,2074.9685032013585,2
768,770,0.001837372416278783,2,2086.9671744522743,2092.8886775467445,2
774,777,-0.001975916997265849,3,2084.329263884516,2082.2951315279925,3
779,782,-0.0017388159924270948,3,2077.2098646171057,2075.6751887494993,3
785,787,-0.003862106040200167,2,2079.9496470046593,2073.996610556655,2
788,789,0.0011407768016361442,1,2074.6520969656285,2079.0934640462783,1
790,793,-0.0032022382172104407,3,2079.4458266197307,2074.86639154973,3
794,796,-0.003463754424242433,2,2075.098200354949,2069.985667983087,2
798,803,-0.00666128966933699,5,2079.891222503775,2068.11635581247,5
804,807,0.003182691483120616,3,2068.9380458785804,2077.591775422181,3
813,819,-0.004898580170166511,6,2085.2942880064234,2077.16460104624,6
822,827,-0.006703042486684798,5,2080.3636982350095,2068.4992956762185,5
829,831,-0.0036200678562512576,2,2066.4477159555304,2061.0334827183315,2
833,834,-0.0016848025448045773,1,2062.214731340014,2060.802521444059,1
846,848,-0.0030980371235097824,2,2082.902160534301,2078.5321544768613,2
849,855,-0.00116796307420546,6,2076.7960516253347,2076.447226576006,6
858,860,-0.0026790200099340304,2,2068.2105144533366,2064.7379476148135,2
862,875,0.01967850027518395,13,2068.8374155359256,2111.617870602396,13
884,886,-0.0016006258077377019,2,2175.7893010173366,2174.482465810946,2
888,889,-0.003694169258879805,1,2178.2017852014346,2172.333340912108,1
893,898,-0.0036511402155999214,5,2173.818581784935,2168.0554839213464,5
900,902,-0.0012558130735043466,2,2163.9386700151567,2163.3851062131052,2
905,908,-0.005196814579620968,3,2170.4439218640173,2161.3349711684887,3
909,910,-0.0016870438485149701,1,2168.6585846976604,2167.1686211575147,1
911,912,-0.0032525724197585235,1,2164.2661169370886,2159.390950773058,1
913,915,-0.007986012752272096,2,2160.423768891551,2145.331020891763,2
917,918,-0.0002574463086942,1,2146.7877323006874,2148.3818374557572,1
921,922,-0.00394895868203135,1,2159.3974802804382,2153.0295063330086,1
924,928,-0.0014931645965805525,4,2156.210019756813,2155.1466533122766,4
929,931,-0.0038980476943012757,2,2152.409234106074,2146.17144948798,2
933,934,-0.004570916685161918,1,2150.452439786351,2142.773353288471,1
935,936,-0.006377813371235128,1,2144.0609356079503,2132.530576039695,1
940,947,-0.016538447190235138,7,2135.849425844097,2102.6616423343244,7
948,953,0.00790240491809003,5,2104.0831418189478,2122.814541928747,5
954,956,2.6374965139523004e-05,2,2121.1161466702265,2123.293207181322,2
959,963,0.00076100859048831,4,2132.4842281140914,2136.239551158881,4
964,970,0.0022992401561301116,6,2140.892813293848,2147.9561328334376,6
971,981,-0.014177694066119819,10,2151.5747616401823,2123.2219676709033,10
983,989,0.0030650689418096214,6,2120.013699149809,2128.6317009944337,6
996,1000,0.004586340303104541,4,2138.821043859177,2150.7692260576155,4
1002,1003,-0.0021153535441184837,1,2145.5932071100638,2143.200112122277,1
1008,1016,-0.00693293669797059,8,2147.1130388405477,2134.3743530977194,8
1018,1019,-0.0010049503486194375,1,2140.6981824344844,2140.6875852321923,1
1020,1025,0.0023640227589526073,5,2145.0813624053253,2152.297464928262,5
1026,1032,-0.0005107894277103306,6,2145.325104610637,2146.374620332811,6
1033,1034,-0.00011206738100206831,1,2150.276878416634,2152.1861793968574,1
1035,1036,-0.0010630239882402019,1,2151.7548086453035,2151.6191964755476,1
1039,1041,0.0005600278961750841,2,2142.9123573586353,2146.255360415173,2
1045,1046,-0.0038617920871353768,1,2142.639515883948,2136.507727071808,1
1050,1051,-0.0004413697622333109,1,2139.6662840477074,2140.8615663327064,1
1053,1057,-0.003052520840524997,4,2146.2569743422064,2141.851737173247,4
1058,1060,-0.00011410559127174769,2,2140.3753437923306,2142.271490341976,2
1064,1069,0.001741970570918306,5,2141.285643322383,2147.1569855403027,5
1070,1074,0.001238164838839317,4,2148.860562731308,2153.670066886382,4
1075,1077,-0.0013524563137491063,2,2152.7238594477444,2151.9651183317237,2
1079,1087,0.013941410757167226,8,2151.9758297624403,2184.1293845744167,8
1089,1093,-0.010240065618580645,4,2187.688203754595,2167.473821198908,4
1094,1100,-0.0066862003941368904,6,2158.3857646728475,2146.1127506870653,6
1102,1103,-0.0036670503851194626,1,2154.954756745569,2149.2073838316755,1
1104,1110,0.0018422406659335203,6,2146.2368299888644,2152.336951585783,6
1111,1112,-0.005200290365907258,1,2152.022397326434,2142.9832783837273,1
1113,1114,-0.0063308831000922485,1,2149.8005835758145,2138.3402479762617,1
1115,1119,-0.005145404900291232,4,2135.5963147714283,2126.743403343131,4
1122,1125,-0.002681823989646154,3,2128.1813543547196,2124.602127898648,3
1126,1129,0.0004273864219530444,3,2126.6576555135557,2129.6932177751783,3
1132,1137,0.0023955721816758683,5,2136.7876724982534,2144.0432892771364,5
1141,1142,-0.0024947526329030098,1,2145.6280460897765,2142.4208629186533,1
1144,1145,-0.0004783566366511271,1,2142.9288169152433,2144.046661510716,1
1149,1151,-0.0048722214848827975,2,2149.058465224534,2140.736834863222,2
1152,1153,-0.0007925568821517321,1,2155.1424652170704,2155.589534689462,1
1156,1164,0.005545092114565573,8,2153.5723373453466,2167.667666668652,8
1169,1175,-0.0003341022119241862,6,2168.422240201098,2169.866187774462,6
1176,1178,-0.0034620886523185515,2,2176.0403441515523,2170.6827399132294,2
1179,1182,0.0020541976979055188,3,2159.5994484481694,2166.195292112018,3
1183,1189,0.017637630152816927,6,2166.691984451148,2207.0739883124215,6
1190,1191,0.0008102948589357474,1,2206.8254255231946,2210.820430245588,1
1192,1195,-0.0009884524845853299,3,2212.8091312519296,2212.8346836994824,3
1198,1201,-0.002926624177295745,3,2227.332485822187,2223.041253204126,3
1202,1205,-0.0021070217184480516,3,2224.7358015059217,2222.2729706558457,3
1206,1212,0.013370328475703644,6,2226.516932627539,2258.512712306113,6
1213,1216,0.006608622871722933,3,2265.2048288049014,2282.4399180744836,3
1218,1223,0.00711332251522376,5,2284.230269725242,2302.7629666025596,5
1226,1229,-0.006749015498522771,3,2290.038307524991,2276.872841802819,3
1231,1247,-0.001259694939201155,16,2292.990644436865,2292.395166370869,16
1248,1252,-0.0012843959321849337,4,2295.973151496762,2295.3201860720706,4
1254,1255,-9.486393163736593e-05,1,2288.00374191164,2290.074696622993,1
1256,1258,0.002540181742911727,2,2287.664613273713,2295.7633617715296,2
1259,1262,0.01237367415459337,3,2305.5556836568476,2336.389434115345,3
1265,1268,0.007300670629583428,3,2356.5631941213005,2376.1242490135005,3
1272,1274,-0.004102994474559824,2,2388.773474860643,2381.3611239671754,2
1280,1281,-0.0044759220568049395,1,2382.406603483824,2374.1255438224966,1
1283,1289,-8.869560500582329e-05,6,2351.149461567057,2353.2920744046714,6
1290,1292,0.0055309588576803485,2,2358.7485745898202,2374.1534644860785,2
1300,1306,-0.01742121433050192,6,2371.124037741093,2332.1873017131416,6
1309,1314,0.011062476518955897,5,2345.671887806865,2373.9664998747103,5
1317,1319,-0.012040668176558394,2,2360.8036030699072,2334.738753858389,2
1323,1324,-0.0028057199299911396,1,2342.453134940538,2338.2233206297055,1
1325,1328,0.0012696697298101244,3,2338.0886421585674,2343.3953311752875,3
1330,1331,0.0052481745160439415,1,2358.4448692530777,2373.1808443826394,1
1332,1333,0.003987473220144837,1,2386.213411384774,2398.114586871606,1
1334,1335,0.005131655926014729,1,2411.0624119437903,2425.846217069977,1
1337,1338,-0.00018737575342111547,1,2426.0951353256387,2428.0666390571114,1
1339,1341,0.0026595664742113194,2,2428.8041508049428,2437.692521047654,2
1343,1344,-0.0008982232146851598,1,2435.6604544779634,2435.9083481691387,1
1346,1347,-0.004878316980336953,1,2426.861433279623,2417.4492953740096,1
1351,1359,0.01986635899325953,8,2418.8042635928473,2469.2759016914024,8
1362,1363,-0.002867124743330325,1,2462.43506153358,2457.8373881013467,1
1370,1371,-0.00045592662464186595,1,2465.28966203569,2466.6309605033493,1
1375,1378,-0.007951748367168526,3,2465.5624128671147,2448.4224433893137,3
1379,1381,-0.0015841387458166841,2,2444.899348345022,2443.471187906032,2
1382,1384,-0.0018698006900486923,2,2446.6654725112617,2444.537361194953,2
1386,1387,-0.006957478510769306,1,2436.6075809012623,2422.0915435988654,1
1389,1393,0.00179346363032998,4,2431.221253173994,2438.0127813220206,4
1394,1395,0.0005582543614650729,1,2439.8767252978414,2443.678673846474,1
1397,1399,0.0022424487590417858,2,2454.4275133066,2462.385868751279,2
1402,1403,-0.004821820897335665,1,2468.2149401840325,2458.781864746521,1
1404,1408,0.0024213773899458943,4,2460.513785830428,2468.9321320649183,4
1410,1411,-0.004938310962261103,1,2461.089349528283,2451.3968143639318,1
1413,1414,0.00024003074028529792,1,2443.4585246068114,2446.488488289936,1
1415,1416,-0.0002409529980489434,1,2453.5368347516987,2455.3991845302935,1
1417,1419,0.0025352828570384903,2,2459.9401059294464,2468.6366900152802,2
1420,1424,0.005113237452659423,4,2467.2859492825605,2482.369054154135,4
1426,1428,0.00048601815728580955,2,2494.4901099382782,2498.1969675348164,2
1430,1431,0.0008373551267820086,1,2501.2666029926877,2505.862318009145,1
1432,1433,0.000621738210682039,1,2516.2352339561035,2520.3159087820745,1
1435,1439,-0.0053807118383191474,4,2525.7342500003624,2514.6697360709377,4
1442,1446,-0.012408775706018015,4,2531.4082936720506,2502.5280242291924,4
1450,1451,-0.006101682763052956,1,2503.665841081111,2490.892932215223,1
1455,1456,-0.0017900177414785071,1,2488.5369351647164,2486.5709468356117,1
1457,1458,-0.010172037656999353,1,2473.160439701529,2450.4765190167855,1
1459,1468,-0.012085224467226204,9,2438.8059944864854,2411.771282605586,9
1472,1474,-0.0032273213874098356,2,2433.69159531662,2428.2709819760116,2
1475,1477,-0.012817081759951585,2,2418.6406033465114,2390.059329588827,2
1478,1482,-0.005310783522514101,4,2383.4345067368113,2373.1600365381787,4
1483,1491,0.009439335608284718,8,2364.998307916468,2389.6873189658336,8
1492,1495,-0.014557465733353897,3,2397.726218817932,2365.2191277683437,3
1496,1500,0.009522668777508906,4,2381.2537776154236,2406.3109223924625,4
1502,1506,-0.0001390970249514436,4,2417.4422027403266,2419.5233859246737,4
1507,1513,-0.004173986502357988,6,2428.2805223942123,2420.5731927921943,6
1514,1518,0.0010630320066314543,4,2418.9174361171345,2423.907740209243,4
1521,1523,0.0007130686005919816,2,2447.56012884466,2451.7529672494447,2
1526,1527,-0.006309648717978638,1,2452.962422015523,2439.9380532362184,1
1536,1540,0.005706939078365566,4,2450.320994954046,2466.755148589643,4
1541,1544,-0.0022333223281863213,3,2480.2250795681143,2477.1661625985553,3
1546,1549,-0.00682256774868859,3,2488.8859394397773,2474.3942324386308,3
1550,1553,-0.0009835176356979575,3,2479.3653748777724,2479.406240681119,3
1569,1572,-0.005288696440638437,3,2467.709632221093,2457.1263747048574,3
1574,1577,-0.0048521873454536076,3,2438.35225675358,2428.9592670463558,3
1586,1590,-0.003142342915230517,4,2414.5561166977045,2409.3833095076707,4
1591,1599,-0.027998816986035818,8,2413.4719858074436,2348.311097361704,8
1600,1601,-0.0007876499469809869,1,2349.5938379804084,2350.0927743564766,1
1604,1609,-0.0006367224441730117,5,2361.630810066401,2362.4887375348476,5
1615,1617,-0.00018112000627603275,2,2379.086346209668,2381.034532421921,2
1622,1630,-0.024251821267153275,8,2389.090857573139,2333.5401439618586,8
1643,1647,-0.045976074713642893,4,2243.4821274614783,2142.5791076780483,4
1649,1650,-0.002801983939144678,1,2163.9954878241847,2160.096002710744,1
1655,1656,0.0030558556358080465,1,2182.255585509319,2191.1064991245808,1
1659,1664,-0.005955791911277865,5,2197.0043478707053,2186.1164514944853,5
1670,1671,0.0023051434655766657,1,2116.031990800284,2123.0257801076286,1
1677,1684,0.007114688627028462,7,2092.826456086083,2109.809091127629,7
1686,1691,0.008197202890438508,5,2116.135996160392,2135.5985282608394,5
1705,1706,0.00426360088576131,1,2148.8816149056624,2160.192470077276,1
1710,1711,0.0004581216948034339,1,2188.929350333353,2192.121075707466,1
1713,1715,0.0038243024794696098,2,2207.519269323475,2218.169010007949,2
1718,1719,0.00274031157344009,1,2212.2009221583703,2220.475242870294,1
1721,1724,0.0032720596675751452,3,2228.0565776909766,2237.5749683336057,3
1725,1728,-0.008152902749593606,3,2234.44514297008,2218.462374163113,3
1730,1731,0.0010483742201370418,1,2246.237882076539,2250.8390178464797,1
1733,1735,-0.005247964226688921,2,2256.0279476603455,2246.444421644274,2
1738,1742,0.005454232686841313,4,2250.0612256477243,2264.583644357694,4
1746,1747,-0.0018183894159715928,1,2258.56459603654,2256.7162106758556,1
1749,1751,-0.002989759886048299,2,2249.988658916681,2245.511721739105,2
1753,1755,0.0019374644388782253,2,2251.4705046645518,2258.084119207187,2
1760,1763,-0.006741462260975622,3,2257.5545016745336,2244.5928377010737,3
1764,1766,-0.003509865502227995,2,2239.4929911865406,2233.87216498548,2
1767,1768,-0.0044040738897332754,1,2225.7819880600146,2218.205261710221,1
1769,1772,0.0055959130019427065,3,2214.959206490338,2229.5688847192005,3
1775,1776,-0.003383084251457017,1,2246.6252710744466,2241.2713737720237,1
1778,1779,-0.004025491146498949,1,2232.121296800155,2225.3680335787744,1
1783,1785,-0.021913753836563705,2,2209.8256556581337,2163.6099058739765,2
1787,1789,-0.005589921596128636,2,2144.4022809609555,2134.5596426207853,2
1793,1794,-0.0034729763835391,1,2127.6166759473845,2122.3551301545426,1
1799,1802,0.007285463270906663,3,2148.113825762241,2165.911943967321,3
1804,1807,0.004574493991775987,3,2172.1442891119327,2184.2528944008577,3
1811,1812,0.0007406776675220996,1,2200.996229118575,2204.827454100902,1
1815,1820,-0.01262606247260635,5,2200.36705474993,2174.7854499087425,5
1823,1825,-0.017918342300969812,2,2151.626172271266,2115.2242241850554,2
1832,1836,-0.003739656938282954,4,2124.053941389209,2118.2347622713946,4
1837,1842,-0.01688623013983939,5,2114.8239497501045,2081.22736977913,5
1845,1847,0.011275487149028745,2,2099.7598347966805,2125.535409664774,2
1848,1852,0.008868388083674725,4,2130.5073959194533,2151.5320697175257,4
1853,1854,-0.0001533177287275833,1,2150.2910437170594,2152.1116570218505,1
1857,1859,-0.0009039663439101779,2,2182.355177710281,2182.5647572568832,2
1860,1861,0.0018266319480179948,1,2181.1771616775377,2187.3425467270226,1
1862,1864,-0.002891662996288312,2,2181.298376081013,2177.1720946591167,2
1865,1867,0.00532011134239081,2,2182.305754347947,2196.0981696985664,2
1869,1874,-0.019688088788103478,5,2213.362031710324,2171.9985255415045,5
1876,1878,0.011825310731351586,2,2167.631298627967,2195.431843583874,2
1882,1885,0.0050135999653779535,3,2260.316542838759,2273.909182322517,3
1886,1887,0.002921548873574504,1,2277.9888542375793,2286.92209886293,1
1889,1892,0.007017047350708767,3,2288.259864575917,2306.6049522609487,3
1893,1898,-0.0014779843653864337,5,2321.0630101401784,2319.9535783102547,5
1902,1905,-0.007503448092225571,3,2335.642238967155,2320.452510904023,3
1909,1910,0.0032171965220487726,1,2334.235329313466,2344.07925842589,1
1912,1916,-0.007706013002124082,4,2327.0987475893835,2311.4931931308224,4
1921,1922,-0.0076312681885064215,1,2331.710394980554,2316.24819801351,1
1923,1924,-0.005344093238035581,1,2317.4098838167874,2307.342839210742,1
1926,1927,0.0017270136297470292,1,2292.763620438928,2299.016018081653,1
1929,1931,-0.0016628298649896916,2,2307.7126232712662,2306.1830024247483,2
1936,1940,-0.016698374978346902,4,2328.852225063084,2292.293029564886,4
1944,1945,-0.002338286019225539,1,2299.5224535170814,2296.4450347666443,1
1946,1949,-0.002695192245474591,3,2299.158498032555,2295.2609823755733,3
1954,1956,-0.004447239418417104,2,2267.561557878667,2259.7447302926603,2
1957,1960,0.028128260659758826,3,2282.3501018290353,2348.8309905119386,3
1964,1965,-9.611209686068731e-05,1,2381.4421846755545,2383.5947414583084,1
1967,1971,0.010948059097358326,4,2396.4108350162965,2425.043293294621,4
1976,1981,-0.010047527827094414,5,2440.20255618716,2418.12475565631,5
1983,1986,-0.0008636405284584435,3,2419.2207804682025,2419.5506641353695,3
1989,1990,-0.003927227426523127,1,2426.0606071638563,2418.958976016159,1
1993,1994,-0.0008212570015599456,1,2397.627296250616,2398.0558553426895,1
674,676,-0.003251457444715899,2,1987.637785796255,1983.1627039060254,2
679,680,-0.005203295814324303,1,1994.3129953420664,1985.9303078762925,1
682,685,0.0020831222647981085,3,1989.1891218178673,1995.3220350882382,3
694,695,0.00030301295481249867,1,2014.0747152740942,2016.6990807200566,1
696,699,-0.00010798644419709005,3,2017.577839288253,2019.3775460707857,3
703,706,-0.007632895735326117,3,2031.0599880206714,2017.5881788879376,3
711,713,-0.0020519100849494517,2,1998.3126232074876,1996.2105780062539,2
714,715,-0.0018347223167964589,1,1999.0453760888613,1997.3767283011512,1
716,725,0.013057490787238103,9,2001.224206851405,2029.3563977024164,9
732,742,0.00618174273700755,10,2049.935865034276,2064.6579770443172,10
743,744,-0.0021202291681007156,1,2063.6133584964837,2061.3016386206136,1
746,749,-0.0044577453698001705,3,2073.000148759588,2065.8322420936192,3
751,755,-0.005019450166598127,4,2063.317454994792,2055.0240533065685,4
759,761,0.0041680122993517565,2,2056.324264128946,2066.95137321742,2
771,772,-0.0013261631857229483,1,2091.1319271588927,2090.4498769077636,1
774,776,-0.004119535436829013,2,2086.1998202052414,2079.691845937805,2
780,787,-0.002265279163366135,7,2077.7429711778173,2075.1140462895555,7
788,790,-0.0009426695969863413,2,2078.757815327283,2078.8769913506035,2
791,793,-0.0010561182686242257,2,2074.8014677977117,2074.6850335316,2
795,797,-0.002215434825550813,2,2073.4631828689057,2070.9430235069494,2
801,803,0.00021322437395119762,2,2067.2808359503633,2069.7889114483405,2
804,806,0.001460873797126902,2,2069.503301125234,2074.5960875720407,2
807,810,0.002302072474498553,3,2083.848265502842,2090.7292835013905,3
812,815,-0.0005703123814463887,3,2087.1382234020975,2088.0350408549034,3
816,821,-0.005264109560350028,5,2084.857190705217,2075.9671312263663,5
823,829,-0.009139139421491652,6,2078.1120120682963,2061.197968668596,6
830,835,-0.0013945986238503994,5,2064.373443640452,2063.558844720478,5
837,845,0.0006379837328311176,8,2073.066680530864,2076.4623300306475,8
847,850,-0.0018677579522577907,3,2077.7154713016944,2075.9125171789433,3
851,852,-0.0006100681076022088,1,2073.760991801385,2074.569617349299,1
853,855,-0.0019279690091697672,2,2076.0738023204317,2074.147270171129,2
856,864,-0.0012785103046038342,8,2072.221458071167,2071.644323041673,8
865,868,0.0007278120873256029,3,2066.3015465079234,2069.8717272960394,3
870,871,0.003672088650613422,1,2080.409041432212,2090.1288969033208,1
879,880,0.00418337802146917,1,2150.65271017443,2161.8003561641613,1
882,886,-0.005275209120292338,4,2175.735912601023,2166.4341865841234,4
887,889,-0.003287277308705337,2,2174.96661392526,2169.991862142037,2
895,896,-0.0006163121886813979,1,2165.765053649544,2166.596031302809,1
898,899,-0.0035495196316324756,1,2168.422549440331,2162.894113580858,1
901,906,-0.002575416947443353,5,2166.569390595259,2163.156140459503,5
908,909,-0.00025347359261402116,1,2160.1057844911047,2161.7183605019745,1
919,924,-8.890263525640507e-05,5,2152.785113148857,2154.746509992306,5
926,928,-0.0009383685890949086,2,2156.0908147552364,2156.223697674189,2
929,931,-0.004253165211573558,2,2156.692879276195,2149.6768010292853,2
936,937,0.0019617344644391422,1,2131.3993280548434,2137.711966902226,1
939,945,-0.008246960057461755,6,2139.4644409361517,2123.9598275883277,6
946,959,0.008218592960747194,13,2117.0025028223536,2136.518287192756,13
961,963,-0.0036740507279113474,2,2139.768092314346,2134.0462438895315,2
965,967,0.0023880350625478546,2,2137.7306687519845,2144.973375212,2
968,969,-5.334014298890037e-05,1,2148.1807328426644,2150.214329308051,1
973,976,-0.0046570656862982614,3,2147.938009768134,2140.0828593763154,3
978,979,-0.002695890567747842,1,2130.2461669872264,2126.6335026056518,1
981,985,-0.0026244696518179546,4,2122.8550830197883,2119.406569362215,4
986,989,0.00017381257933605935,3,2125.494893677742,2127.9898263212554,3
990,991,-0.00010835825410453854,1,2129.203112551837,2131.1015989324787,1
992,996,1.7537497233200772e-05,4,2136.2900764737756,2138.463831731555,4
998,1005,0.0038912664125197467,7,2137.0239173070104,2147.4766706164855,7
1009,1012,-0.002425814994175317,3,2144.7996947114348,2141.7416071472126,3
1016,1017,-0.0017436198864312527,1,2133.4578924308535,2131.871410715178,1
1019,1022,0.0021119892714958556,3,2143.1179537430075,2149.787313822606,3
1023,1025,-0.003113356998684234,2,2150.8424784382614,2146.2969804333866,2
1029,1036,0.0027925025188309483,7,2144.0804997470586,2152.2119304429257,7
1039,1047,-0.006263601419489554,8,2146.5425352497136,2135.2439909141785,8
1048,1054,0.002072138629373677,6,2139.5099181954097,2146.082789263026,6
1055,1057,-0.0028532863919883905,2,2146.6453699567496,2142.667021304184,2
1060,1067,-0.0011712731138021964,7,2138.7589409091674,2138.3926290056856,7
1070,1071,-0.00136209699118278,1,2150.318013865923,2149.539390183016,1
1072,1073,-0.0008259944914548389,1,2157.692389524504,2158.0678398860273,1
1075,1076,-0.0018222709136841689,1,2154.749771916107,2152.9779838523928,1
1078,1081,0.0005381512373067582,3,2154.517175996999,2157.8311492570574,3
1083,1084,0.00013480799311530898,1,2181.6860868424005,2184.1618816522177,1
1085,1092,-0.008858098284157095,7,2190.0587801281786,2172.84908298585,7
1098,1101,0.0008197645356979391,3,2140.809655042661,2144.705424530587,3
1105,1108,0.0020703059273901553,3,2150.76014910686,2157.363640741057,3
1110,1111,-0.003201694869623798,1,2155.764731866509,2151.0183957162426,1
1118,1119,-0.004284814436198592,1,2131.0345462307896,2124.034493189293,1
1121,1125,-0.0021853531517188472,4,2125.8458180009375,2123.3259399605017,4
1131,1145,0.0026534392076771533,14,2134.9465454756746,2142.7464428912103,14
1146,1150,-0.003757393855410913,4,2148.044858646658,2142.121852952279,4
1151,1158,0.0054970048415968,7,2144.464814634774,2158.39741291809,7
1160,1161,-0.002317137811132303,1,2164.0516125608947,2161.201258356749,1
1163,1164,-0.0023724020685814942,1,2170.7612814911768,2167.7821242180617,1
1165,1166,-0.003949974489898651,1,2170.9350426395617,2164.530839644548,1
1167,1169,-0.0019022233989147586,2,2168.022635642564,2166.0665948913106,2
1172,1173,0.00018259081767042404,1,2165.0251397674097,2167.585478617724,1
1179,1184,0.0050363277866162315,5,2163.8475456242327,2176.9092386898856,5
1185,1186,0.004169368374778239,1,2193.8736678854934,2205.2146090425194,1
1190,1193,0.002542206267662406,3,2210.5037835660464,2218.3338439228855,3
1196,1197,-0.0019715056933116244,1,2219.0986573656483,2216.9427903859973,1
1198,1199,0.0010150983712381074,1,2224.2350624986616,2228.7171149503533,1
1200,1201,-0.002426249994652265,1,2226.421711211271,2223.2462772575623,1
1205,1209,0.009662035462277986,4,2224.0090955446185,2247.721559389744,4
1211,1213,0.004051426407154945,2,2254.921763196711,2266.312334537391,2
1218,1223,0.008251545769189864,5,2285.3364397105747,2306.4793343805545,5
1224,1225,-0.0025284087772632254,1,2307.447973006736,2303.9212492717143,1
1234,1235,-0.0014897770147022592,1,2297.682002994734,2296.556651162572,1
1236,1237,-0.0034402550919247973,1,2292.49397593402,2286.89970583604,1
1238,1243,-0.0011216288411566282,5,2286.317423065438,2286.0393409267544,5
1245,1246,-0.0037520669057425895,1,2296.696463172594,2290.3758008437608,1
1248,1250,-0.004860482845102682,2,2302.4721746663554,2293.5835203347297,2
1259,1264,0.01945890676368934,5,2301.15256128232,2348.23162698262,5
1267,1270,0.0007825716292430274,3,2371.511590287636,2375.7389795669037,3
1271,1281,-0.002396192783411422,10,2380.612835215448,2377.2890407548234,10
1282,1284,-0.011610100465777446,2,2367.814869183356,2342.692115536959,2
1286,1289,0.004198298703486747,3,2338.8259273712342,2350.9838431571693,3
1293,1296,-0.0025327559065822488,3,2382.2973888200772,2378.645908426128,3
1299,1303,-0.010717580108256363,4,2372.822883518943,2349.7647870656438,4
1306,1313,0.014343321626744676,7,2334.4405838778844,2370.2586565748484,7
1320,1321,0.002472663692663387,1,2331.65122649059,2339.748267048778,1
1326,1328,-0.00016853088641057977,2,2335.0845014118468,2337.026052052392,2
1331,1336,0.019092472740124593,5,2375.160388416905,2422.8832337745953,5
1337,1338,-0.0015973819567488066,1,2424.4613494499736,2423.0130199849773,1
1339,1340,0.0009395856467759919,1,2430.2304472238616,2434.944087317655,1
1345,1346,-0.005932908103669439,1,2436.4742537962366,2424.455350205303,1
1347,1348,-0.006562569615127744,1,2428.607286266581,2415.0979891689167,1
1351,1354,0.000795757502345206,3,2421.8543852898106,2426.2034484717824,3
1355,1357,0.007578590940370591,2,2433.2841200768103,2454.158269184649,2
1365,1370,0.003732827865060362,5,2451.952809203608,2463.55747978282,5
1371,1379,-0.012772305393838067,8,2470.9254414332004,2441.8369525312446,8
1381,1384,-0.004005289404680154,3,2449.180789885879,2441.820292807889,3
1385,1386,-0.006148508852101552,1,2442.3082311597755,2429.733985612089,1
1388,1389,0.00011733548462804287,1,2425.4379880266074,2428.1480159563944,1
1390,1391,-0.002485416895094222,1,2433.0685094864675,2429.4543884155546,1
1394,1395,-0.0010530574595761077,1,2439.7976049872264,2439.668155524426,1
1398,1400,-0.0013009032439812776,2,2463.1914187862903,2462.4502364978307,2
1401,1402,-0.0009142866694678503,1,2460.4062594415914,2460.6171490565503,1
1403,1404,-0.002290936252037395,1,2462.1004266420287,2458.9220119451197,1
1405,1407,-0.0020194972294724466,2,2461.9191841491584,2459.409264361733,2
1413,1416,0.001424997892671399,3,2449.0172703130625,2454.9561320326875,3
1418,1431,0.01443485642776109,13,2463.5850733271855,2501.610155231566,13
1432,1433,-0.0009037971944364546,1,2518.444778308917,2518.6870597622474,1
1439,1441,0.002230393388008861,2,2515.7038610926506,2523.8305742117127,2
1442,1449,-0.008210933844490807,7,2525.010547119502,2506.8028631075817,7
1456,1458,-0.014717823957425942,2,2487.5856916389876,2453.4614290420723,2
1465,1466,-0.000137018042578984,1,2409.5172947702918,2411.5966647217724,1
1473,1474,-0.0062614445415567115,1,2438.6136008324447,2425.782970613379,1
1475,1477,-0.010808560781973925,2,2418.3448342548513,2394.62435195629,2
1478,1483,-0.008622036881145666,5,2380.664744951683,2362.519230464018,5
1484,1488,0.005228281018966529,4,2364.3797849540188,2379.105806690276,4
1499,1505,-0.0001310586942936962,6,2407.9905711749866,2410.082973646032,6
1508,1510,0.0013399606233488858,2,2422.8302546990453,2428.4995820920994,2
1515,1516,-0.005011723966632147,1,2428.8051181552237,2419.0614224524415,1
1520,1521,0.0012623942681534717,1,2433.229317135038,2438.7342411952272,1
1525,1527,-0.0019517785283202018,2,2447.392039240698,2445.062664047367,2
1530,1532,-0.002604488602411116,2,2431.416675196354,2427.515494853289,2
1533,1535,0.0016837796241414506,2,2429.3154884217483,2435.835235830186,2
1540,1544,0.002129806957305209,4,2466.983840306365,2474.7050234933154,4
1548,1550,-0.00043516337964096083,2,2478.079656794478,2479.4793669328023,2
1551,1553,-0.0009190121323309917,2,2482.819939271871,2483.021017564559,2
1561,1567,-0.004742496535836251,6,2473.4696262964894,2464.2126747885786,6
1568,1569,-0.003140101273074744,1,2467.5084262928017,2462.22770836837,1
1572,1574,-0.009703941664892496,2,2460.6189825893903,2439.201898505405,2
1582,1588,-0.0038403033865655085,6,2407.0834894212203,2400.2466420344713,6
1590,1598,-0.026522618419546333,8,2409.935404197813,2348.427542460717,8
1599,1602,0.000991641817341409,3,2349.6830274630224,2354.362754438015,3
1604,1606,-0.0037495895465354265,2,2357.501476401452,2351.0193149859965,2
1609,1611,0.0029715513023769683,2,2361.712025230049,2371.091685699691,2
1615,1628,-0.006686082320204097,13,2376.7736283727218,2363.2590978653043,13
1630,1631,-0.006663875782423949,1,2336.956637487973,2323.7204053843298,1
1646,1647,0.007016460999152649,1,2124.164522711863,2141.1928047639663,1
1653,1657,0.007931294772675214,4,2176.844001895015,2196.2860373500694,4
1662,1664,-0.012648349135541366,2,2215.570472800011,2189.76273439844,2
1665,1668,-0.02660759964839442,3,2187.6742536518323,2131.653167203216,3
1673,1678,-0.026858946823860193,5,2127.9551476574493,2072.9284686506157,5
1679,1685,0.01856407529930323,6,2070.5933430025098,2111.102587079247,6
1686,1688,0.009343023923114892,2,2109.925114909513,2131.748120849003,2
1689,1695,0.002642701191488761,6,2133.001834338226,2140.771722661618,6
1708,1711,0.0037395032814165133,3,2180.8814816988115,2191.2177766377035,3
1712,1714,0.006686275013495154,2,2194.938398089691,2211.809298255089,2
1716,1717,-0.0006757984358658407,1,2218.2472355727214,2218.9663947961303,1
1719,1720,0.0010218284085403853,1,2218.7881841178396,2223.274193101023,1
1723,1724,0.00010801499019808588,1,2235.422020079882,2237.898901187549,1
1728,1729,0.001365952131635192,1,2222.7352168040215,2227.9941019282796,1
1731,1736,-0.008240634802521902,5,2255.6002608736712,2239.268283124212,5
1741,1743,2.9222207163029108e-06,2,2261.4975454932273,2263.765651633698,2
1745,1746,-0.0021491003064600814,1,2261.001883692846,2258.403765735388,1
1747,1749,-0.004287449396237455,2,2258.886090899771,2251.460117184073,2
1750,1754,-0.00018888569748180752,4,2247.2460193119778,2249.068792699519,4
1760,1762,-0.007478339954143821,2,2259.2048589114343,2244.5689618093525,2
1767,1769,-0.006464266427423399,2,2227.147636867278,2214.9779088062287,2
1770,1771,0.00014092393257138648,1,2216.9130827295885,2219.4424119221053,1
1772,1774,0.001865947738615376,2,2226.7838290568866,2233.1656751361575,2
1775,1776,-0.0024810737660857715,1,2242.127008096459,2238.806252604535,1
1778,1781,-0.0063674532177917485,3,2228.5541172134704,2216.59245724601,3
1783,1786,-0.028654507777934764,3,2209.9905230338986,2148.8743229254956,3
1788,1789,-0.007253198180584433,1,2144.0054150795895,2130.5985243188507,1
1790,1791,-0.0013465795548197569,1,2112.9054376178187,2112.173147791873,1
1793,1794,-0.0034322322415009858,1,2124.2055374366146,2119.0389762408863,1
1796,1798,0.0007419419693419332,2,2126.9989746182873,2130.704083400922,2
1799,1800,0.005199351605464353,1,2147.454329967577,2160.767154415723,1
1807,1812,0.006675078704614503,5,2183.8191276312677,2200.5801113124803,5
1814,1815,-0.001496852215209616,1,2200.7885449783053,2199.695078314525,1
1817,1827,-0.04508262364863575,10,2195.386425605317,2098.608032042034,10
1831,1834,0.009394775679661908,3,2107.9452252865867,2129.856843048455,3
1839,1840,-0.00902936084663621,1,2103.649267006586,2086.7583079470282,1
1841,1846,0.015224655434901094,5,2087.336804043331,2121.203124465522,5
1847,1848,-0.00069566144030375,1,2131.678631739535,2132.327383744054,1
1850,1851,0.002042595075237774,1,2142.0466102060286,2148.5639906731712,1
1853,1856,0.012760952240773327,3,2146.9953834555904,2176.5400843884836,3
1857,1859,-0.002011287642415411,2,2182.7428278877774,2180.5354470393636,2
1861,1863,-0.006519182570799999,2,2185.9816793996483,2173.9168474146177,2
1864,1865,0.002089240090743356,1,2178.740978562386,2185.471632540706,1
1873,1875,-0.006346850658928721,2,2177.4257765436473,2165.7834060955665,2
1877,1882,0.02926094334532587,5,2187.626741072621,2253.8263899449394,5
1883,1884,-0.0030771905646027943,1,2263.1588027347934,2258.457790623555,1
1885,1886,0.005606893788498223,1,2268.171015668188,2283.156580662858,1
1887,1888,-0.0032527982260072454,1,2287.5929681276534,2282.439482747229,1
1896,1897,-0.0009704379092458929,1,2313.205132820432,2313.2735160005013,1
1904,1910,0.005573607679929061,6,2328.852618980627,2344.161582442181,6
1911,1912,-0.00854802544319008,1,2342.798963101465,2325.1154569196956,1
1914,1916,0.0015491736465503446,2,2309.4878775563825,2315.3751631908767,2
1921,1926,-0.014298876998060418,5,2322.2391364517875,2291.355963816033,5
1928,1929,0.001802365880948808,1,2302.7768692549685,2309.2300925848067,1
1931,1932,-0.0022446582184907646,1,2305.083045823845,2302.214005266557,1
1934,1936,0.00304437091513192,2,2312.5366416951188,2321.8893976289673,2
1939,1946,0.0013167002510954193,7,2296.156609655041,2301.476116249183,7
1947,1949,-0.0043303048210758385,2,2298.7207258010485,2291.0652850856063,2
1951,1954,-0.011065656186785497,3,2284.8084175511226,2261.8103215673796,3
1957,1959,0.021809646548728318,2,2275.7613022111896,2327.6706131439005,2
1961,1964,0.007244138881405207,3,2360.774991912512,2380.237548813587,3
1966,1968,0.008564509920351546,2,2387.3596107569288,2410.19353543746,2
1970,1973,0.0009015226021870336,3,2432.9672722947785,2437.5936145534283,3
1979,1985,-0.0061468334588239745,6,2423.4865192059283,2411.0132377018704,6
1986,1989,7.956139018426675e-05,3,2423.5304855969976,2426.1468355371826,3
1990,1994,-0.012160568075102057,4,2420.9651024362715,2393.945756603085,4
1996,2000,-0.0037083831172590063,4,2379.6227676196236,2373.1778374903574,4
677,678,-0.0017670147167789861,1,1990.2693244999152,1988.74275863767,1
681,682,-0.0010433084311152517,1,1985.21381381081,1985.1278373151056,1
684,687,0.0003087563464800969,3,1993.2960494433871,1995.9047882985099,3
689,693,0.002752272670251085,4,2007.9536769631275,2015.4880666683264,4
696,697,-0.0014415050547188833,1,2018.8592318944577,2017.9678953388104,1
698,703,0.003138650280022439,5,2015.7308302200843,2024.0732351850245,5
704,707,-0.005467390807513551,3,2025.341342877992,2016.2933515807417,3
708,710,-0.006038108039271715,2,2017.2428566690483,2007.0797692157005,2
712,714,-0.00014853001893822633,2,1994.0692798250368,1995.7671699569653,2
718,721,0.001978140761805165,3,2005.6317325864727,2011.6047862024584,3
725,728,0.0024787459673067955,3,2027.7863630868776,2034.8405167200258,3
731,734,0.0023546962298882238,3,2044.9001927307952,2051.760211697847,3
735,741,0.00010081833531735648,6,2060.52900212247,2062.7972702284596,6
743,745,0.00019572983242072215,2,2063.311453931286,2065.778616990327,2
746,749,-0.0050891971690557045,3,2071.184797056161,2062.715314047448,3
750,752,-0.002459652033071709,2,2064.3060923969474,2061.292923812298,2
753,755,-0.00434993773750149,2,2060.2888977928837,2053.387058264012,2
756,757,-0.0031040105078214224,1,2052.028248933013,2047.7107599349115,1
763,768,0.0040325818703772585,5,2075.5269560083098,2085.9722153385965,5
770,771,0.00017212259596281255,1,2088.3564286673095,2090.8042384257747,1
772,773,-0.003334936496502705,1,2089.9905704151943,2085.1105751549853,1
774,775,-0.0022166521178506337,1,2083.7367974349245,2081.201614647282,1
776,777,-0.0012810221390797696,1,2080.9469695695725,2080.3621774008725,1
778,789,-0.0034542662657908057,11,2080.644147080141,2075.537692338847,11
793,797,-0.0034261271165673345,4,2077.1075459575895,2072.068219016315,4
804,809,0.01038609003633334,5,2071.290602176381,2094.8745034641724,5
818,820,-0.0020180968930316387,2,2078.245387774971,2076.12953260272,2
826,827,-0.001938655620919774,1,2072.7484191661097,2070.802822211707,1
832,838,0.002132681336131975,6,2063.2307849450735,2069.694229517204,6
847,851,-0.005007047121950054,4,2077.3323881048955,2069.008419337806,4
855,857,-0.0034057560527234964,2,2075.20329901779,2070.210866120546,2
858,859,-0.0008097215411202699,1,2072.404286256974,2072.7986201507388,1
865,866,-0.0018789998767917804,1,2069.841998801599,2068.022607939674,1
869,871,0.0060807297882755715,2,2074.6917029898445,2089.382034332693,2
873,874,0.0022031399553897823,1,2090.7254620942444,2097.4223483576293,1
876,882,0.02190246737104019,6,2122.5095376246095,2171.1202430547787,6
884,885,-0.005743030358359593,1,2179.5275834528975,2169.1900179576983,1
887,896,-0.004393271047958327,9,2175.6434318293727,2168.2608839614654,9
897,899,-0.0028358357481194354,2,2167.574999232671,2163.5956875623497,2
900,901,-0.0016588814447385356,1,2162.586634332841,2161.1617461268397,1
903,904,-0.0029457653747325544,1,2167.5826441190875,2163.3650368632893,1
906,907,-0.002807704667323661,1,2167.583997135526,2163.665645427088,1
915,926,0.004141844793130191,11,2148.0956687846633,2159.1408433143492,11
927,931,-0.0037971205701160795,4,2156.823514207327,2150.790618789628,4
932,936,-0.008330632158494881,4,2149.928211682174,2134.1678787951614,4
943,945,-0.005871510215285828,2,2129.9182364419867,2119.542317995436,2
950,951,-0.0020221975770399027,1,2116.350728856282,2114.1874002690784,1
954,958,0.004697442966333832,4,2120.855098141848,2132.9385491033695,4
962,970,0.004124904033417407,8,2142.41800434714,2153.397691018885,8
974,976,-0.006474733320146488,2,2149.679872170585,2137.9109481467644,2
978,979,-0.004814347764429636,1,2132.8411671943977,2124.7057692564263,1
980,983,-0.006887857319244321,3,2130.1742264798618,2117.6320645692167,3
985,993,0.006882252254080083,8,2118.828445207732,2135.5295854959795,8
994,996,-0.0013375811773160857,2,2142.0926379126963,2141.3695077580696,2
1005,1007,-0.00020042550384730313,2,2145.3821121325172,2147.0975049538806,2
1008,1009,-0.00670445228833428,1,2150.736585382664,2138.4678111465737,1
1013,1014,-0.0033465705900893278,1,2139.657095698835,2134.636239285192,1
1021,1022,0.0004665198533693772,1,2145.7676133856003,2148.9144241913473,1
1023,1024,0.0002278086839984522,1,2150.3100020603415,2152.95017135416,1
1026,1030,-0.00010766300468432728,4,2142.684960235554,2144.596957294879,4
1032,1034,-0.003570611287198989,2,2149.01134902921,2143.487076199077,2
1041,1042,-0.0017840890644646612,1,2145.468952605599,2143.7867138617125,1
1049,1051,-0.0022982447084696645,2,2142.5347316857706,2139.753197307647,2
1052,1054,-2.7176458567540452e-05,2,2143.5805806408207,2145.6659062926256,2
1056,1057,-0.0037648784100136772,1,2147.086817115672,2141.150383130604,1
1058,1060,-0.0021907952610024086,2,2144.7712201058034,2142.217236700967,2
1062,1063,-0.0009342465142421288,1,2145.4867842058975,2145.6278574406065,1
1066,1068,-0.0012436273999401953,2,2141.642170128668,2141.1204074151574,2
1072,1073,-0.0036571084017344535,1,2162.207382949106,2156.4621635455796,1
1076,1078,-0.006463386825987334,2,2157.5544589477026,2145.7669043403375,2
1079,1083,0.009469831370216949,4,2152.0759553327857,2174.6078276810185,4
1090,1091,-0.002084738385645403,1,2183.5864663579905,2181.217846299556,1
1095,1099,-0.004629004331533427,4,2149.789065616492,2141.9874717854864,4
1100,1104,0.0011775221218188778,4,2145.6780409661546,2150.3503023666594,4
1107,1111,-0.003713263502266946,4,2155.1983407947064,2149.350719796482,4
1114,1115,-0.003534665677221792,1,2140.524154871517,2135.0986417649,1
1120,1121,-6.653301541507213e-05,1,2123.194308381932,2125.176240170665,1
1123,1125,-0.0035584646374191317,2,2129.488982537274,2124.0407602796786,2
1127,1128,3.765289737136688e-05,1,2123.9488414921093,2126.152763161352,1
1133,1136,0.003142220557412094,3,2137.6525931228193,2146.507221638658,3
1137,1139,-0.002189865617549209,2,2146.1251407065506,2143.571540190666,2
1141,1142,-0.0019168825162800196,1,2145.011908005231,2143.0451840895685,1
1143,1147,0.0021304165773541237,4,2142.998644608418,2149.7071230907477,4
1148,1150,-0.005322728157480107,2,2152.402080726689,2143.097831646113,2
1153,1156,-0.0017773422052057481,3,2158.404400343921,2156.726581507632,3
1159,1164,-0.0008330568474632964,5,2167.198476364914,2167.560275310731,5
1167,1168,0.0010795474811499117,1,2162.3531318664195,2166.849847875149,1
1169,1175,0.00030996673880094106,6,2166.459759426097,2169.297749651896,6
1177,1182,-0.007354194428651141,5,2180.402824400207,2166.548120921188,5
1183,1192,0.01632566968243029,9,2174.1772346569705,2211.846311255697,9
1195,1205,0.0005060279706438711,10,2220.7192630058375,2224.063728330872,10
1207,1208,0.0025587669421075062,1,2229.829648573156,2237.7650926130295,1
1210,1213,0.004185515051000547,3,2250.240709742321,2261.909366811064,3
1215,1218,0.0011555834434284432,3,2276.4574523112906,2281.364546305162,3
1223,1224,-0.001584644865263568,1,2306.265576742247,2304.9172304148706,1
1228,1233,0.003057372763375096,5,2283.622183414774,2292.8876898636004,5
1235,1254,-0.0063582409011318985,19,2299.5295547225637,2287.2081214090877,19
1256,1257,0.0008309132883627646,1,2288.937377222799,2293.1282230829866,1
1260,1265,0.015710804772198144,5,2317.193551017814,2355.9157200682694,5
1267,1270,-4.17070747993787e-07,3,2373.9564851102778,2376.329451487581,3
1272,1276,-0.002533041675865816,4,2385.584010320837,2381.926810611736,4
1277,1281,-0.0054409711345317574,4,2386.066043498632,2375.4695930743683,4
1284,1289,0.001711468104540486,5,2348.261944961457,2354.6291823263264,5
1290,1294,0.006715391278348322,4,2364.443214098527,2382.6858186507325,4
1295,1296,-0.0034493802607996472,1,2386.0362407051634,2380.1919306356276,1
1299,1304,-0.02309722533442302,5,2375.8354815641355,2323.3361095704954,5
1307,1309,0.0021093837231211726,2,2333.3016488823228,2340.5567790504892,2
1313,1318,-0.013068303829287163,5,2367.2407514056576,2338.672170780624,5
1325,1328,-0.00011962891636314995,3,2338.282711299868,2340.3412677842643,3
1329,1330,0.00040344639248141544,1,2351.8355035491963,2355.136178602362,1
1331,1337,0.022532825589060838,6,2370.61105447402,2426.3982309584567,6
1338,1341,0.0005141087880066082,3,2426.5333787432114,2430.207414256358,3
1342,1343,-0.0012918017673086617,1,2433.256814681678,2432.546786042838,1
1344,1347,-0.00869525917130223,3,2437.0259666892616,2418.2724202683944,3
1348,1351,-7.917898612600698e-05,3,2415.798194485154,2418.022712227915,3
1352,1353,-0.001446041767829103,1,2417.6667458732454,2416.5883655238945,1
1355,1356,0.0030593863252067156,1,2428.005560944491,2437.861773516115,1
1358,1367,-0.002504565397820342,9,2469.355813852595,2465.640506540166,9
1369,1370,-0.0004133257769163972,1,2467.2366044336654,2468.684068551735,1
1371,1374,-0.0014625530104866993,3,2468.136617537552,2466.9949735148175,3
1377,1380,-0.007903069376264288,3,2460.7664385010544,2443.779597057299,3
1381,1382,-0.0035620043530491465,1,2449.2553475694167,2442.980344707215,1
1384,1389,-0.008143617978644187,5,2446.5010125878525,2429.0241439695587,5
1392,1393,0.0001282017444768726,1,2435.345961075795,2438.0935226374854,1
1394,1399,0.005849429355944386,5,2440.2566736298445,2456.971039326244,5
1400,1401,-0.0013695446837953707,1,2462.783396244439,2461.873287733017,1
1405,1409,-0.0024096070866334476,4,2462.3634870157366,2458.892521994572,4
1411,1412,-0.0027238871543856665,1,2452.881891868655,2448.6534002840376,1
1415,1416,-0.005726719133251256,1,2464.905819216891,2453.254901719536,1
1418,1423,0.006382089485347995,5,2463.369360339778,2481.5541733932705,5
1426,1428,0.0008333163456720968,2,2491.557897932476,2496.125711752944,2
1432,1433,9.060819356639864e-05,1,2515.754394057855,2518.498096413015,1
1435,1436,-0.0021136431699837026,1,2531.616880987465,2528.7975631389377,1
1437,1440,-0.00250580911865807,3,2520.1492829787926,2516.3544192081035,3
1443,1444,-0.002670132934328366,1,2524.9547326030433,2520.7377225464347,1
1449,1451,-0.0073397823972235435,2,2506.4167444463383,2490.526607689791,2
1452,1453,-0.0012758730705638164,1,2495.005323974149,2494.3170191943514,1
1455,1457,-0.010664805142757576,2,2495.199150825057,2471.083537239959,2
1462,1466,-0.012926785112926248,4,2436.2700560703283,2407.2131866345208,4
1470,1472,-0.00011113109323033523,2,2427.626852594128,2429.784694620638,2
1473,1474,-0.006376256806432807,1,2441.7872821134924,2428.6596066181687,1
1479,1480,-0.00011274701297734127,1,2386.5733479864443,2388.690842318194,1
1481,1482,-0.00884479120819998,1,2388.2638109566287,2369.528380009574,1
1485,1486,-0.000720602279495302,1,2369.7129463107317,2370.3750387061814,1
1487,1489,0.00039125220577534655,2,2385.056182143109,2388.3743968174135,2
1490,1492,-0.0004928157284676556,2,2385.929185737848,2387.139291493844,2
1493,1499,0.006498000927884906,6,2384.900028186877,2402.782010811135,6
1502,1503,0.001947752779460674,1,2414.875621615935,2421.994077941605,1
1505,1507,0.0034363375929884633,2,2412.982573173078,2423.6873784736717,2
1510,1511,-0.003194731560386539,1,2431.5715756597583,2426.234928781319,1
1513,1521,0.007025790377824421,8,2419.93395345486,2439.3558360934685,8
1522,1532,-0.007501284616778386,10,2444.8973352146595,2429.002361779626,10
1534,1536,0.010329543564273073,2,2426.8222175313695,2454.317005567637,2
1538,1541,0.009717046320080788,3,2455.8867320244085,2482.206583888386,3
1544,1546,0.0002502976868565877,2,2483.6083504108087,2486.713600186385,2
1553,1554,-0.0024554435823653555,1,2481.846791983851,2478.234603998044,1
1556,1558,-0.0017370378867131698,2,2476.106265750435,2474.281281621049,2
1559,1564,-0.005620190317385561,5,2476.3871749597683,2464.9457949119214,5
1571,1573,-0.008357404166959102,2,2465.1535098246572,2447.0163791192795,2
1576,1584,-0.01289080287507393,8,2434.5710128128185,2405.622008814092,8
1586,1589,-0.00620535461564833,3,2409.1024796416978,2396.562246929725,3
1596,1600,-0.010654617781375865,4,2376.1060372348556,2353.1656416373335,4
1601,1605,-0.0008201145107734034,4,2356.5718749783114,2356.9957880629395,4
1609,1615,0.004137293705483507,6,2365.194421275284,2377.3451196879464,6
1616,1617,-0.003050127541084499,1,2384.6128533718606,2379.724092886339,1
1618,1620,-0.0016120229504688328,2,2386.193153723247,2384.732748748917,2
1624,1625,-0.004851662314541712,1,2390.29066380154,2381.084071330975,1
1627,1628,-0.004901592572811794,1,2370.565792064874,2361.316810177192,1
1629,1632,-0.01670740052246494,3,2352.0013075639326,2315.0574809966647,3
1635,1636,-0.0031323527213754894,1,2287.6384223900036,2282.760370374497,1
1639,1640,-0.003120409515849209,1,2285.5696957546315,2280.723352022617,1
1642,1643,-0.008980657481419931,1,2262.3107081181106,2244.2559812400714,1
1646,1648,0.010154362864527876,2,2123.2585944233524,2146.942191240778,2
1651,1655,0.006220314113518483,4,2162.7136800826897,2178.3291521904903,4
1660,1662,0.001471230698013172,2,2208.650727059581,2214.10881253748,2
1664,1666,-0.012338573249306237,2,2193.1230411247916,2168.256154878257,2
1667,1668,-0.0067921153847524595,1,2145.564887862858,2133.137528466883,1
1672,1676,-0.008741290471410212,4,2126.162868210694,2109.7036238583482,4
1678,1681,0.004663246586981539,3,2074.5206985228074,2086.269220788339,3
1682,1683,0.0015705334388034131,1,2096.8070645858543,2102.1969772600914,1
1689,1691,-0.004735777592367483,2,2137.290003257098,2129.305563154539,2
1697,1698,-0.004525302598502737,1,2170.6240636495345,2162.971956997578,1
1699,1704,-0.005374706454474628,5,2162.0479668317753,2152.5896416363926,5
1708,1709,0.003773863559260137,1,2174.668059672363,2185.04962827592,1
1713,1716,0.005637787413960948,3,2204.222526555981,2218.8536871003234,3
1717,1718,-0.0025262984759506675,1,2213.2036434914967,2209.825634143467,1
1720,1722,0.001539185911283302,2,2225.521245807746,2231.1722580003625,2
1724,1725,-0.0014612899364170825,1,2237.1067778844645,2236.074823041136,1
1727,1731,0.007957592951472494,4,2232.3524397455994,2252.348944225067,4
1736,1739,-0.0010663524734410921,3,2246.9442248984647,2246.7951345914585,3
1740,1749,-0.006386574678011442,9,2254.84294282048,2242.6970629217903,9
1751,1753,-0.0013439034620652877,2,2246.5592238477575,2245.7866243529415,2
1754,1756,0.0032416021670440475,2,2251.774656120593,2261.325788381689,2
1757,1762,-0.005328406108821346,5,2262.1886140986035,2252.396943082033,5
1763,1768,-0.013236601521508642,5,2243.095950291516,2215.648078973289,5
1770,1773,0.004856796848040793,3,2218.017260822783,2231.00773732487,3
1776,1777,-0.00449611423464724,1,2244.182902768215,2236.3369829766953,1
1779,1788,-0.039582709221664035,9,2223.540227336397,2137.750021302404,9
1790,1792,-0.0007354048073879543,2,2116.1439081559,2116.7038296608735,2
1793,1795,-0.006335632817951594,2,2126.360002650011,2115.014526437092,2
1796,1797,0.002008746676300459,1,2123.907258394693,2130.2975572991586,1
1798,1802,0.01265182919874112,4,2133.747660336195,2162.8772189483184,4
1805,1806,-0.0019363544287430636,1,2171.7212008418496,2169.687700077446,1
1808,1810,0.004749353579177501,2,2185.1668857455315,2197.7301828011928,2
1813,1814,0.0005751503026717941,1,2197.5928590896046,2201.054398146749,1
1815,1816,-0.0037210914301691244,1,2199.281548071106,2193.2971018981207,1
1820,1827,-0.039206537029184634,7,2180.5888949548316,2097.276144594311,7
1829,1830,-0.0043647483829144535,1,2113.4675791662094,2106.3562925468677,1
1831,1833,0.009115703939945867,2,2110.3881905065205,2131.7362526400425,2
1836,1838,-0.008483358620648307,2,2121.257752213954,2105.3836197273067,2
1843,1846,0.016595313618272527,3,2082.2759253304375,2118.914223276405,3
1847,1848,0.0006549783932791912,1,2127.9367589849967,2131.4584483433814,1
1849,1856,0.015100196689911895,7,2139.8873466087775,2174.3399537834325,7
1858,1865,-0.004211390926310348,7,2184.2770228671984,2177.2624554554145,7
1869,1872,-0.010513313717243893,3,2211.6830090570593,2190.6425747488015,3
1873,1875,-0.006367398365069176,2,2174.7368339219183,2163.06415499507,2
1877,1879,0.008215602838013866,2,2187.6086133695494,2207.7687455153814,2
1885,1886,0.0049727483248650645,1,2269.564913814893,2283.1204538520533,1
1887,1890,-0.0016996739835681502,3,2290.342954727895,2288.7404613490235,3
1891,1896,0.003943441292019757,5,2301.765624599022,2313.1442678322164,5
1899,1900,-0.0012207786924846795,1,2327.6136157249216,2327.0997282342323,1
1901,1902,-0.001206470683230919,1,2339.79786435711,2339.314764693434,1
1904,1905,-0.003207440731562372,1,2324.415038709585,2319.2840302760815,1
1910,1918,-0.011381596571925855,8,2340.2612185876164,2315.965570743316,8
1919,1922,0.00014716402700752054,3,2315.828258895781,2318.4848937671136,3
1924,1926,-0.005960022575930733,2,2307.4566328958745,2296.01159590373,2
1929,1931,-0.0007165840919730061,2,2305.2438805484107,2305.89722333604,2
1933,1935,0.0055607560770503175,2,2305.3952827071316,2320.5204188181556,2
1940,1942,-0.003540027237332817,2,2293.9573437617546,2288.13062962732,2
1943,1947,0.002056970824403544,4,2293.423691146951,2300.4346204587832,4
1949,1950,-0.00612531662403751,1,2299.3281270316184,2287.543342358026,1
1954,1956,-0.004623667405907363,2,2269.766321794774,2261.54144355546,2
1958,1959,0.011770630870321114,1,2300.4166882451714,2329.794460618677,1
1961,1966,0.006644066319684812,5,2366.8714441750844,2384.963966464527,5
1976,1980,-0.006070022708010139,4,2435.0822083826356,2422.736286290264,4
1982,1989,0.002173881752862717,7,2418.7244826057517,2426.4012281062965,7
1990,1991,-0.004000180150692301,1,2415.2656727226026,2408.019440592652,1
1992,1994,-0.0018096647145492565,2,2396.5047143757747,2394.5643490702937,2
1998,1999,-0.0022204652512954498,1,2380.263968524984,2377.358939062489,1
672,673,-8.784122686302008e-05,1,1975.7565220763995,1977.558725721594,1
674,679,0.0020048223368005435,5,1986.8080898686032,1992.7780951959764,5
681,682,-0.0037085386239435842,1,1990.5805573426455,1985.1889930190118,1
683,684,-0.0015785247863627206,1,1991.691020124061,1990.5387775021431,1
688,692,0.0039123767774130935,4,2003.3940684327972,2013.2354949305736,4
693,699,0.0017993101677540035,6,2016.8304375168877,2022.4761714672645,6
700,706,-0.005291924261857543,6,2026.6770073301368,2017.9786631114277,6
711,729,0.019964512674967967,18,2001.1346428935633,2043.087455478823,18
732,733,-0.0018164455458183808,1,2047.7247834415125,2046.0529276630098,1
736,739,-0.0008395811971677707,3,2067.41040607378,2067.7420575760852,3
744,751,-0.0003861824072506621,7,2062.056115650454,2063.3218419714767,7
753,757,-0.008769921956214758,4,2063.57476250147,2047.5409476460193,4
758,763,0.0090692192036886,5,2050.766858883481,2071.4164799212385,5
764,765,-0.0007729748164068632,1,2076.043231887488,2076.5145459833548,1
766,767,-0.004621766516714036,1,2087.6428986773035,2080.081943528018,1
768,780,-0.009851949801514305,12,2092.2533375017847,2073.732815986168,12
782,783,-0.005098216954113693,1,2083.046332795132,2074.5095569978666,1
789,791,-0.004918627607452282,2,2083.048942529886,2074.886249436014,2
795,798,-0.00013021717734951145,3,2072.866460734602,2074.669404375797,3
799,801,-0.0031443463842898574,2,2074.3556991947826,2069.907562051483,2
802,805,-0.0025462405694939754,3,2075.063435545404,2071.85488827709,3
806,809,0.009274971687246152,3,2073.8644968158155,2095.173395803783,3
821,827,-0.009445559155403582,6,2083.297815962052,2065.7032010190214,6
830,831,-0.0025685931355932815,1,2064.360343786373,2061.1222023217188,1
836,841,0.00202958774039791,5,2069.216624240376,2075.485497557402,5
842,848,-0.00045597196263942293,6,2078.596895121253,2079.7277101105697,6
856,857,-0.0029451724448586484,1,2073.9256173816993,2069.891474418082,1
859,860,-0.0034339215697517787,1,2069.607323196768,2064.570061291923,1
874,882,0.031716101023576804,8,2103.247612846106,2172.057674225576,8
888,891,-0.00522240076297303,3,2175.4687824988455,2166.2830814517984,3
892,903,-0.004743614257054758,11,2171.593519771057,2163.4639113099142,11
905,908,-0.0076435964534575015,3,2171.276656342284,2156.851570448733,3
909,912,-0.001967850561646233,3,2167.0563819690205,2164.958995232613,3
915,918,-0.003029435427031337,3,2151.423173837971,2147.056999430448,3
922,924,-0.0008254100851608381,2,2153.6905073494468,2154.066519991715,2
925,938,-0.008140083971205272,13,2154.7762801247773,2139.390996545525,13
940,942,-0.0028899010310353803,2,2134.270985197818,2130.2374242623837,2
945,947,-0.009222112339177763,2,2123.9558604684617,2106.492456780235,2
952,955,-0.0004944649600374819,3,2118.623181771332,2119.694220026194,3
958,959,-8.835823441421186e-05,1,2133.828689197855,2135.773976551533,1
969,970,-0.002015334856622978,1,2148.664683637032,2146.4830694885404,1
987,989,0.0008283018625340191,2,2125.0403059470773,2128.9255210964,2
991,992,-0.001052596478936488,1,2134.8945394238726,2134.782251488198,1
994,999,-0.001776079970233423,5,2141.6398049675654,2139.9777212114755,5
1001,1002,-0.0022124827762896133,1,2145.083073829541,2142.482197548812,1
1007,1009,-0.003724873858100175,2,2147.6766112152327,2141.824463361679,2
1012,1014,-0.006571173629320433,2,2141.247740550422,2129.3184776044254,2
1017,1018,-0.0013764895230668692,1,2136.4537826326264,2135.6494301669486,1
1022,1023,-0.0006980551859497692,1,2151.8192759900653,2152.469006661224,1
1024,1026,-0.004729359329071477,2,2148.539013803395,2140.526339788393,2
1027,1033,0.00220900834876445,6,2140.7528413993314,2147.622535140023,6
1035,1046,-0.007658304531020337,11,2152.414804988099,2138.0833717394116,11
1049,1052,-0.003144915585288978,3,2142.396886164454,2137.801625693445,3
1054,1055,0.0014872919451359833,1,2145.885634494775,2151.2230785486367,1
1056,1057,-0.004976676464915842,1,2148.6960185848834,2140.1513496975185,1
1058,1062,-0.00026298611206131714,4,2140.9464631169853,2142.5243703936358,4
1063,1070,0.003113405499875028,7,2142.4879712322245,2151.300893036507,7
1074,1077,-0.0030184038952050696,3,2158.864094852642,2154.5066351543733,3
1080,1083,0.010560326918554769,3,2152.418171251664,2177.300828976771,3
1091,1098,-0.022483106942272894,7,2185.2658700290617,2138.3195696459284,7
1100,1104,0.0005850087288974725,4,2144.546048648467,2147.9451728550976,4
1106,1108,0.0012702751323625592,2,2153.5836015945397,2158.4728288907036,2
1110,1114,-0.00821452011124326,4,2155.0391795477253,2139.491606046361,4
1116,1123,-0.0005781648977472417,7,2127.5011668512843,2128.398621523546,7
1125,1132,0.0005077756516134546,7,2130.8410844223954,2134.053914726945,7
1133,1137,-0.001011716639793932,4,2143.283113809371,2143.25800173315,4
1139,1143,-0.00023314461773842488,4,2144.284357440211,2145.928713440813,4
1144,1145,-0.00034828974752663076,1,2141.6524857731542,2143.0482226553677,1
1150,1154,0.003946568723381418,4,2146.7729318451948,2157.392091686062,4
1157,1158,0.0003872080538238113,1,2157.3564988822855,2160.349201192504,1
1159,1160,0.0027043581108919697,1,2160.6040767020454,2168.607727938003,1
1161,1164,-0.001016280249799347,3,2168.5921306624605,2168.5568254408604,3
1168,1175,-0.0006135431545470966,7,2167.121224617702,2167.9587234498817,7
1177,1180,-0.010047800343812932,3,2179.6029627121775,2159.8823502767746,3
1181,1182,-0.0009868504837314438,1,2164.338646842047,2164.3671068482945,1
1183,1185,0.008437222414403117,2,2172.182098713565,2192.68146430371,2
1188,1194,0.0016691100570081756,6,2210.2602967051043,2216.159724691646,6
1195,1196,-0.0036209293019112557,1,2215.7634536478045,2209.956094286035,1
1200,1201,-0.0012515322698667423,1,2227.2014019457456,2226.641188921664,1
1202,1203,-0.003029729179142755,1,2227.6682192714443,2223.14665608534,1
1208,1210,0.005687553889342985,2,2237.4675614262906,2252.4307463189857,2
1211,1222,0.01633557231177598,11,2257.5618274737794,2296.6979537822563,11
1225,1226,-0.00515238506771414,1,2300.460336708928,2290.9079395579092,1
1229,1231,0.006418146252417055,2,2279.0438955834998,2295.9501765166165,2
1233,1234,0.00012653497152933222,1,2293.9959597001034,2296.5802263732526,1
1235,1237,-0.00367535949734384,2,2294.155412742058,2288.017722270196,2
1238,1240,-0.004175483677406234,2,2283.7906034810403,2276.5384636970725,2
1241,1248,0.009017913586006114,7,2274.8233353406754,2297.6123189375485,7
1250,1258,-0.0014754732505620988,8,2297.3734774984173,2296.281137863316,8
1260,1266,0.019952261881853662,6,2316.6384791165306,2365.1772952165593,6
1267,1270,0.0026114396879593467,3,2364.921341372316,2373.46211216345,3
1271,1273,0.005793349249924442,2,2373.6682299254976,2389.7933872148315,2
1276,1279,-0.005521735062154394,3,2385.361793756216,2374.575819697465,3
1280,1282,-0.006386873253997318,2,2377.868265743371,2365.058990781109,2
1283,1285,-0.00815491698641322,2,2356.284063865787,2339.425046992419,2
1287,1289,0.0003207756313418869,2,2342.0465246901003,2345.13984266738,2
1292,1296,0.000855441004333924,4,2375.72413690407,2380.1321528826675,4
1299,1300,-0.0005510702856086606,1,2371.963880499816,2373.028725567235,1
1302,1303,-0.008354885018145047,1,2362.1796796547433,2344.806119718684,1
1305,1309,0.0061524890226887785,4,2325.8973009939627,2342.5332559072235,4
1311,1316,0.004557485296175675,5,2351.6972352558287,2364.76675806182,5
1317,1318,-0.010055978298381292,1,2362.7798311941337,2341.3825483189867,1
1320,1323,0.0018533668427844906,3,2332.5240536408055,2339.1796004354615,3
1329,1330,0.002087050902155325,1,2352.401212352682,2359.6631946375064,1
1331,1332,0.0035093107523942978,1,2376.6725584180904,2387.3897135406855,1
1333,1339,0.010152392059006806,6,2402.1264499735144,2428.915905918929,6
1340,1342,-0.002184807715366049,2,2434.2424874201156,2431.3583781399484,2
1343,1351,-0.008524362580828202,8,2432.786304199084,2414.481137964617,8
1352,1353,-0.0022534221382387648,1,2415.556694335995,2412.5289820991434,1
1357,1358,0.005347456768258897,1,2453.4497252986175,2469.022891363047,1
1361,1362,-0.0037672166731747823,1,2467.0220803380207,2460.195295704219,1
1363,1364,-0.000795493524331021,1,2455.079285294297,2455.5813649064203,1
1368,1369,-0.0016205204786794935,1,2470.237031490813,2468.7041988255805,1
1374,1382,-0.010265467839125075,8,2472.586543820286,2449.6768727190656,8
1384,1386,-0.009110763605968845,2,2447.566243262341,2427.7146120532907,2
1387,1389,-0.0014432154735539405,2,2423.7641751777996,2422.689925391115,2
1392,1393,-0.0018018426311158706,1,2438.590131922063,2436.6347663944694,1
1394,1396,0.0017136181477486385,2,2440.318161936418,2446.9402535869294,2
1399,1400,-0.0035920029195419126,1,2465.910870265722,2459.5192220906633,1
1401,1404,-0.002370483997214493,3,2462.160964398716,2458.786612198441,3
1405,1407,-0.0013362104696659942,2,2462.7622051510702,2461.9341987134007,2
1410,1413,-0.006079622304990216,3,2456.2954305379485,2443.8183774813424,3
1416,1419,-0.0004489660246860092,3,2459.0409348113185,2460.3959499130874,3
1424,1431,0.006283217933466196,7,2484.554230828031,2502.649780758667,7
1432,1434,0.0035799733484358966,2,2514.6019271651226,2526.1187369734644,2
1435,1445,-0.002976880671845985,10,2521.2241082283567,2516.239949019408,10
1451,1453,-0.0002656119129553511,2,2500.532335021688,2502.368696179798,2
1455,1461,-0.022116906976373408,6,2488.4690986694363,2435.920328199254,6
1462,1463,-0.004185574921648531,1,2428.023631864969,2420.28898067413,1
1466,1467,-0.0019245166906684352,1,2414.838993643593,2412.6064346886924,1
1468,1472,0.006359426003516556,4,2412.388962446291,2430.1427605071144,4
1477,1480,-0.002716366991125574,3,2392.646260112023,2388.5396010497266,3
1481,1484,-0.00828084047649114,3,2385.9671869320637,2368.595340461869,3
1485,1486,0.00018332311246596622,1,2368.4661013329037,2371.268762011703,1
1487,1489,0.0010342803732486744,2,2380.2148243166307,2385.0568486178536,2
1493,1494,-0.010086148971159267,1,2392.134355841959,2370.399066725751,1
1495,1496,0.004306704054834221,1,2368.4991596200166,2381.0680837142436,1
1497,1499,0.001313924907303306,2,2401.2533990604634,2406.809719109296,2
1502,1505,-0.0008586516312264348,3,2414.5419390902907,2414.8832306547165,3
1510,1513,-0.007571524127228727,3,2432.633585987517,2416.647475684493,3
1519,1521,0.001407265947261946,2,2431.3765488388876,2437.2295188098788,2
1523,1524,-0.004210443170906474,1,2455.224552032883,2447.342193136767,1
1526,1530,-0.008363042381412547,4,2450.6230152285616,2432.5789741065687,4
1531,1532,-0.002311225793210434,1,2428.8630433289254,2425.678255458337,1
1533,1538,0.006422482813577292,5,2432.9042879268686,2450.9624781910843,5
1548,1549,-0.002928211640350226,1,2478.02310901008,2473.24495600623,1
1550,1552,-0.000981887302471834,2,2480.1006014363197,2480.145522748353,2
1555,1556,-0.0031792372918960942,1,2480.2190843218627,2474.814098401236,1
1559,1565,-0.007383143688293772,6,2475.3354435515325,2459.5350217386167,6
1569,1572,-0.006716848022160114,3,2468.7801576710112,2454.6665167094816,3
1576,1579,-0.008149199773219956,3,2434.9278552425026,2417.520069571996,3
1584,1588,-0.0020501087704408645,4,2404.69175564586,2402.1665677430497,4
1593,1594,-0.005829059837932338,1,2403.7322438748356,2392.1244770347967,1
1596,1599,-0.014044752706046208,3,2377.2844762606387,2346.273388155896,3
1602,1603,-0.0031578730794003316,1,2360.594088855444,2355.5002264197115,1
1609,1610,-0.0009217603674219151,1,2366.3713694849025,2366.5565135113943,1
1613,1616,-0.0006399511074263816,3,2375.44594736548,2376.3012240481976,3
1619,1623,-0.004333373200304656,4,2396.1454167893185,2388.15816987296,4
1625,1628,-0.008643296621207682,3,2382.91885068671,2364.705495086644,3
1630,1631,-0.006697849347140413,1,2336.0189761045312,2322.7086919066264,1
1632,1633,-0.012587085261227732,1,2318.6627134185965,2291.7961708661855,1
1635,1637,-0.002395477770546781,2,2291.740664955037,2288.5425918012343,2
1639,1644,-0.04096903331888047,5,2292.0206502865626,2200.410800547697,5
1646,1647,0.007765951989311889,1,2121.8687915731225,2140.4689915276717,1
1648,1651,0.0057402781319229965,3,2147.1764270300705,2161.648993346562,3
1652,1653,-0.003067686475163849,1,2176.1375724842223,2171.638002257501,1
1664,1670,-0.036357711198107955,6,2189.7858266255557,2112.3600117820192,6
1674,1675,-0.0040182964361613095,1,2127.3427755902217,2120.921824472164,1
1676,1677,-0.007973092224693992,1,2109.5953773320007,2094.8849742090765,1
1682,1686,0.007200849204923142,4,2095.6227644931746,2112.8086507751873,4
1687,1690,0.0048277391479653415,3,2122.530307879786,2134.89986084776,3
1691,1692,-0.002277024454586908,1,2137.5109224479693,2134.7812687280566,1
1694,1702,0.004813393220291834,8,2139.1414290408297,2151.577099321661,8
1703,1706,0.002296869468643184,3,2149.645017007572,2156.732116032565,3
1707,1709,0.0048623984889033,2,2169.788674361854,2182.5088402076726,2
1711,1720,0.015007642320053995,9,2193.458152025859,2228.5702455674955,9
1721,1723,-0.0019624972436408615,2,2235.3669374153314,2233.2154028995433,2
1727,1728,-0.007543503018693746,1,2232.9476711939506,2218.3363713669078,1
1729,1735,0.008736610797643315,6,2229.1326524594506,2250.8368495127665,6
1737,1742,0.006858184607402403,5,2245.7654051666377,2263.413044305355,5
1743,1749,-0.009133816073380138,6,2265.4470570708304,2247.020327384636,6
1752,1756,0.006054683525162005,4,2243.9817663634967,2259.812347561425,4
1759,1761,-0.010659290437007998,2,2269.248300425416,2247.32897201792,2
1763,1764,-0.00774305160924365,1,2248.6964867102924,2233.53341024688,1
1765,1768,-0.012224059136008634,3,2241.5552618786196,2216.3959130626627,3
1769,1771,0.0026029368342067685,2,2217.068956808914,2225.0569162173774,2
1772,1774,0.00018136757972683575,2,2231.198780079028,2233.8346459817394,2
1775,1776,-0.0017451670848679197,1,2242.8527187346144,2241.181418712407,1
1780,1788,-0.03442292720839495,8,2214.6938831188204,2140.6723306744625,8
1789,1794,-0.00796886943859908,5,2133.2010500549754,2118.33505045086,5
1797,1798,0.0007887464258392791,1,2131.120068846577,2134.9321022527606,1
1801,1803,0.0002863018745375087,2,2165.4814549150155,2168.266917769749,2
1805,1806,0.004283105392566661,1,2166.5444442420094,2177.9905268786197,1
1811,1813,-0.0047406013133761415,2,2202.280770618509,2194.0429162755104,2
1824,1837,-0.01238062117140155,13,2139.859677991803,2115.506745636621,13
1843,1845,0.006253795073743208,2,2083.426721370255,2098.5394718582356,2
1849,1859,0.01804111907964572,10,2140.6735188211687,2181.434338203687,10
1860,1863,-0.004575857041602245,3,2185.04171702519,2177.2283202151707,3
1864,1867,0.0073595757316600495,3,2177.6965173382114,2195.9011362954725,3
1869,1870,-0.0027116297284010622,1,2213.202836199617,2209.4146524301964,1
1878,1881,0.01648279597644289,3,2201.4899611189303,2239.9781609533597,3
1884,1888,0.008610662277286782,4,2263.0282926231766,2284.777493267523,4
1892,1893,0.0031287401030708466,1,2311.9036903852416,2321.4489398661726,1
1896,1898,-0.0031684016400060004,2,2320.3597099081885,2315.3282381078197,2
1899,1903,0.0009000586052287534,4,2323.983863247845,2328.399568785622,4
1906,1908,-0.00014186180028115153,2,2321.2025172583526,2323.1944298076955,2
1910,1914,-0.015275463933691193,4,2339.2389693006426,2305.8452477621063,4
1916,1919,0.0027912895287082124,3,2310.7507391882596,2319.5114642691988,3
1928,1929,-0.0008875078953971738,1,2307.966994557594,2308.2266226221655,1
1935,1939,-0.013753189731607232,4,2320.0327602732,2290.4449422978914,4
1943,1944,0.001638576275187078,1,2290.613539278435,2296.6574978187973,1
1948,1951,-0.009022668355522602,3,2298.5769062145487,2280.136186006326,3
1952,1953,-0.003571076779822674,1,2272.641620236366,2266.798484137718,1
1954,1960,0.032639685801842164,6,2269.1569735953776,2345.490701222185,6
1961,1962,-0.0006641480591575944,1,2365.4957287889783,2366.2901851205465,1
1966,1971,0.015463416055566018,5,2388.675982516341,2428.0017490384453,5
1973,1974,0.00032554419063150785,1,2442.0921742981895,2445.329275392817,1
1978,1982,-0.004751942707193938,4,2430.0037161210507,2420.886481399896,4
1985,1986,0.0009345786016003344,1,2415.4490387385295,2420.121914762129,1
1987,1989,-0.003496042901548583,2,2434.2800619309864,2428.2039944620224,2
1990,1993,-0.008600934872687515,3,2415.838631695721,2397.475999593279,3
1994,1995,-0.004882060242675621,1,2396.92253138488,2387.6175337210175,1
1999,2000,-0.0027327858725723388,1,2373.6398047693965,2369.5267952491167,1
672,677,0.004506575509309066,5,1977.5120177650315,1988.4013370114208,5
678,681,-0.002113900548059441,3,1989.504492109889,1987.2883819657611,3
682,683,-0.0024811767528304246,1,1989.7185925428066,1986.7714676188577,1
685,687,0.001944173872146968,2,1993.2502726299344,1999.1187480032613,2
697,698,-0.0019081671607047612,1,2020.3587232439156,2018.523899798622,1
705,709,-0.009551939410424128,4,2023.9355756437649,2006.6270012302575,4
711,715,-0.004329750140077538,4,2003.1498199910495,1996.479831597338,4
716,717,-0.0003188958983962423,1,1997.9055562311244,1999.2663379000903,1
719,722,0.0089107103496028,3,2002.3665294051718,2022.211404091846,3
725,726,-0.0021619198175706128,1,2030.7652009735677,2028.4056146417238,1
728,733,-9.916803857029383e-05,5,2039.9412723611758,2041.7789166587584,5
734,742,0.003271520594889406,8,2053.416194995568,2062.187404562371,8
743,744,-0.003568233276960148,1,2066.8395431478066,2061.5314170549573,1
746,749,-0.001693452312351536,3,2062.89928216811,2061.468759890742,3
759,762,0.004387972123255534,3,2057.5520847297444,2068.6381180044145,3
763,766,0.0023652978894153553,3,2074.0700751553195,2081.0499388017392,3
767,769,0.002084042795130119,2,2083.985845160382,2090.412946691302,2
771,772,-0.004966861279951202,1,2095.1211709924487,2086.8101159424327,1
776,779,-0.0021045488250519178,3,2078.8961409574435,2076.599898667544,3
784,785,-0.0022293569717612826,1,2078.960832264408,2076.405047271245,1
787,791,-0.0027336277270135056,4,2077.0173898856115,2073.4166149490165,4
795,799,0.000511029887965618,4,2074.960183392035,2078.095510245479,4
800,801,-0.005991781597684451,1,2078.34800666288,2067.973347329636,1
802,806,-0.0006299147869208124,4,2071.03198722617,2071.798445540456,4
810,815,-0.003165788261655232,5,2092.9908763169374,2088.4579012452587,5
816,828,-0.009809133558844486,12,2084.3260419992257,2065.964935515077,12
831,835,0.002208889007214389,4,2061.3064635740247,2067.9209672254874,4
840,843,-0.00033551378834154597,3,2075.9596436872066,2077.339090246396,3
846,848,0.000820146905129586,2,2075.230583865147,2079.0078083897993,2
853,855,-0.0034237038472535643,2,2077.192981729003,2072.158481107698,2
858,859,-0.0015235307097538528,1,2069.631552122176,2068.5480364467644,1
860,866,0.0006522757198116841,6,2066.414522358465,2069.8288089008242,6
872,873,-0.002200984801339111,1,2089.0576959011937,2086.548769359296,1
874,876,0.007913090408169253,2,2102.1122928127443,2120.848609726708,2
878,884,0.0143225300655998,6,2144.8255766573593,2177.689731041159,6
888,891,-0.002702592657774263,3,2173.86163463403,2170.160433775885,3
893,896,-0.0010131559836176046,3,2165.6675540028664,2165.6390625160047,3
897,898,-0.0029994329332968155,1,2170.488140404501,2166.148394935246,1
901,904,0.001297945768970789,3,2163.8187128017425,2168.791050857645,3
905,907,-0.004790387869792637,2,2172.6253859211592,2164.39029301276,2
910,912,-0.0019871046538526235,2,2164.2641336565302,2162.1277784580316,2
913,916,-0.011998652112869521,3,2163.1638580190506,2139.3719712815664,3
917,919,0.004180026439872337,2,2144.1445893990426,2155.251315063039,2
921,922,-0.003372165484877274,1,2160.3301743410607,2155.20551366555,1
923,925,-0.0031025270630432355,2,2158.501510062529,2153.963202222003,2
931,933,-0.006157446142338876,2,2159.1342681542433,2147.9986494521595,2
940,941,0.0012184507239044124,1,2132.542753788467,2137.273694804366,1
942,944,-0.0049432094698349536,2,2135.810963582036,2127.389013564662,2
946,950,-0.002986608703195163,4,2118.505979728803,2114.297337311703,4
951,953,-0.0009932971634747623,2,2117.1457623406823,2117.1599532226273,2
954,967,0.01332046367576539,13,2118.020131723705,2148.3511620845943,13
969,971,0.0006845117406755602,2,2148.879828099619,2152.4996413993535,2
972,976,-0.005565006972884479,4,2149.043229462107,2139.232832134582,4
979,980,-0.0036258316590379596,1,2131.427404962802,2125.8306354039096,1
982,983,-0.0022266687763341786,1,2124.4718471538504,2121.8658238727458,1
984,985,0.000585629666561432,1,2116.887903315729,2120.2445035760115,1
987,989,0.0002355515798630626,2,2126.2190432518464,2128.846096549871,2
991,993,0.0027889591591914323,2,2130.9676848911486,2139.041834418758,2
995,999,-0.0011065697168737773,4,2140.185702430374,2139.9576234460087,4
1000,1001,-0.004371076056050935,1,2152.505432658591,2145.249173134036,1
1003,1006,0.0007869401796658994,3,2141.464660435378,2145.2913296804445,3
1007,1010,-0.005296150933564972,3,2148.8155007326295,2139.583865013098,3
1014,1016,-0.0011306070595405037,2,2132.0967835422334,2131.818316650679,2
1017,1020,0.003303631374742603,3,2135.7549451336167,2144.9464471242554,3
1027,1029,-0.0006307405561378325,2,2143.4662102302377,2144.2577053709647,2
1030,1031,-0.0010450823305710789,1,2150.0752811801794,2149.9783507756006,1
1032,1041,-0.0037191145276343684,9,2148.421884029984,2142.5800788736306,9
1042,1044,-0.0017171561774275042,2,2146.586980235004,2145.047542121743,2
1045,1047,-0.004268194175779153,2,2142.8905850734513,2135.8872025439823,2
1048,1055,0.0033672347247843144,7,2139.5563672899193,2148.900312152781,7
1056,1060,-0.004929229783613398,4,2149.1941480412506,2140.7494703839993,4
1061,1063,-0.0026072234726105216,2,2149.198965774256,2145.7447227491534,2
1069,1072,0.00241081224221771,3,2147.3434605623634,2154.6676459258956,3
1073,1075,-0.002131932864709866,2,2157.4449048222846,2155.0028220307154,2
1076,1078,-0.003872144669135761,2,2155.7282249360705,2149.536661606715,2
1079,1083,0.010404357845978054,4,2150.8784324594844,2175.4078197864487,4
1086,1088,-0.003070305514690713,2,2189.334993605627,2184.80240129486,2
1094,1095,-0.005770659442834833,1,2161.128263382638,2150.8182564257545,1
1096,1103,-0.001900966635136457,7,2150.090981485245,2148.153821248419,7
1112,1113,-0.0031832314572716545,1,2148.0415296707406,2143.3518578316375,1
1115,1117,-0.004256220297395214,2,2134.8790332920576,2127.9273968513685,2
1118,1119,-0.004727117211022551,1,2134.5883157813023,2126.632454931106,1
1120,1121,0.0006732874815560735,1,2125.576346013205,2129.1330463040804,1
1123,1125,-0.0030167225017335058,2,2129.9897847368916,2125.69418640955,2
1126,1130,0.003973472178887103,4,2121.698000736902,2132.2502067155674,4
1131,1134,0.0019043392543765078,3,2130.7112913570577,2136.8995998002893,3
1139,1141,-0.004940342964125643,2,2151.478947128127,2143.001382196346,2
1142,1144,-0.0036639450210151966,2,2147.0902435326475,2141.3705131687184,2
1146,1150,-0.004125985419013452,4,2147.858013747892,2141.143840914805,4
1151,1152,0.0006783676407500475,1,2147.606503400546,2151.210976660918,1
1154,1158,-0.0005276374874195213,4,2160.3551160374636,2161.375586808141,4
1160,1161,-0.001284656479117772,1,2165.2589313473145,2164.642576363539,1
1162,1165,-0.0018931657941515774,3,2168.9435563171296,2167.0063301231817,3
1167,1171,-0.003988303359362653,4,2168.4717223849584,2161.9916710522725,4
1174,1178,-0.0003406196287064182,4,2168.8190037276645,2170.249080407611,4
1180,1181,-0.003239930427428573,1,2164.6062790988235,2159.757711630867,1
1184,1190,0.011737185894667667,6,2179.709427650431,2207.472791826774,6
1192,1193,-0.001484654668814187,1,2216.3632390487955,2215.2890682572024,1
1194,1198,0.002264860442310653,4,2217.2837320321078,2224.5228539781983,4
1199,1200,-0.002853853935998553,1,2228.311159880293,2224.1801964659194,1
1201,1203,-0.002375905017093246,2,2224.06896727457,2221.0088596241353,2
1205,1208,0.003839725852156083,3,2227.1441672920887,2237.922934495011,3
1211,1217,0.01121345847990642,6,2255.2794945565797,2282.824257023931,6
1218,1220,-0.0011788362928328226,2,2286.3124368838653,2285.9035612433954,2
1222,1224,0.003196655279530598,2,2296.1962564449873,2305.8326005874355,2
1226,1229,-0.007103974371722256,3,2290.104539101431,2276.125799686191,3
1230,1231,-0.0016671251508504892,1,2287.7717933022727,2286.2455631995545,1
1232,1233,-0.004168535840221744,1,2300.591080355433,2293.3015750636323,1
1235,1240,-0.011775467251176744,5,2298.698572670014,2273.9290214798816,5
1242,1244,0.002871747086232951,2,2278.2101026321598,2287.0307559588523,2
1246,1250,0.0008954203099242038,4,2294.1925088261105,2298.5409679022155,4
1251,1260,0.007375756289554873,9,2293.790297317182,2313.0025258268565,9
1264,1266,0.008742676530179877,2,2345.6116276513767,2368.464163005013,2
1267,1271,-0.0009244761373005807,4,2375.0765651282454,2375.255940084651,4
1273,1278,-0.004023414397042267,5,2383.66195257724,2376.455154712136,5
1280,1284,-0.014615971382265204,4,2378.951635369258,2346.559897982277,4
1286,1288,0.00145446794179416,2,2339.878285472175,2345.6214417115666,2
1289,1290,-2.3346074090132944e-05,1,2353.8681481085305,2356.167062676455,1
1295,1296,-0.004705414418630614,1,2392.474683304293,2383.6095731165688,1
1297,1298,-0.005324113921211658,1,2382.9041422472346,2372.6001932728304,1
1299,1305,-0.023069373839069467,6,2372.9488690630096,2320.579373370661,6
1308,1316,0.008680070990019197,8,2340.8367174246537,2363.496183025368,8
1319,1324,0.002394505202916423,5,2335.312671306862,2343.2399023200496,5
1325,1327,-0.00036507014287240716,2,2336.313817407204,2337.7972128054957,2
1328,1330,0.005763174131205025,2,2344.404354988935,2360.259969875681,2
1332,1335,0.009831719675785396,3,2392.828845418036,2418.7472967037374,3
1337,1338,-0.000860259500026704,1,2427.529521687787,2427.8687458768477,1
1339,1344,0.0009203790351031893,5,2432.7698550226823,2437.441695249499,5
1347,1348,-0.002164021929421147,1,2419.582276110403,2416.765829280972,1
1352,1364,0.012159330468153658,12,2423.8602374379293,2455.7566153109924,12
1366,1369,0.0027167610191583176,3,2460.187202673778,2469.331130568508,3
1374,1379,-0.01176411797537634,5,2470.8602399072333,2444.263608784205,5
1380,1384,-0.0019027360239531608,4,2444.4744156235565,2442.2677005089413,4
1385,1386,-0.005136043156429061,1,2440.325172199401,2430.231881971464,1
1389,1391,-0.0010628820961312662,2,2425.9775983233635,2425.8250477668134,2
1393,1394,-0.0021270587423578464,1,2441.4821430150464,2438.7304492214507,1
1396,1398,0.0072623233774508,2,2441.66931358131,2461.843175030917,2
1399,1400,-0.0032836447086332437,1,2466.670469302468,2461.0374703373036,1
1402,1403,-0.0019372849330851205,1,2461.5039737839243,2459.1968431965674,1
1405,1406,-0.0023786863484383486,1,2459.741483123063,2456.350271119594,1
1409,1411,-0.005301002852434728,2,2463.0148884513023,2452.421454390484,2
1413,1417,0.0035568458164809144,4,2446.2760888980247,2457.423391859677,4
1418,1422,0.0023135408846509512,4,2464.3247917106314,2472.4904326610235,4
1423,1427,0.006167696945815621,4,2473.555489875716,2491.2851860058036,4
1428,1433,0.009178689541997999,5,2495.3844289073513,2520.7841722971352,5
1434,1436,-0.002313438728274061,2,2532.6612203929485,2529.3347250604866,2
1437,1438,-0.0030200111540354658,1,2518.756698474161,2513.6687818489418,1
1440,1441,0.0034479809934476,1,2520.209473346877,2531.4193171838306,1
1442,1445,-0.010306041504344082,3,2537.6834739007877,2514.067686167779,3
1447,1449,-0.0008260944462737672,2,2506.0660508099922,2506.501869614233,2
1452,1454,-0.0035933936080533766,2,2500.8090812603236,2494.3234989740213,2
1455,1457,-0.010900876183755598,2,2495.0911679024975,2470.3875791819128,2
1460,1463,-0.00900801975304679,3,2442.6355663412355,2423.0748924764803,3
1465,1467,0.003281520541123617,2,2403.569772910467,2413.8607062652068,2
1468,1470,0.003410426562154142,2,2414.3041377447566,2424.952248842985,2
1473,1474,-0.0034803667641296458,1,2436.7056952492712,2430.6617714288095,1
1478,1479,-0.0009191036382763291,1,2380.839815753472,2381.0324170324134,1
1480,1482,-0.00866947108230125,2,2391.8119314051282,2373.4679989629135,2
1485,1490,0.006456191212681793,5,2368.2901662104064,2385.948590536785,5
1493,1496,-0.004753474830952687,3,2391.6449101783983,2382.6679312034676,3
1498,1499,-0.004363833977566263,1,2409.671081039683,2401.565347582523,1
1501,1503,0.0014176161546627327,2,2414.4085405469873,2420.2456536385694,2
1506,1507,0.000951652976184999,1,2419.8904075819005,2424.6131938978992,1
1509,1511,-0.0010901530553282023,2,2427.3479114371153,2427.1290786065547,2
1513,1515,0.002186440906595863,2,2419.5774354037208,2427.2872759205675,2
1517,1518,-0.0002524309297153904,1,2420.0000713920035,2421.8091885954627,1
1520,1523,0.003681894442533795,3,2438.5155211500723,2449.9323934165773,3
1525,1532,-0.009769808452152518,7,2449.369266161288,2427.8887668684642,7
1533,1538,0.006633485775513959,5,2429.8431242841716,2448.3912972101252,5
1540,1542,0.0032105462128307703,2,2470.64140567107,2481.0441554849813,2
1543,1555,-0.0038597493913748444,12,2484.9243960121617,2477.8181349830534,12
1571,1574,-0.01190674125687129,3,2465.832832591352,2438.9386319035802,3
1577,1580,-0.006161889360174159,3,2428.2011593641264,2415.667053635242,3
1586,1588,-0.005395763939563324,2,2410.222457018763,2399.6276880558744,2
1597,1603,-0.0068652348832314485,6,2369.1470042890505,2355.251400635991,6
1605,1613,0.004552455976988829,8,2363.341177381887,2376.463525227905,8
1614,1617,0.00030806578383705836,3,2379.578132415972,2382.6907771509523,3
1618,1620,-0.0016403050690441668,2,2388.664679973468,2387.1352058706343,2
1624,1626,-0.0076850098860700485,2,2386.3736793011863,2370.4207476632005,2
1633,1634,-0.0016697771386489611,1,2290.950367736281,2289.4159415541917,1
1637,1640,-0.004578720921853425,3,2289.778914822737,2281.584435113842,3
1641,1642,-0.00882029635946073,1,2278.775961494244,2260.9552581385437,1
1643,1644,-0.020943621562510617,1,2245.1641430583973,2200.387439043522,1
1646,1647,0.0038873725031021876,1,2128.202951920842,2138.604272509081,1
1649,1655,0.005405205127232361,6,2164.429937572106,2178.293555305778,6
1661,1668,-0.039879715840489306,7,2217.489189005702,2131.273839457803,7
1673,1678,-0.025806252040764536,5,2125.2312648299403,2072.512242429656,5
1679,1681,0.00700605597521164,2,2069.8407268321143,2086.411987550905,2
1684,1686,-0.0019851892635852735,2,2111.4646531257026,2109.3844608190034,2
1687,1690,0.0063319654010088895,3,2119.758462941816,2135.3004586506013,3
1695,1696,0.0019436075835568421,1,2147.5130684385877,2153.834504192631,1
1700,1701,-0.004590233272055383,1,2163.3442061502305,2155.5772958024017,1
1702,1703,-0.002417289622856091,1,2150.5762761914184,2147.528286752012,1
1706,1707,-0.00012550253027248162,1,2160.8446477685316,2162.7343009454794,1
1714,1715,-0.0005903579555230044,1,2218.974603827339,2219.883589120693,1
1716,1719,-0.0008935367762024495,3,2218.704255580097,2218.9404659877996,3
1722,1724,-0.0013644527454523638,2,2234.368426377187,2233.5541046698418,2
1727,1728,-0.005984117016016886,1,2227.119203025747,2216.0189803092485,1
1729,1734,0.005790411669299207,5,2231.8430818923694,2246.998215199696,5
1735,1737,-0.003876343424516286,2,2248.5735579245247,2242.1058881566473,2
1738,1743,0.006711495390649573,5,2249.8133934732296,2267.16281908682,5
1745,1746,-0.004341588139326013,1,2262.7048546313154,2255.143826926284,1
1753,1757,0.004931240134299815,4,2248.0732148231555,2261.407076899759,4
1766,1767,-0.007512573892680616,1,2237.062518525481,2222.493483571038,1
1768,1771,-8.702477144951896e-05,3,2220.863685321503,2222.891278852189,3
1773,1780,-0.01090366971796898,7,2237.2245957918913,2215.0678623102517,7
1781,1783,-0.0025232049384773816,2,2207.5248446165383,2204.162331871407,2
1786,1787,-0.0031806309496496994,1,2147.4479490653703,2142.7651576048765,1
1793,1797,0.001761403149847682,4,2123.782665017899,2129.6472851586714,4
1804,1808,0.006280304425227735,4,2168.31226107717,2184.098234426766,4
1809,1811,0.0029287106468199363,2,2194.7850186240257,2203.407693894175,2
1812,1816,-0.006091109995379469,4,2202.9578957274134,2191.7423947650755,4
1817,1819,-0.005970283135621701,2,2193.515415367483,2182.6130226907558,2
1822,1824,-0.009855333248195017,2,2156.89371291354,2137.793700304754,2
1827,1829,0.005185431169377018,2,2100.5337046011077,2113.5264112498744,2
1832,1834,0.0024562304312349234,2,2120.4537330347703,2127.7825097549107,2
1837,1838,-0.0035632791075384434,1,2112.748239061674,2107.332675640999,1
1839,1841,-0.007729031202132413,2,2098.506080337231,2084.3851674447774,2
1842,1843,-0.002392450906621671,1,2083.7005231725916,2080.799072489972,1
1845,1846,0.008610065950951703,1,2099.111811442572,2119.284414388957,1
1847,1848,0.001499140211312955,1,2129.99533336305,2135.3184903505667,1
1849,1851,0.002480125758941386,2,2144.6900883822364,2152.1538796037617,2
1852,1859,0.011784880048374281,7,2149.938802911395,2177.425512617963,7
1866,1867,0.003881516244804645,1,2189.1167524505568,2199.802961439418,1
1868,1871,-0.0055491085455316525,3,2210.9294979401043,2200.871739667457,3
1872,1873,-0.007342923847365377,1,2189.2304174448614,2175.3442956226727,1
1874,1880,0.022930128371092037,6,2172.118910466777,2224.0979948315235,6
1881,1882,0.0005424748209653444,1,2248.0104311888476,2251.477930676224,1
1883,1885,0.0024662773707332048,2,2260.4356077677953,2268.2709045630004,2
1886,1891,0.004895010780703062,5,2282.567848775536,2296.023610851754,5
1897,1900,0.0031871256292001805,3,2320.680321062915,2330.397301112418,3
1903,1904,-0.0024356933263800194,1,2330.807025534728,2327.460701443088,1
1906,1907,-0.00038462028397717946,1,2323.2470902120417,2324.6767693466672,1
1908,1911,0.0031106756558196306,3,2329.4625536232707,2339.0382186335933,3
1914,1916,0.0017159071516186235,2,2309.0935277119584,2315.3648113376275,2
1920,1922,-0.003540594854558027,2,2319.844760217662,2313.9509745564797,2
1924,1926,-0.006816342444970413,2,2307.7807290092096,2294.3578860013886,2
1927,1928,-0.0023000865501361604,1,2302.7011482354533,2299.7074374436493,1
1932,1933,0.00033158428373340613,1,2303.3236561473354,2306.3907257282126,1
1934,1941,-0.0072254740443942036,7,2310.755527521557,2296.369978962031,7
1942,1944,0.0020245090593962872,2,2287.34888753696,2294.2669949693154,2
1945,1946,-0.0012560282725093612,1,2299.8367664909633,2299.247943256585,1
1953,1954,-0.0037327785491355946,1,2271.2733772055585,2265.0664900411084,1
1958,1964,0.03174456477238653,6,2303.844120440051,2379.282493467282,6
1965,1966,-0.0021271463691971988,1,2391.3897777677316,2388.6943314623854,1
1967,1968,0.006170906203768483,1,2391.668420989497,2408.8188509069278,1
1971,1972,0.0008218129246306775,1,2426.0061128575644,2430.4258421492013,1
1975,1983,-0.012493204580401054,8,2442.2938315541874,2414.2240489026835,8
1984,1986,-0.0011408820916577714,2,2414.4188431516095,2414.0786947748484,2
1992,1994,-0.0031861674771879117,2,2399.0824543209114,2393.837658284183,2
1996,1998,-0.004581697338150574,2,2383.2470304782214,2374.7109609330023,2
680,684,0.0002451155857209411,4,1990.8646169481217,1993.3434735117442,4
688,697,0.006901798759509934,9,2002.2865299464106,2018.1081951649246,9
700,702,-0.0022113542730073732,2,2025.7199453788296,2023.2660808670787,2
704,712,-0.017075113970147687,8,2028.297245953793,1995.692136559749,8
713,720,0.002648108272716822,7,1995.8696742110542,2003.1508228808082,7
721,723,0.0022763062888712096,2,2018.135856388854,2024.7478875869374,2
726,728,0.001011916117789254,2,2031.446663711866,2035.533763997017,2
729,730,-0.000978064144213828,1,2042.2344352930406,2042.2792334530948,1
731,733,-0.0012727849300370867,2,2047.1428324380192,2046.5844027236967,2
749,751,-0.004296876612957886,2,2068.6529014724183,2061.8328081012264,2
756,758,-0.0038126181823803255,2,2054.2216080440435,2048.4438669986203,2
759,760,0.0012986685963455175,1,2056.736405292783,2061.46416067859,1
762,764,0.004116517326055637,2,2067.5807825758343,2078.159595472903,2
765,768,0.0036051869833510913,3,2076.397544445152,2085.959743389093,3
773,777,-0.004677079655439799,4,2087.1888472823784,2079.5140876349756,4
779,784,-0.002402811507279138,5,2079.5816591804787,2076.6643980986537,5
788,795,-0.004698995405732704,7,2078.9284235687614,2071.2384768811335,7
801,804,-0.0044111496484307185,3,2077.130359934776,2070.04495743774,3
815,818,-0.005852266662529511,3,2086.617734163441,2076.492908494517,3
824,827,-0.005607243483231957,3,2075.6386795278036,2066.075706748005,3
829,832,-0.002853789483160463,3,2063.6775926570213,2059.8519688391198,3
834,836,0.0035431702518035095,2,2061.387606106656,2070.7528409561564,2
840,847,-0.0008396609097919375,7,2076.178758576409,2076.5116511896686,7
848,854,-0.002581559280308868,6,2078.2483014870704,2074.9614285990674,6
855,858,-0.0030920316619582437,3,2074.0356942641383,2069.696745923706,3
865,868,3.337078330704229e-05,3,2070.5684775956806,2072.7081425652646,3
873,881,0.0339418227238154,8,2096.269505548562,2169.51698299278,8
882,884,-0.0009715967521501347,2,2176.0983726218246,2176.160180883248,2
887,892,-0.002942750593468175,5,2171.917275004601,2167.697781429622,5
894,897,-0.0019226269871307677,3,2164.4651612181756,2162.4681672477313,3
898,902,-0.0036101159116098697,4,2166.9246808189137,2161.268756230248,4
903,904,-0.0009660742302510903,1,2169.9266840909913,2170.000300524048,1
905,906,-0.0031701675447831706,1,2170.4402731181294,2165.730054079518,1
907,911,-0.0032292562874871584,4,2164.3501379512277,2159.525246797876,4
921,923,-0.0023993239924278596,2,2160.624402659003,2157.600989093737,2
926,927,-0.0001808347339338853,1,2153.9368934751988,2155.701323763632,1
930,933,-0.004916135715113205,3,2155.2886551642914,2146.848252285424,3
935,939,-0.00459279077547854,4,2144.942454378629,2137.236124914605,4
945,947,-0.012350945778337029,2,2126.1741382004016,2102.0400508423863,2
954,956,-0.0002682583829811176,2,2119.414900046518,2120.965764132612,2
958,963,-0.00021735605497528066,5,2136.187821552789,2137.859696016763,5
964,965,-0.0020400287284160065,1,2139.3031012051956,2137.0781645211528,1
967,970,-0.0008892381888428852,3,2145.6285391803435,2145.8661928834135,3
974,976,-0.006674298242593584,2,2152.6285843870214,2140.4139277936774,2
978,979,-0.0007383487225133278,1,2130.1101965320017,2130.6675425861117,1
980,981,-0.00037951067187101597,1,2127.306878979548,2128.62685019561,1
987,988,-0.003862444325306889,1,2130.347089817468,2124.2490898792857,1
989,990,0.000745276957736426,1,2129.322526620265,2133.0387841615643,1
992,1001,0.0026012942732972165,9,2136.0773433955055,2143.7699864995957,9
1002,1003,-0.0019976092348523177,1,2143.8013191368377,2141.6626431431782,1
1005,1010,-0.004854533252825859,5,2149.901480576967,2141.6146138297836,5
1011,1013,-0.007023893784683093,2,2146.278834231925,2133.3498785021984,2
1014,1016,-0.0008664743512551068,2,2133.5564412248286,2133.841325732777,2
1019,1022,0.0030672455553518154,3,2138.5696892347232,2147.2677772980733,3
1024,1026,-0.0050366514707833945,2,2151.048130263954,2142.3650986651983,2
1033,1036,-0.0008051961839782118,3,2151.9585497012945,2152.377759438697,3
1037,1040,-0.005184831381050642,3,2155.226960017714,2146.2076986021457,3
1041,1043,-0.0032461899511834137,2,2145.738968957765,2140.9192316478293,2
1044,1050,-0.0004253488476082237,6,2139.2659052442987,2140.4952368620197,6
1051,1054,-0.0015286758196517963,3,2143.6170694633583,2142.48379095214,3
1057,1058,-0.004535253634784772,1,2141.505160720915,2133.934396817566,1
1061,1067,-0.00551490931682619,6,2148.698465278145,2138.9972865582104,6
1068,1070,0.0019622058570360344,2,2143.2535639300568,2149.6023221902437,2
1073,1074,-0.002644492848827304,1,2159.0202380029295,2155.4697446610603,1
1080,1088,0.011739751923985478,8,2152.050681959757,2179.4672737757683,8
1089,1091,-0.004128625414704172,2,2187.062717283208,2180.2202172823636,2
1094,1095,-0.006756770666323689,1,2159.3027757317395,2146.8721648526957,1
1097,1099,-0.00421485790271995,2,2144.6402751315823,2137.745561394584,2
1101,1102,-0.0029778361377160107,1,2150.151994651491,2145.899346334887,1
1104,1107,0.0016496504041266101,3,2150.2361993917734,2155.9335736064595,3
1108,1109,-0.004863360658924752,1,2160.0670511079074,2151.7219330420176,1
1110,1111,-0.0053629301264905066,1,2156.436286015686,2147.027905177571,1
1113,1116,-0.01219180218837428,3,2151.774703032817,2127.692466202526,3
1119,1121,-0.0033475083566377245,2,2126.370839533753,2121.379166218637,2
1123,1124,3.0164048478067322e-05,1,2127.906201956237,2130.098294424026,1
1127,1133,0.004510898699380382,6,2124.189731230099,2135.895925657172,6
1137,1139,-0.0013492109392264006,2,2147.0729511607938,2146.3231697989313,2
1140,1142,-0.0006345325244984028,2,2142.761151792682,2143.5442613014307,2
1144,1146,-0.00036626005389684834,2,2144.8878116929304,2146.24711277911,2
1147,1149,-0.004372154185251345,2,2149.315807512716,2142.0679832169853,2
1153,1158,0.0002460082311193856,5,2159.037299126889,2161.727477372895,5
1160,1166,-0.0016783802784498209,6,2166.032516937001,2164.56312319503,6
1170,1172,-0.0020525394321944624,2,2165.5487129900957,2163.2693875773357,2
1174,1177,0.0014669690917844726,3,2169.2884621584417,2174.6400297457512,3
1178,1179,-0.006697184840532059,1,2173.9204671788266,2161.535240448693,1
1180,1182,0.001007510879024153,2,2160.7600756924758,2165.0978250513895,2
1185,1190,0.00414244765612138,5,2196.2502681659803,2207.5443702097664,5
1191,1192,-0.0011572816612807311,1,2208.3512685188734,2208.0039353626694,1
1195,1197,-0.0004963795443656957,2,2215.52180508415,2216.637587185094,2
1198,1199,0.0007295505970524965,1,2223.7714320254004,2227.617557233368,1
1201,1204,-0.0011576195820664208,3,2226.9156391828806,2226.5646336705354,3
1205,1206,-0.0017153770529047012,1,2225.836109582274,2224.243797505952,1
1208,1209,-0.0003808606581936383,1,2240.772041568011,2242.1593916949655,1
1210,1215,0.010074341573618414,5,2251.695721391017,2276.631768929556,5
1216,1218,-0.003093115990159882,2,2284.8084988533055,2280.0261296499025,2
1219,1221,0.0021440294250826583,2,2282.4835787452157,2289.6597742790586,2
1226,1227,-0.00852467151899642,1,2294.0443384935443,2276.782408396367,1
1232,1241,-0.008945780349874428,9,2297.6874355334166,2279.430515858002,9
1242,1247,0.004346727709300119,5,2285.1482615223736,2297.3663270521142,5
1252,1254,-0.0046266193699148,2,2295.844284800097,2287.5181314465326,2
1259,1260,0.003923448886350184,1,2303.8818785950252,2315.2249232644763,1
1261,1262,0.004151894033238377,1,2327.7452319669637,2339.7375287384334,1
1263,1264,0.0009246582106281064,1,2343.24995663642,2347.759911905014,1
1266,1269,0.002366162542897871,3,2366.3694475206676,2374.3350317175696,3
1275,1277,-0.002386597662812403,2,2390.180330565588,2386.8661121055256,2
1281,1282,-0.005860250674154898,1,2375.9209937142264,2364.373422102788,1
1283,1285,-0.009069359309733318,2,2354.936308551817,2335.9334813265755,2
1291,1292,0.0032956194540587347,1,2364.73514332848,2374.893145613858,1
1295,1300,-0.01012910569882754,5,2386.415719983207,2364.6298786341367,5
1301,1302,-0.006701843614115372,1,2373.432247424806,2359.8993079212914,1
1303,1306,-0.008794217852588822,3,2350.7559533543613,2332.4336493356473,3
1308,1311,0.0024874488450576707,3,2343.169640887972,2351.341325145861,3
1312,1313,-0.00045029903319183126,1,2366.1300043730084,2367.430668324006,1
1321,1322,-0.005675012461102277,1,2344.0100867492397,2333.0518103847376,1
1324,1325,-0.008549798034718798,1,2351.819000795343,2334.063242325124,1
1327,1331,0.012350017290510724,4,2337.464869185479,2368.6700656050666,4
1332,1334,0.006399959653981753,2,2391.3903933419797,2409.08658576963,2
1335,1338,0.0015421682249298018,3,2422.9759448345667,2429.1355572912944,3
1342,1343,0.0007850029123824135,1,2433.2778833391144,2437.6212914475104,1
1345,1346,-0.010018377979543816,1,2441.104976871781,2419.090169502606,1
1349,1353,-0.0023424295743054223,4,2420.300177475686,2417.051094938746,4
1354,1355,-0.0013554926177824782,1,2427.5773457007926,2426.7143598753,1
1357,1359,0.004638549052211217,2,2456.581743109607,2470.433299768897,2
1363,1364,-0.00369388106741516,1,2458.9087420216015,2452.284734314968,1
1366,1367,0.00047511563377478127,1,2462.5148085424157,2466.1473026348986,1
1368,1374,-0.0009604099225347176,6,2468.4818826604433,2468.5796100493994,6
1376,1377,-0.0031006253337968427,1,2463.3378281578134,2458.163278310285,1
1379,1380,-0.001058056163000561,1,2447.74569897531,2447.6035922520264,1
1388,1389,0.0016071152604288682,1,2421.420829314992,2427.7337525110192,1
1390,1393,0.005086131974588945,3,2428.816228412603,2443.5983245207453,3
1400,1406,-0.0023081683094374928,6,2464.1007765185827,2460.877317971481,6
1409,1412,-0.00884226073615308,3,2465.442061772106,2446.1074222938105,3
1413,1423,0.013764174684548422,10,2446.006973870156,2482.1202481119985,10
1425,1426,-0.0014260442668156367,1,2488.5986520037927,2487.5383988157014,1
1427,1429,-0.002290286837519789,2,2492.3307087558705,2489.1148872476165,2
1432,1433,0.0018347837506197556,1,2512.4743757107417,2519.596697244855,1
1439,1441,0.0022182541438566443,2,2519.638582006246,2527.7474193138087,2
1443,1444,-0.001406830266178558,1,2527.116816883389,2526.0887092761122,1
1450,1456,-0.007128384925551437,6,2501.653554818091,2486.3224588837916,6
1457,1460,-0.015154218429074114,3,2475.9272617515685,2440.8824464742374,3
1463,1466,-0.005629671023042,3,2422.6920408730402,2411.475773733656,3
1467,1468,-0.0013174363506150524,1,2416.5577052352965,2415.790601976296,1
1470,1472,-0.00020928683258036114,2,2429.3651352493816,2431.2860662502935,2
1473,1475,-0.009170520876523033,2,2440.2464943447,2420.3084094187943,2
1479,1483,-0.009574030658370456,4,2388.383545461034,2367.9054717183035,4
1484,1486,0.0016276851008895517,2,2369.1890173654,2375.4145000475223,2
1487,1495,-0.009012761391881036,8,2381.2087199870475,2362.128662689525,8
1497,1498,0.0037620579172450265,1,2397.365376664239,2408.7817694367122,1
1501,1504,0.004008215389551218,3,2410.3732206123263,2422.444888870359,3
1506,1511,0.0020915904995588218,5,2420.5966084591073,2428.080101937084,5
1513,1515,0.0030363195768467266,2,2418.868166585388,2428.631491519988,2
1517,1521,0.01038322967223105,4,2417.22740441365,2444.7432591281017,4
1522,1524,0.0002860826858232569,2,2444.323136782792,2447.4667384475656,2
1530,1532,-0.002348778241848123,2,2429.5588884761178,2426.2819523100525,2
1535,1543,0.0169611793778666,8,2434.3699632950143,2478.0941188778465,8
1545,1547,-0.00256962621891186,2,2484.92774219579,2481.027334459538,2
1548,1549,-0.004411226307102182,1,2481.3729981610904,2472.9084733120303,1
1551,1552,-0.0022048641168816276,1,2479.703710215893,2476.7160041949555,1
1555,1558,-0.0025534842162962326,3,2481.8770724011006,2478.021515542338,3
1559,1563,-0.0067225147569744004,4,2479.1132339042174,2464.92647183899,4
1564,1565,-0.004711676517394202,1,2466.695405656741,2457.5398302440008,1
1567,1568,-0.0010963093528233963,1,2467.0629520596885,2466.825350823401,1
1569,1570,-0.001114812935845639,1,2465.5825316098885,2465.2994508408647,1
1573,1575,-0.006080695858026842,2,2446.3903950326926,2433.9610294855333,2
1577,1578,-0.005992695676854791,1,2431.867943229003,2419.7263666621616,1
1579,1581,-0.009005469829128396,2,2425.6000585926668,2406.181990506071,2
1584,1588,-0.006042093228510788,4,2414.120059000466,2401.9478405981677,4
1590,1596,-0.01670849765102549,6,2409.149161734794,2371.3050477867127,6
1601,1602,-0.0005110725676592678,1,2357.2216474380116,2358.3741577655514,1
1604,1610,0.0013582633492360864,6,2359.6422808248954,2365.2069387330725,6
1620,1621,-0.0021048619564284464,1,2386.9974924438834,2384.360189724392,1
1622,1627,-0.00809088427904522,5,2390.204026348707,2373.2553661945603,5
1637,1638,0.00033791421883750034,1,2289.695596111875,2292.759012406723,1
1639,1640,-0.0037567750713302984,1,2286.610333042467,2280.3066626784894,1
1643,1645,-0.042872831518052955,2,2243.243166936524,2149.3122237533676,2
1650,1652,0.0037143626029365467,2,2160.0339306987903,2170.2171138827507,2
1656,1658,-0.0064486759791893295,2,2195.726200756242,2183.762400149305,2
1660,1664,-0.005997467239654395,4,2203.8273891725225,2192.81383399328,4
1666,1668,-0.015984814515754887,2,2162.9006918877776,2130.4900262038414,2
1670,1671,0.0023604084498481726,1,2111.9145131605765,2119.0114085359583,1
1677,1679,-0.016047470807598545,2,2096.9159547993977,2065.362673183566,2
1680,1683,0.014235864500830264,3,2074.0087932105293,2105.6081101574155,3
1685,1687,-0.0005991192283942517,2,2117.269930152989,2118.1187029562866,2
1690,1693,-0.0014222615831617493,3,2139.2916847253496,2138.3883440317127,3
1694,1695,0.0025285780951965903,1,2140.1295639835944,2147.6811782839495,1
1696,1697,0.0049940734790924314,1,2154.8519116864877,2167.7682523816993,1
1698,1699,-0.002668579269311169,1,2166.746848901448,2163.131460027526,1
1700,1702,-0.0053550942433288305,2,2161.440019212464,2152.0267442274912,2
1704,1711,0.01616541701873722,7,2154.3368889178273,2191.316980014951,7
1713,1722,0.010321110526817605,9,2207.2254953042093,2232.213739094158,9
1723,1725,-0.0008776848371472756,2,2238.0905489382935,2238.364301348266,2
1726,1730,0.0052412855187802575,4,2233.1740755369083,2247.1119525554723,4
1732,1736,-0.011485506582455913,4,2263.554562896721,2239.8200466277194,4
1738,1740,-0.003182411592922503,2,2252.1113953492104,2247.1963613314474,2
1745,1749,-0.006901048130059059,4,2262.5845896038804,2249.232969042298,4
1750,1756,0.0037233050344763416,6,2249.799646643432,2260.426136640986,6
1757,1759,-0.001431843307847187,2,2265.8987735391893,2264.9202603175772,2
1761,1762,0.00021309627707900218,1,2248.2241945280716,2250.9515069284926,1
1764,1766,-0.0021265864579954347,2,2238.2013283056294,2235.679800998893,2
1768,1769,0.001103274812766342,1,2215.8776203583247,2220.538219945397,1
1770,1772,0.0037768386216414174,2,2219.9447954898856,2230.5491135268935,2
1773,1777,0.0018169550855069005,4,2228.712673791707,2234.990857292278,4
1781,1784,-0.016796198485284446,3,2215.1296896205827,2180.1390613726894,3
1785,1792,-0.021545631665081257,7,2162.1970248838775,2117.773321223279,7
1794,1795,-0.005893979787149945,1,2124.3298616785205,2113.933434274227,1
1797,1798,0.0006298269588598652,1,2130.6877640488483,2134.160416407608,1
1801,1808,0.006367434920049169,7,2164.0436122928845,2179.9870627706005,7
1819,1823,-0.019599147225857757,4,2191.2941933382695,2150.5379900212038,4
1831,1837,0.0033784552213404354,6,2108.2525605989786,2117.4834500308375,6
1841,1847,0.02018877186397959,6,2085.7732376343793,2129.968210926608,6
1850,1851,-0.0008990923354019356,1,2146.96858460845,2147.185230194288,1
1853,1854,0.0020902433506483063,1,2147.031656849608,2153.666507150819,1
1858,1859,-0.0011007256848538766,1,2181.7488882945945,2181.529130143642,1
1864,1865,0.002570478188524604,1,2173.7208302006306,2181.4820530128036,1
1866,1871,0.003950997962883733,5,2187.8107268804415,2198.6425733324018,5
1872,1877,-0.0024394482307626888,5,2188.1342274568997,2184.9845215145156,5
1879,1883,0.01907609635834099,4,2213.9770703638596,2258.425087363642,4
1890,1891,0.0005605889229025466,1,2292.0176222311206,2295.594519543472,1
1892,1893,-0.0008371970830310901,1,2312.3970872764144,2312.7735522674134,1
1896,1897,-0.0016862931474578135,1,2313.9310951084612,2312.3430600541988,1
1902,1903,-0.008315577184466533,1,2342.0412917428253,2324.907907903873,1
1904,1909,0.0010237049546522404,5,2325.518760745298,2330.224924583555,5
1910,1914,-0.01694333432153909,4,2343.8636012145507,2306.4946002163006,4
1916,1917,-0.0027446864506134264,1,2316.9474103393563,2312.9050635857534,1
1920,1921,-0.0006915895364781971,1,2322.6269601019276,2323.343282559281,1
1924,1929,-0.0009403335529141941,5,2307.052328805454,2307.189982421155,5
1930,1931,-0.001391031292310205,1,2309.51259247614,2308.6095007824974,1
1932,1934,0.003695232326408177,2,2302.4147232639434,2313.2250953014104,2
1938,1943,-0.009125401658114589,5,2305.0679116281526,2286.3383089969425,5
1944,1947,0.004270811472825155,3,2293.993110293922,2306.0843154982413,3
1957,1961,0.03464870263091518,4,2279.8980452991536,2361.173452744828,4
1964,1965,0.0018784806075758838,1,2377.223928794697,2384.0667217735977,1
1966,1968,0.01243113020689146,2,2384.9093929045634,2416.941421492303,2
1969,1970,-0.004618516864355171,1,2433.716682226543,2424.910237368844,1
1979,1981,-0.004573374659166601,2,2425.9634421458613,2417.2945658576327,2
1982,1984,-0.007025101020747568,2,2426.2235028781743,2411.6052611744212,2
1986,1989,-0.0013696565962444183,3,2425.2646797392576,2424.3681646527534,3
1993,1995,-0.006107447924277033,2,2397.304501517765,2385.060393617628,2
1999,2000,-9.873438049944462e-05,1,2375.7756465126004,2377.916851422449,1
672,676,0.0004766971657661548,4,1981.5986194917018,1984.5248405567913,4
678,682,-0.00553028156359219,4,1995.1428736830517,1986.104314705673,4
683,685,-0.0009445820063410664,2,1991.6319411417578,1991.742313388043,2
688,690,0.0014758094595440632,2,2008.7914626273528,2013.764847532777,2
691,694,-0.001383790235133881,3,2020.7939593945198,2020.0183984056866,3
697,698,0.00027697716558366947,1,2016.8793113730935,2019.454820199455,1
699,700,-0.0020328236350813872,1,2022.6069857513144,2020.5179894519497,1
701,709,-0.00913618524438847,8,2024.5542359409117,2008.082087639985,8
710,712,-0.003732736410594209,2,2005.8737148603564,2000.3921907247036,2
715,722,0.011105662836475846,7,1996.46059508919,2020.6290739196497,7
725,727,-0.0018630769245903743,2,2033.858531677529,2032.103155310957,2
728,729,0.0009403872272561228,1,2039.376042897966,2043.3332221231774,1
734,738,0.0071348864259672745,4,2049.1978658276444,2065.867857730487,4
741,742,-0.0022291480331200404,1,2065.318861686744,2062.780279070136,1
746,747,-0.003684756487011999,1,2067.4822913751605,2061.9316048816086,1
753,762,0.0032384396624778582,9,2060.689831088453,2069.423940600603,9
765,767,-0.0004571066630814914,2,2082.0745062095807,2083.20485058597,2
768,769,0.0017125637641250057,1,2085.3630619513106,2091.0197422282044,1
771,772,-0.002261470380625329,1,2092.556948011237,2089.9172494015493,1
779,780,-0.003339000985126995,1,2080.4816383437465,2075.615389742122,1
781,784,-0.0027323908633764852,3,2077.540668206975,2073.9415557350803,3
787,791,-0.00020485431022726453,4,2074.1302268605364,2075.779462570452,4
792,798,-0.002167531653935857,6,2073.6191425617435,2071.1981265745953,6
801,804,-0.0033640069716887283,3,2072.5218449740046,2067.622388883509,3
805,806,0.0010156555681624761,1,2072.6611341914604,2076.8389051475074,1
809,810,-0.0012956208429249975,1,2091.608349220325,2090.9900261970597,1
811,812,-0.0038199673381392497,1,2088.9200769613244,2083.02939057231,1
814,815,-0.0029527173330952724,1,2088.9683217859947,2084.8891571357562,1
817,820,-0.004385982775290686,3,2082.749345950815,2075.6971925401776,3
822,825,-0.007112758597212194,3,2081.0817853462354,2068.3606347713585,3
828,831,-0.003103032868277015,3,2064.5671881916655,2060.225335536132,3
832,836,0.0029328305746206384,4,2061.095566664205,2069.201506325997,4
839,840,-1.7363223489798556e-05,1,2074.7065009595913,2076.745183867899,1
841,843,-0.0033071479972283813,2,2077.03148121016,2072.239462188106,2
845,852,-0.004206909750329609,7,2081.196969265191,2074.522758412098,7
853,855,-0.0006858469893362021,2,2075.913418927651,2076.5655733780845,2
856,863,-0.006049936791435188,7,2078.9892320456524,2068.4904678337475,7
864,866,-0.0018397259897561843,2,2068.0603149235817,2066.323710928757,2
869,871,0.007015042228417375,2,2074.2398975697674,2090.8650179406573,2
872,879,0.0255892375550749,7,2092.6730367846058,2148.3156172847716,7
880,881,0.0014447654757907672,1,2165.874330589077,2171.1693853774027,1
882,883,0.0016170535700181792,1,2176.2848048385904,2181.9802587564695,1
885,886,-0.0013189654670280845,1,2172.4375754605994,2171.7446428947533,1
890,891,-0.00164683363834368,1,2169.123041906824,2167.719980157612,1
892,893,-0.004887549760154749,1,2171.0921149623887,2162.651886331593,1
896,899,-0.001774974303691523,3,2166.6451001539153,2164.966005876077,3
901,906,-0.0022571567742074227,5,2166.2191743486883,2163.495897239238,5
908,911,0.001015847033155355,3,2162.517191029185,2166.876494892869,3
918,919,-0.0007669975806978923,1,2150.0956723059858,2150.596649799364,1
920,922,-0.0027006308889221675,2,2156.2657289502954,2152.5987168469183,2
923,925,-0.00476935814672689,2,2162.1290700636678,2153.9792312391482,2
928,929,-0.0027070178983732603,1,2157.3540137135146,2153.6713717989783,1
931,933,-0.0013152134156682283,2,2150.0941563103665,2149.4164177873477,2
934,936,-0.006041574631655704,2,2147.301385458994,2136.475605267545,2
937,938,-0.002536000571606167,1,2140.6279430714667,2137.339937327313,1
946,948,-0.007082753827700938,2,2117.4925439446383,2104.612358067831,2
950,951,-0.0007793997270228493,1,2115.9301744967547,2116.3969492708493,1
952,954,-0.0020074538293597633,2,2119.0826949440107,2116.9478169682593,2
956,957,0.00012221781757153867,1,2123.8515038744217,2126.2349278739457,1
960,961,-0.0025937475486391835,1,2140.9197313212035,2137.507645747577,1
966,970,0.0015162380343988445,4,2143.416040492714,2148.809385457342,4
971,972,-0.0020825094692898567,1,2150.5190800692994,2148.191122801236,1
974,975,-0.003384736837830349,1,2147.775549749451,2142.653670276572,1
988,990,0.0006033163167396107,2,2125.2860885149685,2128.693594378424,2
995,1000,0.0012705093918707676,5,2142.4235479478634,2147.287940734844,5
1003,1006,0.004461586764023461,3,2137.7819631656625,2149.457644840056,3
1009,1011,0.0006578945257881001,2,2143.437680764315,2146.991274361622,2
1013,1016,-0.003894134202579682,3,2136.871795880838,2130.6874021298513,3
1021,1025,0.0006013625781722683,4,2145.6683090430874,2149.104301978359,4
1027,1028,-0.000892854518797642,1,2139.8992696874716,2140.128550224447,1
1037,1038,-0.0015106401972415232,1,2150.05162333801,2148.953720552989,1
1044,1050,-0.0017827723351251518,6,2143.2465202306157,2141.568846147226,6
1057,1058,0.0011089116710241956,1,2136.9197531850705,2141.4263281926046,1
1069,1074,0.002450476647121122,5,2145.9158149717477,2153.3202473779957,5
1075,1076,-0.0020782849015176293,1,2156.0192303006797,2153.694427317265,1
1077,1078,-0.0016652202217409587,1,2152.982253612269,2151.5500462801165,1
1081,1086,0.016461095637466897,5,2152.615881334156,2190.2029131088616,5
1088,1089,-0.003449941940461618,1,2186.248160119722,2180.8919790599875,1
1092,1093,-0.003247132688947068,1,2177.8529874999936,2172.9590628600613,1
1094,1096,-0.0041543534069083225,2,2157.5710014021715,2150.765259963252,2
1097,1099,-0.003957986437984109,2,2144.2284485077553,2137.8858498371296,2
1101,1102,-0.0009948296616784347,1,2146.7717189271502,2146.7828184632363,1
1106,1110,-0.0008890434869784869,4,2153.1165950964387,2153.3554974059593,4
1114,1115,-0.0060175510256490474,1,2143.989507539647,2133.2319307871107,1
1117,1120,-0.0059284924425238635,3,2132.198152226834,2121.6896297476205,3
1124,1126,-0.0027134344615491715,2,2124.454937638737,2120.8148233365787,2
1127,1129,0.0002089601015602654,2,2122.085408593327,2124.6509251844195,2
1134,1138,0.0015382763116682874,4,2140.8017069208718,2146.235653181528,4
1139,1141,-0.0035580390077281964,2,2148.7394593277722,2143.242899973367,2
1142,1146,-0.000780845573663386,4,2143.7558619121437,2144.225675498267,4
1148,1150,-0.0022624201885728798,2,2148.434547126086,2145.7223199799664,2
1152,1156,0.0012481029059763387,4,2151.1513885317113,2155.9873982194645,4
1157,1158,0.000972131150443241,1,2155.895260001977,2160.14696820132,1
1164,1165,-0.0026318958139250614,1,2172.0164586030137,2168.471954036443,1
1166,1167,-0.0018771598861718113,1,2167.303227401073,2165.402155948826,1
1169,1170,-0.002641151928004579,1,2168.499521018388,2164.9406838485916,1
1174,1175,-0.0009173747743267816,1,2169.444077145205,2169.6233279516646,1
1179,1180,-0.0024090017749088064,1,2166.470426333019,2163.4178656570284,1
1182,1185,0.011399934521235812,3,2167.994400384008,2194.8773889911754,3
1187,1188,-0.0007343351167583612,1,2211.2407658954066,2211.8282149152974,1
1189,1190,-0.0031487259657941983,1,2208.6098013623828,2203.864104133888,1
1195,1196,0.0003296864180667928,1,2213.0588904795286,2216.001564828581,1
1197,1199,0.0006441299466172362,2,2219.8843238230256,2223.534102117849,2
1200,1202,-0.0008577539360455171,2,2226.838890163081,2227.1556492302675,2
1206,1209,0.00845740153981122,3,2225.9043740502902,2246.955645504906,3
1211,1216,0.007761704331520232,5,2260.483569814345,2280.289258499318,5
1218,1220,-0.00010580184862312163,2,2282.0986351914253,2284.139283572273,2
1221,1222,5.1034426498566213e-05,1,2295.27011920729,2297.6825271206903,1
1224,1228,-0.01324703673706042,4,2307.057984486871,2278.803360596332,4
1233,1238,-0.003052237651586754,5,2291.7064944418466,2287.003368087567,5
1239,1241,-0.0022842952550466795,2,2280.5372313732573,2277.6083482280474,2
1244,1245,-0.0006357546869262855,1,2290.2801111726076,2291.114334968728,1
1248,1255,-0.005432780898005906,7,2298.609360029743,2288.4201283666257,7
1256,1262,0.017250106034555762,6,2296.3450267491903,2338.253566979288,6
1263,1269,0.010868665260791353,6,2344.885363161984,2372.716022612283,6
1271,1272,0.0037325083769449274,1,2375.1670549616215,2386.407552945871,1
1274,1275,-0.0008101494037832213,1,2386.9528436273154,2387.4060080478193,1
1276,1277,-0.000526974049325201,1,2385.2511762585646,2386.3794619638124,1
1280,1281,-0.00034690896765406207,1,2377.036823559875,2378.589244992898,1
1284,1289,0.001524282347165742,5,2342.391403369402,2348.30426063908,5
1294,1297,-0.0017696101015504382,3,2385.5422799094667,2383.7063424731728,3
1298,1302,-0.006213040534548473,4,2378.436138343965,2366.037254345943,4
1305,1306,0.001663615089221946,1,2327.1532753393913,2333.3519159185175,1
1307,1310,0.004460941741201401,3,2332.532644502691,2345.2704693837704,3
1311,1315,0.0063804537636004905,4,2352.307215960272,2369.6683106054506,4
1320,1324,0.0005352818232860835,4,2339.094742291871,2342.685911932656,4
1326,1327,-0.0018021191506370816,1,2335.745512561475,2333.871966354835,1
1330,1332,0.010278747743713023,2,2362.0760634725257,2388.717323543895,2
1334,1337,0.005799491672716899,3,2412.04127556261,2428.4419301300472,3
1338,1340,0.0007012330781005498,2,2428.7591504828074,2432.891035888348,2
1342,1344,0.0009383570932768104,2,2434.109581696687,2438.827755270182,2
1348,1349,0.0016232229704008895,1,2416.7217856164793,2423.0613857175767,1
1350,1351,-0.0016729535897577828,1,2422.597126870621,2420.9668314375567,1
1352,1357,0.011476740181829391,5,2421.71497431277,2451.9300828417163,5
1359,1368,-0.000721207620034177,9,2469.325301946084,2470.0137310239234,9
1370,1371,-0.0020625505163441825,1,2471.118229208969,2468.4925412585753,1
1373,1374,-0.002500905814724571,1,2472.6192080835212,2468.908039536509,1
1375,1376,-0.0018361870843220727,1,2470.5360168054303,2468.470186496825,1
1379,1380,-0.0031499804365486463,1,2445.8734421709405,2440.614862119999,1
1383,1386,-0.00868318609558674,3,2446.0712383923233,2427.2776178646927,3
1393,1394,-0.0012772637660282095,1,2443.948014382117,2443.2703961516722,1
1395,1397,0.0026374814690165046,2,2443.31672855703,2452.204247880094,2
1398,1410,-0.0035210654062529114,12,2462.3643699138584,2456.156588283279,12
1414,1415,0.0003839767838555723,1,2453.291859195056,2456.687158172204,1
1416,1420,0.0017502342955454156,4,2455.9401878322183,2462.6945987646027,4
1421,1422,-0.0008175513010819107,1,2466.6078325452627,2467.0578619350517,1
1424,1425,-0.0005028632120720167,1,2484.7879632491245,2486.0232427558562,1
1426,1428,0.0003881253228369638,2,2487.856501930713,2491.3099585406276,2
1431,1435,0.009054598576614302,4,2505.999570274615,2531.1963899868942,4
1438,1441,0.0036277019024291085,3,2515.569193248689,2527.210497589978,3
1443,1449,-0.012543129361712074,6,2534.356072865178,2505.1016728674545,6
1450,1451,-0.0026198999805690892,1,2498.186051849774,2494.1392403129244,1
1454,1456,-0.006731178421104162,2,2499.5873281795784,2485.2617472226502,2
1459,1460,-0.001742196138488887,1,2441.0877509999755,2439.2759850974708,1
1462,1464,-0.009578118607569484,2,2433.640135739475,2412.7640820069605,2
1465,1468,0.0037507691071128196,3,2403.6024542332993,2415.0214145186515,3
1469,1470,0.0006550794892945587,1,2420.406912565024,2424.412878401757,1
1472,1473,-0.0016572205649673147,1,2436.9610171695354,2435.359396273028,1
1474,1485,-0.028441892719197646,11,2437.0854822439505,2370.207243892698,11
1486,1489,0.0028828546707223702,3,2373.1885249978227,2382.403271146615,3
1490,1494,-0.007823376229676127,4,2387.1323119350736,2370.844010060724,4
1495,1499,0.01491374385600934,4,2366.320250159312,2403.977264501635,4
1500,1502,0.0035041581882411174,2,2407.2585610503734,2418.101234409342,2
1504,1508,0.0009058745927387438,4,2418.6717584409453,2423.2814434935326,4
1511,1513,-0.005003406142048333,2,2424.9171266062945,2415.2091984876806,2
1514,1516,-0.0025549909981348587,2,2424.650472321023,2420.88016266294,2
1517,1519,0.0012831310464938702,2,2421.507446897594,2427.036065728922,2
1520,1527,0.002872194653132875,7,2434.880952923078,2444.309285930002,7
1529,1532,-0.006784223748629916,3,2438.3504611611074,2424.2464965161766,3
1533,1534,0.0006005355507328232,1,2425.5987912877863,2429.481048385057,1
1538,1539,0.001835540710256546,1,2453.2531919063767,2460.209491204594,1
1541,1542,0.00024526775649876074,1,2474.962691871246,2478.0446831099707,1
1544,1547,0.0011712743052309398,3,2478.7626194408012,2484.14469302516,3
1548,1550,0.0007499845812391698,2,2477.0446402226976,2481.3794301501284,2
1552,1554,-0.0020833734345768588,2,2478.4665790727404,2475.7814742224864,2
1555,1556,0.0006583550333639514,1,2478.3182651142047,2482.4281966834346,1
1557,1558,-0.002710227218464868,1,2480.2913752188606,2476.0495133992376,1
1559,1562,-0.00616503541025806,3,2479.2255223341317,2466.4202347212604,3
1566,1567,-0.003313657216009944,1,2468.3582727952635,2462.647337865713,1
1570,1573,-0.010756524087355172,3,2467.1904530978763,2443.119250014134,3
1578,1579,-0.0021782114153674936,1,2425.6430638098864,2422.7851434624986,1
1583,1587,-0.0026293173861794187,4,2412.4708201699927,2408.5401395190393,4
1588,1589,-0.0021712071704072773,1,2405.199884381198,2402.382897030348,1
1595,1597,-0.011176644961475635,2,2387.651589957025,2363.3533074343295,2
1600,1606,-0.0015481008483103343,6,2353.6813467572224,2352.3912920144126,6
1607,1616,0.011203695416915151,9,2346.0307662516097,2374.6610111616565,9
1617,1619,-6.169727581238041e-05,2,2384.5753865528013,2386.8128401340346,2
1632,1633,-0.012383930233540588,1,2318.4541275978045,2292.061007559567,1
1634,1635,-0.004499929309317833,1,2295.2347973208243,2287.201637781915,1
1636,1639,-0.0004399927720672752,3,2284.029121010353,2285.3081938269274,3
1640,1643,-0.01688955080113462,3,2276.284902741525,2240.1157581415578,3
1644,1647,-0.02828409705173098,3,2202.3043153020653,2142.216430625918,3
1649,1650,-0.0004175944251764064,1,2164.499029026988,2165.7596453281935,1
1660,1664,-0.009336592969583394,4,2212.3929437239544,2193.9491242633494,4
1666,1670,-0.02681944313852395,4,2170.9379767308055,2114.8855670833423,4
1671,1672,0.0017705985373380802,1,2119.5963511040823,2125.4689016541984,1
1675,1676,-0.004610004071914722,1,2117.497486233149,2109.8533116855783,1
1677,1678,-0.009724430347940273,1,2092.9580255886217,2074.698159073211,1
1680,1682,0.008782115069546879,2,2078.1526165299624,2098.4813445569384,2
1683,1690,0.014563066530507186,7,2105.0902917210815,2137.8519519838615,7
1692,1693,0.0012140535899247433,1,2134.298224609966,2139.0236752561336,1
1694,1695,0.00037725022011952675,1,2141.310583254588,2144.2597037267196,1
1697,1698,-0.003518599545152537,1,2170.385809774278,2164.919477060975,1
1699,1700,-0.004822729434750789,1,2165.887041047002,2157.6074409028465,1
1703,1704,-0.0006058339657644726,1,2145.281250757319,2146.12684776025,1
1707,1708,0.0019980491436552067,1,2167.434862974042,2173.93293920891,1
1710,1715,0.012304267668103549,5,2187.5030012751363,2216.6061267288806,5
1716,1722,0.005763973232733111,6,2220.0050557669833,2235.0211105407234,6
1725,1727,-0.004155880043663114,2,2237.5926232139705,2230.5310493085217,2
1733,1734,-0.004271338820938513,1,2255.8384189767376,2248.4588071829744,1
1736,1738,0.00397197108888406,2,2237.1194484743623,2248.242341694557,2
1741,1746,-0.0014179765520728428,5,2256.3135517935434,2255.3704656347695,5
1749,1752,-0.002129953004604868,3,2249.377423292705,2246.835732514765,3
1755,1756,-0.0016411591715738555,1,2260.651985468962,2259.2025477147417,1
1760,1762,-0.00748647079012737,2,2263.275230535436,2248.594561862549,2
1763,1766,-0.004601312378356752,3,2241.791578517916,2233.7181867565037,3
1769,1772,0.003715709102282177,3,2216.8881935038908,2227.342393336739,3
1777,1778,-0.005987915103173383,1,2238.8975702224393,2227.7301392174686,1
1781,1783,-0.004751942513565055,2,2211.706722374083,2203.40852589487,2
1784,1789,-0.025642720229890118,5,2184.4378229152985,2130.6073327856066,5
1790,1792,2.4913489196155478e-05,2,2116.3818160865303,2118.550924358127,2
1796,1801,0.01600533080980968,5,2125.9257891023703,2162.077860423162,5
1802,1806,0.003781603499485785,4,2165.679389440133,2176.034809587444,4
1809,1812,0.0016014602259254748,3,2193.9307525654226,2199.6381761566563,3
1813,1814,-0.002284336608315447,1,2198.7512680251148,2195.92733127901,1
1817,1819,-0.006660774458345786,2,2194.5643149704106,2182.141381349029,2
1823,1824,-0.00811915477120583,1,2153.837041359802,2138.5035421104053,1
1828,1833,0.006104025036153506,5,2109.9295021667854,2124.918494174697,5
1834,1839,-0.017425988801398243,5,2132.1454840461497,2097.122886202256,5
1848,1853,0.0037174866765345054,5,2134.9601127060027,2145.031758592626,5
1854,1856,0.00623111895805212,2,2157.357609812605,2172.957719324219,2
1859,1861,-0.0006388261457272083,2,2184.9742744154405,2185.763429995618,2
1862,1864,-0.0015184806423535037,2,2177.8042374759557,2176.675088135989,2
1865,1870,0.009139255936769262,5,2186.0911315795156,2208.256469063702,5
1871,1873,-0.013541752094595981,2,2203.292327708816,2175.659181542767,2
1881,1883,0.006061155869499811,2,2245.9628839573734,2261.8219779581077,2
1887,1888,-0.0035789220147661783,1,2291.7695832116883,2285.859288180772,1
1889,1890,-0.000305129155765576,1,2290.3696291717456,2291.961140249577,1
1892,1893,0.0023056315994059813,1,2312.309604420276,2319.953248116258,1
1900,1903,-0.003297591236692496,3,2333.0674778596576,2327.707042467915,3
1907,1909,0.00045341181019525304,2,2328.315282290665,2331.6992832198043,2
1910,1914,-0.015536769298328337,4,2342.575752305326,2308.5222690302057,4
1919,1921,0.0003879373640750987,2,2319.719658671761,2322.939284260211,2
1922,1928,-0.0067330687075998,6,2317.971982349108,2304.6828897120095,6
1929,1930,-0.001968919308007073,1,2308.009237884874,2305.7729631712286,1
1931,1932,-0.003669440791987279,1,2307.0907046541565,2300.932062616338,1
1933,1938,-0.003496142495052726,5,2307.415508286034,2301.6558703820574,5
1939,1940,-0.0036918621352749086,1,2294.8806847818396,2288.7031823615016,1
1942,1945,0.001843986449831005,3,2289.717380380378,2296.2293055841224,3
1946,1951,-0.006641160227489773,5,2300.2268848550075,2287.2509364379607,5
1952,1958,0.008125754745774,6,2277.2214997689125,2298.0028646776072,6
1959,1963,0.017283042700322458,4,2331.609096924774,2374.23800560431,4
1967,1968,0.008299128013082413,1,2388.4905824704547,2410.701462154889,1
1970,1971,-0.00241524270400577,1,2428.942639351849,2425.5050960030576,1
1973,1977,-0.003805723740817208,4,2440.9218516159417,2434.0732992273834,4
1984,1986,0.0013521778628241836,2,2413.402522269874,2419.0792742568415,2
1988,1990,-0.010242997909267033,2,2434.9907213515253,2412.4841072049885,2
1996,2000,-0.008402205476396526,4,2385.765652406984,2368.105724829338,4
672,674,0.001010411493339138,2,1979.0971041769722,1983.0759037416437,2
678,679,-0.0038760448595040096,1,1994.0599800697519,1988.3249741145296,1
682,686,0.00024541440060530783,4,1992.940884663075,1995.4229219403894,4
687,690,0.005181255241027836,3,2001.40113111454,2013.7723023456408,3
693,694,-0.0014654900038449476,1,2016.1893341996592,2015.2508182187305,1
696,698,0.0007662904626715165,2,2018.114305561498,2021.6788816119922,2
699,703,-0.00041477773636024314,4,2023.0782048948026,2024.2621553013914,4
712,713,-0.002782607828809436,1,1997.8894640202448,1994.3280106205864,1
714,715,-0.002018159394928761,1,1998.8726286083643,1996.8374576622807,1
716,719,-0.0008468044331308338,3,1999.5146134219453,1999.8209301966117,3
722,723,0.001245613159223463,1,2020.820734825395,2025.3587164599505,1
725,734,0.009409326920633815,9,2029.1416863573754,2050.2636855389555,9
740,743,-0.0015468685877655206,3,2067.4708413903013,2066.340206531024,3
746,748,-0.0021564531949901508,2,2066.956379282714,2064.566040973987,2
750,753,-0.0037859552064982305,3,2064.487880487646,2058.736309728249,3
754,756,-0.005818070503383971,2,2058.6483978804167,2048.7296847577504,2
757,761,0.005516409036362829,4,2051.482878119943,2064.8511796848675,4
763,764,-0.001280048792020949,1,2073.17493157765,2072.5943414424137,1
768,770,-0.000110471718703551,2,2087.1890370533906,2089.0456507302615,2
775,781,-0.006164039049722211,6,2082.446826684602,2071.6929899526326,6
784,786,-0.0026491894819729786,2,2078.8636249572187,2075.435184932483,2
789,790,-0.003118846005087678,1,2081.013227060618,2076.603880497926,1
791,796,-0.001006687584798814,5,2073.682177904094,2073.6683099786833,5
797,799,-0.0008514857032931867,2,2073.8697568660164,2074.177756174419,2
803,812,0.0042582177289437915,9,2072.648799544489,2083.547238208128,9
817,822,-0.003450830535737239,5,2081.179517483243,2076.0788991714444,5
823,826,-0.006714014808336447,3,2076.041894517028,2064.179360389031,3
827,828,-0.0031751131653688547,1,2069.4063439253505,2064.9051509421806,1
829,831,-0.004668268778963508,2,2064.5380075597504,2056.9647272436355,2
832,836,0.003799909161744268,4,2059.7386733794087,2069.6252319085615,4
837,844,0.0028210133547859595,7,2070.2579108896857,2078.1683940150465,7
845,847,-0.0015341467070297543,2,2076.9081478808735,2075.7987742328796,2
848,849,-0.002223357395660201,1,2078.359856341403,2075.8172794403044,1
855,859,-0.007872263868857934,4,2078.8091169207764,2064.5229921363093,4
860,861,0.00015268254910037987,1,2065.1266755529664,2067.507111033558,1
862,863,0.0004176491171046174,1,2064.3697474342357,2067.2962993840633,1
870,871,0.0016383022687320686,1,2083.365602655345,2088.862150851429,1
872,876,0.01376687825610403,4,2093.7548673083165,2124.6730905319837,4
880,881,0.002708466668650415,1,2159.2775050591154,2167.2851137149937,1
883,884,-0.0022896347393445817,1,2178.1442188616143,2175.3352084096678,1
889,892,-0.0030504503252123893,3,2171.129483953002,2166.6776907965523,3
893,894,-0.0017021914654399529,1,2164.1300765145866,2162.610442844756,1
895,896,-0.00021650594215581168,1,2169.0326814853506,2170.7321057025642,1
898,903,0.0003641213602554646,5,2162.610329042308,2165.5603919860637,5
906,907,-0.0011857470292217852,1,2164.286639686527,2163.884629872821,1
908,909,-0.0012523158118828764,1,2163.8453252247623,2163.2993528347392,1
914,915,-0.004951483410607977,1,2150.890698221852,2142.391489309797,1
916,917,-0.002811274613860323,1,2145.0793457013033,2141.1940179377184,1
920,923,-0.002507073692350343,3,2158.5042872043464,2155.2512621782753,3
925,926,-0.0013442495005453001,1,2153.1817101222496,2152.4404783939567,1
927,929,-0.001454932714333944,2,2156.0886604949133,2155.1077852282497,2
930,938,-0.010014918710783555,8,2157.7878790845066,2138.3355967594457,8
940,946,-0.010670551044498617,6,2136.727755839833,2116.064421008787,6
950,952,-0.0022616127216727863,2,2116.953776810829,2114.283000994811,2
957,963,0.0008887811441943476,6,2129.9915125935677,2134.0146003998484,6
964,965,-0.0006168137781891354,1,2139.738376725342,2140.558294989583,1
966,969,0.00010302773869551719,3,2146.9141326065283,2149.2822384473907,3
971,975,-0.0047946510479101095,4,2152.3598414174066,2144.1923868896924,4
976,980,-0.008238939185076233,4,2143.6341713960023,2128.1165339942154,4
989,990,-0.0009042194096881294,1,2129.748691459782,2129.952680046666,1
991,994,0.004305017559225752,3,2133.849548704438,2145.169658029061,3
995,1002,0.00021839574763939432,7,2142.7550345661984,2145.365758188547,7
1005,1009,-0.005358355086408448,4,2147.1542214451288,2137.79616092279,4
1011,1014,-0.008920259554871593,3,2147.609258972285,2130.599636218779,3
1016,1018,0.0002563879161883787,2,2132.282325589692,2134.961299337465,2
1019,1020,-7.035347309896636e-05,1,2146.64096349666,2148.636580812878,1
1029,1031,-0.002173687965621944,2,2148.4881587177715,2145.966504021603,2
1032,1033,0.00044682813510629857,1,2147.397958314333,2150.504874097692,1
1035,1038,-0.004496153887068808,3,2155.2322250914794,2147.69720157019,3
1040,1044,-0.004539857912721036,4,2145.4701430750924,2137.8754836126213,4
1045,1046,0.0005011803088397532,1,2138.254645364041,2141.464551132947,1
1051,1056,-0.0027513750997151757,5,2146.954256415248,2143.194134190335,5
1057,1059,-0.003936033719087115,2,2143.3141335059877,2137.021290939418,2
1060,1062,-0.00035921672234856636,2,2142.3762681712874,2143.749067058369,2
1065,1069,0.0018303946129082844,4,2139.0500061504617,2145.1043617646114,4
1071,1075,-0.0005586357538262525,4,2153.936168904984,2154.886839318479,4
1076,1078,-0.0010415197327381185,2,2153.0103591529223,2152.920966738228,2
1082,1084,0.005882962481175196,2,2166.7860597489916,2181.6999669029774,2
1086,1088,-0.0020951422765102252,2,2186.181688069578,2183.7875080788403,2
1091,1092,-0.0032019142343672966,1,2181.177282491321,2176.3745171853247,1
1093,1095,-0.011331167938201287,2,2170.0473249718625,2147.6282016237337,2
1097,1099,-0.0038491774797910776,2,2142.875727389773,2136.7702941253033,2
1108,1111,-0.006399250432175069,3,2159.111011781954,2147.4534307184763,3
1118,1119,-0.0048862409970608315,1,2133.5511730898047,2125.259679051616,1
1120,1121,0.0001851840056769805,1,2125.6335048720853,2128.1527717039908,1
1126,1127,-0.0011128381719139227,1,2122.7513308139582,2122.5118034343614,1
1128,1130,0.0019579236660334414,2,2129.0394769846284,2135.3370132395207,2
1131,1135,-0.0005322373081700976,4,2137.641143017921,2138.6410517931454,4
1136,1139,0.00022321478650158392,3,2141.2669301355154,2143.886159506304,3
1140,1142,-0.0007092974687327514,2,2145.84858861718,2146.4723922336075,2
1144,1152,0.002937620729184103,8,2145.1514141842886,2153.598206860019,8
1153,1155,-0.0014230773611018464,2,2158.8409176157193,2157.9275608972557,2
1157,1161,0.0012098470822145802,4,2160.9019250455535,2165.6771878595673,4
1162,1163,0.0017171157075356503,1,2165.333078126621,2171.2165386452452,1
1165,1166,-0.002539781209474703,1,2168.9737394086337,2165.633994400848,1
1169,1170,-0.0008892467109727541,1,2163.8704737248017,2164.1101294967957,1
1176,1178,-0.006677943109169829,2,2180.090875331439,2167.7124433684867,2
1190,1192,-0.0008153969753968339,2,2210.2326552145737,2210.640670847803,2
1194,1200,0.005675716468126315,6,2214.2072103888095,2228.988629927046,6
1202,1204,-0.0014666245186986493,2,2224.586592962821,2223.5485463145765,2
1209,1210,-0.0008988807822789413,1,2247.3087741509894,2247.536020256209,1
1213,1217,0.005811470300445759,4,2266.8372783331924,2282.2777731305023,4
1220,1221,-0.0003150022310350178,1,2289.825249815581,2291.3937750030245,1
1222,1224,0.0015549120399529462,2,2299.4685105878007,2305.343450370994,2
1228,1229,-0.0029789419689457944,1,2280.570324601108,2276.0572082726226,1
1230,1231,0.0024706544619949593,1,2288.3235610864203,2296.265541464193,1
1234,1238,-0.006138312591664467,4,2296.499733854229,2284.6996003550116,4
1239,1247,0.005342438076554825,8,2283.0541878455483,2297.534317657378,8
1250,1251,-0.0020772833917378983,1,2298.7782098649254,2296.301774278149,1
1253,1254,-0.0014586772801039247,1,2287.5907023383456,2286.541436457006,1
1257,1259,0.004422373302225021,2,2290.790603540179,2303.212125349803,2
1260,1261,0.00457995442028013,1,2316.894744655972,2329.8229117277388,1
1263,1267,0.008583280812974624,4,2343.1740541758927,2365.6293491307365,4
1268,1273,0.002992621010467487,5,2374.4472493904013,2383.927517366564,5
1278,1283,-0.013953216412486112,5,2382.125363558917,2351.269178203066,5
1286,1287,0.000599257128561284,1,2340.541580987022,2344.2847087951095,1
1288,1289,0.00023881218054807945,1,2349.0397608483727,2351.9497799167034,1
1290,1291,0.0027235987871649836,1,2359.5515781006716,2368.3376014951405,1
1293,1295,0.0013349326476914366,2,2378.073218392072,2383.625859188296,2
1297,1298,-0.0022497209171238016,1,2381.2042659494205,2378.228425170319,1
1301,1303,-0.010782404147140087,2,2370.1253030526805,2346.9397794588563,2
1306,1308,0.0016982634542143885,2,2331.511033617876,2337.8020646329846,2
1309,1311,0.00016229755010209609,2,2345.5848229705953,2348.3110904638907,2
1315,1316,-0.0024912517871625425,1,2370.476321689625,2366.9413446384788,1
1317,1319,-0.010688158289946414,2,2357.164193267483,2334.3276134477137,2
1329,1331,0.007384034204042913,2,2353.7263311242878,2373.46005319139,2
1332,1333,0.004613963505737571,1,2387.4803213506448,2400.883548745374,1
1334,1335,0.0028039830902469357,1,2410.339468143509,2419.5083587220815,1
1336,1339,-0.00031776570818508416,3,2426.73710636102,2428.392709632199,3
1342,1348,-0.006885122296757,6,2432.382452760049,2418.0675845530704,6
1351,1352,-0.0036998179140654373,1,2423.5503954661585,2417.0072506928386,1
1353,1354,0.0013048231643703499,1,2416.9876194120725,2422.55834846529,1
1358,1362,-0.0035363201382857317,4,2463.8198641501435,2457.570828211591,4
1366,1367,0.000924182458361413,1,2460.868216829695,2465.603376284858,1
1369,1374,-0.0037283938095476025,5,2473.9673767423324,2467.217419466606,5
1377,1378,-0.00588983389816724,1,2464.5837500446787,2452.532344878838,1
1382,1383,-0.0030545182370097334,1,2451.492301670142,2446.4556660284716,1
1385,1387,-0.008553188661696805,2,2440.297846657462,2421.8658166309256,2
1388,1389,0.00043598568833686326,1,2420.248393726749,2423.7238357823608,1
1392,1395,0.0004321281161504978,3,2434.8481096412343,2438.3351240776074,3
1396,1402,0.006901383781143283,6,2443.6925505949403,2463.001103280312,6
1403,1407,0.0006213395803318844,4,2462.689625183024,2466.682481346406,4
1408,1412,-0.011058019420147024,4,2473.789069899768,2448.9076513933687,4
1416,1419,0.005045698250989434,3,2449.309713935629,2464.117501389301,3
1424,1425,0.004036551567765748,1,2477.781188599877,2490.2606613299004,1
1426,1431,0.003537105183541154,5,2491.2461366728667,2502.549182433042,5
1432,1433,-1.9553855570458075e-06,1,2515.8825496813174,2518.393512710598,1
1438,1439,-0.00035764309533550657,1,2513.3953975750583,2515.0098944628426,1
1440,1441,0.0015954888817508524,1,2520.7546241451387,2527.2972147457294,1
1444,1446,-0.010946981519882756,2,2529.308185487406,2504.1492037082744,2
1447,1448,-0.0024796973326657143,1,2510.722505347278,2507.007395953052,1
1450,1454,-0.0016974464340841944,4,2498.564340258181,2496.821725468738,4
1455,1456,-0.004737343477679094,1,2492.3434445092375,2483.0287009927647,1
1459,1463,-0.010200356732257557,4,2441.967857299468,2419.5008818836063,4
1464,1466,-0.002543217145225678,2,2413.038535294634,2409.314692854877,2
1467,1468,-0.003213762150371831,1,2416.774133395348,2411.42397029284,1
1469,1475,-0.0005417471776228589,6,2418.1839635499764,2419.2921031763003,6
1476,1485,-0.015191590302496415,9,2403.394323657437,2369.286336080745,9
1489,1490,-0.0034211967850011757,1,2387.1920876959107,2381.412225888001,1
1491,1493,-0.0008111610409228458,2,2388.247798981768,2388.698793210146,2
1495,1497,0.008968899242113679,2,2371.4881669540932,2395.1292935443234,2
1498,1504,-0.00014515989000827548,6,2411.1298786742236,2413.191009204914,6
1505,1509,0.004647786578754869,4,2416.1857172623045,2429.8318185280377,4
1510,1513,-0.006931820344822192,3,2430.539749509169,2416.1222243741313,3
1518,1519,-0.00016264995559967497,1,2424.157314583501,2426.187182818501,1
1522,1524,-0.00046495684643248496,2,2446.1603497664387,2447.4691511141095,2
1526,1527,-0.0034311176430089677,1,2448.3073927669793,2442.3552694689142,1
1529,1531,-0.005746713875212142,2,2435.722112357335,2424.1604364104473,2
1536,1538,-0.0015584165826203517,2,2453.9850590536976,2452.6147131032194,2
1540,1542,0.003076819937370301,2,2470.3808196529426,2480.452117431401,2
1545,1549,-0.002771549987103448,4,2482.272904342405,2477.87543381073,4
1551,1553,-0.0006826272509297291,2,2481.63940379716,2482.427008516944,2
1554,1555,-0.00424748157087075,1,2483.950857721897,2475.8842730884967,1
1557,1561,-0.0011494436561398562,4,2474.6111804362467,2474.241365493918,4
1563,1567,-0.004515421047958122,4,2469.354999552095,2460.6741770117887,4
1573,1577,-0.009968239858587,4,2448.852791963823,2426.890892747121,4
1579,1581,-0.007000848886339399,2,2424.8626300855944,2410.3113958723193,2
1586,1587,-0.0033508734950065955,1,2411.6703577911394,2406.000825868315,1
1588,1589,-0.0036640925151922876,1,2405.5440259647185,2399.1354341301803,1
1591,1593,-0.0017586719918173573,2,2404.3136717379143,2402.489586295623,2
1594,1596,-0.011228162022591966,2,2393.917615568166,2369.432238327398,2
1597,1600,-0.003695566241460838,3,2362.7735761052813,2356.4045634173162,3
1603,1604,0.00178400982323031,1,2356.4257253051264,2362.9860376720885,1
1606,1608,-0.0033210348285867587,2,2359.3994562661255,2353.923207953583,2
1612,1613,-0.0016700656416726199,1,2372.876029465173,2371.2860467658797,1
1614,1619,0.0013446909921500704,5,2380.7106195155843,2386.2926502600785,5
1621,1622,-0.0048437237774018585,1,2393.409518820105,2384.209913743556,1
1625,1630,-0.021512687779019733,5,2386.828417917276,2337.8681517984473,5
1632,1634,-0.013891866719305639,2,2319.593992554409,2289.6900959594955,2
1639,1640,-0.00591592141602349,1,2291.4625882099403,2280.1979381985425,1
1642,1643,-0.010605902556451451,1,2260.452850241366,2238.7391604284944,1
1644,1646,-0.04077864325111451,2,2208.9257094867876,2121.0576417208977,2
1649,1652,0.00266306487717276,3,2164.3182728349116,2172.2463110831563,3
1654,1656,0.0052073175764773,2,2174.542378006351,2188.0404531301447,2
1659,1661,0.010777187264848307,2,2191.7624588532094,2217.575255771188,2
1662,1665,-0.016192570019563854,3,2215.034775223141,2181.3827043047945,3
1667,1668,-0.009127002755688365,1,2144.3927394951897,2126.965253792034,1
1671,1672,0.0006622703973657165,1,2121.900352589067,2125.427524731336,1
1673,1677,-0.01826472902662742,4,2129.0772999099313,2092.319357250243,4
1680,1685,0.016603586606719716,5,2075.841375455369,2112.3836288900097,5
1686,1689,0.012366965607243128,3,2110.139192437098,2138.3453504489003,3
1690,1693,-0.0008598901423431683,3,2138.151776926708,2138.451353067822,3
1695,1699,0.0056219132215177825,4,2148.5593650284654,2162.7869386949633,4
1700,1701,-0.004233942150375881,1,2160.526269589933,2153.5392526197115,1
1707,1708,0.001521177051200355,1,2169.6078870892998,2175.0778527043326,1
1710,1711,0.00020127121633596893,1,2188.792905549491,2191.422239465448,1
1713,1714,0.000972698085971729,1,2205.0679917410503,2209.4179251477954,1
1715,1717,-0.004229967590967231,2,2221.901183624663,2214.724514811224,2
1718,1723,0.009626599666823426,5,2214.072146636786,2237.6002049725594,5
1727,1728,-0.009012051629340656,1,2234.7638662126137,2216.8588227371333,1
1730,1732,0.002509018752730145,2,2247.9700030571644,2255.858171953467,2
1733,1734,-0.0033109200759027764,1,2258.1909139605705,2252.9724152422777,1
1735,1737,-0.0009470496444502059,2,2243.5168708215742,2243.635665837566,2
1740,1741,0.0011654887142588722,1,2249.814441978064,2254.6863897613443,1
1742,1746,-0.006664236862912946,4,2268.403637747703,2255.554862242807,4
1748,1751,-0.005112522778085573,3,2254.344431323701,2245.073388500232,3
1752,1755,0.002278659037427557,3,2250.2780200560624,2257.6559144232438,3
1756,1758,0.000471306397447117,2,2260.275620461986,2263.6011784423654,2
1765,1767,-0.00712428484912106,2,2239.608721738413,2225.892719975911,2
1769,1771,0.0019434149532600695,2,2216.1565517596828,2222.6796200928975,2
1776,1781,-0.012503109685075703,5,2241.369610432498,2215.5868899588977,5
1785,1786,-0.011208877572505372,1,2167.985267954527,2145.852571774984,1
1788,1790,-0.014916174765683712,2,2141.088006529725,2111.292251642148,2
1792,1793,-0.001402353630282547,1,2120.7102615022923,2119.8569860297994,1
1798,1799,0.0009982619229006052,1,2135.922727335151,2140.190860391443,1
1801,1802,0.0009404197651096784,1,2162.975216289737,2167.172296150868,1
1808,1811,0.007140990950744361,3,2184.1077586443207,2201.8885601428947,3
1812,1813,-0.004284934051954712,1,2202.4326220561443,2195.197776138816,1
1815,1816,-0.004674816275218799,1,2200.1829540860604,2192.097685957926,1
1819,1821,-0.010775310168849105,2,2187.778673634765,2166.3924585191917,2
1828,1830,-0.0047337698818868245,2,2112.2881083275274,2104.4013106067864,2
1831,1835,0.005550105438247429,4,2107.0972123088222,2120.8989212180823,4
1838,1843,-0.017287248200332058,5,2111.3148653130406,2076.9273560726365,5
1846,1855,0.019092394680651065,9,2121.723483434973,2164.353989067354,9
1857,1859,-0.0014842443187670989,2,2178.963031973215,2177.9078815041785,2
1860,1863,-0.0057146043687797,3,2183.604702332287,2173.3098700629835,3
1865,1866,-0.0024311217424245173,1,2187.3660314051804,2184.2356443189956,1
1868,1869,0.000874461036295667,1,2208.407806956869,2212.547381343261,1
1873,1880,0.019492159251451507,7,2182.82773664137,2227.5585902391103,7
1882,1883,0.0017563376175966901,1,2255.8962198935524,2262.114231505839,1
1884,1885,0.00398089440629989,1,2259.476759921791,2270.7309750764502,1
1887,1888,-0.006164114038028404,1,2291.49489295117,2279.6613520064107,1
1889,1892,0.009590618367973772,3,2289.814317471145,2314.064867041004,3
1896,1897,-0.0037849157403013825,1,2316.0312683991265,2309.5813164647316,1
1900,1902,2.718540834200202e-05,2,2334.856458972383,2337.2547894576123,2
1905,1906,-0.0032959663331109746,1,2322.826664527963,2317.4935327085545,1
1908,1909,-0.0008421282661028069,1,2330.728128492866,2331.096084583754,1
1910,1914,-0.015151434084833094,4,2342.9928840344714,2309.8361746748246,4
1916,1917,-7.651666245256459e-06,1,2312.690687063676,2314.9856818134735,1
1918,1921,0.003776835278882157,3,2313.934274770854,2324.987557647594,3
1924,1925,-0.006661180517932173,1,2309.8533434558594,2296.7768467086066,1
1926,1929,0.00560779406292863,3,2292.677528218295,2307.8270691774655,3
1933,1937,0.0022132822883385553,4,2309.0857302533373,2316.5054745326156,4
1940,1944,0.0011535956742188456,4,2291.6476565050225,2296.5829389849055,4
1948,1954,-0.014877882899441648,6,2300.2480384243113,2268.3254655073883,6
1955,1957,0.005819379447065208,2,2258.172197472545,2273.5715305439235,2
1959,1968,0.03591054837761056,9,2329.938541752322,2415.9378510145307,9
1969,1970,-0.0017005429608006417,1,2428.837460510649,2427.1359555247595,1
1976,1977,-0.00651420409217419,1,2441.8580428973382,2428.3931392846853,1
1980,1983,-0.0031956185199606244,3,2419.378360670977,2414.066328735496,3
1984,1986,0.0024161256801636575,2,2409.987129483352,2418.219948405244,2
1987,1988,-0.0009197452841620439,1,2432.7174913584263,2432.9127284094093,1
1990,1991,-0.004415183455157178,1,2416.747826111018,2408.4941889199968,1
672,676,0.006364761874936998,4,1974.0893206395986,1988.6280184059653,4
679,689,0.006390630721551532,10,1993.6945441107966,2008.4292042578916,10
691,693,-0.0032434571852632084,2,2018.2481679582284,2013.7203146041782,2
695,702,0.0022742448141005343,7,2016.818472374428,2023.4220297985821,7
704,711,-0.013696634582629437,7,2026.0583235125405,2000.334201335807,7
719,720,0.003874430413925779,1,1999.1739406949973,2008.9187749542489,1
723,724,-0.0008037847437026163,1,2028.355326534862,2028.75332079512,1
727,729,0.002288662247255839,2,2034.4700744301156,2041.1607593570657,2
730,737,0.010070486996205413,7,2045.0117246168293,2067.6510003212875,7
738,741,-0.004365096341990006,3,2074.1465182897077,2067.1668154282597,3
746,750,-0.007156725019242832,4,2069.6486887007486,2056.9064308379816,4
754,755,-0.0033385693414439773,1,2057.857505410625,2053.0450629394113,1
759,760,0.001628519636749203,1,2053.5070250462486,2058.904708585785,1
761,767,0.00574528261115192,6,2068.8731913572196,2082.82832571956,6
772,773,-0.005896068869814975,1,2092.892515809354,2082.645569914831,1
776,777,-0.0017298387465138642,1,2082.610077947122,2081.090108418356,1
779,780,-0.0024016480571099124,1,2079.724233114352,2076.809191683683,1
785,788,-0.004858234177194304,3,2080.7885801929906,2072.7604105773744,3
789,795,-0.003957441771744196,6,2078.3948930052857,2072.248161130532,6
797,802,-0.00194348518836389,5,2071.4494442095324,2069.495062340476,5
806,807,0.003954614315406359,1,2072.5455413738455,2082.814205182468,1
810,811,-0.0026910211501483053,1,2091.255906682514,2087.719548713941,1
812,816,-0.002205363288670702,4,2083.7375149232203,2081.225854219506,4
817,818,-0.005313702216998475,1,2084.116661526264,2075.126402862955,1
834,835,-0.0009803306272891641,1,2069.7066854611935,2069.747395293392,1
836,837,-0.0023888178603725324,1,2070.4669382955126,2067.591436832297,1
838,839,-0.0022974078090195883,1,2072.963959073536,2070.274479445218,1
844,847,-0.0031495680927703436,3,2079.5110014346596,2075.040950937411,3
848,852,-0.004616803646744123,4,2080.705257802023,2073.179755437805,4
853,856,-0.0011076260429342438,3,2074.128749914314,2073.9055196444247,3
857,865,-0.0065852441986611636,8,2076.8797627887548,2065.279882142322,8
868,871,0.009900278458137783,3,2069.7291146651205,2092.2897383478853,3
872,876,0.012132252791820244,4,2094.913504165176,2122.4244378788712,4
878,884,0.015467514570271911,6,2138.8553702102563,2174.077002182898,6
885,886,-0.00333110173714271,1,2176.590254992818,2171.516401668356,1
887,888,0.00033691731168466283,1,2173.645999969489,2176.5519849363222,1
890,891,-0.001403143907498581,1,2168.978015996404,2168.1036057237566,1
892,894,-0.0046007691221035905,2,2167.629435932448,2159.8243027913795,2
896,897,-0.0009232332485496018,1,2166.9168535735294,2167.0832007410413,1
898,899,-0.005576978854053774,1,2169.74244995216,2159.811584639986,1
902,908,-1.892571225130149e-05,6,2159.4084567958594,2161.526996909569,6
910,911,-0.0031506846311746143,1,2165.8043337900726,2161.146371695259,1
914,916,-0.00663705866222743,2,2151.6642835444904,2139.5352257567306,2
918,922,0.0011711400705203536,4,2150.3435445867135,2155.0122416217505,4
924,931,-0.004585414307497875,7,2159.2666052683485,2151.524739888117,7
932,934,-0.0028681220082305125,2,2150.87944054043,2146.861335320506,2
935,937,-0.005236369170065641,2,2144.378132270843,2135.2937548623277,2
938,940,-0.0015279646507216568,2,2137.454531928595,2136.3260314932118,2
943,945,-0.00479196088633318,2,2129.2957895265226,2121.221583177204,2
948,952,0.001702792886057756,4,2109.462410017586,2115.163850012788,4
953,954,-0.0007119100768044947,1,2114.804616763027,2115.4138706626436,1
957,969,0.008475020345735801,12,2129.3498198479488,2149.525452714197,12
970,971,-0.0018497932480395658,1,2149.525714431474,2147.699061992863,1
972,974,-0.000918359505733962,2,2147.702390696601,2147.877730181314,2
977,981,-0.002609644825148792,4,2132.7902988820942,2129.357264014371,4
986,987,-0.002609882339657676,1,2127.5675805865217,2124.142447112107,1
988,990,-0.0006110912540371713,2,2128.5508094586576,2129.3786214846823,2
992,999,0.001636898611587574,7,2134.98183823997,2140.6115688849895,7
1000,1002,-0.0034635109545535863,2,2146.268677709974,2140.98132131102,2
1009,1012,-0.0032647131034753887,3,2142.372339212006,2137.5204805028693,3
1013,1018,-0.0006944562455088756,5,2137.838105230567,2138.4913083117335,5
1022,1025,-0.0025948113784524177,3,2151.8419490625674,2148.4101670375712,3
1027,1032,0.0024478826745839336,5,2139.2194022178405,2146.595179731881,5
1035,1036,-0.0020142736478976405,1,2150.0310746084215,2147.850354747285,1
1037,1043,-0.006716420168772475,6,2154.5462203148486,2142.2299288464883,6
1046,1049,0.0012619864783153427,3,2134.7530812450636,2139.581863849382,3
1050,1053,-0.0008429283902754137,3,2140.469143616753,2140.805350550707,3
1054,1057,-0.0046009594654782306,3,2148.4824735072884,2140.7458752078983,3
1059,1061,-0.0010965452279283344,2,2142.2426874615976,2142.035864153059,2
1064,1065,-0.004754112341698402,1,2145.2946615760893,2137.240984410487,1
1066,1068,0.0013059503325178337,2,2136.5568104387853,2141.48360432626,2
1069,1070,0.0014684949216042333,1,2146.0464496204895,2151.3439543829045,1
1071,1078,-0.0037499247889958317,7,2156.924770715137,2150.9933898201484,7
1079,1082,0.00394807885137019,3,2155.420783694594,2166.085975690197,3
1083,1089,0.0009830057474705207,6,2177.9969798090815,2182.3159603380163,6
1090,1101,-0.017862436470283825,11,2183.4103905670363,2146.592771567542,11
1103,1104,-0.001836016885452845,1,2152.315395284691,2150.516023271413,1
1108,1109,-0.0047609017858420664,1,2159.139913207099,2151.0196000516357,1
1110,1112,-0.006109550247514346,2,2155.460169066904,2144.446737026541,2
1113,1114,-0.002895197584956339,1,2144.761091938127,2140.6963458963774,1
1117,1120,-0.00346610171000777,3,2128.236667766289,2122.9882196806093,3
1127,1130,0.0022561158692482436,3,2126.100542384808,2133.0233721004843,3
1135,1138,0.0003945691498743831,3,2143.2753781963156,2146.2643239184335,3
1143,1144,-0.002132924310929472,1,2147.210059938656,2144.777433461079,1
1145,1154,0.004184257489624433,9,2145.862244372651,2156.986946784742,9
1161,1162,5.633296679698934e-05,1,2165.3707300938245,2167.65808258136,1
1165,1169,-0.0023083835136138036,4,2165.856313609215,2163.022542915632,4
1170,1173,-0.00030932707914508564,3,2163.240057791609,2164.7341491208344,3
1174,1176,0.003205479141443616,2,2169.0561627623315,2178.178083211448,2
1178,1187,0.018524206960924997,9,2170.3147898116804,2212.68846493832,9
1188,1193,0.0005367167105960438,5,2212.8875342978718,2216.288115550497,5
1194,1195,0.0012787440250087339,1,2211.3006364282755,2216.3396245410345,1
1196,1197,-0.0017009319832961044,1,2216.6856305104116,2215.131884655074,1
1198,1206,-0.002298987271699595,8,2225.6169911261645,2222.7259429830133,8
1208,1209,-0.0007207400484262811,1,2241.8317691410484,2242.457822972335,1
1210,1211,0.003276578281513967,1,2249.3343570301968,2258.9538114893353,1
1214,1216,0.004845193323684005,2,2270.438764382159,2283.709917889559,2
1217,1221,0.001451884117553108,4,2284.7412048953424,2290.3431255683445,4
1222,1226,-0.0026556343742559323,4,2296.7244715416136,2292.9219355583346,4
1227,1230,-0.0013949345116621296,3,2284.0009753844706,2283.0989445746213,3
1234,1236,-0.0030567187302115565,2,2297.038525021112,2292.3141628626836,2
1238,1245,0.001067382502974448,7,2286.7271280996424,2291.4546677533526,7
1246,1247,-0.0001396672478701888,1,2295.9507259988854,2297.9260076057385,1
1248,1253,-0.004752287175264687,5,2296.313189310783,2287.696762780141,5
1255,1258,2.2385015208753077e-05,3,2293.1143995457737,2295.4588453460287,3
1260,1261,0.00467880227341322,1,2318.3183380038968,2331.483609452249,1
1262,1266,0.013334878800716064,4,2335.7612747664775,2369.244129547661,4
1269,1271,-0.004389383090748917,2,2379.0326420133406,2370.969189004161,2
1274,1277,-0.002793609211643711,3,2383.3821380444647,2379.107281886801,3
1278,1280,-0.0035063187525937356,2,2382.518689508591,2376.5473382386704,2
1282,1283,-0.008174587003973884,1,2369.022994074606,2352.026232489203,1
1285,1289,0.003293111715842907,4,2338.869116112812,2348.9101425170193,4
1290,1293,0.007688134885033848,3,2360.509509109752,2381.0179341223024,3
1294,1295,0.00025430142561102685,1,2384.302162686579,2387.292796288324,1
1297,1302,-0.011460707308891076,5,2385.3629362521856,2360.4103527505745,5
1304,1305,0.00022113500397958892,1,2321.7364693476475,2324.571623020384,1
1306,1307,6.0617673265754785e-05,1,2332.9456048424972,2335.419968181761,1
1308,1310,0.001094626913607948,2,2341.569897113799,2346.474612440388,2
1313,1314,0.0020839885156095084,1,2368.1947354060276,2375.4982207727467,1
1315,1317,-0.006985780203107308,2,2371.4375190302594,2357.242615275942,2
1319,1320,-0.00248052455111216,1,2337.476958960814,2334.0162669354136,1
1321,1322,-0.003007414660540016,1,2343.1348778950205,2338.4312345895114,1
1324,1329,0.004293650707738572,5,2343.698227910579,2356.1049476934836,5
1331,1332,0.005548796999231264,1,2369.1536358167773,2384.668742037732,1
1337,1339,-0.00016177241964682274,2,2430.431325621018,2432.468580190308,2
1342,1348,-0.011613479537578238,6,2438.5141151574376,2412.6329954941184,6
1349,1352,-0.004677224014899114,3,2423.060048514888,2414.1499139149464,3
1357,1359,0.006745808992218257,2,2451.754275460497,2470.7450957740684,2
1362,1368,0.0027188683565145255,6,2461.0883132626113,2470.2407767133914,6
1369,1370,-0.00177604895864037,1,2468.5400869855384,2466.6243790216713,1
1372,1376,-0.005482900522250382,4,2475.4746523832314,2464.377345771245,4
1378,1383,-0.004511560727895232,5,2453.9185029288506,2445.30141908451,5
1385,1389,-0.004555521097791249,4,2434.444200936975,2425.788483219148,4
1393,1396,0.002605072417851814,3,2436.9291529168836,2445.7144589903232,3
1397,1399,0.0015254528718912216,2,2454.0536268420838,2460.251223621767,2
1400,1406,-0.0022906591408749606,6,2459.558828551048,2456.384376466459,6
1408,1414,-0.01093162863500369,6,2475.018407729338,2450.437444038972,6
1417,1423,0.005142298998840885,6,2461.613776527776,2476.7337443628753,6
1424,1425,0.00027302544003689395,1,2484.736645880398,2487.899778842396,1
1426,1429,-0.0006088626594029536,3,2493.763180203869,2494.738584102253,3
1431,1432,0.003567307693092674,1,2503.142219162387,2514.5748398768724,1
1434,1442,-0.0008681202591616384,8,2527.624346538902,2527.9576889826603,8
1443,1444,-0.003555579584282656,1,2528.045647364272,2521.5850255197333,1
1445,1447,-0.005581138473736109,2,2517.515096960578,2505.9820116916803,2
1449,1450,-0.0055836869253367664,1,2507.7771882126317,2496.2823227033637,1
1454,1455,-0.0028044515503495688,1,2497.5598630803433,2493.053137313317,1
1456,1460,-0.018938515893620028,4,2486.116167959145,2441.518933566824,4
1462,1465,-0.013277455461082485,3,2433.6106351525004,2403.732088969799,3
1466,1467,-0.0015037094333432831,1,2414.3711373475567,2413.154995830083,1
1468,1472,0.005686117847374605,4,2415.1325831302693,2431.2804441981125,4
1475,1476,-0.009218527546122044,1,2419.7840850917178,2399.8970229327238,1
1478,1479,-0.0028213650095592745,1,2385.2443209563344,2380.8999204108945,1
1480,1481,-0.0032555121033067914,1,2394.209123451859,2388.8089557960657,1
1483,1489,0.008797897072763697,6,2363.1118154062124,2386.265341744994,6
1490,1491,-0.004940484875202364,1,2388.820862152112,2379.407749675234,1
1494,1498,0.013356932914680493,4,2372.481472546095,2406.543029888762,4
1502,1504,0.0005352994829287392,2,2414.540258687598,2418.2473010982717,2
1505,1506,-0.0007433539723588646,1,2417.911239159966,2418.5317864746853,1
1508,1513,-0.005174085715670372,5,2425.7713724049686,2415.645994769931,5
1515,1516,-0.0022040011034323583,1,2423.50203912832,2420.584139999039,1
1517,1522,0.01203739120903179,5,2417.8452220289573,2449.367616071437,5
1526,1527,-0.005680589579594292,1,2453.9548453247166,2442.468889846895,1
1531,1534,-0.0005863691437464264,3,2426.8800127193854,2427.883845177071,3
1538,1544,0.010791758961315467,6,2449.339861088137,2478.22188634443,6
1545,1548,-0.003264832526010107,3,2483.243602965636,2477.619472083633,3
1551,1552,-0.0032361773614817055,1,2483.2324409321695,2477.67949276446,1
1553,1554,-0.0032268145903221724,1,2487.1053956854444,2481.567073102663,1
1557,1558,-0.002810225192712813,1,2480.8368020361922,2476.3459287581372,1
1564,1570,-0.0015440891648356475,6,2468.37645335422,2467.0334364712144,6
1574,1575,-0.002906880216236532,1,2441.3610558606943,2436.705672762583,1
1576,1581,-0.010882268442869176,5,2435.088739690102,2411.0245390822765,5
1582,1589,-0.007613225137766712,7,2413.2972209635077,2397.3375431169293,7
1590,1592,-0.0023482650208595038,2,2408.326593179577,2405.079530675187,2
1595,1597,-0.009279021377398233,2,2383.797997519972,2364.062482939105,2
1598,1599,-0.001587652148176146,1,2353.262532509524,2351.8796327270725,1
1600,1601,-0.0015666224378783579,1,2358.934178577252,2357.597553542192,1
1602,1603,-0.004263736506097807,1,2362.5228388298274,2354.8121867942486,1
1607,1609,0.005472605396983001,2,2346.55727406088,2361.745613337296,2
1611,1614,0.0037950757819604627,3,2368.11667141437,2379.471970314326,3
1615,1616,-0.0010290908521747378,1,2379.515718912233,2379.4464967722065,1
1618,1622,-0.0025946145545860974,4,2386.3611238204835,2382.555797639941,4
1623,1628,-0.00997102400288553,5,2387.467657687817,2366.0496280245866,5
1630,1631,-0.0090730368493026,1,2339.728478472251,2320.839764248182,1
1643,1644,-0.019622949742868472,1,2245.5666229717185,2203.7475486078533,1
1645,1648,-0.0025242527914834997,3,2150.4463004017603,2147.1684766254375,3
1649,1651,-0.0012349409134892711,2,2165.5198685350338,2165.011099318941,2
1653,1658,0.007663598306283311,5,2172.7232211350497,2191.5468223536977,5
1663,1667,-0.030459370477812383,4,2209.510936247092,2144.420135001411,4
1669,1670,-0.0013062708498681372,1,2120.209003235195,2119.559645021876,1
1671,1674,3.924878883649545e-05,3,2123.236762360864,2125.4433335945605,3
1678,1681,0.004180744490285014,3,2075.85718634815,2086.611672028942,3
1682,1686,0.006591268271054505,4,2092.824647715645,2108.7118410607295,4
1687,1690,0.006574132362919541,3,2119.572614314785,2135.6265378484245,3
1691,1699,0.01243251897447675,8,2132.9135962118185,2161.563998563853,8
1700,1704,-0.0065976324788593835,4,2163.4466334768704,2151.3364543350413,4
1706,1707,-0.00013336277753988603,1,2161.9504614156826,2163.8240881586603,1
1708,1712,0.007842467868493925,4,2180.6358636299224,2199.9180661869555,4
1713,1720,0.00435275698349795,7,2210.1537678404143,2221.9841838558264,7
1722,1723,-0.000548305528784441,1,2237.58451933639,2238.5952238926516,1
1727,1735,0.0033905409783852175,8,2233.66369849142,2243.470690491578,8
1736,1737,-0.001184906383353677,1,2242.9437856390446,2242.5290510155764,1
1739,1747,0.0009518354069174089,8,2250.4893617109365,2254.881946530015,8
1749,1751,-0.0007267684283972086,2,2245.691626828354,2246.3052206808875,2
1754,1759,0.0039337224623198115,5,2252.2387463133527,2263.350667206546,5
1764,1768,-0.011541623246413737,4,2240.5619952705833,2216.942834856208,4
1769,1770,0.0009605753531126688,1,2215.0099681120028,2219.352662062382,1
1771,1772,0.002808559714941608,1,2225.57828174555,2234.054529531855,1
1773,1782,-0.011494172837526784,9,2233.6399639705733,2210.199760131859,9
1784,1786,-0.020602414209955667,2,2185.151810627653,2142.317559724095,2
1790,1791,-0.005274187078574241,1,2116.460301270728,2107.4141539987213,1
1792,1796,-0.0004493165162738898,4,2120.476158151159,2121.6438693490877,4
1797,1799,0.0053670360167388095,2,2132.6453082506755,2146.2239377392366,2
1801,1803,-0.001061593893725565,2,2166.2683194539622,2166.1348905533127,2
1804,1811,0.01485926974899781,7,2170.8852172791426,2205.3138715340842,7
1813,1814,0.0018790119538816034,1,2195.9219790379266,2202.244064665368,1
1816,1817,-0.0009119029780031844,1,2190.3586042046477,2190.551568274783,1
1820,1833,-0.02562624010439974,13,2180.005492814222,2126.320154119269,13
1839,1848,0.014790171234958821,9,2100.684920328532,2133.8550949312153,9
1849,1852,0.0026754989353488007,3,2142.991489230132,2150.868052167259,3
1853,1856,0.011681506058886126,3,2147.3792664657626,2174.6112696441746,3
1857,1858,-0.000386357219951167,1,2181.2703237959786,2182.6088445815108,1
1859,1865,-0.0015323378608328095,6,2183.0914841360905,2181.929341885423,6
1867,1868,0.002174108896879754,1,2200.144734842196,2207.128233819482,1
1869,1872,-0.01273782467801755,3,2214.2388337306757,2188.248486505087,3
1873,1876,-0.006543061011204581,3,2181.7835762265945,2169.6898167503264,3
1880,1884,0.013822978689079942,4,2226.773292347025,2259.780705404897,4
1885,1886,0.0012733063916535938,1,2275.886939627816,2281.060727954353,1
1887,1888,-0.0025174353651057873,1,2287.956662265054,2284.4848359119037,1
1891,1907,0.009664093972945199,16,2299.6187802316226,2324.1421310059623,16
1908,1909,-0.002200538578025861,1,2332.926621195083,2330.125852786635,1
1912,1913,-0.009811127040871729,1,2325.793094969292,2305.300236538735,1
1914,1915,-0.0007344950154122057,1,2308.361708225881,2308.9745897656467,1
1918,1920,0.0017734228885543705,2,2315.1743282421417,2321.595285715082,2
1921,1922,-0.00029245100388977186,1,2322.9348396421015,2324.5784298559197,1
1925,1927,0.0011842496555882877,2,2297.003196989304,2302.020425431213,2
1928,1931,-0.0023707036620185086,3,2306.4962763859644,2303.33475349349,3
1932,1933,-0.0007210210853900811,1,2303.941538216241,2304.5842893258973,1
1934,1935,0.00040080279755478503,1,2314.61295019414,2317.8552664900285,1
1937,1941,-0.01415114629210127,4,2317.9436867212708,2287.4600702003468,4
1943,1948,0.0035853794085470127,5,2290.0487722800704,2300.5495147650518,5
1950,1952,-0.007182302278228124,2,2287.8780440227724,2273.7336903789023,2
1964,1969,0.016919914406671736,5,2381.3703076125785,2424.0442596955854,5
1971,1973,0.0053807965882947985,2,2424.816519981771,2440.2887809597114,2
1975,1979,-0.01015674095381874,4,2439.930077591068,2417.5882699251356,4
1980,1983,-0.0025203857153220524,3,2419.652492947691,2415.97368786137,3
1986,1988,0.0013931887799724617,2,2423.3107480627546,2429.110188155405,2
1989,1994,-0.015322504102746763,5,2430.279742797733,2395.47205121069,5
1995,2000,-0.007971105579833365,5,2386.991257603172,2370.351289528281,5
674,678,0.0012532056984321713,4,1987.9429378406435,1992.422182196344,4
683,686,0.004242993287254016,3,1989.4170910433122,1999.8475914972007,3
687,691,0.006013284663565778,4,2001.0714688060475,2015.105552648924,4
694,697,0.001289960627564651,3,2013.3487462618775,2017.9592356203739,3
699,701,-0.0007296669525852688,2,2020.8513737697115,2021.3976766799549,2
702,704,-0.00022447085359110573,2,2025.2023764798266,2026.7729799501633,2
707,708,-0.002539936859861057,1,2016.6849866241607,2013.5794190785298,1
714,723,0.011092957787683284,9,1999.1702714984847,2023.3461532021072,9
725,726,0.0003611068819630457,1,2027.0418896112376,2029.8009102772148,1
727,728,7.238911148081694e-05,1,2035.2595473159106,2037.4421374934896,1
730,732,-0.0011951159860229747,2,2045.7920874410977,2045.3929207007586,2
733,734,-0.0014971175838739636,1,2047.5702055212435,2046.5523223678624,1
736,738,-0.0008210586166364726,2,2067.7622537371094,2068.13226197526,2
740,743,-0.004819070038326554,3,2068.366574926461,2060.4673381118832,3
744,750,-0.001950400159110386,6,2065.7092351663396,2063.7459847805617,6
756,758,-0.00031868774296112904,2,2050.5156747830847,2051.9127162455648,2
764,770,0.003854308386843178,6,2080.972094901443,2091.07377519451,6
771,773,-0.007321147476515183,2,2099.1846183184043,2085.9153627655814,2
774,776,-0.0029539643021382384,2,2084.75864565846,2080.6851016862693,2
779,780,-0.002383601222911266,1,2081.407008536801,2078.5271712544136,1
781,786,-0.0017569683435310012,5,2076.046719017451,2074.4752173714633,5
788,789,-0.0037479559652585518,1,2079.257608345602,2073.5438999974394,1
791,796,-0.0027404447823779934,5,2075.3702516713256,2071.7581843453017,5
798,801,-0.0018472744707155914,3,2073.645681891128,2071.888734843552,3
802,806,0.00045950545812843756,4,2070.993743199585,2074.0163698715346,4
807,808,0.0017803322531724963,1,2078.821952767866,2084.6017684917497,1
813,814,-0.001599334098301573,1,2086.3401306942237,2085.0897159132437,1
815,816,-0.0031961391697490522,1,2086.1259304755063,2081.54450760656,1
817,819,-0.005620685019899773,2,2084.2999071207087,2074.6690137628975,2
821,822,-0.002760570137927849,1,2080.991013315802,2077.327282680462,1
827,830,-0.0038002459605067478,3,2066.1159699343984,2060.330337035651,3
831,837,-0.0010512749568228567,6,2064.2869811839428,2064.1811349581126,6
844,848,-0.0016308765284643134,4,2076.6278259073383,2075.3177301536175,4
855,856,-0.0031625405403026448,1,2077.6488340141445,2073.1558341820764,1
857,858,-0.0019500635321292176,1,2073.467511603085,2071.497585735256,1
861,864,0.0012581960814711953,3,2068.542432918952,2073.2136073353263,3
865,866,-0.005064078599672354,1,2071.9265387925257,2063.5060664861257,1
868,869,0.0004468583342878505,1,2069.5085535730796,2072.5028392716968,1
870,878,0.025919380803937058,8,2081.9665445691408,2138.0117948034544,8
880,882,0.0025024695986993043,2,2164.455763416,2172.036703925094,2
883,888,-0.003813972989917104,5,2181.6529379285153,2175.513825487811,5
889,891,-0.003920437782665674,2,2174.578710131695,2168.227988305246,2
896,898,-0.002392030308592273,2,2170.701078642233,2167.679396949869,2
903,904,-0.004115422570566641,1,2169.016152331266,2162.2587504543694,1
906,908,-0.0030192394920931574,2,2165.5186314015364,2161.145930660147,2
909,910,-0.0017818169291821074,1,2162.5571836706954,2160.8664598541773,1
912,914,-0.004813861744183708,2,2163.288213992999,2155.0377318320075,2
916,920,0.0028484943740604315,4,2148.6201434885074,2156.889096022716,4
924,927,-0.0026435646122213046,3,2160.909726194722,2157.3581314385438,3
928,935,-0.009162813872962,7,2157.925462854584,2140.3107189495768,7
936,940,-0.0018772218250556615,4,2135.1917633293074,2133.318726513836,4
941,946,-0.009856379394895188,5,2131.406316936271,2112.5297739488074,5
949,950,-0.001668731221359584,1,2114.429117748935,2113.0151329825444,1
952,957,0.002802159470291393,5,2119.2718108628874,2127.3296202486813,5
959,960,-0.0004772661428653428,1,2138.9968856876626,2140.115011780117,1
961,970,0.002443307588471429,9,2139.3594977844396,2146.725970577629,9
973,975,-0.0038408936290429455,2,2147.6554342442087,2141.554173603685,2
981,982,-0.003553414445070324,1,2125.6426310100474,2120.214984410969,1
984,985,-0.0010203639816072584,1,2122.071907875274,2122.028694041973,1
986,988,-0.0008817847422758838,2,2126.1010989623046,2126.352436551666,2
989,994,0.0030053780898564994,5,2130.2563571109613,2138.788839249511,5
997,999,-0.00041779887055451914,2,2136.374314695657,2137.6181142345913,2
1002,1003,-0.00035138697981279684,1,2141.165113069975,2142.553900640683,1
1009,1010,-0.0038064057405292114,1,2144.9510989981063,2138.9314959207236,1
1019,1020,0.0011660118370571309,1,2141.8659857163093,2146.505292794761,1
1022,1027,-0.0059742930705869455,5,2151.569396210023,2140.8668594715687,5
1028,1031,0.0012163690111074827,3,2145.1311580047472,2149.88556022811,3
1036,1037,-0.0012970443483202075,1,2153.2028836835952,2152.5632869362103,1
1039,1042,-0.002808265427793017,3,2145.319496256775,2141.4401891801235,3
1047,1048,-0.0018596608452131267,1,2140.033136439329,2138.1934337444736,1
1049,1057,-0.00036683254448589483,8,2139.6331251013644,2140.9878711629185,8
1060,1066,-0.00493767460806109,6,2144.7076412664765,2136.262480445747,6
1067,1070,0.0023498767968139016,3,2142.131837660946,2149.307715399643,3
1071,1072,-0.002243438751673884,1,2155.020720149307,2152.3410838752134,1
1074,1077,-0.00269323787444147,3,2154.1354744988494,2150.48801072675,3
1079,1080,-0.001016046028645203,1,2150.5658174710175,2150.531309430307,1
1082,1088,0.007032850004289762,6,2166.181152052094,2183.581760328648,6
1090,1093,-0.00754354403451877,3,2183.0135782187103,2168.728932741684,3
1094,1095,-0.004206617184541172,1,2159.5452079802344,2152.6203732055315,1
1098,1100,0.0014760302464955685,2,2141.1055263758844,2146.40696842013,2
1107,1108,-0.002995534375478585,1,2160.150800260774,2155.840145082636,1
1110,1114,-0.008786472154105204,4,2157.389951298465,2140.591494517133,4
1116,1120,-0.0028656306116236815,4,2128.341280293337,2124.3705816488396,4
1124,1126,-0.003963279241739833,2,2129.4802797488037,2123.1700350401297,2
1128,1129,-0.0013646794302126521,1,2127.3584049569836,2126.5826011060058,1
1130,1134,0.0023244033355741454,4,2133.126063529593,2140.217434930391,4
1136,1138,0.0005569870200346535,2,2145.468018522939,2148.8084843796787,2
1139,1140,-0.0035300262378875277,1,2148.9069283229314,2143.470137411496,1
1141,1142,0.00038496101495870926,1,2144.7550087395857,2147.7254108133275,1
1146,1151,-0.0009279897363271695,5,2145.0954851073175,2145.2499539988034,5
1153,1155,0.0016751000281354442,2,2153.5309962691545,2159.2919070978646,2
1156,1158,-5.984231028563795e-05,2,2158.1398055846407,2160.16879731834,2
1161,1162,0.0012559364459689827,1,2165.086204875889,2169.9705017541332,1
1164,1169,-0.004025309442559662,5,2172.0236949269893,2165.4526511332633,5
1171,1173,-0.0014493960811229473,2,2165.5821819031194,2164.6089777572224,2
1175,1180,-0.006292584560659085,5,2171.8647879669925,2160.3700099223593,5
1181,1186,0.01895006653154493,5,2161.7264084894687,2204.8529941618312,5
1187,1189,-0.004556355614873817,2,2216.155849514718,2208.2744112158607,2
1191,1201,0.0048582246938434145,10,2212.9404225558415,2225.9043247852624,10
1203,1213,0.01415276786901715,10,2229.45437732963,2263.23678198387,10
1214,1215,0.004663218615697237,1,2264.065552918037,2276.8874511044814,1
1217,1224,0.009359022567793574,7,2283.954871731097,2307.6144117911813,7
1227,1244,-4.002220008363631e-05,17,2283.7176871331367,2285.910005414061,17
1248,1249,-0.0033504435944465916,1,2300.7713129314607,2295.3634797366944,1
1253,1257,-0.0018568530247458123,4,2290.627854115065,2288.6651227096995,4
1260,1261,0.0038290922032891608,1,2319.326042581748,2330.526281890865,1
1267,1272,0.0025986955636844947,5,2373.796479169768,2382.3390500284463,5
1273,1275,-0.0008612715273303167,2,2386.8627940778842,2387.1939199077788,2
1277,1279,-0.002646339010851838,2,2384.7326673385373,2380.806588917845,2
1285,1287,0.0021519847265196812,2,2336.470752138338,2343.835272263038,2
1288,1292,0.005766828808614556,4,2354.6264269723392,2370.559780911901,4
1295,1299,-0.007208882843344942,4,2384.5718207109862,2369.76629364465,4
1300,1306,-0.016289121213190795,6,2372.2436427291677,2335.97412212826,6
1312,1313,0.0008663493924552855,1,2363.114647539682,2367.52504512642,1
1314,1318,-0.017319072156057762,4,2373.3484073986183,2334.6175634868155,4
1324,1327,-0.004375332001524818,3,2342.7917312699683,2334.884031366505,3
1331,1336,0.020703742077311516,5,2375.164903035794,2426.7148694823654,5
1337,1340,0.0007604788888197344,3,2428.3332009718865,2432.6082303072176,3
1341,1347,-0.009487351937865804,6,2438.609210026257,2417.9118754218434,6
1348,1349,-0.0008715910828327372,1,2416.0769709013607,2416.387216728987,1
1352,1354,0.0008705976793604517,2,2416.791166955045,2421.31201090345,2
1357,1359,0.005116492951162541,2,2455.5086081167133,2470.527709209778,2
1360,1361,-0.0037371642006929938,1,2474.115876242823,2467.343814838005,1
1364,1365,-0.002500260530544462,1,2457.87983588674,2454.192375780138,1
1367,1369,-0.0004878453404595643,2,2468.344034042862,2469.608207941246,2
1372,1373,-0.0034857856621252786,1,2477.2818808174575,2471.1238890370787,1
1374,1375,-0.0006409970913957999,1,2470.163570774139,2471.050366680775,1
1376,1381,-0.007610231708499438,5,2464.5148630923077,2448.2238487982268,5
1382,1384,-0.005576063821372912,2,2450.7428237466443,2439.528068175408,2
1385,1386,-0.0038975082525426483,1,2437.4854976595816,2430.42286331466,1
1388,1390,0.0036245524897849804,2,2425.3696559823657,2436.585905263588,2
1391,1392,-0.003255623159217871,1,2436.3717123409356,2430.876175882116,1
1393,1397,0.0023774687594127985,4,2441.5936195612835,2449.8400257345334,4
1399,1401,-0.0028480749228953777,2,2467.5007667107448,2462.9406404215615,2
1406,1411,-0.001610119362554408,5,2455.0511255759834,2453.5532513482085,5
1416,1417,-0.0024881371828248313,1,2457.0484429650164,2453.3920178170383,1
1418,1419,-0.003886446949600762,1,2466.0486058756933,2458.930487399696,1
1425,1427,0.0031320991227136935,2,2488.1325625247114,2498.413772903515,2
1429,1431,0.0021525793079962548,2,2493.9446433541625,2501.807001632089,2
1436,1437,-0.004037198724054791,1,2528.3902169726857,2520.7109934317837,1
1440,1441,0.00022448043119758154,1,2521.69195938756,2524.7797218453384,1
1442,1443,-0.0031266229326626853,1,2528.959904539378,2523.5817604106,1
1444,1445,-0.004048910939100703,1,2519.465901075689,2511.784273929208,1
1448,1450,-0.005020513973617022,2,2510.895282076581,2500.8001925087033,2
1451,1454,-0.0035369299036083763,3,2499.5964246922435,2493.255123775489,3
1456,1464,-0.03174254505015032,8,2484.5129514095293,2408.13270007314,8
1472,1476,-0.014610811293035382,4,2434.3552739517536,2401.221723697791,4
1478,1479,0.0008406835032828011,1,2381.0602035215693,2385.4429817585146,1
1488,1495,-0.006782341113738822,7,2379.9403876516903,2366.1787604999245,7
1496,1499,0.009541816755097167,3,2380.2213266045146,2405.3131836661537,3
1503,1504,-0.00384535606627407,1,2423.8030005930473,2416.9064180218566,1
1506,1507,-0.00029160049142918265,1,2421.6651876213673,2423.3806940502013,1
1508,1512,-0.008358198963391895,4,2432.7777954470002,2414.8769323943793,4
1515,1516,-0.004410654899885701,1,2425.868257473111,2417.594458014283,1
1518,1521,0.006300802623649614,3,2423.6531638512984,2441.3477772287606,3
1522,1523,0.00025465683673759026,1,2448.49555267074,2451.56757435562,1
1529,1531,-0.004083501774898409,2,2436.223394255602,2428.711295095366,2
1532,1536,0.007926812995134695,4,2427.242527014229,2448.910067146723,4
1537,1539,0.0022919262858648363,2,2452.2499722068605,2460.3225983498796,2
1540,1542,0.004723037902074429,2,2464.977708175787,2479.0848690274456,2
1544,1547,0.0005699052892875122,3,2479.8358079903805,2483.728915341909,3
1548,1549,-0.0012663871294866127,1,2478.944876517886,2478.2845175080747,1
1552,1553,0.00010078556900945451,1,2477.8069020065686,2480.5344360870895,1
1561,1563,-0.006744782860073957,2,2478.3490364863164,2464.111459420229,2
1565,1566,0.0006065424952453012,1,2459.099490263629,2463.0501380947735,1
1567,1573,-0.010284085216847327,6,2472.881909248994,2449.923462872326,6
1575,1579,-0.008720817697214618,4,2439.059331863429,2420.2277994094216,4
1581,1586,-0.0034039909774439517,5,2414.153621647452,2408.350018122848,5
1590,1601,-0.023818282875250157,11,2411.652312873931,2356.6225482020222,11
1602,1603,-0.0028750332218188315,1,2361.632205591771,2357.204066748569,1
1607,1608,0.004137021083935727,1,2348.2918408771693,2360.3550655749896,1
1612,1615,-0.001743845579148824,3,2378.7256489931906,2376.956244435179,3
1617,1619,-0.0011910610385024217,2,2386.955675856397,2386.499621626109,2
1620,1621,-0.003189107084955948,1,2393.893821766705,2388.6533318408433,1
1625,1627,-0.006345404833992721,2,2383.154340233942,2370.415415503505,2
1629,1630,-0.010147298057654065,1,2354.967430621596,2333.4258416176326,1
1631,1633,-0.016900508545511173,2,2327.1516866725365,2290.148791391899,2
1634,1642,-0.014826283892732144,8,2293.6043970048745,2261.8923714742664,8
1643,1645,-0.039848847932089884,2,2240.3820827831064,2153.3458199392867,2
1650,1654,0.005610554087887997,4,2163.7131712597106,2178.0165142089986,4
1656,1661,0.009940659247198572,5,2189.7988876092522,2213.7567310584795,5
1665,1666,-0.00896820850344577,1,2183.2300437191534,2165.833611519812,1
1669,1670,-0.002923711950214207,1,2117.6587252615477,2113.5849598652867,1
1671,1673,-0.0021829208347194954,2,2120.440373468153,2117.9320603715973,2
1674,1675,-0.006974488543472856,1,2129.366506699484,2116.644630900353,1
1676,1677,-0.01049980158873354,1,2113.9152811032827,2093.8335053574096,1
1679,1680,-0.0009063332653520385,1,2070.7577894418228,2070.9517505622066,1
1682,1683,-0.000104426881079512,1,2098.081723367864,2099.9607089606106,1
1685,1688,0.008069106715875875,3,2110.090148341371,2129.226781076797,3
1692,1693,0.0015005474409104241,1,2131.5580936586484,2136.8881557948985,1
1694,1697,0.010269616041012817,3,2139.4082205471477,2163.5185297477005,3
1699,1707,-5.963781263922249e-05,8,2161.946127174321,2163.979139563427,8
1712,1713,0.0029814437608498053,1,2195.7661550689336,2204.508474527318,1
1718,1722,0.008653825901550657,4,2212.9800771760138,2234.343801564671,4
1723,1725,-0.0030389366825179596,2,2237.2660873188447,2232.704443424857,2
1726,1728,-0.007239771569962442,2,2233.7467497966472,2219.80868033277,2
1729,1731,0.007715549722749469,2,2232.7499797311975,2252.2096231980127,2
1732,1735,-0.007880945225702804,3,2262.8593837902667,2247.2887723169383,3
1736,1738,0.0007937950649877456,2,2243.379485796024,2247.4036488465395,2
1745,1749,-0.009478593166679167,4,2265.1265286290763,2245.921442321778,4
1751,1752,-0.002196540307206735,1,2248.66365256792,2245.973035870272,1
1754,1756,0.001207997996375163,2,2258.292591083991,2263.278896600333,2
1758,1759,-0.0024155007279565857,1,2264.8554670389058,2261.6495624765957,1
1760,1761,-0.005577411207187175,1,2255.934984402191,2245.6086423219026,1
1767,1768,-0.006919808343770563,1,2233.243900250346,2220.0235243759694,1
1771,1773,0.004075284236659489,2,2219.8598587066253,2231.1262784551122,2
1779,1780,-0.0050925698133983495,1,2223.6301513536755,2214.529789720083,1
1784,1789,-0.022688548087519068,5,2182.3125767536308,2134.981385490712,5
1793,1801,0.016066174864604165,8,2124.4044529597963,2160.659910837152,8
1802,1803,0.00026177129217489045,1,2166.5032442225047,2169.2368758204684,1
1804,1807,0.005527206886139303,3,2171.2108102722036,2185.3827524242724,3
1810,1812,-0.005068463327148955,2,2208.367497004483,2199.3828348300526,2
1814,1822,-0.022837303999597734,8,2205.655647539864,2157.490074646106,8
1824,1827,-0.02352264772178682,3,2143.2978436380545,2095.0251013429292,3
1832,1833,0.003946981643249202,1,2123.103771042512,2133.6067264245726,1
1834,1835,-0.006494983953807074,1,2134.822103417256,2123.0912902147456,1
1836,1837,-0.0019578881636887783,1,2116.987251345338,2114.959414314594,1
1838,1843,-0.014743831845576448,5,2107.6508964354257,2078.6836969256387,5
1846,1847,0.00294250469776469,1,2119.721585085237,2128.078597392389,1
1848,1850,0.0038075110548926976,2,2133.7934404828698,2144.0516760368487,2
1852,1861,0.01661195731033843,9,2146.568898943411,2184.3741787553026,9
1865,1866,0.0018091592219341484,1,2182.460329746565,2188.591208308378,1
1868,1869,0.0003966631936705269,1,2208.531145249117,2211.6157194117613,1
1871,1873,-0.014308663412846086,2,2204.6915715143737,2175.35007345995,2
1875,1877,0.01119736084592543,2,2162.0189357140093,2188.3898608286368,2
1878,1879,0.0020429743120199623,1,2202.8291709346945,2209.532323515617,1
1881,1885,0.009881472365617382,4,2242.643977871997,2267.0472463431292,4
1886,1890,0.0007292256765108179,4,2284.177121453819,2288.1269791819354,4
1893,1901,0.006209921310548763,8,2319.733819449264,2336.458917748912,8
1902,1904,-0.008677175937986021,2,2339.4549684104995,2321.4945610190166,2
1905,1907,0.0010692153716644129,2,2325.352083304262,2330.163737579567,2
1908,1911,0.003393573518857911,3,2329.707652442525,2339.9433942909773,3
1913,1919,0.002227665588826981,6,2308.803761780556,2316.2558082338096,6
1920,1922,-0.001646595935740935,2,2319.7288020495025,2318.228874834076,2
1925,1931,0.0018136547670523566,6,2297.8423952745347,2304.307730483934,6
1932,1933,0.0006281094799263367,1,2304.814397189059,2308.5668873585932,1
1936,1938,-0.009735180443994372,2,2322.384865300073,2302.0984144412755,2
1939,1942,-0.005395440284770167,3,2294.9984839612644,2284.9109551713746,3
1943,1946,0.0034232013273561854,3,2289.525572914194,2299.652605467324,3
1949,1952,-0.011751208019088199,3,2299.0875753701653,2274.3696065932595,3
1954,1955,-0.0052609805423420525,1,2266.9100361606993,2257.2507766053786,1
1956,1957,0.004168138751219507,1,2263.278595885255,2274.9755337014553,1
1958,1959,0.011138570628230968,1,2302.0410851544175,2329.984573455654,1
1960,1963,0.009635335363779276,3,2349.1596578034246,2374.143758587225,3
1967,1968,0.008659244082739073,1,2387.0878181481417,2410.1452820305676,1
1970,1972,-0.0034611476656673064,2,2434.4577228884914,2428.4661629466386,2
1977,1982,-0.006303127777006198,5,2436.2127500942192,2423.293202588498,5
1984,1987,0.005369987386333785,3,2411.5605259239524,2426.9221360554684,3
1988,1991,-0.01114370822643048,3,2431.16999435578,2406.5089152841824,3
1999,2000,-0.0011130117117654677,1,2371.4450904104915,2371.1770893414664,1
673,680,0.002524014666376438,7,1982.4219313766525,1989.4080153377702,7
681,682,-0.00339802662057028,1,1989.774164886507,1985.002633470186,1
687,693,0.0050660373097185666,6,2001.5219589433661,2013.6632658225376,6
694,698,-0.0009834018213810448,4,2014.6361607731544,2014.6696000640031,4
701,706,-0.003622491146497436,5,2023.254144204239,2017.9481781239492,5
708,709,-0.005604961151901614,1,2018.8837048841274,2009.5868238529288,1
711,712,-0.004733363378160594,1,2000.4284009388566,1992.9600748061591,1
713,714,0.0034070502732404034,1,1990.3399493302688,1999.111477547806,1
716,719,-0.002272147309637948,3,1999.8470463235572,1997.3029462838892,3
722,723,-7.396492455377212e-05,1,2023.7766042571966,2025.6506923776062,1
728,733,0.0027019748538123977,5,2037.7202406511396,2045.2638297411347,5
735,741,0.0012347808294821418,6,2059.6263086482754,2064.2291220387397,6
742,743,-0.0011244741231236153,1,2062.430143132356,2062.173423948786,1
745,746,-0.0010775267143950588,1,2065.9517997841363,2065.7916333290004,1
747,749,-0.005504546564290241,2,2071.7517475359646,2062.419445319539,2
750,752,-0.002017845805876673,2,2065.9288330704794,2063.826036072499,2
754,756,-0.005364377467215908,2,2056.1529840396156,2047.1791562869244,2
758,763,0.00863925728586756,5,2049.08312582856,2068.834765278551,5
766,767,0.0012402897452484236,1,2078.4893078781797,2083.1457261602277,1
770,773,-0.004187841346265833,3,2093.712506549976,2087.038083254402,3
775,777,-0.001244692185385886,2,2082.993397553788,2082.483705347196,2
778,783,-0.00604349041049706,5,2086.0035789395947,2075.4828398929503,5
785,786,-0.003480980077987163,1,2076.3110841010134,2071.159797665655,1
787,790,-0.0012575469387540081,3,2079.2595656335616,2078.7240586975577,3
794,798,-0.0013603904666650416,4,2076.8198659829586,2076.071399902278,4
799,800,-0.002056757732697575,1,2075.9861639551586,2073.792349523426,1
801,805,0.001920776220232485,4,2068.618734979832,2074.6607073896885,4
809,811,-0.004478370039129265,2,2094.13183215429,2086.8476667313375,2
813,814,-0.0025450974682285606,1,2087.649129148198,2084.4235077642015,1
819,821,-0.0008778493011397577,2,2076.936101312338,2077.1898005086014,2
823,824,-0.005518890936771584,1,2078.157627960966,2068.7666602907902,1
827,838,0.002069660486427306,11,2066.24861720309,2072.5912989384533,11
842,847,-0.0006907403512077695,5,2077.8818307046977,2078.524435709893,5
851,853,0.0008202217271794758,2,2073.7322986745844,2077.5069512609857,2
854,858,-0.00265183336668665,4,2074.732051673882,2071.3049400439927,4
859,864,-0.0011517711502067529,5,2068.7808606679673,2068.466879417218,5
865,867,-0.002166731924887725,2,2068.9517499408635,2066.537837883155,2
868,873,0.011678845434147177,5,2068.483534911983,2094.7095179342105,5
875,876,0.004296942961346888,1,2112.648182284698,2123.8387592036534,1
878,881,0.013942124154555858,3,2136.222765501003,2168.1424712849075,3
883,893,-0.009563273297768612,10,2179.4495257613585,2160.7863038335718,10
896,899,-0.004555724797683677,3,2169.8210143101887,2162.105727923071,3
901,903,-0.000133403518999321,2,2163.209355824687,2165.0839854401124,2
904,909,-0.006579430935040817,5,2171.9435982355635,2159.825388934404,5
910,912,-0.004186837841217993,2,2166.517250781584,2159.612911623142,2
913,915,-0.006692776738105216,2,2163.008746435437,2150.695220559411,2
917,918,0.0012298556216674022,1,2145.054941036276,2149.838103855331,1
919,920,-0.0023910787109045683,1,2156.1861147465115,2153.1866901455396,1
927,928,0.0003331841914868837,1,2153.1662778341292,2156.0368450773803,1
930,937,-0.00954431227455992,7,2153.5900479828324,2135.1891021014826,7
939,941,-0.006430855544495234,2,2142.4731913550954,2130.837728944892,2
943,945,-0.004917337749136089,2,2129.8018349992412,2121.4586818728194,2
952,953,6.35792215286199e-05,1,2116.1373090166994,2118.387988688471,1
956,963,0.0054059646702400415,7,2123.5314883685414,2137.1347560591726,7
964,966,0.0031159357606617482,2,2135.18061064906,2143.968876879902,2
967,968,-0.0035511219969803203,1,2149.7513673360622,2144.2670893348127,1
970,976,-0.007543951925813029,6,2153.3525979474134,2139.261162067121,6
978,981,-0.0013541818732313617,3,2129.011498137576,2128.2574408570345,3
983,985,-0.0018641959678988703,2,2119.146781484409,2117.3154233804644,2
986,987,-0.0019155435334544113,1,2127.9509393334192,2126.0027076114043,1
988,992,0.005103521698219456,4,2127.460816624532,2140.4458198809116,4
993,995,-0.002312506790561307,2,2141.34533333497,2138.534803044031,2
999,1004,0.002006176601743445,5,2139.2911336505235,2145.722220600821,5
1008,1012,-0.004979351192918028,4,2146.1887639893425,2137.6483251711343,4
1015,1016,-0.001874598817718355,1,2134.4358713510533,2132.569096261474,1
1017,1019,-0.0008133122383151254,2,2137.347793548959,2137.746810224479,2
1021,1023,-0.00033560219481635614,2,2148.2787730690056,2149.7060847707553,2
1025,1029,-0.008075366213963238,4,2156.862759824111,2141.602165925096,4
1030,1034,0.0023534173820471413,4,2142.492871782745,2149.6775446198935,4
1035,1042,-0.007804886583159511,7,2155.512996884608,2140.844975412282,7
1043,1047,-0.005897492824122956,4,2145.7228668648268,2135.2142045217997,4
1049,1052,0.002638893074154109,3,2140.0216847191905,2147.8089948062548,3
1057,1066,-0.003159122008210206,9,2144.0505193294866,2139.421252666488,9
1067,1068,-0.0009337775226051576,1,2140.9008253162538,2141.042601072763,1
1070,1071,-0.0030612465755606244,1,2152.1735330986558,2147.737372773544,1
1075,1079,-0.004067374460395133,4,2156.9126660879674,2150.2966072627064,4
1080,1087,0.01302691243741413,7,2153.170377184766,2183.3727095283707,7
1088,1089,-0.002877383547180609,1,2185.1595716198176,2181.0571889920943,1
1091,1095,-0.017727472576693597,4,2181.123343672685,2144.638662755014,4
1096,1100,-0.0031621776336183726,4,2147.6890762835815,2143.0453909988746,4
1103,1109,-0.0016122422503222107,6,2155.532488270362,2154.212780209101,6
1111,1112,-0.0035079796990384153,1,2148.3932062921067,2143.005079745174,1
1113,1115,-0.005179359840240335,2,2140.133544306659,2131.1891561188327,2
1116,1125,-0.0020160880077052562,9,2128.783444690184,2126.6204133610327,9
1128,1137,0.006243196398287169,9,2127.8231441000144,2143.2353850335517,9
1142,1145,-0.0032702507828452874,3,2145.039435179194,2140.169657722244,3
1146,1147,-0.0021072155542314346,1,2146.526282311313,2144.1496150239714,1
1148,1157,0.00203143102644906,9,2148.516733424295,2155.0298137108425,9
1158,1161,0.0010429362446698963,3,2161.2847106327445,2165.700077503147,3
1163,1164,-0.001883880966131563,1,2170.843771476796,2168.9250039867425,1
1165,1166,-0.0020917871115732813,1,2166.830954680805,2164.4652365715265,1
1167,1170,-0.001999819833911099,3,2169.540687424714,2167.37153761495,3
1172,1176,0.005863108527936385,4,2162.6526816499827,2177.495201712379,4
1178,1182,-0.0023161573639144716,4,2168.9485174312226,2166.093839868054,4
1183,1184,0.0020839575624528157,1,2169.7569174878454,2176.4483557422163,1
1185,1187,0.006392445595461706,2,2194.4872915126384,2210.7099194250777,2
1188,1192,-0.0013551526558362062,4,2212.881669583547,2212.0957587815433,4
1194,1195,0.00032030616718044485,1,2211.889811726098,2214.8101834856434,1
1198,1206,-0.0011586029251492809,8,2226.1112092639064,2225.7581415144095,8
1207,1208,0.002560089288944935,1,2226.3844076964,2234.310534979314,1
1209,1217,0.016499175607612555,8,2244.5875727905764,2283.8660048935035,8
1218,1221,0.0017754777794078045,3,2281.9325596451745,2288.266012758577,3
1223,1226,-0.006454937791031456,3,2304.7185864678836,2292.1464899528673,3
1228,1230,0.0005408343586963378,2,2278.7345474512927,2282.245699936354,2
1232,1235,-0.0026503488925753347,3,2298.4542378813894,2294.660986475267,3
1243,1244,0.00129765887130639,1,2285.49006969761,2290.7413462315335,1
1245,1246,-0.0013904512643450736,1,2294.2342658575603,2293.3384791877525,1
1249,1251,-0.0018771200834444596,2,2297.847969774571,2295.8324811715797,2
1252,1257,-0.0013630694123316655,5,2292.1208967282364,2291.288697741268,5
1258,1268,0.034217399828760584,10,2293.9020904878803,2374.6873575766217,10
1271,1272,0.0017667161369666192,1,2376.7679496990095,2383.343791939267,1
1273,1276,-0.0015905399591227404,3,2388.222600142442,2386.812259265778,3
1281,1285,-0.01614548923960743,4,2374.471709808943,2338.5091740782796,4
1286,1288,0.004129580606297101,2,2341.485087786132,2353.495924282374,2
1289,1291,0.004455359519862607,2,2350.8409585228806,2363.6656411256413,2
1292,1294,0.0031930858880973674,2,2374.560235332028,2384.5169703452357,2
1297,1298,-0.005267200938641132,1,2384.172382578218,2373.998639949398,1
1302,1307,-0.011230568265655012,5,2360.7743167759018,2336.622253968321,5
1310,1316,0.006387578170664693,6,2346.3331311594843,2363.6668505803455,6
1318,1327,-0.003026275581943614,9,2342.0196996759664,2337.274122346082,9
1329,1330,-0.0004167029845925427,1,2356.2811227081406,2357.655534454477,1
1332,1334,0.007041933949758122,2,2389.623188037624,2408.840379880633,2
1335,1339,-0.0013130214285314778,4,2425.6584392140253,2424.899156144253,4
1341,1351,-0.007168737943398093,10,2435.1640492657725,2420.142160396668,10
1353,1355,0.0035164772237371196,2,2417.40315058554,2428.32129685575,2
1356,1357,0.004599864310970554,1,2435.5471914176123,2449.1859252125164,1
1365,1371,0.005143361858480369,6,2451.001750326247,2466.05914099427,6
1372,1377,-0.004512688111795765,5,2471.2610528958226,2462.5802835741715,5
1380,1384,-0.00019560429464934555,4,2444.1818155167543,2446.147904872252,4
1387,1388,-0.0018073355268130645,1,2424.5315804004485,2422.574169919711,1
1392,1394,0.0018900310572056538,2,2434.463660270299,2441.4993358561187,2
1396,1397,0.0009084096992259282,1,2447.6251237525307,2452.296195278769,1
1399,1400,-0.00253938486324769,1,2464.320563701015,2460.5270259270637,1
1403,1404,-0.0003197053235531554,1,2461.086061719355,2462.76032546542,1
1407,1408,0.0028551179026178137,1,2463.098335788859,2472.593870279067,1
1409,1413,-0.008884322879978198,4,2464.6902270919127,2445.2578135423933,4
1416,1417,-0.0017222191494336947,1,2455.9058098821856,2454.1321076770832,1
1419,1420,-0.002059428145608033,1,2467.103306365261,2464.489587684375,1
1421,1425,0.006618464937527566,4,2471.753749553655,2490.5847188288317,4
1431,1434,0.005496319414312825,3,2508.596784890697,2524.8934308870653,3
1437,1441,1.8566421363185905e-05,4,2518.044984466178,2520.6097805348372,4
1442,1443,-0.0025537907818193074,1,2528.1669119223734,2524.238669479728,1
1444,1446,-0.007330311351953197,2,2519.354292973972,2503.405995893567,2
1447,1448,-0.004423046793210812,1,2511.3144366266274,2502.7180897975886,1
1451,1453,-0.001390627724726691,2,2499.713961488418,2498.7375039111744,2
1456,1463,-0.028731433486400424,7,2483.3449263444954,2414.478211695783,7
1465,1466,0.0024058420213154052,1,2403.1041657780306,2411.2887589274355,1
1470,1491,-0.019262298468660143,21,2430.8383347206923,2386.445639522962,21
1494,1498,0.012737594524837404,4,2373.73351512002,2406.342903660756,4
1499,1500,-0.0014272500136240137,1,2406.3545098538075,2405.3263948566882,1
1504,1509,0.0037836243863032647,5,2417.5829601652167,2429.1477689693743,5
1510,1518,-0.0028786233289353237,8,2428.4518466988766,2423.889700406472,8
1524,1527,-0.004213546429685989,3,2448.783248453955,2440.913969788811,3
1528,1532,-0.002943712356245457,4,2434.9595116289206,2430.22665073921,4
1535,1537,0.0060316749567838395,2,2432.566567407511,2449.67158482026,2
1539,1549,0.003183616262776445,10,2462.2171644161167,2472.5181361876553,10
1550,1551,-4.587426660197639e-05,1,2480.6518170317067,2483.0186707659373,1
1553,1558,-0.0031842207150301303,5,2480.12124907792,2474.7041168698975,5
1559,1562,-0.005016120531782351,3,2476.723795607431,2466.776974320338,3
1564,1565,-0.005317791728559763,1,2469.853683158445,2459.1893693545508,1
1567,1573,-0.010122543645892428,6,2465.7428679608342,2443.2490210283136,6
1574,1575,-0.003178425053010393,1,2441.629044397258,2436.310138516785,1
1578,1580,-0.005489976853668223,2,2427.7206925653722,2416.8202828485823,2
1582,1584,-0.001087778914908982,2,2406.3695356942085,2406.158307187495,2
1585,1586,0.0004705700946904903,1,2407.224637310668,2410.7646298734994,1
1588,1592,0.0005665542384753741,4,2404.9332152356255,2408.700673557203,4
1599,1601,0.0014981131173762894,2,2347.4163012365325,2353.2804126905944,2
1602,1603,-0.005660507518176435,1,2366.8326339375412,2355.80199265281,1
1605,1607,-0.007864417033030448,2,2362.179589522861,2345.9646037134635,2
1610,1611,-0.001299253669396249,1,2367.748365658303,2367.039808271673,1
1612,1615,0.0008298376562084866,3,2375.240242539636,2379.5865465779766,3
1620,1621,-0.0022994886943609504,1,2391.4840958988966,2388.376389353532,1
1626,1627,-0.0037387674337868793,1,2377.2295066789748,2370.718827923445,1
1628,1632,-0.022188485939450938,4,2365.424162953335,2315.3044063357606,4
1633,1636,-0.004535108163257483,3,2290.8971380379185,2282.7985688640574,3
1638,1641,-0.01002703492540051,3,2294.5212939746752,2273.8085701168907,3
1642,1652,-0.042845353007019076,10,2264.26365722844,2169.514745190752,10
1653,1654,-0.0016147958599177922,1,2175.71514161411,2174.3775209526852,1
1656,1659,-0.0005068714509799781,3,2195.084356146224,2196.166814909747,3
1660,1661,0.0037480367311428873,1,2204.925212090587,2215.3942779870163,1
1662,1663,-0.004437028623348436,1,2214.175110083468,2206.5649268530055,1
1664,1670,-0.03680775350183779,6,2193.388265880177,2114.8479595217163,6
1672,1673,-0.0031433280194731418,1,2127.6117370988577,2123.051567248174,1
1674,1675,-0.003632673481080655,1,2127.0311961997045,2121.4314175760383,1
1681,1684,0.010205797584511938,3,2087.5067921714353,2110.8989707408023,3
1687,1688,0.0012618269794853927,1,2123.0267289772596,2127.828648111029,1
1692,1693,-0.0017380739957684201,1,2139.4084505976507,2137.8294088539374,1
1694,1696,0.004322418404828642,2,2145.6216648813747,2157.0415611203384,2
1697,1698,-0.0016995029796609603,1,2167.468294701092,2165.952144170628,1
1699,1701,-0.004491262537119345,2,2165.2264284971297,2157.667054582937,2
1704,1705,-0.0029513071409339314,1,2151.638571684781,2147.4400639751434,1
1706,1714,0.02401524741034966,8,2158.24534856082,2212.234389927305,8
1715,1716,-0.0028018428745644865,1,2220.5266236152265,2216.5255835406847,1
1724,1728,-0.007665641671826995,4,2235.794906954845,2220.891899253388,4
1730,1732,0.0034995818214560775,2,2245.668599051531,2255.773168656838,2
1733,1734,-0.004981677247085565,1,2260.225100220965,2251.2256133661235,1
1735,1737,-0.0003847563354842749,2,2244.6421587290793,2246.023160596342,2
1739,1740,-0.0019812497410401754,1,2251.172768304048,2248.963805608113,1
1741,1743,0.0016186833281388894,2,2259.247959421486,2265.164214386955,2
1744,1750,-0.008828977358281885,6,2264.1287514038822,2246.402938672906,6
1753,1757,0.003642182791617772,4,2250.1516832866832,2260.5972987093664,4
1758,1759,-0.0022372232963564697,1,2264.789343783268,2261.9872936457996,1
1761,1764,-0.008459545813447237,3,2251.854465900643,2235.0566543470413,3
1765,1766,-0.0006045999910734513,1,2234.5990229481263,2235.482583421747,1
1767,1769,-0.005266750926101191,2,2225.1917368181826,2215.697397914361,2
1774,1776,-0.00070056804838712,2,2237.395964087079,2238.0659119271363,2
1777,1778,-0.006196454263852404,1,2238.114167211096,2226.4839093039036,1
1781,1782,-0.0006093665963040859,1,2211.3890903564698,2212.2529328037317,1
1783,1784,-0.010866798816830985,1,2206.446365418178,2184.675803030469,1
1785,1790,-0.024650803657749146,5,2164.1357223146256,2112.9521732574412,5
1793,1796,-0.0014150697165013178,3,2125.7991474046366,2124.9167925551847,3
1800,1803,0.004555448002099545,3,2155.1657729842723,2167.138684371991,3
1805,1806,-0.0017302843775207585,1,2173.4335207598147,2171.846296214024,1
1807,1815,0.0057404082877562206,8,2186.533588741539,2201.27171786455,8
1816,1819,-0.006990197894329533,3,2195.772802263739,2182.6196886471926,3
1825,1826,-0.012178870282351078,1,2116.312925091589,2092.654937425127,1
1829,1830,-0.002544706578086542,1,2111.822805037849,2108.5606584591537,1
1831,1835,0.005737384462262093,4,2111.5407329220184,2125.7669946474407,4
1837,1838,-0.004380530590743477,1,2115.640691254995,2108.488703179186,1
1845,1847,0.013613421318334491,2,2097.6833856050516,2128.3377167113686,2
1848,1851,0.006183274544246048,3,2133.4803103410245,2148.8056851449473,3
1853,1854,0.0001903091666182106,1,2149.2510075100254,2151.809280685628,1
1855,1856,0.0030797938215978253,1,2167.3516956095086,2176.194043666486,1
1858,1861,0.0036936457013452967,3,2182.148283929288,2192.3905148418507,3
1865,1866,0.00021377459830217984,1,2186.0099024322485,2188.663225723458,1
1867,1869,0.005062826006681313,2,2200.5914470555567,2213.9332501108456,2
1873,1876,-0.00530796321442848,3,2178.006070313908,2168.6233002821937,3
1877,1880,0.01683361258504434,3,2186.032838436327,2225.0177011751853,3
1881,1886,0.014375927405727098,5,2244.413295493033,2278.9232313929824,5
1888,1890,-0.0017785853984158473,2,2289.935438567307,2288.1525282715234,2
1891,1892,0.0038204115672534284,1,2301.792904194434,2312.8884933352347,1
1893,1895,-0.0032002150943858383,2,2318.860278681705,2313.758287294778,2
1898,1900,0.0011794142361639388,2,2326.781059506396,2331.852079271921,2
1903,1904,-0.003559767684086233,1,2331.285828195574,2325.318278070191,1
1910,1917,-0.013165503435250483,7,2340.043622069028,2311.5758133461113,7
1920,1921,-0.0014861872571803208,1,2322.941615901363,2321.812231288538,1
1925,1927,0.00045813788843371956,2,2295.4009983190217,2298.7480094838193,2
1929,1930,0.000324825730294928,1,2307.5771451620612,2310.6342827386125,1
1932,1936,0.005413805156638361,4,2305.634721076314,2320.4226129396775,4
1937,1938,-0.008948398339646113,1,2317.0008921107824,2298.5844460669705,1
1939,1942,-0.0023075063229376983,3,2294.1654284853244,2291.1657926817147,3
1943,1945,0.0030545071976223036,2,2289.077955611243,2298.3590386581873,2
1946,1947,-0.0028998236455291477,1,2303.091260527758,2298.715793293196,1
1950,1952,-0.007879984313902386,2,2289.4346888344453,2273.6834140875603,2
1954,1956,-0.004147329769039362,2,2268.090448110301,2260.95201952409,2
1959,1960,0.006445664596043884,1,2330.3475949724107,2347.6985815567728,1
1961,1966,0.009244886181916007,5,2363.2237617999867,2387.434720262027,5
1968,1969,0.0058364781755094975,1,2416.35527050882,2432.874630579931,1
1970,1973,0.0023217160884591776,3,2429.9524938595705,2438.0241061526153,3
1975,1990,-0.01273155777079222,15,2443.9912229277375,2415.3193987046516,15
1992,1994,-0.004877225023220379,2,2401.9068563861492,2392.5941230191243,2
676,684,0.002109752720908595,8,1984.8436401104834,1991.0160130208951,8
685,686,-0.0036588157849991782,1,1994.8706696250922,1989.5666759996611,1
688,694,0.0055314554296333794,6,2000.589436914992,2013.6561976551975,6
698,700,2.8608762662928966e-05,2,2019.418770357799,2021.495962200475,2
702,707,-0.006971246710504939,5,2025.0533672788263,2012.9612740208656,5
708,710,-0.007116351897430429,2,2016.4374708078738,2004.1042296572482,2
713,715,0.0004010728458246505,2,1995.6314154728695,1998.4274404593632,2
716,717,-0.003474910533286522,1,2000.4281248675754,1995.477244230258,1
719,721,0.007619613423174289,2,2000.7564080527216,2018.0021548440748,2
722,727,0.0019190898673599965,5,2026.6528068156706,2032.568788488703,5
730,733,-0.0014119442668302752,3,2043.9995319837458,2043.1575180951413,3
735,736,-0.0013191065378142638,1,2063.5135695105982,2062.855088839699,1
738,739,-0.0011159796392833053,1,2067.700014461299,2067.4602033594756,1
740,743,-0.0020611936226395877,3,2063.03771224403,2060.8484297805317,3
749,750,-0.002266658104123704,1,2066.168514131653,2063.551385038743,1
751,752,-0.00025544895545466994,1,2061.2321994113763,2062.7668919984985,1
753,754,-0.0032992995853006325,1,2059.6552035942204,2054.919439238734,1
755,762,0.0053604003949503,7,2057.2815331131583,2070.366667388895,7
768,770,0.00032204823245270326,2,2090.4408981687056,2093.2045618631764,2
772,774,-0.005062567425222912,2,2090.529517414831,2082.0366002959145,2
777,781,-0.0025163684106966474,4,2085.237602569785,2082.0756141404513,4
782,783,-0.001440600541605189,1,2077.936986571686,2077.021446409981,1
790,792,-0.0039625033032842875,2,2077.3196499937794,2071.1655836686955,2
796,800,0.0013040227885274054,4,2071.7547793515555,2076.528149575422,4
804,806,0.0024665021521761824,2,2069.611239553511,2076.7855513695913,2
807,808,0.002253052327046842,1,2085.1037202795683,2091.8866717889578,1
820,822,-0.000656969205445769,2,2074.920458943989,2075.6322205576575,2
823,829,-0.0071664716995458325,6,2075.0776699586277,2062.2817622324683,6
830,831,-0.0015786210726058529,1,2060.265000499203,2059.0728877547617,1
832,833,0.0011936133004643787,1,2056.8501545458266,2061.3620884019006,1
838,841,-0.00026099362160169194,3,2071.840655728031,2073.371759187639,3
842,846,0.00018159327426991783,4,2073.9720766875544,2076.422668144392,4
848,854,-0.006393762833277106,6,2080.7435134114153,2069.5204763831944,6
858,859,-0.003727507164575737,1,2073.2731702104097,2067.618302784538,1
860,861,-0.002286361545211426,1,2064.2611649596815,2061.605778777804,1
863,866,-0.0043715059408855105,3,2070.6790003324177,2063.69769378113,3
867,872,0.011645406059868503,5,2067.567053246536,2093.7122781908442,5
875,877,0.004900156452805659,2,2119.068986508183,2131.5718250628697,2
878,879,0.002520165539113807,1,2140.134277142298,2147.6679040737704,1
892,893,-0.002896111939159211,1,2169.19726932104,2165.084228480289,1
894,898,0.0012022665646860614,4,2161.012139208745,2165.771263988805,4
900,901,-0.0002923049187778319,1,2162.1281193811096,2163.658246816168,1
902,904,0.0016890511917985536,2,2162.456642543758,2168.271599155603,2
906,909,-0.002112350182421895,3,2164.403633654862,2161.9960588781314,3
910,913,-0.002945180166339846,3,2162.327183146881,2158.121067197086,3
914,918,-0.006021798415591296,4,2157.2082086437804,2146.3751438795125,4
921,928,-0.0035042560922314047,7,2160.5685213699603,2155.157904487636,7
929,931,-0.0015998415622352278,2,2158.7531402443547,2157.4582303882303,2
932,936,-0.007592587243383229,4,2150.890019043456,2136.71008894199,4
939,940,-0.0022908773544496777,1,2138.337188095777,2135.5768570434866,1
941,944,-0.004388074210985305,3,2134.617479911969,2127.385237477961,3
947,949,-0.0001525080524145537,2,2105.4234065396186,2107.207735922919,2
952,953,-0.0008803077674093016,1,2117.426995132258,2117.6804346966533,1
961,965,-0.0034066044300936405,4,2145.734376427235,2140.570442571121,4
967,968,-0.0029977887673468292,1,2150.524024397004,2146.227731657154,1
972,975,-0.0033605682184725738,3,2148.8718330901115,2143.799274535348,3
978,979,-0.0016202232594748154,1,2130.0024712910554,2128.681394215622,1
980,983,-0.005124559789273548,3,2129.7038975665337,2120.9198065075716,3
984,985,-0.0005572443478967303,1,2116.8674599957235,2117.80471502839,1
986,991,0.0021098410726084088,5,2126.414263016819,2133.027073429329,5
994,995,-0.0009831467757521965,1,2141.3236557258992,2141.3597439336563,1
997,998,-0.002022209653792541,1,2137.035486398699,2134.850988094005,1
999,1002,-0.0010325675629694882,3,2142.4468964684806,2142.377122194271,3
1003,1004,0.0006989826618116679,1,2142.3626266006722,2146.00246355858,1
1005,1006,-0.0006604537580909936,1,2147.7113392020333,2148.4405865159647,1
1009,1010,-0.0019144136838489378,1,2147.3930798609945,2145.429474244167,1
1011,1017,-0.005383433817548083,6,2145.1888732313228,2135.7855797793727,6
1019,1020,-0.0003423954834633668,1,2140.765934768409,2142.1737121159604,1
1021,1023,0.0011213951958576936,2,2144.1811582092364,2148.72981381731,2
1025,1026,-0.005152952664774405,1,2149.40777832008,2140.481389559419,1
1027,1028,-0.00030834997308485637,1,2141.0713850630455,2142.5522571441516,1
1031,1032,-0.002022749261061476,1,2151.155886231435,2148.955793138364,1
1037,1039,-0.0049955761523860255,2,2149.0497877734306,2140.463095691113,2
1040,1048,-0.006057778016655782,8,2144.324099176713,2133.4785838873117,8
1049,1050,-0.001635882965078207,1,2139.974347893665,2138.613574660135,1
1051,1053,-0.002200408365282457,2,2149.7293156324413,2147.148762578863,2
1054,1056,-0.0019113073273233899,2,2148.0264705039453,2146.0689582420905,2
1057,1058,-0.0026189842657300365,1,2142.057226356159,2138.589269410395,1
1059,1063,-0.00048132799843877635,4,2144.3319113295684,2145.4441162540293,4
1065,1067,-0.0032429998988891,2,2141.745877792588,2136.941942005253,2
1070,1073,0.0009891509058767359,3,2150.348457036844,2154.6258246181096,3
1076,1079,-0.0034753290182446685,3,2154.920858730863,2149.586720597226,3
1085,1087,-0.0008710536436579672,2,2183.130289992118,2183.4117966884323,2
1090,1093,-0.007782889584741666,3,2185.5977915691133,2170.7731230722447,3
1096,1097,-0.006656878724325717,1,2151.222981124892,2139.053773611686,1
1100,1102,-0.0012304314371901464,2,2146.7017028000755,2146.2070352414808,2
1107,1113,-0.005197594818880078,6,2152.938229187634,2143.901066831427,6
1115,1118,-0.003943077863862211,3,2136.502433612573,2130.21454059412,3
1121,1122,0.0004171166823623495,1,2125.314936675178,2128.3267559272144,1
1124,1130,0.00014167415988924404,6,2129.8619422221045,2132.293550565671,6
1134,1135,0.0018567270167278473,1,2138.6173824228295,2144.7268284776405,1
1137,1144,-0.002292597222016096,7,2144.8618153565385,2142.0893729324002,7
1151,1152,0.0002678366643952103,1,2149.171763566547,2151.8965623264794,1
1153,1154,-0.0021729791832542948,1,2160.6322793898953,2158.0979027035037,1
1155,1159,-0.0010446886801646611,4,2159.5496059320335,2159.4530985103943,4
1160,1161,-0.0031745112168974294,1,2166.064969554538,2161.354836981713,1
1163,1164,-0.0014947010251588778,1,2169.59045416885,2168.517155546998,1
1167,1168,-0.001422710095575492,1,2168.256502267694,2167.3399583543883,1
1170,1174,-0.001064630308613338,4,2163.871030321527,2163.731178669038,4
1177,1180,-0.010656634984929914,3,2181.0124559916685,2159.9512148065714,3
1181,1188,0.022438415638835755,7,2159.6254387502413,2210.2436374078725,7
1189,1194,0.00041068032053394776,5,2209.5389006942987,2212.6558537389624,5
1195,1197,-0.0013582157079364652,2,2217.662761094261,2216.8683594583313,2
1199,1204,-0.0073182904834188395,5,2232.6374909894657,2218.531038777223,5
1207,1212,0.007712762342245599,5,2232.014167182946,2251.4611761661363,5
1213,1216,0.004614649075134541,3,2269.5672986534732,2282.3101225878136,3
1219,1220,0.0018567003885347952,1,2278.76534000488,2285.2750898370514,1
1222,1224,0.0011462219445518102,2,2298.6057887951583,2303.5391069809443,2
1228,1233,0.004535180688349874,5,2280.4987189375306,2293.1216914064003,5
1234,1235,-0.0008973093486228216,1,2292.1487078827995,2292.3840901266653,1
1242,1247,0.005805632541204417,5,2281.7925239487217,2297.321565401984,5
1249,1252,-0.002386627858149641,3,2291.763951554974,2288.586127815445,3
1255,1261,0.016766029157190335,6,2290.42665350219,2331.118440210716,6
1263,1264,-0.0008480081606189498,1,2346.5288487923226,2346.8855020282112,1
1266,1267,0.00023734399608338363,1,2367.752739121133,2370.6824637570944,1
1271,1275,0.005966565625411428,4,2372.80090160001,2389.331174797042,4
1277,1279,-0.004247436706453245,2,2380.7011687296695,2372.9699923672406,2
1280,1281,-0.004053168118981038,1,2381.895853411666,2374.6235249292963,1
1282,1284,-0.010591025008535784,2,2367.3156026882157,2344.610619539736,2
1286,1287,-0.001270929708549721,1,2343.86525394082,2343.23023121069,1
1291,1296,0.0074249763743575335,5,2363.5331241642316,2383.4458348953267,5
1297,1299,-0.008746272730292421,2,2382.2184722245943,2363.765158235602,2
1300,1303,-0.010096240919555903,3,2370.754069379362,2349.18911920327,3
1304,1306,0.002489209106459243,2,2322.5979578816546,2330.701987826939,2
1307,1308,6.088998716273345e-05,1,2334.7298077826167,2337.2066992584237,1
1309,1311,0.0039829081701595066,2,2341.913465789796,2353.5830055322867,2
1312,1316,0.0004846418647886713,4,2362.813908687737,2366.3218411352796,4
1317,1319,-0.010509113516592547,2,2361.0510605500267,2338.5995579967853,2
1320,1322,-0.001279911355124994,2,2337.802299650392,2337.1479222406824,2
1326,1327,0.0026074872313203226,1,2332.0846999324367,2340.4976657098005,1
1329,1330,0.0005780706907865315,1,2352.3498435242213,2356.062017866763,1
1331,1332,0.005078773021385967,1,2374.443368028295,2388.8770703146743,1
1339,1344,-0.000132713617165099,5,2433.540598352592,2435.651174975619,5
1347,1348,-0.0011891923067710209,1,2421.1341799574197,2420.6761199969114,1
1349,1350,-0.0026965174420270884,1,2423.600900002899,2419.4892188035315,1
1351,1355,-0.0005928008062776278,4,2425.143737507401,2426.131254081975,4
1356,1361,0.011015318242251174,5,2436.9546981907665,2466.2354844314777,5
1362,1368,0.002436994217222552,6,2460.604302049718,2469.061384806736,6
1371,1375,-0.0020041179393549546,4,2467.77441365039,2465.2964770913627,4
1376,1378,-0.00789117394302858,2,2467.4847017399875,2450.4808354585352,2
1382,1385,-0.007032572857046639,3,2453.085694325189,2438.2872761495933,3
1386,1387,-0.004866830169662399,1,2430.172423976533,2420.775359930019,1
1390,1393,0.001467469780536963,3,2430.810989155798,2436.808941813737,3
1394,1398,0.005667615326285171,4,2440.5102243654333,2456.782607741368,4
1399,1401,-0.0012328521596468719,2,2465.110942879489,2464.5369364726703,2
1402,1403,-0.004050333677332023,1,2465.0895799695504,2457.570234206129,1
1407,1424,0.005474871928763741,17,2465.7707213304957,2481.736270956806,17
1428,1430,-0.0026033820535789,2,2499.721737685463,2495.713728712317,2
1433,1434,-0.0003935629929240366,1,2525.3938636821117,2526.925355978491,1
1435,1438,-0.006971952533864316,3,2528.236607729579,2513.13809871384,3
1444,1445,-0.004119014898162368,1,2522.630550126334,2514.7624278579306,1
1446,1448,0.0014686238481282487,2,2503.578612227656,2509.759006095465,2
1449,1450,-0.004993669544544668,1,2508.8539201904728,2498.8343866976966,1
1452,1455,-0.0019056160794817178,3,2494.8656565796496,2492.6062661249043,3
1456,1459,-0.020156175695915712,3,2488.342360125411,2440.675236683259,3
1462,1480,-0.0179886413159638,18,2432.179097870978,2390.8596795610633,18
1481,1484,-0.00999304004985712,3,2387.201216427412,2365.7330202810126,3
1485,1495,-0.0011198517712388597,10,2367.0411433981417,2366.75744932451,10
1497,1498,0.00013709343857295272,1,2400.892378452139,2403.6224174223967,1
1503,1504,-0.000878634913825278,1,2419.46406252833,2419.7577009927754,1
1512,1517,-0.0007420930639355214,5,2419.3363500729633,2419.96031369832,5
1520,1522,0.003111910544739932,2,2439.4031123141226,2449.4337196945185,2
1524,1525,-0.0028154008374942146,1,2450.5342891300807,2446.0855871292856,1
1526,1530,-0.008031666110940389,4,2451.88398291625,2434.64315340562,4
1534,1538,0.008717480262944513,4,2430.102391628366,2453.716863655949,4
1539,1542,0.007001263961525161,3,2460.9433199885784,2480.633977086159,3
1544,1547,-0.0020480671177860437,3,2485.48879657504,2482.883837495724,3
1549,1551,0.0014577576903656553,2,2471.437252029385,2477.5114459418164,2
1553,1554,-0.0016318933988886614,1,2479.6329999131185,2478.066136188807,1
1555,1556,-0.0028329111335635027,1,2479.4852192491353,2474.9405431852674,1
1561,1562,-0.003565810800664869,1,2472.787271081651,2466.442566793763,1
1565,1566,0.002079623498918075,1,2457.020245649259,2464.586942935078,1
1567,1570,-0.0010932081691394499,3,2468.7531390385416,2468.5230310783945,3
1578,1581,-0.007419788489382184,3,2423.939008552908,2408.3778328068356,3
1582,1583,-0.0020034736666214156,1,2407.9072142850564,2405.4909428038536,1
1590,1591,-0.0023896896076054525,1,2413.6516275613794,2410.2974009781774,1
1592,1597,-0.019475628850700675,5,2410.2586289383084,2365.7275850758456,5
1598,1600,-0.0018416572773286791,2,2354.965513292397,2352.9834394302766,2
1601,1603,0.00026266963099876093,2,2352.275092392956,2355.2452387158755,2
1605,1606,-0.0038553029186024425,1,2363.2768839629766,2356.5290125787315,1
1607,1608,0.0015005469014715187,1,2350.427940576976,2356.305295880918,1
1611,1612,0.0007068361773936787,1,2368.930716903059,2372.9740935524082,1
1613,1617,0.0014485978421399652,4,2374.651641918495,2380.4662088047307,4
1618,1625,-0.0029214108323513278,7,2388.99618251329,2384.405939369763,7
1628,1629,-0.006985677114877855,1,2366.00618739156,2351.844038302031,1
1630,1638,-0.019443344513633425,8,2337.474655720948,2294.3638053535997,8
1643,1646,-0.05328465831964051,3,2238.284522182311,2121.256580717869,3
1658,1660,0.007808796345269206,2,2188.204595529043,2207.4800441728407,2
1661,1662,-0.004189565759081849,1,2216.8268602201874,2209.756145173016,1
1663,1664,-0.007175454076947327,1,2208.0375607690708,2194.4019262123666,1
1665,1666,-0.010607245486663131,1,2185.9878625589654,2164.9865405324954,1
1671,1672,0.0005182204829395224,1,2121.8168786254514,2125.0382644716274,1
1673,1674,0.0004252014404263606,1,2123.051416671407,2126.0771926085463,1
1678,1681,0.0065365835273956,3,2071.276589590796,2086.886938616586,3
1684,1687,0.0022071383834607644,3,2115.443584083151,2122.22810439971,3
1688,1689,0.004120522699014445,1,2129.0802463454042,2139.982250074839,1
1690,1693,-0.0031142861712765025,3,2139.3520995300883,2134.8288969705604,3
1694,1696,0.005731431356292471,2,2140.234638891109,2154.641481449164,2
1700,1701,-0.001742189351901867,1,2161.517697109975,2159.9134416912325,1
1702,1708,0.00789489008290601,6,2157.027116993244,2176.2136361047465,6
1710,1711,-0.001185654749949866,1,2191.8109115852044,2191.4039914784767,1
1712,1714,0.003902503341623867,2,2202.756594536657,2213.555616102157,2
1715,1718,-0.0073020809039516625,3,2223.570784185351,2209.5576612077516,3
1719,1725,0.00580098526828451,6,2221.150531443192,2236.2565434861795,6
1727,1729,-0.003382163846153388,2,2231.4719288772267,2226.156197124549,2
1731,1732,-0.0008468027631375474,1,2258.4362612864456,2258.7822474813047,1
1742,1743,-0.001741372247359888,1,2264.936062624105,2263.256901885231,1
1744,1749,-0.008616106459979156,5,2265.6713920481534,2248.4157975229855,5
1751,1752,-0.0025949923272035164,1,2249.184691745188,2245.597259419391,1
1753,1761,-0.0006165373505318001,8,2248.506789393384,2249.3690077641922,8
1762,1764,-0.0032002432608303623,2,2243.0802004911807,2238.144878396548,2
1769,1775,0.009635129494205339,6,2219.7677094613355,2243.3752264985123,6
1778,1783,-0.013792142214607936,5,2231.571255267579,2203.024678408165,5
1784,1785,-0.012052452727432661,1,2187.0988966093105,2162.926089444316,1
1786,1787,-0.004300630900067607,1,2149.118646829941,2142.0251994163027,1
1789,1791,-0.012331730062488763,2,2134.5339161662587,2110.3459540190356,2
1793,1794,-0.005166213458710603,1,2124.828138815676,2115.975651226295,1
1797,1799,0.005736423156134256,2,2132.247508194407,2146.6112296832175,2
1801,1802,-0.00026384300008627456,1,2163.963881507295,2165.556898666227,1
1806,1807,0.0013140425626698865,1,2175.1479671490342,2180.181352125122,1
1817,1818,-0.0011628374978329297,1,2191.610443330068,2191.2535669692516,1
1819,1829,-0.03503124186279417,10,2188.3856319671736,2113.912151236635,10
1833,1834,-0.0028500751635302524,1,2134.7862938379994,2130.836778736325,1
1835,1836,-0.000999906738706712,1,2121.8529946639214,2121.853192550676,1
1839,1842,-0.011919154149730646,3,2101.226490861449,2078.282874904235,3
1843,1845,0.007614725182494357,2,2080.00136561034,2097.920005754286,2
1846,1847,0.004295192099176237,1,2118.907360789868,2130.127382305609,1
1849,1851,0.0021927728756924525,2,2141.111468634136,2147.9475512550252,2
1855,1857,0.007537650875803453,2,2160.8163946578184,2179.264690642119,2
1858,1859,-0.005869666447730138,1,2185.414758597481,2174.7725176731647,1
1862,1865,0.0007093727553160506,3,2178.109700947028,2181.8329023279166,3
1870,1871,-0.006218914245403616,1,2209.2554762447894,2197.7255613680795,1
1872,1873,-0.008939585232841642,1,2191.293227191784,2173.895267844346,1
1878,1880,0.013983439249656008,2,2199.1615542572567,2232.1125578056494,2
1882,1888,0.010124643716224398,6,2257.3288628073356,2282.440842156417,6
1889,1890,-0.0011491493068262423,1,2288.1429611159488,2287.801686179379,1
1891,1894,0.005196463217094645,3,2299.8920586958848,2314.143255240882,3
1896,1897,-0.001024434621764761,1,2315.319623149366,2315.26304919011,1
1900,1901,-0.0008956250125152156,1,2330.919498960152,2331.162788653684,1
1903,1906,-0.004122519767855535,3,2331.9759186122114,2324.6942777081817,3
1908,1909,0.001264515906254789,1,2331.823416094511,2337.103867310834,1
1911,1912,-0.009290103134392252,1,2339.604247629552,2320.208687123041,1
1914,1920,0.005849938179787358,6,2307.9022224072996,2323.7112099557835,6
1923,1924,-0.0019513130906975045,1,2312.7300908390575,2310.5299604283923,1
1931,1932,-0.003308066411586821,1,2305.3191240821247,2299.998294443842,1
1933,1935,0.002844016169963641,2,2311.187860926145,2320.0721044353686,2
1936,1937,-0.004841953574729822,1,2321.4214387714783,2312.5026453763357,1
1939,1940,-0.0035914674100568545,1,2296.7223360211674,2290.770454937419,1
1941,1942,-0.003138934450041568,1,2293.380825322164,2288.475434067818,1
1944,1945,-0.0007176954885852222,1,2294.654259204788,2295.3020504542988,1
1947,1951,-0.01027134105336533,4,2302.962005520963,2281.610459334836,4
1952,1953,-0.006425471043521478,1,2278.6175295095113,2266.254956083897,1
1954,1955,-0.0052436860555260655,1,2267.6055539114595,2257.982547842892,1
1956,1957,0.002824151377200264,1,2263.859219147981,2272.5165594986734,1
1958,1959,0.010980356859008323,1,2298.614902763486,2326.1531295800273,1
1960,1961,0.0034505290221774282,1,2349.991120578613,2360.4498242626073,1
1963,1967,0.005913050483537389,4,2370.3396760556243,2386.7259538993285,4
1969,1971,-0.0035687225259985614,2,2427.1759057799372,2420.9411643561994,2
1973,1975,-0.0016737042163500423,2,2443.982397103204,2442.3358758575905,2
1977,1978,-0.0037007188314483945,1,2431.8964639980823,2425.32859542163,1
1979,1980,-0.003462958407107695,1,2422.553982150529,2416.587332453519,1
1981,1983,-0.0033735723069653416,2,2418.7875228764306,2413.0463557956978,2
1992,1994,-0.0015147054423468214,2,2396.808247858471,2395.5745976090366,2
1996,1997,-0.0025779391075129387,1,2383.8853297377727,2380.123703848153,1
1999,2000,-0.0024012037938955086,1,2377.602749471238,2374.2712434783025,1
672,676,0.005564862291808352,4,1971.8555262660998,1984.800486255378,4
677,678,-0.0014430346883137909,1,1987.402460191185,1986.52197196168,1
691,692,-0.0011754753975728787,1,2018.414234280995,2018.0600522407678,1
693,695,-0.0015674317707571838,2,2015.6532605121422,2014.5095148132973,2
698,700,0.002032461976135738,2,2015.3121295203678,2021.4234869231834,2
702,706,-0.004088806542075479,4,2022.3007127781568,2016.0542171064837,4
707,709,-0.00440573913277788,2,2015.5311595498572,2008.666786206445,2
711,716,-0.0008845336799869342,5,1998.9890422420547,1999.2198581505088,5
717,720,0.0047011471879385165,3,1997.6858383082451,2009.0749393077008,3
724,727,-0.0021095366276402783,3,2029.1263351020284,2026.8749451111232,3
730,731,0.0004115865873657188,1,2042.197030711924,2045.0797686492351,1
734,738,0.007220959618938598,4,2052.7052006710633,2069.5804072353653,4
740,741,-0.0008653582141801895,1,2062.0122473880924,2062.289880399463,1
742,743,-0.0031887711479246256,1,2067.1262121546115,2062.6017459423288,1
744,748,0.0016442323976461055,4,2060.5600111587373,2066.0086106975373,4
750,751,-0.0056004642044353075,1,2067.273601846344,2057.7631836402757,1
752,754,-0.004549492726311273,2,2063.266037615959,2055.942489822996,2
755,758,-0.002574406530551512,3,2054.918776830841,2051.6834992888457,3
761,762,-0.0036382834477633194,1,2070.564680371674,2065.101943847926,1
765,767,0.0012636017524226936,2,2076.354989293169,2081.055030085585,2
769,770,-0.0007183113886364782,1,2092.559921973597,2093.1493722722125,1
771,775,-0.006877119458916821,4,2093.3701486415052,2081.0671622062086,4
782,783,-0.0010437472068166394,1,2075.1811812581564,2075.090397877838,1
784,785,-0.0029683231187353463,1,2081.578808327269,2077.481588635369,1
787,790,-0.0014824790876439829,3,2079.68833429482,2078.6849281647055,3
793,795,-0.0034899684660574127,2,2078.348066399118,2073.173045252293,2
796,797,-0.0010078796907262108,1,2073.8285596170954,2073.8122184894264,1
800,801,-0.002250298314373827,1,2073.367557708519,2070.775229746039,1
802,804,-0.0028391628778554135,2,2074.5176452669807,2070.7022694243497,2
805,809,0.006530217090496989,4,2076.1195323643287,2091.753163148853,4
811,814,-0.002925547041555775,3,2089.1650728477593,2085.1422872224157,3
815,816,-0.0032801139661771026,1,2088.183455145378,2083.422158885361,1
819,821,0.00018590608629394183,2,2076.973185319129,2079.436280460668,2
822,823,-0.0017055342613322916,1,2077.914180233226,2076.4481405869633,1
824,827,-0.006301124438512839,3,2076.9612188178803,2065.9509889429614,3
828,833,-0.005672964880866507,5,2069.8889081850853,2060.2163900098412,5
837,842,0.00028403053852277477,5,2072.240728002973,2074.9015483808994,5
846,848,-0.0013668254464466816,2,2078.206502603723,2077.444163575597,2
849,852,-0.003307014424469367,3,2075.358897175566,2070.5710142638313,3
854,855,-0.0011864007809880273,1,2076.423613818454,2076.0365668351765,1
856,859,-0.004154141077549539,3,2070.8254348850587,2064.2937593164534,3
860,861,-0.00260066148993191,1,2064.559875137802,2061.2552136520103,1
865,866,-0.0023255015216553272,1,2068.374403291359,2065.6327698724435,1
869,870,0.0025445232973275974,1,2072.3532013649105,2079.69870556744,1
873,874,-0.00020266366386512136,1,2094.232464929305,2095.9022725699065,1
875,881,0.027533882678707294,6,2111.5480115738956,2171.798674806603,6
882,884,0.0009591093507522476,2,2171.805203069635,2176.060006950981,2
888,893,-0.008156910370000742,5,2179.4087336096513,2163.8109006436102,5
896,899,-0.002674641795866531,3,2168.1077617405576,2164.4769578648043,3
902,904,-0.0004858040611071978,2,2166.1513067426768,2167.265132947631,2
906,907,-0.0010396988037360856,1,2163.650598280845,2163.5647039403902,1
908,909,0.0007332085320750194,1,2159.916888599313,2163.6604749792064,1
910,916,-0.012924127221486666,6,2164.5346684293972,2138.7244816677266,6
918,919,1.3519598628573392e-05,1,2149.6043078936955,2151.782973989042,1
925,929,-0.0009530887407744388,4,2154.4344142893974,2154.5354815206906,4
930,931,-0.000496618840954397,1,2152.730593317221,2153.814237338398,1
933,938,-0.006147193150533815,5,2147.8635715869477,2136.8081029229943,5
941,942,-0.0006000099113129361,1,2132.5861484773613,2133.4391618000236,1
943,944,-0.0027053571121063297,1,2133.4393090961826,2129.801033197168,1
945,947,-0.00982905400028053,2,2125.5367652518053,2106.7702863718155,2
953,956,0.0009027659249041579,3,2119.4400397741006,2123.4728380616602,3
958,963,0.0005037768180580035,5,2134.5902054605194,2137.8001527275446,5
965,967,0.0008427640594875908,2,2142.8130963110916,2146.761795271173,2
968,972,-0.002442749070574874,4,2150.7303805949155,2147.627416337255,4
974,977,-0.008289771722329501,3,2150.059253422964,2134.3858122760284,3
980,982,-0.0058353479893108115,2,2130.890626416804,2120.5870287109183,2
983,985,-0.004963365099656145,2,2128.1649557953974,2119.7302610832867,2
991,992,-0.0005170885904799069,1,2135.5682876413966,2136.599577933308,1
997,998,-0.0008312010698740155,1,2137.3618266206045,2137.72261101023,1
999,1002,-0.002516930207997652,3,2143.099153141987,2139.8482212978515,3
1003,1004,-0.001656947507458257,1,2144.4367106313234,2143.027928279372,1
1005,1006,-0.0016238723189991628,1,2146.9281268336217,2145.5887178044095,1
1008,1011,-5.915479168493566e-05,3,2141.4218555698903,2143.4366020616844,3
1014,1018,0.0005578295408467523,4,2133.4074189748376,2136.730904074778,4
1019,1021,0.0016116773115508365,2,2139.549230384225,2145.1370425661657,2
1030,1034,0.0002719979500052053,4,2144.5984308350326,2147.326355642639,4
1038,1043,-0.002660978617728931,5,2148.471951822415,2144.9033858496477,5
1044,1047,-0.00365978218267604,3,2142.5658076429218,2136.867049282542,3
1050,1051,0.0015747096065892858,1,2138.4873036246518,2143.9932874288634,1
1052,1053,-0.004138574599846474,1,2146.264508404122,2139.5282971334927,1
1057,1061,0.0010718619271318816,4,2140.6719607076607,2145.1071374415296,4
1062,1067,-0.0024365576507891264,5,2143.773612222108,2140.6939578379106,5
1068,1069,0.0003662275456781019,1,2140.7309832187398,2143.6557088559,1
1070,1075,0.001040600245695761,5,2148.847830603395,2153.232770014487,5
1076,1077,-0.0011958874073657523,1,2155.250571870253,2154.828385423506,1
1078,1079,-0.0041284239076248026,1,2153.904473576872,2147.166147326994,1
1080,1081,0.0001099731163818412,1,2152.5097980391747,2154.8990260477467,1
1085,1092,-0.00573249888773776,7,2185.7035678350667,2175.3597281313628,7
1093,1094,-0.00782176126159103,1,2172.5201133242604,2157.6996997751576,1
1096,1099,-0.00664641007387956,3,2152.8176637507404,2140.6619724069124,3
1100,1104,0.0035858829859269324,4,2144.731402754397,2154.5668900036717,4
1105,1114,-0.005070227381119344,9,2147.601730986205,2138.8605036170056,9
1116,1117,-8.526341824598583e-05,1,2128.655413538316,2130.6025725150284,1
1118,1119,-0.004452239303370471,1,2130.9712944124153,2123.6146715554905,1
1123,1126,-0.0037830919834799465,3,2129.8701835653033,2123.9425589315697,3
1132,1133,0.000949056153707873,1,2135.7429959594992,2139.9056789885126,1
1134,1137,0.00214325227932051,3,2139.9093966094324,2146.6356716978644,3
1143,1144,-0.0025758537633869955,1,2149.7951569970805,2146.4073942084156,1
1145,1152,0.0035747063693706664,7,2144.2765025721005,2154.085937946109,7
1154,1155,-0.00027913481814816944,1,2157.290592211301,2158.8457078863626,1
1160,1164,0.0012577104478280789,4,2163.4884327105324,2168.372963148818,4
1166,1169,-0.001475537553701514,3,2168.9216193278558,2167.8902156468303,3
1170,1171,-0.0027590515339641934,1,2166.129344365808,2162.3190112198363,1
1173,1175,-0.00019074661039163155,2,2165.756002095983,2167.508647481744,2
1176,1180,-0.010849104932246417,4,2180.4232850855315,2158.9480673540106,4
1182,1184,0.0036728112073892896,2,2166.458553677698,2176.5820054876676,2
1185,1187,0.005809615193610507,2,2195.9869234854195,2210.940749404556,2
1189,1190,-0.00176065820185636,1,2208.3780151894803,2206.698194339427,1
1192,1194,-0.000555657628404888,2,2214.937054129682,2215.921244513248,2
1195,1200,0.001903415334389437,5,2220.8811922903897,2227.3293327999427,5
1201,1204,-0.0029251771493013848,3,2229.4661050503664,2225.1739878497815,3
1208,1213,0.011169519105271704,5,2237.7847548207214,2265.017519147998,5
1215,1218,0.0010147930026229413,3,2280.2241282937403,2284.8183079118385,3
1219,1221,0.002277457005727563,2,2282.5914642133343,2290.0725595989343,2
1222,1228,-0.011591938054682338,6,2299.1328186135083,2274.780546219267,6
1232,1234,-0.004418192182055152,2,2300.129922545333,2292.2676364263775,2
1236,1239,-0.006690746383442491,3,2293.855595060026,2280.801844628299,3
1244,1247,0.0037951812631053967,3,2286.9525011603064,2297.9188529434823,3
1250,1251,-0.0020922443987515926,1,2298.569803395495,2296.0592034025967,1
1252,1255,-0.0035144953223087373,3,2294.1570422379154,2288.3883950865666,3
1258,1261,0.012198726327287936,3,2298.3930860503174,2328.7289473856263,3
1265,1269,0.00939551465168548,4,2352.453748856496,2376.908716270146,4
1273,1275,-0.000688788739701019,2,2384.7292519376097,2385.471406533577,2
1277,1278,-0.0017364724646284477,1,2381.9793126518157,2380.225050476733,1
1279,1281,-0.00688233881031317,2,2381.7626414893484,2367.7523066663616,2
1282,1285,-0.014426702843343572,3,2366.4355266318007,2334.6621000177843,3
1286,1287,0.00136603338915117,1,2339.3878661962576,2344.922935997853,1
1288,1290,0.0014805034552389813,2,2352.722409863336,2358.55834593022,2
1292,1293,0.0024212467738657915,1,2371.749294114761,2379.8636337356697,1
1294,1296,-0.0029063759064570363,2,2382.239552795601,2377.6981087087424,2
1299,1302,-0.004847759277242027,3,2368.6145159351513,2359.5006574572517,3
1311,1313,0.004580609071810891,2,2354.150790692556,2367.2883859515055,2
1314,1316,-0.003095415008983296,2,2373.485822579014,2368.512384762773,2
1317,1326,-0.013755826988206793,9,2362.9979216659763,2332.855929003713,9
1328,1331,0.010124781426556366,3,2345.383755433801,2371.475637074398,3
1334,1337,0.0027035175451719066,3,2416.366433569393,2425.3154890516817,3
1338,1339,-0.0005121115999022222,1,2433.6015719307393,2434.788897908144,1
1340,1343,-0.0004618428218701291,3,2433.7524844287004,2435.062225797987,3
1345,1347,-0.007361601153847895,2,2435.17417832023,2419.6825714576075,2
1349,1356,0.004260220428571882,7,2422.954583716873,2435.6998589156424,7
1357,1358,0.00025896176456388425,1,2455.45433590301,2458.5456590265444,1
1360,1361,-0.004246689394644398,1,2471.888990035417,2463.8635342667308,1
1364,1368,0.007113090148805551,4,2454.911282098772,2474.828198637759,4
1370,1373,-0.0011895342053192099,3,2467.720707030451,2467.2529895472944,3
1374,1376,-0.004740198978807372,2,2472.9539822906945,2463.7046423314932,2
1380,1383,-0.0022070280183981916,3,2446.7692145789533,2443.8158955824024,3
1388,1389,-0.001567831533379753,1,2425.3728250890263,2423.9956219187384,1
1391,1392,-0.0030394745119525115,1,2434.8690834030544,2429.9032299675127,1
1393,1396,0.00029355996049476953,3,2441.3702311797715,2444.5282899595695,3
1399,1400,-0.0016623589086387693,1,2464.4274040222986,2462.795068576551,1
1401,1407,-0.0019577146984153856,6,2465.1605765076747,2462.799655989599,6
1408,1409,-0.0032523031946866273,1,2468.1619313447663,2462.6028823417946,1
1411,1414,-0.004097344685767442,3,2455.8006152369585,2448.19415425205,3
1415,1417,-0.0029379125874390423,2,2457.6949700672303,2452.9321720486514,2
1418,1419,0.0027990981363814438,1,2458.1372519643014,2467.475956617209,1
1420,1424,0.0047684160521170105,4,2468.0561565049165,2482.2929312556257,4
1425,1426,-0.001738503366964043,1,2491.208601772142,2489.3688358319237,1
1429,1430,-0.0008292543039064246,1,2493.1418137927853,2493.5675070272414,1
1431,1433,0.007948650083092118,2,2502.683507704571,2525.079146683745,2
1434,1435,-0.0031920843166382234,1,2532.654872666973,2527.1030796411424,1
1436,1438,-0.004287643598364599,2,2523.350232944019,2515.0543567042487,2
1441,1446,-0.01093680716897168,5,2526.704527932148,2501.5971522651184,5
1448,1459,-0.0283311843521078,11,2507.6214929972866,2439.08522768687,11
1463,1464,-0.005241555467955328,1,2421.250272508285,2410.980405175639,1
1468,1469,-0.001391779681807993,1,2419.4705871944157,2418.522687777621,1
1471,1473,0.0029341296533765193,2,2429.237605310312,2438.794541008461,2
1476,1478,-0.007880655008810373,2,2404.9902023954714,2388.442294513219,2
1479,1484,-0.009783041668856098,5,2389.107184271539,2368.1235563207188,5
1487,1488,-0.003428186176388642,1,2386.307617332295,2380.513218163278,1
1490,1491,-0.0016519541681077527,1,2384.433329007041,2382.8787877596196,1
1495,1496,0.004356597118272456,1,2369.4526414892794,2382.144844680564,1
1497,1498,0.0010577297330151047,1,2401.1096763802298,2406.0505111535476,1
1499,1501,0.0004963450237986491,2,2405.672060488514,2409.2717759051175,2
1503,1506,-0.004306609720402921,3,2425.5741501098337,2417.5537230475225,3
1508,1509,-0.00025172250505392263,1,2427.5509040985726,2429.3673858079455,1
1510,1511,-0.005981153405004178,1,2435.1412949361993,2423.0114825832616,1
1515,1516,-0.005248227848168498,1,2430.918397552824,2420.591302319715,1
1519,1523,0.004418625917377316,4,2434.359141490684,2447.55002302697,4
1525,1528,-0.0051141603513637285,3,2447.2629191113847,2437.194487040214,3
1534,1536,0.007358655605174677,2,2435.284961093102,2455.6406693833405,2
1537,1539,-0.0004737638332461574,2,2455.413732433182,2456.7058599435322,2
1541,1543,0.0001321096550487258,2,2476.509151142399,2479.3128310632237,2
1544,1548,7.649805046302215e-05,4,2479.2041992266245,2481.8730577137917,4
1549,1550,-0.002068019773537504,1,2478.703415012439,2476.056110752471,1
1554,1555,8.260441570146415e-05,1,2478.8749758262957,2481.558616821097,1
1557,1562,-0.0029881551687107356,5,2480.792951621362,2475.860750292095,5
1566,1570,-0.0027538551701845222,4,2468.0623702513626,2463.7337463029594,4
1573,1579,-0.014847947525140993,6,2451.7199441902685,2417.76865505678,6
1583,1584,-0.001495386593536162,1,2409.5601710685896,2408.3665072635235,1
1585,1591,-0.001346129224231675,6,2406.3757752925135,2405.5428583122016,6
1593,1594,-0.004844896254642175,1,2404.310146378532,2395.065823301723,1
1596,1597,-0.005576226203962619,1,2375.2039244280745,2364.334453989352,1
1602,1603,-0.00158815188673092,1,2358.6357893883455,2357.2485532987057,1
1606,1607,-0.005326474410396835,1,2359.101881608874,2348.895287686574,1
1611,1613,-0.0016056300454495595,2,2372.639963722638,2371.2030216735734,2
1615,1620,0.0035836293661881576,5,2377.659055701558,2388.557363572055,5
1621,1623,-0.0024264101195569125,2,2389.8422657739884,2386.4333705819436,2
1624,1626,-0.009524195795665668,2,2392.6209691597974,2372.225799553864,2
1627,1631,-0.025099272507516767,4,2374.60364669061,2317.3774263116698,4
1637,1639,-0.00011700322080633303,2,2288.0675834573553,2290.0879397641256,2
1648,1650,0.00420632763559485,2,2150.619494239076,2161.816323945582,2
1651,1652,0.002858108948611115,1,2164.5184201846437,2172.8693680709916,1
1654,1661,0.01701924203475565,7,2174.8747870976463,2214.0643822816464,7
1662,1663,-0.003436173627634394,1,2211.9559823589693,2206.5672735292583,1
1671,1672,0.003846923718734215,1,2119.090625520913,2129.3616961358975,1
1673,1674,-0.0017232468678861073,1,2124.495601500008,2122.9590667103853,1
1676,1679,-0.023511839597464328,3,2113.5191840071507,2065.939979150618,3
1681,1685,0.00970116199210589,4,2089.433527521132,2111.792894170873,4
1686,1687,0.0035324286653595,1,2109.697084889711,2119.2591364324903,1
1688,1690,0.002859088811860562,2,2129.9226089384865,2138.14216944877,2
1696,1697,0.0025942106222159025,1,2159.7836261209286,2167.5463433716204,1
1700,1701,-0.002356438717523236,1,2160.8992112276583,2157.9680838728837,1
1702,1704,-0.002168907155955184,2,2153.009148293669,2150.4924804933917,2
1705,1706,0.000918283305105277,1,2149.406901039294,2153.530072413436,1
1707,1712,0.012816915641591538,5,2169.734922018665,2199.7139664008123,5
1714,1716,0.0027197770059496137,2,2211.317209396487,2219.542816304861,2
1718,1719,0.004171240796956761,1,2210.010294342804,2221.438789738604,1
1720,1727,0.0015323348134444622,7,2222.352467637747,2227.98020815929,7
1728,1730,0.008996216605133021,2,2222.365160864705,2244.58040438841,2
1731,1732,1.7776862301961552e-05,1,2257.6863653040955,2259.9841862490366,1
1733,1735,-0.006209411207580521,2,2258.619349265597,2246.8532723138746,2
1737,1739,-0.0022578147210815577,2,2252.226339267589,2249.3934558228507,2
1741,1742,0.0023462253873197786,1,2255.1076883869127,2262.653786984933,1
1744,1745,-0.0029662023208739453,1,2264.4344869024817,2259.982150558867,1
1747,1753,-0.004405801872368328,6,2256.014705597948,2248.331166489532,6
1754,1755,-0.0006213928662542999,1,2255.3483565639576,2256.2022475408344,1
1758,1761,-0.0076029970796537266,3,2263.4451833499393,2248.4996614143233,3
1764,1766,-0.0032539890689897532,2,2240.2807627911557,2235.2311944403564,2
1770,1772,0.004326381729880732,2,2215.137108531998,2226.9357743560636,2
1774,1775,0.001683471044027455,1,2232.832645550818,2238.824387301313,1
1780,1782,-0.0034685897025425756,2,2217.4090948368403,2211.935221579002,2
1784,1785,-0.010315879188538483,1,2184.9432124710434,2164.588545469846,1
1788,1792,-0.011612140619199365,4,2139.6720619580065,2116.965561157536,4
1793,1794,-0.004464714399406447,1,2126.4613837840484,2119.09380240787,1
1797,1798,-0.0020859943444433006,1,2135.8256619301105,2133.5061673405376,1
1800,1807,0.009423344427973965,7,2157.593175157938,2180.082511958055,7
1808,1809,0.0016903500504556602,1,2184.5750069371556,2190.452278417293,1
1810,1813,-0.006839242251161943,3,2207.320831016063,2194.431749957724,3
1814,1817,-0.005010647420556147,3,2200.7097698774355,2191.883498915484,3
1819,1820,-0.0059704657163654595,1,2188.893183600341,2178.0133650744697,1
1823,1825,-0.019391659877811527,2,2153.258196895977,2113.6562045095566,2
1826,1833,0.013509096079696435,7,2096.7441373546803,2127.1659994980996,7
1835,1838,-0.008661202396086875,3,2122.9895394758014,2106.724886929102,3
1842,1843,-0.002669876640784159,1,2083.2653045349243,2079.7865084663254,1
1844,1845,0.006738828161942665,1,2084.442054924114,2100.5731938006984,1
1846,1849,0.006849689745342003,3,2122.3836162303915,2139.043669138397,3
1852,1853,-0.002456938115947338,1,2150.5747804169223,2147.441526048138,1
1855,1856,0.0024654409431319603,1,2165.661154319025,2173.1661251521527,1
1859,1864,-0.0022943954794616833,5,2176.040137196182,2173.223480679468,5
1866,1869,0.008183662115346223,3,2191.452186550057,2211.5777429732693,3
1874,1875,-0.0030180160186643683,1,2171.649986809715,2167.2675623494006,1
1876,1877,0.006302078371553233,1,2171.2051573715703,2187.059467591418,1
1879,1880,0.0039206108993183756,1,2212.8082009020823,2223.696569053542,1
1887,1889,-0.0006633950988235264,2,2286.0084273616926,2286.7779090024733,2
1891,1892,0.0038302140233118136,1,2301.7951159023446,2312.9132789499668,1
1897,1899,0.0020865282910362717,2,2314.768247606893,2321.912845290324,2
1900,1902,1.9435647043326626e-05,2,2331.0150400035777,2333.3913598291515,2
1908,1910,0.0026622498119329165,2,2332.9228540192767,2341.4666003026628,2
1911,1913,-0.015405485396572965,2,2342.9302870154534,2309.1792389806637,2
1914,1917,0.003194388184026631,3,2308.1145386223066,2317.795666970484,3
1918,1920,0.002341225544021698,2,2314.75564488119,2322.4897655700356,2
1922,1923,-0.004140417432533769,1,2318.141368205969,2310.861436642177,1
1927,1933,0.0009285670659710109,6,2301.506762513135,2305.9453726574275,6
1934,1936,0.00010951298868945732,2,2314.7628351039116,2317.331094535195,2
1937,1939,-0.012323786151241457,2,2319.219770445801,2292.9574217275413,2
1943,1944,0.0005338056722124578,1,2290.377021600976,2293.890014868213,1
1945,1951,-0.009541593079670393,6,2299.410061130345,2279.7694360648698,6
1952,1954,-0.006157037889360441,2,2275.9819642037824,2264.2446389788824,2
1955,1958,0.019822761294484806,3,2256.406315297815,2303.3909253846296,3
1959,1960,0.0038565704004125487,1,2329.754630288859,2341.069247666544,1
1961,1962,0.0009159440171318111,1,2361.54542433262,2366.070013159555,1
1965,1969,0.019231774279903597,4,2381.91044877773,2430.100723332345,4
1971,1972,0.0016909769797714296,1,2427.1298287438794,2433.661179239946,1
1973,1977,-0.004870570235563684,4,2439.5993575203756,2430.156716860457,4
1980,1984,-0.006949858758582704,4,2421.4798651209153,2407.072401936694,4
1985,1986,-0.0013616038116573423,1,2413.8114746067513,2412.9386311769113,1
1988,1989,-0.0021924338581152513,1,2431.872821705081,2428.9729742138497,1
1990,1992,-0.00992923545206419,2,2418.7094396473253,2397.112213570584,2
1993,1999,-0.01003266306927969,6,2396.0219286622246,2374.379469874013,6
672,673,0.0015155398441351144,1,1976.2775300334756,1981.2489349033438,1
678,687,0.000538500914722434,9,1993.4528275656949,1996.5197565643607,9
690,693,-0.0023326964172646365,3,2014.9905655657783,2012.3051948582267,3
694,695,0.0019715393846609134,1,2011.7048231751005,2017.6826832874776,1
696,702,9.761712720443897e-05,6,2017.947468074735,2020.1624017774927,6
704,707,-0.007567676105191199,3,2027.8701535673695,2014.5517592153547,3
713,716,0.001253193274537425,3,1994.3611237333357,1998.8548048043306,3
717,719,-0.00015386850941388937,2,1996.354507666495,1998.0436860818052,2
721,722,0.0008334103518966894,1,2018.185284640478,2021.8854464333833,1
725,727,0.0007452062386866954,2,2026.6994156930566,2030.2364241572668,2
733,737,0.009157685537457619,4,2049.5655411326693,2070.384383387904,4
738,746,-0.0033952903259006034,8,2070.025057772993,2065.0667467777375,8
751,758,-0.008291549639845512,7,2060.6508731162553,2045.6255349845371,7
759,760,0.0037094117015472033,1,2053.5912778207476,2063.262484614712,1
764,765,-0.0004427960374983013,1,2074.450731514063,2075.6066236816773,1
767,769,0.0009263300860156963,2,2083.189199173379,2087.20210920261,2
775,776,-0.0033163472374920537,1,2081.7653354517734,2076.943244067893,1
778,784,-0.003001216717714406,6,2079.5712294872233,2075.4095567770955,6
787,789,-0.001353142906365831,2,2078.2808471947105,2077.5469170560878,2
791,798,-0.0020738606811356343,7,2073.562211955139,2071.3354950258317,7
801,807,0.00037287183644081753,6,2079.3378264602607,2082.192490800654,6
808,811,0.00011737705772031648,3,2087.57169530504,2089.90430002372,3
822,825,-0.008253837801823559,3,2080.4633636298036,2065.3720198373967,3
827,829,-0.004372905065258116,2,2069.810965671813,2062.8296897815717,2
831,833,-0.002311389714387137,2,2063.3619300336704,2060.6560584215663,2
834,839,0.0011060601239480383,5,2069.1128095561376,2073.470485536294,5
842,843,-0.002253449783705102,1,2078.348507194066,2075.7434017072596,1
844,845,-0.0044147402639271235,1,2083.099055754033,2075.985813534601,1
848,856,-0.0018382799078198195,8,2078.926475512695,2077.183753218438,8
857,859,-0.004048001162346858,2,2075.7756446332182,2069.448678055605,2
860,865,-0.0010117832513692924,5,2064.4012769523256,2064.376951593152,5
866,870,0.005958950955160972,4,2068.4316590597546,2082.8257735292536,4
872,880,0.03083308332081991,8,2093.2035670193195,2159.836690575683,8
881,882,0.00017529337570931043,1,2172.5938154512864,2175.1472505706934,1
887,889,-0.0021242973027771664,2,2172.724360236344,2170.281572098452,2
890,893,-0.004954419572556596,3,2174.668126782414,2166.068576578051,3
897,899,-0.0012449225646232963,2,2168.727374284346,2168.1962040138674,2
900,905,0.00394678977354801,5,2163.298111793133,2173.999492769687,5
913,914,-0.004116725410680653,1,2159.8921588996755,2153.160368123703,1
920,922,-0.00367949666964803,2,2160.062171408908,2154.274292014385,2
923,925,-0.002682856016532932,2,2159.8990029834968,2156.2642039512225,2
927,928,-0.0034058342757432103,1,2158.45685852177,2153.263969028825,1
931,932,-0.0037437885935801603,1,2153.4991577556216,2147.590411330287,1
936,938,-0.0021717277433354193,2,2138.405636633211,2135.900007422263,2
941,943,-0.004840668943557392,2,2136.3182297009216,2128.113338622554,2
944,946,-0.00704033101420827,2,2130.649516942241,2117.779688584647,2
947,948,-0.003718938875234128,1,2112.4214136951446,2106.677868992572,1
949,952,0.0022148724151617553,3,2111.0876950907223,2117.874572687657,3
953,954,-0.0019918062523643625,1,2120.7823290972437,2118.6789239233412,1
960,964,-0.004231809569617108,4,2142.7211100349496,2135.796243446518,4
965,968,0.0033315288879041784,3,2138.8855164503266,2148.150160852751,3
970,971,-0.0028717267483134223,1,2151.5401665147574,2147.513071235021,1
974,979,-0.0108024250083644,5,2147.5355752878795,2126.4845188583254,5
981,985,-0.004133008283168503,4,2126.1172352596495,2119.4560923505937,4
988,991,-0.0008988072405684806,3,2130.3778700819394,2130.593448897245,3
993,996,-0.0027721050166909724,3,2140.9381001315164,2137.1441329838485,3
999,1000,0.0026906329875645216,1,2140.912973995781,2148.814298041115,1
1002,1007,0.00012906830939436557,5,2141.517542615186,2143.935462206565,5
1009,1011,-0.002365323782585405,2,2142.749505505618,2139.823958645628,2
1012,1014,-0.008987628781615409,2,2145.43223935125,2128.295323047202,2
1019,1020,-0.0004610259998046706,1,2144.7742626030044,2145.9302401668356,1
1021,1025,0.0005947248439593579,4,2148.024559833948,2151.45006796495,4
1026,1027,-0.005086199629153968,1,2147.557029800967,2138.7816830622073,1
1029,1030,-0.00431424672273889,1,2147.13275853753,2140.016630829262,1
1031,1032,0.0007818107083879978,1,2146.6564923493947,2150.4814278746935,1
1034,1035,-0.0010733022998359579,1,2151.65653546679,2151.4988140942833,1
1036,1038,-0.00363436894152749,2,2153.2741516992096,2147.6016331513792,2
1040,1043,-0.0013722677964942169,3,2146.007916758588,2145.2090271201573,3
1045,1047,-0.004417384533770698,2,2142.7251569564073,2135.402641144903,2
1048,1049,-7.401533836411871e-05,1,2138.541081840295,2140.5213380803575,1
1050,1052,0.0034419681269660246,2,2137.5275431716163,2147.0223723888967,2
1055,1056,-0.0036810508895022856,1,2149.6143120180427,2143.85108665472,1
1058,1059,-0.002639155580911651,1,2143.1337385228453,2139.6208088947055,1
1060,1068,-0.0003570305539835098,8,2140.140011238195,2141.5160558756183,8
1070,1072,-0.0006442104148836812,2,2153.0175123623444,2153.783533569816,2
1073,1075,-0.0027301271997263064,2,2158.2914589760485,2154.557340217937,2
1076,1078,-0.0030467071903641525,2,2155.3348077998667,2150.9234685511005,2
1080,1081,-0.00032362297395757407,1,2154.704414315334,2156.161806879089,1
1082,1084,0.0049894685021833664,2,2165.3690965321034,2178.3385065313837,2
1085,1087,-0.0032877078762949988,2,2186.5713289509913,2181.5690924996693,2
1089,1090,-0.002053095204905016,1,2186.456111136888,2184.1535646905145,1
1096,1097,-0.005046872660781707,1,2150.164808513312,2141.4633653335645,1
1102,1105,-0.000982747898521913,3,2149.777517576631,2149.8146057565195,3
1107,1110,0.00027441608647575124,3,2153.8799835583563,2156.6249228577412,3
1112,1117,-0.009150205219589543,5,2145.560375627877,2128.07361825549,5
1119,1124,-0.0008382897437073383,5,2126.8013754224594,2127.1453010179625,5
1125,1127,-0.0017578668176682398,2,2124.5336534566395,2122.9235398976653,2
1129,1134,0.0036434393119834747,5,2128.0803912896154,2137.9620034375907,5
1136,1137,-7.578490520908127e-05,1,2144.4063265115547,2146.388219207882,1
1138,1139,-0.0034881416880790323,1,2151.7088787949315,2146.355122232992,1
1140,1142,-0.0023387728463044118,2,2148.7010953523272,2145.824472671045,2
1144,1155,0.006203282516251383,11,2144.24838566116,2159.694012568093,11
1156,1161,0.002440599513848259,5,2156.283332355022,2163.702239740042,5
1162,1169,-0.0037687044423320164,7,2169.1487758054086,2163.143043953757,7
1176,1182,-0.0076321388475796195,6,2181.020339295593,2166.5555095759896,6
1184,1190,0.012196353937183619,6,2176.501448810742,2205.2233322740417,6
1191,1195,0.0006146716111973384,4,2213.3059474581287,2216.8797097383836,4
1196,1197,-0.0024414297981997335,1,2217.0406771625967,2213.8449686667136,1
1199,1200,-0.0020626587786749142,1,2227.9380282086754,2225.570490304656,1
1202,1203,-0.003582988763770408,1,2228.815960970508,2223.058954386809,1
1207,1208,0.0024004533443819135,1,2233.1421829128226,2240.735878717189,1
1214,1215,0.0028019635717878924,1,2270.8096380645875,2279.443173586974,1
1216,1218,-0.001869155135415018,2,2280.3718467988456,2278.3898498975445,2
1219,1220,-0.0019934358709057113,1,2283.145127941725,2280.8769696731442,1
1222,1228,-0.008188545777261308,6,2296.3533147905873,2279.8458738664494,6
1229,1234,0.004356733214336526,5,2279.305147935685,2291.5147775272403,5
1236,1240,-0.007401371454650278,4,2293.995591884476,2279.3108739854933,4
1241,1243,0.0014948550706497844,2,2277.086571936155,2282.7675729164584,2
1248,1249,-0.0020328258906521543,1,2296.652211714557,2294.2801698484745,1
1259,1263,0.018915869513204956,4,2299.7264767384777,2345.527529165264,4
1265,1268,0.007825590696179083,3,2355.2445175873236,2376.030941688969,3
1270,1274,0.0026262542876549573,4,2374.1037298550546,2382.712833684779,4
1275,1276,-0.0019289903412411306,1,2389.8669313282116,2387.646768032156,1
1279,1284,-0.014564973420373783,5,2376.1992090027875,2343.9661298911515,5
1285,1286,-0.0022610437815791416,1,2341.885005960107,2338.9317864361674,1
1289,1291,0.004305352008784946,2,2353.5686242411457,2366.0551342695767,2
1297,1299,-0.008894707407761448,2,2386.6277993159392,2367.7860711491103,2
1300,1302,-0.005756907921219472,2,2372.5983515736793,2361.3121196812062,2
1308,1310,-0.001669490417894421,2,2343.054908644764,2341.486255834826,2
1316,1317,-0.005952026523936238,1,2368.3033809684525,2356.575479809169,1
1320,1321,0.0004953597208258922,1,2334.0679957260268,2337.5582669925043,1
1322,1337,0.03548260898082665,15,2341.5476603051616,2426.9734280060443,15
1338,1340,0.0005408144678094556,2,2432.041008405193,2435.78833237725,2
1341,1342,-0.0021889530237071634,1,2438.2250806963407,2435.326145614168,1
1343,1352,-0.010921310689552915,9,2438.4936209368284,2414.3005681090212,9
1355,1361,0.014841001098819105,6,2430.1361487164436,2468.631938118541,6
1368,1370,-0.0036866601635874357,2,2473.374964511721,2466.729846524953,2
1371,1373,0.0010833697309851754,2,2469.954531765967,2475.100360274358,2
1378,1380,-0.005414494413004198,2,2451.517943097555,2440.6957308343713,2
1382,1383,-0.002445962386645205,1,2451.5707903973207,2448.025911246208,1
1387,1389,-0.0003072111448541026,2,2422.7084903330933,2424.3869157744634,2
1390,1402,0.010521822873391977,12,2431.0808657567713,2459.0913488829133,12
1404,1411,-0.004068197121703046,7,2463.5084201444392,2455.949890700461,7
1414,1419,0.0017565800800128633,5,2454.175098704284,2460.940228894236,5
1421,1428,0.010778683934724087,7,2462.2159259257905,2491.2175890963144,7
1429,1433,0.012020630864385713,4,2491.9288314916603,2524.375316946833,4
1436,1438,-0.008533812188460495,2,2530.1426330119552,2511.0810136048262,2
1440,1441,0.00043322556220539094,1,2521.680134579253,2525.2942710078373,1
1443,1445,-0.009959378916851742,2,2532.15092246977,2509.464422880708,2
1446,1448,-0.001970451702072008,2,2508.12978048745,2505.6957616729583,2
1449,1450,-0.0013624046631908896,1,2501.5069405604536,2500.60038278019,1
1451,1452,-4.023059130372488e-05,1,2496.9776217887743,2499.3741445243663,1
1455,1466,-0.034618297314884625,11,2494.1047603048096,2410.2572049384135,11
1471,1473,0.0033012105924702956,2,2428.5333217304974,2438.9789549780917,2
1475,1477,-0.013121957014294704,2,2420.291495543334,2390.9528260722946,2
1478,1482,-0.008617101945552708,4,2386.0235086668395,2367.848924356839,4
1483,1485,-0.0001365981006082196,2,2366.5434697359087,2368.586747862672,2
1487,1488,-0.0009754499144535476,1,2379.8601260740334,2379.918551843717,1
1490,1498,0.003920647095120625,8,2391.6793545678242,2403.4479646363384,8
1500,1503,0.0036236252621928682,3,2405.097100373607,2416.2173680849214,3
1505,1508,0.001293463937092809,3,2418.5350870241887,2424.0819100268723,3
1511,1512,-0.005124672890955558,1,2425.675998496378,2415.6708784631383,1
1513,1515,0.0028297274941903377,2,2416.9135562011047,2426.1696764983694,2
1516,1520,0.0036967627926887984,4,2424.6837634967574,2436.0719279811856,4
1521,1522,-0.0006622702373371373,1,2445.185284440052,2446.0110962858325,1
1524,1526,-0.00020537899124999797,2,2453.1311509954917,2455.0804605452918,2
1527,1529,-0.0062208014728810665,2,2445.0089866443304,2432.2440801256503,2
1530,1533,-0.0016276138537495949,3,2430.5240949356325,2428.9986643417787,3
1534,1537,0.006519328108398412,3,2434.8893096223846,2453.198041249067,3
1538,1540,0.002166385418314259,2,2457.066752872362,2464.846773210482,2
1543,1545,0.0019913543256962775,2,2477.590126051734,2485.001475992601,2
1547,1549,-0.004382882910585049,2,2485.327401704266,2476.9198301098318,2
1552,1553,-0.0019511718839811763,1,2479.2419776529996,2476.88379239027,1
1558,1563,-0.0039428391302637434,5,2474.0815076540903,2466.800683781904,5
1568,1569,-0.0028220138988081125,1,2470.639649268137,2466.138109488224,1
1571,1572,-0.005525592092633656,1,2467.845271464293,2456.676810417911,1
1574,1576,-0.0040956095475583165,2,2441.3936425370966,2433.8360410679106,2
1577,1578,-0.004288509940781723,1,2431.7979440812796,2423.800952368196,1
1585,1588,-0.003922252014300303,3,2408.319182617544,2401.2814670350617,3
1590,1592,0.0011114680610159067,2,2407.4443687228663,2412.5276106160973,2
1597,1598,-0.007565943846671311,1,2366.051661562515,2350.5162992143723,1
1601,1606,-0.0024859149770567707,5,2358.0914529401093,2354.587529532916,5
1608,1609,0.0008232915801982745,1,2360.427951128767,2364.7316995377246,1
1614,1617,0.002678962451920301,3,2373.760872353535,2382.493849472761,3
1623,1624,-0.0011150067822025072,1,2387.6967855847233,2387.422184260538,1
1625,1626,-0.00549892952159071,1,2382.7685038958116,2372.048596330518,1
1628,1632,-0.023209184308174702,4,2367.267677431757,2314.6925932768904,4
1634,1636,-0.007074786647890072,2,2293.604117634972,2279.6709619656176,2
1639,1641,-0.008689120950234185,2,2288.5575836106773,2270.960587548719,2
1643,1645,-0.03996265225754301,2,2241.6060574676317,2154.2671401521184,2
1647,1649,0.007587085668551849,2,2145.150963358824,2163.5715584531627,2
1653,1660,0.01763662854810817,7,2173.0347234784417,2213.5327644420504,7
1661,1664,-0.014761232662527976,3,2219.8306731714533,2189.283066806525,3
1665,1667,-0.0174183887036109,2,2181.3699623949665,2145.555382445985,2
1669,1670,-0.0010801417819164463,1,2114.7053503698726,2114.5358741148657,1
1673,1678,-0.028306489547799615,5,2125.828257211755,2067.779350125785,5
1683,1686,0.0024041646641252052,3,2103.4100950474517,2110.5704493671765,3
1689,1690,-0.0025342083588553365,1,2141.402156907751,2138.116799818952,1
1691,1695,0.004740407052607972,4,2136.603589633609,2148.868563948169,4
1698,1699,-0.0032015127297442794,1,2165.0143600373385,2160.248053363637,1
1700,1701,-0.004380396332386299,1,2160.4640905827237,2153.1608656946655,1
1703,1704,-0.0001978943233261998,1,2147.194428448724,2148.916705288705,1
1705,1707,0.008243196681036034,2,2150.180952314275,2170.0554977563334,2
1712,1720,0.009678220484876054,8,2201.1866981519447,2224.6914550431875,8
1722,1727,-0.002382537512947699,5,2239.283610431821,2236.1877168382703,5
1729,1730,0.004973975364168252,1,2230.1041181031087,2243.426705164187,1
1731,1734,-0.00286242427550872,3,2252.1942933903492,2247.999752065177,3
1739,1740,-0.0017931528229165022,1,2249.2207591894125,2247.436783394899,1
1741,1745,0.001766749848597005,4,2256.4365722282987,2262.67956777288,4
1748,1753,-0.004745981286780067,5,2255.3424741377553,2246.894003434355,5
1758,1761,-0.008312427657277827,3,2264.439860713246,2247.8813080475243,3
1765,1768,-0.010069027219510144,3,2237.061480567161,2216.77350910818,3
1770,1771,0.00044382601164195544,1,2216.6658503820745,2219.8663301959746,1
1777,1778,-0.0065690731570049385,1,2239.7928126770253,2227.319242646693,1
1781,1783,-0.002974169316416691,2,2210.9071003982654,2206.5423954392113,2
1784,1785,-0.010312315618977216,1,2186.6011819445894,2166.2388616054927,1
1789,1790,-0.01051564765609667,1,2134.0397075877067,2113.7329376461826,1
1791,1794,0.004868405201584109,3,2110.3464350787085,2122.730803075469,3
1795,1796,0.0006767259258918582,1,2122.756081510303,2126.315361666516,1
1797,1798,-0.0024888946651293424,1,2136.7454612264105,2133.564072308451,1
1805,1807,0.0033972488381595195,2,2173.7314199522393,2183.289857913095,2
1809,1810,0.001075044332384703,1,2199.8392040947797,2204.4039679673942,1
1812,1813,-0.004470358765685797,1,2201.715816434786,2194.0750726516726,1
1814,1815,-0.001515731824775514,1,2199.0518102741903,2197.9176892713017,1
1816,1819,-0.005329458767648572,3,2197.8444834622464,2188.329006393393,3
1820,1821,-0.006787930130891097,1,2179.682872613945,2167.0670204397557,1
1826,1830,0.003649392852423998,4,2097.0846887153516,2106.8348592779926,4
1831,1834,0.009951399207934294,3,2108.1235366107317,2131.210439039798,3
1835,1836,-0.00587784698996267,1,2127.9375606529816,2117.557806827922,1
1839,1845,-0.0033678108906620746,6,2101.2384907599785,2096.2631553776787,6
1848,1851,0.004173985225044541,3,2135.670887503216,2146.7208171207153,3
1854,1855,0.0038309871972177006,1,2155.5209114149075,2165.934205341288,1
1859,1861,0.0010309343121543044,2,2182.066445633721,2186.498079249559,2
1864,1865,-0.0011336801797003325,1,2178.0168522685126,2177.725694584311,1
1874,1876,-0.003492430082533127,2,2172.516759263929,2167.1019131383323,2
1877,1880,0.01817964553332236,3,2186.596399780197,2228.53454365242,3
1881,1884,0.003706843209564689,3,2249.0020176424796,2259.5877175175174,3
1886,1887,-0.0009576609044557172,1,2286.1117952899913,2286.208587195717,1
1891,1893,0.0047650811740623375,2,2304.9336740488316,2318.221803780553,2
1895,1896,-0.004436545691617359,1,2322.603621815669,2314.6218883457836,1
1898,1900,0.0020114606381307788,2,2319.9150065662666,2326.90133929235,2
1906,1909,0.0034301636661920286,3,2323.50274706785,2333.7962445162075,3
1912,1916,-0.007677640754477042,4,2324.901384611122,2309.3765283751027,4
1917,1920,-0.000434850772899795,3,2315.676461605722,2316.9851643682127,3
1921,1923,-0.006467840175911735,2,2325.682096832201,2312.965638826743,2
1925,1928,0.0028274642040361096,3,2296.8033304747314,2305.5942630058344,3
1929,1932,-0.0008480223763484881,3,2304.0097401765847,2304.3598981017667,3
1936,1938,-0.009066537297323932,2,2320.7546157152333,2302.0341620496297,2
1939,1940,-0.003643617950760196,1,2297.583160434851,2291.509228348561,1
1942,1948,0.0014630538432056158,6,2293.6312079787685,2299.280545140477,6
1951,1953,-0.006820485150642252,2,2283.866026687628,2270.5728183932365,2
1954,1958,0.013216026697629862,4,2264.9534691461404,2297.1521081324113,4
1959,1964,0.01923424593092738,5,2331.7528783824728,2378.9341395738115,5
1965,1966,-0.001003836067454074,1,2383.2459626493946,2383.2368203571223,1
1967,1971,0.013612190196799896,4,2390.9553908522453,2425.8924857754423,4
1972,1973,0.0006871481028395921,1,2436.283594923024,2440.3939661681775,1
1974,1975,-0.001648454377257648,1,2443.216627759311,2441.632313242452,1
1980,1985,-0.004307055623072436,5,2419.472989868086,2411.471658112071,5
1986,1988,0.003068195556632341,2,2423.350777823193,2433.2094426896947,2
1989,1990,-0.004355585767368361,1,2427.6965540169317,2419.5502100127833,1
1993,1994,-0.005085850732109522,1,2401.5516904659394,2391.7393087332503,1
1997,1998,-0.002721753172746425,1,2381.005934382967,2376.906429861115,1
672,676,0.0018098198252720216,4,1979.705714955678,1985.268331321765,4
678,681,-0.004328350225450671,3,1991.07235832233,1984.4453721896193,3
682,685,-0.0004583653313229265,3,1992.1144101710531,1993.193408399573,3
686,688,0.0003576464909151333,2,1998.8720137807452,2001.585775356043,2
689,691,0.002322243229000448,2,2012.6501782957316,2019.3366917229212,2
698,705,0.0019329269230013999,7,2019.6522219250382,2025.5757143018218,7
706,714,-0.01236409984662282,8,2018.94567658865,1996.0021763349891,8
720,721,0.004016171654008423,1,2006.3972845242488,2016.4617177095588,1
724,725,-0.0022973957039611236,1,2031.9558623348978,2029.3196115284659,1
729,732,-0.0006609491140027171,3,2042.5281027819567,2043.2206237448793,3
733,735,0.002107226674702579,2,2054.237995059359,2060.620978153795,2
736,738,-0.0023212832688815632,2,2069.29823876499,2066.5641096237837,2
742,743,-0.0012475587579745084,1,2062.3141478869234,2061.803603957919,1
744,747,-0.0005907423446575122,3,2063.261573602485,2064.105979196456,3
748,751,-0.0017878734774895112,3,2065.3401229411734,2063.712896236313,3
752,763,0.0052363500473146815,11,2061.90990009215,2074.7686919951484,11
770,776,-0.007804429206677128,6,2092.493216582871,2078.2549946251806,6
777,781,-0.0026514521417125517,4,2081.893825525526,2078.455677508544,4
783,785,-0.0008808317922653582,2,2074.0156130330383,2074.262769756457,2
786,790,-0.003300562956701709,4,2078.9551013122154,2074.1723342174905,4
791,792,-0.002083679115123846,1,2076.987311964648,2074.736524192295,1
794,800,-0.006363258438789634,6,2083.5159199436844,2072.341485603694,6
801,803,-0.0019028083654038831,2,2071.7738487398365,2069.903433977969,2
806,807,-0.0021270123274901662,1,2081.2370240046776,2078.8914442221953,1
814,815,-0.003428687923894966,1,2090.340153472646,2085.263369585074,1
821,823,-0.00346864505851249,2,2078.720735441905,2073.589111770329,2
824,825,-0.0036089476674213503,1,2075.9900435304326,2070.573894148774,1
826,828,-0.002086366983247422,2,2069.5301936747874,2067.2819244015454,2
829,834,-0.005004662706055078,5,2067.147627422288,2058.86939841084,5
839,845,-0.0009938827260044995,6,2076.8393589264942,2076.8520635218974,6
850,851,-0.0006021772758713878,1,2073.7749734713993,2074.5999682805755,1
854,855,-0.00368060892974572,1,2078.831266078485,2073.2587324232004,1
860,862,-0.0004920205744091393,2,2066.167458992945,2067.2170295519386,2
867,870,0.0051854077605637955,3,2067.1995305438827,2079.9860025627427,3
871,872,-0.00018426855973373464,1,2090.126832260959,2091.8318144321784,1
873,874,-0.0014274707895439022,1,2098.8339780064175,2097.9367877887175,1
877,878,0.0015611783388609318,1,2130.563027199843,2136.019779074685,1
881,885,-0.0007557430126160344,4,2174.8166242000875,2175.347838356827,4
886,890,-0.004625073274686519,4,2174.761142994905,2166.8774744966076,4
891,898,-0.0031595473277591206,7,2172.610143447328,2167.918289017784,7
908,910,-0.001062656104208804,2,2161.191701996707,2161.0562901442113,2
911,913,-0.0026897467964272824,2,2165.2157582356276,2161.557091844575,2
919,920,-0.001733888465615313,1,2157.0056419892912,2155.422640428368,1
922,924,0.0005658342161958454,2,2157.5964583697473,2160.9748967290056,2
927,930,-0.0037909509524352673,3,2158.4042992826344,2152.380298747811,3
931,938,-0.007197274685091304,7,2152.1792039882953,2138.8415582896387,7
942,944,-0.0038619307660838604,2,2132.7668335031553,2126.6630024854694,2
945,948,-0.010216436107482765,3,2125.8990216536317,2106.305809149601,3
949,952,0.0021126356656225678,3,2110.403566949045,2116.9724843603876,3
953,957,0.002297237044362656,4,2120.1346848388266,2127.1252714607153,4
959,960,0.0030568510639032787,1,2136.4471654498698,2145.114413405998,1
961,965,-0.0036974185077052794,4,2141.9157398931757,2136.1380967344426,4
968,969,0.0006252180651792514,1,2145.277606761391,2148.764150682724,1
971,974,-0.002260639337778775,3,2150.519109615802,2147.808080629575,3
979,980,-0.0007219119792427491,1,2127.123542854183,2127.7150704301216,1
981,983,-0.004134019185670664,2,2129.507021980715,2122.833106117807,2
986,987,-0.0024908795357185937,1,2129.3573358806084,2126.1827206043117,1
988,989,0.00012804646919733803,1,2124.479342229759,2126.875853650644,1
993,996,-0.0031151608185225293,3,2142.7128405163644,2138.180658270759,3
997,999,-0.0012504923774963818,2,2136.5644337740773,2136.029240669387,2
1002,1004,-0.0030036964091707512,2,2145.951161242678,2141.6513266066404,2
1009,1010,-0.0021600285432690344,1,2140.446450885203,2137.963471906837,1
1014,1020,0.0023294570911703365,6,2135.184125099868,2142.2931290261363,6
1032,1040,-0.0030388343905442673,8,2150.116776498852,2145.7330444712397,8
1041,1043,-0.003447089735305383,2,2148.358875633436,2143.1016486811213,2
1046,1049,0.0008296926053133009,3,2139.4352985231467,2143.3498074684007,3
1052,1056,0.0004679489196523377,4,2144.756894337336,2147.905287903295,4
1061,1065,-0.0041144604557089934,4,2145.8434462056503,2139.1603016483004,4
1067,1072,0.006890867935867693,5,2139.1593013896927,2156.0391249307418,5
1077,1083,0.011671752362049835,6,2152.8381834275933,2180.118415763553,6
1085,1086,-0.0013933674654202704,1,2188.117981803202,2187.2572473786595,1
1088,1096,-0.01584262947664859,8,2182.9281083713595,2150.527715284642,8
1103,1109,0.00010524123506817505,6,2151.441158742887,2153.8190202263527,6
1110,1111,-0.002270933518330317,1,2155.67194044629,2152.932224722653,1
1113,1114,-0.0029739013541792408,1,2144.359760751817,2140.1270061162213,1
1117,1118,0.000590903411408779,1,2127.59240475897,2130.9771987737886,1
1120,1121,0.0015447416282772294,1,2124.083548306648,2129.4887921339628,1
1123,1125,-0.0009243339978047639,2,2128.1060215018597,2128.2670467767543,2
1129,1132,0.002826102654984862,3,2129.039919286476,2137.185844574227,3
1136,1140,-0.0019492794719695454,4,2144.89026833886,2142.8541680374988,4
1141,1143,0.0017172030685993875,2,2143.3807416840637,2149.2047424125444,2
1145,1148,-0.0020732639232013007,3,2147.344454922426,2145.0397875882713,3
1149,1150,-0.00390029220711898,1,2147.8923798717024,2141.66286434063,1
1151,1153,0.0027729728980575466,2,2147.818437634966,2155.922098390111,2
1158,1159,-0.0006414318569733287,1,2162.0629324291276,2162.8381793199155,1
1160,1166,-0.0022466413415443624,6,2167.9004029610273,2165.1978086943454,6
1170,1175,0.0012006423760299117,5,2164.163709108438,2168.926259475368,5
1177,1181,-0.006910890565202982,4,2176.6088983944865,2163.7432013928296,4
1182,1186,0.018610907654391964,4,2164.6665972341857,2207.117673975092,4
1187,1188,-0.0019117823191319135,1,2213.874709638232,2211.8561378212107,1
1189,1192,0.0015945512159628692,3,2209.4432558635795,2215.1757695496813,3
1193,1194,-0.0038228818990244514,1,2218.7384167538025,2212.475180238478,1
1195,1197,-0.0021712960606795834,2,2215.1833379522054,2212.588702434779,2
1200,1203,-0.0020113875762533444,3,2229.2146182041392,2226.9600182344852,3
1204,1205,-0.0008012113252736026,1,2224.1624092023367,2224.6045475000383,1
1206,1207,0.0009318617860630384,1,2227.060455982498,2231.3628289726626,1
1208,1210,0.00135062776588469,2,2241.394743119069,2246.6634278365527,2
1212,1214,0.0009612871877560389,2,2260.1163698506593,2264.549107129685,2
1215,1217,0.0026399718548495593,2,2279.908106541583,2288.2069078810378,2
1218,1220,-0.00034964195387545284,2,2283.698952590501,2285.1841745792444,2
1223,1227,-0.011730236270983425,4,2306.408788624019,2281.6604773846107,4
1234,1235,-0.001116302145649973,1,2296.011723227434,2295.744692137585,1
1236,1237,-0.0026057657859702077,1,2290.479126717589,2286.801153702427,1
1240,1242,-0.00043987421659861506,2,2279.614980224379,2280.8918513510307,2
1243,1244,0.0005991613217453452,1,2282.8235540189553,2286.4741571509117,1
1246,1247,0.000987883801736133,1,2293.13970504949,2297.698200324276,1
1249,1251,-0.0021169828714515245,2,2299.0353944831577,2296.467411326659,2
1252,1254,-0.004462019173445032,2,2294.536711176726,2286.5929810884586,2
1256,1258,-0.0005163898753086686,2,2291.358586947499,2292.4667111594454,2
1260,1264,0.013293211160157015,4,2314.509437131044,2347.591209248134,4
1265,1266,0.005298327673607016,1,2353.219520814965,2368.0408684449862,1
1270,1271,-0.002316820455479305,1,2376.0872011632664,2372.958320932772,1
1272,1273,-0.00277440875337351,1,2391.789303684345,2387.5452918076626,1
1274,1280,-0.0033254498936966317,6,2385.7092066677483,2380.1613594467117,6
1285,1287,0.0006978692624536955,2,2339.7890874756063,2343.7617434478557,2
1288,1291,0.005290699437536375,3,2350.330409827026,2365.1156320141495,3
1293,1300,-0.007640197489829806,7,2382.3882860211015,2366.5687573044643,7
1308,1310,-0.0006580213287645195,2,2342.8559253907715,2343.657132147033,2
1311,1317,0.0035472085643162583,6,2352.894473209755,2363.5935751092666,6
1320,1321,-0.0012636655795549862,1,2339.2722698232137,2338.655484244454,1
1325,1326,-0.00025690063350922014,1,2335.3660084952103,2337.101417496647,1
1327,1329,0.004919105758135294,2,2335.5105868319783,2349.3347209946814,2
1330,1331,0.005157135537934529,1,2359.8395180643106,2374.3693698248067,1
1334,1335,0.0007856829866936107,1,2412.8420080271385,2417.150578950452,1
1340,1343,-0.0036903788006526416,3,2437.372610189426,2430.815154589681,3
1344,1349,-0.007677178975112104,5,2438.109061366255,2421.82937080267,5
1352,1355,0.003450276597496811,3,2418.881427346893,2429.6461187551345,3
1356,1361,0.011788704158311299,5,2436.238383018897,2467.3947149584483,5
1364,1365,-0.0030752204641198966,1,2457.762850834537,2452.6624510705315,1
1366,1372,0.004844220948622653,6,2465.0123693061264,2479.418446233439,6
1379,1381,-0.00022853353172211236,2,2442.572798022802,2444.4571610328044,2
1384,1387,-0.011163768316020953,3,2445.7380059319526,2420.880091477973,3
1390,1391,-0.0010795697872376959,1,2431.8643483628175,2431.6708454340273,1
1393,1395,-0.0011770193159643956,2,2436.3067934472124,2435.875520085157,2
1398,1399,0.0007299755594090147,1,2462.706267929785,2466.966689583307,1
1400,1401,-0.0006860924342323323,1,2465.4520907976544,2466.2260148619935,1
1402,1404,-0.0024357252802544526,2,2459.4789608635656,2455.9478247432,2
1407,1409,0.0013632610030898506,2,2461.061164525143,2466.877294401484,2
1412,1414,0.00012935734228704926,2,2447.859718257871,2450.6242266035742,2
1417,1423,0.006537035686570162,6,2459.1151330573502,2477.6495715725882,6
1424,1425,0.0015131510417493907,1,2483.7210890796327,2489.963055322068,1
1426,1427,-0.000988828838611674,1,2489.906779552822,2489.9345947032984,1
1430,1431,-0.001183512507009666,1,2501.7642278572534,2501.3051228318523,1
1432,1439,-0.002891882443822978,7,2517.839016267011,2513.075560835763,7
1443,1452,-0.012422686538495042,9,2528.2347201306175,2499.3554874268257,9
1454,1458,-0.0190066272764213,4,2496.964868921986,2452.00295320499,4
1460,1462,-0.006940813996696068,2,2440.5915260148495,2426.0924257168826,2
1463,1465,-0.00811419721060767,2,2421.9148978328612,2404.6849176223695,2
1470,1473,0.005019818675025242,3,2423.9113855939286,2438.502892619533,3
1474,1476,-0.013267280981199253,2,2431.2623707427783,2401.43739210186,2
1477,1480,-0.0015694761727772302,3,2393.5181607471527,2392.1551091854976,3
1483,1489,0.0066458109305553075,6,2367.0974197507553,2385.195799076375,6
1490,1491,-0.002586961421469405,1,2386.00631030657,2382.219810340731,1
1493,1494,-0.008065983219222254,1,2388.5057937017186,2371.628651844407,1
1495,1496,0.004146483089614397,1,2369.6342831999987,2381.829565967058,1
1498,1500,-0.002070505035596097,2,2408.4935615787504,2405.9152570928795,2
1504,1505,-0.0021888088601277225,1,2417.5857875929346,2414.7117401885253,1
1507,1508,-0.002905390327783087,1,2429.143931858213,2424.5154645056573,1
1515,1517,-0.006301549843441045,2,2428.400180854812,2415.525896256189,2
1523,1527,-0.0027035818415363693,4,2452.957319477357,2448.7785059298317,4
1530,1531,-0.004939217745559633,1,2435.7023625723828,2426.107600602836,1
1533,1535,0.0018252254018061866,2,2428.5314047931597,2435.3925534070654,2
1538,1546,0.012555157210093322,8,2455.7642161651875,2489.052486186228,8
1549,1552,0.0008419853558091037,3,2473.690974506495,2478.247477056333,3
1557,1558,-0.0016221301689799859,1,2479.4661897204787,2477.9236390008878,1
1560,1563,-0.0052918172535152165,3,2475.042427160132,2464.419997368064,3
1564,1568,-0.0012093467930742443,4,2466.472042078613,2465.9556940663965,4
1569,1570,-0.0024822176845689242,1,2470.7154771513215,2467.0533389775496,1
1572,1576,-0.007099165611069162,4,2453.9653498499347,2438.9982087773747,4
1586,1587,-0.0019608856357946395,1,2409.7222737107695,2407.4068061917064,1
1590,1595,-0.008075398951031452,5,2404.305227451947,2387.293808767674,5
1599,1602,0.0005467251057008711,3,2355.9522957650634,2359.596306328757,3
1603,1604,-0.0024594939644689362,1,2358.6530811597845,2355.2106412235557,1
1608,1615,0.007580611709605553,7,2358.259323834302,2378.494631402681,7
1618,1620,-0.0013523591857560336,2,2387.588715589553,2386.7474267738075,2
1622,1623,-0.003042016100497626,1,2388.1167760168337,2383.240203110339,1
1627,1628,-0.004184293980006798,1,2369.6105030581,2362.0649665982514,1
1634,1635,-0.004857387555587778,1,2298.337975591449,2289.4723952858676,1
1638,1646,-0.0747885876797805,8,2291.1679507701706,2122.105903545663,8
1647,1651,0.005554618864866747,4,2143.4875599364664,2157.537303933433,4
1655,1656,0.00256841671751755,1,2182.9915662510857,2190.781389850296,1
1661,1665,-0.01381863886448114,4,2214.7788541249133,2186.3884038291967,4
1667,1672,-0.011909288331382151,5,2146.9428037395173,2123.521185662537,5
1673,1676,-0.00604621417904827,3,2125.381346289623,2114.6562168040914,3
1678,1680,0.0010151098772641907,2,2073.2369889887404,2077.414789323161,2
1681,1685,0.009360786347819536,4,2088.223285673093,2109.8589209824936,4
1686,1694,0.010735017588776003,8,2114.9286171719127,2139.747341693431,8
1698,1700,-0.003327613110156976,2,2165.867806438366,2160.8265041372333,2
1701,1711,0.012435573283803087,10,2162.419321726341,2191.472664993707,10
1714,1718,-0.002608505542180669,4,2216.635414529764,2213.069944180499,4
1721,1722,0.0014991862879104876,1,2228.85390598019,2234.4242270997715,1
1725,1727,-0.006174768030398964,2,2238.8243070336393,2227.2389105839216,2
1729,1731,0.011448116983525165,2,2228.2124985284404,2255.9495483742753,2
1735,1736,-0.003591877995885689,1,2243.8436008811886,2238.027832025856,1
1738,1741,0.0030871129915070357,3,2247.716676672157,2256.903348702611,3
1743,1744,-0.0023208298714751116,1,2267.0551261149326,2264.060731984079,1
1745,1747,-0.004729123968994714,2,2263.59548935911,2255.154261163633,2
1749,1754,0.0002726919769034978,5,2249.3423671426726,2252.2050871266442,5
1756,1757,-0.0029462525910122985,1,2262.223459145448,2257.8206008766374,1
1758,1761,-0.008587409290699628,3,2265.2176198151215,2248.0304866010797,3
1762,1769,-0.01758378147662042,7,2253.866879547084,2216.4892437392828,7
1771,1775,0.0065066725648508334,4,2223.5293346659764,2240.2206413196545,4
1776,1778,-0.007225604718002799,2,2240.02570652513,2226.0801919181395,2
1779,1782,-0.0049168204266303766,3,2221.088888317567,2212.389281990443,3
1784,1789,-0.026039999850591373,5,2184.444139170104,2129.7456582516593,5
1792,1795,-0.0018070241575675302,3,2119.0262881262975,2117.316182721259,3
1798,1799,0.0026838585759971713,1,2137.3082824392923,2145.181823885106,1
1801,1803,-0.00017096443070285425,2,2163.540552513227,2165.334204586877,2
1804,1805,0.00023227446238001425,1,2166.9918459986857,2169.6621747106956,1
1816,1817,-0.00012505435829976614,1,2192.7960414709305,2194.714618810553,1
1822,1823,-0.0056138635140491125,1,2162.6174628984663,2152.6394410915536,1
1826,1830,0.0037060083222481615,4,2099.488668630701,2109.3688797777427,4
1832,1834,0.0027331814968681633,2,2122.3900505533106,2130.3133178191733,2
1836,1837,-0.0030154956271392763,1,2118.9020840248145,2114.631446140126,1
1838,1840,-0.01146995769785519,2,2108.320402422795,2086.246376995903,2
1842,1845,0.005694610235789735,3,2085.2692865897193,2099.229351700101,3
1846,1851,0.010750164535769161,5,2122.734664065491,2147.677145634041,5
1852,1854,4.217529173834375e-05,2,2152.221987229686,2154.4649798071127,2
1857,1862,-0.004538176236243967,5,2181.5035358816845,2173.7849919117457,5
1863,1865,0.00044513666939853427,2,2176.980339304493,2180.1263734213817,2
1866,1868,0.009496298591465158,2,2188.042794763967,2211.0091452687134,2
1869,1870,-0.004136265944309502,1,2216.9036511273357,2209.9508517044897,1
1872,1875,-0.013476984233812186,3,2185.9274094947673,2158.653627670243,3
1877,1879,0.01061577486104993,2,2189.8583230304603,2215.2952242883784,2
1881,1884,0.006896113819742761,3,2244.4867805910094,2262.209503677464,3
1885,1886,0.0032179039330634852,1,2272.4719761297506,2282.057044615645,1
1887,1889,-0.0016064901979765808,2,2288.3370139759513,2286.949160007308,2
1891,1897,0.004129661137500922,6,2303.307708066046,2315.1228961038187,6
1898,1900,0.0011670160200187886,2,2322.7139680391942,2327.7473264178566,2
1901,1902,-0.004069044626637657,1,2340.721736035695,2333.5379565692606,1
1905,1906,-0.0030670435585185593,1,2319.1675945816683,2314.3737741441632,1
1907,1911,0.0025348647518461764,4,2326.9870030701327,2335.2125874052895,4
1920,1921,-0.001582627957444304,1,2320.630168486043,2319.2781044709945,1
1922,1924,-0.0073808769873114025,2,2323.1616733553606,2308.3378644960435,2
1927,1928,0.004360260801477974,1,2295.827534651547,2308.1337689924935,1
1930,1932,-0.002731075886363987,2,2308.925051587362,2304.9281271071372,2
1935,1938,-0.006974473409166046,3,2318.1370900629445,2304.287441659562,3
1939,1940,-0.0044457667440231195,1,2297.144450214943,2289.229026262175,1
1942,1948,0.002833764273939019,6,2288.302318566286,2297.0751302431772,6
1950,1952,-0.007946563841350328,2,2292.822263770381,2276.895027538231,2
1960,1961,0.0009203758479691653,1,2353.936546884002,2358.45698977629,1
1963,1966,0.0009827525709526653,3,2376.7079664644757,2381.420390295387,3
1967,1969,0.013334111792536588,2,2396.4725815617717,2430.823887453627,2
1971,1972,-0.0008190337425428294,1,2427.2290708001683,2427.6683173611023,1
1975,1976,-0.003626082906689359,1,2445.987492579453,2439.564126635214,1
1978,1979,-0.002054123836717057,1,2429.2742724678897,2426.7135165513578,1
1980,1981,-0.0024501880855150324,1,2420.384438917896,2416.8744262422115,1
1982,1985,-0.005058898338250574,3,2420.4188842821945,2410.5946500949112,3
1986,1987,0.0014523086794699415,1,2420.7190475598077,2426.655397890697,1
1988,1991,-0.012091037219258135,3,2435.082856552906,2408.0752619589002,3
1993,1995,-0.004818133201551188,2,2400.616604997481,2391.450731033745,2
677,690,0.00979255643104562,13,1992.5183175349337,2014.0226839168215,13
693,695,-0.0014941429524644287,2,2016.9089595749729,2015.9123182268365,2
697,698,-0.0016825755166402813,1,2018.9584157239906,2017.5803241403025,1
700,706,-0.0026239103038250694,6,2024.2275425788623,2020.940378615182,6
709,714,-0.008893244466367814,5,2012.121262964081,1996.2390979395288,5
715,717,-0.0014816811181584113,2,1996.6294306988725,1995.6676920021455,2
718,720,8.443492354148915e-05,2,2001.2350215246408,2003.4052306721965,2
727,730,0.0013064999741142684,3,2036.3579370570021,2041.0547965861115,3
736,740,-0.003301917966475293,4,2068.689182493626,2063.927229697391,4
741,742,-0.0017095352679359244,1,2065.1205273665832,2063.655251519878,1
743,744,-0.002978688997837083,1,2065.776297664468,2061.6887688322868,1
745,746,-0.0001296356583884653,1,2067.3397341615246,2069.1390729481354,1
749,750,-0.004267262331419394,1,2068.5137840545353,2061.755406885872,1
751,752,-0.00204286978662159,1,2065.1453826850347,2062.9917049604514,1
763,764,-0.0015327064516472604,1,2076.3870876747405,2075.280982877019,1
765,766,-0.0017305826773767522,1,2081.815533444809,2080.29459507858,1
772,773,-0.002648497378025679,1,2089.5903830483944,2086.1456987807915,1
778,779,-0.004305230014435654,1,2083.449980509077,2076.563699099923,1
780,781,0.001439187709040798,1,2074.4314030079368,2079.491330589402,1
783,786,-0.0019391018172411289,3,2077.5445905675024,2075.593564667101,3
788,789,-0.0014331343591440413,1,2078.1942468406214,2077.2941095073393,1
792,794,0.0005140102588421863,2,2077.7355101112416,2080.8812229887108,2
795,801,-0.0037096123902028134,6,2075.099588587828,2069.4768730316855,6
802,807,0.002199843087047302,5,2074.3939837803537,2081.0317190291657,5
808,810,0.0006371934970389218,2,2085.1129060197113,2088.5266393100387,2
811,813,-0.004566549061442956,2,2092.0108283652153,2084.549569108781,2
814,815,-0.004956200506442177,1,2092.174011044254,2083.8969511621954,1
817,823,-0.006626544043982281,6,2084.0886919363625,2072.362475119617,6
826,827,-0.003803854535908459,1,2068.17103787351,2062.372187127934,1
830,831,-0.002552150924278669,1,2062.8012447666174,2059.5994659079497,1
834,835,0.0017371938654543641,1,2065.6052129606182,2071.2591748779846,1
838,840,-0.0005242911642509819,2,2074.5428098171083,2075.529688161878,2
844,845,-0.0002705778511880154,1,2077.848360356558,2079.3639889724745,1
851,853,-0.002777657228540671,2,2078.260370517007,2074.5659359465676,2
854,855,-0.003537531760532852,1,2075.2328240853367,2069.96685488372,1
857,858,-0.0039981887596944425,1,2076.680417618496,2070.4541377329147,1
862,865,-0.004595573253084231,3,2071.521954298494,2064.0736453664417,3
867,868,0.0014102574892692,1,2065.506433600777,2070.484835951497,1
869,871,0.005822934506505477,2,2075.9604570276797,2090.1245992640747,2
873,874,0.0020066376385249256,1,2092.91021300999,2099.202835630479,1
875,876,0.0017605398174256074,1,2113.158419690145,2118.9918776482277,1
882,884,0.00039648104052317896,2,2175.2498143354355,2178.2875094595565,2
885,888,-0.0035743886682533957,3,2178.1171020966267,2172.50978211086,3
890,891,-0.0058083308670710656,1,2171.9687937763706,2161.5252491829406,1
893,895,-0.002998492980926625,2,2168.6082277011133,2164.274279379673,2
896,897,-0.00181822702332069,1,2171.7139239426037,2169.936968923112,1
907,908,-0.0020012290590491104,1,2161.288237323861,2159.124292735671,1
910,911,-0.0006906775904147544,1,2162.0793397139014,2162.748119304976,1
914,915,-0.005013295044105549,1,2153.9618726589374,2145.317388150203,1
917,922,0.0021687067751967833,5,2145.8472570355984,2152.6468177775046,5
924,925,-0.0014190465425517602,1,2159.329347337521,2158.4244878402887,1
926,929,-0.00041504758685551556,3,2155.681042153042,2156.9420129806194,3
930,933,-0.0071271274081093966,3,2156.8120470843614,2143.5969848765303,3
935,939,-0.004335890492754569,4,2143.7448391221787,2136.5935410944594,4
941,950,-0.010315727920100121,9,2132.044192012663,2112.1826484062435,9
954,958,0.005949316995294889,4,2117.4317706980005,2132.1464752884895,4
959,960,0.002079635670767242,1,2138.443386901931,2145.0290134361503,1
962,965,-0.0008055484166408597,3,2138.81543459893,2139.231330646701,3
966,970,0.0006751981482766057,4,2144.564992819475,2148.157564124305,4
971,972,-0.0027959422153131237,1,2150.7500013021818,2146.8873785802584,1
973,977,-0.008548254915648607,4,2150.121737876714,2133.8920708995433,4
978,980,-0.003170982540242424,2,2131.4670781720015,2126.8397003601885,2
981,982,-0.0045212744916848895,1,2129.1908805122403,2121.6934149767644,1
983,989,-0.0004782788284808636,6,2124.5049807476444,2125.6133799750983,6
991,993,0.0006442103992410852,2,2136.2243271902553,2139.7367294441333,2
996,1002,0.002360647257562348,6,2135.3199579025113,2142.4960150630545,6
1003,1004,-0.0014638642310442606,1,2141.982061366839,2140.9884725050324,1
1010,1012,-0.003323662755266404,2,2144.8972548743704,2139.9132370093457,2
1013,1014,-0.0022796490634488147,1,2139.458942674217,2136.7211860419366,1
1015,1017,0.00024138335916271494,2,2131.504738317367,2134.1507528294906,2
1020,1021,-0.0026573241556830515,1,2146.869607664739,2143.3115488048543,1
1027,1031,0.0020346246712295776,4,2142.3224916112063,2148.8236362979796,4
1032,1034,-0.0023882367260342455,2,2148.926671764752,2145.9434528374536,2
1036,1037,-0.0022855767174732346,1,2152.27691174077,2149.509994653481,1
1043,1045,-0.004323794570979594,2,2144.2548995662814,2137.1278367723066,2
1046,1047,-0.0028267870483239506,1,2141.27579192649,2137.364137042909,1
1049,1051,-0.0012808807913653416,2,2142.749066865222,2142.1472098116237,2
1053,1057,-0.002402883613082994,4,2144.2035973736397,2141.1955292837706,4
1058,1059,-0.0029819684564495567,1,2141.547958334715,2137.3034778333217,1
1060,1062,-8.153104825331988e-05,2,2138.601294029056,2140.565532917787,2
1064,1067,-0.0016061042655227985,3,2142.3293287423403,2141.030853798035,3
1068,1078,0.00011213750589211227,10,2142.4812496711374,2144.8639834245673,10
1079,1081,0.0019751134788362846,2,2149.609449981724,2156.0047820305986,2
1088,1089,-0.004023160678750294,1,2186.382089592824,2179.772305230843,1
1094,1097,-0.009599983099582727,3,2160.223448076566,2141.645562931785,3
1103,1105,-0.004270169972564405,2,2151.4803014619342,2144.4445951835296,2
1106,1107,-0.00013719711144237977,1,2153.9843676766786,2155.842831611018,1
1116,1117,-0.00041891909078534085,1,2127.7661935931774,2129.0025979075467,1
1118,1120,-0.004860434201593655,2,2131.6441832472933,2123.4151111366573,2
1121,1123,0.000793490492725225,2,2123.598148351092,2127.4068014405284,2
1124,1130,-0.001593500441811074,6,2131.415268191034,2130.15027228768,6
1132,1133,-0.00021442445671018796,1,2136.9644308329603,2138.643177826703,1
1135,1136,0.0009632993917519767,1,2139.118446536883,2143.318176481854,1
1142,1145,-0.0025971130119926827,3,2145.109260995252,2141.6832790823705,3
1150,1153,0.0038845364617828603,3,2147.5594299276504,2158.0492622669776,3
1154,1155,-0.00278451057460843,1,2157.6057284803414,2153.7554582420325,1
1157,1158,-0.0012053986724564893,1,2157.4675570542804,2157.0244160821935,1
1160,1162,-0.0008607470838687293,2,2164.587926533154,2164.8893517141464,2
1163,1169,-0.0030801743618046056,6,2168.348779007493,2163.838235469951,6
1170,1174,0.0021395597880995857,4,2161.6141276540557,2168.4006444466263,4
1175,1176,0.002543146439153954,1,2171.403647838184,2179.097248940988,1
1177,1180,-0.009442741512032532,3,2178.854954724021,2160.4594455490746,3
1182,1185,0.013041412016839043,3,2162.794829203843,2193.1635225085834,3
1190,1191,-0.00015043115118522192,1,2209.2601881372893,2211.1371067720575,1
1193,1196,-0.0010191040900669195,3,2214.9149272432237,2214.872613308963,3
1198,1199,0.0012631056768686744,1,2220.832294770382,2225.85827294405,1
1204,1205,0.0009980136610440787,1,2222.8414454207254,2227.282712995011,1
1206,1207,5.7653965285320167e-05,1,2226.725976616068,2229.0810821748396,1
1208,1218,0.015600348079394151,10,2241.0944812065127,2278.29742967335,10
1221,1222,7.707914501200596e-05,1,2293.0553237560903,2295.5251258236667,1
1223,1224,-0.0005861865741061173,1,2304.9094929924477,2305.863295486118,1
1225,1227,-0.012261896480872392,2,2300.315871503068,2274.409952284893,2
1228,1231,0.003823685409989691,3,2279.2891097157217,2290.283683339406,3
1234,1236,-0.0020434968299601532,2,2297.336359718898,2294.9390965101793,2
1237,1239,-0.00572312672558952,2,2290.2825709585704,2279.465276138524,2
1242,1243,0.0013543010311274114,1,2280.9092080907117,2286.2791549912276,1
1244,1246,0.0015377143427731921,2,2293.016691448641,2298.8357127947484,2
1251,1253,-0.00489752364003246,2,2297.210847578455,2288.257413993879,2
1254,1256,-0.00474126690161775,2,2293.053350037518,2284.474425435379,2
1257,1260,0.00784103285894847,3,2295.6724314563407,2315.9685468562284,3
1262,1270,0.01463126996946959,8,2338.403228710638,2374.9554408760932,8
1273,1274,-0.0014519303007341313,1,2384.6797692778478,2383.6020602325634,1
1278,1280,-0.0024458700033304706,2,2382.9623935031736,2379.516939659343,2
1281,1285,-0.01726906590327648,4,2372.277394973744,2333.682657694063,4
1290,1292,0.009167148485102496,2,2349.8353793846027,2373.726504602353,2
1294,1297,-0.003285358321414847,3,2386.952907437314,2381.497864747477,3
1298,1299,-0.004539710281261486,1,2382.404911927428,2373.971888766551,1
1301,1303,-0.009657395084362148,2,2366.638377622393,2346.149454165502,2
1304,1305,-0.00019652358646973333,1,2326.4251376674724,2328.294365393432,1
1306,1312,0.009185541267234382,6,2335.7946125573585,2359.5859449753452,6
1314,1315,-0.0024566093654960633,1,2371.196865798446,2367.7429582362893,1
1316,1319,-0.015633062058218874,3,2364.060984446308,2329.467533351491,3
1321,1323,-0.001095528254935028,2,2340.1231705830187,2339.8996227002,2
1324,1326,-0.00741894904248683,2,2347.1925485305305,2332.1260391686083,2
1327,1337,0.03448596236527591,10,2341.2958147877866,2424.378949957324,10
1341,1342,-0.00503779853845767,1,2442.4447132693986,2432.5826135758957,1
1346,1347,-0.004653277074680691,1,2425.0620229547244,2416.202599461585,1
1348,1349,-0.0013604624519625258,1,2421.9160138210623,2421.043004036273,1
1352,1354,0.0015538350568472677,2,2418.1088927830606,2424.284344044724,2
1355,1357,0.007845604707922404,2,2428.4709199759764,2449.9522137787685,2
1364,1365,-0.00031464052449727876,1,2455.188611124304,2456.8712979030843,1
1370,1371,0.0007107302461595959,1,2464.671840206786,2468.8882288706855,1
1373,1374,-0.0009101515241889231,1,2472.1661692510984,2472.3882896133573,1
1375,1378,-0.009375440970263153,3,2473.590114828386,2452.8727068370144,3
1384,1391,-0.00691989656736719,7,2444.720780994025,2430.2482868344473,7
1398,1399,-0.00285135652843787,1,2465.552138258526,2460.9875222111573,1
1404,1405,-3.4080649840843164e-05,1,2458.763214155562,2461.1381811215742,1
1407,1409,-0.002776190119683863,2,2468.4586878781593,2464.0742359459023,2
1413,1416,0.0018953975250850246,3,2446.399197429062,2453.482495610668,3
1420,1425,0.005692673005995964,5,2469.8616460764447,2486.3916224436853,5
1428,1432,0.004035377174598995,4,2498.4679277365385,2511.0486561113307,4
1434,1442,-0.003446445811111553,8,2533.898331607232,2527.699286648089,8
1445,1447,-0.0032869488630266784,2,2512.7659911455294,2507.019423819027,2
1448,1450,-0.007260117346212355,2,2511.902106976304,2496.177305024434,2
1453,1454,-0.0022870695601237725,1,2501.4379038923657,2498.218379309726,1
1456,1463,-0.02694820356113474,7,2483.8403510853823,2419.3891560420584,7
1467,1470,0.003021057567142724,3,2412.757676800207,2422.459514314186,3
1473,1475,-0.011385102797387456,2,2438.8392196034306,2413.5116236015488,2
1476,1479,-0.008141135929979363,3,2404.1946337024838,2387.0259530210874,3
1483,1486,0.002867331860701447,3,2364.4553318719636,2373.5994653101175,3
1489,1495,-0.010075466818188307,6,2388.293887982296,2366.6190060498307,6
1497,1498,0.0008919608636079638,1,2399.413413104171,2403.95300937738,1
1505,1506,0.0012032669886610143,1,2416.5881376538737,2421.9125265227563,1
1508,1513,-0.005017499690211929,5,2426.546500200321,2416.7978503874815,5
1514,1516,-0.001862690111405219,2,2422.447562791251,2420.3577412334334,2
1517,1519,0.0022470522531854898,2,2420.610350690282,2428.470198983575,2
1520,1523,0.0022822673987126047,3,2439.306740081203,2447.3131970696313,3
1525,1529,-0.009036995897369622,4,2448.7429215325947,2429.0623847185243,4
1533,1534,-0.0012370241380240787,1,2429.8295844478316,2429.2536561850325,1
1535,1536,0.006264103688419776,1,2436.178705685691,2453.875360407312,1
1537,1541,0.009471282245194421,4,2449.4203343788813,2475.068906037281,4
1543,1547,0.0008494103983402595,4,2476.9006519002755,2481.4814577215557,4
1549,1552,0.002164310965617582,3,2474.1559704072806,2481.9849692750886,3
1553,1555,-0.00286435200650355,2,2479.811072610961,2475.1878318619893,2
1558,1564,-0.005714644268894023,6,2475.415427959684,2463.744724799122,6
1566,1567,-0.00039318140978026423,1,2465.9324641876915,2467.428837849187,1
1568,1569,-0.0033080348992915545,1,2470.876903359164,2465.1740332343575,1
1570,1571,-0.001619519280838375,1,2462.796623059261,2461.270873066492,1
1574,1580,-0.012662942510215026,6,2444.368659072591,2415.860127928056,6
1584,1585,-0.0024665808807049555,1,2409.560480128099,2406.0266647970407,1
1589,1593,0.0016647042750375179,4,2397.5124437326126,2403.9011053908825,4
1597,1599,-0.007008127709581294,2,2364.340340640425,2350.1350819249424,2
1604,1606,-0.004911945915920157,2,2364.738966633742,2355.488235691002,2
1608,1614,0.007098791321152194,6,2357.683954157227,2376.7783445031755,6
1618,1622,-0.002473689096834434,4,2390.645112279106,2387.1220446427396,4
1623,1625,-0.006392133433575129,2,2394.387192910798,2381.4763376749797,2
1627,1634,-0.035008268517055165,7,2369.3675187689014,2288.78943197502,7
1636,1639,-0.001925469352301831,3,2288.680383871875,2286.5622803193874,3
1641,1643,-0.016364886262185598,2,2277.4684559798634,2242.4754121880173,2
1644,1650,-0.01917101079392091,6,2201.24099376208,2161.242219904408,6
1651,1653,0.0036963759442934646,2,2160.7193835098074,2170.8669340448914,2
1656,1658,-0.0016539830797958144,2,2188.8625149769605,2187.4310359281662,2
1659,1660,0.005208936873396655,1,2194.6357024681674,2208.262057004895,1
1662,1666,-0.02355204075494951,4,2216.588315727925,2166.599725694684,4
1669,1673,0.002401275733244535,4,2116.614712451161,2123.8139027092493,4
1674,1676,-0.010896868226654217,2,2129.2921555524413,2108.2188316728902,2
1677,1681,-0.0037912909758733427,4,2093.6741044437795,2087.830050809626,4
1682,1684,0.00440505898539562,2,2100.326834147165,2111.6792245743395,2
1689,1690,-0.0006860773925081089,1,2138.937617947715,2139.6090788220035,1
1692,1693,1.5328670278390516e-05,1,2137.4273764404506,2139.5975677363886,1
1697,1708,0.00215621439924455,11,2167.659161907972,2174.50075896744,11
1709,1711,0.0022143554385454854,2,2186.1508708482984,2193.1779367894906,2
1713,1715,0.005188573931933958,2,2205.6854888550088,2219.335536573382,2
1716,1718,-0.004673905542487951,2,2217.853627516999,2209.7054427824373,2
1721,1722,0.0015824522841089454,1,2231.1493023271173,2236.9111389391,1
1723,1724,-0.0002839653400930314,1,2232.8082151205617,2234.406983191513,1
1726,1730,0.0027951549355287866,4,2233.975653213199,2242.4539369393424,4
1733,1742,0.0013947357438378327,9,2258.190999787113,2263.598770490716,9
1743,1745,-0.0027390510046312495,2,2267.0889256195037,2263.1463423458167,2
1746,1747,-0.002423718870388559,1,2262.865751013151,2259.6440663422777,1
1748,1749,-0.004735754140022624,1,2253.8912697728847,2245.47128613067,1
1750,1752,-0.0028704333749517415,2,2251.617253472791,2247.4057534142785,2
1753,1758,0.0024013012226672126,5,2251.1000734998993,2258.7567429322407,5
1761,1767,-0.014311828171405389,6,2251.386777736113,2221.4167038035157,6
1769,1776,0.007193785577947041,7,2218.604466922124,2236.7832362063596,7
1777,1785,-0.03574130030843776,8,2239.843135660956,2162.0280726411656,8
1787,1789,-0.007941026436063803,2,2147.2419660049886,2132.3379027543224,2
1791,1794,0.0031878610455702283,3,2112.2392104184514,2121.084974726689,3
1795,1796,0.0019308948832325872,1,2115.741467109894,2121.9424829500895,1
1798,1804,0.012098991232070318,6,2139.9186109388493,2167.9493860608814,6
1806,1810,0.012838830740095845,4,2173.9028374440177,2203.9871108568195,4
1811,1812,-0.0031927278529745593,1,2201.48605073583,2196.6587909544464,1
1813,1818,-0.0026096656045883,5,2192.529975237999,2189.00073514983,5
1819,1823,-0.015033265445363802,4,2186.370259693995,2155.6883454778604,4
1824,1829,-0.014168338791739024,5,2142.5435082940458,2114.3297695007886,5
1832,1836,-0.0013786615613906733,4,2120.40044754823,2119.597533403988,4
1837,1839,-0.009037551825979762,2,2116.351681173913,2099.3413948544785,2
1843,1847,0.022550145521701474,4,2080.1255514999225,2129.112810941155,4
1850,1851,-0.00038169492849666965,1,2146.5273081759974,2147.854516896763,1
1853,1855,0.006753832853483212,2,2148.5087175149033,2165.1678949947654,2
1857,1858,-0.002057676380410301,1,2181.5388688285866,2179.2315066940796,1
1860,1869,0.008802402985903346,9,2187.1360706832706,2208.5752598331133,9
1871,1872,-0.00888416872189635,1,2204.582255407174,2187.2009569442453,1
1877,1879,0.009830430243411882,2,2187.1010413068957,2210.7882865700635,2
1881,1886,0.012982335331541962,5,2248.9961946977774,2280.4424136514035,5
1887,1891,0.0020125222242055657,4,2288.6817917185103,2295.576496480197,4
1894,1897,-0.006178522817567764,3,2322.185966800856,2310.160473785142,3
1904,1910,0.005416129056170595,6,2325.8722704789548,2340.7953671345163,6
1912,1913,-0.007892056975218095,1,2321.9421493032146,2305.9391917170565,1
1914,1915,-0.0035139305175458523,1,2315.368718435338,2309.5480423546924,1
1916,1925,-0.0099281876273603,9,2316.059101439125,2295.380891225421,9
1928,1929,-0.0017381837723515598,1,2306.6974629817914,2304.9946963468938,1
1930,1932,-0.004745345348082141,2,2309.3992957153528,2300.749797806281,2
1934,1935,-9.196736844014198e-05,1,2316.4853491604076,2318.5887934479756,1
1937,1942,-0.011105719010152237,5,2313.92407291974,2290.540206427986,5
1944,1946,-0.00034105601558871636,2,2298.5642506978124,2300.0788757835926,2
1947,1960,0.019334982500210485,13,2300.0156179397973,2346.786395280814,13
1961,1962,0.00124153253412957,1,2363.4759873777025,2368.7737956970436,1
1966,1975,0.02324045655980163,9,2386.64557176217,2444.498950068114,9
1977,1978,-0.0023495166140171516,1,2428.4187110900384,2425.1415196936323,1
1981,1984,-0.005554273971101807,3,2421.2628400176873,2410.2357456881987,3
1990,1992,-0.009721627890220713,2,2419.779527436816,2398.675110822138,2
1993,1996,-0.007035190360397448,3,2396.7039079526694,2382.2393436306666,3
1998,2000,-0.00719473991135854,2,2383.599213529782,2368.833436349046,2
675,680,0.0034618174285747216,5,1981.933544915464,1990.7765705484446,5
683,684,-0.0009036849084316335,1,1993.3573881864888,1993.5493785858605,1
685,687,0.0009367951639338674,2,1995.778014020748,1999.643427226589,2
691,694,-0.0024971895234911024,3,2016.6154401917142,2013.5961846817488,3
707,710,-0.004955548278565043,3,2014.0520261492686,2006.0853461242934,3
713,715,-0.00022434571388122522,2,1995.2607674758983,1996.8084000421156,2
716,717,-0.001911268786948389,1,1999.3879866672337,1997.5660068019843,1
718,720,0.0008228609632149717,2,2000.5281306388592,2004.1748152740142,2
727,729,0.003131794092546221,2,2036.7604553135689,2045.1759301307652,2
730,732,-0.001810868624857311,2,2046.8487622205187,2045.189036779406,2
733,738,0.007836266678416533,5,2050.2555099588876,2068.3721144037772,5
741,749,-0.0020698017962399256,8,2067.1825965872486,2064.9711209322636,8
757,758,-0.0017691861632957947,1,2051.6801873781214,2050.102063366482,1
763,765,0.0010154489851661782,2,2070.9760029161484,2075.1499493995293,2
766,776,-0.00230538522615115,10,2083.504456556095,2080.784680619887,10
778,779,-0.008185819174122404,1,2089.6715933545365,2074.6555911513906,1
783,784,-0.0008892557362829881,1,2075.2203666753926,2075.4501854269506,1
787,788,-0.0007397440962924361,1,2075.0428189516133,2075.5828610956914,1
795,797,-0.002009517178912369,2,2072.574252911065,2070.4819535981796,2
798,799,-0.00020445129570457327,1,2074.665756268573,2076.3162539228188,1
800,801,-0.0030468946681271166,1,2075.695600441012,2071.4468701838146,1
804,805,-0.00024819090668001505,1,2071.087254300044,2072.644316530886,1
807,808,0.0003164111573687692,1,2084.1349151305585,2086.878493586298,1
811,812,-0.0037364116912161683,1,2088.794344746961,2083.0785434814493,1
814,815,-0.0019105082226604409,1,2088.506661506364,2086.605059017981,1
816,823,-0.00458375685115719,7,2085.616944606561,2078.1426005924377,7
824,831,-0.0074131104207487255,7,2074.0719048593523,2060.7706527129167,7
836,838,-0.003428670377274727,2,2074.1255545988765,2069.0881873056737,2
843,845,-0.0012120029782771344,2,2076.8470832565686,2076.406785489492,2
847,849,-0.0023459984105481937,2,2076.778101216459,2073.9827611931605,2
851,852,-0.0028105018429045127,1,2077.6965730765983,2073.9348996020467,1
854,858,-0.002496981762362534,4,2073.4569659028093,2070.3530386398093,4
859,860,-0.0015019251736521945,1,2066.882947768278,2065.8455271858006,1
868,870,0.0035911487442011353,2,2071.682514771035,2081.1939173471096,2
871,872,-0.0005175481098907765,1,2090.3061004578767,2091.3145725869495,1
873,879,0.024339635231489118,6,2093.310680279152,2146.354409343606,6
889,891,-0.0036563602745247046,2,2170.597377601285,2164.8314889554376,2
892,893,-0.005377008037486023,1,2173.481169098151,2163.967824551684,1
894,898,0.0005832042146856765,4,2161.7661951605687,2165.188712511912,4
906,907,-0.00428387308170471,1,2169.5344147015635,2162.409939037293,1
908,911,-0.0021619952493577258,3,2163.333249317176,2160.819466358692,3
913,914,-0.004360393826990319,1,2159.3782154315036,2152.12185420623,1
915,916,-0.0038673357308714688,1,2149.223271539555,2143.060726859449,1
918,920,0.0027738637136692948,2,2149.540890336662,2157.652964703752,2
923,925,-0.002616744415820416,2,2159.583293498094,2156.091799267832,2
926,927,-0.0011071771879904394,1,2158.262684051468,2158.031367526047,1
940,942,-0.002453722232186311,2,2137.5829799133335,2134.4755280122904,2
943,944,-0.001645621786194095,1,2130.486090198822,2129.110601963806,1
945,946,-0.0044369020203531406,1,2122.0328687619194,2114.739649708016,1
947,951,0.00572817112628232,4,2104.518949819805,2118.6785134526967,4
954,956,-0.001510222962590411,2,2118.8763614346703,2117.7952620601764,2
958,969,0.004999817858866544,11,2136.2620844127587,2149.079267818038,11
972,973,-0.0027504565143938605,1,2153.9567872808307,2150.186379590812,1
980,990,-0.0013353683260436291,10,2128.708000927099,2127.9940996881924,10
992,993,-0.002460514640744171,1,2137.953338767055,2134.8308266145577,1
997,998,-0.002014251507963424,1,2137.6452571956843,2135.4771472700827,1
999,1000,0.0030956081361121213,1,2139.333761342182,2148.095634100994,1
1009,1013,-0.004025576233332216,4,2140.6737892463393,2134.1970175062784,4
1014,1020,0.004259950229478619,6,2134.6595147077865,2145.8877175120324,6
1021,1022,0.0002241183871808921,1,2144.9117322652187,2147.5373581555646,1
1026,1030,-0.00014418111236703143,4,2145.0566983005674,2146.8924783380166,4
1035,1037,-0.0025857390029040412,2,2153.09037673364,2149.676137346476,2
1039,1040,0.0006327182463953562,1,2140.2882916621334,2143.7827794084765,1
1043,1047,-0.004946100974852725,4,2144.6539688101134,2136.19094769307,4
1049,1051,-0.0029490605001603106,2,2143.721733009436,2139.543489656292,2
1052,1054,0.0005431736475678516,2,2144.228563947285,2147.5374809615305,2
1056,1057,-0.002003835079419685,1,2144.9640214176716,2142.8108312888794,1
1058,1061,0.0015250761324346546,3,2142.499224293348,2147.909197948371,3
1062,1064,-0.005240691269362638,2,2150.9855184792764,2141.863852970536,2
1066,1069,0.0009475774835179659,3,2141.0280348107804,2145.1978528029586,3
1072,1074,-0.004456729143221868,2,2161.04633942644,2153.576187565092,2
1076,1079,-0.005206792806938389,3,2157.1118130043537,2148.037290545645,3
1081,1085,0.013482532891035126,4,2156.129186240437,2187.355398097485,4
1090,1092,-0.0049114434304783705,2,2182.688264446218,2174.1508027734676,2
1095,1099,-0.008077244786972238,4,2154.0336208723825,2138.7889976581005,4
1100,1102,0.0029071635108570016,2,2141.44101687656,2149.8079770783525,2
1105,1108,0.0005759540218530364,3,2152.471306534637,2155.8635023470933,3
1111,1114,-0.004252817588848846,3,2148.600417765841,2141.6114125355243,3
1117,1123,-0.00214333682665108,6,2127.5891893644607,2125.1566382922756,6
1124,1128,-0.003937964534255416,4,2130.6073558951043,2124.347707047061,4
1131,1134,-0.0018183035067681828,3,2138.279897231183,2136.530135292827,3
1135,1136,-0.003239249394197836,1,2143.0932469882678,2138.29432673324,1
1137,1141,-0.0002846734776038209,4,2147.514440576134,2149.050614612707,4
1144,1146,-0.00221567985940703,2,2147.857576608323,2145.2464694115656,2
1147,1148,-0.005633481832562339,1,2151.139237700553,2141.1719731233557,1
1149,1150,-0.0010032956088456579,1,2147.3673954297924,2147.360318546809,1
1152,1153,0.002791669955221166,1,2152.098510355664,2160.258557618056,1
1156,1157,-0.0009524586498621051,1,2155.1985453581356,2155.301006406797,1
1162,1163,-0.0019280843384017585,1,2166.3482170921525,2164.3376632403447,1
1166,1168,-0.0003900838429752462,2,2168.1543935206664,2169.476785916199,2
1173,1174,-0.002878276818256556,1,2168.1046737999095,2164.0323730515574,1
1175,1177,0.0023058361191046427,2,2169.498073596157,2176.6700786881793,2
1183,1184,0.0030146977515343133,1,2170.898868817013,2179.614371624461,1
1186,1188,-0.0007468288817299154,2,2207.858049570537,2208.4170154619283,2
1194,1198,0.001872325153537076,4,2218.0252982438124,2224.3961880991396,4
1199,1201,-0.0023876143889095007,2,2227.453140685174,2224.3622946565374,2
1210,1216,0.009594226887647116,6,2257.592860990176,2281.5103119794385,6
1217,1218,-0.002280088950425128,1,2281.82497778636,2278.9040388454914,1
1220,1223,0.006780241633546989,3,2284.40781154467,2302.18105630805,3
1225,1226,-0.006745901498346415,1,2301.6345133223895,2288.4095481236445,1
1227,1229,-0.0017061916457158182,2,2279.9915871241838,2278.3814761130543,2
1235,1237,-0.0017092758211742524,2,2295.117652185021,2293.489780727576,2
1238,1251,0.0010134591226729308,13,2288.0545461940083,2292.661450493216,13
1253,1256,-0.00320228539735487,3,2292.440836929134,2287.392227949665,3
1257,1260,0.008617469580405917,3,2294.993286415998,2317.06531453534,3
1262,1265,0.005616106156334077,3,2336.5236710914864,2351.982359736215,3
1267,1268,-0.000826890923512005,1,2369.9100477284132,2370.320300668135,1
1270,1272,0.003029412103469448,2,2376.8108050152955,2386.387955240681,2
1280,1283,-0.011904855214036319,3,2382.3565320135676,2356.377278963746,3
1284,1285,-0.002613310276294433,1,2345.099190186192,2341.315817563735,1
1290,1292,0.0041251994420297596,2,2360.332930053118,2372.430107069231,2
1293,1299,-0.0040231022342885805,6,2379.174693973586,2371.9822056404714,6
1305,1310,0.006840967128615555,5,2328.745863711753,2347.005483480016,5
1311,1312,0.0025870233411026894,1,2353.0548086187127,2361.495271140122,1
1313,1316,-0.00406978944622443,3,2371.5961362756316,2364.315835485786,3
1317,1320,-0.012626398081479834,3,2361.3409351366286,2333.8870454186363,3
1322,1326,-0.00293395056740901,4,2340.714780013568,2336.187953336618,4
1327,1329,0.00453836071484156,2,2338.3324152000723,2351.282943586657,2
1331,1333,0.008508118636135261,2,2371.5116192830774,2394.060233106194,2
1338,1339,-0.000417475270592866,1,2425.5416361286416,2426.954574113893,1
1340,1347,-0.005573756703368206,7,2431.4550315284055,2420.334147779014,7
1348,1358,0.016763273724461698,10,2420.7448432568035,2463.7451965246532,10
1359,1362,-0.0046807765218484405,3,2472.5873490266054,2463.4863075640887,3
1363,1370,0.00451610434881476,7,2457.8300586744376,2471.3877057497393,7
1371,1374,0.0002625291618983073,3,2467.996593627358,2471.112511298278,3
1376,1377,-0.007900914395210488,1,2474.415963281145,2457.3402305403997,1
1381,1382,-0.0036287742896758683,1,2450.3955852663266,2443.9540483522433,1
1385,1386,-0.004696534066033935,1,2437.704785384498,2428.69372660239,1
1387,1388,-0.005295423997166352,1,2425.939576168503,2415.5191370973535,1
1396,1402,0.005561701356670802,6,2447.5998164540456,2463.6602354902593,6
1404,1405,-0.003384579212231109,1,2460.3977961295304,2454.5307826910607,1
1406,1409,0.0022287083259887497,3,2457.485969988471,2465.4204754007733,3
1411,1413,-0.003630201851882221,2,2454.476196571147,2448.0204287335246,2
1418,1422,0.0012932185324281077,4,2466.2691517356166,2471.9248458603324,4
1424,1428,0.005361109527767904,4,2479.0911949559613,2494.860965576401,4
1431,1435,0.006935960411881243,4,2505.965699696303,2525.8529442826252,4
1439,1440,0.00018678532784050352,1,2518.206894691207,2521.195465686293,1
1441,1449,-0.007893593059549104,8,2522.723800867875,2505.333169583053,8
1453,1454,-0.005889650573077023,1,2505.2996821446027,2493.0496421180746,1
1456,1461,-0.01867746719199277,5,2484.980919560938,2441.0527508826717,5
1462,1465,-0.011214375082538183,3,2428.4073850341138,2403.6027211501696,3
1474,1480,-0.02031683919195907,6,2436.1471790925452,2389.08851578607,6
1483,1485,-0.0014193429260812615,2,2369.7007794292517,2368.707062170469,2
1490,1491,-0.0003721925308077348,1,2386.2482760718567,2387.746380562922,1
1492,1494,-0.010118947475104341,2,2394.254083457282,2372.421006228181,2
1496,1497,0.004296995896967482,1,2383.527696647769,2396.1532330772206,1
1498,1499,-0.0017541435834662502,1,2408.439357640223,2406.623048552491,1
1500,1502,0.0012402915176164368,2,2407.407982654141,2412.801278337123,2
1504,1506,-0.003318039422097669,2,2422.4636114326227,2416.8482452827247,2
1507,1508,-0.004978694433476189,1,2429.6644348217765,2419.997542459736,1
1509,1510,-0.001888977242516267,1,2430.0521405846357,2427.891879533528,1
1511,1517,-0.006067659680271347,6,2430.6630374155675,2418.3452643445307,6
1519,1524,0.006732068480573066,5,2433.2847781554533,2452.0991026928873,5
1530,1536,0.0050690173920359795,6,2436.4529614145904,2451.239836812293,6
1537,1539,0.001117639187277579,2,2451.5603279885704,2456.751848209094,2
1541,1542,-0.0005842832889091674,1,2479.3491536924166,2480.3798605682355,1
1549,1556,-0.001235038557945834,7,2477.748366378638,2477.1659999756516,7
1558,1560,-0.0028194595567318115,2,2478.5249517561106,2474.0153758460397,2
1565,1570,-0.0013225939774753393,5,2463.2393132845455,2462.4446871169994,5
1573,1577,-0.011156079668548913,4,2452.370646704277,2427.4641750395376,4
1583,1586,-0.0007319154516551676,3,2405.713624718426,2406.358559368956,3
1587,1589,-0.0048318211254454475,2,2410.0923884189933,2400.857345490774,2
1594,1601,-0.018920278482063436,7,2394.9296434044863,2352.011837249729,7
1605,1607,-0.006620118598751788,2,2358.2641773780088,2345.0104530139565,2
1615,1617,0.002677851923674556,2,2376.004238370011,2384.742830128759,2
1618,1619,-0.0007576522624910991,1,2385.75220586459,2386.330387513938,1
1621,1622,-0.0014831819480254109,1,2389.431972713318,2388.277442318068,1
1623,1624,-0.002805360511036103,1,2388.5806002648415,2384.2683511716964,1
1625,1635,-0.04151444262019012,10,2382.6760903693566,2286.1432966235884,10
1636,1637,-3.181887176228126e-05,1,2287.909700969579,2290.1248119651696,1
1638,1640,-0.008204886440225836,2,2296.16877411635,2279.625138851249,2
1644,1646,-0.03838904732420158,2,2204.012073785519,2121.6061620556407,2
1647,1650,0.004211328303208491,3,2149.136994646406,2160.3368530940793,3
1651,1652,0.0017330050781925927,1,2162.0038964716623,2167.9126640997915,1
1654,1659,0.006901414092514318,5,2176.134693336079,2193.329234669214,5
1660,1665,-0.015922925547076975,5,2213.3556761892773,2180.3259342243045,5
1666,1667,-0.011249551664464695,1,2168.4077527458894,2146.1825454544946,1
1672,1673,-0.0063041547272823266,1,2131.1524171005535,2119.8484549328305,1
1677,1679,-0.015690948512746317,2,2097.6707481826024,2066.853975224358,2
1681,1682,0.0024876683900525364,1,2088.6841433175227,2095.968780980975,1
1684,1685,-0.0014408064391054462,1,2115.7465969953437,2114.8139622718727,1
1687,1690,0.006099569923532742,3,2119.408207001033,2134.455093763146,3
1692,1694,0.0003307591404190678,2,2136.5881057223783,2139.431389873379,2
1700,1708,0.006158817422233723,8,2165.183265674893,2180.6834173595353,8
1710,1712,0.0038973860101333066,2,2190.6212193436686,2201.3495370567834,2
1714,1718,-0.0017130400067974678,4,2214.5897402681258,2213.0106491846714,4
1721,1722,-0.0007912247629831149,1,2234.8858887401193,2235.3524775712467,1
1723,1726,-0.0037103490666956906,3,2237.855127221788,2231.789758666322,3
1727,1731,0.010810151890462572,4,2228.598939435674,2254.919031413333,4
1734,1736,-0.004845060857473785,2,2250.804347004798,2242.149867312298,2
1738,1740,-0.001555253661705626,2,2247.7507682529535,2246.5026964082795,2
1741,1743,8.843890279751766e-05,2,2256.3512076168417,2258.807108049586,2
1745,1751,-0.010706789777780425,6,2262.0783241650793,2240.120805411535,6
1755,1759,0.0011104158560723172,4,2258.741708773158,2263.5085930901246,4
1761,1763,-0.005508211593697804,2,2253.986232126637,2243.8247852629283,2
1765,1766,-0.004230149159120163,1,2238.3356495492612,2231.105491533041,1
1768,1771,-0.0015376612625600363,3,2219.3568823977143,2218.163620174253,3
1774,1777,-0.002814685236362588,3,2241.3856824119966,2237.318272905129,3
1778,1780,-0.010739476682526072,2,2232.6326452667695,2210.8879716775473,2
1781,1782,0.0009884195487472771,1,2212.6110695928724,2217.0106686974254,1
1783,1787,-0.027766080389108265,4,2202.1667071202237,2143.223336007226,4
1788,1792,-0.01283963608352717,4,2145.4818140995903,2120.0800901968255,4
1797,1799,0.0034427363763522316,2,2133.172921900822,2142.6500468380004,2
1800,1802,-0.00035489083221176615,2,2163.060480452129,2164.455890598549,2
1804,1808,0.008228475454385986,4,2171.4354047189736,2191.4744430522073,4
1810,1813,-0.007247141510891037,3,2205.77332588487,2191.9935477771182,3
1819,1821,-0.012743152190567104,2,2188.5747388509444,2162.873972612187,2
1822,1832,-0.01830575828725916,10,2161.639693973609,2124.230879925557,10
1833,1834,-0.002833084715419548,1,2135.677068395625,2131.762191404477,1
1837,1839,-0.01218003511208245,2,2119.847344585176,2096.147376840459,2
1840,1846,0.013017475636285202,6,2089.7239478728707,2119.0166023987404,6
1851,1853,-0.0017247595260212784,2,2147.571178911458,2146.014706241733,2
1854,1856,0.008199446290131376,2,2154.012258778049,2173.827978860962,2
1858,1864,-0.004791667778087644,6,2183.886921244276,2175.606347574007,6
1865,1871,0.007455279514068294,6,2179.8846487103447,2198.316182723617,6
1873,1876,-0.0037244639180696306,3,2175.3476305763847,2169.420974447621,3
1877,1879,0.01168114175291098,2,2184.3995326227778,2212.1002127409597,2
1887,1888,-0.0016314534145517039,1,2288.040957036262,2286.5961657613075,1
1891,1894,0.006899987410567138,3,2301.9398983218634,2320.1251945384884,3
1896,1897,-0.0032447596244409914,1,2314.1058271414404,2308.9112158139897,1
1899,1907,-0.0032269426406870607,8,2327.474601930862,2322.291449494706,8
1908,1911,0.003710947306695118,3,2328.5765023306453,2339.5463035327334,3
1913,1914,0.00047542022967064367,1,2304.7067243693523,2308.107135293945,1
1916,1918,-0.0035805233335092046,2,2317.0500128240783,2311.070811201078,2
1921,1924,-0.005007730971276144,3,2322.2588077045384,2312.951819157582,3
1925,1926,-0.0018829027547269566,1,2296.033161195931,2294.0059871929666,1
1927,1928,0.0010070311521682032,1,2300.432444144194,2305.04948372305,1
1929,1931,-0.002023404868738794,2,2307.4820763439475,2305.1205879524896,2
1933,1936,0.005153125579480648,3,2308.8371898407377,2323.043755012403,3
1937,1938,-0.0064572383600183915,1,2314.9015539289758,2302.2685843692084,1
1949,1953,-0.01565723823550743,4,2302.9216225216564,2269.167151662655,4
1957,1961,0.03461341785628176,4,2281.1267886741416,2362.365510182352,4
1962,1963,0.003278588342963978,1,2367.463654938668,2377.5930573350793,1
1964,1965,0.0019382087677974687,1,2375.497064444378,2382.4767707470055,1
1966,1970,0.015921595929675784,4,2385.3720214555337,2425.736322944558,4
1974,1975,-0.0021925397967085666,1,2444.6890711174055,2441.7736821095195,1
1976,1981,-0.008033574516076763,5,2435.9354408701806,2418.802107430468,5
1984,1986,-0.0016316934796616138,2,2412.9784005236197,2411.4541378014446,2
1988,1994,-0.016379451801123004,6,2433.1551771292616,2395.734584357949,6
674,675,0.0014815931216968,1,1981.9726694776075,1986.8911192215742,1
679,680,-0.0021276176187886037,1,1990.1272529549578,1987.8831504008945,1
685,690,0.009862702578762785,5,1994.4638059744989,2016.1290731029071,5
696,700,-0.0009522452945559832,4,2022.494379208949,2022.5909628322904,4
702,704,-0.0003338223671545884,2,2026.6998132193266,2028.0499553033853,2
707,709,-0.002538697060475039,2,2013.1741417136025,2010.0764765795234,2
710,716,-0.006967290183003877,6,2009.1152573393829,1997.1262835877383,6
717,720,0.001886019561829802,3,1999.6848365297978,2005.4559660855173,3
721,722,0.004438625278414624,1,2014.6763806836511,2025.6334505754621,1
725,729,0.008093359663099448,4,2027.5989567795555,2046.0366433460772,4
732,735,0.0013428085192537386,3,2048.0029590480785,2052.8010378279932,3
742,754,-0.0027791965312619665,12,2062.4248982358827,2058.755439010953,12
755,759,-0.0006119468109345943,4,2054.224825455002,2055.021973949577,4
760,761,0.00025871136930861733,1,2063.202731665827,2065.799708401363,1
764,771,0.005952180984973065,7,2076.710180829851,2091.1478458603165,7
773,775,-0.0022182496114174625,2,2083.4230829274015,2080.884953566207,2
777,778,-0.0012695273457396887,1,2082.2690079641284,2081.707779525296,1
781,784,-0.0017966505569387485,3,2077.246885093504,2075.592045205595,3
786,787,-0.0027312020026589298,1,2077.576112341727,2073.9794084153646,1
788,790,-0.00423667731803502,2,2079.734822742711,2073.003392214412,2
791,792,7.02674238902861e-05,1,2072.8061867373162,2075.0246436750194,1
794,799,-0.0022200087019379504,5,2076.394941057322,2073.861721160572,5
803,805,-0.0009219649376152385,2,2074.0935447618567,2074.255396781014,2
806,810,0.0053028546812301,4,2076.6428783742276,2089.7316566614318,4
812,815,-0.004049667882920532,3,2089.8438698184573,2083.4705400883536,3
816,820,-0.006956315177629578,4,2088.12505296594,2075.6875220201705,4
823,825,-0.005126886691229425,2,2074.5178382959944,2065.9565382384126,2
834,838,-0.0013158352314716656,4,2069.3960042989293,2068.742416132905,4
840,841,-0.00038733700647577767,1,2074.9761130614324,2076.247374138352,1
843,844,0.0014034341673639286,1,2074.305878091375,2079.2913357123434,1
845,848,0.0002472496637577488,3,2075.7178630780227,2078.3068014848027,3
849,853,-0.0021666001727081146,4,2079.895293657359,2077.4688874485637,4
854,855,-0.0020025173386225468,1,2076.3573903712995,2074.275806086275,1
856,859,-0.004637534016867955,3,2077.231894907456,2069.675893228807,3
862,863,-0.0008819752268929911,1,2064.840060829432,2065.0837631091135,1
864,865,-0.002321831662409149,1,2071.3925439161294,2068.654511666303,1
868,871,0.009003437674280985,3,2069.1751721217092,2089.8740369931984,3
872,877,0.016096029991280396,5,2093.4808602698595,2129.2710718432045,5
878,879,0.0046614172057864705,1,2138.0174317114656,2150.1216403856283,1
886,887,-0.0023984751949811447,1,2174.813374963771,2171.771952405171,1
890,896,-0.0026217870971276085,6,2171.8011735247665,2168.2789744040174,6
902,904,0.001408789337433527,2,2163.4305033731853,2168.641751701989,2
905,907,-0.00603462023877783,2,2175.262025269992,2164.310407052923,2
911,915,-0.00741438952842428,4,2160.857758759911,2146.997175379707,4
916,922,0.0043950271354129085,6,2147.2627187576327,2158.8472593921906,6
924,927,-0.0037038019880939505,3,2160.4564486927197,2154.615002251554,3
929,931,-0.0023317104748041837,2,2153.1005675124015,2150.2332609333384,2
933,934,-0.0028475576949317013,1,2148.7428119358387,2144.7728856192175,1
936,941,-0.0027770862311218888,5,2139.336979082556,2135.5351927932984,5
942,943,-0.005460438087353572,1,2136.3363749413616,2126.8073788071742,1
948,952,0.0029290221517321267,4,2107.6340030987185,2115.914943784637,4
956,957,-0.0002446067828196587,1,2125.084133395564,2126.6894075358687,1
961,963,-0.0032860008569416703,2,2141.169320328949,2136.27460542782,2
968,972,-0.0026580819751761374,4,2149.7367088707756,2146.1722691824225,4
973,975,-0.006171499682722689,2,2151.94492930351,2140.81614678438,2
977,978,-0.0031971128007761964,1,2134.226167327617,2129.53703169563,1
979,983,-0.0030891712296994374,4,2127.914791646231,2123.469213284272,4
986,988,-0.002193196550469203,2,2126.288619495803,2123.7515392497185,2
990,991,0.002393549944111418,1,2129.130493541814,2136.3558042091786,1
995,997,-0.0041323171513537385,2,2144.080183190702,2137.364244059016,2
998,1006,0.0036357062367705787,8,2139.1113801565175,2149.027672122656,8
1012,1015,-0.007947134885109449,3,2141.020054000938,2126.1460988940694,3
1016,1018,0.0005439570416796925,2,2131.55131672352,2134.842340388677,2
1019,1024,0.0022985446612353356,5,2138.487952137385,2145.541850155024,5
1031,1032,-0.0022255835859410246,1,2149.8153924738126,2147.1806140159933,1
1033,1034,-0.003127486775436657,1,2150.7437951220177,2146.168116140543,1
1036,1038,-0.0027851181678830213,2,2149.033750538529,2145.197471347049,2
1039,1049,-0.004151746489123392,10,2144.7944501266493,2138.0346017485713,10
1051,1056,-0.001720494037026892,5,2147.079642414545,2145.5326843351636,5
1059,1060,-0.00033277432904570354,1,2140.3249062978043,2141.752986019469,1
1062,1064,-0.003881386958541248,2,2146.824514422928,2140.6386822647933,2
1065,1067,-0.0026038002050306082,2,2137.1810661853283,2133.7534547531927,2
1068,1072,0.00813825644911106,4,2138.602323457074,2158.1454199314894,4
1073,1074,-0.004018592600542099,1,2163.0377921309378,2156.5084622569184,1
1079,1080,-0.001985569839243948,1,2152.860063833012,2150.7382698859856,1
1083,1089,0.0010903497351920691,6,2179.854513274095,2184.411171578675,6
1091,1094,-0.012434047614374347,3,2182.0055699172412,2157.0564143359775,3
1095,1097,-0.004138768617749923,2,2152.0726605722134,2145.3178024420918,2
1098,1100,0.0007926307069883174,2,2137.878417665266,2141.7108441645805,2
1101,1105,0.00070737962338768,4,2144.750677544586,2148.4125811486724,4
1112,1117,-0.0084136371576556,5,2144.8799474175644,2128.978585740679,5
1118,1119,-0.0037242663370448893,1,2131.7439252693034,2125.9364870544923,1
1120,1121,-0.001416720242292003,1,2124.3457207519227,2123.460462888459,1
1124,1128,-0.002451873465484304,4,2128.71910911636,2125.6284783263645,4
1129,1139,0.009434303532316144,10,2125.403409641172,2147.5805139459876,10
1141,1147,-0.0025035882064442135,6,2148.5847543288187,2145.354167631664,6
1148,1150,-0.005030546700925629,2,2148.3326715905346,2139.6737164285646,2
1153,1154,-0.005030111869925099,1,2164.7126514865854,2155.9886173348523,1
1156,1162,0.0015645170474450146,6,2159.774355662508,2165.313133816239,6
1166,1167,-0.0026110981196487354,1,2167.3039676418384,2163.8122282948634,1
1168,1171,-0.00214270522129563,3,2166.0748863520266,2163.599701269675,3
1172,1182,-0.0013903952450361723,10,2165.7359884367406,2164.890495404851,10
1183,1185,0.008837911434840307,2,2171.5396907050235,2192.90310585942,2
1187,1190,-0.0019511467132255801,3,2211.264992976917,2209.161755546776,3
1191,1195,-4.40486145329164e-05,4,2212.863184184833,2214.9785738116034,4
1196,1197,-0.0016924065829552106,1,2214.9488818660398,2213.4152366793264,1
1202,1212,0.01427210129063541,10,2224.538593965706,2258.5119726976777,10
1213,1214,0.0026743165416483667,1,2260.417447996708,2268.7229372169127,1
1219,1224,0.009344674782334066,5,2283.6046774906076,2307.227825210665,5
1229,1234,0.005180146486230526,5,2279.5413696492215,2293.629269235076,5
1235,1237,-0.002719363389634635,2,2295.1803159629544,2291.2340669550777,2
1238,1246,-3.844651631121918e-06,8,2288.609092464623,2290.888902652407,8
1248,1250,-0.0026956468195928167,2,2301.7453883662956,2297.842441119,2
1252,1254,-0.0032436450349282472,2,2296.9515542091867,2291.7980102591146,2
1255,1265,0.026809346141236808,10,2289.3399898123103,2353.0050380239763,10
1268,1269,-0.0012402508965536217,1,2374.346736334727,2373.7762974025936,1
1273,1275,-0.0022896302216903665,2,2386.9017725311296,2383.823551869067,2
1276,1283,-0.015568780137052155,7,2387.0017946290577,2352.226090296358,7
1284,1285,-0.004283380209031394,1,2346.084584434348,2338.3814967411026,1
1286,1291,0.009192511107623803,5,2339.1998425884944,2363.0421629670295,5
1294,1297,-0.0027216521065037387,3,2384.464034305245,2380.358816777701,3
1299,1301,-0.0045474882027116085,2,2374.3379646519256,2365.9150287330726,2
1304,1307,0.002274678571054115,3,2326.563109317176,2334.181855675462,3
1310,1311,-0.0015566572175293894,1,2348.474996572145,2347.1677010151157,1
1312,1316,2.4032196155333516e-05,4,2362.0894341612848,2364.5082897920643,4
1322,1328,-0.0020235060231485165,6,2338.5185627318315,2336.125074897631,6
1329,1330,0.003024720976437409,1,2350.2932381341307,2359.752512630428,1
1334,1337,0.005869465526603289,3,2410.0312378306407,2426.5868643369554,3
1338,1339,-0.0023233589800996145,1,2433.2306964655572,2430.0106587727355,1
1346,1353,-0.0069111978142956535,7,2426.9479140597805,2412.601744854781,7
1355,1357,0.007228830660694759,2,2428.589384933137,2448.5738357261125,2
1365,1367,0.005150873085760039,2,2455.8195743014053,2470.9250088244585,2
1368,1371,-0.002859041371165189,3,2473.4593027463125,2468.8610395726137,3
1372,1374,0.00012324664913905764,2,2470.777522235823,2473.5528148084427,2
1379,1380,-0.005875191011340111,1,2448.5408600565725,2436.6037556647257,1
1384,1387,-0.014079994812381313,3,2447.8912072643484,2415.872802972057,3
1389,1390,0.0012037083246231439,1,2426.2934476456217,2431.640290714177,1
1393,1394,-0.001847999178243024,1,2441.861881582725,2439.79118471376,1
1395,1397,0.0027338183633957933,2,2443.063077675497,2452.185031457856,2
1399,1401,-0.002761002111715356,2,2464.56620068413,2460.226094400263,2
1411,1413,-0.005505462077453241,2,2457.67857550844,2446.6055978879176,2
1415,1417,-0.0005854696993317144,2,2458.9793817648156,2459.9987032272757,2
1418,1419,0.0023851373139845036,1,2461.4423522385005,2469.774672591285,1
1429,1432,0.008262140766721843,3,2492.971976418109,2516.0622337911864,3
1433,1434,0.0003152044407296773,1,2522.50152614612,2525.8191313550547,1
1435,1436,-0.0038637960645483836,1,2528.6038832565932,2521.3624774069212,1
1445,1446,-0.007153079025675459,1,2512.357697747207,2496.8989622922045,1
1447,1454,-0.007340181531700144,7,2509.228465191233,2493.3195012174115,7
1456,1457,-0.007973176859914916,1,2482.337421458106,2465.0276435922933,1
1473,1475,-0.010514184362965601,2,2438.707994795733,2415.5056773258084,2
1477,1479,-0.005480328224413185,2,2394.8385425011206,2384.1088797862403,2
1481,1483,-0.013426466591178954,2,2391.0062613233436,2361.2945018977093,2
1484,1485,-0.002773037552584484,1,2369.553879162385,2365.3525711517577,1
1488,1489,-0.0015287584089726295,1,2383.1915091887727,2381.931376638097,1
1491,1492,0.0019125420914629168,1,2386.1152284416435,2393.0648894795604,1
1494,1495,-0.002947098991134129,1,2370.4551330686604,2365.8396222705337,1
1500,1501,-0.0008865455562994999,1,2408.737907209497,2409.0111892287796,1
1505,1507,2.4843294798208067e-05,2,2417.5719315326905,2420.049563916414,2
1511,1512,-0.006077158650373285,1,2426.9669656326055,2414.6448693088737,1
1515,1516,-0.0038291194248849768,1,2428.946201842576,2422.0744229609427,1
1519,1520,3.906998537401532e-05,1,2431.1860944928894,2433.7122669925357,1
1527,1528,-0.003852362954752725,1,2444.743860995201,2437.770564172239,1
1531,1532,0.0013108366674325325,1,2421.1510653102514,2426.7459499693637,1
1535,1539,0.0070724485235262305,4,2438.0898444090767,2457.771199173801,4
1541,1542,-0.0017740217564027362,1,2478.7970151597515,2476.8783723403117,1
1545,1546,-6.27173983397208e-05,1,2483.790050186695,2486.118063386912,1
1547,1551,-0.002715732201529192,4,2485.4080564043493,2481.1437617680363,4
1552,1555,-0.002441626636329375,3,2481.5626090242986,2477.98512226741,3
1559,1565,-0.005985686610169401,6,2475.4822295571994,2463.1402509515838,6
1566,1567,-0.0033938396113598153,1,2469.5558367797585,2463.6441161952102,1
1568,1569,-0.0040373410909384285,1,2469.0463299700227,2461.546994096574,1
1573,1574,-0.002930244042259052,1,2449.5877529216773,2444.8594507556095,1
1581,1582,-0.0030282287681438844,1,2413.026192966555,2408.1320238236954,1
1585,1589,-0.00347760804586415,4,2406.8002465324266,2400.83713887683,4
1590,1591,-0.0013506669500309488,1,2406.3116681160964,2405.467854142614,1
1592,1593,-0.006632134729229899,1,2412.2347648240793,2398.648733630058,1
1597,1599,-0.006806498716328596,2,2364.573391140659,2350.843498780336,2
1608,1609,-0.001852024430974256,1,2362.694367093878,2360.681293770189,1
1610,1611,-0.002855140520658984,1,2371.5090706993756,2367.109588127211,1
1617,1618,1.1516600172819256e-05,1,2382.1681716892117,2384.5777743392787,1
1622,1623,-0.0008428139343186522,1,2387.231862779181,2387.6071023635604,1
1634,1636,-0.006207186682708986,2,2293.4930423220203,2281.5503958951554,2
1638,1639,-0.004672894618895569,1,2292.433993063057,2284.0141245857626,1
1645,1648,-0.003808328256876417,3,2152.8368967144916,2146.791024025002,3
1650,1662,0.022930916968039096,12,2161.23449986594,2212.9548232306934,12
1669,1671,-0.0013342990483741024,2,2120.5170873633424,2119.808200518976,2
1672,1673,-0.002912118520139671,1,2126.3457956675047,2122.2799704913878,1
1676,1680,-0.019473372175541244,4,2111.587963684882,2072.579813350338,4
1683,1685,0.00435824556099971,2,2099.9989616664757,2111.251271780929,2
1686,1690,0.009246962396071423,4,2114.2629170584464,2135.9276896649526,4
1694,1695,0.0012666550574278721,1,2142.874396788155,2147.7315538770677,1
1696,1699,-0.0006488056426418591,3,2162.994103898171,2163.753735222459,3
1700,1701,-0.003118467835573944,1,2162.822796662315,2158.2409261335397,1
1705,1708,0.009685826631323207,3,2154.1648757215626,2177.183908118809,3
1712,1716,0.009174104089921843,4,2197.226978882028,2219.5817948743584,4
1717,1718,-0.0032517856172376218,1,2216.5872921947184,2211.5960128108027,1
1725,1726,-0.002974384583863166,1,2237.6133100322345,2233.19540080826,1
1729,1730,0.005596864179925987,1,2228.8998204601726,2243.6035698464098,1
1733,1734,-0.0016300382730295155,1,2256.135740410035,2254.714288544427,1
1735,1738,-1.5053598058732427e-05,3,2246.619853839011,2248.8326539805794,3
1741,1743,8.90840434259201e-05,2,2258.1491770471316,2260.608491283529,2
1744,1745,-0.0011509438027979095,1,2264.3854173556883,2264.0436224097925,1
1746,1749,-0.008549126698985679,3,2264.2763816920396,2247.1830724051256,3
1750,1752,-0.0051919278758916255,2,2251.12140089217,2241.684862339754,2
1756,1758,-0.0022653712229180685,2,2263.0864126760766,2260.2227682544994,2
1759,1761,-0.008597687865194936,2,2263.1341489660663,2245.9395621051585,2
1765,1767,-0.007164115659274499,2,2241.1441716835543,2227.329499800188,2
1771,1773,0.0028175343322755326,2,2222.727729512743,2231.2130689314586,2
1774,1776,-0.0013748619706605647,2,2238.649913427425,2237.8107287092585,2
1778,1779,-0.007610574394192167,1,2232.5330656105175,2217.7747396928053,1
1780,1781,-0.0007935618152993351,1,2211.3791153018747,2211.8356283921225,1
1791,1793,0.00574298606266918,2,2109.029241401735,2123.2503961822686,2
1796,1800,0.014479402562476169,4,2127.2663653207173,2160.195177747132,4
1805,1806,-0.00019870444657510335,1,2170.618712632573,2172.3580197551864,1
1813,1816,-0.0007745651831904084,3,2194.6261786844557,2195.120923835013,3
1819,1822,-0.012415343499473968,3,2187.6907352350504,2162.7174940217255,3
1823,1825,-0.01948036053746413,2,2154.0458191752796,2114.238275822703,2
1826,1830,0.0035662331739296565,4,2095.8441191332877,2105.4142320774595,4
1832,1839,-0.014422980905042147,7,2125.985914153513,2097.448845823442,7
1841,1843,-0.0002265246337002061,2,2081.80869075648,2083.4189184961288,2
1845,1848,0.013385016268617319,3,2102.2968473490164,2132.538421699595,3
1851,1853,-0.0008143444555736131,2,2148.122784617445,2148.521595522518,2
1855,1857,0.006373001149481437,2,2165.6163830332675,2181.5834751147077,2
1859,1862,-0.0010986024849825495,3,2179.3787355309996,2179.163843371958,3
1867,1868,0.0010370191723040067,1,2201.1912151333327,2205.6750838404664,1
1869,1870,-0.004871674385708671,1,2216.9649449285807,2208.3815785372867,1
1874,1876,-0.0022893655367581503,2,2171.2244102947375,2168.4249083675354,2
1877,1882,0.03171318341328938,5,2183.3381320526387,2254.7620728197053,5
1884,1885,0.001594968109794348,1,2264.1521452913576,2270.027547904111,1
1891,1893,0.006354992535547377,2,2295.540237727258,2312.4239190407907,2
1896,1899,0.0004099403792068477,3,2319.5988438995428,2322.8693399731183,3
1903,1905,-0.005863375413170014,2,2331.138605696601,2319.801403516965,2
1911,1913,-0.01785347545554592,2,2340.858136871602,2301.4065417169213,2
1915,1916,-0.0016546679441029866,1,2313.8164416731415,2312.3016602202397,1
1923,1924,-0.0012841384503992782,1,2311.902449703329,2311.245549323796,1
1927,1928,0.0011358231667104451,1,2300.3280182502403,2305.2411121226523,1
1929,1933,-0.003076498719660999,4,2309.8076465983527,2305.011333977528,4
1936,1938,-0.009616328570474165,2,2322.3239483405737,2302.3140421545904,2
1945,1946,0.0014488334670267177,1,2292.8085901824456,2298.4232965915708,1
1949,1951,-0.009610945216941589,2,2300.877438727565,2281.064709151785,2
1954,1955,-0.005708314360577433,1,2269.0157747834037,2258.3325352266143,1
1957,1959,0.023162086222467435,2,2278.440131656903,2333.491998570727,2
1963,1965,0.0025004463813910645,2,2373.595177230178,2381.9038198792005,2
1968,1971,0.0037471786770829924,3,2413.12828507521,2424.583836215185,3
1972,1974,0.005027635380450394,2,2432.8164159247635,2447.480546227532,2
1980,1983,-0.0026788811846770724,3,2420.782948445087,2416.7187415007556,3
1987,1993,-0.015452827841182657,6,2429.3506120289053,2394.23962586738,6
1994,1997,-0.011787334338435197,3,2399.9732152070474,2374.0839017313197,3
672,673,-0.0008946982502621926,1,1977.5727462268126,1977.780988097224,1
676,681,-0.00029591521937950176,5,1986.368763224976,1987.7673352398626,5
682,693,0.014250578903271832,11,1987.0786446238208,2017.3827442806628,11
694,696,-0.0008702370437812187,2,2017.8209358209338,2018.082774230686,2
699,700,-0.0014607694140704509,1,2022.1707484708531,2021.2389940399298,1
704,707,-0.006468795468314436,3,2027.4702932717926,2016.3824729198057,3
709,712,-0.010002672094348325,3,2012.7623769305264,1994.6421372471798,3
713,715,-0.0008773728575677754,2,1996.84933218077,1997.094200108243,2
717,718,-0.00209916389101766,1,2002.3107161921798,2000.1098485543437,1
719,720,0.0024211353131769545,1,2000.4016973160046,2007.2453422032315,1
723,729,0.004863884934782273,6,2029.1065609590794,2041.0050083529552,6
730,732,-0.001204004686814916,2,2046.0999493705074,2045.682535391144,2
733,736,0.007473818734238156,3,2048.98607905257,2066.348815675439,3
737,739,-0.0018341993805464738,2,2067.246345252256,2065.5218496316097,2
740,744,-0.003599280294855108,4,2066.772307012078,2061.400186480509,4
748,749,-0.001984074632288436,1,2065.4221184777225,2063.389588965961,1
750,751,-0.0022792942779096734,1,2063.6797425404707,2061.0396888544005,1
752,755,-0.007224236455089135,3,2060.3263008752374,2047.5023428039508,3
756,760,0.003995420490413469,4,2051.455819069265,2061.7037035030216,4
768,773,-0.001643056371762029,5,2086.2240053425908,2084.8824457030323,5
779,782,-0.0004357494969189507,3,2078.695687468368,2079.8685925557743,3
783,787,-0.003799910535010721,4,2077.6246528001634,2071.8074896469902,4
791,792,-0.0016659953023514147,1,2074.4047473019127,2073.023203485034,1
794,799,-0.003486352832770512,5,2077.19858063875,2072.033932063552,5
801,802,-0.00011928740272077387,1,2072.160353958732,2073.985331686046,1
804,805,-0.0021185447072664216,1,2070.751597229046,2068.435368989902,1
813,814,0.0004086660714067601,1,2085.3575438163134,2088.2951162350396,1
815,819,-0.004155742555004257,4,2086.02260217397,2079.439651877589,4
822,826,-0.005842886014571346,4,2077.872548481404,2067.8096485763017,4
828,830,-0.003964696603110397,2,2065.4125033049104,2059.2891818723406,2
832,833,-0.00028755693084160996,1,2057.7056266485424,2059.1716247606164,1
835,842,0.0015389939125532697,7,2069.147895528565,2074.4014494394846,7
843,847,-0.0005656609509788015,4,2075.4164369957825,2076.3178713973502,4
850,857,-0.004940652438916848,7,2075.0095083054935,2066.8326170258138,7
859,860,-0.0033277342869850453,1,2069.723255946746,2064.9054901593086,1
862,865,0.00016634162050875958,3,2066.3291662898437,2068.7392119981587,3
868,871,0.008512674705761229,3,2069.839623847917,2089.5293348826776,3
876,878,0.005612798529103186,2,2126.620914951707,2140.68383061006,2
879,880,0.004311365167031788,1,2148.1814841045234,2159.591260411659,1
883,884,-0.002046196974191383,1,2179.6864491159185,2177.4060677481675,1
885,886,-0.0014903024811179842,1,2170.80067023667,2169.7363212820405,1
887,888,0.000581888864407355,1,2171.2816081490746,2174.716334346498,1
889,894,-0.005228159323661451,5,2171.168799899467,2161.9887522949293,5
896,898,-0.0016436459943463253,2,2169.5140141848406,2168.1176151799323,2
905,907,-0.004966946383269591,2,2169.6791312893624,2161.0721305066386,2
908,909,-0.0002170439178241745,1,2160.43361388358,2162.1251385217074,1
910,911,-0.0023516158739587487,1,2163.568913794368,2160.64459970608,1
915,917,-0.0017184363466398113,2,2147.001236803975,2145.4587530791746,2
918,919,-0.0005426331048592498,1,2151.0403062889936,2152.0241209152036,1
921,926,-0.0018908567156481872,5,2158.7937933373355,2156.8706173888413,5
928,929,-0.0009680069556079759,1,2153.3781869060017,2153.447080029928,1
931,933,-0.004482984545534782,2,2153.3156596730546,2145.8156945087553,2
938,944,-0.007868429707248444,6,2141.8491357640646,2127.1379955315383,6
946,949,-0.0007313679625711278,3,2111.7603467981953,2112.327633282717,3
953,955,-0.002754384295357042,2,2120.932097883689,2117.2111679196432,2
957,958,0.004386643336096146,1,2125.212185416081,2136.659945472443,1
959,960,0.002484417448954314,1,2133.126085401757,2140.5587871545504,1
961,969,0.0006109907598723335,8,2143.7207232537726,2147.1742375306812,8
971,974,-0.0039732000313648435,3,2152.9125596360504,2146.511519946215,3
978,982,-0.0069867514022475844,4,2131.4909164718397,2118.730210238774,4
986,993,0.0036766173753319652,7,2124.4845666456495,2134.419968083649,7
995,997,-0.0038204676809852557,2,2140.2733180402015,2134.236746318194,2
1001,1002,-0.0023107767416460957,1,2147.20941346018,2144.3949013015726,1
1006,1008,-0.005535504327601373,2,2148.956128073252,2139.20952825455,2
1009,1012,-0.0017450810542218478,3,2143.3181838455594,2141.721238073607,3
1025,1026,-0.00470326205028786,1,2152.283221732285,2144.3127529557723,1
1027,1033,0.0032856773760941765,6,2139.8062037900204,2148.9767228268292,6
1036,1041,-0.007586689688823994,5,2157.424850594039,2143.2145625762187,5
1042,1044,-0.004569648972111196,2,2147.196911754534,2139.532172505569,2
1045,1046,-0.003254248424074436,1,2138.7436243660277,2133.9223649213013,1
1048,1057,-0.0016160474637095979,9,2137.541535002955,2136.2247079617423,9
1058,1059,-0.0023342227959007207,1,2139.619012140303,2136.7642836797627,1
1061,1062,-0.0027548073095597283,1,2149.757578102022,2145.985167790187,1
1065,1070,0.004870004034556881,5,2141.0570928988777,2153.6251066724108,5
1071,1072,0.001047464134398838,1,2149.819850824759,2154.2215298647416,1
1073,1077,-0.002191115300255099,4,2155.3100916470353,2152.7428688200803,4
1080,1084,0.012236053616841672,4,2155.9757238354837,2184.512334112779,4
1086,1087,-0.004037738295344312,1,2190.5471889918813,2183.892879908122,1
1088,1089,-0.000955105034618411,1,2182.5026414100757,2182.600624790607,1
1092,1094,-0.009543560204398317,2,2173.3328822994254,2154.7648819753017,2
1096,1097,-0.0024237807722904785,1,2141.9322098353896,2138.8825679394763,1
1098,1099,-0.0037032707443430584,1,2141.7608640063945,2135.971104521347,1
1100,1101,-0.0016970496733346068,1,2147.0462717273267,2145.549673824985,1
1103,1104,-0.0025692288667243258,1,2149.1118704842065,2145.739422099223,1
1105,1107,-0.0009846203011194502,2,2150.9201744823754,2150.953254986975,2
1109,1110,-0.0008097267386206539,1,2152.3453360266003,2152.7548697933007,1
1111,1116,-0.013384463388634221,5,2154.429057825954,2127.7476100358986,5
1121,1127,-0.0030557223217833485,6,2129.287862372026,2124.9106377838457,6
1128,1129,0.00144745048845771,1,2125.1874667289217,2130.3887578324316,1
1131,1132,-0.0022061056933121537,1,2139.1133540069645,2136.5333572120567,1
1133,1135,0.0009646075609755938,2,2140.129034588293,2144.3335482711086,2
1137,1140,-0.004060694068346217,3,2150.945652560099,2144.3622659599732,3
1143,1144,-0.0026195255169925574,1,2144.5190249387797,2141.0459216562153,1
1147,1151,-0.0028162162230020364,4,2149.931023572853,2146.0262839695047,4
1153,1157,-0.00011338864756522623,4,2157.375031015875,2159.287784209833,4
1160,1164,0.00015745458712325736,4,2165.8603363216143,2168.367221302958,4
1166,1167,-0.0008172244260336238,1,2164.6587939614224,2165.05444071493,1
1169,1171,-0.0001239881393641525,2,2161.6539793674096,2163.547613891926,2
1173,1177,0.004912472500761783,4,2165.9207957790036,2178.726742922875,4
1178,1180,-0.00712602215261042,2,2171.9463900679943,2158.6409983681556,2
1181,1182,-0.0009356537997614734,1,2163.0815667112624,2163.2207527908863,1
1183,1188,0.016215985121274566,5,2172.525147873926,2209.9273084953184,5
1198,1203,-0.0005284230587483494,5,2224.9755527069015,2226.0247998724067,5
1204,1210,0.010452838766454753,6,2223.926321680037,2249.396591270713,6
1211,1213,-0.0010640473685532392,2,2262.6492497206023,2262.5043329901987,2
1214,1216,0.0020303584800473633,2,2275.406083620188,2282.3013797412377,2
1219,1222,0.004333351127328456,3,2282.847206204604,2295.022431925334,3
1229,1233,0.005058591873895682,4,2277.602826712025,2291.4018926899043,4
1234,1235,-0.00013279816117611114,1,2295.7055146661373,2297.696354709854,1
1236,1237,-0.0024018322125127236,1,2293.694036244557,2290.478662058901,1
1238,1241,-0.00647869841633129,3,2290.4471078660954,2277.898438923539,3
1243,1248,0.002833792411882187,5,2288.21209135037,2296.984621502966,5
1252,1255,-0.0024093666443323674,3,2293.292292362778,2290.0602027002174,3
1256,1257,-0.004347633745109266,1,2294.536897302198,2286.855628155391,1
1260,1262,0.005960990466359184,2,2317.877110446473,2334.011830914483,2
1263,1274,0.017790096420448258,11,2341.4787326613737,2385.47534381451,11
1277,1281,-0.008613086432731908,4,2388.5326895194867,2370.348583706769,4
1284,1285,-0.004093222212817926,1,2342.669083617827,2335.4226875710983,1
1290,1291,0.00036060066359857364,1,2358.453296052217,2361.662209171892,1
1294,1297,-0.002809669795199571,3,2386.0681141815835,2381.7501187860603,3
1298,1299,-0.0036478158932975995,1,2377.893383925159,2371.5971600306348,1
1300,1301,-0.0049239136160292235,1,2373.3993899498073,2364.086375767308,1
1303,1305,-0.011634794452685927,2,2350.3040779674056,2325.3090771969128,2
1306,1308,0.002405866039948565,2,2332.8434107208227,2340.7887628699145,2
1310,1314,0.01071823937966393,4,2344.1449864558244,2371.614238547753,4
1316,1318,-0.012820334868223673,2,2368.1163538083174,2340.1244254993862,2
1322,1323,-0.002593695026454488,1,2340.1888841613622,2336.45933677571,1
1324,1327,-0.005255925139228461,3,2346.71203524159,2336.7246044962753,3
1328,1333,0.024064492509947823,5,2341.1912375435204,2399.8720077812854,5
1341,1344,-0.004710175258714658,3,2439.8921835876977,2430.8397559742193,3
1347,1349,-0.0013578458096399283,2,2422.2705657014526,2421.403766329702,2
1351,1354,-0.0007423622733033835,3,2420.7067558249946,2421.3304212105645,3
1363,1364,0.0014775782691220218,1,2451.684041287564,2457.7582803910113,1
1365,1367,0.0016678882747754344,2,2459.1168363449506,2465.677485318938,2
1368,1371,-0.0038463576287318456,3,2472.9258523519366,2465.8870209868064,3
1373,1376,-0.005370275904505434,3,2473.0869363310467,2462.278864083452,3
1379,1380,-0.001252042807377068,1,2442.047050341458,2441.431549947143,1
1385,1388,-0.007981217694537534,3,2436.4157402353967,2419.4065915584156,3
1389,1391,-0.00011365056242294955,2,2428.930574084365,2431.0834553326185,2
1392,1393,0.0012869189101630029,1,2438.590394862733,2444.1672533508863,1
1394,1395,0.0014994262946225532,1,2438.22476444003,2444.3189275284712,1
1396,1397,-0.0005610631399889904,1,2447.9154043428593,2448.989884644014,1
1403,1404,-0.0018192294803204357,1,2461.000172752498,2458.9840488599057,1
1406,1411,-0.00426474897065931,5,2461.279625805772,2453.244165680918,5
1413,1415,0.002536839742139886,2,2446.1859441849715,2454.837711849029,2
1416,1419,0.0034965429095386823,3,2453.942232818386,2464.976489365783,3
1420,1425,0.007147723554875742,5,2468.5937391081648,2488.707158463715,5
1428,1432,0.006281032789983055,4,2494.446931367818,2512.6090812679795,4
1433,1434,0.0037974803726531876,1,2517.889063952461,2529.968587317291,1
1438,1439,-0.0012345502837944502,1,2514.4003443541264,2513.8105910397853,1
1442,1443,-0.004831711072824413,1,2535.5244982359677,2525.8091009406594,1
1444,1445,-0.0070807566801590225,1,2525.295413540629,2509.939706585367,1
1448,1450,-0.005849564797078012,2,2511.571148301766,2499.3911212756047,2
1453,1456,-0.009138402636005412,3,2500.8002112432355,2480.4476922119306,3
1463,1464,-0.005334198306815987,1,2423.333900808906,2412.8306911191703,1
1469,1472,0.0032669240760227983,3,2420.8372647030906,2431.1667935119854,3
1475,1476,-0.008092826913697372,1,2417.6114261618354,2400.4637267714925,1
1478,1482,-0.006466532821800432,4,2385.352484402168,2372.3128767546204,4
1483,1488,0.0029895248724736735,5,2366.353804809657,2375.794432171018,5
1492,1496,-0.00899134146610783,4,2394.6194110089755,2375.4831896142327,4
1498,1500,-0.003790900481871252,2,2408.1377551646324,2401.416882343331,2
1506,1510,0.004159498296661112,4,2418.620804783505,2431.0996747060544,4
1516,1517,-0.0012451013483767979,1,2419.5737095759337,2418.9806687972196,1
1518,1532,-0.0005860306644907595,14,2424.9460554341545,2425.9499087413683,14
1544,1551,-0.0016232047354227752,7,2482.809445026331,2481.2621464230383,7
1552,1555,-0.002379709842291881,3,2480.0777917855494,2476.6560040465733,3
1562,1563,-0.00041287086184261623,1,2471.484312649207,2472.935393103662,1
1564,1567,-0.0029653886396779276,3,2467.5834287370876,2462.7336682987902,3
1574,1577,-0.0067880879069842776,3,2441.3494476139354,2427.2187023994784,3
1578,1581,-0.007641028460772455,3,2425.6406050953947,2409.531856801351,3
1582,1585,-0.0020201168349004758,3,2410.5417586312856,2408.082724402075,3
1588,1589,-0.0011971495214651124,1,2400.4828561359236,2400.009602089551,1
1592,1593,-0.001937246203209544,1,2405.48219863377,2403.2276695762125,1
1599,1605,0.0037296619408557358,6,2349.5413552152363,2360.6538915414644,6
1612,1613,-0.0027155464966756773,1,2373.850779817522,2369.778328428575,1
1616,1624,0.003762317579924827,8,2374.967458112211,2386.277807389728,8
1626,1627,-0.0023040059383422984,1,2374.334946962105,2371.2388000916526,1
1631,1633,-0.014681407612370377,2,2323.7281253677425,2291.936253704257,2
1635,1636,-0.0034232732568397857,1,2286.637063619679,2281.0959171753107,1
1640,1641,-0.006431990423315971,1,2281.4913872737993,2269.09834790725,1
1643,1644,-0.01702864465051415,1,2240.696065173202,2204.7807441747354,1
1652,1653,-0.0014025405977139288,1,2174.998692385964,2174.123167112304,1
1654,1655,0.0020953867138146782,1,2177.2014505105403,2183.9407309537487,1
1657,1658,-0.0054565921840973525,1,2197.5543189201526,2187.7607155183237,1
1660,1663,-0.0008895886553050823,3,2206.9633895295615,2207.207063325092,3
1664,1668,-0.028320195020457718,4,2195.4664433106386,2135.4858719185213,4
1670,1675,-0.0012657936399592107,5,2118.5975441594574,2118.0344344065866,5
1677,1680,-0.011971558205393886,3,2096.4713140257127,2073.469756977941,3
1681,1685,0.014178992843527988,4,2085.1461126987674,2116.796530621132,4
1689,1690,-0.0015603837524229525,1,2141.123577010693,2139.9237261462067,1
1691,1694,0.002210460766268975,3,2134.4882213604365,2141.3409120511774,3
1696,1701,-0.0033978664360614775,5,2158.3987756438296,2153.223223664077,5
1702,1703,-0.00190426559213143,1,2152.773666472997,2150.8269873187587,1
1708,1710,0.0021244864982216476,2,2181.273587755778,2188.0889476296484,2
1712,1715,0.008215013781101784,3,2198.941918844669,2219.205198930665,3
1716,1722,0.004869657630892148,6,2222.2538741805733,2235.297743590937,6
1723,1725,-0.0035813043325275315,2,2238.08326504675,2232.3060910181275,2
1727,1729,-0.00016788378622136554,2,2229.157764430225,2231.012682749078,2
1731,1735,-0.0061738094621884565,4,2257.2042113413377,2245.525866834608,4
1740,1744,0.003184542666303955,4,2254.2881322325293,2263.721297103999,4
1747,1748,-0.006200128960717742,1,2262.490755107753,2250.725511408761,1
1751,1755,0.002038723605043823,4,2248.7396127062125,2255.57291084894,4
1760,1762,-0.007213265006059516,2,2259.6828095655565,2245.6428014400885,2
1767,1770,-0.007016433437617431,3,2230.024705145991,2216.6079099432377,3
1771,1773,0.0018766227409655785,2,2219.5698999998026,2225.9547652493047,2
1774,1775,-0.0005146796312124544,1,2237.559124411802,2238.6450574312453,1
1779,1780,-0.005865610055737856,1,2225.780342932352,2214.950563713917,1
1783,1784,-0.011196320604217814,1,2207.6380051521073,2185.1282202735206,1
1787,1788,-0.004460097814328601,1,2146.316914180919,2138.890447717305,1
1790,1791,-0.0028767322298223572,1,2111.927980208283,2107.9644569007623,1
1795,1797,0.0052178731385274495,2,2119.3063704000197,2132.48394855284,2
1800,1801,0.0008758406902198502,1,2159.0440024201694,2163.0940250118842,1
1804,1805,0.0016936981771448864,1,2166.4174438370947,2172.2531185564935,1
1808,1813,0.0020572221555320925,5,2185.7149216372804,2192.397137721387,5
1817,1821,-0.016187559979024612,4,2196.6882595088346,2163.325924812325,4
1823,1826,-0.029071577087618334,3,2157.7739690555013,2097.2018507455036,3
1830,1831,-0.0017117485156316788,1,2110.595072422951,2109.0928595130545,1
1833,1834,-0.0032885376214827735,1,2136.1136969097533,2131.2251203506107,1
1835,1836,-0.006256628867560796,1,2127.19467768953,2116.0128047398657,1
1838,1840,-0.013288507090517376,2,2110.9315532809837,2084.9913559208935,2
1851,1853,-0.002388668056312996,2,2149.563664823981,2146.578634427629,2
1854,1858,0.009245492967968689,4,2158.2257052385953,2180.3377915249066,4
1864,1871,0.008653833284317541,7,2179.2989966377204,2200.3375858279414,7
1872,1873,-0.0066457704299608174,1,2188.8430818384577,2176.48537629119,1
1877,1878,0.004339630313489554,1,2187.6879156058853,2199.3693603165093,1
1881,1882,0.0036010509103766193,1,2245.7634481441764,2256.0963201017507,1
1884,1887,0.007802041326217593,3,2265.608460844676,2285.550440146059,3
1890,1891,0.0032982113414203344,1,2290.574601268631,2300.419974998173,1
1892,1893,-0.0015154051961242788,1,2316.500212112483,2315.3062758663373,1
1895,1897,-0.0015161974579517086,2,2317.8535420396706,2316.6570719333654,2
1898,1900,0.0009783400089441296,2,2322.9729022088677,2327.5685324410006,2
1904,1905,-0.0019065326025520097,1,2322.893430834065,2320.78765220676,1
1908,1910,0.005443940073668086,2,2331.236896878048,2346.259247739054,2
1911,1915,-0.015050244456091443,4,2342.0070956076297,2309.101323396442,4
1918,1919,-0.00017412345954614028,1,2313.848541693989,2315.7594949227373,1
1920,1922,-0.002179566634028439,2,2325.343196079217,2322.6002988324567,2
1924,1925,-0.009559846775073585,1,2312.653304023444,2292.8573460971356,1
1929,1930,0.0008860689077840711,1,2307.482271939565,2311.8343425079333,1
1935,1936,-0.0031391136770269217,1,2322.216634650566,2317.2491492863655,1
1940,1943,-0.004082755217623789,3,2300.1459199234155,2293.0551330874755,3
1944,1953,-0.011829124046391169,9,2295.421390225228,2270.5639872517395,9
1954,1956,-0.0012963028261368068,2,2262.5833015281587,2261.912891701546,2
1960,1961,0.004203146320322446,1,2350.6826803580275,2362.913626296578,1
1963,1964,0.0009138156208541,1,2379.0006975770707,2383.5536662741165,1
1965,1969,0.01762994847730209,4,2379.8770372053827,2424.2140237908334,4
1973,1975,0.0014342067898664768,2,2438.1729985253974,2444.108015793277,2
1980,1981,-0.0005006478008612704,1,2421.08752383588,2422.2964992152147,1
1983,1985,-0.0027610090668914906,2,2415.656690326358,2411.402696992196,2
1988,1990,-0.006685110888728194,2,2429.510244147305,2415.6982090040265,2
1994,1995,-0.005774870777259258,1,2398.58256000322,2387.129638230617,1
1996,1998,-0.0032329874817400204,2,2386.7694226170656,2381.439796374562,2
672,675,0.0005065843634484296,3,1979.5073652104193,1982.4896600541763,3
676,678,0.0011347262936663122,2,1987.5411982242679,1991.7840546798623,2
681,684,0.0009728267527264788,3,1991.3553090655264,1995.2839080934348,3
686,690,0.008767794406465919,4,1995.3843461360352,2014.8748501909724,4
692,693,-0.0027067858548032305,1,2016.9567456014172,2013.5142323582747,1
694,696,0.0022147921170385023,2,2011.4921201056447,2017.9586491168454,2
699,701,-0.0005726717824531932,2,2022.712715775361,2023.5770779948025,2
702,709,-0.008059355666441937,7,2023.1271883477286,2008.8452139667334,7
716,717,-0.0007637781663221983,1,1997.3027501022718,1997.7745566203107,1
720,723,0.01064603928775391,3,2005.9123744428784,2029.273308763432,3
725,730,0.003304988755489179,5,2031.4308615029279,2040.1761485192517,5
732,733,-0.0004356483429246447,1,2046.337671193761,2047.492525249435,1
734,740,0.005326163121360681,6,2050.42840708216,2063.3997516540335,6
741,742,-0.0017891454378327933,1,2063.6826714499944,2062.054125684685,1
743,746,-0.0015309828305364532,3,2064.3667534735932,2063.2706101715685,3
748,750,-0.0031695509440130137,2,2063.784154353605,2059.306669493288,2
753,755,-0.004330284424279422,2,2060.313592987103,2053.452162719247,2
761,763,0.0035389240584646894,2,2065.1785414305223,2074.5522299972463,2
767,769,0.0033555321927200704,2,2081.202572985144,2090.2673177913525,2
772,773,-0.00294742604642157,1,2090.408680527533,2086.337764215408,1
774,777,-0.0024270068766427317,3,2085.213249942234,2082.2376362953,3
779,786,-0.0022239938073967806,7,2076.2696627165906,2073.7283215069397,7
791,793,-0.001785385943829791,2,2075.7010423094353,2074.0708158872126,2
794,797,-0.004407331904537862,3,2079.6877887783894,2072.601602224207,3
802,804,-0.0025165148682487898,2,2075.381525197479,2072.234178257228,2
806,808,0.004775699861719452,2,2079.4039284363766,2091.4139414183055,2
810,811,-0.0024928867655189223,1,2091.157374609018,2088.035513439847,1
812,814,-0.002290589196782375,2,2085.646525201911,2082.954812328179,2
816,817,-0.0030363218567749763,1,2083.0601795337016,2078.8183985611395,1
821,822,-0.002150332785016769,1,2078.472661953602,2076.0817267077955,1
824,826,-0.00601134722458886,2,2078.151142735636,2067.7368057742115,2
830,831,-0.0007029808128079986,1,2060.650031132815,2061.2620837301492,1
834,835,0.00018564519028043628,1,2067.764169329754,2070.215803971754,1
838,846,0.0015154094309688558,8,2072.3562392551435,2077.569063683693,8
847,851,-0.0034352865460734387,4,2080.045116954098,2074.979611065554,4
853,854,-0.0008297944651397486,1,2075.984785325188,2076.338129425936,1
859,861,-0.004542642031134331,2,2069.5637481023673,2062.232024582228,2
864,865,-0.0021898691680369902,1,2069.5005913160708,2067.0381563692295,1
867,875,0.022334615133247516,8,2065.864744058893,2114.070902778852,8
876,877,0.003782578250881348,1,2120.1582550965427,2130.298077855794,1
880,882,0.004487564936898543,2,2160.96635213714,2172.824795320945,2
884,894,-0.00902176921475454,10,2179.203061989446,2161.72199795408,10
897,899,-0.0008985148671061019,2,2165.242221580461,2165.4619614750654,2
904,911,-0.0038594204278507753,7,2167.384566155705,2161.187102452231,7
912,917,-0.009908928156351332,5,2161.4791500492474,2142.2226875900074,5
919,920,0.00053300080117503,1,2154.026865214963,2157.32899012509,1
923,926,-0.0029586630781272614,3,2159.732559880488,2155.502371456821,3
929,932,-0.00504116720402079,3,2157.074354186791,2148.357256050017,3
936,937,-0.0015692043118596547,1,2135.3526640689056,2134.1372121251766,1
938,939,-0.001982464211564697,1,2139.2628033756696,2137.1610542322214,1
944,945,-0.0021138722600867466,1,2127.8972123279927,2125.5270066508647,1
946,947,-0.006777218225039927,1,2117.770961470755,2105.536136475686,1
956,958,0.004279809092107566,2,2124.0805476852024,2135.2952874732396,2
960,963,-0.002294620060931324,3,2139.7955410890345,2137.025318855249,3
964,966,0.0011440033406642418,2,2138.14734978903,2142.7315448498102,2
968,969,-0.00056942966067453,1,2149.810251779649,2150.7358963092433,1
971,974,-0.002771303959761,3,2149.818064958355,2146.0100837071286,3
975,976,-0.0048201466648562065,1,2145.9774287621462,2137.779480244804,1
977,981,-0.004998077462151758,4,2136.2684047214307,2127.727438159407,4
982,985,-0.0030481295809001562,3,2123.1759447106047,2118.8274052527872,3
997,999,-0.0003867527652319569,2,2141.0742625456473,2142.3872704165865,2
1002,1003,-0.0024478324079597524,1,2145.259084529259,2142.1531089032073,1
1006,1010,-0.004430247857495994,4,2147.690946856744,2140.3238345877253,4
1013,1014,-0.005142544053342638,1,2141.5181447566947,2132.6468115010075,1
1015,1021,0.004704859375894364,6,2133.575636108843,2145.747385080678,6
1023,1032,-0.0008796676653570838,9,2152.154704171011,2152.4136779710766,9
1034,1036,0.0007135181149971362,2,2148.5021904194946,2152.1836878428894,2
1043,1044,-0.0017657276551041766,1,2141.4743941256406,2139.834607959361,1
1047,1049,-0.003449380198640849,2,2143.5494151148287,2138.299047622638,2
1050,1051,-0.001324876470023009,1,2145.989724166255,2145.2925425999624,1
1052,1059,-0.004778369249980036,7,2146.8140227117415,2138.7025666229015,7
1060,1063,-0.0002419969643869664,3,2143.4716024873933,2145.096360468829,3
1066,1067,-0.003625119753042225,1,2140.311207269188,2134.692634041328,1
1068,1070,0.0019298100777620847,2,2145.72953953316,2152.016119562236,2
1074,1075,-0.002469522723578303,1,2156.0815650815703,2152.9131542277946,1
1076,1078,-0.0019931125749420723,2,2154.256904599293,2152.11748497768,2
1079,1084,0.012454140822971544,5,2155.1829650382597,2184.179100149154,5
1085,1086,-0.0009859160379314146,1,2188.317142487753,2188.3479626633816,1
1087,1089,-0.0042661922565912554,2,2186.315146665968,2179.1742210634593,2
1090,1092,-0.0058284499695183895,2,2184.6655906943784,2174.117042189582,2
1095,1096,-0.006365299588772522,1,2153.802760212551,2142.2469631488857,1
1097,1104,0.0009638742969126294,7,2147.4592222071137,2151.6765621772743,7
1105,1106,0.00023681390827671057,1,2150.3703486012846,2153.0299565563805,1
1107,1117,-0.014166658306392368,10,2159.2227734314597,2130.793024966307,10
1122,1125,-0.00297816330279981,3,2129.298890374478,2125.086789448847,3
1128,1132,0.003949679122065071,4,2125.530264448351,2136.0509572216083,4
1141,1148,0.0007684231544388691,7,2143.8861409917604,2147.677438883971,7
1149,1150,-0.0024537920242921115,1,2149.1171653356478,2145.9927959414135,1
1153,1158,0.001657078316810558,5,2157.4390646960956,2163.1715492547396,5
1164,1167,-0.006113719307363528,3,2174.073830283364,2162.95622696181,3
1168,1171,-0.005756349463261619,3,2169.5843591867315,2159.265057784413,3
1173,1174,-0.0006881490305117159,1,2166.911430815973,2167.587184246468,1
1176,1180,-0.008439689121961236,4,2177.6638979887607,2161.462755575606,4
1184,1185,0.003596753087345855,1,2182.157098398155,2192.1879357772905,1
1186,1189,-0.003173077304050844,3,2210.459202867749,2205.6557041424667,3
1191,1193,-0.0015843753215594718,2,2212.6460556462384,2211.353039895973,2
1194,1200,0.002866644666113323,6,2215.94922681998,2224.5175150782416,6
1202,1208,0.005529674055660296,6,2222.648096259326,2237.161263868333,6
1211,1212,-0.0010665511297115462,1,2258.2019009936394,2258.0516151060115,1
1213,1214,0.00013336377370646484,1,2265.166303789568,2267.7335612197035,1
1219,1220,0.002660389562293486,1,2278.4342499676045,2286.774206914558,1
1222,1223,0.0004189105031012202,1,2298.9117911048666,2302.1737411909685,1
1225,1226,-0.0075459645006244495,1,2305.3821889000933,2290.2912389311814,1
1229,1231,0.002798329896024674,2,2281.9818231153745,2290.6495428962985,2
1238,1240,-0.0064235079841815645,2,2287.6001602728725,2275.1933425390175,2
1245,1247,-0.0004145345909035231,2,2293.5205981374984,2294.863375112758,2
1248,1254,-0.006078783368170013,6,2300.031393559392,2288.350032371514,6
1261,1270,0.018244867064610117,9,2332.283951156991,2377.168445753931,9
1271,1274,0.0010946030458060534,3,2378.020715173727,2383.0017246067196,3
1275,1281,-0.006885147724671792,6,2389.6609840677174,2375.5974761645944,6
1286,1292,0.014443939021978956,6,2340.3727428200623,2376.517316748877,6
1293,1295,0.0006559807217392283,2,2384.0699339146427,2388.0179077644834,2
1297,1301,-0.0089587390809985,4,2387.2858998892307,2368.2861143002656,4
1306,1309,0.0021509476576145317,3,2331.442161232051,2338.788413448849,3
1312,1331,0.0023185992261950013,19,2364.749377228856,2372.5970326822726,19
1332,1333,0.0016537306929281267,1,2392.1721118455907,2398.520292401562,1
1334,1335,0.005047024324803249,1,2408.193992766552,2422.7564004196565,1
1338,1339,-0.000992143553160354,1,2427.437994808888,2427.457065846451,1
1342,1346,-0.006192600932959451,4,2435.9560082214884,2423.3070607805494,4
1348,1351,-0.002285922687842567,3,2419.6409387566746,2416.5294675770947,3
1352,1353,-0.0034292242511860973,1,2421.4063747357004,2415.524235648216,1
1354,1357,0.010031105620572134,3,2421.432880201208,2448.1439620558335,3
1359,1362,-0.005231510286541975,3,2473.115281386205,2462.650268633215,3
1366,1368,0.0008249670182145868,2,2462.505912399363,2466.99990447165,2
1369,1372,-0.0020812631349001213,3,2470.874995629342,2468.2033295856213,3
1375,1379,-0.012592489127536702,4,2471.3981272236983,2442.748471304043,4
1382,1389,-0.011750473752649225,7,2449.3553915637845,2423.023660715868,7
1395,1396,0.0014516759940743445,1,2443.3749119401045,2449.3652755562316,1
1397,1401,0.0038152079697889967,4,2452.414993053405,2464.2238812731857,4
1402,1403,-0.0021126173307750443,1,2464.120353618427,2461.3787306078757,1
1404,1405,-0.004990685498238962,1,2465.6090442861605,2455.769574028801,1
1406,1408,0.004536400903813016,2,2454.5736308125715,2468.163134480678,2
1411,1413,-0.004445791869595354,2,2454.6996392764,2446.2412552170827,2
1416,1417,-0.00016534677539387142,1,2454.7043697539452,2456.753196671615,1
1420,1421,-0.00094216158718248,1,2467.6679447060314,2467.810670703314,1
1422,1425,0.003393570191572025,3,2476.1119151090493,2486.9908866102687,3
1426,1428,-0.0010412759687489954,2,2491.9987963574526,2491.8959366930117,2
1437,1440,-0.0012117691592581053,3,2522.6496900965926,2522.115470692618,3
1442,1445,-0.010446532472477205,3,2533.104049315123,2509.1749996571043,3
1446,1453,-0.003343514093599008,7,2505.5161749658705,2499.6444624980977,7
1454,1455,-0.003188222334867596,1,2494.5686094084053,2489.1099386614383,1
1461,1462,-0.0046914390089911485,1,2439.5016104959172,2430.496339088436,1
1464,1465,-0.004446306043416873,1,2411.41401690717,2403.103546207523,1
1468,1470,0.00011121875110188832,2,2417.7616377272466,2420.448299794784,2
1476,1477,-0.004458914026771314,1,2401.0694067092904,2392.764314059172,1
1487,1492,0.002885765286221598,5,2380.845386754605,2390.096793110317,5
1499,1502,0.0037102761055872215,3,2406.376899304146,2417.711598913975,3
1505,1506,-0.0010977182721297982,1,2418.731502299191,2418.4951480360405,1
1509,1510,-0.0010068937992289858,1,2428.8102719117182,2428.7935281813384,1
1513,1515,0.0018780318014152367,2,2418.4971133238264,2425.4576249276033,2
1519,1520,0.0035815705394965213,1,2427.238426466095,2438.358990533126,1
1523,1525,-0.0017796211244318376,2,2453.5756450310755,2451.662785627818,2
1530,1532,-0.0028406091795639766,2,2430.9521766717426,2426.4777437802795,2
1534,1537,0.010076980957813005,3,2428.895897740999,2455.800731348786,3
1538,1539,0.0031411740685711115,1,2448.7107992170827,2458.8513368802305,1
1540,1542,0.0032686412221634162,2,2467.119275762294,2477.650522802807,2
1546,1551,-0.0021722531213271812,5,2485.218477057837,2482.305171940926,5
1552,1554,-0.0018867435231162322,2,2478.7079438615924,2476.5099656466764,2
1556,1558,-0.0016987579446772108,2,2477.6168538128445,2475.8855993523766,2
1559,1565,-0.006094019239281809,6,2475.4686158970962,2462.858531141478,6
1568,1571,-0.004188757125050917,3,2469.904788529602,2462.0288620369806,3
1581,1583,-0.004468750851742061,2,2411.0769252497944,2402.7135001117185,2
1584,1588,-0.0059565355474099175,4,2412.442156824896,2400.484801518523,4
1592,1593,-0.005544739135519329,1,2413.080426846983,2402.1136057939357,1
1594,1595,-0.004420966479105631,1,2392.4135818486825,2384.229215181021,1
1601,1604,0.0004743268456127458,3,2355.344003848977,2358.8165507445046,3
1605,1609,0.002988277468419024,4,2357.1593968499856,2366.5604025619145,4
1611,1612,0.002457498972865715,1,2365.4079123005977,2373.5863077277854,1
1615,1616,-0.0025781638942639863,1,2380.62917033556,2376.872147333305,1
1619,1621,-0.0018520359424038348,2,2389.3734804790174,2387.3376483938227,2
1623,1624,-0.002699225611636654,1,2387.977507511506,2383.91979497073,1
1626,1630,-0.015772196031504693,4,2376.626408519288,2341.51841731899,4
1632,1635,-0.015039186781782142,3,2321.529059506271,2288.9366794205275,3
1636,1638,0.0021940926823004947,2,2286.6608583648867,2293.964665079493,2
1639,1640,-0.006397979827099305,1,2288.179755780211,2275.8282076177325,1
1644,1647,-0.030335979854305493,3,2209.2392183108095,2144.429021109102,3
1649,1651,-0.0027187325377360846,2,2167.274640892775,2163.5496754492624,2
1654,1655,-1.2117898755050708e-05,1,2176.3194382564093,2178.4693852760543,1
1659,1667,-0.024514424609679036,8,2195.7713794389,2144.139078876993,8
1668,1670,-0.011713294352320151,2,2133.8566392269217,2110.996004945231,2
1672,1678,-0.027784268232192662,6,2128.794344228462,2071.776145501472,6
1681,1682,0.0025765659891321207,1,2085.439041958498,2092.897752308375,1
1684,1685,-0.0036579650579290444,1,2113.0828428858144,2107.4663425249146,1
1686,1688,0.007647647893400969,2,2109.159699671009,2127.3989701047153,2
1696,1697,0.001948730463513947,1,2158.200176101153,2164.5641267067836,1
1698,1701,-0.00488231542855432,3,2166.1469276930693,2157.737262055171,3
1703,1705,-0.00205597150977264,2,2149.86895323017,2147.5987528658143,2
1708,1710,0.002654860488472408,2,2179.083853699588,2187.048101177543,2
1712,1714,0.0069312140876750085,2,2199.9131802629636,2217.361162669927,2
1716,1718,-0.004206098358365645,2,2218.834806726142,2211.7210040948125,2
1720,1722,0.0009349215186745287,2,2227.7114837502004,2232.021930637507,2
1723,1726,-0.0036731234805991307,3,2241.3990845267526,2235.4075480045108,3
1727,1730,0.0041082206158597374,3,2232.8625291888675,2244.2684835928508,3
1731,1733,2.4663473947779966e-05,2,2253.6840061204343,2255.9932738033262,2
1737,1739,-0.0013466082338326338,2,2250.5133270741485,2249.7332806246345,2
1740,1742,0.0036041468418288062,2,2253.4690977942396,2263.8444004240077,2
1743,1744,-0.002264510724266096,1,2265.9606119130513,2263.0952804185226,1
1746,1747,-0.004364615695225559,1,2264.5367961230663,2256.917500076415,1
1753,1754,-0.0017878623307631765,1,2250.5617390230027,2248.7886062057696,1
1755,1756,-0.0009081337225045796,1,2261.7047667820234,2261.9125411797413,1
1758,1760,-0.004955936110704976,2,2265.250241255425,2256.2890560262595,2
1768,1770,-0.0004732990604554328,2,2217.511419272937,2218.679384620919,2
1773,1776,0.0043466580260589855,3,2230.351079258088,2242.2760037569324,3
1777,1779,-0.007858553843722213,2,2238.447537020972,2223.0950240619663,2
1780,1781,-0.005653400100939456,1,2216.9911452403226,2206.6745984212794,1
1788,1791,-0.016507466203158332,3,2140.6371230748396,2107.4412652355304,3
1795,1797,0.0031324596084616515,2,2119.6334548399964,2128.3927544768667,2
1799,1801,0.005261773166991412,2,2149.558921746449,2163.018972123508,2
1802,1806,0.0005550583973086703,4,2168.3470144011962,2171.71892063422,4
1807,1809,0.002765036077178946,2,2182.689969130882,2190.9078756099566,2
1811,1813,-0.0031134993851234813,2,2202.1437319111365,2197.4895024877887,2
1814,1815,-0.003761635813463962,1,2205.1582030039563,2199.0683591361867,1
1818,1821,-0.014865744809051461,3,2195.3663437023793,2164.9259542182217,3
1827,1829,0.004462353582624352,2,2101.487980407086,2112.9670508057047,2
1835,1836,-0.004475791269168578,1,2123.2705677970303,2115.8905224953987,1
1837,1839,-0.008026302671548528,2,2112.803031491904,2097.957837907277,2
1840,1843,-0.0075877981419833545,3,2091.4772690017235,2077.6990389349935,3
1844,1845,0.006817760395592536,1,2083.5377013497605,2099.8262998740965,1
1846,1853,0.011694340909734258,7,2118.223068586411,2145.1125143419104,7
1864,1869,0.016881765239998535,5,2175.5349083920005,2214.437312895288,5
1871,1875,-0.018020366483978173,4,2199.939667055965,2162.4958876800315,4
1878,1879,0.0015027106386513427,1,2204.339571371012,2209.8563954674823,1
1881,1882,0.0036088393210304695,1,2246.7736168202823,2257.1286354109375,1
1888,1889,-0.0010076381439305658,1,2287.733066828004,2287.715592793565,1
1890,1892,0.004715076354427859,2,2291.8396440524616,2304.937682610326,2
1893,1894,-0.0026607688891990685,1,2323.4425593757137,2319.5838582572615,1
1897,1898,0.00041151992373197476,1,2316.5887905081754,2319.858701741072,1
1899,1902,0.003136921668213064,3,2325.343042436449,2334.962804454733,3
1904,1907,-0.002748601565499602,3,2324.3134125541887,2320.2491144822848,3
1910,1914,-0.015855589071183167,4,2344.695264900531,2309.86343554802,4
1915,1916,-0.0021737757410165547,1,2311.9155955610527,2309.2019251197053,1
1921,1924,-0.006217107247028838,3,2321.0746785922074,2308.965383065629,3
1930,1933,-0.005487747661823983,3,2313.32022549291,2302.938628059904,3
1934,1936,0.0007703943660433441,2,2317.318256798153,2321.420823984318,2
1942,1943,0.00012980357250146199,1,2289.0707930416,2291.6569934012873,1
1944,1946,0.0007778906756727543,2,2295.4716428591123,2299.5527404892227,2
1949,1950,-0.0031075343537382456,1,2295.6940890185906,2290.85583486031,1
1957,1958,0.009681207430549423,1,2275.982542608231,2300.292784254139,1
1961,1963,0.0027373188298925027,2,2367.544312285726,2376.3925802246363,2
1964,1966,-0.0007286561766635763,2,2379.960089108377,2380.6058765783437,2
1972,1973,0.0010838353379492662,1,2433.0509171557196,2438.1209946359186,1
1975,1981,-0.010129544659983558,6,2442.09392902223,2419.798723433347,6
1984,1988,0.004305426108730418,4,2414.381111433791,2427.1904320188173,4
1991,1993,-0.003265391613676082,2,2404.3363782494307,2398.889614781688,2
1994,1995,-0.0030767501429324958,1,2393.10012406355,2388.1302530388493,1
1998,1999,-0.003696628262150739,1,2381.66085926053,2375.2384052765897,1
673,674,0.00035059840899370775,1,1979.511381960149,1982.1849068832094,1
675,676,-0.003008505950405562,1,1989.0748653905587,1985.0797966876196,1
677,680,-0.0016263326023383776,3,1990.9460367456575,1989.6990423333473,3
681,682,-0.002934793096997004,1,1991.477373997862,1987.6242773218253,1
688,689,-0.0001721971433771318,1,2002.1755183806313,2003.8329249942071,1
690,692,-0.0008036073625329001,2,2013.8668038495562,2014.2623124626716,2
693,694,-0.0030936250851128252,1,2018.0230510767292,2013.798067394659,1
700,702,-0.0025285205616942053,2,2024.4346006826318,2021.3402107696832,2
704,705,-0.00489881689344784,1,2031.2713777794572,2023.3518226165936,1
706,707,-0.002585417838442765,1,2019.9954247410305,2016.7928879610733,1
710,714,-0.006458011287835334,4,2006.39859687554,1995.4476506858964,4
715,720,0.0025388870377692292,5,1998.889544756853,2005.9633890567254,5
721,724,0.002866626197417893,3,2018.5904200406858,2026.395554640672,3
727,736,0.01709795833156982,9,2031.5268508657018,2068.2933391621345,9
737,742,-0.005157717214034524,5,2072.188570430925,2063.572996340919,5
762,766,0.006515455587686143,4,2068.0593788474243,2083.60178726185,4
769,772,-0.00012893906094247037,3,2089.2876093171044,2091.1075061440374,3
775,776,-0.00220737996971392,1,2082.671889807956,2080.157313484716,1
777,779,-0.004326481589251,2,2086.029279973117,2079.090141978648,2
780,784,-0.0002630893476984953,4,2072.661103591311,2074.1884696371585,4
785,787,-0.00194058772880524,2,2077.485252373414,2075.5311952382576,2
789,792,-0.006497183886791541,3,2080.72939967715,2069.2912475484713,3
796,797,-0.0024087871494627737,1,2072.484675072106,2069.5649852944057,1
799,803,-0.005316109850844632,4,2079.6532277161928,2070.677215933706,4
807,808,0.0015753762037980265,1,2079.797774522084,2085.1540362193005,1
809,815,-0.005315813343490655,6,2092.8672957464637,2083.834871145326,6
816,820,-0.005945915801876946,4,2087.47738299951,2077.152895624872,4
825,828,-0.0013954307816989012,3,2070.721519855368,2069.902692826091,3
831,833,-0.004610021095079771,2,2065.776716801398,2058.3192192760202,2
838,840,-0.0012699086281284023,2,2074.9010918345284,2074.3410581273292,2
844,846,-0.0005941174694794264,2,2077.498382960252,2078.3416032610803,2
847,848,0.0004568042343185989,1,2078.6088081697385,2081.636934282972,1
851,852,-0.000815273762181031,1,2074.5747240658993,2074.9579524497503,1
854,856,-0.0011223189990721694,2,2076.3527668860766,2076.0987894939103,2
858,859,-0.0028486291130767694,1,2072.441877459656,2068.6107010698247,1
864,866,-0.005605459918195252,2,2077.6518615044433,2068.083319132321,2
867,872,0.0112471491203124,5,2069.3120647382025,2094.655238171513,5
875,878,0.010372332260545063,3,2114.6788800541963,2138.72771090253,3
879,883,0.011984786588715199,4,2151.5269370847914,2179.4640552027095,4
887,888,-0.0014313866589846249,1,2172.9979591996275,2172.060556870028,1
889,890,-0.005026442078861408,1,2173.8928177474127,2165.1397642311,1
892,894,-0.0036546177031977923,2,2167.556170660141,2161.802137676831,2
896,898,-0.0015431043772661962,2,2166.9340460686108,2165.7571747029438,2
901,904,0.0025955983287331993,3,2162.1515571974896,2169.925785723017,3
906,910,-0.005248568389586866,4,2169.9062444849765,2160.6872494062904,4
916,917,0.0009008958364236815,1,2139.4498352082587,2143.5167064922434,1
918,919,4.936355470407496e-05,1,2150.1897798338573,2152.446110624512,1
922,924,-0.00224230481371555,2,2159.1171304957466,2156.434848891156,2
925,932,-0.004412061876490415,7,2155.0181840820724,2147.6651286930223,7
934,936,-0.00730734600806492,2,2149.245019229223,2135.6889872368342,2
938,939,-0.004555461471960049,1,2141.73809327145,2134.123225997794,1
942,946,-0.008904115985097067,4,2132.9115438488498,2116.052763620316,4
947,948,-0.0014441009366836619,1,2105.0887359992184,2104.153864119759,1
953,957,0.0025857283980070785,4,2122.6928130443207,2130.3042129442993,4
959,961,0.004533065779854217,2,2132.194373102304,2143.991944824114,2
962,964,-0.0017718363361960531,2,2135.686486864192,2134.0380864309072,2
966,968,0.0006058220744329249,2,2147.698059854567,2151.146880808298,2
969,971,0.0010118595582864973,2,2145.357063512679,2149.6732206268443,2
973,974,-0.0008339410154537382,1,2147.463489099637,2147.8200947059872,1
976,982,-0.006786106169833231,6,2137.2474237857,2124.8810832804734,6
988,989,-0.00022283173883280423,1,2127.273346637049,2128.9265959648824,1
990,992,0.00019776030932215877,2,2130.721374678318,2133.273468171132,2
999,1003,-0.0001645459318651047,4,2142.2431464666506,2144.0328922183003,4
1006,1008,-0.0024331025203946028,2,2147.391124655403,2144.3136930223864,2
1009,1018,-0.00433638599077121,9,2142.0897572424838,2134.9429189854454,9
1022,1023,-0.0007221821969461664,1,2150.24972359061,2150.847101244835,1
1025,1028,-0.0067029690279825395,3,2151.5078464695694,2139.237863857692,3
1032,1041,-0.0011188781620922986,9,2144.390965825572,2144.1360445687474,9
1042,1043,-0.00191786970630722,1,2145.417838703233,2143.448624661716,1
1048,1049,-0.0014601016671061877,1,2137.7089012722217,2136.7253378429587,1
1050,1053,-0.0011025022917305236,3,2144.776644303193,2144.5567997819016,3
1056,1057,-0.0032543780443048047,1,2148.187342109921,2143.3445157308147,1
1059,1060,-0.00010501937109787414,1,2141.8924768766033,2143.809429152599,1
1068,1072,0.007123283097252859,4,2140.1912505345917,2157.576629944948,4
1077,1081,0.00034587283490712705,4,2154.0089195979767,2156.9079416890113,4
1082,1085,0.005933855135615171,3,2169.4719420652364,2184.5147462322984,3
1088,1089,-0.0008120394206244375,1,2186.1437895559147,2186.554698409198,1
1093,1095,-0.012441965689954693,2,2173.5214431238496,2148.6520853452457,2
1096,1098,-0.007649740862639815,2,2147.1036358138817,2132.8259530304877,2
1108,1112,-0.008591116754019483,4,2159.2364907051474,2142.8454744046653,4
1114,1116,-0.009845365922246448,2,2144.532404668343,2125.5632308169365,2
1118,1121,-0.0053899856403568785,3,2134.6062551996824,2125.23536439154,3
1126,1127,-0.0023218989470602824,1,2126.5110391563844,2123.7000064528115,1
1130,1135,0.00020786668030238118,5,2136.2314211641724,2138.8117039192116,5
1136,1139,0.0008270462733732118,3,2141.7248194394724,2145.63784978942,3
1140,1144,-0.0032402483937605774,4,2145.3320207217153,2140.5259441082103,4
1148,1151,-0.0030592970596092146,3,2148.441546416826,2144.0172670575475,3
1152,1158,0.0027325980043563835,6,2151.58420444872,2159.61520335645,6
1160,1162,-0.0011551006635135092,2,2169.6599094670337,2169.3233937754767,2
1164,1172,-0.004643278011169652,8,2171.0971627200697,2163.187252167019,8
1177,1181,-0.011218193530116317,4,2184.0043877095277,2161.6878082052885,4
1182,1197,0.02012056314495152,15,2168.502186671197,2214.3021740347513,15
1201,1203,-0.001187700129044192,2,2224.940895659628,2224.523273966397,2
1204,1212,0.012396358687888888,8,2228.343395912894,2258.1950833243313,8
1214,1215,0.0005624317502933446,1,2272.5610625104364,2276.111784068983,1
1219,1220,0.0003442268822738137,1,2280.7795338962433,2283.8454190582465,1
1222,1224,0.00352069567808686,2,2294.943593457481,2305.318335041877,2
1225,1228,-0.011637927313809766,3,2301.534508485411,2277.0509516739185,3
1231,1239,-0.006737315557289872,8,2294.576784166968,2281.4120730857708,8
1240,1244,0.0012805235291520937,4,2281.5804626781623,2286.7836606069536,4
1245,1246,0.00024080716730547264,1,2294.131858264559,2296.9784335170375,1
1247,1248,-0.002364914462566114,1,2297.5733856784186,2294.437394535499,1
1249,1251,0.00021040494075059133,2,2292.6778434731204,2295.4529120624097,2
1254,1256,-0.0022655860084812183,2,2295.122376761984,2292.217701994202,2
1257,1259,0.005942841006685157,2,2289.3555681132825,2305.2501998304624,2
1260,1266,0.01952312711063875,6,2318.92982117039,2366.5215126509206,6
1271,1285,-0.017221728072465272,14,2375.787205341709,2337.2478313386137,14
1287,1298,0.01403410399651197,11,2343.113792938454,2378.3404093771524,11
1302,1305,-0.015390154453550839,3,2359.5827078268294,2325.6279482152736,3
1307,1308,0.0003905289659319319,1,2334.27839700408,2337.5242787296634,1
1310,1313,0.007579707408820667,3,2351.667218916202,2371.843835577418,3
1318,1319,-0.002654948160321055,1,2342.3253942475053,2338.448967145422,1
1322,1325,-0.005625495473777077,3,2341.6805147536975,2330.8490821316723,3
1326,1327,0.00171674272162128,1,2332.911242000484,2339.2491616373773,1
1328,1336,0.034131172381541224,8,2341.2968078807567,2423.5493096347677,8
1338,1340,0.0016130779824816816,2,2429.0352801444265,2435.382538753643,2
1345,1350,-0.0088617053930157,5,2438.6648956698946,2419.4928307078485,5
1352,1353,-0.0026552097014287284,1,2418.9196284578443,2414.9158092218445,1
1356,1359,0.012439012027919725,3,2438.4064368712097,2471.176210305279,3
1364,1367,0.001219209099901393,3,2458.2041468578336,2463.659415869956,3
1369,1370,-0.003142401173799949,1,2470.381504578838,2465.0889563436945,1
1376,1384,-0.009548082716877411,8,2462.798348155251,2441.746144160231,8
1385,1386,-0.0033426163366437555,1,2438.675928798184,2432.9630467276015,1
1390,1392,0.0017661070706671599,2,2427.9693366592924,2434.6853598087887,2
1393,1395,-0.0003054991103995106,2,2440.3609121420072,2442.055744966436,2
1398,1400,0.001077458825225744,2,2459.541631716366,2464.651228185185,2
1404,1409,-0.0031147144103737673,5,2463.74146017952,2458.531350610243,5
1411,1413,-0.0031596194701868723,2,2455.1836307581266,2449.8813683862572,2
1414,1415,-0.0032932687608704992,1,2454.1105299822802,2448.4825949681485,1
1417,1419,0.0014920593262432902,2,2457.922708586766,2464.047997795885,2
1420,1422,0.00332727968417663,2,2464.2025872199324,2474.8658810133047,2
1432,1433,0.001527816766269719,1,2519.119482794752,2525.4873552595973,1
1434,1435,-0.00025014622127858305,1,2525.130605496916,2527.024084223213,1
1437,1439,-0.00338333155948129,2,2518.0238036130404,2512.0225180143643,2
1441,1442,-0.00356128887124933,1,2531.2588027660136,2524.775517764237,1
1446,1449,-0.005834593040620864,3,2510.256718830177,2498.1206491671487,3
1450,1455,-0.005738592362082563,5,2498.0057149122385,2486.168684111117,5
1462,1464,-0.007326348045314777,2,2428.5101838204887,2413.146583166049,2
1466,1467,-0.0003409544748716317,1,2411.1515003029212,2412.7405589096024,1
1472,1475,-0.009397083148350062,3,2437.3303711938747,2416.863905406961,3
1483,1484,0.0024930165544355598,1,2361.246030784698,2369.4939022593244,1
1485,1487,0.0013316417705655195,2,2371.8781911612527,2377.4085614264577,2
1488,1490,-0.0005342253435884825,2,2381.2006473362985,2382.3097502496585,2
1492,1493,-0.0016960543190458828,1,2390.7570092126716,2389.09291247062,1
1494,1496,0.0007479825204511242,2,2372.109882612134,2376.256289223529,2
1499,1513,0.0009019314558986089,14,2409.2246317995523,2413.8068119110976,14
1515,1521,0.0072053921733445546,6,2421.6484795022525,2441.519054982552,6
1524,1527,-0.003856756898442613,3,2450.082295697973,2443.083006197986,3
1530,1531,-0.005032373433270225,1,2433.587260519937,2423.7741279030715,1
1533,1534,-0.0033702656445713597,1,2431.250185582248,2425.4874767940046,1
1539,1540,0.000630083751165051,1,2463.3003975734914,2467.3157835258144,1
1544,1545,-0.0011111093410842018,1,2482.414404489671,2482.1385850608904,1
1546,1547,-0.006093528713990246,1,2491.5510535620915,2478.8602667284003,1
1549,1553,1.2391290372434482e-05,4,2479.0042276500926,2481.513949938962,4
1554,1555,-0.0015373456824641471,1,2481.1369750752683,2479.8037468341095,1
1557,1558,-0.0006493714457646199,1,2475.355265708211,2476.223195946245,1
1560,1561,-0.002757013234923394,1,2475.2006784947507,2470.851718143544,1
1563,1566,-0.0038713684634850455,3,2467.5200936854008,2460.434934305377,3
1569,1570,-0.003923939555356908,1,2465.7708826517273,2458.5611176334946,1
1572,1576,-0.01100158153925897,4,2460.016592275496,2435.4125357399225,4
1586,1591,-0.0026924393187913015,5,2413.73843003176,2409.6533242074966,5
1594,1595,-0.006313398275237152,1,2396.236096850897,2383.5039401068284,1
1598,1600,-0.0013060236349094153,2,2352.620898065095,2351.900940466305,2
1604,1605,-0.0010249561980348843,1,2357.739550156495,2357.680709941367,1
1611,1612,-0.001286813962807348,1,2374.981114633794,2374.299936888713,1
1621,1622,-0.004234768046265783,1,2392.2785929716374,2384.540126621327,1
1623,1624,-0.0009117395730638625,1,2387.679608997156,2387.8903466188326,1
1625,1627,-0.003997106763855504,2,2380.8433410477437,2373.707699366609,2
1628,1629,-0.008572400174172694,1,2365.030338771669,2347.1213826224307,1
1632,1634,-0.014465292509386711,2,2320.3988121297793,2289.1539633860184,2
1639,1641,-0.005374750287616162,2,2284.9043588071277,2274.9084728062608,2
1644,1659,-0.0031912091494098855,15,2202.524419935214,2197.6982282744534,15
1662,1669,-0.04661620271015001,7,2215.3831393140113,2114.325772950415,7
1677,1680,-0.012282411254612428,3,2094.4151169928327,2070.7850643050424,3
1681,1682,0.008416547087903847,1,2080.9617376764804,2100.557211867437,1
1685,1688,0.005679712484285149,3,2114.6457710901645,2128.7709968471563,3
1693,1695,0.0023060145388496987,2,2137.793152589038,2144.8607278325508,2
1696,1699,0.0029969550878918448,3,2156.013862282768,2164.6313528591845,3
1700,1701,-0.003777803947088725,1,2163.410915562394,2157.40138418197,1
1704,1705,-0.0020693064117894774,1,2151.227104577891,2148.9267836417507,1
1707,1712,0.010978981442140396,5,2169.8712132311066,2195.8640602262367,5
1721,1722,0.0004890586957433894,1,2231.7166720266077,2235.0398291435245,1
1725,1727,-0.003211937303750026,2,2237.610787995041,2232.661333221801,2
1734,1737,-0.0024631208481238846,3,2249.1857571867536,2245.8949266141103,3
1742,1744,-0.000437077118066633,2,2266.1096679927514,2267.385312977835,2
1745,1747,-0.003879856264834685,2,2262.5000344293194,2255.9843595309794,2
1748,1750,-0.00527244214279436,2,2256.4903361732217,2246.849611766147,2
1751,1752,-0.0030153087394183403,1,2247.3477048364066,2242.818605366338,1
1754,1756,0.0059601884671216365,2,2249.259521192865,2264.9147913718352,2
1761,1767,-0.012231130071680071,6,2251.0879629868127,2225.8057012717145,6
1774,1775,0.0011655167484484067,1,2236.9139237067393,2241.7579982733637,1
1776,1777,-0.004279760284234879,1,2244.6142385920007,2237.2524419588385,1
1780,1784,-0.015381414265498161,4,2216.317256096607,2184.4434794929093,4
1790,1792,0.0017020240404747268,2,2114.554105631164,2120.267681659464,2
1793,1799,0.009621971106330177,6,2124.6108928211747,2147.1784483369156,6
1802,1803,-0.0014791615651269163,1,2168.0444180981544,2167.005574541514,1
1804,1805,-0.0008280911166551488,1,2169.8588579791526,2170.2318759924437,1
1807,1808,-0.0017932692846504826,1,2186.676646033868,2184.942022615107,1
1809,1811,0.0009794016726035045,2,2195.7180057071964,2200.064213600259,2
1813,1814,0.003262185073523385,1,2192.9236169312926,2202.270263238754,1
1819,1820,-0.00310885579121158,1,2187.4526898155627,2182.839667542644,1
1822,1823,-0.006751319042152488,1,2163.6564977095104,2151.2126188935567,1
1824,1827,-0.021820128663965873,3,2143.663693915324,2099.0323399957347,3
1830,1832,0.006861442362584944,2,2106.6346390216513,2123.195825815345,2
1833,1836,-0.00838201098884289,3,2132.129439869272,2116.3900369145217,3
1837,1840,-0.014476577382436313,3,2113.669124853416,2085.1840993314627,3
1841,1844,-0.0005418787927843965,3,2084.761878144663,2085.716951773036,3
1845,1850,0.021016620686884046,5,2099.2334052883175,2145.4514309057863,5
1851,1852,-0.0017943186309076274,1,2150.198037286997,2148.490094925839,1
1856,1861,0.0026182993067411222,5,2176.1144016723324,2183.988234903293,5
1867,1868,0.0033566058493823105,1,2200.332909682496,2209.918892907407,1
1875,1876,0.0005999723177948872,1,2163.436344589531,2166.8977828521856,1
1878,1882,0.02466092495499845,4,2199.7370855345134,2256.1843738071416,4
1884,1885,0.002828941332538912,1,2261.8233462889793,2270.4837351864867,1
1887,1888,-0.0010080900527609413,1,2285.309032620926,2285.290544350277,1
1896,1897,-0.0012256784895886715,1,2314.455434190355,2313.9331113837466,1
1902,1903,-0.002153839385535087,1,2336.932382102818,2334.2359374790153,1
1904,1909,-0.0007886146149071182,5,2330.968664984365,2331.4613976932524,5
1910,1911,-0.0031148728814959004,1,2344.3988348585663,2339.4407293393133,1
1912,1914,-0.008746570478443214,2,2325.169334721421,2307.1572465956865,2
1915,1917,-0.0002069489746938006,2,2314.2422784668324,2316.0775906785775,2
1920,1923,-0.004974348414113784,3,2319.24042206094,2310.0229525675736,3
1927,1930,0.004693989423749637,3,2297.4266666152607,2310.5081897568084,3
1931,1933,-0.0015732796526756988,2,2306.806325988292,2305.4838808589393,2
1935,1936,-0.003824178687464102,1,2325.474564345816,2318.9070086429506,1
1938,1943,-0.005268318116236529,5,2300.3515611135135,2290.5329288714997,5
1944,1949,-0.0015534898965910426,5,2297.7675674783704,2296.4957763450566,5
1950,1952,-0.007145063720345699,2,2291.952702766562,2277.868507364043,2
1954,1957,0.0037997707195998372,3,2266.827421035937,2277.707672917811,3
1961,1965,0.003608256543747799,4,2368.840644360398,2379.7568697608676,4
1968,1969,0.004705909415027554,1,2413.6114746426047,2427.3833230799864,1
1977,1984,-0.011508669085799662,7,2434.083687829421,2408.5047078268785,7
1986,1992,-0.010298217343419767,6,2420.8216652451833,2398.3123392520743,6
1996,1997,-0.002921339578469677,1,2386.2184614183902,2381.633725445592,1
1999,2000,-0.0017369705067297686,1,2378.4294361012367,2376.676603754492,1
675,676,-0.0019278161957886305,1,1985.1964680735825,1983.3545706386815,1
677,680,-0.0003488383671028287,3,1989.3202802169815,1990.615649259003,3
681,683,-0.0004997611803951808,2,1990.3170755227447,1991.3127093872436,2
684,687,-0.00017204330749623744,3,1994.7843907932809,1996.4359858797402,3
688,689,-0.0008074951638491984,1,2003.281070006849,2003.6667113009946,1
691,693,-0.0007217671018002962,2,2016.2911239314062,2016.852122454432,2
695,697,-0.0006815098501621467,2,2016.9988498347884,2017.641244100695,2
699,700,-0.0008685519478624349,1,2022.244780353776,2022.5106004910988,1
704,705,-0.004102725550248162,1,2028.3436896767196,2022.050295886075,1
708,709,-0.004113342815534294,1,2014.8402688102722,2008.5673803349225,1
710,712,-0.008460793822928827,2,2008.645047209013,1993.6589606483394,2
713,714,-0.0003763824048028477,1,1994.6306969452448,1995.8745837437802,1
715,716,-0.0013344679359035096,1,1996.029484314637,1995.3618764530158,1
720,721,0.0019608796172444908,1,2006.3652061204752,2012.305811964026,1
722,723,0.00026124097409020914,1,2022.3706626319824,2024.9213593764919,1
733,734,-0.0020662414507810916,1,2050.4320388543065,2048.2457832224704,1
737,738,-0.002181216549607036,1,2067.775965209428,2065.3334740184428,1
739,740,-0.005095416929462554,1,2071.3663979835387,2062.883288970117,1
741,744,-0.0012313652303073458,3,2064.2988978919657,2063.8212909020317,3
746,747,-0.004266518961649135,1,2071.800441653206,2065.0328662257925,1
748,749,-0.0020852915131897823,1,2069.218288956904,2066.972583908962,1
751,752,-0.004544842805281774,1,2065.251098270345,2057.9301077735413,1
755,759,-0.00019066062409177614,4,2054.088998467314,2055.7514535753935,4
764,765,-0.0006613201324267063,1,2075.5798186362595,2076.282775734373,1
766,767,-0.0025931140955429794,1,2084.7238737098633,2081.402670721341,1
769,770,-0.0014321546990838313,1,2092.518545445102,2091.614253722768,1
773,775,-0.005282009184597538,2,2089.9573584625273,2081.0081418581735,2
780,781,0.00011030691975115968,1,2074.221652830615,2076.5246754848504,1
784,790,-0.00106965385538291,6,2078.2336817861424,2078.0889247978193,6
794,795,-0.006752501816406499,1,2083.9760547922224,2071.9879787516825,1
797,798,-1.7565426188336777e-05,1,2069.8441615799884,2071.877648046727,1
800,801,-0.0022642103817119095,1,2072.2530387502734,2069.6332749451512,1
803,804,-0.00028692463902519586,1,2070.9998371077486,2072.476616064173,1
805,807,0.003240551084717407,2,2074.1652196161117,2082.960823188038,2
811,815,-0.003986997095860492,4,2090.5709498084025,2084.3264204526345,4
817,820,-0.0036168677195196138,3,2081.898463346366,2076.4504104623174,3
822,823,-0.0024418482751749045,1,2077.850118746683,2074.8541741368963,1
824,825,-0.000783089238027521,1,2071.7609125408576,2072.2102997790216,1
829,831,-0.004714060261199268,2,2068.571587287249,2060.8887877574593,2
832,834,0.0005802330067648694,2,2059.3811619316557,2062.63546401725,2
835,839,0.0017926745387150922,4,2065.155209893048,2070.922516266211,4
848,851,-0.004017085547647129,3,2077.414626726649,2071.1468890798815,3
852,854,-0.0008155658119691741,2,2075.1620560407123,2075.5447868695505,2
855,856,-0.0006809560640713391,1,2074.467723102348,2075.1295694496835,1
857,858,-0.002948989907033544,1,2070.5569427793216,2066.5214481959065,1
863,867,-0.004181202153231905,4,2070.0582054557135,2063.4729318352024,4
870,872,0.0030930839073633008,2,2084.009851589044,2092.5398787753697,2
877,879,0.007696320007958785,2,2130.5155319641367,2149.0431768120234,2
886,887,0.0009263787344989099,1,2167.5940377592415,2171.7696448186075,1
888,894,-0.006444840524167146,6,2175.0862403544065,2163.2432426493665,6
899,900,-0.0020103835489305886,1,2165.3911421982093,2163.203266611132,1
905,907,-0.005467319544596326,2,2172.365493638536,2162.660842810798,2
908,914,-0.005481236574377582,6,2164.3053616141515,2154.6065972695646,6
919,920,-0.0026336264337086055,1,2156.774633376059,2153.2512693234235,1
921,922,-0.003813227052902837,1,2159.7011960294794,2153.6254661986227,1
926,929,-0.002849517368544814,3,2157.7321304842767,2153.741367432279,3
930,934,-0.0023658614081939885,4,2153.283895185854,2150.342807812534,4
935,937,-0.005519382576312076,2,2144.013042922213,2134.3234277326446,2
940,942,-0.0016856553652747938,2,2137.316222260938,2135.850759925856,2
945,946,-0.0062544947733553435,1,2124.0802899503656,2112.9193211686343,1
948,949,-0.0005312484280915002,1,2107.193193008934,2108.180943130472,1
951,952,0.00020024275947515074,1,2114.847291202021,2117.385621350682,1
953,955,-0.0006398459937397536,2,2118.103059223781,2118.8659025262327,2
957,960,0.003826295140701667,3,2128.5553737387518,2138.8284101957415,3
962,963,-0.004163339760419293,1,2142.5005584712635,2135.723101267931,1
973,975,-0.0036948412572473444,2,2151.9904166896386,2146.1911441295424,2
976,979,-0.007078201067331584,3,2142.017270965737,2128.9976593031106,3
984,985,-0.0008511048995753812,1,2121.7892929257887,2122.1052169556388,1
988,989,-0.004452880318047124,1,2133.984225859875,2126.6158337273805,1
991,993,0.00013733734190062084,2,2134.222971275701,2136.650302756875,2
994,996,-0.0034563784903386607,2,2139.9800341792347,2134.7234332535227,2
998,1001,0.0037847622795672553,3,2135.3924085405856,2145.609753589045,3
1006,1012,-0.005281571008182303,6,2152.552015001873,2143.3357107008364,6
1013,1015,-0.004293674453329946,2,2137.665839732879,2130.6250643667945,2
1016,1018,0.0015441353528316162,2,2133.4816163463224,2138.9094823510854,2
1019,1020,6.4673675854378e-05,1,2143.174823685868,2145.4566055034,1
1023,1024,0.0003049530073734948,1,2148.4554076516706,2151.2590409970935,1
1033,1035,-0.00398545898695681,2,2155.057032833195,2148.6231984471187,2
1039,1040,-0.003635953039686024,1,2149.8682273084796,2144.2012756197814,1
1042,1053,-0.002164090209597607,11,2144.108247358348,2141.6123119392805,11
1055,1056,-0.0011549155246175394,1,2149.4088795911543,2149.075902786955,1
1060,1063,-0.0002618957239692828,3,2142.5934137460094,2144.1748711064906,3
1067,1069,0.003878863776926273,2,2137.3507703750424,2147.7786136272107,2
1070,1075,-0.0005563639012256548,5,2151.0603952018528,2152.014683243808,5
1077,1080,-0.0046165401047944185,3,2156.388027264588,2148.589363482487,3
1081,1083,0.006797214712048803,2,2157.7570953500817,2174.581590718973,2
1084,1085,-0.0013473995508247493,1,2182.5691945553976,2181.810970997565,1
1087,1088,-0.0008717816623006645,1,2187.4511364761497,2187.731607824667,1
1089,1091,-0.004887647158478439,2,2187.3153701107976,2178.81185972749,2
1092,1094,-0.01079789797759596,2,2179.728682121478,2158.371922875212,2
1095,1096,-0.0019628379346790757,1,2149.264815545621,2147.1954218495425,1
1104,1107,-0.0013622918739241196,3,2153.3240461297946,2152.5439143259564,3
1108,1110,-0.0021196965422038785,2,2152.5942010357835,2150.1839487521156,2
1111,1117,-0.01210101366653292,6,2152.3013066585745,2128.408580438861,6
1118,1119,-0.006157156085757682,1,2134.4586290791362,2123.450892770383,1
1122,1124,-0.0015543685365422186,2,2127.6613912938983,2126.4818827621493,2
1125,1132,0.006226193910708322,7,2125.7873534959917,2141.1487051252852,7
1134,1141,0.0012740763470810825,7,2140.514661592699,2145.3823553552074,7
1142,1146,0.000834820106813607,4,2143.2744601031104,2147.2069831769277,4
1156,1158,-0.000480446705504276,2,2159.3481160699016,2160.470012497569,2
1161,1165,-0.00043980436709349505,4,2167.4870316681017,2168.7012484376237,4
1167,1172,-0.004161686104795329,5,2169.738194747681,2162.8781636463036,5
1173,1181,-0.004754266866501432,8,2162.7535893402023,2154.6340351993354,8
1184,1186,0.01038443460351977,2,2180.5722988601356,2205.3968815947555,2
1187,1190,-0.004569880374484832,3,2213.049412641458,2205.149090975504,3
1191,1198,0.00013096226297615375,7,2215.4090772934696,2217.9146213569434,7
1200,1204,-0.003041534613329559,4,2226.64539618317,2222.099622535251,4
1209,1218,0.01279682062113387,9,2245.34332034229,2276.321919365914,9
1227,1228,-0.0015569895230123725,1,2280.834997695806,2279.5645964983696,1
1231,1232,-0.0018616455844340592,1,2294.842535005276,2292.8651940680174,1
1233,1235,-0.002359194622262299,2,2295.3403594247256,2292.220545151934,2
1236,1242,-0.005753450893209178,6,2289.9186328906244,2279.033617119734,6
1245,1246,-0.0014182856886742067,1,2296.851683487097,2295.890943298887,1
1248,1252,-0.0026403169629404793,4,2298.3582439511865,2294.5882079367193,4
1254,1256,-0.0018600326404765817,2,2290.626494623099,2288.6564810705827,2
1258,1265,0.022601815817523043,7,2297.587750722843,2351.8149936400005,7
1266,1277,0.0060683186444522325,11,2367.398504186149,2384.132031172136,11
1278,1282,-0.008897462459123269,4,2384.0408937372995,2365.2130202779945,4
1283,1285,-0.007117258548162598,2,2351.734709595784,2337.3485403404984,2
1286,1292,0.012226788421012536,6,2341.116498601695,2372.0819511976415,6
1293,1296,0.0008842186549932467,3,2378.1672967439836,2382.6482839292034,3
1297,1298,-0.002710283861728539,1,2383.9979822920827,2379.920669016575,1
1300,1301,-0.0018304094307613104,1,2370.2314309771573,2368.263168443787,1
1305,1306,-0.00035895744191515077,1,2333.04200917167,2334.537588389349,1
1312,1313,0.0008878855574623501,1,2359.3436400029277,2363.79781078598,1
1314,1319,-0.017464836374848105,5,2368.6319965046937,2329.632858250014,5
1320,1322,0.00022989271424654536,2,2335.0876207028414,2337.959527954671,2
1323,1328,-0.0027127673677577262,5,2344.260541140068,2340.2453681836814,5
1329,1332,0.012036528939412292,3,2353.870465395788,2384.556765837548,3
1334,1336,0.0019501237938480938,2,2413.7966901102623,2420.9176891592683,2
1338,1339,-0.0026212034630894742,1,2432.2174652783065,2428.2743459006106,1
1342,1343,0.0005321616632792798,1,2429.79296168086,2433.5157973064534,1
1344,1348,-0.008579443760038635,4,2439.1374286941045,2420.6501237303123,4
1351,1354,-0.002285753294001108,3,2427.0531856890716,2423.932594060856,3
1355,1356,0.0027244035565082963,1,2428.4203375632856,2437.4647549052033,1
1357,1358,0.0032358445140623837,1,2452.7084120765253,2463.0977035484143,1
1359,1368,-0.001537768824501662,9,2469.942099118706,2468.613841259476,9
1370,1378,-0.010255513784341884,8,2470.9977281679103,2448.1273746337747,8
1380,1385,-0.0034819377248149707,5,2444.6216477026496,2438.554249012317,5
1389,1395,0.0036563425911410414,6,2429.783587785212,2441.097492592272,6
1396,1397,0.0007595671525093275,1,2446.7971112676646,2451.102415093506,1
1398,1401,-0.0019619106655744947,3,2467.055267718183,2464.6821809436033,3
1402,1404,-0.0030178300399303255,2,2467.7844369113145,2462.8048673424423,2
1408,1411,-0.00808985438543749,3,2473.291838267117,2455.756559281112,3
1413,1418,0.003909328601731184,5,2448.889257541899,2460.9116596164217,5
1422,1425,0.006086806392830319,3,2470.7429559176335,2488.252632892671,3
1426,1430,0.0009970797166146484,4,2493.638502577328,2498.6184974513944,4
1432,1433,-0.0005447278264180058,1,2517.1705599626125,2518.3165576747233,1
1439,1441,0.0009669307083853954,2,2516.022139965611,2520.970981175687,2
1442,1446,-0.011076549181525983,4,2528.852367298198,2503.370262046299,4
1449,1451,-0.007410955607123918,2,2510.2042995103266,2494.1114911813543,2
1452,1455,-0.0026148308155821256,3,2495.5943025547635,2491.564339971807,3
1457,1458,-0.013186816849747235,1,2477.437477500674,2447.2454007056735,1
1459,1464,-0.013139216439141791,5,2440.313008926578,2410.6895211319647,5
1468,1473,0.008013398156328361,5,2416.418150209829,2438.1982891098487,5
1475,1479,-0.013528981990085905,4,2413.8838664764116,2383.6403589871697,4
1483,1485,0.0005750428065731299,2,2366.122678878078,2369.8494233829147,2
1486,1488,0.0015650785015927202,2,2374.606916769009,2380.6979699209464,2
1490,1493,-0.0014841854032271898,3,2387.843518870293,2386.6873598932652,3
1495,1496,0.005452385807819554,1,2366.558728109923,2381.828678060551,1
1501,1504,0.0002748804141872517,3,2410.803850544759,2413.8773371562656,3
1506,1511,-0.00027518175665148387,5,2420.4508990102945,2422.2052859790265,5
1512,1514,0.0015101010555408144,2,2417.49182475358,2423.5599735346555,2
1523,1528,-0.007930613633211547,5,2453.5449240114076,2436.540352111357,5
1529,1530,-0.0033107494004714164,1,2435.468716818258,2429.8409589410035,1
1534,1535,0.0002955306086924905,1,2432.1347923831586,2435.285697451157,1
1536,1537,-0.0012044066830511914,1,2452.4954804160748,2451.994173949725,1
1538,1541,0.006541944848665687,3,2457.650796139265,2476.1862629010266,3
1543,1545,-1.8223781915957917e-05,2,2482.6510842364714,2485.0884920287754,2
1547,1548,-0.006592911076409269,1,2486.190639597912,2472.28559643164,1
1551,1552,-0.0017917861857320205,1,2479.8430258794688,2477.8795204287935,1
1554,1558,-0.004301082664865584,4,2480.3676158334442,2472.1797172943225,4
1563,1568,-0.002842712744413229,5,2468.045652626828,2463.497753448939,5
1569,1570,-0.005333737616857587,1,2474.269665223834,2463.546829701404,1
1572,1573,-0.003603490502976163,1,2456.488095268035,2450.0926518413307,1
1575,1576,-0.003748957601084996,1,2441.213163530413,2434.5023720486574,1
1578,1580,-0.003913933425107943,2,2427.339196407554,2420.2660915890674,2
1583,1584,-0.001488629916065823,1,2409.926693621787,2408.7491313437577,1
1598,1599,-0.001060750581679622,1,2352.87345212821,2352.7305136973746,1
1600,1601,-0.0005899329816651973,1,2355.2402150067073,2356.2060213391374,1
1604,1605,-0.0006814689030882212,1,2359.673496542174,2360.425125929381,1
1614,1618,0.0015905552561595532,4,2375.607691743119,2381.7618347355374,4
1621,1622,-0.0040241393013545936,1,2390.946212526323,2383.7156581175973,1
1626,1627,-0.002804456817794871,1,2375.620478529119,2371.333773960144,1
1632,1633,-0.013822360748324661,1,2321.8374693701676,2292.066031738926,1
1641,1646,-0.07096658033388324,5,2276.700382129298,2117.4074419468657,5
1650,1651,-0.0009146722016081084,1,2161.51333304514,2161.6977702190434,1
1655,1657,0.004910752410755461,2,2182.162426786361,2195.0606486111483,2
1659,1660,0.0016267501713987265,1,2197.6728200582033,2203.4455575149696,1
1664,1666,-0.011851092458362137,2,2190.9774359673124,2167.202937235446,2
1668,1670,-0.011252830236842433,2,2135.2254134034265,2113.3333097224095,2
1671,1672,0.0019767988318103815,1,2120.318268574465,2126.6300295194237,1
1673,1674,-0.0013763716319778701,1,2127.1119833943503,2126.3113987857605,1
1677,1679,-0.015590791584166194,2,2097.940777210742,2067.3301605745364,2
1680,1681,0.0013115977038881095,1,2077.099071128156,2081.900488571724,1
1682,1683,0.0019982585633495343,1,2096.6299836749467,2102.9162224776755,1
1684,1687,-0.00013907297645508992,3,2115.6532657307553,2117.474688799674,3
1689,1693,0.0014628179605776833,4,2137.23750093386,2142.50112783718,4
1696,1698,0.003113624059853319,2,2156.490341028738,2165.361331580435,2
1701,1702,-0.00676771371798875,1,2160.2329953748745,2147.773389893399,1
1703,1705,-0.0034695787654779146,2,2155.019020423981,2149.697031211941,2
1712,1713,0.0016132445974978635,1,2198.352310576776,2204.0971428757875,1
1719,1725,0.006443619846974266,6,2220.224264429375,2236.7507698288155,6
1726,1731,0.006734020491124454,5,2233.3302255339613,2250.6028472616886,5
1732,1734,-0.005833398080945751,2,2262.489199527381,2251.553688572225,2
1736,1739,0.0009880380536201223,3,2247.5426848911925,2252.0108852758917,3
1740,1745,0.002875938600919039,5,2250.554651444907,2259.27766309192,5
1753,1754,-0.0007408903210085844,1,2249.879373687503,2250.4623392097888,1
1755,1760,-0.0003120657151242397,5,2257.563677080755,2259.116732534509,5
1763,1766,-0.003165776814813313,3,2241.465712328308,2236.6111978573485,3
1770,1774,0.006704320277608759,4,2218.5169370054173,2235.6091020294066,4
1776,1779,-0.008295277293512383,3,2239.9372696735763,2223.5963061712346,3
1781,1783,-0.006901642005830048,2,2213.2755532807323,2200.213593305014,2
1784,1787,-0.02079565197622279,3,2188.7661217892837,2145.438069384996,3
1789,1791,-0.01296360922076165,2,2135.5395715099103,2109.990810600893,2
1794,1796,0.0001999893450073786,2,2122.840651970601,2125.388038134114,2
1799,1804,0.007263646205125281,5,2150.5318002631616,2168.3030342134075,5
1809,1817,-0.0024823246219875627,8,2197.401812784975,2194.1445499734837,8
1819,1820,-0.002894848598151527,1,2184.941272451292,2180.8011395441445,1
1822,1823,-0.005698019107321638,1,2158.7152740923075,2148.5735884873548,1
1828,1829,-0.0012671271855214065,1,2113.2391631594423,2112.674659529454,1
1832,1833,0.0025289216236942325,1,2120.8765885173116,2128.360995771717,1
1839,1843,-0.009943857344146968,4,2098.438152272732,2079.6700207932895,4
1844,1847,0.018682957788216756,3,2085.907768931596,2126.96460349759,3
1849,1850,0.00019279840882833023,1,2143.3914666929436,2145.948100623911,1
1851,1854,-0.0008912130772551349,3,2151.9238403123995,2152.1579414849684,3
1857,1858,-0.0019143810262900202,1,2183.858897767701,2181.8620186274875,1
1859,1862,-0.0013828421815080658,3,2182.9510828581056,2182.115357103419,3
1864,1866,0.0038586485040972406,2,2176.400185449913,2186.974548955266,2
1867,1871,-0.0007920215247663766,4,2200.5714876507477,2201.029159153392,4
1876,1879,0.018916230820825608,3,2170.566303033766,2213.7958025368926,3
1880,1882,0.012602311985207965,2,2224.979725450188,2255.244593836524,2
1885,1887,0.005100449302208869,2,2274.872434852521,2288.7501788103314,2
1888,1890,0.0013277253320276104,2,2286.5516059358356,2291.874070031961,2
1893,1894,-0.0023742268582258594,1,2319.608507421857,2316.420839110389,1
1898,1899,-0.00045600353917861134,1,2320.055187649591,2321.3172894605827,1
1906,1909,0.0060167716106832355,3,2318.420254398991,2334.6880798216907,3
1910,1911,-0.0020341115743122253,1,2340.9527739136315,2338.531967555209,1
1915,1919,-0.0013095066281484224,4,2315.2167625763777,2314.50018764276,4
1921,1922,8.777950731658291e-06,1,2319.676461757212,2322.016500224664,1
1924,1925,-0.006644643795977498,1,2309.558520228902,2296.521885056245,1
1927,1928,0.0016139786132163187,1,2296.0433996620422,2302.0452080037753,1
1930,1935,0.004379476869455233,5,2306.6197910275105,2319.0281988399706,5
1936,1939,-0.010449540515268817,3,2319.220745174693,2297.305174779313,3
1940,1946,0.0004244385618488596,6,2293.1890916974708,2296.455598669296,6
1947,1950,-0.006468108309936323,3,2299.9803422456057,2287.4038006234823,3
1953,1956,-0.009038976210460885,3,2277.4263846224503,2259.1182080953945,3
1958,1959,0.010071295971728452,1,2302.3944427448864,2327.884933064178,1
1961,1966,0.007086079291319905,5,2369.3031205782886,2388.4614934764563,5
1970,1971,-0.004219317411571661,1,2428.728954238671,2420.9101048283023,1
1972,1973,0.0019967399227956337,1,2433.7355462218443,2441.028818694734,1
1974,1978,-0.013368148892888544,4,2452.903536643872,2422.5656604827677,4
1979,1982,-0.005174631665480532,3,2429.7825249281696,2419.639077859373,3
1986,1989,0.0002583485590165811,3,2425.8524675115777,2428.9050354684578,3
1992,1996,-0.0062738347306585335,4,2399.4520753657057,2386.7977616760913,4
1997,1999,-0.004949077097200283,2,2384.645415624261,2375.228267028476,2
675,677,-0.003602020090271365,2,1989.51539325788,1984.338634234719,2
678,679,-0.003123937083858507,1,1991.411453744687,1987.181821108858,1
682,683,0.0006692228976628281,1,1989.2815764967652,1992.6021308541524,1
685,687,0.0035012524680597358,2,1988.8914467012294,1997.8439492343962,2
689,694,0.0011722420880981924,5,2009.836503718233,2014.2023551618058,5
695,700,0.0027549184736670967,5,2016.134133370367,2023.7045526731501,5
702,703,-0.0007061947931073416,1,2026.6302897306894,2027.2257242622586,1
707,708,-0.004301896105826257,1,2020.2883124612033,2013.6175303496414,1
709,710,-0.005305700457610528,1,2015.8687126993257,2007.1889858605734,1
712,719,-2.163825330737338e-05,7,1997.6394572656634,1999.593871294336,7
722,723,-0.001112444073546238,1,2023.5668365748954,2023.3392984766979,1
725,727,-0.00022827046649449,2,2030.2029200242855,2031.7696875766774,2
728,735,0.008928975271620919,7,2037.1078984496069,2057.3342923989367,7
744,746,6.760444487111474e-05,2,2067.3085284186955,2069.515596192555,2
752,755,-0.003406097488693373,3,2057.9292822695684,2052.977703791591,3
758,762,0.006213016078392435,4,2050.911314635295,2065.7045709231165,4
764,769,0.006579196083581197,5,2073.1508071813014,2088.863623659763,5
776,777,0.00048745620562202943,1,2079.6356400396935,2082.7290069779033,1
780,782,-0.002379684144909744,2,2078.7393316981347,2075.8713280007905,2
784,786,-0.002014646623325746,2,2076.397825887651,2074.291015844933,2
787,788,-0.002718039744348459,1,2076.8737898390964,2073.305638124157,1
789,790,-0.001999089882024591,1,2076.763461669662,2074.6885883077493,1
792,793,-0.002985779113644138,1,2076.5018824091767,2072.378408341646,1
795,800,0.0005761033080030438,5,2073.4206039252804,2076.6885289980087,5
801,802,-0.002849183858798106,1,2074.715154710293,2070.878624934599,1
804,808,0.007567632377734525,4,2071.549308959206,2089.2975818907184,4
811,812,-0.0036943105264337353,1,2091.124460106349,2085.4903214614014,1
814,822,-0.005494463544453091,8,2088.1300430594697,2078.7450187048616,8
829,830,-0.002025044626179338,1,2064.846402437891,2062.729842729186,1
836,837,-0.0026642319475088383,1,2072.184090901615,2068.735495936417,1
840,841,-0.0037558402041294263,1,2080.2303166241168,2074.497534283715,1
842,844,-0.002039519189985592,2,2076.396655461111,2074.2382012917374,2
847,848,-0.0021668130894940173,1,2079.6402663834333,2077.2137148991783,1
849,852,-0.0027704695742008668,3,2077.6852017449323,2074.0067233104755,3
853,859,-0.004806223948089319,6,2075.864381498871,2067.9631767770243,6
864,865,-0.004467339182876421,1,2071.6838535777083,2064.500622977666,1
866,868,-0.0006585193970489757,2,2067.2556988176566,2067.961626540143,2
869,877,0.02682282171085894,8,2075.297034246599,2133.0376536275166,8
878,880,0.01050512026751875,2,2138.3359310332094,2162.937743092103,2
882,883,0.0013911839136009191,1,2176.1212094374982,2181.324715467551,1
884,888,-0.005956938176274974,4,2180.7320214114484,2169.9222676022887,4
889,891,-0.0027979627228192504,2,2172.940188464993,2169.033323007217,2
896,904,-0.0021304416321047473,8,2169.513333272843,2167.060825079505,8
905,908,-0.0037629069523491617,3,2167.143582027145,2161.1559659576233,3
922,923,0.0004318655324260666,1,2157.145233141884,2160.233975049657,1
929,930,-0.0016747979966046092,1,2152.1685220893655,2150.716243082304,1
934,937,-0.006725980179949251,3,2148.928288484733,2136.623567696737,3
939,940,-0.00431615353581245,1,2139.3581768472663,2132.263736664745,1
943,945,-0.005247965880608002,2,2130.952764882527,2121.9005502441187,2
947,948,-0.0017601240579783847,1,2105.664274938412,2104.0637088650055,1
950,952,-0.0026329965239546152,2,2119.520123419916,2116.0589544259196,2
953,955,-0.003346680295324727,2,2121.0215148710013,2116.0441554760937,2
964,965,-0.0018939331061464649,1,2140.313572715793,2138.4002755556075,1
972,973,-0.0011433741857316757,1,2147.428683391309,2147.1207975524107,1
976,977,-0.005240311499469262,1,2142.817838248287,2133.731623127495,1
979,980,-0.0023798076537743483,1,2130.3290120963297,2127.3895678203817,1
981,984,-0.006605388485511986,3,2129.314290663127,2117.3786568562077,3
989,991,1.7850576629848498e-05,2,2129.368423725359,2131.5358026033055,2
993,994,0.0010408160146014294,1,2137.6807301836775,2142.043343251941,1
995,996,-0.00010694544581856598,1,2139.0265399679542,2140.9368073609876,1
998,1001,0.004044847317291751,3,2133.9526710152986,2144.7181364228977,3
1004,1012,-0.003874473606528014,8,2145.3231760958133,2139.156501248653,8
1014,1018,0.0008261499159335358,4,2132.6978587388357,2136.5924847542833,4
1021,1023,0.0006795899112151903,2,2144.621019759391,2148.223103587559,2
1029,1032,0.0015673965355967544,3,2142.4340642007764,2147.93454199495,3
1035,1036,0.0011753506656346068,1,2147.770085080143,2152.442238164352,1
1037,1043,-0.006486895544501659,6,2153.11998807515,2141.306043605803,6
1048,1049,0.00011214999824305286,1,2138.6756072411513,2141.054135313987,1
1050,1052,0.0007929896463883912,2,2138.8841818267024,2142.7191790195416,2
1053,1064,-0.0027826181676224,11,2143.0156328192925,2139.19545421873,11
1067,1070,0.0042651422575315946,3,2137.4176901877445,2148.6714983903476,3
1071,1075,-0.0012724721067360293,4,2150.643077016547,2150.057086766515,4
1082,1084,0.005971502492241745,2,2166.7000555675263,2181.8052104048556,2
1085,1087,-0.0024162017429014,2,2188.2704547697767,2185.171422337792,2
1088,1089,-0.001375507978850265,1,2183.184593613269,2182.3647903790643,1
1090,1094,-0.014390050293718551,4,2182.2762990503006,2153.055509651227,4
1095,1098,-0.009413498726560866,3,2154.0462173921155,2135.9231522851337,3
1102,1103,-0.0011721084595402579,1,2147.5883962227417,2147.2187780921413,1
1106,1108,0.0007087146737195906,2,2154.254942465618,2157.935949496742,2
1109,1114,-0.008214761705799028,5,2154.2352189601015,2138.6929251970646,5
1117,1119,-0.007963344986268906,2,2136.4176598260437,2121.5410466259177,2
1120,1122,0.000664110761948463,2,2123.1971542108417,2126.7303894449024,2
1123,1124,-0.0013539534136242238,1,2128.57554890865,2127.8221323269568,1
1129,1130,-0.0019742110121637214,1,2132.160291842786,2130.0831178067747,1
1138,1149,-0.0009426895885133668,11,2148.601742241359,2148.7248794913276,11
1150,1152,0.00496642147628427,2,2143.3057060222004,2156.093571216854,2
1153,1154,-0.0016613632654168399,1,2157.9717345161243,2156.5445312831075,1
1155,1165,0.0013805747166636337,10,2160.1925723409636,2165.335072161803,10
1166,1178,0.0007316573722858282,12,2166.2202434244005,2169.971394678921,12
1179,1181,-0.0035044934315191082,2,2166.2628479827135,2160.837456908997,2
1183,1186,0.015646327529535414,3,2168.079969734967,2204.1705390214006,3
1187,1190,-0.005777075292732393,3,2215.3441672302947,2204.76130134412,3
1193,1194,-2.0572223176474865e-05,1,2215.052660872946,2217.222144976132,1
1197,1210,0.014746249054618792,13,2217.4552063475267,2252.371808294136,13
1212,1214,0.0018443146295181391,2,2261.6815751853105,2268.1145091769217,2
1215,1220,0.00406414058047147,5,2275.00695093252,2286.527905953592,5
1222,1225,-0.002134395025585375,3,2302.7213461346996,2300.109150494335,3
1226,1234,0.000987326793652502,8,2294.45786804544,2299.0177056435136,8
1235,1239,-0.006445161194703445,4,2293.4446088426116,2280.95643325634,4
1244,1247,0.002871547333636882,3,2289.4576567750464,2298.3214004616084,3
1248,1250,-0.0003410368303411378,2,2294.5642991792274,2296.0763325428006,2
1255,1258,-0.0017329587203315738,3,2293.2099060682476,2291.529077870044,3
1259,1263,0.01632086146717887,4,2302.875420255102,2342.763206385512,4
1265,1270,0.008351278832409641,5,2353.1374103537028,2375.1422544088946,5
1271,1275,0.002703187040023015,4,2378.0329088850863,2386.8392095340178,4
1276,1278,-0.0013261962631157043,2,2380.742504124145,2379.965914815859,2
1280,1282,-0.007569279727806307,2,2379.940822606622,2364.3063256072937,2
1283,1284,-0.006397218595736692,1,2354.8283336080617,2342.1188103361446,1
1288,1303,-0.0006441487512989167,15,2346.232807008238,2347.0677168823554,15
1306,1313,0.014150498294881696,7,2332.300704004085,2367.6362218432505,7
1316,1318,-0.011238874139873591,2,2365.984047368533,2341.759034490578,2
1319,1322,6.852513905330061e-05,3,2335.859693090737,2338.3556178941058,3
1323,1324,0.00029117013387374075,1,2340.3499536379786,2343.3717436009288,1
1330,1331,0.0033333119430582073,1,2362.7735006524426,2373.0121352815613,1
1337,1339,0.002119725180500445,2,2427.623843421215,2435.1973626543195,2
1341,1344,-0.00260430502029655,3,2439.3878383885403,2435.4743162329632,3
1345,1346,-0.005022534287850212,1,2436.83886294929,2427.0365950691107,1
1349,1351,-0.002798217387990477,2,2423.720568121977,2419.36219165275,2
1352,1356,0.005564552003085961,4,2416.793832933389,2432.6590017304175,4
1357,1360,0.005885716236758175,3,2453.9791384517,2470.8765424500025,3
1361,1362,-0.0010729658903531707,1,2465.6484909051824,2465.4685826677455,1
1363,1364,-0.0018995928550470623,1,2454.322973786018,2452.115082374822,1
1366,1371,0.0013081507057088179,5,2462.8622851497753,2468.5469424713074,5
1372,1375,-0.0064469445420410375,3,2476.0909033789726,2462.603773547215,3
1377,1378,-0.0056635301230573065,1,2460.785620475093,2449.309672607621,1
1379,1382,0.00028176039762341665,3,2444.9284048092445,2448.0622172135536,3
1383,1384,-0.00487092543220809,1,2449.5053638892646,2440.0235112798555,1
1387,1389,-0.002672004204568786,2,2427.8014414107165,2423.7421471928196,2
1391,1394,0.0003617720795130476,3,2431.74588753031,2435.0573711844195,3
1396,1399,0.005749368808963843,3,2445.454090436791,2461.959361998538,3
1400,1401,0.0003057384316380411,1,2459.5398666542633,2462.7513823822997,1
1402,1408,-0.000146897209671271,6,2464.3326602608154,2466.434989329582,6
1410,1415,-0.007043630738488544,5,2461.808023484832,2446.9297648418415,5
1416,1417,-4.238896258415591e-05,1,2452.1800733462796,2454.5283080502472,1
1420,1423,-0.0002536863855117612,3,2473.25579532232,2475.101619794481,3
1426,1433,0.009466198515917512,7,2496.231863520603,2522.3579217459683,7
1438,1439,0.0003007126248624672,1,2513.5008207044493,2516.770162954542,1
1441,1443,-0.0015266581470395986,2,2525.3481223665467,2524.018127203791,2
1445,1450,-0.0066299812091130785,5,2513.2799954603333,2499.130276312652,5
1451,1457,-0.00893731939586647,6,2494.661808375482,2474.860880817736,6
1460,1462,-0.00578879502918681,2,2444.1073510463834,2432.4030219128936,2
1463,1466,-0.005299546924253482,3,2421.236107083918,2410.8258888268138,3
1467,1469,-6.219459920669816e-05,2,2414.77677969485,2417.041370400558,2
1470,1472,0.0042395762264762155,2,2423.895472414754,2436.5956575074815,2
1475,1476,-0.007457541180344311,1,2416.7537844904605,2401.1474974043604,1
1479,1492,-0.0011333987456746126,13,2386.6198856877927,2386.30151358864,13
1493,1496,-0.007073452668745617,3,2393.2449363184337,2378.7096764729886,3
1497,1500,-0.000805955814302453,3,2399.7313959890416,2400.197049913669,3
1501,1503,0.0033853918235444928,2,2412.531128406699,2423.11102269126,2
1507,1508,2.118162268208764e-05,1,2421.5578618381614,2424.030712224932,1
1509,1510,0.0003446896605039584,1,2429.0489214597274,2432.3152384292725,1
1513,1514,0.0010002989550421176,1,2415.9217990351476,2420.754364885221,1
1515,1519,0.0008231306193563568,4,2428.0460866594676,2432.472731825265,4
1521,1523,0.0013760899053503074,2,2445.965259309167,2451.777092670649,2
1524,1525,-0.003021978094829473,1,2452.717147135657,2447.757806791336,1
1528,1530,-0.00597810031658062,2,2443.288419986716,2431.125485129682,2
1533,1534,-0.0003609870821728318,1,2427.9198293813556,2429.471301515779,1
1537,1539,-0.0005376951601505499,2,2454.5067816297337,2455.6415119943244,2
1543,1546,0.0009230560134212253,3,2479.4007309674594,2484.1687574528273,3
1547,1550,-0.005431045406763055,3,2489.363334586801,2478.332852617316,3
1553,1554,-0.0008997006190047552,1,2480.9664621539487,2481.2153015543727,1
1556,1559,-0.00227103286527724,3,2479.338922633995,2476.187601379166,3
1560,1562,-0.002641441159123486,2,2471.7078409059113,2467.65067792252,2
1565,1567,-0.0030582607120437514,2,2467.5306257351535,2462.451804392438,2
1570,1571,-0.001129459639711784,1,2461.5161777459643,2461.1975107484486,1
1572,1574,-0.010455380647441417,2,2462.3799760164843,2439.097236044611,2
1588,1589,-0.0008909897982692369,1,2401.6764669250474,2401.938274161199,1
1591,1593,-0.003936850795118543,2,2409.4374338645157,2402.3612756210823,2
1594,1595,-0.004599896554572314,1,2390.4008754127867,2381.7956795373416,1
1602,1607,-0.00588528473278781,5,2360.522664591165,2348.990839256438,5
1610,1611,-0.0007940588197785875,1,2371.533298084646,2372.021694450988,1
1612,1614,-0.0015163280608299727,2,2377.0299974023096,2375.802670113216,2
1617,1618,-0.001043132849561772,1,2383.8133305775305,2383.7105099157593,1
1628,1629,-0.004432113417460312,1,2361.5480269526165,2353.4429262833355,1
1630,1633,-0.020557363066983417,3,2340.4090976277494,2294.6368671801724,3
1634,1635,-0.005258387753755019,1,2294.894636668295,2285.1220854513485,1
1648,1651,0.005041126764080936,3,2147.37739531891,2160.3499743743537,3
1653,1654,-0.0032882139413522708,1,2178.200695367749,2173.2165061695455,1
1658,1660,0.008865076968714337,2,2186.090350193088,2207.6562997583064,2
1661,1662,-0.003055617439429879,1,2215.7762518939235,2211.2214635886558,1
1664,1665,-0.004670241796035591,1,2192.307310939577,2184.261013017212,1
1666,1668,-0.01717567219075497,2,2165.685362503213,2130.653946011045,2
1670,1674,0.0022556787439863657,4,2117.1469496131203,2124.0396999348714,4
1675,1677,-0.013026681795468946,2,2121.8711170560227,2096.3520483201937,2
1678,1680,-0.0022786673078509278,2,2075.8684865543432,2073.214141385188,2
1681,1682,0.0033180251111399363,1,2088.8067983618103,2097.8263185694564,1
1690,1697,0.012386196188559778,7,2137.5734716853285,2166.187449544769,7
1698,1699,-0.0036269247302571214,1,2163.975876306509,2158.2912745613594,1
1701,1703,-0.0063489274328959715,2,2160.626231271122,2149.069198350441,2
1709,1711,0.0014936314833094736,2,2186.4192362739773,2191.8713601172635,2
1712,1716,0.00520224584400644,4,2201.2071345161444,2214.8595623179945,4
1719,1721,0.001137027312144362,2,2220.3303581596106,2225.075264776981,2
1722,1726,-0.0051141200386775375,4,2241.0373051796296,2231.817408694966,4
1727,1738,0.007836767825899451,11,2231.6430193119418,2251.3635305438906,11
1739,1740,-0.00011789498387928653,1,2251.311347271356,2253.2972403036338,1
1742,1746,-0.003713092894631407,4,2265.1981359669353,2259.052442999311,4
1754,1761,-0.004204007569514476,7,2253.695597644429,2246.474739890195,7
1762,1763,-0.0041485082729255385,1,2248.1624392517947,2241.08408121293,1
1765,1766,-0.002805489520232546,1,2239.6402909907633,2235.596643916289,1
1767,1772,-0.00021092021042366186,5,2227.1770591259333,2228.9344795310976,5
1774,1781,-0.012969410068777595,7,2235.3360959204547,2208.5804415468424,7
1782,1783,-0.005290392603836753,1,2214.0179660584213,2204.5189597520825,1
1784,1785,-0.011057470855333897,1,2185.0221486601326,2163.0463520817243,1
1788,1790,-0.014152247911059419,2,2142.606876960089,2114.426780138369,2
1798,1800,0.007045744575525695,2,2140.0607566812673,2157.279138905631,2
1806,1812,0.007282638518058586,6,2177.6302806342565,2195.6668050747285,6
1815,1819,-0.0036943010652503,4,2194.5325828800533,2188.619851404273,4
1820,1822,-0.010850779850069929,2,2180.475592200003,2158.99620717279,2
1827,1831,0.0035574932783342273,4,2099.204034045123,2108.771142320136,4
1834,1838,-0.01381413050543441,4,2133.6885845460633,2106.3472205657345,4
1839,1847,0.012789224635201896,8,2099.7598612022407,2128.7139216083388,8
1851,1853,-0.0005771739731661616,2,2149.537614201976,2150.446494650919,2
1858,1862,-0.004460167335358657,4,2181.41516595785,2173.867104455747,4
1863,1868,0.011712845061773659,5,2177.359464023464,2205.039897533381,5
1875,1879,0.02112552592442196,4,2164.6520970724046,2212.5461631635344,4
1880,1885,0.016353161475622068,5,2231.0647144486634,2269.7807407010537,5
1888,1889,-0.0010888215344604644,1,2286.5862126887896,2286.3831145927024,1
1893,1894,-0.00016114002285304047,1,2319.551823516941,2321.4976027066077,1
1896,1898,0.005421352224292152,2,2309.824428322298,2324.6566245528297,2
1899,1900,0.0019488800857519503,1,2322.442463148879,2329.2910674787636,1
1903,1909,-0.0019655946072764394,6,2331.0879743597634,2328.8370883826346,6
1911,1913,-0.016947737214949462,2,2341.963887457734,2304.6148628136566,2
1915,1916,-0.0031331084769643655,1,2315.7687704724126,2310.8289844774285,1
1918,1923,-0.0039808390632170365,5,2316.4564556025753,2309.551471711474,5
1924,1925,-0.008160718742164851,1,2310.439662243946,2293.8952536518746,1
1927,1928,0.0016947983857118916,1,2298.2181581788027,2304.4113927614767,1
1930,1936,0.0014637166565011732,6,2314.2050594831717,2319.9066050347797,6
1937,1944,-0.010004877403876882,7,2312.4687446511193,2291.645247105239,7
1946,1950,-0.005538801950432742,4,2297.908881563934,2287.4791282503747,4
1953,1956,-0.005431921922642114,3,2267.861699738618,2257.810713754026,3
1957,1958,0.011544549799483526,1,2276.0012797065515,2304.5526911035186,1
1959,1962,0.015314669966152283,3,2330.9101850076468,2368.9382153967895,3
1963,1967,0.005482195766954458,4,2375.5433069816845,2390.942043750418,4
1968,1969,0.005367005037352472,1,2417.0258627401618,2432.4150785836396,1
1970,1971,-0.0023640674740019593,1,2428.7478664342902,2425.4348904671356,1
1972,1981,-0.006159606717115517,9,2429.108903736518,2416.575657120194,9
1982,1986,-0.001404404881878352,4,2420.9724672803336,2419.9934141956724,4
1987,1988,-0.0027108107172822936,1,2433.573967935098,2429.4105835094556,1
1993,1997,-0.010255102620815651,4,2397.8127547902986,2375.6207516792138,4
673,678,0.0032907527102623117,5,1978.725398035927,1987.2156194004144,5
681,683,0.0003774521595461863,2,1987.7831645028843,1990.5212407155384,2
687,692,0.005476330257564351,5,1999.9280240806722,2012.8802184559768,5
694,696,-0.0012516655145313812,2,2016.4692081458395,2015.9617323850348,2
699,700,-0.0005382209577879744,1,2022.8769357155952,2023.8110578894828,1
701,702,-0.0007587117719988954,1,2022.6517388557188,2023.1397809096507,1
709,711,-0.007194652073316528,2,2009.619692392287,1997.1707975982315,2
712,713,-0.0017158474457862425,1,1996.347324899033,1994.918244765602,1
717,722,0.010234344971075629,5,1997.081854744784,2019.5177612364625,5
724,727,0.001432160738045489,3,2025.1619423414772,2030.0874617058241,3
728,733,0.003301759407385383,5,2039.612141884472,2048.386062603241,5
738,747,-0.0025170604133593183,9,2070.488261687316,2067.347205909185,9
748,749,-0.0030167268038986342,1,2068.180125081509,2064.0091707879665,1
760,761,-0.0024861422797575377,1,2068.156693544721,2065.0831184412805,1
763,764,-0.00028508086178956045,1,2075.288206274658,2076.771869530626,1
768,769,-0.001765928524189362,1,2088.816522481281,2087.2166383249146,1
772,778,-0.002498347095824987,6,2087.322738329285,2084.19520436626,6
781,782,-0.0031226651074166664,1,2079.1556729121003,2074.7423217123223,1
785,786,0.0002233312487551506,1,2073.9845121933986,2076.521682256599,1
799,801,-0.0029269341111705298,2,2078.1315811309755,2074.1271584997935,2
802,803,-0.0015604120390673494,1,2070.890806691212,2069.7302545515486,1
807,809,0.0033753746173282376,2,2079.3021049858453,2088.3998306377575,2
811,813,-0.003751155199074193,2,2090.8349596422163,2085.0827481725905,2
815,818,-0.0031525079409671984,3,2082.7811634125264,2078.297960418984,3
824,825,-0.004389872145286517,1,2073.4678980134345,2066.439106941813,1
826,827,-0.00106843889768271,1,2066.784924316624,2066.6434758346563,1
829,830,-0.002011714870482498,1,2063.4562297850844,2061.368600432821,1
833,834,-0.0007228704428147732,1,2060.347389807537,2060.9183729673223,1
842,843,-6.736256315368098e-05,1,2080.4654944383287,2082.405814444509,1
845,846,-0.0011406659230551181,1,2076.7385978647726,2076.4464715129598,1
855,856,-0.0011392377291682412,1,2077.35880379356,2077.0695570710523,1
857,859,-0.004982160144843996,2,2072.648848366659,2064.3952287284365,2
864,865,-0.0009370564651413383,1,2069.3473789590707,2069.477630997953,1
872,873,-0.0007404436888314502,1,2095.0987393864216,2095.6425354867506,1
878,881,0.014225429116013596,3,2138.389564912746,2170.9474636557484,3
883,884,-0.00296313520517385,1,2182.937292585162,2178.6518915354013,1
885,886,-0.0013148800378672075,1,2175.119808424091,2174.4349066164486,1
887,892,-0.0045933278486272044,5,2178.784316591505,2170.9552302305447,5
895,901,-0.002437890105205156,6,2165.8484710105463,2162.7342189247065,6
903,904,0.00010517006128132975,1,2165.3007299469346,2167.6937554873425,1
908,909,-0.001545210597681329,1,2163.0215793194184,2161.84227703136,1
910,912,-0.0027356566042966175,2,2166.6361211730427,2162.875584880221,2
913,916,-0.005924461972952921,3,2158.0157292090535,2147.388662813529,3
919,920,-0.0022623229807726634,1,2154.7514677037193,2152.0314754081833,1
925,926,-0.001081954093271701,1,2155.5272305339413,2155.3505762542404,1
935,936,-0.0036613372517770725,1,2141.8630786252293,2136.162858625878,1
937,938,-0.0033107764670356546,1,2142.223802734361,2137.273602383879,1
939,940,-0.005727834022475965,1,2139.9656528551072,2129.848250434609,1
942,944,-0.004516921902648538,2,2136.4951275978556,2128.981241088705,2
946,947,-0.007334724643292187,1,2118.7636225081856,2105.341838375372,1
948,950,0.0028090012758240778,2,2104.933413191116,2112.9511072474857,2
955,956,0.0006713487541091284,1,2116.1637624993236,2119.7006101672678,1
957,958,0.0006267718757868739,1,2129.3874280047503,2132.8514555852826,1
962,963,-0.00046568834461132593,1,2139.667444792999,2140.8106940474077,1
964,971,0.0034163449513558482,7,2139.023179271318,2148.469843489926,7
972,974,-0.002538287142766974,2,2149.461825610144,2146.1553361199394,2
975,982,-0.011840363903003092,7,2146.763304801094,2123.4916093634365,7
983,984,-0.005858407703642688,1,2126.583030564271,2116.251223186142,1
986,992,0.0036590920183258244,6,2126.8165013397356,2136.7255351255712,6
993,996,-0.002001261652955673,3,2141.9378037542765,2139.7931635683613,3
997,1000,0.002858109628870222,3,2136.586898697459,2144.830085184242,3
1002,1004,-0.0051862822204657485,2,2147.322992623496,2138.3336925578787,2
1016,1019,0.0006044197377370747,3,2136.928842711961,2140.3573735253476,3
1022,1025,-0.0008461765744813144,3,2148.645918366217,2148.9764304416067,3
1026,1027,-0.0025700041692200727,1,2144.5086055359284,2141.1417180843086,1
1029,1030,-0.0007178718167209553,1,2144.3081397197807,2144.9131094796303,1
1031,1032,-0.0026939457632865777,1,2149.785503825392,2146.143883779212,1
1037,1041,-0.0036788540830274253,4,2153.8872337809416,2148.117284170347,4
1043,1044,-0.003413641934696176,1,2146.285997127571,2141.105631241053,1
1049,1050,-0.004030434381909885,1,2140.7908800302894,2134.3033537429665,1
1055,1058,-0.0026749965369742895,3,2146.626202425777,2143.0306109705357,3
1060,1062,-0.002842077411248063,2,2146.195196854705,2142.24173916245,2
1063,1064,-0.002537283582184912,1,2146.6621290061144,2143.362100558695,1
1065,1066,-0.0030529441974066302,1,2140.49889430939,2136.104569524762,1
1068,1070,0.003613054981700523,2,2142.058567834238,2151.94000178168,2
1071,1072,0.0011107907913917338,1,2152.3265714549134,2156.869682562008,1
1075,1076,0.00045948893358261755,1,2152.1408125764347,2155.2818382759015,1
1078,1079,-0.0015706874052725927,1,2152.706146805345,2151.47762452011,1
1080,1082,0.005804679216462402,2,2153.934411875049,2168.5912446011585,2
1083,1084,0.0014363317001961627,1,2178.508123572625,2183.81569197322,1
1085,1088,-0.0038817660805746702,3,2191.0536042387603,2184.739500281344,3
1090,1091,-0.001710791904415445,1,2180.2784011134927,2178.7286768766094,1
1092,1093,-0.0032073377105744125,1,2175.625289924378,2170.8229501778487,1
1095,1096,-0.004975424016937791,1,2154.3116354407125,2145.747333225213,1
1097,1098,-0.003044256616230574,1,2139.1841943008567,2134.8111528583213,1
1102,1105,-0.003587026947069647,3,2153.5054301512905,2147.9342535728283,3
1106,1107,-0.0013900149755186604,1,2152.3181884520163,2151.478752126439,1
1108,1110,-0.002888977550861484,2,2159.855068374202,2155.7751506369286,2
1111,1113,-0.004386475056674628,2,2149.9866879630736,2142.705811672104,2
1116,1117,-0.0038803602636815425,1,2132.6775957469313,2126.534715944898,1
1120,1122,0.0015021988075011971,2,2123.980017061145,2129.294637326992,2
1124,1127,-0.004478470104682029,3,2132.475676362415,2125.0579234732268,3
1129,1130,0.002740516531184047,1,2127.7955217369686,2135.754576061005,1
1137,1150,-0.002845097868565618,13,2148.417326452707,2144.45328622288,13
1151,1159,0.005027301789859744,8,2145.868877342783,2158.8026766679955,8
1160,1164,0.0008829717122925812,4,2168.9231246871122,2173.0071455770353,4
1165,1166,-0.0029852151614747882,1,2166.7898002551237,2162.4882562919283,1
1167,1171,-0.002977544911874057,4,2168.6041543367937,2164.315642225516,4
1172,1176,0.005778948753683982,4,2164.2849482783436,2178.956525031092,4
1178,1182,-0.0042147845380690685,4,2170.760923251692,2163.782394599778,4
1187,1188,-0.0016859594807535692,1,2210.8408094818346,2209.3242622681337,1
1190,1193,-0.000196234079542293,3,2211.4973469553033,2213.2748731559686,3
1194,1205,0.0035805043594194508,11,2213.475009671219,2223.613841602484,11
1208,1214,0.010142396392308049,6,2241.8988484235783,2266.878974064173,6
1215,1218,0.0010465686130673854,3,2277.8919286810856,2282.553790806284,3
1221,1223,0.003731061353541958,2,2293.191463929024,2304.040693440291,2
1224,1226,-0.007922738866605172,2,2304.3786572193303,2288.4260455256226,2
1227,1228,-0.0015810781775875663,1,2279.172014836723,2277.847637715933,1
1229,1230,0.001965743451021177,1,2277.2072190775593,2283.9608314741567,1
1233,1235,-0.0016413740721492021,2,2295.5147865384793,2294.0425028721584,2
1236,1242,-0.007235211834160822,6,2290.984529763143,2276.6997559112847,6
1243,1244,-0.0012326286753313424,1,2285.548023973949,2285.016339964726,1
1246,1250,-0.0013366798918329796,4,2295.6347395155594,2294.8618454597713,4
1251,1258,-0.0028345331796455994,7,2298.781952698161,2294.564760933166,7
1260,1263,0.010231024591586289,3,2318.2603790921753,2344.2968184194597,3
1265,1268,0.008370017070452498,3,2353.532453955441,2375.5850932248673,3
1270,1275,0.004050004341487244,5,2374.153898922905,2386.1433864198243,5
1278,1281,-0.004730501401146523,3,2382.140810859573,2373.254231226933,3
1282,1285,-0.015973162581245814,3,2369.1909091650755,2333.716628496137,3
1287,1290,0.006035567333586789,3,2345.045637850056,2361.5443643354843,3
1292,1297,0.0018868336544914754,5,2375.0366593579397,2381.892995116825,5
1300,1301,-0.0029886189975396604,1,2369.717054849236,2365.004590495169,1
1302,1305,-0.017561705090355276,3,2365.428043417513,2326.252521749976,3
1311,1312,0.0031880623628573242,1,2348.8901382080853,2358.7274365904013,1
1313,1316,-0.002958456235437737,3,2369.7737948757767,2365.1326966106253,3
1320,1322,0.001085364436609823,2,2336.924881042503,2341.7982210804576,2
1324,1326,-0.002745597839191219,2,2337.5516212577277,2333.4711961986623,2
1327,1329,0.0036981659564714834,2,2338.6053330477353,2349.592489009083,2
1330,1334,0.020052236947784463,4,2359.7623764016244,2409.4406530900983,4
1337,1338,0.0013634170379370372,1,2423.0473423521244,2428.7740137247674,1
1340,1345,-0.0007918291864347664,5,2436.2044462814615,2436.711592943055,5
1347,1352,-0.0015594377890187567,5,2421.080562990334,2419.7261190331383,5
1353,1356,0.00534213308139156,3,2420.284105681657,2435.6338695746667,3
1359,1364,-0.009097664962625783,5,2472.086474494911,2452.0683464658123,5
1365,1369,0.0026509465089140883,4,2461.2061105206512,2470.1918423775746,4
1373,1374,-0.004214341228916623,1,2474.268497213405,2466.3153539714026,1
1375,1379,-0.010185727021804362,4,2470.9874514837156,2448.289635280082,4
1384,1385,-0.0033946087263415367,1,2444.6891773900775,2438.8351033527065,1
1386,1387,-0.006185339269828924,1,2430.3927660344366,2417.79035498361,1
1391,1396,0.0016944419253568715,5,2436.5027757466146,2443.0677909768347,5
1400,1406,-0.0030225200114989727,6,2461.9481345137783,2456.9687951444516,6
1407,1410,-0.00729644851616734,3,2466.2940589791287,2450.7651654110373,3
1413,1416,0.003127646581527683,3,2444.9945742201917,2455.0866477163254,3
1418,1419,-0.0017716789659253645,1,2466.8892528633824,2464.9856063156803,1
1427,1428,0.0009847901890768103,1,2493.4117726169843,2498.360671840603,1
1431,1432,0.0022336968184328895,1,2504.4502202584245,2512.5488529675977,1
1433,1436,-0.0018448049523445125,3,2523.3915816766007,2521.259807971696,3
1438,1442,0.005032079890541975,4,2513.072530639414,2528.2315849149572,4
1446,1448,-0.0017381433046240048,2,2505.3898269488377,2503.5404902226023,2
1449,1451,-0.00606418776591062,2,2511.2746602891166,2498.557093877639,2
1457,1459,-0.01707626278969548,2,2477.0398923713065,2437.2183481209863,2
1461,1464,-0.011532166286079032,3,2438.5621497290813,2412.8788076691962,3
1466,1468,0.00041047559230401615,2,2410.8976447340015,2414.298157017442,2
1471,1472,-0.00022082113556072904,1,2432.1433623419935,2434.0384370452166,1
1477,1480,-0.0015017993396088409,3,2390.4017867036887,2389.202284665721,3
1483,1484,-0.0014004092760306446,1,2364.5770757734917,2363.6302771784626,1
1485,1488,0.004277327643711271,3,2365.9840134125684,2378.4700862511295,3
1491,1494,-0.007070611341269027,3,2389.1133362851674,2374.6099577703376,3
1496,1497,0.005500740265038209,1,2383.4342227828784,2398.928309603993,1
1498,1499,-0.0009971442935809774,1,2405.989637914191,2405.996508714244,1
1501,1502,0.001411293615176697,1,2407.0264082548274,2412.830455664614,1
1505,1507,0.0040393974436786825,2,2415.3350917513712,2427.5069252383705,2
1510,1512,-0.005696141911829656,2,2434.016906739402,2422.5864179295613,2
1515,1516,-0.004205580584948206,1,2429.306546949887,2421.519209048097,1
1520,1521,0.000950098645735071,1,2435.44570288712,2440.1950622540817,1
1522,1530,-0.0059116513350714345,8,2446.0406183302252,2434.0265196615646,8
1534,1537,0.005912619905598957,3,2433.6568693117742,2450.4798142299765,3
1540,1546,0.0067544838456371345,6,2467.6864155662493,2486.822050011856,6
1547,1548,-0.004776862263417907,1,2486.77629455983,2477.384083015345,1
1551,1558,-0.0043991345828655985,7,2484.2676659869485,2475.8233058503974,7
1562,1566,-0.0036535187370374794,4,2471.2330208116255,2464.675557687316,4
1568,1571,-0.0008535637717820846,3,2466.1561520958767,2466.517286700986,3
1574,1575,-0.004490457920679234,1,2442.3268216268866,2433.8019826274517,1
1577,1578,-0.0037784947240530106,1,2431.599719234822,2424.843532243919,1
1581,1585,-0.0017126685426945949,4,2409.8608019355756,2408.1433699497634,4
1586,1587,-0.0028287110012559895,1,2410.7193394771307,2406.3108305000883,1
1590,1595,-0.011273708674100005,5,2409.5568498106836,2384.8017647020465,5
1596,1599,-0.010606325557873997,3,2373.0957949647595,2350.2990641783063,3
1602,1603,-0.001786778034819426,1,2359.036633985962,2357.1805957790075,1
1604,1606,-0.0034669412330827556,2,2359.37974892742,2353.5592977402907,2
1607,1608,0.0005668051659136564,1,2350.4035254880077,2354.086149873724,1
1615,1616,-0.0014557492501922741,1,2379.2356750504223,2378.1513401754873,1
1618,1621,-0.0005150913416191777,3,2387.069799586072,2388.2273104000506,3
1625,1631,-0.025551356157596312,6,2383.785326318803,2325.260163769098,6
1632,1637,-0.0163217410371106,5,2320.9251303053716,2285.3645164923105,5
1646,1647,0.009319639886561273,1,2122.592701217619,2144.497093520028,1
1649,1651,-0.0037004726075803656,2,2163.6186028830316,2157.7758101126947,2
1652,1653,-0.0017913819568743682,1,2173.694064653238,2171.9738423907065,1
1660,1661,0.0007335489883223169,1,2210.6949971426397,2214.5273452184256,1
1662,1667,-0.030382282149531804,5,2214.1731974191957,2149.115735804694,5
1669,1670,-0.002910566109876846,1,2116.885309666853,2112.8408603357075,1
1673,1675,-0.0036210791250331545,2,2123.864262489832,2118.297446207016,2
1677,1683,0.00317192873470725,6,2095.0737905869464,2103.814289135228,6
1684,1685,-0.0010829392153745713,1,2110.429840673793,2110.2548032787045,1
1686,1689,0.011004760458178216,3,2109.8898132205177,2135.2185350213804,3
1690,1691,-0.0024792077113178555,1,2137.083533004682,2133.922342562931,1
1692,1695,0.004471171064444954,3,2131.910286946606,2143.574332820541,3
1697,1702,-0.007316131578553,5,2164.197644185221,2150.528287102553,5
1703,1706,0.002909183386195044,3,2151.076080267952,2159.485031143377,3
1707,1708,0.0008815598819331832,1,2168.1733063268593,2172.2528542371224,1
1709,1710,0.0010344576709937414,1,2183.0136045980303,2187.4548533717884,1
1714,1720,0.0012059524130674805,6,2217.9542333270088,2222.8469348200897,6
1722,1724,-0.0013925036959414223,2,2238.5635230333673,2237.684878576977,2
1725,1726,-0.003455548054377299,1,2237.1448936101683,2231.6514768193038,1
1734,1737,-0.0017542140989758588,3,2250.4112256030453,2248.713933728202,3
1739,1741,0.00074041607826926,2,2250.344048007703,2254.260582970493,2
1744,1746,-0.005497435424281648,2,2266.781130770782,2256.5864290141603,2
1750,1751,-0.005519290711360959,1,2252.613840528459,2242.4336237226757,1
1755,1756,0.0012659908606055237,1,2259.155851418392,2264.2750779303897,1
1757,1759,0.0005753118754372555,2,2257.7096893401667,2261.266286225074,2
1763,1764,-0.0027939619090513977,1,2244.714196198286,2240.6872644335995,1
1766,1767,-0.004927124153886483,1,2233.822731692272,2225.0502324871427,1
1768,1771,0.0018129564367643644,3,2217.700567865704,2223.938862952898,3
1772,1773,-0.0026338445963798637,1,2232.797229362346,2229.1491856743405,1
1776,1777,-0.004437710429886818,1,2243.9963514219944,2236.282141760083,1
1779,1780,-0.005329587627819597,1,2225.4312034957393,2215.7960040905205,1
1783,1784,-0.012467318950767053,1,2210.0399425238115,2184.696709608956,1
1785,1786,-0.00993430388420527,1,2164.6049957582286,2145.2657569368557,1
1788,1791,-0.018422718735638006,3,2141.653389642541,2104.339965005573,3
1793,1794,1.7574371596285228e-05,1,2120.9862733059067,2123.1445345801303,1
1798,1801,0.012216392121148306,3,2136.865414889731,2165.1070661230337,3
1804,1810,0.013665788614721414,6,2168.750218136721,2200.556650394045,6
1811,1812,-0.0018761671092786657,1,2203.6345534064244,2201.7038012898597,1
1817,1819,-0.003455486589116893,2,2194.820697909443,2189.43134512021,2
1821,1824,-0.014934746456891811,3,2167.8816281646764,2137.672747327648,3
1828,1829,0.0009101323003066907,1,2109.2027921369076,2113.2316485180654,1
1830,1831,0.0005427292802976037,1,2109.3787739872014,2112.6329743850697,1
1844,1845,0.0021073976998133505,1,2090.3746542994945,2096.870279692013,1
1847,1849,0.004414139682799329,2,2129.158591946755,2140.6861539703873,2
1851,1852,-0.0017981080946575553,1,2147.818173938761,2146.103982868288,1
1853,1854,0.0014967806661769965,1,2148.319820540454,2153.6837039331444,1
1856,1857,0.0014548696687730783,1,2175.058548014347,2180.398033271673,1
1859,1864,-0.0042918325996266216,5,2182.7852934410735,2175.5999296541386,5
1867,1874,-0.016335183766839904,7,2200.1133451618102,2166.374202705877,7
1878,1882,0.02108949215944582,4,2201.2342410273004,2249.8583875355766,4
1886,1892,0.008673658806244211,6,2283.0894518379423,2305.1752802191577,6
1894,1899,0.0015385385100948469,5,2316.846361928118,2322.7277656398455,5
1901,1904,-0.006386295143384275,3,2335.6469763874984,2323.0664924219222,3
1905,1908,0.00041247292673354244,3,2325.650040693747,2328.9349584132838,3
1909,1913,-0.013792659429902734,4,2336.669088302272,2306.7768764552397,4
1916,1917,0.0017230237684782634,1,2312.0700743112857,2318.3658960780226,1
1918,1922,0.000800742014346969,4,2314.7600476362218,2318.928333307132,4
1924,1926,-0.009463915913449875,2,2310.6631284613713,2291.1058700377653,2
1933,1940,-0.008643348387218412,7,2312.2037458192053,2294.5307670476777,7
1953,1958,0.010013797911379671,5,2273.265668409907,2298.302957080651,5
1959,1962,0.013975525563000933,3,2329.1627301996373,2364.043166206131,3
1967,1974,0.018398555172147318,7,2395.0250900923816,2441.4851164412157,7
1975,1977,-0.006387162725841595,2,2444.8480947832504,2431.6773002566893,2
1979,1981,-0.0030595439336774718,2,2425.655163155684,2420.6594197792133,2
1991,1996,-0.010305643477326234,5,2405.6427641499326,2383.256710252944,5
673,676,0.0018464122844913254,3,1978.7342998908134,1984.366593509767,3
679,680,-0.0008256301289123273,1,1987.9517487596759,1988.2983876498356,1
682,689,0.008212064760655564,7,1990.5181688688774,2008.854951147759,7
691,697,-0.0015514056728241255,6,2018.698261752195,2017.5851400789447,6
699,701,0.0010282059811667376,2,2018.9163637594413,2023.0111420038936,2
706,707,-0.0020773492600920634,1,2017.18799029642,2015.0147743076075,1
709,711,-0.007041608125012124,2,2010.3975411053536,1998.2515069865071,2
717,720,0.000992201029161382,3,1999.4752459283766,2003.4586025710978,3
722,723,0.0015369401519914451,1,2021.4342763289949,2026.5625341092257,1
725,729,0.005007069584191105,4,2027.8915473347602,2040.073232968793,4
735,736,0.002702888173683558,1,2058.346305752251,2065.968131945166,1
738,740,-0.004206950111526317,2,2071.074810660926,2064.4329770658974,2
743,744,-0.0038060986207742445,1,2066.1216338712197,2060.323892804062,1
746,750,-0.002050995321017977,4,2066.538954615517,2064.3670318435147,4
752,753,-0.0037140125564657355,1,2063.6960599757344,2058.0951629562314,1
754,755,-0.0009299470895030809,1,2054.9369898436807,2055.080944160707,1
756,759,0.00036452778106411867,3,2051.986071095725,2054.7860630960918,3
760,763,0.00046156215066632316,3,2069.06236032092,2072.0864235541335,3
765,767,-0.00046917240137409337,2,2080.227997269665,2081.33223970205,2
768,770,-0.0004101705025447224,2,2089.9907164526867,2091.223454626658,2
774,777,-0.004065303090723225,3,2084.470840537824,2078.081305627801,3
779,780,-0.0020508972554072213,1,2080.5050823524393,2078.3186852715344,1
781,784,-0.0024014113745381904,3,2077.457772133978,2074.5463991819865,3
785,789,-0.0023256251194089883,4,2079.9956262794067,2077.23833182895,4
790,792,-0.002056165393377157,2,2076.5008983299426,2074.30776994181,2
793,794,-0.0019106662816977867,1,2077.3913412163774,2075.4995309680407,1
796,797,-0.0006431047320277831,1,2072.003851655902,2072.7433400257783,1
798,799,-0.002353304529263362,1,2077.872026312876,2075.0600326884373,1
801,803,-0.0015768847297247205,2,2074.123876456266,2072.927346064381,2
804,806,0.0022039530530510295,2,2069.520743642917,2076.151390947864,2
810,814,-0.0031061401988754104,4,2093.188076589718,2088.779529037806,4
820,821,-0.0039470605771872325,1,2081.2349580112427,2075.101432514624,1
824,825,-0.004947584120151216,1,2075.877557438249,2067.6828561571274,1
826,828,-0.0034267453418311534,2,2069.9648460157655,2064.9415684679425,2
830,831,-6.376014003681781e-05,1,2059.3634876700853,2061.291545853395,1
838,839,-0.003768892004601538,1,2076.121456997652,2070.3729008947894,1
841,844,-0.0003939567518283061,3,2075.4692407724046,2076.727064892563,3
848,855,-0.004179409987599696,7,2080.2764626638855,2073.6624109015233,7
858,865,-0.0017019574882869942,7,2069.578649731048,2068.12589350027,7
870,871,0.0026632631384356275,1,2084.1220475891387,2091.756735062073,1
872,876,0.012558834403181205,4,2092.7579692298523,2121.1333279805776,4
878,879,0.0057538665816471,1,2134.219838253346,2148.6340742968137,1
881,883,0.0032475006054044535,2,2169.9009837677095,2179.1176395099305,2
888,891,-0.002521434597448906,3,2173.4498474514453,2170.1430856577126,3
893,894,-0.002437254698682177,1,2164.809339967485,2161.6979575718656,1
897,898,-0.00044060253309072294,1,2166.303869831104,2167.515694728443,1
902,904,-0.0014652242029671663,2,2166.702524521609,2165.6945220665716,2
907,908,-0.0016594019026034018,1,2164.862441985298,2163.4349275721784,1
909,910,-0.0030309684918752577,1,2164.215818912749,2159.820364774919,1
915,916,-0.002005160141545065,1,2146.050371497036,2143.893247201859,1
919,921,-0.0035049646282261956,2,2157.3276820072583,2151.923652472337,2
922,929,-0.0005333376985512724,7,2150.721898335193,2151.7255591660464,7
930,932,-0.003540368883616059,2,2154.416718479043,2148.9437052850767,2
933,934,-0.0006114887335717792,1,2146.5516464514176,2147.385605950034,1
936,937,-0.004658235232209443,1,2143.198995128875,2135.358669055259,1
942,944,-0.004182428249851553,2,2134.254927654843,2127.4628144806893,2
945,946,-0.008430297746274136,1,2130.9031276842993,2115.069882977138,1
947,952,0.0037274241499681586,5,2104.7246984709773,2114.6746248395634,5
954,955,-0.0023981908049140344,1,2120.2686288938,2117.304088792933,1
956,960,0.007714136337920401,4,2120.749037374605,2139.2295336248008,4
968,972,-0.00042735187694374513,4,2148.666130745161,2149.8965603720067,4
973,975,-0.005501263650799167,2,2149.909091435683,2140.231783789881,2
976,977,-0.0034034069984855545,1,2140.3917488445254,2135.2475163358517,1
978,979,-0.0006933444679089536,1,2132.73528658202,2133.389301656136,1
982,984,-0.0035233309133336343,2,2124.164639697092,2118.804669396734,2
986,987,-0.0014028937875769413,1,2127.8774223821542,2127.0201137879512,1
988,992,0.004179075117413781,4,2125.9925207566525,2137.003195720711,4
994,1002,-0.001281066679324424,8,2141.7842486819322,2141.182264495326,8
1005,1008,-0.0030209518757127376,3,2149.2078437627756,2144.8643981396267,3
1009,1013,-0.003764423903068598,4,2145.842096154672,2139.9100789718514,4
1017,1020,0.004542341026305172,3,2136.4456823382266,2148.2865928939223,3
1024,1026,-0.007054136110120978,2,2155.2776567611404,2142.229312472006,2
1027,1033,0.0020024941669449974,6,2143.7690913430347,2150.205745535069,6
1036,1040,-0.0063858706076966995,4,2154.7383704962403,2143.1332284393084,4
1041,1044,-0.0002888839334364313,3,2141.100456388069,2142.623027322733,3
1045,1051,0.0021529369555683712,6,2137.447514982874,2144.1867522434513,6
1056,1060,-0.005037186177824142,4,2149.774264370053,2141.095225424496,4
1061,1062,-0.003491135526175463,1,2148.2170246673654,2142.8655249192816,1
1066,1070,0.005070712743784381,4,2136.3137610327376,2149.282708206561,4
1075,1081,-0.001127653109318277,6,2157.521446284477,2157.246031963438,6
1083,1094,-0.010720089389840873,11,2176.786407657084,2155.6278491920666,11
1095,1102,-0.0017740506846680491,7,2149.248138043919,2147.5845110511445,7
1103,1104,-0.0015923271653737888,1,2152.410062672122,2151.1351317209774,1
1105,1107,0.0014120732158262057,2,2150.1962120779617,2155.382642769886,2
1110,1112,-0.00558294843404893,2,2157.0356040460656,2147.150021102315,2
1113,1115,-0.006635862584959895,2,2145.4651690511855,2133.3736221775953,2
1118,1121,-0.001832785790552687,3,2129.8546704842697,2128.080957778748,3
1122,1125,-0.0038237183063223835,3,2131.9271970553928,2125.907235201321,3
1127,1128,-0.0009975626636553729,1,2126.4210030272925,2126.426185830487,1
1130,1135,0.0020093017169421808,5,2132.656988652276,2139.074796989876,5
1142,1147,-0.00026434536591819595,5,2146.0523269455193,2147.631080284819,5
1156,1159,0.0016271145494304957,3,2157.599522157927,2163.2677832544323,3
1160,1162,-0.00048050104835003734,2,2166.402851455248,2167.5282954654303,2
1166,1167,-0.001327991875480031,1,2166.4002775954154,2165.6897159053265,1
1170,1174,0.0022245917224747347,4,2160.383239348843,2167.3495932598203,4
1175,1177,0.0031122368557520924,2,2168.4863865589714,2177.403716198976,2
1179,1185,0.013385077243189613,6,2162.1945499277913,2193.297885543306,6
1186,1188,0.0015477476024044487,2,2205.7433504313303,2211.3630277639113,2
1192,1194,-0.0012550273189355263,2,2214.159075053021,2213.5944040004133,2
1198,1199,-0.0014034454704796064,1,2224.3185588745537,2223.421167627072,1
1200,1202,-0.005022824469476229,2,2229.9494827364574,2220.9787873916093,2
1203,1204,-0.00044307061044241726,1,2222.9824446041116,2224.220488859982,1
1205,1211,0.01467688120021339,6,2223.0380798260853,2257.8883837070694,6
1213,1221,0.012100340117319513,8,2260.6973579857486,2290.3132622776875,8
1224,1228,-0.013416819800326225,4,2306.6050892202516,2277.9643894768883,4
1230,1235,0.003866312552118346,5,2284.2486787009334,2295.3645467182555,5
1238,1240,-0.0056776129388326135,2,2287.435859677125,2276.7361201031495,2
1245,1246,0.0005964657673194151,1,2290.9452935135664,2294.6027092494624,1
1247,1250,0.0003004928910672175,3,2294.5858566441457,2297.5699492386548,3
1252,1256,-0.0031543306804499584,4,2294.720929108467,2289.777341407818,4
1259,1260,0.002993510730453104,1,2305.8171734137873,2315.0254790382783,1
1264,1265,0.001655466951282027,1,2347.714309328778,2353.9485870882527,1
1270,1275,0.002629870693345371,5,2376.4814469237845,2385.107767281252,5
1276,1278,-0.003933261873639439,2,2384.3093865825704,2377.315582763947,2
1279,1280,-0.001971595525325382,1,2378.279111248777,2375.968385906313,1
1282,1284,-0.010010071762898521,2,2369.7697789204844,2348.4179831508627,2
1288,1289,-0.0007156674939510098,1,2349.720905256346,2350.3890072898535,1
1290,1292,0.003345402108745594,2,2361.4869966503793,2371.748607225399,2
1295,1303,-0.01834101352182391,8,2386.351740149931,2344.969982356163,8
1306,1308,0.00159205839311108,2,2333.881616375065,2339.9311738073175,2
1310,1311,-0.0014767589557510758,1,2348.8990215902054,2347.7791629455073,1
1312,1313,0.0013989896248499728,1,2363.260804287669,2368.93024243797,1
1315,1322,-0.013602024557405064,7,2370.011119966955,2340.1441816318084,7
1328,1329,0.00045297422989179926,1,2344.3498283299787,2347.7561082163934,1
1331,1334,0.014256908878277467,3,2373.530996481784,2409.7437426148736,3
1337,1338,-0.0002291563380341559,1,2426.619815079493,2428.490359583948,1
1343,1344,-0.0010790888422441847,1,2434.5599752704807,2434.3674287406625,1
1345,1347,-0.010212970132761883,2,2441.7551079743416,2419.2592910930553,2
1350,1352,-0.004247308772906532,2,2424.835980668746,2416.961789515861,2
1355,1360,0.015313008207728046,5,2429.4474513536834,2469.07904756786,5
1361,1363,-0.006835175394404742,2,2470.771768747504,2456.354382117319,2
1364,1368,0.0030046695227170577,4,2459.6732396390225,2469.5234180976477,4
1373,1376,-0.005852029782894547,3,2477.569384569055,2465.548144125938,3
1377,1381,-0.006861407161878518,4,2458.6787599162276,2444.267442624096,4
1383,1384,-0.0030978504108790496,1,2449.386366168089,2444.2479199734216,1
1387,1393,0.005787726730872918,6,2422.4465488217943,2438.889454015343,6
1394,1397,0.00030820456320620505,3,2444.9354056732473,2448.1338813276934,3
1404,1411,-0.003966108620009774,7,2461.289821389909,2453.989368434342,7
1412,1415,0.00015242764176923488,3,2449.12402256262,2451.9464607843424,3
1416,1419,0.002633800849765059,3,2457.580127580627,2466.5104843365953,3
1422,1424,0.0011249057469121114,2,2473.662350708895,2478.9186500538362,2
1427,1428,-0.001025638605186371,1,2495.4099709267016,2495.345992095679,1
1430,1434,0.007396534114729265,4,2505.770981499048,2526.8107730289034,4
1446,1447,0.0018039737246489875,1,2498.6425877251254,2505.6487158883956,1
1448,1451,-0.009574891493504531,3,2511.3241295489997,2489.7897976330974,3
1453,1455,-0.005568209303523982,2,2502.584832852234,2491.1525015359402,2
1460,1462,-0.005654266640119127,2,2440.3339134403413,2428.9759487162646,2
1468,1471,0.00322293336647741,3,2418.122849332503,2428.3344209971906,3
1473,1474,-0.0016861580214550128,1,2437.508867633635,2435.8363513717404,1
1475,1476,-0.007816923601831845,1,2418.2743388610807,2401.7891474447943,1
1483,1485,0.0018975800196933826,2,2365.018050286161,2371.870879334884,2
1488,1489,0.0007729426460103719,1,2380.1066953519817,2384.326488014226,1
1490,1492,-0.003514255719738929,2,2391.3324385891865,2385.3200173276664,2
1501,1511,0.005121563242693678,10,2410.117462144615,2424.8711486114535,10
1513,1520,0.003884189611109902,7,2422.180352634809,2434.0107407493824,7
1523,1524,-0.0027682288239571,1,2454.3918628614574,2450.05193642426,1
1525,1526,-0.0033847559283456175,1,2453.157763738311,2447.307581218069,1
1538,1539,0.0012250906457128164,1,2454.621314127885,2460.083069052718,1
1540,1546,0.005192150694516423,6,2467.6666622529247,2482.946826089429,6
1552,1555,-0.003969471607216872,3,2481.162678276159,2473.794936150132,3
1557,1559,-0.000365683880401628,2,2476.588854521747,2478.159794753788,2
1565,1567,-0.0013840831756253094,2,2462.811471912415,2461.8655474613165,2
1572,1574,-0.0074828400963210815,2,2459.3268829940444,2443.38346006701,2
1578,1579,-0.0025618723186055393,1,2426.2616730520995,2422.472162107266,1
1581,1585,-0.005001900237563032,4,2414.0608634022115,2404.4000326594705,4
1595,1596,-0.007498091087776422,1,2386.523782502899,2371.0159335810504,1
1599,1602,0.002134904793011394,3,2353.283752914054,2360.66107343038,3
1603,1607,-0.007440942905558477,4,2356.7955102696,2341.615524947877,4
1611,1612,4.971817551742397e-05,1,2370.0536694443035,2372.541557858071,1
1613,1618,0.0046116026110194245,5,2374.253388112566,2387.57675462452,5
1625,1626,-0.0053784904913413535,1,2385.3808543606833,2374.9364869716374,1
1627,1628,-0.001882360156721665,1,2368.7654463398185,2366.675342089349,1
1629,1636,-0.031620722603135885,7,2353.267148177194,2281.2084076217875,7
1637,1641,-0.004393021829752323,4,2283.5937185472276,2275.8454352099116,4
1651,1657,0.011409839877930629,6,2164.457258531491,2191.3178265324914,6
1659,1661,0.0052315357976001455,2,2197.2560353986964,2210.9483150397764,2
1669,1671,-0.001591112853779785,2,2120.1956763726475,2118.9424014558153,2
1674,1676,-0.010505431543021405,2,2129.5840094293208,2109.3413944125773,2
1678,1680,-0.0014125646150091834,2,2074.9794778376145,2074.1234147281884,2
1681,1685,0.011141187678010998,4,2089.8651813276024,2115.2386267158413,4
1686,1689,0.009867927213860123,3,2115.5368104020226,2138.5283104757136,3
1690,1692,-0.00625831491457177,2,2141.42428988385,2130.1640066019277,2
1696,1697,0.005117474287338759,1,2155.659137569693,2168.8463269160425,1
1698,1701,-0.007005236042681452,3,2170.209619004858,2157.176997980636,3
1702,1703,-0.00519470028049613,1,2155.912620842958,2146.869213567583,1
1704,1705,-0.004226454608959441,1,2155.4548720762336,2148.500394769819,1
1708,1711,0.0059472296761298015,3,2175.772235013189,2190.887824452772,3
1715,1720,0.0009389451020691238,5,2217.175330105592,2221.4743113523286,5
1722,1724,-0.004164952802414516,2,2240.8583880567708,2233.7661770216764,2
1725,1727,-0.003018927018079468,2,2235.6900848251266,2231.176389708821,2
1728,1729,0.003446291187805986,1,2221.593702345517,2231.4715548471413,1
1730,1732,0.006269482710419839,2,2245.177988154358,2261.4992707210613,2
1736,1737,0.00016608019403666205,1,2244.311876530351,2246.9289241588144,1
1741,1743,0.0032609933335598076,2,2254.320339356254,2263.9259832939592,2
1745,1748,-0.005487238475602188,3,2262.391155556137,2252.2392669160636,3
1756,1757,-0.002582680853369031,1,2263.828370661183,2260.2454528436238,1
1759,1760,-0.0016520886213476117,1,2261.4728570772977,2259.998176359711,1
1762,1763,-0.0051209681404497855,1,2249.3850353322973,2240.1153912660884,1
1770,1771,-2.7498976656680158e-05,1,2216.8679538116185,2219.0238601653173,1
1772,1774,0.0018543692303022562,2,2231.3925408141536,2237.7617590233795,2
1778,1779,-0.0052898414734953245,1,2232.0682030180524,2222.4929842690754,1
1785,1786,-0.009865035381045745,1,2165.854091057036,2146.6537179096326,1
1791,1796,0.006568264231755664,5,2108.9298581348266,2124.89079654743,5
1797,1800,0.010359342600417248,3,2134.469939945288,2158.7161152634185,3
1801,1804,0.001328773998038262,3,2163.4394614712187,2168.4776230354228,3
1805,1806,0.0003435740748664964,1,2170.5222692800485,2173.4385267299735,1
1812,1814,-0.001834739873191952,2,2204.5727709746366,2202.7325261793508,2
1815,1816,-0.0039418326762071685,1,2197.5013133162834,2191.0366321467613,1
1819,1820,-0.0047520983555038865,1,2188.092214925693,2179.8822777243795,1
1823,1824,-0.006296791925014326,1,2150.1327664593096,2138.743960584219,1
1826,1827,-0.002877471852887413,1,2100.9444551472648,2096.999991068246,1
1834,1836,-0.0068097103519511116,2,2133.7537499827095,2121.3572587329204,2
1837,1839,-0.00881062642952592,2,2116.5004461727594,2099.969251849779,2
1844,1845,0.006569317437809458,1,2084.459954086428,2100.2378931653097,1
1846,1847,0.001405145293817567,1,2120.2091756017317,2125.308586722339,1
1850,1856,0.012710980297143237,6,2147.100192212971,2176.5390406443953,6
1858,1859,-0.002452801172435691,1,2186.0186674071547,2182.8428169241793,1
1864,1865,-0.0017741849257445943,1,2180.4134730562946,2178.725429813564,1
1870,1872,-0.013452024171156495,2,2213.19451736917,2185.6357657434182,2
1877,1878,0.0034021013927128165,1,2184.7784585555855,2194.396074850762,1
1879,1880,0.00303593848026137,1,2211.9571519814076,2220.8844749677787,1
1881,1882,0.0021215939493537594,1,2247.491568727704,2254.507324809868,1
1883,1886,0.007306289045384321,3,2262.4766886992097,2281.2694740339894,3
1889,1890,0.0002812885582407034,1,2287.5150418457188,2290.446008695639,1
1892,1896,3.746178290986381e-05,4,2310.0840007653087,2312.4806246314142,4
1898,1900,0.0030539940899686575,2,2322.821653398496,2332.2383586534247,2
1905,1910,0.00859205141776407,5,2321.212600845,2343.477791463867,5
1914,1921,0.004906630598820019,7,2307.6727041690233,2321.30327437553,7
1929,1931,-0.0014807730732363195,2,2309.6314820323682,2308.521073406708,2
1936,1937,-0.0035249842742063574,1,2318.9267415237364,2313.0714879683524,1
1940,1941,-0.005806618528602151,1,2297.577703029322,2286.534123471038,1
1942,1943,-0.0026438256943800125,1,2292.832519876584,2289.0635028675006,1
1944,1949,-0.0050173165580808384,5,2300.775615022918,2291.5326710482577,5
1951,1957,-0.0060434288573065886,6,2284.0526566802027,2272.533199599894,6
1960,1962,0.0067493480125227125,2,2349.477275365206,2367.6841924195246,2
1964,1973,0.02354897368664243,9,2378.7368038415734,2437.132351046528,9
1976,1981,-0.007400056937532209,5,2435.2672623028247,2419.6814131659785,5
1983,1990,0.0003042573364881755,7,2415.2028253643175,2418.352871368406,7
1994,1996,-0.0068007398148946805,2,2397.7283715356725,2383.819773105603,2
677,680,-0.002276095409447716,3,1991.3233701641675,1988.782251552775,3
682,683,0.00025631396944558195,1,1988.2753442650449,1990.7732423551493,1
684,685,-0.0009621067209806661,1,1994.1454239947977,1994.2209887037543,1
687,689,-0.0013405581037842877,2,2004.1955122391007,2003.5129672158396,2
691,696,0.0007629044120577397,5,2015.3544529256178,2018.9073301825406,5
697,698,-0.002774234609106481,1,2021.9461222788698,2018.358715490974,1
699,702,-0.00037791708009999583,3,2022.76085114374,2024.0191761202789,3
703,705,-0.0024859038138753025,2,2026.4753695938778,2023.4642221134739,2
706,708,-0.0028027749167417937,2,2017.7852629044821,2014.1476502451467,2
713,714,-0.0010682874816700717,1,1995.6757701287413,1995.5394904561692,1
715,716,-0.001690652947738379,1,2000.058335533307,1998.6769893482222,1
719,721,0.005329711103609489,2,2003.679371812806,2016.3620833806428,2
724,728,0.004119624234638787,4,2030.0031118001045,2040.3959649276685,4
729,731,-0.0006788055796892868,2,2045.0601386545513,2045.717000560287,2
733,740,0.003787433849691201,7,2051.9129816392033,2061.7363793041236,7
741,743,-0.0019341650061148177,2,2065.911962784833,2063.9820601234856,2
745,746,-0.0026903958210970987,1,2067.9861766371123,2064.4904614460384,1
747,751,-0.003643773645330967,4,2066.9815224732247,2061.516891198724,4
757,758,-0.0016502116787245392,1,2054.5225668562484,2053.1866922890754,1
763,767,0.00422984386063027,4,2073.620535507855,2084.4652471347576,4
776,778,-0.003168724460001234,2,2084.531162296733,2080.010388577425,2
781,783,-0.003711407843450188,2,2079.932670264803,2074.293124508799,2
784,786,-0.0019208149753765199,2,2073.526210792647,2071.6168768059133,2
788,790,-0.001467593063555759,2,2078.5143313925155,2077.542432508655,2
791,792,-0.0005081654918408675,1,2075.368137891173,2076.3888755585217,1
798,799,-0.0021168432429748557,1,2075.936118238311,2073.617623011809,1
800,802,-0.00110046190799943,2,2073.7127864991935,2073.504457356019,2
803,804,-0.0013800850705783386,1,2072.9493894666616,2072.161492351661,1
807,809,0.001434910741444956,2,2084.4050910712836,2089.4804314170556,2
813,815,-0.0006131403620956476,2,2083.5334489730158,2084.339483968647,2
817,820,-0.0010114874020216652,3,2079.457613929037,2079.433726363439,3
822,823,-0.0033455278160859445,1,2076.3899900975453,2071.519759618729,1
827,828,-0.0022415333243863663,1,2065.279716356231,2062.7156027641954,1
830,833,-0.0032347835580730762,3,2060.558094660076,2055.9531933096755,3
837,838,-0.0007722382706825957,1,2071.8414535519496,2072.313339744282,1
843,847,-0.0018832433162168753,4,2079.9494641685887,2078.112362706293,4
848,854,-0.004469564136824138,6,2081.6435394055015,2074.4211436355286,6
859,861,-0.0023868667654427444,2,2070.365378143437,2067.4940572081664,2
864,865,-0.002848143440573446,1,2072.1333535573926,2068.303753892022,1
869,870,0.0005609408379939882,1,2078.8882148544685,2082.1332363666593,1
871,872,-0.00298234539496428,1,2093.98470945875,2089.8337085128287,1
876,877,0.00037711268206929143,1,2124.823429529306,2127.7495508212687,1
879,883,0.015340391696824999,4,2150.2185741676503,2185.3539879033383,4
884,887,-0.006013023133239983,3,2179.3804668655293,2168.455182169001,3
888,890,-0.005289298523178037,2,2176.20873698865,2166.8743280669573,2
891,893,-0.003604791112147229,2,2173.081619876743,2167.4211961873175,2
894,895,-0.0010457012107449757,1,2164.8407684039466,2164.7418325597605,1
897,898,-0.0017433120534185976,1,2171.8893405975027,2170.2749490719452,1
901,907,-0.00382757699036937,6,2166.9389586697885,2160.811771930719,6
908,909,-0.001195293493597989,1,2164.3565531230097,2163.9338683703586,1
911,913,-0.0001231070799655237,2,2163.595971335537,2165.493213324616,2
915,920,-0.0006626121017574322,5,2153.5673016748437,2154.2938892204797,5
922,923,-0.001301822747102699,1,2155.9218378163664,2155.271131564738,1
925,929,-0.0026815543604008655,4,2156.2516822392427,2152.6258278208516,4
930,931,-0.0019290963609937088,1,2153.1536124774834,2151.15312529147,1
937,944,-0.00641445060746005,7,2138.68095377762,2127.1011713882754,7
945,947,-0.011550397350680176,2,2124.126720647443,2101.7163397214154,2
948,950,0.0018099202455909976,2,2111.0822076262775,2117.0141802615935,2
953,956,0.0009368375605059245,3,2118.125414178587,2122.2278790386304,3
959,962,-0.0009461678488383634,3,2137.501247958121,2137.6163142484093,3
964,970,0.0032343393173458945,6,2139.4977803185893,2148.5571398891666,6
971,975,-0.0026719170840939603,4,2149.4543714566266,2145.860661971508,4
978,980,-0.0036679967787655973,2,2131.9896114049234,2126.3014699893333,2
982,984,-0.0063854075502844995,2,2128.714140900348,2117.250147693546,2
985,990,0.0027851975985342266,5,2121.689674977035,2129.720689639593,5
995,999,-0.0027556275796476,4,2145.2222486340875,2141.456037289912,4
1003,1005,-0.0007207621343243125,2,2142.978255597315,2143.5766562715976,2
1006,1008,-0.0028595607736717,2,2148.461500935356,2144.466306204473,2
1009,1012,-0.0026283578198475397,3,2142.3036239754224,2138.8151871168343,3
1016,1018,0.00039580925702238277,2,2135.637640442167,2138.6185832303418,2
1019,1020,-0.0004074446484058691,1,2145.603173741475,2146.874562384473,1
1027,1031,0.0030416411640881566,4,2141.47006839951,2150.1251219796163,4
1034,1035,-0.0027289583333735016,1,2151.8242708123444,2148.103856307368,1
1036,1038,-0.004279326074159423,2,2156.5499891068544,2149.477958497348,2
1045,1048,2.498200634718775e-06,3,2136.9779283931775,2139.120244921188,3
1049,1051,-0.0023392213182772082,2,2143.2110508707547,2140.3408169418612,2
1052,1059,-0.004950429277522658,7,2144.168316343565,2135.697931050745,7
1061,1065,-0.006111704782436637,4,2146.4433597912725,2135.471375003798,4
1068,1072,0.0055349015905439445,4,2143.4391698396503,2157.4463338798696,4
1074,1076,-0.0018171595325595785,2,2156.0665727637297,2154.3047224109628,2
1077,1079,-0.0005407005124096766,2,2149.5714616810124,2150.558758751901,2
1084,1090,-0.0022797881068314955,6,2186.85163168432,2184.0529249746855,6
1095,1098,-0.00950020754492474,3,2150.6524100200045,2132.371418177842,3
1099,1100,-0.0013330825201630682,1,2140.3580238878085,2139.6451080431607,1
1107,1108,-0.0030417697004566486,1,2157.8417496763655,2153.435933773496,1
1113,1116,-0.00862614353470726,3,2142.5684453259637,2126.2289108289733,3
1118,1119,-0.0041888914766338445,1,2131.042458390316,2124.24679525841,1
1124,1126,-0.0031368113029296017,2,2128.2683218732027,2123.720614067357,2
1128,1131,0.00446299156345393,3,2126.533111026139,2138.1503434710803,3
1136,1139,-0.0010526527344319621,3,2144.557708820223,2144.4447919927065,3
1141,1144,-0.0029642058339288658,3,2145.8206349087877,2141.605801499135,3
1145,1149,-0.00024346492610047624,4,2143.885426223574,2145.5073507429342,4
1151,1156,0.003919367576040879,5,2146.1704299555563,2156.7282311813374,5
1158,1162,-0.0014268436283603233,4,2164.1838170075525,2163.2600489346623,4
1163,1165,-0.002644990981246483,2,2169.63188485075,2166.0628599675456,2
1166,1167,-0.0029885622460453076,1,2172.0411917839715,2167.7219526731346,1
1171,1174,-0.0009095833374893399,3,2165.9491462844185,2166.1449841773933,3
1178,1185,0.00822855194055356,7,2172.4065738257295,2192.4547407282803,7
1188,1190,-0.0034492410362160727,2,2212.4340406319266,2207.0152563896895,2
1193,1194,-0.0020536801123671898,1,2216.909906684378,2214.5739928047947,1
1195,1200,0.0037214077249055092,5,2216.0597594901997,2226.522681157509,5
1201,1202,-0.000527447986156756,1,2223.50100104913,2224.5517209249583,1
1205,1206,-0.0021274540436575255,1,2226.153404264932,2223.6435186074914,1
1210,1212,0.001091013647081212,2,2251.7215727207026,2256.429953258689,2
1215,1218,-0.001396760596170495,3,2275.704855962555,2274.8019459471952,3
1219,1220,0.0014554783858715687,1,2283.5895163901587,2289.1968210898576,1
1231,1238,-0.005030345600977528,7,2298.5984964616073,2289.3343501229797,7
1239,1240,-0.005091937004820225,1,2284.8992949412964,2275.5496309640384,1
1242,1245,0.00363321403510987,3,2279.4692624434933,2290.030531422848,3
1254,1256,-0.003472773071892051,2,2292.6040448273698,2286.93495528081,2
1259,1260,0.0028131018690670207,1,2305.1167384882506,2313.906383432198,1
1263,1268,0.011193378438723381,5,2346.129458168422,2374.7367025181065,5
1271,1274,0.0001925437147768229,3,2379.9190442900467,2382.7572017879925,3
1275,1276,-0.0020635516644482888,1,2388.614989458002,2386.074574010238,1
1277,1280,-0.00508919628980621,3,2385.6577068232086,2375.9022841797196,3
1284,1285,-0.003580912450960622,1,2345.015524663066,2338.9632448977673,1
1288,1298,0.009545957995415619,10,2352.585572284493,2377.395840910426,10
1300,1303,-0.009637761347759993,3,2370.470231615877,2349.9946754732096,3
1309,1311,0.004231312747625374,2,2341.2397575449613,2353.4875149338536,2
1312,1316,0.0036070382906200635,4,2358.45266698756,2369.3181487309866,4
1323,1324,0.0016558427808684999,1,2341.879982229043,2348.0996472735064,1
1325,1329,0.005366133185554536,4,2335.9776632984854,2350.848808221524,4
1331,1332,0.003734383450704493,1,2375.406741963116,2386.652828330958,1
1333,1335,0.006432398458392992,2,2402.364255271272,2420.219583658649,2
1337,1338,-0.0016277541297097823,1,2429.3157841614984,2427.790771145622,1
1343,1345,-0.00199976629117001,2,2438.6367653872067,2436.1986985527647,2
1346,1359,0.015300309375321893,13,2427.6534884425296,2467.2249913602222,13
1363,1364,-0.001547828730832201,1,2456.312185260377,2454.9665468733983,1
1365,1366,-0.0009610426100343076,1,2455.2261091171636,2455.3217583181504,1
1370,1377,-0.005023094789573786,7,2467.9026296744955,2457.9740234638766,7
1381,1385,-0.008298844386474321,4,2455.2105842934725,2437.2903843026897,4
1387,1393,0.006215622950708376,6,2422.479947994927,2439.95964990531,6
1394,1397,0.005385724298010533,3,2438.659478371463,2454.2320854570735,3
1406,1407,-0.0012460572834757195,1,2461.091521118158,2460.4859516240867,1
1411,1413,-0.004834139554760572,2,2455.509265208117,2446.0945000073016,2
1414,1418,0.004131667216177825,4,2450.1007199232195,2462.673821463983,4
1422,1429,0.009848160526266133,7,2471.106115919659,2497.9130717425933,7
1430,1435,0.011564293141403302,5,2497.54074727357,2528.9205813549147,5
1438,1439,-0.00014215466859249606,1,2511.663967016029,2513.818586224198,1
1440,1441,-9.870047901973595e-05,1,2522.6219553204382,2524.895593280383,1
1445,1451,-0.00822390692736821,6,2513.885369731733,2495.7252957947185,6
1453,1465,-0.03871644330104111,12,2498.105419995978,2403.8857685626763,12
1467,1468,-0.0026142036966519864,1,2417.403629600321,2413.50144772512,1
1470,1471,-0.002656507433350178,1,2430.618418600878,2426.592081122828,1
1473,1474,-0.0031366161876480157,1,2437.0102507298047,2431.8032951786313,1
1476,1478,-0.009677982825635534,2,2403.6779484670287,2382.818872511873,2
1491,1493,-0.0008541536887676865,2,2385.305980715935,2385.653868794383,2
1495,1496,0.002679894062360229,1,2372.4416476392935,2381.1719815717374,1
1497,1504,0.005112117530479891,7,2400.022148974986,2414.691366425276,7
1506,1512,-0.0030757116376525485,6,2417.897944111409,2412.8790852101606,6
1514,1515,-0.002707967930528823,1,2424.8235189007514,2420.681998093277,1
1516,1517,-0.0022302051975359822,1,2423.1726286253115,2420.1916290630497,1
1518,1526,0.009086027430860413,8,2424.607089109125,2449.061742718938,8
1529,1532,-0.006726284236290956,3,2436.64053901956,2422.687642711465,3
1533,1539,0.009209859722323278,6,2433.249679189962,2458.0928170838797,6
1541,1543,-0.0005134034012014733,2,2478.08771557276,2479.293544626682,2
1546,1549,-0.007361938785418943,3,2488.079507310314,2472.2504977915505,3
1553,1564,-0.008466299177030538,11,2482.6926409568628,2464.1561149348668,11
1565,1566,0.0006484410995400128,1,2463.299849607037,2467.3604543196197,1
1567,1568,6.662389098434775e-05,1,2459.8246335848207,2462.448341306634,1
1569,1576,-0.014503920536777674,7,2463.929271270835,2430.6565661833533,7
1580,1587,-0.004926326387521332,7,2419.7065095034213,2410.205951985101,7
1589,1595,-0.005967515138220546,6,2398.915018970903,2386.9983722988604,6
1598,1600,-0.003795067805821124,2,2356.6860805818364,2350.0989831895754,2
1611,1616,0.002649986729657928,5,2371.4877112652343,2380.1436099408993,5
1619,1620,-0.0011701956536291423,1,2389.4257499086825,2389.0190800313785,1
1624,1626,-0.008440494886943296,2,2390.8330223844514,2373.0440415058647,2
1630,1631,-0.00822178266545853,1,2340.8154211536116,2323.9105609220865,1
1633,1639,-0.00816840365059432,6,2299.545335274227,2283.06126609814,6
1640,1644,-0.03569829313079167,4,2283.216680807995,2203.992959136206,4
1645,1652,0.0063112190809804635,7,2154.1499504435574,2169.8994126645334,7
1658,1660,0.006512885464461976,2,2193.120594275246,2209.5972581097885,2
1661,1664,-0.014691468057480964,3,2221.91339069765,2191.492134482424,3
1666,1669,-0.023819210475588534,3,2165.5270197528816,2116.1114028985667,3
1671,1672,0.0014041766139418275,1,2121.9011361894704,2127.0025612781938,1
1677,1678,-0.01229789386742635,1,2095.902861089985,2072.223573008955,1
1682,1685,0.006834068583564913,3,2097.6124035502635,2114.0452429814127,3
1687,1695,0.011914901773594187,8,2119.6562849434035,2147.031437657229,8
1697,1700,-0.0032904550096690454,3,2165.497724736443,2160.5377496243937,3
1705,1707,0.009848061207976759,2,2144.375324386186,2167.6376391580025,2
1708,1710,0.0009006582734190044,2,2179.548611630767,2183.691188731782,2
1713,1714,0.0001382979265161766,1,2206.0948044248785,2208.6059975664534,1
1717,1718,-0.0017733725965199116,1,2216.91727453456,2215.2027714656833,1
1720,1726,0.002948338845620304,6,2226.8923164000257,2235.6848418378813,6
1731,1732,0.002409696595570226,1,2252.898034848382,2260.5797336079713,1
1740,1742,0.005323063985217786,2,2250.124634864912,2264.3523169058776,2
1743,1744,-0.003436685007348854,1,2266.46450699266,2260.9418469087827,1
1755,1757,-0.0006777624276736966,2,2259.422115435676,2260.1501861330144,2
1758,1761,-0.009361087319280592,3,2265.456178687957,2246.5145017599434,3
1765,1768,-0.014513007742756552,3,2245.03749011374,2214.7002811270545,3
1770,1771,0.0005694468914728473,1,2217.6516369958013,2221.132123463854,1
1772,1775,0.0033719976304969566,3,2228.9899704173345,2238.7351092864005,3
1782,1785,-0.024276917062089454,3,2214.8097655407346,2163.255822319937,3
1786,1787,-0.0013772038558731918,1,2144.8554844296605,2144.046436670643,1
1791,1792,0.004495797487006019,1,2108.1251904721,2119.7110195961905,1
1806,1810,0.009844893731213993,4,2180.3179708356824,2203.9632875296516,4
1814,1815,-0.004762296140940892,1,2205.951000148288,2197.6515592133255,1
1817,1825,-0.038596786789722615,8,2197.2470464426674,2114.6376177132147,8
1826,1832,0.011566497418925414,6,2097.740926994715,2124.1021829393685,6
1844,1847,0.017789595513414976,3,2086.3466832480003,2125.548293526985,3
1849,1850,0.00020269442353176436,1,2142.673885635213,2145.2508675689137,1
1851,1852,-0.00172183975085617,1,2153.35950567647,2151.8051251873885,1
1853,1856,0.010534390536032733,3,2150.464696816214,2175.2689964632436,3
1857,1860,-0.0023106004192115876,3,2183.4190745704223,2180.5574846159757,3
1861,1862,-0.0064841008785702665,1,2187.6649251132003,2175.6675499753696,1
1864,1868,0.01605683847404445,4,2172.997239622633,2210.061702543421,4
1869,1870,-0.005306054619463616,1,2215.141210903163,2205.6026918591892,1
1871,1875,-0.017310624961183515,4,2196.2756340456735,2160.453005867369,4
1877,1882,0.03150416467144346,5,2185.030466654257,2256.053056754508,5
1884,1887,0.009834598705588986,3,2263.4516100873275,2287.975199972143,3
1890,1891,-0.001048700007470575,1,2295.3703177258553,2295.2585331742343,1
1892,1893,-0.000172568628319194,1,2312.110540983667,2314.0236537800706,1
1896,1897,-0.0016413661391552043,1,2313.586653612787,2312.1027974731583,1
1898,1901,0.0049302451876275305,3,2323.733230966273,2337.513538776541,3
1903,1904,-0.005879434319426777,1,2329.344227086296,2317.9783449228926,1
1905,1906,-0.004016075677497101,1,2328.524198320808,2321.501193121789,1
1908,1909,-0.001561269754674655,1,2330.8820988962098,2329.5738452723867,1
1910,1912,-0.011262547016837671,2,2344.8082532898843,2320.744548345028,2
1917,1918,-0.0009172082372263394,1,2315.172004813219,2315.3636819846215,1
1923,1926,-0.012243636073336037,3,2316.369805593505,2290.3253864881476,3
1928,1929,0.0002608090444519346,1,2305.250781568168,2308.157262603299,1
1930,1931,-0.0032104787559235634,1,2312.67520140234,2307.563082000289,1
1935,1936,0.0009334305110909535,1,2318.859285228546,2323.3426385215334,1
1937,1938,-0.009830555332870219,1,2321.142806819802,2300.645826828686,1
1939,1940,-0.00235623320888964,1,2295.8818395855774,2292.768088391045,1
1946,1947,-0.002116153397985771,1,2301.4152047091784,2298.846472308266,1
1952,1954,-0.006587182659585336,2,2275.802983872144,2263.087656904021,2
1956,1957,0.002098476432758121,1,2264.1551402037203,2271.1705715457497,1
1958,1960,0.019931515656891458,2,2297.163763589914,2345.24688287394,2
1965,1966,-0.0006119589341344557,1,2384.055339369784,2384.9804507447557,1
1967,1968,0.009473642145269526,1,2390.5873647412495,2415.6255213165523,1
1971,1973,0.002887590359638417,2,2427.991648372886,2437.430685298383,2
1974,1975,-0.0004591283641846729,1,2443.3738142022826,2444.6953657940785,1
1987,1988,-0.002383731209608311,1,2433.86827789832,2430.5004584021162,1
1990,1991,-0.0057743041566894115,1,2420.043868943032,2408.4898434401666,1
1993,1995,-0.004117174565529348,2,2399.3698659145803,2391.8906111952538,2
1999,2000,-0.0015385746140130444,1,2374.127451387776,2372.848806612027,1
672,679,0.004379232539238946,7,1978.7658696224955,1989.4101113759043,7
682,684,-0.0007369805248774995,2,1990.0121845028355,1990.5355964630908,2
685,687,0.002073766028586706,2,1993.465161524666,1999.5926070173316,2
688,689,0.000761696538296303,1,2004.3439425736647,2007.8749883588519,1
691,694,-0.0026276274724480854,3,2016.7699895555509,2013.4874393149414,3
697,699,-0.0022301851558739964,2,2020.6309459075546,2018.1451957123995,2
700,705,-0.0033444967085879233,5,2028.5478198690807,2023.7918961821845,5
708,709,-0.004989306421835802,1,2016.12123913445,2008.0783137279714,1
712,714,-0.0007581737661952954,2,1995.7945421888649,1996.2771776664504,2
718,721,0.003162595785248791,3,2002.921295487433,2011.2586472302141,3
722,723,-0.0010146845435152628,1,2024.4200460001607,2024.390318315902,1
728,729,0.0010486317850197683,1,2036.7338549166207,2040.9063726294287,1
731,740,0.006822377422839134,9,2047.212434776941,2063.226503106496,9
750,754,-0.006800795098975253,4,2067.611745798943,2055.617953717329,4
761,762,-0.0011825638584542176,1,2066.7077539895067,2066.330447847641,1
763,771,0.0045635145754383,8,2076.69076305282,2088.2444623817423,8
773,774,-0.0026425723674207593,1,2086.6304577494666,2083.203016218549,1
775,777,-0.0014578976399892815,2,2081.910276925376,2080.9569751229023,2
783,786,-0.0018544677212420143,3,2076.1647050253805,2074.3906893009544,3
787,792,0.0011129157666366668,5,2073.383890705593,2077.764776218555,5
793,794,-0.0029621270411319786,1,2079.200010242044,2075.120355678026,1
795,799,-0.0008339168613789345,4,2074.030999276286,2074.375460854243,4
803,804,-0.0020981711179632895,1,2072.4712387699806,2070.195310712754,1
805,808,0.00600262631832667,3,2073.5869275778573,2088.107481970252,3
818,819,-0.0013765740268197853,1,2077.3122138628682,2076.529952037532,1
824,826,-0.0048097541470310656,2,2074.965052218464,2067.05994550583,2
828,829,-0.00310296069706566,1,2065.787368564527,2061.443098919941,1
831,832,-0.0018804150792117217,1,2060.841187164512,2059.026791507472,1
835,840,0.0004789919089699373,5,2071.0690380097917,2074.1321323599263,5
841,847,-0.0007685835817007275,6,2076.29855313693,2076.779042711417,6
852,855,-0.0012274535119376794,3,2074.9914620559675,2074.519497960682,3
856,861,-0.006153153519071856,5,2075.6036043003287,2064.9077002826302,5
864,865,-0.0034663527375418833,1,2074.524367739522,2069.4078588860502,1
866,867,-0.0029986344193452343,1,2068.332827541242,2064.1989863614563,1
872,873,-0.0029114328884321103,1,2094.9317301931032,2090.927408784992,1
874,876,0.010290648715161697,2,2099.1777438477366,2122.878822344207,2
877,881,0.015647644497997118,4,2132.2661928586863,2167.7634024124955,4
884,885,-0.004851239797484757,1,2181.5530889076645,2173.1514048313375,1
887,888,-0.003413022036119854,1,2176.299525489441,2171.0480667772376,1
889,890,-0.0034810829272678033,1,2172.8480052648983,2167.4569891754877,1
892,893,-0.002683212161158105,1,2168.03788658497,2164.3886188484184,1
898,899,-0.0032465280892098975,1,2168.2713540904792,2163.400271588486,1
902,903,0.0010439358504141733,1,2164.335565100138,2168.7593281539725,1
904,912,-0.00212479867713193,8,2169.6076552967484,2167.1672834761753,8
917,921,0.006027664417858397,4,2143.2600247166615,2158.322136930581,4
926,929,-0.0030998994063017966,3,2159.529642617759,2154.9948476033346,3
930,933,-0.003151872885953402,3,2153.805814988205,2149.171098653323,3
934,936,-0.008056758860604897,2,2150.309253076734,2135.135039202044,2
938,939,-5.637674717868439e-05,1,2137.3052567295754,2139.3220676682026,1
940,946,-0.010112293290151106,6,2134.100175897083,2114.6536291837456,6
947,948,-0.004306495411366079,1,2108.014019764107,2101.043881080662,1
949,952,0.0003783460662517002,3,2110.4757918201253,2113.3847578257,3
953,956,-0.0006984485470440363,3,2122.2045273300896,2122.8444811887757,3
958,959,-0.0008071307813556276,1,2133.8813662819166,2134.292926313711,1
961,964,-0.005721625552735541,3,2143.7838914256035,2133.6617466243056,3
965,966,-0.0009342550973259473,1,2140.696580633618,2140.8373205219664,1
967,968,0.00083481373828875,1,2148.8408606913745,2152.7835834239672,1
969,971,-7.1906628096325e-06,2,2144.627030289804,2146.756236030267,2
975,976,-0.0019660622587576847,1,2142.723437897842,2140.6534336535333,1
977,978,-0.0063490890395629445,1,2136.0989853811657,2124.6728017110418,1
981,982,-0.0024998996936530836,1,2124.8015857167543,2121.614596469264,1
983,988,-0.0002072945916852568,5,2124.1804501704337,2125.8642995015202,5
989,990,-0.0004776110878576545,1,2131.133389096961,2132.2466695497214,1
996,1001,0.002133321497267617,5,2139.4381863405097,2146.1417340018456,5
1004,1006,-0.00027981962356608673,2,2146.110152742969,2147.65573916064,2
1009,1011,-0.00384378778971378,2,2146.9172307705235,2140.811853764132,2
1013,1014,-0.005487483655229537,1,2141.908615570149,2132.2968356667825,1
1016,1018,-0.0013544874872361379,2,2137.543503432744,2136.785771007354,2
1020,1022,-0.004172673726765953,2,2150.6888214468377,2143.865387528584,2
1025,1026,-0.0047699773848612955,1,2153.007279157478,2144.8904904056126,1
1028,1030,-0.0011975378735164383,2,2141.420415894754,2140.9974042594936,2
1031,1032,-0.0011983930555352173,1,2150.804176458509,2150.3774718460836,1
1034,1038,-0.002125159592184246,4,2149.227256894346,2146.8090332304673,4
1041,1042,-5.9319852396751117e-05,1,2143.4134996606003,2145.429766187836,1
1049,1052,0.002305805677206301,3,2139.507144429371,2146.579939293849,3
1053,1061,0.0006567211499353186,8,2142.34632444171,2145.8955949078986,8
1065,1076,0.004086527683999264,11,2140.8045449353153,2151.6938065191603,11
1085,1088,-0.0031051040476265694,3,2185.379258611718,2180.778807888815,3
1090,1091,-0.0038118112529122727,1,2180.9517195210965,2174.8192949340887,1
1092,1101,-0.016968770171469184,9,2179.281550586533,2144.4811043662935,9
1102,1103,-0.0018686627279175224,1,2149.227475710291,2147.360521908325,1
1104,1109,-0.001330131996269653,5,2152.235251429835,2151.5247297098385,5
1117,1119,-0.006109156540137929,2,2133.676777777873,2122.775489114149,2
1122,1125,-0.0067183249472892136,3,2132.9024979542614,2120.705868390074,3
1127,1129,0.0014963611597832356,2,2120.549276580115,2125.842933431576,2
1133,1138,0.0016874608808282432,5,2140.4136667329763,2146.1659447311113,5
1144,1145,-0.0005885764252819794,1,2142.8774428053225,2143.759073103024,1
1147,1150,-0.0022297195639615474,3,2146.9117710902983,2144.2716716832892,3
1154,1156,-0.0009451709521766434,2,2155.525130440131,2155.643315830592,2
1157,1161,0.0020280202854459266,4,2157.159741922932,2163.691665380422,4
1163,1167,-0.004565256245419072,4,2171.694164251008,2163.9515180687717,4
1169,1171,-0.0027739960211835427,2,2168.3112288776288,2164.4646533849123,2
1173,1175,0.0015755927417389587,2,2165.4830867696587,2171.060489290301,2
1176,1177,-0.0015226747652168607,1,2177.888821792639,2176.7504942640403,1
1179,1180,-0.003193962451684462,1,2161.0263317171757,2156.285121088287,1
1182,1184,0.005203530427730897,2,2164.6424134243225,2178.070838501157,2
1185,1186,0.003988190455530722,1,2195.148878769394,2206.0986994549403,1
1188,1191,-0.0011155544946601327,3,2211.685419360758,2211.4298491697764,3
1192,1193,-6.61852736025915e-05,1,2213.1976588229295,2215.2643753891666,1
1194,1195,-0.0015557257979061765,1,2215.788664384976,2214.5572934614693,1
1196,1197,-5.541922874930955e-06,1,2215.1373538572375,2217.3402150907223,1
1201,1203,-0.0029530527668549513,2,2228.650918418865,2224.298245576293,2
1205,1217,0.023699338605769015,12,2226.543579638511,2281.5377334325035,12
1218,1219,-0.0015216409594093361,1,2282.0707933280714,2280.8803717299998,1
1221,1224,0.003794514561251354,3,2293.6413673991187,2304.6382643334023,3
1225,1228,-0.010620674589295883,3,2303.4228333281367,2281.2623518071327,3
1230,1231,0.0006476585355258877,1,2283.8116258991363,2287.5745676180823,1
1238,1239,-0.003437737099565431,1,2286.486888333818,2280.913034418457,1
1242,1245,0.0033747140861547127,3,2280.6068540464885,2290.5838569758666,3
1246,1253,-0.0036933132606160744,7,2294.2108319548674,2288.0318034985144,7
1255,1257,-0.003099487554863479,2,2293.158360753836,2288.343903314102,2
1258,1271,0.034270009965463366,13,2296.4652705203493,2377.4616234969426,13
1272,1276,-0.0007766662448920295,4,2386.0526090753197,2386.5854951643896,4
1277,1282,-0.009883625555268082,5,2384.696378963025,2363.5116292693137,5
1283,1285,-0.008851338043245678,2,2354.461728488755,2335.976053548505,2
1286,1290,0.006835242535550031,4,2342.0968453314977,2360.4477421564166,4
1296,1300,-0.006409325208494051,4,2383.360371949498,2370.468000608586,4
1301,1302,-0.0023792252896034675,1,2366.285132207148,2363.021491910395,1
1305,1308,0.003949321058890879,3,2326.541753699554,2338.0565557955283,3
1310,1315,0.008559512345820183,5,2348.1675511001176,2370.6148877949136,5
1319,1322,-0.002939958851174946,3,2340.502821626806,2335.962342461791,3
1325,1326,-0.002200183852407241,1,2336.985152456249,2334.1803406129557,1
1327,1332,0.020045256336115123,5,2336.0320508784685,2385.1944441985866,5
1343,1344,0.0010184618210760514,1,2427.917519300961,2432.8181781183916,1
1345,1346,-0.0052884835427426885,1,2433.9411074101035,2423.5031910269704,1
1347,1348,-0.003929405281025648,1,2422.914713763862,2415.8170146058874,1
1349,1350,-0.002162704867541348,1,2425.274209926366,2422.454331797362,1
1351,1359,0.019926242150597833,8,2419.910266547381,2470.5498947678693,8
1362,1364,-0.0045108636362959555,2,2464.1318385091054,2455.4806076422446,2
1366,1379,-0.00811653773222666,13,2459.8983047616725,2442.3923456583957,13
1381,1383,-0.0018364881383673096,2,2447.793321734555,2445.745771655749,2
1386,1391,-0.0035516282294531993,5,2437.7254331951044,2431.5052641641078,5
1394,1396,-3.535186729862569e-05,2,2442.0993279927925,2444.455094549412,2
1398,1399,-0.0009021498618082215,1,2463.4385771455577,2463.6796249507584,1
1402,1403,-0.0034025082874819847,1,2466.8055539402353,2460.8790331532873,1
1405,1406,-0.0025787842415033358,1,2461.0029529147137,2457.1175602343587,1
1407,1408,0.0010481037979829574,1,2464.0214390791684,2469.068010746858,1
1411,1412,-0.004844135075444483,1,2450.693014436243,2441.272219460302,1
1415,1422,0.005100811061337893,7,2455.6959896194016,2470.677726876155,7
1427,1429,-0.0028043775394351444,2,2496.88734611972,2492.3820186738817,2
1436,1439,-0.003181485356542366,3,2527.0994452819446,2521.5866148475357,3
1441,1442,-0.001263304666391706,1,2527.731477859038,2527.0659143655325,1
1447,1448,0.0014138734298724124,1,2505.75563235676,2511.804209299459,1
1449,1456,-0.010671874497536895,7,2506.6833075395625,2482.438981183969,7
1458,1462,-0.010603177380437468,4,2451.17726553502,2427.6381754631916,4
1466,1472,0.008583064098471281,6,2411.884585365175,2434.9978299448444,6
1479,1483,-0.009676253718424052,4,2383.2167804729943,2362.539387019605,4
1486,1487,-0.0011260447188325866,1,2376.9080918186746,2376.6084951065504,1
1489,1490,-0.00485921565534134,1,2390.710152232258,2381.48388618538,1
1491,1498,0.0076343823181918525,7,2387.182201170739,2407.79404495883,7
1502,1505,-0.003305283326597639,3,2417.0580298144964,2411.486026238946,3
1510,1511,-0.0033719107459045457,1,2427.3740196425283,2421.6165051210087,1
1512,1513,-0.0007528005129070917,1,2420.46910252671,2421.0674412473786,1
1519,1522,0.005478601410157226,3,2427.754160022028,2443.4826115466617,3
1528,1529,-0.002750963625208697,1,2437.243226250287,2432.9757020153365,1
1533,1539,0.01359459138299891,6,2425.3533980675343,2460.750439871698,6
1543,1547,-0.0014665171824222805,4,2482.877361894263,2481.719056943092,4
1550,1552,-0.002013461784228042,2,2482.1198673114204,2479.604333682027,2
1554,1555,-0.0017169517481804976,1,2481.5287704923553,2479.7496341021906,1
1558,1561,-0.003336376976552152,3,2479.310919899063,2473.5183149480963,3
1562,1564,-0.005286739411983603,2,2474.2171525092494,2463.610828327782,2
1568,1570,-0.005193226272253467,2,2473.911534748256,2463.537863905519,2
1571,1573,-0.006747395085951332,2,2461.7150964401467,2447.5666471918544,2
1576,1577,-0.004564949865442986,1,2437.9425688627643,2429.2514258299393,1
1582,1584,-0.005371039875965724,2,2414.0759764601544,2403.523954103436,2
1587,1592,-0.00017830811022310437,5,2409.766925029762,2411.7470109683118,5
1596,1597,-0.006313537190015467,1,2374.091362450845,2361.476539703968,1
1598,1599,-0.0011899756125329493,1,2352.563007493018,2352.1160778946473,1
1605,1606,-0.0025144304351113326,1,2359.622913494892,2356.0494287393094,1
1608,1610,0.004905557054213944,2,2358.159302649327,2372.085546954048,2
1614,1618,0.0028867143434960127,4,2375.513647172435,2384.7465901380706,4
1621,1624,-0.0008665569850285482,3,2384.615181020435,2384.933391259737,3
1625,1626,-0.00648450578541896,1,2383.7112534737607,2370.6377753133156,1
1631,1632,-0.003983089044104276,1,2327.194849230527,2320.2526197722914,1
1634,1635,-0.006249534651909301,1,2291.983134713184,2279.9512898259154,1
1637,1639,-0.0031056836449206,2,2285.569215898944,2280.7565301816917,2
1641,1642,-0.007842446258526578,1,2277.5532633710754,2261.969227565527,1
1646,1647,0.007306731342323513,1,2126.8841210189535,2144.551576008512,1
1648,1654,0.009720216813724144,6,2152.4076123228947,2175.4818885985064,6
1659,1660,0.0031659777964504338,1,2200.6680411696057,2209.8359753664763,1
1662,1663,-0.005689221436932014,1,2214.191237210017,2203.8084041950247,1
1668,1674,-0.0020662120705431572,6,2130.9578798645193,2128.6858268511887,6
1675,1680,-0.02201763376919565,5,2119.445288173701,2074.899563313019,5
1683,1685,0.0017353383130335838,2,2104.8215354118342,2110.5789343997444,2
1687,1688,0.0022281411892092835,1,2119.430269344142,2126.2720894942686,1
1692,1694,0.0024552198706061473,2,2134.4107206859667,2141.7855790201156,2
1698,1699,-0.004524950343629755,1,2165.6174386267135,2157.9837446922556,1
1704,1709,0.014043114800273992,5,2154.567304273872,2186.978707576981,5
1711,1713,0.004650566580912139,2,2190.7590686294916,2203.1380986095196,2
1716,1717,-0.00533640491421144,1,2221.207419001238,2211.5753642339982,1
1719,1720,0.002922516456214345,1,2217.630123830469,2226.3288144849907,1
1721,1723,-0.0015347950063320558,2,2233.2526355168666,2232.0583031595143,2
1725,1726,0.0011003318463075596,1,2233.261578873734,2237.9521692889775,1
1727,1728,-0.006465534101767367,1,2229.3417123930494,2217.1571692394728,1
1729,1730,0.00494377394573471,1,2231.318344411666,2244.58079625182,1
1735,1742,0.004660367680407505,7,2245.1492955312015,2257.857666041316,7
1744,1747,-0.0017496691570838385,3,2261.2032691749264,2259.508114826129,3
1757,1760,-0.0020781174949909744,3,2258.81484446757,2256.379576665804,3
1765,1767,-0.008480915220206638,2,2242.359594628037,2225.5846926074078,2
1768,1769,-0.00231400486710164,1,2218.6643673991643,2215.749031621937,1
1771,1772,0.0037346897445573075,1,2220.7839630576445,2231.298686112411,1
1778,1781,-0.010104790147801062,3,2231.8890661625283,2211.5681845819468,3
1784,1785,-0.010733368528485464,1,2185.3139203384717,2164.043454601388,1
1786,1787,-0.0036102360825222444,1,2151.808033886254,2146.191306913543,1
1791,1793,0.0040867566965084,2,2107.3077149846167,2118.0270766154185,2
1797,1800,0.011293697893480233,3,2131.203618831859,2157.4039922712695,3
1801,1802,-0.001987972606802195,1,2166.3134968261616,2164.1732384335514,1
1803,1804,0.0004947623550962408,1,2166.909736298641,2170.1487513993516,1
1805,1809,0.00892470139602436,4,2171.7003140519864,2193.2537911906047,4
1814,1817,-0.0047945421975952255,3,2201.0962006939885,2192.7440482794887,3
1821,1822,-0.004850655472344771,1,2166.647451656419,2158.3044387900563,1
1823,1825,-0.01987542888573904,2,2155.6870302511297,2114.9975130117145,2
1828,1829,-0.001004942816112054,1,2110.3666188219067,2110.356187667781,1
1830,1836,0.0026998910073863214,6,2109.4070034183715,2117.211579421237,6
1837,1844,-0.016525041949848114,7,2117.5406395858513,2084.6657323257728,7
1846,1847,0.0011460523258320916,1,2121.721679363507,2126.2750051082735,1
1851,1860,0.012237145505438779,9,2150.187783219236,2178.6501317697257,9
1864,1865,0.0010997258203055567,1,2175.931288466615,2180.500147576219,1
1873,1875,-0.0061235347394379015,2,2175.9306394850373,2164.7821832630284,2
1877,1880,0.018849243044030864,3,2184.015570843716,2227.3666267213407,3
1882,1885,0.005721002728474303,3,2257.246199806103,2272.417157673838,3
1886,1889,0.0004846561924292407,3,2283.2706087239703,2286.660480572204,3
1891,1895,0.006989845522895122,4,2299.7173954316327,2318.091782167446,4
1897,1899,0.0010297769567896163,2,2315.0447527407155,2319.7437772337653,2
1903,1907,-0.00588478019472898,4,2333.893999758961,2322.4934405723416,4
1909,1913,-0.012132003396869342,4,2334.416868949079,2308.4301324342287,4
1916,1918,-0.002809831613922836,2,2314.2912360898495,2310.1027586469495,2
1921,1926,-0.015846623954341745,5,2324.133185353248,2289.6276539305018,5
1927,1928,0.0004285991546172821,1,2301.821963406592,2305.1103443175944,1
1937,1939,-0.008282264279441672,2,2313.4044770581254,2296.5576542709446,2
1940,1941,-0.0025814150240901965,1,2294.7632215827302,2291.1342485473897,1
1945,1946,-0.0016134476891790435,1,2298.2518816255224,2296.842024319588,1
1950,1951,-0.006055119524057551,1,2292.4437250744572,2280.85514804203,1
1953,1954,-0.001108235713373247,1,2269.2859324967712,2269.0403147150196,1
1955,1958,0.016437148078923297,3,2254.418695758775,2293.729328388614,3
1960,1964,0.009540865862140289,4,2351.1796636624613,2375.9631331149194,4
1970,1974,0.004904542248047693,4,2429.7993093679975,2444.146162044438,4
1989,1991,-0.010135470096423151,2,2427.1042242290214,2404.931486167675,2
1992,1993,-0.0030320895360371326,1,2402.542005358751,2397.6598248897717,1
1998,1999,-0.004431024888471559,1,2381.6455796449113,2373.4740943856314,1
672,676,0.0014723172545269008,4,1975.9125694723537,1980.7976522112967,4
677,678,-0.0013929123929821096,1,1989.1046479879144,1988.3231041207816,1
685,686,-1.3303976553110395e-05,1,1993.3985676361976,1995.365446076029,1
687,688,0.002344963295237836,1,1997.81836141308,2004.500990502559,1
690,691,0.0001245907202893045,1,2016.374947796748,2018.6425443516641,1
698,701,0.0013654689036650147,3,2019.0072388033107,2023.7831376429745,3
702,704,0.001565460655646802,2,2022.5642799435195,2027.7530890272312,2
706,710,-0.007060464670362756,4,2019.8585088360924,2007.6172277041596,4
715,718,-0.0014720651939425025,3,1998.9057398029943,1997.9621259772614,3
722,723,0.00238954957505123,1,2020.6348361210084,2027.4838780711161,1
725,730,0.005737800270920783,5,2030.6069920254242,2044.2888163664268,5
732,739,0.0071572849233485026,7,2047.7338079424253,2064.437756060985,7
749,753,-0.004901111691577634,4,2067.3754826369345,2059.3104199707386,4
755,758,-0.004232927463582896,3,2054.6601331632974,2048.017565990465,3
759,760,0.003558224222231879,1,2051.2164911222717,2060.5663958171467,1
761,763,0.002552961212770734,2,2065.8096387716555,2073.149380291179,2
765,768,0.0007854275293375744,3,2079.3808893845357,2083.0934732684213,3
769,775,-0.004213578697429047,6,2085.7655436749496,2079.0627719559643,6
777,779,-0.0015999612092920585,2,2078.313391575437,2077.0664841597395,2
781,782,-0.0011287578082018507,1,2077.813390880773,2077.545856182711,1
784,790,-0.0033144785467679044,6,2082.6631046141883,2077.8428255384138,6
793,794,-0.0028267922826151746,1,2076.6728599309818,2072.8792099769435,1
796,797,-0.002971930130095203,1,2071.4700043180737,2067.3852102029705,1
798,799,-0.003741435635371291,1,2078.733226704478,2073.03451336036,1
803,805,0.001070159990275391,2,2068.8350178680266,2073.1178373484977,2
806,815,0.003917334924925725,9,2077.2668831653555,2087.481500158336,9
816,819,-0.001429832920440826,3,2079.546804118005,2078.6529464419978,3
822,824,-0.0026572863297230705,2,2080.829216283548,2077.3806864689127,2
830,832,-0.003408086337299023,2,2061.8312691642614,2056.866201455171,2
840,843,-0.0007400971002305336,3,2077.896481271873,2078.4365325927765,3
845,848,-0.0015463384158095892,3,2079.3560062893303,2078.21997422295,3
849,851,-0.005254150830601911,2,2077.4143972033135,2068.5767630199466,2
852,853,-0.000864594095109962,1,2074.520137470408,2074.8010397468347,1
855,856,-0.0028685890482031146,1,2076.390131604898,2072.5102117451843,1
858,865,-0.005860547541697861,7,2075.876260742989,2065.7863654869657,7
867,869,0.0012991572488893857,2,2068.006896581663,2072.761569628692,2
872,873,-0.0026010026179712695,1,2092.2914172098044,2088.9416531732927,1
875,877,0.00599903120545878,2,2116.0730534398017,2130.8835147738573,2
878,879,0.0040472174539992285,1,2137.744359534538,2148.534020178169,1
880,882,0.003623822992974127,2,2162.380272022583,2172.3787356439148,2
883,884,-0.0028678154787603926,1,2182.658957802917,2178.5821536166777,1
886,887,-0.0013899022168112792,1,2171.9141751655698,2171.067341013949,1
891,894,-0.002576880249095626,3,2167.3492378979013,2163.9315876917676,3
897,898,-0.0029364139205909595,1,2172.984710901429,2168.776913058008,1
902,910,0.0007509586087942402,8,2161.6778669151745,2165.4628753856896,8
919,920,-0.0012893482161861292,1,2155.50015131253,2154.8764611887586,1
921,922,-0.0023137002691787567,1,2157.424697307743,2154.590487902157,1
924,925,-0.0025445095196427446,1,2158.865064161358,2155.5306765181367,1
926,927,1.4842444598282172e-05,1,2154.2020335997177,2156.3882092576546,1
928,930,-0.0012343863528127747,2,2156.4928706062683,2155.98741810746,2
933,936,-0.007234131950042195,3,2148.2535929288097,2134.8610965683392,3
937,939,-0.0019097381357446284,2,2138.8453925959584,2136.899603375852,2
940,941,-0.0028372806209367558,1,2135.396717573142,2131.4733945659327,1
942,943,-0.0046195171697635835,1,2137.2409624636307,2129.5051821040715,1
947,950,0.00417084398759215,3,2104.2860462259287,2115.16698107623,3
952,958,0.008469630372738745,6,2115.8117641886224,2135.847719533781,6
959,960,8.653927185342048e-05,1,2134.4559258951067,2136.775096082632,1
962,963,-0.0031838473212370123,1,2137.1982246744415,2132.5309100565337,1
966,969,0.00010939519988142476,3,2147.086167425647,2149.468134513521,3
970,975,-0.005521830714431598,5,2152.032494983002,2142.301368348733,5
982,983,-0.002106445425377551,1,2123.8956849985284,2121.5457103338827,1
993,998,-0.0015620303670524076,5,2138.1835985827192,2136.9818744699824,5
999,1000,0.0037718070050809845,1,2139.906974297862,2150.118197388038,1
1005,1008,-0.0015796771453870475,3,2145.6377608832095,2144.393983710946,3
1011,1012,-0.0027234642909470747,1,2140.1833190481725,2136.4947895217124,1
1015,1017,0.0011592350314182966,2,2134.1664329117725,2138.7745998365926,2
1019,1020,-0.0007037709707827492,1,2143.069593753959,2143.7044331792617,1
1024,1025,-0.0013124829621981265,1,2150.9346411217416,2150.2625106935893,1
1028,1031,0.004141970325237548,3,2138.648741581507,2149.6456099468255,3
1032,1043,-0.002227813373197677,11,2147.3025765798643,2144.6660897600377,11
1049,1051,3.619112548788016e-05,2,2142.1097630060303,2144.329398132278,2
1053,1054,-0.003935169634386988,1,2148.8432639487087,2142.5360444513094,1
1055,1060,-0.004500870304510124,5,2150.076371685233,2142.5492331631713,5
1061,1062,0.00032298630727924864,1,2143.71064440045,2146.5467442297604,1
1064,1065,-0.002466417172108201,1,2144.2018108298207,2141.0575164739544,1
1070,1072,0.0004580496990255151,2,2153.07771984789,2156.2170141692927,2
1073,1076,-0.0032440463099102624,3,2157.6060461787156,2152.764278292548,3
1079,1081,0.0014173905962166266,2,2151.559974774781,2156.7611356249977,2
1086,1089,-0.002951919896448386,3,2189.5480206609313,2185.274198315174,3
1093,1095,-0.012436083471880216,2,2172.4554578495977,2147.611075894688,2
1096,1097,-0.005276229076998109,1,2151.3667215568453,2142.166984626838,1
1100,1102,0.0019111494055101324,2,2142.9219065634925,2149.1602723978394,2
1105,1107,0.00159383752409447,2,2148.09464579648,2153.6664542940534,2
1108,1111,-0.0031081321928705863,3,2156.1614187734995,2151.6159454735575,3
1112,1115,-0.010882220114094267,3,2148.1181677269915,2126.8899911624285,3
1116,1120,-0.0037991402248284665,4,2129.797492267093,2123.835890435749,4
1121,1129,9.734123910250074e-05,8,2127.566553209449,2129.901219727221,8
1133,1135,-0.0010241628485234526,2,2139.661885627594,2139.6101853015603,2
1137,1142,-0.002110085990050716,5,2146.8507397359012,2144.4675508069904,5
1144,1145,-0.002855442621279536,1,2145.0823204209746,2141.1022432575123,1
1149,1150,-0.005036120471866257,1,2148.1633485080615,2139.4931024402354,1
1151,1153,0.0033115330407786758,2,2145.086513665875,2154.335125044874,2
1154,1156,-0.0031729210571069064,2,2157.740760518643,2153.0521601843343,2
1157,1165,0.0022785078497542894,8,2159.210468214852,2166.289456684166,8
1166,1169,-0.005100154513297702,3,2169.8447971309415,2160.9480981928295,3
1171,1181,-0.00319484776015864,10,2161.797165743698,2157.052350076548,10
1186,1190,-0.0006962180069822701,4,2207.3005507923745,2207.9710889528833,4
1192,1196,0.0003273057373224112,4,2213.7361327611243,2216.674437431056,4
1198,1199,-0.0022271288326575676,1,2225.2696054135786,2222.538912920339,1
1200,1204,-0.0036400780384310467,4,2230.693717471776,2224.8045119778126,4
1205,1209,0.006506680617650382,4,2225.634400091516,2242.341526704659,4
1212,1213,-0.00013627104265166582,1,2258.4995806179713,2260.45031210591,1
1214,1215,0.0028362226231637704,1,2269.0090579109083,2277.7134817910296,1
1216,1217,-0.0006443855030040426,1,2283.00084918644,2283.812717385065,1
1218,1222,0.0031946749310007745,4,2283.0613599162243,2292.6380601686014,4
1223,1225,-0.0003523550437133942,2,2302.64869561411,2304.139994427924,2
1228,1231,0.002136465800811182,3,2284.6964716068373,2291.862343955266,3
1233,1235,-0.002649642455346311,2,2296.7121676417783,2292.923413742326,2
1237,1247,0.00343721973953782,10,2289.5248714230997,2299.683996376741,10
1248,1253,-0.0047728748469811335,5,2295.994158765888,2287.3316601554648,5
1254,1262,0.018171041946183627,8,2292.86934749424,2336.826041932171,8
1263,1265,0.0034501733896605763,2,2343.964239252283,2354.3952865361193,2
1268,1278,0.0029425434618938684,10,2370.7576588403485,2380.1044739479444,10
1282,1283,-0.005229704237485829,1,2365.7690529098227,2355.762549521817,1
1286,1288,0.0023022941862610247,2,2340.9260980698805,2348.6565247140034,2
1289,1297,0.011994975966394948,8,2353.481262777562,2384.064695224717,8
1300,1306,-0.018011763417374822,6,2370.5528284732104,2330.2255445868354,6
1317,1320,-0.014893098713943443,3,2365.9397742980423,2333.0695394624745,3
1321,1327,-0.003891816969717289,6,2346.85458310309,2340.067909194214,6
1329,1330,0.0007044596480767812,1,2355.6698225908035,2359.6849667476017,1
1334,1335,0.0013203898249029263,1,2412.698836862066,2418.297238693676,1
1340,1344,-0.001852007787453774,4,2437.802369570419,2435.725342967272,4
1348,1351,-0.0008193468555810603,3,2419.3039325702703,2419.740987432994,3
1352,1354,0.0005376503096459762,2,2417.127912613712,2420.8446100969963,2
1357,1363,-0.0023819504604096504,6,2457.166590824375,2453.770908322882,6
1366,1377,-0.0035710077786346634,11,2464.009458630927,2457.6744711461574,11
1378,1379,-0.004672473080414703,1,2451.020071507372,2442.018766275205,1
1385,1386,-0.0035616121975777563,1,2436.3979237001463,2430.156817060643,1
1387,1390,0.0005521064460233774,3,2423.8320439705926,2427.5940893101174,3
1393,1394,-0.000310651741317438,1,2437.277393447335,2438.957526374434,1
1398,1399,0.00010139117674667821,1,2459.8435086679524,2462.552758604577,1
1400,1402,-0.0007610598593050735,2,2463.18545506844,2463.774008947632,2
1406,1408,0.005379381637568696,2,2453.6759294620692,2469.328864631024,2
1409,1411,-0.006481507438899425,2,2463.58197081549,2450.0778279161264,2
1412,1413,-0.0028569130432228576,1,2450.3124046686025,2445.7623876044026,1
1415,1416,4.05440993944536e-05,1,2454.687624829122,2457.2418355529944,1
1417,1426,0.013271885730101001,9,2450.980671815758,2485.9607878905986,9
1428,1433,0.009569574312627564,5,2495.62577975534,2522.003481890973,5
1435,1436,-0.0016220498724254543,1,2524.898795223255,2523.3281822497993,1
1438,1439,0.0009276703972200767,1,2510.6227788264773,2515.4624320358075,1
1442,1443,-0.004121102272224367,1,2530.3698307557943,2522.4722877274544,1
1445,1447,-0.0041342437719700635,2,2514.052579287707,2506.172925648669,2
1449,1451,-0.008784055511049004,2,2510.3417631309308,2490.801123495015,2
1455,1456,-0.0076400860105406455,1,2495.448530456267,2478.87853757916,1
1457,1465,-0.03166797988477408,8,2478.771705931764,2402.7527851153013,8
1467,1474,0.005561678556864269,7,2416.758246183817,2432.616236944926,7
1475,1477,-0.012370249642834716,2,2420.4917497714537,2392.9701543181304,2
1489,1494,-0.005421337413602502,5,2382.2452673405683,2371.712557211698,5
1499,1500,-0.002884327156146059,1,2410.68251079043,2406.1399962705013,1
1510,1515,-0.004276445501941976,5,2429.3975576786747,2421.4377689783896,5
1516,1519,0.003016466030713476,3,2421.2146658075017,2430.9393922657828,3
1521,1522,0.0008622431565093352,1,2442.192132946403,2446.7400885328634,1
1527,1529,-0.0035794626326574107,2,2442.389081943303,2436.08903057202,2
1531,1537,0.010273772445850593,6,2427.98473268521,2455.3572800635025,6
1538,1542,0.008121091543450396,4,2452.7087057262297,2475.0800863605764,4
1544,1546,-0.0007112515400866676,2,2484.364893083741,2485.082249620482,2
1548,1551,-0.00045298682752492635,3,2479.9829133549206,2481.339496676039,3
1557,1558,-0.001507215671601983,1,2478.553288238156,2477.296127167461,1
1560,1562,-0.0032644369549954155,2,2474.6188362912962,2469.0152179488705,2
1569,1574,-0.011235744145223981,5,2467.1667080097654,2441.913420822963,5
1581,1590,-0.0038984301552721966,9,2410.63737699693,2403.650312930016,9
1594,1598,-0.018322156778234983,4,2394.1422332015427,2352.670526088632,4
1599,1600,-0.0010938523516722447,1,2353.5598713880263,2353.338984259295,1
1604,1606,-0.004232871635250409,2,2361.948729673275,2354.3128526211985,2
1607,1609,0.00761847697451938,2,2345.3767517689266,2365.59032730062,2
1611,1614,-0.002983007656949903,3,2371.0682896519506,2366.3664430784197,3
1616,1620,0.0020824952562997698,4,2377.95649495068,2385.2865345660525,4
1623,1624,-0.001896963372916395,1,2388.3282804195355,2386.186037429499,1
1637,1641,-0.009344199885283823,4,2292.3906151735746,2273.2624496654175,4
1645,1648,-0.00046068522292533017,3,2150.690461697979,2151.8503608448864,3
1650,1651,-0.0016029050058809701,1,2163.3096996416884,2162.0054293945036,1
1653,1654,-0.0004713194936241175,1,2176.0281503754577,2177.1785740398864,1
1655,1657,0.0027084091103880036,2,2183.5653307312546,2191.6628842968657,2
1659,1662,0.006955671884117952,3,2196.3643091308186,2213.837862912251,3
1670,1671,0.0024602149880514953,1,2116.5117273643878,2123.8353129658008,1
1677,1679,-0.01647402747436924,2,2096.583785035522,2064.141189943565,2
1681,1683,0.006297108247385101,2,2087.812132950344,2103.047124084687,2
1684,1688,0.004857030043742669,4,2115.008553323172,2127.3962219627583,4
1693,1696,0.006379186462421125,3,2141.5273105399265,2157.330039878768,3
1699,1701,-0.003353749452934794,2,2162.8429681097605,2157.7521776567883,2
1702,1703,-0.004836185830669535,1,2154.936732050681,2146.6699942931987,1
1704,1707,0.005494964071972216,3,2150.8380408456733,2164.807656645597,3
1708,1710,0.003649871159347443,2,2177.5826996142755,2187.708178606306,2
1714,1730,0.01169490976037087,16,2216.4511981507676,2244.5888460995575,16
1731,1735,-0.005316539621766395,4,2253.8265916574915,2244.097859874011,4
1738,1742,0.005627722626133129,4,2250.5434310845194,2265.4594087038136,4
1747,1748,-0.003404616144665404,1,2262.525142039362,2257.0846375551027,1
1749,1754,-0.0010603552916780966,5,2250.1931973842898,2250.0573863175296,5
1756,1761,-0.007824327603449019,5,2259.341297296411,2243.922812115659,5
1763,1764,-0.0030690637177638426,1,2241.304626210236,2236.6672241276883,1
1765,1774,-0.0022893404885078804,9,2239.3829425364797,2236.4956154393935,9
1777,1778,-0.004877982850253162,1,2240.781734423596,2232.0920212863407,1
1779,1781,-0.006784279458629331,2,2222.283990059492,2209.4296784245503,2
1786,1787,-0.00297298030715752,1,2148.13750973983,2143.899276736047,1
1794,1798,0.0047048859119885695,4,2120.871376248864,2132.970705484366,4
1800,1804,0.0035392960982997225,4,2158.209562096714,2168.0063143412526,4
1805,1812,0.010641471298341615,7,2172.4072105623563,2197.6972267524284,7
1814,1816,-0.0059905748202221205,2,2204.024154010419,2193.024806564253,2
1817,1833,-0.027941687785001283,16,2190.847561014761,2131.82243004137,16
1834,1836,-0.009060577958732413,2,2135.1993006345338,2117.988360214338,2
1837,1839,-0.007432251140118759,2,2113.7303995309853,2100.1343547586985,2
1842,1843,-0.0014980874035399325,1,2084.649046568244,2083.610709137347,1
1848,1849,-0.0006212536700850123,1,2137.276694675064,2138.086180379185,1
1853,1859,0.015363224877013335,6,2148.4168951031347,2183.571923887282,6
1861,1864,-0.007243739406375957,3,2188.155741513453,2174.4934672828776,3
1867,1870,0.003075696472899718,3,2197.1153109143543,2206.070086037602,3
1874,1876,-0.001486462989498143,2,2170.3569061007342,2169.3011077919145,2
1879,1880,0.005263269363254445,1,2214.4476850315514,2228.317367373739,1
1881,1884,0.008204329937417858,3,2240.7206951350845,2261.345027710708,3
1885,1886,0.0004110009339781777,1,2277.388800560714,2280.6021982853367,1
1889,1893,0.01092865476119503,4,2289.8710758251073,2317.186157336271,4
1895,1902,0.006494277167260829,7,2318.4154644022424,2335.7903124813365,7
1903,1904,-0.003751988975482374,1,2327.9405415125493,2321.5340748067283,1
1906,1908,0.0027421158422228204,2,2320.642350124945,2329.326462627481,2
1909,1912,-0.00934241439953716,3,2340.450045291601,2320.925041132363,3
1913,1914,-0.0022067142992507212,1,2309.024296171332,2306.2379635358247,1
1918,1925,-0.007926487884989522,7,2312.0374302724967,2296.023131022072,7
1927,1928,0.0006930656812381489,1,2298.107719073762,2301.998566384714,1
1929,1932,-0.005942953548314801,3,2310.294431119148,2298.874753063196,3
1936,1939,-0.01480450926606042,3,2324.8294366807154,2292.7363071800464,3
1945,1946,-0.0018078549406501422,1,2297.1259720126177,2295.2702274468315,1
1949,1953,-0.011203234057232395,4,2295.6810566147988,2272.2576854734034,4
1959,1961,0.012811988533327802,2,2329.185928377807,2361.35661771255,2
1965,1969,0.01784163047466871,4,2382.6046668623812,2427.4968235626234,4
1971,1978,0.0005919135482645645,7,2425.800621260805,2429.662286135179,7
1984,1986,0.001027431126800228,2,2415.0808721983585,2419.9772823323933,2
1991,1994,-0.00933397607487323,3,2412.970887992695,2392.8612463427985,3
1995,1998,-0.00577710026896916,3,2387.6895807616124,2376.2833482231413,3
1999,2000,-0.004309336480799126,1,2376.624444764587,2368.759394788369,1
672,673,-0.0004974161169561555,1,1976.5636925647261,1977.5570816204188,1
674,679,-0.0017100699151753958,5,1988.7304121050306,1987.3182744700005,5
681,685,0.0019379108077219286,4,1988.1989216517975,1994.0400727516194,4
686,689,0.0018230393754106356,3,1998.2818181823177,2003.9230464382135,3
692,695,-0.0010620225346934316,3,2016.186097976337,2016.0610490041267,3
699,700,-0.00033222464077387883,1,2019.6293556155138,2020.9780143339635,1
701,702,0.0005945096660498069,1,2021.1985060928255,2024.421326647796,1
705,710,-0.00947838266957025,5,2022.2931091758358,2005.147334326208,5
713,716,0.001582981737380221,3,1992.4931378794165,1997.6397112664145,3
717,718,-0.0005464347448520795,1,1998.8856667754844,1999.792291862947,1
723,724,0.0019163134262195607,1,2023.6341075967748,2029.5356589145151,1
725,729,0.007576732136399451,4,2027.733392048434,2045.1247181960662,4
732,733,-0.0028936645754842234,1,2046.9202819779107,2043.044101551089,1
734,737,0.00697235361105234,3,2050.9325513651347,2067.2833108970353,3
738,739,-0.0030598171106014796,1,2071.8435050238104,2067.575886321674,1
745,746,-0.0009203753438310766,1,2066.1159397085808,2066.280453479885,1
748,752,-0.0009595599207781855,4,2066.773778166487,2066.8573586618095,4
755,757,-0.0015545162583459862,2,2052.0642743517724,2050.9263713484734,2
758,761,0.0073020780129621566,3,2051.4592806904975,2068.4906556792052,3
762,763,0.0006016289914829746,1,2069.3144344378143,2072.628708428504,1
766,767,-0.002290271106052193,1,2084.131224360117,2081.442130060104,1
769,772,0.001294252699116238,3,2084.598426804311,2089.3810223715805,3
773,776,-0.005390227545662353,3,2086.421617407536,2077.261751750928,3
779,780,-0.0006637058450688022,1,2076.9423243624587,2077.640787926271,1
781,784,-0.001413595127715315,3,2078.9668930209605,2078.1070424433256,3
787,789,-0.0004480368230747136,2,2078.039604204623,2079.1866055463365,2
793,794,0.00031574720172380813,1,2075.1358744275544,2077.866228647529,1
796,801,-0.0035251567301371103,5,2072.4948215165105,2067.2614472697837,5
809,810,-0.0024343821510426893,1,2092.4525900429294,2089.4512133958688,1
812,814,-0.002912181691006135,2,2087.365705867592,2083.374283382398,2
815,818,-0.001078242515158051,3,2082.9866403282363,2082.8236622144564,3
821,826,-0.00673657890639954,5,2081.8088085086874,2069.8663480106397,5
829,832,-0.005251078165626325,3,2069.2425327682363,2060.4460210178,3
834,836,0.00016851711596523392,2,2066.866481487677,2069.28165034771,2
838,840,-0.0019780553033680913,2,2072.8227057062545,2070.7953704659967,2
844,848,-7.624899248725309e-06,4,2079.512490493362,2081.5761469106287,4
850,854,2.690104703105653e-05,4,2072.801659054267,2074.9302212482376,4
857,858,-0.005957289835356213,1,2079.2675052442205,2068.959973575487,1
859,860,-0.0035590414183691924,1,2069.9514478712085,2064.654356382093,1
861,862,-0.0008389987420483272,1,2069.6900969872395,2070.0233196964246,1
863,864,-0.003552748954498878,1,2070.705966065229,2065.4199735752813,1
865,867,-0.0026687557608720755,2,2069.0590752692337,2065.6063210177936,2
868,872,0.00969945840599291,4,2070.706857271961,2092.8622991623465,4
877,879,0.004935439073425241,2,2134.6724157945146,2147.3426338601844,2
885,886,-0.003220948511550811,1,2176.437412008418,2171.6036565777345,1
888,890,-0.006226450202960317,2,2178.866482294707,2167.4787451260945,2
891,892,-0.0030094806884250155,1,2171.1546705672745,2166.7917771851858,1
893,895,-0.0021861938574429785,2,2165.7515596822977,2163.182558485455,2
899,902,-0.006204359035958369,3,2169.584449245246,2158.293152812542,3
905,906,-0.0025707704745241405,1,2169.82300671792,2166.4147128040245,1
913,914,-0.004433956939689142,1,2161.1189710502485,2153.6977815621167,1
916,917,-0.0032599544318052875,1,2147.0244271834295,2142.172249814022,1
918,919,0.000280987389320155,1,2147.2973945987983,2150.0480554823994,1
921,925,-0.003201351390562741,4,2157.68177010871,2152.9319543436895,4
927,929,-0.004890256737379235,2,2160.8139125503876,2152.4077916688657,2
932,934,-0.0016254690907027262,2,2146.380268231509,2145.037773716836,2
937,938,-0.0017804264085960104,1,2134.6758883377515,2133.0099309006996,1
940,941,-0.002563366549122684,1,2137.2851543201114,2133.943794203911,1
942,944,-0.005077105407176127,2,2132.3586359236115,2123.6647849990486,2
945,946,-0.006193480216726598,1,2127.7377688839083,2116.6874048748277,1
952,955,-0.0021445925678433893,3,2118.9666754711566,2116.5413219629045,3
956,958,0.002710135907372487,2,2123.2630139640737,2131.1406083129777,2
962,963,-0.0011717772913154333,1,2139.6885070915455,2139.3209571955385,1
965,970,0.002154372546361903,5,2137.6320254333323,2144.374913208583,5
973,976,-0.0067841427902235185,3,2149.453122761092,2137.02037897815,3
977,978,-0.00409765354498833,1,2136.494430097127,2129.8763105518888,1
984,985,-0.003293644242048046,1,2123.3705479698015,2118.500291338716,1
990,992,0.0003592498744156233,2,2133.1431368360527,2136.0426113769076,2
993,994,0.0024794326713503934,1,2135.149556503352,2142.578665628469,1
999,1000,0.0017719096313563482,1,2139.9646715312565,2145.8964602150363,1
1005,1010,-0.0029448992363179756,5,2147.320159040893,2143.143837703444,5
1011,1012,-0.003938370409151633,1,2144.816368171777,2138.514103222477,1
1018,1023,0.004482159842928475,5,2133.561846213327,2145.258373289042,5
1024,1026,-0.007991519548232098,2,2152.693490775216,2137.642892153109,2
1028,1030,-0.00014185161261355366,2,2143.732930523635,2145.572571480951,2
1033,1034,-0.0021556662941253505,1,2152.275743350522,2149.7884308182684,1
1035,1037,-0.00226038347981287,2,2152.79014041102,2150.0767992825417,2
1039,1041,-0.0013354967633820683,2,2146.743368438222,2146.0231429862993,2
1043,1045,-0.002962091973615001,2,2145.0756098101583,2140.8667741733525,2
1049,1052,-0.00408817148118959,3,2144.8261538926076,2138.202562932047,3
1053,1054,-0.0027489161024483026,1,2144.7621544018734,2141.0111453341183,1
1058,1059,-0.003180319973655314,1,2141.684276323823,2137.0147193188905,1
1060,1061,-0.0016837818295402376,1,2146.672043189502,2145.204187852387,1
1066,1067,-0.0029364124636777093,1,2139.1685040788584,2135.0261915256533,1
1070,1077,7.59498437733232e-05,7,2150.4354035640977,2152.749164200607,7
1078,1081,0.001455247877578665,3,2150.1817606841855,2155.4609898885137,3
1082,1084,0.006696817904571628,2,2169.293161852807,2185.9898163012203,2
1085,1087,-0.0035568973210078525,2,2188.921956584577,2183.3251078978906,2
1088,1090,-0.00466906837178305,2,2185.965844584147,2177.945386441985,2
1091,1098,-0.02214651543998116,7,2180.8873511194433,2134.7691830761364,7
1100,1101,-0.0020277207412946145,1,2147.4670322027127,2145.2600357924716,1
1105,1109,-0.00014461015119314414,4,2152.822022622184,2154.6635247266227,4
1111,1113,-0.005642849583630597,2,2156.9307485861054,2146.9164435581124,2
1117,1119,-0.003277602912516781,2,2134.1452570565893,2129.2845216033834,2
1121,1123,0.00045561754777967336,2,2125.436685585385,2128.530508521618,2
1125,1126,-0.0017192732063293734,1,2127.7268983466106,2126.1964813982436,1
1127,1129,-0.00028418101545070993,2,2125.9359084548305,2127.4576937380375,2
1132,1140,0.00190925448702525,8,2138.9607321954713,2145.183513303182,8
1142,1143,-0.0013603948354486727,1,2141.947684099144,2141.1757372159936,1
1145,1147,-2.196772399507517e-05,2,2146.6420249594175,2148.7415101448564,2
1148,1150,-0.0023863990383890914,2,2143.914158335076,2140.9418378075716,2
1151,1153,0.0021472187112816293,2,2150.8980063769436,2157.6673528286715,2
1154,1157,-0.0038062466780760026,3,2159.8639298800877,2153.8028189017655,3
1158,1161,0.00160433354165336,3,2159.797560125556,2165.4223933545723,3
1164,1165,-0.004044795879814335,1,2171.977037051593,2165.363810318127,1
1167,1171,-0.0017434965946858064,4,2168.7794775063962,2167.1669973502458,4
1173,1175,-6.712481727931031e-05,2,2166.9145069496244,2168.935967716235,2
1176,1177,-0.002285519276471244,1,2182.9125420895407,2180.1063659378337,1
1181,1183,0.0029735549538902947,2,2160.1242061744238,2168.7075784148865,2
1184,1187,0.013732053653091526,3,2181.4551939245166,2213.5925088832278,3
1191,1192,-0.003272920938389053,1,2213.248210699911,2208.217672499959,1
1193,1194,-0.0018150727702239047,1,2213.8345404842216,2212.030104232492,1
1195,1197,0.0013732012925073075,2,2211.433692751371,2216.6818700493027,2
1198,1201,-0.0006732315117245977,3,2222.829641954845,2223.5559926366404,3
1202,1203,-0.001308930557281035,1,2228.272439343718,2227.5840578972575,1
1204,1206,-0.0015892444155834943,2,2227.740314028323,2226.4276304889117,2
1207,1208,0.0005685328908016866,1,2230.4462864053403,2233.9448147667335,1
1212,1215,0.006306588666014485,3,2257.7770749578067,2274.2737233440807,3
1217,1218,-0.0011141173174914346,1,2283.9637611884486,2283.703121370774,1
1220,1224,0.00597679130239137,4,2291.5141537929712,2307.5015698104608,4
1226,1229,-0.00829816096491337,3,2293.989471243365,2277.2475668304146,3
1230,1234,0.0050159623885692554,4,2284.0929729593436,2297.8339903766623,4
1235,1240,-0.013477106124960524,5,2302.6457071823006,2273.9153523256023,5
1241,1246,0.00540245316779608,5,2279.7439912548493,2294.339945393423,5
1252,1260,0.008113079769232756,8,2295.1067036134127,2316.0221940823426,8
1263,1269,0.01053189377483485,6,2347.5918479925062,2374.664027810224,6
1271,1273,0.0033049053172767183,2,2374.7691426553124,2384.992298964834,2
1278,1282,-0.007705346055108149,4,2381.466892737291,2365.4983331027042,4
1284,1291,0.007843603005203207,7,2343.1845445406316,2363.906738420477,7
1292,1293,0.0005090154183007977,1,2377.445015311508,2381.0326164957755,1
1297,1298,-0.005797363864578177,1,2384.9625749440465,2373.5210416686386,1
1299,1303,-0.00975000445393773,4,2371.5635989404236,2350.8124068868983,4
1305,1308,0.002848037613321559,3,2328.9194460753047,2337.8812157021985,3
1310,1314,0.00981563306533691,4,2348.5984667658304,2374.0000460001825,4
1315,1323,-0.015400515231043056,8,2372.267456557263,2338.1055829170023,8
1324,1326,-0.0058221997927566885,2,2341.212307184003,2329.9225136815007,2
1327,1330,0.009512408832651524,3,2336.1174906339534,2360.6757127766055,3
1331,1332,0.0018181806054398848,1,2381.0259483046884,2387.73610945325,1
1333,1336,0.010131455335777702,3,2399.9511780772636,2426.666127424078,3
1340,1341,-0.0015489893693980978,1,2434.2258875180496,2432.8895233830885,1
1343,1344,0.0005649987065340489,1,2433.2980059142383,2437.106114146106,1
1349,1350,0.0017941591670740283,1,2417.47303594183,2424.227840386361,1
1352,1355,0.004356142459637877,3,2420.69851297083,2433.6641190581354,3
1356,1358,0.008736062887375565,2,2438.2976129318104,2462.037031829452,2
1361,1363,-0.005420015574424955,2,2469.1225907001203,2458.2090303940613,2
1364,1366,-0.0009465581382222823,2,2457.513263021752,2457.6445971058715,2
1368,1371,-0.005010128817295859,3,2474.2135014751284,2464.2915866127205,3
1374,1375,-0.0019975104146713807,1,2467.41774663806,2464.9564717384437,1
1391,1392,-0.00011630601339744097,1,2433.4398801248108,2435.590296313636,1
1393,1394,-0.0025290288415794095,1,2442.289802365843,2438.5554708185305,1
1399,1400,-0.0016910153990862334,1,2466.330486736322,2464.6262143907516,1
1403,1406,-0.002880217550868533,3,2465.0036165557344,2460.368873492932,3
1407,1408,-0.00032105622830804154,1,2461.0509593962297,2462.7218746169283,1
1412,1414,-0.00417853269684501,2,2454.1434587840768,2446.3428835575833,2
1421,1422,0.0010388221965058346,1,2466.2065097672926,2471.2346663405733,1
1424,1425,0.0006424041164648871,1,2488.3442079307897,2492.431074701077,1
1431,1433,0.006463771812645672,2,2505.64581295345,2524.3473815446455,2
1435,1440,-0.002847148915503408,5,2527.214105285054,2522.5459644912316,5
1441,1443,-0.0006659727240672945,2,2528.8413460017437,2529.6860479878146,2
1446,1449,-0.001331194774328318,3,2507.386347337416,2506.5559140819555,3
1454,1455,-0.0030288799488043462,1,2496.7725178404016,2491.7068661422295,1
1458,1460,-0.00820351287595182,2,2454.337392263775,2436.657541256673,2
1464,1472,0.008617430283607199,8,2411.6464765442356,2434.8403184011067,8
1474,1480,-0.018308292123623154,6,2437.436908900695,2395.2490388485407,6
1481,1483,-0.010934392126315126,2,2389.2014634684715,2365.4661992616097,2
1485,1488,0.0037683019592465675,3,2370.1301851660983,2381.431681571695,3
1489,1492,0.004035112524951146,3,2380.841524160112,2392.8293291383343,3
1496,1506,0.01231585589492177,10,2382.788194018267,2414.517058237935,10
1511,1513,-0.0028177459005269646,2,2422.574716122366,2418.1710908634145,2
1514,1517,-0.0032698474542550383,3,2422.1921707122574,2416.6941639798497,3
1519,1521,0.004507979189954597,2,2429.9679585733716,2443.35217152145,2
1526,1531,-0.01317130751541502,5,2455.171355680887,2425.2887101078563,5
1542,1546,4.1102540442098084e-05,4,2480.022730729938,2482.604688695255,4
1561,1562,-0.00043184899814868434,1,2471.663413263195,2473.0676913076795,1
1563,1566,-0.0032139176696446606,3,2470.6418446965954,2465.172047061258,3
1568,1570,-0.003581231720888066,2,2466.60823803833,2460.2413506113016,2
1571,1572,-0.005969288240055703,1,2466.032199760378,2453.77777495051,1
1573,1574,-0.00460669334986381,1,2449.1839694984506,2440.3505139630674,1
1577,1578,-0.004173663532983502,1,2430.0293778110736,2422.317282190636,1
1585,1588,-0.002790889424075212,3,2406.7114726216187,2402.4013184985,3
1595,1599,-0.015008265270262094,4,2382.9072494765874,2349.5268526114887,4
1602,1603,-0.003384217210265671,1,2359.5197375221137,2353.894129955952,1
1608,1609,0.0015009307840306517,1,2356.363709491318,2362.2568120307574,1
1617,1620,0.0018628060665878965,3,2384.1290626448317,2390.9543617889,3
1621,1623,-0.00036974060538721564,2,2387.8682269924648,2389.373203375624,2
1629,1631,-0.012553743335605352,2,2349.0376803237496,2321.897501879623,2
1635,1638,-0.0016684844906074809,3,2290.6152475439026,2289.0840067769705,3
1641,1645,-0.05627841387279574,4,2274.795453165727,2149.048368629678,4
1646,1649,0.01879151153919313,3,2121.7169395387796,2163.708924830563,3
1652,1655,0.0021802439192422822,3,2175.1691405126,2182.0867089450385,3
1658,1661,0.009372989952263013,3,2192.330402831171,2215.0714240717793,3
1664,1665,-0.004096206247667116,1,2189.958020662014,2183.1774589563115,1
1667,1674,-0.013041302948172111,7,2146.871684336923,2121.0205519949695,7
1676,1677,-0.009840204178321828,1,2110.2070656734113,2091.552404354321,1
1678,1683,0.014065644589748062,5,2071.671422716711,2102.8824880780985,5
1687,1694,0.007399729774636971,7,2121.534479925742,2139.354796264693,7
1695,1697,0.0060137465540717056,2,2150.4992376864234,2165.5822943042804,2
1704,1723,0.036565462817054,19,2154.052136433667,2234.9701018708615,19
1724,1733,0.008616188072107709,9,2235.030014338166,2256.5224833028474,9
1739,1740,0.0015355247537247214,1,2249.8926142736636,2255.597272690377,1
1743,1744,-0.0026179117947837975,1,2268.286435671281,2264.6165482930605,1
1746,1748,-0.0029074387987295413,2,2260.2633942755533,2255.952080181964,2
1754,1758,0.0006137807060035388,4,2258.645033464782,2262.2899912414982,4
1761,1771,-0.014554394583581806,10,2249.005758863725,2218.5218473873383,10
1774,1778,-0.003638240821940239,4,2234.4162947938557,2228.521366511722,4
1779,1781,-0.008461507923353637,2,2225.365332271146,2208.7607512120485,2
1785,1786,-0.010585548469915704,1,2169.145882153595,2148.3534291618935,1
1788,1790,-0.012106836504086747,2,2138.9423714238483,2115.18548821278,2
1796,1797,-0.002050490771978185,1,2129.4440811893633,2127.2071198326303,1
1799,1801,0.007674019936256482,2,2143.295842531084,2161.886833398494,2
1805,1807,0.0044189594499341525,2,2170.846883148379,2182.6106143801762,2
1810,1812,-0.001955681515635895,2,2203.0750707681264,2200.969632645435,2
1813,1814,-6.258683529282449e-05,1,2196.7297667598787,2198.7890101625435,1
1816,1819,-0.007130685247478035,3,2197.7469799959695,2184.273285008019,3
1822,1827,-0.029900887707253083,5,2161.3910515084867,2098.9249314373783,5
1829,1831,-0.005711991514594295,2,2117.6319100086957,2107.6536464177007,2
1835,1838,-0.00869056642174864,3,2125.1222914653003,2108.778897328448,3
1842,1844,0.0007520463815034167,2,2082.304381942944,2085.952675800516,2
1845,1850,0.021140626723275872,5,2098.0315559830774,2144.4832895177524,5
1852,1853,-0.00173205493289915,1,2148.776124657438,2147.2031024956864,1
1856,1859,0.0023585797439776308,3,2176.9873743269372,2184.2989600252467,3
1860,1861,-0.0004014529083180671,1,2185.581836864401,2186.890010516489,1
1863,1866,0.004603084467649107,3,2175.02809172574,2187.214957843189,3
1869,1870,-0.004367955916359665,1,2213.2014316006707,2205.7474667450156,1
1874,1883,0.040776060476717106,9,2170.1534917169033,2260.8139552306275,9
1887,1891,0.0014888182598123594,4,2292.609127452085,2298.3150149111,4
1895,1896,-0.004655887247414418,1,2319.391489871946,2310.9120561023615,1
1897,1901,0.008536940549373359,4,2312.792598560124,2334.8495640756228,4
1902,1904,-0.006813627072527909,2,2338.4080393505183,2324.813407066333,2
1909,1910,0.0038465023196297774,1,2335.6194659777834,2346.939051137417,1
1912,1916,-0.0061126918988788905,4,2327.5387424725204,2315.6387539995544,4
1920,1921,0.0008099166813795777,1,2320.9946850317965,2325.195492029629,1
1922,1924,-0.0072993031271054816,2,2322.7313387265713,2308.099749941105,2
1926,1930,0.008661766927292838,4,2290.7049014066492,2312.8371582632476,4
1931,1932,-0.004814320067162049,1,2308.7570783488177,2299.9507398946694,1
1933,1937,0.00168169934411947,4,2308.4073738923835,2314.5978284329112,4
1938,1940,-0.006152417706493406,2,2305.6488074795107,2293.769141738898,2
1941,1945,0.002172168132225658,4,2290.0215423692325,2297.2858757280464,4
1947,1950,-0.005565176579878097,3,2298.73412582417,2288.239998629591,3
1953,1955,-0.005744569335101255,2,2268.171146740367,2257.4096514707812,2
1956,1960,0.037923557905197684,4,2262.088783477248,2350.137327227623,4
1962,1965,0.004354686927864851,3,2371.9391038442764,2384.640095157323,3
1968,1972,0.00650495122050982,4,2413.8108666014623,2431.926399410843,4
1977,1980,-0.00845232716317785,3,2434.4065990271297,2416.2646046029804,3
1982,1983,-0.005127898657300588,1,2423.3971586867665,2413.3936208093173,1
1984,1987,0.006128883936223328,3,2409.4515828473986,2426.6282835314673,3
1989,1995,-0.015472853483951925,6,2425.9047282226006,2390.7949645250087,6
1996,1998,-0.003283177848221372,2,2382.0145076281838,2376.575944870225,2
675,676,-0.0026163825366713263,1,1988.7383024836254,1985.5237406214815,1
680,682,-0.0030609028876968846,2,1989.695142167425,1985.5945737032957,2
683,686,0.0002951124180639042,3,1991.9576109444893,1994.5374199826804,3
687,691,0.008623366298220261,4,1998.1312447705777,2017.3599936509238,4
692,696,-0.003997878375669384,4,2017.3297644891884,2011.282055211632,4
703,706,-0.005540329317926204,3,2026.3950041415526,2017.1945034945495,3
707,708,-0.00015175531397932968,1,2013.3221634479933,2015.0299532743857,1
709,711,-0.0054902076314542044,2,2012.7534942437624,2003.715813143673,2
712,717,-0.00360499090037381,5,2001.1357293348797,1995.9227889695494,5
719,721,0.004876926154761859,2,1999.7534480485156,2011.505851390427,2
722,723,0.0006447897812439619,1,2022.9740151890107,2026.3013821769157,1
727,729,0.002557613399183156,2,2035.46522329975,2042.7066216517326,2
730,731,0.0010309074221782535,1,2041.9374045062502,2046.0843903366854,1
732,737,0.006943756633205146,5,2052.2747202184482,2068.5774911403428,5
740,743,-0.004185095916727321,3,2067.852709676252,2061.2664004542685,3
747,748,-0.004120345053167633,1,2071.84386407694,2065.378996324732,1
749,750,-0.0004585375301556498,1,2064.734350947646,2065.8523271088825,1
754,766,0.011322129470338602,12,2057.719889771935,2083.0753806673956,12
767,769,0.0016888742465755698,2,2080.5161410550913,2086.110387326359,2
773,775,-0.004837951385957747,2,2088.0650505073127,2080.051158352748,2
781,788,-0.002403269652695187,7,2077.364124877455,2074.449022843417,7
790,792,-0.0028044517814675004,2,2076.856564001805,2073.1089764750395,2
794,796,-0.005808627067098697,2,2077.338635206949,2067.349488418163,2
798,801,-0.002871117566205045,3,2072.9528196695233,2069.0740812347253,3
804,806,0.0011908517454159709,2,2070.8407933912636,2075.3776985579434,2
810,813,-0.0017903874762534035,3,2089.013317902904,2087.362187938707,3
816,817,-0.0047597213970677395,1,2085.5846375861224,2077.743420398794,1
818,821,-0.002945154541566344,3,2078.524143612383,2074.48109293468,3
825,827,-0.0010767241102517878,2,2067.0976011824037,2066.9390049581493,2
829,835,0.0007438548499268719,6,2066.982168189979,2070.5866850686893,6
838,841,0.003651008998763943,3,2068.003359733572,2077.621661969167,3
844,845,-0.000495281563725793,1,2076.824598792206,2077.872810456124,1
847,852,-0.002967613447411026,5,2074.8343202840892,2070.7518483743484,5
854,856,-0.002471949550108734,2,2077.216654942096,2074.1590968213754,2
860,862,-0.0037519056958488094,2,2069.950780478294,2064.254471135369,2
863,866,-0.0050464939739531,3,2072.6027729258544,2064.2159982948115,3
867,869,0.0023054157175233826,2,2067.3274306194658,2074.1608072019026,2
875,877,0.003716817670671108,2,2114.37011381466,2124.3432121298397,2
881,885,-1.703784275775954e-05,4,2171.4767265457212,2173.611205993248,4
888,893,-0.006964155022975235,5,2176.3177698631725,2163.337873304453,5
895,899,-0.003615668509036525,4,2167.3069516354144,2161.6379950926057,4
906,910,-0.0023417413550243563,4,2167.38084797346,2164.472783457646,4
916,922,0.002915371474991173,6,2148.6610467357486,2157.0738529075625,6
925,926,0.00015381304097120021,1,2154.308339004011,2156.794008059827,1
929,930,0.0011359063232284235,1,2153.0199774126645,2157.6186263964573,1
931,933,-0.0037475596486859406,2,2156.065112517971,2150.141195014877,2
936,941,-0.003762683844657013,5,2140.052188911007,2134.1399013019795,5
945,952,-0.003373874984743052,7,2122.93531916337,2117.8957361149805,7
953,954,-0.00010006979286195854,1,2117.7359371968273,2119.6417517374525,1
956,957,-8.435166500530178e-05,1,2122.3441059689953,2124.2874268159117,1
958,961,0.0017495951960031391,3,2133.615903321769,2139.4824833596585,3
962,963,-0.004941017687756061,1,2140.920978159427,2132.4835707164125,1
969,972,-0.0004668207568014226,3,2151.1798539801866,2152.326818426716,3
975,976,-0.004096642763352587,1,2146.249064763242,2139.602898128491,1
980,984,-0.005816378114088279,4,2128.648091825445,2118.3957177433813,4
987,988,-0.00158956064574439,1,2124.816600830981,2123.5638925837065,1
990,991,-0.0038505370622785137,1,2135.16624980006,2129.079879270879,1
993,995,0.0007124178263082687,2,2137.5189524678312,2141.179278026109,2
998,999,-0.00038194415913840986,1,2139.4434068543887,2140.765702348188,1
1002,1004,-0.0005833595141144052,2,2143.491430152948,2144.3844954638985,2
1005,1011,-0.0007386813948720282,6,2146.083585629597,2146.644397198682,6
1016,1018,0.0016649409507298817,2,2133.1789234296384,2138.86371929792,2
1019,1020,0.0009665824924273707,1,2139.0445984980674,2143.251206155995,1
1023,1030,-0.0015724768312143905,7,2147.3439584035273,2146.114653738693,7
1031,1033,-0.000894605610233775,2,2148.0539702381902,2148.2803630755684,2
1034,1035,-0.002665665681307386,1,2151.919351902494,2148.3349736890887,1
1038,1039,-0.004108917262363233,1,2153.87724021391,2147.181014080798,1
1042,1043,-0.0016007294881263514,1,2146.120740292449,2144.831502278676,1
1044,1046,-0.004985647893496795,2,2141.196513803539,2132.662458428735,2
1057,1064,-0.0022433982477222626,7,2145.7085011244258,2143.040530934005,7
1067,1069,0.00031766670749063756,2,2141.945998633137,2144.768369564779,2
1072,1073,-0.0033579437911788372,1,2161.1777245936382,2156.0817889962987,1
1075,1079,-0.0021003502175669575,4,2151.441032018373,2149.073693410709,4
1080,1081,0.0005260120742995181,1,2149.615652777809,2152.895992219051,1
1083,1097,-0.020661884211463956,14,2182.6972470848127,2139.78130654395,14
1102,1103,-0.0033312532556151755,1,2149.988122350315,2144.9759555405517,1
1104,1111,-0.002599602143814435,7,2155.497691344181,2152.04975261612,7
1113,1119,-0.01242349095736731,6,2146.11661361508,2121.6004698859924,6
1120,1125,0.0002574559845540435,5,2125.2308327131923,2127.9032169423463,5
1128,1130,0.0023140651732040723,2,2127.8765478950486,2134.9284694553053,2
1131,1137,0.002619505436084053,6,2135.630030670058,2143.359955175533,6
1138,1143,-0.005458913389164278,5,2151.6611874020123,2142.0671165245603,5
1145,1151,-0.0002515291640366916,6,2142.4928649599437,2144.0964583856257,6
1152,1154,-0.00032863168445544525,2,2153.9986010733705,2155.4447274858585,2
1156,1161,0.003703387818670147,5,2156.6703774155744,2166.8140345975976,5
1167,1170,-0.0015127532618787517,3,2164.434455964169,2163.3246351367507,3
1171,1173,-0.0008559786323290002,2,2165.5926610474935,2165.904552664356,2
1175,1178,-0.0007515515152687618,3,2170.7590473890677,2171.298369185108,3
1181,1184,0.008732159191894701,3,2158.5116778795714,2179.518657146259,3
1185,1186,0.0036116785270463884,1,2195.762590491149,2205.8887416802086,1
1190,1193,0.0010468402457289457,3,2211.707124937321,2216.2341360924083,3
1194,1205,0.001349618520414066,11,2217.702762924411,2222.913518408952,11
1206,1212,0.008476404590839998,6,2229.0143553079192,2250.1373971776075,6
1213,1214,-0.0013986952409839278,1,2265.209883486595,2264.3067550862193,1
1215,1220,0.003951822731011023,5,2277.2000864282795,2288.4763775793153,5
1221,1226,-0.004081798471812807,5,2294.797702499594,2287.725598446911,5
1230,1231,0.002485927783430466,1,2283.8323771288774,2291.793651865009,1
1232,1240,-0.01081225448583644,8,2301.139986884808,2278.56061572596,8
1241,1251,0.004597198133539012,10,2284.1958167156854,2296.980913277644,10
1253,1254,-0.003406810840464929,1,2293.492738245827,2287.972735060889,1
1256,1276,0.039712299411439174,20,2291.1491655560308,2384.427116380417,20
1279,1280,-0.0012799228310518885,1,2377.4634486698733,2376.7979423705992,1
1281,1282,-0.006657440447068086,1,2379.6136182039936,2366.1510958719723,1
1284,1287,-0.0022656779564267844,3,2345.515463678752,2342.5467964599156,3
1288,1304,-0.011486571509353973,16,2349.250269356416,2324.614688413441,16
1306,1308,0.0037974550331944064,2,2333.2567244720253,2344.4504186885783,2
1309,1310,-0.0001164271089557201,1,2342.054668512488,2344.1240445269295,1
1311,1313,0.004283770599772131,2,2355.2299595119175,2367.674454327689,2
1315,1317,-0.004447954025376755,2,2371.771213656945,2363.5934555535437,2
1318,1320,-0.004100371591043246,2,2343.3981512104433,2336.132746155927,2
1326,1329,0.0025118244692349067,3,2336.2289875259266,2344.433413650056,3
1330,1337,0.026072704034220854,7,2359.2253411205656,2423.0959505307565,7
1343,1344,-0.003470881714379606,1,2437.6601442436736,2431.63697436739,1
1346,1350,-0.0037898331533412102,4,2428.2547930472883,2421.4803673208853,4
1352,1353,-0.002731136611725794,1,2417.30535535242,2413.1206695500487,1
1355,1356,0.0017473346810762897,1,2429.9195744700887,2436.5953767892565,1
1358,1360,-0.000357653270434862,2,2467.9484777777393,2469.533756411175,2
1363,1369,0.0034848315789604116,6,2460.2588658739564,2471.2927125280453,6
1370,1371,-0.0021458816863839094,1,2470.2987438346145,2467.468073744157,1
1372,1383,-0.012792608145590648,11,2478.2429121313294,2449.017964578977,11
1384,1391,-0.006618288914206231,7,2447.4766172909485,2433.725986544244,7
1394,1401,0.006346566224051685,7,2440.3353163737675,2458.2634013843995,7
1413,1416,0.0016129010092621738,3,2446.507294503297,2452.899775882272,3
1417,1421,0.004220891652229495,4,2454.5317407257144,2467.3465850010016,4
1422,1424,0.00271732288939181,2,2471.612400519683,2480.8001818698394,2
1428,1429,-0.000368122463314811,1,2490.7040109298237,2492.277830844862,1
1430,1436,0.009013437758992972,6,2497.297471670486,2522.304004468749,6
1437,1438,-0.006076036948017577,1,2523.0588982065997,2510.2517580172785,1
1444,1447,-0.011336639380356978,3,2527.446806220434,2501.3215000314985,3
1449,1459,-0.02858613963247687,10,2506.3703583094384,2437.229275634413,10
1461,1462,-0.004414432133649906,1,2435.9371738657273,2427.619831703728,1
1464,1468,8.975922431248939e-05,4,2413.488917143045,2416.1190389532776,4
1469,1477,-0.014746961364788161,8,2421.2223586365644,2387.9379084168263,8
1480,1483,-0.014299851535678455,3,2391.166503493662,2359.3643440001088,3
1484,1485,-0.0013289050086486786,1,2365.8746101899005,2365.0964621807743,1
1487,1488,-0.004304981854002112,1,2382.412383733216,2374.5385540362277,1
1489,1493,0.0010189379309457633,4,2381.9096809926255,2386.7186087956684,4
1495,1496,0.0032873049801219606,1,2368.5330881800915,2378.6877118846296,1
1500,1501,-0.0005686748354771438,1,2408.8223522407593,2409.861337938146,1
1505,1510,0.0067781048347286,5,2412.197048071649,2430.9593695935732,5
1512,1513,-0.002567759649448259,1,2417.3826471966977,2413.5927722251463,1
1514,1516,-0.002674562172090933,2,2425.077163062306,2421.0162205806405,2
1517,1519,0.00474693813178776,2,2416.908469827772,2430.798293274066,2
1520,1521,0.0004686402036625675,1,2439.429321631051,2443.011965606792,1
1525,1527,-0.0028256777369328953,2,2449.2360237063813,2444.7645080254065,2
1530,1532,-0.0039178147129061355,2,2436.636180165654,2429.526527269167,2
1533,1544,0.02093316396262138,11,2426.7168022082947,2479.9423797219774,11
1559,1562,-0.005319077776449986,3,2477.7699161956843,2467.068235215487,3
1568,1569,-0.004376081755664637,1,2473.152824833596,2464.8032587027046,1
1575,1577,-0.004176334380558741,2,2439.729621182704,2431.9802241076736,2
1578,1581,-0.006150585637020612,3,2422.928341214194,2410.448841300406,3
1584,1585,-0.00034208592083560644,1,2408.086591484406,2409.670905556791,1
1594,1595,-0.004955465821862686,1,2394.230446823986,2384.7601501219106,1
1596,1597,-0.00737993831205857,1,2375.602836183602,2360.4466366347992,1
1603,1604,-0.001028717480575374,1,2356.885188409485,2356.8175046048686,1
1606,1607,-0.004480242500790389,1,2356.0838358561364,2347.8840927551646,1
1608,1609,0.0005896997403162616,1,2361.068901006114,2364.8222916249124,1
1613,1614,0.00035489474608087386,1,2372.0661379244043,2375.2800378720344,1
1621,1625,-0.004268123372548227,4,2388.9391336058097,2381.1317857876775,4
1632,1634,-0.011569540555766943,2,2318.6637104981646,2294.156500374869,2
1635,1638,0.0012683229578826232,3,2285.4326537959914,2290.6167531532915,3
1645,1646,-0.01703800694032516,1,2152.6657823713376,2118.1413136134656,1
1647,1649,0.007078720361765998,2,2145.587245281479,2162.92084464788,2
1650,1651,-0.0028133929437710314,1,2164.646077906531,2160.7207239830936,1
1652,1655,0.0011089954602685184,3,2174.1542463150995,2178.7395277505016,3
1656,1660,0.006921048584021031,4,2190.7329262772214,2208.085828220878,4
1665,1666,-0.011636287950419523,1,2187.0693095433876,2163.807010599559,1
1668,1669,-0.00744143417633491,1,2132.3583359544323,2118.6228900930228,1
1670,1678,-0.020344769881478292,8,2113.0547737212632,2072.1782153766662,8
1679,1680,0.003070459521718265,1,2068.4885848723957,2076.908283928255,1
1683,1684,0.0003516504616356954,1,2108.9575907323947,2111.8081642334782,1
1686,1688,0.005651403740948696,2,2113.760344980071,2127.8198184461403,2
1689,1693,-0.0013379439203309567,4,2136.549759924857,2135.827725923006,4
1703,1709,0.014417470586720948,6,2150.9521017803804,2184.114342543025,6
1711,1712,0.0014770929414168236,1,2190.3980410120384,2195.8238605383226,1
1716,1718,-0.003829302987077024,2,2216.713085877551,2210.4413329221848,2
1725,1729,-0.004650422276369157,4,2239.4937443832373,2231.3186465309514,4
1731,1732,0.002249090320227366,1,2252.0887806355636,2259.4060204930192,1
1734,1737,-0.002537591292467579,3,2251.0595512003915,2247.59834163564,3
1738,1739,-0.002509527223200565,1,2251.4729661116526,2248.074306377007,1
1740,1743,0.0007418893907214857,3,2257.583972476104,2261.516434046423,3
1744,1749,-0.008769561616860438,5,2265.0435924809826,2247.4451967243267,5
1751,1753,-0.0010507755029337477,2,2247.758833145666,2247.644702060439,2
1761,1762,-0.0018318988431696756,1,2248.4637246186403,2246.593230247221,1
1763,1767,-0.008965555161330487,4,2244.745899915325,2226.865252626379,4
1768,1772,0.0030467030410429603,4,2216.628092531379,2225.598128174287,4
1774,1775,0.0024567397628461217,1,2236.9841480183513,2244.716820071663,1
1778,1781,-0.009602280284563443,3,2229.7388018296165,2210.5579636949115,3
1784,1788,-0.024062799306732045,4,2187.811126258233,2137.354077332304,4
1790,1793,0.0009313171429094797,3,2115.786859932748,2119.8731153660788,3
1794,1795,-0.005059930246642356,1,2120.9944093304557,2112.3833199750557,1
1799,1800,0.003566770203008875,1,2144.2992892473653,2154.0918113478333,1
1801,1804,-2.5063951773829753e-05,3,2163.720273663163,2165.829762556235,3
1806,1807,0.0016177167603838834,1,2177.836273783316,2183.5372322985704,1
1809,1810,0.004190681967311512,1,2191.2126941537244,2202.5865823718123,1
1812,1813,-0.004502659422377814,1,2201.6203593741434,2193.9088330778827,1
1814,1818,-0.007895011745206237,4,2202.432897030223,2187.247096337171,4
1819,1820,-0.004991959081335553,1,2187.458283126956,2178.7260391685845,1
1823,1832,-0.01588993637511216,9,2156.6402750475463,2124.528038568084,9
1834,1836,-0.006521791794643123,2,2129.6515696173115,2117.8920770547497,2
1838,1839,-0.005992003868872068,1,2106.603985330602,2096.0878100856503,1
1841,1846,0.01613484859376099,5,2082.9023983354573,2118.592615566517,5
1850,1851,-0.0022858213145528377,1,2150.7705560919944,2148.0050494682587,1
1852,1855,0.004538447181581039,3,2152.570619923623,2164.492518606693,3
1859,1861,0.0001481349984781275,2,2182.98419187107,2185.4905524228816,2
1867,1875,-0.01901739216901685,8,2202.0185948758945,2162.343962288548,8
1881,1885,0.009409717054647434,4,2244.4867897127297,2267.851262126533,4
1886,1888,-0.001074576803856221,2,2284.0824299871674,2283.912090419795,2
1889,1890,0.0013291975144413448,1,2286.1010782104636,2291.425859159593,1
1897,1898,0.0035784368169774917,1,2312.9675892334235,2323.5573652004455,1
1901,1902,-0.003542731896863825,1,2342.404551920292,2336.448445150765,1
1903,1905,-0.004639244147096401,2,2330.324144496025,2321.8435259923303,2
1906,1907,0.0003706581390984366,1,2321.3895979083663,2324.571429454758,1
1909,1913,-0.015463513380323625,4,2334.988339470764,2301.216204379929,4
1914,1916,-0.00029793774362432246,2,2310.3805939131157,2312.002624925965,2
1919,1921,0.00023177749566359444,2,2320.337204910986,2323.1953440623465,2
1923,1924,-0.003060512087057766,1,2315.887314460272,2311.115400656563,1
1928,1929,0.0011884156308504,1,2304.371065683287,2309.4139873427075,1
1930,1934,-0.0034244622291367912,4,2313.081046294537,2307.4730686648636,4
1937,1942,-0.013405476333967003,5,2316.1363187698626,2287.4035444811216,5
1944,1945,-0.0016361258073886676,1,2298.2856208196945,2296.823622023541,1
1947,1949,-0.004851960928221615,2,2300.314975499329,2291.4542520911027,2
1953,1956,-0.0041799819212576346,3,2270.397680779116,2263.177857200173,3
1957,1961,0.036046119578453814,4,2273.911596796669,2358.1511977224313,4
1962,1963,0.0007797933664027623,1,2370.6967784230296,2374.9161288230193,1
1964,1965,0.001091794132298777,1,2380.2716510632067,2385.250689336178,1
1966,1970,0.018898746509695447,4,2383.058877272466,2430.47876178899,4
1972,1974,0.006706857522797453,2,2430.50890600889,2449.2404918553907,2
1975,1976,-0.0026983795989551085,1,2439.6157501026246,2435.4723564833607,1
1980,1982,-0.0030490049696836542,2,2421.748278600525,2416.7861043423495,2
1985,1986,0.0011104984084229553,1,2414.8788972248085,2419.9754952939356,1
1987,1990,-0.007533501704889705,3,2429.8412162140007,2413.9658444852553,3
1993,1994,-0.006709935460115637,1,2405.1053133024093,2391.3723171886713,1
1996,2000,-0.0050348226443043455,4,2380.8688654575226,2371.2624818460554,4
676,679,-0.0004326441821730874,3,1990.594344236097,1991.7237195182327,3
683,686,-0.0015367694573804936,3,1993.9838570965323,1992.9135474635332,3
696,699,0.0014517247151612637,3,2017.142485331053,2022.087963416341,3
700,701,-0.004454384330155282,1,2025.9556298660966,2018.9572004846973,1
704,710,-0.012986825533560065,6,2027.8586677509306,2003.5510796938827,6
717,718,-0.002831621982162605,1,2001.5608805480101,1997.8947776405616,1
721,723,0.003835999183485865,2,2017.0901944308719,2026.844840964157,2
728,732,0.0031791021960509425,4,2038.0842551263092,2046.6016175126445,4
734,743,0.003024118573680996,9,2052.0591629389282,2060.316892330803,9
745,746,-0.002738531628249043,1,2070.862693632709,2067.2624333420677,1
749,750,-0.0018471419171851864,1,2063.3410335701838,2061.5930908911982,1
751,755,-0.006927127524513015,4,2064.0645137323345,2051.830540140621,4
756,757,-0.003941491451285952,1,2052.272888473445,2046.2361453162946,1
758,760,0.004390899908139589,2,2050.0147415596257,2061.0661658415843,2
762,764,0.0007616075873171924,2,2072.3183215926597,2075.9689332713137,2
765,766,-0.001664412540089107,1,2079.888221721197,2078.506317904702,1
767,770,0.003179542998177228,3,2084.404923757734,2093.116783762192,3
773,777,-0.0052849215531036945,4,2089.997228718036,2081.041754546775,4
779,782,-0.0019907339125308527,3,2079.246667002374,2077.186686816858,3
783,790,-0.0011485335532421235,7,2078.577801046371,2078.2690624998913,7
791,795,-0.002205681988009463,4,2078.697311761806,2076.191063854491,4
798,801,-0.004353123164937813,3,2078.0646829078487,2071.0966760813512,3
802,803,-0.0034209860622925765,1,2075.457946098473,2070.433291338094,1
807,810,0.0022213844684900253,3,2082.226979627261,2088.934633279303,3
813,815,-0.003779742589318288,2,2091.421335634116,2085.607722675245,2
820,823,-0.005758425960167584,3,2081.0826168133044,2071.1799392642065,3
825,826,-0.003448350783609102,1,2069.280069568925,2064.213746089089,1
828,832,-0.007156867845881681,4,2072.2903985436365,2059.531580421514,4
833,840,0.006188891653309697,7,2058.6846095779656,2073.4842701845578,7
843,846,-0.0024992642445490366,3,2078.117447017523,2075.001799833236,3
851,852,0.0014544910681008557,1,2071.8170503481915,2076.90230679301,1
853,856,-0.0016032089082284283,3,2074.0726786234573,2072.8215795073984,3
857,861,-0.004983226957437545,4,2074.053357321458,2065.7919320774113,4
862,864,-0.00024747338544260254,2,2069.0864859770154,2070.643528625534,2
872,873,-0.0008264412429905523,1,2094.450924797888,2094.8144350970133,1
874,877,0.012220554674823612,3,2101.142972736488,2128.921248287172,3
880,881,0.003798752711304319,1,2160.9248338452803,2171.29457775062,1
887,889,-0.0031305861737250086,2,2173.0597330183573,2168.42984199651,2
890,893,-0.002106741116563784,3,2166.565567659154,2164.1677404636944,3
896,897,2.53156893179026e-05,1,2167.622011288334,2169.8445081450186,1
900,901,-0.0038468624415541903,1,2165.3156917183987,2159.1513358015377,1
902,905,0.0018511927902432313,3,2163.798054122023,2169.967459533478,3
911,915,-0.008335602178158541,4,2164.939699495129,2149.0585631199306,4
918,919,-0.0006449734559481216,1,2150.1915814917543,2150.9549565779807,1
920,922,-0.002981808621314488,2,2152.843185802215,2148.576662616254,2
925,927,-0.001716232952077328,2,2156.617577090826,2155.0729365170846,2
928,932,-0.006420702727129609,4,2156.6960000127574,2145.0051921238987,4
933,935,-0.004895457377185284,2,2150.223133338749,2141.84703077139,2
942,948,-0.014515027584233692,6,2135.0562958849387,2106.200951152162,6
949,952,0.0009428094148854324,3,2110.4323247311536,2114.53249252112,3
963,967,0.0018683617663293002,4,2139.6299563404095,2145.767189101269,4
969,974,-0.0009925326172257362,5,2146.280270491856,2146.2962975881765,5
976,979,-0.0066086233456839685,3,2138.994061457062,2126.9972494276944,3
980,981,-0.002947036152514755,1,2125.508573471762,2121.370131436732,1
983,987,0.0020307905334281716,4,2119.980748056427,2126.405965638686,4
992,996,-0.002584707917000914,4,2137.4809191140475,2134.093636179089,4
997,998,-0.004040387190680804,1,2140.3629386557095,2133.8554065936128,1
1005,1008,-0.0018013431191103149,3,2144.772018864734,2143.0533205653564,3
1009,1010,-0.0018182088282124454,1,2145.446714773385,2143.691291330898,1
1013,1016,-0.0029881643675614975,3,2136.271778172893,2132.0245187441024,3
1024,1025,-0.003291395039026911,1,2146.765474512355,2141.846386754103,1
1030,1032,-0.004156272515062086,2,2153.171679005822,2146.375682415166,2
1034,1037,-0.001203451137919604,3,2150.2100211534475,2149.7725584778777,3
1038,1039,-0.003903815584123444,1,2150.6107843445493,2144.3658072335857,1
1043,1044,-0.005010125349595574,1,2147.499539378488,2138.8877970373815,1
1049,1052,-0.0003396027071364407,3,2140.6651718270004,2142.0788613114023,3
1056,1057,-0.004933709722884774,1,2148.1365301737383,2139.68638461891,1
1059,1066,-0.0026671597703330756,7,2142.236961185868,2138.6655099056584,7
1068,1070,0.0023444679446117675,2,2141.538304737995,2148.7006109503495,2
1071,1072,0.0017575322956575167,1,2151.190163841041,2157.1221401919333,1
1073,1076,-0.003366602122310103,3,2158.8233311366866,2153.714255259526,3
1077,1084,0.012538849613827664,7,2149.582009767209,2178.6848773300367,7
1087,1089,-0.003372919645686403,2,2188.7918609340186,2183.5980337268898,2
1092,1096,-0.015304740612392304,4,2174.7473236913856,2143.638127328486,4
1100,1106,0.003199949498336889,6,2145.4133717246696,2154.42399953897,6
1108,1110,-0.0035966577085890213,2,2160.127945933342,2154.5188330509955,2
1113,1114,-0.004989740263408913,1,2145.2228696076245,2136.6639875507653,1
1121,1122,-0.0033920264162369904,1,2132.213021885835,2127.1127120124397,1
1124,1125,-0.005020319678548693,1,2129.821483008623,2121.2589197886878,1
1127,1129,-0.0021582805139326194,2,2126.9373566454083,2124.4737665508505,2
1130,1133,0.0030649175023805056,3,2130.4866790060696,2139.14693159615,3
1136,1139,0.0003530396831286156,3,2144.8947430178796,2147.7968707213167,3
1141,1142,-0.0011592331961295596,1,2146.379201689538,2146.037426869147,1
1145,1146,0.0001850707929991768,1,2146.9158761891185,2149.4601234890165,1
1150,1153,0.006028676017670066,3,2143.3093561590713,2158.3739832291544,3
1156,1157,-0.001852534819310411,1,2159.391776053459,2157.550819375841,1
1160,1164,-0.002314544898732382,4,2169.9880057935707,2167.1354591302443,4
1171,1172,-0.0013666430023889203,1,2164.9181501369794,2164.124398046487,1
1187,1188,-0.004095118552660851,1,2213.96516981748,2207.112685145433,1
1189,1190,-0.000554788913242624,1,2205.26182150926,2206.2436285213985,1
1197,1201,-0.0007261762396448164,4,2218.5724381528676,2219.179936000503,4
1206,1207,0.0004423336758166132,1,2225.3841115114033,2228.5938579570634,1
1208,1213,0.010162647817488168,5,2240.9703795112555,2265.9855426271624,5
1214,1215,-0.0026525398687223737,1,2275.0406309498776,2271.2810356042696,1
1216,1219,-0.004471291275646326,3,2284.7082520368003,2276.777364214108,3
1220,1222,0.004698787568166891,2,2285.993067313615,2299.0204561865376,2
1223,1227,-0.013151702699306076,4,2305.6295403820477,2277.6122156725874,4
1233,1234,-0.0019074389537572112,1,2298.1318147153256,2296.046400385784,1
1237,1239,-0.008222810284437543,2,2292.466630585494,2275.908579029371,2
1240,1245,0.005148336958591855,5,2280.1608635053767,2294.1800608140015,5
1246,1249,-0.004111950660761263,3,2300.35155406003,2293.19297352139,3
1251,1252,-0.005669988462181099,1,2298.619843962674,2287.885315812428,1
1254,1257,0.0006166411965612935,3,2290.5205093589093,2294.2234591759075,3
1258,1260,0.004505262851040044,2,2300.9876052538616,2313.6551468377693,2
1268,1270,0.0008438093810192561,2,2372.577281706203,2376.951861955406,2
1273,1275,-0.00202040985990219,2,2384.836592471175,2382.403081697962,2
1278,1280,-0.00267728620814028,2,2380.7710043089,2376.7777699386324,2
1282,1287,-0.007990144362454758,5,2363.421785172338,2346.9011257046127,5
1288,1295,0.013699993914331254,7,2353.8662624505205,2388.468082183693,7
1298,1299,-0.004331137251108368,1,2380.7464281914586,2372.815835079067,1
1300,1301,-0.004126782470464026,1,2371.278308082693,2363.8638366363884,1
1302,1303,-0.010950839315271348,1,2367.1174851234664,2343.5626793886336,1
1304,1305,-0.00021653293520929094,1,2323.876944805865,2325.697625854747,1
1307,1309,0.001216182171792353,2,2334.5607690942334,2339.734581049666,2
1312,1324,-0.011930688641970177,12,2363.267279141663,2337.4351403356095,12
1328,1333,0.02152036357539875,5,2345.4158548299893,2398.2354726162653,5
1336,1337,-0.0029685571380575326,1,2429.1785494112687,2424.396572638209,1
1340,1341,-0.0030081016613967356,1,2440.8861086363772,2435.9845611863443,1
1342,1350,-0.006671840737829215,8,2434.567434340407,2420.758955587323,8
1352,1353,-0.004416525805497862,1,2423.532965280814,2415.2529023644574,1
1358,1359,0.0008118651325409974,1,2466.6616192816305,2471.130877463384,1
1360,1362,-0.0035273189347668405,2,2468.9778347006227,2462.737940269464,2
1366,1370,-0.0015091768477454334,4,2464.822380598498,2463.5673501084925,4
1374,1375,-0.0009384079306506525,1,2470.8181471650037,2470.9703299676735,1
1377,1383,-0.005663662166240022,6,2461.5346131437814,2450.0548472975725,6
1384,1390,-0.0075124905373698475,6,2445.0567827043533,2429.133373543659,6
1393,1394,-0.001584546693681502,1,2443.341821462317,2441.9135740790475,1
1395,1397,0.000443802185482012,2,2444.9210326422563,2448.451014972516,2
1398,1401,9.680453830089217e-05,3,2458.396488219649,2461.0928686448715,3
1407,1408,0.0008891377233302892,1,2463.414209258037,2468.067937968934,1
1410,1413,-0.008269038496603496,3,2460.513576442666,2442.6280085340886,3
1416,1418,0.003409510559904195,2,2454.1056727330892,2464.9270776121266,2
1419,1423,0.00330487063388157,4,2466.192136333169,2476.8087744383793,4
1426,1427,-0.002732114999504969,1,2492.188770978164,2487.872013426355,1
1431,1432,0.00267510999713809,1,2506.16761853418,2515.3780602035586,1
1434,1436,-0.002078781380478334,2,2530.2000364321034,2527.470503743915,2
1440,1442,0.004011949338663173,2,2517.6017027261155,2530.219794915111,2
1444,1445,-0.00395434888430573,1,2522.3903428216345,2514.938321726536,1
1446,1449,0.0001379407405194585,3,2504.823129620846,2507.673469907837,3
1451,1457,-0.011425111349715501,6,2496.548226894389,2470.52143363908,6
1465,1466,0.0009636166747851714,1,2405.4881360869426,2410.211592701961,1
1469,1472,0.0038415739226797417,3,2421.4934607971895,2433.2173003909247,3
1473,1475,-0.007406194655257261,2,2435.7206680287277,2420.1169673035024,2
1480,1482,-0.008522975196062547,2,2392.9755031125346,2374.9732077578337,2
1483,1485,0.0005729865365177705,2,2363.048388866971,2366.7654321677987,2
1491,1493,0.0013996262490301881,2,2383.2995158969165,2389.0185439745637,2
1497,1499,0.0018345429302782756,2,2396.2305549402877,2403.0227733191105,2
1503,1508,0.0017032717501479747,5,2418.3444100689007,2424.8818521947683,5
1509,1510,-0.0008276259520312938,1,2428.2537942317317,2428.672362167739,1
1511,1513,-0.004547471247311943,2,2424.4932586398977,2415.892438515571,2
1516,1517,-0.005147994299670933,1,2425.7750148868404,2415.7129139528056,1
1518,1519,0.001107066808786562,1,2426.070268956576,2431.1821610960783,1
1524,1526,-0.0006816547627898355,2,2448.268364590361,2449.047759163641,2
1529,1532,-0.004342887490911726,3,2433.2724404158603,2425.138284412814,3
1534,1535,0.0004571943036776776,1,2428.3941855156027,2431.93282768982,1
1538,1540,0.0032933501874115,2,2452.759514122836,2463.290069642471,2
1547,1548,-0.002064374511404155,1,2481.1034293988178,2478.462606148408,1
1549,1551,0.0018621833527125596,2,2473.1896461596616,2480.268368393001,2
1552,1554,-0.0018952058905830314,2,2482.8029750484375,2480.580355200017,2
1559,1561,-0.005487835736682769,2,2478.4870725909373,2467.3640297336574,2
1562,1566,-0.003604220986342097,4,2470.804756717014,2464.3702351164175,4
1569,1570,-0.006205778311269688,1,2469.99883380188,2457.140567444013,1
1585,1588,-0.002667331526397804,3,2408.8835746618934,2404.8671671344378,3
1589,1590,-0.0013019424480645546,1,2404.07648386615,2403.350591127277,1
1593,1594,-0.008015390191875516,1,2407.161574738065,2390.274397036388,1
1595,1596,-0.007341085143898601,1,2386.4341215919526,2371.301539636633,1
1598,1600,-0.003101318832723742,2,2355.2643416425894,2350.315180325453,2
1602,1606,-0.005353463714595383,4,2361.5532187364693,2351.272282488614,4
1610,1617,0.004982107467846168,7,2366.6596096341136,2380.8172217587557,7
1618,1619,-0.0015152646216188836,1,2389.155039726224,2387.9239926586906,1
1620,1622,0.0002589163539939989,2,2389.622020366165,2392.6303546074682,2
1626,1627,-0.0024122915635146976,1,2372.5383364411805,2369.1876205645094,1
1629,1631,-0.014781985529513843,2,2354.8138343293635,2322.3598241399372,2
1634,1637,-0.004832961194508038,3,2296.097764198241,2287.2969105692723,3
1638,1639,-0.005974774999729156,1,2294.820659230968,2283.404442786564,1
1646,1648,0.011854544449263697,2,2120.9633908888127,2148.227409072254,2
1653,1654,-0.0012368630077453963,1,2174.4627174165926,2173.947667637115,1
1655,1657,0.004005881110517447,2,2182.739260015867,2193.665793246765,2
1662,1664,-0.009518437470034474,2,2214.266417577193,2195.4043275570643,2
1665,1668,-0.02618884549384351,3,2185.4693508420924,2130.4199010322004,3
1670,1673,0.0038284889577683556,3,2117.1268138792257,2127.349337322237,3
1675,1676,-0.005613318279754582,1,2116.803116946198,2107.0376304321485,1
1677,1688,0.013804690367176624,11,2098.226562548829,2129.2901571275497,11
1689,1690,-0.0013972427762707171,1,2137.466961278287,2136.6178679684017,1
1693,1694,-0.002288920908218438,1,2141.9835019274988,2139.2226546068055,1
1695,1700,0.005474207442818584,5,2146.3025628609535,2160.1981708879684,5
1704,1713,0.02329509107553765,9,2151.1594262214912,2203.4220403995437,9
1716,1722,0.007851425012278576,6,2219.2445423875497,2238.8880190384016,6
1723,1726,-0.0014984563070074557,3,2236.649538139863,2235.534666071012,3
1727,1728,-0.00795364228959116,1,2233.4547243526436,2217.924079129498,1
1729,1733,0.009838203302626115,4,2230.2420021663324,2254.413818399867,4
1734,1735,-0.004668935920855478,1,2251.8302312724595,2243.5684104492757,1
1739,1740,-0.001991952402096696,1,2251.8877209033985,2249.6539554693964,1
1741,1747,-0.0005636322224084988,6,2254.926954315283,2255.910931778969,6
1748,1751,-0.0020306901333858466,3,2246.750334949135,2244.4346315467214,3
1752,1758,0.004019110487991821,6,2245.8716132268355,2257.1438909954654,6
1760,1761,-0.004960008823211629,1,2255.894245477525,2246.960884361202,1
1762,1764,-0.007190750421027204,2,2247.6498007048353,2233.7351617548,2
1769,1770,-0.001941911919709149,1,2216.098927390116,2214.0115573951525,1
1774,1783,-0.015639213723496345,9,2240.041279668438,2207.2488366259176,9
1786,1791,-0.020554719797550716,5,2148.074912231274,2106.069909218443,5
1794,1799,0.009249113094497944,5,2121.947887705313,2143.6959715870357,5
1801,1807,0.006866038226836491,6,2163.452807199861,2180.470609683252,6
1813,1816,-0.0028549959964108483,3,2198.3473366663893,2194.2694111581527,3
1819,1820,-0.004863404336671684,1,2184.5947430188985,2176.154770214849,1
1821,1823,-0.007561326509538929,2,2168.2558914716656,2154.0292566114886,2
1824,1826,-0.020752648985564275,2,2139.8729610476794,2097.6048015744045,2
1827,1828,0.0051623835426184515,1,2097.034333819672,2109.9570636867084,1
1832,1833,0.0027600955838261165,1,2123.194143689708,2131.1775566130013,1
1836,1838,-0.008925875870174665,2,2123.6069702017426,2106.775524958886,2
1840,1843,-0.0025351278919420817,3,2084.8507965036333,2081.650283895383,3
1846,1849,0.010022997598289902,3,2115.075897420728,2138.3903739581974,3
1851,1859,0.010166750989644258,8,2153.4407784628,2177.48771540684,8
1862,1867,0.008175821376407533,5,2176.341814474123,2196.3115382177443,5
1871,1874,-0.015845856751504295,3,2203.9161676971453,2171.197143979189,3
1875,1886,0.05253481512977724,11,2162.972223998759,2278.766542141376,11
1887,1892,0.008949749836521952,5,2291.052391626957,2313.8477897860107,5
1894,1899,0.00262601198370875,5,2314.6603148918884,2323.0533009319015,5
1909,1914,-0.014182261516160973,5,2336.440602593745,2305.6410315533776,5
1915,1916,-0.002483449258679227,1,2316.029780333758,2312.594067673043,1
1921,1928,-0.009341481373188742,7,2322.7788301871797,2303.403413841136,7
1932,1935,0.005386764483460444,3,2302.087253870925,2316.790142981775,3
1937,1938,-0.0059458118665679325,1,2317.5522912492283,2306.090113625776,1
1939,1942,-0.004327413724773025,3,2296.472910477684,2288.831594996791,3
1945,1950,-0.004419259121003679,5,2298.4192010068527,2290.56031018992,5
1952,1954,-0.007981139269535501,2,2279.5902488355246,2263.6761118309287,2
1956,1960,0.038215895237765855,4,2262.063130883539,2350.7719616454806,4
1961,1963,0.003601592356282491,2,2363.37392170272,2374.2492050758647,2
1974,1981,-0.013700734542894555,7,2445.7871689217386,2414.723875340846,7
1984,1985,-0.0012294290650027204,1,2412.207849416727,2411.6544188252433,1
1990,1992,-0.00999275387715631,2,2420.843082301438,2399.0730362870845,2
1993,1995,-0.005845048701754528,2,2400.7889959983904,2389.157056390142,2
674,676,-0.0014063223493105705,2,1984.9369121684622,1984.1303879390766,2
678,681,-0.003971382296054702,3,1992.8161821777576,1986.8947634547433,3
682,691,0.012463355435798313,9,1989.1467899926083,2015.927380240256,9
692,695,0.0019361570789158179,3,2013.325547675874,2019.2369877348447,3
697,699,0.0005593790914010814,2,2016.5681905423012,2019.7127848150174,2
704,705,-0.001516252916823319,1,2026.7270685434476,2025.6807647827072,1
711,712,-0.005261085825101398,1,2002.4735162150985,1993.9408047000134,1
720,721,0.00408696776246893,1,2003.7324231186938,2013.9253453597123,1
725,726,-0.0011789325037040903,1,2028.5463592725077,2028.1833863935633,1
729,732,-0.0003125150273493608,3,2043.1624884937032,2044.5671320012261,3
733,735,0.004923877814824241,2,2047.743485528823,2059.874067733198,2
738,754,-0.00834923588615082,16,2074.3084308666976,2059.063848907627,16
757,758,0.00013710853395027,1,2049.620549448796,2051.951190466934,1
760,763,0.004512139541110898,3,2060.3946869636657,2071.751869987973,3
765,766,0.0013253517637589018,1,2076.26378008997,2081.091823733031,1
767,768,-0.0002309615203209696,1,2082.084940466303,2083.686143903482,1
769,772,-0.003695972505990975,3,2094.149278115503,2088.5035092382627,3
773,774,-0.0016538172602998274,1,2084.1236014260144,2082.760965442804,1
776,777,-0.0009851209591036608,1,2081.4797301256485,2081.510700547678,1
791,793,-0.0014611522118563557,2,2074.893174455443,2073.936332878677,2
794,795,-0.0023472600542074297,1,2076.133474419051,2073.336382721763,1
797,798,-0.0004825300100391605,1,2073.2574609053104,2074.3303094227913,1
799,801,-0.004512214021943993,2,2076.0505326229427,2068.758998832,2
804,806,0.0018161142901086265,2,2069.472094300321,2075.299964238061,2
808,809,-0.00020909859128840063,1,2088.4743003198523,2090.1260775860333,1
810,811,-0.0032923489532751854,1,2092.870285100667,2088.0726960932757,1
814,818,-0.007827644291238826,4,2088.0854419141456,2073.8287372670416,4
821,822,-0.0014174279936408874,1,2079.3533316641724,2078.4853513748653,1
826,827,-0.0026541658351147655,1,2068.661672144455,2065.2397626819825,1
832,833,-0.0017129344699509076,1,2059.98368900006,2058.5150556206354,1
837,842,0.0019158592448466007,5,2071.846870287862,2077.8880841384976,5
844,850,-0.0026296211345258375,6,2078.901742599947,2075.5139203836034,6
851,854,0.00034885992907780555,3,2071.4937200936606,2074.2878749660313,3
862,863,-0.00044715174478800895,1,2068.9675088731497,2070.1113339505205,1
867,868,0.0013800519786315532,1,2066.8567112738956,2071.775937679111,1
871,873,0.0001836240979659824,2,2091.3396663989943,2093.8150264251763,2
876,877,0.0008882014581086341,1,2125.2395959064297,2129.2524764102504,1
881,885,-0.0011159425092493144,4,2174.94841574345,2174.696246766641,4
887,891,-0.006417420842692121,4,2176.04517731521,2164.256624816983,4
893,894,-0.004372774035638455,1,2168.5679271890444,2161.253837589703,1
905,906,-0.0045756489817404804,1,2170.4920360281576,2162.7311183896577,1
915,923,0.0034254434352272607,8,2147.9957277971134,2157.5015613895894,8
924,926,-0.0003245057878234485,2,2153.4357853010342,2154.890418710299,2
929,930,-0.0018158986628239067,1,2155.5102184343373,2153.7515405294134,1
934,942,-0.008245757708497243,8,2146.6113555736224,2131.057529796827,8
943,946,-0.009940194419244808,3,2131.55337882969,2112.496877207954,3
948,949,0.0005409988334812265,1,2107.6532952674725,2110.9011865368625,1
952,953,-0.002825484937921668,1,2120.4810559417256,2116.6101497129557,1
955,957,0.0034659525038555567,2,2118.8128380056046,2128.275355504697,2
958,960,0.0024546412320266193,2,2134.507151784732,2141.881108201343,2
962,963,-0.002495824189584744,1,2138.554359454024,2135.355458112411,1
964,966,-1.183917803528685e-05,2,2138.2577904205878,2140.370732996342,2
972,975,-0.0020621965782472115,3,2149.7096305727664,2147.426216358947,3
976,984,-0.012474759496309842,8,2140.4466088202635,2115.885498769359,8
985,987,0.003219439820194874,2,2120.899216345422,2129.8482229534898,2
988,991,0.0007013346546259798,3,2128.363790253442,2131.9848493274512,3
993,997,-0.003045935575485228,4,2139.267288420057,2134.8904853692065,4
1001,1002,-0.002491693787471638,1,2148.8982595214698,2145.692761337833,1
1005,1009,-0.0021660271865332607,4,2147.4170617811224,2144.91311510626,4
1011,1013,-0.004732607358577487,2,2142.0590258860234,2134.063560603494,2
1014,1015,-0.0036303686985705184,1,2134.3055691931427,2128.6915586307523,1
1017,1021,0.0033834964511744534,4,2137.0019978941373,2146.369538568059,4
1022,1024,0.0008921442256359039,2,2147.3511387297517,2151.414236787312,2
1027,1029,-0.0029627351554898716,2,2145.9310207983685,2141.7191265425913,2
1030,1031,-0.0018737585265178212,1,2147.4363642777344,2145.5600234442923,1
1040,1043,-0.002864112774899044,3,2145.56923697378,2141.5696539497067,3
1045,1048,-0.002258380725745409,3,2139.1516079365806,2136.459740783706,3
1050,1051,-0.00022575873813178275,1,2143.1183575328637,2144.777648194333,1
1055,1059,-0.00531335182075117,4,2149.5775080123867,2140.3056239543557,4
1063,1066,-0.004884646293701584,3,2147.53076091,2139.188363499021,3
1069,1070,-0.0001116072929707424,1,2146.5321794498022,2148.439142983429,1
1071,1075,-5.3431897188403916e-05,4,2151.625692159606,2153.662352408994,4
1079,1080,0.001953521709582551,1,2151.1209932235656,2157.47437577699,1
1083,1087,0.0011807400046879432,4,2177.021549944056,2181.7690679290868,4
1094,1096,-0.007296228858565136,2,2163.037408046468,2149.41842949577,2
1097,1098,-0.005961264329937941,1,2144.056198780429,2133.4189692400373,1
1100,1101,-0.0006144874206153944,1,2143.844817017801,2144.6712961630096,1
1102,1104,-0.0027797182119270744,2,2150.677901851535,2146.8503012216206,2
1106,1108,0.0005123458814329904,2,2154.8231135728392,2158.0819514338677,2
1112,1118,-0.007826546688701868,6,2145.361421810111,2130.7160118999846,6
1120,1121,-0.0034278804147681906,1,2128.850442578658,2123.681848283151,1
1122,1125,-0.0011262268839443536,3,2129.75298755558,2129.48415547239,3
1130,1131,-0.001530467989013096,1,2132.5557813015625,2131.4245287247973,1
1135,1143,0.004297981414265701,8,2138.3404923276817,2149.6693805134055,8
1147,1154,0.003262447229992872,7,2151.0689508960318,2160.2377687873022,7
1155,1159,0.0008055620666638586,4,2158.9080301452777,2162.806072589924,4
1160,1162,-0.00110988391330039,2,2165.5429123113026,2165.304953981678,2
1168,1170,-0.004786361173147881,2,2168.53724629361,2160.326381061719,2
1175,1185,0.01063179166202496,10,2169.1107079339968,2194.3413517805525,10
1186,1188,0.00010083635152213712,2,2204.2480363073855,2206.674552673524,2
1199,1200,-0.0028602853555025117,1,2230.9669894066683,2226.8167541876655,1
1201,1203,-0.002143638322128397,2,2227.4215990355883,2224.8742343353947,2
1207,1209,0.003588056710427976,2,2232.620495634214,2242.8638850810476,2
1210,1212,-0.0007072956000651627,2,2251.7949004845514,2252.454010759674,2
1214,1216,0.004797495044000279,2,2271.9663980599184,2285.138111992806,2
1217,1218,-0.004849404483293454,1,2284.016701221341,2275.2245970917425,1
1222,1226,-0.0050791901071280746,4,2297.572455909375,2288.2002210768196,4
1227,1228,-0.0003246752528698587,1,2278.8055274814355,2280.3444612480407,1
1239,1244,0.002047262044015707,5,2280.9816307015312,2287.932379447865,5
1246,1247,-5.4699461426650645e-05,1,2293.5165543994026,2295.6846168335032,1
1250,1252,-0.005354446022246285,2,2298.6798073091236,2288.6703301657685,2
1253,1255,-0.00022673351057021904,2,2290.3465450909503,2292.1175933234504,2
1256,1259,0.0016705942014637039,3,2295.47787704912,2301.6081669571554,3
1260,1264,0.012707627418376968,4,2316.6500997699945,2348.4058761963875,4
1265,1267,0.004026748700108169,2,2357.311266829254,2369.160878175538,2
1269,1271,-0.00197395323250622,2,2375.705173535013,2373.3913478017666,2
1272,1275,-0.0018917903720805844,3,2386.631395031029,2384.503020131235,3
1276,1277,-0.0010951891572644826,1,2383.315898330671,2383.089032498814,1
1278,1282,-0.00808833193015173,4,2381.689411575392,2364.807206471618,4
1284,1286,-0.003472407492865959,2,2346.203790270362,2340.403018439507,2
1289,1292,0.008967262347552893,3,2351.440823381559,2374.8782509629486,3
1299,1302,-0.00452544764682436,3,2368.7139163429338,2360.3631394405625,3
1303,1315,0.00768577972551246,12,2350.03190102676,2370.4437604670056,12
1318,1324,-6.382615795661828e-05,6,2337.043757202327,2339.2316364355306,6
1325,1328,-0.00037621501708739503,3,2337.0771514093785,2338.534985040336,3
1329,1330,0.0017640710619074556,1,2353.9068527224176,2360.4132185364533,1
1333,1334,0.005070110960291505,1,2395.700626158083,2410.2427947865026,1
1336,1337,-0.0002939154246729491,1,2425.924480425493,2427.63738828203,1
1339,1343,-0.001004025171507323,4,2432.892504105856,2432.882711296268,4
1344,1348,-0.008003721090490912,4,2434.4974089950347,2417.4468681469107,4
1349,1359,0.019513911825115023,10,2423.518944772689,2473.2347987122516,10
1367,1378,-0.009106630415873528,11,2469.9892756248187,2449.965985436157,11
1380,1381,-0.0019171198051142857,1,2447.2068376005145,2444.96245574254,1
1383,1384,-0.002691222795634737,1,2448.247202015943,2444.1066705385447,1
1385,1392,-0.0037177471058789362,7,2438.1820184847174,2431.5556563603745,7
1395,1397,0.00343905932127589,2,2442.3683325871934,2453.2101504999537,2
1398,1400,-0.001748666518072676,2,2460.191098836735,2458.3492361329754,2
1411,1415,0.000503935602037943,4,2451.302269923169,2454.988870678263,4
1417,1419,0.0015824596296575735,2,2459.1567019712666,2465.507374877109,2
1427,1430,-0.0011365972538107227,3,2497.040331656028,2496.699242804069,3
1431,1432,0.0052102840141285385,1,2500.717444065621,2516.247609632354,1
1436,1438,-0.004171673683390595,2,2526.1185359944616,2518.1065123127228,2
1441,1442,-8.905274888134208e-05,1,2529.0767109265294,2531.380566404216,1
1443,1445,-0.009751964302776375,2,2531.788661935298,2509.6305379438663,2
1447,1451,-0.005213735638522787,4,2502.6176171304655,2492.072248087568,4
1454,1456,-0.00763026247517776,2,2500.684543243582,2484.104348354257,2
1462,1464,-0.008767289372597674,2,2429.5871588556697,2410.7158523368903,2
1465,1468,0.0010816409012371106,3,2407.3973181183646,2412.4086548412884,3
1472,1474,-0.001353357599292472,2,2434.645241979273,2433.7849415814385,2
1476,1477,-0.008342497438721164,1,2407.562768555089,2389.885245093413,1
1481,1482,-0.007780541774768701,1,2387.655780426107,2371.46618066316,1
1488,1490,0.0016452593012608757,2,2377.6020216176203,2383.891395480001,2
1496,1500,0.008136799611915307,4,2382.7705653798416,2404.5414625568874,4
1503,1504,5.430722107263282e-05,1,2415.467757882007,2418.01440298141,1
1506,1510,0.0020557592371136762,4,2421.077696963627,2428.4759274998937,4
1511,1514,-0.002276576664749086,3,2425.1939007236365,2422.097954782481,3
1515,1516,-0.00455671271328288,1,2429.7180712544605,2421.0762621007366,1
1517,1518,0.00214086619552012,1,2420.234257969232,2427.8358899353275,1
1519,1520,0.0017176643078289106,1,2428.554253942886,2435.154249158453,1
1521,1522,-0.0034743116788005083,1,2448.2089903168167,2442.1513582199314,1
1523,1533,-0.011580540051528396,10,2452.2914498336345,2426.344881930649,10
1537,1538,-0.0029798634608491927,1,2454.0153948944276,2449.1567794817147,1
1539,1541,0.0053992832502201705,2,2460.0657004588566,2475.808357690244,2
1543,1545,0.000725509258984766,2,2480.4831338243425,2484.763230438512,2
1546,1549,-0.008496013063730564,3,2489.092016959708,2470.4337506837505,3
1556,1562,-0.006686732978371414,6,2481.6742374618657,2467.5616187341166,6
1567,1568,0.0017726236039775334,1,2463.533552023266,2470.3640032987964,1
1572,1573,-0.004815077041924895,1,2457.874543316783,2448.4975625746433,1
1582,1583,-0.006041454270677112,1,2413.217163648997,2401.0510396732475,1
1592,1598,-0.027307573036788227,6,2414.5173182083404,2350.9972275109844,6
1599,1602,0.00013774276555774648,3,2352.112351208907,2354.788450020274,3
1605,1607,-0.00919161368762323,2,2364.1763638997104,2344.809944437234,2
1615,1616,-0.001088724354377521,1,2379.4943838869704,2379.283264784015,1
1623,1624,-0.006110902058147466,1,2391.1664949498504,2378.945477189438,1
1627,1629,-0.012739584624905532,2,2374.722046895139,2346.8437964649847,2
1630,1632,-0.010749046706695908,2,2341.1501005847417,2318.3261189067553,2
1635,1636,-0.006232277300684145,1,2290.1696931335296,2278.186890233432,1
1637,1638,-0.001303679147502307,1,2290.042705023337,2289.3472668069317,1
1641,1642,-0.007935676310207689,1,2275.4056922768464,2259.62421492081,1
1652,1654,0.0004039027243422043,2,2173.485475360282,2176.5368375404587,2
1655,1656,0.0011056296047976684,1,2181.7247143053473,2186.3186184533074,1
1666,1668,-0.018874460054625532,2,2171.7623710096054,2132.9432912608554,2
1669,1670,-0.0027013615248929665,1,2117.4299038349545,2113.827390064912,1
1671,1673,-0.0002610599721804812,2,2119.3074177560025,2120.873458838237,2
1675,1677,-0.01173134710521748,2,2115.947560492641,2093.2405927645564,2
1678,1680,-0.0013800195027595871,2,2075.7915312385803,2075.0026899730465,2
1682,1688,0.013096325728970588,6,2098.130991625153,2127.706929505149,6
1689,1693,-0.0017303904549583267,4,2141.926039079076,2140.361596744906,4
1696,1700,0.0003598787559007711,4,2154.9384680109865,2157.868923053908,4
1704,1706,0.0007295168715778584,2,2152.5642712299878,2156.2871674542357,2
1711,1712,0.0027185447049053787,1,2189.7162686534116,2197.858826489458,1
1720,1721,0.002635801045676468,1,2223.565663253576,2231.6501056171637,1
1723,1724,-0.0011718894388852326,1,2237.09240456248,2236.7078720043255,1
1731,1735,-0.005357205600959483,4,2254.186010609054,2244.3640586980237,4
1736,1739,0.0011683651344212577,3,2245.272521557371,2250.14109221039,3
1740,1748,0.001383527616125544,8,2251.327954504695,2256.694056857212,8
1751,1756,0.0054864078528448134,5,2245.9507380760806,2260.51889058064,5
1757,1762,-0.007656187932088259,5,2260.712035750993,2245.6643115807005,5
1763,1765,-0.00282977767446908,2,2243.8477102861257,2239.7419678409356,2
1767,1770,-0.006731407593510881,3,2226.297826361225,2213.5380060938014,3
1773,1775,0.00021851267928273002,2,2236.8576371560034,2239.5832765486284,2
1778,1780,-0.009299913252594556,2,2229.998397950698,2211.489604694282,2
1783,1788,-0.030469205602470923,5,2206.7999613313923,2141.7673195473926,5
1790,1793,0.004243284711133036,3,2112.669116288349,2123.7464419654666,3
1794,1797,0.00694134595301697,3,2118.7599695557133,2135.585775465359,3
1798,1802,0.015479895059874668,4,2133.324265437551,2168.481225460646,4
1808,1809,0.0009100317185028767,1,2188.3229124147906,2192.5026785878295,1
1810,1811,-0.001214208641227673,1,2201.5365976411304,2201.0650094779367,1
1812,1817,-0.003902292933554087,5,2197.9790011088794,2191.599822185861,5
1818,1820,-0.007905397660690962,2,2194.9819751865743,2179.824751789862,2
1823,1827,-0.028896056724839095,4,2156.9354560034085,2096.7654621709207,4
1828,1829,-0.003074022144395116,1,2115.1789357149373,2110.7920077629065,1
1831,1836,0.001750710855238946,5,2112.482245646149,2118.2930734907472,5
1839,1842,-0.007908064224431119,3,2097.923904103439,2083.431311035923,3
1845,1846,0.008576540927888055,1,2101.0757964866575,2121.196834844307,1
1847,1848,0.00030142553626892263,1,2127.6320807714847,2130.4010354931856,1
1855,1857,0.004088051742783806,2,2168.3393515112543,2179.371974327658,2
1858,1862,-0.005481131963684402,4,2182.9895764749454,2173.2073121074136,4
1863,1866,0.0021357415910307352,3,2179.03296030118,2185.8658445830233,3
1867,1871,-0.0020933080510008844,4,2200.402200169092,2197.996482728207,4
1872,1873,-0.008346370485723417,1,2188.4153635130224,2172.3384534760066,1
1874,1878,0.011185309467765164,4,2170.674774201375,2197.12511807889,4
1882,1884,0.0011095586093599714,2,2257.238111012907,2261.99988710337,2
1886,1891,0.0031255481053700405,5,2283.9034923010645,2293.325846026575,5
1892,1894,0.0017208458394962082,2,2313.0747089333804,2319.3682286316257,2
1896,1899,0.0021536351521787415,3,2313.2228402915644,2320.5179011555306,3
1900,1902,-0.0009556082555448348,2,2331.9318708756537,2332.0353893993524,2
1903,1905,-0.004725743528076151,2,2329.8722089528223,2321.191702649072,2
1907,1910,0.005538794962415933,3,2326.892290620649,2342.1073622086437,3
1911,1916,-0.013941118051937335,5,2344.1665347639605,2313.830398904179,5
1918,1920,0.00022384201080524746,2,2314.9671137858536,2317.8002677933373,2
1922,1924,-0.007741315058140852,2,2323.991863409519,2308.3251020657194,2
1925,1927,0.0009208587150052682,2,2295.8959815347657,2300.3060733396424,2
1929,1935,0.006108050787761638,6,2302.2353338174876,2318.5997394956416,6
1936,1937,-0.00392175678452782,1,2321.55820760617,2314.7751791624205,1
1940,1943,-0.004265150629750018,3,2295.131963611738,2287.6380120353915,3
1944,1947,-0.0016108471098798848,3,2297.756488801191,2296.352910890799,3
1949,1954,-0.014438937444691085,5,2296.4682901395,2265.6061964445985,5
1959,1960,0.0034702699560692956,1,2330.4619834838627,2340.8797776723923,1
1967,1970,0.0120485574612747,3,2398.0878231759807,2429.3794099338756,3
1972,1973,0.0014906185513257073,1,2433.563823378717,2439.6249025830593,1
1977,1978,-0.0024840036489091905,1,2430.146626982835,2426.5402805210083,1
1979,1980,-0.0035476331895179882,1,2423.727044417165,2417.5522769564755,1
1984,1986,0.0024768355798012796,2,2414.1605001033035,2422.5541392254136,2
1988,1991,-0.01205959988583757,3,2433.0304452681116,2406.122102033385,3
1992,1994,-0.0032558102844679284,2,2402.5269041983615,2397.10725929916,2
673,678,0.0034711133082998826,5,1979.945928511374,1988.7984911020553,5
679,682,-0.004153826239374613,3,1990.9488650270237,1984.6697582552483,3
683,686,0.00024125756780804617,3,1993.8884483740112,1996.3633774999205,3
687,691,0.00854252955997067,4,1996.147854480624,2015.1961543880773,4
696,697,-0.0011463503672266638,1,2020.0379912032627,2019.7423579014383,1
700,701,-0.0006510704710752657,1,2020.9949105132082,2021.7000953152929,1
702,703,-0.003522742604642895,1,2029.3160194320649,2024.1965774515593,1
707,708,-0.004944818242593764,1,2020.824744421588,2012.852958104709,1
711,712,-0.004648732148781339,1,2001.8528676768844,1994.5486427614617,1
713,715,8.396594471144977e-06,2,1995.5426600644444,1997.5549584869752,2
717,720,0.001482731026860065,3,1997.4333716257238,2002.3924614315447,3
722,727,0.004805399856183644,5,2021.6042524538145,2033.3404734902701,5
728,732,0.004356652557389366,4,2034.4088281803442,2045.306449432592,4
733,736,0.009685296170071217,3,2046.0535439221014,2067.916232018733,3
737,739,-0.002457382464261333,2,2072.5147757112404,2069.4943290201963,2
741,747,-0.001683300088848743,6,2066.772509189637,2065.3602833504774,6
749,753,-0.007468292388234518,4,2070.9290323563923,2057.5336578598276,4
758,759,-0.0005245399363420344,1,2052.2209251036215,2053.1966741953115,1
760,767,0.008172201152498393,7,2062.9024573766815,2081.8238136737236,7
769,771,-0.0013826243635198748,2,2091.2854529114807,2090.485276146122,2
779,782,-0.0021771748501701214,3,2080.98316073621,2078.5334796957636,3
785,792,-0.0017905441311699224,7,2076.3644235883435,2074.7229658791057,7
798,799,-0.001823595992612088,1,2077.5514579923565,2075.8403949371086,1
801,805,-0.00034051063080555734,4,2071.5885591151437,2072.954749747225,4
809,815,-0.005075258433442881,6,2092.965565759758,2084.43619018699,6
819,821,-0.002466528302834374,2,2082.828351351758,2079.773824624555,2
822,826,-0.006618727904209605,4,2077.8552566226335,2066.1803533113393,4
828,829,-0.005414480884790555,1,2070.494339666565,2061.35418198204,1
834,835,-0.0003546816260943721,1,2068.9621152536374,2070.2972545215252,1
836,837,-0.0005789112022861247,1,2069.6984281375117,2070.5699549602464,1
838,841,-0.0003197297221297215,3,2072.0298790805955,2073.439419422193,3
844,845,-0.002954647540414073,1,2079.388428252442,2075.3239567755927,1
851,852,-0.0030239014943408966,1,2072.723603099197,2068.528614701529,1
853,854,0.0004146042096916701,1,2072.195653669693,2075.126990364679,1
857,861,-0.007377902146707125,4,2077.151882508295,2063.9040110578085,4
868,869,-6.243587806782809e-06,1,2069.050914889227,2071.1070475030524,1
875,876,0.0006901809570539824,1,2114.0892153930067,2117.662408726377,1
880,882,0.004441836651615506,2,2162.2318948062198,2173.9984075806683,2
883,892,-0.0050886088412128395,9,2181.7044623675215,2172.784326213772,9
894,901,-0.0031480455244399775,7,2165.1456532971083,2160.494821866783,7
902,903,0.00010611357542649673,1,2161.386572105658,2163.7773111348088,1
904,905,-0.0021798089517401564,1,2167.526691933845,2164.969424539566,1
906,910,-0.003958161133515022,4,2166.2896703981396,2159.8814364912328,4
911,912,-0.0016390732058399568,1,2161.181027756187,2159.7998748683785,1
919,922,-0.00022842828182707841,3,2155.5091064862677,2157.1722363510967,3
925,932,-0.005281738686194024,7,2155.8345989010895,2146.603878497939,7
933,940,-0.005427406915057224,7,2146.4655759443503,2136.962299410482,7
941,943,-0.003951676304659457,2,2136.11587537881,2129.8107527654474,2
949,951,0.0017787400224769214,2,2111.310023261171,2117.1768049226635,2
952,953,-0.0009480708307848797,1,2119.7427929678715,2119.85286945006,1
955,967,0.011074179865085208,12,2118.5232384540845,2144.102669083542,12
969,970,0.0008261101534813681,1,2146.8420783131255,2150.762448430254,1
971,974,-0.00398330645407157,3,2150.225380522587,2143.8105992671653,3
977,979,-0.0032763807772750934,2,2132.4713025180154,2127.6169858368726,2
985,986,0.0018911667795761143,1,2120.713782431101,2126.845119667855,1
987,989,-0.0017873236084093697,2,2129.805696843344,2128.1288505368943,2
992,993,-7.557707717417564e-05,1,2137.7993696324884,2139.7756003741792,1
994,998,-0.003758110078407312,4,2141.4849326980516,2135.5784815224197,4
1001,1002,-0.002536528501086573,1,2146.153620407796,2142.8559942023294,1
1003,1004,-0.0019162649642280659,1,2145.206276489015,2143.240699136826,1
1008,1009,-0.001654569823008024,1,2143.3316280437602,2141.928667839344,1
1012,1013,-0.0035766195756288294,1,2139.015281560491,2133.503852913453,1
1018,1019,-0.0014278737285883414,1,2140.039472887964,2139.1238062193734,1
1020,1022,-0.0002750089662052882,2,2148.837789417324,2150.395677547731,2
1023,1028,-0.007369495216132434,5,2151.3788580986607,2137.675660753913,5
1029,1032,-0.0009115564810293724,3,2146.8566308867717,2147.0465064419327,3
1035,1041,-0.0030804769923253694,6,2150.201169602325,2145.7277255400963,6
1043,1046,-0.00302989810510351,3,2145.2330554939385,2140.878450979586,3
1048,1049,0.0003214303167583365,1,2137.2678193241904,2140.0920698156774,1
1053,1054,-0.0006682356222271245,1,2145.9691721109675,2146.6811282380727,1
1056,1057,-0.0053118698287625485,1,2149.1641785259644,2139.897262347521,1
1058,1061,0.00040414009952972007,3,2143.1411787789525,2146.1504492470294,3
1063,1066,-0.00492742364135505,3,2144.4832948760322,2136.061000485245,3
1067,1069,-0.0009017197958211093,2,2140.988925550416,2141.1993423791637,2
1076,1077,-0.004084401258568174,1,2155.7026989769874,2149.053646859164,1
1084,1085,-0.00047596305183379294,1,2186.8124841164267,2187.958454656815,1
1087,1090,-0.0021695170524349593,3,2187.2304327524907,2184.672429463782,3
1098,1101,-0.0016390537509678553,3,2140.6077209458194,2139.2397575523983,3
1105,1107,0.001441161766019505,2,2151.8596262839824,2157.112663729508,2
1110,1113,-0.007670380000291221,3,2153.651025471458,2139.2853547435466,3
1119,1121,-0.0004896883807176517,2,2123.8759463627416,2124.959784936085,2
1122,1125,-0.005400082195523023,3,2130.535000565425,2121.1604714424984,3
1126,1127,-0.0020045611415679832,1,2124.9999967573426,2122.865304334768,1
1128,1130,0.00035504612691890434,2,2126.1802756157263,2129.0613479633307,2
1133,1139,0.004822262630197033,6,2132.653974198403,2145.0708457355195,6
1145,1148,-8.001654612589226e-05,3,2140.3066251819196,2142.275671863304,3
1150,1156,0.004471922347130501,6,2142.0540287656827,2153.7751820744465,6
1162,1163,0.00020545726761789576,1,2169.743484270912,2172.359017322893,1
1169,1170,-0.004259937735196782,1,2168.17186426293,2161.103758986227,1
1175,1182,-0.004627640803024644,7,2170.054326848135,2162.1821492272807,7
1183,1186,0.01697941121323938,3,2172.658467195567,2211.7215872032025,3
1193,1194,-0.001548323656470885,1,2216.6788452828587,2215.4633878331915,1
1199,1205,-0.0027064058065972415,6,2231.7105313323964,2227.9023275230866,6
1211,1216,0.008403626320280699,5,2257.37438421646,2278.6018893906053,5
1217,1219,-0.006389150119442597,2,2285.948552835237,2273.6292329186854,2
1223,1226,-0.008238033217748292,3,2307.253888916582,2290.553908626825,3
1227,1231,0.0043574055270026784,4,2280.57720038716,2292.7951772852703,4
1234,1235,-0.0012967413896814684,1,2298.171994218381,2297.4900314670895,1
1241,1243,0.0031817249828741366,2,2277.814245658776,2287.339438396194,2
1247,1249,-0.0032167404946193616,2,2297.082777226438,2291.9907408146673,2
1252,1253,-0.0027462940373560087,1,2292.65989953712,2288.656241224873,1
1254,1255,-0.0030045246824114426,1,2291.196187281191,2286.603427971539,1
1256,1257,-0.000355698114450771,1,2289.0222991094633,2290.497120492844,1
1259,1260,0.0026454536614152198,1,2303.3674886497774,2311.7643080948606,1
1261,1263,0.004462204713128429,2,2330.70583764528,2343.436630056582,2
1264,1265,0.005139489598809091,1,2342.225634220193,2356.605704139552,1
1269,1270,-0.002638349583022036,1,2378.7700560190915,2374.8727990897073,1
1273,1278,-0.0036062136335268287,5,2388.443257941387,2382.218464559635,5
1279,1287,-0.013800236260570864,8,2377.3882675097907,2346.957136002556,8
1292,1295,0.001999830849249537,3,2378.7264198174776,2385.862196713571,3
1296,1298,-0.003396039121823611,2,2382.4694110019577,2376.760921086649,2
1299,1311,-0.0063010432498315115,12,2367.792760633822,2355.2409888030643,12
1312,1314,0.0035858185659984236,2,2363.749202447509,2374.588927425457,2
1315,1316,-0.0034585836950419575,1,2371.809111086509,2365.9778198782396,1
1317,1326,-0.011414555233045187,9,2359.00184277209,2334.433887785685,9
1327,1333,0.02382047115783119,6,2337.7539767408907,2395.778131894693,6
1339,1341,0.0020367279253736157,2,2429.17532177372,2436.5520663089787,2
1342,1343,0.00021941617360330496,1,2431.0467553232,2434.011213055427,1
1345,1347,-0.008329932965975069,2,2436.7602018157604,2418.898912882295,2
1349,1350,-0.00042571172417891806,1,2421.3635692153143,2422.754129924615,1
1351,1352,-0.0024929332186141902,1,2421.2964967127696,2417.681662740713,1
1353,1355,0.005248167331034865,2,2417.5103548086017,2432.6153640299553,2
1359,1363,-0.007557613048671883,4,2472.0031666332525,2455.79272641138,4
1365,1366,0.0007095624802661053,1,2456.925699831728,2461.1259678249617,1
1368,1369,-0.001078565111456,1,2471.141198495525,2470.9470530118415,1
1378,1382,-0.002206576234344741,4,2453.1823636505,2450.2224121120057,4
1384,1385,-0.005358199146477098,1,2447.8497844803314,2437.181567638905,1
1388,1392,0.006757410724749969,4,2420.998414304599,2439.779093368328,4
1395,1396,0.00010834696155213918,1,2441.824317895291,2444.5307064586746,1
1405,1411,-0.005128269049287791,6,2460.754499475561,2450.59584283748,6
1414,1416,0.0003909464483801352,2,2450.590654272873,2453.9992946398675,2
1419,1421,5.505048947701519e-05,2,2462.480196924565,2465.0782378616577,2
1423,1427,0.006267873390056216,4,2477.414978790185,2495.420517190661,4
1428,1429,-0.0011123183412777076,1,2495.9667171046035,2495.686374263054,1
1430,1432,0.005016202866066595,2,2501.037486552853,2516.084235447592,2
1435,1438,-0.007556484551946009,3,2529.852739891946,2513.265799484146,3
1440,1445,-0.003906480423978143,5,2518.228008239499,2510.9088278304375,5
1452,1454,-0.0036499072562868723,2,2500.7082108902596,2494.0815660563653,2
1455,1456,-0.007443059675735297,1,2496.945653637819,2480.8576837843625,1
1459,1462,-0.008452934904288207,3,2445.75245648394,2427.5244226337622,3
1466,1469,0.0001900298072800206,3,2415.5588577200465,2418.4334447619726,3
1470,1477,-0.016396806899853174,7,2427.911563554149,2390.529478040185,7
1482,1484,-0.005327660876627669,2,2375.3367483363813,2365.05709642179,2
1485,1487,0.0025307344014738604,2,2369.1933468265142,2377.5583392798976,2
1490,1491,-0.0014327904200934136,1,2387.411055058909,2386.3778064254543,1
1497,1501,0.001345509902029448,4,2399.1638337234135,2404.7910962520027,4
1504,1506,-0.003833944338633216,2,2422.866910574452,2416.000640609968,2
1508,1510,0.0005199175778522374,2,2425.02349001768,2428.7093258468626,2
1514,1518,-0.002051645367901243,4,2426.2055571966525,2423.6540493608504,4
1520,1526,0.003554591166551614,6,2438.3028816418914,2449.408354407995,6
1548,1550,-0.002161525133365516,2,2480.3311183676333,2477.4501514345807,2
1551,1552,-0.0027685854810397406,1,2484.6414328365217,2480.2471320728173,1
1557,1560,-0.005804017809927438,3,2483.346755014589,2471.416712975273,3
1561,1563,-0.005415195191286943,2,2477.042287125066,2466.105661930337,2
1567,1568,-0.00016880751725568282,1,2465.85472680797,2467.9043267204324,1
1569,1570,-0.003008618148537935,1,2468.7994290962242,2463.8405537578415,1
1574,1575,-0.005252307407543106,1,2446.325765191742,2435.9232360191536,1
1576,1584,-0.012631246104574612,8,2438.456407273887,2410.094120685608,8
1586,1588,-0.0031228997017637454,2,2405.9741527937467,2400.8665109823296,2
1589,1590,0.002813319646209863,1,2398.3628243945864,2407.5085484715896,1
1592,1596,-0.017351582634331803,4,2411.2992576120023,2371.8706985450567,4
1600,1601,0.0018157207853394261,1,2348.258739407776,2354.8707803496814,1
1606,1609,0.002749262691955252,3,2353.8378680077526,2362.6630245091856,3
1615,1619,0.0028569450027653488,4,2380.649021043276,2389.8310533883273,4
1622,1623,-0.0004795383904177298,1,2385.376674148069,2386.618171131356,1
1629,1630,-0.007103427351817184,1,2353.6933395397036,2339.327743233367,1
1631,1632,-0.003432192176980655,1,2326.3134335264645,2320.6553921922364,1
1638,1639,-0.005473981852928567,1,2295.3234564025265,2285.0542209119803,1
1642,1646,-0.06429378779118688,4,2261.9286943770135,2118.7626595963184,4
1647,1650,0.006827124028684041,3,2143.717740506994,2160.4968851444323,3
1651,1652,0.0034462421173790114,1,2162.9009992470965,2172.51778076567,1
1655,1656,0.0033363258062634278,1,2181.5727409979427,2191.032751172973,1
1657,1664,-0.001764215406418369,7,2193.634873416014,2191.958463849693,7
1665,1672,-0.028753511364057818,7,2186.0782381788345,2125.4068909528187,7
1674,1676,-0.011497760540491259,2,2131.0638760414513,2108.692477774277,2
1677,1682,-0.0015683081873694017,5,2097.724532600683,2096.53237857396,5
1683,1685,3.5373246928246515e-05,2,2107.4293532879915,2109.611329260177,2
1686,1687,0.001739252278523366,1,2114.962201548426,2120.7556165780084,1
1690,1692,-0.004377407556019338,2,2138.18148969247,2130.959979373042,2
1693,1696,0.007049273514537219,3,2142.83990520628,2160.0882097011504,3
1699,1705,-0.008558432041255132,6,2163.1109800392596,2146.76125269894,6
1706,1712,0.017072273968200144,6,2160.4387798027687,2199.4828213228884,6
1713,1714,0.003825013190590601,1,2205.6075868425487,2216.2496725423307,1
1717,1721,0.003290893567477634,4,2216.2777426264392,2225.787554536019,4
1723,1727,-0.0026548477386789263,4,2235.234582697373,2231.535609802779,4
1728,1729,0.002362804001804401,1,2221.6681878298145,2229.13922250253,1
1730,1733,0.0027689734211283905,3,2245.596634879586,2254.0602289110225,3
1734,1735,-0.004890572784315452,1,2249.6526149229703,2240.900177685187,1
1736,1739,0.00400509711574194,3,2239.975657156342,2251.1869528573075,3
1753,1755,0.0010342864079333236,2,2251.6937477742485,2256.274337760174,2
1756,1760,-0.0003462591742864724,4,2258.909908482948,2260.3866501117323,4
1761,1763,-0.0012737263755002877,2,2247.810836605046,2247.195551491932,2
1764,1765,-0.004087054207217717,1,2241.9876448400605,2235.066507448527,1
1766,1768,-0.008201810388735731,2,2233.046750295232,2216.964771010423,2
1769,1772,0.0034491955585980493,3,2217.551843413596,2227.418165226273,3
1773,1774,-0.0006021697536284322,1,2234.474883582404,2235.3638252758506,1
1775,1782,-0.01454056000111538,7,2243.881879467253,2213.498462242911,7
1785,1787,-0.012078051192669203,2,2168.5255425393766,2144.5025055665146,2
1791,1797,0.006900197249085212,6,2111.229264081604,2127.9083917058897,6
1805,1812,0.013878902988512788,7,2168.6445311757666,2200.9115827716996,7
1813,1815,0.0013057896127390287,2,2194.6793586472627,2199.7398275157243,2
1818,1820,-0.008204928169572221,2,2190.9873294747017,2175.2014231453936,2
1825,1827,-0.009799937312775103,2,2116.474836864226,2097.8499909757547,2
1828,1829,0.00014591507710966993,1,2111.7183611102487,2114.1382110188542,1
1834,1836,-0.0053746794921830186,2,2130.6541860188713,2121.3332568463607,2
1838,1839,-0.004111954885446326,1,2106.4081958403467,2099.853148564557,1
1848,1849,0.002075140680087715,1,2134.9699965104214,2141.5353295974573,1
1854,1861,0.0139452410090861,7,2155.5371796498316,2187.752202303744,7
1864,1867,0.007696105556615867,3,2178.367150118241,2197.310460796734,3
1868,1869,-0.000650704914514012,1,2210.3129544536446,2211.0850059060213,1
1874,1880,0.02455668738436107,6,2170.519681475055,2225.990974436116,6
1882,1885,0.0047913558566392775,3,2258.070620414185,2271.147910926426,3
1887,1890,-0.0016791048848054013,3,2289.348681469232,2287.7939735966233,3
1891,1892,0.0013059811093807348,1,2304.825331127003,2310.1402148010043,1
1893,1895,6.8804305695887875e-06,2,2317.4566189901666,2319.7900207085218,2
1897,1901,0.006695024434351135,4,2311.870080258895,2329.6599770155326,4
1903,1908,-0.00020283341351313034,5,2326.912123065437,2328.767059659636,5
1909,1912,-0.006687106537292139,3,2337.1226622822974,2323.831196711178,3
1914,1916,-0.002265512212078739,2,2311.9058686893954,2308.9801235793925,2
1918,1919,0.0022887977480362397,1,2309.9720768073857,2317.5691077716165,1
1923,1924,-0.0049594996355328495,1,2317.7878600067634,2308.610579819824,1
1925,1930,0.0037899649440496976,5,2297.0816689488374,2308.0846096167215,5
1931,1932,-0.0038704568098327182,1,2307.548345867549,2300.9246280041352,1
1939,1940,-0.005538422638899854,1,2300.618260359214,2290.1770823629336,1
1943,1947,0.0036629071762333794,4,2286.979451722287,2297.6434246196213,4
1956,1957,0.0031817667727193815,1,2264.389682046181,2273.8588315790503,1
1961,1963,0.004962883592363004,2,2360.9578870705045,2375.0360041175772,2
1965,1967,0.00016268735549587895,2,2386.5728638999344,2389.3477019917605,2
1971,1980,-0.003986671364860129,9,2428.1068981125018,2420.85494076909,9
1981,1982,-0.0024548867795067156,1,2423.175660219974,2419.6502139874974,1
1985,1988,0.0064132401874580315,3,2412.055390502762,2429.9365364580117,3
1991,1992,-0.0074857601304099105,1,2412.8298412341173,2397.180805648378,1
1993,2000,-0.012972044737324401,7,2400.096374822777,2371.3623136495085,7
673,681,0.0036103190022843306,8,1979.6425745973697,1988.769358376767,8
683,684,-0.0006882765862321348,1,1990.4130858479068,1991.0335442098356,1
685,686,-0.0007682876788399334,1,1995.0049233071977,1995.467190528703,1
698,700,-0.0025964021169872565,2,2020.1411732761046,2016.9162156304735,2
704,706,-0.00703982776402717,2,2026.782561531546,2014.5411439447616,2
707,709,-0.004030984142318313,2,2017.8797981174237,2011.7636364482253,2
710,713,-0.006824804950613601,3,2006.5270649943843,1994.8394362126649,3
715,716,-0.0002510595728070277,1,1998.2326828179557,1999.7292400570564,1
717,720,0.003877054228965898,3,1997.7652037638209,2007.5084129993181,3
724,725,7.316767096993051e-05,1,2025.9107052180657,2028.0848470911776,1
727,731,0.005309754125338136,4,2030.5855300029502,2043.3980254277383,4
734,735,0.003827528429204546,1,2047.8170375600407,2057.7029325266712,1
736,738,0.0017635140346905637,2,2064.5384262244725,2070.2438071405018,2
740,742,-0.0029617610545489208,2,2067.110915683806,2063.0557379939846,2
743,747,-0.0011124568907266883,4,2066.8951993821856,2066.662762774605,4
751,752,-0.0029663079070680917,1,2064.9267729487683,2060.8664911076025,1
755,757,-0.0036008462993363547,2,2055.04063515585,2049.695790324919,2
758,765,0.011395037271577358,7,2051.754393836027,2077.185966019747,7
768,771,0.003596826839795517,3,2085.002357512261,2094.58675231031,3
775,776,-0.004528410247360592,1,2085.6806652486034,2078.3215282166184,1
777,788,-0.0029233236302130114,11,2081.0059416194517,2077.0034937173214,11
790,795,-0.002761394639378671,5,2077.0596744647137,2073.401152688442,5
797,803,-0.004655178158834344,6,2078.5573858190323,2070.959888260503,6
807,808,0.002062550770474215,1,2082.947045338283,2089.3261764168406,1
809,815,-0.00437076401988421,6,2093.346001551157,2086.2898261679597,6
824,825,-0.00517020635591248,1,2077.838818198749,2069.1738015525348,1
826,827,-0.0006638810923358305,1,2068.88813181275,2069.5835242316944,1
832,836,0.00042213055237413574,4,2064.3576772689476,2067.29346339282,4
837,838,-0.0014600767560612581,1,2073.619223635079,2072.6651996293626,1
839,840,-0.0010588272630265214,1,2074.982663140891,2074.860597589991,1
842,843,-0.0022118807705574645,1,2079.1354122452053,2076.6157480197203,1
844,845,0.00045805667851445066,1,2075.911649524456,2078.9384463690512,1
846,848,-0.0015507001304317367,2,2076.389439779707,2075.2459718443934,2
849,853,-0.0004275688670926669,4,2075.3157225466634,2076.503697876861,4
854,858,-0.003465382114129152,4,2077.284310094772,2072.1630105107033,4
859,860,-0.0036667876399950334,1,2070.850031138531,2065.3275138712074,1
864,865,0.0018400436735821488,1,2064.5133330366352,2070.376641067152,1
866,867,-0.001094039379528448,1,2068.961583699987,2068.7670198363876,1
868,871,0.008102622769336217,3,2069.7715763674546,2088.611926245822,3
873,874,-0.0003810722505832002,1,2097.249612489747,2098.5476584723706,1
875,877,0.007774069737447383,2,2113.684389700266,2132.23000393845,2
885,886,-0.0004732735862292239,1,2172.8946788487733,2174.039199870465,1
889,890,-0.004416654625696835,1,2175.6189587847493,2168.1856202054637,1
891,893,-0.0022357930426647864,2,2167.8563584085223,2165.1773366033044,2
894,896,0.0008365889394220706,2,2164.815237120623,2168.791112841011,2
897,898,-0.0018939848747457013,1,2168.6187513330365,2166.680038970255,1
899,902,-0.0012366107802191787,3,2165.9227201478097,2165.410239483101,3
904,909,-0.00551993806619496,5,2171.918722686166,2162.101784574815,5
910,912,-0.0010428995467027392,2,2163.993383158466,2163.9005488232606,2
915,917,-0.004854271816310946,2,2148.3229527615686,2140.0427321524057,2
926,929,-0.0038692315226818673,3,2160.6160604589377,2154.416752749856,3
934,935,-0.003556496216029949,1,2147.7467678996013,2142.2560614144754,1
942,943,-0.004477216023111699,1,2134.430673493813,2127.0087969557194,1
948,953,0.005250049860185511,5,2105.1519184901467,2118.3092229439753,5
956,957,0.0005538581798020545,1,2121.684324416442,2124.9811209588943,1
959,960,0.0007267938098091957,1,2135.4835288559348,2139.1710685945127,1
965,966,-0.00034790047257062483,1,2142.5355720637644,2143.932718497808,1
967,976,-0.007072736270738012,9,2150.733441327291,2137.6726043494536,9
978,979,-0.0003955419834581552,1,2127.714718815483,2129.0008330341852,1
986,988,-0.001056136948916126,2,2122.9309066957535,2122.811731831892,2
989,990,-0.0013344634252783385,1,2128.8516903388686,2128.1396673106083,1
992,994,0.0007805549394011852,2,2136.895901029721,2140.7007615812854,2
995,997,-0.003254738555282547,2,2144.77919547778,2139.9432791331683,2
998,999,-0.0009252285012297306,1,2136.383146473943,2136.542887043752,1
1005,1007,-0.0004182106187282133,2,2145.4517721747757,2146.6999732338577,2
1008,1010,-0.0026971305380963607,2,2144.447303507527,2140.807896501406,2
1016,1018,0.00017778391268453487,2,2134.720907075889,2137.2351470183144,2
1019,1024,0.0010741087237346406,5,2145.4996652474783,2149.949664819938,5
1026,1030,-0.0012951614582589431,4,2146.6152130905407,2145.981615013924,4
1035,1039,-0.004404930501732268,4,2149.7032495928306,2142.383659428619,4
1046,1048,-0.005014754155760079,2,2141.209144648987,2132.612716337156,2
1056,1059,-0.004403242200461321,3,2148.3459824653055,2141.034640756588,3
1060,1065,-0.004362178087183099,5,2145.8547874761334,2138.640041531404,5
1067,1070,0.0038172191740870227,3,2139.0536907659057,2149.357981219465,3
1072,1079,-0.006383182946183643,7,2160.27439095641,2148.6452386959363,7
1082,1083,0.006333503052858188,1,2166.030582628681,2181.9151745189724,1
1084,1086,-0.002183723641329682,2,2188.4595688455815,2185.869037515845,2
1091,1097,-0.018064535739754778,6,2180.650449868293,2143.438662330603,6
1100,1101,-0.003237251500373042,1,2145.1182683814163,2140.3190993170024,1
1102,1108,0.001315133157721242,6,2148.089347932332,2153.062460807478,6
1110,1112,-0.0044579234918250745,2,2152.1152115949926,2144.673361847704,2
1115,1116,-0.007240621933647152,1,2135.3100477693883,2121.9843850501416,1
1117,1118,-0.00359661823091961,1,2134.844545447968,2129.3011691810784,1
1119,1120,-0.005202896470932395,1,2130.1639927013357,2121.211133973904,1
1124,1127,-0.005560970781522956,3,2133.4415077928447,2123.7109434117133,3
1128,1129,-0.003266045195144865,1,2128.8297094092295,2124.005685074941,1
1131,1134,0.0011016317807422036,3,2135.8701705516664,2140.358983181637,3
1137,1138,-0.004221976334688201,1,2150.7549468904563,2143.8252653498616,1
1140,1143,-0.0016017142364834192,3,2146.790516551472,2145.4987621349155,3
1146,1152,-0.002023290505378726,6,2151.473988511246,2149.272405606233,6
1157,1160,0.0025716316142736476,3,2158.9836075828875,2166.694701690429,3
1164,1165,-0.0020123591232359675,1,2170.324937346026,2168.1277890953174,1
1166,1167,-0.0020039231954063685,1,2167.5794201320896,2165.4033368743335,1
1179,1184,0.0035791373376371114,5,2164.1797347394554,2174.0898109681584,5
1185,1189,0.0036928531372344663,4,2198.439734876349,2208.7566896831845,4
1190,1193,0.0012451370326974453,3,2208.0039998976054,2212.9612714461196,3
1202,1205,-0.0015373403740020488,3,2226.9568886422003,2225.760254794771,3
1207,1208,0.0011353764863532637,1,2229.973715014496,2234.735548450724,1
1210,1211,-0.0012486404274618574,1,2255.201825465226,2254.6410911193298,1
1222,1234,-0.004194875542759376,12,2300.7151397175962,2293.3646411868563,12
1235,1239,-0.007920693466134748,4,2298.004896428886,2282.1011089570247,4
1243,1244,0.0008670528790727687,1,2282.6038234025277,2286.865565442794,1
1245,1246,-0.0010006789548248436,1,2295.0020474073453,2295.0004892046322,1
1249,1253,-0.00399898574246209,4,2296.1875575791532,2289.3013238319545,4
1257,1258,-5.756696419438633e-05,1,2291.5210990208607,2293.6807042068235,1
1259,1263,0.015592942549028519,4,2303.3283020429626,2341.547296230313,4
1264,1265,-0.0007801401730299495,1,2351.9013678269102,2352.4184564546913,1
1266,1267,-0.002017513933777723,1,2369.466975974874,2367.0560103111934,1
1268,1270,-0.0024466734307858834,2,2375.125245219428,2371.6892146323803,2
1273,1277,-0.005467944208827582,4,2389.599916447918,2378.9233173398097,4
1280,1282,-0.008087038332747435,2,2385.5002533267807,2368.594121588675,2
1287,1288,-0.00053319006896877,1,2349.6312044432375,2350.7280356237325,1
1289,1292,0.010401609862930768,3,2349.2963771369455,2376.0821378814576,3
1296,1297,-0.001760814714172176,1,2384.622319153182,2382.808063405027,1
1298,1299,-0.005425840092454023,1,2377.8684939140207,2367.344428199073,1
1301,1302,-0.005221501636498732,1,2369.2603885539047,2359.258551946333,1
1303,1305,-0.0104882472737894,2,2350.155696820339,2327.856838437003,2
1306,1316,0.013221012563350884,10,2332.663848388063,2365.836690282064,10
1317,1318,-0.014402938573012367,1,2369.2531202731334,2337.4981662381947,1
1325,1331,0.012741486110969365,6,2337.419835401383,2369.5394576050553,6
1332,1333,0.002411731739209526,1,2388.4215442839673,2396.5701978732127,1
1337,1339,0.0011261662068402715,2,2425.198842587494,2430.3552184114715,2
1349,1350,-0.0030116964496486047,1,2425.61570420438,2420.7361017040203,1
1351,1355,0.002425538900387665,4,2422.434468223082,2430.73261172762,4
1359,1361,-0.004701763550143968,2,2475.78828312468,2466.6235003003358,2
1362,1370,0.0003898371235443812,8,2462.4199497397494,2465.842312399654,8
1376,1377,-0.005474695491628401,1,2467.72844521319,2456.686111864831,1
1378,1379,-0.00495951322721315,1,2450.5948591896567,2440.8916964301548,1
1380,1387,-0.012781074177669008,7,2448.3690831547365,2419.524665371779,7
1389,1390,0.0014798993097859979,1,2424.133141295099,2430.144747399026,1
1392,1398,0.010335270753140457,6,2434.6540644945103,2462.2515275057895,6
1399,1405,-0.0032369813880542848,6,2464.6985711846105,2459.1850863537065,6
1409,1410,-0.004637721882816017,1,2463.409455110871,2454.4482566296783,1
1412,1419,0.003425734198187828,7,2451.710793526922,2462.5614138299,7
1429,1431,0.001176277671915275,2,2494.892904157998,2500.322483879137,2
1433,1435,0.0009120528506491778,2,2520.7289108290597,2525.548677728724,2
1437,1438,-0.005383325562002444,1,2522.4439215825482,2511.3872286623578,1
1439,1440,-0.0001490283677927232,1,2515.2739208805297,2517.4143476344298,1
1441,1443,-0.002387304648650937,2,2530.982032978768,2527.4707898387646,2
1445,1454,-0.011753962312651356,9,2517.5690902435217,2490.495247127547,9
1458,1459,-0.00837753658180102,1,2456.3827126854007,2438.2606593636606,1
1462,1463,-0.004343420977721181,1,2429.9029543332704,2421.778765821926,1
1464,1469,-0.0010189730088704379,5,2417.139351396606,2417.0934909902508,5
1471,1474,-0.00040395599395376554,3,2431.0888602205982,2432.5378961638985,3
1475,1476,-0.007461494492248014,1,2417.790373891747,2402.1678347074353,1
1477,1481,-0.00415630059907383,4,2395.842851027188,2388.280850801204,4
1482,1493,0.0068413262880905506,11,2372.3170007364515,2390.9191123980104,11
1499,1500,-0.0014907930004469366,1,2405.732375698788,2404.5516590878465,1
1502,1508,0.0037765439143003544,6,2413.312258463859,2424.839550445331,6
1509,1511,-0.0056517395434777865,2,2432.2008153866864,2420.886850676073,2
1512,1517,-0.0016534428631920207,5,2418.6288070882174,2417.048371355515,5
1521,1522,-0.0008793648941222827,1,2442.426333699702,2442.7209760590663,1
1524,1529,-0.008773921189170933,5,2452.1057700652477,2433.043293061249,5
1532,1534,0.00033634338420998285,2,2427.9643179914524,2431.208912044898,2
1536,1543,0.008207833068771837,7,2458.314123457282,2480.949869536681,7
1545,1550,-0.0010133810683394275,5,2482.175248592916,2482.142034436284,5
1551,1553,-0.0014360068603873177,2,2479.4778445480792,2478.396775197678,2
1554,1557,-0.0046419734781360635,3,2483.2801411252926,2474.2361007125323,3
1558,1559,-0.004940903374039619,1,2482.89056982244,2473.1057379984554,1
1562,1563,-0.0035886508361666412,1,2476.2779365256392,2469.867717574671,1
1570,1572,-0.005879329102758343,2,2466.6028847821,2454.567517541435,2
1573,1574,-0.0030803904992520942,1,2446.0453390539556,2440.956609569848,1
1575,1577,-0.004567425935721297,2,2437.4160300571843,2428.7207288954155,2
1578,1580,-0.003927514448091399,2,2427.3340889523124,2420.2280333365597,2
1581,1583,-0.0032761557874126453,2,2412.262395254058,2406.7717102423426,2
1585,1587,-0.0012906172038647259,2,2407.9629430170144,2407.263147559505,2
1589,1595,-0.006464123122533436,6,2399.576813010157,2386.465229861893,6
1597,1599,-0.0069366294351477795,2,2367.469616025352,2353.414826216038,2
1603,1605,-0.0028232299456030624,2,2358.0979981249657,2353.7986432401176,2
1608,1609,0.0025540891335462763,1,2355.846902029011,2364.219791903811,1
1610,1613,0.0009968499365943118,3,2369.2168487307003,2373.9478192448664,3
1616,1617,-0.0037418738113820633,1,2380.566599346302,2374.0393861313037,1
1623,1626,-0.009584579091244303,3,2389.0370933955,2368.52821551533,3
1628,1630,-0.014745268067682341,2,2368.5696552922827,2336.0130304433123,2
1631,1635,-0.019109883796815448,4,2324.4856407478396,2282.38947590653,4
1636,1639,-0.0007718817391824036,3,2285.081469783532,2285.6027385942457,3
1640,1642,-0.00934236931887383,2,2280.2796873016173,2261.256751999821,2
1643,1644,-0.017704988520086982,1,2241.291908965634,2203.851153356199,1
1646,1647,0.008513016378492718,1,2123.936858658147,2144.141904781446,1
1651,1654,0.0050524210138376355,3,2164.6020306000732,2177.7031134166727,3
1656,1663,0.00575239872302367,7,2189.056927258364,2203.8383124586094,7
1664,1668,-0.030842626364739816,4,2194.84993194529,2129.349845499572,4
1670,1671,-0.00022191528525710553,1,2117.684118067994,2119.3318557109164,1
1677,1683,0.0031982387599687346,6,2091.596240053512,2100.3772604587093,6
1685,1696,0.018858199421348632,11,2114.385337777786,2156.373223468953,11
1697,1699,-0.005164897024066311,2,2168.808222619532,2159.7753597073734,2
1700,1707,0.0010103713696787667,7,2163.276072074623,2167.6250603546328,7
1709,1715,0.014614166438151634,6,2184.824532297924,2218.9387461833808,6
1718,1720,0.0037308069519095717,2,2212.710114977107,2223.1780193716013,2
1721,1722,-3.522169024066442e-05,1,2230.5957024091304,2232.747732760657,1
1726,1729,-0.005460342185715039,3,2240.8853694953227,2230.890253948411,3
1730,1732,0.0017334225808546978,2,2253.894895766436,2260.055742969397,2
1734,1736,-0.004733539384172926,2,2251.0346834127145,2242.630356767054,2
1740,1742,0.003167454457315635,2,2254.330075419332,2263.724893340399,2
1743,1744,-0.0045634773941249955,1,2269.883683006253,2261.795003814567,1
1745,1758,-0.0031957429834514354,13,2266.8542087439673,2261.8767795206104,13
1760,1763,-0.008595189802174334,3,2257.616979683859,2240.4699502225485,3
1764,1766,-0.002606814308229491,2,2235.909788339074,2232.3170964992605,2
1767,1770,-0.005450967667196511,3,2225.7898674893745,2215.8829487552057,3
1771,1779,-0.0013716134215449433,8,2222.11036634842,2221.284600312131,8
1780,1783,-0.006864616211129789,3,2217.8644704001454,2204.857546472948,3
1784,1787,-0.019371321532861262,3,2185.2063813795535,2145.0612523315694,3
1789,1791,-0.011746675844969991,2,2133.928668521569,2110.996028844679,2
1794,1795,-0.004109072966880691,1,2123.348348429433,2116.74670348006,1
1797,1800,0.011393341569187643,3,2132.0180183291704,2158.4408458619864,3
1802,1805,-0.002467725739713108,3,2170.3456221517918,2167.160150018086,3
1806,1808,0.005304765109159952,2,2169.881346955093,2183.5619391623923,2
1810,1813,-0.0073098056910633055,3,2204.0383441242234,2190.1312904371466,3
1816,1823,-0.018054561558660774,7,2192.3601661971056,2154.9704247839413,7
1824,1828,-0.01223212676396463,4,2135.8261875861,2111.8363171013375,4
1830,1831,-5.030046024490553e-05,1,2106.957848851101,2108.9588257504383,1
1832,1838,-0.007769393007747365,6,2119.196112741479,2104.8504413938413,6
1839,1842,-0.00762888103612111,3,2097.6567231005884,2083.751606228535,3
1843,1845,0.0063330174848617625,2,2080.5086095164893,2095.765015527479,2
1849,1851,0.0031859848029084726,2,2142.2508494158615,2151.218278915534,2
1852,1859,0.01392077854127708,7,2149.9893041713517,2182.068818445007,7
1860,1861,-0.0025807491008950547,1,2185.7823394753905,2182.3271660075125,1
1864,1867,0.0054438709545339995,3,2180.4631063670513,2194.513729245603,3
1868,1872,-0.012253355460093734,4,2210.9143126877275,2186.0341080352437,4
1873,1874,-0.005926014535932324,1,2176.4424181139416,2165.7212311256926,1
1877,1878,0.004627607440446643,1,2184.8367881493264,2197.132191914477,1
1881,1887,0.016359777531869617,6,2248.653287858532,2287.6894086820635,6
1890,1893,0.006812908565901425,3,2295.2630140938413,2313.195694157652,3
1896,1897,-0.002268359153742175,1,2315.5603040719557,2312.623341964244,1
1898,1900,0.0015837811299976613,2,2320.8415891031923,2326.838135806831,2
1901,1904,-0.007563559141293303,3,2339.573342059938,2324.2174140639345,3
1909,1911,-8.347255560703609e-05,2,2334.578283180963,2336.717988248582,2
1915,1917,0.0003301252964379136,2,2311.6513319729324,2314.726117886134,2
1922,1927,-0.011125656101344892,5,2321.3843150593257,2297.878775805979,5
1928,1929,-0.0009001486687587755,1,2305.568939958932,2305.799154086855,1
1930,1936,0.0022631746400494437,6,2312.437293761609,2319.9831804953164,6
1937,1938,-0.007499712189587358,1,2316.9754083919347,2301.9157350870355,1
1939,1940,-0.006286985211354778,1,2298.925318660343,2286.7709344985765,1
1942,1945,0.0022299699736534517,3,2287.5309174313984,2294.9195736085057,3
1947,1951,-0.01040102144546427,4,2300.0867726007723,2278.4636075251237,4
1953,1957,-0.000186766381227199,4,2270.4524791444837,2272.29888743035,4
1958,1959,0.013330920881421477,1,2297.0140489464056,2329.93237554537,1
1962,1964,0.00325535954664321,2,2368.3547271689413,2378.432928067037,2
1968,1972,0.007249326693067131,4,2413.941080722435,2433.85446931513,4
1976,1979,-0.008016395176909177,3,2435.4131198043733,2418.3252989367966,3
1984,1992,-0.006513633565296137,8,2412.2768855888917,2398.9764747837207,8
1994,1995,-0.0038297474405659705,1,2396.1755168357176,2389.394945299805,1
672,673,0.00021875658629272494,1,1976.4282140250318,1978.8369989282096,1
675,677,-0.0020188174968380976,2,1989.4390996822472,1987.412224318597,2
680,681,-0.003935562941885009,1,1994.160158354584,1988.3061756935347,1
682,686,0.004087875668339317,4,1983.888086721804,1993.9818626469441,4
689,695,-0.00015219469053980223,6,2010.0594778496252,2011.763616947277,6
696,697,-0.00144108624593171,1,2017.0437882408205,2016.1540979683855,1
702,705,-0.002150757041200431,3,2026.8777859426737,2024.5453420588474,3
710,713,-0.0065745722577938105,3,2005.8066055944923,1994.6250917364457,3
714,715,0.00021622859794315306,1,1996.4923787089583,1998.9205698355197,1
718,719,-0.002439466289231863,1,2001.9654085212821,1999.0836468035075,1
721,723,0.004326315203551953,2,2016.6220758114923,2027.3632406337056,2
724,725,-0.0012919090394576472,1,2029.552060393016,2028.9596158005374,1
727,728,0.004194715756705344,1,2030.3781851581628,2040.9254227086747,1
729,732,-0.001060638506509183,3,2042.7448766201044,2042.6210076216069,3
734,737,0.006013526378041599,3,2054.362392627062,2068.7707174578086,3
741,742,-0.002702184765293723,1,2065.406679761295,2061.8909759768694,1
745,746,-0.002750652537529037,1,2069.379046089459,2065.756282411313,1
751,752,-0.0009715343306040474,1,2061.083378026269,2061.1420481443056,1
758,760,0.004255970535328967,2,2053.4367312816967,2064.2295342374755,2
763,768,0.0040304927625434165,5,2074.3232663808258,2084.75813455953,5
771,773,-0.0037313597406655984,2,2091.7404387879947,2086.027143165567,2
776,778,-0.0034676230125888848,2,2084.0008747239845,2078.85834620726,2
779,781,-0.0021435872980607364,2,2080.2982435657777,2077.919240918258,2
784,785,-0.002608203232377252,1,2078.0817710588394,2074.7397932374784,1
787,788,0.0002603697468535754,1,2075.5077632165558,2078.1236704106736,1
790,793,-0.004169951806979434,3,2079.9677896194726,2073.3743919663093,3
794,796,-0.003319773245005853,2,2076.5234119232036,2071.706348469596,2
800,801,-0.003920825643860147,1,2077.1774299302488,2071.110356826061,1
803,805,-0.0017971868689737162,2,2073.2759020394283,2071.623113714563,2
813,814,-0.002339945312768976,1,2088.2672564135037,2085.4690924914635,1
815,818,-0.005181727843010029,3,2085.2448948254973,2076.524968189311,3
821,827,-0.006028612270820344,6,2076.890179964498,2066.4463045203825,6
829,831,-0.0033260502098316643,2,2064.9238205824668,2060.1207040963145,2
835,836,0.0008480821743644736,1,2068.0028616323143,2071.8247008574317,1
840,841,-0.00020568347286634484,1,2075.103079783672,2076.75136845545,1
843,844,-0.003369887194925418,1,2080.868014967597,2075.9365925045954,1
846,851,-0.00573849426785177,5,2077.968321575651,2068.121880595087,5
853,855,-0.0008531656404149403,2,2075.88956346118,2076.1943753758,2
856,857,-0.0024586769122513525,1,2076.322488301271,2073.2938046251975,1
859,866,-0.001993339047392905,7,2066.3136282041078,2064.2610781930525,7
868,869,0.0009310692002193204,1,2070.1503059166666,2074.147909412247,1
872,873,-0.0011073163292957134,1,2092.016949070682,2091.7924414908834,1
881,884,-0.00036144432980052493,3,2173.3172818475505,2174.7050659210167,3
886,887,-0.0028056870967273252,1,2176.3209582492727,2172.391203576625,1
889,893,-0.003530309995276327,4,2168.999990011723,2163.5117476572423,4
895,898,-0.001139230006482265,3,2168.049700188005,2167.747842614194,3
902,903,-0.001490955052257294,1,2165.0961576956747,2164.033192798431,1
904,906,-0.004286648683262504,2,2172.1789644905357,2165.0397753570824,2
908,927,-0.004239412866672896,19,2159.4545817154503,2152.4592167584456,19
933,934,-0.003796783355180016,1,2150.635240285834,2144.620379442739,1
936,937,-0.002128873250542533,1,2137.5651887190534,2135.1521485562175,1
938,940,-0.003354756827403143,2,2140.32249971645,2135.282560697398,2
941,943,-0.004537408795421773,2,2136.3354273461587,2128.7783356154932,2
949,951,-0.0004473201682721079,2,2113.906148243688,2115.074461537988,2
952,955,-0.0015227584828167275,3,2117.4618965984637,2116.3549754299756,3
960,971,0.002457160002992698,11,2142.113368039476,2149.518996697338,11
975,980,-0.007348594944822882,5,2143.39712361894,2129.789563475185,5
983,985,-0.0029258051737476734,2,2123.8620914108947,2119.771946806929,2
987,992,0.002988298323187627,5,2128.436286064489,2136.925124935212,5
994,1001,-0.0022865946600804875,7,2145.0670071560544,2142.3071753991326,7
1002,1013,-0.004763237696286442,11,2143.010471347072,2134.945813557762,11
1020,1022,0.0022232189423784655,2,2145.198031039191,2152.1124739679894,2
1023,1025,-0.0005867966011775774,2,2150.459807935618,2151.348385237288,2
1027,1028,-0.0019632955284667494,1,2142.2931070373866,2140.2294456667123,1
1033,1034,-0.0006271892699086974,1,2148.4133269840286,2149.2142785249994,1
1035,1036,0.001438066199630282,1,2148.1427154006847,2153.380029547085,1
1037,1038,-0.0007835453332225025,1,2151.812698677286,2152.2784685779457,1
1039,1041,-0.0009581916262119414,2,2143.7353880867336,2143.8250141771414,2
1043,1044,-0.0019290006276232305,1,2145.6575229661057,2143.6642057806057,1
1045,1047,-0.0008508630373125391,2,2136.425448362461,2136.744068364838,2
1048,1063,0.002396482884559423,15,2135.3179021201086,2142.570472827753,15
1067,1071,0.006287352744599572,4,2133.35046237844,2148.8969397256465,4
1072,1074,-0.004004322645982352,2,2159.827880572013,2153.3390607589863,2
1075,1083,0.012358591917166165,8,2153.535744399564,2182.3039495880284,8
1086,1087,-0.00622615170599857,1,2193.4410499624305,2181.977794277162,1
1088,1089,-0.0027777930004882793,1,2187.8358420189497,2183.946322772791,1
1091,1092,-0.004459998022570322,1,2181.2927367080783,2173.7454681524214,1
1093,1094,-0.006594911649423889,1,2172.10162495363,2159.9489082684445,1
1097,1098,-0.005690916038395729,1,2146.7700686794196,2136.6997505335034,1
1099,1103,0.004936912283123402,4,2139.361316933721,2152.0625174142638,4
1106,1108,0.0017657339142892721,2,2152.361641242826,2158.3145008298266,2
1111,1112,-0.002950379440663505,1,2147.3354937713602,2143.1473747721016,1
1113,1122,-0.008916346559497784,9,2148.8600056986224,2131.8488851856678,9
1123,1126,-0.0061559650113383255,3,2128.288778524715,2117.3153960486175,3
1128,1129,-0.0011160597489300737,1,2127.754292239207,2127.507345610265,1
1131,1132,-0.0017226053718332422,1,2136.9908976158777,2135.4466965137017,1
1134,1135,0.0003917119190776394,1,2136.645534388207,2139.619129445259,1
1137,1138,0.00048729447014318056,1,2144.195963055306,2147.3850138540615,1
1139,1146,-0.0006248847628382518,7,2147.5766225135667,2148.382211227644,7
1147,1148,-0.0026780468880684217,1,2147.866082144222,2144.2618621490924,1
1152,1153,0.0014887477611782718,1,2151.810328003207,2157.165641139505,1
1158,1159,-0.0008787850451234239,1,2162.182905147404,2162.4449940506865,1
1161,1165,0.0007778664901708643,4,2165.7326991705263,2169.583082763049,4
1167,1169,-0.0009002683605677558,2,2164.9524289428896,2165.168343197921,2
1171,1174,1.94396552600964e-05,3,2165.714488716126,2167.9223039478948,3
1186,1189,-0.0011784936516525582,3,2207.8588899716465,2207.464801176042,3
1190,1195,0.00020549708347740057,5,2209.3885487782886,2212.051960230109,5
1196,1197,-0.0006568920656113855,1,2215.4449069271536,2216.205043652921,1
1198,1201,-0.0005132488842872748,3,2223.078699959453,2224.1607859969754,3
1202,1203,-0.004264420945816369,1,2227.0139886109996,2219.744077499952,1
1204,1208,0.0014648221753046698,4,2229.134848452406,2234.629269458616,4
1209,1217,0.01876739776944503,8,2242.931135076935,2287.2680469934735,8
1218,1219,-0.003171306894060085,1,2281.0958607928264,2276.142901624275,1
1223,1226,-0.0056049820607474805,3,2304.647502836205,2294.034642429298,3
1227,1233,0.005935455706833745,6,2277.280073026363,2293.0740481048924,6
1237,1243,-0.0017297344076571096,6,2291.969456893415,2290.296927919421,6
1246,1248,-0.004383439772060477,2,2300.7063048802984,2292.922003664536,2
1254,1256,-0.001804723973384068,2,2289.809366462443,2287.9667019707713,2
1258,1261,0.011115301512555083,3,2299.9114709474993,2327.7755918702123,3
1268,1269,-0.0022123429092204706,1,2377.8778689208407,2374.995065547462,1
1272,1273,-0.0030452732731785356,1,2387.167497526555,2382.2850876452635,1
1277,1280,-0.005977194139010681,3,2390.3315172616335,2378.4343732436264,3
1283,1287,-0.00707266208382202,4,2353.56378273444,2339.2713851891717,4
1289,1295,0.011027270319445833,6,2354.045547000499,2382.3582891385618,6
1297,1298,-0.0035235637715153546,1,2380.546270794833,2374.5388104694393,1
1299,1300,-0.0013228114026371598,1,2371.0675901874474,2370.3021825329115,1
1301,1307,-0.015343670094770726,6,2366.2599786043957,2332.319126112835,6
1308,1314,0.010917457604617868,6,2342.5928787931043,2370.510630111001,6
1316,1323,-0.01302324077781453,7,2367.9920293574314,2339.5210910285214,7
1325,1332,0.022257518609072168,7,2332.8360863797393,2387.092065070631,7
1333,1342,0.014330309482636371,9,2399.5080655663587,2436.293266817573,9
1345,1349,-0.009671011413481322,4,2438.2478101065444,2417.1057355162147,4
1350,1351,-0.0008020741197780317,1,2418.3280572947447,2418.80670700415,1
1353,1354,0.0019360996219008465,1,2415.111479634663,2422.2024875368666,1
1355,1356,0.003290461863208324,1,2424.5537295312583,2434.9561848431117,1
1360,1361,-0.002030157795108945,1,2471.6297540142214,2469.0835853565004,1
1365,1368,0.005870247040995322,3,2455.699888228039,2472.5711531187103,3
1373,1378,-0.0127036490984066,5,2477.689533292255,2448.6915244198076,5
1379,1386,-0.00787921675442474,7,2441.4778375700553,2424.6823823242867,7
1387,1392,0.004666146078112458,5,2424.5110414882283,2438.248675217297,5
1398,1402,-0.0017776036265109768,4,2460.1429030060517,2458.229886962939,4
1403,1404,-0.0041364470342159015,1,2465.8260539414136,2458.092121127637,1
1408,1411,-0.008816487401261598,3,2473.548257327702,2454.213798537887,3
1412,1415,0.0006302801515239019,3,2447.2028636442014,2451.192489899553,3
1416,1419,0.0014392151825397509,3,2457.151568188919,2463.145089599847,3
1421,1422,-0.0006897250690961645,1,2470.8351366240263,2471.601774825317,1
1425,1432,0.00838829569762908,7,2490.3943965217168,2513.774955519981,7
1439,1440,-0.0003531678074370053,1,2517.64569589108,2519.27419017665,1
1442,1444,-0.006539450561500668,2,2534.832219777756,2520.7906420145982,2
1446,1452,-0.005816398804422321,6,2507.0696032861906,2494.9945562463195,6
1454,1459,-0.025324550662123295,5,2495.9424328498103,2435.229754692212,5
1463,1466,-0.004884126009352717,3,2419.7819134713604,2410.383175604285,3
1467,1477,-0.012031463230128471,10,2417.0387743638285,2390.375299998639,10
1478,1482,-0.006370945940244534,4,2387.343905095768,2374.5216100407265,4
1484,1485,-0.0032356970441591417,1,2373.7907784204463,2368.4837013936794,1
1486,1489,0.001738241822606978,3,2379.297406248549,2385.812497914759,3
1490,1494,-0.007486488616854913,4,2384.6938246637997,2369.2255353154337,4
1500,1502,0.0012140277289988122,2,2406.9611992141636,2412.290278051848,2
1504,1511,-0.000714263157022512,7,2420.509126269257,2421.2007549053956,7
1512,1514,-0.0007907507596234545,2,2420.6466091942602,2421.153127658454,2
1515,1516,-0.0028097663066450613,1,2425.994769333973,2421.6042857403354,1
1518,1519,0.001291148451234412,1,2426.0463033177384,2431.604735548208,1
1520,1525,0.0023432253406889692,5,2436.895011306417,2445.042100460815,5
1533,1538,0.008242862503333604,5,2428.516627157101,2450.9630724289736,5
1539,1548,0.005708431661520813,9,2460.923719275453,2477.432657870428,9
1551,1554,-0.0021803762201234216,3,2483.4922671655777,2480.560811950555,3
1555,1556,-0.005026026118061674,1,2485.4088194115525,2475.4024985905407,1
1557,1560,-0.002713967680919871,3,2479.3270308979954,2475.0775444966052,3
1561,1562,-0.00600610479385901,1,2480.0344031472027,2467.6190910326723,1
1566,1567,-0.0032717317096457505,1,2466.175014883098,2460.572526900252,1
1572,1575,-0.011867641321368787,3,2462.9528506910233,2436.1863625182705,3
1578,1580,-0.002529508229779944,2,2422.217070866761,2418.5122699225567,2
1581,1583,-0.0027776135386410918,2,2409.5174716359134,2405.234280756741,2
1587,1588,-0.0022795272023185924,1,2409.14820843655,2406.065637769438,1
1593,1594,-0.0068397877027288325,1,2405.5485409054527,2391.5006481179557,1
1601,1603,-0.004510497144715695,2,2360.326836492786,2352.040915872682,2
1608,1611,0.004285747978359466,3,2359.294986846812,2371.7656255538914,3
1614,1616,0.0023707270858737725,2,2373.049079102559,2381.047979909598,2
1617,1618,-0.0011820901328476537,1,2384.855506949401,2384.421248293318,1
1636,1637,0.0012364329750025119,1,2283.191468874253,2288.297673563488,1
1642,1644,-0.027457489558022824,2,2264.0905240564603,2204.188372657818,2
1645,1649,0.0029433167845673708,4,2153.2984358371064,2161.7895737013255,4
1651,1659,0.014544378764310043,8,2160.689075365579,2194.2756447449683,8
1660,1664,-0.008482886999627506,4,2208.450155129856,2191.9245721747093,4
1666,1670,-0.024825500880901286,4,2167.0062008122,2115.3761926658303,4
1671,1673,-0.0007661516574481434,2,2121.0643946036403,2121.560401996764,2
1679,1680,0.0031952030697915065,1,2067.1225555657784,2075.794554456523,1
1681,1682,0.002396798438197832,1,2087.7664385593093,2094.8581603371294,1
1685,1686,-0.0002969082272242786,1,2111.1328032282454,2112.617123333432,1
1687,1688,0.002017336980004307,1,2120.699954556385,2127.0988209527613,1
1692,1697,0.013527956527750396,5,2133.2343087864915,2164.2258440880473,5
1700,1702,-0.003583344051891819,2,2160.68947237885,2155.107668082395,2
1704,1706,0.0014196440386222992,2,2151.5683886633947,2156.7744182887122,2
1709,1714,0.01225750103315984,5,2187.3080228183912,2216.306261190745,5
1720,1722,0.0030423168547031604,2,2224.6861016320177,2233.6789877570686,2
1723,1724,-0.006627357832491113,1,2243.0101521946594,2230.3879314463497,1
1726,1728,-0.01016452029532566,2,2237.29574670343,2216.7920044261205,2
1729,1733,0.009485150935787723,4,2233.2013471411346,2256.616800335914,4
1741,1748,-0.0024059047873043653,7,2257.948700030315,2254.774239143455,7
1749,1753,-0.002322573790022751,4,2249.6107314065725,2246.6354552154603,4
1754,1755,0.003947422121671004,1,2249.561100020468,2260.69062837076,1
1756,1760,-0.0020253653804150366,4,2260.0934518923827,2257.7760303103096,4
1761,1768,-0.016374404244674748,7,2250.9536878393533,2216.3466159064697,7
1769,1770,-0.002535180033216732,1,2218.59408450345,2215.1881431631077,1
1771,1782,-0.007096703906956483,11,2224.9463377590264,2211.3814987288424,11
1783,1788,-0.03073758641583357,5,2206.370063565043,2140.7579431344693,5
1789,1794,-0.0100387271048386,5,2135.981883422576,2116.6753260774403,5
1795,1796,0.002625551147699872,1,2120.7696975895005,2128.4586566006033,1
1797,1798,0.0016719060391069403,1,2131.8379070661563,2137.5339776444434,1
1799,1801,0.004862160283180769,2,2147.3328200173196,2159.9208291895957,2
1803,1805,0.0007167450872577756,2,2169.0864243017486,2172.810192764506,2
1808,1809,-0.00013698816803612071,1,2187.572873490355,2189.4607747634604,1
1811,1812,-0.001780622587409882,1,2201.753697252369,2200.0349585843805,1
1813,1817,-0.003918731424415909,4,2196.043022184928,2189.6333624067074,4
1818,1825,-0.03639959115944342,7,2195.0161520260453,2117.3134776559486,7
1827,1832,0.008731960252190581,5,2101.3771216135765,2121.8276402359825,5
1835,1837,-0.006761425608031918,2,2127.5586104375193,2115.3008397767558,2
1839,1840,-0.006312037494967205,1,2101.131582161293,2089.9702924149924,1
1845,1850,0.017007068706504824,5,2106.376089525101,2144.3057484909186,5
1851,1852,-0.0025553636865401404,1,2151.8058928020127,2148.4590520558654,1
1855,1856,0.003955596235377879,1,2162.842206563376,2173.5603792599377,1
1858,1859,-0.0027074059341614058,1,2186.245507648179,2182.5126990948866,1
1863,1865,0.003172129822434583,2,2176.6426543963516,2185.723890127542,2
1866,1867,0.003391890158083031,1,2188.8322036577433,2198.445314270683,1
1869,1873,-0.018577593519682353,4,2213.932149484083,2175.016550080295,4
1874,1876,-0.00043619263259863847,2,2167.7603418726603,2168.9825411241686,2
1878,1879,0.003733060030796558,1,2201.464713821658,2211.884378467856,1
1880,1884,0.01415391088370965,4,2226.486775034012,2260.2267572066357,4
1886,1892,0.010177480518707236,6,2283.7001476891505,2309.226161600515,6
1901,1911,-0.0004762226277418267,10,2339.03765308606,2340.2627880816062,10
1914,1916,0.00012307631444575195,2,2312.352605753319,2314.9495541954875,2
1918,1922,0.00051010515062097,4,2316.2957316488623,2319.7935817635866,4
1923,1926,-0.009746862534523809,3,2314.25098726166,2294.0085520056964,3
1931,1951,-0.013281525754521784,20,2309.1627135951426,2280.8026722567424,20
1952,1953,-0.0065453805912266795,1,2282.856082054506,2270.196776244517,1
1956,1963,0.04757086387263433,7,2263.4962244095323,2373.4361914015494,7
1968,1974,0.013265356214511276,6,2417.6617657738025,2452.15057206877,6
1976,1978,-0.0046875230053892054,2,2437.748373266701,2428.75912005893,2
1979,1980,-0.004428696198994742,1,2425.5279330490735,2417.2115346444725,1
1981,1983,-0.004595080779330596,2,2422.8484911161386,2414.138155074497,2
1989,1990,-0.007366742607602063,1,2430.4269930219025,2414.953089930764,1
1996,2000,-0.005528808649335755,4,2380.905430735195,2370.122765627231,4
673,679,0.0034723744143334203,6,1980.326439066839,1989.1832003649495,6
680,689,0.006110670017760161,9,1990.4628619615607,2004.616386555576,9
690,698,0.0005133058892344555,8,2015.4172411624932,2018.467183942809,8
701,702,0.0008898970136353571,1,2021.0835460111587,2024.9031857690727,1
703,706,-0.005571795842861543,3,2027.6595156364958,2018.3894702921702,3
707,709,-0.0033191778953654406,2,2017.1604392412637,2012.4822853391697,2
713,718,0.00012020212847082558,5,1995.5150331873424,1997.7504133749144,5
720,724,0.008689187497644465,4,2007.396567459144,2026.8466091833836,4
725,732,0.007198870106440069,7,2027.9919584931451,2044.6192011377354,7
733,735,0.005295446768859107,2,2046.4500390082685,2059.3333562939747,2
737,741,-0.0021503027029165416,4,2070.262023604413,2067.8805956029155,4
742,748,-0.0007824389301542109,6,2063.354557437188,2063.803463062175,6
750,752,-0.0018064383735814148,2,2065.170515210655,2063.5050824592004,2
756,759,-0.00014234621984195856,3,2053.592562268983,2055.3538336929173,3
760,769,0.00890124460770196,9,2064.6047351933894,2085.046891694759,9
775,777,-0.001172116616680464,2,2082.444304275091,2082.0858810070135,2
779,780,-0.004166619573299283,1,2083.778618113739,2077.1800839551975,1
785,787,-0.002752488762456873,2,2076.853353269423,2073.2136911065477,2
792,794,-0.0006631404877385181,2,2077.9968806758015,2078.696873691507,2
795,797,-0.0024730876001966785,2,2074.551524856777,2071.4955287295415,2
804,813,0.002561985729649002,9,2074.1885503339,2081.5767803507906,9
817,818,-0.0032399957867808114,1,2083.7185532468507,2079.0510324667407,1
820,822,-0.0005316512446962246,2,2078.2731760612082,2079.2465327163977,2
824,828,-0.005629064683169814,4,2075.5882231732285,2065.980191032534,4
829,830,-0.0009456305569625432,1,2061.5807675630263,2061.6928545611354,1
831,832,-0.00488126640835994,1,2065.7207929343763,2057.7031802117094,1
837,840,-0.0021483845342801437,3,2073.6532625606847,2071.2719112245004,3
845,848,-0.0008170371298978638,3,2078.6845880579126,2079.0649101561808,3
851,852,-0.003957747139742156,1,2075.5905862304953,2069.4515141107963,1
856,857,-0.0015210808208597783,1,2076.1792779397315,2075.0974207373306,1
858,864,-4.833947559740651e-05,6,2069.6639521025963,2071.6335695845914,6
865,866,-0.0006516114650447543,1,2065.826643819833,2066.546354137745,1
868,869,0.0009712373516928023,1,2070.5239091515978,2074.6054032188904,1
871,872,-0.003451425311369608,1,2096.7329900997775,2091.593005776663,1
875,876,0.001736703225880173,1,2114.4958097363274,2120.282557239943,1
878,881,0.0161817800798323,3,2136.6480300774797,2173.359446638278,3
885,890,-0.004870438940782228,5,2174.6378446756935,2166.221041679562,5
892,893,-0.006359963375194948,1,2172.076334986153,2160.4340853824997,1
897,900,-0.0066504223485758795,3,2173.7000780911735,2161.417754590826,3
905,906,-0.005337099998538476,1,2171.2917801802696,2161.874670603623,1
907,909,-0.0052949586618514155,2,2170.689467328407,2161.366445798515,2
913,916,-0.009754993324737483,3,2164.4878465196493,2145.5377698718944,3
919,923,0.00021369922351471122,4,2157.967908945369,2160.5870329208255,4
927,930,-0.004165685300334492,3,2158.1768463577664,2151.3447376397294,3
932,933,-0.0015899594285489756,1,2147.063094259803,2145.796414143655,1
935,940,-0.0037569550848197287,5,2143.322981372864,2137.413936180957,5
944,946,-0.008590272895286081,2,2127.4331498045703,2111.2853516310756,2
947,951,0.003094735452519902,4,2107.3134870695017,2115.9423783145785,4
955,960,0.010608909340421486,5,2113.4510450314438,2137.985906608633,5
961,966,-0.001290008779309721,5,2141.3472662319223,2140.726256725164,5
968,970,-0.0008646202691890036,2,2149.449788299025,2149.7407802327566,2
972,974,-0.0009321996816948133,2,2147.241986141642,2147.3875698317806,2
975,979,-0.007936534384640336,4,2145.023831435353,2130.1447998727285,4
980,983,-0.005843815609933739,3,2128.477513120435,2118.1675605169894,3
986,987,-0.0009716830519138937,1,2123.1257020140097,2123.185822454294,1
995,996,-0.0045803316782727,1,2145.4868367920753,2137.8052823049916,1
999,1006,0.0016198934468042245,7,2142.7656946938605,2148.379512495426,7
1009,1012,-0.0013501166559306663,3,2139.1508798758596,2138.4019275232663,3
1016,1023,0.007525902321326627,7,2132.494268262559,2150.6757060945547,7
1024,1032,-0.0031056678938202265,8,2149.9564527023317,2145.429358426765,8
1033,1039,-0.00392995159215234,6,2150.0592568260627,2143.7596872833033,6
1043,1049,-0.00460236299960226,6,2146.9296812963034,2139.1956612496538,6
1050,1053,0.0007598877706242227,3,2142.5260499941674,2146.296655387796,3
1055,1056,-0.0032239750982614264,1,2147.8336568495192,2143.056928281478,1
1061,1062,-0.0015691036164713137,1,2145.5379011763407,2144.316867797505,1
1064,1065,-0.004851166712856045,1,2145.693745405401,2137.4303210771122,1
1066,1067,0.0012836872924475045,1,2134.313496070498,2139.1876006795733,1
1069,1075,0.0011838228342032678,6,2146.4674275162024,2151.154932097286,6
1077,1079,-0.0029034124329139887,2,2153.684719456345,2149.585369184755,2
1083,1084,0.0010388019324614538,1,2180.50086650876,2184.9464758891318,1
1087,1091,-0.0035259381429616978,4,2185.5061544440487,2179.985701086861,4
1092,1097,-0.016277097041334513,5,2176.3216616298396,2143.073784411962,5
1099,1102,0.002972241437476926,3,2140.197939137376,2148.6993220756203,3
1103,1105,-0.0019642761662260863,2,2146.728363831384,2144.6583248347797,2
1106,1107,-0.0002963780162146553,1,2152.8910598072703,2154.4058812856456,1
1110,1117,-0.011921788502920451,7,2155.1482858672957,2131.6102120966216,7
1125,1135,0.00688040007421467,10,2125.039542236582,2141.785704002932,10
1136,1137,0.0005526722489465326,1,2143.0900107379953,2146.4175271246627,1
1142,1143,-0.0028581111934061626,1,2147.506028752946,2143.515723763013,1
1144,1145,-0.0034302189246901223,1,2147.985409541166,2142.765334748941,1
1151,1154,0.003221428129553525,3,2146.1321333727315,2155.19187593029,3
1155,1160,0.0013056502204503522,5,2158.2131870317053,2163.189271742164,5
1162,1163,-0.0011389166401983425,1,2170.3738991620785,2170.0723981120327,1
1165,1168,-0.0012647171112439089,3,2167.5920840951067,2167.01828538025,3
1171,1176,0.004001457319250856,5,2165.072442806642,2175.9009602224255,5
1177,1182,-0.007784847534768516,5,2181.6340824910676,2166.832027864711,5
1184,1186,0.010936861086804982,2,2179.0910913709085,2205.1025990240973,2
1190,1191,0.0015350947602188886,1,2204.9335313984216,2210.5232468405006,1
1192,1193,-0.0015475006573315046,1,2214.684561714317,2213.4720204609966,1
1194,1196,-0.005699682224610518,2,2221.247357716617,2210.808200993093,2
1198,1200,-0.0003595548502974351,2,2224.7171663307486,2226.141975649385,2
1205,1207,-0.0005925246768833153,2,2227.085648119115,2227.993130563191,2
1213,1215,0.003038136260154807,2,2263.9681528153637,2273.110364705083,2
1216,1218,-0.0033055178746781064,2,2287.702087303251,2282.427749249035,2
1219,1220,0.0023670040824330975,1,2281.8299446550695,2289.5128753941412,1
1221,1223,0.0043584131898425004,2,2289.644817967149,2301.9136809597985,2
1225,1226,-0.007900277952145717,1,2305.574659239761,2289.665553251583,1
1228,1236,0.00246790819648235,8,2280.5442502435785,2288.452968341439,8
1237,1240,-0.006399454942054798,3,2289.651305586294,2277.2884365287637,3
1245,1248,0.00013280194753333098,3,2295.758843252351,2298.3594833410543,3
1254,1257,-0.0025967491306819286,3,2292.0623564407715,2288.402507865656,3
1259,1260,0.001621380207002551,1,2306.9532866793925,2313.0006883635733,1
1261,1264,0.0043383840388634696,3,2334.668918124864,2347.1322774134123,3
1267,1268,0.001771068953146078,1,2370.8525316490613,2377.422327492002,1
1269,1276,0.004487646374462088,7,2373.6609160715666,2386.686727791849,7
1278,1281,-0.0045054145838923434,3,2381.6678654440666,2373.319132174551,3
1282,1284,-0.009316891369450738,2,2364.440025328916,2344.775234488674,2
1289,1290,9.080294024500454e-05,1,2354.902232108722,2357.4709663874955,1
1291,1295,0.008051267592010785,4,2362.182923522578,2383.5636732646594,4
1298,1302,-0.007354948353216759,4,2377.581632461506,2362.4722239816565,4
1303,1308,-0.0061393212739693295,5,2350.650986437718,2338.5702358154417,5
1312,1314,0.0011289228638330108,2,2366.1039318168537,2371.1411845755038,2
1318,1320,-0.005105612017495949,2,2345.329043493416,2335.700032387467,2
1323,1325,-0.003518526525742401,2,2340.899201741095,2335.003585007421,2
1330,1335,0.023942471740059826,5,2361.0615053893785,2419.952215264096,5
1336,1339,-0.002136711739357312,3,2431.6293580876168,2428.8652964505127,3
1340,1347,-0.007121680243772323,7,2434.4578272008257,2419.5548548157535,7
1348,1361,0.01940215564862597,13,2416.1266321779954,2465.4208237944813,13
1362,1367,-0.0012084278752323328,5,2464.1675674207236,2463.6539662104296,5
1369,1371,-0.002651822143401237,2,2470.9210477730167,2466.839525671709,2
1375,1377,-0.005257159030161208,2,2470.6685041325154,2460.150475399613,2
1381,1383,-0.0015732982891013836,2,2448.723249376272,2447.319400526922,2
1388,1389,-0.002201190912387985,1,2423.7541304673387,2420.8427390319584,1
1390,1394,0.002128518749781569,4,2432.9897742608905,2440.6014283876925,4
1397,1398,0.0010101599863766705,1,2451.0962419136226,2456.0233375018756,1
1399,1408,0.0017320185265358823,9,2463.244772792349,2469.9744031470104,9
1409,1410,-0.0016452071171915495,1,2461.4803800682093,2459.892215408162,1
1411,1412,-0.003974854784962425,1,2453.858988294945,2446.5591141419927,1
1415,1422,0.006484447968993137,7,2456.0098913738393,2474.3917696171593,7
1423,1429,0.004614259684562932,6,2480.358829005958,2494.2842075828958,6
1430,1431,0.0019176567186098962,1,2497.1824382482314,2504.468359366781,1
1435,1436,-0.002112095169391367,1,2529.489237033733,2526.6762042722003,1
1438,1439,-0.0011059325231120183,1,2513.2815788692337,2513.015340610293,1
1442,1449,-0.010413907915107636,7,2532.554158039589,2508.712926405781,7
1453,1458,-0.020362558559998533,5,2500.399301079668,2451.9851731891335,5
1459,1460,0.00045818055173126406,1,2441.639180178344,2445.199530945225,1
1469,1470,0.0012670329606817316,1,2421.319606332751,2426.808817688652,1
1472,1479,-0.02225203307711389,7,2436.389557383547,2384.611325921297,7
1481,1486,-0.006119343146936919,5,2390.1143362412595,2377.878520793627,5
1488,1490,0.0005158787789570198,2,2382.113621524805,2385.7246170127387,2
1501,1508,0.007585086853645032,7,2408.0206727077225,2428.693739328291,7
1511,1515,-0.0032044361349159987,4,2427.601366993654,2422.249874819082,4
1524,1525,0.0007010259904049402,1,2446.5416455642558,2450.7032764899686,1
1526,1529,-0.005229985747951182,3,2448.9016425350037,2438.5428234889464,3
1530,1534,-0.004696188998659517,4,2432.3133250708443,2423.3230353174245,4
1537,1538,-0.0024484290965880564,1,2457.5238170879447,2453.9642680857164,1
1539,1542,0.008828935636815052,3,2459.210125387544,2483.381543427382,3
1551,1560,-0.007460391300008852,9,2485.6502690071998,2469.591995634441,9
1570,1571,-0.003092112001116642,1,2466.266381519473,2461.1066760247454,1
1573,1575,-0.007062092659558175,2,2448.610250025065,2433.766547802269,2
1577,1578,-0.004523203472343215,1,2433.0026742243763,2424.4307107543286,1
1579,1584,-0.007239067375539437,5,2425.0158706869634,2409.886033282995,5
1586,1587,2.1295312728321705e-05,1,2408.9285142226545,2411.3887416229277,1
1588,1590,0.0016362195754707582,2,2406.2457215482723,2412.5891136228106,2
1593,1594,-0.005104280532300666,1,2403.9735770784164,2394.1069951258482,1
1598,1605,0.002523488114314912,7,2354.2319439353864,2362.5270522081832,7
1606,1611,0.0056010314931902805,5,2353.430049623853,2368.9651154984404,5
1613,1614,-0.003955206552611737,1,2378.1239424857367,2371.09609502798,1
1617,1620,0.0009892096058615528,3,2384.4293744619804,2389.1725042781586,3
1621,1623,-0.001278155798920785,2,2383.9358212456273,2383.272715672693,2
1624,1628,-0.007026085406765459,4,2383.4133545492864,2369.050702115147,4
1633,1634,-0.00046876271353983286,1,2294.314737390996,2295.533562926373,1
1643,1644,-0.018736704038597993,1,2239.9215415382164,2200.192716086273,1
1649,1659,0.0133783855637057,10,2164.32073786985,2195.4401759224666,10
1662,1664,-0.011599767473273664,2,2218.702267117381,2195.1845389935115,2
1670,1671,-0.002152568576350022,1,2116.1779398462995,2113.7388996508676,1
1672,1682,-0.01722896409386204,10,2129.934888391821,2095.368251565846,10
1687,1688,0.000802320545512588,1,2123.8701141985775,2127.698008941398,1
1689,1692,-0.002697094046050974,3,2139.376621224871,2135.7458978987297,3
1693,1697,0.008547813167945072,4,2142.7366724974945,2163.195121914605,4
1700,1711,0.016069643020473968,11,2156.5857671520116,2193.3979163403314,11
1712,1713,0.0027556010487749315,1,2196.292993173678,2204.541393442258,1
1715,1730,0.010687590320962927,15,2218.3119363700116,2244.2386574864063,15
1731,1734,-0.003871754015598516,3,2256.226189503532,2249.746862883727,3
1735,1736,-0.0020901250974626915,1,2246.7055985850525,2244.256408425425,1
1739,1744,0.006176412145717339,5,2248.418338362728,2264.5539150348077,5
1747,1749,-0.005370385549975862,2,2258.3318472658407,2248.4620663934998,2
1750,1752,-0.002673217604236911,2,2251.7856873941164,2248.017959941,2
1753,1756,0.002643328976272181,3,2249.939651595699,2258.1369219232215,3
1758,1759,-0.0013314734257116878,1,2262.3004066703934,2261.5505142046054,1
1761,1762,-0.0035684836042029233,1,2250.707368941652,2244.9264639666667,1
1764,1766,-0.0020218929523500174,2,2238.4915208743514,2236.2040221652746,2
1770,1774,0.008176679820333637,4,2218.468058505003,2238.8262295695404,4
1777,1780,-0.012960448736272251,3,2241.8627554844315,2215.049070923702,3
1782,1784,-0.015209381720760022,2,2214.646154832043,2183.177402241621,2
1787,1790,-0.015572908117149734,3,2143.3098560298813,2112.0755984313764,3
1791,1793,0.004305812137056329,2,2108.5807751817447,2119.7685086506676,2
1796,1802,0.01807225020565388,6,2127.421048457364,2167.9957549863175,6
1803,1804,-0.0027138342853389947,1,2171.3959917598577,2167.674578862132,1
1807,1808,0.00014825429089833884,1,2181.8942214226345,2184.3995908246693,1
1810,1814,-0.001767873601773354,4,2204.3091411400183,2202.616510340389,4
1816,1820,-0.00835758724577387,4,2195.4892470484056,2179.3357433660885,4
1823,1824,-0.008206996858674986,1,2155.725241215661,2140.188936174053,1
1826,1827,-0.0017377734958580636,1,2099.574521943401,2098.0255115085324,1
1828,1832,0.003020760214708017,4,2108.6656606547517,2117.1440996492333,4
1835,1836,-0.005437317741430418,1,2128.5310036725878,2119.0860352868067,1
1838,1840,-0.01143420642878986,2,2105.8831202269166,2083.909901035565,2
1844,1848,0.020957946171205506,4,2084.9646303380914,2130.7461714599226,4
1850,1852,-0.001953544319346055,2,2148.0618272199827,2146.013555067033,2
1853,1855,0.005129323864403018,2,2148.9857789470925,2162.1576087662556,2
1856,1860,0.0036405206483082347,4,2174.2092977478915,2184.2987608878343,4
1862,1872,0.002638574963035946,10,2177.601914458268,2185.525282263675,10
1876,1882,0.03872363779869923,6,2168.74264059806,2254.892987731772,6
1884,1885,0.0007946939369955265,1,2263.505068025912,2267.5673668478566,1
1890,1892,0.005962770997147772,2,2293.7174545758808,2309.6880839442533,2
1896,1897,-0.002142842667110325,1,2314.0814940602013,2311.436862993619,1
1898,1900,0.0006215864690099157,2,2322.4612486572796,2326.227320392902,2
1901,1902,-0.002061139798329145,1,2340.172637874531,2337.6893875535216,1
1905,1908,0.002947872705952664,3,2320.1457929759904,2329.305433225911,3
1909,1914,-0.01333594526937082,5,2338.149563866803,2309.306278815339,5
1916,1919,0.00018932575847525586,3,2312.344256850534,2315.0943874376685,3
1927,1929,0.003951409757188629,2,2299.596580504149,2310.982825450455,2
1938,1941,-0.006610239858164048,3,2307.6317077615076,2294.685340376661,3
1945,1948,-0.0029708980938596397,3,2300.418153621527,2295.884263867474,3
1955,1956,-0.0006671389488497049,1,2261.905473758188,2262.6583739917855,1
1957,1958,0.010828000428775856,1,2276.220089534393,2303.143221729394,1
1959,1960,0.007573764443677745,1,2330.060428741937,2350.037817997505,1
1964,1967,0.002627962803868696,3,2380.5600126657937,2389.1965958441224,3
1973,1979,-0.008946655362052719,6,2442.319019176661,2422.9107516470776,6
1983,1985,-0.00414918585969968,2,2416.5636424383642,2408.953434386533,2
1993,1998,-0.008332132095914862,5,2400.2895001786505,2382.690260494903,5
1999,2000,-0.001133360828380913,1,2373.7490868525747,2373.4325217079836,1
672,676,0.0022054807058665762,4,1978.413015282702,1984.754780031426,4
679,681,-0.0026670864107762628,2,1989.9580656412218,1986.6406335919767,2
683,687,-0.0007147869538677418,4,1997.591957619873,1998.161696907035,4
690,693,-0.00040626735967425965,3,2015.673048299036,2016.869819180036,3
695,696,-0.0021387810085221892,1,2015.2851236622616,2012.9901552366778,1
697,702,0.0030132486769323162,5,2016.5290016961585,2024.6218340442113,5
704,705,-0.004611685308196898,1,2029.4437658484956,2022.1140536155688,1
708,711,-0.008916304667175797,3,2015.561591255568,1999.6057916237312,3
713,726,0.014020962240930142,13,1997.2262956207394,2027.2265563938513,13
728,729,0.0023107067703329004,1,2035.618762018983,2042.358098836216,1
730,731,-0.0013343845965993236,1,2043.4034719203707,2042.720189274723,1
733,735,0.005049718793737664,2,2047.8212890983584,2060.210032037233,2
737,739,-4.721211717224742e-05,2,2065.828736063017,2067.797032650735,2
743,744,-0.0012201660643918841,1,2065.3306390596713,2064.8759233412015,1
746,749,-0.004731458318779087,3,2071.415021155268,2063.685622342934,3
750,752,-0.002458079843030167,2,2063.3430212671697,2060.334502398603,2
757,761,0.0075013314509224235,4,2050.502202983003,2067.934201851408,4
762,764,0.0021523419533584884,2,2069.6391631151873,2076.163373477389,2
767,768,0.0001398564997794349,1,2085.1605770082333,2087.53736084502,1
769,771,-0.0005635247419845696,2,2088.859679518258,2089.7714150858337,2
777,778,-0.0032749703218956905,1,2084.694385088199,2079.9517672319007,1
780,781,-0.004665298254471677,1,2081.9092189539806,2074.27840072778,1
783,784,-0.0005506277558502083,1,2076.454863645715,2077.387964827667,1
792,795,-0.003292557083354308,3,2077.3748398680073,2072.612339464086,3
797,799,-0.0003680480769921485,2,2073.4386406219382,2074.748954158118,2
800,801,-0.0036316250168618993,1,2077.491391984173,2072.024213664712,1
802,808,0.00745460805611504,6,2070.382062813265,2087.886331680762,6
812,816,-0.0029603037830909017,4,2089.1352277004185,2085.039888010169,4
820,839,-0.0023609624340098006,19,2078.40194510256,2075.5733181325027,19
840,842,-0.00048492424050413155,2,2074.5285475146998,2075.5970868819068,2
846,849,-0.004604183080471625,3,2081.2454632754134,2073.744273590368,3
857,861,-0.006854585136444185,4,2074.0297522646893,2061.8871685045374,4
868,870,0.004000565260701887,2,2069.533216375496,2079.882052283172,2
877,879,0.006134835885565158,2,2132.216549301045,2147.429564452794,2
884,889,-0.002938029013059777,5,2178.112697959037,2173.8914523566787,5
890,894,-0.0044032019603241525,4,2168.596971489548,2161.216798025022,4
895,897,0.0005716831088495189,2,2165.8764985483394,2169.280570056962,2
908,910,-4.5471596971874114e-05,2,2164.079827937486,2166.1455035996723,2
911,912,-0.0035063884969293085,1,2167.1570217949557,2161.725284364489,1
917,919,0.002450781825319421,2,2142.5741578545967,2149.9677138179204,2
924,926,-0.005531519456122286,2,2162.7036141877456,2152.903280682228,2
927,934,-0.008097053692934546,7,2159.7227303126083,2144.3950621337285,7
935,936,-0.0038355772767551936,1,2144.5394809556697,2138.4584735343674,1
938,945,-0.00787470952083366,7,2136.008346919761,2121.3239100006117,7
948,950,0.0038159299359947583,2,2105.776217868898,2115.917488595039,2
951,954,0.002195368023530822,3,2114.473758470198,2121.2302803046086,3
955,962,0.011197716378210099,7,2115.0230189047616,2140.8214698227475,7
963,965,0.001666160953507525,2,2134.111027883567,2139.80091137656,2
966,967,0.0006608371709625981,1,2144.4910704795675,2148.0527209622173,1
970,972,-0.0014633041285869106,2,2149.3980211715034,2148.402196194318,2
975,978,-0.006703731736491058,3,2143.6706620931877,2131.443739705222,3
982,985,-0.003402046970638395,3,2123.2810269930196,2118.180806234317,3
988,993,0.004340671213700101,5,2124.328891222216,2135.674233379998,5
994,995,0.0008385088948056124,1,2138.904442827696,2142.836837670974,1
1000,1001,-0.00200723135399402,1,2148.6043181754794,2146.440176538886,1
1002,1003,-0.002477172431278274,1,2145.0345304775547,2141.8659446049933,1
1004,1006,0.000494367798792112,2,2144.737219392748,2147.9422456302796,2
1008,1012,-0.004150689899583863,4,2146.9322574612725,2140.1679396825984,4
1013,1014,-0.0030729204886415624,1,2134.7002035420055,2130.275139752976,1
1017,1019,0.00022944353669371916,2,2136.917181664197,2139.5444006816438,2
1022,1023,-0.0015762223817851345,1,2150.726264807978,2149.4869681971027,1
1024,1025,-0.0019362812906168693,1,2148.2017038062486,2146.1903827425035,1
1026,1027,-0.002553736176036857,1,2143.8212351607344,2140.490302552709,1
1033,1035,-0.004321134766464567,2,2155.386869819833,2148.228539551293,2
1038,1039,-0.004135209768221762,1,2154.702695329528,2147.947250391517,1
1043,1044,-0.0037015839222460864,1,2144.6545446150617,2138.8605803785576,1
1046,1062,0.0011256988059415237,16,2140.596062687056,2145.146325181513,16
1067,1068,0.0003379859626884262,1,2137.6714803392483,2140.5316547727816,1
1071,1073,0.0023681164948081705,2,2151.084845357957,2158.329949707339,2
1076,1077,-0.003633939153825733,1,2158.748105590174,2153.062094431613,1
1080,1081,0.002089787519419742,1,2151.3169543466,2157.9640666224564,1
1084,1087,-0.002357906495996668,3,2186.763153718103,2183.793733826463,3
1088,1089,-0.002400348159843238,1,2187.1171748632332,2184.054449352052,1
1090,1091,-0.0035123166714514154,1,2185.219404827178,2179.7294416856516,1
1092,1094,-0.009374505219583665,2,2174.939371508691,2156.7253303897132,2
1103,1106,-0.002139463528174708,3,2154.240330905816,2151.7856526178257,3
1108,1110,-0.003623094945573067,2,2156.499477990259,2150.842775109412,2
1111,1120,-0.013823030703652765,9,2152.913254464385,2125.306381700087,9
1123,1125,-0.003808528563328222,2,2133.6129843844815,2127.6206713747497,2
1128,1132,0.002436653469030708,4,2127.5761996598385,2134.8879417870266,4
1138,1139,-0.0024565500826871497,1,2150.357482693602,2147.2253793243776,1
1142,1143,-0.0011267416266203926,1,2144.915602004796,2144.6437519124343,1
1145,1146,-0.0043425464173238865,1,2148.6420081912393,2141.460072544648,1
1154,1157,-0.0003678993238231692,3,2155.677858434172,2157.0404638661075,3
1159,1167,0.001077288747922784,8,2163.082047969446,2167.575393968527,8
1170,1171,-0.00010821003529915452,1,2163.9493185354618,2165.879106821853,1
1173,1175,0.0018625007965802584,2,2164.573161174023,2170.76925357214,2
1177,1178,-0.005142729170984307,1,2175.835374338828,2166.821477662295,1
1179,1181,-0.004496575005444526,2,2167.2578830748002,2159.6799033304883,2
1182,1185,0.013093678487858983,3,2165.8016226896257,2196.3257344282965,3
1191,1192,-0.003582050242265212,1,2214.760186571218,2209.0415644949226,1
1195,1199,0.003168119582342149,4,2216.1382228178736,2225.3753519415777,4
1201,1203,-0.0003302020434936947,2,2226.0039045850285,2227.4948774514946,2
1205,1207,0.0009417399935346834,2,2224.6120227784877,2228.931640913215,2
1211,1212,-0.002526170734407209,1,2257.4151755757466,2253.969974599376,1
1213,1218,0.00628955617751839,5,2268.1802696012583,2284.7142970972554,5
1221,1222,0.0009618572414982901,1,2292.3292102391374,2296.826432900143,1
1223,1224,-0.0012141355251778564,1,2306.540176904206,2306.0462647120808,1
1227,1228,-0.001582072070799132,1,2282.771603647383,2281.4428660528865,1
1229,1230,-0.0006865647329777699,1,2280.2914401220314,2281.0061638784546,1
1232,1237,-0.007519149321349188,5,2299.1757414991575,2284.187071524301,5
1238,1240,-0.0074797966547088144,2,2291.0198080830573,2276.174465594769,2
1248,1249,-0.0030486600037532836,1,2298.0265332567674,2293.3186582105204,1
1253,1255,-0.0042560107521840826,2,2294.1207192948327,2286.6510375660005,2
1256,1259,0.0053540965607116065,3,2286.937733527536,2301.4691567147047,3
1264,1265,0.002324281646901419,1,2344.9304655855844,2352.7256748955906,1
1268,1270,-0.0018426382816523253,2,2376.247302377976,2374.2449854343195,2
1272,1277,-0.003952996659225076,5,2387.186274551113,2380.1369214574156,5
1278,1283,-0.01673616159517745,5,2383.4195532841954,2345.9136780446097,5
1286,1288,-0.0008658916346580677,2,2346.463995499099,2346.778675949869,2
1289,1294,0.012932240115638038,5,2352.1752156519815,2384.9462855504976,5
1300,1305,-0.019720113663830714,5,2371.096205169719,2326.709014701064,5
1308,1310,-0.0018779693218592976,2,2342.517243801215,2340.460585525231,2
1312,1322,-0.011692971048061416,10,2363.503530096268,2338.230655276958,10
1324,1326,-0.0066589525822463875,2,2347.150524648558,2333.868111126177,2
1329,1330,0.0025185658391327042,1,2352.5784439387135,2360.856146085436,1
1331,1332,0.005617547795072491,1,2372.5450931357864,2388.245523685577,1
1336,1338,-0.0005152545239480841,2,2428.7773484329805,2429.9546872649707,2
1341,1342,-0.0024752399559002224,1,2438.7509664591653,2435.1532235909544,1
1344,1346,-0.005683305465149647,2,2437.1122809870785,2425.6985397223484,2
1350,1351,-0.005559900297993543,1,2429.387979222763,2418.3102122523633,1
1352,1353,-0.003560787350093006,1,2421.0310380135547,2414.831292357227,1
1354,1357,0.00956534926686713,3,2426.889237400723,2452.5301698258622,3
1366,1372,0.00455146493098626,6,2461.8413488917904,2475.508174805815,6
1374,1383,-0.012742367184035007,9,2472.545535137293,2443.5119975844646,9
1389,1395,0.004334623934849124,6,2426.5696724180843,2439.514509072145,6
1396,1397,0.00028595183619354973,1,2446.727106535821,2449.873479751135,1
1398,1399,-0.0008927334385661621,1,2460.8625225779397,2461.126490838898,1
1400,1401,-0.002299461186138806,1,2464.3113671993246,2461.1090902270885,1
1405,1408,0.002647903407930959,3,2457.3867299264575,2466.3510393531606,3
1412,1413,-0.002984083823885673,1,2449.568765739387,2444.708615975788,1
1414,1417,0.001673710911043889,3,2450.0348294084993,2456.5855142643263,3
1418,1424,0.006134359119193708,6,2465.633655940316,2483.224371898165,6
1428,1429,-0.0033790504094948766,1,2499.047912088204,2493.1025511296034,1
1431,1435,0.008927686454592514,4,2503.5260898311476,2528.3803118818832,4
1436,1438,-0.007136191072444937,2,2526.2112148710653,2510.709900167263,2
1439,1440,-1.3708572667981908e-05,1,2516.4625839555115,2518.9445494292686,1
1441,1446,-0.00779789310086735,5,2521.870002128033,2504.7265994392824,5
1447,1448,-0.002183343799107146,1,2509.042400835354,2506.0733410686285,1
1451,1454,-0.0007264621287598053,3,2494.060094211834,2494.74231410075,3
1455,1458,-0.019239225007850268,3,2496.551972311858,2451.01679914507,3
1459,1463,-0.011782079182517183,4,2443.819603971957,2417.4701474941435,4
1464,1465,-0.0022437996523486,1,2407.44019104329,2404.44581777062,1
1466,1470,0.0051637079918021534,4,2414.196068066018,2429.076467664534,4
1471,1473,-0.00030123014571424675,2,2434.6216466264364,2436.3228868396905,2
1480,1484,-0.013708835475268182,4,2397.303626350256,2366.8366889787067,4
1488,1499,0.009067857045646725,11,2384.132236926245,2408.135339465536,11
1500,1502,0.001665798809551847,2,2405.40734097528,2411.819673001339,2
1505,1508,0.005214740815684037,3,2413.5637319594653,2428.5634049957284,3
1511,1514,-0.004381181824327754,3,2428.740051947941,2420.528040228278,3
1515,1519,-0.0018065404829343376,4,2426.2041533335323,2424.2473214640054,4
1520,1522,0.0015022574680762647,2,2440.837807316732,2446.945411948453,2
1523,1524,-0.005412825238654555,1,2455.268681358576,2444.434009753799,1
1526,1528,-0.006739709806636049,2,2452.19664282159,2438.121745702987,2
1529,1530,-0.0003682697129414133,1,2432.540094456264,2434.0768037084163,1
1537,1544,0.00639214230384032,7,2456.189846494639,2474.346351365175,7
1545,1558,-0.0023259371667568394,13,2482.245624978434,2478.9543232472556,13
1559,1565,-0.00838509487112064,6,2476.726120384473,2458.435263015651,6
1566,1571,-0.0031026988844183164,5,2468.7254307762805,2463.534444567052,5
1573,1577,-0.010755449499947115,4,2448.461157932971,2424.575318754174,4
1578,1579,-0.004734660991093213,1,2426.327502628106,2417.265991952424,1
1585,1587,-0.0015411157959346123,2,2408.6941075655213,2407.390725136343,2
1589,1591,-0.0008684189549887629,2,2402.7537291187273,2403.0698859653094,2
1592,1593,-0.005556864011537224,1,2412.805251769021,2401.810426350387,1
1594,1595,-0.008664571402088393,1,2400.1351637395587,2381.7391564024138,1
1596,1598,-0.01091114869453954,2,2374.2913638238633,2350.759409072844,2
1600,1601,-0.002160301114321232,1,2356.1805252587365,2353.4466463697368,1
1603,1604,0.0005990718929101432,1,2355.4401982816275,2359.2067164981304,1
1605,1607,-0.009770514855117002,2,2366.0463446160134,2345.2949000026633,2
1608,1611,0.0051072748859310214,3,2352.2731733059395,2366.63915218212,3
1614,1617,0.0005855770780612164,3,2378.8851398010297,2382.6570455500387,3
1620,1621,-0.0018268503770563064,1,2390.905545930214,2388.9286247780556,1
1622,1626,-0.0070709286890966614,4,2385.2089582525764,2370.7285247584305,4
1628,1632,-0.019324191202921948,4,2365.0489903134153,2321.711380410635,4
1634,1635,-0.0043219735451886405,1,2293.1423508896296,2285.5245926646226,1
1640,1642,-0.010107502728150728,2,2283.6169256387275,2262.8188782584216,2
1643,1646,-0.05548120772882058,3,2242.845731183767,2120.6527869994457,3
1650,1654,0.0036674594582361657,4,2163.786956409158,2173.886344304458,4
1658,1662,0.010484110739253268,4,2189.916590955843,2215.0658355961077,4
1663,1671,-0.039859446300420175,8,2207.8975696068933,2122.099892563926,8
1674,1678,-0.025129848523057448,4,2124.7081385582132,2073.439253019096,4
1680,1687,0.019125149504611406,7,2074.9534705615965,2116.712219371761,7
1688,1692,-0.0012794818488912189,4,2131.36442849697,2130.7687508258327,4
1696,1698,0.003744707206193797,2,2158.6546188982807,2168.896803024251,2
1699,1706,-0.005995658566669829,7,2163.5939822298474,2152.7854054177255,7
1708,1712,0.009189506217209976,4,2178.099409312165,2200.2931667850526,4
1713,1717,0.0021324432289182562,4,2206.6825690055607,2213.594876877214,4
1718,1722,0.006412985100864005,4,2213.346025315665,2229.7535264243866,4
1726,1732,0.009487132479424967,6,2235.1191543558366,2258.5591450348666,6
1734,1735,-0.005166522103870418,1,2255.2415923047297,2245.845078360824,1
1736,1737,-0.0016127030409406125,1,2246.3842927861733,2245.007926298862,1
1742,1744,-0.0025921841962820887,2,2265.016582083977,2261.410258477666,2
1746,1747,-0.0022885185947215314,1,2259.247217302804,2256.3361352532365,1
1748,1751,-0.006164866628259509,3,2254.807447933468,2243.1616681924856,3
1755,1756,-0.0022351994009485714,1,2262.138883005169,2259.3446904120187,1
1757,1758,-0.003718780008895635,1,2268.130905618838,2261.964356655083,1
1761,1762,-0.0035353458406944555,1,2254.43874413575,2248.722962242705,1
1764,1765,0.0007857544035807199,1,2233.1312546507834,2237.1190786225498,1
1768,1770,-0.002705830097845808,2,2220.37377468358,2216.5861942702572,2
1774,1778,-0.004153291556837795,4,2237.4243682086785,2230.369116839343,4
1782,1785,-0.02112060673884205,3,2210.750310423848,2166.268672830037,3
1791,1792,0.0029649790242453587,1,2109.038247345913,2117.400539757971,1
1797,1798,0.0005720491473665532,1,2132.505084402361,2135.8574872020504,1
1799,1802,0.006917527291745077,3,2147.214131709224,2164.2147581982526,3
1808,1811,0.004923355537582855,3,2189.285510308255,2202.2534267590895,3
1812,1814,-0.003323543088569906,2,2204.9425620782986,2199.819283027488,2
1817,1819,-0.003729006989497852,2,2192.3753619318777,2186.3923542455627,2
1822,1831,-0.021838839214016047,9,2156.600994609825,2111.659933234364,9
1836,1838,-0.0074993789651360485,2,2119.277583856242,2105.5035957064424,2
1839,1843,-0.00941129704172354,4,2099.5108278953167,2081.8512186795742,4
1846,1854,0.013589026453196384,8,2124.0582557240537,2155.046197804942,8
1858,1859,-0.0015305271037403044,1,2179.949798390653,2178.7932759378136,1
1863,1868,0.012808413695540866,5,2175.377825355961,2205.416342312582,5
1873,1876,-0.004349942044989515,3,2176.5288226816774,2169.2375772664445,3
1878,1879,0.0048376674606226055,1,2198.311615666872,2211.1446278539593,1
1880,1881,0.008448113136617284,1,2225.6724681847327,2246.7008734691963,1
1882,1884,0.0012192539006295306,2,2254.9929598333156,2259.997361755318,2
1890,1898,0.011737735629392548,8,2294.8987252059937,2324.1305384638977,8
1904,1908,-0.0013937818650715994,4,2327.0605497955517,2326.1441955521186,4
1911,1912,-0.009537642491820139,1,2340.524337278143,2320.541777243058,1
1919,1920,0.0004659319485754835,1,2313.5490318254037,2316.9405372657525,1
1921,1923,-0.005918415528376575,2,2324.293626201977,2312.8617843383586,2
1931,1932,-0.0036068221290683857,1,2307.4707122314603,2301.455546516638,1
1933,1934,0.0003704064069582516,1,2309.450957453283,2312.615843841933,1
1936,1951,-0.019863422993606425,15,2325.255041379868,2281.392771966304,15
1952,1956,-0.009170005915822795,4,2277.6417728246456,2259.033426066543,4
1959,1960,0.003849948504752362,1,2335.945459253622,2347.2746744409123,1
1964,1965,-0.00044639275993714575,1,2382.157508976901,2383.476288620841,1
1973,1976,-0.003488947461353395,3,2442.0338663350963,2435.9557723429425,3
1978,1980,-0.004962910495173224,2,2429.7016677857705,2420.0729775463624,2
1981,1986,-0.0030858937802390276,5,2422.3255052635313,2417.272791558388,5
1988,1997,-0.022933585636893714,9,2431.975850402763,2378.6338998210967,9
1999,2000,-0.0011471432913148015,1,2373.1752148188853,2372.82601800691,1
673,676,0.003912079524445767,3,1978.3623490558348,1988.0802222425664,3
678,684,-0.000215669636782797,6,1989.7623005163723,1991.3229315042522,6
685,689,0.0023676525439147314,4,1998.3714949503164,2005.1013157989726,4
690,694,-0.0018785107539770896,4,2018.731608430816,2016.9581310034162,4
695,697,-0.0038608427185186866,2,2019.292581357214,2013.5157028792794,2
698,702,0.00045076052091729294,4,2017.6677172729032,2020.594869941452,4
703,704,-0.002585935934697608,1,2027.2584032947086,2024.0433013440058,1
711,714,-0.0037039758281315143,3,2001.1913346829972,1995.7801616865481,3
715,718,-0.001492989499081688,3,2002.0734901475407,2001.0864889405082,3
719,720,0.002609493753359195,1,1998.1164994867513,2005.3286885101327,1
722,726,0.002897836925455153,4,2021.8931741222204,2029.7741839956398,4
730,734,0.001335154926556391,4,2046.0226813379281,2050.8004612821005,4
735,737,0.0008523566961237967,2,2062.3979461725626,2066.2182428182273,2
738,743,-0.006078148689437835,5,2073.36667536682,2062.837811101582,5
750,755,-0.0050644856518958625,5,2060.822104722145,2052.445922846392,5
757,766,0.013053544602052942,9,2050.382288915464,2079.197427863997,9
767,770,0.0006688248435491584,3,2085.5952837101804,2089.075776933225,3
773,774,-0.0037059443395136716,1,2086.3646625612855,2080.7190759124665,1
778,780,-0.004233288401264175,2,2079.2639036029286,2072.541043740242,2
781,782,-0.0015009352606986472,1,2076.0040480970756,2074.9641044680307,1
783,784,-0.002584935693032823,1,2078.158910205421,2074.865161972842,1
791,803,-0.004537455108517835,12,2074.905558554476,2067.5656732866755,12
804,809,0.006672659256411891,5,2071.881931249681,2087.7787753276766,5
818,823,-0.004751746540405661,5,2080.315420902987,2072.510604719662,5
826,830,-0.0024016839641538895,4,2068.653962301141,2065.7543632148,4
831,832,-0.0009964615169757258,1,2059.8661273029584,2059.873416104282,1
836,839,-0.0007688002393181906,3,2073.5780162896494,2074.0574270307707,3
840,841,-0.001363276081511796,1,2077.979294479292,2077.224414303731,1
844,845,-0.0013983103791272433,1,2075.390908662674,2074.5642589230074,1
847,848,-0.00031339477189513574,1,2076.7459355716474,2078.1718401884564,1
854,858,-0.00486470545705716,4,2078.835745310162,2070.8016574609364,4
859,860,-0.002940361278364066,1,2069.250053838959,2065.234961159237,1
862,863,-0.004196165936146362,1,2068.919500409961,2062.306890378122,1
864,867,-0.004699425400712158,3,2074.515071573512,2066.840557823573,3
869,870,-0.000516549627639298,1,2080.0620325947084,2081.0676393588997,1
871,872,0.0007520725227381066,1,2088.890330780898,2092.5502181324723,1
875,877,0.008052487792414301,2,2112.5371421147424,2131.660858804758,2
881,883,0.004859736830283509,2,2171.186085311722,2183.908664381222,2
885,886,-0.003730169893049383,1,2175.576978684503,2169.6372839172873,1
894,895,-0.0005465646197396572,1,2163.044317595078,2164.025118417747,1
896,899,-0.005117019167013429,3,2171.7593787476508,2162.8182037592055,3
900,902,-0.0029013747696108715,2,2165.9429251430233,2161.824655912739,2
904,910,-0.005425245429229121,6,2170.984380396827,2161.377241690548,6
912,914,-0.006640026219121025,2,2163.8008319823684,2151.596938557032,2
922,923,-0.0017711948887241449,1,2155.666256670101,2154.003817871162,1
926,930,-0.0030123003230117704,4,2159.3343475558145,2154.9891183507375,4
940,943,-0.004872019231272861,3,2134.8429826453607,2126.57682956081,3
946,947,-0.007763186849255204,1,2115.483791250767,2101.176379093967,1
950,955,0.00017071208053187777,5,2113.0633769539077,2115.537165776237,5
956,957,0.0006087064272067809,1,2124.130653658653,2127.5477562934207,1
959,962,0.0016623066619375878,3,2134.3621187469,2140.044445234627,3
963,964,-0.001596766350743295,1,2136.403539511095,2135.128605767106,1
968,971,-0.0001949956859255927,3,2148.9091733997925,2150.6390545549334,3
972,973,-0.0025226688254139824,1,2148.925305694078,2145.6532041229543,1
975,976,-0.004855986750120183,1,2148.242363840036,2139.958769749022,1
978,980,-0.0028415695435212744,2,2130.005780345399,2126.083226572791,2
985,991,0.003999539174094307,6,2119.2567854648373,2129.852092783734,6
992,997,-0.0031193653589809004,5,2140.5238808675394,2135.9873287043574,5
999,1001,-0.0025161312236795415,2,2144.340560702897,2141.089459024613,2
1009,1014,-0.00459225741293352,5,2142.0696622282217,2134.3747966050623,5
1017,1019,-0.0008992886847066795,2,2140.5634903199293,2140.7790692845083,2
1020,1021,0.0017603722617078972,1,2144.2373755592444,2150.1562689332554,1
1022,1024,-0.0011047709340684358,2,2149.9179913362746,2149.6927424201517,2
1025,1028,-0.002270044989358612,3,2146.339076426041,2143.6131292365617,3
1032,1033,-0.002415233307689112,1,2150.640546557044,2147.59688842269,1
1034,1035,0.0006222580657546861,1,2149.007322348516,2152.493566810562,1
1036,1041,-0.0037017956983246723,5,2151.5839908738676,2145.7708505027404,5
1046,1049,-0.0006964758602947105,3,2137.317806717089,2137.9665342656494,3
1051,1052,-0.002236901196514083,1,2143.8788745232455,2141.2271081781664,1
1053,1054,-0.0009544396294374744,1,2143.6093337756124,2143.7069974112005,1
1059,1060,-0.0017466452653559891,1,2140.93414483511,2139.33562649243,1
1063,1066,-0.005389719734219607,3,2144.65316378092,2135.238737464814,3
1067,1068,-0.0010984345267106455,1,2140.2835524297907,2140.0728746312807,1
1069,1072,0.004712944701365899,3,2143.346874715914,2155.5916968870115,3
1075,1079,-0.0008597202923969867,4,2151.886321227732,2152.1881872116687,4
1084,1086,-0.00010985705036581578,2,2186.3405502302517,2188.2867058565384,2
1092,1093,-0.0035673613798862325,1,2175.0185349636604,2169.434476376458,1
1094,1096,-0.003487177610853125,2,2156.9270412246146,2151.562380579437,2
1100,1105,0.002172360373858418,5,2145.768379647379,2152.5755302264506,5
1108,1110,-0.002030566310990063,2,2155.5387288401985,2153.3173032442214,2
1113,1114,-0.004930360555782412,1,2147.6923188040973,2139.251113628313,1
1115,1116,-0.004539058342731264,1,2137.9963151836114,2130.429821487632,1
1117,1119,-0.0030594687321516137,2,2130.6723965091674,2126.284343330098,2
1120,1121,-0.0006246587639032555,1,2127.0994615423574,2127.8978496835534,1
1123,1125,-0.004555069582785691,2,2134.924078656676,2127.334275003087,2
1127,1129,-0.0008368456681492732,2,2124.0482329483734,2124.394780618639,2
1130,1133,0.0026263822527677395,3,2131.442430107341,2139.1718551086783,3
1137,1148,-0.003207419313652005,11,2149.290164686318,2144.545780066147,11
1153,1159,0.0012004884641923447,6,2155.6732435922086,2160.4167776973013,6
1160,1168,-0.0030388101157010974,8,2166.5226543160993,2162.105526012584,8
1170,1173,-0.001234394895329598,3,2167.6070305624908,2167.0989545394464,3
1174,1178,-0.0011710792333422292,4,2169.207062651738,2168.835956370499,4
1182,1184,0.006072609196265514,2,2165.8571776707004,2181.175439063292,2
1185,1189,0.005279072195946621,4,2197.406882168248,2211.2045586252525,4
1192,1197,-0.0024690142154062313,5,2216.2014681883425,2212.9458367273696,5
1198,1200,0.002288749317469044,2,2220.9785993352093,2228.2828411878863,2
1203,1204,-0.0022747761790911803,1,2226.6485797882415,2223.81010121952,1
1207,1208,0.0011232942333369812,1,2234.562796742865,2239.3074310432185,1
1209,1211,0.0015799885629069399,2,2247.5865067366485,2253.385254218173,2
1212,1214,0.0018444072666583388,2,2261.2275993107583,2267.659451525806,2
1215,1220,0.0006291739134805295,5,2281.791867470311,2285.5093032567856,5
1223,1227,-0.014533362810037868,4,2310.287001895895,2279.0210497039234,4
1228,1234,0.0055607418496565145,6,2280.158458944896,2295.1179899703443,6
1235,1236,-0.005180062001517632,1,2299.160578252272,2289.5499444837324,1
1237,1242,-0.00514378888921489,5,2289.347532162765,2279.8609592954376,5
1244,1246,0.004121498326639957,2,2287.9468279711173,2299.6645438220125,2
1247,1255,-0.004269284439912409,8,2298.978313494073,2291.462299466071,8
1256,1258,-0.0016154364044960955,2,2293.206074241306,2291.7947517402063,2
1261,1262,-0.0002335405924122271,1,2332.2187362459144,2334.0062872368626,1
1265,1266,0.0047141498999889765,1,2354.245260931119,2367.697771253418,1
1270,1278,-1.803305263002055e-05,8,2373.851947271812,2376.182991421983,8
1279,1282,-0.005660396136647765,3,2378.916598086763,2367.829904363632,3
1284,1288,0.0001545410570150626,4,2342.1631227365287,2344.8672462239547,4
1290,1291,0.00019328777854129317,1,2361.2248493724596,2364.042470127604,1
1292,1293,0.0013285511483316337,1,2376.062462492936,2381.5952454684816,1
1295,1302,-0.012596706851515045,7,2387.9437423637514,2360.2514588056492,7
1303,1308,-0.005427968504683331,5,2349.529545347825,2339.125902520202,5
1309,1311,0.003568279328610575,2,2343.309590890233,2354.0144836548316,2
1314,1318,-0.014022522308734218,4,2371.4283424942437,2340.546364000548,4
1322,1326,-0.008243424320005775,4,2346.5502265664513,2329.553167587225,4
1328,1329,0.0024829876938969606,1,2340.953551872421,2349.107064285577,1
1331,1333,0.009807287129915541,2,2373.4180111715677,2399.068221097612,2
1334,1337,0.0035558684317002877,3,2411.3885756349814,2422.3745447232795,3
1338,1342,-0.0015948087186969874,4,2434.004020776845,2432.5562539639436,4
1348,1352,-0.0009540785196485115,4,2418.1964163740604,2418.307463533281,4
1357,1361,0.00581337987102925,4,2450.6516610729377,2467.3488817713965,4
1369,1371,0.00014413153350708707,2,2467.5350520271627,2470.358236690221,2
1372,1377,-0.009161337278547649,5,2473.8428438748697,2453.6529780518854,5
1378,1381,-0.003917534879052697,3,2453.9031945546576,2446.7438463947256,3
1384,1387,-0.012595182198714111,3,2449.49374298264,2421.091416738146,3
1389,1394,0.005215776943399086,5,2425.893792208304,2440.9726069090475,5
1395,1398,0.007531493415199468,3,2438.528367096918,2459.3326558035824,3
1399,1400,-0.0016021473669321177,1,2462.3968101063138,2460.914084350766,1
1401,1409,-1.86040690450097e-05,8,2462.6676533615077,2465.084505375811,8
1412,1414,-0.0018071946204115037,2,2446.702160968174,2444.7271961460915,2
1415,1418,0.0026412737625092844,3,2454.43973701459,2463.377024030641,3
1422,1424,0.001083936270960078,2,2479.683174948259,2484.850676657023,2
1426,1430,0.0018440986985515284,4,2491.896473251531,2498.983672768031,4
1431,1433,0.008625175016605629,2,2501.542186316805,2525.6199676715264,2
1434,1436,-0.004418288331369716,2,2531.592062525075,2522.9383509179575,2
1437,1442,0.001710752934860462,5,2524.032942424332,2530.874972130693,5
1445,1449,-0.0014296852089511298,4,2511.099109595949,2510.020127450345,4
1451,1452,-0.001626703920920419,1,2496.957401831487,2495.392548837388,1
1453,1459,-0.025285889619240637,6,2496.724790571392,2436.0896078979536,6
1462,1463,-0.007162034996687176,1,2434.6232212002224,2419.6209877074393,1
1465,1466,0.003079863678328112,1,2404.817078331968,2414.6284041828776,1
1471,1472,0.0011742017313621515,1,2430.8365573987003,2436.121686450455,1
1474,1476,-0.014483050868662709,2,2433.8767406148204,2401.060656713056,2
1478,1486,-0.005770793638098239,8,2381.7739933127605,2370.411041098076,8
1488,1489,0.0001860296408838784,1,2379.964307639884,2382.7870158529904,1
1490,1491,-0.004370788740602,1,2389.164878816954,2381.111508743996,1
1493,1494,-0.007748197531500421,1,2387.355347343912,2371.2450018821514,1
1498,1502,0.001935799200211862,4,2411.388162176277,2418.4675136141946,4
1503,1506,-0.0029898058086828493,3,2422.98099621602,2418.159734555421,3
1507,1508,-0.00026321704310949877,1,2424.8675942105992,2426.6541953267297,1
1510,1515,-0.004445914076033367,5,2433.910946137406,2425.5238981482994,5
1516,1517,-0.0044048982224787194,1,2424.5080165938284,2416.2528135577427,1
1520,1524,0.001933725056980945,4,2440.228818767086,2447.38777919747,4
1525,1526,-0.0014182094956245288,1,2451.422385726038,2450.397177606541,1
1527,1529,-0.006031806709469272,2,2445.421249939837,2433.116362886911,2
1530,1537,0.006815297926329089,7,2433.7427557311566,2452.763180443241,7
1539,1541,0.0049571846822756595,2,2460.3091553332615,2474.9656713470754,2
1542,1543,-0.0021458592305799076,1,2483.7095023542147,2480.863520894863,1
1544,1548,-0.0025873541300723037,4,2480.5242938143533,2476.5868233318224,4
1549,1550,-0.0007121437095269697,1,2476.2448741893013,2476.9576768530883,1
1552,1559,-0.0021101529493092516,7,2479.7635885334307,2477.0106716720306,7
1560,1562,-0.0059112251514221,2,2476.3901299746026,2464.228020483538,2
1563,1564,-0.0015595645981167634,1,2466.2269285631137,2464.8469152829675,1
1568,1572,-0.006461514169892619,4,2470.398477590582,2456.90636129994,4
1574,1577,-0.005872677409079627,3,2444.3032841725067,2432.39298277878,3
1581,1583,-0.005001881092686481,2,2412.853348424559,2403.1973962300735,2
1586,1587,0.00025166290401049314,1,2406.5197492479742,2409.5319007458766,1
1592,1593,-0.005256292100867118,1,2415.559867720974,2405.2785393368217,1
1595,1601,-0.014747603159931573,6,2386.05426426151,2353.2517371183803,6
1602,1608,-0.0006470187758744897,6,2357.2776996375,2358.109774405522,6
1610,1615,0.00047970162750783987,5,2371.9820690602423,2375.49189478825,5
1616,1619,0.002256519106679129,3,2382.331410964056,2390.0895187223023,3
1620,1621,-0.0025420076754931486,1,2390.57556054495,2386.8892746817432,1
1622,1623,-0.0027391784754781244,1,2387.9816029938856,2383.828476790121,1
1625,1627,-0.005614262827226492,2,2384.838920158407,2373.834646580197,2
1628,1629,-0.010086768500302028,1,2371.4300757160013,2349.8814396033163,1
1630,1635,-0.02402585066379174,5,2340.334925596718,2286.446723096672,5
1639,1640,-0.003364059656512655,1,2286.930550789299,2281.524110536932,1
1641,1642,-0.006972397475763915,1,2277.639410244931,2264.0364423804835,1
1647,1650,0.011099519843412665,3,2137.391934827871,2163.253350956471,3
1651,1654,0.002921796136909495,3,2167.0739169165117,2175.5727390322722,3
1656,1661,0.005853078651459683,5,2196.453672819407,2211.506142593526,5
1663,1664,-0.007358654941447311,1,2206.009996618585,2191.982740252704,1
1669,1670,-0.004104128473679223,1,2118.358587358064,2111.782930149583,1
1671,1675,-0.0037285908393876496,4,2123.553918081377,2117.7596083135545,4
1686,1687,0.0010765040800092755,1,2114.4192810153704,2118.809881279249,1
1688,1689,0.0010923418933046648,1,2131.3849552696147,2135.8445413022846,1
1690,1692,-0.0006709055210557597,2,2135.6397259738137,2136.3425532166457,2
1693,1695,-0.0030765355903129643,2,2143.9740126253405,2139.521974283418,2
1696,1698,0.0019649846529932306,2,2159.0816474585276,2165.4832914078015,2
1701,1702,-0.005880528885881954,1,2158.396283081429,2147.8621676746698,1
1705,1706,0.002876144815014323,1,2145.2167878778237,2153.531958807238,1
1708,1709,0.0007317548095547356,1,2179.5901272560045,2183.364642941738,1
1710,1711,-0.00037589893894644766,1,2191.429274215597,2192.796947550859,1
1714,1721,0.0031341985711891866,7,2217.1868524461397,2226.353143163582,7
1727,1730,0.0035037657967593398,3,2232.333846458756,2242.387755283385,3
1733,1736,-0.008127576305008356,3,2256.664689451278,2240.580139682396,3
1737,1743,0.0059079834549226815,6,2251.760475353687,2267.315599461879,6
1744,1746,-0.00336717949099802,2,2263.625362283281,2258.266954750381,2
1748,1754,-0.0011557886687448274,6,2251.3893982077448,2251.0386572505718,6
1759,1761,-0.00910335373979473,2,2265.9822273808904,2247.620171824335,2
1762,1764,-0.003989956878016314,2,2246.810826314183,2240.0929588304434,2
1765,1770,-0.010015306271441364,5,2238.06562002086,2217.8887730007887,5
1771,1773,0.0014137007482550555,2,2222.5009461656555,2227.865398362413,2
1774,1777,-0.002416497271313078,3,2240.2581565955047,2237.0848370296503,3
1784,1786,-0.018213040417631454,2,2188.9609463197694,2151.2822730781504,2
1788,1790,-0.011816352647732321,2,2135.520147646378,2112.4216086430974,2
1791,1793,0.0030141689305855065,2,2112.460677717624,2120.940451737202,2
1794,1804,0.02318704942179931,10,2119.6585993742874,2170.926886674695,10
1806,1808,0.0027323503677415787,2,2177.6648672497167,2185.792675517814,2
1814,1815,-0.004782559025531766,1,2200.7104183264223,2192.386101271,1
1816,1819,-0.007417296850347897,3,2196.74281326896,2182.645662532345,3
1821,1822,-0.005652447343858067,1,2166.2984994793437,2156.2199097794373,1
1828,1833,0.0056758246223729825,5,2115.1502918551223,2129.270664253508,5
1838,1842,-0.012878364981256968,4,2107.3954845576723,2082.3630718322433,4
1845,1851,0.021267052525355733,6,2101.306334756316,2148.0962332841978,6
1853,1856,0.009143624345561794,3,2151.16443831613,2172.9850422839404,3
1857,1863,-0.0050848642092447835,6,2182.165112942032,2173.2512647735125,6
1864,1866,0.007428554075002627,2,2173.4070120980555,2191.725690626514,2
1867,1868,0.002038281707251868,1,2200.730069408554,2207.416507321037,1
1871,1873,-0.011199536481268386,2,2200.274895962501,2177.8331118923124,2
1875,1882,0.04040725119526732,7,2164.5527416496566,2254.1809207485485,7
1883,1887,0.012802032809678454,4,2258.371596024644,2289.541714889422,4
1891,1893,0.006258574618757269,2,2298.701981249027,2315.3872811062083,2
1894,1897,-0.0053525924200380215,3,2320.1981345628965,2310.0992577494117,3
1898,1902,0.003994158601214655,4,2323.0740473942333,2334.6758476292857,4
1903,1904,-0.0036496151636615137,1,2329.374192422015,2323.2022472399317,1
1906,1911,0.0067580660284124,5,2321.3934515144665,2339.40297518924,5
1913,1915,0.0006350846670355995,2,2306.771361540853,2310.543128024465,2
1918,1919,0.0005342668146618218,1,2312.1886466475867,2315.736160957376,1
1923,1924,-0.004170207674306141,1,2315.495252733724,2308.154651913688,1
1927,1930,0.005257579182119449,3,2297.3369021992635,2311.7126697727804,3
1935,1936,-0.0007614491519304971,1,2319.425934921972,2319.979235945782,1
1939,1941,-0.002835708625125328,2,2295.5841128016964,2291.3700892461256,2
1942,1943,-0.0034084102069762722,1,2292.8004324775525,2287.278428513414,1
1944,1945,0.0005902711453537081,1,2295.1929070339265,2298.842886087003,1
1948,1949,-0.0027778200126516157,1,2297.580015909213,2293.4953321762614,1
1951,1964,0.04007002560330767,13,2281.9735578589894,2375.694270306329,13
1967,1971,0.013479101254702811,4,2392.393626987098,2427.0333365533497,4
1973,1977,-0.003986775817157215,4,2439.6710659603064,2432.384315418678,4
1979,1980,-0.0035712779474330733,1,2427.2733443480306,2421.0321499253164,1
1982,1983,-0.002227800238335179,1,2421.447789344701,2418.4747351718274,1
1985,1987,0.00617425154004477,2,2411.0059947316277,2428.303158202388,2
1988,1992,-0.015729180755183588,4,2431.455417240506,2395.6420709018003,4
1994,1999,-0.010280248554726534,5,2392.9340904415894,2370.727067307213,5
672,673,-0.001044584357917978,1,1978.3825259120088,1978.2943209973748,1
674,676,-0.001031720190411211,2,1984.1671751125089,1984.1042369519066,2
679,681,-0.0011236434997286705,2,1990.7125460401835,1990.4664073740373,2
683,684,-0.0016386421829653179,1,1994.089959568066,1992.8164496032582,1
687,688,0.0008095598947600749,1,1998.970468085986,2002.5877248758443,1
689,691,0.0036608748681647846,2,2009.0622628027504,2018.426250612026,2
692,695,-0.0056563694828493235,3,2019.3231513724008,2009.9204366743393,3
697,699,-0.0005576623492911159,2,2018.111076322092,2019.003762834462,2
701,709,-0.008689208517409699,8,2023.9400939837553,2008.3775965743685,8
713,714,-0.0025034952552342284,1,1997.606246074774,1994.6028545619743,1
715,717,-0.00036453157559844626,2,1998.2427912658852,1999.5126114640227,2
718,720,-0.0017158872478570595,2,2005.760211650965,2004.324313493185,2
721,722,0.0038695010811195998,1,2014.3509532882365,2024.1598374330279,1
723,725,-0.00010384328309458017,2,2027.0368615311168,2028.8534042299927,2
726,731,0.005810874303478725,5,2028.7458441329659,2042.5633770710604,5
733,735,0.003094264554104967,2,2046.1789828532155,2054.556580934066,2
737,738,-0.0016642622721902566,1,2071.004123060749,2069.6284331562492,1
740,744,-0.0012561133734053955,4,2065.6391592971786,2065.1101214838527,4
745,747,-0.003722780907193146,2,2067.5340087662903,2061.904566642249,2
749,750,-0.0024206177247588904,1,2068.4058786006735,2065.467464547538,1
751,754,-0.004007337589847278,3,2060.9670277723903,2054.7690041583346,3
759,761,0.002134492611644206,2,2057.5159897093367,2063.9652583774205,2
762,763,-0.0006675212817099962,1,2071.355412397069,2072.0440939897057,1
764,769,0.004871567568491304,5,2077.249254495888,2089.445963850259,5
770,773,-0.004722479776398055,3,2091.433575800554,2083.6482566109567,3
778,779,-0.0034544870495117172,1,2084.6441848156405,2079.5274526611706,1
783,784,-0.0020643962276636115,1,2077.5216053551367,2075.310299195507,1
785,786,-0.0017792759366384945,1,2078.3636264602123,2076.744007698527,1
790,794,-0.0007570260586582348,4,2075.6649420683248,2076.169274560204,4
798,799,-0.0014543146264816918,1,2078.0119048993247,2077.067833696926,1
800,804,-0.005226779804537278,4,2079.149357909478,2070.3612513928497,4
806,808,0.003843622878224379,2,2080.1890196685476,2090.2646707952454,2
810,811,-0.0028526290441944014,1,2092.441396059661,2088.5648783560464,1
813,814,-0.0027112264911768776,1,2088.5735902349275,2084.999567778545,1
822,828,-0.0076164604593074335,6,2078.420674759446,2064.668886547093,6
831,832,-0.002396695707281558,1,2061.9455214910927,2059.0656110325776,1
844,847,0.0008241312179230978,3,2075.749088591078,2079.5355273041523,3
852,856,0.0004462800527914178,4,2074.8448333851547,2077.845640080317,4
859,869,0.0017768873035798262,10,2069.255740751037,2075.0018307453884,10
871,873,-0.0008806999022157647,2,2092.795649579996,2093.045320305633,2
875,877,0.0032101980248035993,2,2118.7897113913737,2127.710235649248,2
878,881,0.015210717546288222,3,2135.931428941066,2170.5564100338693,3
883,889,-0.007596783943062004,6,2186.271579495333,2171.849218244545,6
891,893,0.0009786306271620145,2,2164.367298116928,2168.64978154141,2
898,899,-0.005809499562170853,1,2170.3582359866905,2159.9198990009586,1
900,901,-0.002128617316848429,1,2164.7498147309775,2162.3066406034277,1
910,911,-0.0022841569954529803,1,2166.242401144427,2163.4606058111503,1
912,913,-0.002737628052529986,1,2162.390263005731,2158.6328330242145,1
914,915,-0.0033389072501396077,1,2154.7975398464605,2149.7576682579306,1
917,918,-0.0009728272236118852,1,2146.1081491034015,2146.166464820242,1
919,920,-0.0004785165637356287,1,2154.5323949635153,2155.655947920384,1
924,927,-0.003981307960142364,3,2159.5188982598074,2153.0807073783476,3
929,930,-0.001711428516813465,1,2154.8862191788457,2153.3531716720336,1
932,933,-0.0016856955645152757,1,2149.269523721859,2147.795779142495,1
935,936,-0.005558863593425549,1,2143.983271339168,2134.2091440585464,1
937,938,-0.0033312365902866776,1,2141.5292174454385,2136.5368061745617,1
939,941,-0.0020030684434576454,2,2136.580396904693,2134.4372605316476,2
942,944,-0.005732876303161576,2,2136.479174658506,2126.3674830005666,2
946,947,-0.00642485475812258,1,2119.82089594722,2108.321175473473,1
949,951,0.00040525826362159995,2,2112.7482129812306,2115.7171698664743,2
954,955,0.0011513991565952038,1,2115.352376203085,2119.90334352115,1
956,958,0.004238905242358036,2,2122.292789980347,2133.411280803594,2
961,967,0.0019552999032767405,6,2139.7874416210975,2146.111155240353,6
971,980,-0.011769172267722647,9,2149.592205455539,2126.4428766896344,9
983,986,-0.000924303552496099,3,2124.1472777900076,2124.3080681929114,3
992,1001,0.00039200941442333226,9,2140.4684018984804,2143.4479540651987,9
1004,1006,-0.0014408374397024972,2,2145.4013307680566,2144.4555575382665,2
1009,1010,-0.001593121994867973,1,2143.8270089502535,2142.555457998053,1
1012,1013,-0.0028114012655774748,1,2139.9748683469315,2136.098515162104,1
1017,1019,-0.00010189726970439477,2,2139.1199122135145,2141.041061647103,2
1022,1023,-0.0035284071444663394,1,2150.816052765882,2145.377914091636,1
1025,1026,-0.004940879614114257,1,2150.0788451258286,2141.605643236334,1
1030,1032,-0.0024600175358111425,2,2148.0777551614087,2144.9415239705872,2
1037,1042,-0.0059358186897581116,5,2152.7218775614965,2142.0964326843773,5
1043,1048,-0.0035981993905982545,5,2146.340278526205,2140.763658522522,5
1050,1051,0.0007534231105342131,1,2138.5308129735263,2142.2805623235836,1
1052,1056,-0.001066429897616764,4,2145.8576606219267,2145.7151115172314,4
1058,1062,0.00288818703903396,4,2140.090655995534,2148.4117287465333,4
1063,1065,-0.0024611031051049188,2,2144.343646717829,2141.2105395571975,2
1066,1067,-0.001716122426131531,1,2137.827069156771,2136.2961232493567,1
1069,1070,0.0014923333457574715,1,2142.6708591596275,2148.011109190894,1
1073,1074,-0.0032454941977501555,1,2157.2708203496936,2152.4266812396227,1
1077,1079,-0.00036652113428385256,2,2147.893139053018,2149.2537839624247,2
1080,1081,-0.00014264371894408907,1,2156.9304182516785,2158.779676093567,1
1085,1087,-0.003106130643374887,2,2184.780569909845,2180.1791366025077,2
1088,1093,-0.006595076261092621,5,2183.1703956782635,2170.955390823484,5
1100,1104,0.0019034139236431703,4,2145.137788713067,2151.3660116369497,4
1109,1112,-0.007343874734585684,3,2156.1708475049472,2142.4923697420104,3
1113,1114,-0.003825965709253085,1,2146.4541209382764,2140.38831519602,1
1115,1118,-0.0015433467924423514,3,2132.8608937165436,2131.702010591217,3
1125,1126,-0.0027397666019101353,1,2123.8325005084935,2120.1375276560575,1
1127,1128,-0.0014181267042904311,1,2126.315392035111,2125.4263227879574,1
1129,1130,0.0019681659655256816,1,2125.5497011769958,2131.8586854580626,1
1138,1141,-0.0030155043380891474,3,2146.9226762614167,2142.59554429387,3
1147,1150,-0.004667430313862759,3,2149.6925797986546,2141.808732066015,3
1153,1155,-0.0015213288678696518,2,2159.8473297602563,2158.721338997061,2
1156,1158,-0.00118865414449256,2,2159.660234658603,2159.2528058046387,2
1160,1161,-0.000630229250778921,1,2164.982058697667,2165.782605735562,1
1162,1165,-0.00280513664015394,3,2167.9959100303213,2164.0823811774217,3
1168,1170,-0.002933056458774604,2,2167.4232431619366,2163.2334916628442,2
1171,1174,-0.0012309776376488374,3,2165.475165184128,2164.9749888460865,3
1175,1176,0.002241142077251474,1,2171.799363891248,2178.838474192904,1
1185,1188,0.005742180441040181,3,2191.482376109589,2206.2577457226794,3
1189,1191,0.0032050899252265693,2,2206.658510202585,2215.9377076722535,2
1193,1196,-0.0018895793174244651,3,2214.8158064818294,2212.8455521484784,3
1197,1198,0.004170159102662938,1,2213.09238186729,2224.534421590435,1
1200,1202,-0.0007028950358227333,2,2222.965916134111,2223.6263703429913,2
1210,1213,0.005086398604620739,3,2247.1919267772896,2260.869232584742,3
1217,1223,0.00686815881352586,6,2286.7021795039054,2304.694315411478,6
1227,1228,-0.0005802491938246873,1,2279.002738268618,2279.959351505282,1
1231,1233,0.00014399077986055318,2,2291.327543527985,2293.9488011114217,2
1235,1236,-0.003948203185191547,1,2296.221772485436,2289.452044141888,1
1238,1242,-0.005043257004852569,4,2285.7171017061464,2276.4753600235617,4
1243,1247,0.0021609600210069405,4,2286.489996455013,2293.7174999222398,4
1248,1250,-0.0032443974838569914,2,2298.4162257093567,2293.2576661155185,2
1256,1257,-0.00032233965307673835,1,2291.486211983524,2293.0390613249065,1
1258,1259,0.0025454067855415954,1,2295.9206579554525,2304.060630635233,1
1261,1265,0.008354496473631387,4,2333.889489820456,2355.721850822827,4
1267,1270,-0.0002553187695276811,3,2371.7737721677786,2373.5399875788385,3
1271,1274,0.0026915851853347257,3,2372.898298903953,2381.658055110493,3
1278,1281,-0.004007429422273206,3,2382.0879729231733,2374.924011466961,3
1282,1287,-0.012691892143769787,5,2367.471399332743,2339.791179078285,5
1288,1289,-0.0017047441980182492,1,2353.0401442612683,2351.381852871896,1
1290,1291,-0.0014788494665663727,1,2363.4514367502047,2362.3196992904614,1
1295,1296,-0.0042824682366059685,1,2387.340746485898,2379.5043763156027,1
1298,1299,-0.009070101313017415,1,2383.3724599926654,2364.138402773869,1
1307,1308,0.0012596738719377496,1,2335.9175247487265,2341.1959365464027,1
1309,1310,0.001870705204159173,1,2339.9849077496688,2346.7023146019997,1
1311,1313,0.0043392908204182975,2,2353.4707582258416,2366.0366230413597,2
1314,1315,-0.000983069715752438,1,2369.4499258113365,2369.490041272091,1
1316,1320,-0.015460563908130498,4,2365.95689356097,2331.7438226977497,4
1322,1329,0.003923595570238862,7,2340.8403149776254,2352.365665983086,7
1338,1339,-0.0011247966847121294,1,2428.6259983966197,2428.322913923614,1
1343,1344,-0.0007568285486658846,1,2434.0546525641844,2434.646545166675,1
1346,1347,-0.005045393389385314,1,2431.134061287621,2421.2991676273787,1
1349,1350,-0.0026605176538385556,1,2422.8625496860036,2418.8393436494257,1
1351,1352,-0.0015211226119476611,1,2420.76011332819,2419.4986004950338,1
1353,1355,0.004466445608673034,2,2415.067678826751,2428.2695149343217,2
1356,1363,0.007718440878854905,7,2436.6139471778197,2457.857421820883,7
1366,1368,0.0007137104584709632,2,2463.031401872861,2467.252324545793,2
1373,1374,-0.003734609965916491,1,2473.084527765702,2466.3216061695202,1
1383,1386,-0.010226416288388433,3,2451.7145183722173,2429.0939796054295,3
1388,1389,-0.0003294184773032781,1,2424.996781928667,2426.6229399632275,1
1391,1399,0.007786042920509062,8,2433.0232386769167,2454.399885278528,8
1402,1407,-0.002339461425746905,5,2462.4480510654607,2459.149696888153,5
1414,1416,-0.0010021348523683847,2,2452.0039835495077,2451.998748882996,2
1417,1419,0.0022735122254304526,2,2458.7636622331706,2466.812455140935,2
1422,1424,0.0030416725704348873,2,2474.8515495223705,2484.8540891459734,2
1429,1431,0.002449958331034777,2,2492.51467168896,2501.1137434457796,2
1432,1435,-0.00016692138467842713,3,2519.9159232592106,2522.015211327286,3
1437,1438,-0.0040230189029911,1,2522.042554437402,2514.41837212119,1
1445,1446,-0.006830322567096259,1,2515.1197898104406,2500.4558301409584,1
1447,1453,-0.005222453585805218,6,2509.5246879035763,2498.928336386471,6
1454,1456,-0.008873948070034506,2,2502.6376407624116,2482.9320019409347,2
1460,1461,-0.0014773241125115963,1,2443.0613867656384,2441.895254657389,1
1468,1473,0.008132882263712567,5,2412.7987703971257,2434.834577493193,5
1479,1482,-0.007047136879136303,3,2383.9334338143494,2369.5174620293246,3
1483,1484,0.0006833168119031706,1,2365.4491744236616,2369.4309747866714,1
1488,1489,0.0013101267766629635,1,2379.3237053192224,2384.8202447212293,1
1491,1493,0.0028867460175966532,2,2382.419293261004,2391.6791519613316,2
1498,1499,-0.0021231045934776978,1,2410.5188277440952,2407.8115629759914,1
1508,1510,-0.0022165720636091873,2,2430.6765998406177,2427.719506593583,2
1512,1515,-0.002555472654156171,3,2424.5488444519765,2420.7775250257655,3
1520,1521,0.001634391223422126,1,2435.57466020716,2441.990916715999,1
1526,1528,-0.006714249261784895,2,2451.07555011691,2437.0694934640755,2
1531,1533,-0.003353339287261239,2,2431.9799343294894,2426.256660404201,2
1535,1539,0.010116438258798665,4,2432.465483163738,2459.5058355239867,4
1540,1544,0.004207979308498755,4,2468.6347481316234,2481.491346820134,4
1545,1548,-0.0043438037559641735,3,2483.7621438745414,2475.456930688932,3
1550,1553,-0.0015296208063063387,3,2481.600364309695,2480.2860571238193,3
1555,1560,-0.0069618316613264215,5,2485.947504299725,2471.1267037601956,5
1562,1564,-0.004718292651325255,2,2470.213443875058,2461.0284673794927,2
1574,1576,-0.002211209862098856,2,2439.772371663729,2436.8172953058934,2
1577,1585,-0.010892695710615432,8,2433.508380977442,2409.4344230551997,8
1588,1589,-0.0025383753865337614,1,2402.180451181285,2398.4849959011754,1
1594,1604,-0.012448944906832814,10,2391.3992916837105,2364.0202929429847,10
1605,1609,0.0009631451708352599,4,2359.3863037989495,2364.0181216273872,4
1614,1615,-0.0005127344536946504,1,2377.0042913393977,2378.1625236339873,1
1619,1620,-0.0008495381899728642,1,2389.0258590256517,2389.3853161806023,1
1622,1623,-0.0011324329729892942,1,2387.8586234965087,2387.542392279921,1
1624,1635,-0.04479776603639124,11,2390.424247155367,2285.7290052507396,11
1636,1641,-0.007106258514399293,5,2285.4446279870085,2271.4891122681747,5
1644,1645,-0.026797403086186337,1,2207.4699335211676,2150.522941845485,1
1647,1649,0.007340234414033882,2,2142.6716718856187,2160.5420559014547,2
1651,1655,0.011399107826007553,4,2158.924772576699,2185.6935136201164,4
1656,1659,-0.0008936984181218299,3,2192.0788662655445,2192.3118877166303,3
1660,1667,-0.03072173884621254,7,2210.794220942232,2145.0855724646713,7
1668,1670,-0.010396506788287962,2,2134.8364742344293,2114.7764688124007,2
1671,1673,0.00021337912566368657,2,2118.971143302515,2121.542258655682,2
1674,1675,-0.005288152962460789,1,2123.658704247017,2114.5521308831444,1
1676,1677,-0.010161815649798952,1,2109.9715020267877,2090.640332098889,1
1680,1682,0.007591522846221148,2,2077.211896872691,2095.058310341115,2
1685,1692,0.00706628073284571,7,2115.1057119267516,2132.1667483787983,7
1693,1695,0.001776688447993511,2,2141.6262831541244,2147.5729121144777,2
1697,1698,-0.0011359141525875715,1,2168.2701123305396,2167.9754137356413,1
1699,1701,-0.0036756366898282465,2,2163.446029393957,2157.657433821247,2
1708,1710,0.004568895073238537,2,2174.834434061696,2186.9458588266516,2
1712,1713,0.0021262171501908304,1,2196.7703606596724,2203.6379418361976,1
1714,1715,0.0013178681503850263,1,2213.908246921048,2219.039794334461,1
1717,1719,-0.0016720394612529342,2,2221.0872275637234,2219.5945692999157,2
1720,1729,-0.0004494428570125705,9,2225.9018025664404,2227.127288703432,9
1733,1734,-0.004775856687927045,1,2256.466291021427,2247.946197685392,1
1735,1738,-0.0018178906155594352,3,2249.722910708584,2247.8828834523065,3
1741,1746,-0.0012932779284332543,5,2256.112871989789,2255.45120388038,5
1752,1756,0.005590889602411166,4,2246.8871593952076,2261.6961446118567,4
1758,1761,-0.00890366422896061,3,2264.9015788800616,2247.000557288951,3
1764,1765,-0.005086004139298206,1,2243.9576669931957,2234.7888466774516,1
1770,1776,0.008974253939863227,6,2218.059754923277,2240.1832461726726,6
1777,1779,-0.009999494611407242,2,2240.3165800378893,2220.154863047992,2
1781,1786,-0.030527839564062013,5,2212.6818352066753,2147.3461209703783,5
1791,1795,0.002645267755622227,4,2110.0995879430902,2117.791465932171,4
1796,1797,0.0029309610405579105,1,2123.946534632202,2132.2956857120694,1
1799,1802,0.0049073718972159645,3,2149.783608079789,2162.483179351255,3
1803,1804,0.0003894569854570864,1,2166.856896116257,2169.8676505670514,1
1805,1815,0.011125882782070422,10,2172.42487641185,2198.767445816074,10
1820,1829,-0.03160096732407076,9,2180.831715332805,2114.0961552726085,9
1832,1835,-0.0008493578517642932,3,2124.4930003679474,2124.8130385574345,3
1836,1840,-0.0175112421100543,4,2119.020127176592,2084.032472820701,4
1841,1842,-0.0025787395594811333,1,2085.2415169838955,2081.9494637099606,1
1846,1853,0.011646762588466277,7,2119.825890797038,2146.634825566832,7
1855,1856,0.0026602534558907136,1,2167.3729961816243,2175.3061306811023,1
1859,1860,9.483215815117314e-05,1,2182.3448379353035,2184.7341392440503,1
1862,1866,0.0032251496498408617,4,2173.359945609508,2182.542716622678,4
1867,1868,0.0020888790938493086,1,2200.371214619831,2207.167895263378,1
1870,1871,-0.0018583431242526704,1,2207.91487137726,2206.0197228284783,1
1875,1876,-3.7518677684113527e-06,1,2165.9402882908626,2168.0981022575975,1
1877,1879,0.012555050343883552,2,2183.06179210312,2212.6533045988863,2
1880,1881,0.006340101335023012,1,2228.265295787441,2244.620988859836,1
1888,1898,0.012643437388174483,10,2288.1619777520896,2319.3803724295517,10
1900,1903,-0.00022305437017710206,3,2330.8362349414765,2332.647167968047,3
1906,1912,0.0015730496879945584,6,2317.1614323790827,2323.1236038796987,6
1913,1915,0.0002741864872817094,2,2307.308224707235,2310.2481656691507,2
1917,1921,0.00015687090312332388,4,2322.191867627024,2324.878343830151,4
1925,1928,0.0050732840808079315,3,2292.9649960189254,2306.890823827097,3
1929,1930,0.0002042182147824654,1,2306.372370539597,2309.1497461582717,1
1931,1934,-0.0012325571078278246,3,2310.4598024514935,2309.922488602083,3
1935,1938,-0.009408181340540736,3,2322.64052367692,2303.111340964956,3
1943,1944,0.0015436395697033022,1,2288.307005193752,2294.127633439792,1
1946,1953,-0.014909519543735154,7,2302.523996807267,2270.496994273757,7
1954,1957,0.0023506430051603634,3,2267.0403295763067,2274.636372399018,3
1958,1959,0.009878574124957431,1,2300.309906236912,2325.333998062284,1
1960,1962,0.006801823058916861,2,2350.376280393554,2368.71350025506,2
1967,1971,0.010622813920748021,4,2395.1008232419026,2422.9386344318737,4
1973,1974,-0.0006310016388219973,1,2442.082490340365,2442.983614777162,1
1979,1984,-0.009791041620313894,5,2429.616850300338,2408.2579874479316,5
1992,1994,-0.005333707780131679,2,2403.5143185066245,2393.0981898048544,2
1999,2000,-0.003080863815933609,1,2374.0077446742566,2369.067757859618,1
672,675,0.0006548329740061591,3,1979.8768699217333,1983.1532354505518,3
678,683,-0.0022019973094043865,5,1995.6761129763802,1993.27731565814,5
685,689,0.006052766589417755,4,1992.2590402889969,2006.3099782858126,4
690,692,-0.001289709484172952,2,2015.7508299964145,2015.166847863235,2
694,697,-0.0008414517364267523,3,2015.720892373575,2016.0404814209091,3
701,703,-0.0003051033977443686,2,2025.50345746691,2026.9109729373608,2
705,706,-0.0044339198316447805,1,2022.5347190751854,2015.589496993163,1
710,711,-0.003856410876399014,1,2006.4074340055577,2000.6763099885763,1
718,722,0.011356411284107408,4,1997.8789926685909,2022.5656071978822,4
723,726,0.0008465086182342417,3,2026.3984523177164,2030.1402145238976,3
727,732,0.004988627186205537,5,2033.188142145986,2045.364147928712,5
733,735,0.004910887691244764,2,2044.1088775927735,2056.191375596901,2
736,739,0.0011684623284021131,3,2064.34700253063,2068.8234612383676,3
740,742,-0.0037236215494201004,2,2068.833601910369,2063.1988821300415,2
749,750,-0.0030973280956986577,1,2067.5244755789354,2063.188198407759,1
751,753,-0.003427756217312352,2,2063.304922147859,2058.2957207949034,2
757,758,-0.0019412639256844739,1,2048.5548717837237,2046.6266409831285,1
765,766,-5.247243080323176e-05,1,2080.5102153723983,2082.481556159459,1
768,774,-0.0037589654217412938,6,2089.7379953453274,2083.9724804756706,6
778,779,-0.00422517041277164,1,2084.566637789305,2077.843555145656,1
782,783,-0.0032541273765817266,1,2081.400415975383,2076.7086743161044,1
785,786,-0.0019719645915932966,1,2075.881548598089,2073.86386523651,1
788,789,-0.004020696143629965,1,2079.2387051065925,2072.957956768391,1
792,794,-0.0005233372010532765,2,2076.9572972581864,2077.9473055367903,2
796,799,0.0006373798241548288,3,2073.3084234079956,2076.703216789734,3
800,801,-0.0018337257101798637,1,2075.747822182924,2074.0172178557204,1
804,805,-0.00014853744345235623,1,2070.989537448942,2072.7529074950817,1
813,814,-0.0015401875107345139,1,2086.755535947446,2085.628296668971,1
816,821,-0.005339572828747152,5,2085.184636540987,2076.1358259493327,5
824,827,-0.0030654940514607686,3,2075.947837287741,2071.6599793786804,3
829,831,-0.003117192031364538,2,2064.2598535875013,2059.88941907482,2
839,843,0.0012419983402477503,4,2071.9326587061814,2076.577928288106,4
852,853,-0.0008375244915764886,1,2073.313748714001,2073.650611419445,1
855,858,-0.0030152197182160383,3,2074.6032240497316,2070.422442725152,3
859,861,-0.0021894877730980365,2,2069.103659810433,2066.642486305816,2
862,863,-0.0007060100793467382,1,2066.444673357398,2067.052187262953,1
865,867,-0.0019895128175505036,2,2066.818484598794,2064.773341216733,2
868,874,0.012101676010401467,6,2074.3111344381664,2101.4880868663436,6
876,878,0.0043673251303037305,2,2123.4293461966486,2134.8264818889143,2
880,883,0.008889844586785153,3,2160.5560933031416,2181.9236572869413,3
884,885,-0.002302050871281213,1,2178.4487735395405,2175.612322415912,1
886,890,-0.004353072523530175,4,2172.6552178267884,2165.370147312789,4
891,892,-0.002820578630166116,1,2169.8095584954467,2165.8592495817197,1
893,895,-0.0052245160111871105,2,2170.527559775229,2161.3581313462355,2
896,897,-0.003800210307564096,1,2171.809184596981,2165.7276621322103,1
900,904,0.0005099738785166339,4,2163.2618700650673,2166.5283389812566,4
906,909,-0.003015715738682247,3,2168.6206148268766,2164.2492921223393,3
912,913,-0.0015237101571686732,1,2163.307623117581,2162.174676942274,1
914,915,-0.004632523793316469,1,2153.7677432389473,2145.9441306663543,1
917,918,-0.00012795144095082073,1,2145.3908035434724,2147.2616885023,1
923,924,-0.0018157922567572863,1,2157.5335268617496,2155.7734277168415,1
925,926,-0.003132071509636692,1,2159.3544432795798,2154.750545191856,1
931,932,-0.0024857294079949754,1,2151.5616904793883,2148.3650520027277,1
934,935,-0.0032176548132020547,1,2151.6928033558747,2146.9210914539804,1
938,939,-0.000671060860252215,1,2137.2876213848563,2137.990658936428,1
941,947,-0.012883643580808249,6,2131.821734617705,2106.4879249456876,6
952,953,-0.001606576881568074,1,2119.9572150582185,2118.6712980216507,1
954,956,-0.002854298309476029,2,2123.166593230734,2119.2296090061704,2
961,963,-0.005168349370231776,2,2142.18797254802,2133.258584661731,2
964,968,0.002984231747053489,4,2136.884227513663,2145.398069492701,4
969,970,-0.003743476295332848,1,2154.3464084923935,2148.436010188759,1
971,975,-0.005027116168811744,4,2152.319941361011,2143.6522989247,4
978,980,-0.005087231503815226,2,2133.724294345794,2125.003269189488,2
981,984,-0.00541442574049522,3,2127.541436066906,2118.149562387562,3
986,988,-0.002855893531868889,2,2126.8636516106285,2122.9164191164373,2
992,994,-0.0011454301126491335,2,2136.593643163613,2136.282918109402,2
1004,1009,-0.0019116066866920163,5,2142.005479572526,2140.0528130544167,5
1010,1013,-0.005039212148303939,3,2143.0714256100714,2134.415105473064,3
1023,1024,-0.001026619268080493,1,2154.9217090329757,2154.8643465943105,1
1025,1029,-0.002692966495256948,4,2148.8013236608626,2145.163475014941,4
1031,1037,0.001816240209422097,6,2148.0739376387287,2154.1234298347185,6
1040,1046,-0.007035402499945224,6,2147.1724512889787,2134.2134013086556,6
1050,1051,-0.00015329719167266986,1,2141.850667664544,2143.664178639873,1
1053,1055,-0.00020791739981226138,2,2146.4055503243985,2148.105680813757,2
1059,1060,0.00041125547669976833,1,2138.61257988236,2141.630708598258,1
1063,1066,-0.008169593331708,3,2149.9501232235502,2134.535855156582,3
1068,1071,0.006207634318626519,3,2138.411079622308,2153.823964707125,3
1073,1075,-0.0019070668331220854,2,2156.3226745503216,2154.366745770728,2
1077,1086,0.01549865981348928,9,2151.7686278791107,2187.2699264678267,9
1088,1090,-0.0014662396063234166,2,2183.6525250927657,2182.6344197991193,2
1091,1092,-0.005415209058281957,1,2182.6992322349674,2173.0621588132985,1
1093,1095,-0.0130907308125401,2,2174.105309283007,2147.818787230352,2
1098,1100,0.0012315744693754478,2,2140.0209284432963,2144.7965445111395,2
1103,1104,-0.003973989700557863,1,2153.5632410394915,2147.15856614114,1
1105,1108,0.0037630803749256715,3,2151.1324683148746,2161.3784851585706,3
1109,1110,-0.0016686310870636122,1,2155.7423283736903,2154.3009320372407,1
1117,1118,0.0005818843363187315,1,2127.8884030740887,2131.254476408346,1
1119,1126,-0.0021738979821530665,7,2129.5002721089245,2127.0004560365014,7
1127,1129,0.0005748510220862418,2,2123.4468403942483,2126.790952821189,2
1134,1136,0.0015213043006900508,2,2138.626253694497,2144.0183812655055,2
1137,1142,-0.003822102635327175,5,2147.294816236093,2141.234929876369,5
1143,1145,-0.0012217219710527819,2,2147.1434117774593,2146.667342908067,2
1146,1149,-0.0006145729438445142,3,2146.925023796992,2147.7525067887004,3
1151,1152,0.0023852103233224457,1,2145.9245049162187,2153.1889107033317,1
1155,1156,-0.00019373141067363534,1,2160.0197402474832,2161.7612963163697,1
1159,1162,0.000919766957051758,3,2164.5282510060033,2168.6836408198897,3
1163,1167,-0.0036714375909423125,4,2171.1579922404408,2165.357879164095,4
1168,1174,3.079322827103325e-05,6,2164.883759949338,2167.115307469088,6
1176,1181,-0.008811098903848777,5,2180.887172385553,2163.8520469839145,5
1182,1183,0.0006119095316431229,1,2167.4236766443664,2170.9173675278585,1
1184,1186,0.012221437585438765,2,2178.474031837906,2207.27659028135,2
1187,1188,-0.0023518354303717543,1,2213.5309008768877,2210.5385713788596,1
1189,1198,0.004668258742281926,9,2207.4969441616204,2220.009608013925,9
1200,1202,-0.001956849759868669,2,2225.374871991343,2223.24552257946,2
1206,1210,0.007171369690667476,4,2231.165327887279,2249.3970046224454,4
1213,1217,0.009075633734280577,4,2266.2109701785716,2289.0444818786996,4
1219,1222,0.00596673627852064,3,2282.77164864657,2298.6751167067746,3
1223,1226,-0.006968009445057104,3,2309.364116393552,2295.5818095348395,3
1228,1231,0.002920821527364262,3,2281.8188359948535,2290.7654404085674,3
1233,1238,-0.005026503703307213,5,2295.647109653573,2286.4036780650663,5
1242,1244,0.0012119808202063938,2,2282.9776768649635,2288.027579699148,2
1246,1252,-0.003409975486818069,6,2297.2775039733365,2291.741121502342,6
1262,1265,0.005256714733113338,3,2339.4790680725896,2354.1165212256096,3
1266,1273,0.008105695785698093,7,2363.753329982963,2385.2769487182186,7
1276,1277,-0.0007518336986738255,1,2385.6593912864346,2386.251431553794,1
1280,1283,-0.012572548315430553,3,2380.160300400542,2352.615780325687,3
1286,1290,0.007190272402333885,4,2340.396704987488,2359.5651915308604,4
1293,1299,-0.0049307210394265305,6,2376.9004939929696,2367.557561212608,6
1300,1307,-0.01759511819906362,7,2376.180911743366,2336.747908650626,7
1313,1315,-0.0009528251117271271,2,2369.121447904066,2369.2332109436757,2
1316,1320,-0.015503527327594097,4,2367.8771691702264,2333.53459793878,4
1323,1327,-0.006336119722362623,4,2341.1449644371214,2328.6523346194786,4
1328,1332,0.016151880979825766,4,2343.8967876951037,2384.099026426646,4
1336,1341,0.0029054799122712085,5,2425.9136850583386,2435.388042224238,5
1344,1346,-0.005992364323634865,2,2435.3967554895344,2423.2383676135323,2
1347,1350,-0.001113986835716236,3,2422.5190182861747,2422.242883008818,3
1352,1357,0.013520446737792225,5,2416.4734076810796,2451.561681090604,5
1360,1362,-0.005548864952717549,2,2472.4231783305195,2461.1764591863252,2
1367,1368,-0.0014491159669867883,1,2468.0267581758703,2466.918327951823,1
1369,1371,-0.0022707793480169465,2,2470.6053085879066,2467.465714384652,2
1373,1376,-0.004252603248277232,3,2475.34840610859,2467.2970798422634,3
1377,1379,-0.004714906222669609,2,2458.9260478219494,2449.7913681458112,2
1384,1386,-0.0070029123040710115,2,2444.1493652148297,2429.4773509173942,2
1390,1391,-0.0019661845359229225,1,2431.0635224350935,2428.7146664538704,1
1393,1394,-0.002400698550909266,1,2440.610619212202,2437.1920594545377,1
1399,1401,-0.0028722782555066976,2,2465.168711086385,2460.5532293124625,2
1403,1408,-0.003462294736162217,5,2465.457199780982,2459.386517495728,5
1411,1413,-0.0027218362271114287,2,2448.3642276523583,2444.1485454280228,2
1415,1418,-0.0001001664505226506,3,2458.5226449605707,2460.734906118656,3
1420,1423,0.0034136604622773143,3,2468.52240497267,2479.4176247117434,3
1426,1433,0.009977814612779183,7,2493.2958199668165,2520.6667592532294,7
1434,1436,-0.0013691782300216085,2,2529.247148416322,2528.3134054307825,2
1443,1446,-0.00986026384304214,3,2526.288531669302,2503.9049487350603,3
1453,1454,-0.0006438219937283077,1,2496.9321787522977,2497.8215310775213,1
1455,1457,-0.00870230030414217,2,2493.0363323267657,2473.8342178260477,2
1458,1461,-0.008078475966831634,3,2455.4031971686936,2438.0226846486535,3
1463,1465,-0.006095770865274449,2,2417.0013119385453,2404.6848270718388,2
1468,1469,0.0016193540272209945,1,2414.004672220595,2420.327805080506,1
1470,1472,-0.0010982614505265311,2,2430.8827656704993,2430.6439036038846,2
1473,1476,-0.017336440944843684,3,2438.3204094453176,2398.486932071807,3
1479,1482,-0.007020487647228501,3,2387.1577719005063,2372.785918022794,3
1484,1486,0.001318841641140807,2,2368.3001366092576,2373.7918495847466,2
1488,1490,-0.003036879913487349,2,2384.0036845064405,2379.1477552877896,2
1491,1493,-0.001595490523201684,2,2385.6970994028356,2384.2764393889115,2
1495,1496,0.001115207099001373,1,2369.962894911219,2374.975857250905,1
1501,1503,0.0027834677574388443,2,2410.4133475285967,2419.5330687110713,2
1504,1508,0.0021369187703590906,4,2418.5361027657264,2426.1228540632833,4
1509,1514,-0.00547324527144802,5,2431.4098918060786,2420.533599004605,5
1516,1518,-0.0016639500382635156,2,2421.0690496189254,2419.4615807307923,2
1520,1523,0.005067788877825469,3,2436.5440129750687,2451.328447637331,3
1525,1526,-0.00016427213198571492,1,2445.213523051275,2447.2570561357343,1
1529,1530,-0.003580772922935859,1,2438.05506515397,2431.762998657194,1
1535,1536,0.005511755902738022,1,2435.49824423723,2451.35761430525,1
1540,1545,0.004371839411319536,5,2469.1293417365973,2482.3931080461834,5
1546,1548,-0.003625911927313431,2,2486.417240914021,2479.888128224827,2
1549,1552,-0.0009998194489784769,3,2477.6681127175375,2477.6685600630462,3
1553,1554,-0.0020252084349490374,1,2480.289156616118,2477.7463432516424,1
1555,1557,-0.002593031995888749,2,2480.60028471038,2476.6486090878257,2
1558,1565,-0.008379764449812411,7,2477.8348754195863,2459.5490376934595,7
1567,1571,-0.0022490282814405767,4,2466.78218560516,2463.7011048911854,4
1573,1576,-0.008503643381126101,3,2448.558928356836,2430.185815360774,3
1577,1580,-0.0058146803756131534,3,2431.228515695033,2419.522927471885,3
1581,1585,-0.005294931772653753,4,2415.8370060285674,2405.4611509138226,4
1586,1588,-0.005161422965100109,2,2413.1693461622117,2403.1271278264167,2
1590,1592,-0.0005563884066721581,2,2407.485287734981,2408.5532761193863,2
1593,1595,-0.01012714478013944,2,2404.4745816754084,2382.528594048292,2
1602,1605,-0.003123637051607006,3,2359.5969217835136,2354.5859943335563,3
1607,1613,0.012126941617589891,6,2347.979868401922,2378.8016630537104,6
1614,1615,-0.0015385884308900442,1,2375.3010625829243,2374.0217529107363,1
1616,1618,-0.00022396137578948217,2,2383.3859480577576,2385.235547609851,2
1619,1622,-0.00464390144847278,3,2391.880911326627,2383.1651330092695,3
1623,1624,-0.00263906416969788,1,2390.910665944501,2386.991809939003,1
1625,1626,-0.006578017416718265,1,2382.148425495226,2368.8607600886057,1
1627,1629,-0.009324127648965522,2,2371.5127527760083,2351.771977900751,2
1635,1636,-0.004468440879853418,1,2291.2936814828663,2283.3464648102613,1
1639,1640,-0.005458901471428835,1,2288.580220122991,2278.3756664120015,1
1641,1642,-0.00951779925461612,1,2277.1355575881266,2257.7393740330426,1
1644,1645,-0.026610817635997566,1,2206.5684573938247,2150.056435030167,1
1650,1651,0.0011403528434760861,1,2157.952972882743,2162.57175366434,1
1654,1660,0.01603238430321623,6,2174.2069155643785,2211.2388433049814,6
1661,1666,-0.024817226689015665,5,2217.2529904385847,2164.444173338411,5
1669,1671,-0.001877436397659885,2,2122.864685152295,2121.0020064102355,2
1673,1677,-0.01490869506715195,4,2125.018012531919,2095.461784983407,4
1680,1684,0.015420529682554345,4,2077.127766066786,2111.2353042039435,4
1685,1688,0.006600333217093083,3,2110.6966386749045,2126.738636449032,3
1693,1696,0.004706483204466857,3,2141.425928923864,2153.645940020878,3
1697,1698,-0.0022600340011894506,1,2166.5644054235163,2163.834460606916,1
1699,1705,-0.008402268025082541,6,2165.589804295619,2149.559528131837,6
1706,1713,0.022065517200487432,7,2157.369438868886,2207.130280768922,7
1715,1716,-0.0030430266907726777,1,2220.269368377233,2215.7332987969335,1
1717,1719,0.0017052466992468064,2,2215.0577891558282,2221.050066928583,2
1720,1731,0.009617926285737315,11,2226.3117457846006,2249.9505597904126,11
1732,1736,-0.012338449942920073,4,2265.864970939185,2240.173574388775,4
1737,1739,-7.769982896272374e-05,2,2246.2313986820905,2248.3030982852842,2
1741,1747,-0.0002799855801899798,6,2252.905952295659,2254.5280770677878,6
1751,1755,0.003285457450406806,4,2247.7066165296524,2257.339067595788,4
1763,1764,-0.005801430409941022,1,2245.4955590256504,2234.713968363157,1
1766,1767,-0.008397040348182522,1,2235.0701654303175,2218.5372612356105,1
1768,1770,-0.00174516394054951,2,2218.66456850246,2217.011299669837,2
1771,1777,0.003966111168040162,6,2226.11165370411,2237.166771648874,6
1780,1786,-0.03208559874942425,6,2214.436652792362,2145.5995635476406,6
1787,1788,-0.00496271814487842,1,2145.5114644984446,2137.009407288032,1
1789,1793,-0.007365580516119742,4,2134.690843993408,2121.1022975489445,4
1797,1799,0.0047131241508864595,2,2132.8825693162908,2145.0679922340564,2
1800,1801,0.0001310985100518205,1,2162.15573447608,2164.601345605846,1
1806,1808,0.003982888650194433,2,2175.3507984401563,2186.190329243895,2
1809,1810,0.0028650643471474697,1,2194.8472388265996,2203.3304646368233,1
1811,1815,-0.004799213381470539,4,2204.872272017846,2196.4954917775626,4
1816,1820,-0.008823698356359704,4,2196.3370646274275,2179.15358594489,4
1821,1823,-0.0055026930428009515,2,2164.374732286377,2154.629217237297,2
1825,1826,-0.009931953885690917,1,2113.7333953427105,2094.8536261288646,1
1827,1829,0.004464847967927553,2,2100.665827469635,2112.1456468481774,2
1830,1833,0.010004243626972296,3,2107.483954601324,2130.675221477692,3
1836,1837,-0.003905307359247395,1,2120.3326468187156,2114.1724287758607,1
1838,1842,-0.010552459884308762,4,2104.1834500174923,2084.083322021974,4
1844,1847,0.02064615565469402,3,2083.847172778445,2128.954453041001,3
1848,1851,0.007408253874048184,3,2134.296576502498,2152.2422839602427,3
1853,1859,0.012590010520638583,6,2151.0109579948526,2180.2432195440115,6
1864,1865,0.0021312529224664944,1,2175.6450671692396,2182.457562144063,1
1866,1867,0.0014104875040120237,1,2190.91566904401,2196.1968438865847,1
1868,1869,0.0018773893374383803,1,2207.7758166077256,2214.128447201887,1
1871,1878,-0.0014721378539748265,7,2202.2196744646435,2201.1799231935606,7
1880,1883,0.012891140656574193,3,2227.07188500554,2258.008453812454,3
1884,1885,0.0019315751225848308,1,2261.4322053938945,2268.0617637886394,1
1886,1890,0.0023570920184792102,4,2283.051521026776,2290.7159350657917,4
1894,1895,-9.296548031225598e-05,1,2317.871647102072,2319.974036698199,1
1900,1902,-0.0011091915963132326,2,2333.5622750125526,2333.3074696226477,2
1904,1906,-0.003265283554717918,2,2325.826814314379,2320.558157080791,2
1910,1913,-0.01738647950954548,3,2342.0544887885726,2303.6764608977996,3
1914,1915,-0.0013456162569646269,1,2310.214601414213,2309.4161536908873,1
1917,1918,-0.0009814575954981213,1,2312.842412725336,2312.885298384902,1
1919,1920,-0.0007820409587638517,1,2316.0201066373593,2316.5249041592856,1
1921,1923,-0.0039006607833530615,2,2320.7742409617526,2314.042462133979,2
1924,1925,-0.008639058780149686,1,2309.1842554671757,2291.544261205466,1
1926,1933,0.004740469469039276,7,2295.100691499106,2308.2756469470273,7
1934,1935,0.002679055725944689,1,2314.151864349501,2322.6657580167416,1
1936,1938,-0.006990498495654823,2,2319.7077549228584,2305.811549106634,2
1939,1947,0.001499990697017316,8,2296.3161907713,2302.0569598856387,8
1950,1951,-0.004823329088703209,1,2290.727428424078,2281.969223612694,1
1958,1967,0.040317787503006165,9,2296.327787869242,2391.2069714456716,9
1969,1971,-0.006149823658594143,2,2431.3707534698683,2418.8496228408353,2
1972,1977,-0.00041331446631511317,5,2433.432816905416,2434.8604767362885,5
1978,1979,-0.0025043498593497566,1,2425.2687520580103,2421.6202993519664,1
1983,1984,-0.003941782448240111,1,2417.2590323266613,2410.147982132513,1
1989,1990,-0.004801848943150723,1,2426.745240831157,2417.519122002007,1
1991,1997,-0.015177446348676463,6,2411.939409268133,2377.744267696976,6
673,675,0.003625324875878107,2,1978.8777148731342,1988.0306671940577,2
676,679,0.002449994063254331,3,1980.6887317623111,1987.5220961280459,3
681,683,0.001344710242014224,2,1986.339435809353,1990.996826228612,2
687,688,0.0013370321200314086,1,1998.3845326325009,2003.054821473437,1
693,695,-0.004445831575829341,2,2019.0481891002105,2012.090889097088,2
699,700,-0.0022686344104680036,1,2024.5507700102073,2021.9823552376329,1
701,702,-0.0007257247324169319,1,2024.8009355278214,2025.3562883462157,1
705,706,-0.004830861196810841,1,2023.8376992542599,2016.0846579435438,1
708,711,-0.00753215704693269,3,2015.4914953792975,2002.3259884047227,3
718,720,0.00202922731028167,2,1998.905365196731,2004.9605039196535,2
724,727,0.002795263939845107,3,2024.225613479703,2031.9080839566534,3
729,732,-0.0008135467574918841,3,2044.934461161287,2045.315745822287,3
734,735,0.002819059758150244,1,2051.391378616,2059.225764878289,1
738,744,-0.004238567480702667,6,2067.8978458832967,2061.200819166204,6
745,751,-0.0049422791284133094,6,2069.028183763565,2060.871497138615,6
753,754,-0.0031661706418831385,1,2060.359971782721,2055.896880500134,1
755,756,-0.002705280019009595,1,2054.212674883862,2050.709667054586,1
759,764,0.005526413232788637,5,2061.8455181695854,2075.3019740433333,5
765,767,-0.00020688125249456574,2,2077.9758608889547,2079.6239425010895,2
768,773,-0.0006020539346183223,5,2084.1619287693593,2084.9913128085313,5
775,780,-0.003941565898901598,5,2081.996255117502,2075.8719259318077,5
783,784,-0.004156414223639056,1,2078.614816714866,2072.05384734192,1
785,787,-0.004817914416668147,2,2081.6895932653665,2073.7418805562106,2
788,793,-0.002022215725347964,5,2075.245663526373,2073.124314775156,5
794,796,-0.0037965442978721356,2,2078.5969351745302,2072.7840467678934,2
798,799,0.0019503351926332423,1,2072.5426262868555,2078.657321735422,1
802,804,-0.002983281538861244,2,2072.8750973090955,2068.764002396237,2
805,806,-0.0032445023420214192,1,2073.870846550236,2069.216038578104,1
807,811,-0.0016460751619589028,4,2085.3547923408973,2084.007496405694,4
819,821,-0.001377742049024978,2,2078.0433314520055,2077.25836710602,2
828,834,-0.0024549225187341763,6,2068.7668625672068,2065.7569670728467,6
837,842,0.0028087634322180506,5,2070.4652042683115,2078.3511164260085,5
846,847,-0.0012032425552475595,1,2079.041030996031,2078.618481384427,1
850,851,-0.0015798208566027312,1,2075.3711622942274,2074.1678188091373,1
852,856,-0.0022537082326022145,4,2074.4799729317165,2071.8791803112836,4
857,860,-0.004436826766261601,3,2069.8995855284147,2062.785699229397,3
861,863,-0.0016494027306648343,2,2069.1687137036615,2067.824989890776,2
864,866,-0.003730489395621448,2,2073.647431110981,2067.9853587900748,2
870,871,0.0010176714580352594,1,2084.9156844180357,2089.122359286896,1
872,873,-0.0010391296343589117,1,2095.44667980052,2095.364685738121,1
877,878,0.0019643441279090902,1,2130.7752302990875,2137.0915813409188,1
880,881,0.0008754807106746716,1,2164.389382808668,2168.4486533465147,1
882,891,-0.005121462377719259,9,2175.482041855617,2166.515874466705,9
892,893,-0.002142907692222057,1,2166.929261596629,2164.4526614750494,1
894,896,-0.0014469972590179963,2,2165.344571921885,2164.3766688334063,2
907,908,-0.002279308712699155,1,2164.4829139465323,2161.713872096232,1
909,910,-0.0007663216480116798,1,2162.77414992883,2163.2795434279083,1
912,916,-0.010988183824700952,4,2161.6260030299227,2140.0352851514062,4
918,925,0.002425605874229594,7,2149.681071160138,2157.045031265224,7
926,930,-0.0046160845349630915,4,2158.3352823397818,2150.5305595040477,4
933,940,-0.011047193091732698,7,2150.135186950399,2128.5323635537798,7
942,943,-0.004501214340958466,1,2136.940094479515,2129.4582091749544,1
945,946,-0.005123187019868783,1,2124.057123588844,2115.299238827403,1
947,949,0.0010706260337187334,2,2105.2642498048644,2109.6234647683677,2
957,960,0.00376941157030766,3,2130.1264746894167,2140.285924544019,3
964,967,0.003808012308337486,3,2137.041525338081,2147.316447295335,3
970,972,-0.002834649718759197,2,2152.3489237197996,2148.4001173722254,2
973,975,-0.00341185300221486,2,2147.9953360006425,2142.814687000766,2
977,978,-0.0016160716140897788,1,2134.458106039808,2133.143126989213,1
979,981,-0.0047774823845335,2,2131.045086305679,2122.9951010315126,2
984,985,-0.0005691555691419968,1,2119.284135271704,2120.1972170387917,1
998,1000,0.0043399680694526255,2,2135.1753949015,2146.577163332955,2
1001,1003,-0.002707332773499556,2,2145.6698884171014,2142.006515895496,2
1004,1007,6.806949329501923e-05,3,2143.3383789625377,2145.627613298916,3
1017,1025,0.00536517519753761,8,2134.330476909141,2147.9158643241117,8
1026,1033,-0.000293070669634987,7,2145.5457199154566,2147.062469114504,7
1035,1036,-0.0017857916008112346,1,2154.618917288522,2152.9258358403677,1
1038,1039,-0.006445998864720832,1,2150.8061391985657,2139.0928514062557,1
1041,1042,-0.0034189810306029154,1,2151.263415872161,2146.0595504773364,1
1043,1047,-0.007732703041056997,4,2145.227454135841,2130.7842747316217,4
1048,1050,-0.0008466390821936843,2,2139.006748317579,2139.334788355695,2
1054,1055,-0.00011201716580123012,1,2149.076677726488,2150.985020925686,1
1058,1064,-0.0020457960776348377,6,2142.863614532989,2140.6226161700038,6
1069,1070,-0.00014780117782886798,1,2145.515455953433,2147.3438616979465,1
1074,1077,-0.0044918299905688346,3,2155.397562142537,2147.8712802934488,3
1078,1079,-0.001899247314993518,1,2152.6155111623307,2150.6797774437046,1
1080,1081,0.001167022464640244,1,2152.3256623454245,2156.9898004069487,1
1086,1087,-0.0034039744750507927,1,2189.6948533703185,2184.430882834666,1
1089,1090,-0.004842280467006078,1,2187.6100251240887,2179.2046138551277,1
1092,1094,-0.009840349872768606,2,2177.668878170493,2158.4175233804262,2
1097,1102,0.002089495528126559,5,2142.1278396189823,2148.7459340001606,5
1103,1105,-0.001052799375202431,2,2148.262401017202,2148.1489741046576,2
1108,1110,-0.002752548201122235,2,2157.762466551709,2153.980883822505,2
1113,1114,-0.004338983177316748,1,2146.506954748927,2139.339804137027,1
1116,1118,-0.0032891489051626787,2,2130.739773926497,2125.8621933058266,2
1119,1123,-2.978941750467212e-05,4,2125.878675377113,2127.941225365065,4
1127,1129,0.0005284129006055433,2,2128.353166160291,2131.606168596495,2
1130,1131,0.0012264019712035644,1,2131.7204682736533,2136.4665349262727,1
1139,1140,-0.0036379726366530304,1,2151.5351846945764,2145.859493750556,1
1143,1146,-0.0019310370149234581,3,2149.4820131106594,2147.480765793541,3
1150,1151,-0.0033828425254200673,1,2148.535353958537,2143.4157325497563,1
1154,1158,0.000781491126404034,4,2159.362461825797,2163.2093468902294,4
1162,1166,-0.0007529034175580324,4,2168.450506257911,2168.986322967202,4
1170,1175,-0.0007623880212941387,5,2166.805824710339,2167.32068372982,5
1178,1179,-0.003962826759352722,1,2170.2865299007553,2163.8563468945026,1
1183,1184,0.0010951888035137338,1,2175.4732309314772,2180.0312580872687,1
1187,1194,0.00046071967111106327,7,2213.1717547987882,2216.40457831657,7
1197,1206,-0.00035493518032565633,9,2219.6838220716363,2221.115662016055,9
1208,1209,0.0011681376634439652,1,2238.6251566913256,2243.4788042078812,1
1216,1218,6.244090175560246e-06,2,2283.9740591995132,2286.272294598697,2
1222,1227,-0.010776826143939367,5,2300.1493517759272,2277.661191458519,5
1230,1236,0.0006348722796797723,6,2286.5978498500594,2290.3361452895547,6
1239,1240,-0.004981908132022624,1,2287.1278295179973,2278.0206966146643,1
1242,1244,0.0030194719780729153,2,2280.089614842888,2289.254371157244,2
1246,1248,-0.004130459585225392,2,2302.1191963331926,2294.9125052287,2
1253,1254,-0.00230192298935389,1,2292.029850286445,2289.0458039320715,1
1258,1259,0.00290075228001374,1,2290.9178695872392,2299.854172690356,1
1265,1267,0.0031531341654464943,2,2357.380654602276,2367.1711727398674,2
1268,1283,-0.011810477175610654,15,2377.1554771676642,2351.4572921388653,15
1284,1286,-0.0046592927805879595,2,2345.942508726368,2337.3580182405112,2
1289,1292,0.01167014420286969,3,2347.1794656216302,2376.918567921071,3
1293,1295,0.0005227711238606396,2,2379.7612707566286,2383.3851025014187,2
1296,1298,-0.0035776619226867076,2,2383.345051480608,2377.201593692783,2
1299,1300,-0.0013145702180737953,1,2368.1798534103596,2367.4348945574343,1
1302,1303,-0.007580090248412606,1,2363.2951467152925,2347.7444513662704,1
1309,1313,0.00941003101275377,4,2344.81706498813,2369.2266833538906,4
1316,1320,-0.01367465284746253,4,2366.197757333921,2336.207022191269,4
1323,1324,0.0015853186174006606,1,2338.3565233398344,2344.401919993745,1
1329,1330,8.107628635572995e-05,1,2354.791337780073,2357.3370468546627,1
1331,1333,0.009922363174130238,2,2374.3449101602814,2400.2783675696996,2
1335,1343,0.005637945316971702,8,2418.2336144041565,2434.285716900234,8
1345,1346,-0.007195931316789384,1,2438.0355317638814,2422.9296310611803,1
1350,1360,0.017236396419258143,10,2424.6315464621016,2468.8480885140234,10
1361,1365,-0.004932383173784103,4,2465.7971022965867,2456.10064326155,4
1366,1367,-0.0016454799288696188,1,2462.992895681089,2461.4030832019785,1
1370,1371,-0.0031358623244221737,1,2469.8593305869904,2464.584051096167,1
1373,1377,-0.007288354316183197,4,2470.777015180779,2455.2398938730407,4
1378,1379,-0.004345319705198154,1,2449.9264737667845,2441.730686457806,1
1380,1381,0.0004080455020320751,1,2443.5443321738085,2446.9849537797418,1
1382,1383,-0.0011026964612899084,1,2448.8243188994325,2448.572833307561,1
1384,1390,-0.00888694300612795,6,2446.003872428604,2426.7123792939915,6
1391,1397,0.008221788766792124,6,2430.399241701774,2452.8118701277194,6
1401,1402,-0.0007176677702819888,1,2463.6375331548825,2464.333097432835,1
1404,1405,-0.004612609159724405,1,2464.337299130103,2455.434611630615,1
1406,1408,0.001617326899235123,2,2461.4660399744803,2467.9085012524592,2
1410,1411,-0.0028389941994450716,1,2453.880315712777,2449.3676440460486,1
1416,1417,0.000913935402586065,1,2453.2183218664895,2457.9136232629826,1
1423,1425,0.004707650930915158,2,2475.6300707484356,2489.7601030263445,2
1428,1431,0.0008059064828125626,3,2498.223442225675,2502.735000135505,3
1434,1436,0.0002752077347187381,2,2524.150744474268,2527.3695610272175,2
1438,1439,-0.000633499686036059,1,2512.2204355937242,2513.141165172116,1
1440,1442,0.002179861525330013,2,2523.653796839332,2531.678666451154,2
1443,1445,-0.0069864488107760515,2,2530.086336349894,2514.9401040104913,2
1446,1447,0.001739839307897765,1,2505.28348877589,2512.1475629558654,1
1449,1452,-0.006835566952884326,3,2510.6261960415695,2495.9752687809037,3
1459,1460,-0.0014045898815685052,1,2437.8341471628414,2436.847824133957,1
1462,1467,-0.009163419935356416,5,2435.5828934626747,2415.7002075159685,5
1468,1472,0.006708801958461146,4,2414.481707525287,2433.0944688409268,4
1474,1476,-0.01373059284535514,2,2432.3158597218617,2401.3510368404427,2
1479,1480,0.0021315739258036047,1,2387.1074674473534,2394.5828709505026,1
1483,1485,0.002059306951016663,2,2365.584725893155,2372.8217756882987,2
1489,1490,-0.0029990631548984506,1,2389.422606412312,2384.6459997183515,1
1491,1501,0.009877506898112443,10,2381.615989161342,2407.5220335120994,10
1507,1515,-0.0016653415484138433,8,2422.5444126206676,2420.9325931700732,8
1518,1524,0.003928359406147465,6,2430.5065628227794,2442.48497270337,6
1526,1531,-0.012129247829546313,5,2452.2833297808024,2424.991260855407,5
1533,1538,0.0075943938256735075,5,2432.2025294164137,2453.1058358180176,5
1541,1544,-0.001263080857362932,3,2478.593693592523,2477.941623038558,3
1545,1549,-0.005167117800510499,4,2486.0135802205555,2475.6540687781076,4
1551,1553,-0.0007839992358223614,2,2480.890159568498,2481.4260337388055,2
1559,1561,-0.004625406557271535,2,2480.8284961330414,2471.8344842356946,2
1562,1564,-0.004084246683502055,2,2470.30038889911,2462.6813731173943,2
1566,1567,-0.002792712408031549,1,2468.7713149640153,2464.345517995087,1
1568,1569,-0.004084618105836458,1,2472.987834110155,2465.3596110615454,1
1571,1574,-0.011286985775726753,3,2463.931713708055,2438.5852832167784,3
1577,1578,-0.001173900221360782,1,2425.4778428136547,2425.0560516798837,1
1579,1580,-0.0016692785379676992,1,2419.065733187609,2417.4467044104535,1
1590,1592,0.00021996439902020382,2,2409.4398437670166,2412.379274597993,2
1593,1596,-0.013361522287689134,3,2403.469844330737,2373.759298282254,3
1601,1603,-0.00023322010852478597,2,2354.9606982795303,2356.7664347881855,2
1625,1626,-0.006452762583859203,1,2385.9828740971057,2372.9726759555,1
1629,1635,-0.029259363979519955,6,2353.1173170975862,2286.619718347214,6
1636,1639,-0.0029411738146413705,3,2287.442464129172,2283.002140715306,3
1640,1641,-0.004060790954872516,1,2283.3198148693155,2276.3310502328823,1
1642,1645,-0.0509374979581251,3,2265.1794688027594,2152.0620737046347,3
1648,1650,0.003843830162579805,2,2149.4884162519415,2159.9001730766986,2
1651,1652,0.00037367443018137777,1,2164.8975855812982,2167.8714500385727,1
1654,1660,0.015285239285347692,6,2175.388168657057,2210.8148855221516,6
1661,1663,-0.00610984925651778,2,2217.3956019215475,2206.065044653663,2
1666,1672,-0.019630331564612507,6,2166.4117516916513,2126.050782452163,6
1679,1680,0.004812404745527708,1,2067.032201317349,2079.0466290934446,1
1689,1691,-0.00384888659813903,2,2139.2778633962107,2133.1833033614857,2
1692,1699,0.012091467841445675,7,2134.1921175629727,2162.1318250375152,7
1702,1705,-0.002867529105881773,3,2154.1553147493028,2150.1323670004185,3
1707,1711,0.009700200026161846,4,2172.471458770842,2195.717337930818,4
1716,1720,0.0007926358352723338,4,2221.167721254137,2225.1494661074075,4
1721,1723,0.002331960955378467,2,2233.5465122120486,2240.988601982761,2
1724,1728,-0.011278692179038107,4,2239.5096593974667,2216.4904289765377,4
1730,1731,0.0023604434635628585,1,2247.84338545054,2255.3971360622904,1
1734,1738,-0.0016667756409337801,4,2254.5410145671267,2253.037741537127,4
1740,1747,0.0006685517272442649,7,2252.768707453311,2256.527568571214,7
1748,1756,0.003806022783759376,8,2252.5872004795006,2263.41318588741,8
1758,1762,-0.00889390671861635,4,2265.898868168044,2248.012073868907,4
1763,1764,-0.006099553678166046,1,2247.342213769073,2235.8817715167493,1
1766,1771,-0.007646745334768964,5,2237.8563906766976,2222.9819291520844,5
1772,1773,-0.0010407435391328644,1,2231.404516254019,2231.31360093679,1
1780,1781,-0.002770413448762773,1,2213.1113416301046,2209.193219547273,1
1782,1783,-0.007125712111058878,1,2216.838997128708,2203.259279635729,1
1786,1790,-0.021790188207786047,4,2154.260525653691,2109.4730438767465,4
1792,1797,0.005705015664693834,5,2118.6592615096292,2132.8649050462,5
1798,1801,0.009487180759332182,3,2138.817027606674,2161.2471883863227,3
1802,1810,0.014144863051223613,8,2167.7426033052266,2200.572768162587,8
1811,1812,0.0003660809699397641,1,2201.0139720908087,2204.0207353926535,1
1814,1817,-0.0076168910134120265,3,2205.142954361205,2190.5517637632033,3
1825,1829,-0.0031100849993044833,4,2116.418622827195,2111.952799638919,4
1830,1833,0.010468144938577423,3,2108.205138478289,2132.3823405666117,3
1835,1842,-0.021189645672172314,7,2126.368897294547,2083.4382626898423,7
1844,1853,0.028834330737973684,9,2081.621413598487,2143.7251953230325,9
1855,1861,0.002834612953025507,6,2171.3817509456,2179.708159533739,6
1868,1870,0.002050496072526345,2,2203.8437309364513,2210.5665475821347,2
1875,1876,-0.00086482281244008,1,2168.4092086801215,2168.70232813843,1
1880,1881,0.009189312436630036,1,2224.292225855059,2246.9562342946633,1
1892,1894,0.002036831967812541,2,2311.070287152052,2318.088619279937,2
1896,1897,-0.0021128620261646964,1,2315.7315395696796,2313.1544498765006,1
1899,1903,-0.002112025250576982,4,2325.4012238691685,2322.8153189905033,4
1908,1910,0.004564599688373883,2,2328.704316117343,2341.6626234291243,2
1913,1914,-0.0014141580636966328,1,2308.560522500211,2307.6044135442858,1
1915,1918,0.00035562252758018233,3,2311.891030995525,2315.025082558453,3
1923,1925,-0.012444892398590632,2,2316.9882250464475,2290.4705441219894,2
1926,1929,0.003004008845014108,3,2295.4981366657007,2304.6893315086236,3
1931,1934,0.003251496091194817,3,2305.75944644507,2315.5623737188666,3
1940,1949,-0.001560919258585835,9,2295.03537884338,2293.748049300251,9
1951,1953,-0.007685440077182762,2,2284.485144233834,2269.2123556948445,2
1956,1960,0.036523812821314366,4,2263.9544051443772,2348.906606479005,4
1964,1967,0.0025927013159007094,3,2377.830584793667,2386.3734198646443,3
1970,1973,0.0009814915726786846,3,2435.730811292792,2440.5571913686827,3
1978,1979,-0.0012961711012235812,1,2429.156525079709,2428.4370791166316,1
1980,1986,-0.0016558344964132964,6,2423.0912473534104,2421.502100525439,6
1988,1989,-0.0025937849175181734,1,2431.777347180723,2427.901617122024,1
1991,1992,-0.005301465795081254,1,2408.64326068912,2398.2825640907126,1
1993,2000,-0.011775309395470106,7,2397.446525566576,2371.6132974945012,7
672,676,0.003875883952896171,4,1976.7322019647488,1986.3705187874818,4
677,678,-0.0007910343730744831,1,1991.6753180352146,1992.0915097166799,1
680,688,0.0035743942556972887,8,1990.594376421098,1999.700139902022,8
690,696,-0.000945834754341001,6,2013.6154878146158,2013.724555792176,6
701,704,-0.00043184096116045425,3,2024.9124734245067,2026.0629457491418,3
707,709,-0.007656205450396954,2,2020.0406611336975,2006.594855475036,2
713,715,-0.0022870984375153646,2,1998.5502921428451,1995.9779611845322,2
717,720,0.0009205823591493219,3,1999.9625224380868,2003.8036151776412,3
732,733,-0.0012243368622630983,1,2047.4987820602234,2047.0394526079685,1
734,735,0.0024933343708699587,1,2052.4934215151084,2059.6634673304716,1
737,741,-0.004671612375744146,4,2074.2912199336097,2066.675226619604,4
744,748,-0.0021485770933081464,4,2067.7210265389685,2065.3460895325343,4
750,758,-0.0058560740388203456,8,2060.909475867029,2050.9015468649122,8
759,765,0.007416328793198617,6,2059.586393060948,2076.920549322947,6
770,776,-0.00987971934623522,6,2097.007085683608,2078.3862512956707,6
785,788,-0.0018956500897092414,3,2076.828645575995,2074.968533813274,3
790,796,-0.004101560309896886,6,2077.046125851931,2070.6040420261634,6
797,800,-0.001538117226998903,3,2076.0996924606143,2074.982507451134,3
804,806,0.0002666722663871332,2,2072.808335966702,2075.433904799407,2
811,812,-0.001553031470173138,1,2087.477856122157,2086.323415174432,1
813,820,-0.003723278435686686,7,2084.948430224266,2079.2705351247173,7
821,825,-0.006760093455391107,4,2079.262001000893,2067.2852575568845,4
830,835,0.004752227970261424,5,2057.4750428110397,2069.310108300412,5
839,840,-0.003104919124057509,1,2078.3816983655665,2074.0068729815857,1
841,845,-6.719167193817619e-05,4,2075.169126613696,2077.104861657138,4
846,854,0.0009705734295488563,8,2075.883055949068,2079.973735941972,8
855,863,-0.0015240486471418666,8,2076.183354238086,2075.095333160079,8
865,872,0.008432227307517533,7,2068.608522643713,2088.1201084395566,7
876,878,0.006392628258644489,2,2120.727112301906,2136.4048594811825,2
880,884,0.004510567540117925,4,2164.822033675276,2176.751431704179,4
886,887,-0.0007241349529982258,1,2171.5283356271602,2172.1273843935337,1
888,892,-0.0054103334043484625,4,2176.571733954868,2166.972326929646,4
899,903,-0.0007502586902020112,4,2162.986485922847,2163.5266730009166,4
904,905,-0.0007206549014176357,1,2166.644558521253,2167.2498000590463,1
910,911,-0.002355089852845639,1,2165.7782801377134,2162.8434559667853,1
912,914,-0.005783667516457135,2,2163.6841160301137,2153.333770608386,2
917,921,0.0025709204670308163,4,2144.4636431194945,2152.1213522335133,4
923,924,-0.0036518006799301987,1,2160.835621481908,2155.105516111645,1
930,940,-0.012640938197543805,10,2158.4805233070488,2133.3537849346294,10
943,947,-0.012596947007556699,4,2129.7908259235332,2105.0917545781176,4
950,952,0.0006946242486575568,2,2113.4565851594252,2117.0380999371214,2
953,955,-0.002476998361957564,2,2121.039707018665,2117.9069348457515,2
959,962,0.0016478921660521284,3,2133.2773897134393,2138.9260782016777,3
963,966,0.003078161034777046,3,2137.7455207850685,2146.4635912702033,3
969,970,-0.0026831700591660314,1,2152.4316279958953,2148.8087195252506,1
971,974,-0.002966816602830779,3,2150.7532801705925,2146.52314291056,3
975,982,-0.011705963845944155,7,2145.014804233783,2122.050353290641,7
984,985,-0.00264878165426072,1,2121.626558094355,2118.1284591481767,1
988,992,0.0034785115889313205,4,2125.3764791543595,2134.8950023470943,4
995,996,-0.0037453460141093336,1,2141.371518892114,2135.4927131279965,1
1004,1005,-0.0005759098659255033,1,2145.094339421529,2146.004052767537,1
1008,1009,-0.0011891802719164466,1,2143.242768523868,2142.837309274136,1
1017,1020,0.0016669956237222515,3,2139.86061702133,2145.5676159223017,3
1021,1029,-0.00268407784030317,8,2145.7144336457886,2142.100883516467,8
1031,1033,-0.0005785161996927177,2,2142.247593039933,2143.1505156966464,2
1034,1038,-0.004325019855286072,4,2153.762313574085,2146.6010111178844,4
1039,1041,-0.002488383832574711,2,2146.6829326187762,2143.4878444482024,2
1045,1048,-0.0018825414010809208,3,2137.9239541600473,2136.0371477581384,3
1052,1054,0.0005724578082740275,2,2142.5552547017064,2145.9243324416207,2
1055,1057,-0.006346390480729089,2,2150.4548943386603,2138.957722762331,2
1058,1059,9.922163100598144e-05,1,2138.5296695126094,2140.8803875838857,1
1062,1063,-0.001352787349979105,1,2145.074453415858,2144.3176982839295,1
1065,1066,-0.0008990272556021448,1,2137.351728240944,2137.567542510688,1
1067,1069,0.0028459110009168877,2,2137.347524984884,2145.5675733440057,2
1073,1078,-0.0034162895736700905,5,2157.7690979774043,2152.555303003574,5
1079,1082,0.0027747610098299877,3,2153.9883631318967,2162.1191544206745,3
1083,1086,0.0045320318349032695,3,2175.6336579930608,2187.6693326501654,3
1087,1090,-0.0029436422203068485,3,2186.928290667342,2182.6776845088175,3
1091,1092,-0.0025513809834325084,1,2181.5101509629962,2178.1257975996273,1
1099,1101,-0.001250145731471168,2,2143.8270304968896,2143.2907613161983,2
1111,1113,-0.0038231298110627584,2,2150.0885774985322,2144.0185983389706,2
1117,1122,-0.0020991065754441185,5,2130.759854638282,2128.4179224713566,5
1124,1125,-0.003945188770418379,1,2131.018907116895,2124.7426541621053,1
1126,1127,-0.0012307432308028049,1,2127.0005566095356,2126.509765629184,1
1128,1136,0.005794040339323058,8,2125.5430114810756,2139.9840364440442,8
1138,1141,-0.003451526322378309,3,2147.4677863608545,2142.2032125561313,3
1142,1144,-0.005462899789423093,2,2148.3732339696717,2138.785259516186,2
1149,1152,0.0009951874652794931,3,2148.2533117217185,2152.539479801511,3
1155,1158,-0.0014854026745632918,3,2158.9287506680967,2157.880800878331,3
1160,1161,-0.0029279734566347825,1,2166.037813355452,2161.8617499452353,1
1162,1167,-0.004145049635612708,5,2171.382584395866,2164.553478390036,5
1169,1170,-0.004265564944187198,1,2168.7790639684636,2161.696775085481,1
1172,1178,0.0020701189849599197,6,2162.5909307947995,2169.230342268135,6
1180,1181,-0.0022762968594110923,1,2162.498201584601,2159.7382119214362,1
1182,1185,0.01092904086599266,3,2167.206919356592,2193.059619262659,3
1186,1189,-0.0023762862602997323,3,2206.7245172003454,2203.687432567056,3
1192,1199,0.0033305517064381052,7,2213.792361572482,2223.3793038615895,7
1200,1203,-0.0015530238259014863,3,2230.084664598147,2228.8513746448466,3
1209,1211,0.004400208764563259,2,2245.085293642284,2257.209222922203,2
1212,1222,0.01710781020908322,10,2259.5711502078766,2300.4870357497607,10
1225,1230,-0.008009507914623636,5,2302.9042834624142,2286.762057660864,5
1235,1236,0.000714340396648291,1,2292.325258529045,2296.2550843219988,1
1241,1245,0.00519637953850847,4,2279.5866437161976,2293.711827751578,4
1250,1253,-0.006269837323440003,3,2301.8152001767735,2289.6850085232204,3
1254,1255,-0.0012669813541195522,1,2289.9475049775356,2289.336131691794,1
1256,1261,0.017066995070009687,5,2292.180052368511,2333.5928580742275,5
1268,1269,-0.0006649469031831776,1,2372.2982167805676,2373.093062644673,1
1270,1271,-0.003686062246211394,1,2376.516763804579,2370.133291847835,1
1274,1279,-0.005384057123888228,5,2383.7693083585973,2373.3187275405817,5
1280,1282,-0.007854135364196662,2,2382.045292397159,2365.7184315194213,2
1283,1284,-0.004159508145578588,1,2351.2350926852882,2343.806346257779,1
1286,1287,0.0008654425006564977,1,2339.5598579697426,2343.924172361629,1
1288,1294,0.01598975468028625,6,2346.968712233809,2386.843134896969,6
1295,1298,-0.005040574464873852,3,2386.2403470997137,2376.598565286171,3
1299,1304,-0.020669438803592947,5,2370.0385593089063,2323.421230904424,5
1306,1307,-0.0019077470021614334,1,2336.812052266079,2334.6908181310196,1
1309,1314,0.01203744592408388,5,2341.5169146841026,2372.0443148396243,5
1315,1316,-0.004783081137677317,1,2369.206049284492,2360.243150568173,1
1317,1318,-0.013409494962926104,1,2363.5203123165616,2334.1902189060957,1
1319,1320,-0.0029173015957003317,1,2335.023524787987,2330.546580457913,1
1325,1329,0.0022212929767305863,4,2340.378090924722,2347.917134431912,4
1332,1338,0.01127359602618416,6,2396.127415058418,2425.53651497811,6
1344,1352,-0.010830093742557778,8,2441.1815108215596,2417.184467727585,8
1355,1357,0.007943003541288542,2,2432.115610563229,2453.866029081319,2
1360,1361,-0.00252158051334474,1,2469.586372153222,2465.828697653332,1
1364,1365,-0.002217021734926132,1,2458.2532592518455,2455.261511605383,1
1366,1369,0.0015858203862387475,3,2456.8319557156356,2463.184881872288,3
1370,1372,0.0012700830546536071,2,2468.7833707708733,2474.387714066471,2
1377,1381,-0.005560446722299598,4,2458.2613080369333,2447.0505383121404,4
1382,1383,-0.005372607943312089,1,2454.526547539131,2443.793865260291,1
1384,1385,-0.003496993318163535,1,2443.3928894630703,2437.2917537444328,1
1391,1394,0.0006079410017253972,3,2437.6096475186573,2441.529180017104,3
1395,1399,0.005736143858954886,4,2446.857649359129,2463.3400344875963,4
1400,1401,-0.0005363654291459049,1,2463.527383269714,2464.6695597308435,1
1402,1407,-0.0010769241192980562,5,2464.6524803629636,2464.462889141536,5
1410,1414,-0.005392081800792128,4,2459.237366998307,2448.436195314886,4
1416,1421,0.0021083201336330624,5,2456.1530064995104,2463.787516340896,5
1427,1432,0.0049437588016643325,5,2496.5927159242574,2511.4318608537033,5
1433,1435,-0.0015868077652944753,2,2526.2994248403247,2524.8169727203694,2
1440,1441,0.0029849918399916285,1,2518.7988920962807,2528.8362851278644,1
1442,1443,-0.003390136658510538,1,2531.141191325822,2525.091417976568,1
1446,1450,-0.005091315561171129,4,2503.9373086312703,2493.69291095627,4
1455,1456,-0.0033670607211970993,1,2489.724042816255,2483.8307148278845,1
1458,1460,-0.006337790003301079,2,2453.5217396685343,2440.4253558536498,2
1461,1463,-0.008303871170791798,2,2437.8165474745065,2420.0110494737282,2
1464,1465,-0.005473099225595605,1,2414.32722035173,2403.52769513204,1
1466,1468,0.00023782543090424923,2,2413.460665771453,2416.448108760032,2
1469,1473,0.0044820157889207575,4,2419.662367951201,2432.9269952561667,4
1480,1481,-0.005068236814484246,1,2393.5574075117793,2383.8198491489584,1
1482,1483,-0.0055587262804081584,1,2373.7960016624047,2362.9745154452985,1
1484,1489,0.006988587694858509,5,2364.232243699812,2383.11912030962,5
1491,1492,-0.0013120149026997984,1,2390.275461402426,2389.529659836911,1
1494,1496,0.005607411439819183,2,2368.3623255725943,2384.0110698962194,2
1497,1502,0.003731422286872655,5,2398.3201612030475,2409.6676266648196,5
1503,1505,-0.007902406413343142,2,2425.270333905026,2408.530132398189,2
1509,1513,-0.0072394998496181934,4,2429.8420533679787,2414.681054241393,4
1514,1515,0.0008969690199534717,1,2421.3268331718973,2425.9200151616064,1
1517,1518,0.00017311143925586615,1,2424.080246709327,2426.923962976416,1
1520,1524,0.003180687783618928,4,2439.1926152268716,2449.390117995244,4
1525,1532,-0.006202956372504996,7,2444.2486196910754,2431.531300759267,7
1539,1541,0.00659081358322403,2,2459.0031498004837,2477.66898431118,2
1543,1545,-0.0015255994703137021,2,2483.96952625838,2482.6639531911032,2
1547,1548,-0.0037551079357901348,1,2484.196499125171,2477.3522696363693,1
1556,1559,-0.004460990422510422,3,2482.262659905478,2473.67157261339,3
1560,1563,-0.0039626431227628624,3,2472.8652639362967,2465.5390466685767,3
1565,1566,-0.0008221400819895015,1,2463.0174770371023,2463.4555491236265,1
1567,1568,-0.0040564542842560485,1,2469.3983394830584,2461.8507363488106,1
1569,1573,-0.011107605496955959,4,2470.6297614628043,2445.6576105049,4
1574,1576,-0.004801739805225939,2,2443.7842900719443,2434.493658060992,2
1577,1579,-0.004082461551820661,2,2430.422253864281,2422.930570712055,2
1587,1589,-0.004403846267420999,2,2410.150125283712,2401.9463447758408,2
1592,1593,-0.00499124350529009,1,2410.4893733652066,2400.868523309192,1
1594,1596,-0.010196227292082184,2,2393.7608646997505,2371.7472957050804,2
1599,1600,-0.0016027129676759622,1,2355.445592100999,2354.0259344979845,1
1602,1604,-0.0006841412887674437,2,2362.5527758428525,2363.299008717849,2
1605,1608,-0.005314772405112993,3,2364.6253090756663,2354.422489043635,3
1610,1612,0.0019216534626736743,2,2368.289270680963,2375.208591229261,2
1615,1618,0.001158087764129461,3,2380.49135694658,2385.628666216622,3
1622,1623,-0.002057053608815579,1,2392.292654333195,2389.763872749589,1
1624,1625,-0.003884334722162203,1,2391.4789678126826,2384.5811419885,1
1628,1629,-0.008603523593049188,1,2366.1081013799735,2348.117342607426,1
1630,1631,-0.006356034444469789,1,2337.0904054129296,2324.572868701698,1
1641,1643,-0.015797700169855666,2,2276.8945647172527,2243.201761630193,2
1644,1646,-0.0384517521700279,2,2205.506267242164,2122.9061931119672,2
1653,1654,-0.000659324983777572,1,2173.7638741383957,2174.5044211814816,1
1657,1658,-0.006071290206811613,1,2197.557380242914,2186.4129290215815,1
1659,1660,0.0033370372476077817,1,2197.443170802091,2206.973563683361,1
1663,1664,-0.008653312472657292,1,2204.433407386252,2187.5621896943603,1
1665,1669,-0.03182383626341491,4,2183.5730461250605,2116.2669480820955,4
1670,1673,0.0039156528669847404,3,2110.5211590410236,2120.8957484272955,3
1675,1677,-0.011704629835355949,2,2119.1743324654485,2096.4893556798183,2
1678,1683,0.014665784201182936,5,2071.4357565809005,2103.886422130111,5
1684,1686,0.0004087301345289552,2,2113.215381815905,2116.192332005019,2
1689,1691,-0.003649139721792247,2,2138.7263439390085,2133.060559027236,2
1693,1697,0.009881090792641222,4,2142.4029886913627,2165.7146701257393,4
1699,1700,-0.0012397714245773073,1,2162.790586397174,2162.2720110172113,1
1702,1704,-0.002110525533950228,2,2151.7873043032414,2149.3976895581827,2
1706,1707,0.0013757705304987345,1,2157.5801358262447,2162.70605113013,1
1710,1713,0.006058685612610035,3,2189.629102156158,2205.0850055964997,3
1719,1735,0.010439483997893136,16,2220.2967343346,2245.695783297595,16
1736,1738,0.0009476281197620914,2,2241.900535157329,2246.2669236813113,2
1741,1745,0.0026116822135047353,4,2254.63462064232,2262.777644399646,4
1747,1749,-0.008299082589919375,2,2258.747352592451,2242.260569116117,2
1751,1752,-0.003130761919151901,1,2249.033089794287,2244.240935731641,1
1755,1757,-0.001152472094403925,2,2257.891085110876,2257.546819728193,2
1760,1763,-0.00862210840806986,3,2257.5999295130555,2240.392258108256,3
1764,1773,-0.005437366560183037,9,2239.7476422910195,2229.8090609998685,9
1775,1778,-0.007252722296700706,3,2242.225758549785,2228.205743555064,3
1779,1781,-0.007830133504797741,2,2226.0957297415343,2210.8911987129395,2
1785,1793,-0.0195163864432935,8,2165.23857074812,2125.146176630223,8
1795,1796,0.0032220258234841245,1,2116.98204350645,2125.9199963619863,1
1797,1805,0.016201967172385055,8,2131.54808451312,2168.214904689275,8
1806,1814,0.010980344025557129,8,2176.7523473157166,2202.830589294998,8
1815,1816,-0.005502612664161762,1,2203.832412607167,2193.909408876472,1
1817,1819,-0.004723453315310933,2,2192.732286814388,2184.5677505114595,2
1820,1822,-0.012907924587659592,2,2183.7683420612793,2157.764193327095,2
1823,1824,-0.00833164185433223,1,2153.174379553784,2137.3880761529717,1
1826,1831,0.005356150995927995,5,2097.98702843548,2111.3221507757144,5
1832,1835,-0.0007302694402875349,3,2124.5395012333993,2125.112554462198,3
1836,1838,-0.010544687671696563,2,2125.29446847853,2105.009196566518,2
1840,1841,-0.005208088978918877,1,2087.7373643983165,2078.9519798043148,1
1843,1845,0.006244606955217418,2,2083.8095114477965,2098.9058923277794,2
1849,1850,0.0012037099586102852,1,2145.0934230795147,2149.8205868181044,1
1854,1856,0.005868204727959753,2,2158.6557494530593,2173.4818390774903,2
1864,1866,0.003945463417845184,2,2178.2155181488715,2188.9878033100595,2
1867,1871,-0.0008267182844240979,4,2199.7508984535516,2200.1320750630753,4
1875,1881,0.03538453791240835,6,2163.5585874103563,2242.278666859705,6
1885,1886,0.004339835973766151,1,2272.2278668443237,2284.361190948293,1
1891,1893,0.005640476277655511,2,2299.309736851493,2314.578248614038,2
1895,1897,-0.0007804146004066523,2,2316.7647680213468,2317.2734957386965,2
1898,1901,0.004710686072226508,3,2323.207105797404,2336.474212259379,3
1902,1903,-0.005379637179430206,1,2339.068393774932,2328.824122872325,1
1904,1905,-0.0022245971823431072,1,2326.16489906696,2323.316284085897,1
1906,1911,0.007362535239112146,5,2323.763946562125,2343.196504452629,5
1916,1917,-0.0004961904249638713,1,2312.125823502488,2313.290694631057,1
1920,1922,-0.0017046785236637645,2,2321.192627702755,2319.5569331087263,2
1923,1927,-0.007764538095642489,4,2315.028652343868,2299.368552832584,4
1928,1930,0.002583505534757207,2,2303.254402164588,2311.508127062699,2
1931,1933,0.0005149705683940738,2,2306.817371089612,2310.312131513473,2
1934,1937,-0.0020876163465562703,3,2314.7120918683486,2312.194573159661,3
1939,1942,-0.006054371994894024,3,2300.2336474180547,2288.607410888832,3
1947,1948,-0.003692632473918675,1,2305.914414831825,2299.7054347963717,1
1949,1952,-0.008952458204226098,3,2296.841833341663,2278.5762946602954,3
1954,1955,-0.004031458266261327,1,2267.318835060172,2260.445552635379,1
1964,1968,0.014156745850752401,4,2378.4795197285653,2414.5295293203108,4
1971,1975,0.004619810206737655,4,2426.1055308259897,2439.7397834507483,4
1980,1981,-0.000987212435560141,1,2421.387192486924,2421.418156131682,1
1982,1987,0.0028977225065705495,5,2421.9032358291033,2431.3431425801305,5
1988,1996,-0.020363445282390768,8,2430.4494091356105,2383.387534990194,8
1998,1999,-0.0055910759553482675,1,2381.8722404992077,2370.9368841271403,1
672,673,-0.001224318670531863,1,1976.4742455244302,1976.0308854493337,1
676,679,-0.0008726843718550423,3,1988.9990826643032,1989.2523133318923,3
682,685,0.0004085836927036825,3,1991.1540180653474,1993.9587251448556,3
687,688,-0.003285242482343852,1,2003.6526571944946,1999.0738250224126,1
692,695,-0.002675713794116531,3,2015.7255134601776,2012.3477344121197,3
696,697,-0.0027225167750991467,1,2020.9018709555467,2017.4208335819965,1
698,701,0.0015216676619609001,3,2019.3655990307896,2024.4577679595418,3
702,705,-0.0007070049066116096,3,2023.938456479505,2024.5314605165736,3
710,712,-0.0066390834883931875,2,2008.0010902906592,1996.6778044977257,2
713,715,-0.00038244224874167275,2,1995.4179218119878,1996.6502076166025,2
716,719,0.0006108580833657923,3,1998.206387523669,2001.4252144352447,3
722,724,0.0027991216645970427,2,2021.140604662051,2028.8191637204193,2
725,731,0.0060886300127740035,6,2030.038999696479,2044.4291950768293,6
733,734,0.0006778746453611412,1,2044.942976738835,2048.3741347107143,1
744,749,-0.001783652501213981,5,2065.912138229273,2064.293181014861,5
752,753,-0.0018964917555317096,1,2064.4106826745,2062.559955517451,1
755,760,0.004418271452708699,5,2055.526690011569,2066.6640915963394,5
762,768,0.007110685946069993,6,2071.8918808597823,2088.6963452196483,6
769,770,-1.8127971276094652e-05,1,2091.812079260603,2093.8659710305756,1
776,780,-0.004004480577885308,4,2080.197797723357,2073.9478838419373,4
781,785,-0.004667461056518763,4,2080.5242700483814,2072.894028310837,4
786,787,-0.0026314385694596537,1,2076.545188825705,2073.1574329134287,1
789,790,-0.0038447423574709543,1,2081.6438659105775,2075.722125432052,1
802,803,-0.0017582318267440169,1,2072.662875835571,2071.0913168770016,1
807,808,0.0019552758751718974,1,2080.473935028313,2086.622309457426,1
810,811,-0.0029071519026325123,1,2090.550776516716,2086.563778625732,1
812,817,-0.004312890836595409,5,2087.941331795344,2081.0242100898904,5
818,819,0.0007014518439212867,1,2076.4268139475607,2079.9597541789194,1
828,830,-0.0028972703310359196,2,2067.5246555705826,2063.6020023828833,2
831,834,0.000129507444683529,3,2061.4513293876703,2063.7797540110664,3
836,838,0.0002070413374543657,2,2068.936041849993,2071.4333331770554,2
841,845,-0.0015515644473137818,4,2078.864219964188,2077.717592369663,4
849,850,-0.004360685129756348,1,2078.4945140984587,2071.509348492648,1
860,862,2.070091246544523e-05,2,2064.526890950903,2066.634155432306,2
863,864,0.0010824225679130564,1,2067.5619087172013,2071.8674462964714,1
866,867,-0.0013900090930722413,1,2065.6690261131725,2064.8633964097107,1
873,874,0.001211759369756303,1,2094.684532109872,2099.31747025045,1
876,881,0.020931658814382283,5,2123.3534689476364,2169.922132770931,5
882,883,0.002406184774654706,1,2173.4274202409474,2180.830515628589,1
890,891,-0.0032396310632136485,1,2171.789157781424,2166.925151320906,1
898,901,-0.0048442746818153125,3,2171.043167711507,2162.6970814287456,3
902,913,-0.00410614426233976,11,2167.3959705510115,2160.663725992866,11
915,916,-0.004757835001228616,1,2148.0283672666574,2139.9564310845108,1
919,921,-0.0004317744872618225,2,2154.040352518917,2155.264333202686,2
922,924,-0.0033797590212056084,2,2158.8400642059273,2153.702545087793,2
926,927,-0.002778716171616814,1,2158.02991531569,2154.191392606485,1
930,931,-0.0009390952291513652,1,2152.960845725955,2153.09197131291,1
935,937,-0.007653451331570421,2,2143.7281096250063,2129.464918979497,2
939,940,-0.005091842813737785,1,2142.5414594871695,2133.7745166130317,1
941,945,-0.008984380110991879,4,2135.3864026378183,2118.3366659153144,4
947,953,0.002455772116491969,6,2108.657843816835,2115.944884796719,6
955,956,0.0005981585578550971,1,2120.6354930287857,2124.024604790061,1
960,964,-0.0028489798467325224,4,2140.6167890701813,2136.6588317676133,4
968,970,-0.0021770722198517518,2,2149.527591163988,2146.997441950624,2
974,975,-0.0016152601105986564,1,2146.524437998283,2145.2037671351572,1
976,978,-0.007470812608430812,2,2142.4766814013333,2128.6131162780525,2
979,980,-0.002398307953193951,1,2129.3259211712766,2126.348467800761,1
982,983,-0.004380692421170795,1,2127.1047324929577,2119.9136456447823,1
987,989,-0.0016210303504724478,2,2129.0201401339523,2127.697954010162,2
995,1003,-0.0007231673081839573,8,2140.764089427577,2141.3567229129962,8
1005,1007,-0.0030837853178800087,2,2145.6161049340594,2141.145101596791,2
1008,1009,-0.00343734476575241,1,2144.3395161953645,2139.1130214995696,1
1010,1014,-0.006853410156698687,4,2143.6331517264857,2131.085587663934,4
1015,1017,0.001572458333105633,2,2128.9206804374626,2134.397240182375,2
1018,1022,0.002301226330899924,4,2139.1588469702515,2146.220694481847,4
1024,1027,-0.00805589795196619,3,2151.484007814223,2136.3033562097985,3
1030,1033,-0.00214213668714532,3,2147.9967043796823,2145.543398539743,3
1037,1038,-0.0035306961758194556,1,2149.8678078612916,2144.4271456214196,1
1039,1040,-0.0017006878262411794,1,2147.682408121136,2146.1775532031334,1
1041,1046,-0.0052940377279136926,5,2149.6769427816976,2140.446148886567,5
1047,1050,0.0003368057003994402,3,2138.8549441138775,2141.7141775954965,3
1052,1055,0.00018139355467418133,3,2144.0845503203427,2146.6175579887677,3
1056,1057,-0.004888370978206832,1,2147.428067792642,2139.0780708160505,1
1060,1061,-0.0010793913101262462,1,2142.1427834538895,2141.9727159318336,1
1062,1063,-0.001091227025027138,1,2144.4585094796344,2144.2628769095204,1
1064,1065,-0.0032453547596751576,1,2142.893861467197,2138.082304535873,1
1066,1069,0.0009223623682157707,3,2138.9239816038826,2143.035768574592,3
1073,1078,-0.005901137302670679,5,2157.4916177814725,2146.9174551333645,5
1079,1080,0.00010603594484445656,1,2149.7714450667554,2152.1491695581994,1
1081,1087,0.01216277243955887,6,2154.213540722943,2182.5689633456955,6
1089,1090,-0.0030035379594376493,1,2183.844845033304,2179.4694289887575,1
1091,1094,-0.013120478775835404,3,2183.7790163880954,2157.310569168849,3
1096,1105,-0.001109010887079393,9,2148.478129648013,2148.243922141229,9
1106,1108,-0.0013446909234004689,2,2157.463529281054,2156.7198711849433,2
1110,1112,-0.003898687210111481,2,2157.6554104630504,2151.4010423209133,2
1116,1123,-0.003375103793593829,7,2131.3553670372644,2126.2931768195176,7
1124,1126,-0.004751362415218569,2,2127.860467652364,2119.8780918691837,2
1134,1136,0.001630059618348677,2,2138.8626457541977,2144.4879820279903,2
1142,1145,-0.0039662408282460145,3,2146.647239935577,2140.2797672486386,3
1147,1148,-0.004673510033924748,1,2153.6693542456387,2145.757828263061,1
1151,1152,0.0009653386442881138,1,2145.3914150063906,2149.6078356614266,1
1153,1154,0.0006085751747199912,1,2154.536271427426,2158.002004986678,1
1164,1165,-0.003873499632326189,1,2171.870354152371,2165.629485488254,1
1169,1170,-0.003849322767215903,1,2168.881197651288,2162.7013550754336,1
1171,1172,0.0011115428958704465,1,2163.941649816302,2168.5109054340496,1
1173,1175,-0.0005344442861206789,2,2168.7792772290713,2169.7889648137284,2
1178,1182,-0.005930410116615968,4,2175.0775396250096,2164.3535153192183,4
1183,1188,0.015668568109774652,5,2170.0756969179756,2206.2477514754196,5
1193,1194,0.0007500416523960746,1,2211.832362392641,2215.7031611549455,1
1195,1197,-0.001495215835278221,2,2215.9123525425775,2214.81499765601,2
1199,1200,-0.001285370712424888,1,2225.0787929820276,2224.443820661673,1
1202,1205,-0.0031683242286905727,3,2230.400008370014,2225.5637779921935,3
1209,1214,0.007902190264705428,5,2245.8957902340308,2265.889181873395,5
1216,1225,0.0055132859630162125,9,2283.505542503843,2298.378667100303,9
1226,1231,-0.0031731113605131906,5,2297.779725894965,2292.7863946686657,5
1233,1234,-0.0008027510809286945,1,2293.646835031933,2294.099254390874,1
1244,1245,0.00044778241662464177,1,2287.649289139391,2290.961307555611,1
1246,1247,-0.0014239149748724953,1,2296.136934717459,2295.1635678864745,1
1250,1252,-0.004250990919119384,2,2298.313299050503,2290.8415033859983,2
1256,1259,0.005357137550779272,3,2286.795666229438,2301.3331408301847,3
1261,1263,0.00040768469819818195,2,2336.8669548508524,2340.156526704921,2
1268,1273,0.005221226749469751,5,2376.535880056761,2391.320848644845,5
1274,1275,-0.001353844493651979,1,2387.141113923925,2386.2964371851926,1
1279,1280,-0.002527912247279467,1,2378.6407800623624,2375.0064256826267,1
1284,1290,0.0031938269869695524,6,2347.307582415691,2357.151784301544,6
1292,1294,-0.0021127165657212955,2,2379.236500709754,2376.5890848416457,2
1296,1298,-0.0008134444458206022,2,2377.6635393545703,2378.1071056938067,2
1299,1301,0.000512915397285656,2,2368.968292975879,2372.552341582004,2
1302,1306,-0.01672328056685208,4,2368.913563634189,2331.666471034547,4
1307,1308,-0.0007674534019237862,1,2337.104793242323,2337.648279011339,1
1309,1310,-0.001209043980179558,1,2340.512481730365,2340.023211685524,1
1311,1312,0.0009817440705652777,1,2353.7683102554543,2358.4328766477875,1
1315,1316,-0.002622349010908412,1,2367.9645612904296,2364.122896326554,1
1318,1320,-0.00589816871642378,2,2341.2570701355985,2329.7891979975543,2
1321,1328,-0.0018614400238659453,7,2344.3419400742664,2342.322430097459,7
1330,1331,0.00272652054708123,1,2361.782506339868,2370.5837373774807,1
1334,1336,-6.299624295877913e-05,2,2421.499526916797,2423.7684810711917,2
1339,1341,-0.0008289801573989968,2,2434.6764529621873,2435.0928309459573,2
1345,1347,-0.008264789052591662,2,2436.5883774268045,2418.887076856802,2
1348,1350,0.001191973163065152,2,2415.3200136902615,2420.6143303404847,2
1352,1353,-0.0036292763419613445,1,2417.8363941064918,2411.4792340767344,1
1354,1355,-0.0016910376276086064,1,2424.449149676921,2422.7737640882706,1
1356,1357,0.0019190618342914026,1,2444.0302011999634,2451.1644764821417,1
1359,1361,-0.005680814175634383,2,2475.73874555627,2464.1502725409027,2
1364,1365,0.000297079113600133,1,2454.422387650331,2457.605967665305,1
1367,1370,0.0001873418303285849,3,2464.8445348606933,2467.7711478821902,3
1372,1374,-0.0027680200153273105,2,2473.139332414534,2468.7667725741317,2
1375,1376,-0.000580975450930599,1,2468.0343192821615,2469.0684862498865,1
1377,1380,-0.007037834949192559,3,2457.332246465432,2442.495279945945,3
1381,1382,-0.00037786369691648035,1,2446.30402118842,2447.8259557283804,1
1383,1385,-0.007557220208123906,2,2446.744017571582,2430.7001782554553,2
1386,1388,-0.0034604615933467395,2,2428.126208768884,2422.1518974884098,2
1389,1392,0.0027083791594680806,3,2424.891730378602,2433.8841483355045,3
1394,1396,-0.00041012177295082926,2,2441.559279400463,2442.999502059431,2
1408,1409,-0.0031362722491581774,1,2468.8890892739355,2463.61487002627,1
1411,1415,-0.002979479246230846,4,2456.2763056249696,2451.4141576549764,4
1419,1420,-0.0016400896621106475,1,2467.3779933404626,2465.798650194406,1
1421,1422,0.0010359052960349207,1,2465.5345577463277,2470.5541526100005,1
1423,1427,0.0037752446711295856,4,2481.9606974793924,2493.812667073984,4
1428,1431,0.0027007014394426006,3,2494.728393013373,2503.960637968416,3
1432,1435,0.003109419993685302,3,2515.4611351709527,2525.7982214531626,3
1440,1441,0.001905351003580151,1,2519.896965322385,2527.218150499503,1
1444,1450,-0.01236780024087207,6,2523.227470133496,2494.5439242907373,6
1451,1453,-0.0006308612163102958,2,2496.2783215170953,2497.199794660451,2
1455,1456,-0.006292270944961873,1,2493.258017656093,2480.0630206909586,1
1457,1463,-0.0249397275008474,6,2476.6315213526373,2417.341637611446,6
1466,1468,-0.00029834329322892667,2,2411.801131614461,2413.4933880538565,2
1469,1472,0.004731644519976938,3,2420.5700389714816,2434.443885970573,3
1475,1476,-0.0073723200999756934,1,2417.336781712723,2401.9327379502047,1
1478,1479,0.0001317025407469091,1,2381.5097844364022,2384.2049451102625,1
1480,1484,-0.010490015747127681,4,2394.2471717669764,2371.525728404392,4
1489,1491,-0.0025839315992430816,2,2387.622898587893,2383.841067231743,2
1493,1495,-0.011336621434767848,2,2390.732964889821,2366.0208632801346,2
1496,1499,0.010471879584632103,3,2381.816933565507,2409.140850620008,3
1500,1507,0.0034933839184649517,7,2410.0151165228735,2420.844239690715,7
1509,1519,-0.001310955273745106,10,2431.021594148125,2430.2656551628365,10
1520,1523,0.005749389245981889,3,2434.0868970278684,2450.5154969544537,3
1525,1527,-0.005060853066824524,2,2453.872486672689,2443.9076710595878,2
1528,1529,0.00011225122120787066,1,2436.6620767142635,2439.37225708476,1
1530,1531,-0.004207751703469946,1,2432.019872322703,2424.218556434387,1
1534,1537,0.0076593670491690155,3,2432.6642257274852,2453.729558165442,3
1539,1541,0.005691363792109594,2,2461.507226681155,2477.9780670117852,2
1543,1547,-0.00047942018884710054,4,2480.6632503103265,2481.954633516707,4
1550,1552,-0.0018860346736540917,2,2478.4391969686076,2476.24321390355,2
1553,1554,-0.0035950171981370986,1,2483.4345193982335,2476.989964109948,1
1558,1562,-0.004697932325303003,4,2479.1703774757475,2470.0025731969463,4
1563,1565,-0.003162892651335214,2,2467.702832968255,2462.3654566451487,2
1566,1567,-0.00045722327736300744,1,2462.89587715982,2464.232679712221,1
1569,1571,-0.0006168207722965281,2,2464.6917911726246,2465.636209869693,2
1572,1575,-0.010516346547331926,3,2457.597038921248,2434.2096938251766,3
1576,1582,-0.012603793164705446,6,2437.106688864919,2408.82700692701,6
1583,1587,0.0001691011027013102,4,2406.1853761359225,2408.998450112467,4
1589,1592,0.000570968016186761,3,2403.7297006235863,2407.505883102824,3
1594,1597,-0.01184477443792446,3,2391.783702209498,2365.8453474547323,3
1598,1599,-0.0017862554372534145,1,2352.894340422591,2351.044364454151,1
1601,1602,-0.0013971722671766258,1,2356.6659565056975,2355.729954144774,1
1603,1606,-0.002795421771315598,3,2357.393747379455,2353.1612313218466,3
1611,1613,0.0025480017141984394,2,2366.933590690714,2375.3314751278785,2
1615,1616,-0.004307233826186845,1,2383.302873775261,2375.4207338930632,1
1618,1619,-0.0021451144281015517,1,2387.709229499643,2384.9750292108315,1
1626,1627,-0.0010304648727141696,1,2373.001742084625,2372.929448888602,1
1628,1631,-0.018219084024970904,3,2364.0158981545865,2323.3097097678956,3
1632,1633,-0.011996661440595042,1,2314.1961889162044,2288.7477569195776,1
1636,1637,0.001798784982586528,1,2284.35974200614,2290.753173746892,1
1640,1646,-0.07125107493837565,6,2281.8334487680336,2121.5321961617383,6
1650,1652,0.0018821791772800482,2,2163.292898885328,2169.5278966328533,2
1653,1656,0.0055021498031132005,3,2174.3661947846813,2188.5042495099965,3
1659,1660,0.002339167927772744,1,2199.3189252733537,2206.66282049157,1
1662,1665,-0.014328374991548144,3,2213.149872033676,2183.652180626714,3
1666,1667,-0.01149987876851077,1,2166.744410079775,2143.993856451589,1
1669,1673,0.0010180353441371715,4,2118.2874562285097,2122.562235184221,4
1674,1675,-0.005786558159717389,1,2127.7609593870316,2117.5763078049495,1
1677,1683,0.0017768312954268336,6,2094.8888295286265,2100.7059823909017,6
1685,1693,0.009166266603252225,8,2118.5339345775496,2140.071515364502,8
1694,1696,0.005910878246339673,2,2139.940678405416,2154.729547888265,2
1697,1699,-0.004109494591234121,2,2168.1730068620964,2161.431084624399,2
1703,1704,-0.001128863820612463,1,2151.7312914025724,2151.454011087431,1
1705,1706,0.0032544425290880353,1,2146.518076843105,2155.6503146386826,1
1708,1709,0.0014109890851199962,1,2175.5737731007966,2180.819057721616,1
1715,1717,-0.0011696711411373023,2,2221.889661967885,2221.5126714134576,2
1718,1719,0.0032482764865743065,1,2211.613798328546,2221.0093452253686,1
1720,1723,0.00551671180660715,3,2225.529437022949,2240.032570981148,3
1727,1729,-0.0007718860827244708,2,2230.7057978382136,2231.2146528760477,2
1730,1734,-0.0025811899130370975,4,2248.713573460244,2245.157930240579,4
1737,1738,-0.003733246854359229,1,2252.5016752601537,2246.34503214181,1
1740,1741,-0.0016656108275166902,1,2255.8704239763333,2254.36889219666,1
1742,1743,0.0006516846523349456,1,2264.3617183665237,2268.1017298640845,1
1747,1749,-0.005820759558331904,2,2260.0656009052973,2249.170368057276,2
1751,1754,-0.0024230376490818302,3,2249.8503370018047,2246.6487152674517,3
1759,1762,-0.008625266766838115,3,2263.229238536295,2245.9715118379477,3
1764,1767,-0.005642928559989534,3,2236.4664342949254,2226.0826804136796,3
1769,1774,0.007728716472386325,5,2216.3569284040113,2235.702879633659,5
1783,1784,-0.010361795896158162,1,2204.8387860101616,2184.1975353116013,1
1785,1788,-0.011493151237898094,3,2162.6211868853875,2139.9284757011164,3
1792,1795,-0.0034389125183105435,3,2121.1471471681484,2115.9738548377413,3
1803,1805,-0.003587323316628337,2,2170.375468168931,2164.7600051142995,2
1806,1807,0.003553262447797887,1,2174.427178921711,2184.3279165409663,1
1809,1811,0.0010650412367280869,2,2196.556718180662,2201.092698382517,2
1812,1814,-0.0025155736976112154,2,2200.6803887477868,2197.345095433752,2
1820,1822,-0.012356298968344889,2,2181.850429432366,2157.0726836515205,2
1824,1826,-0.019675780303561072,2,2135.378138747608,2095.4982857633304,2
1827,1828,0.006713523967241567,1,2095.817382202899,2111.9835198114824,1
1829,1830,-0.003989892720151173,1,2114.403709795721,2108.0818695363423,1
1834,1835,-0.005438917000682098,1,2135.624025836163,2126.144168040814,1
1836,1840,-0.016387704025255967,4,2120.2318172431965,2087.6063175745276,4
1841,1845,0.008134702290898476,4,2081.6743171094454,2100.6897922628496,4
1846,1847,0.0005359277641205087,1,2123.3860268716376,2126.6473944242553,1
1848,1850,0.004117756073317234,2,2134.078226346467,2144.999918150286,2
1851,1852,-0.002264519187589599,1,2148.00150494222,2145.285315824249,1
1855,1865,0.003975707150882101,10,2165.4602925036043,2176.2349887659657,10
1872,1876,-0.010290053197679172,4,2190.2985299413817,2169.950540079428,4
1879,1882,0.017739598921770842,3,2214.787340558246,2256.291567017323,3
1883,1887,0.009862403807271249,4,2261.377054124946,2285.9410448473486,4
1891,1899,0.010299175714463975,8,2298.1487824552964,2324.1159693662403,8
1900,1901,0.001128721110776144,1,2330.5448068711044,2335.5058868011006,1
1903,1907,-0.00328268072592023,4,2330.0372993376254,2324.718568103752,4
1910,1912,-0.008554470731445551,2,2342.1461995683026,2324.4525246548974,2
1913,1918,0.00162287614104054,5,2308.477014548807,2314.5318638324075,5
1919,1920,0.0003196660040911429,1,2316.586650436356,2319.6437710844684,1
1921,1926,-0.013742181517653489,5,2321.5764098543436,2291.9944618328773,5
1927,1929,0.0017920603783210319,2,2299.3576251993304,2305.77757052024,2
1930,1934,-0.001325744945288603,4,2312.611405440715,2311.858083964976,4
1936,1939,-0.011625002912328222,3,2321.8362716501356,2297.1667545019036,3
1940,1942,-0.0008487359336376767,2,2291.765630844872,2292.112292633343,2
1944,1946,0.0003853849225719857,2,2292.1383658463856,2295.313859778878,2
1960,1961,0.004960055149866921,1,2350.9863626845367,2364.9983710627216,1
1964,1966,-0.0005893571341197398,2,2382.651314564787,2383.629733328993,2
1971,1973,0.0018950882274721918,2,2428.8509544893013,2435.882692293928,2
1975,1976,-0.005342108326451773,1,2444.5382970453447,2433.923846951414,1
1986,1989,0.0019590511773643813,3,2419.547452584508,2426.707017322767,3
1996,1999,-0.007126979120328325,3,2389.2530024134703,2374.614099154501,3
673,675,0.002758999221657382,2,1976.6093256103325,1984.0393985268224,2
678,680,-0.004564316433493071,2,1993.177021470128,1986.0727078576413,2
687,692,0.007934607337134154,5,1997.1497060765744,2014.9934544938415,5
698,699,-0.0027630177189250866,1,2021.8597105663746,2018.2951360714653,1
700,703,-0.00058840995395693,3,2025.9560056460634,2026.7898689717085,3
704,711,-0.014173032776727542,7,2029.6438326037985,2002.9072678718258,7
713,715,-0.0010541066397704519,2,1995.1461915406599,1995.0382408843848,2
718,730,0.021339568455139214,12,1999.6886912222353,2044.3608736287622,12
735,737,0.005028258614225289,2,2058.460703469186,2070.869636936918,2
741,743,0.0004624167669328369,2,2063.03942937132,2066.056452823676,2
745,746,-0.0026567114904787054,1,2069.236768749589,2065.8086404182804,1
747,748,-0.004242944133356227,1,2065.843274674608,2059.1438603465685,1
750,752,-0.0024264458423170444,2,2065.1239345898166,2062.1781471394515,2
753,756,-0.008264019272325097,3,2061.127140771497,2046.1550734982206,3
757,763,0.009897033838824457,6,2051.4338268308416,2073.7883706599264,6
768,771,0.0007659115009866953,3,2089.3391970360485,2093.028785153557,3
775,778,-0.0023786055093658358,3,2084.6496419927394,2081.7757325111907,3
780,781,-6.0746727899569806e-05,1,2076.033911277261,2077.9838329214194,1
782,783,-0.0028562140668562915,1,2079.15852532833,2075.2991620263915,1
784,785,-0.002426680010858355,1,2076.286634708638,2073.3244380700867,1
788,789,-0.002698616942368097,1,2078.8561229510565,2075.324942719866,1
798,799,-0.005577677529001771,1,2078.5500250504238,2069.0350933078444,1
808,809,-0.0013315225060967473,1,2091.8301152626823,2091.1366265005418,1
813,815,-0.002154632804146397,2,2088.60173348228,2086.1901654060043,2
816,817,-0.002966740799426939,1,2083.7309524625252,2079.6327937832884,1
821,824,-0.00482083563391906,3,2078.427261772484,2070.485932828195,3
826,827,-0.0006588164991929229,1,2067.1908912762733,2067.8961827013954,1
835,841,0.0008150979172273855,6,2071.130523575806,2074.8898282754544,6
843,844,-0.0008523584812871616,1,2078.350667560068,2078.6575184090443,1
846,851,-0.005563017570097643,5,2079.1591670294033,2069.6719272192186,5
853,854,-0.002826177804393545,1,2079.7241892181846,2075.926243064574,1
855,861,-0.007871587607878271,6,2079.3811274535033,2065.092477866038,6
862,863,-0.00349871664814709,1,2069.617724226329,2064.446335963504,1
865,872,0.006745392893542441,7,2072.6273276861148,2088.6806406609367,7
873,876,0.012595465141323002,3,2096.9465747299114,2125.4555387898686,3
880,881,0.0021206123748757954,1,2163.2224340903026,2169.9730127877338,1
884,888,-0.004116906791683762,4,2179.0076001858897,2172.21583659774,4
889,893,-0.004163938801072466,4,2171.8906479756633,2165.0189188828467,4
894,895,-0.0035267079403461495,1,2165.2414901155385,2159.7705572496966,1
896,897,-0.0011460102352799447,1,2167.8018298312563,2167.4853085760424,1
900,902,-0.0034019518250579914,2,2166.6656876191746,2161.461461016507,2
912,913,-0.0024433656021023292,1,2164.3227513249076,2161.1988423137977,1
919,920,0.0005093922611547588,1,2152.489236739767,2155.738187335921,1
921,924,-0.003222154811913896,3,2160.8551515057356,2156.0533968329682,3
926,927,-0.0014194408759893062,1,2158.0923111649886,2157.1871190355278,1
930,932,-0.006063723051611656,2,2157.1423936606275,2146.2192219962394,2
933,934,-0.0034629988275299865,1,2147.504391143038,2142.215090345537,1
936,937,-0.0036799257556684897,1,2139.8601927780605,2134.125526333905,1
941,942,-0.0037564838417838455,1,2137.8650192176074,2131.972028836219,1
943,944,-0.0035082080010936417,1,2131.9337590986743,2126.5864257863013,1
945,946,-0.005867935004169789,1,2123.9660811203903,2113.626752286435,1
947,949,-0.0009689879911277138,2,2106.355076790268,2106.4203990925976,2
951,956,0.0021159222510262828,5,2116.1019125570897,2122.6955215918656,5
959,962,-0.0005226621039138049,3,2131.877222338771,2132.894848126796,3
965,967,0.0016638807440396914,2,2140.4893432433255,2146.1913515876136,2
969,971,-0.0005960095741578005,2,2148.72199075576,2149.590053867822,2
972,975,-0.004089826494593973,3,2149.201019092192,2142.5603608411925,3
976,977,-0.0044597915674769555,1,2143.2096172512624,2135.794558690161,1
986,987,-0.0005467566547290622,1,2126.434391861021,2127.3981840982874,1
989,1000,0.007044243233297915,11,2127.9426919913926,2145.06038059229,11
1003,1006,-0.0010355587689268946,3,2148.205729339984,2148.129341788847,3
1007,1015,-0.008423748672824638,8,2145.6390768789197,2129.710391629579,8
1017,1018,-0.0013757265848684255,1,2137.2049549947355,2136.4019502758315,1
1019,1021,-0.0008996320496201735,2,2146.60986443824,2146.825315270599,2
1023,1025,-0.003935550092293175,2,2151.4203778423403,2145.1047755536038,2
1029,1030,-0.0034516485818943017,1,2143.875596604536,2138.6195670383627,1
1032,1035,-0.00216970532949674,3,2149.4741863603303,2146.959934948929,3
1037,1040,-0.004325939028862896,3,2150.998288404226,2143.844199245805,3
1042,1051,-0.002409922521525669,9,2147.508082136063,2144.480262125901,9
1056,1060,-0.005597269453451534,4,2148.150344928153,2138.2747189659935,4
1063,1064,-0.004198421730226479,1,2148.8790910463977,2142.0060694659655,1
1065,1067,-0.004089082896367659,2,2139.9695702391223,2133.3590268409494,2
1070,1071,-0.0010395048125576194,1,2147.6118660755105,2147.5270250712947,1
1072,1073,-0.00486046364658844,1,2162.877062117303,2154.527353846959,1
1078,1079,-0.0007215930653115073,1,2149.1867453484706,2149.785093842316,1
1081,1087,0.010723035395829736,6,2158.4380557385334,2183.741501465662,6
1088,1089,-4.3936730702955995e-05,1,2185.0768172233056,2187.1658889088453,1
1091,1092,-0.005126194446546804,1,2181.0510654007394,2172.051624607048,1
1093,1095,-0.011067462591515961,2,2174.6014794483613,2152.7087604025596,2
1096,1098,-0.008655756251653898,2,2149.668591453,2133.2112526949995,2
1100,1101,-0.0036525298396549023,1,2150.6049565207118,2144.900412700231,1
1103,1104,-0.0023336370113347764,1,2152.6448589153088,2149.7740120592,1
1108,1109,-0.0027759355759215173,1,2159.364523292755,2155.5296310144568,1
1110,1116,-0.01392019895529105,6,2155.5243089606274,2127.67450603589,6
1117,1119,-0.003737410681440119,2,2129.8269336402914,2123.9967226425256,2
1122,1124,-0.001689357627717294,2,2128.441914388906,2126.9746567200687,2
1126,1128,-0.00024290744342606344,2,2127.3847255259006,2128.9953526665654,2
1132,1136,0.002217684042448731,4,2136.0841920499447,2142.957436068031,4
1137,1139,-0.00217503007600386,2,2147.959857621615,2145.4359401868605,2
1144,1146,-0.0030330505409903088,2,2146.7384242429753,2142.3739965282034,2
1148,1149,-0.0051335166798429305,1,2150.61059416034,2141.7210093975314,1
1150,1152,3.146688854636535e-05,2,2145.812485569586,2148.0258200974804,2
1153,1157,7.04296984295901e-05,4,2155.052687269947,2157.3595196680812,4
1158,1160,-0.0011129062591013884,2,2162.4604875895943,2162.216332265486,2
1161,1166,-0.0008075361748478101,5,2164.6753312289143,2165.091952923375,5
1170,1173,0.001555892761984199,3,2163.3413301076353,2168.8705985549586,3
1176,1177,-0.0015012453697790106,1,2180.1706385876973,2179.077838149777,1
1178,1180,-0.005913739527328693,2,2172.8625645110897,2162.1856838403987,2
1181,1185,0.014199143552122474,4,2159.687598073611,2192.5129999044702,4
1186,1187,0.0001704072646256478,1,2206.790825646735,2209.373669660581,1
1188,1191,-0.001125149036162918,3,2211.983816116722,2211.7069884741272,3
1193,1194,-0.0036575069529116563,1,2215.1332270158205,2209.2464950634003,1
1199,1202,-0.001688359500996382,3,2228.297953922594,2226.7640838549605,3
1203,1205,-0.002853657657613974,2,2227.981331039285,2223.851416383983,2
1206,1208,0.0007775657385122286,2,2229.195663563794,2233.158205399785,2
1211,1212,-0.0005147801330005789,1,2258.256727934035,2259.352478963214,1
1216,1217,-0.002377291532162814,1,2284.93482935085,2281.7878079588413,1
1219,1220,0.0002849197930189825,1,2285.8418508223053,2288.778974260138,1
1221,1225,0.002537119480294984,4,2294.4656922721356,2302.58149156914,4
1226,1229,-0.006526571988783993,3,2293.4787762620476,2280.803700700287,3
1232,1235,-0.002920755179079212,3,2298.533735741938,2294.1188151647234,3
1238,1239,-0.0029899160859433406,1,2288.1997251702724,2283.646399729305,1
1241,1243,0.0009315038456165186,2,2281.5700828404542,2285.976944229504,2
1246,1247,0.0009213380272893479,1,2293.062682776202,2297.468431307578,1
1248,1250,-0.0018930437831355968,2,2301.9049003265045,2299.8491984658986,2
1262,1263,-0.0006495024357382317,1,2339.3205519461153,2340.1404781016,1
1265,1267,0.002149241548630632,2,2358.403148245995,2365.8303294288726,2
1268,1269,-0.0010327749227568793,1,2375.162339392974,2375.0844936307653,1
1280,1287,-0.018183475165839378,7,2380.186432626667,2339.2865581715587,7
1289,1294,0.013172098420117198,5,2349.745680071327,2383.046507111543,5
1297,1298,-0.00271734968806897,1,2381.8013608381575,2377.71097501408,1
1306,1309,0.004462198590416919,3,2331.2473933221136,2343.9811295478307,3
1310,1318,-0.00508168351132222,8,2349.392738170777,2339.8032605697654,8
1319,1320,-0.003544862800212585,1,2337.93980860393,2331.9900725558778,1
1321,1322,-2.8880892170937938e-05,1,2340.491270515397,2342.7641663099016,1
1324,1325,-0.0053559118956129125,1,2342.4110585482167,2332.2077223538713,1
1330,1332,0.0082726059843326,2,2362.6939365735607,2384.602266508979,2
1333,1335,0.0060169159364466636,2,2403.693001026228,2420.5595127514543,2
1337,1348,-0.002870352692246343,11,2423.9287681286846,2419.395166431402,11
1349,1351,-0.0031074826648441454,2,2425.9166252933414,2420.8040480591785,2
1355,1356,0.0003134800522391094,1,2431.4576541203505,2434.6513252469017,1
1358,1360,0.0011723102521731042,2,2463.9363347438007,2469.2887689044665,2
1363,1365,-0.004126096038526412,2,2460.4827631739718,2452.791057755151,2
1368,1371,-0.003465584952308124,3,2472.353623661883,2466.2578257705977,3
1373,1374,-0.0037511409481164786,1,2476.575900804022,2469.7624914322014,1
1378,1381,-0.0020489716593321463,3,2448.9379072551533,2446.3690407949784,3
1383,1384,-0.005138540926513333,1,2449.056320351085,2438.920800537976,1
1386,1388,-0.004832141918837711,2,2429.6672974197977,2420.356467520526,2
1389,1390,-0.0008282870870487686,1,2427.2712409851083,2427.6880348004206,1
1392,1394,-0.001079141817586618,2,2440.4844886898327,2440.291344311606,2
1396,1399,0.005754918363453498,3,2444.431031876885,2460.9429639423056,3
1400,1404,-0.0034063960956063496,4,2464.6151890390515,2458.684348670976,4
1405,1406,-0.0011303250380949197,1,2456.74024853614,2456.42007376966,1
1408,1409,-0.006247566402532448,1,2472.3760310225484,2459.402073627728,1
1410,1411,-0.002569033848517339,1,2458.1046062338983,2454.247756903521,1
1415,1416,-0.001925208189231726,1,2457.39763331014,2455.124028895603,1
1419,1421,-0.00161527034188645,2,2465.0657339962668,2463.5490521593383,2
1425,1426,-0.002478611324352401,1,2491.8642424367627,2488.179743749147,1
1427,1428,-0.0009219611730060369,1,2493.9993729302464,2494.1940017158336,1
1431,1438,0.0032620301431594114,7,2502.1241685651853,2512.788297193538,7
1440,1446,-0.009525132116051011,6,2522.163439110769,2500.661662574076,6
1452,1457,-0.010871662156816606,5,2496.3292762340243,2471.6863569868715,5
1458,1463,-0.01425917095097843,5,2455.87300549361,2423.310165479877,5
1467,1471,0.005921529419594086,4,2414.3457689393717,2431.056734208158,4
1472,1477,-0.021905406493475173,5,2437.325045964259,2386.371775121648,5
1479,1480,0.004078089453426741,1,2382.9789494790184,2395.0799297501057,1
1482,1486,-0.003924494082918475,4,2374.1158980605137,2367.172810164473,4
1489,1491,-0.0006283875933401694,2,2386.4242121660573,2387.3110370108516,2
1493,1494,-0.008298538078565863,1,2391.4694735507996,2374.0152425343613,1
1496,1499,0.00800929349495699,3,2383.0883382711017,2404.5582805349954,3
1503,1505,-0.004628161988437098,2,2420.751040438874,2411.968163530484,2
1506,1508,0.000828458507632134,2,2419.18910573603,2423.612492637984,2
1511,1520,0.0011556912431954147,9,2429.884483703714,2435.1225644072106,9
1521,1523,-0.0001396777494178284,2,2445.707393624585,2447.8114901137337,2
1524,1531,-0.011652530342494385,7,2453.7978606261895,2427.658704461521,7
1534,1538,0.007213030102123492,4,2428.3620090404397,2448.306219319542,4
1539,1541,0.0065202587022378765,2,2459.7336130746216,2478.231446183533,2
1542,1545,-0.00016627522404657309,3,2481.507746231256,2483.5766407210094,3
1547,1548,-0.0025125867499996104,1,2482.881758243819,2479.126184194484,1
1549,1550,-0.0018149956522369665,1,2476.552215561355,2474.5338362731345,1
1556,1558,-0.0015487207627427806,2,2476.0821971565683,2474.7235194447308,2
1560,1561,-0.002618895395143488,1,2478.2760708847254,2474.264001165676,1
1563,1566,-0.004269304490241438,3,2471.1450293116923,2463.0661037713257,3
1569,1571,-0.0014368513968575493,2,2467.1107150954103,2466.0329543333187,2
1581,1582,-0.003726896991209317,1,2413.7055957337284,2407.123669207057,1
1586,1588,-0.0026867786064533614,2,2407.5180169956666,2403.4570671099473,2
1589,1591,0.000632606928160883,2,2402.2125026503145,2406.134371425056,2
1596,1597,-0.006527405188271207,1,2377.6493306222224,2364.5070993762515,1
1598,1603,0.00014878304125579196,5,2352.701776221462,2355.4045201231174,5
1606,1611,0.002102168679067021,5,2359.1752297862627,2366.4937892925363,5
1613,1615,-0.0035395952040837494,2,2380.6473843530175,2374.6015036731,2
1624,1628,-0.009585546704403342,4,2388.8748125768852,2368.3650163025336,4
1630,1632,-0.01011213574749394,2,2341.1814460072897,2319.848282861757,2
1635,1636,-0.005269464338150029,1,2291.300291076559,2281.517666195815,1
1639,1642,-0.010316703547674635,3,2285.169942395399,2263.8796914860445,3
1643,1644,-0.0174703580471324,1,2240.293370842171,2203.3949368937833,1
1648,1649,0.002662698847132576,1,2152.2577607242015,2160.140832743138,1
1657,1659,-0.0013352386854730922,2,2195.1295392129146,2194.3936468717457,2
1664,1666,-0.017479155103193856,2,2196.0617321747513,2159.872490274055,2
1667,1668,-0.009303740493486999,1,2148.773368052192,2130.9305116245705,1
1670,1673,0.005698806721468756,3,2110.9078609348294,2125.048424702061,3
1674,1678,-0.02642688739844962,4,2126.6299487095375,2072.5563684655294,4
1688,1691,-0.00014277807444216216,3,2130.4590750714424,2132.2853513020973,3
1692,1698,0.014779678175453344,6,2131.765388579002,2165.4039603563488,6
1702,1705,-0.0029921885916875213,3,2153.5598046049863,2149.2695073307355,3
1711,1712,0.004041283639118387,1,2191.6575009567196,2202.7062680588438,1
1715,1716,-0.005200137763601553,1,2223.9091206309404,2214.5683959505604,1
1717,1721,0.0040337044692242046,4,2217.4815713008165,2228.6437181966958,4
1726,1730,0.0008531226648908329,4,2240.732782871215,2244.8851355771176,4
1732,1734,-0.005494054357776038,2,2258.36458750607,2248.2153742901414,2
1735,1737,-0.0002929333606869833,2,2245.761216895347,2247.3491197316766,2
1738,1741,-0.0006167833308214233,3,2252.105621764112,2252.968666179123,3
1742,1745,-0.0027411869478273752,3,2263.5707072433142,2259.629407472378,3
1750,1760,0.0037420872554130118,10,2251.8253474637927,2262.5036997454167,10
1762,1763,-0.004927952010712024,1,2248.668971006739,2239.8363072006473,1
1765,1766,-0.0021085289329825898,1,2238.173612241569,2235.692532035361,1
1768,1770,-0.001095854290811034,2,2215.271006609869,2215.058663378576,2
1775,1776,-0.002537838009948507,1,2243.6515554890957,2240.2011828459845,1
1777,1778,-0.005798742631952989,1,2242.8212615120165,2232.058539508548,1
1780,1784,-0.015602924087365806,4,2216.924376090793,2184.5507977193083,4
1785,1787,-0.01039817816783091,2,2164.8577177607267,2144.5119992212076,2
1791,1792,0.004294516893286939,1,2110.5014910171085,2121.675576814606,1
1796,1797,0.002959341246523064,1,2123.790639701889,2132.1994515806405,1
1798,1800,0.009527418772833716,2,2134.9919174985425,2157.467871490665,2
1807,1809,0.0045588226904796,2,2182.945285953941,2195.0798917415773,2
1814,1817,-0.006267167481063581,3,2202.7687071843084,2191.1663554815227,3
1818,1819,-0.004011594630643706,1,2193.30375979253,2186.698417966168,1
1820,1822,-0.01181382064013882,2,2182.5255407332447,2158.9241009932334,2
1825,1827,-0.008082630071363246,2,2113.5447452887634,2098.5752897186094,2
1829,1830,-0.0029597020769270644,1,2113.1063312402407,2108.9652723741415,1
1831,1832,0.004147284086994607,1,2108.3886397706033,2119.2411150652947,1
1837,1838,-0.0053444236448307375,1,2115.1651867715036,2105.9760131213707,1
1839,1840,-0.006397095950031871,1,2096.9854333290714,2085.667801739575,1
1851,1852,-0.0034938613339352024,1,2150.972979705676,2145.608751361249,1
1855,1856,0.00413713728716595,1,2167.628796491481,2178.764203206672,1
1857,1858,0.0004200784513483666,1,2180.1375713505618,2183.2335377366117,1
1865,1869,0.015029185515148397,4,2181.459669141074,2216.4266908715504,4
1881,1882,0.0008802559544208585,1,2247.9349336381288,2252.1616266822525,1
1883,1885,0.002023757139583732,2,2261.3214519063035,2268.159138791399,2
1887,1889,-0.0009761292800629787,2,2288.5094660996883,2288.564094468227,2
1892,1898,0.002813690701689416,6,2308.1816646673565,2316.9843556197084,6
1900,1904,-0.005286701465242085,4,2331.5299727833417,2321.5353998327555,4
1907,1909,-0.0004124489005997514,2,2327.8652482974658,2329.2329880833586,2
1912,1913,-0.012569990782065554,1,2331.2322405549476,2304.259905020873,1
1914,1918,0.0004890360820204458,4,2309.10949577096,2312.547843127499,4
1925,1927,-0.0022364285981973345,2,2299.0675849832064,2296.2249520719447,2
1932,1936,0.004825482680830942,4,2304.266167389389,2317.6896300395406,4
1938,1939,-0.004663276437523884,1,2304.5897670428103,2296.1474176510437,1
1948,1949,-0.002420849797417536,1,2302.0309129635593,2298.760072807226,1
1953,1954,-0.00609569220407833,1,2276.373617086058,2264.773917791903,1
1955,1960,0.03664481562267672,5,2260.907877978456,2346.019338184812,5
1970,1971,-0.00022985972524257315,1,2425.7125560882123,2427.5806950226406,1
1976,1978,-0.0037788311582377166,2,2436.760495535722,2429.9891495455645,2
1987,1993,-0.014513774847639053,6,2430.1285504015996,2397.288340320653,6
1998,2000,-0.0031553076903481953,2,2378.652940407852,2373.5262114327215,2
673,674,0.002428071309468458,1,1979.2341085256478,1986.019064187806,1
675,676,-0.001948472904584684,1,1985.5634968592028,1983.6802436820994,1
677,678,-0.000512990305074364,1,1988.4053367371457,1989.3737094135786,1
682,683,0.002683519716196339,1,1988.1340822576403,1995.4574133480783,1
687,689,0.0050229934535968215,2,1999.0060469416524,2011.0460472760824,2
691,692,-0.0027372588657355148,1,2015.6886312970958,2012.1868583518126,1
698,700,0.0016578482630544697,2,2017.933429258189,2023.2967901181025,2
701,704,-0.0011460196593680925,3,2026.7088273953827,2026.4128880627682,3
705,706,-0.006005575448485337,1,2026.0823899964125,2015.940681728438,1
710,712,-0.008120229713374602,2,2008.7117488246186,1994.4092597450328,2
723,725,0.0010038345277433515,2,2028.464090817616,2032.5287972010838,2
729,739,0.012425697980684443,10,2044.505685073944,2071.954600921539,10
741,744,-0.0019350889870728507,3,2067.130690977381,2065.197739833408,3
748,751,-0.005086510662664844,3,2067.9995662748515,2059.548663996883,3
754,755,-0.004174352131817128,1,2059.405580448282,2052.8683019537098,1
760,762,0.001451286260325028,2,2064.859653852039,2069.921215951026,2
763,764,0.0004461270773648547,1,2073.1755830918382,2076.173658438679,1
765,768,0.0025970301812837412,3,2078.2367322007503,2085.712212450329,3
772,775,-0.006586363917137159,3,2091.215338450027,2079.533048540346,3
776,781,-0.004037945711102111,5,2081.33654911361,2075.0135616708703,5
791,792,-0.002532088852052238,1,2075.170918502278,2071.9915722719375,1
799,801,-0.004085652181324237,2,2074.7321387184907,2068.3302369689904,2
805,807,0.0025711865200455466,2,2072.4877114867545,2079.888951664976,2
810,815,-0.004420176822206581,5,2095.1113332556597,2087.9456820337164,5
816,817,-0.0028421348691486806,1,2083.1506039765372,2079.313159611264,1
818,819,-0.003915107185463056,1,2080.784721619836,2074.7190111264404,1
820,821,0.00012976511977579302,1,2079.223355598135,2081.572389621513,1
822,824,-0.006041509007199228,2,2084.059299227146,2073.552495498555,2
825,828,-0.0016043758961380096,3,2067.8066335267995,2066.5569010396216,3
830,832,-0.004745574957710745,2,2062.4184193945584,2054.693476610553,2
836,841,-0.001997806970441271,5,2073.8010109230786,2071.7317578190714,5
842,844,-1.7187276558018995e-05,2,2077.0384147470977,2079.079754528189,2
848,850,-0.0040973004704296725,2,2079.1410310670276,2072.701306573414,2
853,859,-0.002916253082394848,6,2072.9765867387005,2069.00423896463,6
860,861,-0.00017952835286023537,1,2063.001014441205,2064.6936482815745,1
865,866,-0.003900023198611102,1,2071.6810326246077,2065.6731095698738,1
870,872,0.002182258213697279,2,2083.845202040141,2090.476535550407,2
875,877,0.006936329958519481,2,2113.147060379739,2129.917692701788,2
879,880,0.005270549980921845,1,2151.565064498064,2165.0565607722046,1
887,896,-0.0035473374648371868,9,2174.758220012444,2169.2183769216435,9
900,902,-0.0014493904614178812,2,2165.151121288652,2164.1781230272168,2
907,910,-0.0007422731316330717,3,2162.7102928376376,2163.2676813885955,3
911,916,-0.009715062929143155,5,2162.274971302749,2143.430608857734,5
917,918,-5.6861165285434926e-05,1,2144.389012945581,2146.411469500425,1
925,927,-0.0008328931486780984,2,2152.8621739187506,2153.221931937964,2
928,929,-0.00046932959427452964,1,2153.9756587011316,2155.1187098378573,1
931,935,-0.00695657079849855,4,2155.6652916951125,2142.8249187672645,4
940,941,-0.005254404850019468,1,2139.497129644189,2130.394842679228,1
947,948,-0.0015944065124188847,1,2106.5811788298047,2105.329013258169,1
949,951,0.0018548832347144877,2,2108.7016339897773,2114.7217309316698,2
955,956,-0.0009696890150891159,1,2122.3656509732496,2122.4299819664716,1
960,961,-0.0022021851555336968,1,2138.976871739546,2136.4054254963107,1
965,966,0.0037931765344238286,1,2133.1418868666838,2143.3664125034097,1
967,968,0.00037525402525327776,1,2146.6311588337403,2149.5833219756605,1
972,976,-0.0050358112526406925,4,2149.6160310220794,2140.9405864552236,4
977,979,-0.004210387466396331,2,2135.6538488377723,2128.7975724889025,2
980,981,-0.0027653404065260748,1,2125.0031903196846,2121.2518363238164,1
982,983,-0.002710112994381029,1,2125.4686345668765,2121.8338430357544,1
984,986,4.549227449760201e-05,2,2121.268273992615,2123.486043585211,2
987,988,-0.002510171937985789,1,2128.363345692706,2125.1491510942033,1
994,995,-0.0009345042025152542,1,2140.4799660937183,2140.6201585360977,1
996,1003,-0.0012153036973174402,7,2142.087114864586,2141.6259155887797,7
1005,1006,-0.0011055888540547263,1,2150.5168660612853,2150.2897954497726,1
1010,1011,-0.0017855839628669312,1,2145.849923067368,2144.164177781087,1
1018,1021,0.002912578655543378,3,2141.8908243949345,2150.2711407169663,3
1030,1031,-0.0013107252692147893,1,2145.3972764028695,2144.7306472565865,1
1033,1035,-0.001747475449513479,2,2150.2069151609103,2148.5996882804534,2
1036,1040,-0.004621303507562841,4,2152.469495066132,2144.674749733727,4
1041,1043,-0.0014183602305703257,2,2146.2452065410025,2145.3473029015336,2
1045,1050,-0.0011012803975421045,5,2137.4799517272786,2137.2634669080294,5
1052,1053,-0.0025264215654683493,1,2144.677658043879,2141.4039758156628,1
1055,1057,-0.0037251410948453047,2,2148.8098497078468,2142.9540396813995,2
1059,1062,0.0004820493193530746,3,2138.4265328732326,2141.595786460764,3
1064,1065,-0.0057901773675410675,1,2144.388088996689,2134.1160897055524,1
1068,1071,8.81718514366542e-05,3,2146.208281789658,2148.5437252292218,3
1073,1074,-0.0052980059517752235,1,2157.7716759267432,2148.497560421038,1
1075,1077,-0.00314542531347775,2,2156.1904537206747,2151.5645081405833,2
1079,1080,-0.003546925688262563,1,2153.435224953453,2147.9505854610097,1
1082,1083,0.002440810419609638,1,2168.3978771653838,2175.858923174994,1
1084,1085,-0.0002753439468326178,1,2182.7807140704613,2184.3624793276495,1
1086,1090,-0.003650582076225701,4,2189.0077951389117,2183.205650312398,4
1094,1095,-0.005433972820746569,1,2159.4870881592324,2149.911981103581,1
1097,1098,-0.006555515421966099,1,2147.8211574623433,2135.888903898436,1
1100,1101,-0.0015079589014233411,1,2145.4583783696216,2144.3685736886955,1
1103,1104,0.0037481349656012606,1,2144.59918810618,2154.782034498427,1
1105,1106,-0.0008376936819620075,1,2152.653450265223,2153.0028395207473,1
1108,1112,-0.006415337917130006,4,2157.231491541813,2145.5493540496395,4
1114,1116,-0.006403346889671883,2,2139.3139596810415,2127.7545042509673,2
1120,1121,-0.00017634801319421666,1,2125.3091012072555,2127.0596162710413,1
1123,1126,-0.004230870503419945,3,2130.9821664128744,2124.097238988097,3
1134,1142,0.0016056374366704993,8,2138.528257453886,2144.1004867408856,8
1144,1145,-0.0002625603630479657,1,2144.4986156441005,2146.080053924665,1
1146,1150,-0.0018508948761789526,4,2143.9481383765233,2142.1238638907853,4
1153,1155,-0.002232721753333163,2,2158.7214807445953,2156.060377815894,2
1156,1158,-0.004214573683820253,2,2159.0107098547614,2152.0704108437762,2
1160,1161,-0.003331136472501645,1,2167.195061917069,2162.1430344652085,1
1162,1165,-0.0006078516457910648,3,2169.1928935802944,2170.0435390034736,3
1169,1170,-0.0028495194951467244,1,2168.388872311741,2164.3783948193413,1
1175,1177,0.001889685406104629,2,2169.383215308046,2175.65205032557,2
1179,1180,-0.0023824775300325327,1,2162.769365569299,2159.779385518757,1
1182,1184,0.003485683037512584,2,2169.930700381009,2179.664321716286,2
1185,1187,0.00624965976938949,2,2197.8600911263256,2213.793829007711,2
1190,1193,0.001248400757719237,3,2208.9375521278853,2213.904128993844,3
1194,1198,0.0002808891001069697,4,2216.037830741634,2218.8763294444557,4
1199,1205,-9.344069868209674e-05,6,2225.3563260565834,2227.3737435327166,6
1207,1209,0.004449198888375269,2,2231.3772017517117,2243.536419919043,2
1210,1211,0.001461116122119167,1,2249.044210518653,2254.5793694845192,1
1212,1219,0.008178001112128942,7,2258.312720792781,2279.039517455752,7
1221,1222,-0.000711827480591921,1,2294.66160766276,2295.3228660794293,1
1223,1224,-0.002052562266363434,1,2306.91405266361,2304.485881980033,1
1225,1226,-0.004933701699610655,1,2300.7443985609884,2291.6939564099994,1
1228,1229,-0.0024675476727044877,1,2279.871530088458,2276.5257099304113,1
1234,1235,-0.0019222738902246479,1,2298.5726158244297,2296.4527023160695,1
1238,1240,-0.008723429736207568,2,2290.8484682190556,2273.155261038467,2
1244,1245,0.00108074337651553,1,2289.541519719882,2294.3054680722967,1
1246,1249,-0.002081185481805326,3,2295.26693983211,2292.7853305398958,3
1253,1260,0.008643420092195833,7,2293.7392913050653,2315.8587828730956,7
1262,1263,-0.0006830066252135106,1,2339.4952689863017,2340.2368734869146,1
1264,1265,0.0021446730812088328,1,2347.375614228533,2354.7573431340834,1
1271,1274,0.003273425940180233,3,2371.9217201801202,2382.057951987215,3
1275,1279,-0.004307799830491156,4,2386.1511271925397,2378.258216898486,4
1280,1281,-0.00436026494941931,1,2379.3267510255173,2371.3315827408305,1
1284,1289,0.0022717089344327546,5,2344.256941819274,2351.92666820043,5
1297,1300,-0.006132258228238898,3,2382.2414554866114,2370.0151771750384,3
1301,1302,-0.005205818663784679,1,2367.4765831726363,2357.5194059730557,1
1303,1304,-0.011368176482866768,1,2345.859358075467,2321.537074246956,1
1305,1307,0.0005786287404506774,2,2328.780395247657,2332.456674909793,2
1308,1309,-0.0024851721462304187,1,2343.9411241792336,2340.4599681091986,1
1317,1320,-0.016489261665422292,3,2366.975873061322,2330.313164407734,3
1323,1326,-0.005549626371572822,3,2342.32226445684,2331.665573311745,3
1330,1333,0.016744260694265982,3,2359.9621572105702,2401.837940956717,3
1338,1339,-0.00012390280336081955,1,2429.5824548263795,2431.7110052040566,1
1342,1344,-0.0028165973450089005,2,2436.704097038472,2432.2775868452195,2
1345,1347,-0.0079035177747576,2,2437.064928844457,2420.240607789941,2
1348,1353,-0.005112554492580464,5,2423.3001246889216,2413.3341708742614,5
1354,1357,0.010855115509491635,3,2428.0036486116146,2456.7879123233724,3
1358,1362,-0.002743781992824751,4,2467.9320538127085,2463.628518337755,4
1364,1366,0.0018743921829727376,2,2453.8603420514914,2460.913699036791,2
1367,1374,-2.275308371058201e-05,7,2464.387104489038,2466.7954191874433,7
1376,1379,-0.012709561309607362,3,2470.8298910529065,2441.897556958012,3
1383,1384,-0.004345999529811199,1,2447.0714521288633,2438.8835522006257,1
1386,1393,-0.0009491823831846748,7,2435.694616705461,2435.818392901172,7
1394,1395,-9.974201968075344e-05,1,2439.2652036653367,2441.4611716310515,1
1396,1401,0.005055838432127433,5,2448.0232463158586,2462.8480795736396,5
1402,1410,-0.006020699204897958,8,2464.939183378903,2452.563465180791,8
1411,1417,6.173042177601415e-05,6,2453.8917172950187,2456.497088783015,6
1419,1420,-0.0028409678362713168,1,2469.4296505063776,2464.8835099458606,1
1424,1426,-0.00019825034754813336,2,2490.0898148356323,2492.0862434792507,2
1427,1428,-0.0016703926961580814,1,2494.3661730272606,2492.6939681633194,1
1429,1430,0.0022384161581178405,1,2491.0729394220607,2499.140070280135,1
1431,1432,0.0028384767729986438,1,2507.335404733322,2516.959753446508,1
1433,1434,0.00043641796997906965,1,2525.8680558487,2529.496258113917,1
1435,1436,-0.0014022120248061449,1,2531.8995185785416,2530.8811581465684,1
1437,1438,-0.0014556109464647965,1,2519.374481371071,2518.226626779114,1
1439,1440,-0.001940222718220913,1,2517.0150297050786,2514.6484749920464,1
1443,1444,-0.0049481592052594125,1,2533.0357958809022,2523.0349672861435,1
1445,1447,-0.0070002788023265155,2,2519.467676726761,2504.3501682329506,2
1451,1458,-0.02040300256165745,7,2497.8413551034873,2449.3757328918005,7
1459,1461,-0.0018419359033945144,2,2442.7198717520937,2440.6632581901304,2
1462,1464,-0.01084624545742556,2,2435.950916636964,2411.9659459895156,2
1466,1470,0.0017816530498265962,4,2417.508943947114,2424.2336150740275,4
1474,1477,-0.01600388293642551,3,2429.954355930679,2393.495605233438,3
1478,1481,0.0007017919804933562,3,2384.7046355344005,2388.7629067589983,3
1483,1488,0.005350979286404568,5,2365.267182294216,2380.288945175779,5
1496,1500,0.006512097052578892,4,2382.7919763581713,2400.69174094068,4
1504,1506,0.00024099471337990313,2,2415.795151596227,2418.7931406079665,2
1510,1515,-0.0026579409736421557,5,2428.29425853308,2424.268289985798,5
1517,1520,0.003966820031330526,3,2417.553255954964,2429.5608078934492,3
1521,1523,0.0012822296194438415,2,2444.572804030474,2450.151880490719,2
1524,1525,-0.0029291740642909733,1,2451.50977487576,2446.7803857997137,1
1526,1534,-0.010333205079313078,8,2452.2959718939674,2429.4081906731076,8
1536,1537,-0.0037189055723417757,1,2456.645487539073,2449.966100433735,1
1538,1541,0.008611710524117584,3,2453.6653251355974,2477.2492459638656,3
1543,1547,0.00113994157113316,4,2481.9054888444116,2487.2166215756133,4
1550,1553,0.000671296611146392,3,2477.48968174275,2481.6303018519966,3
1556,1561,-0.005140785908957844,5,2479.2931695051047,2469.0269472846426,5
1563,1564,-0.003117620522421144,1,2468.429972539246,2463.2027745712376,1
1569,1570,-0.0027031237917188814,1,2466.9934979682025,2462.791902647797,1
1572,1573,-0.006730754661400334,1,2458.7666534515447,2444.6760649909816,1
1580,1581,-0.004357134051968363,1,2418.623370328426,2410.50372745301,1
1584,1586,0.0012962585010952324,2,2404.6515097733504,2410.173211244839,2
1587,1589,-0.005370839006806849,2,2410.5210284918326,2399.9850291537723,2
1590,1591,-0.0016616687826978092,1,2406.5953322461305,2405.002963242197,1
1594,1595,-0.00994581593573143,1,2399.1919542365454,2377.7292246194575,1
1599,1600,-0.0008522641263987883,1,2352.8714997816755,2353.219103308167,1
1602,1604,-0.0002616429188472347,2,2357.157148984177,2358.8975726565195,2
1608,1609,0.0013016275011035563,1,2358.628269048506,2364.056952737428,1
1619,1620,-0.0006504049104857652,1,2387.540653091248,2388.375325579584,1
1621,1622,-0.0020435965409989552,1,2382.5032251101634,2380.0168529855196,1
1625,1626,-0.005579718564137626,1,2384.8980041433974,2373.975842480247,1
1627,1628,-0.004703751505257867,1,2370.1329813476773,2361.3545977503495,1
1637,1639,-0.0031331746901521757,2,2287.4076928499626,2282.5282526535157,2
1648,1649,0.003166943253933882,1,2152.2186995082675,2161.186872699174,1
1650,1651,-0.001674789912548481,1,2163.8377718195334,2162.377635918718,1
1653,1656,0.00813149927926167,3,2171.0921015923677,2190.917427553269,3
1668,1669,-0.008592889561293159,1,2129.924708889365,2113.7524258008984,1
1673,1674,-0.0031842370511283398,1,2125.566667383611,2120.923925914068,1
1676,1677,-0.009924677027452245,1,2109.880282714356,2091.0502826245406,1
1679,1680,0.002571452592545011,1,2070.762268617536,2078.1578978903344,1
1683,1684,0.001190396959622828,1,2104.415189936895,2109.0246945707167,1
1685,1686,-0.0020978942265952342,1,2113.5174799103415,2111.19706127134,1
1693,1696,0.0051777080441486175,3,2142.33965310582,2155.5744020141105,3
1697,1698,-0.004233890346121974,1,2169.0360610031707,2162.021636225102,1
1701,1702,-0.003998197217539231,1,2158.8386702787943,2152.3660461844484,1
1704,1706,0.0009981849618476732,2,2150.026067703875,2154.3222174599414,2
1707,1712,0.011252124963107648,5,2169.2254549504732,2195.8030762976805,5
1715,1717,-0.0014066130270392022,2,2220.428838506036,2219.5259832146858,2
1719,1722,0.005964611842735598,3,2219.214679173265,2234.6706480094076,3
1724,1725,-0.002736815223710605,1,2237.8497935169094,2233.9630619271516,1
1726,1728,-0.007862557686411097,2,2234.7362447512637,2219.4002383577445,2
1731,1732,0.00080416956366906,1,2255.1020215520116,2259.1706079822643,1
1736,1737,0.001229378286647059,1,2240.792477455298,2245.788051549419,1
1738,1744,0.003228724104210029,6,2251.618244567759,2261.139716912042,6
1748,1750,-0.002066913807054787,2,2253.549873338475,2251.145529863724,2
1751,1752,0.0013111350273588879,1,2242.2660785888925,2247.448258263778,1
1753,1755,0.003965919230421837,2,2246.9403594650744,2258.098483805753,2
1758,1759,-0.0025099098141192515,1,2262.6615114450187,2259.245096622858,1
1762,1763,-0.007090035226724581,1,2249.8507440387166,2236.1490737526483,1
1764,1766,-0.004501972631888626,2,2241.241009680459,2233.3922450030914,2
1767,1771,-0.003029390140465561,4,2226.153188196184,2221.635454864893,4
1772,1773,0.001061604384180845,1,2228.872667281453,2233.467720944101,1
1774,1775,0.0010595516253191998,1,2238.6446419050308,2243.2552461157784,1
1776,1778,-0.004647875080746072,2,2240.9529746448197,2232.778258131489,2
1787,1789,-0.010165801863691308,2,2145.389270514022,2125.725057540001,2
1790,1791,-0.005158563905838806,1,2116.1659343740175,2107.365723100564,1
1794,1795,-0.004057283673093022,1,2121.9707007825837,2115.4832344042993,1
1796,1797,0.00011799719466764084,1,2129.9667788552597,2132.348075738755,1
1803,1806,-0.0019209395434763251,3,2173.9377547159897,2171.9356894726156,3
1807,1810,0.006684956896315573,3,2182.407151899655,2199.178856792215,3
1813,1817,-0.0036400011948272883,4,2197.1909572741815,2191.390370521714,4
1822,1823,-0.0070761212955120405,1,2165.4310353883784,2152.2736137602924,1
1826,1830,0.0033849787545873963,4,2098.509033244544,2107.710950771631,4
1840,1841,-0.004646388167297927,1,2086.0739867397583,2078.4673512384024,1
1843,1844,0.001625581294804816,1,2079.6829883421397,2085.1433650954546,1
1851,1852,0.0002589553850520436,1,2146.2188913285477,2148.920885159286,1
1853,1854,0.002205561073879397,1,2149.3811568565065,2156.2711294258556,1
1858,1859,-0.0016570778267674198,1,2185.6430639001906,2184.2069263056737,1
1861,1863,-0.007555106915931471,2,2186.0237115507766,2171.6940924008,2
1865,1866,-0.001280488147810169,1,2184.9935106210582,2184.380645838287,1
1867,1868,0.004443061119797906,1,2196.391245742301,2208.3463375358656,1
1869,1871,-0.008400127339386738,2,2217.383665786648,2200.974744299551,2
1872,1874,-0.010412933084047702,2,2189.990077170771,2169.3758471196343,2
1876,1881,0.033294356765258486,5,2167.753991103532,2242.0957198537494,5
1882,1886,0.011956292532581781,4,2254.406002885151,2283.6147465457393,4
1888,1893,0.015946736716629842,5,2282.2807965145566,2320.958008286509,5
1906,1909,0.0063740043694549536,3,2321.5257699653525,2338.6447111368793,3
1912,1913,-0.008977688821105518,1,2326.1092598614327,2307.552284022366,1
1916,1921,0.001799057492939135,5,2315.5856996097828,2322.067157112818,5
1927,1929,0.001689094519849517,2,2300.2478915969423,2306.433475596531,2
1938,1940,-0.008986498264864154,2,2308.1713802254444,2289.737173502265,2
1945,1950,-0.0026415582428328654,5,2293.7738601411147,2290.0084967538055,5
1957,1960,0.030360594913928077,3,2279.825459651335,2351.3221423659206,3
1962,1963,0.0019189147262700457,1,2367.1663712019053,2374.075927982338,1
1964,1972,0.022659661470790626,8,2375.887200366948,2432.0998872204145,8
1974,1976,-0.004265748200086454,2,2443.6686586530755,2435.6882521294715,2
1977,1983,-0.008578615698268843,6,2433.0627663879222,2414.6235187117013,6
1985,1986,0.002470755531030286,1,2409.826972144216,2418.1908924366116,1
1990,1991,-0.004207610999473992,1,2419.2988745039092,2411.5387048230355,1
1994,1995,-0.006016680701419758,1,2398.7248667651406,2386.6912300180243,1
1996,1997,-0.0028051074236614855,1,2386.620074248572,2382.3119686350865,1
1999,2000,-0.0012909129636207949,1,2369.9369379747473,2369.2474925965266,1
672,674,0.0014297970998742617,2,1980.4166088711763,1985.2286194039543,2
677,678,-0.0008772475747641887,1,1988.5696569004936,1988.8137586486284,1
680,681,-0.001703496434998787,1,1986.974507274311,1985.57667779201,1
684,685,-3.133927634207652e-05,1,1994.5982098073746,1996.5302987526934,1
690,692,-0.001392747197412311,2,2014.9087536630254,2014.1174038969828,2
693,699,0.0024509272754979906,6,2014.16291186851,2021.1136415983735,6
700,701,-0.0009216099396399484,1,2024.2618541802267,2024.4205361891604,1
702,705,-0.0024301418095238414,3,2024.5503607457483,2021.6549666293593,3
706,713,-0.014615613645034102,7,2018.4079389060876,1990.9260762318727,7
715,716,-0.000539289171877997,1,1998.032939634829,1998.9534550450633,1
717,718,-0.002822773507905551,1,2003.532647531122,1999.8806612989783,1
719,721,0.007068501921978848,2,1998.0654002749452,2014.186794797303,2
723,726,-0.00038932819104063577,3,2028.2336961016097,2029.4722812418004,3
727,730,0.003642844690181426,3,2033.124496751062,2042.5639780252804,3
731,732,-0.00027433792407605964,1,2048.1104454934425,2049.596681571041,1
735,737,0.0038235809827733567,2,2059.439017673317,2069.3728885541473,2
740,747,-0.003821464919826604,7,2068.3884187044346,2062.5525333404844,7
752,757,-0.00663718340491815,5,2061.042830449146,2049.4243540085126,5
758,760,0.0031579560022462674,2,2051.4430003257935,2059.972810062264,2
762,764,0.0006614408763780061,2,2071.0958304156743,2074.536833687223,2
766,770,0.003160007305990002,4,2080.2955683630944,2088.9496131261035,4
771,773,-0.00594075331101976,2,2094.6614491537393,2084.3122436633676,2
778,781,-0.0052297205797473155,3,2086.370593237666,2077.545828602469,3
783,784,-0.0015689904886793653,1,2074.890738309985,2073.7101452148377,1
786,788,-0.0010913347174980638,2,2076.4466804028884,2076.257028731934,2
789,792,-0.0051317389560461505,3,2077.6525431864893,2069.0682252366773,3
795,796,-0.0033974035071780624,1,2074.4327000545995,2069.459447824084,1
797,798,-0.002715628520415352,1,2076.0893469583148,2072.5275488637426,1
804,805,0.0008665694621063896,1,2070.6432437935223,2074.508243239304,1
806,807,-0.0007072337318785715,1,2080.2367624994786,2080.8457856532445,1
810,811,-0.0021929823214194358,1,2091.4532600202983,2088.958193255019,1
815,816,-0.0006319917900391393,1,2083.8379971014833,2084.604866592645,1
817,818,-0.0033280794576093647,1,2079.6413683367678,2074.7997979879483,1
819,826,-0.005650476281174498,7,2077.5592110937278,2067.8975712598008,7
829,830,-0.006498418932290295,1,2068.7049065320552,2057.3303003086576,1
832,833,0.00017615327970045493,1,2056.936276167551,2059.3555485149004,1
835,837,-0.0007832643367761355,2,2071.709660153602,2072.1586735208025,2
840,842,-0.003676208065607793,2,2077.5252187154447,2071.965328968615,2
847,849,-0.0023556375986849088,2,2079.865767013484,2077.046222779503,2
856,877,0.024455839885933042,21,2076.564413736557,2129.4251049654613,21
878,880,0.008885924340478333,2,2140.745206156628,2161.908451296934,2
881,882,0.00016372821965292337,1,2173.0803281167578,2175.60920301816,1
886,887,-0.0005292266135768882,1,2171.3764611877373,2172.39868743757,1
892,895,-0.002328474152105132,3,2167.3171151234933,2164.4378903566367,3
897,905,-0.000556252955728943,8,2169.5215088814016,2170.48422763845,8
906,908,-0.00436438442227198,2,2169.3075772797,2162.0091926595837,2
909,910,0.0010418541929028873,1,2162.1418710824755,2166.556649527596,1
911,912,0.0006395230827994595,1,2162.2617995080063,2165.806877639355,1
913,914,-0.005275300332754199,1,2163.989108238535,2154.7374048840065,1
918,920,0.0022664784250734427,2,2150.425832300518,2157.450151886448,2
925,926,-0.0017569508572869291,1,2156.3139052240517,2154.6816815649127,1
934,938,-0.006361178939070341,4,2147.3819350235653,2135.869436219377,4
943,944,-0.004472067967131299,1,2132.931267436941,2125.5255851071806,1
945,946,-0.006096538645760309,1,2124.4654714744415,2113.6380510974886,1
948,950,0.0006642944009276161,2,2108.0827342462303,2111.5912045375285,2
953,954,-0.00272020496633618,1,2122.0370740175076,2118.386735304033,1
960,964,-0.005917131415396686,4,2142.904382025541,2132.367439568492,4
972,973,-0.0004065028516504692,1,2148.112271556847,2149.387170064351,1
975,976,-0.0014713494248356819,1,2143.8694029330704,2142.858891323075,1
977,978,-0.0029592321468840067,1,2133.7876916013965,2129.6071061613857,1
980,990,-0.0013190131860738833,10,2130.7248131410065,2130.0450838297197,10
991,994,0.0014305008183883028,3,2136.0276694796357,2141.219286478406,3
996,1000,0.0026224312609513735,4,2138.0595054520536,2145.8044790423774,4
1004,1008,-0.0011672274821872433,4,2142.061859010454,2141.7036473990825,4
1013,1015,-0.0024586162571875077,2,2134.8183568622408,2131.704476100779,2
1018,1023,0.0021815676578803,5,2140.6225786749324,2147.433114238973,5
1026,1028,-0.0038611173252629223,2,2147.5130371106375,2141.3687503539322,2
1029,1030,-0.0019990736932537535,1,2147.7661609127067,2145.620384242078,1
1032,1033,-0.0017017002334884799,1,2148.9776259860027,2147.469687884087,1
1034,1039,-0.0060898323463201886,5,2154.1848327258945,2143.220393084334,5
1040,1045,-0.005549294026848638,5,2146.0585920394915,2136.295540505459,5
1048,1050,0.0008017999236828105,2,2136.4853680385286,2140.33488721161,2
1055,1056,-0.0016898168973183752,1,2146.95448025441,2145.473474776157,1
1058,1060,-0.00024302416938791114,2,2142.3430900833905,2143.9647920234625,2
1063,1065,-0.004682697490421619,2,2147.578870926554,2139.66998760811,2
1067,1072,0.009056316530908742,5,2135.9085696568573,2157.387942314407,5
1080,1081,0.00023679228736817135,1,2151.094116747465,2153.754573360461,1
1083,1086,-0.0004651482471007936,3,2181.8425657573375,2183.009528078183,3
1087,1091,-0.001385796761011926,4,2184.952149078939,2184.109201616858,4
1092,1097,-0.016578362846769987,5,2174.1473419410413,2140.2776857659433,5
1103,1107,9.221484265427662e-05,4,2148.580102227431,2150.9268133057153,4
1108,1109,-0.0049618952953832144,1,2162.31318397128,2153.746325540559,1
1111,1113,-0.005704770974206478,2,2153.9316143092674,2143.7978593698394,2
1115,1119,-0.00419521349563519,4,2132.638170858946,2125.823936594111,4
1120,1122,0.0011412306756698907,2,2122.101752251071,2126.645661619884,2
1125,1126,-0.004728337380801853,1,2128.4587768577444,2120.52316443649,1
1130,1132,0.000466824591999899,2,2136.0991850825867,2139.232467898217,2
1136,1137,-0.0014243723540187478,1,2146.084310062772,2145.173571212188,1
1138,1146,-0.00104629232894981,8,2145.8669106924212,2145.767573515509,8
1150,1151,-0.0012791460687665713,1,2146.582250424566,2145.983040428076,1
1153,1154,-0.0014151227890775364,1,2156.6753730895634,2155.7800879935517,1
1155,1158,-0.0012879626924061991,3,2160.6215131373533,2159.9993347491595,3
1159,1165,0.0012749649467765595,6,2161.835343690135,2166.7534433177325,6
1166,1174,-0.0009925964168923565,8,2166.3008700673468,2166.3169084558745,8
1176,1177,-0.0035608015335979477,1,2181.262586230286,2175.676805654288,1
1178,1185,0.008437967772393494,7,2172.0762198326083,2192.576205194571,7
1189,1192,0.0022563465552102127,3,2205.1755598135474,2212.35637565138,3
1193,1194,-0.005317513017798306,1,2219.2175847485296,2209.636083937051,1
1198,1200,0.00024139680827102786,2,2223.234254922883,2225.994170830983,2
1201,1205,-0.00015365807086576062,4,2224.142886490748,2226.0252718719707,4
1206,1209,0.006793957508496922,3,2226.592424219771,2243.946390962881,3
1213,1215,0.005473293793607722,2,2262.3953480851533,2277.0404978506,2
1216,1218,-0.004187663655129325,2,2287.8728148660484,2280.5798458465415,2
1219,1222,0.0041335531044705545,3,2283.5027066426046,2295.2251890513567,3
1224,1230,-0.0105158403616019,6,2306.6144015626624,2284.66502714162,6
1238,1243,-0.0026131352355020327,5,2289.055786962589,2285.36323041661,5
1244,1246,0.0005871615699604477,2,2288.510491756545,2292.1427276615123,2
1247,1249,-0.0011032272600834346,2,2299.1171790474236,2298.87984748042,2
1250,1255,-0.00321249952430109,5,2297.912687229565,2292.8285565021843,5
1256,1258,-0.0005005199426364201,2,2291.971307109386,2293.1161010693368,2
1260,1261,0.0026651563911808725,1,2316.9492567043485,2325.4412380806,1
1268,1270,-0.0033747744847114182,2,2378.263547000068,2372.6157074107327,2
1273,1276,-0.004420190554082401,3,2391.5991817225436,2383.419456792065,3
1283,1284,-0.00416102308104366,1,2353.585504854787,2346.145766750731,1
1285,1286,-0.0011097488767913971,1,2341.2570151626974,2341.0000648350033,1
1287,1289,-0.0004797687116952123,2,2349.446383563295,2350.668639082219,2
1290,1297,0.007968514389780783,7,2359.9429738166177,2381.108156336354,7
1298,1299,-0.004416769605710795,1,2381.531063598537,2373.3939206453774,1
1303,1308,-0.003390971746609055,5,2344.822979319527,2339.2165738251742,5
1309,1311,0.0015355406203091497,2,2346.7980353764483,2352.748437122807,2
1312,1317,-0.002442760356694193,5,2363.9044401774004,2360.493892564099,5
1318,1320,-0.0036839560352956665,2,2342.92735949362,2336.6390454668476,2
1322,1324,-0.0037455276044297344,2,2346.118830729565,2339.6774967165247,2
1327,1330,0.008478563876672871,3,2336.3981485796235,2358.5438476722757,3
1335,1340,0.0008334913504409783,5,2426.8902392331293,2431.339921495233,5
1342,1346,-0.004443695507642538,4,2434.5435072945465,2426.159680755316,4
1347,1352,-0.0006985588030044784,5,2420.9289760053252,2421.6587437336934,5
1353,1359,0.021154351359911287,6,2417.710154289857,2471.27295453442,6
1360,1361,-0.0041044534389427095,1,2470.7378359316076,2463.067545360124,1
1365,1368,0.0049360366114917075,3,2454.97058911277,2469.543384409879,3
1373,1378,-0.010920477315571085,5,2474.4623961054226,2449.914548036625,5
1379,1381,-0.0001685909767166426,2,2444.8024075684093,2446.8350383502066,2
1382,1391,-0.011529253209597613,9,2456.0206083583257,2430.160545484931,9
1397,1400,0.0008668706971079012,3,2454.145718566853,2458.727291295278,3
1401,1404,-0.001216619901989377,3,2461.420169455595,2460.886976859733,3
1405,1406,-0.0020593393665080525,1,2459.637506588607,2457.031915750538,1
1407,1411,-0.006001104834364662,4,2465.8607218093816,2453.528693832671,4
1413,1414,-5.8691341795043695e-05,1,2444.744954534995,2447.0462141278017,1
1417,1421,0.003401969491669818,4,2455.4293471300603,2466.2380722050775,4
1422,1423,0.0003965536072344665,1,2474.4078134280057,2477.8634565856178,1
1426,1430,4.859158491658279e-05,4,2491.6160553897876,2494.2287430183123,4
1431,1433,0.005216206365638532,2,2505.8983931820767,2521.4755747254185,2
1436,1437,-0.0033796144591176133,1,2526.265003102275,2520.25346637333,1
1442,1444,-0.005913764576171565,2,2533.5083013559374,2521.059238011298,2
1445,1450,-0.009081792552078166,5,2518.6555375752046,2498.300286010379,5
1458,1459,-0.007155908051765192,1,2455.7789136265515,2440.6613644388026,1
1460,1463,-0.010373102652199189,3,2442.7591655619603,2419.8629331485477,3
1464,1465,-0.004297975151421388,1,2414.0092016714584,2406.0478593090434,1
1467,1468,-0.001907562168385077,1,2416.171108661344,2413.978283170778,1
1469,1473,0.003409864033508547,4,2421.2827424562124,2431.960270137125,4
1474,1477,-0.01931880043864755,3,2433.2382866344847,2388.664280041951,3
1481,1485,-0.00786069236591214,4,2386.613776721855,2370.239953803519,4
1486,1496,-0.0003653348500458252,10,2375.9308432720513,2377.4387637769773,10
1499,1500,-0.002671979724867074,1,2408.488334248091,2404.4613905856495,1
1501,1502,-0.0003255041619193472,1,2411.62328834829,2413.249918219299,1
1503,1505,-0.003896712411515085,2,2421.8932033786336,2414.8776752770427,2
1506,1510,0.0033922221426355217,4,2415.0139215790737,2425.6211992002063,4
1518,1521,0.004355884621796506,3,2428.307051875339,2441.312784271478,3
1524,1525,-0.004863227555039784,1,2453.43572722959,2443.9575467236377,1
1527,1532,-0.008534595881343334,5,2446.1927555046555,2427.761681644058,5
1538,1541,0.007245085905997375,3,2453.0789160395434,2473.3047624364804,3
1543,1548,-0.0018551027342619177,5,2480.6268685463347,2478.505677728357,5
1549,1551,-0.0012284751737112038,2,2479.8695824283695,2479.302993794743,2
1552,1554,-0.0022136326442660685,2,2483.0425651477412,2480.029063633576,2
1556,1559,-0.0032119966923105647,3,2477.273962652313,2471.794240840979,3
1560,1567,-0.005762908848586314,7,2476.180456397447,2464.386634590975,7
1570,1571,-0.0026090121358310248,1,2467.6207541133663,2463.6503223733694,1
1574,1577,-0.005733089880719957,3,2442.2260636709825,2430.666788202591,3
1583,1585,-0.0025725953494137037,2,2409.542909585607,2405.75367361178,2
1587,1588,-0.004048644174138922,1,2409.836595206706,2402.4898609101024,1
1592,1594,-0.009510395258594699,2,2414.812328175947,2394.2613207878426,2
1597,1598,-0.007968411687027928,1,2366.8136481173183,2350.3207162307604,1
1601,1604,0.0005331813303526799,3,2355.3636691994375,2358.974868803245,3
1605,1606,-0.002206249362931899,1,2360.2212881977302,2357.3742727724634,1
1611,1612,0.0030104351822258252,1,2368.552230835939,2378.051156033423,1
1613,1616,0.0018423885646556204,3,2374.79942344817,2381.5495261727297,3
1617,1621,-0.0013508876348693665,4,2384.56303594636,2383.7263222624797,4
1622,1624,-0.0033300696610855263,2,2390.246098433191,2384.676658516704,2
1626,1628,-0.007794932436378601,2,2379.6866367204675,2363.516826804199,2
1629,1631,-0.01204234203799007,2,2351.8298981354083,2325.8601879850257,2
1639,1641,-0.006802883854982933,2,2285.7072892089213,2272.443595283154,2
1645,1648,-0.004000971337863505,3,2153.394426324295,2146.932151371781,3
1649,1651,-0.000982601328320967,2,2161.069662588995,2161.10726233053,2
1658,1659,0.0013405284254179523,1,2185.5033779118,2190.6186106916493,1
1662,1665,-0.01292275608889407,3,2210.1672245560194,2183.81593982197,3
1667,1669,-0.015133821340484414,2,2148.1105357864744,2117.749525254056,2
1671,1672,0.002394890777370128,1,2122.4475087616775,2129.6529862346247,1
1673,1674,-0.0020739534430078473,1,2127.4576580772336,2125.172867600488,1
1677,1683,0.0003751654078374563,6,2098.108385067558,2100.993631140597,6
1686,1692,0.009018877243108767,6,2114.4809911782213,2135.665716661723,6
1693,1694,-0.0028022538731941457,1,2141.653683956773,2137.7938803098214,1
1697,1699,-0.004579464684530125,2,2171.03051274341,2163.2593856940075,2
1701,1702,-0.004961579440245369,1,2159.9904484788917,2151.4334747270714,1
1703,1708,0.014048119359829612,5,2147.805783905163,2180.1262217031003,5
1709,1710,0.0030686134432136867,1,2183.925047266436,2192.8105940727155,1
1711,1712,-0.00031164255372862263,1,2192.535006081444,2194.044253879091,1
1714,1715,0.00014031537609053438,1,2214.9046905379223,2217.4303804131177,1
1716,1719,-0.001780470208782955,3,2218.6386774030116,2216.907096011245,3
1721,1722,-0.001622396084456101,1,2233.7787051867235,2232.388410067074,1
1723,1725,-0.00043972101971612317,2,2234.940832629029,2236.1930229997292,2
1727,1728,-0.0027556244471654825,1,2223.674345596788,2219.7704085531236,1
1731,1741,-0.0003401636687384319,10,2253.411544359523,2254.8984271657755,10
1742,1744,-0.003181639976349604,2,2266.1379272420104,2261.194030148017,2
1750,1755,0.004708711135163096,5,2246.5674835128084,2259.3924883218333,5
1756,1757,-0.0027369058494975482,1,2262.6839906156474,2258.7539215567826,1
1758,1760,-0.004504945644531558,2,2265.654079492696,2257.713085094763,2
1761,1763,-0.003097735009229799,2,2250.5076220323913,2245.7866534051154,2
1766,1768,-0.011478120743360867,2,2241.5491390210414,2218.0619164902023,2
1769,1774,0.005848079371987784,5,2220.9827482510354,2236.192214394874,5
1775,1782,-0.01300323669357489,7,2241.3325564385777,2214.42931125463,7
1783,1791,-0.044182659385625815,8,2205.007073393589,2109.789004000338,8
1793,1795,-0.005684751303904489,2,2126.137797699774,2116.1773708797195,2
1797,1798,0.001274311993872972,1,2130.7606139192203,2135.606628339529,1
1802,1804,-0.0003199544647158154,2,2168.2373795534336,2169.711879702835,2
1808,1818,0.0033889079960924794,10,2182.8994139559713,2192.4799586485483,10
1819,1831,-0.0367110581926091,12,2186.007670998071,2107.943023849569,12
1832,1837,-0.007086349326220547,5,2128.7692232983854,2115.8127901704843,5
1838,1841,-0.013019826664837662,3,2106.597838618322,2081.276897745608,3
1842,1851,0.030179177847504898,9,2085.0647331200444,2150.0753372575546,9
1854,1862,0.009953384056212097,8,2154.402899133322,2178.000901499346,8
1865,1867,0.00594191617971212,2,2183.2065380361123,2198.3621748261585,2
1868,1869,0.002444556960231879,1,2209.810590980226,2217.422409432181,1
1870,1878,-0.00756455957041288,8,2212.9599594772053,2198.4328519962787,8
1880,1881,0.0049677524171104276,1,2227.3775964864603,2240.67003452171,1
1882,1883,0.0011960803856069175,1,2255.9557102743393,2260.9099703604707,1
1889,1891,0.0015942225791155764,2,2290.2941975606573,2296.2357304807865,2
1893,1894,-0.0002558303991119349,1,2320.4490424509445,2322.1758500887463,1
1896,1897,-0.0017694562168419706,1,2314.9268316573402,2313.145596815187,1
1904,1912,0.0010062117809668735,8,2321.3999234895796,2326.05714336442,8
1915,1916,-0.0014409459150171767,1,2312.047847236601,2311.0283591830375,1
1918,1924,-0.004029445030276248,6,2315.2166185038477,2308.2027970249083,6
1926,1935,0.008980517899882617,9,2292.7165186450047,2315.5990168986978,9
1936,1939,-0.013443308790464823,3,2322.278679425862,2293.381848720253,3
1941,1942,-0.004037101289114902,1,2299.3386107016822,2292.3552864430085,1
1943,1946,0.0018840579574082102,3,2291.7829136341315,2298.3925483828502,3
1959,1962,0.015888950545391925,3,2329.879379368118,2369.2285969829945,3
1963,1966,0.004538395008413792,3,2377.4518007590545,2390.619067945123,3
1969,1971,-0.0012483729293773158,2,2426.064514468937,2425.46194571862,2
1973,1977,-0.005239184104853046,4,2438.2138231153303,2427.877785832147,4
1980,1983,-0.0014877342257080522,3,2421.4444594440292,2420.2634381055072,3
1987,1989,-0.0013541064817793498,2,2427.4086015007556,2426.5490403810372,2
1994,1995,-0.002393752723267882,1,2393.129626722913,2389.794195788535,1
1996,1997,-0.003073559789283225,1,2383.6822518470008,2378.7395441791427,1
673,677,0.003350400278171915,4,1976.4094469522547,1985.0076191600574,4
678,680,-0.0015418766043496458,2,1992.0716494884193,1990.9921924673733,2
681,682,-0.002978599466664326,1,1991.473844055065,1987.5335149693417,1
683,684,-0.0023326479197422253,1,1994.1711335402606,1991.5136055275382,1
687,691,0.007828620671592297,4,1997.092064825499,2014.7236331120903,4
697,699,-0.003803495087961409,2,2020.7996165339873,2015.13431473528,2
701,702,-0.002642890988275654,1,2026.608387554453,2023.278890897776,1
703,704,-0.0010677312860657914,1,2027.7653867610113,2027.6280436035263,1
705,706,-0.0051020294149013165,1,2027.3838826241308,2019.0674943023098,1
707,712,-0.01169834554992669,5,2017.9720724861181,1996.38310994456,5
716,717,-0.005203193506319545,1,2003.4297967122093,1995.0089936003014,1
719,728,0.01674422161781191,9,2000.5899779760261,2036.0888899116062,9
733,735,0.005084078971926475,2,2048.7794595349237,2061.244395562795,2
738,739,-0.0015414711416738133,1,2069.4045694811352,2068.2840466263133,1
745,748,0.0006848917789722825,3,2063.2875594966868,2066.7639757433385,3
749,751,-0.0034323951923552966,2,2066.543373975603,2061.516723807951,2
753,755,-0.00489386342435673,2,2059.876488160605,2051.855610444664,2
758,768,0.014908013728814142,10,2052.9147349024825,2085.572530689396,10
774,779,-0.003737229138641172,5,2085.662416613564,2079.9534806734405,5
787,788,-0.0028313693396438675,1,2077.7651156051998,2073.959960277499,1
797,798,-0.0015200709979508375,1,2073.7951844828435,2072.716663751704,1
801,802,-0.002306627516414874,1,2072.648298304724,2069.9401190063086,1
807,810,0.0026862797204217103,3,2082.0337622431716,2089.708721078162,3
811,812,-0.004874347575981479,1,2091.2148560664523,2083.1127628579948,1
815,822,-0.0018257886841018425,7,2081.1058782326036,2079.3873245479413,7
823,825,-0.003698064328759052,2,2075.4235509604905,2069.8239247105776,2
826,831,-0.007557736946876423,5,2066.9385356876,2053.384096485199,5
836,837,-0.0029647412978603166,1,2071.210833734927,2067.141440273312,1
839,841,-0.002931712458343885,2,2074.791087575572,2070.7831877832414,2
842,843,-0.0029348576939960116,1,2079.4018409032637,2075.3784942524826,1
845,848,-0.000291989512900734,3,2077.9873627847437,2079.458599629655,3
850,853,-0.0019196602846767922,3,2075.81708106881,2073.908034541097,3
856,857,-0.0019234499457539593,1,2074.566105413544,2072.650347456037,1
859,860,-0.0029341358649211734,1,2069.7964721251888,2065.793204535364,1
861,862,0.004130143984272339,1,2062.338650394096,2072.9187446149476,1
870,871,0.0027647931599449767,1,2081.7634723759766,2089.600881257401,1
873,875,0.0071633932711195935,2,2094.966685228561,2112.0687221699754,2
878,885,0.014416833840797266,7,2141.659328824851,2174.676934840937,7
887,890,-0.005389835463498847,3,2175.4029857967867,2165.8533246223346,3
893,896,-0.00011419017638070834,3,2168.5324672828197,2170.453374645176,3
898,900,-0.0025618492233710696,2,2167.956640463624,2164.5706190684136,2
901,907,-0.003001319598306245,6,2167.6085544412535,2163.270476959794,6
910,915,-0.007977149290014555,5,2162.2551947091747,2147.1688174125793,5
917,918,-9.050874857327237e-06,1,2143.8064630147724,2145.930866153772,1
923,927,0.00036011752384242893,4,2155.6571373390475,2158.5890843869383,4
928,929,-0.004150792044322506,1,2157.874571612354,2151.075557579472,1
933,934,-0.0034369959919259125,1,2150.2529192303246,2145.0127614845333,1
935,939,-0.00316349058541888,4,2144.7141594846316,2140.074090592172,4
956,960,0.003959196618349536,4,2125.292490271213,2135.8322336019696,4
964,968,0.003545451289167008,4,2139.1447217804193,2148.868099913751,4
972,973,-0.0038817738116055846,1,2151.1727517131067,2144.9735584129803,1
976,977,-0.0055599853422450335,1,2142.9020839131763,2133.130481820666,1
978,983,-0.00547252877580525,5,2132.543925752786,2123.006061679188,5
985,987,0.0031952980210940467,2,2119.803282116347,2128.6964886309183,2
988,989,-0.0022013551070241217,1,2128.1860666954276,2125.6293594955055,1
990,992,-0.00014845281670477974,2,2129.7596754980223,2131.5732663507883,2
997,998,-0.001481021867338106,1,2136.257463209432,2135.229876655364,1
1001,1005,-0.0023477623435979676,4,2146.210885508956,2143.318303296047,4
1006,1008,-0.005479079315338638,2,2151.2676485203615,2141.6319500941167,2
1010,1017,-0.006236510052609099,7,2144.44504428011,2133.2156362484693,7
1020,1023,-0.0007266679483123621,3,2148.3642239968995,2148.951440798017,3
1024,1025,-0.003251465216189749,1,2152.1224766840805,2147.277047786846,1
1026,1032,0.0023760956935535323,6,2145.6490846615716,2152.8930012961746,6
1035,1036,-0.0032927095491694382,1,2155.050745161328,2150.109839738952,1
1044,1049,-0.001058553478286123,5,2141.1583762821924,2141.0330040116996,5
1054,1055,-0.0003444451714027791,1,2144.9575311315293,2146.3636683981986,1
1057,1058,-0.0008174164081276229,1,2138.448299442399,2138.8387450139444,1
1065,1070,0.0032968543001263223,5,2144.462322514781,2153.6767646667377,5
1071,1073,0.0002928116206497814,2,2151.1666320401,2153.9476852599555,2
1074,1075,-0.002850309510453765,1,2155.1207250026664,2151.133084629018,1
1076,1079,-0.0018160930993802538,3,2153.088653857692,2151.3315330649248,3
1080,1085,0.01431370360505194,5,2155.092553359371,2188.095001962971,5
1086,1094,-0.017214154690933237,8,2188.3304812687707,2152.8485523305944,8
1098,1100,0.0023828186021954563,2,2133.8188395051457,2141.037161569139,2
1101,1107,0.003328671936257124,6,2147.8888210353143,2157.1863270971303,6
1109,1113,-0.007279219896969602,4,2153.5558531244887,2140.033202362314,4
1114,1116,-0.007718715109322816,2,2142.5525450906152,2128.157344933397,2
1123,1128,-0.004674988957119271,5,2131.7604933986136,2123.9262971261505,5
1131,1135,0.0013679027295624736,4,2136.877009975758,2141.936926880419,4
1136,1137,-0.0018895966620988353,1,2148.0009811169866,2146.090126614,1
1138,1139,-0.002956498070487127,1,2149.6061831695433,2145.400482819865,1
1143,1145,-0.003737818880161459,2,2148.5749315784196,2142.6925225653026,2
1147,1153,0.003449846420971847,6,2149.505672897163,2159.070643022563,6
1157,1163,0.002118559192993546,6,2158.811247878619,2165.5436285416286,6
1169,1170,-0.002890282702026542,1,2166.847965412435,2162.7520101854943,1
1172,1178,0.002465460240565449,6,2166.2942917522355,2173.8014984896668,6
1179,1182,-0.0023702864119831612,3,2170.6240375243087,2167.649660900165,3
1184,1185,0.004499439291289493,1,2182.1191744563025,2194.1196063825837,1
1187,1191,-0.002986013997434911,4,2213.2124277525545,2208.816956891741,4
1193,1195,-0.0026577163907163543,2,2218.416075712392,2214.7385710222547,2
1197,1201,0.004520023295212229,4,2215.455620729059,2227.684987364992,4
1206,1207,0.0007474386074979239,1,2226.9737758275396,2230.865275781306,1
1208,1212,0.006026760627230185,4,2239.9541797751494,2255.693801612393,4
1213,1216,0.01089562753194449,3,2262.6759572352125,2289.5919076479686,3
1218,1233,0.00664504463072847,15,2274.684957730053,2292.075025752746,15
1235,1236,-0.005173326685137902,1,2297.1659163609056,2287.5790925419674,1
1239,1240,-0.0064284517633091355,1,2283.8036439647926,2271.40612604666,1
1243,1244,0.0017274310690816915,1,2282.7958046011045,2289.021972802943,1
1251,1252,-0.0016190160664094602,1,2291.769041180017,2290.350399323027,1
1255,1262,0.018062719039086027,7,2293.6568276591797,2337.380163336928,7
1271,1273,0.0036978577850631704,2,2376.126554393461,2387.2892590253136,2
1277,1281,-0.004091470107866652,4,2384.916242352289,2377.543345079291,4
1282,1283,-0.0057098121028079955,1,2363.04089333721,2351.91141473834,1
1284,1285,-0.005929999792650989,1,2345.812960862452,2334.2481034518023,1
1287,1297,0.013867296837112447,10,2346.419662321573,2381.304579945745,10
1298,1299,-0.007816290800573106,1,2383.030891811608,2366.787460266271,1
1300,1301,-0.0021102555524384866,1,2371.06457362231,2368.4320860142557,1
1308,1312,0.005387025889260877,4,2345.726191366878,2360.7084052802556,4
1313,1315,-0.0006506724087532963,2,2366.5129783393068,2367.339666617684,2
1317,1318,-0.010351602032723634,1,2362.628005517267,2340.533648658302,1
1323,1324,-0.00031977550469415865,1,2340.0116647631316,2341.603398016805,1
1327,1329,0.004506783756530949,2,2339.226109030045,2352.1077213701046,2
1335,1337,0.00219397151190903,2,2421.662536501518,2429.397257654561,2
1339,1340,0.002431785134195567,1,2429.8389803874943,2438.177665678877,1
1341,1344,-0.0014413640800154787,3,2436.791178057504,2435.715665961011,3
1345,1346,-0.00828769672523922,1,2439.7213166272127,2421.941367577532,1
1347,1350,0.0017491720219947608,3,2417.059210669846,2423.704122227324,3
1352,1353,-0.0009894594083076811,1,2415.9290491589322,2415.954514480597,1
1356,1358,0.009226078047639322,2,2439.432020274084,2464.3778425053174,2
1359,1361,-0.0008782480988428333,2,2468.808105407257,2469.1086874876823,2
1364,1365,-0.002676119758134766,1,2457.279201059438,2453.1605068392887,1
1366,1368,0.003162592424037358,2,2462.016684567691,2472.265056566726,2
1369,1378,-0.010354796336573397,9,2467.8883652442746,2444.8017722060154,9
1379,1381,0.0005841557787883594,2,2443.210301806329,2447.0807275247307,2
1382,1385,-0.00413365046505309,3,2444.413937643984,2436.7539987715036,3
1386,1388,-0.003134314246774651,2,2429.6552678208714,2424.46961996801,2
1389,1400,0.010333135879266892,11,2430.315408707222,2457.858503463577,11
1403,1404,-0.003945324767620522,1,2466.4325655516664,2459.168120628681,1
1405,1406,-0.0017482795371234498,1,2460.011127248269,2458.170351260653,1
1413,1417,0.002243068733473361,4,2445.980518023191,2453.913000963877,4
1418,1419,-0.00030713962388037586,1,2464.665563083251,2466.373232192298,1
1420,1423,0.00045893492823791235,3,2469.3461079743547,2472.948723261187,3
1425,1427,-0.00019026936963252214,2,2488.637456438887,2490.6525824152454,2
1428,1431,0.0016724528210921492,3,2497.1280638167373,2503.8015207555127,3
1433,1435,-0.0003161352806837329,2,2522.119312665674,2523.8441010815122,2
1436,1437,-0.003992894789942596,1,2527.9645657868564,2520.3986338087534,1
1438,1445,-0.0048251270064551405,7,2521.624281413891,2511.9787482749216,7
1448,1450,-0.006214574122688743,2,2509.6465975885517,2496.5598593836726,2
1452,1454,-0.0030186540234098565,2,2499.4995455408866,2494.4539207267694,2
1458,1461,-0.00807350630197589,3,2451.944447259014,2434.6006027592325,3
1463,1465,-0.009657097762238213,2,2420.853696228163,2399.89612911184,2
1468,1477,-0.011494329542960705,9,2414.4131654796274,2389.0755180682213,9
1479,1481,-0.002326739670182215,2,2388.2350087170844,2385.0664425893015,2
1482,1483,-0.006217609963575954,1,2375.808860499446,2363.412816517352,1
1485,1487,0.001254885258892276,2,2373.126556938311,2378.477685029037,2
1488,1490,-0.0015006790857655266,2,2384.0448053189502,2382.851163945399,2
1498,1500,-0.0035880690126958333,2,2407.3095209759035,2401.079237800698,2
1502,1503,0.0026190557233521606,1,2412.725761143112,2421.457550117856,1
1505,1511,0.0021465451101005707,6,2413.6719097997925,2421.26663734496,6
1513,1514,0.00021179252972568794,1,2421.436348707065,2424.3706271856345,1
1515,1516,-0.004120559457431325,1,2426.637957892942,2419.065489863677,1
1517,1519,0.003676248496439434,2,2418.39013300815,2429.699126231433,2
1520,1522,0.0023825361004312855,2,2441.1734308561545,2449.430788113439,2
1525,1530,-0.007780347435321567,5,2450.3975231990644,2433.7829766371233,5
1531,1536,0.010401648202029885,5,2425.5586901945976,2453.214057073573,5
1540,1541,0.00015927928143702106,1,2469.744955335709,2472.6080794928635,1
1542,1543,-0.002324808578044237,1,2482.0051763426713,2478.7169945943024,1
1545,1547,-0.0017233027056004781,2,2483.634499914692,2481.838080361181,2
1550,1552,-0.0026685178816663697,2,2481.3085297393363,2477.168422087535,2
1554,1565,-0.008449383754009939,11,2477.9253435252754,2459.4663267275687,11
1568,1569,-0.002456847361409265,1,2469.3961212816594,2465.798588058096,1
1571,1572,-0.004475443937986053,1,2464.5952631564787,2456.0297004895524,1
1573,1576,-0.008224502085885842,3,2447.8595085144625,2430.1749423892443,3
1577,1578,-0.0027009393619919185,1,2427.277831190447,2423.149178784885,1
1583,1584,-0.004035404015340907,1,2410.4248005536747,2403.1081874353968,1
1587,1588,-0.005696086395445719,1,2411.8836843278527,2400.557270170483,1
1591,1592,-0.002033363255790046,1,2407.8301669019775,2405.342003681318,1
1595,1599,-0.016186096256177965,4,2387.315920248422,2351.0619108896235,4
1601,1610,0.005001502849927479,9,2355.6474243236935,2369.7848490541965,9
1614,1618,0.003716060399594218,4,2372.8358873066004,2384.026324669463,4
1626,1627,-0.00424625747477218,1,2376.44211824588,2368.727575256161,1
1633,1636,-0.006659610063327352,3,2294.085597635624,2281.101967701111,3
1638,1642,-0.015347944306052755,4,2297.44901202178,2264.4853415512957,4
1644,1647,-0.02891316345903382,3,2203.1208215532665,2141.6247499412493,3
1648,1649,0.0037604471733386395,1,2151.41030590307,2161.651981012498,1
1651,1655,0.0069736451134286585,4,2164.031597315673,2181.2868172869144,4
1657,1658,-0.005942097410143373,1,2196.5695070114116,2185.7138465396106,1
1659,1663,0.002690282093879754,4,2196.474959145171,2204.5805713565596,4
1665,1671,-0.03329243418297059,6,2187.1438243039347,2116.5156263089093,6
1675,1676,-0.006867523748998346,1,2121.762058921281,2109.312569650837,1
1677,1678,-0.013203248423232037,1,2092.003593402092,2066.474353849512,1
1679,1682,0.012062996596899685,3,2067.4775910496187,2094.485043785666,3
1683,1686,0.0036044423769598186,3,2103.027126934157,2112.7103941573087,3
1687,1688,0.003812939682386389,1,2121.2991762443066,2131.5088612278664,1
1690,1694,0.0005438263847590305,4,2136.3909985743353,2139.689215366096,4
1696,1697,0.0034431902239083377,1,2157.608487412294,2167.195152350586,1
1699,1701,-0.003645712036699398,2,2162.542326132153,2156.8208618700332,2
1704,1706,0.001596174786454069,2,2153.2341806261115,2158.824352915184,2
1708,1709,0.0007098664180905034,1,2178.490248170476,2182.2151754879606,1
1714,1715,0.00028229317717886455,1,2214.8022897621813,2217.6423156271435,1
1718,1720,0.0007637199514791851,2,2217.802209091361,2221.71379109597,2
1722,1723,3.0415971791532877e-05,1,2237.9597733005285,2240.2658027951643,1
1724,1726,-0.0022415438558338403,2,2234.7952688059668,2232.020672470934,2
1728,1730,0.008210278098765796,2,2222.6047814762296,2243.0755896172723,2
1732,1734,-0.004756643350036452,2,2262.2012559563213,2253.702972651689,2
1735,1736,-0.004596180958763146,1,2248.255705587088,2240.170571228225,1
1737,1739,-0.0013368545424150642,2,2250.2584084472824,2249.500398680789,2
1743,1745,-0.0018152233277298146,2,2264.121633979473,2262.275869206635,2
1747,1756,0.0007039126406235168,9,2257.206693235167,2261.0527762522706,9
1757,1759,0.0013447607095402668,2,2258.428215968679,2263.7236897147995,2
1764,1765,-0.0032985149693614806,1,2241.8518301938984,2236.6989002031073,1
1768,1769,-0.0005223528380631775,1,2217.844935078583,2218.9042824174394,1
1770,1771,0.00033505812573299894,1,2218.7336348950516,2221.6957732631554,1
1772,1774,0.0026072233679093476,2,2227.95596126289,2235.9926960690304,2
1778,1779,-0.006164914930324437,1,2233.005025438102,2221.4717444427274,1
1780,1784,-0.013945632420599461,4,2217.6436496844512,2188.9348501557597,4
1786,1788,-0.005546889062341461,2,2147.6284847874,2137.863456319947,2
1790,1792,0.0013361039499358036,2,2113.046089984216,2117.9823853014245,2
1796,1800,0.016770653865026262,4,2123.4608157835223,2161.1961029367576,4
1806,1808,0.0018842510000033385,2,2175.455179550504,2181.729738327585,2
1810,1828,-0.043347516695740114,18,2202.7702447110873,2109.488394996305,18
1829,1835,0.0034896225240178286,6,2113.4858778690673,2122.974631670542,6
1839,1841,-0.0088576568663402,2,2098.9851502016622,2082.492045123834,2
1846,1853,0.013560711167922679,7,2117.8026286438444,2148.639341030195,7
1854,1856,0.00845725856680192,2,2154.6939028909173,2175.0714002628683,2
1858,1862,-0.004665711337300071,4,2185.15861666905,2177.1484559541273,4
1866,1870,0.004555254807403641,4,2191.782627675289,2203.958538654466,4
1871,1885,0.032414686747275205,14,2198.46074492143,2271.921622039161,14
1886,1887,0.001443285906723163,1,2284.0330791152364,2289.613624947928,1
1888,1891,0.003622168928886475,3,2288.8785502272144,2299.4581335440694,3
1892,1893,0.0029086718794235373,1,2308.815212746888,2317.839613843737,1
1896,1902,0.009625748797673871,6,2312.7935371645185,2337.3687003113123,6
1905,1911,0.007652319381725743,6,2321.0972654698217,2341.180140326717,6
1915,1916,-0.0024086395859866843,1,2314.8602030627603,2311.599399344701,1
1917,1919,-0.001308232537321203,2,2316.4480691707968,2315.7340645048635,2
1920,1923,-0.00456087386948702,3,2322.66797316799,2314.397245474842,3
1925,1927,0.0012480903163122944,2,2293.8842550227364,2299.0411140031943,2
1929,1933,-0.0014353383017582802,4,2309.8257814239714,2308.820225790929,4
1938,1940,-0.007055290697747785,2,2304.820610064066,2290.8642512639676,2
1941,1942,-0.0014296190664525434,1,2290.90569087619,2289.921474111945,1
1943,1946,0.003574585029465921,3,2289.656549693829,2300.130778268677,3
1954,1956,-0.004544123721368466,2,2268.0497560035164,2260.0115070620204,2
1957,1958,0.008367822147583373,1,2276.57377902061,2297.9003172883267,1
1964,1971,0.02006864701921824,7,2378.9158572569745,2429.0363957419427,7
1973,1975,-0.0017627728327091667,2,2442.3413379993044,2440.478386378476,2
1976,1979,-0.0073202842923831965,3,2441.0845281021107,2425.6561799027672,3
1984,1987,0.006562829400060476,3,2407.734981030849,2425.9442699329434,3
1989,1991,-0.010786083812976108,2,2428.8498728847426,2405.080944459556,2
1992,1994,-0.0036880774589172654,2,2397.628480607408,2391.1834695338293,2
1995,2000,-0.00838276447496545,5,2389.748567047391,2372.105616222494,5
678,688,0.0005413647456004576,10,1996.5139289343897,1999.5912851185494,10
689,691,0.0017853129345514291,2,2010.438907003834,2016.0386084956372,2
692,696,0.0004559581186304143,4,2013.6358622635378,2016.5676317451657,4
700,705,-0.0012808896962735318,5,2024.2092169382802,2023.6406374261403,5
707,717,-0.008745092435993812,10,2015.127938253042,1999.5205861009185,10
718,719,0.0013200523753141105,1,2000.669971556952,2005.3116306766824,1
722,723,0.0033481228755237293,1,2021.0789436145146,2029.8668432024842,1
724,725,-0.0018756155390807264,1,2028.952957398551,2027.176374660989,1
726,728,0.000760845647465265,2,2032.547393948243,2036.1263961801437,2
732,735,0.0058752446000619124,3,2045.1743013257299,2059.235374897105,3
736,738,0.0005923718116016788,2,2067.320678653092,2070.6126218273203,2
740,741,-0.0028007389776093217,1,2064.552397363702,2060.8346773904523,1
743,744,-0.002344925596601883,1,2064.158060783705,2061.381921772325,1
748,749,-0.0018653116580338654,1,2067.2826418708337,2065.493798100372,1
751,754,-0.0024282027626473866,3,2059.495405819371,2056.5540287911203,3
755,759,-0.0006580568632666107,4,2056.2258334150756,2056.928945726386,4
764,765,-0.0005815127702638904,1,2073.382401895027,2074.25008595258,1
766,769,0.0025910946299748695,3,2077.696371101364,2085.1575753823445,3
771,775,-0.008207129914583219,4,2094.7666012024424,2079.6693461668465,4
779,781,-0.00281658038184037,2,2079.654510422761,2075.8766508381213,2
782,783,-0.001538784532065462,1,2079.1865012356175,2078.0662677094724,1
786,787,-0.000510530297685568,1,2075.394082704405,2076.4099252282513,1
791,792,-0.0013360847537843509,1,2076.4379617925892,2075.7401026514517,1
793,794,-0.0021329081355994806,1,2080.360797046167,2078.0039393742113,1
795,797,-0.001647686568482346,2,2075.882664652844,2074.538143333203,2
798,800,-0.002912750452214975,2,2077.7138372445925,2073.7396891628296,2
802,803,-0.0023185539722812938,1,2074.393726955914,2071.658526867161,1
804,805,0.0011284403345829083,1,2067.848877781571,2072.2501707388633,1
809,812,-0.0062712839385106614,3,2094.9178355140966,2083.8749287752516,3
813,817,-0.002707279407661432,4,2083.920627779494,2080.3627930044854,4
823,825,-0.004850120140421668,2,2075.954158901593,2067.961485983814,2
826,834,-0.005887520562450496,8,2072.4514623880314,2062.3223132509293,8
836,837,-0.0012004993384143116,1,2070.817810288096,2070.4026126871568,1
841,842,-0.002708162342260851,1,2079.0682476387183,2075.5168615511116,1
843,844,-0.00285850654702723,1,2079.4042932018306,2075.5397067089984,1
846,847,0.0008750870951088354,1,2077.4458811476175,2081.3412731101444,1
851,852,-0.0021083165196804227,1,2073.078014024187,2070.7803874146575,1
853,854,-0.00019763511422320852,1,2074.2797326760656,2075.9440618968433,1
855,856,-0.0024760195816735564,1,2075.459057899137,2072.395639688716,1
858,860,-0.0038784606991608553,2,2071.0176632990033,2065.056320347929,2
863,864,-0.0018797922234424019,1,2070.798389262136,2068.976516942946,1
865,866,-0.004159515609757336,1,2069.9217710452567,2063.3818208986627,1
867,873,0.009226720353966995,6,2070.9417006362696,2092.1206422780456,6
878,879,0.0007972773146463627,1,2141.8743372144627,2145.7238793715615,1
880,882,0.007000352942647535,2,2161.0228963106943,2178.311842198322,2
887,892,-0.004146116816311118,5,2173.857908044385,2167.0186971236158,5
898,901,-0.0037187521217516162,3,2167.588697602637,2161.695561231945,3
904,906,-0.0021680743987453,2,2166.8309633047083,2164.2999435300635,2
909,917,-0.01156478653213559,8,2164.866344963647,2141.9949941585014,8
920,921,-0.0019879817297617022,1,2156.2312110349735,2154.100893993329,1
926,927,-0.0018441951880125902,1,2157.7290909073995,2155.9075463918207,1
932,933,-0.001574639362409537,1,2151.259902370948,2150.0237037522725,1
934,935,-0.0047371236702400225,1,2146.923615227049,2138.900296166387,1
936,940,-0.002432072017343658,4,2138.3474901943323,2135.285222590268,4
944,945,-0.006365495413092717,1,2131.049590990557,2119.615454185024,1
946,958,0.005578348953501282,12,2117.698313547896,2131.629272032655,12
960,961,-0.0017246129351255073,1,2140.3581262578105,2138.807195073723,1
962,964,-0.002510776464060257,2,2142.218244629339,2138.9818317244726,2
965,966,0.0024351386678289426,1,2134.375043257451,2141.706917500194,1
967,968,-0.0013461259462619862,1,2149.1744715855716,2148.430586537912,1
970,971,-0.003283108877696433,1,2151.5411885604053,2146.6289857720735,1
973,974,-0.0007481796120237304,1,2145.3917241815684,2145.931977557913,1
975,979,-0.010206313649898116,4,2144.2611573452955,2124.520416583481,4
985,992,0.00569178410400439,7,2120.501740288139,2134.691680126313,7
994,996,-0.00014086696526004043,2,2140.3195478073844,2142.1583670358054,2
998,1000,0.004587853644913977,2,2134.7875360230105,2146.7164163372936,2
1004,1005,-0.003177051453398273,1,2146.9382195072512,2142.2642245361167,1
1006,1009,-0.006005344252288793,3,2150.3434894439565,2139.5802800186216,3
1011,1012,-0.0029095140982021784,1,2145.645606128845,2141.5484655941964,1
1019,1022,0.002181313092968352,3,2141.6428472346684,2148.456083665038,3
1024,1025,-0.002134910425730545,1,2151.142282386764,2148.7009285832532,1
1028,1031,0.0032390225126378708,3,2139.35672442137,2148.4255057387554,3
1032,1033,-0.0020132040359605837,1,2148.104921785755,2145.9284532093347,1
1037,1041,-0.004397167696743944,4,2149.685663790274,2142.382821095092,4
1045,1046,0.0002349215900860752,1,2137.892286208186,2140.532415549703,1
1049,1052,-0.0025939368229845727,3,2144.1525436908814,2140.7348999973965,3
1054,1062,-0.00175302449086353,8,2147.1574521345847,2145.540589987387,8
1063,1068,-0.0030531820240824476,5,2146.4720687472322,2142.0649708804854,5
1073,1074,-0.002686792288486431,1,2158.550546064708,2154.909519649298,1
1075,1076,0.00048667520991956003,1,2153.4102543283675,2156.611675970264,1
1077,1080,-0.0010934826091343194,3,2152.76524604448,2152.563999932426,3
1081,1086,0.011160498047620857,5,2157.8566423875113,2184.0972538743104,5
1087,1090,-0.0027885510588741627,3,2184.7079122901982,2180.800450640341,3
1097,1102,-0.0007782992805269172,5,2144.9239165897675,2145.3994477652905,5
1104,1105,-0.0014235650392933922,1,2150.462449887705,2149.5515891756195,1
1109,1110,-0.0036412102783610974,1,2154.0115942799803,2148.322396717459,1
1111,1114,-0.00513720312990472,3,2150.0796964014035,2141.184379951907,3
1117,1119,-0.00556592526588922,2,2130.6988185987334,2120.970207028893,2
1120,1123,0.00047385565322813784,3,2128.0800075797456,2131.216490329439,3
1125,1126,-0.0037790823872296832,1,2126.3720459953065,2120.4626828935834,1
1127,1131,0.007096976368720518,4,2121.8509704819144,2139.031547647853,4
1133,1134,-8.541895827025435e-05,1,2138.8640862962116,2140.8202508403747,1
1135,1137,-0.0038490265582917797,2,2149.4088153520097,2143.2850925524453,2
1142,1143,-0.004184320415864386,1,2149.87122197788,2143.0253431542565,1
1145,1150,-0.003707790636207139,5,2147.1271069948357,2141.3131363197685,5
1155,1156,-0.003972977866682822,1,2161.225683674633,2154.8004075521617,1
1159,1162,0.0006469528649810088,3,2161.605916616942,2165.1659796742742,3
1163,1168,-0.0010425046014963513,5,2165.094142506563,2165.0021160428337,5
1170,1177,0.005437435384243903,7,2163.3880384757863,2177.3147091845203,7
1178,1181,-0.005588628339191316,3,2169.4585963174873,2159.5037571217226,3
1182,1185,0.013415176462774438,3,2162.044767711767,2193.21102455875,3
1188,1189,-0.00527271023938439,1,2212.877360846085,2203.422377087896,1
1195,1197,-0.0007459804383411596,2,2214.9803473809984,2215.542995717923,2
1199,1202,-0.002280648730105063,3,2230.2450514164448,2227.388890923525,3
1206,1207,-0.001367582404919455,1,2231.0427905842303,2230.222698509789,1
1210,1211,-0.00124032667392325,1,2254.480656742481,2253.938844904822,1
1213,1218,0.005894292434523756,5,2263.9888011988555,2279.5974020628073,5
1221,1222,-0.0003167272712614078,1,2293.5166409398826,2295.083738313545,1
1225,1231,-0.0031215157661735435,6,2297.281752106156,2292.40803264972,6
1232,1233,-0.0016726756050262665,1,2295.7783344706672,2294.234020390521,1
1241,1245,0.003203032694355342,4,2278.9590562166554,2288.537595639031,4
1247,1249,-9.746171218666258e-05,2,2296.9289321685965,2299.001998474265,2
1256,1262,0.016759731883173035,6,2291.1304103475886,2331.820272144746,6
1266,1267,-0.0013730600326543776,1,2370.8742240486913,2369.9897456332483,1
1270,1272,0.003183753319076059,2,2373.7106153958307,2383.641635061519,2
1278,1279,-0.0025737643814832695,1,2384.127185748883,2380.3751313030257,1
1282,1293,0.003579340557377902,11,2367.7060901959353,2378.54862272272,11
1295,1296,-0.004679411414270805,1,2387.9216879953383,2379.1355416801434,1
1300,1303,-0.012184521925848745,3,2375.2299969843916,2348.664185004186,3
1304,1306,0.002487785645433988,2,2320.7487047708973,2328.842978790057,2
1311,1315,0.009140064304984687,4,2351.28371799534,2375.125886095076,4
1316,1317,-0.003988677113700742,1,2365.3382170414216,2358.268984845988,1
1318,1323,-0.0027108588943245797,5,2342.8440327456406,2338.8357571942024,5
1327,1332,0.022795983071610584,5,2333.0366513960776,2388.5535520581457,5
1333,1334,0.0017598867388106676,1,2403.804759762139,2410.4389886412964,1
1335,1339,0.004660024745418825,4,2416.8715270493585,2430.551079698956,4
1340,1346,-0.006253730386727253,6,2435.1727875134247,2422.379046242734,6
1349,1350,-0.002155383728911264,1,2425.236021264453,2422.4339430267146,1
1355,1357,0.006307905247431826,2,2430.7796578850757,2448.5435653022846,2
1366,1371,0.0020156892151095497,5,2460.5460643987553,2467.966306628443,5
1375,1379,-0.01203362977654623,4,2466.5742436980313,2439.3589766767027,4
1380,1383,-0.0035808089586406543,3,2450.958316224236,2444.63286104447,3
1384,1386,-0.006846437355461978,2,2441.782691135157,2427.506961595784,2
1388,1389,-0.0012723313354006918,1,2424.672372533042,2424.012058267921,1
1390,1391,-0.001941386240335719,1,2431.124222792011,2428.835595900128,1
1392,1394,0.002207520335225581,2,2435.697855360119,2443.510405761652,2
1396,1397,0.0008162581831299969,1,2443.629551411224,2448.067813580513,1
1400,1405,-0.0015451971262671225,5,2461.707549670627,2460.3654337888365,5
1407,1408,-0.004523507093586644,1,2470.3964797919507,2461.6920202714323,1
1409,1410,-0.0017906209123426668,1,2460.4563783725966,2458.5110901059484,1
1412,1413,-0.002735187628051753,1,2454.5257478446842,2450.2666851342897,1
1414,1417,-0.0016185579557672996,3,2451.532156284226,2450.015741565137,3
1418,1421,0.00018564940998444827,3,2464.172844112101,2467.094489190822,3
1422,1425,0.005438790145846417,3,2473.814732857773,2489.7431067823472,3
1427,1428,-0.0013905723003159501,1,2496.0856853804257,2495.110783452501,1
1429,1432,0.008110462262561364,3,2491.7817209811856,2514.483004316725,3
1435,1439,-0.0051689558530960055,4,2531.335218731129,2520.7821939548517,4
1440,1442,0.0003983337903364871,2,2521.8382904892105,2525.364662184566,2
1444,1446,-0.009111414866598042,2,2521.0281047760373,2500.5789999278454,2
1447,1448,-0.001468183136529754,1,2507.0169518356406,2505.843208775797,1
1455,1457,-0.008710466485131532,2,2491.03081109952,2471.8238015171073,2
1458,1460,-0.0068238015990996275,2,2453.279121158665,2438.9917102898235,2
1461,1463,-0.007212092924157971,2,2437.2018313841318,2422.0617071326456,2
1465,1470,0.008847987708249027,5,2401.1728092660846,2424.819529577119,5
1471,1472,-0.0019213712495320398,1,2432.9167448261596,2430.6751252849717,1
1474,1475,-0.007018262823460261,1,2433.4079780101415,2418.7630892417715,1
1483,1485,-0.0012634911075261363,2,2366.59128650717,2365.9677107480265,2
1490,1491,-0.0011077925874517737,1,2385.712988194613,2385.455826018698,1
1497,1500,-0.0012495776962972427,3,2400.6970356767383,2400.0978752410665,3
1502,1507,0.0002588145261625094,5,2418.897800685686,2421.9427443744917,5
1508,1509,0.00017526725441064793,1,2427.2917064052813,2430.144422864722,1
1511,1512,-0.005935853843117987,1,2430.0557252315484,2418.0613253411734,1
1515,1522,0.007551762961344106,7,2423.9159214292736,2444.6446758275647,7
1525,1531,-0.008412081789112479,6,2447.0315925935556,2428.89399428871,6
1532,1533,-0.002147055478129753,1,2429.343638497184,2426.5570465683863,1
1535,1547,0.014559722721640356,12,2438.6334916555174,2476.577952605383,12
1550,1551,0.0010380817867310169,1,2481.025640745813,2486.0821739166295,1
1552,1554,0.0008579011412880356,2,2477.58923168593,2482.192347547122,2
1556,1559,-0.0007831349509423945,3,2474.291405179377,2474.827992506344,3
1563,1566,-0.006125276406804531,3,2471.1262661814376,2458.461061031143,3
1571,1572,-0.004576890619768952,1,2462.3505918123274,2453.5430330778913,1
1573,1574,-0.004555308881008982,1,2451.2504481733113,2442.5354956853434,1
1578,1579,-0.004657857314831656,1,2424.299760312875,2415.43201770127,1
1581,1583,-0.005349643422922236,2,2415.6862151710834,2405.1788415134206,2
1600,1603,0.0002042642553121215,3,2358.3465630303967,2361.1866354978924,3
1605,1606,-0.0037801827324866802,1,2361.671538086398,2355.105659656405,1
1609,1610,-0.001965554188685259,1,2369.184386815799,2366.896810907341,1
1625,1630,-0.020359294805888373,5,2383.385715610444,2337.2450489057983,5
1634,1637,-0.002695629880707588,3,2296.7366825834265,2292.842267236321,3
1641,1643,-0.019062252511917566,2,2276.8488077584216,2235.7237896612305,2
1652,1653,-0.0009777867844304304,1,2173.9195462093767,2173.9678359528875,1
1654,1661,0.01742316680067986,7,2174.3540233262224,2214.412510181691,7
1662,1663,-0.007056249067141596,1,2217.7079116732234,2204.27692020196,1
1669,1671,0.00018750361249957135,2,2118.189522993394,2120.7048807039073,2
1672,1673,-0.0036405473786084884,1,2128.138195898146,2122.5187461636506,1
1674,1675,-0.005321294186831704,1,2126.322380327381,2117.133915785942,1
1679,1680,0.0006938791594519049,1,2071.0511673611436,2074.559277771695,1
1683,1687,0.005420655510144698,4,2104.7899473617595,2118.304078534985,4
1689,1692,-0.002156874950180724,3,2136.4007504694246,2133.929201957659,3
1696,1700,0.00029130290466986074,4,2157.013227360411,2159.7985848063126,4
1701,1702,-0.004460911851211474,1,2159.274425299768,2151.8013668512303,1
1704,1706,0.0020495079299161735,2,2152.218781890886,2158.781990133177,2
1708,1710,0.005470429375877146,2,2174.631176770012,2188.701974217883,2
1712,1713,0.0013785689678265933,1,2198.1857674827675,2203.41430393482,1
1714,1716,-0.0002972333449218074,2,2215.192793775274,2216.7495574053087,2
1717,1722,0.006875655621044654,5,2216.5656866363156,2234.0225946456876,5
1724,1728,-0.00931083690282035,4,2235.503184986936,2216.924282620774,4
1729,1732,0.01307017748773226,3,2231.1787392598158,2262.571820128056,3
1733,1750,-0.003933308727178614,17,2258.8646986459726,2252.2387511119186,17
1755,1757,-0.00041601864177217944,2,2259.0534955761973,2260.372740704853,2
1759,1764,-0.013191257510359565,5,2262.169430167343,2234.5907401121094,5
1765,1768,-0.00904243178013478,3,2235.550323544787,2217.5710625766196,3
1769,1770,-0.0010236562918170408,1,2215.239169657195,2215.186765312953,1
1773,1774,-0.0015684360302281523,1,2236.185927609342,2234.9147989577996,1
1775,1776,-0.0017574330962783,1,2240.7502190039436,2239.053000627577,1
1778,1780,-0.007776319930872453,2,2231.3081528026696,2216.1880948949147,2
1782,1786,-0.03055207073213342,4,2215.96506546358,2150.4787091090634,4
1791,1792,0.004389088445033113,1,2107.885333680594,2119.244914175787,1
1793,1796,-0.002246338082171821,3,2126.012422570115,2123.3626923246957,3
1798,1801,0.011983848503477876,3,2138.4883312507386,2166.2541397701534,3
1807,1810,0.004243467121066924,3,2185.848826754669,2197.31025320938,3
1811,1812,-0.00420061633939198,1,2203.812813939577,2196.7592546383207,1
1813,1815,0.00036453834795149333,2,2195.4258577063306,2198.421600479255,2
1818,1819,-0.0055825847072518645,1,2194.6421814896034,2184.5850477908193,1
1830,1834,0.010529984491971553,4,2110.154911886374,2134.4849652960816,4
1835,1843,-0.026152553092428487,8,2130.352758626681,2076.768947759722,8
1849,1851,0.0037699333219314212,2,2140.6425718983905,2150.8532942324337,2
1852,1859,0.014298588073370578,7,2150.1195124340243,2183.013305163269,7
1860,1861,0.00042470736323969144,1,2183.543712847689,2186.654623653339,1
1862,1864,-0.0018315516537201774,2,2179.4180677644613,2177.605769066064,2
1865,1868,0.009186854948193147,3,2183.498508668038,2205.7414912554354,3
1870,1876,-0.021318148448039382,6,2213.126941723444,2168.1602999871516,6
1879,1880,0.004499567309269979,1,2214.0609821866556,2226.2373595850195,1
1881,1882,0.0029390277936048263,1,2245.922710882606,2254.769462863061,1
1886,1889,-0.0012846296879258663,3,2286.007413167617,2285.356747591011,3
1894,1895,-0.0022691006190864284,1,2319.202095667954,2316.258794852555,1
1898,1903,7.91588872432298e-05,5,2325.4358294390136,2327.9453441810665,5
1908,1909,0.0009831352299075305,1,2329.530679507724,2334.150453867406,1
1910,1914,-0.013779833527276231,4,2340.27407843672,2310.365765306099,4
1918,1922,0.0029624290540469613,4,2310.9558175307393,2320.112816004742,4
1930,1932,-0.0037321967184441385,2,2312.7208761436777,2306.4020677552007,2
1933,1937,0.0013027589610881546,4,2310.1160126189693,2315.435652968181,4
1939,1943,-0.002498449227303132,4,2297.1435006288243,2293.7013477253026,4
1944,1945,-0.0019830867557626857,1,2297.550510607823,2295.2918191301487,1
1946,1947,0.0008592936129066546,1,2297.746506206,2302.0186916090674,1
1952,1956,-0.008801979072368134,4,2278.6288790474346,2260.851064219413,4
1960,1963,0.008446070761340473,3,2353.7334538122614,2375.9669865703063,3
1966,1967,0.0009383597310675185,1,2384.018571865924,2388.639657463746,1
1970,1974,0.0018987722220756924,4,2430.0438563653715,2437.087999994629,4
1976,1977,-0.003129038215249618,1,2436.068664660049,2430.8821813780155,1
1982,1991,-0.005777622745176002,9,2420.4467239214737,2408.8827425997797,9
1997,2000,-0.0036242476578416103,3,2381.955156328577,2375.7043160884978,3
675,676,0.0005577776272344536,1,1985.320382398384,1988.4130700729768,1
679,682,-0.005198787910333735,3,1992.8801218243955,1984.5124408621348,3
684,685,-0.002051110460905309,1,1993.0791886870425,1990.9842423024008,1
689,693,0.0012624871035769153,4,2008.9755198115022,2013.5208010164774,4
696,701,-0.001778060421654173,5,2020.3602027242998,2018.7882404130748,5
704,711,-0.014936259154644638,7,2029.1040950828158,2000.825974561991,7
712,723,0.0137927860608138,11,1998.7142829909096,2028.280835775887,11
725,727,-0.0010607247036965694,2,2031.5670875104552,2031.4437212010264,2
728,730,0.0015250595860766274,2,2038.8424563269666,2043.990655015815,2
731,734,7.158787226589679e-05,3,2045.7365657013345,2047.928752194991,3
741,743,-0.004757087924630395,2,2065.3351878069006,2057.575541912477,2
744,747,0.0018642146314414802,3,2063.521975714754,2069.432345549897,3
749,750,-0.0014601333879557994,1,2063.2888560123665,2062.339467920718,1
756,760,0.003922431897880949,4,2053.545597661739,2063.654036015422,4
762,766,0.004445804057206162,4,2070.025839204468,2081.2987943181292,4
768,770,0.0012385824467150662,2,2087.6795800156406,2092.353022877829,2
771,774,-0.005399515718455283,3,2093.9437939683016,2084.731455333176,3
775,781,-0.006314911769214669,6,2084.217341539664,2073.1399102615137,6
784,788,-0.0027794502832197004,4,2078.4917392872894,2074.793166573145,4
790,791,-0.0017698666296768158,1,2072.5517217231964,2070.9561333143624,1
792,796,-0.006849616379142939,4,2078.7293987317485,2066.5696291931213,4
800,804,-0.00391175116088284,4,2075.1669501939905,2069.1245804177374,4
808,809,-0.0005314554150008626,1,2091.0261118542376,2092.0058508160387,1
810,812,-0.004849421483279869,2,2091.060558631268,2083.0111851940337,2
814,815,-0.003575489718325552,1,2088.816899815132,2083.4371733661933,1
816,817,-0.0054869920480746966,1,2088.636280862472,2079.264586478922,1
821,823,-0.003593829990603449,2,2078.87732842693,2073.4850740656707,2
825,828,-0.0029033445678697577,3,2069.332249383921,2065.3935970879384,3
829,833,-0.0012898254146167614,4,2062.2160031283115,2061.6183205201755,4
835,836,-0.0011077612035132094,1,2068.227303547066,2068.004428883697,1
839,842,3.9324478307674804e-05,3,2071.79883355671,2073.952104798555,3
845,846,-0.002574452523556302,1,2078.0042506565455,2074.7325316201386,1
852,856,-0.0010042453070090104,4,2069.6393752956697,2069.6305890411236,4
857,869,-0.004048161787490548,12,2075.358264062615,2069.0322363067467,12
872,881,0.03583129525113121,9,2091.267429963642,2168.291518125707,9
882,884,-0.0013480525600636194,2,2175.715645271566,2174.9583818712586,2
885,887,-0.004159436603132974,2,2176.4191133481936,2169.542855137723,2
888,891,-0.0039095420038016415,3,2171.940771627454,2165.6214187226346,3
892,895,-0.003975835482073222,3,2170.3986203832483,2163.939871158469,3
896,902,-0.003213642999867951,6,2168.793365863502,2163.992431610998,6
908,909,-0.0004932252632923576,1,2161.8601317223106,2162.955707821363,1
910,915,-0.008103182082624158,5,2164.6623782229326,2149.286387203009,5
918,920,0.0026582447994168514,2,2147.0136376854875,2154.8679391598275,2
923,930,-0.002103354957049236,7,2158.6382739860005,2156.256529745922,7
931,937,-0.011452501446728144,6,2155.1766601849436,2132.6496730264057,6
942,944,-0.005114913581951169,2,2139.7718894224986,2130.9669130124366,2
945,950,-0.004533543356285194,5,2122.250967623543,2114.751901816527,5
952,953,-0.0022173934275262746,1,2119.9362133170625,2117.3554169041954,1
954,957,0.002652037089669434,3,2119.997164148159,2127.739472421622,3
958,961,0.0024228967963040395,3,2131.5629838417603,2138.8591039502726,3
963,968,2.770567001539304e-05,5,2142.6000633235194,2144.8020255571723,5
971,974,-0.002942227656257698,3,2150.056502935683,2145.8806037331647,3
975,981,-0.008559225126062098,6,2143.3333106174045,2127.1313716022596,6
987,988,-0.0026212504599495102,1,2128.95305911425,2125.5014929879503,1
989,990,-0.0016515606916778923,1,2133.297901427156,2131.907928370947,1
992,995,-0.0011001238021534718,3,2136.2185210640123,2136.0046347434527,3
997,999,-0.0005680899370765012,2,2137.55388333403,2138.4771143662833,2
1000,1001,-0.0036741486234871086,1,2145.935481078706,2140.196930665887,1
1003,1005,0.00034441467752603715,2,2140.714772261086,2143.592780621311,2
1011,1013,-0.0056280031824615636,2,2145.295589036855,2135.3671542234715,2
1015,1017,-0.0019152344633263248,2,2136.664532615073,2134.7089835982565,2
1018,1019,4.380218444325311e-05,1,2140.837218421593,2143.071828986719,1
1022,1023,-0.0012326116671148107,1,2149.583807466465,2149.083789193407,1
1029,1032,-0.0010487885720389118,3,2146.585570320932,2146.480841476197,3
1035,1039,-0.004622019316281774,4,2151.0315660449132,2143.2404881627667,4
1040,1047,-0.005377416654769165,7,2146.4738110223716,2137.0778008129764,7
1061,1064,-0.004700833079184132,3,2149.3239920802976,2141.3697027525227,3
1068,1071,0.0004507731175455421,3,2144.0456718522923,2147.1561956758055,3
1072,1075,-0.0035453403951853503,3,2158.860334343796,2153.365299927227,3
1084,1086,-0.0007993736699490497,2,2184.7636016358465,2185.2019227392716,2
1088,1089,1.2061845322216581e-06,1,2184.6701189734254,2186.8574242077043,1
1090,1095,-0.01665086362689372,5,2185.6767300152633,2151.4690015813194,5
1099,1100,6.128477333841521e-05,1,2140.542205200996,2142.813930050064,1
1101,1104,-0.0007024882633611489,3,2147.052882922345,2147.6916563541986,3
1105,1107,0.0031305094263021187,2,2147.766417085304,2156.63778651657,2
1108,1109,-0.002297102613740565,1,2157.3111246426874,2154.512870744262,1
1114,1116,-0.006755726616955265,2,2141.199100323438,2128.8749436695057,2
1118,1122,-0.002396639853750707,4,2132.8816251011153,2129.9027576201665,4
1126,1129,0.0018018774221456963,3,2125.328275085127,2131.283184393736,3
1130,1131,-0.0018894474264800557,1,2134.381406513136,2132.482986463986,1
1132,1133,-0.0016928983107413697,1,2137.125318284167,2135.6445077612852,1
1135,1139,-0.0016557718271370697,4,2145.431092706637,2144.0241794389763,4
1140,1141,-0.004341157205374193,1,2146.352843736226,2139.1815414671014,1
1142,1146,-0.00026573515490664254,4,2143.8643175921966,2145.4384817932546,4
1147,1148,-0.0006159240764024914,1,2145.9805867969726,2146.804806272869,1
1153,1155,-0.00045649317638756014,2,2158.501962756218,2159.6751233017567,2
1156,1158,0.00016580211634453475,2,2158.589687498902,2161.106175924908,2
1159,1168,-0.0012205540957802741,9,2161.8930403225763,2161.4162259578943,9
1169,1178,-0.0021731650917402776,9,2169.157482644367,2166.6127028072415,9
1179,1181,-0.002752798190884401,2,2164.552102210333,2160.7580792015037,2
1183,1184,0.0013111016116836367,1,2173.8431496309818,2178.8671220376414,1
1186,1187,0.002419083894152487,1,2204.581370815423,2212.1190194737264,1
1188,1189,0.0002902678647635367,1,2207.82059222813,2210.669272189445,1
1192,1196,-0.001158940009081385,4,2216.0311035580744,2215.6788875543502,4
1197,1198,0.002482285288993605,1,2214.0846328046723,2221.794707150075,1
1199,1200,-0.0028367099630244707,1,2232.0446786639873,2227.9450599647694,1
1201,1202,-0.0019181122462559141,1,2224.212391776813,2222.1703151416486,1
1204,1208,0.0038375298446153387,4,2225.3792011788482,2236.144539480137,4
1214,1218,0.004563094087908326,4,2272.2216570360165,2284.862239902691,4
1220,1221,0.0022712198561374245,1,2286.4738107855874,2293.9533693159674,1
1222,1223,0.0005122182665918786,1,2298.5415555013774,2302.017452028127,1
1225,1227,-0.011849987249223332,2,2302.4861683523723,2277.504222784236,2
1231,1232,-0.0017535350345921964,1,2293.1906094791525,2291.462610013912,1
1233,1240,-0.01013498340705592,7,2295.694387009882,2274.7232568768754,7
1244,1245,-0.0007934708641504917,1,2293.6725290012,2294.1462392065364,1
1247,1248,-0.0010032107557259825,1,2296.8994090688025,2296.892034285873,1
1250,1260,0.008391338164108725,10,2298.8608526768608,2320.4502323365805,10
1262,1264,0.0005395218671320878,2,2341.79407673067,2345.3993199201173,2
1265,1266,0.001255254621833653,1,2358.5195573678166,2363.8386195002554,1
1268,1270,6.63798859245029e-05,2,2373.355503501871,2375.886402072954,2
1276,1278,-0.004552681878703109,2,2387.290944031275,2378.809658755223,2
1279,1283,-0.01395167527900908,4,2380.9562649568634,2350.11889255962,4
1286,1287,0.0016013076928708004,1,2340.0768120579783,2346.1640718710933,1
1288,1292,0.009676197491482526,4,2347.530206539566,2372.592902641803,4
1294,1297,-0.0018896256709550114,3,2383.9118626225268,2381.7910734322436,3
1298,1302,-0.010709556286009895,4,2382.5543020013533,2359.420756901596,4
1306,1307,-0.0018916457052140833,1,2331.9144075122667,2329.8351660458816,1
1316,1322,-0.011977927186773811,6,2365.1892330251835,2339.2243578420916,6
1327,1330,0.007043160165159607,3,2336.2429861075025,2355.033762629496,3
1338,1340,-4.276516223269218e-05,2,2431.6376374988995,2433.9652857583396,2
1343,1345,-0.0013701069463150602,2,2434.765801391603,2433.8646776558576,2
1348,1352,-0.0012909670671142242,4,2418.0632040942746,2417.3596273356825,4
1354,1355,0.002914419104783049,1,2422.771764532972,2432.255508614589,1
1357,1358,0.005094383802084298,1,2453.7024226647213,2468.656226964544,1
1361,1362,-0.0055601079926032955,1,2470.717489661699,2459.450751089628,1
1364,1366,-0.0017438945990676654,2,2461.4562085289554,2459.625144549589,2
1368,1373,0.0007224992639073397,5,2468.8215612636986,2473.074104585694,5
1374,1380,-0.01443215758809712,6,2473.1495342055464,2439.9297999231685,6
1387,1391,0.0022428625551354966,4,2425.5521231401763,2433.417855295837,4
1394,1396,-0.0009010885437404056,2,2441.3309532304647,2441.5724288302604,2
1397,1399,0.002283503951490571,2,2454.496887441149,2462.556237669983,2
1400,1406,-0.0009342229950728097,6,2460.7937222386336,2460.955585879426,6
1407,1410,-0.004134240654698872,3,2466.032568441456,2458.3034289096354,3
1416,1418,-7.905288706223684e-05,2,2457.708471074142,2459.9718905950203,2
1419,1422,0.0017804875189693231,3,2469.414921023149,2476.2810983902104,3
1425,1426,-0.004121847919991248,1,2491.0441272087273,2483.2674662815944,1
1428,1431,-0.0005519628074612158,3,2498.5092947576095,2499.6287198475648,3
1432,1433,0.0002512238794742912,1,2513.7773329834667,2516.922631210177,1
1434,1436,-0.0011129342458172787,2,2528.4496809919183,2528.1641324341085,2
1441,1446,-0.010631284122776714,5,2528.391384083812,2504.0397282901204,5
1452,1453,0.0002420495130448408,1,2495.373082490219,2498.4724594121913,1
1459,1465,-0.01581914874507357,6,2442.6674344345693,2406.469182388936,6
1467,1469,0.0010684151521993396,2,2412.1176573967723,2417.1069181082194,2
1472,1474,-0.003929009214959752,2,2438.2618719855755,2431.1201804940447,2
1477,1478,-0.005136294477892637,1,2388.922349493944,2379.0410631716177,1
1479,1483,-0.013652589734541993,4,2389.783623797809,2359.5466720515683,4
1487,1494,-0.0029604921880974646,7,2377.3632468671517,2372.7024447933986,7
1496,1500,0.0089717595973339,4,2379.2631722231704,2402.98861259537,4
1502,1503,-0.0002791330817435765,1,2416.1540619194525,2417.895787452101,1
1506,1508,-0.0010905603537592233,2,2424.286739039367,2424.067194774666,2
1516,1519,0.0009713315024463334,3,2424.312628893963,2429.09175275108,3
1520,1524,0.005857699946525564,4,2430.599303400869,2447.267624113826,4
1525,1526,0.0004112981518407542,1,2446.3914872767896,2449.8440750614623,1
1529,1531,-0.0054597552006074085,2,2433.03876032331,2422.1880030586785,2
1536,1539,0.0029938596924336675,3,2451.499896564295,2461.2908431871883,3
1540,1541,-0.0006511323744704044,1,2472.152912751688,2473.0153668683056,1
1546,1547,-0.0020132178548009777,1,2484.5132300175696,2481.9958768524266,1
1548,1553,-0.00022240836561234,5,2477.190667922252,2479.1169106624116,5
1556,1557,-0.0020697829905450046,1,2481.3178645580547,2478.663392912415,1
1558,1560,-0.0008316665408514679,2,2474.8954769984593,2475.3120847151336,2
1561,1562,-0.004217488973192707,1,2475.7324376784873,2467.766795859681,1
1563,1564,-0.00472062816730954,1,2471.833192016631,2462.6364198175233,1
1566,1568,-0.0029808239886728936,2,2467.1789021475884,2462.2918549938668,2
1570,1573,-0.007828392301625717,3,2465.824016668386,2448.9864029358037,3
1574,1578,-0.00961808346078337,4,2444.667733934138,2423.5993833692096,4
1585,1588,-0.004749511891829294,3,2410.195044832217,2401.1579898499904,3
1589,1590,-0.0004934440269165729,1,2404.0646760913123,2405.2824694126653,1
1592,1595,-0.013006541639347158,3,2411.372227579465,2382.4199865210667,3
1602,1604,-0.0012075184030440698,2,2362.024235536011,2361.534072038701,2
1608,1609,0.0018090530758845735,1,2358.756312334875,2365.3821840093015,1
1610,1612,0.000519687865059603,2,2366.9307300226137,2370.5277259304657,2
1615,1618,0.003364224572035752,3,2375.505966999836,2385.873208512034,3
1619,1621,-0.0012094098215145097,2,2386.5951883830144,2386.0954119105877,2
1622,1624,-0.001632937582260532,2,2391.399974410367,2389.886367492346,2
1628,1629,-0.008530593123894318,1,2369.060770307594,2351.2203375606277,1
1631,1637,-0.016546870967879927,6,2326.0904122249253,2289.926984726442,6
1643,1645,-0.04232532849156349,2,2244.294086914102,2151.5478965407033,2
1647,1648,-0.0007049557153909092,1,2146.895690357321,2147.529119660413,1
1655,1656,0.003515515170157738,1,2182.028777570927,2191.8817616177694,1
1657,1658,-0.0064214718130041655,1,2198.5109896548574,2186.5918242938637,1
1660,1661,-0.0001914080061965498,1,2214.9545296497267,2216.74552414904,1
1668,1669,-0.010754603566611242,1,2134.681698832607,2113.8587251195945,1
1671,1672,0.002088420369460223,1,2121.807522176377,2128.3605557479405,1
1673,1674,-0.0010126855462593725,1,2126.672204794847,2126.6452267962145,1
1675,1676,-0.004455002632035645,1,2118.411288896175,2111.0921723173046,1
1678,1684,0.017883556283142567,6,2071.526846794958,2110.6446405984516,6
1686,1688,0.005515472577176729,2,2117.591488080722,2131.3885973509746,2
1690,1692,-0.004672184907911845,2,2139.488786936744,2131.6321885027082,2
1693,1694,7.835621205078136e-05,1,2138.291809278347,2140.5976495340597,1
1699,1701,-0.002109928694506037,2,2166.6662692363197,2164.261424172676,2
1702,1703,-0.0004758722466976194,1,2153.5685432198643,2154.697288262005,1
1708,1713,0.010495585959955187,5,2180.078101611163,2205.1393768276503,5
1718,1722,0.006787290202381815,4,2214.2107835199013,2231.453485460414,4
1723,1724,-0.0032930356196373477,1,2241.179179118377,2236.040075430669,1
1726,1727,-0.005258712185824375,1,2240.1532532621663,2230.6130853043846,1
1728,1740,0.012146204609803386,12,2219.641405194407,2248.8212652674843,12
1743,1744,-0.0058839015475880465,1,2271.852611236469,2260.757106752559,1
1745,1746,-0.0038361533019163614,1,2261.845382128944,2255.4304418799948,1
1747,1752,-0.008614824636649566,5,2260.2192799274235,2243.008106470402,5
1763,1765,-0.0028730252219234874,2,2241.811423332105,2237.6124539934076,2
1768,1771,9.393958972874795e-05,3,2215.621429068818,2218.045185065928,3
1772,1774,0.0023640127400530514,2,2230.448856093656,2237.952114461592,2
1775,1776,-0.0023340267540057037,1,2243.663114442649,2240.670007821007,1
1790,1791,-0.003452987554840687,1,2114.129036112455,2108.943103897544,1
1792,1797,0.003434513859914671,5,2121.304113957679,2130.7110664521183,5
1799,1801,0.007158080431361897,2,2144.5871744281826,2162.082889089235,2
1803,1806,-0.0012004145010532377,3,2169.2383839663244,2168.803637137936,3
1813,1814,0.002059556067804559,1,2196.477547634642,2203.197793843304,1
1817,1822,-0.016955031263263524,5,2193.43325519054,2158.436959030093,5
1825,1826,-0.009988634207026302,1,2115.4323326877848,2096.417485259538,1
1827,1828,0.003935218410214604,1,2099.3572497949754,2109.718036343781,1
1829,1832,0.0011401581981037036,3,2115.536831223949,2120.064414716683,3
1834,1840,-0.022379500560406534,6,2133.4824172259664,2087.8696286912664,6
1841,1842,-0.0007400474035634687,1,2081.946372268326,2082.4875796334386,1
1843,1844,0.0010781487634147825,1,2081.043283360378,2085.368000886306,1
1850,1851,0.000718757093137349,1,2145.7380586001045,2149.426061108338,1
1853,1854,0.0006564075096201218,1,2146.8168195500666,2150.372823051748,1
1855,1856,0.0015402213310330495,1,2168.167230927187,2173.674855576435,1
1857,1866,0.00022853470258460385,9,2184.83425374007,2187.518398440185,9
1869,1870,-0.0036967519094865025,1,2214.7096043563392,2208.737082001833,1
1871,1873,-0.012350104043672528,2,2203.240525092666,2178.2335158996284,2
1882,1883,-0.0015336283651428636,1,2260.6220187205327,2259.415686688477,1
1887,1889,-8.734501883693598e-05,2,2285.4041330850846,2287.4899185511154,2
1892,1896,-0.0017532841259960286,4,2312.220957763154,2310.4791984198755,4
1897,1898,0.002436225544268071,1,2316.0919727241285,2324.0505871236774,1
1899,1900,-0.002076280991406168,1,2327.2715430990697,2324.7667449753917,1
1911,1916,-0.01432349007624147,5,2341.5382250640873,2310.340763759306,5
1918,1920,0.0015377965679206499,2,2312.9046947841607,2318.7743763805115,2
1924,1927,-0.006745250289804644,3,2313.656775532437,2300.364238272301,3
1930,1931,-0.003419335056257977,1,2310.930727560418,2305.339811838647,1
1936,1940,-0.013450605884588712,4,2323.3132249535975,2294.3865676432474,4
1944,1945,-0.0007968692176851252,1,2298.3137970387183,2298.780655318316,1
1946,1947,-0.0013377691175870477,1,2298.664571206291,2297.888153302446,1
1948,1950,-0.008240669741513162,2,2301.2824612413046,2284.61963495752,2
1952,1957,-0.0027184126535650948,5,2275.87336446863,2271.9624748812153,5
1959,1966,0.019180080228042594,7,2330.577598390363,2377.6088413035595,7
1967,1969,0.011508937665194285,2,2395.3458137297507,2425.3090452002803,2
1970,1971,-0.003099933576199268,1,2430.544327009043,2425.4403453683162,1
1972,1973,0.0039294221307462724,1,2431.7476634405098,2443.734774189064,1
1976,1981,-0.010891819259404516,5,2441.0665532148787,2416.9199640702996,5
1986,1987,0.003502087284526483,1,2420.9387296982272,2431.8380071698193,1
1990,1994,-0.009815026730158747,4,2414.8380724103254,2393.5512102530233,4
672,673,0.0005207817201195188,1,1976.112325960448,1979.1175614626716,1
674,675,9.348086275056539e-05,1,1985.4657556382303,1987.6368244456673,1
677,680,-0.001718606225022705,3,1989.5292366000122,1988.0995485057267,3
684,686,-0.00011261297714252911,2,1992.218329222709,1993.98619791476,2
688,690,0.003928097548716182,2,2003.2272099417232,2013.0993090445586,2
692,694,-0.004327671257006957,2,2019.8177284572694,2013.096439057889,2
698,700,0.003250716919961924,2,2017.123980445429,2025.6982034787693,2
701,703,-0.00042610948330987024,2,2022.5467138477475,2023.7074342263875,2
707,711,-0.009178455854418587,4,2019.258506649814,2002.7440900945194,4
712,723,0.01384058606674965,11,1999.32071871136,2028.9918099124318,11
724,726,-0.002495528084391873,2,2028.368810837991,2025.3353283158783,2
727,732,0.005760846092076446,5,2032.661816690902,2046.4043303907897,5
735,737,0.0018231646832461983,2,2057.647517414083,2063.4565952158155,2
739,744,-0.0033886190835190864,5,2069.5323682500602,2064.5890437412977,5
745,753,-0.004123279139328994,8,2065.417107061411,2058.966232896913,8
754,755,-0.0014914600622966032,1,2057.1473359735883,2056.1363302156974,1
756,757,-0.004277695091170047,1,2051.477299846432,2044.7531827710784,1
761,763,0.0026476997473514146,2,2068.7261384509584,2076.272230263525,2
766,767,0.0008266292997808698,1,2079.5178388307518,2083.316347044577,1
779,782,-0.002272326121353591,3,2078.5563954610684,2075.9117938644167,3
783,789,-0.0032131301933894544,6,2078.5319110599394,2073.931849329649,6
791,792,0.0004196519465278826,1,2073.4343722033327,2076.377927345829,1
795,799,0.0019038147550772687,4,2072.875072773668,2078.89431799542,4
801,802,-0.00416805112346494,1,2075.909797063719,2069.3332086989194,1
807,810,0.0032099026425453543,3,2082.9184317897457,2091.6873155999438,3
817,818,-0.0008815932184504701,1,2080.6089983235847,2080.855356538739,1
819,821,-0.0003275515206755745,2,2080.7982158837563,2082.1974454798083,2
822,823,-0.001293352299851368,1,2076.430736548583,2075.8216108165343,1
826,835,-0.00013667938390404984,9,2066.434597179276,2068.2185927688347,9
840,842,-0.0038398212978685083,2,2079.5040952389118,2073.5986752202475,2
848,852,-0.005948590443291218,4,2080.7920275372003,2070.495039995253,4
854,857,-0.003544326201389014,3,2075.885896572022,2070.60416569428,3
861,865,-0.0018042220271250763,4,2069.3400977029123,2067.6758888147265,4
871,877,0.018089826008906337,6,2091.4923839979365,2131.41860970741,6
878,879,0.004251718691397074,1,2138.3053767908877,2149.5351551060953,1
881,882,0.0004974324091643605,1,2169.8671543856412,2173.1163837861995,1
888,889,-0.006043983935769427,1,2179.023844974281,2168.032883704572,1
891,894,-0.003335401321971651,3,2167.520640910489,2162.4586103403058,3
896,899,-0.0023736430371530523,3,2167.865205108272,2164.887332163789,3
900,901,-0.004858556800875865,1,2169.659809938225,2161.288054323001,1
902,910,-0.00019867383437987098,8,2162.6876596078787,2164.4206778175862,8
917,918,0.0012501771987928258,1,2143.1707090315695,2147.993222894153,1
919,923,-0.0004642964723622084,4,2155.569047645843,2156.7237935887338,4
924,930,-0.003092325242765858,6,2157.6472428270245,2153.1327430358733,6
932,938,-0.007205776583951541,6,2150.264325862719,2136.920265859974,6
940,941,-0.0027235420311851116,1,2135.872497117539,2132.1912310955045,1
942,943,-0.005752254928231939,1,2135.435352861193,2125.287219681638,1
944,945,-0.006337190178920359,1,2130.2208945384155,2118.851500501154,1
948,949,0.0015731687120064176,1,2106.6078694975777,2112.0285269558353,1
951,952,7.6471964519581e-05,1,2117.622027237804,2119.9015879815747,1
953,960,0.008130959003958549,7,2119.2669338835376,2138.617873375273,7
964,965,-0.0013439935029201716,1,2137.915534115081,2137.180105061553,1
969,972,-0.004991587323997936,3,2153.743366797414,2145.146512075361,3
975,980,-0.008536451820582238,5,2142.97917886481,2126.8287195307844,5
981,982,-0.005066849403069689,1,2127.891922768463,2119.238106772555,1
984,989,0.0019155257493068388,5,2119.6347308799773,2125.814580516983,5
992,994,0.00030296580251925145,2,2138.5006644217247,2141.287057656131,2
999,1002,0.0009337085295036292,3,2140.569802511485,2144.709040596599,3
1005,1010,-0.0007525528773517995,5,2144.1528958980457,2144.6834603626535,5
1011,1012,-0.0038756437831948543,1,2145.4807977459586,2139.3111592279565,1
1013,1016,0.001044054251608707,3,2134.5550199688405,2138.9181662327005,3
1019,1024,0.0027443852738361094,5,2142.8786359779733,2150.9023991861472,5
1028,1029,-0.0016850910948688017,1,2138.456507987597,2136.9914704772104,1
1030,1031,-0.0011690374715684073,1,2145.547635851559,2145.184957904065,1
1038,1039,-0.004768483589434793,1,2152.784353777089,2144.671621268288,1
1041,1042,-0.0024317248832783473,1,2149.0592678786047,2145.982406249143,1
1044,1045,-0.0033383493399018645,1,2142.7732688675133,2137.7627164086975,1
1050,1052,0.0006371607657879241,2,2141.2700035080506,2144.7756067467526,2
1057,1061,-0.0016721250323792596,4,2147.0272453802627,2145.5841746234423,4
1063,1065,-0.005475848438304563,2,2145.4276201273346,2135.8250112642922,2
1072,1077,-0.003113764035968158,5,2155.179631178837,2150.6240899834,5
1080,1082,0.0034418415254450496,2,2156.0329184862007,2165.6096750337592,2
1083,1086,0.004531744850400896,3,2177.127443361862,2189.1707568853453,3
1092,1094,-0.00862657747588099,2,2176.1971505587076,2159.60021438718,2
1099,1105,0.003978953758794909,6,2141.991985812353,2152.656864861422,6
1118,1121,-0.0030455142449524685,3,2130.782724920087,2126.424178503364,3
1122,1123,-0.0017864104041682115,1,2128.4216276268116,2126.7478147143893,1
1126,1128,-0.002962227750452666,2,2124.838193347672,2120.6687768794636,2
1131,1132,-0.0018845232407804014,1,2139.2438493298896,2137.351638427461,1
1135,1137,-0.00024099720207591845,2,2141.4039808722237,2143.0293124851914,2
1140,1142,-0.0016787931686742476,2,2146.070772795139,2144.614034615074,2
1145,1146,-0.0015363402022426586,1,2143.6158836852464,2142.46617630866,1
1149,1153,0.004215713621227998,4,2145.069751971067,2156.2578214949067,4
1156,1157,-0.0041623560102400595,1,2162.0001660305084,2155.1631518113218,1
1158,1159,0.0009782201020662662,1,2161.6666796283253,2165.942932107933,1
1163,1164,-0.002143021625824152,1,2171.018549063327,2168.5370279116823,1
1168,1170,-0.003272602647366132,2,2167.6074327833853,2162.6813223931913,2
1172,1179,-0.0017476402173570017,7,2165.4122326683664,2163.7932833960667,7
1180,1181,-0.0019216494487325373,1,2161.270310170174,2159.2783765802437,1
1184,1188,0.012633385752170285,4,2179.7755081577184,2209.4932285135656,4
1190,1193,0.0035971428910907604,3,2206.2941929548724,2216.4368426196697,3
1198,1199,-0.00018085286386771609,1,2226.0850439475394,2227.908535136076,1
1200,1204,-0.0011217596189246229,4,2226.4194483779174,2226.1483603943166,4
1206,1207,-0.00015111992608970396,1,2226.842758692801,2228.7330811383868,1
1208,1209,0.0017626389553800576,1,2242.4942016867662,2248.68940352556,1
1212,1214,-0.00014953264760032305,2,2264.079279639178,2266.0048051497556,2
1215,1219,0.0010942903658757602,4,2276.510698347044,2281.2783727704054,4
1223,1236,-0.009044917764908067,13,2307.740755294592,2289.17517069552,13
1239,1242,-0.0020743319871474528,3,2282.0522692550103,2279.600587505807,3
1245,1253,-0.005356104273109717,8,2292.796063546702,2282.808404816917,8
1254,1258,-0.0009660846207708709,4,2293.9030925756733,2293.980891168973,4
1262,1266,0.01262585044521056,4,2337.226871847361,2369.0735756596805,4
1267,1268,0.00010519034924466467,1,2371.1157583161275,2373.7362925691605,1
1272,1273,-0.0012972551639218758,1,2388.3014123113103,2387.591477383499,1
1274,1275,-0.0009138821594217048,1,2383.2612387827307,2383.4664800941487,1
1279,1283,-0.01213346559529617,4,2379.8152554105186,2353.3196641412446,4
1284,1289,0.0013654083148660597,5,2345.524327409042,2351.072450155816,5
1291,1292,0.002513864235482716,1,2361.6375856574073,2369.9360595068206,1
1295,1296,-0.005315710620137674,1,2390.1657070446745,2379.850443518893,1
1297,1299,-0.007894237185549498,2,2384.442284927854,2368.0033742603077,2
1302,1303,-0.009513320336226375,1,2366.5942302173894,2346.4466554296837,1
1308,1309,-0.0024741434571369848,1,2340.945593918991,2337.494704288202,1
1310,1311,-0.0018301527001416819,1,2351.9307266207998,2349.9782649775493,1
1313,1315,-0.0007586563773799019,2,2368.7698955050623,2369.341583012797,2
1318,1319,-0.003549734509908187,1,2338.9176113987683,2332.953992449153,1
1320,1329,0.00410014960996759,9,2338.3192002719234,2350.24497802917,9
1334,1335,0.006631472344279432,1,2408.2016377676596,2426.579761965732,1
1338,1340,0.001988727236346295,2,2429.795329178717,2437.0573246577806,2
1343,1346,-0.0076456586593761046,3,2438.9796395802205,2422.771013418402,3
1351,1352,-0.0037983948731369053,1,2424.3574258212802,2417.5731164302106,1
1354,1356,0.0059919861238225906,2,2421.153200570863,2438.0818701529033,2
1357,1358,0.0036592922641823953,1,2452.523363152041,2463.950386285702,1
1362,1364,-0.0057634268403728124,2,2464.125621168346,2452.387939046422,2
1366,1372,0.004419121021213337,6,2460.4701649028816,2473.803750495575,6
1373,1375,-0.0019272621999095367,2,2471.640164357286,2469.348305861099,2
1377,1378,-0.0018519203748336402,1,2456.5416459100866,2454.4488680303084,1
1379,1387,-0.011505703425837437,8,2445.264076613312,2419.5748574265585,8
1388,1398,0.012825948964586366,10,2423.9008856195996,2457.413615559392,10
1401,1404,-0.007031984667356097,3,2471.29447368187,2456.387663308099,3
1410,1417,-0.00480428033051699,7,2461.5997449693846,2452.235129477992,7
1418,1419,-0.0010223161369286048,1,2461.5563281480913,2461.501395720015,1
1420,1421,-0.0016932286440052356,1,2469.176779098038,2467.4650750276546,1
1428,1429,-0.0038093227873243225,1,2495.5399222280384,2488.5291450578457,1
1435,1438,-0.007218975793214313,3,2530.5432089852397,2514.8058220248777,3
1441,1443,-0.002349881939517866,2,2529.5835923070226,2526.1689531012667,2
1450,1451,-0.006481160952315804,1,2502.010578086452,2488.2966554035634,1
1453,1457,-0.013833917032234199,4,2501.1255020004833,2469.026264820604,4
1460,1462,-0.008411025308509153,2,2441.2615407335265,2423.1692896704603,2
1463,1465,-0.007520639097242088,2,2418.90360908824,2403.1308116423593,2
1473,1476,-0.01524289722039595,3,2435.878480817893,2401.1845139742295,3
1477,1478,-0.007496050551792644,1,2396.03055184697,2380.4658162585324,1
1479,1481,-0.0006624442669591795,2,2384.782870860741,2385.5878679908574,2
1482,1483,-0.003587850489748441,1,2371.826136553443,2365.688205124365,1
1490,1493,0.00035453913796324355,3,2383.7167287966795,2386.9455663996523,3
1495,1496,0.0023740270344222857,1,2369.298582082482,2377.2926595510467,1
1497,1503,0.007371906469356972,6,2399.3035371397104,2419.3902819442415,6
1504,1509,0.004278657123440154,5,2418.3625557278397,2431.1282624596934,5
1513,1514,0.0011286491357404074,1,2415.335088210899,2420.4764891589425,1
1520,1522,0.0016358099451577518,2,2438.4535286842147,2444.8808287459256,2
1524,1526,-0.0004984796766625871,2,2449.7784068521282,2451.0070205108377,2
1528,1530,-0.005402207813586359,2,2437.3400661909213,2426.6103887071686,2
1533,1534,-0.0025545039178303114,1,2431.494580540612,2427.7148126889783,1
1540,1544,0.0037066776321885023,4,2468.2912259276304,2479.908677030431,4
1549,1556,-0.0010003833814971085,7,2476.6333061554055,2476.632356660021,7
1558,1562,-0.005244748623275898,4,2477.0307109290397,2466.5163382290116,4
1564,1565,-0.007851064033505523,1,2471.36956996884,2454.4380587945266,1
1566,1567,-0.0004970376116249206,1,2464.367521371633,2465.607005546016,1
1568,1569,-0.002098125075838872,1,2469.009243812515,2466.2979628494063,1
1571,1572,-0.004217942233345481,1,2464.762061949059,2456.8306000147654,1
1574,1576,-0.0027018431258150613,2,2441.2122584907984,2437.0576981900304,2
1577,1578,-0.003629390638652798,1,2434.2822001653526,2427.8815213363987,1
1587,1589,-0.005646722665173723,2,2408.0631296403317,2396.873528116663,2
1594,1596,-0.008865957552870722,2,2390.6593458785073,2371.8545209404533,2
1597,1600,-0.007575615415822735,3,2368.5281097037787,2352.953579752801,3
1603,1605,-0.003066659174094372,2,2358.4261297526837,2353.5520667552064,2
1612,1615,0.0003510332402017725,3,2372.8341228604136,2376.039900633883,3
1620,1621,-0.0011686043062061095,1,2388.792470071035,2388.3897093739483,1
1623,1629,-0.0166041712755314,6,2388.496742977464,2351.2262307089945,6
1637,1638,0.0006230686746362673,1,2290.3775383876637,2294.094978423311,1
1639,1640,-0.005262340379688214,1,2288.6861258319364,2278.9309665413707,1
1641,1642,-0.00848506684888883,1,2277.6104805974187,2260.562413894417,1
1644,1648,-0.02518213453481776,4,2205.8574483729094,2152.515106791726,4
1654,1657,0.007753864527772687,3,2177.229693284937,2196.2888670657976,3
1659,1660,0.005588694955660485,1,2194.599485254651,2209.0590318128434,1
1662,1668,-0.04110646440607899,6,2218.1303569951906,2129.1689907843197,6
1669,1672,0.005267426639287092,3,2114.9459105082115,2128.201178848382,3
1673,1674,-0.0029801415847435474,1,2125.942605165354,2121.732937806088,1
1675,1676,-0.004640361821576457,1,2117.491003117763,2109.7825697124813,1
1677,1678,-0.011004409432410111,1,2095.193205887123,2074.2320352154243,1
1681,1682,0.003927365744249449,1,2088.102315501806,2098.3911593216976,1
1683,1684,0.001609363222234728,1,2105.414486139437,2110.9082772671295,1
1688,1691,-0.0003556459987023165,3,2129.003346391454,2130.3751782164777,3
1692,1696,0.0074164957144825785,4,2136.8068608238354,2154.7912866106362,4
1698,1700,-0.0031630188411516436,2,2166.2464002705947,2161.5607684922325,2
1702,1709,0.011082041086592245,7,2154.7965182364587,2180.8308583030375,7
1710,1711,0.0010535864265103943,1,2189.3396154739526,2193.8356135913114,1
1712,1715,0.008237281985093221,3,2198.362202486125,2218.66909405586,3
1716,1720,0.003141885997723924,4,2220.2038457852714,2229.399677006222,4
1723,1724,0.0003518272425255336,1,2236.4043906897286,2239.4276230703667,1
1725,1727,-0.0016404892902443775,2,2233.43177161131,2232.0012824811015,2
1729,1730,0.006409774586045622,1,2230.031263256246,2246.5552922368092,1
1736,1737,-0.001037408978607009,1,2245.4045518123344,2245.3205535214915,1
1739,1744,0.003302019236207157,5,2253.0956556553583,2262.7885165070024,5
1745,1748,-0.0035635116834836734,3,2260.0644452934635,2254.2707436825276,3
1749,1752,-0.0029076140632183774,3,2248.1034790536173,2243.8149652414045,3
1753,1754,0.0005241655957414196,1,2247.282029436128,2250.7072593893226,1
1768,1770,-0.003330407206510479,2,2219.4150278700877,2214.2428870949016,2
1771,1773,0.0020551757107816404,2,2222.1881008938944,2228.9772760045335,2
1774,1777,-0.0030225277446131894,3,2241.6159931416046,2237.082262602707,3
1778,1780,-0.012685872093446404,2,2235.2904897157873,2209.1691709612714,2
1782,1789,-0.037432300820196926,7,2213.500022094967,2132.8571234244905,7
1793,1795,-0.0036897282018632646,2,2124.3688923402633,2118.6549174193747,2
1799,1800,0.005190919393776053,1,2145.455921138565,2158.7382658092333,1
1804,1805,-0.00042316080145455095,1,2167.236842022271,2168.4869891852813,1
1810,1814,-0.004853469190377687,4,2205.3466914851274,2196.848455955388,4
1815,1824,-0.029787792070189792,9,2202.4434662555605,2139.0399817026473,9
1830,1832,0.007771555512181886,2,2106.476166910597,2124.9532395437413,2
1836,1839,-0.012501387016071057,3,2120.8127466437218,2096.4204584559557,3
1840,1841,-0.0029577793983766036,1,2084.3057413859833,2080.2251305455798,1
1842,1843,-0.005480195920679634,1,2087.92390025631,2078.569592115692,1
1848,1853,0.005373934366152051,5,2136.6173867064836,2150.23604569493,5
1865,1868,0.011416161096555046,3,2181.0912403826596,2208.172020589536,3
1870,1873,-0.013742191606428106,3,2207.19854535511,2179.073998576766,3
1874,1875,-0.004990659124098878,1,2170.2844166188884,2161.6235513098186,1
1876,1877,0.003703025766051838,1,2174.921092839456,2185.1498027782095,1
1890,1894,0.00950036298988512,4,2292.614358865328,2316.687641829237,4
1897,1898,0.002190351859807727,1,2313.3926064786883,2320.773142883233,1
1899,1900,0.002153289652020229,1,2323.364890792861,2330.691133260865,1
1905,1913,-0.007484857236088953,8,2322.451939550325,2307.391170284663,8
1920,1923,-0.00420284519665051,3,2322.105566334085,2314.6682216748363,3
1928,1930,0.0014207393515476676,2,2307.0763583545163,2312.6611888822104,2
1931,1932,-0.002095962140573477,1,2307.391942616422,2304.86312840385,1
1934,1935,0.00037518573750057373,1,2309.052303899362,2312.227679694827,1
1937,1940,-0.011478166121563257,3,2314.6726615302805,2290.4191368657252,3
1941,1956,-0.01447124512282998,15,2291.070317535413,2260.2067476942534,15
1957,1958,0.007488383023895587,1,2278.787518011383,2298.130739294336,1
1959,1961,0.011847012065410913,2,2327.50180185642,2357.403245587135,2
1962,1964,0.0003722998413641916,2,2372.8882305037077,2376.144544646003,2
1966,1973,0.021010224939733507,7,2384.6939502227556,2437.18160047958,7
1977,1978,-0.0016438539615192648,1,2428.5322605212577,2426.968640404644,1
1980,1985,-0.006164554888503823,5,2421.733742422644,2409.2265655845604,5
1987,1993,-0.015674896521886333,6,2431.9226129308026,2396.2344002368077,6
1996,2000,-0.007445529778462522,4,2386.1500577529832,2370.7700564998563,4
672,673,-0.00199837083803627,1,1979.5791962633043,1977.6028421221718,1
674,676,-0.0013535650295868967,2,1985.2251047232608,1984.5231985503726,2
682,683,0.0003931160347473209,1,1989.9274650707346,1992.6996649303087,1
687,693,0.006902868481775157,6,1997.9601464084164,2013.7497626773104,6
696,699,0.0006112593784463939,3,2015.3385683758565,2018.5858015448969,3
702,703,0.00018369930661087694,1,2025.3414103428186,2027.7388055658917,1
705,706,-0.005894112485541698,1,2026.4365506218467,2016.5189421982902,1
710,714,-0.006246972792349769,4,2006.8803277932539,1996.3502813158207,4
715,718,-0.003164293557493524,3,2000.5543986020966,1996.2246116057868,3
719,720,-0.001542113649577724,1,2003.4225953585017,2002.3365126236854,1
723,725,0.0016495819795351897,2,2024.182504855961,2029.5457423441178,2
727,731,0.005105390447635899,4,2031.3730353853541,2043.775360911181,4
736,737,0.001320501818631792,1,2065.841092590062,2070.6348806024216,1
744,745,-0.000670507220779114,1,2064.1909929441613,2064.871128971269,1
746,751,-0.0049215230942671094,5,2068.23264650065,2060.1220244130805,5
753,756,-0.00776507500963062,3,2063.6795823194475,2049.7186351492132,3
757,760,0.003241069338862107,3,2053.8222660233223,2062.532668663226,3
761,762,-0.0027526364246805834,1,2069.5273829523207,2065.9002538790846,1
764,768,0.002844734390847887,4,2074.7018304426447,2082.6785079209026,4
771,772,-0.0026372916659452754,1,2089.5715037304276,2086.150265721973,1
773,774,-0.0036051666083878092,1,2088.4243649933264,2082.9836715735023,1
775,776,-0.0020957893940965087,1,2082.900716987771,2080.6182964731397,1
777,781,-0.00550819844782468,4,2082.8136983506997,2073.423960868687,4
784,785,-0.0015389976206176042,1,2076.9913315421163,2075.8718381563717,1
786,791,-0.0036180405764177186,5,2074.2446414310957,2068.814184794412,5
793,794,-0.0009844032262030496,1,2077.5025866856217,2077.534989023529,1
795,796,-0.002981512020534953,1,2074.2504853603737,2070.1403330900316,1
798,800,-0.002089243504224427,2,2076.528380338673,2074.2665352890513,2
801,805,-0.0038056388564512203,4,2077.4778528173974,2071.649200230116,4
812,813,-0.0013656884187789636,1,2087.5338207704476,2086.7704338283825,1
815,818,-0.003294583696821593,3,2085.3511250154997,2080.5661123218906,3
820,825,-0.009928414229921741,5,2081.8725167055877,2063.2846965025506,5
827,828,-0.00311356424546993,1,2068.711229313384,2064.338875224905,1
830,834,-0.0004715132136991311,4,2061.9024412307945,2062.9921294256264,4
836,838,-0.002223179995619571,2,2069.956712956343,2067.4247833132563,2
840,841,0.0005317572429649274,1,2073.792506729301,2076.96905342189,1
842,846,-0.0012435305899298373,4,2079.453171053249,2078.946760595771,4
849,855,-0.002829040082132634,6,2077.7107204159997,2073.910504229282,6
857,861,-0.0057403241297793815,4,2077.703846449621,2067.8548567717603,4
868,870,0.0030913773451039447,2,2070.7792490915704,2079.251588398015,2
879,880,0.002306283961122301,1,2151.329078069087,2158.4419828950026,1
881,883,0.0030956699320935704,2,2168.6445808511808,2177.5266332543706,2
891,897,-0.0008877199874738078,6,2170.6121543118034,2170.855870671679,6
898,901,-0.0039413184078860575,3,2168.2353546481318,2161.857884086876,3
902,908,-0.00020027435568615041,6,2163.812599802447,2165.5430562279985,6
909,913,-0.002553931214207352,4,2166.545257333379,2163.178595031016,4
914,918,-0.0031449212016281813,4,2153.358259614919,2148.73947582917,4
920,921,0.00028737798100824026,1,2151.6390649137966,2154.4090376690438,1
924,935,-0.006163066493086807,11,2154.8668505737564,2143.7411297404956,11
938,942,-0.0014561045723237049,4,2137.6045495219482,2136.6295783130913,4
944,945,-0.0027727325279795654,1,2127.9569050624873,2124.1846066387443,1
956,961,0.00835621450221656,5,2122.2774806028997,2142.133963944644,5
962,964,-0.002260444039936816,2,2140.8029341349607,2138.104571835951,2
965,966,-0.0023657556308817954,1,2144.2524129915337,2141.3238881844586,1
969,973,-0.0015272859879266942,4,2150.6044840043432,2149.4705003943554,4
974,976,-0.004933148187590147,2,2147.1290329552794,2138.684056290789,2
978,983,-0.005029787282524537,5,2131.6186197846337,2123.028650179433,5
987,988,-0.002594986325716884,1,2129.549887826227,2126.153284875212,1
991,994,0.00045692788129671094,3,2137.349064841046,2140.4630282856765,3
996,997,-0.002329583301503805,1,2138.53788633584,2135.6945220725347,1
998,1003,0.0021623836107109284,5,2140.101344188003,2146.8691656041237,5
1004,1005,8.083732340323068e-05,1,2144.633958177849,2146.9519586048855,1
1009,1014,-0.007405928714267049,5,2144.510627635842,2130.7730454282187,5
1015,1016,-0.0006023212959512056,1,2130.8094455210726,2131.6568230599423,1
1023,1024,-0.0018831602698509684,1,2152.622195619665,2150.7210852204944,1
1027,1028,-0.0012729348699509274,1,2141.4131943717994,2140.8287280400823,1
1031,1033,-0.004018449526639928,2,2152.3913421384227,2145.894457510601,2
1035,1036,-0.0004697707866568665,1,2151.813271415828,2152.954225673992,1
1038,1044,-0.007924673557076056,6,2150.4382837584044,2135.5472006387386,6
1045,1046,-0.0012603732653973696,1,2136.589858096741,2136.0335472185734,1
1047,1049,-0.0006937957338743834,2,2140.3754460032696,2141.0308380959464,2
1052,1054,-0.0026422164350582275,2,2146.980432815557,2143.454626263039,2
1059,1061,0.001053591451986977,2,2142.679916323994,2147.080105484501,2
1062,1063,-0.0008431257765130228,1,2142.699167065345,2143.0353013333447,1
1065,1066,-0.0012672643022362427,1,2138.6275692433155,2138.0559904382785,1
1068,1069,0.0008778270722526137,1,2141.2308435945806,2145.251704840625,1
1072,1073,-0.0012539268570331422,1,2156.7311302481667,2156.183478290797,1
1077,1078,-0.0032192235137491047,1,2152.3246969658567,2147.548207389127,1
1082,1084,0.0032061470937584467,2,2169.5995376933247,2178.725192483413,2
1087,1093,-0.008880077621581533,6,2187.931160009894,2170.690092638339,6
1106,1108,-0.0006007467958618549,2,2155.893658665064,2156.754406116067,2
1110,1111,-0.004319393576219011,1,2157.8606733164065,2150.6978844590244,1
1112,1114,-0.004366403138569523,2,2146.9457910612623,2139.718306011895,2
1116,1117,-0.0008507449852540409,1,2130.409517973232,2130.727492277252,1
1118,1119,-0.0032568946019209248,1,2129.158782301954,2124.353495339544,1
1123,1125,-0.004041814943565394,2,2130.8430625107326,2124.361432240795,2
1126,1127,-0.0009378097616727363,1,2126.5389716531413,2126.6712216186006,1
1132,1134,-0.0001689158716124021,2,2137.467186424063,2139.2436014776495,2
1136,1138,0.0015789041143894336,2,2142.1228936078674,2147.6472231517205,2
1139,1142,0.0002931430737145573,3,2145.1176705316875,2147.8916145896383,3
1146,1147,-0.0020034049879007923,1,2146.318858285942,2144.1652312379124,1
1148,1151,-0.000574437743792583,3,2148.269673839777,2149.1838963291184,3
1157,1158,-0.0017915252966705785,1,2159.7300839098243,2158.020602914429,1
1159,1163,0.00039296594932735707,4,2164.3413940199107,2167.3562478845,4
1164,1165,-0.0013590277220565956,1,2168.8667748078365,2168.088091510233,1
1167,1168,-0.001364954317095325,1,2168.602744218124,2167.8113032845567,1
1171,1173,-0.0018810589550232071,2,2165.9072264596066,2163.998934501985,2
1174,1175,-0.00186182754778781,1,2167.3787223233185,2165.510815633931,1
1176,1178,-0.005902687427723466,2,2178.9140639824,2168.2315293948236,2
1180,1181,-0.0022311324336465933,1,2163.43034558665,2160.7668763202632,1
1183,1184,0.0018339274156193002,1,2173.521280892208,2179.6808824385603,1
1188,1191,0.000494577272379274,3,2210.960600521438,2214.2650519851036,3
1192,1196,-0.001747599948442789,4,2213.2056092803437,2211.5510168809524,4
1203,1205,-0.0026428473481071146,2,2228.683936882566,2225.0225493870894,2
1206,1207,-0.0004741245497016551,1,2226.9515341350057,2228.1226332758115,1
1211,1213,0.0006850092604430212,2,2258.1304802764816,2261.935451047036,2
1214,1223,0.014914567587377095,9,2266.7040874178897,2302.7777028176856,9
1224,1226,-0.007270372932620997,2,2305.9148371277183,2291.4558911480635,2
1229,1230,-0.00015545187602047038,1,2280.003955286359,2281.929528349462,1
1231,1232,-0.0009821415966831347,1,2296.551603996601,2296.592616741383,1
1233,1238,-0.004904554319253608,5,2294.863232562219,2285.9028144154217,5
1240,1242,0.00029165050878048374,2,2274.751833020379,2277.690017382849,2
1243,1244,-2.8277159804011767e-05,1,2286.316073619375,2288.537739168018,1
1245,1248,-0.00037321017511330505,3,2297.5743327373207,2299.0144289510013,3
1250,1260,0.004946032694119992,10,2301.01978980306,2314.7017287030462,10
1264,1270,0.014553214903156395,6,2344.276135447924,2380.7371659748865,6
1275,1279,-0.005431546595948624,4,2387.90769707862,2377.3255728521917,4
1280,1281,-0.004451053164293726,1,2380.3690939498247,2372.154313655962,1
1287,1294,0.017166065060075737,7,2346.259355522001,2388.881655622225,7
1298,1303,-0.017251676702004663,5,2381.0569260196335,2342.3607586488934,5
1306,1310,0.004387403169392268,4,2334.2487927617267,2346.8243321060013,4
1311,1312,0.0035516943484705365,1,2351.427163865665,2362.1301415982725,1
1316,1318,-0.01282774447176508,2,2368.237483330968,2340.2265755296735,2
1325,1333,0.027641102737569236,8,2335.6872493672636,2402.583907839222,8
1343,1344,-0.0011618086383989512,1,2435.6779603872387,2435.28384665289,1
1347,1349,-0.0006458274990589009,2,2417.8794294512904,2418.7357758557932,2
1350,1352,-0.0035729404236680743,2,2424.5145790514875,2418.2764474832734,2
1356,1357,0.003615574797026189,1,2443.1820428687633,2454.4587323303754,1
1361,1362,-0.004749662858384335,1,2470.77043501442,2461.5058788826523,1
1365,1366,0.003249300273593319,1,2449.2620111557117,2459.6696608898174,1
1369,1370,-0.0013017508113719557,1,2465.8283478018166,2465.0842820971634,1
1374,1378,-0.011258942407860649,4,2472.3793736260627,2447.0153760216504,4
1379,1382,-0.002215502685508885,3,2447.6472005193086,2444.672078773899,3
1384,1385,-0.004981880581975068,1,2443.6455223094654,2433.915217654951,1
1386,1388,-0.0042808629075719055,2,2430.6383635962657,2422.6637723474214,2
1389,1390,0.000361889369490453,1,2427.423391039501,2430.72927315101,1
1395,1398,0.008157109367505456,3,2441.9232303328185,2464.2841884200284,3
1403,1407,-0.0009548485307683403,4,2464.0219730915137,2464.133227303818,4
1413,1414,-0.0014475921650371221,1,2447.5348899186597,2446.439392478277,1
1416,1418,0.001997335155768847,2,2451.7899246884704,2459.138760824299,2
1419,1423,0.00465492455682601,4,2465.7086715630853,2479.6520680798862,4
1425,1426,-0.0007058175928404339,1,2487.453966645504,2488.1857318411103,1
1427,1436,0.011367321450201737,9,2496.2154853665497,2527.086984683049,9
1437,1439,-0.008094534435329304,2,2526.4502595270496,2508.5262711616883,2
1440,1443,0.0004020074169908288,3,2521.3243544713714,2524.85926991698,3
1444,1447,-0.008500380628212574,3,2525.228366508277,2506.2881925863053,3
1448,1449,-0.0027181071314373267,1,2508.7414249436724,2504.4311384105445,1
1450,1451,-0.003303482826014144,1,2498.3295800965566,2492.574720815081,1
1452,1453,0.0010823665142225942,1,2494.3190687167203,2499.513155221203,1
1454,1458,-0.01914444372338444,4,2497.943546820081,2452.6197507106126,4
1460,1462,-0.008357202347502653,2,2446.583597703417,2428.583587115032,2
1468,1470,0.004125943180259971,2,2410.908093487275,2423.2662713873196,2
1472,1474,-0.0042601528600223135,2,2437.1734085961934,2429.2278507377882,2
1475,1478,-0.017726198552760964,3,2419.2273093689696,2378.7628330482025,3
1479,1482,-0.007690581838209101,3,2387.480482614219,2371.5068490581616,3
1486,1487,0.0018714145438765966,1,2374.048318700243,2380.8651955704245,1
1489,1491,-0.0007772897963540409,2,2383.9088086507263,2384.4397294669743,2
1492,1499,0.006651578490662466,7,2387.6320857895394,2405.901240100782,7
1500,1504,0.003930006778704839,4,2407.0162418307136,2418.8828482193917,4
1506,1507,0.0020374193420710667,1,2416.5122840946024,2423.8522452466636,1
1512,1513,-0.002495491880626464,1,2419.35297522831,2415.7348524974864,1
1519,1521,0.005811829070847856,2,2428.673495511199,2445.2172042315196,2
1527,1529,-0.004253465946072864,2,2441.1932643812784,2433.2509252278314,2
1530,1533,-0.0029589373733574604,3,2432.8769337756394,2428.111080225287,3
1538,1543,0.012088367066774845,5,2450.331444119232,2482.402281495125,5
1548,1550,-0.0006132482058998629,2,2478.158343504255,2479.1167756896693,2
1552,1553,-0.002717230296090124,1,2482.319738759449,2478.057024099469,1
1555,1556,-0.0035142228695296796,1,2482.8801951432183,2476.637680974287,1
1557,1562,-0.004632210465077434,5,2479.3717095871098,2470.3661097167305,5
1564,1569,-0.0006267024104823602,5,2465.87663862642,2466.797144431667,5
1572,1574,-0.0074867729238232514,2,2455.317834575581,2439.3907453268757,2
1575,1581,-0.014689625368427987,6,2443.70310238326,2410.249722399968,6
1584,1586,0.0012845994691786048,2,2403.9991343733877,2409.491309519683,2
1587,1589,-0.004696903045526987,2,2410.0067295020713,2401.0971682840345,2
1590,1594,-0.008110520677095424,4,2411.3801084363386,2394.2339403149654,4
1595,1596,-0.006199644385440822,1,2384.862661559558,2372.4622238113325,1
1598,1600,-0.003070041291814722,2,2355.2361362734337,2350.3607002193735,2
1602,1603,-0.0011952890297793493,1,2359.0396308965696,2358.578936335841,1
1608,1611,0.006343141049571865,3,2355.1577927114226,2372.452048577301,3
1613,1616,0.0006810345181468749,3,2375.094449302628,2379.087065055765,3
1617,1618,-0.0015275678954472225,1,2383.640863348942,2382.383330955163,1
1619,1622,-0.0025954844805235,3,2390.652225464357,2386.8379769402995,3
1627,1628,-0.004248082459698679,1,2371.151544934694,2363.449849192304,1
1629,1631,-0.013066041326794148,2,2355.1375053973384,2326.720318926931,2
1640,1642,-0.00950366895677611,2,2282.382553893293,2262.973928222263,2
1645,1648,-0.0011721030060307727,3,2152.661390452249,2152.290910955986,3
1650,1651,-0.004325564238638562,1,2164.76129283267,2157.5622400920365,1
1652,1654,0.00018151174653265197,2,2169.945277875174,2172.5090937103164,2
1656,1658,-0.001824076396719118,2,2192.4910269180687,2190.684246812767,2
1661,1662,-0.0019194742229523792,1,2216.7116386338294,2214.673429422387,1
1663,1664,-0.008060947947992564,1,2207.436357631211,2191.849764411471,1
1665,1668,-0.025665809963262703,3,2186.7298038008767,2132.7923420193215,3
1669,1671,0.0016304046546228457,2,2117.4194609661295,2122.9891309720438,2
1672,1673,-0.002255314574414641,1,2128.6148501018793,2125.942768857231,1
1677,1678,-0.014543003503114663,1,2099.893715510676,2071.4548475653464,1
1680,1681,0.0015150050726541104,1,2078.5726374773913,2083.800258204527,1
1682,1683,0.001831910717059283,1,2097.2083704694983,2103.1474773297373,1
1689,1692,-0.0022381385672088526,3,2135.9149548428254,2133.2703961609564,3
1694,1696,0.0047541340870285815,2,2144.045296678245,2156.3824208039946,2
1697,1699,-0.003090483690488967,2,2168.306403863082,2163.7735946898233,2
1703,1704,-0.0025654628297292043,1,2148.9431538458966,2145.57906321535,1
1706,1717,0.026123030068962255,11,2156.998851470357,2215.5031961775044,11
1720,1722,0.0032520209897644193,2,2225.700039383984,2235.163762668364,2
1725,1728,-0.006686021283711169,3,2234.9596152814165,2222.2515873406915,3
1731,1732,-0.001825258142079689,1,2255.748511195558,2253.8869363702097,1
1733,1736,-0.006994627662998199,3,2259.322492879003,2245.7786957635567,3
1737,1742,0.0048414828251925725,5,2248.595207021591,2261.7303373042178,5
1743,1747,-0.004283294984030586,4,2265.57173434129,2258.1331940299656,4
1750,1752,-0.00204410188905944,2,2248.8676433114824,2246.5195963568563,2
1755,1757,-0.002290104310661922,2,2260.287214063993,2257.371207785795,2
1759,1760,-0.003363222530502014,1,2260.3763814837635,2255.0346090916264,1
1765,1766,-0.003703102742279526,1,2239.537839894035,2233.484139017579,1
1769,1770,-0.003193424039570175,1,2219.567329416809,2214.6988770790217,1
1771,1775,0.00913604865718582,4,2218.981018824542,2241.4727184007193,4
1776,1779,-0.007494250527651798,3,2238.6466359909223,2224.1083038939123,3
1780,1781,-0.0020367759519763487,1,2214.0217854291595,2211.726340884875,1
1788,1789,-0.005317898633069909,1,2141.5321740623563,2132.285255215297,1
1792,1793,0.001372465129123741,1,2116.699323714963,2121.7211190493167,1
1794,1796,-0.002022956760297823,2,2128.0610777544352,2125.8841632886197,2
1805,1808,0.0054178624348116215,3,2171.021433559895,2184.9547504635098,3
1809,1813,0.00027302854226537933,4,2192.4774991422564,2195.268585576939,4
1814,1815,-0.004438171570189244,1,2207.6114805619864,2200.0213335314947,1
1816,1817,-0.000861339311631279,1,2195.1308519813506,2195.4352303363457,1
1826,1829,0.004096174616112833,3,2096.1454713829776,2106.8277947259194,3
1830,1831,0.00014065800070114237,1,2104.7878712882307,2107.1887144133943,1
1834,1838,-0.013190803524445238,4,2133.874085180814,2107.860445462469,4
1843,1856,0.04357149396723244,13,2081.743683108301,2174.530109121287,13
1857,1860,-0.00037661878381707234,3,2181.2344031101084,2182.594143665099,3
1861,1866,0.0002801252676139466,5,2183.7240025915717,2186.519442864784,5
1868,1870,7.573469571802013e-05,2,2207.8601707433063,2210.235242532269,2
1871,1872,-0.007948709058391581,1,2201.650861882049,2186.3522305946735,1
1874,1881,0.03166182024589296,7,2168.311794237884,2239.1328042983314,7
1882,1883,-0.0005600207333543747,1,2257.6139255871763,2258.607228906525,1
1884,1885,0.005537437425516244,1,2259.9731386301523,2274.7475716072945,1
1886,1888,0.0012216681293140664,2,2282.1321195121054,2287.2022597089094,2
1889,1898,0.009506270107228734,9,2293.79723819417,2317.896491549853,9
1901,1903,-0.005533779833251934,2,2336.717417278336,2326.123254975871,2
1907,1908,-0.0011350881647022783,1,2329.443973148701,2329.1292928375915,1
1910,1911,-0.002115102050456302,1,2340.480197678368,2337.8703234108843,1
1913,1920,0.004143611492805093,7,2307.706315139311,2319.5762598638803,7
1922,1924,-0.007367431497018222,2,2324.138786711632,2309.3399921976825,2
1927,1929,0.0019521411740794571,2,2299.5770516923453,2306.3657277896145,2
1932,1933,-0.0018208487423418593,1,2305.52062734364,2303.628143636242,1
1934,1936,-0.0011311663659388865,2,2315.909527526752,2315.605758090183,2
1937,1939,-0.00779366957772801,2,2315.7493162727505,2300.016880593144,2
1941,1949,0.00023083422110567768,8,2291.8859978053033,2294.706929522275,8
1951,1958,0.005993901550812307,7,2282.1996979868354,2298.161177993849,7
1959,1961,0.010178408441931963,2,2331.3639016771713,2357.424839596895,2
1964,1968,0.015399924435147108,4,2375.9313975617965,2414.8964929449035,4
1974,1975,-0.00124849642739659,1,2447.1028880214076,2446.4947916962624,1
1976,1977,-0.005126731118119457,1,2438.6900840567023,2428.626265799376,1
1980,1983,-0.0023225013828478223,3,2420.830996442545,2417.6294441021087,3
1986,1988,0.0006651041034682181,2,2422.1080144746584,2426.1410764686034,2
1990,1996,-0.011813956053273133,6,2413.085881052335,2386.990876381861,6
1997,1998,-0.002698861753655737,1,2379.6869917227655,2375.6442325068556,1
672,673,0.00032883786818622735,1,1977.4071456431827,1980.0347991391354,1
674,677,-0.0010765288831270294,3,1986.3031908269381,1986.1511812621925,3
681,683,-0.0013229897746302268,2,1989.0220081886523,1988.379574418493,2
684,690,0.0115820018139043,6,1988.3359843600756,2013.3532313219453,6
694,698,-0.00012852806788501221,4,2012.8731159458916,2014.6272783693473,4
699,700,0.0024372932789616174,1,2017.704238751237,2024.639679970029,1
701,704,0.0013419316598433382,3,2023.1436353227125,2027.8816994546853,3
707,709,-0.006459761304939747,2,2017.6397368013259,2006.6239054390292,2
710,715,-0.00878698712072273,5,2009.6377706453982,1993.9887472080645,5
717,728,0.019144353695805104,11,1998.9523921280786,2039.2199961361823,11
729,730,-0.0014314215157665467,1,2044.0637484948604,2043.1818954141613,1
731,733,-0.0004520510968022433,2,2047.730547540208,2048.852599247777,2
735,737,0.0022072820096652626,2,2061.2437005490992,2067.854690387406,2
739,740,-0.0020930697324631977,1,2069.4476893551546,2067.1856387230046,1
741,742,-0.00023329436330688847,1,2066.2129196832334,2067.7970967753627,1
745,749,-0.0014236427343640866,4,2066.903354951788,2066.02772636283,4
751,755,-0.005213100567943595,4,2063.7245973433533,2055.029918070207,4
756,757,-0.0030421038023746047,1,2052.9859681824455,2048.7935577305984,1
763,767,0.005052664509449074,4,2072.7555688722878,2085.301262940764,4
768,769,-0.0031027627975943168,1,2091.4152349598244,2087.017484809429,1
770,774,-0.006394341563033111,4,2091.3206770862007,2080.039379036164,4
779,781,-0.0014577892780682535,2,2079.0299656770944,2078.078208050025,2
785,787,-0.003058085375181403,2,2078.2119352890636,2073.9347976985177,2
788,792,-0.003586147728539502,4,2077.4351613971457,2072.0626071733104,4
793,795,-0.000816621850578645,2,2076.2982171400313,2076.6789648647373,2
796,800,-0.0015771199588728907,4,2071.6891630991936,2070.4935499345884,4
808,809,-0.000794729370572157,1,2090.8711811895996,2091.300375633015,1
813,814,-0.000706458736305694,1,2086.8172449847093,2087.429811955901,1
816,820,-0.002802082040887027,4,2081.5174230812363,2077.766357915308,4
823,824,-0.0036511116368641134,1,2077.998491865073,2072.4894858819034,1
825,830,-0.005999017980164256,5,2069.2871542447424,2058.94275055455,5
833,834,-0.0002614418903906817,1,2064.0640418205016,2065.588473057341,1
837,838,-0.002940087730990938,1,2073.020037570247,2068.9981968292586,1
839,840,-0.0010324200239994435,1,2075.238067542627,2075.1707882746728,1
842,844,-0.0002903531562656712,2,2075.242630274593,2076.7153196571503,2
845,854,-0.0024900360995096385,9,2078.419568462035,2075.3226482750993,9
862,863,0.00016131010686494833,1,2067.6428432993525,2070.044017830663,1
866,869,0.0012282929451642448,3,2066.7880651729783,2071.393474437753,3
878,883,0.01795717955234174,5,2139.9388009988675,2180.506005080426,5
884,885,-0.004148331773024989,1,2179.9234017836375,2173.0602796750413,1
891,897,-0.0007335400085236159,6,2169.8527914534566,2170.4309704097723,6
898,902,-0.006027105859106623,4,2170.144150591876,2159.2346062173297,4
905,907,-0.0038152632354413575,2,2170.0489390431753,2163.9396800459785,2
908,910,0.0010848919852197024,2,2159.3845746903394,2163.8866582831183,2
911,914,-0.0045536281298875075,3,2162.0578098448655,2154.3746603933578,3
918,922,0.0015122493400718845,4,2148.507726474551,2153.905313592526,4
924,928,-0.0033695856239138906,4,2159.2363150104525,2154.119819679771,4
933,934,-0.0012113483714386412,1,2146.4828185953174,2146.0291629472863,1
935,937,-0.006491873393231241,2,2142.387857399265,2130.6221345272324,2
938,945,-0.007446120108278111,7,2140.4238075501557,2126.6263786040695,7
946,947,-0.006868881937717975,1,2115.630496455019,2103.214110847489,1
951,954,-0.0020174619989317515,3,2119.1350862863387,2116.9789468654394,3
955,956,-0.0009750629188088453,1,2119.6950747098167,2119.7479337179952,1
960,961,-0.0012217932025279158,1,2137.210362350619,2136.7363436198775,1
962,964,-0.0015350552954497484,2,2138.4258128103347,2137.281636755264,2
972,973,-0.005089309649606679,1,2150.7415494643315,2141.946501292297,1
974,982,-0.013478465985007272,8,2150.3348760197687,2123.501995412981,8
984,988,0.0018390559849210722,4,2119.703552045875,2125.721509101569,4
993,998,-0.0031465528084546122,5,2139.376273881483,2134.7839897324416,5
1000,1003,-0.006536112318574361,3,2152.288660593956,2140.373348826914,3
1005,1006,0.00045903435421214733,1,2145.040862150725,2148.1705504597917,1
1008,1011,0.0013072738589172102,3,2142.2795894154133,2147.2224151105634,3
1012,1015,-0.006493387354661935,3,2142.4102517156352,2130.6411623303625,3
1018,1021,0.0016660585119409265,3,2141.683028399299,2147.3928806670424,3
1023,1026,-0.0020597445189092217,3,2148.9609492846494,2146.683599697295,3
1027,1030,0.00011286361930082584,3,2144.691810078424,2147.078559568473,3
1031,1032,-0.0031918560965767625,1,2150.846555372074,2146.1322092368805,1
1033,1034,-0.0004485014319684154,1,2150.164954869776,2151.3507677634184,1
1036,1040,-0.006927560984173804,4,2152.8965455710268,2140.1351200045374,4
1042,1043,-0.0044256457847455435,1,2148.665872835717,2141.3053046456107,1
1045,1047,-0.0028331050097861734,2,2141.6881220441555,2137.762182818237,2
1050,1053,-0.0026144944715018803,3,2145.227739461651,2141.7642811361775,3
1055,1057,-0.0015895801201189943,2,2145.0109970049184,2143.7463411636477,2
1061,1066,-0.007204974883234076,5,2149.765744313639,2136.426501865336,5
1070,1073,0.0033762075091590855,3,2148.3476075538565,2157.7492224863176,3
1075,1079,-0.0040310346224530684,4,2153.908072838549,2147.379502896194,4
1082,1088,0.006526074450412424,6,2165.036547183571,2181.3307734255386,6
1089,1090,-0.002674992047132372,1,2185.0799590107113,2181.41996745702,1
1095,1099,-0.010064432758543185,4,2153.562409143676,2134.041587494667,4
1104,1105,-0.002927013474340468,1,2151.4061818058613,2147.260393104742,1
1107,1110,-2.6153467560430157e-06,3,2152.053590037927,2154.200015261589,3
1114,1115,-0.003889789476662753,1,2139.9881928769905,2133.804077517032,1
1117,1122,-0.0030209436200198778,5,2133.231048995463,2128.9199093169673,5
1124,1125,-0.0019556361011091932,1,2124.554147673198,2122.52384703092,1
1132,1137,0.002273357386912668,5,2135.7963232990246,2142.7875479708364,5
1141,1144,-0.000468047193282397,3,2146.41000171716,2147.55179054194,3
1146,1157,0.002636403678496723,11,2148.6232494602973,2156.4365109483383,11
1159,1160,-0.00042492118265459596,1,2161.932661592227,2163.1759432704357,1
1164,1166,-0.004528510915659931,2,2171.2125764693415,2163.5514291930513,2
1173,1175,-0.0015159763027106357,2,2168.45992740499,2167.3410534690715,2
1177,1179,-0.010921261436109896,2,2183.8662496515003,2162.199541647211,2
1180,1181,-0.0011575578229880328,1,2163.3757421085684,2163.0348853363366,1
1182,1188,0.02270113603944036,6,2164.2693950396665,2215.565038397499,6
1190,1195,0.0018556472334534,5,2208.147472038228,2214.453162257811,5
1196,1198,0.0019878831888256246,2,2217.8061818824604,2224.4327276893805,2
1201,1203,-0.0022428656134142197,2,2227.727299745522,2224.958534088604,2
1205,1206,0.0005324317815430211,1,2222.2455482991563,2225.6509880037624,1
1207,1213,0.010876375855168863,6,2234.3135154354636,2260.849062523059,6
1214,1216,0.006594851148776344,2,2268.99065114927,2286.223297402714,2
1221,1224,0.004132221066442788,3,2295.4113148964707,2307.1918732029335,3
1225,1227,-0.013437423168917433,2,2304.8202730150765,2276.154247951288,2
1228,1230,0.0013139962463048884,2,2278.3418672829316,2283.6139418116236,2
1231,1236,-0.001071806497058107,5,2293.9255864582437,2293.760867697368,5
1237,1240,-0.00677230999986585,3,2287.1561488581738,2273.953974548865,3
1243,1244,0.0017148004150398049,1,2285.3850740610674,2291.589438408654,1
1246,1248,0.0005543837001790192,2,2295.451306500422,2299.019318595801,2
1249,1260,0.0067402388543024395,11,2297.2011770360473,2314.982062842691,11
1265,1275,0.011729012483102794,10,2353.1644364377953,2383.1178959240056,10
1276,1284,-0.016601249968704435,8,2383.084081048332,2345.9049906034566,8
1289,1294,0.012143951618589048,5,2352.2882899127903,2383.2066533883776,5
1296,1299,-0.003545794920961991,3,2378.2734626077295,2372.218866105964,3
1309,1310,0.0002535309845403651,1,2342.5589729500152,2345.495443205721,1
1311,1313,0.0037833027789584027,2,2356.0423900422975,2367.3120541539306,2
1314,1324,-0.012591021716014873,10,2371.568216649186,2344.0793179489947,10
1330,1333,0.015558746018465974,3,2360.8538899444416,2399.946669894739,3
1338,1343,0.002175818748363696,5,2430.343376211397,2438.0617062705305,5
1346,1347,-0.005955201858644758,1,2428.9561158096344,2416.920147950008,1
1349,1350,0.0012671728236148786,1,2417.9292290787994,2423.411092516391,1
1355,1361,0.015220385535478373,6,2425.9321027485785,2465.281656738054,6
1363,1366,-0.0006286854456644246,3,2457.0355868529286,2457.9479199268476,3
1368,1372,-0.0029853737801026517,4,2475.3709006296954,2470.456364147556,4
1373,1375,-0.004488362655854308,2,2474.897783741396,2466.264442735536,2
1376,1380,-0.014171407873846548,4,2470.3912365208253,2437.8527059366334,4
1382,1383,-0.002931578276349822,1,2450.859106075729,2446.125079868039,1
1384,1386,-0.008019494433913572,2,2444.8015595415645,2427.6402886023393,2
1390,1393,0.00035123299169370343,3,2435.9423225600954,2439.2338481922015,3
1394,1396,8.610466058995626e-05,2,2441.5943067842463,2444.2461337401146,2
1397,1399,0.002043048348902237,2,2456.3529585171314,2463.827759331868,2
1402,1403,-0.0010578619748646402,1,2462.646155800443,2462.5036622304756,1
1404,1408,0.00026729900707587323,4,2466.433122723995,2469.558830971442,4
1410,1416,-0.003411945876415187,6,2459.1414731838054,2453.210157048038,6
1417,1418,0.00014403453509843575,1,2457.8135188003275,2460.625342346667,1
1421,1427,0.007875908467348793,6,2470.013220846185,2491.936832107557,6
1428,1442,0.01247476916419667,14,2497.025336339847,2530.672176344177,14
1445,1447,-0.003847615859046135,2,2511.03093833743,2503.880486814865,2
1449,1450,-0.0033331272868869616,1,2505.813024963489,2499.96664421911,1
1452,1453,-0.000760817756921846,1,2496.2094769149826,2496.806525896864,1
1456,1457,-0.004311978554517794,1,2481.373837949489,2473.1555810124587,1
1460,1461,-0.006366311659293054,1,2445.0658971546645,2431.9449115230236,1
1462,1466,-0.009160293902831199,4,2428.22436861248,2408.4093441025852,4
1469,1472,0.004694663883811534,3,2421.15217801695,2434.939825882315,3
1474,1477,-0.020609284952973324,3,2437.107062193394,2389.31713534994,3
1479,1481,-0.0006629972548561202,2,2387.8366959255864,2388.6414034470686,2
1488,1489,-0.0022828972714449038,1,2383.690739418924,2380.632709073355,1
1490,1493,-0.0009868109587680381,3,2385.8252937229227,2385.856760471094,3
1495,1498,0.013141082505201906,3,2369.3614707827974,2402.8668068257834,3
1499,1501,-0.0020896285071759805,2,2406.377524410664,2403.7554668610387,2
1503,1504,-0.002933301113337527,1,2420.4958602835127,2415.8163129419977,1
1506,1507,0.0013841950358015774,1,2418.7227745903097,2424.489481422468,1
1510,1511,-0.0037362944731978037,1,2431.107999915072,2424.4557725311574,1
1513,1514,-0.00012876314265147792,1,2415.756664189195,2417.861360433422,1
1516,1520,0.005072392250326764,4,2422.9371283581813,2437.6501529994525,4
1522,1523,-0.0009382873115965922,1,2448.413545095517,2448.564643277708,1
1525,1530,-0.008505831589820184,5,2448.0803745664025,2429.705495556563,5
1532,1535,0.0013832923709628056,3,2430.3498573334546,2436.142091607208,3
1536,1539,-0.0008563180944079401,3,2455.7897883010005,2456.142640857517,3
1543,1545,0.0007851205993898193,2,2477.8085799444098,2482.2317670818134,2
1546,1547,-0.0034439488055399113,1,2487.5624362596727,2481.48296101487,1
1548,1554,-0.0034529433894534656,6,2481.1090737591353,2475.023053658145,6
1555,1557,-0.0011550763436672295,2,2479.3427601349076,2478.958272724968,2
1558,1559,-0.00023196348519437986,1,2475.204084364967,2477.1051314833553,1
1563,1564,-0.0033047860663430306,1,2468.6229604345626,2462.9333126322986,1
1570,1576,-0.014392749351537313,6,2466.631134848446,2433.5961623167227,6
1577,1578,-0.005018587190051152,1,2429.5302472823087,2419.766968152738,1
1580,1581,-0.0029585936735285236,1,2417.746914993453,2413.011531181554,1
1584,1588,-0.003609071072374832,4,2405.200616807104,2398.9252774545344,4
1589,1590,-0.0006110524900299714,1,2401.71074651641,2402.6448859309357,1
1595,1597,-0.010519971157392536,2,2385.312587116741,2362.604480086024,2
1598,1599,-0.004698059192428735,1,2355.7790664348704,2347.0672560029097,1
1602,1603,0.0007381855301123253,1,2356.344527519404,2360.4402914810976,1
1604,1605,-0.0012562349074138608,1,2359.138021249666,2358.5335277372146,1
1606,1607,-0.006022689816901159,1,2357.003944377192,2345.165444667373,1
1613,1614,0.001329486100093188,1,2374.1007529152944,2379.6311876194313,1
1616,1617,-0.001330814175213788,1,2381.381272536735,2380.5934778551914,1
1636,1637,0.0002823927922327692,1,2283.7401488281184,2286.668800734308,1
1638,1639,-0.005078543171863279,1,2293.906316430505,2284.550520486733,1
1640,1643,-0.018573963487492965,3,2279.6559674551504,2239.593376719048,3
1646,1647,0.008091494015915867,1,2123.1670185326625,2142.469778776442,1
1648,1649,0.004688965963655979,1,2149.0929623804277,2161.3190790961426,1
1651,1652,0.0032959132204105606,1,2158.3150199139595,2167.5869539418186,1
1653,1655,0.001898423452575754,2,2175.1462397094106,2181.4507345833663,2
1658,1663,0.005026702241008039,5,2188.7732333351582,2201.9643178855576,5
1667,1673,-0.013258501948867404,6,2149.641778666189,2123.290390733043,6
1674,1677,-0.015966874604686723,3,2127.335854022859,2095.496285053645,3
1680,1685,0.015839705862925674,5,2076.4316324675324,2111.39813040276,5
1686,1692,0.008896636782022713,6,2113.5228416345635,2134.4396095287293,6
1694,1696,0.005856856575925397,2,2140.7696008500993,2155.4485509652295,2
1701,1702,-0.002919085145077719,1,2156.617646111558,2152.4789132232927,1
1709,1710,0.001196216532944644,1,2181.447130595216,2186.238060849174,1
1715,1717,-0.0029914171791768597,2,2220.7643846621927,2216.3419163156723,2
1718,1723,0.01034717175140671,5,2210.571919205839,2235.6556584419045,5
1724,1729,-0.005299949974436093,5,2237.936785429642,2228.313769206344,5
1733,1734,-0.00321105043431645,1,2258.763773940331,2253.7695333169418,1
1736,1737,-0.00026006632239479845,1,2242.3813171103166,2244.040530564879,1
1738,1742,0.002986290660674935,4,2252.8044184799737,2261.7847516936877,4
1743,1753,-0.010097273971074905,10,2267.856732095169,2247.2254180761524,10
1756,1759,0.002000189998377086,3,2257.9201760896476,2264.6943656190856,3
1764,1765,-0.0009050287734672615,1,2237.83711646279,2238.049646598521,1
1766,1767,-0.005458233764155262,1,2237.79863218473,2227.8220027653438,1
1768,1769,-0.0014183848631521402,1,2220.427785338107,2219.498791962999,1
1773,1776,0.002389240480562256,3,2232.5511458527703,2240.11779857122,3
1780,1784,-0.015273922237955827,4,2215.5633465433884,2183.938567621563,4
1786,1787,0.0007879430668695211,1,2147.712614520667,2151.5526023994275,1
1795,1797,0.00490071907815902,2,2117.9292813486786,2130.4265870653244,2
1799,1801,0.007053893889093097,2,2146.8819940194658,2164.172753791703,2
1816,1820,-0.00907807677018804,4,2195.4148096062354,2177.6800802318285,4
1821,1822,-0.004475210448140569,1,2166.950562144436,2159.4199529102675,1
1823,1829,-0.020445528824955702,6,2154.2303768826646,2112.3402279933975,6
1834,1835,-0.006958640455968941,1,2132.4808918576764,2119.7742049438725,1
1838,1839,-0.006179825808464196,1,2108.1711318459406,2097.251172608546,1
1842,1844,-0.0009160927208284736,2,2085.012474354298,2085.1874220780596,2
1846,1847,0.000612140652142808,1,2121.71349344958,2125.13399402457,1
1848,1859,0.017858290597554914,11,2136.2255050440212,2176.51106640005,11
1860,1864,-0.006452696711405294,4,2187.123408997385,2175.1976883777074,4
1866,1870,0.008104093402256159,4,2193.682907533482,2213.6544016186,4
1871,1875,-0.020438923734468113,4,2203.8802268499176,2161.0391672002797,4
1876,1879,0.018280065112460383,3,2171.7187362109394,2213.5896148510365,3
1880,1882,0.009792888423026655,2,2230.9304933925573,2255.008677287271,2
1883,1884,-0.0023252721718959035,1,2260.1054355820584,2257.110180742731,1
1886,1890,0.0036977796935041152,4,2281.1496040406255,2291.8659423283325,4
1891,1893,0.008900497540386833,2,2298.8166126903798,2321.5760409101213,2
1895,1897,-0.002456567816400907,2,2318.9063780977076,2315.5287336981237,2
1899,1900,0.0013924152597484876,1,2327.517318547208,2333.0857064974293,1
1901,1902,-0.0019729595650819533,1,2339.772730428833,2337.496226170644,1
1903,1912,-0.0018610819562175267,9,2326.884558108404,2324.8809198012154,9
1916,1918,-0.0020202579525108624,2,2310.5210832003177,2308.1637556907385,2
1924,1928,-0.004096317404616242,4,2309.5090892702847,2302.3581160810577,4
1929,1932,-0.003584754274820037,3,2309.904736543357,2303.9342004011496,3
1933,1935,0.0036634687886605123,2,2307.688408425467,2318.450241292113,2
1938,1941,-0.008669552610499485,3,2306.2011371175968,2288.5136061660796,3
1944,1945,-0.0011700520018486978,1,2296.4916603448023,2296.101137340732,1
1947,1951,-0.008986419561509699,4,2299.711506264565,2281.3450453051046,4
1954,1957,0.0007482662366293886,3,2268.6320579283806,2272.598230758592,3
1958,1963,0.03149097061070572,5,2297.878551610036,2372.538856097369,5
1964,1965,0.002887450736944375,1,2375.8280136077556,2385.063927970108,1
1968,1971,0.0009705662283486052,3,2416.1607696666238,2420.9219744815896,3
1972,1981,-0.00560305027248577,9,2430.0402849658226,2418.8546873699593,9
1982,1983,-0.0023469893243197957,1,2423.86766959573,2420.602745721221,1
1986,1987,0.0009768055849232972,1,2421.9251351405724,2426.7128102739844,1
1988,1990,-0.00809259961843083,2,2430.667902097598,2413.4281478626485,2
1995,1996,-0.003286210933245537,1,2388.785595271087,2383.324327525999,1
1997,1998,0.0009124147280029848,1,2375.329174326362,2379.871788823199,1
673,675,0.0006363707602948035,2,1979.4399056665575,1982.679003249951,2
678,689,0.007268032863860188,11,1990.0689067753392,2006.522861897904,11
695,699,0.00230501647660771,4,2015.030838348061,2021.690548469674,4
701,706,-0.005151723808582928,5,2023.9538848881477,2015.5509873567837,5
708,713,-0.011010222618406975,5,2016.5328492359704,1996.3469064977878,5
715,717,-0.0002283103200299906,2,1998.321158484128,1999.863242299396,2
718,725,0.010402687027608968,7,2004.041564087284,2026.8930228328913,7
726,730,0.004136492576692704,4,2031.4143802726412,2041.8487251570984,4
731,733,0.0005187874446372386,2,2043.773404175179,2046.8774615611237,2
735,739,0.0004923035496638135,4,2060.079648913493,2063.153913086157,4
744,748,-0.0011713521080528725,4,2066.869758183203,2066.5155956930676,4
750,751,-0.0016220628475116013,1,2064.4772652806637,2063.1930306744002,1
752,757,-0.00932167654081591,5,2064.724150226073,2047.5421837018807,5
759,762,0.0027027226240952944,3,2058.165862162698,2065.7866794646684,3
772,773,-0.005365449395886773,1,2090.9677333330046,2081.8397195047073,1
779,780,-0.0022327991921804813,1,2078.0884291722364,2075.5265634354732,1
787,789,-0.003291401344060717,2,2077.873602190845,2073.1123598259965,2
790,791,-0.0015474163686829624,1,2076.1904118699954,2075.053871254035,1
793,797,-0.00394539137599644,4,2077.8955162445136,2071.7753007107453,4
799,801,-0.0016318399429760453,2,2076.9318679433836,2075.619579430377,2
802,806,0.0044981745339453556,4,2068.7046367203893,2080.07873587226,4
807,808,0.002344885323248899,1,2081.249959306353,2088.2115017492492,1
811,817,-0.003771732313804791,6,2087.383080749194,2081.597413612992,6
821,826,-0.007053664020857298,5,2079.5664805699043,2066.9774837874975,5
827,829,-0.0018353998748941104,2,2067.57386949205,2065.846618540142,2
832,836,0.003157744858733381,4,2058.97286722934,2067.5335510823343,4
837,841,0.0013204342661935881,4,2071.2878611447177,2076.0941484728687,4
843,845,-0.0024315547044867518,2,2077.1056921485106,2074.132201723199,2
858,862,-0.0032202036936248325,4,2072.123357778812,2067.5228218462253,4
863,866,-0.002125912448852091,3,2066.8323774141177,2064.5053051106966,3
867,871,0.010771992705686715,4,2066.3521409283226,2090.677223258711,4
872,874,0.004636220853247865,2,2089.122008423678,2100.8967614525345,2
875,876,0.002571889727575372,1,2115.9294002054353,2123.487266694304,1
884,886,-0.004904963446587016,2,2179.6598060205893,2171.148314152084,2
887,894,-0.008797657854564515,7,2175.008445418142,2158.048473729983,7
896,898,-0.0004620283737006122,2,2166.8659939280287,2168.031706350755,2
902,903,-0.00019736014621406814,1,2163.239716782557,2164.9760191925393,1
905,906,-0.0029237482579641243,1,2169.829203066279,2165.6549979168008,1
907,908,-0.003864471138913733,1,2165.987998079479,2159.783587971747,1
910,911,-0.0036546927817231066,1,2167.7949777873537,2162.040148107566,1
913,916,-0.009726434403804347,3,2163.8088769141928,2144.9265406874315,3
917,923,0.0029315970672762898,6,2145.752300244646,2154.188533695389,6
924,927,-0.0038392875501307663,3,2158.9789641913194,2152.8490020972968,3
929,933,-0.004759100649340122,4,2153.481384274288,2145.3862310043205,4
937,939,-0.003076241030274611,2,2140.270364167071,2135.8266470211065,2
944,946,-0.009452529344036537,2,2130.3950559627137,2112.3878292377985,2
950,951,-0.0017534555579801453,1,2116.2814716404637,2114.6869476034058,1
952,966,0.011600197131179261,14,2117.4091728594694,2144.088945844866,14
967,968,-0.0015805275110654569,1,2148.140808629841,2146.893753792789,1
970,978,-0.010305684354245538,8,2145.8794780682438,2125.9106009830875,8
979,983,-0.005863184633898503,4,2130.432650316682,2120.0719629881064,4
984,989,0.004256344182014911,5,2121.2133533809942,2132.363180849851,5
990,995,0.004115640127726223,5,2128.805100663653,2139.695301460716,5
998,999,0.001568651284725183,1,2136.3315504828056,2141.819041264552,1
1000,1001,-0.0014228805277542434,1,2146.8978067080443,2145.989925430509,1
1008,1011,-0.001406253691572608,3,2144.1429477569664,2143.2718817691807,3
1015,1018,0.0030642860510480515,3,2128.5107700398603,2137.161646672039,3
1019,1021,0.0012184089413414959,2,2142.830712914082,2147.584387727392,2
1022,1024,-0.0008278716372493269,2,2148.2303950936575,2148.6001664743762,2
1026,1029,-0.001104172439096984,3,2145.2639490442634,2145.0404716661847,3
1030,1031,-5.6739875013114035e-05,1,2145.382539514235,2147.4061933166017,1
1032,1038,0.0005804376938106472,6,2145.524899103269,2148.915767526821,6
1044,1046,-0.005571814258302886,2,2143.271748972983,2133.4731086316106,2
1047,1048,0.0020113221718550435,1,2134.183397245608,2140.6101110285385,1
1049,1050,-0.0017137952727491069,1,2141.7090469792147,2140.180305185877,1
1051,1055,0.002199727215836614,4,2144.0553793083504,2150.9157716577843,4
1061,1063,-0.0047234743501453035,2,2147.7730289364645,2139.7758511532857,2
1065,1066,-0.003985002053907197,1,2139.535221392025,2133.148704361763,1
1068,1072,0.006020892502880656,4,2138.847339768826,2153.863957021415,4
1079,1080,-0.0021196565823646345,1,2153.042633207763,2150.6319648513804,1
1082,1086,0.00581383470309041,4,2167.4368055342575,2182.205361656562,4
1087,1091,-0.005277938629713039,4,2185.463875447531,2176.1145951109115,4
1092,1093,-0.0022753069875357072,1,2175.6257949298806,2172.8512041513436,1
1096,1097,-0.003416564480234266,1,2150.4270831626213,2145.2304374561168,1
1098,1099,0.00045540511718828824,1,2136.7470407697388,2139.856873347012,1
1100,1106,0.0005791625742672523,6,2148.4273197772486,2151.820035794174,6
1111,1114,-0.008323609363394331,3,2154.182209290713,2138.4058202922943,3
1117,1118,-0.002780770276882482,1,2134.830868271906,2131.0292249155164,1
1119,1120,-0.0031877217740303096,1,2127.3366710903097,2122.6826503342722,1
1123,1128,-0.002946233812006063,5,2130.0184137252963,2125.8728998683087,5
1129,1131,0.0031175430861447974,2,2129.5837106338763,2138.3523633179634,2
1133,1137,0.0006758106350806779,4,2137.99857156243,2141.5814523064414,4
1142,1145,-0.004759308085779019,3,2146.3029706019383,2138.234356490023,3
1149,1151,0.0013623141170573281,2,2143.503757305683,2148.5673864915316,2
1155,1164,0.0027795751469621563,9,2157.8878156735773,2166.0437148316296,9
1165,1166,-0.0014061127530889176,1,2166.4135376314493,2165.5337294653527,1
1173,1178,0.0015763004643619205,5,2165.2207341502813,2170.7989933331187,5
1179,1180,-0.004088487157699102,1,2165.271553029734,2158.5841396452706,1
1182,1191,0.01926008683264858,9,2168.102120319565,2212.028057539289,9
1192,1193,-0.0017658963202993767,1,2217.65444694968,2215.9559535690655,1
1195,1197,0.00017779801995207434,2,2215.3316908737324,2217.9409041527806,2
1199,1200,-0.002081319378981564,1,2228.6143465914824,2226.2045027102367,1
1203,1204,-0.0014700437691271408,1,2228.1532376732525,2227.1059081272238,1
1208,1210,0.003933995076209791,2,2239.323989097624,2250.37280263387,2
1214,1215,0.00550794233098107,1,2264.627100631353,2279.365163203439,1
1216,1219,-0.004910264864715674,3,2287.113966522893,2278.170745137998,3
1220,1229,-0.004683273428539315,9,2289.767940157215,2281.3340987457127,9
1230,1232,0.004922527532274727,2,2284.048384396415,2297.57572383805,2
1234,1236,-0.0021876771330481123,2,2295.0229395141796,2292.2971932490977,2
1237,1238,-0.005249287866940609,1,2291.4981087165015,2281.760873606015,1
1240,1241,-0.0014455441512097214,1,2280.1341037579678,2279.1182033440646,1
1242,1248,0.003915190568225717,6,2283.7676804791236,2294.9928338422333,6
1251,1252,-0.0024891155855251102,1,2297.7700345585713,2294.3483893881576,1
1253,1259,0.003602421767448508,6,2289.5604633073112,2300.0979862215263,6
1262,1264,0.0005842590443889803,2,2338.4813892371676,2342.186149528202,2
1268,1269,-0.00329062961781843,1,2378.532012863024,2373.083676987431,1
1274,1275,0.0004257887701701959,1,2387.2618280761226,2390.6655591820495,1
1277,1278,-0.003990660744988355,1,2385.670287766206,2378.5355572860985,1
1286,1287,-0.000426746220050122,1,2340.4093863702883,2341.7510348976552,1
1288,1289,-0.0024790699627263804,1,2350.3057657606523,2346.829499099293,1
1291,1292,0.004023756383299919,1,2363.64376929107,2375.518139764893,1
1296,1297,-0.0026432036566290326,1,2383.6562469917276,2379.739414330524,1
1301,1307,-0.01596395737163631,6,2367.8617420030937,2332.429159833831,6
1309,1310,0.0011408925291060295,1,2342.3087570650573,2347.3233883839175,1
1315,1319,-0.01735298159884532,4,2375.423276082503,2336.578022959257,4
1328,1333,0.023121177807222018,5,2341.2447957027894,2397.7183777101695,5
1334,1335,0.002991687951073221,1,2415.9372601987834,2425.5809278508677,1
1336,1342,0.0017047195304225509,6,2427.4556151357883,2434.02120174728,6
1343,1344,0.0003954566575946033,1,2435.5434005106185,2438.9420957637217,1
1345,1346,-0.005190771679179776,1,2435.7649319959314,2425.5571973017836,1
1349,1351,-0.003797003291208695,2,2422.7448652474654,2415.9684398856093,2
1353,1355,0.00409043644109923,2,2416.115628675926,2428.4147117180473,2
1356,1359,0.014417379486475364,3,2436.2878596971727,2473.849034168417,3
1362,1363,-0.004193745599035271,1,2465.245072659348,2457.3717070579987,1
1364,1366,-0.001671263425932231,2,2458.627567196224,2456.9771804323764,2
1371,1372,0.0016543142677975724,1,2465.250629642508,2471.794179562465,1
1373,1376,-0.007243800600239343,3,2475.7177186668678,2460.2598308890324,3
1380,1384,-0.002242250776988635,4,2446.2283266811405,2443.1894976416293,4
1388,1389,-0.0016063131804640403,1,2427.0631548893257,2425.5915945086977,1
1392,1393,-0.002495905499485875,1,2436.3410634968805,2432.696527501372,1
1395,1398,0.006891213070372768,3,2440.6240173369133,2459.883501482388,3
1400,1402,-0.0004802571415085217,2,2462.1173135110434,2463.396981401509,2
1405,1406,-0.003789186189940505,1,2462.6695885282365,2455.800744521527,1
1410,1413,-0.0071832022984720705,3,2460.0829620708005,2444.8717714452923,3
1414,1415,-0.0016153403944777049,1,2455.2059549369983,2453.6951675361634,1
1420,1421,-0.0015881258077158357,1,2469.4117356675524,2467.95941089593,1
1424,1426,0.0012539165456125186,2,2485.296771045695,2490.8984225587124,2
1428,1429,-0.0026431957098921044,1,2493.884987894716,2489.787046781643,1
1432,1437,0.002826738576070665,5,2513.715638623284,2523.334971226876,5
1440,1446,-0.008824920725867422,6,2525.53565124227,2505.7735349809473,6
1448,1451,-0.007032868588555597,3,2509.754118370015,2494.6131015843025,3
1452,1453,0.0005879243528636366,1,2494.91104758648,2498.872777597171,1
1463,1464,-0.0038934812631557275,1,2422.083998345144,2415.075743678143,1
1465,1466,0.0026753282438028406,1,2401.739644790529,2410.5668263412886,1
1467,1478,-0.0163288266058341,11,2416.8995162371516,2379.851282629028,11
1480,1482,-0.008567564414654462,2,2390.6286379356,2372.537401726505,2
1483,1487,0.0023204012280673447,4,2369.2960775034085,2377.163091108806,4
1490,1493,-0.0011977302720348173,3,2387.8903152313706,2387.4181570297505,3
1494,1495,-0.006307852179851495,1,2376.710375885154,2364.0951485356363,1
1497,1498,0.0029007187341378014,1,2398.1277856114775,2407.4822075916686,1
1502,1503,0.0016944225173650762,1,2413.446650988462,2419.9494959893445,1
1504,1505,-0.001498851238559629,1,2418.5833863943694,2417.376873076507,1
1509,1510,-0.0028097758210573484,1,2431.7746631069704,2427.3736961194195,1
1511,1523,0.007336012731914982,12,2429.86496359971,2450.120348873111,12
1525,1533,-0.009383883403109427,8,2450.0634636725904,2429.522417262941,8
1536,1537,-0.0006470020916842169,1,2452.878799200729,2453.744660286199,1
1538,1539,-0.0008226467715427356,1,2455.2452361518817,2455.6806818211676,1
1542,1543,-0.0001064022268939135,1,2481.090211964009,2483.3073086522954,1
1544,1548,-0.0008519342506341582,4,2479.316022114555,2479.683123899284,4
1549,1550,-0.0019448642992186752,1,2474.2401478225174,2471.9023266391464,1
1551,1554,-0.00221069242822865,3,2484.1353327535858,2481.1278089155257,3
1558,1559,-0.0007622187248655331,1,2477.532912500086,2478.1220234352077,1
1566,1568,0.0027816507099897607,2,2461.9294151264326,2471.23957224709,2
1571,1573,-0.00973944751388841,2,2465.517428664037,2443.9701685016507,2
1577,1578,-0.0063280616535289075,1,2434.9632104066995,2421.989576297578,1
1581,1582,-0.005388593375739181,1,2416.620197613183,2406.01463422226,1
1585,1586,0.0011647914537575108,1,2407.434101394186,2412.6456941623687,1
1587,1589,-0.006054673910781736,2,2410.5259015549436,2398.3414791690902,2
1592,1593,-0.0018345408937184878,1,2407.0880990047754,2405.079285551373,1
1595,1602,-0.013746365113296907,7,2387.160389176004,2356.732771271567,7
1607,1608,0.007537772179361847,1,2340.8961871931333,2360.882225534925,1
1611,1612,-8.937617447373218e-05,1,2373.7157187540242,2375.877280842548,1
1613,1615,0.001198317382779699,2,2373.864240462387,2379.0827474865546,2
1617,1618,-0.0009731080810605867,1,2382.7303246605816,2382.794400851327,1
1619,1622,-0.0011076049137909918,3,2387.2983573264223,2387.041472292489,3
1627,1629,-0.00882281727805627,2,2370.4224654995783,2351.8790836801754,2
1631,1632,-0.005489430135781826,1,2326.322310348846,2315.878448863224,1
1633,1636,-0.003483358301777363,3,2294.4218292902365,2288.7239577926894,3
1638,1639,-0.0056220740907783695,1,2295.5641133851295,2284.9538459729315,1
1640,1641,-0.0011493728098547079,1,2275.9196670419365,2275.579706526267,1
1643,1644,-0.018411430001030623,1,2241.4415730129986,2202.4148699630828,1
1645,1646,-0.015940243400790016,1,2155.7668500451045,2123.5591685900763,1
1653,1657,0.011309656581463358,4,2172.7863010857645,2199.5325542770383,4
1658,1662,0.011929128663787522,4,2186.689670402822,2214.961662499235,4
1663,1666,-0.018885550438385437,3,2204.688858107392,2165.256784334766,3
1667,1670,-0.01681342784005709,3,2147.2556450754582,2113.3001728779022,3
1671,1672,0.0012522205344685194,1,2121.470702988664,2126.2487228692084,1
1673,1678,-0.027812910827988993,5,2127.2211616696304,2070.1841703503715,5
1679,1682,0.009687376677410865,3,2069.955464487661,2092.077858242106,3
1684,1687,-0.0005521395051814304,3,2113.4360263956805,2114.3825509002295,3
1688,1690,0.0014040941149749795,2,2133.060854357179,2138.1889334040225,2
1691,1692,-0.00021368878670069273,1,2132.198695908605,2133.87526765218,1
1694,1695,0.004518097325759621,1,2139.998478115142,2151.807197994359,1
1696,1699,0.0028515278788927294,3,2156.247964422127,2164.5528135709046,3
1701,1702,-0.004699994712064806,1,2158.4083754606468,2150.422275884966,1
1703,1710,0.01963530645230823,7,2144.4027069657136,2188.6531139811104,7
1715,1716,-0.002759500120961369,1,2219.3166940846986,2215.411806093005,1
1717,1720,0.002310626218202277,3,2217.3595226078214,2224.7003711785474,3
1724,1725,-0.004005394912211697,1,2239.158584426624,2232.4290286093533,1
1726,1727,-0.002682813101882132,1,2235.3199700143455,2231.5583442819066,1
1728,1731,0.014796125592104529,3,2220.1695510706027,2255.2396281350802,3
1734,1738,-0.0013668045414565889,4,2249.2979042311617,2248.472851544801,4
1741,1742,0.002426578844801942,1,2255.7153292661146,2263.4447156932733,1
1743,1750,-0.008697400179239236,7,2266.098521734644,2248.6554545672698,7
1751,1753,-0.0018915745385704788,2,2248.175038848345,2246.1706232254583,2
1757,1758,-0.003181852955754049,1,2264.545613587722,2259.604708047276,1
1760,1762,-0.003513773304962576,2,2256.3228301299455,2250.650946032187,2
1763,1771,-0.010868975480651834,8,2244.4676244451703,2222.317028492404,8
1774,1777,-0.0002365800874107784,3,2241.660418717784,2243.3717469186963,3
1778,1779,-0.003269181220690378,1,2227.743346229416,2222.6881928636344,1
1781,1783,-0.004752280204276229,2,2214.3753628872214,2206.0664060482227,2
1784,1785,-0.012659184310237118,1,2190.467538723335,2164.9284739637683,1
1786,1789,-0.010109243604729076,3,2154.37457890687,2134.7498560517715,3
1793,1795,-0.001070426692228191,2,2120.2188613810426,2120.0695413798358,2
1797,1798,0.0035248314888709402,1,2129.7621387016907,2139.398953490693,1
1800,1802,0.0010499471496283838,2,2159.3774646275488,2163.8040743061338,2
1805,1806,-0.00037295749976154675,1,2172.331452463312,2173.693596608611,1
1809,1810,-0.0007866224038631924,1,2199.341119798597,2199.8104099198245,1
1811,1812,-0.003203230929060105,1,2202.0211537252526,2197.1695926129205,1
1813,1817,-0.001999062754598679,4,2192.9256221389714,2190.7347518262873,4
1823,1827,-0.02823154718340912,4,2157.364612552263,2098.616236313729,4
1833,1834,-0.0014280507312819757,1,2131.168051602564,2130.2558035595907,1
1836,1837,-0.0024016655731615363,1,2120.4739410610314,2117.50174573906,1
1840,1843,-0.0036312165730059114,3,2086.8492055484458,2081.3582533334425,3
1849,1851,0.0037485148640259564,2,2140.360304398104,2150.5238371179094,2
1852,1854,0.0036468587380528387,2,2147.0043512085326,2156.9811771385835,2
1855,1856,0.000955446913266975,1,2166.7087491805064,2170.94563311604,1
1861,1864,-0.0028815717563709393,3,2181.6472061552117,2177.5422803897445,3
1869,1870,-0.00418389655729067,1,2216.0730446631005,2209.017297325493,1
1872,1873,-0.00586535216706447,1,2190.497924133001,2179.8403803108704,1
1876,1878,0.011603239002590356,2,2173.1333520590874,2200.5218710795884,2
1879,1880,0.006445201163637891,1,2209.697217225336,2226.1488575183093,1
1881,1883,0.0032887560323166445,2,2247.19085505388,2256.8285083892592,2
1886,1888,0.00025439089190082767,2,2281.295199115111,2284.156835034618,2
1890,1895,0.011342119786775465,5,2290.0301546871533,2318.29398117163,5
1897,1901,0.00865590575242127,4,2315.3706473839493,2337.7276481370113,4
1909,1914,-0.014259396269130586,5,2340.255377846485,2309.2250044206544,5
1916,1917,-0.0021781647456418345,1,2312.098426697656,2309.374393842867,1
1920,1921,-0.001633972911267276,1,2321.9241257329295,2320.452088735197,1
1922,1924,-0.007296592861551024,2,2321.379893371594,2306.763109306042,2
1926,1929,0.0021769810337763543,3,2295.026025110422,2302.317279264221,3
1930,1934,-0.0009119728523837697,4,2312.123643342744,2312.3271729920034,4
1936,1941,-0.015093239823439759,5,2320.4176325009407,2287.7154303155667,5
1945,1947,-0.0014130102516621728,2,2297.8039111992553,2296.8548946276205,2
1950,1954,-0.013590929950818516,4,2291.2173281505093,2262.3687712696646,4
1955,1958,0.016621192519267858,3,2258.2464946494106,2298.0394908875896,3
1966,1971,0.016000359154285753,5,2383.7772596574755,2424.3023292154717,5
1977,1978,-0.0018443970881522251,1,2429.3054825881964,2427.2541841124666,1
1981,1983,-0.003952437935966746,2,2422.95127531041,2415.7976620481845,2
1985,1993,-0.00885384737511528,8,2414.4677758829644,2395.5049144790455,8
672,679,0.005732590642217736,7,1974.8330150858308,1988.1287573631403,7
681,683,5.902958250240996e-06,2,1988.7416044975746,1990.742085560734,2
684,685,-0.0008594959137583479,1,1994.4517447420299,1994.731973361978,1
688,697,0.005586675764158964,9,2002.0609491814637,2015.2478755138063,9
699,705,0.00043400178145506997,6,2021.4611178841112,2024.3598967282992,6
709,715,-0.007370834265576953,6,2011.3493314589234,1998.5353582180196,6
716,717,-0.0018586378804125562,1,1999.475663931799,1997.7588383857842,1
718,719,-0.003484332678550975,1,2004.2833667319685,1999.30406006692,1
721,724,0.007213317998171833,3,2013.0074847100043,2029.5409553146276,3
725,726,-0.002126261105580993,1,2029.5313065446337,2027.2455243715135,1
727,741,0.014033578857394906,14,2031.9778011162882,2062.525699625846,14
746,748,-0.0029166936605910052,2,2068.687785733405,2064.7227449687475,2
752,753,-0.002969030652840798,1,2064.6129106553803,2060.547624548049,1
754,757,-0.004662615113505764,3,2055.6320474940417,2048.103058489083,3
758,759,-0.0004096349082326065,1,2052.8580540105154,2054.0699897439567,1
763,768,0.004963934207717266,5,2076.249512415424,2088.6321279062745,5
770,773,-0.004127155409618456,3,2092.973751688652,2086.4286974988695,3
779,783,-0.004298678108792652,4,2080.6930323033853,2073.8294957466087,4
784,785,-0.0028916670318504863,1,2079.9344885180244,2075.999945017686,1
789,792,-0.005313367700172187,3,2084.1426995541333,2075.153025751327,3
795,804,-0.003767454302680076,9,2077.514315772073,2071.7648898400103,9
807,808,0.00473470569713486,1,2080.904872503676,2092.8382495312185,1
810,812,-0.00408672235745525,2,2091.454291062791,2084.998552342972,2
815,816,-0.002521712769541155,1,2084.922096278888,2081.749443701482,1
819,833,-0.011056423520974832,14,2079.1101307745803,2058.2017187527617,14
836,837,-0.0021516258816702614,1,2071.9831941112698,2069.5970446385454,1
841,843,-0.0013426992405150163,2,2075.3282929920315,2074.617079562204,2
844,846,-0.0025699006929373654,2,2081.290138734755,2078.0227199037517,2
848,849,-0.0019510722444640977,1,2075.6890549890973,2073.714924740759,1
850,854,-0.0008328252714827249,4,2074.1955411271388,2074.5422942036184,4
856,861,-0.007543486205150877,5,2078.2318946967284,2064.633012962676,5
864,869,-0.003150817897327642,5,2076.5668485022966,2072.1005313595406,5
874,875,0.005814495073586736,1,2100.2128985672844,2114.5247890180544,1
878,880,0.00770371858035345,2,2140.4649511145694,2159.0949556801806,2
882,888,-0.003364366928933924,6,2177.5007087591357,2172.3522980956154,6
891,892,-0.0024114306379816614,1,2170.0782460949695,2167.0153311716135,1
894,896,0.0006811241336618595,2,2163.7305307783977,2167.3680303924302,2
897,898,-0.0017485967184691217,1,2172.131683832222,2170.505633181622,1
903,911,-0.007797684144285101,8,2171.0570884875015,2156.298928140752,8
916,917,-0.0023183589019648366,1,2147.440319937871,2144.609222875643,1
922,924,-0.0012046802595698908,2,2155.338325083742,2154.897169875903,2
925,930,-0.0018395454682198428,5,2153.4303009930577,2151.6223983427317,5
934,946,-0.013697155254658231,12,2145.2885093240225,2118.049448055101,12
950,951,-0.0008093571973454014,1,2112.384967683419,2112.7876786739434,1
952,953,0.0025170652930140863,1,2115.3788391154158,2122.818764612045,1
956,959,0.00490083322339987,3,2124.4688525177135,2137.004988904728,3
963,964,-0.003640275789225536,1,2139.5626867925603,2133.9136512310915,1
965,970,0.0025101914837743974,5,2144.032709438291,2151.558674795895,5
979,984,-0.0073539151321769525,5,2132.7506711456886,2119.1993543831354,5
985,988,-0.000980101710427407,3,2122.754039583426,2122.7962787579972,3
990,991,4.538305719035702e-06,1,2128.6603931112195,2130.7987140159667,1
992,995,-0.0026825408362970895,3,2143.662399940836,2140.055600413701,3
1003,1011,-0.0028243061085452743,8,2145.0116184383214,2141.098460639904,8
1015,1017,0.00040046569048580506,2,2132.0075043322677,2134.9933076939433,2
1019,1023,0.0026081247194939404,4,2140.6545221653087,2148.37827066263,4
1025,1029,-0.003431051349218449,4,2150.0617507055504,2144.8348401855947,4
1030,1031,-0.0016747263307612243,1,2150.585738934539,2149.1346821099205,1
1034,1044,-0.00973812657639174,10,2154.1274826604836,2135.304444055312,10
1046,1051,0.001843917426895454,5,2137.092977849562,2143.1706938121642,5
1054,1055,-0.0015446139840082141,1,2147.6033559000207,2146.4337410802946,1
1056,1059,-0.003812565556302101,3,2146.3381627558683,2140.3014459671244,3
1061,1062,-0.0035152905575746283,1,2147.1596741182093,2141.7589436642947,1
1065,1066,-0.004719762602657599,1,2138.8923462361477,2130.936174475508,1
1067,1068,0.0017017841312758466,1,2137.0671377722715,2142.8410318525757,1
1069,1073,0.003595094769952043,4,2145.6555932329447,2155.515084027528,4
1074,1075,-0.0011859949273487725,1,2155.224106047018,2154.8232452959933,1
1078,1085,0.012386923440159736,7,2153.9654335094997,2182.800403860642,7
1089,1091,-0.003258808584335327,2,2185.3888852514892,2180.452510077372,2
1092,1098,-0.021391333033050363,6,2178.1315800747666,2133.716573635658,6
1100,1106,0.0029303568531570245,6,2141.608785101535,2150.02607186684,6
1107,1109,-0.0035028272348163613,2,2158.728003852696,2153.3250806120927,2
1111,1119,-0.012662766499614349,8,2149.6510821551437,2124.580203528325,8
1120,1126,-0.0023671703556912478,6,2126.2918149398406,2123.384811802906,6
1128,1130,-0.0001270387442193322,2,2128.243282965816,2130.1011568947206,2
1131,1133,-0.0012341196918358658,2,2136.979874155889,2136.479565086292,2
1140,1142,-0.0037497483631453903,2,2150.5888167466155,2144.6752386679677,2
1145,1146,-0.002565355117436801,1,2146.893781840501,2143.533130672504,1
1148,1159,0.006146432000609345,11,2148.001894347039,2163.3524438221702,11
1161,1165,-0.0011332461535275005,4,2166.28732005321,2165.9986706003774,4
1170,1179,-0.001620106432385624,9,2162.229027535946,2160.88821540768,9
1180,1184,0.0007613232842639088,4,2168.4351320494816,2172.254447337976,4
1187,1188,-0.0026589355659465226,1,2212.4490141048195,2208.7787037474777,1
1189,1191,-0.0020817868389468456,2,2212.4131917251525,2210.019832252032,2
1192,1193,0.00038549905088259553,1,2211.0910135391223,2214.154478039796,1
1194,1203,0.004585665170358621,9,2214.6450143356155,2227.0152798568984,9
1204,1208,0.0037133660544769274,4,2226.2192628274315,2236.712249130665,4
1209,1210,-9.209751013865763e-05,1,2244.791932785944,2246.829984970941,1
1213,1217,0.006279517631195709,4,2264.7251140778503,2281.2112204755917,4
1218,1219,-0.001170915873721307,1,2283.8934718603036,2283.5031182120742,1
1220,1223,0.0033333852382855522,3,2291.405602125991,2301.335145337169,3
1227,1233,0.0036992879811740672,6,2282.664469632034,2293.391367339229,6
1234,1236,-0.003994263048480636,2,2297.1855786215096,2290.3072007279407,2
1237,1241,-0.007359684055050711,4,2290.2344641003883,2275.6692964967215,4
1245,1249,-0.00271382893436422,4,2296.69732527469,2292.761178945157,4
1250,1251,-0.0015068236750882577,1,2297.346811149105,2296.1824613953263,1
1254,1257,-0.002023004161768164,3,2290.3503499059966,2288.0073119661356,3
1258,1261,0.015346632790914944,3,2293.070702819803,2330.5546875624036,3
1262,1264,0.0012286556993890397,2,2338.0703888859516,2343.281142783715,2
1266,1267,0.0011116218250613748,1,2362.1460108959577,2367.1339699665473,1
1270,1272,0.003044030967470149,2,2375.1710051897558,2384.7762702877803,2
1273,1276,-0.0030686470028685174,3,2389.583088490354,2384.639884596243,3
1278,1286,-0.020712598842787252,8,2386.1335791359334,2339.0966851051226,8
1288,1291,0.006418336607778838,3,2348.0688582690295,2365.487623437912,3
1292,1296,0.0015785447239550008,4,2374.488908437856,2380.611634284798,4
1297,1300,-0.006524834077868679,3,2384.880400526608,2371.7043320181374,3
1303,1304,-0.013824981194747548,1,2348.5886031125447,2318.467998443428,1
1309,1311,0.0031964019117103025,2,2342.6733493251777,2352.5041482467986,2
1316,1319,-0.01598612160756864,3,2368.3522236875306,2332.8598092537936,3
1320,1323,0.0006782907454415481,3,2337.4669042751766,2341.3898533483975,3
1325,1327,-0.002744995360307545,2,2338.7235972867657,2334.6425354604585,2
1329,1331,0.005848871382565184,2,2353.691547402092,2369.81167808448,2
1333,1338,0.009293009591365538,5,2400.087035555468,2424.7911544325525,5
1343,1345,-0.0018725574706157317,2,2435.21668990355,2433.0918233882066,2
1346,1350,-0.00521830182199208,4,2427.530760446872,2417.2907030171373,4
1351,1361,0.017179629765513304,10,2422.532227176615,2466.57296616171,10
1363,1371,0.004259477403283842,8,2457.1839238247153,2470.1074271477837,8
1372,1374,-0.00396148799526942,2,2476.2201305933204,2468.886834402924,2
1376,1377,-0.005842739244015855,1,2468.1340983486693,2456.1815684911026,1
1379,1381,-0.0021572035628912465,2,2449.8271860957266,2446.9922373475088,2
1382,1383,-0.0038969757988498856,1,2446.804284410935,2439.7159516144743,1
1384,1396,-0.001322307900930513,12,2449.641220336595,2448.8516816168353,12
1398,1400,-0.003710137466042517,2,2462.2497798083423,2455.5767444293288,2
1401,1403,-0.00034480415669653887,2,2461.9795651114396,2463.5926438887986,2
1405,1406,-0.002377305272197175,1,2459.3623024963817,2455.9750098309105,1
1407,1408,-0.0010558936913282048,1,2465.9153341,2465.7775049894744,1
1410,1411,-0.003912989361503255,1,2458.8721937464306,2451.709525204751,1
1416,1417,-0.002527097274799791,1,2458.005727250253,2454.252113402727,1
1422,1423,-0.002725163616545111,1,2477.739386112429,2473.464880272227,1
1424,1427,0.00010227772788098423,3,2490.230437296226,2492.9753628445487,3
1430,1433,0.01008365797774986,3,2498.411110442204,2526.1026446781557,3
1435,1437,-0.0015122337449366907,2,2522.6319606466573,2521.3397834303582,2
1438,1439,-0.0017173600021428577,1,2517.955998689876,2516.1497177692604,1
1442,1444,-0.006310166887094854,2,2535.517807602342,2522.053784898773,2
1448,1454,-0.006275982528079244,6,2508.8023931032844,2495.565995510868,6
1456,1458,-0.013558032355169468,2,2482.5456205319197,2451.3697323060956,2
1459,1460,-9.4472083733107e-05,1,2438.062364503998,2440.2700980366562,1
1464,1466,-0.0027755104576379216,2,2412.8854458508476,2408.601342508657,2
1467,1469,0.0010880647274956702,2,2414.8142981291635,2419.856586688539,2
1474,1476,-0.014412805286768297,2,2430.698809786764,2398.0963199403145,2
1482,1483,-0.008045189831631175,1,2375.5650154409454,2358.828708949782,1
1485,1489,0.005622805718323522,4,2372.459006765826,2388.171341842323,4
1490,1493,6.12689050358186e-05,3,2384.94001400213,2387.471076679366,3
1494,1497,0.00944699838395089,3,2374.441863108877,2399.2476534155608,3
1498,1501,-0.0017146896988359493,3,2410.0393988874503,2408.3169685552766,3
1504,1506,-0.0006878722249363506,2,2414.7360596035896,2415.4897657972397,2
1508,1509,-7.642409416236742e-05,1,2424.981315895267,2427.2209702107343,1
1514,1515,-0.00158390799873443,1,2424.1245786664,2422.709112934988,1
1520,1527,0.001859687846614483,7,2438.285320640009,2445.258055538022,7
1528,1531,-0.008524873241771851,3,2442.8490620562716,2424.466932515517,3
1532,1535,0.0052922389029101055,3,2422.545115492431,2437.788348112187,3
1537,1539,-0.00047105794687852935,2,2453.9817561968953,2455.2797703453407,2
1540,1545,0.004227740285582421,5,2465.441759721733,2478.3304489307875,5
1548,1550,-0.0003882330399399066,2,2473.998988478648,2475.512499319021,2
1551,1552,-0.0037080731389044037,1,2485.7324698906987,2479.000924558485,1
1554,1556,-0.003473862965480462,2,2483.8158988963205,2477.6712787309693,2
1564,1566,-0.002532916565564919,2,2465.6764744322363,2461.8967981192554,2
1568,1572,-0.006412029780436387,4,2470.649691911045,2457.2784622013965,4
1574,1576,-0.004788676749702682,2,2443.121885415881,2433.865686331916,2
1577,1580,-0.006646306924735913,3,2433.5828758926436,2419.8421200485723,3
1581,1583,-0.003612143566998799,2,2410.8223626888935,2404.524948563019,2
1584,1585,-0.0035382897538890983,1,2407.9607943649903,2401.848692152887,1
1594,1596,-0.011213556816481528,2,2395.7633719085716,2371.294106590738,2
1597,1600,-0.005163235407789949,3,2363.770953314965,2353.9300183862188,3
1603,1605,-0.0022012193073668437,2,2362.5379230924545,2359.6999969248495,2
1611,1612,0.002887920590896739,1,2364.1957934502084,2373.387598956475,1
1617,1620,0.004290841135030415,3,2378.4829012349437,2391.067076407764,3
1622,1623,-0.0033953910945988333,1,2390.701703405818,2384.9750378356375,1
1624,1627,-0.010163316946174592,3,2391.885112585915,2369.967511200454,3
1630,1631,-0.007335061022876559,1,2334.892842526872,2320.1011538875864,1
1633,1634,0.0003150540768579824,1,2291.322070858012,2294.3352832886885,1
1636,1637,-0.0017487885235415931,1,2287.8120482414834,2286.09896083574,1
1641,1643,-0.01681393017439152,2,2274.3140380365903,2238.3481946444413,2
1645,1649,0.00436938281873688,4,2150.753789237676,2162.302009680942,4
1650,1652,0.004555422418831548,2,2161.2116380716056,2173.2180816575883,2
1653,1657,0.008047409450558249,4,2173.813327142016,2193.48070638175,4
1659,1660,0.004150079844849975,1,2197.929653329254,2209.249166537263,1
1664,1665,-0.004657808795586147,1,2190.3098639668997,2182.2981292814225,1
1668,1671,-0.010427024877928587,3,2136.098341171871,2115.961288967942,3
1673,1674,0.0017845445589393756,1,2121.5903866350654,2127.498049602468,1
1680,1681,0.004624140440322663,1,2074.393000421811,2086.0596779846055,1
1682,1683,0.0015203264761490466,1,2096.9537184743335,2102.2387264502636,1
1684,1686,-0.003977868151411067,2,2116.1203773264497,2109.8188498502573,2
1689,1693,-0.0010967795266204092,4,2142.7934629194606,2142.586084382474,4
1694,1697,0.009914741135345306,3,2138.497964155695,2161.8391158529175,3
1698,1701,-0.005282414363326727,3,2164.520033422329,2155.250661741493,3
1703,1704,-0.0027265980118003873,1,2153.6860130810282,2149.9674630928002,1
1710,1712,0.003812606129297253,2,2186.7620545335053,2197.286079000468,2
1725,1731,0.005526258158304397,6,2238.144110011419,2252.750816268842,6
1742,1746,-0.004731156009930893,4,2265.2606532159452,2256.8086123156386,4
1748,1749,0.0005082479050409474,1,2245.9537891324394,2249.341244229717,1
1755,1756,0.0011263189324780135,1,2258.2495107044087,2263.0512693932787,1
1759,1771,-0.01990275502563372,12,2264.8265219625287,2222.015061042313,12
1773,1776,0.0018742367629715033,3,2236.99207563271,2243.4217204949696,3
1780,1781,-0.0038722753662015124,1,2215.8267437332242,2209.462279161429,1
1792,1793,-0.00018233500337228698,1,2120.995813797507,2122.730077832443,1
1795,1798,0.007053656421644911,3,2119.6490775158504,2136.7200029206197,3
1801,1803,0.0017570324576529003,2,2164.2003717097386,2170.167142379407,2
1804,1807,0.002729756922659604,3,2172.855466733067,2180.959689452053,3
1809,1810,0.0012829608112498603,1,2194.767862364274,2199.7784313838424,1
1815,1820,-0.010658675799159974,5,2200.5625008020356,2179.307981031,5
1822,1823,-0.005668854271619723,1,2159.5635331366952,2149.480845710176,1
1825,1826,-0.008251893545910566,1,2114.7275107359637,2099.391731949498,1
1829,1830,-0.0050967241799153235,1,2114.740639653749,2106.07713054103,1
1833,1834,-0.001804625467493452,1,2131.90007569211,2130.184694597057,1
1836,1839,-0.01361010604898075,3,2123.1615890203434,2096.3882962236744,3
1844,1846,0.014983558665878128,2,2085.974764825761,2119.316064854895,2
1847,1850,0.004763503006356903,3,2130.3904529224706,2142.6689647026033,3
1852,1853,-0.0032285013660584873,1,2148.9191523397203,2144.130283073182,1
1854,1857,0.009556640905524619,3,2159.5289418704924,2182.3263134349068,3
1859,1866,0.0013960070207863153,7,2180.9919407510465,2186.2176127533644,7
1868,1869,0.0018708166116843802,1,2209.4445094090347,2215.787419409241,1
1872,1873,-0.00699448476489579,1,2187.778414572055,2174.663810196935,1
1874,1878,0.014420727526801059,4,2164.604514708593,2197.9842911331975,4
1883,1886,0.0066604511985464765,3,2264.228983799472,2281.5739994322025,3
1893,1897,-0.005064793759605902,4,2322.3213133697554,2312.8815561873703,4
1899,1900,-0.0015196312624614332,1,2328.8784099176555,2327.668251889391,1
1902,1906,-0.011127882497764866,4,2343.1470823568593,2319.4159640317685,4
1908,1909,0.0007446687637219858,1,2326.9207426212733,2330.9804485565815,1
1915,1918,0.00044446623130935765,3,2309.6928104872195,2313.0290837566663,3
1922,1928,-0.009517287749120085,6,2323.3385316886383,2303.549988875628,6
1931,1933,-0.0020680329524722704,2,2307.903880241581,2305.4389628463446,2
1938,1939,-0.005550917733974744,1,2305.8645434943273,2295.3707436511954,1
1940,1942,-0.003988110161129972,2,2294.6499584954167,2287.7932916382,2
1943,1949,-0.0005391832669874733,6,2292.3592634301435,2293.4156209368084,6
1952,1953,-0.005744938204259568,1,2280.1241298558484,2269.3050817616413,1
1955,1958,0.01823046766250242,3,2257.099967375371,2300.505055309018,3
1970,1971,-0.003442533168980308,1,2429.5451050208712,2423.610860516324,1
1975,1979,-0.00841167670634977,4,2440.6313237685113,2422.5421534373486,4
1981,1982,-0.002893879676484616,1,2422.136342581953,2417.5491077890624,1
1983,1985,-0.0023938805596884732,2,2417.1467862577333,2413.777572342455,2
1990,1991,-0.004551849949683235,1,2415.9798396227457,2407.398641750946,1
1993,1994,-0.0037351114757039985,1,2399.4714362340274,2392.9086143731597,1
678,679,-0.0013560240004988828,1,1990.4008461367805,1989.6922156649425,1
681,682,-0.0021797069792245105,1,1989.957460881092,1987.6098941761306,1
683,684,-0.001491432798885145,1,1994.3683995170404,1993.3883014724577,1
686,691,0.008685023083045362,5,1996.140452959103,2015.4731193230125,5
692,698,-0.0008541942369751898,6,2015.660537206209,2015.9544321288354,6
699,700,-0.001974090578483923,1,2023.964796736018,2021.9932716963342,1
701,706,-0.005666208109284989,5,2026.0141416261158,2016.560338008934,5
707,716,-0.014118250874345109,9,2020.730717901916,1994.2222653949832,9
719,730,0.018885662925739816,11,2003.4027030839718,2043.2416939420157,11
731,736,0.008081841643174718,5,2046.6174959341972,2065.2045519364224,5
737,738,-0.0006207325753035163,1,2069.6966841186745,2070.481652649963,1
739,749,-0.004061365328435597,10,2070.989784162597,2064.6497278418174,10
751,752,0.0005477111647425007,1,2062.1554981886648,2065.3471192766465,1
756,758,-0.0015421479445732605,2,2052.0271369192646,2050.9146346247753,2
767,768,-0.0022015103462253056,1,2085.6021081440167,2083.0962356329724,1
769,770,-0.0004121955854361624,1,2089.982649529993,2091.2111505577486,1
772,773,-0.002393423135294508,1,2088.5700778591076,2085.659815992935,1
775,780,-0.0010094772866373124,5,2078.996120420064,2078.976417177913,5
800,801,-0.0009575661613243523,1,2073.635735823816,2073.723728148102,1
805,806,-0.002574715904281938,1,2074.752414893173,2071.4852692679933,1
814,817,-0.0046292412056165595,3,2086.394095921882,2078.8220684978073,3
821,822,-0.0026280178189955075,1,2080.0992649045643,2076.71282623602,1
823,825,-0.005089257645543651,2,2076.9292736632824,2068.4361747517014,2
826,828,-0.0023330642311643586,2,2068.9587502524896,2066.2006953467735,2
834,837,-0.0010349999573221246,3,2068.9106320595342,2068.838220275709,3
850,851,-0.0037145136269737407,1,2074.650078319581,2069.0184124107805,1
856,858,-0.0030122470710718884,2,2073.057396774661,2068.885893099837,2
859,862,-0.005722738661463706,3,2073.942505761491,2064.147817307878,3
865,866,-0.0028507293946022152,1,2067.117446884833,2063.291771863788,1
867,870,0.007738660894746966,3,2066.452001722536,2084.51002502086,3
872,873,0.001028218133024276,1,2086.8460507690943,2091.0786297700943,1
878,880,0.006625642489262088,2,2143.3011987786663,2159.6452474673592,2
884,885,-0.0016721152792212087,1,2178.129392246464,2176.665438201814,1
891,894,-0.00233840937395363,3,2167.7276581589376,2164.826351141079,3
900,903,0.001182043774503338,3,2159.9887377660925,2164.7019277443324,3
908,911,-0.0004815021521084673,3,2162.7371328084105,2163.8585073573267,3
912,913,-0.002577191062980531,1,2165.9593453975626,2162.5432136752224,1
914,915,-0.005564691503377925,1,2153.22926689505,2143.4004395556294,1
920,923,-3.099702346142058e-05,3,2155.0994213723525,2157.187719126399,3
928,929,-0.0038073553132482348,1,2157.0115614396755,2150.95606357193,1
932,938,-0.005711581412273599,6,2150.7025923054343,2140.5693819481994,6
939,944,-0.00873836122542384,5,2144.3296410858156,2127.73604373671,5
946,949,-0.0008214672513030888,3,2114.094318474208,2114.47175354389,3
950,952,-0.0015789780571068268,2,2115.2496584096166,2114.0249752720947,2
953,954,-0.0029394052760470576,1,2119.2984011231215,2115.188222622465,1
956,958,0.0025619714275696955,2,2121.7391275321284,2129.2967016811544,2
960,961,3.60737482959369e-05,1,2140.316034781961,2142.5335600386557,1
967,975,-0.0035460517753060712,8,2149.3937389976513,2143.9212712526446,8
980,983,-0.006281647042390096,3,2133.180491573527,2121.9137851393234,3
988,989,-0.0008087858785783037,1,2127.4130384902633,2127.8198299053192,1
999,1002,-0.0002719703529513879,3,2143.9262116004793,2145.487053443609,3
1003,1006,0.0006442706639146396,3,2143.591261969197,2147.115906196677,3
1007,1008,-0.002573132130007951,1,2146.730699820653,2143.353608782291,1
1012,1021,0.00048012814677515846,9,2140.5482523200844,2143.7165380378738,9
1024,1025,-0.0022421008366923143,1,2150.7361097666217,2148.064678645176,1
1027,1031,0.001736538755424837,4,2142.973960347865,2148.8382916422233,4
1034,1036,-0.0011141655627504364,2,2152.9603553205543,2152.7145613900097,2
1042,1044,-0.00437981225585425,2,2143.6328450481533,2136.387768486408,2
1048,1049,-0.0012908786938081473,1,2140.126473648866,2139.503956455627,1
1050,1057,-0.0029761260331357254,7,2144.1150657264407,2139.87802412702,7
1061,1062,-0.0013845750288096355,1,2146.606284289043,2145.7807531154194,1
1066,1072,0.007334469543682398,6,2138.9928055110922,2156.82017590278,6
1073,1074,-0.00384650252075839,1,2158.5890692231474,2152.444639996322,1
1075,1076,-0.0016798835173511186,1,2154.5052302569484,2153.04041766285,1
1078,1079,-0.0026580638471742743,1,2150.6727561230327,2147.1068033790025,1
1080,1081,0.0014345238097801618,1,2149.7383852451608,2154.9719745288385,1
1083,1085,0.0033425439746263812,2,2178.783868479811,2188.2453332398914,2
1086,1089,-0.006344342524179035,3,2192.615182467238,2180.8970959084177,3
1093,1095,-0.01002319751690861,2,2169.300042138357,2149.7260193847046,2
1098,1099,-0.001567956826460445,1,2138.5660737822895,2137.351460581848,1
1101,1103,0.0024309147844486824,2,2145.591578336062,2152.9529202035637,2
1104,1105,-0.003230447259059487,1,2151.3376075124743,2146.5391624424865,1
1109,1111,-0.004460484718440082,2,2157.3095414342733,2149.844204733195,2
1115,1116,-0.00441482858686431,1,2133.7590959258855,2126.472674367636,1
1118,1119,-0.002975213594856153,1,2131.980834755979,2127.769717227196,1
1122,1123,-0.004344157908411018,1,2132.718090368774,2125.585944300456,1
1129,1131,0.003713739094427809,2,2130.1047913752955,2140.145549605629,2
1135,1136,-0.0022732686151667007,1,2141.824742408962,2139.097624185265,1
1138,1141,-0.001624534496835106,3,2147.2405852909055,2145.899559472387,3
1144,1147,0.0005423174062584443,3,2145.327565165127,2148.636341211007,3
1148,1149,-0.00166230565223203,1,2149.5050245232646,2148.0813951960217,1
1150,1154,0.006103471035647046,4,2146.8991386471234,2162.149574494959,4
1155,1156,-0.000655942238996111,1,2159.1565660276274,2159.8994406013917,1
1158,1159,0.0004693259434918329,1,2160.93873328953,2164.1138566326485,1
1162,1167,-0.0029365601195884368,5,2170.8321275330927,2166.628180608591,5
1169,1171,-0.0012467894844278046,2,2164.74469337793,2164.2104571511336,2
1174,1176,0.0036352173843132874,2,2168.5673901768787,2178.6191714428815,2
1177,1178,-0.0023917322126460394,1,2177.69040568259,2174.6596437958315,1
1181,1183,0.0023283003753680888,2,2159.7157409253387,2166.903923636549,2
1197,1198,0.0026513161130677894,1,2217.9102437867245,2226.008535197201,1
1199,1206,-0.0015064524276479224,7,2228.0362824320932,2226.907888047968,7
1212,1213,0.00047717471948155953,1,2259.5687897400426,2262.906567633176,1
1216,1217,-0.004432474829382188,1,2287.5409818592298,2279.6890550178177,1
1220,1222,0.0038896847029361347,2,2285.5390012136286,2296.714566305827,2
1226,1230,-0.005075357604189366,4,2291.9034254956455,2282.563099442484,4
1234,1245,-0.0019962913355979018,11,2290.4466226933696,2288.1646705685307,11
1246,1247,-0.0024300911826710056,1,2298.6315735782073,2295.344320832624,1
1253,1256,-0.003154051818886889,3,2292.686140955576,2287.7475762035137,3
1258,1259,0.003115777357719219,1,2294.880648048801,2304.3258658587083,1
1261,1263,0.0032870113209789425,2,2332.335511429995,2342.334260171817,2
1274,1277,-0.0014377336443635788,3,2385.606900035621,2384.5626396332495,3
1279,1283,-0.013216550772643196,4,2380.0544472009988,2350.9783912051125,4
1284,1288,-0.0025484042640668294,4,2348.308950755765,2344.6728191630687,4
1289,1290,-0.0003447458035127492,1,2356.1769791027327,2357.7208739559564,1
1294,1296,-0.0051544864342088674,2,2385.132414072498,2375.2234138144418,2
1298,1299,-0.006531492356631723,1,2379.4944051854864,2366.332250070555,1
1303,1306,-0.008004072448468263,3,2348.8445027651746,2332.393025697621,3
1307,1310,0.0013847274531855937,3,2336.0966969853757,2341.667650911973,3
1312,1318,-0.01035404729817015,6,2359.9944420934166,2337.918942458656,6
1326,1327,-0.0005254331817550587,1,2334.102559332805,2335.210246957845,1
1330,1332,0.00889674545690777,2,2364.129007122728,2387.526190133514,2
1334,1335,0.0025521711464515937,1,2411.761326431839,2420.328315427718,1
1336,1337,-0.0016585132283083218,1,2425.7433056875325,2424.145921632257,1
1339,1342,0.0005756564646998139,3,2427.861035285359,2431.686510220999,3
1344,1345,-0.0020099376173084134,1,2437.8139561193457,2435.3519161010613,1
1348,1350,-0.0015520515419716761,2,2421.926695342808,2420.589666976102,2
1355,1360,0.016689738425081136,5,2427.502579422501,2470.444465078695,5
1368,1374,-0.002131328462190289,6,2472.1805788705005,2469.3837306179503,6
1379,1380,-0.0033490686643164475,1,2447.7530118277637,2442.003071929693,1
1381,1383,-0.0024178781361060913,2,2450.144539678353,2446.670533305243,2
1386,1389,-0.004943705562335856,3,2436.068442578039,2426.4613059108133,3
1391,1396,0.004431644651631742,5,2433.7175537981116,2446.9366427327814,5
1397,1398,5.011924034244793e-05,1,2453.9100550190333,2456.4869531818786,1
1401,1403,-0.0027073723175859822,2,2463.5796870165623,2459.373439256783,2
1405,1406,-0.0023719616847734824,1,2460.8202699588596,2457.444118835362,1
1408,1410,-0.006978282376766805,2,2470.678729771196,2455.908314662352,2
1414,1415,-0.001471624285302169,1,2449.0365471750415,2447.881522063801,1
1420,1421,-0.0023310287073364192,1,2465.5725180265804,2462.2907702250673,1
1422,1423,-0.00253867596469816,1,2479.213861993178,2475.3991552123825,1
1424,1426,0.002029353521327257,2,2483.8870386886088,2491.411610635839,2
1429,1435,0.011812966199517994,6,2494.1848604741504,2526.142766786755,6
1436,1441,-0.0009638813006512372,5,2528.3101870513215,2528.401506326828,5
1448,1450,-0.003611996547935657,2,2508.2781906953605,2501.726576720002,2
1451,1452,-0.0007166938585154001,1,2494.5572480526807,2495.263971441339,1
1453,1457,-0.009571484398276237,4,2494.3427745576128,2472.962554381539,4
1458,1460,-0.005793729921478446,2,2454.3011469473754,2442.535890102935,2
1462,1463,-0.0050672533591081086,1,2430.2711630202184,2420.386634468881,1
1467,1468,-0.002529182912408956,1,2414.564617219396,2410.872306265837,1
1469,1471,0.003956572534620162,2,2419.0027544125287,2430.9927170262204,2
1473,1486,-0.028007978737775576,13,2437.931013354167,2372.087424381334,13
1487,1494,-0.006842861688404487,7,2380.9987496020535,2367.0869032278647,7
1497,1500,0.0027008398257498656,3,2400.154448443501,2409.0370356142516,3
1504,1506,0.0015342920728650955,2,2414.9603428945143,2421.0805577477954,2
1508,1511,-0.0023525304020422665,3,2427.808833874296,2424.525148616134,3
1515,1516,-0.0035703831379236698,1,2425.9701589168226,2419.734486127237,1
1518,1521,0.003447780565464284,3,2427.8695251085815,2438.6681559978424,3
1522,1524,0.0009459677432788482,2,2445.1874615494635,2449.9457174759086,2
1526,1528,-0.005883806654790037,2,2449.925565980119,2437.960603197245,2
1531,1535,0.0012505982249512325,4,2426.245317838274,2431.705821243897,4
1538,1542,0.008766539815775798,4,2456.991440938813,2480.987745673762,4
1543,1544,-0.0041015021928757275,1,2481.4768614303584,2473.780555503062,1
1553,1554,-0.0012932706573398577,1,2482.7445821948727,2482.0164660592454,1
1557,1558,-0.0029832460387420163,1,2482.658335078497,2477.734612769903,1
1563,1565,-0.005109572357424202,2,2466.309117269219,2456.173641496026,2
1570,1573,-0.00966927475582987,3,2467.7748888315523,2446.381070284734,3
1583,1584,-0.00034738494297191817,1,2404.252270269451,2405.8213215019227,1
1589,1590,0.0016476498295618525,1,2402.0661651910955,2408.42599526396,1
1595,1596,-0.0063387306073713874,1,2383.1434211385986,2370.42046041441,1
1597,1599,-0.005860561412118849,2,2364.2585186473175,2352.766894923307,2
1600,1601,-0.00026775036311024963,1,2354.5647945123837,2356.288923728199,1
1605,1607,-0.008928463736100109,2,2366.080015267098,2347.3206356693418,2
1610,1611,-0.0031347392525369624,1,2370.973390566171,2365.9119806026088,1
1612,1613,-0.0028141468090173523,1,2377.776201371146,2373.462566262871,1
1627,1628,-0.007404425016182315,1,2376.559704076451,2361.339205655213,1
1630,1634,-0.021403677631760352,4,2340.262900994422,2292.5129311889636,4
1637,1641,-0.007397577190763884,4,2288.6253664608357,2273.9837090181622,4
1642,1643,-0.01338086085983842,1,2263.2304791704564,2235.2097375141016,1
1648,1649,0.005300998614359615,1,2149.0701873359617,2162.611475608527,1
1652,1654,0.0005062373761985162,2,2170.956478210641,2174.226454000222,2
1655,1656,0.002394227755210737,1,2182.627640962755,2190.035976281001,1
1659,1662,0.008579290336004516,3,2194.3553536940112,2215.375720727412,3
1663,1667,-0.030412224768273717,4,2207.32291881058,2142.4006409863614,4
1668,1669,-0.01217468298757526,1,2140.0531735160453,2116.138757725449,1
1670,1676,-0.005106217526734148,6,2116.385650434355,2107.6953105832126,6
1681,1683,0.005830034747036908,2,2089.227453811444,2103.4969499154395,2
1684,1686,-0.00455275854144012,2,2117.3438490128246,2109.8214375680786,2
1687,1691,0.0043903312245269785,4,2121.3242104655,2132.7588505945173,4
1692,1694,0.00026071148269907695,2,2136.516221105266,2139.2097516381864,2
1696,1699,-0.0015022889681799486,3,2160.2649430500596,2159.1798658008197,3
1702,1703,-0.002330021455973455,1,2153.448692459206,2150.5845594938974,1
1705,1707,0.006723905700841398,2,2147.5699710135927,2164.1575989556604,2
1708,1713,0.010205966938990972,5,2179.70279254647,2204.128469976572,5
1718,1723,0.009952691373636385,5,2210.1255045269154,2234.332327075001,5
1726,1728,-0.007046365090810036,2,2232.696375270304,2219.1966778484916,2
1729,1732,0.009555306364805866,3,2231.4677372492274,2255.021562859073,3
1733,1735,-0.007265215204769879,2,2258.053392627071,2243.9062021784016,2
1736,1741,0.004117164622552569,5,2241.921719808131,2253.3940023192654,5
1742,1744,-0.0021552633638091353,2,2265.8795244634216,2263.2618368620037,2
1746,1751,-0.00724063727706807,5,2261.2379696041426,2247.1264036387092,5
1755,1758,0.0001843640632846564,3,2260.931487096697,2263.609253099563,3
1760,1762,-0.004149403834539604,2,2258.1376329073005,2251.025845587304,2
1763,1765,-0.0022201672999554584,2,2242.79618340195,2240.0595968384982,2
1766,1768,-0.010334749229680515,2,2238.3423842438265,2217.448019396745,2
1776,1777,-0.0034209776341740856,1,2241.66425539878,2236.237236373132,1
1782,1785,-0.025248325155008217,3,2216.02014244722,2162.2853654831124,3
1786,1787,-0.004128425700494029,1,2150.9412076560475,2144.2121479017646,1
1788,1789,-0.002955946324886632,1,2139.2896236338197,2135.105287956605,1
1790,1791,-0.003452912682953742,1,2113.1329604142884,2107.9496297749206,1
1801,1802,-0.0016642762023035686,1,2167.60522241675,2166.16533385151,1
1805,1806,-0.002382743107952572,1,2175.225959152305,2172.218180449048,1
1807,1809,0.005716826847078701,2,2179.8017312952347,2194.443082085307,2
1812,1815,-0.001253960412329871,3,2200.521808325225,2199.9629628994417,3
1818,1819,-0.0030554760424850594,1,2191.8254675216326,2187.3202227838333,1
1826,1831,0.005357341450864157,5,2098.1747136908652,2111.513526769367,5
1832,1835,-0.0007846836544774615,3,2121.397722192528,2121.8544937974702,3
1845,1849,0.019060114348813904,4,2101.2454819671834,2143.3967066103737,4
1850,1858,0.015674439187349,8,2144.599201297122,2180.359190260388,8
1865,1866,-0.001367783359696587,1,2185.4425682364376,2184.6387988262677,1
1874,1875,-0.004935176703994306,1,2171.5998017672487,2163.0541728169355,1
1877,1879,0.007918992545094216,2,2189.551442436206,2209.0800354283947,2
1883,1885,0.004006905958398031,2,2261.441612073423,2272.764437555483,2
1888,1894,0.012535484913188333,6,2287.1372984728305,2318.0948108707,6
1895,1897,-0.004300356271986728,2,2319.7577941111963,2312.1017669259113,2
1901,1903,-0.0028239180548356377,2,2335.054283396653,2330.7953357301444,2
1905,1906,-0.0031108016460603878,1,2326.1326232845995,2321.2226187144156,1
1907,1909,0.0014456394358049246,2,2325.499277004092,2331.186609743869,2
1917,1918,-0.00364203857531106,1,2317.919299462133,2311.795267258496,1
1921,1923,-0.007238717547560034,2,2323.4848610855347,2308.9892953111903,2
1925,1926,-0.004129454337635549,1,2296.7605507236863,2289.572943455714,1
1930,1932,-0.0035817449087984523,2,2306.0157642982817,2300.0622198391957,2
1936,1938,-0.010479973154091559,2,2325.16385798894,2303.121367036341,2
1939,1942,-0.003302264321957374,3,2294.5914780762814,2289.308721982839,3
1946,1948,-0.0014253698058942466,2,2300.039162142491,2299.0607949305413,2
1949,1952,-0.011320002989464464,3,2297.5008756369393,2273.790659732069,3
1954,1957,0.0029891080398374327,3,2266.9770905359765,2276.020307073961,3
1959,1961,0.012925242177123823,2,2330.8260517065874,2363.283368949351,2
1965,1966,-0.001284796842135429,1,2386.4607923143512,2385.78113581682,1
1971,1973,0.0039213308775374696,2,2424.832694987913,2436.7660990026193,2
1977,1980,-0.009213758813969974,3,2434.3275874621772,2414.3326077845695,3
1984,1985,-0.0010629812467234474,1,2411.5867291965747,2411.434844457788,1
1988,1989,-0.003057304951240331,1,2432.8429576547555,2427.8378577923822,1
1993,1996,-0.005790193834687866,3,2396.2836510493794,2384.8049878779593,3
1998,2000,-0.007332035937465533,2,2384.283382042232,2369.1860139820387,2
676,677,-0.001779105212496157,1,1990.409759917778,1988.8590212988229,1
679,681,-0.0045612838858495874,2,1990.310642084337,1983.222580866847,2
685,687,0.0007759704591717913,2,1994.611241726512,1998.1536123693502,2
689,692,0.0033986479278061968,3,2006.3604838553465,2015.185757240089,3
693,698,-0.0009978109704838975,5,2016.0756911448027,2016.0801043939973,5
700,702,3.529610311790547e-05,2,2022.0874253529628,2024.1808845845944,2
703,708,-0.006207578931462556,5,2025.105403160776,2014.559506929285,5
710,712,-0.00778048630594533,2,2005.873003853494,1992.2722094194,2
714,715,-0.001972257995953663,1,2001.607422462462,1999.6613436412126,1
720,721,0.002091103459778184,1,2009.7060786523305,2015.91828806519,1
722,725,-0.0024797353475466306,3,2030.4217663903141,2027.4172795321583,3
727,729,0.0030132002643862964,2,2031.45561537375,2039.608253586457,2
737,744,-0.003943581964448989,7,2069.7315776804417,2063.639153137131,7
745,746,0.0010747549601260592,1,2061.1779937816545,2065.4544330479557,1
747,749,-0.003447465635639732,2,2068.8750021711853,2063.8115016989373,2
751,752,-0.0029556947561055046,1,2062.430486455044,2058.397001967852,1
754,757,-0.0038639088797872184,3,2057.340839950107,2051.448803249825,3
758,759,-0.0018317494939701605,1,2056.265092547583,2054.5547950973883,1
760,763,0.0034910190652731503,3,2063.05478574919,2072.320004124693,3
765,766,-0.001623646638635786,1,2078.7172858297968,2077.420900781815,1
767,772,0.00010243052346285393,5,2087.210743588358,2089.5117484209895,5
778,780,-0.004881292263918051,2,2086.9961677878982,2078.8959257070364,2
782,783,-0.00022609801976963438,1,2076.363043547811,2077.9699450188896,1
786,787,0.0028690479510756757,1,2075.10728501056,2083.1359745998925,1
788,790,-0.002168297965177598,2,2077.6309010316427,2075.2036090775773,2
791,792,0.0010328750494406273,1,2073.3354359769523,2077.550267853871,1
794,796,-0.0031332215476673935,2,2075.9781695159627,2071.549648152264,2
797,799,-0.00039312900800727007,2,2074.279437254842,2075.538257274599,2
804,806,-0.00041262525269890804,2,2073.9778616638305,2075.1960638862333,2
811,815,-0.0028040990271789895,4,2088.8321949261876,2085.063734795381,4
816,817,-0.005254538699667746,1,2088.35998572261,2079.4749773445155,1
823,834,-0.007913874671713192,11,2076.69552877577,2062.3375161585072,11
835,845,0.0037872113150126223,10,2067.3059573602077,2077.2025878308755,10
846,847,0.00042435465052006343,1,2077.9291052806957,2080.8888132652532,1
848,851,-0.004240355687194478,3,2080.5207713700315,2073.7791440561964,3
853,854,-0.001273858184019581,1,2075.6069327072014,2075.0385107618717,1
856,859,-0.003098054095220902,3,2074.227824113118,2069.8759819323163,3
861,865,2.7260336849546174e-05,4,2067.1240542005826,2069.2475287528105,4
872,873,-0.0010670520957186712,1,2094.727675315397,2094.587219434807,1
874,879,0.024085418442805682,5,2097.3453105693316,2149.9580953040195,5
882,885,-0.002439675005123121,3,2177.7070944903003,2174.5719040178833,3
888,892,-0.00410957545268391,4,2176.797287896275,2170.028372484364,4
894,895,-0.0009724492739852976,1,2166.09679449471,2166.1564720340166,1
899,901,-0.0038368997628654426,2,2168.693715721918,2162.541349034059,2
902,903,-0.0012679113490910489,1,2164.07149706558,2163.4917177512716,1
906,907,-0.00360329444077489,1,2167.8541561279253,2162.2105934548667,1
909,912,-0.004642571842454354,3,2164.604864564689,2156.7201358349857,3
915,917,-0.005084603361256559,2,2151.6744550482395,2142.8857183368195,2
918,919,0.0008987505719554101,1,2149.80433758076,2153.886279796334,1
922,924,-0.0015557432477030972,2,2155.0341888698285,2153.836543170795,2
926,927,-0.0033190388145628138,1,2157.03894371409,2152.0366866790932,1
929,932,-0.0034196944042637865,3,2155.3548120680766,2150.1395120901125,3
935,938,-0.0037479750242603634,3,2145.4683368566134,2139.57264345159,3
941,942,-0.0003837532170529142,1,2131.5530084501056,2132.866571134244,1
945,946,-0.006412043676293675,1,2125.5308865332904,2114.027420540061,1
947,950,0.0013162618192536085,3,2109.279179581162,2114.1648224109726,3
952,953,-0.0012282887892711078,1,2117.956834300658,2117.473328499227,1
966,969,0.001413521960248482,3,2142.528908991564,2147.6999495638825,3
971,973,-0.004345955796500354,2,2151.895975165329,2144.695826353759,2
974,976,-0.0041388020204109555,2,2145.8606568297214,2139.125225064544,2
977,979,-0.0036917424028534754,2,2135.4122626158896,2129.664282881033,2
981,982,-0.002494028884235429,1,2123.451886628603,2120.2793881756957,1
984,985,0.0002907663115370178,1,2117.828309120457,2120.561930555489,1
986,987,-0.0024275107308535,1,2126.5795595041304,2123.5438443629246,1
988,991,0.001964597781604696,3,2129.5032491049915,2135.816369713208,3
994,996,-0.004419463056856675,2,2145.6704964403725,2138.3334554456073,2
999,1001,0.00036838210286968434,2,2142.8782772975114,2145.8105535807936,2
1003,1007,-0.0011214028795305743,4,2145.182162567148,2144.921731275495,4
1008,1011,-0.0027559807041823347,3,2144.64066757956,2140.8747199498857,3
1014,1016,-0.0025077901988483954,2,2133.587191934304,2130.370190077917,2
1017,1018,-0.0013170975052404525,1,2136.515885024035,2135.8384011669873,1
1022,1023,-0.002504523298050161,1,2149.638579644722,2146.404398319259,1
1026,1027,-0.002904708008704197,1,2145.035297791252,2140.949631880596,1
1028,1032,0.002038339049510358,4,2141.6851405347816,2148.1923061290245,4
1033,1034,-0.001223195163491162,1,2150.667732933377,2150.18771429711,1
1035,1036,-0.003572952729204432,1,2153.2584782863087,2147.7182460079193,1
1039,1046,-0.004676086230177342,7,2144.848229446257,2136.9635824041693,7
1048,1050,-0.0014110781510959544,2,2139.5462385941532,2138.6667178822076,2
1054,1057,-0.0052745136584598775,3,2149.4958158482077,2140.307766624562,3
1060,1068,-0.001453166401778376,8,2140.154763666367,2139.1849174328677,8
1070,1074,0.0007393395105775721,4,2149.927913732853,2153.6673682981022,4
1075,1076,-0.003130252275576261,1,2156.1851993667083,2151.5919809391935,1
1077,1078,-0.0003263796251888676,1,2151.761263896314,2153.210734125404,1
1081,1083,0.008523400381744015,2,2159.1333340459164,2179.6956252636055,2
1085,1087,-0.00026196316286834786,2,2186.2112202576395,2187.82472467194,2
1089,1092,-0.003963775958599097,3,2182.085107696439,2175.6178963146313,3
1093,1094,-0.006363995204576572,1,2169.5290162656934,2157.8916730262545,1
1095,1097,-0.004349395852449443,2,2149.506082081119,2142.3065353249817,2
1099,1100,0.000577924586550764,1,2137.948219063567,2141.3217401232,1
1102,1107,-0.00020779197203366572,5,2151.2623533335627,2152.9666006401353,5
1113,1115,-0.0065654996308724956,2,2144.5900717780755,2132.654356525222,2
1116,1117,0.0006936918272982939,1,2124.697797829551,2128.2963811252134,1
1122,1125,-0.0021235188931101904,3,2127.2464021223827,2124.8564005992976,3
1126,1135,0.005675950971146854,9,2126.304866021046,2140.4999730563136,9
1138,1143,-0.004016010022588241,5,2149.3206546304827,2142.8382819943613,5
1149,1153,0.001491573717776432,4,2146.248198443633,2151.5957340467003,4
1154,1155,-0.0015079962304588306,1,2159.703403000863,2158.6062818132295,1
1157,1159,0.002530725895340908,2,2156.6645426938985,2164.2791340423514,2
1160,1166,-0.003184611704071424,6,2168.63140200734,2163.893784464698,6
1167,1168,5.1527118491044663e-05,1,2163.8151062582456,2166.0904165218767,1
1170,1172,-0.0004454213936171754,2,2162.93181313318,2164.1313288438087,2
1173,1176,0.0036493866830242415,3,2165.2531046149343,2175.320203564908,3
1177,1179,-0.009890644781715037,2,2182.185778597331,2162.784739992112,2
1180,1186,0.01677661439490168,6,2166.3042898597873,2204.813845882646,6
1187,1190,-0.0019301927307411961,3,2211.9325019513176,2209.8749784171123,3
1191,1192,-0.0035347528302181455,1,2216.3559667681848,2210.7380522086482,1
1195,1198,0.0022652188747144288,3,2216.221948657898,2223.458398395212,3
1199,1201,-0.002638522439397313,2,2228.9664896975532,2225.314278087519,2
1203,1207,-0.0002886308237963792,4,2224.592345566415,2226.1748519906696,4
1211,1212,-0.0022071758656009807,1,2258.7381252529212,2256.011431101403,1
1221,1231,-0.0010539919512106046,10,2293.4780552636485,2293.354225908386,10
1238,1243,-0.0036775503470605347,5,2287.4345977960343,2281.309876494827,5
1245,1246,0.00024549912466970635,1,2296.3938398966,2299.2539964140883,1
1247,1250,-0.002728085177859365,3,2301.026651463028,2297.0502814127753,3
1252,1254,-0.004767856575052753,2,2295.94026855902,2287.2894949222014,2
1255,1259,0.0032037533229129205,4,2289.108026722778,2298.7308721966206,4
1260,1262,0.006134933861066588,2,2316.8863712219772,2333.4172022442526,2
1263,1267,0.011608751368946263,4,2341.7774640923726,2371.304353898515,4
1269,1270,-0.00407497850952164,1,2378.0105523060524,2370.6982209622956,1
1273,1275,-0.0031618298703639386,2,2389.9894575709645,2384.8227069717327,2
1277,1278,-0.001434549083935538,1,2385.383960201906,2384.347393787166,1
1281,1287,-0.016333704675185152,6,2378.566478153024,2342.0942422267303,6
1292,1294,-0.0008412442237301541,2,2380.7724395601913,2381.1504009369555,2
1295,1297,-0.0023261169645361355,2,2386.154367008658,2382.990047222566,2
1298,1301,-0.0068728060589670365,3,2378.2841668631554,2364.316965198056,3
1307,1308,-0.0003161111583262381,1,2336.197550872931,2337.7952503099186,1
1312,1316,0.0007539596460036599,4,2360.661209266512,2364.8017137654515,4
1323,1328,0.0010654983731541606,5,2340.7688135597014,2345.603667736039,5
1329,1330,0.0010464725111334842,1,2352.0124496173116,2356.825778441297,1
1333,1334,0.0022675111290591083,1,2402.1261956436174,2409.9751697212873,1
1336,1342,0.0014464740777212861,6,2427.604612269337,2433.5436840242105,6
1350,1353,-0.0025914225012091383,3,2419.0696826925187,2415.219920767489,3
1354,1355,0.0003459211804830778,1,2425.6045823490413,2428.8692549319017,1
1359,1360,-0.002396758024917782,1,2475.490418369661,2472.032757262196,1
1362,1365,-0.005671311030823678,3,2467.4627327098774,2455.9364468284234,3
1372,1373,-0.0016338533307462572,1,2474.292593275467,2472.7242546739785,1
1374,1378,-0.00846275818909445,4,2469.3946483856034,2450.9661532512578,4
1379,1383,-0.0006564063156982809,4,2445.9734329269777,2446.813853950501,4
1387,1389,-0.0009551702453258937,2,2423.9192638638438,2424.0279275697926,2
1394,1395,0.0015404338265718044,1,2435.1998962778143,2441.3863604687826,1
1396,1397,-0.001575499973151983,1,2448.9842937038693,2447.574903308593,1
1398,1399,-0.0017334025694853068,1,2461.3551741539445,2459.550009944804,1
1403,1404,-0.0011821448817342522,1,2460.9592629951912,2460.51101186128,1
1406,1408,0.0006413918765185329,2,2464.0232271880477,2468.067654896707,2
1409,1412,-0.007549142908873441,3,2464.0616056473477,2447.924114055695,3
1418,1419,0.00021726089953078595,1,2459.651476715516,2462.645514284595,1
1420,1422,0.0004671409642378081,2,2465.3569632310787,2468.973989423304,2
1423,1425,0.0008601859950836039,2,2479.1530192913356,2483.7647050174905,2
1430,1439,0.006799463166696634,9,2496.036020238516,2515.5037612411143,9
1440,1447,-0.00781705857077189,7,2520.202246341308,2503.0218800178086,7
1448,1449,-0.002547504566011387,1,2506.3320402066606,2502.4534799305,1
1453,1455,-0.004508846206067677,2,2499.9751417519096,2491.20311346051,2
1456,1461,-0.02131140017416556,5,2487.0686239310116,2436.5527778497376,5
1462,1466,-0.010787582542221182,4,2431.662968521466,2407.8628665021997,4
1473,1476,-0.014083235203527531,3,2435.283726697278,2403.4223369135743,3
1478,1479,-0.0012535039709081705,1,2386.9654224191518,2386.360317206148,1
1480,1485,-0.01006196312879878,5,2389.9865485873765,2368.3285786057527,5
1486,1488,0.002397952120255034,2,2370.849937352095,2378.905971923527,2
1490,1492,-0.0018249039331938695,2,2385.5684661259174,2383.600601315307,2
1498,1499,-0.0022236310336125626,1,2408.8883329772793,2405.940742456541,1
1500,1501,0.0008401270599069205,1,2404.2338311296253,2408.6579268606306,1
1502,1507,0.002383445656043122,5,2416.1300158213644,2424.3048604278306,5
1517,1519,0.0032307648038517973,2,2421.6468056562144,2431.892223728945,2
1524,1530,-0.008936515546746862,6,2452.5201134577655,2433.0556494485986,6
1535,1537,0.007603612340372319,2,2432.763309514172,2453.693861945113,2
1539,1542,0.0064696702026496725,3,2463.474250742414,2481.8755909481793,3
1544,1549,-0.002016626395582208,5,2479.867060787715,2477.3459624761836,5
1550,1551,-0.00022835376997295772,1,2482.5463017548136,2484.4619492494303,1
1553,1555,-0.001486946965474893,2,2480.052484165468,2478.844830134085,2
1560,1561,-0.003229792434076005,1,2474.3254839210945,2468.8082516776058,1
1564,1565,-0.00519070507960927,1,2465.2252235571377,2454.894191690396,1
1571,1572,-0.005970426507666069,1,2465.6788368874563,2453.4233614371997,1
1573,1576,-0.007959033233982487,3,2449.214159401798,2432.1699966693805,3
1592,1596,-0.017825501093518985,4,2413.5128688233713,2372.9043054097615,4
1598,1599,-0.0006228632042312165,1,2352.425169965551,2353.3123560564377,1
1600,1602,0.0031862258702499537,2,2352.0380477200833,2361.8842102432614,2
1607,1610,0.008659284455337556,3,2346.602133125101,2369.268630632458,3
1617,1619,-0.0008051932724778513,2,2383.6369528175487,2384.101301331928,2
1629,1630,-0.009382927650153302,1,2351.1399416551053,2331.430505628825,1
1631,1634,-0.01395926710342597,3,2325.843275681503,2295.7020514312394,3
1635,1639,-0.0035746851024429315,4,2292.2391592303825,2286.3373652158757,4
1646,1647,0.007883628121051128,1,2125.304365319071,2144.1847789446124,1
1652,1656,0.007302197978991862,4,2172.372896077072,2190.4083659444996,4
1660,1661,0.0023112206383271803,1,2207.7163040678706,2215.0265398574716,1
1662,1665,-0.016254941953921766,3,2217.5446832004327,2183.7161677779823,3
1666,1668,-0.01907672523241029,2,2167.81291657524,2128.625958127039,2
1671,1678,-0.024481519150676492,7,2118.444101643707,2068.699815901323,7
1681,1684,0.010802991544944327,3,2086.08490451597,2110.706947006008,3
1685,1687,0.0019059744874440872,2,2111.3493526908437,2117.484880043845,2
1694,1695,0.0035642007760543545,1,2141.8489607112856,2151.6247893999553,1
1696,1699,0.00018624105910225084,3,2158.8567488902695,2161.417673406523,3
1705,1706,0.0004102739980381214,1,2154.0744422879948,2157.112277463792,1
1707,1709,0.004945867651669938,2,2168.8406453020175,2181.7362847365457,2
1711,1714,0.006905423040676849,3,2195.4028136199495,2212.7584016063074,3
1718,1727,0.00495158764133029,9,2214.7765496611905,2227.957986402462,9
1730,1736,-0.00285921045802822,6,2245.6031020066475,2241.428053234816,6
1738,1740,-0.0009935127980979736,2,2249.698099388714,2249.7126936345035,2
1742,1744,-0.0023769948680243463,2,2266.3620231258583,2263.2412542509287,2
1747,1750,-0.004956602945574824,3,2257.670480730904,2248.7377750567066,3
1752,1753,-0.000241010309224782,1,2244.8897633873617,2246.5936115746995,1
1755,1757,-0.0006131201699543082,2,2259.3758479279636,2260.2499548720193,2
1758,1760,-0.0048192981346644615,2,2262.5891342527752,2253.9476317928115,2
1763,1764,-0.003057095715484681,1,2239.94731056541,2235.3395245499346,1
1767,1768,-0.008336004100367118,1,2230.868241807158,2214.502583237882,1
1771,1773,0.004446729539585863,2,2220.95033968692,2233.047255508046,2
1774,1778,-0.005869674442601895,4,2241.426727599016,2230.5117091486622,4
1781,1784,-0.013159571103399555,3,2212.0933717551193,2185.195265113904,3
1787,1792,-0.014210559208943055,5,2146.960103458458,2118.5975598924815,5
1800,1802,5.476957312467367e-05,2,2158.8727286225794,2161.149841888979,2
1805,1809,0.010377783070325823,4,2167.818949176137,2192.4839229156046,4
1815,1819,-0.008984079838510864,4,2198.758777918192,2181.203712289667,4
1820,1825,-0.03223060397138683,5,2182.849961624558,2114.6782389441046,5
1827,1830,0.0019795246489818924,3,2101.944635970867,2108.2074318245373,3
1836,1842,-0.019184601284936154,6,2121.0117372159984,2082.4419844540557,6
1844,1848,0.021362386726741785,4,2085.6087710507622,2132.247960949684,4
1849,1852,-8.920840450263605e-05,3,2144.158155227961,2146.1110364551596,3
1854,1859,0.010427984169521533,5,2152.819495019252,2177.4218821281693,5
1861,1863,-0.007802776892683439,2,2186.7144479820868,2171.838717464457,2
1867,1868,0.003330926561506767,1,2198.72483789179,2208.24735369366,1
1869,1871,-0.006566250939949574,2,2214.4274080135883,2202.1013493722826,2
1872,1873,-0.005132426662650372,1,2184.453538728941,2175.4264446821767,1
1878,1880,0.009652422389174482,2,2201.728824395988,2225.1825698198745,2
1886,1896,0.012207495686680555,10,2282.4047122577717,2312.5495626501756,10
1898,1900,0.002128695508190259,2,2322.485259753189,2329.751608953217,2
1901,1902,-0.0011878859342296369,1,2335.879285996648,2335.440407134751,1
1908,1909,0.0015654008732610579,1,2328.5838408513,2334.5575918700815,1
1912,1913,-0.01182677683525887,1,2329.1194330650933,2303.902576740633,1
1915,1920,0.0032710749746173813,5,2311.6020046621243,2321.475030135512,5
1921,1926,-0.015947321448532743,5,2327.51825749006,2292.7280939180273,5
1928,1929,-0.0017571285945656052,1,2306.4670339114696,2304.7207417676723,1
1932,1936,0.006873659620304932,4,2304.231719155949,2322.374455398893,4
1937,1938,-0.007468838031363184,1,2319.77078053593,2304.764559086754,1
1941,1942,-0.0002470259628818824,1,2288.884792004768,2290.608262827102,1
1948,1949,-0.0029380495020361686,1,2298.646081915647,2294.191192021233,1
1951,1953,-0.007279098006137018,2,2281.3916908735464,2267.0666088561647,2
1956,1958,0.014262622147374275,2,2265.6383590278306,2300.2179412242695,2
1959,1964,0.01916328854394965,5,2331.2227359209182,2378.2278526055075,5
1970,1971,-0.002889044884690189,1,2431.397406563765,2426.8043877302466,1
1972,1974,0.0027461777224898434,2,2434.165955719435,2443.284773995594,2
1980,1981,-0.0032444942270312064,1,2423.9664991208374,2418.5259203070436,1
1987,1988,-0.0015666588118493957,1,2427.967359030966,2426.591529932088,1
1993,1995,-0.00703714943953036,2,2405.5121240082444,2390.9896878370046,2
672,678,0.005745539635511045,6,1975.7681033670942,1989.0957254189354,6
679,684,-0.0015046288755133476,5,1990.2862249811824,1989.2818690815204,5
688,692,0.004833030402825285,4,2003.0158608996564,2014.6995133136254,4
695,696,-0.0025702521394033793,1,2016.8974958987467,2013.7304582908544,1
704,706,-0.004915601714393537,2,2025.7645614539858,2017.832474264199,2
709,710,-0.003490464259046653,1,2010.3047867147839,2005.2981944936803,1
712,715,0.0009093521275916122,3,1992.6749027853173,1996.4796208505488,3
717,722,0.01055873584246404,5,1998.9669279999594,2022.0724586785327,5
724,725,0.0004361591701770337,1,2027.0614810185557,2029.9726639530331,1
728,733,0.0016251943109575717,5,2039.7113978114685,2045.0660365689985,5
736,746,-0.00018878167316985336,10,2066.245751269952,2067.921927691117,10
748,750,-0.004875785913659521,2,2067.640247468894,2059.6265165232385,2
753,754,-0.0043134702197551895,1,2061.8534048170354,2055.0215149626733,1
755,756,-0.004926093230200659,1,2055.1617424398632,2047.0929858359027,1
758,760,0.00289108601927961,2,2053.228683945094,2061.2179733715766,2
765,766,-0.001932829328327485,1,2082.9722104788248,2081.029152910799,1
772,776,-0.004872433312254523,4,2089.2463770282343,2081.155909760323,4
779,780,-1.7457173573843035e-05,1,2079.8970546618534,2081.9406425926163,1
784,785,-0.0010181050743427987,1,2078.350670042513,2078.3130413491212,1
786,787,-0.0009870138710288876,1,2076.116734324594,2076.143695044265,1
794,796,-0.00439300774678117,2,2077.4630702554873,2070.4142219644586,2
797,798,-0.0022566844152520447,1,2075.9477814435413,2073.338970219724,1
799,801,-0.003239084263098407,2,2072.7778750919015,2068.1367507708846,2
803,805,0.0001808041762647128,2,2069.5627984328644,2072.006546828296,2
811,813,-0.0032871109219348117,2,2089.7566129708744,2084.977107797163,2
814,815,-0.00037566478484379743,1,2087.0906128683655,2088.393657035201,1
820,823,-0.0016209890750074187,3,2078.774658558856,2077.483762206489,3
826,831,-0.0050483625478101165,5,2067.9419569780443,2059.5701782083693,5
836,840,0.0008457690453384438,4,2071.3528599295464,2075.1760989203776,4
844,847,-0.004999948760929742,3,2080.774144526479,2072.451154565306,3
850,856,-0.0021038726161934085,6,2075.446841035264,2073.15581210108,6
857,862,-0.0037303897850830443,5,2073.642401559653,2067.9805495285195,5
864,866,-0.005869424912858061,2,2071.781510448877,2061.6931259478984,2
868,869,0.0014521029866477867,1,2069.985014316912,2075.0608307528346,1
872,873,-0.0020475303664663283,1,2094.6546053871566,2092.460391080755,1
874,875,0.004188618248883324,1,2100.0064146770465,2110.902546283012,1
877,878,0.0030631071474318157,1,2130.161515290963,2138.816589768926,1
879,885,0.01044263970445056,6,2149.77558449902,2174.374691957867,6
886,887,-0.00038366625778345263,1,2173.0523978177107,2174.3917233340903,1
888,891,-0.004981837781624401,3,2174.6623373924103,2166.0031847351056,3
897,898,-0.0008670984525996255,1,2168.0563523262276,2168.344490370303,1
899,900,-0.0026816488613179354,1,2164.655046104679,2161.014856411251,1
911,912,-0.001531047065790032,1,2163.9197153308514,2162.77057211542,1
913,920,-0.004871815788248456,7,2159.3494900325745,2150.98888658472,7
923,924,0.000807520940344014,1,2155.7584915786483,2159.655070194501,1
926,931,-0.003183989107141988,5,2158.4759807902506,2153.761892760177,5
934,935,-0.004077147736520001,1,2148.445856659138,2141.8347713542835,1
936,939,-0.0015517651005943157,3,2137.0202089816144,2135.8410758110335,3
947,950,5.825287939118483e-05,3,2109.7482592490132,2111.980906419154,3
952,954,-0.0011499946832902372,2,2116.376674359564,2116.0592291105704,2
958,963,0.00016607020129046925,5,2135.7689719766854,2138.259428531748,5
965,968,0.002790895247022,3,2141.739416328565,2149.8585261022845,3
973,976,-0.005297362992911374,3,2148.81436535764,2139.5801300253156,3
979,980,-0.0011316790973515064,1,2127.158681794701,2126.8785794595588,1
981,982,1.6154954689199435e-05,1,2123.0842020649734,2125.241584596124,1
983,984,-0.003572578115302567,1,2125.216203685564,2119.748918989676,1
986,987,-0.0013997401414417318,1,2126.776373423969,2125.9262155356414,1
988,990,0.0006923423833665957,2,2127.115934529111,2130.7157429794493,2
991,992,0.0011522347247717385,1,2128.8883916051163,2133.4702591266923,1
994,996,-0.0018060239689595915,2,2141.4751023419326,2139.749022080515,2
997,998,-0.00236527448476733,1,2136.4076528643227,2133.4908700068054,1
1003,1005,-0.0007816283733703605,2,2146.130524355731,2146.599178369294,2
1006,1007,-0.002767207328884899,1,2148.0272361797483,2144.231226705327,1
1009,1010,-0.001724473281947203,1,2144.2182875692883,2142.664858709282,1
1011,1014,-0.007809073358495168,3,2145.7031461873203,2131.092896059377,3
1015,1016,-0.0017892085452575089,1,2133.3845752879747,2131.700889950837,1
1021,1023,-2.4945718148839725e-05,2,2149.800870077404,2151.8970426209003,2
1024,1027,-0.007117861814964056,3,2156.494196738763,2143.3010632383434,3
1034,1035,-0.00048410148456993856,1,2150.4171906157876,2151.5265876519816,1
1037,1042,-0.005044831839181384,5,2150.6289954330896,2141.930062798095,5
1043,1045,-0.007413956203071078,2,2147.0025477133054,2133.23176740439,2
1048,1051,-0.0012268873649504413,3,2142.1255749535962,2141.639553726502,3
1052,1054,0.0017794944882630129,2,2140.8669899596225,2146.8175179583195,2
1057,1059,-0.003011115073248414,2,2145.9277497852054,2141.6120421415103,2
1060,1064,-0.00423857742433059,4,2144.8243567273807,2137.878176986529,4
1067,1071,0.00430865426877105,4,2140.7660175981896,2152.130604255952,4
1072,1076,-0.0032369342550448437,4,2157.5862461735255,2152.7598675912463,4
1078,1081,0.00011363776831411088,3,2154.04731303544,2156.4461414779717,3
1085,1086,-0.00044159152441022344,1,2185.5041758247444,2186.7245798799618,1
1088,1091,-0.003190666810104314,3,2184.4834651016454,2179.6979896774255,3
1096,1098,-0.010109893555171348,2,2152.3531198840174,2132.745412068733,2
1105,1106,-0.0005907510286065798,1,2154.406571940513,2155.288260614043,1
1107,1108,0.000459276549304921,1,2156.0948716519965,2159.241210336275,1
1110,1114,-0.008053223304829138,4,2153.3455245724326,2138.157497735169,4
1116,1117,-0.00024523498053522234,1,2128.4085864102526,2130.0150347584035,1
1123,1124,-0.001047681772325841,1,2129.075660689238,2128.9741425883203,1
1130,1139,0.0006679058334733425,9,2137.7645519756443,2141.330141942477,9
1140,1142,0.0007289234133675605,2,2142.458664847859,2146.1628117956866,2
1143,1144,-0.0030544543511912686,1,2146.562147813421,2142.152133868743,1
1147,1153,0.0033272290979006686,6,2146.946955069395,2156.2372864050203,6
1155,1157,-0.001721870443415925,2,2157.3332221122673,2155.7759070226252,2
1158,1161,0.00030173154377969224,3,2161.2646043349996,2164.077990644917,3
1163,1166,-0.0021073517743525625,3,2172.891329606441,2170.485174537126,3
1167,1170,-0.0013298987551794675,3,2164.029168466883,2163.315257938034,3
1172,1174,0.001404463212629773,2,2163.9008210771767,2169.103840997236,2
1175,1176,0.00013653329468843738,1,2170.0955631924794,2172.5619490527033,1
1177,1180,-0.00626417439803166,3,2174.5885984149168,2163.1411847888894,3
1182,1183,0.00020291065133068507,1,2166.496973518458,2169.103075803979,1
1185,1187,0.007811691331373418,2,2196.7389974857047,2216.0959834671394,2
1188,1192,0.0009552165782635222,4,2210.720358812517,2215.042795907972,4
1196,1199,0.004048995339999646,3,2217.063987561725,2228.257933303405,3
1200,1204,-0.00103111141792364,4,2227.3423413820474,2227.2730456036056,4
1205,1206,-0.0009573401333004891,1,2226.4500775248243,2226.5450575883447,1
1208,1209,-0.0009812584088193235,1,2242.1556941906697,2242.1977157560536,1
1211,1212,-0.0013709605192411176,1,2259.3311523940292,2258.4930297365995,1
1218,1221,0.004397528967397252,3,2276.730776501422,2289.0194968185533,3
1223,1228,-0.011462373502269804,5,2303.284296026379,2279.1864754394383,5
1229,1230,0.00020510196145490317,1,2278.274815154612,2281.020368603088,1
1231,1236,-0.002136368224059419,5,2293.261058301011,2290.655069304885,5
1237,1242,-0.003976945262384022,5,2290.9371475372577,2284.117153049477,5
1244,1247,0.0009547507481495205,3,2290.7924608934586,2295.2703891702454,3
1248,1252,-0.0050166683607791055,4,2302.0160301429582,2292.7695951886767,4
1253,1255,-4.9031344767149995e-05,2,2288.6644851685082,2290.840933356248,2
1262,1266,0.009693680281365,4,2338.5537211374412,2363.5614669520814,4
1267,1268,0.0008066781564978873,1,2370.8587535508223,2375.1421322730043,1
1269,1270,-0.0014678917886980828,1,2378.4344850155207,2377.3216350500256,1
1272,1276,-0.003287895169721911,4,2387.1934875694574,2381.7318391200556,4
1279,1280,-0.0027688646689732056,1,2381.689127532461,2377.4762417822913,1
1284,1286,-0.0019057415239937705,2,2346.2130733662984,2344.0880107616135,2
1288,1293,0.010236055160562803,5,2350.4370341869935,2376.846674354548,5
1295,1296,-0.004137875742822074,1,2387.748588827451,2380.2561304506116,1
1306,1307,-0.002637372865354825,1,2337.1509378178807,2333.324150290059,1
1309,1311,0.004104169173252346,2,2341.3758146521986,2353.326592908345,2
1312,1313,0.002458815966115667,1,2361.673293320443,2369.8418866141287,1
1315,1316,-0.0031465731156018156,1,2371.6116748913887,2366.5208370294195,1
1320,1321,-0.0005076041639537918,1,2338.2779825849134,2339.4293409270567,1
1325,1326,-0.0033446650840455983,1,2339.022861115861,2333.538635882618,1
1327,1328,0.0010313001908530783,1,2337.124714897259,2341.872116776677,1
1330,1332,0.009198633430284018,2,2361.08609295867,2385.165944518097,2
1335,1338,0.003071456970294071,3,2419.0827068763133,2428.9318980249427,3
1342,1343,-0.0027187251573569547,1,2437.076483347569,2432.8878186852367,1
1345,1348,-0.009800432560961057,3,2436.7465889186956,2415.3021648947647,3
1350,1351,-0.0013013803404799656,1,2422.982135699515,2422.251896518481,1
1360,1362,-0.006190625681765011,2,2476.230932762159,2463.3777448885826,2
1364,1366,-0.001736064364377401,2,2456.7067738632068,2454.8984795532415,2
1371,1374,-0.000992581968336461,3,2467.8233919188997,2467.841698310961,3
1375,1376,-0.0035441493549711067,1,2469.8795745545476,2463.5958320280884,1
1384,1386,-0.005459872123011568,2,2444.2908299373607,2433.3896054043903,2
1390,1392,3.121493566698758e-05,2,2427.572660153829,2430.0760093383965,2
1395,1398,0.007025322407187506,3,2441.971347040903,2461.56895441002,3
1400,1403,-0.004346687979727275,3,2464.757514926498,2456.508740578351,3
1407,1411,-0.007027068085047762,4,2465.7279400028765,2450.8668298292746,4
1412,1422,0.009137058916486702,10,2450.96714778996,2475.8127461694803,10
1423,1426,0.005761499510832237,3,2477.065360950542,2493.8140371769086,3
1431,1437,0.004075424996308431,6,2506.025631129434,2518.7447762590577,6
1438,1440,0.0009577013472393671,2,2514.194682176201,2519.116724492719,2
1443,1445,-0.0064359708321183075,2,2527.993369167603,2514.2512709490193,2
1446,1449,-0.001343820028906247,3,2503.639279750847,2502.7784784213122,3
1450,1452,-0.0025944278728747905,2,2499.969470726638,2495.9834497211755,2
1457,1458,-0.009492181782301694,1,2474.116136107825,2453.1054921294713,1
1461,1470,-0.006891030112114936,9,2439.945178010802,2425.5713874952307,9
1471,1474,-0.002480516983697559,3,2431.1355419183737,2427.536204458893,3
1477,1479,-0.003507267171098637,2,2391.2951614552794,2385.2995456005556,2
1484,1486,0.0003998118442536812,2,2368.3928909563638,2371.7081953769707,2
1488,1490,0.0012052124458710105,2,2382.550991354017,2387.805022453073,2
1492,1495,-0.012222820491062499,3,2391.9700288970266,2365.1253786427137,3
1501,1505,0.0011641006115661913,4,2406.700606563004,2411.9089488175237,4
1508,1512,-0.00472309354344822,4,2429.838249774662,2420.7917346753025,4
1514,1519,0.0033277554032421436,5,2420.604584247837,2431.0803688164283,5
1522,1524,-0.0013033158817107283,2,2448.632010735657,2447.8893017583355,2
1525,1529,-0.008756029726067253,4,2451.093942791273,2432.0831853096006,4
1533,1535,-0.0015578433019597729,2,2432.8908228773885,2431.533651027447,2
1539,1545,0.008839391138805046,6,2460.9288160225815,2485.142857208184,6
1547,1549,-0.004499117103215877,2,2486.3261528048647,2477.6262064394123,2
1551,1553,-0.002647825797909763,2,2482.9253545208967,2478.833926067433,2
1570,1571,-0.0013474875842489895,1,2464.592478354025,2463.7360630675635,1
1576,1577,-0.005139019435957927,1,2436.081763671913,2425.9987739044923,1
1579,1584,-0.008725340093757378,5,2422.1295977734167,2403.4178228794613,5
1589,1591,-3.7651280671129874e-05,2,2402.747804004937,2405.0600852769912,2
1595,1597,-0.010342702209654938,2,2386.495384024068,2364.199068326415,2
1602,1604,0.0008632144787453155,2,2360.4631268750286,2364.8611759495666,2
1605,1606,-0.006353893559815149,1,2363.109799448722,2350.457961112317,1
1609,1613,0.001901735026084856,4,2368.2596092344916,2375.1316710934693,4
1615,1618,-0.0015447039096111676,3,2382.6723461320457,2381.374495189785,3
1620,1621,-0.002492925880071729,1,2389.3481497410544,2385.7810300518045,1
1623,1624,0.00038646344844148564,1,2390.110461179803,2393.4242619719666,1
1625,1637,-0.041421871043037045,12,2385.95306328813,2289.508376249158,12
1638,1642,-0.013271117737804077,4,2292.00262827848,2263.8771941715186,4
1645,1648,-0.000878623078974045,3,2153.2805837964765,2153.5419423638427,3
1650,1660,0.019745311235302238,10,2163.935168162417,2208.8266767189625,10
1661,1665,-0.016025831029172502,4,2217.810801268479,2184.486350913945,4
1668,1677,-0.02125534912898474,9,2135.250133979401,2091.999897037937,9
1678,1686,0.01590897586952898,8,2076.0579316235994,2111.161945093167,8
1687,1692,0.0050681942036904125,5,2123.4282066734245,2136.313581409113,5
1694,1698,0.01114169634727762,4,2143.8644590970234,2169.8946103691,4
1699,1701,-0.0016801941236747652,2,2161.2779893725447,2159.807900784546,2
1703,1704,-0.0016807638836298185,1,2150.2883070982234,2148.8244684793594,1
1706,1708,0.008865539519335709,2,2157.971212215751,2179.2607624914544,2
1709,1723,0.021426743702166642,14,2187.3992684471473,2236.4555112149183,14
1727,1732,0.009408530286676087,5,2235.3278900978153,2258.59436814255,5
1736,1737,-0.0006370186784324045,1,2247.142235874903,2247.957906533431,1
1738,1739,-0.00041546485997621214,1,2249.4273100629107,2250.7421793705716,1
1744,1745,-0.001834335187970323,1,2264.389631964118,2262.500372014895,1
1746,1747,-0.0008235506787856999,1,2261.0373734074733,2261.436331917251,1
1750,1758,0.0035780079555945855,8,2247.7521994438,2258.0424268950587,8
1764,1765,-0.0032251809087202265,1,2240.7327244032417,2235.746688723355,1
1769,1772,0.004562648869721022,3,2215.233047648632,2227.555611257303,3
1774,1777,-0.0026096137781534594,3,2238.810129197531,2235.206509566905,3
1778,1779,-0.005311476437943615,1,2234.095365363166,2224.4631158352836,1
1783,1787,-0.028830767334644878,4,2207.624165617722,2146.184291102076,4
1790,1791,-0.007703115748994953,1,2122.1033984916585,2107.8786937802333,1
1794,1796,0.001532772159381553,2,2122.1610396370797,2127.5359900359967,2
1808,1809,0.0021063646776502496,1,2187.1741410436885,2193.9683015392966,1
1810,1811,-0.0014217401450309875,1,2203.304326915331,2202.37510502895,1
1814,1815,-0.0019263500603692175,1,2200.7187429912283,2198.6801070508027,1
1818,1822,-0.01420341562481131,4,2187.9543552737464,2159.065884552951,4
1825,1826,-0.008636120464103267,1,2112.666117843164,2096.5335448668843,1
1831,1834,0.008932786073627987,3,2110.0165807596927,2130.9749240681867,3
1840,1841,-0.0023340822345452386,1,2085.3171008429385,2082.5351163453106,1
1845,1846,0.009407309737051502,1,2098.026725574381,2119.8615395440456,1
1848,1849,0.0009859126636818554,1,2134.5056393833856,2138.7445811633374,1
1853,1855,0.007385508439214042,2,2146.51824666764,2164.5178935399986,2
1856,1859,0.0008628885112016951,3,2176.5467512481864,2180.60141518518,3
1861,1862,-0.005829275381467204,1,2186.390691170064,2175.8320084309275,1
1865,1866,-0.0014163653739219604,1,2185.0213152650567,2184.111548048099,1
1869,1871,-0.00396835576490119,2,2210.531105440222,2203.969462689895,2
1878,1879,0.004813138041523338,1,2198.507860800175,2211.2880904803806,1
1881,1882,0.003373130395190436,1,2242.2634497170484,2252.0691601630306,1
1884,1885,0.002211806305559595,1,2261.6122383717025,2268.8760988196354,1
1886,1889,-0.0003931302984311898,3,2283.0998215338473,2284.4853656411933,3
1890,1893,0.00877604327338036,3,2291.4468217521094,2313.848105040208,3
1898,1899,-0.002870583109706247,1,2323.7406958318084,2319.3939457348483,1
1900,1903,-0.002180052036223381,3,2329.2139298603265,2326.465336219595,3
1906,1907,-0.0012963077200527158,1,2320.8076227999154,2320.1199495845226,1
1910,1912,-0.010082479245941356,2,2342.247953021538,2320.974534599371,2
1913,1914,-0.001834898315460957,1,2309.097382603028,2307.1695210880575,1
1924,1932,-0.004180272849484185,8,2309.6696155963496,2302.32423602659,8
1934,1937,-0.0037315390645734537,3,2317.5973099035214,2311.2667023155695,3
1939,1941,-0.0014748505990939858,2,2292.451459573709,2291.3628876247367,2
1945,1948,-0.001071177791691331,3,2297.7476930640573,2297.584144457401,3
1951,1952,-0.004936074400255103,1,2283.3994815624733,2274.4118513175395,1
1957,1958,0.0070388386960913195,1,2278.7266301626396,2297.044945975005,1
1959,1960,0.0048971018871764044,1,2334.1410930649913,2347.905760909841,1
1961,1962,0.002235945930776285,1,2359.480048807474,2367.11519867016,1
1965,1966,-0.002200292207581612,1,2386.0500448145067,2383.186087538816,1
1971,1972,-0.0005490262063111385,1,2426.8989358583503,2427.993403678354,1
1977,1978,-0.004686329705707952,1,2437.864452975093,2428.8776808236016,1
1979,1982,-0.0018786735012394347,3,2425.936980547071,2423.8053740065875,3
1988,1989,-0.0038838927864174554,1,2429.8536077215667,2422.846170430208,1
1992,1996,-0.0073315062244223685,4,2399.8174570539177,2384.6229978871033,4
1997,1998,-0.002798481052064151,1,2382.0242288431596,2377.7402034020274,1
1999,2000,-0.0011799371898797446,1,2372.567870781977,2372.1409575865096,1
672,673,6.72984240638174e-05,1,1978.4854001667384,1980.5970345163696,1
674,676,0.00024838700698979923,2,1986.3253183565269,1988.805021075618,2
684,685,-0.0005740983065936562,1,1994.5177815357358,1995.367250036421,1
686,688,0.0013299349136373798,2,1996.1420684197992,2000.7929495175908,2
691,694,-0.0021182839800686394,3,2020.058232190716,2017.7992334308512,3
696,699,-0.0015601953979987467,3,2019.5781040340603,2018.4467456742814,3
707,711,-0.010329929776316797,4,2019.5177628653257,2000.6758039557678,4
714,716,-0.0013379439314527837,2,1998.0044373467476,1997.3292238721306,2
718,721,0.00419115857695326,3,2001.3992414732759,2011.7888223115576,3
726,727,-0.003271960609987623,1,2032.8270375812092,2028.2085346249069,1
729,737,0.012425775682904521,8,2043.9626024935753,2071.4043858989,8
741,745,-0.0014840965022326837,4,2066.245445559933,2065.2451833669834,4
751,757,-0.0054030859633347255,6,2059.9290517977543,2050.859007104318,6
759,763,0.0038487706020474905,4,2061.699620790759,2071.696329302302,4
765,767,0.0008426881548021991,2,2079.844392194707,2083.676896820036,2
768,770,0.0005174496229189461,2,2087.7839873310177,2090.9520943553293,2
771,777,-0.00452475995322163,6,2090.743781453289,2083.3744114999754,6
779,780,-0.0014261110141647597,1,2076.3679833639644,2075.483220096794,1
781,782,-0.004158903139016393,1,2081.9259928781044,2075.349390324002,1
783,784,0.0010081580736628292,1,2072.142926286688,2076.304116833894,1
786,787,-0.003285741862692656,1,2078.2471238926964,2073.4967874405943,1
789,790,-0.0013867217974224582,1,2080.525627130032,2079.7210425199246,1
791,795,-0.0030113127011949666,4,2077.4439851514603,2073.265595678104,4
799,800,-0.0029039355802103115,1,2076.8445853341254,2072.8904070335407,1
801,803,-0.0010103022997667783,2,2070.4973048722595,2070.4759739883584,2
804,807,0.0031577240901828306,3,2071.1744613648452,2079.7858333178333,3
809,811,-0.002812398760030946,2,2091.525740168795,2087.7350615107403,2
812,814,0.0007503749271297693,2,2084.767417733363,2088.4165423502604,2
817,824,-0.0071500049388146,7,2083.8410502817414,2071.025417530804,7
827,828,-0.0025656487982799034,1,2068.1025892395364,2064.864666905974,1
830,839,0.005450685024407442,9,2060.0881951342462,2073.3771752035573,9
840,841,-0.001911433016318813,1,2077.7402164702667,2075.8464954376423,1
847,850,-0.0044538547784798935,3,2081.8146916563883,2074.624406035701,3
852,853,0.001241162318745347,1,2070.686398848878,2075.3271431799167,1
855,862,-0.00512599204178716,7,2079.186183000357,2070.6074773559035,7
863,865,-0.003983397890678529,2,2071.5299949417545,2065.349796724368,2
866,868,0.0002901172772386846,2,2066.4181920624706,2069.0841138740507,2
871,873,-0.0014359129694953494,2,2091.386447689904,2090.474785213129,2
874,875,0.004577715802543949,1,2097.6176420591705,2109.317557128979,1
876,877,0.0017333354746954335,1,2120.2589998215344,2126.054378961289,1
880,884,0.007172707237780333,4,2159.1470435237284,2176.7931201937668,4
890,891,-0.0003685401498840211,1,2166.938677013019,2168.307011785216,1
892,894,-0.005031050378474082,2,2168.4860079367786,2159.7447315937693,2
895,896,5.262453410981912e-05,1,2166.791520895049,2169.072338810244,1
908,910,-0.0021000026360708,2,2163.134135091556,2160.7546818407804,2
913,916,-0.009865190415675216,3,2164.6503389879485,2145.4603015494645,3
919,920,-0.0015640741338370143,1,2154.401120068651,2153.1858781229107,1
923,924,-0.005158090605655988,1,2164.6346576494448,2155.6339106147952,1
927,933,-0.00648116065161751,6,2158.96644721393,2147.132805275299,6
935,939,-0.0026259606951158643,4,2138.885897938581,2135.408153537195,4
944,947,-0.013846375648371944,3,2130.6482070811408,2103.2770998384462,3
948,951,0.0034312406200813364,3,2107.133477898187,2116.4706933573825,3
952,953,-0.0022793188524628544,1,2119.998815257301,2117.2866608057434,1
955,961,0.010261848973426607,6,2115.407401128965,2139.230799797748,6
962,966,0.00021305099983657096,4,2140.907257041614,2143.5042867303255,4
969,970,-0.0017942799893376936,1,2148.3828033866757,2146.6763859165085,1
975,977,-0.00674831337007486,2,2142.687045397967,2130.3702088070195,2
978,979,-0.0024699664069841865,1,2131.0620202911123,2127.9294307100845,1
980,981,-0.0023115119362850907,1,2128.781634109316,2125.9897115864374,1
982,986,-0.001474777723749177,4,2125.318795680361,2124.3097416603064,4
989,995,0.002963829680447955,6,2131.567163708695,2140.0163328980716,6
996,998,-0.005018592234379001,2,2141.266438410367,2132.6615617292346,2
1004,1005,-0.0006139181982283149,1,2144.4553446435357,2145.2832798268146,1
1006,1008,-0.005388110592591953,2,2148.5591232741776,2139.131008226528,2
1011,1014,-0.006318616371100835,3,2144.5757172269464,2133.169541708238,3
1015,1017,-0.000881946075805543,2,2134.6339994763225,2134.8860013966796,2
1018,1019,0.00019726163650212966,1,2140.0610604109347,2142.623273418337,1
1023,1024,-0.0004435310595457966,1,2152.4101554947174,2153.6079048933684,1
1033,1039,-0.004789906320073688,6,2154.102521721323,2145.9386749601645,6
1043,1051,-0.0015710989601169464,8,2145.5955601278374,2144.370212734617,8
1053,1054,-0.001999356671636249,1,2146.917535343281,2144.771998980883,1
1055,1059,-0.0033339635181080275,4,2145.973051871569,2140.964429057658,4
1060,1061,-0.0005153399225270053,1,2144.5350824033517,2145.574452942533,1
1063,1064,-0.004110775878688907,1,2146.973598467291,2140.294844784997,1
1065,1067,-0.0031180949125454147,2,2141.2383082086894,2136.7029622415253,2
1071,1076,-0.001408506661213985,5,2151.7723563748605,2150.893343033865,5
1079,1080,-0.003742732411832025,1,2153.1588136992286,2147.253275233074,1
1081,1084,0.009686072466637129,3,2160.1233454776316,2183.20658008428,3
1089,1091,-0.005234245451625211,2,2189.008905208953,2179.740104208505,2
1093,1095,-0.01038651452507268,2,2171.0187568803294,2150.640457784667,2
1096,1097,-0.0029497312376287315,1,2147.3181198174843,2143.13142660215,1
1098,1101,0.0006001283474828944,3,2139.389332770026,2142.812630287694,3
1109,1110,-0.0028277105338576636,1,2156.421508238209,2152.4801939321646,1
1111,1113,-0.004309042566239977,2,2153.491721426568,2146.365725654322,2
1114,1116,-0.007711576254606778,2,2141.5086558375206,2127.1357571939666,2
1117,1118,-0.0017400824292539245,1,2132.233027128909,2130.654998930456,1
1119,1120,-0.004536599753436768,1,2129.9620725443046,2122.429249203715,1
1124,1133,0.004500880997701406,9,2129.9156999774923,2141.6321127782044,9
1134,1137,-0.0002801661925956743,3,2143.967631624079,2145.5109320073025,3
1138,1139,-0.0021781282376540216,1,2151.0728130388147,2148.538573416524,1
1145,1147,-0.0018542649357529387,2,2142.8134190212427,2140.982888653512,2
1150,1163,0.008086486318060849,13,2147.1076452379966,2166.6173094798555,13
1164,1171,-0.0038235870352423197,7,2169.5319443431463,2163.406082072555,7
1174,1175,-0.0021374539114266036,1,2171.4046179412408,2168.9347452652737,1
1176,1178,-0.005169585389830208,2,2178.188647376869,2169.1065038164725,2
1179,1180,-0.0018811500691865205,1,2164.309957799011,2162.4028759299554,1
1181,1183,0.0031503517523247485,2,2163.517704435853,2172.497063931644,2
1184,1185,0.004947974720191591,1,2178.60745543823,2191.5657575083974,1
1186,1193,0.00011352645256709282,7,2208.8630539600526,2211.3226814007353,7
1195,1202,0.0042978667576918,7,2215.4447227040714,2227.181853653989,7
1205,1216,0.026841884312678147,11,2225.2036647856894,2287.1575277928,11
1217,1220,-0.0006475104347794004,3,2283.241383540084,2284.0462023026616,3
1222,1223,0.0004093181059705894,1,2298.8009552794542,2302.040697087752,1
1225,1228,-0.012930410037710303,3,2302.542568041421,2275.0722910754043,3
1229,1231,0.005092833334490535,2,2278.3319638130024,2292.2134607491575,2
1233,1234,-0.0016028677794975449,1,2297.448169234129,2296.0631117578323,1
1242,1245,0.0038028385630317005,3,2281.3245983313077,2292.281432086966,3
1246,1248,-0.0016217592095021769,2,2297.8958363910497,2296.467098492297,2
1250,1253,-0.005123564214349687,3,2299.2003064830815,2289.719406377646,3
1255,1256,-0.0022899821996339616,1,2291.561038590769,2288.604965641612,1
1257,1264,0.02350880433689947,7,2289.330894464174,2345.4396574190155,7
1265,1269,0.007160725624653873,4,2355.57652247153,2374.7997361592966,4
1270,1273,0.004959149188701854,3,2372.131348253889,2386.2672328533304,3
1275,1276,-0.0052292123012603895,1,2390.0768374634654,2379.9686951015074,1
1286,1287,-0.0005558180783616374,1,2340.512127869915,2341.55174104449,1
1288,1291,0.005646157125075746,3,2351.2733312769296,2366.9002632805964,3
1292,1293,-0.0014514493177277881,1,2377.27896394281,2376.2057429764895,1
1294,1295,0.0003894982645183112,1,2384.505352795764,2387.818618845208,1
1298,1299,-0.005826736198754246,1,2383.631191220564,2372.12603226542,1
1308,1310,-0.0014813460986016005,2,2344.6385066159755,2343.509924018185,2
1319,1320,-0.00047794037781852977,1,2334.1825477536213,2335.401130212604,1
1326,1329,0.004823934900054632,3,2336.4554369918587,2350.062801353778,3
1331,1335,0.019798035890859038,4,2373.6921223885893,2423.0602563438765,4
1341,1342,-0.0028482677942859727,1,2437.254662396861,2432.7499630978796,1
1343,1345,-0.00019658041047982593,2,2434.7843474043784,2436.74050084534,2
1347,1353,-0.0017461515515444243,6,2416.8172737793398,2415.01396182071,6
1354,1355,-0.0011314074286338798,1,2425.235600780657,2424.916906806527,1
1359,1363,-0.010262049224503595,4,2476.918503012447,2453.977161912462,4
1364,1366,0.0022571980299220854,2,2453.372846866138,2461.3639680696147,2
1371,1375,-0.0022989835641972767,4,2471.594306968427,2468.3837465863116,4
1376,1379,-0.010790355163831117,3,2465.800553814261,2441.659490629248,3
1388,1389,-0.0017126449003165769,1,2426.7082531969813,2424.9788719357844,1
1394,1395,-0.0021314884650333703,1,2443.5509744486667,2440.786124707357,1
1397,1398,0.0023909083482968395,1,2452.744164869046,2461.061195533937,1
1405,1408,0.005117218411225818,3,2456.1479296524603,2471.1727229884245,3
1409,1412,-0.007555854481401606,3,2462.9777665529937,2446.8308427245447,3
1421,1424,0.004434621981241713,3,2468.8238060401823,2482.240930164301,3
1425,1426,-0.000987732264637199,1,2486.9206499624424,2486.9511588468445,1
1432,1433,0.00040724809940282086,1,2517.8025805223733,2521.345753418485,1
1438,1441,0.003159424637433703,3,2516.111220615893,2526.5767956174464,3
1442,1443,-0.0020100020121711503,1,2530.921420133468,2528.365184406486,1
1445,1446,-0.006762607602716653,1,2514.1682389685548,2499.680073960166,1
1448,1449,-0.0018545078397431813,1,2511.162732191814,2509.016923950285,1
1456,1461,-0.020842171323489804,5,2486.7305347997226,2437.388401492873,5
1462,1463,-0.005269774544716419,1,2430.267561245959,2419.890866676101,1
1470,1471,-0.00059572394454027,1,2427.185670173317,2428.166923221923,1
1473,1474,-0.0025903371226758576,1,2436.742493145252,2432.8672511000013,1
1476,1481,-0.009429125297642626,5,2404.5479560234207,2384.279720017909,5
1483,1484,-0.0014660324212417437,1,2366.7751207147503,2365.672126774709,1
1485,1486,0.0029423889081214884,1,2366.475466083808,2375.8050327126384,1
1487,1493,0.0020110362582980708,6,2381.2557215008705,2388.4257688185894,6
1494,1497,0.009402711797867204,3,2371.3192909737313,2395.987442138454,3
1499,1502,0.0023225486249239804,3,2403.6380824067046,2411.62428681222,3
1503,1504,-0.001574912398544338,1,2420.4545534845743,2419.063004151663,1
1508,1511,-0.0008288188921686194,3,2423.7070977602416,2424.121990626295,3
1516,1519,0.001219702965152076,3,2422.3734015551045,2427.750350977242,3
1520,1521,0.0023017121840614167,1,2433.6140109815165,2441.6491040128767,1
1523,1525,-0.0012456975689138733,2,2451.6587938369676,2451.0564272315155,2
1527,1528,-0.004253689052459094,1,2447.7471063083462,2439.7828983453624,1
1536,1538,-0.0013119437494196564,2,2451.498241669118,2450.7335121159163,2
1542,1544,0.0006957752834909508,2,2475.9515432890958,2480.1502007193267,2
1547,1549,-0.004989913762823099,2,2481.7848767954474,2471.882769159155,2
1551,1552,-0.00332018480339724,1,2483.999939599543,2478.2366006880443,1
1556,1557,5.5914031858998086e-05,1,2476.674735888514,2479.2898914944894,1
1559,1561,-0.002675185421011719,2,2479.5436810330557,2475.3899856078274,2
1571,1572,-0.0018461023293527186,1,2461.092833869472,2459.010497489982,1
1575,1576,-0.004252884011098362,1,2438.8802665290937,2430.946871905118,1
1578,1580,-0.0038930805976819145,2,2425.9634072514823,2418.9448995872767,2
1581,1585,-0.005395116381610118,4,2415.5235287553473,2404.90702172395,4
1589,1590,9.46299597037448e-05,1,2398.645452850287,2401.271082025684,1
1591,1593,-0.005547887341174446,2,2410.997787763001,2400.032841444434,2
1594,1595,-0.0063101613719080745,1,2398.3035027602746,2385.568124141805,1
1599,1603,-0.0020533023799845624,4,2353.9967887015237,2351.5173182815083,4
1606,1609,0.004220407461291762,3,2355.0276011564256,2367.3218048170506,3
1610,1611,0.0002646485912062373,1,2365.6603471844574,2368.6520762097966,1
1613,1616,0.002163704116300535,3,2374.585546050815,2382.098032117364,3
1619,1621,0.0008778577984378307,2,2389.6592671277976,2394.146707418183,2
1623,1625,-0.003822387809522075,2,2384.104612527917,2377.375744732893,2
1626,1627,-0.002560463081333334,1,2373.8693003306576,2370.164964927581,1
1629,1633,-0.031181000950049,4,2358.2834407610235,2287.10808599493,4
1641,1642,-0.007394362683281252,1,2272.6839856486104,2258.151619979888,1
1645,1648,-0.00462691003228343,3,2154.137902622569,2146.3250382526253,3
1651,1660,0.02318623757492457,9,2159.198108093079,2211.420986506746,9
1666,1667,-0.01353430302816059,1,2167.89452107105,2140.7214742108563,1
1673,1676,-0.007677877364594786,3,2126.2978881337767,2112.0987315962225,3
1677,1678,-0.010542708653333926,1,2096.5522085175176,2076.545421615131,1
1680,1685,0.016703454905949162,5,2076.0364276790892,2112.789444959614,5
1686,1687,-0.0001181280248502422,1,2114.516826662691,2116.3815597931075,1
1688,1698,0.014197503321038397,10,2129.6583124894464,2162.023801766182,10
1699,1703,-0.007328912121093474,4,2161.2002774830385,2147.5222308507655,4
1704,1709,0.014406733797526522,5,2149.373304596933,2182.488126932368,5
1712,1714,0.006950072931916411,2,2195.6622144931775,2213.1178892322514,2
1717,1721,0.004561669810979471,4,2214.3293400579696,2226.644708700136,4
1722,1723,-0.003072877865297542,1,2239.0953472074775,2234.4539760239604,1
1727,1728,-0.007298859138862173,1,2236.048281551135,2221.9637283979496,1
1729,1730,0.002978825228300911,1,2231.6186030278195,2240.4978234254922,1
1733,1737,-0.00691480407208293,4,2256.5028342902096,2243.1560621372832,4
1739,1740,-0.003239698985010473,1,2250.432641400274,2245.3923496974953,1
1746,1754,-0.005615956476189359,8,2260.491428246663,2250.0570981990772,8
1757,1760,-0.001317314451886138,3,2258.93378218367,2258.216989848729,3
1762,1765,-0.007466528393869711,3,2248.5545519336133,2234.0142100783696,3
1767,1769,-0.0052716521916367715,2,2227.3289983180675,2217.814623520906,2
1771,1772,-0.00019073372749560022,1,2223.527124541019,2225.3265500489088,1
1773,1774,0.0032204155713306502,1,2231.348970114296,2240.766190052839,1
1775,1777,-0.0033089654588227403,2,2244.769550361183,2239.586455006382,2
1780,1781,-0.0038307881879226296,1,2215.4884139187234,2209.216835486123,1
1785,1791,-0.027341529654754462,6,2165.9832441795206,2108.9279323212645,6
1792,1793,-0.0016170670604548924,1,2121.4930696237298,2120.1839661314816,1
1794,1798,0.004334555226179215,4,2123.5087006876306,2134.836675124721,4
1802,1803,-0.001485363353770927,1,2169.462919779326,2168.4099419807003,1
1804,1806,0.00020031647906911952,2,2169.4653665148817,2172.069411545079,2
1810,1813,-0.004327933704791282,3,2201.862555021949,2194.5349024117736,3
1816,1818,-0.002616190950558943,2,2194.446594931872,2190.899950203658,2
1820,1824,-0.01980871658985485,4,2183.279281468601,2142.214600226956,4
1827,1829,0.004950880946245331,2,2098.1615888612537,2110.647498682552,2
1832,1837,-0.0056626345622816324,5,2125.7388490367066,2115.8273056088033,5
1838,1839,-0.0061046461979936285,1,2111.901105208201,2101.1205972609614,1
1844,1845,0.0056967605103064025,1,2087.076196626972,2101.052846082544,1
1847,1854,0.009525384405384564,7,2128.0413900665762,2150.439843727596,7
1856,1859,0.0006847862562523216,3,2175.8283829394372,2179.4941886949773,3
1861,1869,0.011850911189496542,8,2183.726729545928,2211.7896078094523,8
1873,1876,-0.006673349414497349,3,2182.428656543701,2170.0469762029165,3
1877,1879,0.01110842401581174,2,2187.1488958632244,2213.631822080051,2
1881,1884,0.005705703790912676,3,2246.0422891940757,2261.1035834872746,3
1886,1891,0.005373652152812599,5,2281.7935008357513,2296.336858894627,5
1895,1898,-0.0010638111496644193,3,2319.702527770387,2319.5545048852105,3
1900,1905,-0.006661261082085929,5,2332.3187586648796,2319.114893245431,5
1908,1910,0.002278119059967982,2,2332.772904554319,2340.4200118753156,2
1913,1914,0.0008579439490376632,1,2308.2784134885082,2312.5670653995435,1
1915,1917,0.001710568687946739,2,2307.832660532657,2314.0881994793176,2
1920,1921,-0.001379978793130372,1,2322.923682681667,2322.0410209441875,1
1927,1931,0.0009728971698223787,4,2300.220075472286,2304.758173149154,4
1934,1938,-0.00757469780063843,4,2318.37647889344,2303.1338541566074,4
1940,1941,-0.0020595355602378842,1,2293.146464201867,2290.716793978211,1
1942,1943,0.00012566472777398034,1,2286.3689458197264,2288.9426306967134,1
1944,1945,0.0007455632315972634,1,2296.1926513577346,2300.2008008226085,1
1947,1948,0.0010343125294139189,1,2295.3552146536726,2300.024684526298,1
1957,1958,0.010310881680497836,1,2275.215596701143,2300.950291113053,1
1972,1975,0.0001323592905301211,3,2437.003078832277,2439.762641909643,3
1978,1979,-0.004395879615722615,1,2435.359099694075,2427.0889133704595,1
1987,1992,-0.011895014850676504,5,2429.076654012854,2402.611827793952,5
1993,1994,-0.0025574746914931203,1,2396.9508630044925,2393.2176726986104,1
1996,2000,-0.009804255309786798,4,2388.5317156653177,2367.502472625077,4
674,676,-0.0012687303233014696,2,1987.216561604955,1986.6825362558848,2
679,681,-0.0015715130749537564,2,1989.326136243112,1988.1892103459018,2
682,684,-0.0007622415924117428,2,1989.2704592957693,1989.7434250724339,2
686,688,0.0006396256893526282,2,1996.946895890024,2000.2211413207983,2
689,691,0.001112007627488349,2,2011.3408527301103,2015.5888199525552,2
694,697,-0.0010008146594418876,3,2014.8232844296726,2014.8216430348602,3
699,700,0.0006496879468121737,1,2021.858077184472,2025.193512084568,1
702,704,0.0004693114875684581,2,2024.5081405892938,2027.4827736569375,2
705,706,-0.003339839989231681,1,2021.2698683324875,2016.540420265534,1
707,708,-0.001613266616390937,1,2016.754485685448,2015.5176774859203,1
711,713,-0.004734978549936177,2,2001.4501992978528,1993.9748257347098,2
716,720,0.002785299926549361,4,1997.534763314744,2005.096031507599,4
722,729,0.006235240565111027,7,2025.1130963444589,2039.765276768068,7
731,734,0.0007716766824398681,3,2043.163702572214,2046.7835280624688,3
738,743,-0.005704771902667531,5,2070.820723633246,2061.0779844772346,5
746,747,-0.0009103577088673707,1,2066.526314330685,2066.7115624841877,1
755,758,-0.000411990272114473,3,2052.503353118481,2053.710245056632,3
762,765,0.0016032563220276827,3,2070.5417474251003,2075.931898319107,3
767,768,0.0007345851639112058,1,2084.523108250784,2088.138891108186,1
769,771,-0.0014663138355342535,2,2090.6915078238853,2089.716589447953,2
774,777,-0.0012474713318238533,3,2081.4193221389337,2080.9042305272,3
784,787,-0.003914371814268218,3,2079.4032792784124,2073.3431249707864,3
793,796,-0.005748863770873388,3,2077.1245924968885,2067.26061077199,3
797,799,-0.002224828784674374,2,2075.652963796502,2073.110644299449,2
801,808,0.00635727969144218,7,2074.006405236897,2089.2654504420675,7
809,815,-0.0041334235571064215,6,2089.2285771609922,2082.682139121136,6
823,824,-0.004306387647399232,1,2076.8520275109836,2069.985149621745,1
827,828,-0.0029109878417226806,1,2069.690295625302,2065.7351426342307,1
829,832,-0.004612265186716248,3,2065.070427091977,2057.6108450800753,3
833,836,0.002638542161956266,3,2061.6404695041215,2069.1418352752075,3
838,839,-0.0002872382973688883,1,2072.9091058924655,2074.386596116181,1
840,843,0.0005249272783763028,3,2076.917358912312,2080.0845068478507,3
844,845,-0.001302025815438599,1,2078.7873105921103,2078.1594631595053,1
846,849,-0.003337214745460924,3,2078.228433726428,2073.3711675866866,3
860,865,-0.001376858910473126,5,2065.1958664498306,2064.4175789856868,5
871,872,-0.0017934120965032868,1,2091.4512026257335,2089.791819942324,1
874,876,0.011414903123435995,2,2096.2666709847363,2122.2916186258994,2
879,881,0.0059837743262883365,2,2151.7735248199333,2166.8010255185577,2
884,885,-0.0012859059862078766,1,2178.0546859995948,2177.4319671265794,1
890,894,-0.003198967836646756,4,2168.016624867101,2163.249226039703,4
897,904,-0.0025911986935872357,7,2171.8264824687835,2168.370675007181,7
905,906,-0.0031343959798558656,1,2170.5512631533556,2165.91844726321,1
908,909,-0.002247922187031282,1,2162.0639128669254,2159.365825340279,1
913,915,-0.008958520163212962,2,2164.542044984885,2147.3154934757504,2
916,918,0.0019939942033135086,2,2143.025148274321,2149.4413531458094,2
922,928,-0.0020390353522439708,6,2156.6922663917117,2154.4513868830195,6
929,932,-0.003364440796447485,3,2154.3025286865272,2149.208807899811,3
935,936,-0.006569166742693544,1,2147.580107782047,2135.619876068517,1
938,941,-0.002300453509968542,3,2136.4670818469635,2133.6887057314434,3
942,944,-0.006113442291391399,2,2136.987571081271,2126.0602084591264,2
945,946,-0.0037072553229081148,1,2122.450698240011,2116.704682289591,1
949,956,0.00350945610256198,7,2110.618906364529,2120.136649672017,7
957,958,0.0034580804032761925,1,2125.3048799582916,2134.779659994621,1
959,960,0.0011244521764012228,1,2135.930043299052,2140.4677245281796,1
962,966,0.0015240456389307498,4,2138.776693779269,2144.1750637658492,4
968,974,-0.005936273203382151,6,2154.149708287351,2143.516236806259,6
978,982,-0.004713528484841,4,2133.284431705501,2125.3624192020948,4
983,985,-0.0015529726165847547,2,2122.3075646204734,2121.1339866532676,2
993,997,-0.003015355430432922,4,2141.211170774733,2136.8958692140086,4
1001,1006,-0.003644673966756372,5,2150.1583413202698,2144.471873530576,5
1011,1019,-0.0033255209610227503,8,2146.1894271450064,2141.1984186458553,8
1021,1023,-0.00051845597864678,2,2145.9092973776424,2146.942647170161,2
1024,1025,-0.00220477558622282,1,2151.208828328522,2148.617104451285,1
1026,1029,-0.004241279664152436,3,2145.4499453160015,2138.495942037792,3
1033,1036,-0.0020788999488892002,3,2152.693699976827,2150.3711588539477,3
1037,1046,-0.0068021402354365755,9,2150.636009187149,2138.1577174664653,9
1047,1052,0.00031745376780793126,5,2140.4260877068054,2143.246000120769,5
1055,1056,-0.0030730540640536504,1,2146.764144936631,2142.3137868014055,1
1059,1060,0.0006100156644160862,1,2142.218884534088,2145.6678904947958,1
1062,1066,-0.0084015106333923,4,2151.089130062792,2135.1678209932575,4
1069,1070,-0.0013835241623820383,1,2144.3290310835173,2143.5066290879995,1
1071,1073,0.001126086248472923,2,2152.0437209197207,2156.6191514808806,2
1075,1082,0.0027915916807203,7,2155.204398220979,2163.3760532875253,7
1083,1085,0.0006242749359832473,2,2181.782801942842,2185.326617063797,2
1086,1092,-0.008728771657896893,6,2191.4962499460403,2174.55867584107,6
1094,1097,-0.007118973207866049,3,2156.014238546296,2142.8216451848534,3
1100,1101,-0.002156777940081532,1,2145.171739979636,2142.6902526331414,1
1104,1107,0.000930494086371438,3,2151.2040753519977,2155.356962098043,3
1108,1111,-0.004952411355406802,3,2154.9069939246165,2146.3899150519833,3
1118,1120,-0.006869361932447984,2,2133.1098623091852,2120.5898684856184,2
1122,1126,-0.004110337478922733,4,2131.667254200777,2125.037049647444,4
1127,1128,-0.0013499616912248705,1,2124.5871772144546,2123.843653092762,1
1129,1132,0.0017369340178660557,3,2131.286081180223,2137.1192705576095,3
1134,1142,-0.0003308489538723675,8,2142.7138649718963,2144.1476641961945,8
1144,1147,0.0018241765506981067,3,2141.8986783815803,2147.947778403037,3
1149,1151,-0.0010999052072241337,2,2144.4181629911523,2144.2039244502034,2
1154,1156,-0.0037525964200925874,2,2159.2063949640497,2153.2629711710306,2
1157,1160,0.001727524336632973,3,2158.4960407808458,2164.3833912626014,3
1161,1162,-0.002386539100845471,1,2167.111657515458,2164.1068724664146,1
1163,1171,-0.008542478661747867,8,2173.6375003491494,2157.242885884391,8
1172,1186,0.014195402465820364,14,2167.7716206183145,2200.7117828475934,14
1187,1188,-0.0020522800425467527,1,2213.632622913367,2211.303261482745,1
1189,1191,0.00017855031915183514,2,2207.100722309224,2209.7019015699016,2
1192,1193,0.0007532339624173815,1,2213.2222414701077,2217.1025378702307,1
1196,1207,0.005787286859722229,11,2217.3802127153363,2232.430208296107,11
1212,1216,0.010540113901817999,4,2260.0161478631003,2286.0969916293884,4
1217,1223,0.007007349284760169,6,2285.21695316699,2303.5154835024537,6
1226,1230,-0.004350861744975339,4,2293.5304347555716,2285.8451313608125,4
1231,1233,0.0014160651039831127,2,2290.1008737999896,2295.633906605779,2
1236,1238,-0.008117979852518695,2,2299.933336199419,2283.5624570502155,2
1239,1240,-0.004667215808715876,1,2279.801657565629,2271.4411328862675,1
1243,1247,0.0031834901014849834,4,2286.4361042853225,2296.001387095278,4
1249,1250,0.0006649984532225886,1,2295.532836956361,2299.354895579215,1
1254,1256,-0.0005394556888453162,2,2291.845097260457,2292.900593482048,2
1257,1259,0.0018564075839188413,2,2295.738423008954,2302.295987651131,2
1265,1266,0.0020105447567426707,1,2356.9634321924045,2364.0591760950256,1
1268,1269,0.00025537396184921414,1,2374.4869402115332,2377.467809289026,1
1272,1273,-0.0018624092385132584,1,2389.2798120800717,2387.2192750967406,1
1274,1276,0.0016967792424410245,2,2381.568442852543,2387.99100719368,2
1277,1283,-0.015246773386886518,6,2386.551830484276,2352.551167379307,6
1284,1289,0.0021175075205586164,5,2347.2670161643396,2354.584638739991,5
1290,1291,0.000889033962600155,1,2357.8281201791983,2362.2821375761905,1
1293,1294,0.0015386996463637036,1,2379.0051024045433,2385.044681816715,1
1299,1305,-0.021239007929412135,6,2371.7070636889293,2323.7060656206863,6
1307,1314,0.01641135023191906,7,2331.0022123288436,2371.5881082390792,7
1318,1320,-0.0047754167310024315,2,2339.7963061474998,2330.962600026133,2
1327,1328,0.0014097720097097644,1,2338.3294429970665,2343.964283838281,1
1336,1340,0.0025770646494099065,4,2424.511935480267,2433.1845714167457,4
1348,1349,-0.0015888434284337693,1,2420.442875160836,2419.0176132798983,1
1352,1354,0.00040161902980274966,2,2419.0150707022517,2422.4056082587276,2
1356,1365,0.003958253891207072,9,2439.5116728575254,2451.6073911021163,9
1369,1371,-0.0019678424021596025,2,2466.736509795138,2464.349097606003,2
1379,1385,-0.0021435760489379695,6,2441.7725448343595,2438.9801922351326,6
1388,1391,0.0004484397909906364,3,2424.3469918604555,2427.8585125106347,3
1398,1399,-0.0005260118343549698,1,2461.058521876579,2462.2250344909085,1
1402,1406,-0.003285925034414931,4,2465.296017159418,2459.66053527655,4
1407,1411,-0.005262048689716773,4,2463.7652885283005,2453.264600908559,4
1412,1415,-0.0006508421925401677,3,2450.9983102171136,2451.854095413197,3
1417,1420,0.0022789499757127213,3,2454.98379200524,2463.0335610504108,3
1421,1422,-0.000968226774164566,1,2468.85837612406,2468.9368197188005,1
1429,1430,-0.0005265425380014742,1,2496.641543022803,2497.8235965912827,1
1433,1434,0.001184338921953328,1,2520.0935961106984,2525.5983346396483,1
1436,1437,-0.005163093762660146,1,2527.838124182149,2517.3144970543517,1
1441,1443,-0.0011760654056567192,2,2525.681883167596,2525.2371979622762,2
1444,1445,-0.002869126663330582,1,2520.619106810814,2515.9077504301736,1
1448,1449,-0.004124437917010586,1,2505.759148187447,2497.930059293954,1
1450,1451,-0.003367968738520064,1,2497.060773232689,2491.147811383489,1
1452,1458,-0.0172739441164519,6,2489.275556510601,2448.7652252134976,6
1459,1461,-0.002045660616169985,2,2440.6554431993072,2438.103345924713,2
1462,1465,-0.011090222543220594,3,2433.342374461766,2408.789408379598,3
1470,1474,7.659303470993113e-05,4,2427.464703199954,2430.078094791423,4
1475,1477,-0.012990683742812498,2,2421.680255512307,2392.642653442246,2
1486,1493,0.0033448227088818065,7,2376.187696260627,2386.5118105239058,7
1495,1501,0.01891277859177435,6,2365.6199400452974,2412.726006143706,6
1502,1503,0.0032088210034027665,1,2409.9972778500533,2420.140525011212,1
1506,1510,0.003660078201993602,4,2419.7305138419565,2431.00664726421,4
1511,1513,-0.004621741814828555,2,2424.211810819985,2415.431941536737,2
1517,1519,0.003332392082979396,2,2418.0956501477112,2428.571788598298,2
1523,1525,-0.0033337189894793806,2,2454.8733295057227,2449.1443449998887,2
1527,1528,-0.0050572632917861285,1,2447.816363351736,2437.8849278756757,1
1530,1534,-0.0026717977316402363,4,2434.0944672579403,2430.0251536489804,4
1535,1536,0.004246439724666425,1,2437.323681521632,2450.110953306237,1
1542,1547,-0.0009825149342519465,5,2479.768343572696,2479.811702485223,5
1549,1558,0.001968878101484841,9,2473.010887865984,2480.352955735703,9
1559,1562,-0.005537240388677442,3,2479.738447290347,2468.4872778539448,3
1566,1568,-0.0007868336718369411,2,2465.005326477908,2465.5307826122557,2
1569,1572,-0.007098909450783865,3,2470.7793970605635,2455.7103372450288,3
1576,1578,-0.00783376030041764,2,2437.1092353137797,2420.454614973711,2
1583,1584,-0.0037379483321618476,1,2408.937826407831,2402.342279103736,1
1585,1587,-0.0005356387218842006,2,2406.2974493254706,2407.414840684566,2
1591,1593,-0.0020620195998099678,2,2405.7526899297354,2403.1977334207345,2
1596,1597,-0.005682592031411994,1,2375.7810660755617,2364.656252587177,1
1599,1600,-0.0021176815063559543,1,2352.6584990622805,2350.0289761671074,1
1604,1606,-0.003065009026010467,2,2357.97352365488,2353.104287045439,2
1607,1608,0.0030965841865751792,1,2344.831721210763,2354.437521760055,1
1610,1612,0.0013685612050266835,2,2369.1788674322647,2374.790412585434,2
1615,1616,-0.00011297337436771602,1,2380.4550545567977,2382.5665815713105,1
1619,1622,-0.004121117733273939,3,2395.1635446240716,2387.687957210854,3
1623,1624,-0.002240866598549022,1,2390.057907693306,2387.0921646670513,1
1631,1632,-0.0053391020243417275,1,2325.966437878293,2315.8738321991445,1
1634,1635,-0.006408181524184953,1,2295.9022300747156,2283.4855740526905,1
1639,1640,-0.0045461165969976495,1,2286.8821728682587,2278.7726220396726,1
1641,1643,-0.01815970123837498,2,2278.9841732241434,2239.877485684632,2
1644,1650,-0.022611712394669276,6,2207.482942767417,2159.7754562921896,6
1651,1652,0.0030347227735428367,1,2162.9497116440157,2171.6766141036137,1
1655,1657,0.003194394324681855,2,2184.7148470882103,2193.8784026438852,2
1658,1660,0.007089247533501013,2,2191.9313171941735,2209.66239219539,2
1663,1664,-0.0079146639025546,1,2203.933834057291,2188.694372331316,1
1665,1667,-0.020689852292356696,2,2185.2878765909372,2142.259881084584,2
1668,1670,-0.012273524359821136,2,2136.923144445371,2112.8324893214003,2
1672,1675,-0.007764765877471858,3,2133.6423945106712,2119.208803245558,3
1676,1677,-0.010733480534997585,1,2111.251618248107,2090.701791717407,1
1679,1681,0.00836972256702049,2,2067.73955775989,2087.113703756954,2
1682,1691,0.01830433140662205,9,2094.701940482822,2135.1387609399967,9
1692,1693,0.003398262504047551,1,2133.9763598811846,2143.362148089374,1
1696,1703,-0.00475501786327548,7,2159.3684683305446,2151.2600011585696,7
1704,1712,0.019062658288883358,8,2150.019788761889,2193.1549010981557,8
1713,1714,0.004131713281312575,1,2203.9499523048194,2215.25999154641,1
1724,1725,-0.0037692051570044596,1,2240.30758006196,2234.103708757976,1
1728,1730,0.012913763843234234,2,2217.5498296996716,2248.404294340717,2
1731,1733,-0.0007204674355179031,2,2257.3160256237597,2257.947018961249,2
1736,1738,0.002120448236781192,2,2241.3731837131086,2248.367272712195,2
1743,1750,-0.009798372603202519,7,2267.3499846222016,2247.40099463563,7
1751,1752,-0.002931958406642854,1,2250.342137788266,2245.9945703773433,1
1755,1758,-0.00034119946811187276,3,2259.078395390063,2260.566677438523,3
1760,1765,-0.009879541145694278,5,2258.762356943258,2238.705583656435,5
1767,1768,-0.006327941713034675,1,2226.058742851179,2214.1984316194767,1
1770,1771,0.0028687973485328126,1,2216.747675128099,2225.323822656001,1
1773,1776,0.0002505854880521022,3,2235.905381358688,2238.7015721812727,3
1777,1778,-0.007981306355823177,1,2242.2321410688187,2226.578431571144,1
1779,1780,-0.0036405545105536656,1,2223.8472520732817,2217.975062181037,1
1781,1785,-0.0235367366202265,4,2211.6562940528256,2161.812778659291,4
1787,1789,-0.0066489837467589635,2,2144.0609722363074,2131.9492066520843,2
1790,1791,-0.002315491970119057,1,2114.452393436704,2111.670848291939,1
1798,1799,0.005397723890153828,1,2134.5423962725745,2148.1986091557537,1
1805,1810,0.011669449986018095,5,2172.3176420046047,2199.839711723727,5
1813,1815,-0.00176575267335424,2,2195.4049167392577,2193.7237795551696,2
1817,1818,-0.003406858260879462,1,2192.6197952067314,2187.3424701396702,1
1820,1822,-0.013613476432107814,2,2183.9419708511828,2156.3948702727603,2
1828,1829,-0.001591804614247351,1,2113.9127755025593,2112.6617521679004,1
1830,1837,0.00175587586025075,7,2109.430313681114,2115.243641761469,7
1839,1842,-0.009157179956058095,3,2097.691496721258,2080.5802496902097,3
1843,1846,0.01996712472262129,3,2079.9595578906797,2123.570329358982,3
1849,1850,0.001859752517693095,1,2137.44392743765,2143.5564880905677,1
1851,1860,0.014077126213872429,9,2152.13890116474,2184.5869710073857,9
1863,1864,-0.0008860068282848027,1,2177.6369551109933,2177.8851908543506,1
1871,1872,-0.008952539885966632,1,2203.482437538743,2185.959155566189,1
1874,1875,-0.004462838379868374,1,2169.5768144652643,2162.0639206040614,1
1876,1880,0.02142794725711721,4,2171.3856151413834,2220.0853371926373,4
1883,1885,0.0011137299396846425,2,2262.989762028288,2267.773111241487,2
1890,1894,0.011613921300460923,4,2289.6037973998473,2318.4846795094854,4
1897,1898,0.004263042440479146,1,2310.972456649503,2323.1352027676276,1
1900,1903,-0.002546716616194329,3,2333.662100626495,2330.052586678873,3
1908,1909,-0.0010157096142847418,1,2333.049619450037,2333.0129681404082,1
1910,1919,-0.012142489721534647,9,2343.0493381635324,2316.9419349959967,9
1921,1922,-0.0034627664256689436,1,2324.085946601504,2318.362265761845,1
1924,1929,-0.0018727941370936222,5,2309.6151258618297,2307.5993073210348,5
1930,1932,-0.008146977542441574,2,2316.0671075913983,2299.514227986655,2
1934,1937,0.00040623063868346944,3,2312.989008556032,2316.2416045668015,3
1942,1950,-0.0017179653904598842,8,2289.7478094152184,2288.103849735177,8
1952,1958,0.0064115262150630245,6,2278.67089726801,2295.559326358613,6
1961,1962,0.001960907356704602,1,2359.6643531730124,2366.651100715676,1
1964,1965,-0.0008769831426416524,1,2380.9964294202673,2381.289332118396,1
1966,1970,0.016962447737764293,4,2387.029960418829,2429.9068613313298,4
1971,1979,-0.0021776503267250235,8,2425.972436195046,2423.115488962935,8
1982,1989,0.002516854606112341,7,2419.078138388757,2427.585684482295,7
1991,1992,-0.0041697115699812215,1,2406.6213169088396,2398.99302147607,1
1993,1996,-0.007579709680262854,3,2399.9080716803737,2384.1173733093974,3
674,676,-0.00037251967336659456,2,1985.0473975888594,1986.2929757782813,2
680,681,-0.0026266718207514778,1,1989.071167046862,1985.8356010299576,1
685,686,0.0005506271056284341,1,1993.5548492105213,1996.6461093962641,1
687,689,0.002175972505745696,2,2002.093137477863,2008.4517302364347,2
691,692,-0.0029972386005367034,1,2015.4288721477621,2011.4035798076725,1
694,697,0.0026117766675643342,3,2010.7917612594888,2018.0542920261364,3
700,703,0.0003047323308818979,3,2023.9835786523468,2026.6243354645885,3
705,707,-0.0038622857112558975,2,2028.227010863974,2022.421645671595,2
709,710,-0.004290526841196288,1,2010.7113398445144,2004.0950402108583,1
713,716,-0.002063977932125671,3,1999.1079509178267,1996.9809441741131,3
719,722,0.009515109367850008,3,2003.0755323660603,2024.1380906609538,3
727,729,0.0026204933498276363,2,2032.611260788491,2039.9703163409606,2
733,735,0.004477970856624213,2,2048.797037134421,2060.0202875949813,2
739,742,-0.0016980154701584072,3,2066.669163252235,2065.226596204586,3
745,746,-0.0010457168958314669,1,2068.187288713257,2068.092737610419,1
749,750,-0.002799329449455801,1,2066.9565356699027,2063.2373999045267,1
755,756,-0.0066890471600455385,1,2058.172878278502,2046.463835710449,1
757,758,0.0007582813912855506,1,2048.091760595822,2051.692882226123,1
764,765,-0.00019609145728850634,1,2075.6858716372863,2077.354533241481,1
767,771,0.002950938000582895,4,2084.034921290406,2092.268814055474,4
778,780,-0.0032040760542522747,2,2081.5446249867737,2076.956742322983,2
785,790,-0.00048774538170563426,5,2074.6981880202143,2075.7609617485946,5
793,795,-0.0034035725372084935,2,2078.7159748545723,2073.7196302247553,2
799,801,-0.003843330230327089,2,2076.1883014424243,2070.2850124810816,2
802,804,-0.000975466044630095,2,2074.086270895863,2074.1371564358665,2
805,806,-0.0022012277436671435,1,2078.1958939574524,2075.6995073928556,1
808,818,-0.01117426000912529,10,2091.8118877132447,2070.529249677471,10
819,823,-0.0017670005636515138,4,2077.3646608203376,2075.7713209545786,4
826,831,-0.007074839540316614,5,2068.4791029416433,2055.9134242987748,5
833,835,0.0008762108859445038,2,2062.4715233340858,2066.3411548581157,2
839,840,0.0008718974485194405,1,2073.144147856722,2077.024861097508,1
843,849,-0.0048636623531316345,6,2080.7215901383424,2072.6823844631767,6
854,856,-0.004861856707278172,2,2077.0055273288763,2068.9844296021074,2
859,861,-0.002656632917144717,2,2067.8804873625795,2064.4547684784934,2
866,869,0.004896798167998496,3,2064.350070699762,2076.523126414772,3
871,872,0.00019702093253056753,1,2092.2083885322086,2094.7128057684977,1
873,874,0.00046819994933525286,1,2093.907172610391,2096.9814470151305,1
876,879,0.010868610991142356,3,2124.654749953034,2149.8714506707092,3
882,883,0.00026392815283461223,1,2177.1706629183695,2179.9224502127577,1
884,888,-0.004399397440510333,4,2181.5243402327014,2174.1084719741034,4
890,892,-0.0019111975725158862,2,2169.198458934338,2167.2218905642517,2
893,897,-0.002755514608441847,4,2168.7495583974423,2164.942286865624,4
898,900,-0.004006755211955492,2,2168.171500966587,2161.652340005642,2
902,905,0.0036326346915063583,3,2162.9137448415986,2172.9337340906877,3
907,908,-0.004845393715158229,1,2164.6801727812604,2156.3561252495197,1
910,915,-0.010024765317436835,5,2167.1404894875523,2147.582555160012,5
918,921,0.0019734187248709933,3,2149.399099932399,2155.790163463359,3
922,924,-0.002395718818608648,2,2161.2610193984137,2158.244506721714,2
927,933,-0.006307304713661707,6,2160.523556012209,2149.0569991594084,6
936,938,-0.0016122652747374649,2,2138.9778948548883,2137.6682729664376,2
940,941,-0.0014487884082971237,1,2139.0099460618653,2138.0499831928405,1
943,945,-0.005643134582725832,2,2133.1322658930035,2123.2278456997074,2
948,953,0.003809261798055022,5,2106.735870908146,2116.8677152506966,5
954,960,0.007410542507784814,6,2121.263333171266,2139.104308605108,6
963,964,-0.0021366170101310045,1,2136.3343148329604,2133.9061209113947,1
966,975,-0.0014195267859938364,9,2145.6769382062166,2144.77676925655,9
976,978,-0.0058111195107963445,2,2140.246121155994,2129.949141284594,2
980,982,-0.002798568120603258,2,2128.975665884405,2125.146558122205,2
985,989,0.0016740135048087385,4,2123.6620390407697,2129.3407400128144,4
992,994,0.001457632030242924,2,2137.563260101055,2142.81660403575,2
998,999,-0.0008083958793541111,1,2140.6186024062567,2141.028753751209,1
1000,1002,-0.0028486617322708557,2,2149.2644872031074,2145.2912241930862,2
1004,1005,-0.0004893829536674328,1,2146.8605829066823,2147.956806516414,1
1007,1012,-0.001547975712863879,5,2142.9498149741453,2141.7755305216533,5
1014,1016,-0.0021607422758384257,2,2132.809986714557,2130.334343996647,2
1019,1029,-0.0018532486804614507,10,2143.0183147448884,2141.1897871956276,10
1032,1033,-0.0033710066000699197,1,2154.7100471882845,2149.601215445164,1
1035,1036,0.0010333474472047034,1,2146.762758229512,2151.1278728037123,1
1037,1039,-0.0034413772560441935,2,2151.0617452412475,2145.810192020069,2
1042,1043,-0.0014967843814747929,1,2144.995480584059,2143.9298803309707,1
1046,1049,-0.0008639029358284767,3,2140.2117010238153,2140.50297755303,3
1051,1052,-0.003621289916139305,1,2147.1718571557753,2141.543497218395,1
1053,1054,0.00017468040453595094,1,2143.9805449170035,2146.499036850824,1
1056,1063,-0.001135788336668245,7,2143.052246284307,2142.761244784391,7
1064,1071,0.001481515736804679,7,2146.8301487258914,2152.1575415242014,7
1072,1073,-0.0020689125033109762,1,2157.1589865676947,2154.853172355323,1
1081,1088,0.012069684481516591,7,2156.857840228687,2185.0472916719614,7
1092,1093,-0.005514360883475172,1,2179.0032410454583,2169.166434049117,1
1097,1104,0.00038295558061960744,7,2145.5828166058586,2148.5500623357652,7
1105,1106,-0.0010345315937790773,1,2152.7201456995767,2152.6458088419854,1
1107,1109,-0.0014590170055659337,2,2154.8729248144778,2153.8838014971543,2
1112,1116,-0.010974921372327761,4,2148.1284471796216,2126.7010348213444,4
1121,1127,-0.004143426453647552,6,2131.427508172073,2124.727522558853,6
1128,1129,-0.00029249898349572624,1,2125.078298230074,2126.581793286223,1
1132,1141,0.0035286127236250284,9,2135.7637423178194,2145.435789175937,9
1145,1152,4.440270686034307e-05,7,2144.801605342829,2147.0416419451276,7
1153,1155,-0.001848693827699116,2,2156.4949137832796,2154.664709860487,2
1157,1158,0.0009244234103068579,1,2159.6901318855894,2163.8462901343987,1
1162,1163,-0.0005131891901347765,1,2166.6953788847945,2167.7501496169207,1
1164,1166,-0.0021081880215227397,2,2167.0405598500374,2164.6390714594577,2
1169,1171,-0.0043399000119037235,2,2168.9755587428563,2161.731397248392,2
1173,1175,-0.00043863807773935346,2,2166.788930292241,2168.0052830912828,2
1176,1180,-0.010882063019405187,4,2181.5754446699666,2160.016978644151,4
1181,1182,-0.0008722922643636673,1,2162.8596032780574,2163.1358171804914,1
1183,1184,0.004709355054343842,1,2168.697557435727,2181.079421796616,1
1185,1186,0.00499600571083234,1,2194.025995445848,2207.181387844256,1
1192,1194,0.00037148886155696065,2,2212.94737681056,2215.9824094890673,2
1198,1199,0.0004291064044755677,1,2225.3080292945447,2228.4882312511404,1
1202,1203,0.001676118074573696,1,2224.7163178256565,2230.6699213745887,1
1204,1207,0.0008121995980108073,3,2224.177984355064,2228.2086388042167,3
1213,1221,0.010579761317006785,8,2263.0383778961286,2289.243822163392,8
1223,1226,-0.00853777751988554,3,2305.527643108908,2288.149088669207,3
1227,1230,0.000191946346141233,3,2279.672720302849,2282.389967872212,3
1231,1233,-0.002150740919981632,2,2298.386529579833,2295.741682150311,2
1237,1239,-0.001964266449697786,2,2288.0445674281127,2285.8382828163285,2
1244,1249,0.0006756394156191043,5,2292.153942850867,2295.994766344175,5
1253,1254,-0.002285354870269282,1,2287.9422083058644,2285.0013906455238,1
1257,1259,0.0028455998432115027,2,2290.9605502138306,2299.7706677465367,2
1260,1267,0.019252496170736915,7,2321.7885790863256,2368.810593393532,7
1270,1271,-0.004732133140453139,1,2381.5280435481664,2372.6398638119217,1
1274,1276,-0.0032925740498059995,2,2387.454926115026,2381.981508906333,2
1282,1285,-0.01166423666320188,3,2367.650729210376,2342.401541498274,3
1308,1317,0.007280951274131372,9,2339.052000636363,2358.4215762812923,9
1324,1329,0.0006945517002577893,5,2343.3318298242953,2347.302726760792,5
1333,1336,0.010902205843146762,3,2398.888068905066,2427.440128495843,3
1337,1340,0.0012057427639627976,3,2426.2271214325397,2431.57875434937,3
1343,1346,-0.00677345076957605,3,2433.288253913258,2419.239783971102,3
1352,1353,-0.0008413297059513943,1,2414.2953996928204,2414.67847665381,1
1354,1358,0.013787729107648004,4,2426.1154237012647,2461.9921613708457,4
1365,1368,0.004629176759769753,3,2459.4061969399327,2473.2506291465806,3
1369,1370,-0.0029233343570493602,1,2471.1193314187803,2466.3665427082938,1
1374,1377,-0.007800613726226048,3,2473.8700882874864,2457.0462534081785,3
1379,1380,-0.0017564516530097288,1,2445.566542065439,2443.7165892121484,1
1381,1383,0.0008071922211136274,2,2443.966094862399,2448.3828113777,2
1384,1389,-0.009092029085199235,5,2443.545789669469,2423.7725460684474,5
1393,1395,0.0003090149373168752,2,2435.1604990510305,2438.3481605190523,2
1397,1399,0.0025922785998095557,2,2455.3903353010332,2464.2107814567144,2
1401,1402,-0.0009130875076172217,1,2461.888660743564,2462.102629623038,1
1406,1414,-0.006334113910128839,8,2464.735793574645,2451.588612093346,8
1418,1419,-0.002227933472451305,1,2464.4663361493995,2461.440135443512,1
1420,1428,0.00954257757181871,8,2465.7939575403407,2491.7897816138316,8
1430,1436,0.009875621510584295,6,2503.1006409450365,2530.3234161188557,6
1437,1439,-0.0035326641532271224,2,2520.2889502540033,2513.9059047739206,2
1440,1443,-0.0002545102240589655,3,2520.822942095153,2522.7021898254425,3
1449,1451,-0.009555123221597628,2,2510.125181569673,2488.650751339709,2
1452,1455,-0.0033546829967382426,3,2497.3738233615927,2491.493299683224,3
1458,1460,-0.00751185343386348,2,2457.060857633337,2441.060837450346,2
1468,1472,0.006931330315136188,4,2414.6719948786936,2433.8235560727853,4
1477,1478,-0.007901899636865214,1,2394.6159342749656,2378.0885354277616,1
1479,1480,0.0005856855234793413,1,2384.2916867523977,2388.072423563833,1
1481,1483,-0.013631590150099432,2,2388.390759398088,2358.2215862070866,2
1485,1486,-0.002130465117262262,1,2375.685615531577,2372.9999858136366,1
1488,1491,0.0003082286906952042,3,2380.0524327649614,2383.1660856428634,3
1495,1507,0.01998911813983867,12,2372.9718897043067,2422.7784770398266,12
1518,1522,0.0051178575583933055,4,2430.8059996925917,2445.677324550799,4
1527,1528,-0.0047147038565639125,1,2446.8120330036513,2437.7228509083657,1
1536,1537,-0.004071432384493572,1,2456.9567736481663,2449.4103970462825,1
1541,1545,0.002055891087664104,4,2476.4046965103853,2483.972319551901,4
1547,1550,-0.0018343315224370357,3,2482.846094041591,2480.7745772799726,3
1558,1560,-0.0030622065901809137,2,2478.2216880740993,2473.1110829770237,2
1563,1565,-0.0035965948333464472,2,2469.6896208619346,2463.276837552435,2
1569,1570,-0.002391467147788391,1,2465.7222834619743,2462.291311908967,1
1572,1573,-0.0053410839125156455,1,2455.644378355409,2444.984220049671,1
1574,1576,-0.004078996733909188,2,2440.7097938637,2433.1948563799733,2
1580,1583,-0.009585279068465215,3,2421.141162570024,2400.354990025212,3
1588,1590,-0.0013020391767753897,2,2404.647565848833,2403.921268077609,2
1597,1598,-0.0059202643579707405,1,2363.4732216262637,2351.8443085728777,1
1603,1611,0.004188434425801232,8,2358.1732095606194,2370.408436623106,8
1612,1614,-0.002781797554694659,2,2377.8580314188453,2373.621169793052,2
1615,1619,0.00389807265599128,4,2378.407872352768,2390.0574869171337,4
1620,1622,-0.0015238261199814656,2,2387.9397497105138,2386.6888844966734,2
1625,1627,-0.006554389351978359,2,2382.7565650838114,2369.5218073903534,2
1633,1634,-0.0014862608272500724,1,2292.248757166423,2291.1341263895,1
1635,1638,-7.655639843162556e-05,3,2286.271057846692,2288.3823002265117,3
1640,1643,-0.020356250053264874,3,2284.974711287052,2240.746169409993,3
1647,1648,-0.0001285477863173473,1,2146.4177091991573,2148.2882096633266,1
1649,1654,0.002229080676081359,5,2167.233536692825,2174.2317086267153,5
1655,1657,0.004119753812858127,2,2184.395406853964,2195.578973566994,2
1659,1661,0.004899925781472443,2,2199.2353331721747,2212.2106584138824,2
1663,1667,-0.028486006304769305,4,2205.4142697734983,2144.7962392498757,4
1668,1677,-0.020442443497294627,9,2136.880445295049,2095.334267976926,9
1683,1684,0.0015648812304640092,1,2103.696042299062,2109.091772792556,1
1685,1688,0.004923107776760388,3,2115.915947810664,2128.4487460161126,3
1692,1694,0.002795453021296667,2,2132.6367473066243,2140.7310698925176,2
1695,1696,0.0031593657193095424,1,2148.9911278761515,2157.92956790454,1
1697,1698,-0.0028477639504176314,1,2170.638261471441,2166.627434342497,1
1699,1701,-0.0034934327090872137,2,2165.829867657957,2160.4295166236207,2
1707,1709,0.005424111090335346,2,2166.8530675937163,2180.7731724163723,2
1712,1714,0.007004231638871782,2,2198.0862926465547,2215.6802844951267,2
1716,1718,-0.0033990566841657064,2,2219.6188547117385,2214.293863262042,2
1719,1720,0.0009943576151513313,1,2220.733878691924,2225.162816214118,1
1722,1723,-0.004122741861024492,1,2240.8310168714584,2233.833480051592,1
1724,1726,-0.003404160721458097,2,2239.79051481233,2234.405698432324,2
1727,1733,0.009740628339691571,6,2232.983269400888,2256.966912786272,6
1734,1736,-0.004504429616431673,2,2249.831772776848,2241.94739568034,2
1737,1738,-0.0022798358100157507,1,2248.395541142669,2245.517964014035,1
1739,1742,0.0027662756696564096,3,2250.064193270263,2258.5385552965417,3
1745,1748,-0.003723718841178306,3,2261.4209016273417,2255.261426909745,3
1749,1751,-0.0051238514522501,2,2250.0802902821347,2240.8012934093754,2
1757,1758,-0.0027243762103665243,1,2263.8742741690885,2259.9705032274505,1
1762,1775,-0.004029086090651063,13,2249.7820921010066,2242.9673084588276,13
1777,1778,-0.005064316155717394,1,2239.4921098993686,2230.390105936503,1
1780,1782,-0.004829888105615269,2,2217.1097390189198,2208.6184568006074,2
1785,1786,-0.008431361028808346,1,2167.780754522533,2151.6711931043733,1
1788,1789,-0.0041326446781496835,1,2143.6575539094224,2136.9422364813927,1
1790,1791,-0.005880942685629688,1,2118.7576553668173,2108.4161206862327,1
1792,1793,9.321685902102263e-05,1,2118.5937113144837,2120.9097936771086,1
1794,1795,-0.004479138082447712,1,2124.483008792401,2117.0916390509983,1
1799,1801,0.005497853899677329,2,2150.1295326436098,2164.1007602121094,2
1802,1813,0.009476796759025977,11,2169.003733629458,2191.7279449162625,11
1817,1821,-0.014392853118583716,4,2195.1119008960645,2165.7130896285084,4
1825,1827,-0.007050158473363184,2,2112.7740734224008,2099.991455459782,2
1829,1830,-0.001810739740485661,1,2110.3644050147736,2108.653448724722,1
1834,1836,-0.007527796744950847,2,2133.466373517592,2119.5395386690816,2
1838,1840,-0.012747297819441807,2,2107.6461588703555,2082.887011744103,2
1841,1843,-0.005001498080163443,2,2086.2669818210343,2077.918788498569,2
1845,1849,0.020212662072596973,4,2100.4849027373607,2145.04177916772,4
1852,1853,-0.0012700173914804286,1,2150.32122721215,2149.740603083533,1
1854,1855,0.004276540192146167,1,2153.5382062097037,2164.9014371100916,1
1856,1857,0.0020068622608753355,1,2175.310568764145,2181.851428019045,1
1858,1864,-0.007181937011163098,6,2185.8677949307857,2172.3548979077937,6
1868,1871,-0.005111739915672418,3,2208.9327194338093,2199.8501626002785,3
1876,1878,0.012145272728633593,2,2170.942779755901,2199.4804146740503,2
1879,1880,0.006482214382301869,1,2213.1213170993587,2229.6803652479384,1
1883,1884,-0.0007206254362614459,1,2261.2656878106463,2261.8974279256754,1
1885,1887,0.004532519044390972,2,2276.8696683784365,2289.4664931803363,2
1889,1891,0.0023456961122951237,2,2288.381505539496,2296.0377346460277,2
1895,1896,-0.00408382465678645,1,2319.142144492249,2311.990316764471,1
1898,1899,0.0005831377802791894,1,2320.535672818695,2324.2094005128197,1
1900,1907,-0.0061939868455769785,7,2333.030802258722,2320.913070961464,7
1913,1914,-7.383652527835323e-05,1,2307.348875151921,2309.485857403527,1
1916,1917,-0.0024569240046351743,1,2313.6611718877843,2310.2903433878687,1
1919,1923,-0.0015518126565187116,4,2315.6638539956875,2314.38604137281,4
1924,1928,-0.003345033981507681,4,2312.095430807787,2306.673488454054,4
1930,1931,-0.003424143104350966,1,2311.533568311871,2305.930080151772,1
1936,1940,-0.013147056588918685,4,2322.245611488888,2294.037162632764,4
1941,1942,-0.00034504296993637584,1,2289.7355351329743,2291.235213518696,1
1944,1948,0.0012423671497217383,4,2293.450080619181,2298.592837739488,4
1949,1951,-0.0058867068771251045,2,2295.363385000198,2284.1466169612163,2
1953,1954,-0.0037422669621513345,1,2271.3625802303673,2265.1338976675347,1
1957,1959,0.022082166907734502,2,2274.596071272503,2327.0986774372923,2
1960,1963,0.010815537048574665,3,2348.956276414762,2376.710456324223,3
1965,1967,0.0003203930305253526,2,2382.511436729184,2385.657288225388,2
1975,1978,-0.007599010734139194,3,2442.8697006078946,2426.7491772314797,3
1979,1982,-0.0038608619492694557,3,2428.0987433550213,2421.152288051088,3
1984,1994,-0.010113894617785727,10,2412.895423698796,2390.904549083468,10
1997,1998,-0.0036857382417773282,1,2383.3669925882787,2376.9658927120945,1
674,678,0.002825605836925472,4,1982.3539723278495,1989.9376772552394,4
679,680,-0.003936889878975839,1,1994.542911843877,1988.6851589528997,1
681,684,-0.0008657177775873085,3,1992.7718697270477,1993.0394635624762,3
687,689,0.0016343552304941577,2,2001.6009959838302,2006.8739240369625,2
690,699,-0.0012407807657505196,9,2017.9453500690054,2017.459467642373,9
702,704,-0.00017284458549414244,2,2023.4732698076766,2025.146996678906,2
705,706,-0.0041654203490631425,1,2023.819886690681,2017.4136460385116,1
708,713,-0.01288347047663898,5,2018.4588593704118,1994.4725631067731,5
715,720,0.0026794141562273524,5,1996.9153889124646,2004.2628676632173,5
721,726,0.005187250599067091,5,2019.2945597316448,2031.7884412060373,5
727,729,0.005535882719765529,2,2032.7005586484615,2045.9860511041898,2
732,733,-0.0016574005833249735,1,2050.052879987032,2048.7051740278816,1
734,746,0.005151362364703883,12,2053.448141359393,2066.0796449740224,12
749,754,-0.003385241372052257,5,2062.958390693386,2058.0377369910816,5
759,762,0.006137638278647035,3,2054.467133090069,2069.131176341435,3
763,768,0.005311980133234539,5,2071.615385172615,2084.6913803275274,5
770,772,-0.00393996915471366,2,2093.147963373689,2086.9941729251186,2
773,775,-0.0037081328311618904,2,2083.894988254023,2078.2515238196384,2
776,778,0.00030058206889147583,2,2078.4081905092467,2081.11133093366,2
780,784,-0.0013754466972728109,4,2075.880150352293,2075.1007680059092,4
787,788,-0.002801939770302983,1,2077.1381355749927,2073.395257760087,1
789,791,-0.004047580462349763,2,2079.951543683406,2073.612723996242,2
792,793,-0.0018919112737091795,1,2075.661749747808,2073.810443632801,1
794,799,-0.0031714164276069492,5,2077.9098948112605,2073.3978871305803,5
801,803,-0.0023636371361387166,2,2073.866460109951,2071.0384587895524,2
809,810,0.00017788564102492804,1,2090.1047538199778,2092.5666581977403,1
811,812,-0.00431275823816467,1,2090.9360562645697,2084.0092906187037,1
815,816,-0.0019335958306351774,1,2088.3720406487787,2086.422345218814,1
818,819,-0.0010653901695207755,1,2078.5984339223714,2078.4625140184116,1
822,827,-0.006757818817648583,5,2078.533327159122,2066.5655088548956,5
828,829,-0.0031121533146698157,1,2066.7682543557967,2062.4029229367047,1
830,833,-0.0018976305302928493,3,2063.441326893953,2061.589118961465,3
834,836,-0.0016675690007830735,2,2070.991539459011,2069.6090097063843,2
837,839,-0.001496084300102236,2,2075.1941450644217,2074.164673829391,2
841,842,-0.0015471762558690203,1,2077.2173253446094,2076.080721345901,1
845,846,-0.0028694346718013564,1,2079.755698151945,2075.8677307409434,1
849,853,-0.003319476762800878,4,2077.797053302833,2072.977651319881,4
854,857,-0.0022496480523277003,3,2075.420389952716,2072.8268449046504,3
859,860,-0.002107999269796744,1,2069.9839029093228,2067.690362256408,1
862,868,-0.001984337489616549,6,2070.0223411324782,2067.9847405377577,6
869,870,0.0029717928570972127,1,2071.6764339952542,2079.904703658013,1
871,876,0.01364614574131496,5,2090.1267003623793,2120.7390006337005,5
879,880,0.007319237563610473,1,2146.2794572886637,2164.134865971745,1
881,883,0.006299765910255204,2,2164.589839667155,2180.390838788442,2
886,888,-0.002796683656696858,2,2175.8666395889704,2171.957295558469,2
890,891,-0.0006757317753113318,1,2170.0240784796147,2170.727748335075,1
892,894,-0.005356131595385663,2,2172.301396578979,2162.838565830641,2
896,897,-0.0008398559539805259,1,2167.743013739816,2168.0901648767667,1
901,903,-0.0001843844002032592,2,2164.292343731705,2166.057574329773,2
907,910,-0.0035717157965723485,3,2168.591450800546,2163.0144499102107,3
913,915,-0.008073941242125873,2,2163.4916849430087,2148.187271885894,2
917,924,0.004555049555772883,7,2146.486011281262,2158.409847444703,7
925,928,-0.0035776103491447224,3,2158.458697743587,2152.8950322660817,3
932,933,-0.0001448949781103706,1,2145.7143723407694,2147.5491834760987,1
937,940,-0.004588232038849043,3,2139.0490080072964,2131.3736038240963,3
945,952,-0.006095371009703232,7,2124.807927990338,2113.9812432728686,7
954,957,0.0016894266590082346,3,2122.180130066166,2127.8875778831834,3
960,963,-0.003052229099073534,3,2140.3595751652883,2135.9670669626535,3
964,965,-0.0009584831211135205,1,2138.4619338427055,2138.5507161078162,1
966,969,0.0032599180947994553,3,2143.124767851782,2152.2543038297667,3
971,977,-0.008150534901682858,6,2150.4052113993275,2135.028663882456,6
979,982,-0.003126115693181674,3,2129.850005541755,2125.3216980208495,3
983,987,-8.276162769085198e-05,4,2125.29372439585,2127.2431253522936,4
990,994,0.0035917052937694148,4,2132.162036555925,2141.952296266353,4
995,998,-0.0039711006021663775,3,2141.2786478611033,2134.916693581037,3
999,1002,-0.0006911429471748412,3,2143.262151982346,2143.924113614039,3
1003,1010,-0.0025396312881431895,7,2144.1114827997,2140.8103416755143,7
1012,1014,-0.005082679249895121,2,2142.00400988511,2133.25889456076,2
1015,1017,0.002050602824704677,2,2130.3576299053366,2136.856504908757,2
1021,1025,0.00011836698164122725,4,2142.929751410641,2145.3263332885954,4
1026,1027,-0.0033953974342457436,1,2146.3459410119895,2141.2045894518856,1
1031,1033,-0.0014140621885888403,2,2147.537952707214,2146.6487384424386,2
1036,1038,-0.0040389525462192245,2,2152.715502488312,2146.1735022307394,2
1039,1040,-0.003977363590077049,1,2149.0426388697783,2142.6441575632844,1
1042,1045,-0.004757381890207095,3,2143.610936437364,2135.5565715251446,3
1049,1054,0.0011359879605252672,5,2141.5191856981455,2146.0934448960306,5
1055,1056,-0.0031015378842054312,1,2148.1700507576197,2143.655590014237,1
1059,1065,-0.0035801760981020534,6,2144.3314971395575,2138.7987442642307,6
1066,1069,0.0025814371053616576,3,2137.74300386452,2145.3991959802875,3
1070,1076,-0.001544993533285659,6,2149.1103652762417,2147.939114024849,6
1079,1080,-0.0018104002304007438,1,2157.1363410443937,2155.3881972566055,1
1081,1083,0.009406449371815694,2,2158.9675360662573,2181.4347224257244,2
1085,1087,-0.0026844939617499696,2,2186.8207106371174,2183.1370243546194,2
1088,1089,-0.0016556080022566448,1,2182.8669560915555,2181.4358510472803,1
1095,1101,-0.005025152840627422,6,2153.779737331593,2145.110444703787,6
1105,1109,-0.0014240692210494065,4,2151.2072323378925,2150.294971562559,4
1110,1111,-0.0022600212102266704,1,2151.831540288833,2149.1201869072343,1
1112,1117,-0.009378221734107087,5,2147.412098743431,2129.4206040256545,5
1119,1120,-0.0026457762066750285,1,2126.9911420116514,2123.49059059832,1
1122,1125,-0.004710532214033063,3,2132.127533011276,2124.2162051156106,3
1126,1127,-0.00253088059027062,1,2125.3690003598745,2122.1153142100607,1
1128,1133,0.004786566740100598,5,2128.5360200119594,2140.8529357504667,5
1137,1139,-0.0030490052061992825,2,2144.594041345634,2140.199756989733,2
1140,1145,-0.002358449245699637,5,2147.0421338586634,2144.125486091438,5
1147,1153,0.001025391087850905,6,2150.946918963085,2155.303427683193,6
1159,1160,-0.00097749116164471,1,2162.7974225448183,2162.8461046023976,1
1161,1163,-0.0010509693412962039,2,2166.1750788337104,2166.06467031681,2
1165,1166,-0.0023371604607994533,1,2170.192765712151,2167.2908697535277,1
1171,1175,-0.0017782753855578128,4,2168.209878353271,2166.5224139742254,4
1176,1184,0.00038639231078992087,8,2177.9917672705797,2181.0113183096873,8
1187,1191,-0.001590829335570032,4,2213.3039122468304,2211.996227366943,4
1192,1199,0.002839082039600055,7,2213.406297377402,2221.9037457400013,7
1201,1206,-0.00040227854227218413,5,2228.1297436373234,2229.461544595697,5
1216,1224,0.00925714583082421,8,2285.800720620524,2309.2465119521316,8
1226,1227,-0.006518334809154189,1,2293.128625326518,2280.4743738115108,1
1230,1233,0.00014026499197294646,3,2289.6506423316505,2292.2614508029496,3
1234,1236,-0.0037542523015815224,2,2296.194114216747,2289.8698162927876,2
1239,1241,-0.0021902356857452206,2,2282.609463091357,2279.892619851766,2
1242,1246,0.0033645585686623855,4,2285.3621436126705,2295.336740539072,4
1249,1251,-0.0027285187721896235,2,2298.7187599965423,2294.745381467904,2
1253,1265,0.02368323754593658,12,2293.6780655497714,2350.2934660956407,12
1274,1277,-0.002413651618829426,3,2389.204327514646,2385.826824949341,3
1280,1282,-0.007534268836058155,2,2381.702825741787,2366.1401391907907,2
1283,1286,-0.007211826944651118,3,2354.472453915956,2339.846878486282,3
1287,1290,0.006477048599194497,3,2341.6265736671876,2359.1350293596624,3
1292,1294,0.003886467077990001,2,2372.2846402258406,2383.8767310199255,2
1298,1299,-0.004696629551942246,1,2379.4984597469343,2370.7023354218327,1
1300,1303,-0.012184183312230479,3,2373.1599594191653,2346.618103403776,3
1306,1308,0.0020586373036066254,2,2334.164822219864,2341.304185817872,2
1311,1315,0.006269102723257097,4,2351.97502659077,2369.0717746615937,4
1318,1321,-0.004227202570647376,3,2344.1936923393177,2336.628504429305,3
1322,1323,-0.0042167263614039645,1,2343.1924563372545,2335.6550473931115,1
1325,1327,-0.001456979159028768,2,2336.8632219321057,2335.795324142182,2
1333,1338,0.012603900533142975,5,2397.307555607997,2429.9202891418404,5
1339,1341,-0.000724812025235687,2,2433.587186621576,2434.256880550875,2
1342,1343,-0.0006581526592016487,1,2430.614061914685,2431.4449608682576,1
1345,1347,-0.007338013714814801,2,2434.7023070435653,2419.271130430032,2
1350,1352,-0.0019686298151293836,2,2424.1572609820437,2421.809149982494,2
1356,1360,0.010595420618952172,4,2441.1802923252185,2469.486804621426,4
1362,1363,-0.004506764261357193,1,2463.2763238433176,2454.6381944650166,1
1366,1367,0.0012751611687861894,1,2459.3866226885075,2464.9821236314806,1
1368,1370,-0.0020565858045576545,2,2471.6443873585586,2469.032882984961,2
1371,1375,-0.004115109967225618,4,2476.1631906034636,2468.4496699679376,4
1378,1382,-0.0036940724059785894,4,2453.0122028776364,2446.403610390335,4
1389,1390,0.0012205840427512108,1,2425.013560574951,2430.398506991019,1
1391,1398,0.00729015107368054,7,2437.1572574713523,2457.3616593261067,7
1399,1400,-0.002499942552270156,1,2467.250845601882,2463.550111071439,1
1402,1405,-0.004142747974846326,3,2463.901946805113,2456.158523951571,3
1406,1413,-0.0066755888460059915,7,2458.8526126513725,2444.8971761890357,7
1415,1416,-0.0041557922740160635,1,2456.2485023749464,2448.497092328088,1
1419,1421,-0.0007507857538701314,2,2466.461688250537,2467.0763656407826,2
1422,1424,0.0008593387756007118,2,2475.449660895163,2480.052360436713,2
1428,1432,0.004492550092613297,4,2495.8198421758266,2509.5282576811155,4
1435,1436,0.000577537150635496,1,2524.688931147124,2528.671721729807,1
1437,1443,-0.001667937787950132,6,2523.7530792669586,2522.0673692178607,6
1444,1445,-0.005343914069259796,1,2525.545952820602,2514.5751982235824,1
1447,1452,-0.006616045229462783,5,2508.443405848284,2494.3558742254922,5
1453,1455,-0.002948808039026008,2,2497.63766134214,2492.770244989142,2
1456,1457,-0.00313368197994565,1,2483.2300043275873,2477.931581215293,1
1463,1468,-0.003188778068566362,5,2421.410523396249,2416.1105931476436,5
1473,1476,-0.01701152594025695,3,2441.6127393587813,2402.5187936464763,3
1477,1478,-0.008713041984248791,1,2397.1365812856357,2378.647366192201,1
1480,1481,-0.0020593369980032835,1,2392.6418276755066,2390.10721366448,1
1483,1487,0.005184464843591021,4,2361.715339307178,2376.321284793693,4
1490,1494,-0.008250461185437447,4,2386.703166321156,2369.398467652584,4
1495,1502,0.01659757002980623,7,2368.6479369932235,2410.330384940418,7
1505,1516,0.0004121865159034863,11,2414.5865669564255,2417.996413547763,11
1517,1520,0.003782997449484688,3,2423.47854995333,2435.0700416766376,3
1521,1522,-0.002671451714780117,1,2448.713199518531,2444.620293642191,1
1528,1532,-0.006923639764432203,4,2441.84024502918,2427.3756630553344,4
1533,1536,0.008052584478088761,3,2428.7487747614573,2450.73522822104,3
1538,1540,-0.0006602504982143833,2,2460.5255860975517,2461.361548439559,2
1543,1544,-0.0007305223756287737,1,2480.9112556162854,2481.5798056877247,1
1547,1550,-0.0009651107262389952,3,2481.3635572283574,2481.450130200806,3
1551,1560,-0.006110014291606006,9,2485.2979381172854,2472.598030134607,9
1562,1568,-0.0016182233781423174,6,2467.884414360459,2466.358710520948,6
1569,1577,-0.017184031925406323,8,2468.7581016923887,2428.8036417584935,8
1581,1583,-0.004629291568707025,2,2413.0168505769634,2404.2593088660165,2
1584,1585,-0.0012293514200254223,1,2407.9068292805205,2407.354572429936,1
1592,1593,-0.003103380749364211,1,2409.448963481962,2404.3809749155985,1
1603,1605,-0.0021825758993664767,2,2358.5461291995052,2355.75696938957,2
1611,1613,-0.0018398173488264735,2,2372.5916922300617,2370.5991485652453,2
1614,1616,0.0009831150780784765,2,2374.4953485365695,2379.2042460650796,2
1618,1619,-0.0014263424338207742,1,2387.100119995779,2386.0823979208462,1
1624,1625,-0.0035161889324358156,1,2388.414671761998,2382.404969198843,1
1626,1628,-0.005930045107361145,2,2374.869576567826,2363.1613624312467,2
1632,1636,-0.015069222948247113,4,2315.8792384985436,2283.296617170891,4
1638,1639,-0.004735394343054871,1,2294.6132924953417,2286.042006983056,1
1640,1641,-0.005035560466034693,1,2282.3611432911607,2273.150536892081,1
1644,1648,-0.02518835221979076,4,2204.0127077453308,2150.701272073492,4
1650,1651,-0.002191273769737369,1,2159.256925528767,2156.684659391261,1
1652,1653,0.00010184187918610053,1,2170.664061088829,2173.055789656981,1
1657,1661,0.0055102261785568854,4,2198.5430960109697,2212.856108829306,4
1664,1665,-0.006733578949056686,1,2194.096640857083,2181.516614544869,1
1666,1667,-0.014582429736576821,1,2168.7562417501085,2139.2992624807753,1
1673,1677,-0.014309146772895562,4,2124.5076989571926,2096.2323141716247,4
1691,1692,-0.002672658762997903,1,2136.536301551788,2132.962605384534,1
1695,1700,0.0013676980591110894,5,2150.3263317940355,2155.4176552762797,5
1702,1703,-0.0034553442118634135,1,2155.3327433236136,2150.0406595476543,1
1704,1710,0.016054449529914687,6,2150.332123331763,2187.0048540016787,6
1712,1715,0.00426064979346614,3,2201.187669140551,2212.7673465975954,3
1716,1717,-0.006188733978647187,1,2220.474565650736,2208.9531138232223,1
1718,1719,0.00027191889688557114,1,2216.1809547892935,2218.999757224608,1
1721,1723,0.0009431171134036123,2,2234.055554520415,2238.396586100698,2
1725,1729,-0.005293399374289415,4,2235.8058912698007,2226.2066836551903,4
1732,1737,-0.0063459302209056805,5,2259.449414758861,2247.370555849894,5
1742,1743,-0.0045881502741128245,1,2267.297914012031,2259.1625083803733,1
1744,1747,-0.004435015428045719,3,2262.3612553572116,2254.5900095412467,3
1748,1750,-0.0021094505609514508,2,2251.840817179657,2249.3425111218635,2
1751,1762,0.00036754601704803015,11,2245.6899371613895,2248.7610214904794,11
1765,1766,-0.004633930730949054,1,2240.808896983721,2232.6659526707876,1
1767,1772,-0.0006318540346668114,5,2224.9994377822813,2225.8185623481695,5
1774,1775,0.0009112881274250771,1,2239.4358277752353,2243.7160348849925,1
1776,1780,-0.011693813441741491,4,2241.2853640992234,2217.3174765458407,4
1783,1785,-0.01945836237116058,2,2205.410592633643,2164.702324737615,2
1787,1789,-0.007019136645961447,2,2146.373542348623,2133.45422670395,2
1790,1793,0.003180286764793412,3,2114.6263933738305,2123.466138098534,3
1794,1804,0.021340758720943744,10,2122.34322286002,2169.757980724966,10
1809,1810,0.0025028206007821478,1,2196.340516739449,2204.0339035478164,1
1811,1815,-0.0032041438152961717,4,2204.3452696233753,2199.4865756305576,4
1816,1822,-0.016630646565865655,6,2195.4990743232725,2161.18200425684,6
1824,1828,-0.014112102816754766,4,2142.5013632438386,2114.408665083948,4
1830,1832,0.007627966976827486,2,2105.6226826636043,2123.789925635285,2
1833,1834,-0.003522437519694098,1,2133.129773788282,2127.7490872125018,1
1835,1840,-0.017142342333887013,5,2121.441459165731,2087.196424890577,5
1845,1847,0.0130353724604374,2,2099.7801794264096,2129.2513763297034,2
1852,1853,0.0003563830867239074,1,2145.8276082824805,2148.73817255738,1
1861,1862,-0.005936743797041475,1,2185.709478660832,2174.919190949918,1
1865,1866,6.77955921295735e-05,1,2184.904480686344,2187.237512060045,1
1873,1876,-0.004969297682248917,3,2176.788753431699,2168.1484308779573,3
1879,1886,0.03087616404502752,7,2212.5567406203677,2283.084562243314,7
1887,1888,-0.001502909700539264,1,2285.932883831316,2284.7832660092554,1
1889,1891,0.004459696367425519,2,2286.520344245394,2299.004051062915,2
1892,1895,0.0027334547989521204,3,2309.703038439977,2318.326210332995,3
1897,1899,0.0048897012457124345,2,2314.2015092430656,2327.831464754884,2
1901,1903,-0.004176151831095359,2,2336.3483755298316,2328.927778358816,2
1905,1906,-0.0025184733683740078,1,2321.7124090010734,2318.186950538982,1
1908,1911,0.003333753922979475,3,2330.2044373640365,2340.302969985807,3
1912,1915,-0.006611188206294026,3,2327.5166984105363,2314.4565641624627,3
1918,1921,0.0016632839670250375,3,2313.6649603325454,2319.8269071264667,3
1925,1928,0.003599596226389978,3,2294.8552688053737,2305.410676439882,3
1931,1932,-0.002898608716284864,1,2307.585012440696,2303.203811422508,1
1941,1943,-0.002058763986078257,2,2293.2518472010684,2290.8238347342444,2
1944,1945,0.0006069310892690505,1,2295.7521039706025,2299.4412193997277,1
1951,1952,-0.0040629484791007645,1,2281.844186955727,2274.855015773746,1
1954,1955,-0.007576264611560338,1,2272.3079079991235,2257.36460991718,1
1956,1959,0.027389251295430517,3,2264.6701781815414,2328.9624689712045,3
1963,1964,-0.0022360482261279033,1,2377.392868067572,2374.454295830188,1
1967,1970,0.010200665311047841,3,2399.4142390166403,2426.2892748504282,3
1973,1976,-0.0011010119576186559,3,2436.2044581829864,2435.958372401506,3
1979,1982,-0.00378086042991168,3,2426.4855764886224,2419.737858765214,3
1983,1985,-0.0027793508777042403,2,2416.357403630014,2412.0578559630176,2
1991,1993,-0.005536815216814474,2,2412.2210592384986,2401.277258030625,2
1997,1998,-0.00010448791931355107,1,2378.2993395301596,2380.4291353201975,1
1999,2000,-0.00111288356772891,1,2375.675224478704,2375.4070497835996,1
677,682,-0.0012595210446996233,5,1985.6958652675899,1985.1805354021799,5
685,691,0.011047596677710762,6,1993.9808637332487,2018.0035409625802,6
695,699,0.0006555446126121798,4,2018.5904558982322,2021.932322452565,4
702,703,-0.0006049366317760106,1,2025.1826021958161,2025.9826776559082,1
707,712,-0.010955202290436047,5,2014.6597220186582,1994.6033769395688,5
715,719,0.0006350087569074118,4,1996.3103316423005,1999.5743165160404,4
720,721,0.005134217842128748,1,2005.7388924688532,2018.0425317696872,1
726,735,0.01498649348528432,9,2030.7319917953087,2063.196275552503,9
736,737,-0.0021361018080713256,1,2067.906907830711,2065.5575550538015,1
738,740,-0.001230768178542959,2,2068.3879484346426,2067.910630315262,2
743,748,-0.0005870522419791505,5,2063.5272867169774,2064.379415683642,5
750,752,-0.00448645988736197,2,2067.811450604254,2060.6021089270944,2
754,759,-0.002638958177378892,5,2057.3866616952223,2054.0146910020067,5
764,775,0.0016412310216177206,11,2076.860772161601,2082.346241260615,11
776,780,-0.0012464335230896852,4,2081.2202977041557,2080.7074152538667,4
781,787,-0.0034702578543143662,6,2080.602382965623,2075.462758587397,6
788,789,-0.0018493858452181637,1,2078.075379337871,2076.310291525365,1
791,795,-0.003018477245317937,4,2076.1167836071986,2071.926189120865,4
797,800,-0.0018038106897363291,3,2074.772147126649,2073.1044230960215,3
801,806,-0.0011129805819995386,5,2077.765951029654,2077.531203823248,5
808,811,-0.002267830925702431,3,2091.360887795661,2088.709395785309,3
814,816,-0.0007599769326325402,2,2084.37030338326,2084.8706003370075,2
817,818,-0.0017475671985665757,1,2079.839788205558,2078.2849682016217,1
827,829,-0.004613016470221609,2,2069.2187872562226,2061.742665697374,2
833,834,-0.0012925105354191758,1,2063.5314547520193,2062.9278500613354,1
841,842,-0.001669284271413368,1,2074.8981050283583,2073.5094083618774,1
849,851,-0.0006890844706431264,2,2075.4639286727734,2076.1092226388178,2
855,858,-0.006895597662475399,3,2079.0981632112644,2066.840636940179,3
865,871,0.010485836605163806,6,2066.9975674476445,2090.7387637706192,6
873,877,0.01777435792249008,4,2092.313503452246,2131.5953460521177,4
878,880,0.010964405700435473,2,2137.441567038555,2163.014785107579,2
882,883,0.00298348068193927,1,2177.924319976475,2186.600039431827,1
885,886,-0.005459928551457898,1,2177.9478403018165,2168.2343485452684,1
887,889,-0.0025344493954461643,2,2171.6841614737054,2168.351822025032,2
894,895,0.0008811086128689071,1,2163.6773684379323,2167.7474805711704,1
899,900,-0.002553308287167244,1,2163.7845174415074,2160.4234930189214,1
908,910,-0.002294991290111383,2,2163.0546254067367,2160.2534885068,2
917,919,0.0036076287161112518,2,2142.5842383350832,2152.4564709983233,2
921,922,-0.005972514931681496,1,2159.9937581576205,2149.253156942843,1
923,926,-0.002289511960431489,3,2159.507363248367,2156.722652674818,3
931,932,-0.0027025253168099627,1,2151.462439002119,2147.799519731552,1
934,937,-0.005564039619412302,3,2145.4062093929247,2135.614490453522,3
940,942,-0.0019257937367965104,2,2137.7578349692685,2135.7787121548663,2
943,946,-0.009115007610604586,3,2131.3995473204445,2114.1032237727,3
947,950,0.0036800789402047186,3,2105.450851350848,2115.3045275398913,3
954,955,-0.002315853592238064,1,2117.0986789116355,2114.312887009867,1
957,960,0.005586142414416282,3,2125.413290646578,2139.4115652682694,3
964,969,0.003085571890208881,5,2136.900627747073,2145.631088883966,5
978,980,-0.001611162102486927,2,2130.159578479672,2128.8577056730555,2
981,984,-0.0046592612472161135,3,2126.0471622709506,2118.2674002802987,3
985,986,-7.51772020194017e-05,1,2120.2375130252813,2122.1983570144607,1
989,991,-0.0005482104872920127,2,2128.106921457773,2129.0683778468087,2
996,1001,0.00301723906239625,5,2136.992815672707,2145.5776266878875,5
1004,1006,0.001517047664011078,2,2144.1641747509184,2149.5611381782314,2
1009,1010,-0.0031675488055071806,1,2148.8326955396615,2144.1749957972097,1
1013,1019,-0.001363477129140649,6,2137.210390315394,2136.4335632183524,6
1022,1024,0.0014688472259821467,2,2145.4722958247326,2150.769139150701,2
1025,1026,-0.004733372962590104,1,2149.9652119769326,2141.9385899840286,1
1030,1032,0.0008341316441957155,2,2144.4561832099885,2148.389398155205,2
1034,1037,-0.001030781005567385,3,2153.782254964431,2153.71595938085,3
1042,1048,-0.0029132082309972097,6,2142.2008415196838,2138.102365237239,6
1050,1051,-0.0007345349341269596,1,2142.389046608786,2142.9577760581697,1
1054,1056,-0.0034761650231042887,2,2147.8248098768368,2142.506441206864,2
1057,1059,-0.004176175677212495,2,2146.056098973743,2139.239847790249,2
1062,1063,-0.005388304720807508,1,2150.6679979948667,2141.230211466376,1
1064,1065,-0.004573188553982163,1,2145.906534616221,2138.238805948815,1
1067,1070,0.00027588640312122903,3,2143.6514562421808,2146.386511988231,3
1071,1075,-0.0008311448325064551,4,2151.5379728464354,2151.901271151209,4
1076,1077,-0.004212151382634539,1,2154.1630588487656,2147.2435610008642,1
1078,1080,-0.0011177153029086726,2,2152.9904673529763,2152.7370274279524,2
1083,1084,0.0019177858757687747,1,2175.891175114216,2182.239959652174,1
1086,1089,-0.005205716340550971,3,2191.499094185221,2182.2822706345037,3
1090,1092,-0.006606975163635028,2,2185.3413702360326,2173.088215449055,2
1093,1095,-0.011068815099887344,2,2171.4565744253346,2149.592579680011,2
1096,1102,-0.0020979967938116587,6,2151.3032606304046,2148.941136547716,6
1103,1104,-0.002518889982973142,1,2149.7946337326293,2146.5293321980034,1
1106,1108,0.0005133140390965829,2,2152.885794536513,2156.1437868339567,2
1109,1111,-0.0038781257597279724,2,2155.8764371444877,2149.6715536359516,2
1112,1113,-0.003821210109833611,1,2148.9089168282403,2142.846393266973,1
1115,1118,-0.005582043044337753,3,2134.519468160373,2124.739008078285,3
1119,1122,-0.0009746824199858105,3,2127.9342474164414,2127.9881215620153,3
1123,1128,-0.004129484477334692,5,2132.194046647887,2125.521378476237,5
1131,1136,0.0016695414944109788,5,2139.092744721872,2144.8031415643004,5
1139,1141,-0.0035962612442208552,2,2149.7098972465405,2144.1286887540014,2
1143,1144,-0.00017253472316147386,1,2141.9115117482747,2143.683869150307,1
1147,1148,-1.2234074109850057e-06,1,2149.6568053224123,2151.803832221668,1
1149,1150,-0.005330879094372534,1,2149.8831737928012,2140.5722897000787,1
1151,1153,0.0028798008253127227,2,2144.9747219674946,2153.296796664059,2
1156,1158,0.002489743260845558,2,2155.1042035225146,2162.624963893177,2
1161,1164,0.0012955359949370052,3,2164.578268008369,2169.5471353364405,3
1167,1175,-0.00163854890422706,8,2169.0917880660536,2167.706716881616,8
1181,1182,0.0002076688588326719,1,2162.796810311383,2165.4087526671788,1
1184,1190,0.010349193992374127,6,2183.1135268611906,2207.8901057849143,6
1193,1195,-0.004876066407853086,2,2217.9061671862464,2209.3094155958456,2
1197,1198,0.00033738803079259795,1,2218.9969848626192,2221.9646448705394,1
1202,1204,-0.0033588587035521832,2,2227.7719464296933,2222.5169471843283,2
1205,1210,0.01129043010434633,5,2225.829323855447,2253.185723584497,5
1212,1213,0.0010055775722637248,1,2256.457475103684,2260.9829756085187,1
1215,1216,-0.001269759767434664,1,2280.3978087157257,2279.782649133188,1
1223,1226,-0.006533356416256209,3,2307.436069772761,2294.668203590983,3
1232,1233,-0.004581241500295034,1,2298.541685429702,2290.310052555683,1
1236,1247,-0.0016329108697775146,11,2293.6010135065985,2292.1493684942175,11
1250,1254,-0.004985515850443156,4,2298.140953451809,2288.981676255274,4
1259,1262,0.015388617633401533,3,2300.776068530227,2338.4826077774496,3
1265,1267,0.005747892715593628,2,2352.7010705971993,2368.5768450134515,2
1269,1270,0.00020373270896087642,1,2375.7605907681536,2378.6203714999215,1
1271,1275,0.0028406532435477187,4,2376.665790859399,2385.793740037892,4
1277,1281,-0.006215516349289101,4,2385.7120070172955,2373.2692870400015,4
1284,1288,0.00011885830546594931,4,2346.7456245475455,2349.3713003803864,4
1290,1291,0.002127666405108711,1,2359.2591077329566,2366.6380831851598,1
1295,1297,-0.0015002356961108046,2,2386.2134737911315,2385.0198046330006,2
1302,1305,-0.01876734696331743,3,2366.408142971907,2324.3633484389056,3
1310,1313,0.005930328112991619,3,2350.7108645532066,2367.0020621433346,3
1317,1318,-0.01099664131894051,1,2362.8413970020956,2339.2209190627214,1
1319,1320,-0.0007943064249892151,1,2333.1263352682354,2333.6062443650885,1
1321,1325,-0.00396184165590846,4,2343.4143689361817,2336.473546641212,4
1328,1330,0.00916552743860264,2,2337.6069656131554,2361.3699733627645,2
1331,1333,0.008557490596110589,2,2372.800430072812,2395.47844786968,2
1334,1337,0.0021045560103492775,3,2415.104584952139,2422.602412406974,3
1338,1342,0.0017796841416900817,4,2427.1114514115516,2433.8580546231547,4
1343,1345,4.19460442579859e-05,2,2436.426793620716,2438.9654188804534,2
1347,1348,-0.0022006763059951905,1,2421.469741161702,2418.562339817805,1
1350,1353,-0.0035321054982343112,3,2420.915516141482,2414.7855026522993,3
1358,1361,-0.0003931208873541799,3,2466.018820285751,2467.515395599174,3
1362,1370,-0.00038414279360304685,8,2465.8202964531074,2467.338889652358,8
1371,1378,-0.009074794878499697,7,2468.533404767416,2448.6005038731946,7
1379,1384,-0.0035839776901959142,5,2448.0196070549496,2441.6939790051574,5
1385,1394,0.0006688303653104167,9,2434.5066991534723,2438.569477857571,9
1395,1397,0.0007888310729019794,2,2441.1034506720907,2445.470172376821,2
1398,1404,-0.002542207216996986,6,2466.440671390023,2462.6369087863104,6
1407,1414,-0.008055081158879488,7,2467.887810454541,2450.476661660775,7
1415,1416,-0.0009534066640290159,1,2453.8749028799534,2453.989237097734,1
1422,1423,-0.0001320449397738952,1,2471.200775931665,2473.3456671499694,1
1424,1427,0.0020880833566919756,3,2483.4583214823033,2491.127447791911,3
1428,1431,-0.0017624913918162385,3,2500.5632012536157,2498.6565433379674,3
1433,1434,-0.00143709538573203,1,2525.2576487693823,2524.1538703033207,1
1437,1439,-0.0034666631548485125,2,2522.7375422078767,2516.5147984631594,2
1440,1443,0.000792358613568551,3,2520.454967336178,2524.9725265069947,3
1444,1459,-0.03590635626938125,15,2525.0360581050354,2436.896249867787,15
1460,1464,-0.016249979127444046,4,2444.76672712278,2407.484085562688,4
1465,1469,0.004249521296600944,4,2407.82968019404,2420.4696333788065,4
1472,1473,-0.001720244316764422,1,2437.50437887426,2435.7487801982875,1
1474,1475,-0.010550044022190539,1,2434.044187048259,2410.7989579099913,1
1478,1480,-0.0012854558286970574,2,2385.955475887668,2385.274390990064,2
1482,1483,-0.003757053043156769,1,2371.7357100276126,2365.1967088707174,1
1485,1487,0.004579517021296699,2,2367.011517551227,2380.2182986030093,2
1488,1501,0.00861750566312135,13,2385.4859883220815,2408.428413324066,13
1506,1508,6.144691838417377e-05,2,2420.605803257534,2423.1751478280244,2
1510,1511,-0.0042794794676907074,1,2430.7706865473247,2422.7990239901283,1
1513,1514,-0.0009932962462533147,1,2418.845504516601,2418.8617198612146,1
1516,1517,-0.0036915684498292217,1,2426.2864148383305,2419.7558988739024,1
1519,1520,-0.001472812706355511,1,2434.9932355111473,2433.841939769508,1
1522,1529,-0.008093907160569049,7,2453.1451863573934,2435.742802153977,7
1534,1538,0.006479755654713039,4,2431.2037760480757,2449.388586239731,4
1541,1542,0.002153791460680303,1,2473.5526987072094,2481.353768085935,1
1543,1549,-0.00317131204497336,6,2482.124160906364,2476.7346948186687,6
1550,1551,0.0004504750688915991,1,2480.1912044248584,2483.788659932961,1
1552,1554,-0.0024506178006324514,2,2479.0373669126684,2475.441231179792,2
1557,1559,-0.001383832334642033,2,2477.2481528249573,2476.297304882971,2
1565,1566,-0.0011828088298777978,1,2466.445474820758,2465.9945868095488,1
1567,1568,0.0011268056407995647,1,2465.230548965751,2470.473615203163,1
1570,1571,-0.003390054980241812,1,2464.5476782556743,2458.657273803216,1
1572,1578,-0.013996132597633944,6,2454.888379069885,2422.984324183102,6
1579,1581,-0.007872204746099874,2,2422.502323848608,2405.8543918812175,2
1582,1584,-0.0024487290482212926,2,2409.463073428972,2405.972414283879,2
1589,1591,0.0017557531924167198,2,2402.88848967927,2409.510257305725,2
1592,1593,-0.0037380675802343145,1,2408.4065219557174,2401.8121421379255,1
1594,1595,-0.005772770422859969,1,2393.1334792333882,2381.711602545747,1
1598,1600,-0.001380208066850131,2,2356.074249050959,2355.178450615372,2
1601,1602,0.0003787292016813014,1,2353.817269881935,2357.062546487343,1
1603,1605,0.0013166921153124327,2,2358.311134795298,2363.774615606732,2
1606,1607,-0.00617390862906364,1,2356.74910406053,2344.5554995344933,1
1608,1610,0.002770377581296018,2,2355.8594926663295,2364.741972482162,2
1611,1612,0.002455233294822476,1,2369.903993168368,2378.092564351096,1
1614,1620,0.0039571480075860565,6,2375.78872940072,2387.5658657671142,6
1625,1634,-0.04012873878807874,9,2384.6224525267326,2291.3151834736263,9
1636,1642,-0.009079682641528114,6,2284.8397894730792,2266.379009087401,6
1644,1645,-0.025369168932910125,1,2205.9112909076025,2152.1550660084613,1
1647,1653,0.012310424700849316,6,2145.1821129048594,2173.7353978882884,6
1654,1656,0.005705983626594565,2,2176.1420959121847,2190.735269176515,2
1657,1660,0.006508369990906687,3,2192.2723400275713,2208.732731877329,3
1664,1666,-0.014097562562305474,2,2195.6458383116233,2166.888229579671,2
1668,1671,-0.006725835904129901,3,2133.9279628711815,2121.709441524547,3
1672,1675,-0.005694858692977356,3,2127.4592077433726,2117.471087387944,3
1683,1685,0.0034020697757991053,2,2101.5859442929855,2110.837272259602,2
1687,1693,0.00797880949668002,6,2121.590723703136,2140.64008264119,6
1694,1704,0.0007691387402471107,10,2144.6664486058776,2148.4606611050144,10
1707,1716,0.022904798783624593,9,2168.9632951431363,2220.8119262826003,9
1717,1721,0.004062227754845409,4,2216.7255284368307,2227.947097931758,4
1722,1725,-0.0038671177841373416,3,2239.564058858528,2233.14296491666,3
1727,1728,-0.007488393529812479,1,2232.3054801912003,2217.821403756963,1
1729,1730,0.004474828156950805,1,2231.7001641855977,2243.9183390823528,1
1733,1737,-0.005769619862513244,4,2257.1714489856904,2246.4055992095105,4
1740,1741,0.0018354512955335456,1,2249.0321968913536,2255.409218147726,1
1742,1743,-0.00048800259832239084,1,2264.555937711125,2265.7153844671866,1
1744,1745,-0.00036838756846697355,1,2262.823166823809,2264.252394066336,1
1747,1750,-0.008281004400135145,3,2262.625261551985,2246.1510770667683,3
1751,1752,-0.003650157544926878,1,2243.6785172773007,2237.732415726348,1
1753,1754,-0.00010290334621041808,1,2249.2749756619182,2251.292792716037,1
1757,1762,-0.0055775869626023935,5,2259.0446666548987,2248.703693240883,5
1763,1771,-0.00789526807012274,8,2240.264489623011,2224.8172654190835,8
1772,1773,-6.147515487308199e-05,1,2230.3632933082113,2232.45654467264,1
1774,1777,-0.0031081323658596802,3,2241.9833398217806,2237.256942179384,3
1781,1782,-0.0028723129572706414,1,2212.7696165211346,2208.6266192966673,1
1783,1786,-0.027354397336503824,3,2206.931950396489,2148.7695888811145,3
1787,1789,-0.006668850731961926,2,2144.735901329768,2132.5777136456495,2
1790,1793,0.0022774747052208676,3,2114.7435721044876,2121.6745906700885,3
1798,1801,0.010771305944343418,3,2135.7131258800805,2160.853258494165,3
1802,1805,0.0006747182739953962,3,2167.184900613629,2170.8143247698135,3
1808,1814,0.006728078736202471,6,2186.687392689907,2203.586285032076,6
1816,1821,-0.013996280353953599,5,2193.6810173061176,2165.171323798061,5
1824,1825,-0.012002164428781853,1,2137.7699819247678,2114.2498850727175,1
1829,1831,-0.0053484640167410814,2,2115.2653108422605,2106.0671557522023,2
1834,1835,-0.00523335553993341,1,2134.416127580923,2125.380385242705,1
1837,1838,-0.005592124565664942,1,2119.9038118575513,2110.1689494862735,1
1844,1854,0.03212449202567602,10,2084.3941377847264,2153.4386347801424,10
1857,1859,-0.0013166487893682525,2,2182.0164950124827,2181.3255621309554,2
1865,1870,0.011442784924732687,5,2180.7254293939513,2207.8597268917956,5
1873,1875,-0.008186789534969745,2,2179.501884846202,2163.8382635087423,2
1876,1880,0.022803585174164018,4,2174.398054403404,2226.156523693932,4
1882,1886,0.0100790917829035,4,2256.6565539115786,2281.6582589948557,4
1887,1889,-0.0046309740751746195,2,2291.4086643407786,2283.0886188849267,2
1891,1894,0.006717737390562182,3,2300.0447346715337,2317.795875920274,3
1897,1898,0.0013820604713983115,1,2313.7820696958115,2319.293638503464,1
1901,1906,-0.004755179283340898,5,2331.7352385946706,2322.979154732464,5
1909,1911,0.0004971822236998344,2,2337.3085040719575,2340.8078808155565,2
1915,1916,0.0005982920273221687,1,2311.089049139661,2314.7828443413323,1
1917,1924,-0.00537421851560358,7,2320.926501843649,2310.7742621659295,7
1925,1927,6.226973574292058e-05,2,2294.4811310942896,2296.9184889590842,2
1931,1933,0.00042495810788187576,2,2304.386512773339,2307.670167018409,2
1934,1936,0.001656716966389514,2,2315.6854983626063,2321.8376193149284,2
1947,1949,-0.0048287881501697105,2,2303.6376061119167,2294.81746574335,2
1953,1954,-0.003471624529531967,1,2268.3284307416848,2262.721974551229,1
1955,1961,0.044765848349632174,6,2257.128316596351,2360.42770883936,6
1968,1969,0.003803400588765218,1,2416.2395298077836,2427.84569618786,1
1973,1974,0.0014637422493621794,1,2439.108570688864,2445.1179055252514,1
1981,1982,-0.0010237072556893371,1,2420.662490238504,2420.60510297391,1
1990,1991,-0.005359115065356616,1,2417.9316120276117,2407.39156991062,1
1993,2000,-0.015940806824795744,7,2408.6561798484818,2372.668913158015,7
674,678,0.0003624007344247826,4,1986.6569194718638,1989.3635423180024,4
682,685,0.002970636972686097,3,1986.5564068827293,1994.4443012002243,3
686,687,0.0006489674584085928,1,1996.3589255090867,1999.6508564125547,1
692,693,-0.0035842032736037688,1,2017.3223643006477,2012.1091932429078,1
695,698,0.00185751081514959,3,2012.8169561984757,2018.5686024197294,3
700,702,-0.0007783867575556273,2,2021.435502798432,2021.8834796745994,2
703,705,-3.99727547262498e-05,2,2023.6789628677625,2025.6217498078029,2
706,713,-0.012446295087363998,7,2018.062601890162,1994.9632618441535,7
717,720,0.0030290771553061965,3,1995.4993540677926,2003.5393749286955,3
723,728,0.00446007700565088,5,2028.4349970087585,2039.5104082933835,5
730,734,0.001195462051463684,4,2044.339378994076,2048.8276485209703,4
736,737,0.0007456971864831935,1,2065.5416800640637,2069.1474903635153,1
740,743,-0.0010362153471977266,3,2063.374330904101,2063.2996050863085,3
745,749,-0.00236133112612268,4,2068.975396644767,2066.1588360381324,4
750,751,-0.00244586453300646,1,2062.3466361895157,2059.364762333484,1
753,755,-0.0030656447946606283,2,2055.725254570012,2051.478856398657,2
759,760,0.007446716782113948,1,2047.5422897776252,2064.837299598778,1
768,773,-0.0029932484499636354,5,2089.872074963808,2085.706440689764,5
774,777,-0.00153678889707654,3,2084.866137395867,2083.747004401422,3
778,780,-0.003933780142025018,2,2083.2034991553955,2077.0918380977764,2
781,785,-0.002629891507577227,4,2078.6731241257344,2075.285112453693,4
786,790,0.0025887131685680556,4,2070.114628458567,2077.5436760861617,4
791,792,-0.0013454417866616164,1,2076.8954116985706,2076.177965236844,1
794,802,-0.005567415545112072,8,2081.743370994022,2072.23518396041,8
807,808,-0.0017747192975390582,1,2085.607687025258,2083.991926503024,1
809,813,-0.006539609860044474,4,2091.622331718191,2080.035560025916,4
816,817,-0.0031129674947806647,1,2083.599653994053,2079.1970756530272,1
818,819,0.0002454955837238725,1,2076.358807607359,2078.94490333246,1
823,825,-0.004003182594339938,2,2074.9948018442865,2068.763213572042,2
828,830,-0.004504841667559442,2,2067.281609094843,2060.036114372708,2
836,838,0.0008662989370451675,2,2066.571978771981,2070.4288198592903,2
839,843,-0.0007584270884090674,4,2076.5414641946604,2077.043100362205,4
844,849,-9.888077805021321e-05,5,2076.8162395050285,2078.687698538904,5
851,852,-0.00302450682644572,1,2075.915880246571,2071.7131743758846,1
853,854,-0.0016518444884978112,1,2075.189361721535,2073.8366609735076,1
856,858,-0.0021737655491675173,2,2072.0718569960777,2069.639730434936,2
861,862,-0.0010693613361161505,1,2067.576136620382,2067.432726777024,1
863,867,-0.0026000261815971528,4,2067.412128658665,2064.1042151246597,4
868,872,0.008882322006271624,4,2073.3776221529056,2093.8674074556184,4
876,886,0.022754711755308507,10,2122.0126837844973,2172.4204834289067,10
887,888,-0.0029953768038759915,1,2176.1066179127224,2171.7644652445783,1
890,892,-0.004319558329719199,2,2174.8719897396136,2167.6523753100005,2
894,896,-0.0014479773171467032,2,2166.7254952776684,2165.7548514033006,2
897,900,-0.0017503367393173208,3,2169.66572431094,2168.037744405952,3
901,903,-0.0004310484481568176,2,2165.240110337783,2166.4720270586727,2
907,909,-0.0007214113301397672,2,2162.4144772619666,2163.0169014348735,2
911,918,-0.009593500215488767,7,2167.443784744013,2148.8178561127556,7
926,930,-0.0016644957424988812,4,2155.275304820516,2153.8431335565497,4
933,934,-0.00048257734217729657,1,2145.610894851467,2146.7210825433344,1
936,938,-0.004085222703271664,2,2138.723792610324,2132.1253534093353,2
942,943,-0.00579094167364323,1,2136.9000310700744,2126.6622676588113,1
944,950,-0.006510624910041694,6,2127.12803476919,2115.406230033943,6
951,952,-0.0025192982667558484,1,2122.199520249407,2118.975266196582,1
953,954,-0.0024160835057161494,1,2119.8169990317915,2116.815161144326,1
956,957,0.00048788104971467044,1,2121.72229045769,2124.8791608464194,1
959,961,-0.0007051118891731596,2,2137.953536964351,2138.583994043902,2
963,964,-0.0020100853921405717,1,2136.187453499746,2134.029721758092,1
971,974,-0.0013280507386325318,3,2151.1630259784524,2150.457335358861,3
975,976,-0.0032892496984634196,1,2146.196119578995,2141.2829407594054,1
978,981,-0.005016427215791717,3,2131.060012780561,2122.5007653467437,3
985,988,-0.0013091150846116896,3,2121.67345248183,2121.0176112130475,3
989,990,-0.001122421345537187,1,2132.6034417919564,2132.342365609115,1
991,992,-0.0016331589188002156,1,2135.5865143561136,2134.2343487076796,1
993,995,-0.001082660625396207,2,2141.616577898696,2141.439550533008,2
996,1000,0.0017438691850299062,4,2140.1745776067905,2146.04693668087,4
1002,1007,0.0010692621801303066,5,2142.17473660434,2146.607457770026,5
1012,1013,-0.0025709974074000774,1,2139.6006195744944,2136.2393125482713,1
1017,1019,0.0014310885618452314,2,2133.684808482467,2138.8719852149516,2
1028,1029,-0.0015853823617035883,1,2144.105346352619,2142.85022490123,1
1030,1031,-5.66159292298969e-06,1,2142.096584764321,2144.2265536702207,1
1032,1034,-0.0014592568637337056,2,2150.43921192167,2149.451607953553,2
1036,1037,-0.0036086596104321638,1,2157.38199698647,2151.7541217066578,1
1040,1046,-0.005464892446405671,6,2145.3071192173556,2135.7285536655418,6
1049,1050,-0.0020337662960636074,1,2140.3080974183563,2138.095519044053,1
1051,1054,-0.0027895905822294177,3,2143.4828474009755,2139.6468906840964,3
1055,1057,-0.004989644069085476,2,2149.004056610802,2140.430295321904,2
1059,1060,-0.0029331877369096508,1,2144.5500496601653,2140.4042318029733,1
1066,1067,0.0005548712756504339,1,2135.363641735522,2138.683857325125,1
1068,1070,0.0018841562242470243,2,2141.402587373819,2147.578726974812,2
1071,1080,-0.004493612815355665,9,2153.65598183081,2146.1319416928186,9
1081,1087,0.01250310836323254,6,2156.4174403875472,2185.535778761465,6
1088,1089,-0.004738630778655998,1,2187.527000688232,2179.348644914318,1
1091,1093,-0.00564663123300147,2,2183.743043654214,2173.5959950227207,2
1094,1097,-0.00866370960179812,3,2158.649083523384,2142.105823815073,3
1101,1104,0.002174832681668899,3,2144.727367073734,2151.5365176119894,3
1105,1107,-0.000958353764630048,2,2152.5771564686397,2152.66680320355,2
1110,1111,-0.000714051123792913,1,2149.8226341142595,2150.437373480529,1
1114,1124,-0.006497253565412283,10,2142.130882303776,2130.355045673452,10
1126,1129,0.0017002613170830818,3,2123.635635073069,2129.370006230036,3
1130,1131,-0.002265842172323837,1,2136.6539382382975,2133.9492715756137,1
1139,1141,-0.003225854626012374,2,2147.564186468885,2142.784020789775,2
1143,1148,-0.001981760184981623,5,2148.0481331112446,2145.939264978732,5
1149,1150,-0.0027181363745801294,1,2148.8504960864757,2145.158477885615,1
1151,1152,0.0009868602572387954,1,2145.6463763586385,2149.909475869914,1
1154,1157,0.00149809960755683,3,2152.493327018146,2157.8704697536386,3
1158,1162,0.0014208016030457233,4,2159.659008291569,2164.8871142808734,4
1163,1170,-0.004999495991657611,7,2170.8455649541856,2162.1632768186437,7
1174,1180,-0.004861330563660051,6,2169.978330516452,2161.5993268663487,6
1182,1183,0.0009878810964887245,1,2164.055744158349,2168.3576296639094,1
1187,1194,-0.0024313325775008935,7,2215.917598341863,2212.745883294299,7
1198,1200,-0.0006846100477683624,2,2227.584878457381,2228.2874363457895,2
1201,1207,0.0028743453989697903,6,2223.1633765382344,2231.7766793372834,6
1209,1210,0.00027205770404077276,1,2247.8600277399605,2250.7194354058524,1
1218,1221,0.0018776139588151906,3,2286.6440837818973,2293.2241627162302,3
1222,1225,-0.0009654928399142887,3,2299.843341107417,2299.9227021697607,3
1228,1230,-3.428319981275832e-05,2,2280.6240325268345,2282.8264694699565,2
1235,1237,-0.005056989511535636,2,2298.6022334164822,2289.276828264319,2
1239,1240,-0.004413985965468902,1,2289.056007125407,2281.2412020429088,1
1241,1246,0.0078265777703928,5,2278.2123317046635,2298.3211500279226,5
1248,1249,-0.001629174559184076,1,2299.1798424174167,2297.733256953579,1
1252,1253,-0.0030152830748482284,1,2293.8478338331397,2289.2250811173385,1
1255,1257,-0.0018242415449865237,2,2293.2118223700822,2291.3216619146306,2
1267,1270,-0.002543299345399724,3,2374.782764744335,2371.1177640580386,3
1273,1274,-0.0030431419927267173,1,2389.3083774666557,2384.42668118708,1
1278,1280,-0.0009750906903054347,2,2382.235765011407,2382.295104859843,2
1283,1284,-0.007435566995055562,1,2356.584000719225,2341.4180465031204,1
1297,1301,-0.005947602854738692,4,2385.3217742737884,2373.520149453921,4
1307,1308,0.0006609993718420652,1,2337.118824831387,2341.000777731352,1
1309,1310,-0.0003242729115656805,1,2344.6892573076207,2346.2736273527444,1
1318,1319,-0.006693319284948791,1,2340.57603501149,2327.2503883334703,1
1320,1321,0.0006550863749929044,1,2335.608727960213,2339.4743621431744,1
1325,1326,-0.0035876715238381813,1,2337.1233952573675,2331.075687599764,1
1328,1329,0.000936083259801311,1,2345.3476314106624,2349.8884196982513,1
1333,1334,0.0031071614413466257,1,2399.8779338824697,2409.7346199964504,1
1336,1338,0.00014594369505503213,2,2424.8395889723342,2427.618318610837,2
1341,1342,-0.0034457891600171014,1,2438.9499849299223,2432.984827494957,1
1348,1349,-0.00026673888381254635,1,2418.2748745185313,2420.048101452269,1
1350,1351,-0.0038689534856702996,1,2423.664953819341,2416.711571801984,1
1355,1364,0.008837078778126919,9,2429.169267020834,2453.065196465923,9
1367,1372,0.0006778149162133499,5,2469.379872875132,2473.523035259639,5
1373,1375,-0.0037829756534727976,2,2473.763783906476,2466.8793595234215,2
1377,1380,-0.008998584679191343,3,2460.4205493276013,2440.740667217382,3
1382,1383,-0.001899811219661463,1,2449.6243702903216,2447.4201707979782,1
1384,1386,-0.006515384740447825,2,2443.903235072213,2430.424168462365,2
1387,1389,-8.731550103076107e-05,2,2420.681204423958,2422.890522636182,2
1390,1392,0.0006481218322073039,2,2432.2954559339755,2436.304175177279,2
1396,1403,0.007345488653359405,7,2444.5460679413695,2464.9469994139886,7
1404,1409,0.000361606429707185,5,2462.7881898013643,2466.1415380356048,5
1412,1413,-0.0013033516717451455,1,2448.7111695700596,2447.9683489431495,1
1422,1425,0.004122676576421314,3,2473.0961913514916,2485.7650632821646,3
1426,1429,-0.0019822537189314315,3,2493.943782660626,2491.4940971053015,3
1433,1435,-0.00023200951962005546,2,2525.993252598119,2527.9331913696183,2
1437,1441,-0.002320212795793669,4,2524.072023310118,2520.739711127439,4
1443,1444,-0.005328966882835902,1,2533.0054083702935,2522.0401118434143,1
1448,1454,-0.007001396649071746,6,2508.029077413975,2492.977400113008,6
1464,1466,-0.0008348982525948891,2,2411.987098858954,2412.3853221436943,2
1469,1472,0.006705566690034903,3,2420.161123432628,2438.8098363698678,3
1473,1475,-0.01039311925173006,2,2439.6146343337523,2416.6990431451895,2
1478,1481,0.0006486283213766942,3,2383.5227086193368,2387.452251661411,3
1483,1485,-1.0497190234699675e-05,2,2365.7800999979154,2368.12104605415,2
1488,1489,-0.0008984891924036012,1,2383.8722809648957,2384.114269765343,1
1490,1493,-0.0009466563758473334,3,2388.1789482684862,2388.306342388712,3
1495,1503,0.021731971034262634,8,2370.093313347729,2423.970205895249,8
1506,1509,0.002222590191071385,3,2421.8891667969856,2429.6939230697676,3
1510,1511,-0.002950571294229032,1,2427.64517794382,2422.909882947149,1
1516,1522,0.006116546156623099,6,2427.208558869623,2444.4819006105695,6
1523,1524,-0.00165121101060962,1,2450.663229559096,2449.067330680711,1
1526,1529,-0.00733761870011184,3,2449.4386392591023,2433.9150311341573,3
1532,1540,0.014577612468011994,8,2432.706879997967,2470.602645022842,8
1542,1545,-0.0007507784850310729,3,2480.606750830022,2481.224971402506,3
1546,1548,-0.0059906810476593715,2,2489.2502405064834,2476.827186508306,2
1549,1550,0.0006427862069903812,1,2474.0125726355323,2478.0768463657787,1
1553,1554,-0.003264861879047464,1,2484.9260647960923,2479.298050479684,1
1556,1559,-0.0026440548893485695,3,2480.7724429016803,2476.6939168375666,3
1561,1563,-0.004090481268511564,2,2474.2622849778254,2466.615623732717,2
1564,1565,-0.0044349322825567375,1,2466.7835057525162,2458.3102714545284,1
1568,1574,-0.011084108917982938,6,2470.019928125801,2445.111978140992,6
1575,1578,-0.006093672769408462,3,2437.6292015765775,2425.212716090592,3
1584,1585,-0.002045209494914468,1,2406.6432859442875,2404.1278395309464,1
1591,1592,0.000556618226775607,1,2406.2506339800966,2409.9962475751404,1
1595,1596,-0.006570178640309947,1,2384.4113686370297,2371.1297713617355,1
1600,1601,-0.0001748056714486471,1,2356.820753065329,2358.7655881841706,1
1602,1603,-0.004080748169882597,1,2362.10256151782,2354.825518374349,1
1604,1609,-5.292421501620513e-05,5,2361.9871149549626,2364.22409575598,5
1617,1620,0.0007851783814302573,3,2384.2406382873028,2388.4969331309007,3
1621,1623,-0.0007438818997822448,2,2386.756323104991,2387.3676146001476,2
1626,1627,-0.0036749853439522395,1,2378.5519872108257,2372.1893955052083,1
1633,1634,-0.0012047592108617167,1,2292.810190554767,2292.340716549493,1
1640,1642,-0.009558847665413015,2,2279.952691822596,2260.438924048938,2
1645,1648,-0.0011558633269866813,3,2150.348325999443,2150.0131655551727,3
1650,1652,0.0007709359788002511,2,2163.3892124736362,2167.220436266154,2
1660,1662,0.0015394123315655064,2,2211.7380603722017,2217.3545752769037,2
1665,1666,-0.009984773101141955,1,2182.5129212961506,2162.903537907994,1
1668,1672,-0.0019453014841603906,4,2130.040473156889,2128.0269427362923,4
1675,1676,-0.004927166114440498,1,2118.8493917716573,2110.528318238689,1
1678,1683,0.012649099714146239,5,2072.463403860548,2100.7506635137597,5
1686,1687,0.001969270691297151,1,2114.2064795375427,2120.484130872584,1
1689,1690,-0.0014564743796386676,1,2136.9447158433527,2135.969255329866,1
1691,1695,0.004483210977865495,4,2139.7163999451864,2151.4489163988846,4
1696,1700,-0.0004117396443988141,4,2157.9235844239315,2159.193005319065,4
1703,1704,-0.0015679264725925314,1,2151.194806397815,2149.973085919558,1
1705,1707,0.008041373715925088,2,2148.501104853383,2167.9265062714403,2
1709,1713,0.006088186175775499,4,2183.5655235990375,2199.043042557312,4
1715,1716,-0.0017262280858005487,1,2222.6560213732805,2221.0418661454855,1
1717,1718,-0.000855031198378032,1,2211.6742071990166,2211.9948309584124,1
1720,1723,0.004906640728439303,3,2227.5894169691246,2240.746987345635,3
1724,1728,-0.00933491893265902,4,2237.8796058603625,2219.2270607644655,4
1731,1733,0.0025857975264369764,2,2251.631960120897,2259.705856433945,2
1737,1739,0.0006674668883283345,2,2245.6980537838663,2249.4426809297343,2
1743,1745,-0.0025349100972687317,2,2264.625760257848,2261.1497633118934,2
1753,1755,0.0015182258147803575,2,2249.1836001105785,2254.8475523145576,2
1757,1758,-0.0014541775263592301,1,2259.8774066320298,2258.8510211016105,1
1762,1766,-0.007244578279510337,4,2249.9817342169704,2235.931547150184,4
1767,1768,-0.008338749970804422,1,2232.10891166482,2215.7280224545075,1
1769,1772,0.006178167296039365,3,2215.194435227463,2231.0954714767813,3
1775,1777,-0.005475705232479603,2,2244.1858677583714,2234.1415533273885,2
1779,1781,-0.006578555284655,2,2223.0233804143177,2210.6221215875958,2
1782,1784,-0.015105867949745399,2,2214.0870843635653,2182.855464322296,2
1787,1788,-0.005422331554562389,1,2145.1591399685076,2135.672535014267,1
1794,1795,-0.004073189851710188,1,2121.623256881194,2115.103105818994,1
1796,1798,0.001360451754637143,2,2128.847981756088,2133.8730247099797,2
1800,1801,-0.0006836924063381837,1,2160.9469891863223,2161.6305131285026,1
1802,1808,0.005725102921834553,6,2170.3346851591564,2184.930409291679,6
1820,1821,-0.00897547402777345,1,2181.5068502490076,2164.1082990234368,1
1827,1829,0.007249821223598627,2,2097.4682275508944,2114.7719654503676,2
1833,1837,-0.007491297973675545,4,2130.286917003604,2116.4585898559108,4
1843,1849,0.026565041336694673,6,2082.17041418861,2139.5655277257615,6
1856,1857,-0.0006496671327177056,1,2179.2988807863308,2180.0623608119017,1
1858,1860,-0.0025845166323736754,2,2185.1731427800423,2181.710699590691,2
1861,1870,0.012807717989092384,9,2179.399397492065,2209.4919297582333,9
1872,1881,0.025135575017467143,9,2187.9163818234956,2245.098834552589,9
1883,1884,-0.002606462220333644,1,2265.260225499118,2261.621170527629,1
1892,1894,0.000439312273399699,2,2312.886809873312,2316.215776245747,2
1895,1897,-0.004067064071688615,2,2319.696774429637,2312.582115795572,2
1899,1900,-0.00028948066499060127,1,2327.074542669323,2328.7279741258976,1
1901,1905,-0.009288399692816994,4,2339.0881351014646,2319.7008377210177,4
1906,1908,0.002412093861962977,2,2320.230472429219,2328.147316582534,2
1911,1912,-0.009860049406455303,1,2343.0166842780236,2322.257440695171,1
1916,1917,0.0014050339562157116,1,2312.730509688243,2318.292705095619,1
1918,1920,0.0012542009115021008,2,2315.140971646715,2320.359764535257,2
1923,1931,-0.00241368125400938,8,2314.684604368207,2311.4123781340677,8
1935,1936,-0.0017495129593460773,1,2321.704769728559,2319.9646219158717,1
1939,1940,-0.0026817819770079787,1,2295.57000336327,2291.7093551046537,1
1943,1946,0.004141355726136747,3,2287.8054585043383,2299.5678801987065,3
1948,1951,-0.01040003908493757,3,2302.269965466337,2280.6285378068756,3
1952,1954,-0.0048316999873641705,2,2277.29950965351,2268.5735811511463,2
1956,1957,0.005128440868884013,1,2260.809838732612,2274.665078145076,1
1958,1961,0.024850681354275102,3,2302.913497398262,2362.4453804059635,3
1968,1970,0.006453174780109776,2,2411.681522163494,2429.6562060621395,2
1978,1982,-0.004933106959855215,4,2428.0889041379673,2418.538970769955,4
1984,1985,0.0007937304246273826,1,2410.604656906183,2414.9286318210243,1
1986,1987,0.0013281757938619172,1,2424.764029136033,2430.4093060544947,1
1988,1989,-0.00352786395791718,1,2431.8247839405426,2425.6774617172496,1
1993,1998,-0.0101991887277205,5,2399.5593903679705,2377.4853906726016,5
673,674,-0.0021356570682650325,1,1980.3930135564678,1978.1439662326798,1
675,677,0.00019849827433961946,2,1984.3133519042135,1986.6915480322198,2
679,680,0.00014583566576606617,1,1987.095624538455,1989.3725095763389,1
681,683,-0.0030928843919783558,2,1992.6735583128286,1988.5031229243277,2
684,686,0.001535125969676981,2,1991.8680600577893,1996.917696505012,2
687,689,0.0013822152007460287,2,2002.1466928913708,2006.9162371773,2
691,692,-0.001450302340579689,1,2017.1211130298789,2016.2127986714488,1
698,701,0.00033906992141158007,3,2021.6525365531802,2024.359670656424,3
706,707,-0.00157925235860416,1,2014.5998956370772,2013.4329338958858,1
710,713,-0.007857816282752273,3,2004.3929626941049,1990.6472039975072,3
717,720,0.0043291985279308885,3,1998.3555191053135,2009.0051523960121,3
725,726,-0.0001281521165532835,1,2029.5045275664095,2031.2739467932138,1
728,731,0.0029433707443719814,3,2036.2038669953836,2044.2333737540703,3
732,735,0.0012730767269731685,3,2048.7223526574207,2053.379255757276,3
739,741,-0.0042737543934132155,2,2070.286241329678,2063.508632651502,2
744,748,-0.0022714275045426476,4,2068.5062423640634,2065.8762866342036,4
749,750,-0.002254609063555073,1,2066.271856863201,2063.6794934638115,1
754,758,-0.00427370453981981,4,2056.965591264513,2050.2316936701372,4
761,766,0.007724108274605487,5,2066.0240179560296,2084.0482351866135,5
773,774,-0.004058238842507399,1,2088.621495002751,2082.233991619438,1
775,776,0.0013460234276977913,1,2078.7651528731813,2083.6419846225035,1
779,781,-0.00042515317288313863,2,2078.2170537050533,2079.411710184436,2
782,784,-0.0021322583911379516,2,2076.739152731099,2074.3877473992143,2
785,786,-0.003985661838328335,1,2078.2101481646578,2072.005315433256,1
787,788,-0.0026009421564603943,1,2079.0906702754974,2075.76216637435,1
789,790,-0.0038955989275606005,1,2083.055510173249,2077.023816871942,1
791,794,-0.0022200158012263605,3,2078.1498641858193,2075.614488514196,3
802,808,0.0048312257042370105,6,2073.1176987877643,2085.206516000844,6
809,811,-0.001992890029754825,2,2088.370940174303,2086.2974174893743,2
812,814,-0.0031160010598594366,2,2088.097478289313,2083.679061812163,2
815,818,-0.005407125304238495,3,2085.269013457086,2076.078971621735,3
819,820,-0.0003078606415385781,1,2079.7310162326035,2081.170479923951,1
822,823,-0.002672558781710323,1,2079.3215617146757,2075.84377417663,1
826,827,-0.0018105863070632046,1,2067.1277132503074,2065.452127830996,1
834,835,0.001016798532567878,1,2065.2276782093095,2069.3928263601406,1
836,841,0.0023684791175699873,5,2068.1606883990785,2075.12724448973,5
848,851,-0.0028718353665771953,3,2078.1614551571583,2074.2714790479376,3
853,858,-0.002106341260669807,5,2072.570395087361,2070.277424943633,5
862,863,-2.1348059110541358e-05,1,2065.709172655251,2067.7307829463834,1
865,870,0.00441896708026241,5,2070.841463943503,2082.0632856650554,5
872,878,0.019474262005981083,6,2091.4621805095803,2134.283325168934,6
880,881,0.0013681344271304014,1,2162.322346603301,2167.4430165948456,1
882,885,0.0004988397993030544,3,2171.8567357505485,2175.112001064476,3
888,891,-0.001969509388120964,3,2172.1967161938787,2170.0907510846832,3
892,894,-0.004308186854154999,2,2169.8256554334907,2162.6474667243774,2
895,896,0.0005723773055711966,1,2165.1243971089343,2168.528789574687,1
899,902,-0.0025417830346746682,3,2164.69315371789,2161.355666538211,3
909,911,-0.002465756971892088,2,2162.12394515226,2158.9547969055584,2
912,914,-0.005011297328922528,2,2163.7610529099907,2155.081563978026,2
919,922,0.0020143546044533904,3,2152.0678517327833,2158.55494737075,3
923,924,-0.0035480188758705675,1,2162.1902555329225,2156.680953948601,1
925,928,-0.0019670706636377836,3,2156.538708209963,2154.4531828902536,3
931,942,-0.010626072438836818,11,2152.029750791492,2131.314156519841,11
945,947,-0.009281240649531362,2,2123.415919332156,2105.8314011051207,2
952,954,0.0007521192181038478,2,2114.646349332397,2118.3514618405557,2
955,957,0.0021755321128904006,2,2117.106636673876,2123.8295767850473,2
958,962,0.001329154524570423,4,2132.6060969939244,2137.5732661338643,4
963,966,0.00047204597096502424,3,2138.9204218921855,2142.0690110814467,3
970,974,-0.0015540814658034636,4,2149.3840586903766,2148.193124820563,4
975,977,-0.0073109313569749736,2,2146.8853618374874,2133.3365156876366,2
983,985,-0.0037818028024819827,2,2122.4540182303613,2116.549769694309,2
986,987,-0.0021636903588815124,1,2126.8078397443514,2124.3328939660473,1
990,992,-0.0005499823215315673,2,2132.1391274432394,2133.098627743543,2
996,997,-0.004259864151315938,1,2140.9387669812754,2133.9595974446306,1
1004,1007,0.00038389500041126866,3,2140.8028694645473,2143.7655158524653,3
1015,1019,0.003986448790314238,4,2131.9180907507703,2142.5487911354435,4
1020,1021,0.0003425159887048635,1,2145.9681137776156,2148.849110281613,1
1027,1029,-0.0001585504232024398,2,2141.3692811978144,2143.1711354732456,2
1030,1031,-0.0022518793893148235,1,2149.223933268238,2146.5333641231573,1
1039,1045,-0.0044175390490869566,6,2146.1780493535016,2138.8434020635427,6
1046,1052,0.00032297202609761814,6,2138.9579872262148,2141.787768808313,6
1055,1057,-0.0035310085331589224,2,2144.550915043715,2139.1230383779457,2
1062,1068,-0.005517415021027012,6,2147.0163067080466,2137.3173429937337,6
1071,1072,0.0007660356371517085,1,2154.0816973159654,2157.8858823587616,1
1074,1075,-0.003740175649211897,1,2160.350593306563,2154.430853217024,1
1076,1079,-0.00659216214703613,3,2157.3535664478386,2145.2892954957756,3
1080,1081,0.0016642589233681784,1,2151.389399779816,2157.121258185819,1
1082,1083,0.002900430847161632,1,2167.1708266934174,2175.623726636921,1
1086,1090,-0.008587948870803285,4,2192.8742505147625,2176.2348328217554,4
1094,1096,-0.005120616364447644,2,2156.7540459439806,2147.866889928175,2
1102,1104,-0.0019118152155783237,2,2151.0263891872632,2149.065050596492,2
1107,1110,-8.304031241008233e-05,3,2152.705537628063,2154.6794818253197,3
1112,1113,-0.0003454094946252445,1,2144.674280412757,2146.0781638338367,1
1115,1116,-0.004312858096368433,1,2134.4818086268174,2127.410573285557,1
1124,1127,-0.0007718012446505991,3,2126.1431814532043,2126.6283646809065,3
1128,1131,0.0031590942838472637,3,2126.5774790178484,2135.42211525499,3
1134,1135,7.449983998089127e-05,1,2139.2768456677522,2141.575498296097,1
1137,1138,0.0004068147351581422,1,2143.080778008934,2146.095695626071,1
1139,1141,-0.003817497840484582,2,2148.5982956556454,2142.544624597567,2
1143,1148,0.0024331948565824513,5,2146.9852639901283,2154.3562827556175,5
1149,1152,0.0006344313238936289,3,2147.3221232783826,2150.8317738191586,3
1153,1154,0.0014709305166438792,1,2154.38836442642,2159.711708380784,1
1157,1158,-0.0012981737890866258,1,2158.26399968986,2157.6204619352234,1
1161,1162,-0.0004493215766675657,1,2165.4112646161816,2166.6037098772467,1
1169,1170,-0.00307173377571736,1,2167.1722470245973,2162.682443082639,1
1171,1175,0.0018987845214996487,4,2165.3270321694527,2171.6038486542902,4
1176,1181,-0.010905616628242368,5,2180.7430565872414,2159.1414519039868,5
1187,1189,-0.003020571021336933,2,2214.4613353256896,2209.9868589236594,2
1191,1196,-0.002203658792640492,5,2216.328548406745,2213.660845062075,5
1197,1198,-0.0017788756021367969,1,2220.63220314285,2218.9026068985027,1
1199,1200,-0.0020678841436844167,1,2228.3915701062183,2226.011906082582,1
1201,1211,0.011547195667873714,10,2228.00133463332,2255.956503327248,10
1212,1213,-0.0006592187263563772,1,2259.6915046673375,2260.4615652163397,1
1217,1222,0.001820275503178292,5,2287.5539063442793,2294.005438588542,5
1223,1233,-0.006691112584384415,10,2307.158146855658,2294.0278500919226,10
1236,1238,-0.005581881387914492,2,2296.711101486451,2286.1878436371335,2
1240,1242,-0.0007956064476811561,2,2279.362187929544,2279.828074864156,2
1245,1248,0.0010352922162154012,3,2290.5723735769916,2295.234357699611,3
1249,1252,-0.004307127405611101,3,2296.7408533251164,2289.1452387054983,3
1257,1261,0.01594818345282863,4,2293.31978103938,2332.187385404436,4
1264,1267,0.007214728461399746,3,2350.512937814233,2369.8217633433837,3
1270,1271,-0.0020403709295214977,1,2375.1794300930155,2372.7083624615493,1
1273,1277,-0.002331466708188054,4,2388.5990113775215,2385.4186713146614,4
1280,1285,-0.017939067214038644,5,2378.9822391254775,2338.684499075927,5
1286,1287,-0.002210616661591976,1,2347.867345287927,2345.0249779605138,1
1290,1295,0.010206658404902005,5,2360.5798379067555,2387.0340497876755,5
1296,1300,-0.0082428044240206,4,2384.5069908994715,2367.2364731166767,4
1303,1304,-0.010738158156198645,1,2346.953434234038,2324.0984305062334,1
1305,1306,0.0004367866715866554,1,2326.8398808996035,2330.1830534273963,1
1307,1309,0.0007217410794970961,2,2336.963785008192,2340.987431558138,2
1310,1311,-0.0002543362481571823,1,2347.8780487318945,2349.6287762865813,1
1314,1317,-0.0037286229700485866,3,2368.48131989284,2362.0186273592494,3
1318,1326,-0.004207824311221136,8,2338.579892831317,2331.07813939736,8
1329,1331,0.009253388803486327,2,2350.900687305009,2375.0053860903304,2
1333,1334,0.004669957954760112,1,2397.0596294039565,2410.6508567177298,1
1337,1341,0.0031001133218733134,4,2427.424818330881,2437.3775351663653,4
1342,1343,-0.0026446810097362234,1,2434.003983279699,2430.0008231507763,1
1347,1348,-0.003752664500185607,1,2423.142646183603,2416.4725474425677,1
1351,1357,0.010943460768727032,6,2420.339663237647,2449.24689505252,6
1359,1361,-0.006146034041924575,2,2477.966582306873,2465.2148819195704,2
1363,1367,0.00195589291183831,4,2457.2261148925563,2464.489412148351,4
1368,1370,-0.002473671890553192,2,2470.3930763574685,2466.7525275222233,2
1371,1372,-0.0013505662626789,1,2468.0483194397225,2467.1831049642656,1
1375,1376,-0.004702479293140141,1,2473.2013637560576,2464.044386918985,1
1379,1380,-0.00288081332158894,1,2446.3432447422138,2441.7421297783235,1
1389,1390,0.0010333930136012556,1,2425.313914024618,2430.2455303931856,1
1393,1394,-0.0017929915338769217,1,2437.329237483401,2435.396456032806,1
1395,1397,0.0027534776937789174,2,2445.12668287091,2454.3044113335295,2
1398,1401,-0.0008135970930209471,3,2461.1345272942112,2461.5932899245654,3
1402,1404,-0.002411335018694209,2,2464.0861208813476,2460.6084698498694,2
1405,1408,0.001991276013709301,3,2459.356738185896,2466.713353005986,3
1409,1410,-0.006336736364533374,1,2469.823107406347,2456.6423126150867,1
1411,1412,-0.004743430537912614,1,2452.7777696935523,2443.5959664877682,1
1414,1415,-0.000284524052283879,1,2450.4921693993847,2452.2454376066567,1
1417,1421,0.0012216834545514762,4,2461.004852974893,2466.472426738318,4
1426,1431,0.0009421409901688342,5,2494.33022264625,2499.1745636146684,5
1432,1440,0.0005598194919432691,8,2517.270004668512,2521.196491488278,8
1442,1447,-0.014011758031820067,5,2537.2054480473057,2504.1919446802985,5
1448,1461,-0.03170849459925365,13,2511.8981542767256,2434.7615433722435,13
1468,1470,0.0022171908839960226,2,2419.8011097384874,2427.5860718098215,2
1471,1474,-0.000910544527053774,3,2429.1699639707217,2429.3872665187155,3
1479,1484,-0.010007034038626076,5,2389.170546111721,2367.6512056788097,5
1485,1488,0.0033830948318613746,3,2373.6225643957214,2384.026377190514,3
1489,1497,0.0021077819106977724,8,2388.517022372232,2395.940012367754,8
1498,1500,-0.0024303057162091022,2,2408.8738411023155,2405.4284150777603,2
1504,1507,0.001676692344755949,3,2421.3320119396535,2427.813172800125,3
1508,1512,-0.006280727349709657,4,2430.5924830557824,2417.757186854511,4
1516,1518,-0.0016536913659041291,2,2425.0760958093333,2423.4908445038423,2
1519,1520,0.0007099059626681542,1,2428.8044847619108,2432.9575120325603,1
1532,1533,-0.002646121564965292,1,2430.307360289612,2426.3067789343454,1
1534,1537,0.007907236781759051,3,2429.1364514270576,2450.7733449751204,3
1538,1539,0.003940051110026344,1,2446.379646378364,2458.4648868660015,1
1540,1543,0.005339855517106034,3,2464.9645383071634,2480.5920573348208,3
1544,1547,0.000634358201439267,3,2479.5634160288982,2483.615910833874,3
1548,1555,-0.0017819554924186133,7,2479.230994116592,2477.292345823768,7
1560,1562,-0.00341933144113721,2,2472.006546256405,2466.0259430963497,2
1564,1568,-0.0012506843989350998,4,2469.527462797772,2468.9083907901068,4
1569,1576,-0.012136991195309286,7,2464.5619171414523,2437.1141127699534,7
1584,1585,-0.003286394233477289,1,2409.620407666597,2404.111065461639,1
1587,1589,-0.003531093716545944,2,2410.0667170028346,2403.966612278972,2
1590,1591,-0.0021770856517301217,1,2407.6305287921123,2404.7965414420037,1
1592,1594,-0.004799573068101469,2,2405.928794034659,2396.787291785075,2
1599,1600,-0.0008577233799636859,1,2351.6449969235887,2351.9795810252763,1
1606,1607,-0.009250482352923813,1,2357.4866151584256,2338.036213442807,1
1613,1614,-0.001113634762117547,1,2377.4448212351062,2377.1746608583976,1
1615,1617,0.0018660192299528831,2,2375.707500402914,2382.516323783812,2
1621,1622,-0.002667990635495254,1,2389.459674846121,2385.474078484584,1
1623,1628,-0.012194984595824836,5,2388.117923630205,2361.3829802621517,5
1644,1651,-0.019631801213016647,7,2204.7285372259057,2163.6504733916477,7
1652,1656,0.007476087628509762,4,2171.8137136145574,2190.2221969639536,4
1659,1661,0.0075684532093301575,2,2196.322438157237,2215.141524201189,2
1666,1667,-0.014596018239268573,1,2171.173080118702,2141.653771320799,1
1668,1670,-0.012107456071148222,2,2135.0298214071595,2111.315071455288,2
1671,1675,-0.001488663172084057,4,2118.3576009816156,2117.3224376367116,4
1676,1678,-0.020519131851406316,2,2110.998691249435,2069.793829456791,2
1680,1682,0.006880962275231915,2,2076.97681969804,2093.3453956606113,2
1683,1685,0.0029716224668387397,2,2105.1515576626784,2113.512424885192,2
1687,1692,0.0033244426859373863,5,2124.048103353699,2133.233427638826,5
1695,1700,0.0028905611147976083,5,2151.0105852544784,2159.3792233949875,5
1701,1702,-0.003065836263754304,1,2154.325672319404,2149.8751882215897,1
1704,1706,0.0014706632533807362,2,2153.1297927219116,2158.449451380549,2
1707,1709,0.004079646352592137,2,2169.307885732275,2180.327202621684,2
1711,1714,0.006857593384988013,3,2196.113488369374,2213.369655188268,3
1715,1721,0.005474927928814249,6,2216.3245335990678,2230.6750752209846,6
1725,1735,0.0011889868228973752,10,2239.608905513047,2244.5113798956586,10
1738,1739,-0.003644228529024797,1,2250.6586046812713,2244.707348989678,1
1742,1744,-0.0008184964619186618,2,2267.187674277349,2267.5991768617246,2
1746,1747,-0.0012076517268434105,1,2259.0503732232423,2258.5812775122163,1
1748,1749,-0.005190591380184495,1,2254.6231553884795,2245.174951027944,1
1752,1753,-0.0026143682645072067,1,2248.3777799410736,2244.7480702065136,1
1754,1756,0.0016048316727017608,2,2255.1946718055565,2261.069074314784,2
1764,1773,-0.004267103037552922,9,2238.9961150315776,2231.6810840230887,9
1780,1783,-0.004612585247022698,3,2214.955593005169,2206.953877107068,3
1785,1789,-0.01770848500151536,4,2168.5919418332114,2132.358055898684,4
1790,1795,-0.0003248643675469241,5,2115.498795358092,2116.92704397525,5
1806,1818,0.0038544124322043545,12,2174.6963783082874,2185.253251443417,12
1820,1822,-0.010301367978281056,2,2179.953914437769,2159.677360903889,2
1823,1831,-0.023948579680053025,8,2153.930151318224,2104.500513615429,8
1835,1836,-0.003596388476670166,1,2127.2477565637796,2121.724595001615,1
1843,1848,0.02533707007136136,5,2080.4901994109428,2135.2842155756093,5
1850,1851,-0.0013024544384832156,1,2150.4775004439934,2149.827078979126,1
1852,1854,0.00021897334395772224,2,2151.261381112985,2153.8837113924474,2
1855,1867,0.013339187595589254,12,2168.2553087920464,2199.346328419948,12
1869,1872,-0.014257994742177527,3,2216.8004899768293,2187.41016073626,3
1874,1875,-0.005276450523600451,1,2171.442352240809,2162.156286456601,1
1877,1878,0.0029777538213836014,1,2187.2177364953495,2195.917950204892,1
1879,1880,0.0066052152206740695,1,2211.3953061275724,2228.213443368661,1
1882,1890,0.013562455075417767,8,2257.447845661436,2290.3218284989794,8
1892,1894,-2.0932242118364836e-06,2,2314.4079681357643,2316.717531529105,2
1895,1899,-0.00019637369832663134,4,2322.359372585964,2324.225681659712,4
1903,1904,-0.002736145954665739,1,2330.485447412106,2326.4393845301743,1
1905,1917,-0.0044406307272989555,12,2321.815434336964,2313.826924810467,12
1918,1922,0.0021623386398467435,4,2312.4431808279405,2319.755909251123,4
1927,1931,0.0012646482592937355,4,2299.4065600797953,2304.6139071434886,4
1934,1935,-0.0002967911046698092,1,2316.0618603236844,2317.690535625999,1
1936,1941,-0.014575911409700975,5,2325.53884769203,2293.9675383159447,5
1942,1944,0.0024318887416464405,2,2287.7504476828044,2295.6017526879036,2
1947,1950,-0.009280506025113381,3,2304.6723509620997,2285.588497674046,3
1959,1964,0.01704365294203651,5,2331.116570042266,2373.1784283995394,5
1965,1968,0.010209331428355648,3,2387.096787791429,2413.8545468373463,3
1969,1971,-0.0005716629329984487,2,2428.8359214499774,2429.8762819047993,2
1973,1974,-0.0012916322870442135,1,2442.290100466157,2441.5778498185327,1
1977,1979,-0.0009564732663769527,2,2431.74106122927,2431.8469069746825,2
1981,1988,-0.000184559115727782,7,2422.97072861611,2424.9465180096186,7
1989,1991,-0.007091374935163483,2,2427.8744450694917,2413.0853515290714,2
1994,2000,-0.010885853511757915,6,2395.779174508763,2372.094852543049,6
673,674,9.304361523638951e-05,1,1981.322399856991,1983.4880716558796,1
676,678,0.0013241647509925369,2,1986.4567310949276,1991.0735838087103,2
681,682,-0.0012523784235897676,1,1989.1606798790597,1988.658658642405,1
683,690,0.006264392900517804,7,1998.5995727883462,2013.1181853358878,7
691,692,-0.0014238281972413138,1,2016.5599379126538,2015.7052629495392,1
694,695,-0.00349846865078475,1,2017.5726000576112,2012.531758165685,1
698,700,-0.003247368510208236,2,2022.5099683798603,2017.9646431653412,2
702,708,-0.007893279533607335,6,2024.7561297607124,2010.7989197708869,6
718,719,-0.0007154579096718526,1,2000.9724449018304,2001.5418057839918,1
725,729,0.0020626077644859235,4,2032.9735679956261,2039.1997686299642,4
732,740,0.007966773214517092,8,2047.7057299924934,2066.0670428834032,8
741,746,0.0009652666584088567,5,2062.1330646678807,2066.185706025075,5
747,750,-0.0047101782975129125,3,2070.823373287012,2063.14024934946,3
751,753,-0.0015992229888398928,2,2063.46833093619,2062.23185327555,2
754,757,-0.005433436999048961,3,2055.5430247000327,2046.4299042011905,3
758,759,-0.00014620863675460043,1,2053.111125498345,2054.8640540450783,1
762,763,-0.0026805332488138087,1,2075.1747683984518,2071.6873682030587,1
764,768,0.003085611096408045,4,2074.3720925957964,2082.847170235385,4
769,770,-0.0006874765515483144,1,2091.3531888571906,2092.0067857677027,1
773,777,-0.0007170983426032828,4,2084.8221482577364,2085.411947898856,4
779,781,-0.00154820151967066,2,2076.3111449047033,2075.1729079797574,2
784,787,-0.004161299679609109,3,2078.137879913809,2071.5682632998537,3
789,790,-0.0034449564087948663,1,2077.7771571757994,2072.697082599315,1
792,795,-0.0003708314057206482,3,2074.0141988003866,2075.319103398361,3
796,798,-0.001301231652519331,2,2071.6444263059893,2071.0203814320207,2
802,805,-0.0010226891281071104,3,2074.9939579582738,2074.94687815454,3
808,810,-0.0035160717418130237,2,2089.0090028725854,2083.7529063520647,2
811,812,-0.004690881985613024,1,2090.8184535293026,2083.101489363984,1
813,816,-0.00217745317318639,3,2085.5849274507927,2083.129248860016,3
817,818,-0.0037580085304006272,1,2080.701757603686,2074.9631644069955,1
819,821,-0.0019181888330527498,2,2078.5796388263498,2076.6711102133686,2
822,825,-0.006879405747549304,3,2080.3981735863226,2068.166668607348,3
830,832,-0.0022446591806888384,2,2059.4063828957487,2056.8431238345083,2
833,836,0.0036755321106516125,3,2060.601089363771,2070.235495924335,3
841,844,-0.00016761527147010407,3,2075.1025400520302,2076.829823716503,3
845,846,-0.0014918502638368856,1,2079.2426621501895,2078.21998609823,1
847,851,-0.0038501675309473757,4,2079.730839307773,2073.803257996468,4
856,857,-0.002814432039503904,1,2075.5524166425444,2071.7864678381184,1
860,861,-0.001276964866728545,1,2066.2256119428475,2065.6533400416047,1
862,863,-0.0033165313084254225,1,2069.433805524405,2064.639897323194,1
864,868,-0.0035808579901574025,4,2071.13506730993,2065.789761822768,4
869,870,0.002082781337257037,1,2074.945636453704,2081.3422401375865,1
871,872,-0.0013752003996640478,1,2094.0420587225617,2093.2563733052157,1
875,885,0.027437770986239115,10,2112.240884821131,2172.3083073714456,10
888,893,-0.004569027143699682,5,2172.3242337146603,2164.571149559616,5
895,896,-0.0006788200737268318,1,2164.1209632743394,2164.81603548577,1
899,901,-0.0029272923882013727,2,2164.3168749808337,2160.1456035420274,2
902,904,0.0014155954521767448,2,2164.1128718723444,2169.3404930836364,2
905,906,-0.002767494260423794,1,2167.5245025975364,2163.6934154798673,1
909,910,-0.00030263858828382946,1,2164.40892972677,2165.9183049935355,1
911,914,-0.005730080408024638,3,2164.0147855706323,2153.778821630729,3
919,922,0.0015928191480475938,3,2152.187791721974,2157.768025438545,3
923,925,-0.0022533275664205644,2,2160.4151809204172,2157.707473019256,2
926,928,-0.0017923050224469398,2,2158.1311701554027,2156.4212719901893,2
933,936,-0.0062988074219890704,3,2148.080682519364,2136.698416655799,3
938,939,-0.0016923845522331734,1,2139.2218067686513,2137.7406426358443,1
941,954,-0.00875967900641295,13,2136.0238029097004,2119.4489438490637,13
955,959,0.008685492603128772,4,2114.2647805511947,2134.742476444279,4
963,968,0.0035333526630391436,5,2138.6544843906154,2148.349759392748,5
969,970,-0.003821119730572512,1,2151.0330250856973,2144.964703377515,1
971,979,-0.011723381453511508,8,2152.5999221235797,2129.5167720418494,8
980,982,-0.005267236401483014,2,2130.771170373655,2121.678666072206,2
983,986,0.001974391974014726,3,2121.2963261805003,2127.6058929475985,3
987,988,-0.0023774361483249566,1,2129.3751078896603,2126.4420296427097,1
990,992,0.0016676658311944627,2,2128.3745632395944,2134.052355337932,2
995,998,-0.005113208714035644,3,2143.1718924913757,2134.356579187504,3
1000,1002,-0.00349928081148921,2,2146.6995678745457,2141.3343628365246,2
1009,1010,0.0008453982720296965,1,2140.901587263,2144.8524033527206,1
1011,1013,-0.005073887329865905,2,2143.5620072116835,2134.829377109722,2
1017,1018,-0.0002505644634981204,1,2133.9122727935874,2135.5115024825964,1
1019,1020,-0.0008158582858106299,1,2145.4922938550035,2145.887368483774,1
1021,1025,-0.0023800965633477395,4,2150.1258576438363,2147.158476336937,4
1028,1032,0.002547585993305963,4,2137.84624812406,2145.4304415297465,4
1036,1038,-0.001126591761728777,2,2151.8824046642258,2151.609994079586,2
1039,1040,-0.0026124480815035477,1,2147.6899030495024,2144.2268645856657,1
1042,1045,-0.0027241739709744583,3,2144.152746697223,2140.455854341574,3
1046,1048,-0.0030889821787620413,2,2139.426665091528,2134.9574409153834,2
1053,1054,0.000657158797110782,1,2141.8206097490074,2145.369946614286,1
1063,1066,-0.004827920480318088,3,2147.3208123208233,2139.101039005527,3
1078,1082,0.007161389277696902,4,2147.351284007214,2164.876653751959,4
1087,1091,-0.0028504456850725634,4,2183.7078822577664,2179.6670494295836,4
1092,1093,-0.006726524837017798,1,2178.6363454046636,2166.160330261874,1
1096,1097,-0.003855176806748719,1,2150.348900320154,2144.209274013542,1
1098,1101,-0.00010355730816026228,3,2143.031563928867,2144.952668912733,3
1105,1107,0.002000267652970861,2,2152.360203582572,2158.8178602789226,2
1108,1115,-0.01639186387759583,7,2160.0265177759243,2126.77968364232,7
1117,1118,-0.0010030023554831909,1,2128.1915665780803,2128.185176990461,1
1120,1125,-0.0009415458301965452,5,2122.954269677447,2123.0783652068117,5
1127,1131,0.0036227386123153784,4,2124.453180757985,2134.2739725067313,4
1132,1139,0.0016824157808890154,7,2139.6563643784016,2145.39581237589,7
1140,1142,-0.00048336734056848526,2,2145.4170701134753,2146.525462639998,2
1144,1149,0.0002158896161843641,5,2141.4747229749146,2144.078519853901,5
1151,1159,0.00691536582497384,8,2144.596031443217,2161.571293578877,8
1160,1166,0.0004964498856335094,6,2162.735431596232,2165.9718567854998,6
1167,1168,-0.00016891139267491341,1,2164.1008925411825,2165.8994521380755,1
1170,1174,-0.0009631147350931314,4,2166.1465627241937,2166.226461613987,4
1175,1185,0.009081180975698534,10,2170.6899010368998,2192.573018771374,10
1191,1193,2.680500127839186e-05,2,2214.028990227653,2216.3023662677942,2
1194,1195,-0.0010504557451638382,1,2217.36171129892,2217.2498326614786,1
1196,1198,0.001566286851365538,2,2217.1977192537156,2222.887684607514,2
1202,1204,-0.0020295812745973196,2,2226.980677156495,2224.6878195524046,2
1207,1208,-0.0003011839050682869,1,2232.2380557020797,2233.7979795831234,1
1210,1212,0.0014819392554818863,2,2248.318070914675,2253.8982597936874,2
1217,1230,-0.0007885976098308472,13,2284.325891717061,2284.8088036704953,13
1235,1237,-0.005985272245663785,2,2295.56225101962,2284.1182482414183,2
1238,1240,-0.006157354170711488,2,2287.3934543065907,2275.5965561349644,2
1241,1242,-0.0017551365232511803,1,2282.365254875287,2280.6417575119312,1
1245,1249,-0.0019883092201094872,4,2294.219281335484,2291.9518832667873,4
1255,1263,0.020566703056859564,8,2291.722342818647,2341.1472380749874,8
1264,1266,0.0076371079789979,2,2346.8296086748646,2367.099429413299,2
1275,1285,-0.021753002747222652,10,2388.528351190171,2338.9592157561024,10
1286,1289,0.0015788459873333945,3,2343.480084551437,2349.523558763878,3
1290,1294,0.010487905701437268,4,2359.3843739205117,2386.488759121555,4
1295,1297,-0.0010118017831777385,2,2384.718659128349,2384.690515195794,2
1300,1301,-0.0029248188152144897,1,2372.3664124784823,2367.800036971161,1
1305,1312,0.014953055821341241,7,2323.4329575634238,2360.498813232577,7
1314,1316,-0.002609393687175404,2,2372.4739977261984,2368.65575305127,2
1317,1322,-0.010188999483008603,5,2360.9172664008347,2339.2227988604513,5
1324,1325,-0.006995254356849475,1,2348.1239805705945,2334.046380045656,1
1327,1328,-0.0009123544204579447,1,2339.251751812259,2339.4567768877414,1
1333,1337,0.011257365653563407,4,2396.7984026113345,2426.1768370300183,4
1338,1343,0.003549968393573387,5,2425.6673984106715,2436.7041084067614,5
1346,1353,-0.0022218126388533848,7,2425.5812484452244,2422.6176426193083,7
1354,1355,-0.0010650778912653478,1,2427.8103589252646,2427.6523621467136,1
1356,1357,0.005514545747079005,1,2436.751404590301,2452.6257330897633,1
1359,1360,-0.002365662140495467,1,2473.5090703578567,2470.131092666297,1
1364,1372,0.004676489889008118,8,2459.915293999811,2473.8789782940175,8
1373,1376,-0.00345653538084115,3,2471.9780592316497,2465.905557668484,3
1379,1382,-0.0022209494390074643,3,2445.9749236176253,2442.988511906808,3
1384,1389,-0.008893526120467957,5,2443.084836055393,2423.800282087471,5
1391,1395,-0.0008040069362134206,4,2436.7092368623103,2437.1868149712,4
1396,1403,0.006639097542095972,7,2441.9343842335497,2460.588559186108,7
1405,1408,0.0015664713483899907,3,2463.9534747744974,2470.277140771272,3
1410,1411,-0.006749036701351379,1,2462.2710825734734,2448.1153957510824,1
1412,1414,-0.004373076519052371,2,2453.7542559315907,2445.477555067383,2
1416,1417,0.0007433216583256342,1,2453.5852029884736,2457.8625912133907,1
1425,1429,7.266564260954497e-06,4,2489.725634113393,2492.233451498819,4
1431,1435,0.008444115076765561,4,2506.65707489072,2530.3302327639767,4
1437,1448,-0.006774276056759695,11,2519.9063619531807,2505.355726982078,11
1449,1454,-0.007713376220118259,5,2508.867494110886,2492.0245227364944,5
1456,1460,-0.018700586178821144,4,2482.694811340093,2438.7496578762557,4
1461,1466,-0.014666897087886079,5,2439.8007603706756,2406.4562544637433,5
1472,1474,-0.002756159882838712,2,2436.5662970649587,2432.2872970821763,2
1475,1478,-0.01645190502597388,3,2419.114035961655,2381.7341156309753,3
1481,1483,-0.009640869661391438,2,2382.388213637846,2361.8023076009663,2
1487,1491,-0.0011378126475558646,4,2384.360031011663,2384.031436043063,4
1492,1493,-0.003164873540709604,1,2394.38227654942,2389.1987417125742,1
1494,1495,-0.006021899289864512,1,2372.1398005042556,2360.227153324644,1
1496,1502,0.012515600349561649,6,2382.8486730316067,2415.054303389785,6
1505,1506,0.0008638255494177549,1,2412.360558180124,2416.8567774228677,1
1508,1510,-0.0017871022467563153,2,2426.3629673796527,2424.453171636582,2
1511,1514,-0.004779891032205734,3,2426.9638202718033,2417.79016149207,3
1516,1517,-0.003876792780714695,1,2422.303354372568,2415.334889570008,1
1520,1522,0.0005334067414303235,2,2436.98294826185,2440.7198343434657,2
1526,1530,-0.008555225608323948,4,2450.2602373540462,2431.747968461731,4
1531,1532,-0.002479175489554054,1,2428.9801542040605,2425.3872662953486,1
1533,1534,-0.0013831318606544706,1,2428.080498218088,2427.150223218987,1
1535,1536,0.009235172092466278,1,2429.473037852051,2454.339112488474,1
1537,1541,0.010230457936017574,4,2452.8529817280005,2480.399643962532,4
1546,1548,-0.0057279491817227085,2,2492.0009125951865,2480.21885891963,2
1549,1552,0.0005168950111898143,3,2476.084938832267,2479.840899723264,3
1556,1569,-0.006145431207943278,13,2479.404202018134,2466.6465982599643,13
1570,1571,0.00011059779055462267,1,2460.57544007269,2463.3081497199278,1
1573,1574,-0.0033353158471523983,1,2447.5119697633595,2441.796256274276,1
1578,1580,-0.0025629347971931277,2,2423.1577866074804,2419.370548983702,2
1582,1584,-0.0020729267186561946,2,2409.004950131259,2406.4202643548883,2
1588,1592,0.0033684642136941256,4,2400.5470928397676,2411.0337969081256,4
1597,1601,-0.005397558665134522,4,2367.65028714721,2357.2384061109574,4
1606,1607,-0.0048942666565066715,1,2356.3208014630836,2347.144659933913,1
1608,1609,-0.00119008752271455,1,2364.006765530866,2363.5573973411256,1
1616,1619,0.0011234243475812798,3,2384.725583168941,2389.7893675345417,3
1621,1624,-0.0020552084928652237,3,2390.87965263494,2388.356776120061,3
1625,1626,-0.007794425080667194,1,2386.1274581003972,2369.9150938534112,1
1630,1635,-0.024113188120215737,5,2337.752514160752,2283.7196005224473,5
1637,1643,-0.020890317298379778,6,2289.1620572758998,2243.6298976092703,6
1650,1658,0.010540170795061154,8,2164.347807758772,2189.3247511202244,8
1659,1660,0.0044113718056784795,1,2193.4182313267934,2205.2876329018563,1
1661,1668,-0.03989235160887433,7,2216.8780980817082,2130.658495617102,7
1671,1674,0.0005948283892743395,3,2119.259730460699,2122.6395860430835,3
1677,1680,-0.01201265743628821,3,2094.2919096895466,2071.228190316546,3
1681,1683,0.0041806952216654324,2,2090.5782641653386,2101.4089129890176,2
1684,1685,-0.0009539726835875876,1,2109.7303685468264,2109.8274737740444,1
1687,1693,0.008741805129584466,6,2117.9025958909933,2138.5347902636045,6
1696,1699,0.0022017886525976514,3,2158.2768210987547,2165.187167333713,3
1702,1705,-0.0025590963158809467,3,2152.3812465227593,2149.0254768509344,3
1708,1710,0.004144805410104072,2,2176.3531209377356,2187.550034248633,2
1711,1713,0.0039044838297959857,2,2192.8000114200236,2203.5545636180095,2
1714,1715,0.0015494955297412215,1,2215.2391662093714,2220.88690856093,1
1716,1719,-0.0018554647839517852,3,2217.962572080164,2216.0651832076264,3
1720,1721,-0.002556191469997764,1,2227.4822760617953,2224.015887144217,1
1722,1724,-0.0020811706073566444,2,2236.4717789549736,2234.053771403385,2
1725,1726,-0.0005550791594841532,1,2237.204068948311,2238.199447663073,1
1732,1736,-0.008265630293051546,4,2258.9616542557933,2242.5488740297906,4
1740,1746,0.0028956133970401343,6,2249.3606092966534,2258.1232486210038,6
1748,1749,-0.0055446558147854924,1,2256.917677706826,2246.6607636593435,1
1750,1755,0.00132299697581599,5,2253.4954249179527,2258.7302879750523,5
1757,1758,-0.0009267823752637862,1,2261.9845601721768,2262.1501773088626,1
1759,1760,-0.0071826543976086675,1,2267.474354201826,2253.455343914355,1
1764,1765,-0.0027423078605289027,1,2241.737066563767,2237.8312704514537,1
1767,1768,-0.003950550367184472,1,2223.2134271644786,2216.653723970629,1
1770,1775,0.009081621931187056,5,2217.4406448813643,2239.796043117906,5
1777,1778,-0.007488472341565187,1,2244.9791559323667,2230.412670771709,1
1779,1780,-0.006238900227413967,1,2224.5730001902007,2212.9186841936053,1
1784,1785,-0.0102696238603542,1,2183.405047537087,2163.1657040116193,1
1789,1792,-0.010376011225816432,3,2137.3028955609857,2117.263519619236,3
1800,1808,0.010990611140501597,8,2161.1579260073136,2187.07153031128,8
1811,1817,-0.006717367968223764,6,2205.7267140031436,2193.1157627418465,6
1818,1819,-0.004752173555037037,1,2195.9681681187562,2187.728514430638,1
1820,1821,-0.010860395163133228,1,2184.8609226719977,2163.317330597964,1
1824,1826,-0.022300762413983127,2,2138.249093311636,2092.70275739309,2
1830,1831,-0.0020458140939503267,1,2108.9327348049355,2106.7271832276833,1
1832,1834,0.0017249420080771272,2,2124.359867976099,2130.14862542062,2
1835,1838,-0.00821927342025788,3,2124.840644728479,2109.5008391397073,3
1839,1841,-0.010700704233654528,2,2101.0319251787946,2080.6504358871694,2
1843,1845,0.008141196297902192,2,2082.662763216187,2101.7007923570777,2
1847,1848,0.0015517425014846468,1,2129.219229452133,2134.652448654904,1
1849,1855,0.007302873535863861,6,2142.730723373161,2160.5215455907382,6
1857,1860,0.0005521306716363633,3,2180.4121656707684,2183.796450269915,3
1864,1870,0.013949396719428943,6,2179.0819784628593,2211.6579394430587,6
1872,1884,0.03259023671257031,12,2186.2323146285107,2259.668375585553,12
1885,1888,0.005433122262193621,3,2273.7198298415933,2288.3469474969384,3
1889,1890,-0.002133680465163233,1,2291.95683579069,2289.358489098957,1
1892,1893,0.0022020402314573543,1,2309.6669042742146,2317.0625506229662,1
1894,1896,-0.0035192041934328628,2,2319.067053871814,2313.2248504248482,2
1897,1898,0.0006736274802921745,1,2316.8254144552234,2320.702917135895,1
1910,1911,-0.0025736428822306736,1,2344.653960006544,2340.9643119910857,1
1917,1933,-0.005099906494264924,16,2317.285665511217,2307.7850109621204,16
1939,1953,-0.014087953332892204,14,2300.6207020439097,2270.5102856588733,14
1956,1957,0.003114746009037459,1,2263.9521426017595,2273.267730645182,1
1962,1965,0.0037186817767727908,3,2371.0830626023667,2382.271449041083,3
1967,1974,0.019698360784131827,7,2394.2512254322364,2443.8083011040826,7
1976,1981,-0.006079362431970444,5,2432.7848695172597,2420.4278734459676,5
1982,1985,-0.004881777137473673,3,2423.599969045982,2414.1920940957575,3
1986,1990,-0.00377617821473343,4,2423.1515055997857,2416.424405178941,4
1992,1996,-0.00863438785133767,4,2401.435767241069,2383.102275193876,4
1997,1998,-0.002654267013050683,1,2383.2207128909536,2379.278229480799,1
1999,2000,-0.00025114375026338376,1,2376.537528126229,2378.3172131069,1
673,679,0.004445206013809108,6,1980.3959555620047,1991.1796195289542,6
680,681,-0.002958498932235321,1,1993.3209884598846,1989.4170714323836,1
682,683,0.00014633863442032485,1,1991.3525520597711,1993.6353164249488,1
684,686,-0.0012555827007432801,2,1995.191016854777,1994.6810805461905,2
687,690,0.007072679940346697,3,1995.7298426338336,2011.840730900815,3
698,701,-0.0007753813348731235,3,2019.1711975546575,2019.6247410937149,3
704,705,-0.0035594971927969954,1,2030.1391065303374,2024.9429711861856,1
706,707,-0.0022853199181438978,1,2017.8827257394364,2015.289100879565,1
709,712,-0.00935312567083878,3,2012.4407442771947,1995.630573835131,3
713,714,0.0004561846079534761,1,1992.1889218141503,1995.0899166582315,1
715,716,-0.003530279375237768,1,2003.0723154000302,1998.0039828332638,1
717,719,-0.00024031041519551662,2,1999.5346069864413,2001.053632601825,2
720,723,0.00796188846298495,3,2004.4983997229588,2022.4624908055077,3
730,731,-0.0006577955520319939,1,2044.4916587969428,2045.1912929364166,1
734,738,0.00861634746131058,4,2050.288791553972,2070.0050809695854,4
741,743,-0.0008243185106438447,2,2064.41894739155,2064.7816275868827,2
751,753,-0.0021121646027398074,2,2061.3480442252207,2059.0554858965065,2
759,769,0.015587393009387291,10,2057.222649713622,2091.346610312235,10
770,772,-0.0007254588020855304,2,2091.8830934443295,2092.4574015347007,2
775,782,-0.004655518870374168,7,2082.6927881500437,2075.079465361769,7
783,784,-0.0019896318021499107,1,2077.6421328223873,2075.5860320942597,1
785,786,-0.00396520669418394,1,2079.350430837099,2073.1847270200265,1
789,792,-0.0028439824502820444,3,2080.255500718552,2076.4195460831243,3
795,796,-0.006118078233968566,1,2076.944943219266,2066.3149765122243,1
799,800,-0.0023563557148405696,1,2075.368125972794,2072.553188554733,1
806,808,0.006338815975777065,2,2076.1504695445365,2091.386955778547,2
811,812,-0.0031350227925612878,1,2086.2792370047614,2081.824983282109,1
815,816,-0.0015266776322037153,1,2087.838099296378,2086.738481669816,1
818,820,-0.0039430348435787205,2,2081.9803153443395,2075.852974732636,2
821,822,-0.0021778656769278325,1,2080.424149773088,2077.9736895736187,1
828,829,-0.0018588160371097715,1,2063.4542554978793,2061.6821278914153,1
830,837,0.0009528641226495547,7,2065.1880223052917,2069.2210539005773,7
839,840,2.946946994727799e-05,1,2074.748609514739,2076.88449986605,1
843,849,-0.0023824597085626204,6,2077.840316800451,2074.9677862816475,6
853,857,-0.0064874855694928586,4,2077.9056348713707,2066.503157685246,4
861,868,0.0019216701727670644,7,2065.3387092851576,2071.3729477887373,7
870,872,0.0018326256829780934,2,2086.9718820538415,2092.8834922066003,2
875,876,0.002658019809518647,1,2114.6697859680735,2122.4052899357353,1
878,879,0.0015823728119848533,1,2138.744308649822,2144.2673438042666,1
880,887,0.0030790500082200876,7,2163.004078830194,2171.8270806357264,7
889,890,-0.003530716482238378,1,2174.4565752620783,2168.953642167151,1
892,899,-0.0035713722357060577,7,2169.0306626367214,2163.4532774124223,7
902,903,-0.0023777782788081177,1,2166.8209412798624,2163.8355424529004,1
907,908,-0.004721869769117093,1,2165.6516678788944,2157.591394405778,1
912,913,-0.0031573742737575606,1,2166.4308079773355,2161.7570058863294,1
916,917,-0.00039380596194345165,1,2143.930950422555,2145.230588582706,1
918,931,-0.0007516132570071642,13,2150.645383887383,2151.1795756896195,13
934,935,-0.005701494779264393,1,2151.9200828409353,2141.8028418060644,1
937,940,-0.004191172814479506,3,2141.275576803973,2134.442396394967,3
942,950,-0.0079116734156538,8,2130.661324619649,2115.9348893845136,8
952,959,0.007137815375459384,7,2118.461206162287,2135.7008523381087,7
961,964,-0.005296287459265686,3,2143.609969311057,2134.400404682349,3
965,967,-0.0004392393717355035,2,2142.7991074875863,2144.0007048613456,2
970,975,-0.0038731065854695937,5,2150.684857265026,2144.505710438348,5
977,982,-0.007006128509181176,5,2134.720739996191,2121.8993329005593,5
985,987,0.0007576191031343721,2,2123.1548777583316,2126.8865753303926,2
990,993,0.0004429749229264328,3,2134.238751629971,2137.318404628111,3
994,996,-0.0030905108577808133,2,2141.1329729736594,2136.6569112457055,2
998,1001,0.002004351048607457,3,2138.463543395494,2144.888238584503,3
1003,1007,0.0015509852730166878,4,2142.691134125412,2148.1571076531895,4
1010,1012,-0.004267294382558042,2,2144.6078388593005,2137.6007737146056,2
1013,1023,0.006303971807843289,10,2132.292715468735,2147.866921348588,10
1024,1026,-0.005797843040573548,2,2151.8817570607603,2141.557366148509,2
1033,1035,-0.0009028969696411389,2,2150.0592195763325,2150.2679968420043,2
1038,1040,-0.005285362182652693,2,2153.5423887279812,2144.313679616587,2
1041,1043,-0.00033371751050863523,2,2143.7918838956593,2145.2202548890127,2
1044,1052,-0.0001652830656849435,8,2141.6954089056826,2143.483118331641,8
1055,1056,-0.0013337086106222213,1,2149.438316858911,2148.721030784574,1
1058,1065,-0.0030303662294738423,7,2139.080454572501,2134.7373378554094,7
1066,1067,-0.003196699853993895,1,2139.2694016020596,2134.5700688199067,1
1076,1077,-0.0038574301218060633,1,2155.884732885274,2149.7244429103857,1
1078,1079,-0.002735600698826218,1,2151.753083235485,2148.01849908052,1
1080,1081,-0.00010839183768121465,1,2154.154140102903,2156.0748015171116,1
1082,1084,0.006804004022847994,2,2167.746735608278,2184.6638398534806,2
1090,1093,-0.0055866082090346705,3,2181.4162886958416,2171.4109868387873,3
1097,1103,0.0015032054198833205,6,2144.03998453562,2149.406957045356,6
1109,1110,0.00019172194026483556,1,2153.4427477219983,2156.009052691563,1
1114,1116,-0.0064274292254556985,2,2137.5295420474167,2125.9282517406336,2
1117,1125,-0.0038191928954285914,8,2131.4339107770593,2125.424987438721,8
1126,1127,-0.0026896743943443796,1,2122.2199051125035,2118.634044479667,1
1129,1130,-0.0004133476964459107,1,2131.3218496433105,2132.572194516019,1
1135,1138,-0.0003488265299150962,3,2144.006013724956,2145.4021335607963,3
1139,1141,0.0005935993928464598,2,2142.8952162559535,2146.3101327715126,2
1145,1152,0.0016488438220785295,7,2145.27670523156,2150.9592081788614,7
1154,1159,0.0014388422196207735,5,2156.6585264339665,2161.9182763015388,5
1161,1166,0.0014927307092499043,5,2164.627769510066,2170.023603625219,5
1167,1169,-0.0017646711560616974,2,2166.218224108028,2164.5617795143175,2
1171,1179,-0.0019780029125917925,8,2169.282021604696,2167.160457469334,8
1183,1184,0.0022633257921949486,1,2175.444330465464,2182.5435140585564,1
1188,1189,-0.004201173828333164,1,2211.9802255747027,2204.8992923678024,1
1190,1192,-0.0003447442082028144,2,2206.806681449688,2208.2527043090845,2
1195,1198,0.003928918697289005,3,2212.807224474376,2223.713971376584,3
1202,1203,-0.0009483229158319689,1,2226.264823522423,2226.3798703970883,1
1205,1206,-0.0039893529141871,1,2231.804829794171,2225.133177522329,1
1207,1208,0.004105393670542313,1,2228.9270300734443,2240.306580024882,1
1211,1219,0.00793141230435894,8,2260.142994806099,2280.329263759521,8
1226,1227,-0.007615565075633596,1,2294.024762210601,2278.8484921110817,1
1228,1234,0.005126165192850814,6,2277.6388651437906,2291.5920570813187,6
1239,1240,-0.005915458526549682,1,2286.348737535087,2275.110285138504,1
1244,1247,-0.00012806913037419676,3,2294.1408759743917,2296.141208223424,3
1248,1250,-0.0011618461563156525,2,2297.872358697282,2297.500456888323,2
1251,1252,-0.005757770030004729,1,2298.4429216460867,2287.5074587978024,1
1253,1259,0.002128601548626792,6,2294.2391010049505,2301.4168610092747,6
1260,1265,0.014594414843511132,5,2315.245170219488,2351.3500638683263,5
1267,1274,0.0030673050497776423,7,2372.239788126933,2381.888410996465,7
1277,1280,-0.004348412366617849,3,2384.6812150232163,2376.6963189523913,3
1281,1283,-0.011817962982359778,2,2377.680994934605,2351.9593299475423,2
1285,1287,-0.0005534083451309289,2,2341.763103847374,2342.8089157072327,2
1289,1290,0.0007755691449440902,1,2354.4832399426964,2358.6637877358266,1
1296,1298,-0.0037890822239689897,2,2382.656985549011,2376.011559304801,2
1303,1304,-0.011848253674526806,1,2346.745163252157,2321.287076411729,1
1305,1306,-0.0004159356196174181,1,2328.2838569169867,2329.6437245852317,1
1307,1309,0.0019856237240116386,2,2331.6594097409566,2338.620867390994,2
1310,1311,-0.00029013642331361764,1,2349.1186627599086,2350.786216535916,1
1314,1317,-0.005288731246651693,3,2372.064472380909,2361.8913253591368,3
1318,1321,0.0014869605267881347,3,2335.3287510428368,2341.1366214637537,3
1324,1326,-0.005184294462393212,2,2341.216272122048,2331.419933839343,2
1328,1332,0.01891272117107223,4,2342.952042602768,2389.606593344311,4
1333,1341,0.013512971993646237,8,2402.338570264686,2437.2036426541936,8
1342,1345,-0.001087262582925889,3,2435.0528327806146,2434.840343780865,3
1347,1348,-0.0034644015730968584,1,2422.9379308157786,2416.96683876756,1
1350,1351,-0.002320466018100648,1,2422.84520687858,2419.645922115779,1
1354,1357,0.009512659891948223,3,2424.241799452359,2449.727028985846,3
1358,1362,-0.0031352934223754948,4,2466.340668514063,2461.074307507248,4
1363,1364,-0.00139415818005583,1,2452.764522759362,2451.7977455589657,1
1367,1369,-0.002127820290011979,2,2469.407000961011,2466.6219536410294,2
1372,1378,-0.00995648477917124,6,2473.990563592822,2451.8323047661897,6
1379,1386,-0.009360807093586998,7,2446.6201579223775,2426.164438750707,7
1387,1389,-0.0008480569913046204,2,2420.4460545825987,2420.813824438517,2
1393,1394,-0.002990852185154939,1,2442.363007066968,2437.500623337407,1
1397,1398,0.004079217751464053,1,2450.7046239296337,2463.152286359092,1
1399,1402,-0.0025707111279316573,3,2465.424491185966,2461.552021502585,3
1406,1409,-0.0004090434785844547,3,2463.2924050515026,2464.748103762421,3
1412,1414,-0.0012067628426723873,2,2448.721366813584,2448.215062222869,2
1415,1417,0.0002584337157624209,2,2454.0095298874276,2457.09773821864,2
1420,1422,0.001031705937383381,2,2466.3487939637225,2471.359689452077,2
1423,1429,0.004751737437824359,6,2479.1856883301375,2493.4453134690243,6
1430,1431,-8.996791708647332e-05,1,2501.2745815647104,2503.5508216821104,1
1432,1433,0.0006440021506067535,1,2518.1063507503227,2522.2461230064127,1
1434,1435,-0.0008089758875204978,1,2526.131905074441,2526.614457179614,1
1437,1438,-0.005311052508268528,1,2524.41630515296,2513.5334139087163,1
1439,1441,0.004799998900942344,2,2515.605846070669,2530.196357213083,2
1443,1444,-0.0012014870789680135,1,2524.7220027204307,2524.2133038588963,1
1445,1446,-0.005056972818002123,1,2516.4599673821253,2506.2507576968655,1
1447,1450,-0.005182104664989722,3,2506.6614886751627,2496.178367969824,3
1453,1456,-0.0062837896890571504,3,2498.0670429940074,2484.867782109662,3
1459,1460,0.0005025735857494714,1,2439.8968156476312,2443.5629401547776,1
1461,1462,-0.0046663828300651435,1,2438.557668934101,2429.6169829665973,1
1467,1468,-0.0014268470893107805,1,2414.5201682403695,2413.489537334474,1
1472,1476,-0.012941164622436458,4,2432.8479321317286,2403.7968944727895,4
1478,1482,-0.005936584806412031,4,2380.2691284076705,2368.5187279932015,4
1483,1487,0.0035985815509086373,4,2365.7477249373346,2376.6268087793355,4
1488,1492,0.0027732731962379995,4,2381.3243220358845,2390.309709271772,4
1495,1497,0.010264482059887087,2,2365.6060348359943,2392.253361576165,2
1501,1503,0.001877833951224143,2,2410.786948188132,2417.724792716796,2
1506,1507,0.0027770502287842087,1,2419.121553877063,2428.258697495591,1
1509,1513,-0.00765011497014037,4,2433.4709554694514,2417.288093839082,4
1514,1516,-0.001003228043025178,2,2420.15510521884,2420.147292854033,2
1519,1523,0.007655973690766178,4,2433.165608610272,2454.2270261036797,4
1524,1526,-0.0013826135804756038,2,2450.76279612449,2449.825100996168,2
1529,1531,-0.004036285273498893,2,2433.725773937212,2426.336288210072,2
1534,1538,0.004011145310546257,4,2437.0852687484116,2449.2978571643016,4
1541,1546,0.002001987680354837,5,2475.844646260131,2483.2771013866763,5
1549,1554,-0.00042941889802887564,5,2477.561585229621,2478.9752350491226,5
1558,1560,-0.004178272467721857,2,2475.1429569344305,2467.27627822073,2
1561,1565,-0.003540152554513348,4,2472.687544774661,2466.4065411912884,4
1567,1573,-0.010352309306352052,6,2468.904343683421,2445.8143866134974,6
1575,1582,-0.01379370980826413,7,2438.417459228765,2407.2210538639874,7
1585,1587,-0.0011851319662824402,2,2403.909091746449,2403.46405132953,2
1588,1589,-0.003733218542176497,1,2408.26641090079,2401.684092492015,1
1594,1596,-0.012985044413246247,2,2396.0834996429844,2367.3663324819167,2
1598,1599,-0.0036795901383267614,1,2353.497841100734,2347.1914314951473,1
1601,1607,-0.005281990182711788,6,2354.829216958664,2344.745861369684,6
1608,1613,0.009164083834647358,5,2353.512605470404,2377.4339048983047,5
1616,1617,-0.0018241460455784234,1,2382.7641755302425,2380.8004298574333,1
1620,1621,-0.004341333896505817,1,2396.2244432785014,2388.217857322539,1
1622,1628,-0.012682144245172933,6,2389.838680460228,2361.9202402723977,6
1630,1631,-0.00979160114642471,1,2341.7135602593926,2321.126148638418,1
1639,1642,-0.011611045032664701,3,2287.6684939313286,2263.393940522415,3
1643,1648,-0.04243705488191391,5,2238.970624013,2146.19427538678,5
1650,1654,0.003591526647898461,4,2162.118582644667,2172.0460077327966,4
1658,1659,0.00047687669483332303,1,2193.4485051163524,2196.6879580948757,1
1660,1662,0.0005480456777469673,2,2209.3582541980245,2212.7784416940303,2
1666,1670,-0.02392685676795716,4,2168.566991221676,2118.8485664222167,4
1673,1676,-0.010975808414499535,3,2129.7330397462692,2108.4872309677307,3
1677,1679,-0.015920079988932977,2,2096.842404635813,2065.5573482344603,2
1681,1683,0.006031435640489391,2,2089.1151590429395,2103.8046378293207,2
1684,1685,-0.0035326336234085603,1,2115.586129238813,2110.228124674686,1
1688,1689,0.0015591787622689264,1,2129.691558458526,2135.1418198651163,1
1691,1697,0.01101741329791429,6,2139.148488283905,2164.855519773221,6
1699,1701,-0.004272356965120372,2,2163.405524920109,2156.326089782257,2
1702,1705,-0.005351575748486124,3,2155.259066397334,2145.8802933122947,3
1707,1712,0.010619520163800234,5,2170.5288118021194,2195.7493150969635,5
1713,1714,0.0029431099128699005,1,2204.8981294564683,2213.5922851275964,1
1715,1718,-0.004308381463773528,3,2217.216137069973,2209.880740300911,3
1720,1721,0.0011352741072037124,1,2221.945429580009,2226.689892123411,1
1722,1727,-0.004137766044744508,5,2236.7528456173795,2229.7344384879157,5
1729,1730,0.0072185258144831605,1,2230.6649262542246,2248.997703534107,1
1732,1733,-0.004747888873623923,1,2264.7257107449486,2256.2377704518376,1
1734,1735,-0.004063919102665283,1,2249.652701192704,2242.7599473071573,1
1741,1743,0.0009076281978992061,2,2258.1924524025926,2262.500244001079,2
1744,1746,-0.003408810181200367,2,2262.873288767455,2257.4224565507056,2
1747,1750,-0.008610665689625433,3,2261.847747325738,2244.6335802800095,3
1754,1757,0.004480029236479191,3,2248.2402513246293,2260.5606736325176,3
1761,1764,-0.008336435974864845,3,2251.901273067206,2235.380343555632,3
1767,1769,-0.006825305086713663,2,2227.547376067679,2214.5712330069764,2
1771,1777,0.00659034621195381,6,2221.730786646999,2238.5944925074064,6
1779,1780,-0.006183022709934873,1,2223.6877684718593,2212.162344268065,1
1783,1787,-0.02876348057565878,4,2208.8465090434074,2147.521241894969,4
1788,1792,-0.011376023746821277,4,2140.6478061553603,2118.4363936851114,4
1793,1795,-0.0033872818693673305,2,2124.372456837758,2119.300980987766,2
1797,1799,0.005463433920738903,2,2128.9599150068507,2142.7203067373994,2
1802,1806,0.001745687662809867,4,2168.9165678487025,2174.8717353107086,4
1809,1810,0.0025899470069541725,1,2196.986604542767,2204.8736700280638,1
1812,1818,-0.005384130936067972,6,2204.127881312426,2194.464696080914,6
1819,1828,-0.0347827567735923,9,2187.3151781688944,2113.421641517628,9
1829,1830,-0.004701925985084501,1,2112.268620214,2104.449158121351,1
1833,1834,-0.0015333884785639978,1,2134.0589335937925,2132.920651146037,1
1836,1837,-0.0032656492994654136,1,2120.340774585824,2115.5368259952556,1
1842,1843,-0.0029068941178226875,1,2085.366189949464,2081.389617428343,1
1845,1850,0.01942121178771667,5,2102.5767494969323,2145.513914598338,5
1851,1858,0.01271677358251163,7,2148.8776984556157,2178.35336730184,7
1859,1860,-0.0005388382641361913,1,2181.047917406127,2182.05373324972,1
1863,1865,0.002268414103626635,2,2172.3487271090535,2179.448862326732,2
1866,1874,-0.008999910724535532,8,2189.434348554601,2171.9190692289326,8
1876,1878,0.01038638165561014,2,2173.6240867205406,2198.3738001477677,2
1883,1886,0.007864181252980496,3,2261.0940968133505,2281.1368447175482,3
1888,1892,0.010509027817619546,4,2286.717030061379,2313.0349199713796,4
1894,1897,-0.004222565255830474,3,2321.0311626604944,2313.551488278005,3
1898,1900,0.0019227036276648671,2,2323.681507426281,2330.4729397975734,2
1901,1902,-0.002433965934130684,1,2336.5513898318923,2333.2008547355276,1
1905,1907,0.001487635066679334,2,2319.801568723738,2325.572388453833,2
1908,1914,-0.012979282562365687,6,2332.8633404737725,2304.917311338853,6
1915,1917,0.00023035390968163664,2,2310.871456885276,2313.7146466170266,2
1918,1924,-0.004568986384171909,6,2314.9623518605267,2306.700282746866,6
1934,1935,-0.00031475045475737654,1,2315.772859059588,2317.3597413581438,1
1936,1938,-0.009974139492379838,2,2322.467384027082,2301.6252377563205,2
1941,1945,0.0018451046573268364,4,2294.6370050601245,2301.1654874900955,4
1947,1949,-0.0035313498918369155,2,2301.6431069384257,2295.81684290863,2
1950,1951,-0.0075733529184031905,1,2293.5029924244914,2278.4269878358714,1
1955,1961,0.04610730062797683,6,2256.7251733140906,2363.0334044881206,6
1966,1970,0.01877175844655227,4,2383.7473081169524,2430.87818409066,4
1972,1975,0.0040253092798952506,3,2431.030536868722,2443.247217185357,3
1976,1978,-0.005164605086969174,2,2435.3179247913135,2425.1757873733404,2
1980,1981,-0.00234370729498646,1,2424.0005876618484,2420.7434403891557,1
1982,1984,-0.006961340226271381,2,2422.3817442991326,2407.9411025634568,2
1987,1991,-0.010658097706530572,4,2428.6231167272217,2405.1672373735314,4
1994,1995,-0.0004750135218957232,1,2392.2579826406077,2393.513885733631,1
1996,1998,-0.001967027082038056,2,2382.121285905779,2379.817710109609,2
680,684,-0.0023802783603258685,4,1992.2247993352164,1989.4749745557895,4
685,687,0.0022574249024678358,2,1994.4691451466458,2000.9659786072502,2
689,690,0.001988367421321678,1,2008.4024370094075,2014.4042814210695,1
691,692,-0.001992175237733817,1,2015.0236066353277,2013.024350109375,1
697,701,0.0005912383005353676,4,2018.951990840876,2022.1646245756442,4
703,704,-7.195429886600578e-05,1,2027.0449691067706,2028.9261594763555,1
708,711,-0.009000667028757698,3,2017.7563870466165,2001.6129900487074,3
717,721,0.0067843775866220654,4,1997.8655658756245,2013.4177058077107,4
722,729,0.007086514931703268,7,2024.32913302568,2040.698900786574,7
732,733,-0.0012153600271677706,1,2048.4056996152085,2047.9645549080888,1
736,737,-0.0023481514802060435,1,2068.4973209016666,2065.708673176691,1
739,740,-0.0011725228133788,1,2065.203560588693,2064.8472658602204,1
741,746,0.0008624369349646229,5,2063.47377999907,2067.316869781271,5
749,752,-0.002828825686421771,3,2063.2793165908947,2059.5059383784505,3
753,754,-0.006094249093581177,1,2062.2145099907175,2051.7090755924273,1
756,757,-0.0010343305712044446,1,2052.7471140659,2052.676642084936,1
758,762,0.004216246125444602,4,2054.4314108663293,2065.1478307532525,4
770,772,-0.0024633062751563935,2,2090.1631406406755,2087.1045918008754,2
783,784,-0.0002859145675730725,1,2074.95167727589,2076.4333700416223,1
787,788,-0.001335448877986533,1,2076.4591133077856,2075.7625674280416,1
790,792,-0.0019573996598313396,2,2076.099301237798,2074.111644473017,2
795,796,-0.004197026092834488,1,2074.32952228157,2067.697836673699,1
798,800,-0.0005709478968405378,2,2076.2575499963655,2077.148372664892,2
801,803,-0.0032171553094182516,2,2076.1533574248233,2071.5502029852423,2
807,808,0.0014060008193613315,1,2082.7025574174777,2087.71354147711,1
809,811,-0.005631676925137611,2,2095.058223946167,2085.3545911134956,2
812,826,-0.011577061129971752,14,2086.541569357549,2064.472091628227,14
827,833,-0.006338418288359926,6,2067.6362102900234,2056.598303331336,6
836,837,-0.0010734915775449515,1,2070.0116901735337,2069.8595617488863,1
842,843,-0.0014071668536155828,1,2077.340852125767,2076.49502778712,1
848,849,-0.0035467480589241374,1,2081.1912638470635,2075.890994035611,1
853,855,-0.0028815698233461344,2,2076.1309469476246,2072.224561608533,2
858,862,-0.005338862177437443,4,2072.833722088685,2063.8399822517977,4
866,868,-0.0014669978988830303,2,2068.8729141598287,2067.90675485586,2
870,872,-0.00036551783996226824,2,2087.109335251054,2088.433568890319,2
877,879,0.00828803698433542,2,2124.3979946458676,2144.1294817895864,2
883,887,-0.00499225960560274,4,2184.500052602767,2175.778961284324,4
888,892,-0.004474020624036493,4,2173.378489842393,2165.828128144843,4
893,895,-0.0010329293580644836,2,2167.857769688296,2167.786383523565,2
896,904,-0.0009869097458701085,8,2166.721043184529,2166.749406113613,8
906,912,-0.0033450473114614403,6,2168.1053288143053,2163.021019242004,6
915,921,0.0020188912072173363,6,2150.6294794708397,2157.1219958963966,6
928,931,-0.004444359138740199,3,2158.6166284410033,2151.181577529796,3
934,935,-0.002610290699603109,1,2145.4100544140815,2141.9553205566235,1
936,942,-0.0014820211206235858,6,2134.961839910332,2133.93274321177,6
943,945,-0.002166044792010887,2,2128.885213983059,2126.4028384665053,2
947,949,0.0021064199276290647,2,2104.6955009703815,2111.233569016187,2
951,953,0.0005299315807216708,2,2117.379107946001,2120.618553111608,2
955,963,0.005673127898898622,8,2120.3013251294365,2134.4503670562294,8
969,970,-0.0018922113586376846,1,2150.8320916635676,2148.913094840863,1
971,981,-0.0152987169509338,10,2153.9834900529127,2123.1842898116615,10
984,987,0.004927106894330448,3,2116.475474574405,2129.020050951436,3
989,990,0.0014267985802955438,1,2128.0540410560407,2133.2183995816677,1
993,1000,0.0013843444963067423,7,2143.26154288769,2148.3718167516204,7
1006,1008,-0.0035060605128309523,2,2148.9798107520855,2143.594337305489,2
1009,1014,-0.00920713274892794,5,2147.0232373455133,2129.4023326215856,5
1019,1020,-0.0007097620074860108,1,2143.2693697640607,2143.8914279633577,1
1021,1025,-0.0015452475241653765,4,2149.0331708996628,2147.8614158838805,4
1027,1030,0.0014540123290716898,3,2140.138678862943,2145.390605566796,3
1033,1034,-0.0024198846738214346,1,2148.9333151092246,2145.8820776300367,1
1036,1038,-0.00305419699115913,2,2156.5668964328993,2152.1368832030134,2
1040,1041,-0.001393713623249403,1,2145.8578148292017,2145.0129613739473,1
1046,1048,-0.004024605245740857,2,2138.860605572551,2132.3913965650277,2
1049,1051,-0.00019769228412726042,2,2139.481616389058,2141.198138997855,2
1052,1053,-0.0035866238466588933,1,2148.6925206635046,2143.134661350419,1
1054,1056,0.0006556117167676283,2,2145.1582485183862,2148.709797648954,2
1060,1061,5.275382084424284e-05,1,2140.7302567315933,2142.9839186887643,1
1068,1069,-0.002241991854640051,1,2142.9553806855015,2140.293847557833,1
1072,1074,-0.002531675574712262,2,2156.5962433563873,2153.293037565922,2
1079,1082,0.004198839444584802,3,2153.7634429823497,2164.960513324031,3
1084,1087,0.0012945974552629213,3,2180.2264936879087,2185.229235852222,3
1095,1096,-0.004056807719686008,1,2152.974514913038,2146.3932857955647,1
1099,1100,-0.000744977840020089,1,2143.8005686568426,2144.3472853084277,1
1106,1107,-0.0005392951666033775,1,2153.9250773175245,2154.917401011419,1
1111,1112,-0.0036254553756084086,1,2149.0201087039563,2143.377952307269,1
1115,1118,-0.00452137738877245,3,2134.6093097918265,2127.0925448344624,3
1120,1122,0.0009188099982893839,2,2127.757613256328,2131.8403758385807,2
1124,1125,-0.003523081461696615,1,2126.9670747936166,2121.6005635975657,1
1126,1128,-0.001432869127114089,2,2124.334766948467,2123.4152080122,2
1130,1131,0.00012174621138964976,1,2133.723493610604,2136.1169898557146,1
1132,1136,0.0026682320387317825,4,2137.1505387205398,2144.9901027982673,4
1139,1141,-0.004384860215302258,2,2151.525168330533,2144.2425563860293,2
1147,1149,-0.0031196979385194703,2,2148.92396221902,2144.368892526269,2
1153,1154,-0.0011931607195496403,1,2155.5757635059717,2155.159390940449,1
1156,1162,0.0016516035611943841,6,2156.837336693937,2162.5564142568314,6
1163,1172,0.00038537312459443356,9,2166.8662534372215,2169.868171709324,9
1173,1179,-0.002810234559183846,6,2166.7531097499577,2162.8307783894693,6
1180,1181,-0.0029985859738684045,1,2159.5899408612363,2155.2738146961237,1
1182,1184,0.007712852423631819,2,2164.623655621617,2183.483702085751,2
1185,1186,0.0033228174314566946,1,2193.842109403696,2203.3256883160902,1
1189,1192,-0.0010223554081918323,3,2208.835632732496,2208.7862533102975,3
1194,1198,0.00299519562014242,4,2216.5719113972514,2225.4275497893964,4
1202,1204,-0.0014405984666514948,2,2225.4794069368263,2224.4988641225655,2
1205,1207,-0.0006067105829401951,2,2230.3295949387993,2231.206759965044,2
1211,1213,0.00047945559669700815,2,2254.3104513192957,2257.6456035331926,2
1218,1219,-0.000654432717583612,1,2280.0361274316247,2280.8240333199924,1
1220,1221,0.0022748331482179925,1,2286.5851990854667,2294.0733840916564,1
1222,1223,0.002815923402144651,1,2297.490402994095,2306.257450389083,1
1226,1227,-0.006928990732085244,1,2293.0953311529383,2279.4995901867446,1
1228,1229,-0.0025446215119887157,1,2281.508946516685,2277.9848787181004,1
1230,1233,0.00036226586559918983,3,2288.7845252651227,2291.902458297603,3
1234,1241,-0.011872353974131632,7,2297.643497356578,2272.6627039469554,7
1245,1246,0.0006609265265729517,1,2295.378853570413,2299.1913091968427,1
1247,1248,-0.0032262948175616002,1,2298.6656269667646,2293.5481195941416,1
1253,1263,0.022624920668207062,10,2286.746191985196,2340.770389359171,10
1270,1271,0.0009836172004342118,1,2372.4678670758162,2377.1739351444253,1
1274,1277,-0.001890836979776378,3,2384.604444793276,2382.480150971715,3
1280,1282,-0.006514808057377141,2,2375.4445501792884,2362.344429434107,2
1283,1284,-0.006927135978408551,1,2356.0824628862247,2342.1176417523543,1
1285,1287,0.0015709086478144295,2,2338.0550370739165,2344.065962987796,2
1289,1294,0.013129713526480118,5,2346.480447156966,2379.635543670781,5
1295,1296,-0.006525204714877187,1,2393.0472734523496,2379.8251973741467,1
1298,1301,-0.0056610810406399455,3,2379.857442229339,2368.764733825938,3
1302,1304,-0.017023500995086496,2,2365.1411807153363,2327.243338652624,2
1305,1306,0.0011458256154508258,1,2326.647921022233,2331.6405017292977,1
1307,1314,0.01318392489892703,7,2336.5647751983524,2369.706434491244,7
1315,1318,-0.014124527835427367,3,2370.9261741074342,2339.808887539618,3
1319,1320,-0.0012683497398361366,1,2333.9227614476767,2333.2964538818446,1
1321,1322,-0.004619720824642891,1,2345.289638739748,2336.8003449945827,1
1325,1326,-0.002727830925189853,1,2336.968555493895,2332.9306689525165,1
1329,1330,-0.0012906128412893659,1,2355.140545245416,2354.4561111599264,1
1332,1333,0.0030681803770067177,1,2390.621690411386,2400.3471706611645,1
1337,1338,-0.0007721974375300573,1,2430.2831405156267,2430.8367652425636,1
1339,1350,-0.004620154887169936,11,2432.0854143138704,2423.2808884152273,11
1352,1355,0.0019230022343352153,3,2421.8353905128256,2428.9144207704867,3
1356,1361,0.009805744830707955,5,2439.3375658473824,2465.6964251398895,5
1362,1364,-0.0039925388022718725,2,2461.6523844526064,2454.285794174427,2
1365,1366,0.0009406648525801837,1,2456.5168205711852,2461.2840964246398,1
1368,1370,-0.0036269538118611096,2,2473.3772582862216,2466.879810469396,2
1377,1382,-0.005999091341786589,5,2462.1701977536222,2449.861584036027,5
1383,1387,-0.009819467349761052,4,2445.6529054939124,2424.0835495450606,4
1388,1396,0.0072679805330866385,8,2421.46943671531,2441.4900988795366,8
1399,1403,-0.0040216396264184905,4,2465.7063300129844,2458.2558540591062,4
1404,1407,0.0007566093416834139,3,2457.8192093028206,2462.136637486051,3
1410,1411,-0.004455653404859157,1,2457.851326207404,2449.3578439033577,1
1413,1414,0.0015201193912224844,1,2446.171150382652,2452.33579373298,1
1415,1418,4.252179321893e-06,3,2458.846243546858,2461.3155452455576,3
1420,1423,0.002836213956793687,3,2467.0926803283064,2476.5569757012854,3
1425,1430,-0.0005549335594653918,5,2495.7071483944505,2496.8179038916032,5
1432,1434,0.0031368793343142477,2,2513.9247249797395,2524.32452822253,2
1436,1438,-0.009567898279528808,2,2532.6374910207305,2510.938110618744,2
1442,1444,-0.007521336153317256,2,2538.5533849395697,2521.9986249732374,2
1445,1446,-0.003518198251151748,1,2513.0301406738095,2506.701832568473,1
1447,1450,-0.004634809484444173,3,2508.028714420382,2498.9125078619486,3
1451,1454,-0.0021821916537544984,3,2496.9256462299977,2493.973801570979,3
1460,1462,-0.006206218212593111,2,2443.5479944339017,2430.8263503619346,2
1463,1469,-0.0016119920912975535,6,2421.287265323083,2419.8054566659457,6
1471,1473,-0.0003297577512031937,2,2434.423109261118,2436.054762480392,2
1474,1476,-0.012144556552976655,2,2430.059264702115,2402.9773317995573,2
1477,1490,-0.0033507628134667074,13,2389.2498442169704,2383.633284531104,13
1492,1495,-0.009313140586698854,3,2388.8528602779493,2368.993990609521,3
1497,1502,0.003727894377355814,5,2399.7016080539242,2411.047143793974,5
1507,1510,-0.0004391185994503269,3,2424.7833713571854,2426.1433872505418,3
1516,1519,-0.0005456364881957124,3,2426.4917761171932,2427.594285441954,3
1523,1524,-0.0021339973871212646,1,2451.2905620658216,2448.510804973364,1
1527,1532,-0.007610529407028723,5,2447.923094309884,2431.741026708804,5
1539,1543,0.0076557824901382745,4,2459.778407361253,2481.0697142293106,4
1550,1555,-0.00145169605717611,5,2478.1511054485272,2477.0317343651095,5
1559,1561,-0.004383923727800082,2,2481.336965697016,2472.940310662126,2
1565,1566,0.0021346887217477753,1,2457.805495628591,2465.5099507959876,1
1568,1569,-0.0004444979904135015,1,2467.7274391312535,2469.0982666828027,1
1575,1577,-0.004594537526188193,2,2440.020070834563,2431.2493271252956,2
1580,1590,-0.006758643830386879,10,2420.847901601948,2406.9071007690827,10
1591,1594,-0.006834226624522542,3,2410.2041804083697,2396.1425030084956,3
1597,1600,-0.005027182419805689,3,2365.2053307017063,2355.6802173746737,3
1601,1605,-0.0017771105282168007,4,2359.64300860045,2357.809305175633,4
1606,1607,-0.006050442077757151,1,2355.6046006780207,2343.707756084198,1
1608,1610,0.0007529634234337056,2,2362.8196994447067,2366.961635954002,2
1612,1613,-0.005273993284909663,1,2380.1649171870786,2369.9921083140434,1
1614,1615,-0.0014741083099600912,1,2378.6436648719136,2377.515930143964,1
1617,1618,0.0007563003766329803,1,2380.305225937892,2384.485756902708,1
1619,1622,-0.002171243481710247,3,2389.1350844772737,2386.3368255826545,3
1630,1631,-0.009923827722807824,1,2338.5652620471815,2317.6963085301295,1
1634,1635,-0.006634364561830423,1,2296.8867401684306,2283.9452429170874,1
1638,1644,-0.04014398212092993,6,2293.81774050651,2204.028579883451,6
1648,1650,0.00274050341007399,2,2152.4881795430515,2160.5395689187762,2
1651,1653,0.004856827723929854,2,2162.869367215989,2175.536920489138,2
1654,1658,0.0048014364769140465,4,2173.540345013008,2186.1500012546107,4
1663,1666,-0.016702941557629684,3,2203.3229251576836,2168.724274031347,3
1667,1668,-0.0075035541219675,1,2147.841089999235,2133.8724892250393,1
1676,1679,-0.023422069286753614,3,2113.69740046627,2066.3039309017845,3
1680,1681,0.002342174690332654,1,2077.1400488191903,2084.08221371863,1
1684,1686,-2.260443488494887e-05,2,2111.138641720194,2113.202059265954,2
1687,1688,0.0038842114676575076,1,2116.885210345318,2127.224525365401,1
1689,1692,-0.0035666087810781654,3,2137.305774582771,2131.8201468138777,3
1694,1695,0.0015349820045469113,1,2141.6965904130343,2147.125752728931,1
1696,1698,0.0013953205287970242,2,2160.553344628192,2165.728562408141,2
1702,1708,0.008516359362975272,6,2155.53603221897,2176.0488877214075,6
1710,1712,0.0015965295741776357,2,2190.4638696089596,2196.151473827567,2
1713,1714,0.0025513420266525012,1,2205.540041755577,2213.3726687973285,1
1721,1722,0.0008434038964653568,1,2231.479947300248,2235.5934661299857,1
1723,1725,-0.0029899341140860345,2,2240.9285873877175,2236.469287144444,2
1726,1733,0.011080385175573266,7,2234.9040431910507,2261.9025448632447,7
1736,1737,-0.0001591602168331081,1,2244.1710906448766,2246.058078978124,1
1738,1741,0.002588009365944247,3,2247.2713190814347,2255.334549622117,3
1744,1752,-0.010950103677076627,8,2265.880262077209,2243.334518549699,8
1755,1756,-0.0014770004353020932,1,2259.1398559232516,2258.062245228568,1
1760,1762,-0.006285984066164358,2,2260.4485655009307,2248.4998704013087,2
1763,1767,-0.008208338507666862,4,2244.4807394587315,2228.3017625147745,4
1768,1772,0.002900896722986777,4,2219.103520504632,2227.760014155737,4
1773,1778,-0.002649116561819805,5,2233.500214127944,2229.8169119339977,5
1779,1780,-0.00658597759631272,1,2227.809393608698,2215.3649002471448,1
1781,1783,-0.004582867795682287,2,2212.1893050520994,2204.2633232330754,2
1785,1788,-0.014412382231659006,3,2167.1775735900774,2138.110559609208,3
1790,1793,0.0015942659330037022,3,2116.658205661334,2122.1493799360937,3
1794,1795,-0.003883590221148155,1,2122.421952976065,2116.301757787313,1
1796,1801,0.016213185164901,5,2125.810833176844,2162.4028086738695,5
1803,1805,-0.0018307351790563331,2,2171.8855265266307,2170.0812648148617,2
1810,1813,-0.004850609870601686,3,2199.5391040111335,2191.069537026454,3
1817,1821,-0.016338190662319178,4,2197.8032378519124,2164.0929127514773,4
1822,1824,-0.01090982131191642,2,2160.767546956919,2139.354726669988,2
1825,1826,-0.011059369326509708,1,2117.0184556177683,2095.722585101672,1
1829,1830,-0.004567896636063333,1,2112.968888822344,2105.4300342318083,1
1833,1838,-0.011997270197794126,5,2131.0212249323904,2107.5858087245747,5
1840,1843,-0.004197982415136723,3,2086.681315101001,2080.0081449493136,3
1844,1849,0.022071986945246768,5,2089.615422996469,2137.82700275643,5
1850,1856,0.011809263750929944,6,2148.6180687734477,2176.1402843163805,6
1857,1858,0.0011105505730135282,1,2180.915677289063,2185.5186101214595,1
1863,1865,0.001398561136617221,2,2177.119022698876,2182.3409757765116,2
1866,1872,-0.0018722107417546688,6,2188.026320111339,2186.117900051696,6
1873,1874,-0.005566705643480722,1,2179.8128545371533,2169.8582908726066,1
1879,1880,0.004089895076443003,1,2216.0216833511117,2227.3010012064915,1
1881,1883,0.004545116302255975,2,2244.1611102777338,2256.6052446352237,2
1885,1890,0.007053695558454031,5,2268.5759969947003,2286.846417425712,5
1894,1895,-0.0031249857186790926,1,2321.9477884102857,2317.0136825203954,1
1896,1898,0.0014350041372283135,2,2317.668974125342,2323.312507666063,2
1899,1904,0.0005947713244898619,5,2322.730215791928,2326.434439334599,5
1907,1911,0.0029217797806225156,4,2329.335349203714,2338.4704894785104,4
1913,1915,0.0005564270607181802,2,2307.07689662968,2310.667693542752,2
1918,1920,-4.400506255111095e-05,2,2314.7963929939456,2317.0093266268727,2
1922,1924,-0.007657768782472405,2,2320.1939080140437,2304.746593443985,2
1927,1932,0.001996564688996233,5,2298.108185185775,2304.9946150249957,5
1933,1949,-0.004817504635081371,16,2305.952811144503,2297.14982559968,16
1950,1953,-0.013169854500969535,3,2292.730990622313,2264.828788056576,3
1954,1959,0.023526425911700972,5,2270.8350874390226,2326.5305559687868,5
1960,1962,0.00624514026711063,2,2349.515235882212,2366.537803325892,2
1964,1965,0.0008106972977410681,1,2379.122050768657,2383.42992063698,1
1966,1969,0.015086945598789973,3,2386.7362784802726,2425.131575150843,3
1972,1973,-0.00029001307465518025,1,2432.7665622299373,2434.4937946815367,1
1976,1978,-0.006315092259351422,2,2438.712504756231,2425.7505227994175,2
1983,1985,-0.004465201845470667,2,2418.91100296629,2410.528988094782,2
1986,1988,-0.000596151437177881,2,2425.849549673687,2426.8292255279453,2
1990,1992,-0.006001219976850923,2,2411.5158711457575,2399.4553497964903,2
1998,2000,-0.004634434748883221,2,2380.581276560597,2371.9292092465244,2
672,677,0.00650040058295439,5,1971.132481526969,1985.9167647404943,5
678,679,-0.0011553261764649615,1,1992.8019535768876,1992.4924192689866,1
682,687,0.004198119247242118,5,1987.8976966534058,1998.2310259319281,5
688,691,0.005573660455089751,3,2006.481702877268,2019.6716323013334,3
692,696,0.0001980724373708857,4,2016.0725632604472,2018.4879642302292,4
697,698,-0.002405862946808659,1,2020.243621459225,2017.403435808289,1
700,702,-0.004516465578658474,2,2028.5297582571525,2021.3965031869568,2
704,705,-0.0035396539275968845,1,2028.5053390370308,2023.3536374855942,1
707,710,-0.005747122872811634,3,2016.1494691070102,2006.5785598472053,3
711,712,-0.004281976322055493,1,2003.1081689116768,1996.5340153307927,1
713,716,0.001329870983156203,3,1994.3336202992566,1998.9801603319247,3
718,721,0.0069491084685222295,3,1998.0425337467034,2013.925190572177,3
722,723,-0.00178782374932438,1,2026.9584805799677,2025.3615945500724,1
726,729,0.00487888137856224,3,2031.204733024411,2043.1459447054358,3
730,733,-0.00037367415654299845,3,2043.3763736610538,2044.6561930917871,3
734,736,0.007457877364169079,2,2049.0305371055865,2066.360986103863,2
746,749,-0.0028280656749507666,3,2068.4203488390554,2064.639140597973,3
753,756,-0.007360122687069244,3,2064.454945534023,2051.3247587984997,3
760,763,0.003309583596155831,3,2064.826942754959,2073.7254870763563,3
767,769,0.002652536050294408,2,2083.337597316922,2090.9470629960556,2
772,774,-0.009145704756046657,2,2095.396863666262,2078.3283794680906,2
775,778,0.0006031863846579111,3,2079.5380220460356,2082.8719090893583,3
780,781,-0.002975174243330823,1,2078.6231322005124,2074.5174893281983,1
782,791,-0.005624025260964311,9,2080.7278678438056,2071.1065296217034,9
794,795,-0.004028899034444292,1,2077.5845291803334,2071.2917354059227,1
799,801,-0.002673679161395619,2,2075.4163513275353,2071.9427702290986,2
802,806,-0.002289152111885752,4,2075.8928955878987,2073.216753877503,4
807,808,0.0008722486422981682,1,2080.986272795384,2084.8823965192664,1
809,811,-0.003004420929496039,2,2092.496419103352,2088.3021754860056,2
817,821,-0.002159343808313647,4,2078.289088878022,2075.8796372909455,4
822,825,-0.005569978460593538,3,2079.383330717579,2069.8805936848826,3
837,839,-0.0002154679979347303,2,2073.5808498512934,2075.2076403868714,2
841,842,-0.0026800525160661833,1,2079.2324599935228,2075.739240267624,1
843,846,-0.001116354023406089,3,2081.7797220380808,2081.5374985915764,3
849,850,-0.0027158641582202946,1,2076.840249633687,2073.2766738869914,1
851,856,-0.0025114072006324224,5,2072.8118813023957,2069.679018499439,5
859,862,-0.002851040737085736,3,2068.8104883178944,2064.9810358267077,3
867,869,0.002408669402683856,2,2068.8631844686033,2075.9152551038405,2
871,874,0.0061759280842029725,3,2088.6620177213613,2103.650106152736,3
875,876,0.0013233351754135879,1,2116.1795877222658,2121.096182195913,1
878,885,0.016130510557915825,7,2139.4868225583446,2176.137324160702,7
886,889,-0.0028145969617999903,3,2172.8282323266103,2168.885424817717,3
890,891,-0.005287902793439962,1,2175.2755336626788,2165.948163625385,1
893,897,-9.054760555139273e-05,4,2164.1838585239666,2166.1520807161282,4
900,901,-0.0012995691232859363,1,2163.5340954689295,2162.8859674567507,1
903,904,-0.00220980196850075,1,2169.4203878722055,2166.795818816452,1
905,906,-0.0035790256541982086,1,2170.12862309058,2164.5318056987194,1
912,913,-0.0034231608760527292,1,2164.870401620094,2159.6245723611637,1
914,915,-0.00472706041816667,1,2157.82799692683,2149.7856416102723,1
918,919,0.0019879322372025757,1,2148.429267466747,2154.8486285343606,1
923,924,-0.0019306998068768459,1,2158.4375880598004,2156.4287306134374,1
925,927,-0.0008549133560881278,2,2152.596187190439,2152.908500146936,2
930,935,-0.005825548836257016,5,2156.3132685860082,2145.9078736021775,5
946,948,-0.00700038402509089,2,2113.447974913394,2100.766475446863,2
951,957,0.005472708116821368,6,2112.6067614305816,2126.281048362945,6
959,961,-0.001823484625127061,2,2139.3599913154007,2137.5982612549406,2
962,964,-0.006465735507749091,2,2145.2161790411537,2133.4909947995707,2
965,967,0.002003607749859683,2,2141.857359978298,2148.290659343823,2
968,970,0.00013082576128582366,2,2144.721513021938,2147.146819359647,2
972,978,-0.008141140808280503,6,2146.82334773723,2131.4925799205344,6
984,986,0.0013692546084831361,2,2121.650218388738,2126.6769479462446,2
989,990,-0.0016674842823371392,1,2130.417088105215,2128.9950681840824,1
997,998,0.00013087611737846398,1,2137.0098851606526,2139.4265786023825,1
999,1000,0.0014256159085559409,1,2142.5850882480404,2147.7821767235296,1
1003,1005,8.20172608829745e-05,2,2142.3875989075086,2144.705699269028,2
1010,1012,-0.0012718614096589994,2,2141.9564942530437,2141.374178941088,2
1013,1024,0.0035508403932911414,11,2137.4558375864453,2147.1830579510097,11
1026,1030,-0.0031117838491212116,4,2147.1351404896714,2142.6008551781047,4
1032,1034,-0.0010109115792056866,2,2148.0148703549016,2147.9914321205088,2
1036,1041,-0.008680574372570918,5,2157.7286416873426,2141.1560463790365,5
1046,1047,-0.0014951755504602115,1,2137.661693033885,2136.6031752283393,1
1058,1060,-0.0032919311490941226,2,2141.917723610686,2137.008595661146,2
1061,1062,-0.004133872827945335,1,2149.0875593668666,2142.3525922596914,1
1064,1065,-0.0011704137441982177,1,2139.4024462012885,2139.0378626200845,1
1068,1069,-0.0011046405903169766,1,2143.3123102372842,2143.0880327719074,1
1070,1073,0.0037459710377133306,3,2149.3291484356505,2159.529802324639,3
1076,1078,-0.0029932583563215586,2,2154.273524382903,2149.9795006786244,2
1082,1084,0.005939048887853233,2,2166.2240358863037,2181.2555703733615,2
1088,1089,-0.002166397792592875,1,2184.6957398087457,2182.1475155203457,1
1090,1093,-0.0071351198267177555,3,2183.2226484083963,2169.8283158520067,3
1094,1097,-0.005905533588922507,3,2155.316685669437,2144.7437072731204,3
1105,1106,-0.0010812035665902476,1,2154.2318300314337,2154.056898723573,1
1112,1113,-0.0020786348341419545,1,2145.973463990108,2143.658742258704,1
1114,1115,-0.0052357779592424065,1,2140.248174298868,2131.182558254864,1
1116,1119,-0.005883734129356949,3,2131.448544767733,2121.0391167646826,3
1123,1124,-0.0025670891896726767,1,2130.078580892846,2126.7405577755753,1
1126,1127,-0.0019198411477540805,1,2126.383880573307,2124.427945184035,1
1128,1130,0.00389571850363125,2,2125.7858740491242,2136.1931232874645,2
1134,1135,-0.0005398075082286779,1,2139.7338248281303,2140.7185142687053,1
1138,1140,-0.002282003874764099,2,2149.445387560764,2146.6897902453175,2
1143,1147,-0.0016540482178732372,4,2148.0478768619714,2146.6429499762035,4
1149,1153,0.005171049215167754,4,2143.7800654641237,2157.0094377545984,4
1159,1160,-0.001291548635438322,1,2165.293419739507,2164.6621313976584,1
1161,1163,-0.0013493198686247649,2,2166.4460349345677,2165.6892522902617,2
1164,1165,-0.002157128505399462,1,2170.56048052173,2168.0488631170247,1
1168,1172,-0.003004671581903475,4,2168.4053918304558,2164.058451163407,4
1175,1183,-0.005327120874141887,8,2175.1751799485446,2165.762934022474,8
1184,1185,0.004543004246329324,1,2180.3510064997695,2192.436701387286,1
1186,1187,0.0020376778026529587,1,2205.236689120561,2211.9354876606985,1
1188,1189,-0.003758804137176271,1,2212.351304283866,2206.24786035272,1
1190,1199,0.0067949032931503735,9,2210.1041775423555,2227.331725874086,9
1200,1203,-0.00114342697910005,3,2226.0147735619475,2225.6955029875435,3
1204,1208,0.0020102048642656406,4,2225.9271053736034,2232.6276019736997,4
1217,1218,-0.0016049163251930384,1,2283.58594530022,2282.2045668819264,1
1219,1220,0.0006444659202612707,1,2282.299817799448,2286.052982069638,1
1227,1232,0.006529027015179403,5,2278.4322280597175,2295.5866058570346,5
1235,1239,-0.009837227062826658,4,2299.91566184215,2279.5907849130995,4
1241,1244,0.00410438977808115,3,2276.4538715735803,2288.0737794459137,3
1245,1246,-0.0020426177030354415,1,2298.906926761153,2296.510045701681,1
1250,1251,-0.0034291687403179678,1,2301.1966354831884,2295.6066405509478,1
1254,1258,-0.0005092769425908018,4,2293.364648792556,2294.490055704766,4
1261,1264,0.003998854440928781,3,2330.4060682677214,2342.055428991249,3
1265,1267,0.005910372571647564,2,2353.5618220803917,2369.825811141373,2
1270,1278,0.0012421732368309612,8,2375.662015090664,2380.9886608806564,8
1280,1284,-0.01703800525744066,4,2382.3364600016116,2344.128535331113,4
1286,1290,0.006850114004655783,4,2339.1711322725964,2357.533892337336,4
1297,1298,-0.004091300297999441,1,2383.972535636157,2376.6029606263223,1
1303,1304,-0.014211499982214732,1,2351.894565110051,2320.822510104929,1
1313,1315,0.0007026132571020462,2,2367.3276195699714,2371.358262958955,2
1328,1331,0.00939773900474795,3,2344.2033917524,2368.5778067938863,3
1332,1333,0.001781517416314857,1,2391.1940777011587,2397.8452256740734,1
1334,1336,0.004469124343530343,2,2410.297337317895,2423.479553160567,2
1340,1341,0.0010100533236347383,1,2432.4674936120555,2437.356882982224,1
1342,1350,-0.0014633704741646124,8,2426.7585197294366,2425.6340314834665,8
1354,1358,0.01354038046481567,4,2428.8648428153124,2464.1814617274617,4
1359,1361,-0.0032427748579564406,2,2472.2732281563085,2466.7284759182007,2
1364,1366,0.001229972081787082,2,2454.8740183625955,2460.3483188878486,2
1367,1377,-0.005641575045870759,10,2472.186952959771,2460.712111690186,10
1378,1380,-0.004721850305834675,2,2449.773174146119,2440.6554851086976,2
1381,1385,-0.005713914471921942,4,2449.606393097376,2438.0591580704418,4
1386,1389,-0.0021399106133638754,3,2431.859320705786,2429.0872184559057,3
1390,1392,-0.001462633691008953,2,2432.2072293970687,2431.082008389234,2
1393,1395,-0.002891983642603183,2,2446.560075980945,2441.931224336543,2
1398,1400,-0.0007127270715466134,2,2457.8511847796863,2458.5572588872406,2
1401,1402,-0.002464069619833003,1,2464.0596305934246,2460.452075746816,1
1406,1410,-0.0017435312946772665,4,2460.173659803495,2458.3444436970904,4
1411,1413,-0.0033309679277122666,2,2453.280944076646,2447.5624248783356,2
1416,1421,0.004828189787118731,5,2453.06736024551,2467.364302381607,5
1422,1424,0.0034803504339861934,2,2473.4039024338936,2484.4856186815864,2
1426,1430,0.0006620654906649586,4,2492.534276951099,2496.677032157119,4
1437,1439,-0.0029023399867932845,2,2520.045002304889,2515.2510199284857,2
1445,1447,-0.005794053816042223,2,2517.0696929747023,2505.0027254078527,2
1451,1458,-0.01896551419639416,7,2497.381541765957,2452.514798223548,7
1469,1475,-0.003754628444647342,6,2422.1034916219437,2415.4314964480423,6
1476,1480,-0.0046087833899956295,4,2401.3049008023067,2392.6391115619763,4
1482,1483,-0.006607638351211233,1,2375.031069565706,2361.712754254691,1
1484,1485,-7.734461584475933e-05,1,2368.23464712249,2370.4197115706006,1
1487,1497,0.007414167793062102,10,2376.3669977269174,2396.362148383687,10
1498,1499,-0.0013246313423841574,1,2406.3506514635883,2405.5694746213567,1
1503,1507,-7.731821823420148e-05,4,2418.6765544110267,2420.908223203766,4
1509,1510,-0.0019883135361180066,1,2434.575629650499,2432.1695056010126,1
1513,1517,-0.0007494389973846927,4,2419.0208409078546,2419.6269531950998,4
1519,1520,0.002682700285552355,1,2429.4979371745235,2438.445049921505,1
1521,1522,-0.0004962770986929849,1,2444.524997267516,2445.756360491457,1
1523,1528,-0.008267592923077915,5,2452.4139383604956,2434.5907921776093,5
1530,1532,-0.004772570874989003,2,2436.7417968429736,2427.5490157103354,2
1534,1536,0.0068475851825278424,2,2427.5471537446665,2446.597536818281,2
1539,1542,0.005075404879842494,3,2467.3959601430643,2482.386389599821,3
1545,1546,-0.0035634168415304883,1,2489.7642660564206,2483.381962405371,1
1547,1548,-0.005798286225372273,1,2488.8806956009857,2476.9383336426886,1
1550,1554,-0.0014948749314837723,4,2479.835587694779,2478.6083792282275,4
1556,1557,0.0003440877769903866,1,2477.22297207565,2480.5525771932967,1
1558,1559,-0.0015213064607537134,1,2477.022814514348,2475.731526517707,1
1561,1565,-0.006005418564671361,4,2470.9521607647453,2458.5840109468386,4
1568,1570,-0.0014528965974149911,2,2468.2531442265977,2467.1352807760186,2
1572,1574,-0.009782536168904957,2,2457.887566500571,2436.301080048678,2
1577,1581,-0.007232087833394442,4,2426.0453517238348,2410.9260240040935,4
1582,1583,-0.0016318672422662322,1,2409.849870789702,2408.3271655975705,1
1586,1590,-0.0033573260174353608,4,2410.958533957051,2405.275118677996,4
1598,1602,0.001386530397105591,4,2355.8122995684234,2361.4345172312187,4
1605,1606,-0.0032508981750423156,1,2360.607273899373,2355.2937872945613,1
1611,1613,-0.0003965961331049197,2,2367.7928426443905,2369.2215780016486,2
1614,1615,0.0013040844822266653,1,2376.70137160582,2382.177492355024,1
1616,1619,0.0014768932802511872,3,2378.193512214483,2384.084043744024,3
1624,1627,-0.011080728215078856,3,2392.508273657402,2368.390047998334,3
1630,1631,-0.006856824458585549,1,2337.7968574874003,2324.1047916732637,1
1636,1637,0.00031763269831941465,1,2285.5853839695164,2288.5969460062356,1
1639,1640,-0.0028891501498639538,1,2286.8491532461744,2282.528951825603,1
1641,1643,-0.017410520109814462,2,2278.481774384036,2241.090703405661,2
1644,1645,-0.024777525523165946,1,2204.609523896962,2152.189364673887,1
1647,1652,0.0135384545518628,5,2142.6492066234937,2173.8000147345742,5
1656,1659,-0.0008006478657181732,3,2192.421628742405,2192.8586926733406,3
1660,1661,0.0009452071575805437,1,2211.1133611146884,2215.4144346509506,1
1662,1671,-0.04576299339630562,9,2217.5263821369526,2118.2632633372227,9
1672,1673,-0.005441546348019654,1,2131.5700936230146,2122.1026262581354,1
1675,1676,-0.006847794181280656,1,2119.953832053709,2107.5567783700417,1
1679,1680,0.0001066745380638068,1,2068.4072563623936,2070.6963100073563,1
1681,1683,0.005196117344748549,2,2092.8288942088993,2105.796307619898,2
1687,1688,0.0029641133713228926,1,2119.8980264312268,2128.301542543644,1
1692,1693,0.0005007872178154804,1,2136.4736332168436,2139.6800255367752,1
1701,1703,-0.004718624474226713,2,2157.682794874298,2149.6591828256605,2
1705,1708,0.01282313594401438,3,2148.608615082037,2178.3091240587964,3
1709,1710,0.001034534144474704,1,2185.9965315547606,2190.444016137912,1
1711,1712,-0.003164221290851193,1,2194.9591886195412,2190.2088112109814,1
1714,1723,0.009558859252242206,9,2214.743893218493,2238.12906226675,9
1724,1725,-0.0032451565629142303,1,2241.663998399402,2236.631111761547,1
1728,1733,0.01586016988678614,5,2221.574843354966,2259.030972630141,5
1735,1736,-0.0026971022614313907,1,2247.994485135944,2244.1794086115347,1
1737,1742,0.0066503502300246965,5,2247.3038897091164,2264.496551538688,5
1745,1746,-0.003557694096662805,1,2262.212374371749,2256.4263271364207,1
1747,1752,-0.005867558059517985,5,2256.7546988272256,2245.769814304594,5
1754,1756,0.004844937624443449,2,2250.0526228500753,2263.2040400823494,2
1758,1761,-0.007278041910596919,3,2263.682381068797,2249.4708882081673,3
1763,1764,-0.0042232574153880115,1,2242.3352615240237,2235.1076377645304,1
1765,1768,-0.01344003393703046,3,2244.9966965942,2217.0688615000468,3
1770,1772,0.002403224547691661,2,2220.7688459788023,2228.3266210301863,2
1774,1775,-0.003965843791313426,1,2244.6180145161634,2237.9608281139404,1
1776,1777,-0.004412667384870258,1,2242.191547620722,2234.539693655525,1
1779,1780,-0.0032049791018149507,1,2221.241171091685,2216.343380729337,1
1782,1785,-0.025491085247793137,3,2216.1334074951105,2161.8578952916655,3
1788,1789,-0.00193371878413734,1,2134.289612462152,2132.296786160207,1
1792,1793,0.0004567389691595837,1,2120.0305406489033,2123.118871753275,1
1795,1801,0.020703908340730666,6,2115.0459763769695,2160.9507403846865,6
1803,1804,0.0006528398310750821,1,2168.3374477371976,2171.9213622380294,1
1808,1809,0.002273409032020099,1,2188.800744707028,2195.9655848340444,1
1813,1814,0.002443068485333371,1,2194.6340475480633,2202.1903228740157,1
1816,1822,-0.018382084692716422,6,2192.7772539085286,2154.6622139688284,6
1823,1824,-0.008655258265897681,1,2155.0514751296246,2138.5539995112035,1
1828,1829,-0.0020070262558195004,1,2111.513768058552,2109.387418254593,1
1833,1834,-0.0005743475838118845,1,2130.0780289744935,2130.9847018341957,1
1835,1838,-0.008415952130163176,3,2122.2026938725708,2106.4645402843084,3
1840,1841,-0.0027198632520568193,1,2085.9754085625605,2082.3878161126795,1
1842,1847,0.018603413616629223,5,2085.4290014067474,2126.310528689438,5
1852,1854,0.0006380469479218677,2,2149.3700442777454,2152.890813318729,2
1856,1857,-0.0009213006802387736,1,2178.6307019912333,2178.802158745491,1
1858,1865,-0.002196359930027781,7,2182.8413712479514,2180.2299072977835,7
1867,1869,0.0069409061936915135,2,2195.723213816723,2213.1592458849523,2
1870,1880,0.004633020371431233,10,2210.9061957869003,2223.3602754270914,10
1883,1885,0.0021215118311102205,2,2261.6483826640547,2268.708144848352,2
1889,1893,0.012595918519956242,4,2288.33765180686,2319.449704066974,4
1895,1896,-0.004664642544666982,1,2319.9256983010832,2311.423999886623,1
1898,1899,-0.0003033039355685316,1,2320.2876353002976,2321.9041705641603,1
1902,1904,-0.009135547051474204,2,2340.6634790490402,2321.6209011835695,2
1908,1912,-0.0051472004245708535,4,2331.7407810276873,2322.07058467062,4
1913,1914,0.00022793490788620844,1,2308.521839027545,2311.3565535793045,1
1917,1919,-0.004061239363675598,2,2319.1900144178576,2312.0904186538783,2
1922,1923,-0.005052674063317694,1,2320.0979046050224,2310.695304002672,1
1924,1927,-0.003996030524972584,3,2308.359831024999,2301.4439145086276,3
1933,1946,-0.0047868657164340574,13,2308.7751758689756,2300.0321543085233,13
1948,1951,-0.010662955007912783,3,2298.7836038539435,2276.5705613169753,3
1955,1962,0.045704153362722134,7,2261.510887186711,2367.132838493345,7
1965,1971,0.015134172245577334,6,2387.398920877248,2425.917626285587,6
1978,1982,-0.004528947556045873,4,2429.2518683872986,2420.6791659433334,4
1986,1987,-0.0005074795734363931,1,2426.1672505740767,2427.362187503244,1
1988,1991,-0.008509948400052418,3,2426.1553080515287,2407.9350068775484,3
1995,1996,-0.004815389938478331,1,2393.559529285406,2384.4271663402214,1
1997,2000,-0.0037832397681769035,3,2379.609776187669,2372.986751625841,3
673,679,0.003709537409551717,6,1979.319412678068,1988.6410914975272,6
683,684,0.0006281297078637384,1,1989.1031442587503,1992.341662179923,1
685,689,0.007125268716551599,4,1990.9826867700986,2007.1599561101075,4
691,692,-0.0026478817286671634,1,2014.97774359395,2011.6572985866105,1
693,694,-0.0020888401626212054,1,2016.3486113427998,2014.1531299929243,1
695,700,0.003396378003549902,5,2015.7634295596392,2024.6254875617155,5
702,704,-0.00014606314792729052,2,2026.2351615893344,2027.965438464781,2
707,708,-0.0023436247070745854,1,2016.587431568379,2013.8778948713477,1
709,713,-0.010313868870096502,4,2011.220255145886,1992.4880134205753,4
716,717,-0.0016201843371345583,1,2000.3292268348803,1999.0886539792848,1
718,720,0.001500276613881241,2,2001.8205704259262,2006.8256755833486,2
723,728,0.0029172938330868023,5,2028.0208685434477,2035.9652221851643,5
730,733,-0.0009167193209347858,3,2045.6963590052824,2045.8667259872216,3
736,737,-0.00396704682946494,1,2070.381797858177,2064.23887810906,1
738,739,-0.004376691538984973,1,2074.1838692170304,2067.179990095546,1
742,743,-0.0017150201371413643,1,2063.880303950123,2062.4045879721493,1
744,745,-0.0010997030232244953,1,2066.145485027055,2065.9394840757764,1
746,749,-0.004445762527460044,3,2070.9708580844826,2063.8347843062334,3
751,754,-0.002507479227272752,3,2060.6469499678024,2057.540567495983,3
757,759,0.0035387345084862886,2,2047.0639948424327,2056.355074836904,2
761,762,-0.0014993659996463712,1,2068.8165237671797,2067.7834271357037,1
763,764,-0.0001815845904122353,1,2074.3053000282166,2076.0029434499493,1
769,771,-0.0008405009503501832,2,2090.018388702717,2090.3517446494657,2
772,773,-0.0027709106540901203,1,2089.632729524118,2085.9321766602684,1
774,775,-0.0034323791597864143,1,2084.7923204074477,2079.721315014806,1
776,777,-0.0018518228932561081,1,2083.80542768592,2082.030394517526,1
785,786,-0.002751484327100024,1,2076.652102674689,2073.014879064015,1
787,789,-0.000858991044862109,2,2076.451851295552,2076.7446496014973,2
790,791,-0.002638043161306311,1,2076.8259577298845,2073.4240271726017,1
792,796,-0.003904542276648351,4,2078.964077558073,2072.925638503172,4
800,803,-0.00469225710748003,3,2076.4291117807074,2068.7624016345567,3
804,805,-0.001144168660497318,1,2073.5612557448376,2073.2623131961377,1
811,812,-0.0021544094784445083,1,2087.909871271093,2085.4995683255597,1
817,819,-0.0008417160659747096,2,2078.7561171766192,2079.085150872725,2
822,823,-0.004303394291075262,1,2084.281277069511,2077.3960741978444,1
825,829,-0.0031138555897889534,4,2068.20089169587,2063.829013680152,4
833,834,-0.0007979403908840616,1,2059.4387607399117,2059.854890130905,1
835,837,0.0015246446185769673,2,2066.9924525967153,2072.210873968803,2
838,844,0.0007765383077787261,6,2072.350885355513,2076.0324960905064,6
845,849,0.0007004174332753809,4,2075.6820645568255,2079.211590525335,4
851,852,-0.0015119315451509428,1,2075.1815728757156,2074.1192219666445,1
854,858,-0.002094628048901326,4,2074.15804391174,2071.88761233902,4
861,862,0.00013570846414688565,1,2064.0025779816733,2066.346683179508,1
867,870,0.006628498430659021,3,2066.3755998993047,2082.1389429202886,3
872,875,0.006719482774501862,3,2094.186205291996,2110.352239630347,3
879,881,0.009259013021808937,2,2150.1086719891036,2172.166664853344,2
886,888,-0.002352409443352419,2,2173.86741226621,2170.927453449265,2
891,893,-0.001687741683369228,2,2168.8422230339743,2167.3506198325426,2
895,896,-0.000631128251274408,1,2165.716133717637,2166.515005215125,1
900,903,-0.0025160382007687844,3,2166.59436575975,2163.3097259356878,3
904,905,-0.00043537698537861476,1,2170.876630420905,2172.102357328344,1
908,909,-0.002991986520232633,1,2165.424533074221,2161.111036593756,1
913,915,-0.007226388327649895,2,2164.2783591112366,2150.802721598281,2
917,920,0.003276053024777059,3,2143.185101691986,2152.349474828733,3
922,923,-0.004172632888178759,1,2158.0015005641276,2151.1549540306987,1
926,928,-6.339781919892861e-05,2,2154.516954547697,2156.534879825899,2
929,930,-0.002109054194885802,1,2154.8590679570784,2152.469212468373,1
933,938,-0.007295422532570219,5,2152.4782233931237,2138.927463484708,5
939,940,-0.005173847181877348,1,2141.2654528467383,2132.3281380707226,1
941,945,-0.006732889750820326,4,2135.287401910416,2123.046034648948,4
947,948,-0.00353581053866834,1,2108.87396137267,2103.5262565566977,1
950,951,-0.003975514378145082,1,2120.9763857515904,2114.6653900200804,1
953,955,-0.0020280369951271643,2,2119.4345068003026,2117.255649718563,2
957,961,0.0045623429270276504,4,2129.65890110538,2141.504794230925,4
963,964,-0.0015176629061360507,1,2138.3603173283313,2137.253367512097,1
966,967,0.0012239389985887299,1,2143.8241445754566,2148.591878696694,1
971,972,-0.002195724927705287,1,2149.688890991738,2147.118454397968,1
973,974,-0.003176544452254148,1,2150.82293298661,2146.141571264037,1
976,978,-0.0026269951823463217,2,2136.7905870474656,2133.3140390566564,2
981,986,-0.003603389384453632,5,2127.6352487758923,2122.0961857552397,5
987,994,0.005426457559768736,7,2127.1776608559962,2140.8478778155754,7
999,1000,0.0015679296419621974,1,2142.5736173670452,2148.0755956691683,1
1001,1004,-0.0041275906414587745,3,2148.323379975768,2141.604303877729,3
1005,1006,-0.001928838948758452,1,2148.7685295636825,2146.7726696615573,1
1008,1010,-0.0030612936432217706,2,2143.732374129594,2139.313512214032,2
1017,1023,0.003449690072841561,6,2135.843430474214,2145.347271783939,6
1024,1025,-0.0036284748482599233,1,2154.030439549639,2148.3686247168966,1
1026,1028,-0.000492875249188304,2,2143.280707735418,2144.367618430248,2
1029,1031,0.0011588813767477993,2,2143.704338580272,2148.3323419540866,2
1033,1036,-0.0016241860377533071,3,2151.4525418913663,2150.109635253829,3
1037,1038,-0.0031791425246223094,1,2153.1137185813304,2148.421776916822,1
1039,1041,-0.001954116298263953,2,2146.2168436490306,2144.1691031788964,2
1043,1044,-0.0016621849542636257,1,2142.1772495096534,2140.7587319656623,1
1047,1049,-0.003999068401995637,2,2143.780808988488,2137.351463703446,2
1050,1055,0.0011692776941076015,5,2141.141061435767,2145.7857909802774,5
1062,1063,-0.0026289919629692107,1,2148.027510222627,2144.5283906722375,1
1070,1072,0.0017067124491229502,2,2150.647111787795,2156.4682950989413,2
1082,1083,0.0033751925412037545,1,2169.8205041920687,2179.313886677761,1
1086,1089,-0.002673185729693305,3,2189.0886418035757,2185.4258899270762,3
1101,1102,0.00038172487653644147,1,2143.411720923823,2146.373326219283,1
1106,1107,-0.003252996890149555,1,2158.897599525356,2154.033609947474,1
1108,1110,-0.0015814094496783694,2,2154.0110772923535,2152.758714897304,2
1111,1112,-0.0063334811991482215,1,2153.0459299823265,2141.562699993863,1
1113,1114,-0.00560391661017966,1,2147.457493412312,2137.5707781887363,1
1118,1120,-0.003692802517417845,2,2130.1370491887415,2124.401010780241,2
1121,1122,-0.0017667109840670161,1,2129.874173621909,2128.2411756983124,1
1126,1128,-0.0006020885160642857,2,2123.13820906117,2123.983030136538,2
1129,1132,0.0007757280553989268,3,2130.6586313872126,2134.4421016954448,3
1137,1138,-0.0016054892537812828,1,2149.097759795581,2147.7965041966995,1
1140,1147,-0.004193386855587486,7,2150.8246409773724,2143.9562258402016,7
1148,1149,-0.001659042776448343,1,2146.345091761321,2144.93055853283,1
1154,1156,-0.00420438382036549,2,2161.7390442517294,2154.812002634477,2
1160,1163,-0.002571474656832581,3,2169.276900296003,2165.8679366235356,3
1166,1169,-0.004010846243453827,3,2170.702406098771,2164.1667549137123,3
1176,1179,-0.011327612783680469,3,2181.833670460079,2159.300537153171,3
1180,1182,0.003973934719240318,2,2158.230227668304,2168.9651239298173,2
1186,1187,0.0022409581752553176,1,2207.7278960093604,2214.883049782671,1
1188,1191,0.0010633613151364838,3,2212.8143741181707,2217.380209695304,3
1192,1193,-0.003650915306787751,1,2217.622965667545,2211.744235003173,1
1202,1207,0.0016602902634705284,5,2225.573462551162,2231.494133964225,5
1209,1211,0.0035385070705013476,2,2246.2049824567302,2256.3993996514055,2
1215,1226,0.004649210044037386,11,2277.8861858257815,2290.7544433459225,11
1228,1231,0.004264584542049441,3,2275.8825338995725,2287.8641099070605,3
1232,1233,-0.0021289764723384608,1,2296.5943453930163,2294.001544410562,1
1240,1243,0.0019088516865509862,3,2277.102647975206,2283.7264018532182,3
1246,1248,-0.0018029118404431373,2,2298.5263733625784,2296.6808593218348,2
1250,1251,-0.0017944435494730879,1,2297.4763185288716,2295.651103287549,1
1252,1255,-0.00243604710834617,3,2295.1015348127144,2291.8056608902857,3
1256,1261,0.01682916184100333,5,2291.578365756617,2332.435287311034,5
1262,1265,0.006211958137547558,3,2335.127316587059,2351.9681570401285,3
1269,1273,0.00441924609250456,4,2374.97011210885,2387.840659608711,4
1275,1279,-0.006059214334847432,4,2386.5546463109035,2374.4805548333907,4
1280,1281,-0.00522800070675991,1,2380.9585327300383,2370.8918383708897,1
1283,1291,0.004967051389335544,8,2353.1759285968214,2367.217450290906,8
1292,1293,-0.0016188337377597618,1,2377.8878957088505,2376.4163784543753,1
1294,1297,-0.003473116756600892,3,2388.743257185014,2382.8356162084524,3
1302,1305,-0.018631311399766474,3,2363.779287068668,2322.1027583780424,3
1306,1308,0.003050670196819813,2,2330.501771362039,2339.941865430931,2
1309,1318,-0.000810475860310876,9,2340.898583462727,2341.342240252857,9
1324,1326,-0.00566285338667464,2,2340.556247432544,2329.6425768075005,2
1329,1332,0.014113355546778027,3,2353.3608392063816,2388.9280182991715,3
1336,1342,0.0010275594414539892,6,2426.132825404191,2431.0519539205607,6
1343,1345,-0.003248333894248509,2,2440.166618559929,2434.6803092438067,2
1350,1351,0.0004093715412347295,1,2419.533382380241,2422.9434038724353,1
1359,1362,-0.0031663179922127704,3,2466.196877020393,2460.854310353365,3
1364,1365,-0.0009266961266093823,1,2455.327614572816,2455.507599597407,1
1375,1380,-0.01212032839682959,5,2471.4038653329453,2443.921042749249,5
1382,1383,-0.0019146187706038061,1,2450.6112053577244,2448.3698303498522,1
1384,1390,-0.010314158040527516,6,2447.117392801288,2424.3245546610133,6
1400,1401,-0.002683896321863879,1,2464.799180306206,2460.648714032355,1
1403,1406,-0.005049466025805804,3,2468.616918741987,2458.620338398812,3
1407,1409,-0.001365941057369246,2,2461.468332953127,2460.5675806286854,2
1412,1413,-0.0034206065202920925,1,2449.651996969556,2443.722353373245,1
1414,1416,0.00016302095215586982,2,2451.878784331015,2454.7303707293386,2
1417,1419,-4.000864575185879e-05,2,2459.502623254125,2461.8637245081995,2
1421,1423,0.0038416424912443197,2,2466.5156217708236,2478.457608610507,2
1426,1429,-0.001757696360201694,3,2493.308864489962,2491.4196934384795,3
1431,1435,0.004650338829533682,4,2508.9841781788996,2523.1607889035495,4
1436,1438,-0.008589184908039466,2,2530.3458049120686,2511.142542717309,2
1442,1443,-0.004395344943574258,1,2532.8973732144286,2524.2973129256925,1
1444,1448,-0.007058650125514719,4,2522.5584499123247,2507.275150843145,4
1449,1452,-0.005128935702087352,3,2505.4528600936183,2495.108006329681,3
1453,1456,-0.007410258005976552,3,2498.908756435503,2482.8901065733576,3
1460,1461,-0.0039063202005060246,1,2441.5346573753027,2434.4387758803373,1
1462,1465,-0.013620836879695793,3,2432.3222666066586,2401.624324040964,3
1467,1469,-0.0002687718376122777,2,2417.95831695128,2419.726396168114,2
1470,1478,-0.021639999730309237,8,2432.789863909754,2382.5770817747575,8
1480,1481,-0.003109913781684267,1,2390.7575051098343,2385.713212901138,1
1482,1483,-0.006168768266329814,1,2372.7101325761428,2360.446143737684,1
1486,1487,0.002510924868265999,1,2371.3978811989873,2379.723680992642,1
1491,1496,-0.003338843997549248,5,2385.7770022349373,2380.197042013769,5
1497,1500,0.0004914147029413342,3,2398.694267242191,2402.271715140217,3
1502,1503,0.0019014865342851179,1,2412.1833303995086,2419.18224785089,1
1505,1507,0.0028250463477976846,2,2417.311691961356,2426.558021220181,2
1511,1521,0.004659387628113019,10,2424.764272474265,2438.4869533989963,10
1523,1525,-0.0022485964245336767,2,2451.1685691904563,2448.108048879036,2
1533,1535,0.003948421610465173,2,2425.834830630459,2437.8388841297697,2
1541,1542,-0.002110452280033936,1,2475.2679201064007,2472.5192532008236,1
1545,1546,-0.0016377508345021535,1,2485.0663237564927,2483.481470634724,1
1550,1551,-0.0003329622036044547,1,2478.4510117435575,2480.1042322449052,1
1552,1555,-0.002712917009989323,3,2485.3578318427185,2481.100620136645,3
1556,1558,-0.00453522546840676,2,2481.3858036034326,2472.6135453135907,2
1559,1560,-0.005837917440237114,1,2480.674865355238,2468.673565160578,1
1561,1562,-0.005311343709159764,1,2478.544438592876,2467.8585816196755,1
1564,1565,-0.0037650631673958363,1,2468.610258084406,2461.784394785121,1
1571,1574,-0.012594389089078593,3,2465.424565999804,2436.8394743118297,3
1577,1579,-0.004113274722552523,2,2427.7127386963866,2420.1546019933844,2
1584,1586,-0.0005387077560216112,2,2408.4396268132136,2409.550621333153,2
1595,1598,-0.015855700162362076,3,2385.186352515186,2349.7527392308625,3
1601,1603,-0.002334848162212094,2,2357.6018915298164,2354.45485097768,2
1604,1605,-0.0007401405251350444,1,2359.686897025347,2360.300084023254,1
1613,1614,-9.84076631450377e-05,1,2373.579095358302,2375.719096081596,1
1618,1619,0.00018269626143073685,1,2386.1843679636463,2389.0064992947214,1
1620,1622,-0.002239710486737559,2,2390.3292237112855,2387.3659075058954,2
1625,1630,-0.021657652657617855,5,2385.0052775000468,2335.7366668908653,5
1636,1638,0.004472094286754066,2,2284.0634249187983,2296.5620353368804,2
1641,1643,-0.016011460293207356,2,2275.7449247663735,2241.582670190775,2
1648,1649,0.006382037889983603,1,2149.261186164259,2165.1271136759947,1
1658,1661,0.00872023327886275,3,2189.0844303778613,2210.3628417082605,3
1663,1666,-0.01931752271160067,3,2207.196688355257,2166.7663128873396,3
1674,1678,-0.026923206163481102,4,2128.5414745924954,2073.362855119114,4
1681,1685,0.010147297299038967,4,2088.1202073827903,2111.397104130617,4
1687,1692,0.005145909932326455,5,2121.9841895578406,2135.025713264684,5
1702,1703,-0.0020812334322761533,1,2151.803435938774,2149.47683412415,1
1704,1707,0.009134128280934954,3,2148.8352921083315,2170.6118646131576,3
1710,1715,0.010655765719838166,5,2191.0590527609215,2216.5975237582334,5
1719,1720,-0.001060146457550599,1,2222.766673334883,2222.6329817935202,1
1724,1728,-0.00998899048707317,4,2241.998613645432,2221.845309435342,4
1730,1736,-0.004998600089570134,6,2249.036078185492,2240.043082321813,6
1740,1743,0.004466182675576115,3,2248.9267156137266,2261.2197598652547,3
1744,1750,-0.00864600153392597,6,2264.038093711325,2246.7272549739414,6
1753,1755,0.0028935468559986104,2,2248.319080838025,2257.0730165265036,2
1759,1766,-0.013703396189126502,7,2262.326688705564,2233.5874564697024,7
1767,1769,-0.005646794365652335,2,2228.7514035940308,2218.3948541293703,2
1770,1779,-0.0019145561800847093,9,2218.84544538032,2216.8161865655948,9
1783,1786,-0.027629872304908668,3,2204.2306795104378,2145.5322979845128,3
1787,1793,-0.012315683265079758,6,2145.8247212833526,2121.543248394932,6
1794,1795,-0.006552572579166978,1,2123.2692814983643,2111.479674707729,1
1797,1801,0.011744359776324625,4,2131.62001183504,2158.786144172279,4
1802,1803,0.0022604889298571793,1,2164.675046303502,2171.7329453287125,1
1805,1806,0.001070466891320945,1,2170.3532187380943,2174.8468632199633,1
1810,1811,3.752838895249933e-05,1,2200.5429315292063,2202.8260572917766,1
1813,1817,-0.003916438863031177,4,2197.655648452362,2191.2463201116557,4
1819,1820,-0.004070031937039352,1,2186.9609426879274,2180.246902748818,1
1821,1823,-0.007999013303108865,2,2166.249858321897,2151.0882467456445,2
1826,1827,0.001544648457689945,1,2095.977354634323,2101.3108801771464,1
1829,1831,-0.007972063976995125,2,2118.5086788808194,2103.738300835843,2
1835,1837,-0.007786307202665656,2,2124.830845413213,2110.411090542539,2
1841,1842,-0.0005126534917732453,1,2082.48454595315,2083.4994375250562,1
1845,1848,0.013947722447181513,3,2098.58044992718,2129.9494480257727,3
1849,1850,0.0015928148304319256,1,2141.770475814934,2147.323690068008,1
1851,1852,-0.003422810598013988,1,2152.8257969814595,2147.609907824855,1
1854,1855,0.0026793949700334176,1,2154.8949443642528,2162.823653983497,1
1856,1857,-6.605754332142128e-05,1,2175.5511810213893,2177.5830206360224,1
1859,1865,-0.0005777306625247836,6,2182.463715856098,2183.3853033634564,6
1868,1870,-0.0020468875689431147,2,2208.494737095587,2206.1826914092453,2
1872,1874,-0.011145738824515534,2,2189.7937101824527,2167.5766351193747,2
1875,1876,0.002666196505714153,1,2165.363313393962,2173.3019608071286,1
1879,1881,0.012748046509616577,2,2211.7204657657967,2242.1273015954157,2
1883,1885,0.00344653533738677,2,2260.6086564154652,2270.660532690219,2
1888,1891,0.0033212685104846767,3,2287.9112282499423,2297.797906995363,3
1894,1896,-0.005721698489100651,2,2324.0879208350184,2313.1142784106746,2
1901,1906,-0.010649579748028024,5,2341.4398540138845,2318.8459434173665,5
1907,1916,-0.00881362116599705,9,2329.351362603491,2311.1506934936083,9
1917,1920,0.00040336811645709015,3,2315.4840112829256,2318.7334877185262,3
1924,1927,-0.005404847960808926,3,2307.6524759031554,2297.4876176004177,3
1934,1935,-0.002504945117252719,1,2320.473985252768,2316.98179925895,1
1937,1942,-0.013352204850689494,5,2318.1989258996623,2289.5640578823013,5
1943,1945,0.0021234518808863423,2,2291.3837965440944,2298.5408235732425,2
1947,1953,-0.012965741135740803,6,2299.2726629257972,2271.7601614407417,6
1955,1958,0.013946323110443533,3,2262.3359262106464,2296.1495299481553,3
1959,1962,0.01442482654741633,3,2331.9510049008964,2367.920944668566,3
1968,1971,0.0005947072721385227,3,2417.18037730198,2421.035072427734,3
1972,1975,0.0037233501683963718,3,2432.509502558391,2443.999096726926,3
1976,1977,-0.004826940254925537,1,2439.493221370164,2430.1574265596846,1
1978,1980,-0.005920905430219792,2,2429.83649355598,2417.879497960294,2
1981,1983,-0.003072410182129734,2,2419.50388165647,2414.489677176423,2
1984,1985,-0.004303994056069233,1,2415.825094313939,2407.843222561823,1
1986,1989,-0.001249418370232426,3,2420.901764812903,2420.2979474402305,3
1990,1992,-0.009411094776687667,2,2414.9425241955855,2394.630213744323,2
1994,1997,-0.008852765602345606,3,2397.2259603936927,2378.4011068308632,3
1998,1999,-0.006247203503692058,1,2379.6617592274683,2367.175189706848,1
672,675,0.0028948763508524398,3,1973.894115675043,1981.5821891852725,3
678,679,-0.0015007024086913265,1,1993.2202644747044,1992.2222542872296,1
681,682,-0.0019693604970731533,1,1989.4583249980044,1987.529822687178,1
684,688,0.0010104519260272873,4,1991.5289367872508,1995.5328099739538,4
689,695,0.005098740900695267,6,2006.5685771339681,2018.806118985385,6
697,701,0.0008949877067964149,4,2017.445406703716,2021.2684409485523,4
702,704,-0.0026493963949095643,2,2027.2830430379229,2023.9392496952748,2
705,713,-0.014663563791745961,8,2021.9874389899874,1994.3598846312386,8
714,715,-0.0012858913378788676,1,1998.9379888130713,1998.3665097571127,1
716,723,0.01549091594039756,7,1998.9325052361123,2031.8967331504894,7
726,729,0.0026017083187733717,3,2031.619362348545,2038.936662706497,3
730,733,-0.0007896278422606769,3,2042.870958521448,2043.3007216929752,3
734,738,0.009154987506375674,4,2049.9991689754315,2070.8168849244576,4
739,741,-0.003912977142923454,2,2068.383115702286,2062.3579629634364,2
743,748,-0.0031905277667252123,5,2068.6134265046976,2064.0820713553185,5
749,752,-0.0036836801151810556,3,2067.198303393651,2061.6506044126972,3
753,756,-0.008311177307725553,3,2062.5743962056686,2047.494549084634,3
761,763,-0.0003037452684751539,2,2067.7626700869628,2069.2023596296813,2
767,768,-0.0003353393111794467,1,2085.430347944018,2086.81645151557,1
775,776,-0.002136967869979902,1,2084.370600446528,2082.0007380446896,1
778,779,-0.0032119161687758032,1,2084.952845676211,2080.3411047657246,1
783,786,-0.0004435441663555495,3,2076.9366263514935,2078.0923498533366,3
787,788,-0.0025238115844632043,1,2077.1482658231675,2073.9830832330586,1
791,793,-0.0016555831994815237,2,2077.7636111872666,2076.401464271278,2
794,797,-0.0022609324140219853,3,2075.214020680351,2072.5973160556423,3
800,802,-0.0031347507379181046,2,2073.554213473367,2069.1276920860414,2
803,806,-0.0015197961745515001,3,2074.9519000175633,2073.873347957556,3
807,808,0.004050268416550854,1,2081.7000370844917,2092.213181034512,1
809,820,-0.008762611404042083,11,2091.4360858217683,2075.201080211143,11
825,827,-0.002456777725434924,2,2070.2956781281214,2067.27971749916,2
830,831,-0.0013235945260738281,1,2059.346659028302,2058.680265722152,1
840,846,-0.00225832691881971,6,2075.9429246834316,2073.330709819369,6
847,852,-0.005762506379012245,5,2082.347792262629,2072.430597618656,5
853,856,-0.004314705559290453,3,2078.7662224726423,2071.875724518547,3
858,863,-0.003113743237571079,5,2071.1780264884615,2066.8000879411657,5
868,869,-9.86344075619794e-05,1,2070.5389582302278,2072.405270804979,1
870,872,0.002375239347362026,2,2084.3650576349833,2091.4002885917794,2
875,876,0.002969898120498685,1,2112.265270372353,2120.6507482991988,1
877,879,0.00645239612569598,2,2131.325918672275,2147.2094036911835,2
881,884,0.0011728338046832509,3,2172.888837954706,2177.610164275633,3
885,889,-0.003951754447251422,4,2173.8137065976807,2167.397142321735,4
890,895,-0.003623137599484274,5,2167.4784874740535,2161.792893157487,5
896,899,-0.003987048017228242,3,2172.729898683116,2166.239850147282,3
905,913,-0.007201628488967728,8,2174.4141710415042,2160.929262171558,8
916,921,0.0019972064380480653,5,2146.089803080968,2152.5220772553917,5
922,927,-0.0045154693964831105,5,2158.5912742976875,2151.0028127333785,5
930,932,-0.0069252666051430895,2,2159.054483876484,2146.2615104444862,2
933,934,-0.003102945721488408,1,2149.3542986124876,2144.8343231862577,1
936,937,-0.0013694490920942,1,2138.885617522997,2138.09540817351,1
944,946,-0.00862783632817049,2,2129.5240591578754,2113.280398177718,2
947,955,0.003579298680022834,8,2108.541702323433,2118.197344557656,8
956,960,0.008006858960169172,4,2121.575027254455,2140.683754298353,4
961,962,-0.0012078857989959101,1,2139.0515224279366,2138.606843993103,1
965,970,0.0017622142052487054,5,2140.6365616022767,2146.5494583210093,5
971,973,-0.005030460568528167,2,2152.9125269030587,2144.2352978558856,2
974,976,-0.006743275108616948,2,2149.8684784996544,2137.521192380287,2
982,985,-0.005884995471272289,3,2127.2628027830224,2116.8711336252213,3
988,989,-0.0019034241678391071,1,2126.03880750356,2124.1180926630973,1
990,991,-0.0004977539914153812,1,2130.2016627839175,2131.271548066531,1
993,997,-0.006681365181332245,4,2143.970898464171,2131.790216851847,4
1008,1011,-0.0031406213350446115,3,2145.991641249709,2141.3978857576226,3
1012,1014,-0.004031709039679405,2,2141.318087168992,2134.8262337672927,2
1015,1016,-0.0019573690025743917,1,2134.797667474766,2132.7538783611576,1
1017,1018,-0.00017482659163334973,1,2137.077725814161,2138.8411855251156,1
1019,1020,0.0007331825142848079,1,2140.174664366107,2143.883977671902,1
1027,1028,-0.0024014473852304917,1,2141.6323654390144,2138.630980360345,1
1030,1032,0.0010355664767774863,2,2145.3816654429993,2149.748732441068,2
1033,1034,-0.0016466513961169678,1,2149.1138142876957,2147.7240868392723,1
1037,1038,-0.00272865206270911,1,2151.805655215733,2148.0859319312954,1
1041,1043,-0.0017892530035819375,2,2144.934381366496,2143.2414854635163,2
1044,1046,-0.005242792331130955,2,2143.880746122466,2134.7847053339583,2
1047,1048,-0.002244220997567621,1,2138.5378670258438,2135.8770533075967,1
1056,1058,-0.004252610388958067,2,2144.723865501912,2137.747914375534,2
1059,1060,0.0015350750859572377,1,2140.017726733674,2145.4428323562233,1
1062,1063,-0.0001584809678909306,1,2142.7666355664137,2144.569814471611,1
1064,1066,-0.003763629054603984,2,2142.480292325865,2136.5592715410767,2
1067,1069,-0.001165055302125716,2,2142.051067716909,2141.6975108307583,2
1070,1071,-0.0005930227299746744,1,2150.5131927058546,2151.3884026941755,1
1072,1081,-0.004254326329999751,9,2164.9826213732363,2157.9370614245095,9
1084,1085,0.0017238893086235383,1,2184.688870431017,2190.639721087853,1
1087,1094,-0.01531793368251259,7,2186.309960689699,2155.006519663127,7
1112,1114,-0.006396744902735961,2,2146.5261043361925,2134.9418505240264,2
1115,1116,-0.0034800604886677496,1,2132.4559234789986,2127.167303799353,1
1117,1119,-0.0021184108836766287,2,2131.413531373044,2129.0297352819407,2
1120,1121,-0.0022821694729802033,1,2127.43105452423,2124.703327370249,1
1122,1124,-0.0007043639771628341,2,2129.099389271629,2129.7288277472985,2
1125,1126,-0.0014837701186629628,1,2126.502211993655,2125.4734737662216,1
1128,1131,0.0015613855850233707,3,2130.011955881412,2135.4677378011343,3
1132,1138,0.00038621838944879723,6,2140.0463824736607,2143.012954123319,6
1139,1141,-0.00553762441788934,2,2151.9536655459565,2142.1889080470087,2
1142,1146,-0.0025702131596152173,4,2148.382558635381,2145.009140069924,4
1151,1152,0.0019912428565062312,1,2146.763723866395,2153.185215520017,1
1153,1162,0.001930116235561552,9,2159.0837134074095,2165.410079650001,9
1164,1169,-0.0038421017434038477,5,2171.8198905748,2165.647357477438,5
1172,1174,-0.0024588242804590927,2,2165.6391110930863,2162.479824175112,2
1178,1179,-0.006415895717448848,1,2172.029410730541,2160.2659259467923,1
1182,1184,0.004645040391486777,2,2168.1818155596197,2180.421289484541,2
1185,1192,0.007813077414085847,7,2192.7804952175397,2212.1056394739894,7
1197,1198,-0.00017514376378078178,1,2219.432353474969,2221.2630660925997,1
1201,1202,-0.0008584708890640103,1,2226.5486700597144,2226.8637915134436,1
1204,1205,-0.001654186628515345,1,2226.2573150453327,2224.8009272781956,1
1207,1209,0.005133648545563265,2,2231.664199578439,2245.352443450369,2
1214,1215,0.0004346060519901788,1,2271.9939294638734,2275.2533457051672,1
1220,1224,0.009915451295620006,4,2282.9171898869968,2307.836261285142,4
1225,1228,-0.011789376446257074,3,2302.6947998431874,2277.8501588068407,3
1229,1230,-0.00033384653061971966,1,2280.5455422715895,2282.0647355966535,1
1231,1235,-0.0012907563502512747,4,2298.600644530224,2297.9323117961353,4
1236,1237,-0.003425153612345689,1,2293.6342505033713,2288.0718351153632,1
1238,1247,0.0009702145534839853,9,2289.559090370254,2294.070013011163,9
1248,1252,-0.005168926980228131,4,2298.183566199301,2288.6026067246557,4
1254,1258,-0.0015766794356346897,4,2290.154772563248,2288.8340874014903,4
1261,1264,0.004615574317467006,3,2333.7196488721097,2346.824824996484,3
1268,1271,-0.0021970336809020528,3,2376.8594287818164,2374.014247990795,3
1272,1275,-0.0028452502252663044,3,2388.77409966573,2384.3662137202114,3
1277,1281,-0.0047428606563630306,4,2383.9832823426136,2375.0603651097063,4
1283,1289,-0.004984680979823128,6,2355.7635581157465,2346.376591872762,6
1291,1292,0.0005605978052774807,1,2366.1088653322595,2369.8014096345446,1
1293,1294,0.0006901797108609545,1,2384.1629925585603,2388.1926564759683,1
1299,1302,-0.0030019573955321808,3,2369.33782912551,2364.594515735978,3
1305,1310,0.008202622364390698,5,2324.2520718316237,2345.6412859283428,5
1311,1313,0.0038815549560538036,2,2356.1924559379822,2367.694338898683,2
1318,1322,-0.004751396996590523,4,2344.353111882411,2335.558512659548,4
1324,1326,-0.003854003503028713,2,2342.687900972895,2336.0018614970154,2
1327,1330,0.006934243603262966,3,2335.0796847215775,2353.606775773189,3
1334,1335,0.002124600308585751,1,2413.5949357119553,2421.136455192882,1
1336,1339,0.0005608412420173862,3,2425.34906558969,2429.1346504375506,3
1341,1347,-0.006591377647804457,6,2436.141998110468,2422.5206081953556,6
1349,1354,-0.002856215372767463,5,2425.2084156968435,2420.706706553462,5
1355,1356,-0.00034362790749354266,1,2433.499829285555,2435.097110660617,1
1359,1361,-0.003398503523824843,2,2474.6381956530595,2468.702767220594,2
1362,1363,-0.004454884460094923,1,2465.01899525727,2456.502639436717,1
1366,1367,0.002185197270350821,1,2460.543177043439,2468.380492454538,1
1371,1372,0.001373326462957627,1,2470.3024026643257,2476.1652367280767,1
1373,1374,-0.0007709724071904965,1,2471.316006663399,2471.882006219477,1
1375,1376,-0.004419594541034957,1,2471.638896744171,2463.1868938654547,1
1396,1397,0.0037619630293801295,1,2443.827805559555,2455.465223219801,1
1398,1402,-0.0001793058825454891,4,2463.3857829966214,2465.407469217748,4
1404,1410,-0.0018335950147549702,6,2461.1528243529237,2459.101219627993,6
1415,1416,-0.0021718537438465153,1,2457.9623849293266,2455.0820125063133,1
1419,1422,0.001726278796413763,3,2466.075286915177,2472.798495680254,3
1424,1425,-0.0007871073058284184,1,2488.2473587320937,2488.7770884160595,1
1427,1428,-0.0041737622619061575,1,2500.1791287403585,2492.244154573557,1
1431,1436,0.0056761290945535605,5,2507.558724611975,2524.2995103696585,5
1444,1445,-0.004806813576358,1,2520.699109899883,2511.1032783064024,1
1446,1448,-0.0016842826348466974,2,2504.012758125913,2502.299305678093,2
1451,1458,-0.017232954886492347,7,2495.6664073930947,2455.154367190148,7
1459,1461,-0.004128028162837008,2,2441.442965873879,2433.8060635186653,2
1463,1464,-0.006104469153832,1,2422.8576328267636,2410.490230775873,1
1466,1469,0.003156235459454158,3,2410.909948665268,2420.9302580834615,3
1473,1479,-0.025989781076961677,6,2442.4493306257964,2381.413056561886,6
1481,1489,-0.0015398700434545685,8,2382.8571229753857,2381.570689796859,8
1492,1500,0.00359485645431196,8,2394.6489047875884,2405.6519727635628,8
1504,1505,-0.004574139338304903,1,2420.2445963339055,2411.5943049138286,1
1506,1507,-0.001686104286567443,1,2420.8256108315636,2419.16467200294,1
1513,1520,0.008583445375589704,7,2417.9193167236817,2441.0913144180863,7
1531,1533,-0.002128635772943928,2,2431.368196483682,2428.6240673599323,2
1535,1538,0.00566920726706542,3,2433.4432324019244,2449.6723696914505,3
1541,1544,-0.0025547365329536527,3,2478.8804755902293,2475.0264695540036,3
1546,1547,-0.00246593934609722,1,2488.261320742666,2484.6136805692176,1
1548,1550,-0.0014700451258491615,2,2480.934281078418,2479.768130012045,2
1551,1553,-0.00315354524002872,2,2486.1260173620863,2480.7720325112846,2
1558,1559,-0.001726333971296453,1,2478.804942551788,2477.004502313795,1
1562,1563,-0.00289212835710825,1,2472.5304576834046,2467.852112690608,1
1574,1575,-0.0017349439401590024,1,2444.0141759495223,2442.2179625412455,1
1581,1582,-0.003670780515166991,1,2411.5789588487864,2405.1381607547064,1
1584,1585,0.0006469894173645868,1,2401.8967742772697,2405.8526728461065,1
1586,1587,-0.006693908739349076,1,2417.1807246630688,2403.4175182103236,1
1590,1593,-0.004089990343423167,3,2409.3591602901747,2401.91426375104,3
1595,1596,-0.005865254800125264,1,2383.3716996535145,2371.7759890512925,1
1597,1602,-0.00498181289304185,5,2363.8927445591066,2354.480165951053,5
1604,1607,-0.00844142819451248,3,2360.657457130053,2343.0907941709793,3
1608,1610,0.003046066921333965,2,2359.6370634235036,2369.184312892175,2
1611,1619,0.008130863427607209,8,2368.8732594057697,2390.5031176147145,8
1623,1624,-0.001869793023992506,1,2390.3787393705234,2388.299604618319,1
1627,1629,-0.012155285627896237,2,2373.604693021611,2347.12645470324,2
1630,1631,-0.007016163929080439,1,2338.9697014384747,2324.8980762894685,1
1633,1637,-0.0036308269996987315,4,2293.2307342676368,2287.1976409353865,4
1638,1641,-0.010414722366153806,3,2292.604635499819,2271.020399361231,3
1646,1651,0.016699978286272923,5,2121.269943431542,2158.8163753696035,5
1652,1653,-0.0009128176836954267,1,2170.921661856754,2171.1109278357503,1
1656,1657,-0.0022059383868524023,1,2192.8473996345897,2190.202960778861,1
1659,1662,0.007042343015295194,3,2195.1847453451596,2212.839174049169,3
1663,1664,-0.007557904097671982,1,2205.7138017028565,2191.2489421243777,1
1666,1669,-0.027860249762515638,3,2171.046352553688,2112.7315052780973,3
1671,1672,0.003944902688034106,1,2119.9646738287,2130.447692842853,1
1673,1681,-0.016631997448473174,8,2121.01114685416,2087.8555060183526,8
1682,1686,0.007637784268347179,4,2096.653358811889,2114.7637982108117,4
1688,1692,0.00013324496203236049,4,2129.9694405662362,2132.383217704041,4
1693,1699,0.010118797874603767,6,2137.3942951790536,2161.1595503254807,6
1703,1704,-0.0014930662063777792,1,2151.6776143780594,2150.61669485939,1
1705,1706,0.003254142549173598,1,2148.971617516342,2158.113649111385,1
1707,1708,0.0004547556138639417,1,2170.8762127047016,2174.0343070621375,1
1710,1713,0.004484266362186955,3,2189.0318443102333,2201.03707801974,3
1717,1720,0.00019096825057512003,3,2215.2996656117434,2217.9380171789967,3
1721,1724,0.0010032100362877155,3,2231.8519406630976,2236.322808870142,3
1725,1726,-0.001886102001972089,1,2238.303043039756,2236.3196782322984,1
1728,1733,0.015440696593251313,5,2223.7620061343687,2260.3222025728237,5
1736,1739,0.0004372067178796048,3,2242.96972697302,2246.193338132626,3
1741,1745,0.0014110233585560542,4,2256.211662888025,2261.6514419090945,4
1746,1757,0.00047188824046516943,11,2257.3962571727557,2260.7188921777583,11
1758,1760,-0.005555463645038676,2,2262.6347378285955,2252.3273875384157,2
1763,1764,-0.0070180251739954975,1,2249.0170390898625,2235.482397931875,1
1765,1770,-0.00901339018985001,5,2236.5835118872637,2218.660895514326,5
1771,1775,0.007935287492264399,4,2221.267101850777,2241.114762002923,4
1781,1784,-0.011426700990611622,3,2213.084144273207,2190.008977633807,3
1786,1791,-0.019473406644510503,5,2149.3676399497804,2109.6614975084362,5
1796,1801,0.015124075728633776,5,2128.0549683375298,2162.3678878016995,5
1802,1803,-0.0005314798373440658,1,2164.7982124441505,2165.812464054762,1
1804,1805,-0.0008456252927182197,1,2169.370121440239,2169.705017317722,1
1808,1809,0.0024703999761018494,1,2188.7085556097686,2196.3042497288507,1
1815,1820,-0.009731263746693454,5,2196.9427733425746,2177.7606865521284,5
1823,1827,-0.027262412882441703,4,2156.135998623652,2099.510664797102,4
1829,1831,-0.0038690047493618973,2,2114.7064688322866,2108.6393659297005,2
1833,1835,-0.00412553491218607,2,2130.827087368904,2124.1671129155006,2
1836,1837,-0.005251301946369563,1,2124.40641445608,2115.3749213314227,1
1845,1847,0.011354604107162769,2,2101.2774924122946,2127.23794395034,2
1849,1852,0.0049505882182003125,3,2138.687013272397,2151.413459015994,3
1854,1855,0.002649498356209357,1,2154.5565811299953,2162.4196318311892,1
1856,1858,-0.00011997076896775303,2,2179.007333547912,2180.9249236960677,2
1861,1862,-0.003473822638562964,1,2185.088896925969,2179.683374545481,1
1867,1869,0.007752322511192167,2,2195.012203931491,2214.223658656302,2
1871,1872,-0.0066293975455302976,1,2200.1920519869673,2187.8062962498166,1
1873,1875,-0.007650484966697944,2,2176.538145594906,2162.0631113781824,2
1876,1879,0.018131712738001855,3,2168.2137262550887,2209.6953684203936,3
1881,1891,0.021162441972910975,10,2246.7795909341103,2296.573713244108,10
1892,1893,0.000943398974993376,1,2310.3784254400025,2314.8684125038494,1
1897,1899,0.0016010445344030182,2,2314.5445987782546,2320.564832356539,2
1900,1903,-0.0036825621940608775,3,2330.4980051173425,2324.2462992754804,3
1904,1905,0.0008034584909372468,1,2319.8583623605527,2324.0421306219237,1
1906,1909,0.003883303823881467,3,2322.59292234556,2333.93484924457,3
1914,1916,-0.0015118734138332062,2,2310.784573208922,2309.6017440208007,2
1918,1922,0.00034290700597460486,4,2316.7147270190617,2319.82585945682,4
1928,1929,-0.003456734188823057,1,2308.2021467852446,2302.5315076565225,1
1931,1932,-0.005732653479577172,1,2310.944577104097,2300.007677210155,1
1934,1935,0.0011080202910473207,1,2314.7146533048212,2319.5941187619724,1
1936,1940,-0.013100335469251996,4,2321.5053494179297,2293.4143558963096,4
1941,1945,-0.002572739466347268,4,2293.7397213127383,2290.1322663275014,4
1946,1947,-0.0021964225926610244,1,2301.5170725428743,2298.763485519889,1
1951,1953,-0.008454457310910206,2,2283.1012708186504,2266.081989858848,2
1954,1955,-0.006990125001882716,1,2272.0430232820054,2258.4332015628906,1
1957,1959,0.021985779592859765,2,2275.2629887462554,2327.561682321368,2
1961,1962,0.00017235904492451134,1,2364.261228872181,2367.032991908414,1
1963,1970,0.0216870427563697,7,2374.0975203360413,2427.9587722876963,7
1971,1980,-0.004417329050888846,9,2426.1133685167247,2417.8225408217427,9
1981,1984,-0.004669842245452374,3,2420.3139977304313,2411.4318271743005,3
1985,1986,-0.0003616383833785111,1,2417.7963210479816,2419.3397494161472,1
1987,1994,-0.015055995373932284,7,2427.9599286174616,2393.8325350927216,7
1996,1998,-0.002319857812031638,2,2382.973053348038,2379.8278677477156,2
672,676,0.001793858859939055,4,1979.248806614074,1984.7785484284566,4
679,681,-0.00510727443922638,2,1993.3311999288662,1985.144041642486,2
682,683,0.0008354538589118484,1,1988.4770641015878,1992.1268220022507,1
685,688,-3.543360696899598e-05,3,1995.7133476377849,1997.6383456630397,3
690,694,-0.0024193841531361363,4,2015.6754235636656,2012.8144058095934,4
696,701,0.0011777764307460206,5,2019.928912966569,2024.32786654501,5
705,708,-0.006487928054396833,3,2024.2183323320314,2013.109567757802,3
709,710,-0.0026421120993309556,1,2009.5922177033863,2006.2922420079742,1
711,713,-0.0021149160935640954,2,1999.8304967049894,1997.6008534998127,2
717,727,0.016177166883339464,10,2000.1812682071245,2034.5387156480479,10
728,734,0.005528089528167656,6,2034.3228984840832,2047.6031404945888,6
737,738,-0.002830348273549061,1,2070.3854331445154,2066.5959067413783,1
740,741,-0.002237088109042841,1,2067.4943681958835,2064.9366954974753,1
743,745,-0.0012501880660888952,2,2069.48370535857,2068.965945232524,2
749,753,-0.0030938966271757194,4,2066.5813579923724,2062.254150257088,4
754,757,-0.0033838977601050226,3,2057.4827320062095,2052.577903529925,3
765,769,0.0012995784607859988,4,2080.1140965652926,2084.8974821377315,4
771,774,-0.0018211410238324062,3,2088.7130371394414,2086.9979091776327,3
775,777,-0.003226296768773153,2,2084.422034251054,2079.781492211441,2
778,779,-0.003327671140615721,1,2083.1752824309947,2078.326335445236,1
786,787,0.0013589865787461452,1,2074.9557979097735,2079.850590788534,1
792,794,-0.0028184100559836217,2,2077.815259164669,2074.0369390029277,2
795,800,0.0015940790769874871,5,2070.1860749560637,2075.556301338578,5
804,808,0.0061412948989188944,4,2074.7192807795022,2089.5354629960216,4
810,811,-0.003983612557617654,1,2094.23032113575,2087.9819492510655,1
815,818,-0.00603348060857497,3,2084.690826994378,2074.1975761418275,3
820,822,-0.0018899129923216648,2,2078.1568330958007,2076.3074543299467,2
823,826,-0.006505465871892716,3,2079.5430528801653,2068.094199573402,3
829,830,-0.004758203607813993,1,2066.9913135641846,2059.2231393522275,1
837,840,-0.00173930191489091,3,2074.539800041038,2073.00608879435,3
842,843,-0.0013107567100085508,1,2075.2451724319244,2074.6002760696783,1
844,845,-0.004268905697957166,1,2081.3663539226486,2074.5625635887745,1
847,849,-0.003644311449717723,2,2080.4038411740903,2074.902605476837,2
851,854,0.0010991444355651966,3,2075.055662016466,2079.411503562876,3
860,862,0.00014707373902804292,2,2066.9563221450294,2069.32727346188,2
863,866,-0.004118342898585904,3,2070.0762684293695,2063.6210607981816,3
869,870,0.002088023487970912,1,2074.74011311894,2081.1469593196866,1
872,873,-0.002083814488132222,1,2093.0487017904366,2090.7802252830697,1
874,880,0.0272076815271195,6,2102.1457251306056,2161.4423822686854,6
882,885,-0.0019541342101660098,3,2176.215669141156,2174.139267322529,3
888,889,-0.0036658707093996266,1,2174.880900532408,2169.082949243246,1
891,893,-0.002365380856537992,2,2169.970024931004,2167.007189399702,2
894,898,0.00039954148231003523,4,2162.2054357989477,2165.2315319996246,4
902,906,0.0018040389581226771,4,2160.0313037225646,2166.0881156489672,4
908,910,-0.0018258001711715156,2,2162.200721784875,2160.415176058718,2
916,921,0.0023301351434364004,5,2147.6899195281812,2154.842017206406,5
928,933,-0.006599441649349887,5,2157.625259998645,2145.5437632541193,5
935,936,-0.004104097213968993,1,2141.9057164416263,2135.2570328746356,1
938,939,-0.002990714322833582,1,2141.090486683923,2136.8281871855984,1
949,961,0.012871675680783737,12,2110.0988388435894,2139.369445590426,12
963,964,-0.002455021960515165,1,2140.4429526238564,2137.3285611225588,1
965,967,0.003675939920389148,2,2140.1284681276097,2150.135580266489,2
969,971,0.00024995590261874976,2,2148.059228143348,2150.7442074547403,2
973,975,-0.002256547689996366,2,2149.643513184249,2146.9423835934417,2
978,980,-0.0026018340042643917,2,2130.4873098474045,2127.074622828837,2
982,983,-0.0026036892190322795,1,2128.09537704144,2124.682573428206,1
986,992,0.001977898978666926,6,2127.310748971919,2133.6456654785898,6
994,999,-0.0017295832766189166,5,2140.972254236913,2139.410236684517,5
1002,1003,-0.00238482711976742,1,2143.4656023988505,2140.49727310236,1
1005,1008,-0.0028046696061315825,3,2147.4912834481524,2143.615771199481,3
1015,1018,-0.00023207298472757113,3,2135.0491212202505,2136.688683119369,3
1019,1021,0.0008354381822591218,2,2143.207610888876,2147.1413359704097,2
1023,1026,-0.003159359810327956,3,2148.082829832817,2143.4443461008204,3
1029,1033,0.0031662655759073857,4,2140.436578343585,2149.354205577351,4
1034,1035,-0.0014796439630105622,1,2154.3106398695863,2153.2773377767235,1
1036,1038,-0.004780779795522098,2,2155.408459902725,2147.2593351464275,2
1039,1040,-0.001152156809861276,1,2147.0247784542867,2146.698094013304,1
1042,1044,-0.0011977748880794671,2,2143.403284584733,2142.979373240015,2
1045,1047,-0.0027768358337085827,2,2138.7943354284266,2134.9940490123045,2
1049,1050,-0.0037879249704130904,1,2146.0875502036956,2140.10441913379,1
1051,1053,-0.0037590401326933506,2,2146.211720069949,2140.290235801019,2
1058,1059,-0.0009419108654963514,1,2140.8457124066626,2140.970072281202,1
1062,1063,-0.00397138448435853,1,2147.8895497554436,2141.5073440731844,1
1066,1067,-0.0017984303454994972,1,2138.8895014935965,2137.1817472099337,1
1070,1072,0.0005296225926551856,2,2152.8715206702755,2156.1646015873766,2
1077,1080,-0.0013435560955399304,3,2151.2898057201137,2150.5507169940856,3
1083,1085,0.002732255141506529,2,2181.2843674425117,2189.425477237987,2
1086,1088,-0.005921920911441553,2,2192.2293517532835,2181.439372264213,2
1092,1094,-0.010870073961739557,2,2177.1346761707923,2155.6461958923187,2
1095,1096,-0.002296620787648662,1,2150.9209147719994,2148.1319860013177,1
1098,1113,-0.0013765886828914257,15,2144.446748223626,2143.6391738471816,15
1115,1119,-0.006364987902956369,4,2134.983989533762,2123.5298262569077,4
1120,1122,0.0007046497075564322,2,2124.9064131880564,2128.528634283882,2
1126,1128,-9.1027682850134e-05,2,2125.9181053811817,2127.850506087501,2
1129,1133,0.0013022981771251873,4,2132.4948592816513,2137.4044983089043,4
1136,1137,-0.0038013658143147963,1,2147.647694264867,2141.6313474329613,1
1145,1147,-6.990500475760305e-05,2,2142.642835851697,2144.6356972299145,2
1156,1158,-0.00139863001481771,2,2157.5693737378256,2156.709301826402,2
1168,1169,-0.0037902425915749154,1,2169.2276910954033,2163.175019600885,1
1171,1179,-0.0021645814268983227,8,2166.0038341891213,2163.481346353234,8
1180,1186,0.020138662216045263,6,2162.6881397325346,2208.404473796988,6
1188,1190,-0.005673509797280894,2,2214.1016953811236,2203.7540694155837,2
1195,1196,-0.002329557828259704,1,2217.8556834123465,2214.9069160265153,1
1199,1201,-0.003040217248843568,2,2224.41834938696,2219.8800527018966,2
1204,1210,0.011042899138731157,6,2222.9820540564356,2249.7532027206466,6
1216,1217,-0.0042027493839292785,1,2289.4990946472813,2282.166402832393,1
1218,1220,-0.0006475359896130936,2,2283.091530660827,2283.8962382578043,2
1221,1223,0.0016933518462504105,2,2293.274736721389,2299.451332467497,2
1232,1234,-0.0015456954927236702,2,2296.878062355307,2295.624666349344,2
1240,1243,0.0024019764145485297,3,2276.442072659282,2284.186474899555,3
1244,1251,-7.579074273887567e-06,7,2292.138506493307,2294.4132727118135,7
1257,1260,0.006248666377079,3,2292.941808817913,2309.5625790120903,3
1264,1268,0.012233030741926346,4,2345.3688111664474,2376.405148745768,4
1270,1271,-0.0032644377275348373,1,2377.1280124850427,2371.7451541303917,1
1272,1274,-1.6347324336462308e-05,2,2383.421223218216,2385.7656818816677,2
1275,1277,-0.0037362494698365252,2,2388.27628739097,2381.7413676657734,2
1282,1283,-0.006359565933242654,1,2363.41058212904,2350.743727286796,1
1286,1296,0.018842485409421433,10,2335.8424423294823,2382.1913619101124,10
1300,1303,-0.008036054504936812,3,2368.346067252109,2351.6822552363706,3
1307,1313,0.01433419423144263,6,2331.250637378365,2366.998487454099,6
1316,1317,-0.0049683100037057355,1,2366.386459135078,2356.9959040766585,1
1319,1323,0.0002549010644916979,4,2333.056725275078,2335.984480643145,4
1330,1332,0.007639577783037727,2,2364.223668077491,2384.649562354345,2
1336,1338,0.0005297069296691561,2,2426.0567672170164,2429.767923065599,2
1340,1346,-0.006315821140871774,6,2436.3553483570026,2423.4041190895305,6
1347,1348,-0.0019387817583060522,1,2420.0873022955543,2417.815368482651,1
1349,1350,-0.0018865703460816145,1,2424.3393952426477,2422.190047825988,1
1354,1356,0.005831267391477682,2,2427.089569538737,2443.6696673713227,2
1358,1359,-0.0005226309563382129,1,2465.779833489001,2466.956920449994,1
1367,1370,-0.0013466148610394137,3,2471.4691014944506,2470.612453575273,3
1371,1377,-0.0063157595895588226,6,2468.904299625652,2455.780197919214,6
1384,1389,-0.010031351477928295,5,2446.965447499517,2424.8660424888026,5
1392,1395,-0.0024806232030663835,3,2439.7173810537324,2436.10507889042,3
1396,1399,0.0031527342112398684,3,2451.5141474454213,2461.6946341148564,3
1401,1404,-0.005339329964960183,3,2465.8063629081817,2455.1064154698247,3
1408,1413,-0.013102630057333153,5,2473.803769972432,2443.8642381100194,5
1415,1419,0.00241729972365588,4,2454.634626709244,2463.0228489407737,4
1425,1426,-0.002239716680854744,1,2489.658029029851,2486.571558441639,1
1433,1434,-5.659701974121043e-05,1,2524.3779855101207,2526.7594912249506,1
1435,1436,-0.0011701586165853226,1,2529.8187747099364,2529.38830424702,1
1442,1443,-0.004597256916334487,1,2536.61243043089,2527.4875838214625,1
1445,1446,-0.004310097768581156,1,2511.7378364151027,2503.4237386075242,1
1450,1453,-0.003875106073873607,3,2504.7790375464965,2497.5775321219353,3
1454,1455,-0.0034768471390707115,1,2496.264817293475,2490.081950922399,1
1458,1471,-0.010861684212156837,13,2452.207095828936,2428.024203827061,13
1472,1474,-0.0043241412555850515,2,2436.3238924836396,2428.225207720667,2
1475,1477,-0.013882294411033922,2,2422.424119950424,2391.217739248833,2
1478,1480,-5.495603736473153e-05,2,2385.761583052383,2388.0162326327336,2
1481,1483,-0.012397808946523335,2,2388.8823244789764,2361.6543001488385,2
1484,1486,0.00221382041231059,2,2368.150526455798,2375.761336957146,2
1487,1490,-0.00034583592971211444,3,2378.866161764018,2380.422330535068,3
1495,1501,0.014566594439033468,6,2370.580482696752,2407.4823476559804,6
1502,1504,0.0010370612617240402,2,2414.6740089953705,2419.592847878787,2
1507,1509,0.0008909284926752659,2,2423.1390439344163,2427.721026594306,2
1515,1516,-0.004469348525630954,1,2426.443724572274,2418.0255456139025,1
1517,1519,0.0027293334455972492,2,2421.463006277701,2430.493449254289,2
1520,1522,0.0023385905186160366,2,2437.5041396031984,2445.641967812765,2
1528,1531,-0.0034099736522785868,3,2437.1496451913085,2431.2761787597374,3
1535,1537,0.004752042718960362,2,2438.4298304408712,2452.4557829927544,2
1541,1544,-0.0010851876649709828,3,2480.3810296411475,2480.169731772994,3
1545,1547,6.994355979297873e-05,2,2483.0797038410797,2485.736458978657,2
1550,1557,-0.0015482283889955424,7,2477.030473015235,2475.672494589521,7
1558,1561,-0.0036410337473924124,3,2476.7928480521446,2470.2515545551387,3
1563,1565,-0.003795542750669117,2,2469.2435830359855,2462.340707037793,2
1571,1573,-0.010404371669321441,2,2468.2622641156786,2445.049808406574,2
1574,1577,-0.007765244679183079,3,2445.5098335693237,2428.965361179879,3
1579,1580,-0.0045417900396929976,1,2421.6511742718367,2413.07419426319,1
1581,1582,-0.0034650351188280975,1,2414.3205768427015,2408.369191832675,1
1586,1591,-0.0026569440867557285,5,2409.5383088486824,2405.545838596024,5
1594,1597,-0.014353649990787608,3,2394.624984782044,2362.6480008760695,3
1601,1603,-0.0034238502826146942,2,2360.910942638897,2355.1884479833534,2
1609,1617,0.004060967439168104,8,2366.2139432978875,2378.1892750190236,8
1622,1624,-0.0012294043349418914,2,2391.7081404837672,2391.1594722684245,2
1629,1635,-0.029985273195092723,6,2354.743112729801,2286.4902403030646,6
1637,1641,-0.007246034645159133,4,2292.127268898226,2277.8105625655735,4
1647,1650,0.00827554303225517,3,2140.470325840174,2160.32435045677,3
1651,1652,0.0015216896263187613,1,2163.3339711482176,2168.789227981525,1
1653,1659,0.009661823882228197,6,2171.1822326026872,2194.33099518292,6
1662,1664,-0.010719352120672938,2,2215.598718464906,2194.064534362034,2
1666,1667,-0.007641125857854778,1,2161.501810888798,2147.1470053207045,1
1669,1671,-0.0017723973179097137,2,2116.8239183876167,2115.188889270567,2
1673,1677,-0.017512384272675874,4,2129.4341916360618,2094.272155980392,4
1679,1683,0.013288228695022757,4,2072.3406683600624,2101.9507457635873,4
1684,1685,-0.002113614313609546,1,2114.600533059441,2112.24568363826,1
1686,1688,0.005688077123788673,2,2110.852517480461,2124.9700619143136,2
1692,1693,0.0006202171270844347,1,2136.404459004211,2139.865898099069,1
1694,1695,0.002142746951001891,1,2137.8708570342465,2144.5896441518266,1
1696,1705,-0.006282144000262364,9,2157.16939489008,2145.774915513312,9
1707,1711,0.007511286603191963,4,2169.204253918977,2187.6669730249446,4
1713,1714,0.001737436843564942,1,2209.867650090244,2215.917023215003,1
1715,1716,-0.001348636207973263,1,2218.710646987409,2217.9371241208532,1
1718,1721,0.005488647538752208,3,2218.0508450697735,2232.4429952264627,3
1724,1732,0.009674957292169297,8,2236.157004259286,2260.0278847783393,8
1733,1734,-0.006580555668083585,1,2263.088481021378,2250.4591897712394,1
1735,1737,-0.004489980165290685,2,2248.2804121942013,2240.433958149632,2
1738,1740,-0.0006879582831484004,2,2248.5588699227997,2249.2605140930123,2
1742,1743,-0.006236298894202632,1,2268.5536011399095,2256.674776426821,1
1744,1745,-0.0020554758099090974,1,2263.0108102628087,2260.6222570950135,1
1746,1747,-0.0037302863836319844,1,2262.6730213718893,2256.495276031026,1
1749,1752,-0.0032116083014658717,3,2247.7762553818006,2242.8050547555604,3
1753,1755,0.001290573185914294,2,2248.9009241498557,2254.052196304491,2
1756,1759,-0.0006668132925462947,3,2261.1839310306163,2261.9373274595437,3
1761,1765,-0.0074618188514025425,4,2250.613482069201,2236.0704254435454,4
1766,1767,-0.006850191845657304,1,2240.3571167793493,2227.2505978434065,1
1768,1769,-0.0029828099013531847,1,2220.528231146506,2216.1253457835546,1
1770,1772,0.005327396607397936,2,2216.139742963973,2230.162138055123,2
1776,1780,-0.013547563341216227,4,2240.3056892070076,2212.1953116679956,4
1787,1790,-0.014695911661077997,3,2142.819330783011,2113.4714665229567,3
1792,1793,0.0019207132397952341,1,2118.3739244156945,2124.5610871835725,1
1794,1795,-0.004096268690383349,1,2120.941994939779,2114.3749886467276,1
1800,1801,0.0004545833698362284,1,2156.4707607004366,2159.6075272064895,1
1802,1805,0.0015170661035648104,3,2164.6988230087736,2170.1475130405956,3
1807,1813,0.005452944437818041,6,2182.721646232515,2196.806627738876,6
1815,1820,-0.007931101723242795,5,2197.490772727848,2182.2597406461837,5
1821,1823,-0.006573164369583988,2,2164.1333447460183,2152.072273898051,2
1825,1827,-0.009519891114753043,2,2119.154916806223,2101.0999476597403,2
1828,1830,-0.0005673182064684708,2,2106.723176661294,2107.6347174238463,2
1832,1840,-0.018925566360168216,8,2125.192045757034,2087.0967747127147,8
1841,1842,-0.004540172979512591,1,2085.8826549092764,2078.4982694959326,1
1843,1845,0.006104611802983211,2,2085.201554487454,2100.0161020630644,2
1846,1849,0.005805968584852412,3,2125.4770157545177,2139.9429455515688,3
1851,1852,-0.003837480020378496,1,2153.4823079413036,2147.3718449182816,1
1853,1854,0.0012526399831612146,1,2146.8231787049885,2151.6591984341167,1
1855,1856,0.000797473785134797,1,2170.948047735555,2174.8502699402493,1
1857,1858,-0.000666672671242669,1,2183.679689854646,2184.4075699725267,1
1860,1861,-0.000990717160864651,1,2185.6112129013295,2185.6315015786313,1
1862,1864,-0.0021828473970065044,2,2178.0479247145277,2175.4716263962237,2
1865,1866,0.0006061859484167119,1,2184.1655899247385,2187.673766004291,1
1867,1869,0.001651634985707359,2,2202.1163268838154,2207.955535578778,2
1874,1878,0.011508103783101898,4,2170.938312971579,2198.0926346969395,4
1881,1883,0.007841181884591833,2,2243.771598002879,2263.6091908083035,2
1891,1894,0.008797691121492156,3,2294.146336093047,2316.6236732815896,3
1897,1898,0.0007773251721960883,1,2315.3076575919613,2319.422712173178,1
1901,1902,-0.0017468384940243524,1,2335.9659737620786,2334.221384452142,1
1904,1909,0.004546687148433295,5,2320.7334352906196,2333.6058176110855,5
1911,1917,-0.011700342877378155,6,2343.264783884701,2318.1910472446493,6
1921,1930,-0.006906145517113961,9,2322.7540382761276,2309.0355149256047,9
1935,1937,-0.004084268115021645,2,2318.454016640206,2311.303282840539,2
1940,1943,-0.001816648704144454,3,2294.576658774477,2292.7027957195287,3
1945,1952,-0.011982835860909574,7,2299.97038623809,2274.7101890010845,7
1956,1958,0.0132688366864727,2,2262.598053273676,2294.8826953829694,2
1959,1960,0.006540612829381843,1,2328.128425953783,2345.6839410309785,1
1961,1967,0.010833553855095195,6,2361.581081860309,2389.526978775677,6
1969,1971,-0.0023478290417151297,2,2428.6446325353368,2425.3712347676,2
1972,1976,0.0019788543015368146,4,2429.1793075233163,2436.4154787527364,4
1977,1979,-0.002639463945338297,2,2431.4829405880673,2427.496611973268,2
1982,1986,-0.0012413062203976968,4,2421.1994019066474,2420.615151430144,4
1989,1997,-0.02284998169674258,8,2431.470927496921,2378.3433322349515,8
1998,2000,-0.002295705321702828,2,2375.6061428998973,2372.528057378272,2
673,674,0.002184934309778445,1,1979.6768831356114,1985.9820239629853,1
683,684,-0.0014606618715383738,1,1992.2072710371622,1991.2895371071938,1
686,687,0.00010000975863163719,1,1997.8470009076723,2000.0446521049237,1
689,695,-0.0002614642867648494,6,2011.6422838397873,2013.127953508657,6
697,699,0.000682155890728913,2,2017.5300913942265,2020.9238915221881,2
700,706,-0.005950724400248898,6,2025.720264202357,2015.6914814622917,6
707,708,-0.002282120880617396,1,2021.2745734306245,2018.683055094568,1
715,717,-0.0030352596034285456,2,2001.6074755306172,1997.5336846937491,2
718,724,0.012915863364583297,6,2000.57185922278,2028.4115438667545,6
725,726,-0.0020435517746696264,1,2030.0436144120783,2027.9251587956019,1
728,730,0.000534621610954343,2,2038.3934265601993,2041.5215891642258,2
731,732,-0.00236636014600485,1,2047.279962346945,2044.4826405986798,1
735,740,0.0017880344376126453,5,2059.5266915513607,2065.2687228925884,5
743,744,-0.001255757018394651,1,2064.107969454551,2063.5800593546387,1
748,749,-0.0038540873501909127,1,2070.416719194329,2064.5075690264525,1
750,751,-0.0024355439811418475,1,2063.0636040660384,2060.1019855265085,1
752,753,-0.003523092234535263,1,2064.953235016682,2059.743167544733,1
758,759,0.0009411082210487227,1,2054.2784481040785,2058.2660248880165,1
765,771,0.005314542240081925,6,2078.398079448821,2091.522211913206,6
772,774,-0.006115084858146477,2,2091.918274505179,2081.2179350147776,2
776,778,-0.0027466310735766953,2,2083.988733652653,2080.3487741734716,2
782,788,-0.0029272501883680505,6,2079.6667891250922,2075.658750914008,6
790,791,-0.0029836849687312193,1,2078.3897017026347,2074.2668312922015,1
792,793,-0.0005564751816829921,1,2076.039793448947,2076.9605686211553,1
796,800,-0.0008504056476438674,4,2073.9959572565117,2074.3062153385267,4
801,802,-0.0026832084762422105,1,2073.5284398131535,2070.0382591675307,1
803,807,0.0016629343737544129,4,2074.573346757135,2080.097799433089,4
811,813,-0.0028762421101672713,2,2089.036237352864,2085.1166995946774,2
816,824,-0.0055360173044621645,8,2085.910063433097,2076.448339289813,8
826,827,-0.0030203094023272606,1,2071.5878542295904,2067.4026058099435,1
829,830,-0.003287622942517259,1,2064.9738637652904,2060.2499821788424,1
831,833,-0.003944514210953386,2,2062.261864374173,2056.189505007816,2
839,840,-0.0016383073434196212,1,2076.144385425471,2074.8191672182543,1
842,843,-0.0051816034712164815,1,2080.3096576517864,2071.6106275661446,1
846,848,-0.0004285359194266665,2,2078.0966004748693,2079.2841580380023,2
850,853,-0.001201834913457902,3,2077.2518868270804,2076.8326248722724,3
855,859,-0.006197396284825729,4,2076.813351378457,2066.019329381726,4
861,866,-0.0014699075454408003,5,2067.2586764186894,2066.2872559682623,5
867,868,6.850795347262484e-05,1,2067.730646817041,2069.940033458804,1
869,873,0.008560035746620471,4,2074.4075851822918,2094.238995849695,4
876,884,0.025324751030975777,8,2123.606847506911,2179.5102690552058,8
891,896,-0.0016707168149835434,5,2169.031776277202,2167.5769701926192,5
897,899,-0.0023302680242693477,2,2168.1661239466903,2165.2818818807,2
900,910,-0.001066031341455353,10,2165.2901094698464,2165.147132459278,10
913,914,-0.0017869148186946998,1,2158.6458697280505,2156.9471993048473,1
917,918,-0.0001664362291417719,1,2148.22126351898,2150.0119429360366,1
921,926,-0.0016051673597510412,5,2160.0633176811502,2158.756117866294,5
929,930,-0.002108429157471121,1,2151.6840689389214,2149.2990795792434,1
931,932,-0.005328087851947823,1,2154.7477797959277,2145.4218421061814,1
933,936,-0.006871714702534639,3,2145.4085187511278,2132.8112920086337,3
940,942,-0.0020073423356334434,2,2137.4799773655786,2135.3268032928095,2
947,950,0.00230369492287715,3,2110.245515647517,2117.217123043586,3
952,955,-0.0019548341030586197,3,2117.937999078356,2115.915719648672,3
959,960,-0.0019124181200659732,1,2137.130337140364,2135.1803806958146,1
967,969,-0.0016472496921043143,2,2148.0366970050422,2146.646380914277,2
972,973,-0.0014954914833393918,1,2147.615489401755,2146.5513642172687,1
975,977,-0.008141958284495238,2,2145.884873362859,2130.559053113972,2
982,985,-0.0033305904315170803,3,2124.0733760647145,2119.123030978618,3
986,988,0.00023626336563603296,2,2125.311817162893,2127.939262303005,2
989,990,-0.0005585113273143998,1,2127.2885178567767,2128.2276916409446,1
992,996,-0.0013434236468802137,4,2138.1640308188676,2137.4297347297756,4
997,1001,0.0033522641980636703,4,2136.2529794530647,2145.550516813545,4
1004,1006,0.0011448152057515278,2,2142.0529901120335,2146.6472979367513,2
1015,1019,0.0023467101703073642,4,2134.9278865671567,2142.072871438004,4
1023,1024,-0.002968444490924806,1,2151.1178234565605,2146.8834674276472,1
1026,1028,-0.002736597161657259,2,2144.327007119708,2140.603174925479,2
1029,1030,-0.0017464690997710361,1,2144.835063980885,2143.234010881518,1
1031,1035,-0.0013916176141173385,4,2146.4565814841494,2145.615991278902,4
1040,1041,-0.0021736146870769725,1,2148.2798781510337,2145.7586253340837,1
1043,1044,-0.002400844888258733,1,2144.0693316206057,2141.0658230573326,1
1046,1049,0.0010774939681244913,3,2134.6875789146,2139.1223794836255,3
1051,1055,-0.00033911549512445106,4,2147.925609859926,2149.345140613108,4
1062,1067,-0.006567011348939363,5,2148.3754790784874,2136.4154484046744,5
1069,1070,-1.8190005092593407e-05,1,2149.483043473871,2151.5934274098377,1
1071,1073,-0.001152956926635585,2,2152.605535390643,2152.276279463691,2
1077,1079,-0.003363548251493303,2,2153.1954810272046,2148.1062996128994,2
1080,1083,0.01174551188346077,3,2151.0077226300336,2178.4234171202306,3
1084,1088,-0.0006998176270841896,4,2182.7775474093824,2183.432778753111,4
1089,1090,-0.0034481704339015275,1,2188.794492155095,2183.4359501935146,1
1099,1101,-0.00042225659798762803,2,2140.9417927117447,2142.1787077065765,2
1104,1107,-0.0012655926526338327,3,2152.973527423032,2152.4017134728333,3
1108,1109,-0.002322395161382576,1,2156.818462201436,2153.96629590304,1
1110,1115,-0.009082016863321614,5,2154.0780353767627,2136.668740369937,5
1116,1122,-0.005060086665067845,6,2134.9244499815686,2126.256471691271,6
1129,1131,0.001391646604259549,2,2132.374968454083,2137.4748558063943,2
1133,1134,-0.0012000340139992145,1,2138.606288040502,2138.1784940403413,1
1137,1141,-0.0004285827990202938,4,2143.7582991660574,2144.983279532944,4
1144,1149,-0.004528286181003743,5,2147.586214142837,2140.0089153809627,5
1157,1158,0.0002158314766206068,1,2158.1436527306496,2160.7675917147085,1
1162,1163,-0.002784680562842582,1,2169.16401201935,2165.2927471694816,1
1171,1172,-0.002756017556412655,1,2165.110957875877,2161.3089850222655,1
1173,1174,-0.0012705792279932146,1,2167.953779287881,2167.3671760279562,1
1176,1178,-0.006193986009489299,2,2179.1269621707916,2167.8086072163755,2
1179,1180,-0.0047257737524877,1,2169.3469242224255,2161.2644283921177,1
1189,1191,0.0002597010666744175,2,2209.284677448564,2212.067715713333,2
1194,1196,-0.00012530783266992505,2,2213.7720248477285,2215.7083938981173,2
1197,1201,0.0011991361826834911,4,2218.4260808535278,2223.3047019165415,4
1202,1204,-0.003071925750985811,2,2231.5801066033146,2226.9564383150555,2
1211,1212,-0.0006477517313455703,1,2255.8990487163596,2256.693685250529,1
1213,1215,0.0042756152221111576,2,2263.3106595566023,2275.2510157245256,2
1217,1218,-0.0037934104981117503,1,2288.2168058675893,2281.824877020123,1
1221,1223,0.0023548227987824433,2,2295.111531824939,2302.811224317654,2
1225,1232,-0.0007768899098216348,7,2300.0374177566205,2300.5505793123098,7
1233,1234,-0.0021149492895677323,1,2296.1474850276127,2293.5873970204384,1
1236,1238,-0.004279495040846482,2,2294.737852435711,2287.2122710286053,2
1240,1242,-0.0004999016371623116,2,2278.9426875987647,2280.0823831058337,2
1243,1245,-0.00017072882567307883,2,2288.49276198646,2290.3905430666314,2
1247,1253,-0.004780103684466604,6,2296.4990794210244,2287.818074789531,6
1255,1257,0.0016752051917113234,2,2288.130869221421,2294.252088802077,2
1258,1259,0.002510033271816829,1,2292.286045653394,2300.332045942159,1
1262,1265,0.005223174648674142,3,2338.3378593886946,2352.8897442752773,3
1266,1269,0.0017733230986553216,3,2368.891790023811,2375.461492343299,3
1273,1274,-0.0031019886054786472,1,2387.222457002854,2382.204542599491,1
1276,1281,-0.007080299959234894,5,2388.1272016431335,2373.606671916335,5
1287,1288,0.002501925702639576,1,2341.5467337147306,2349.746656405458,1
1290,1291,0.0033092440617637255,1,2356.1711849526337,2366.3245016398896,1
1294,1295,-0.0024632518192073444,1,2389.041858506658,2385.546088661036,1
1299,1300,-0.0015430350948985355,1,2371.1042072530313,2369.8166144548313,1
1302,1303,-0.004767131976701084,1,2360.377173983874,2351.485321654684,1
1306,1309,0.0032317981809214897,3,2330.180943989253,2340.041799469245,3
1311,1312,0.0018409092801693738,1,2355.1151232359834,2361.805791645452,1
1316,1318,-0.010130083272233224,2,2364.585038101084,2342.9961797989445,2
1319,1321,-0.0028656169455517546,2,2341.3129186481324,2336.944925592263,2
1322,1323,-0.003476856298420887,1,2343.9782023851085,2338.1725052111697,1
1326,1331,0.015622086186292308,5,2333.5559493234905,2372.3445174336807,5
1334,1335,0.002372664323743822,1,2411.6963986045835,2419.8302410078586,1
1336,1340,-2.8094249790714364e-05,4,2426.8828214391674,2429.2415228084083,4
1342,1344,0.001373241922183192,2,2436.323120662418,2442.1051048283584,2
1345,1350,-0.009817463785395993,5,2438.7686502567412,2417.2648960021434,5
1352,1355,0.0017185345778876278,3,2423.7103100719414,2430.2992503566547,3
1360,1362,-0.0077893178357227345,2,2475.078332139535,2458.2742386743294,2
1370,1373,-0.0018234697198662862,3,2469.881210377324,2467.8473379889115,3
1374,1375,-0.0007413724012884132,1,2468.2066545090674,2468.845000869247,1
1376,1377,-0.0052251061272273035,1,2467.443882241576,2457.0186699761275,1
1378,1386,-0.012402122647821631,8,2454.071732328779,2426.090105450214,8
1394,1397,0.0020885883212390446,3,2445.6161634856353,2453.1696650064105,3
1398,1399,-0.0015593557758226682,1,2462.768997222433,2461.3914331593196,1
1400,1406,-0.002875856546408463,6,2465.0702690584294,2460.4461508568593,6
1407,1410,-0.006585623084725109,3,2467.5726525970426,2453.78972182546,3
1414,1415,-0.0016694819159633195,1,2452.3148145957,2450.6730341750795,1
1416,1417,-0.0029971993793288347,1,2459.590496898765,2454.678204284956,1
1418,1419,-0.0018390444593810655,1,2466.733759829735,2464.6640605357816,1
1420,1422,0.0009869393228332858,2,2467.7300596818136,2472.633289575533,2
1427,1428,-0.00262382836511883,1,2497.2302795406226,2493.175206178471,1
1435,1436,-0.0024686746645075637,1,2528.314965108368,2524.601692975218,1
1447,1449,-0.0022954727537705623,2,2511.632343449358,2508.3785921809304,2
1451,1453,0.0002944032417930111,2,2496.2029964982676,2499.4340897491084,2
1454,1459,-0.023930407118858164,5,2498.6120444203398,2441.317853009699,5
1468,1470,0.000648298509131919,2,2420.3790242377354,2424.3685313749206,2
1472,1474,-0.0034228048844225658,2,2437.0405603282534,2431.136086555154,2
1475,1479,-0.015343356734514212,4,2420.808654500397,2386.0861323828985,4
1483,1484,-0.0007569081223831571,1,2364.6592084620906,2365.2340379089997,1
1491,1492,0.0019522267884139956,1,2385.336954152604,2392.379009808047,1
1494,1496,0.002738138710314813,2,2371.24426835224,2380.1083083433796,2
1501,1505,-8.380167317651149e-05,4,2412.7781373588,2414.9887206512444,4
1506,1507,-1.3818778837642242e-05,1,2418.8652389037316,2421.250678378861,1
1508,1512,-0.004008522325646744,4,2425.4382860416817,2418.141300808647,4
1515,1516,-0.002191329007590793,1,2424.7013575995097,2421.8127405374566,1
1517,1520,0.0038890911961417148,3,2420.544528431218,2432.3787913750402,3
1522,1529,-0.011053389833578536,7,2451.20382055124,2426.560912981681,7
1531,1543,0.02061884154909901,12,2429.4059396505263,2481.926881718271,12
1545,1549,-0.005928539956761033,4,2488.239616438156,2475.976228066545,4
1551,1555,-0.003972958627976766,4,2488.3955229306184,2480.997625990903,4
1556,1557,-0.0009749993228859542,1,2478.8707032979487,2478.9326767440093,1
1561,1563,-0.003086176981193792,2,2473.15427768524,2467.994840160192,2
1566,1567,-0.002151788919656073,1,2466.176708277761,2463.336193271253,1
1570,1571,-0.002747419769012452,1,2465.07234131199,2460.7648251707355,1
1573,1575,-0.005118126151509295,2,2446.2939643998034,2436.219817250729,2
1576,1578,-0.006812229863996547,2,2435.5819769721343,2421.425814669365,2
1579,1580,-0.0020624119259543836,1,2420.670317079441,2418.098568065772,1
1584,1585,-0.0007519545148495252,1,2406.2594337480637,2406.8562955367056,1
1586,1591,-0.0034445335165779476,5,2412.568584003191,2406.6709792385523,5
1614,1621,0.0025936800622116886,7,2379.573663936603,2388.125090369256,7
1624,1626,-0.00897297637090605,2,2391.003527267476,2371.9401126418193,2
1632,1634,-0.014480635350102612,2,2321.354329809113,2290.0609985705746,2
1638,1639,-0.004792984792579051,1,2292.836299949326,2284.139606731745,1
1642,1646,-0.0646418791275186,4,2265.7160249183285,2121.5215995231943,4
1648,1649,0.005312362895600316,1,2148.240065411633,2161.8005362913796,1
1651,1663,0.018336476882308963,12,2160.781967497392,2202.5638780596155,12
1664,1666,-0.014706413993992192,2,2193.050679322623,2162.9918188020215,2
1668,1669,-0.009128545059074664,1,2133.8896682417176,2116.544249922321,1
1670,1675,-0.0003380165806756879,5,2114.272293770177,2115.6719069725896,5
1676,1677,-0.011285351565135,1,2111.582360634299,2089.863993696438,1
1678,1685,0.01764216693738813,7,2072.4572327811843,2111.0923264852886,7
1687,1690,0.008649802104369497,3,2117.0702419262134,2137.499550801851,3
1691,1692,-0.0008432240782866337,1,2135.5064750251745,2135.8412710211214,1
1694,1695,0.0024677835589753156,1,2140.8686699513505,2148.292739126933,1
1696,1697,0.003809529234118902,1,2155.800035895396,2166.1684191909494,1
1699,1704,-0.006939835011340274,5,2166.7043735825855,2153.8345070851556,5
1707,1716,0.021983934438492687,9,2167.188330491084,2216.9988449949574,9
1717,1723,0.007783234139688843,6,2216.1116072703608,2235.5762343966985,6
1725,1732,0.010232917567958178,7,2235.53518695266,2260.646769427969,7
1733,1734,-0.003431178372418212,1,2251.47008170716,2245.9963563383667,1
1735,1737,-0.0019931753230699894,2,2247.60353022843,2245.371265866162,2
1739,1744,0.003503610234322021,5,2251.343110532079,2261.482282405642,5
1748,1749,-0.003281785631733655,1,2251.367264488573,2246.2301270127073,1
1753,1754,-0.0005723631007472621,1,2249.475370873471,2250.437329546017,1
1761,1762,-0.003491454984522534,1,2251.604722767653,2245.994950957939,1
1766,1769,-0.009005367040239333,3,2235.7709750153267,2217.8728077424153,3
1780,1783,-0.007492357190229222,3,2218.234814958696,2203.833242208182,3
1786,1791,-0.021106318442277578,5,2148.868779244751,2105.6629392785876,5
1792,1795,-0.00213931409351332,3,2121.175003143922,2118.758318568032,3
1797,1808,0.02387737587761996,11,2130.740352687762,2183.747581339188,11
1809,1810,0.0020295362815808985,1,2192.9210049664366,2199.5645387136233,1
1811,1813,-0.0027113191641068082,2,2199.931438775719,2196.166653944821,2
1816,1819,-0.006052886606494588,3,2194.554555000468,2183.4657196822845,3
1822,1823,-0.003596195457426648,1,2159.912392860706,2154.3048381179215,1
1824,1825,-0.013291838680185124,1,2141.5424497322097,2115.218955413333,1
1830,1831,-0.0008566832367237876,1,2108.8108863387756,2109.1131142893673,1
1832,1833,0.0021462041771329785,1,2125.7253407684284,2132.4133067149914,1
1834,1835,-0.0037367807191400876,1,2131.2230711814364,2125.3903809720405,1
1838,1840,-0.014109631969694392,2,2111.529875565416,2083.848496003739,2
1847,1849,0.00199951240441364,2,2131.7231444026943,2138.117274417106,2
1850,1858,0.014292874747778985,8,2149.0301481782235,2181.894997063514,8
1860,1861,-0.0018760482123986945,1,2188.5390474179912,2186.621781697736,1
1862,1863,-0.0029698084186036144,1,2179.669832882036,2175.376300895449,1
1865,1867,0.0066508165040731985,2,2183.5183715499643,2200.224069943966,2
1868,1873,-0.01613847922140896,5,2210.255546415888,2176.7956387524673,5
1874,1884,0.041711810284741246,10,2167.1389082503542,2259.7013341602246,10
1887,1889,-0.002090668063627133,2,2291.003054023282,2288.5043301585865,2
1891,1892,0.004877881581317648,1,2295.769882954016,2309.264146463975,1
1893,1898,-0.0029844329537899636,5,2326.3693565962026,2321.752832582286,5
1901,1903,-0.006304827530632622,2,2338.7647602011493,2326.358016513561,2
1906,1907,0.002801035700188367,1,2318.0485447293504,2326.8595300026363,1
1909,1910,0.003006029198878126,1,2333.903160844833,2343.2528450545315,1
1911,1923,-0.011098564519893214,12,2339.3443585658547,2315.720338626629,12
1924,1925,-0.008376649452267612,1,2311.317909400721,2294.268127410324,1
1926,1928,0.006586723603028466,2,2291.846769239065,2309.2343772177755,2
1929,1930,-0.0016802414145231826,1,2314.0171083006626,2312.4430180296813,1
1932,1935,0.004681753502264293,3,2302.7194224028062,2315.8029065457754,3
1939,1941,-0.0048713155363339835,2,2299.8451083200393,2290.9416822210383,2
1942,1944,0.0009577098621903011,2,2289.673507398143,2294.1560238047723,2
1945,1948,0.00047349893033825537,3,2298.438867907908,2301.825615121218,3
1950,1954,-0.012361681373896836,4,2292.3354975936313,2266.290712067899,4
1956,1957,0.005458133150269935,1,2259.403451326352,2273.994979655197,1
1961,1962,-0.0007111880750300481,1,2362.2798723207143,2362.962126917957,1
1963,1968,0.015636147177601714,5,2372.9618581495847,2412.4388008685964,5
1979,1983,-0.004998083649844451,4,2425.7585653983933,2416.060179739604,4
1985,1990,-0.0002243388431414819,5,2413.0340287175045,2414.9057254837585,5
1991,1993,-0.006219922517037991,2,2411.10770557948,2398.5219101761218,2
1999,2000,-0.005160201946939202,1,2379.3003805059993,2369.402010430665,1
675,679,-0.0005103888724998775,4,1990.364031880695,1991.3385362584797,4
680,681,-0.0033767205303713473,1,1991.3114934958753,1986.5787025869192,1
682,685,0.0010219182902691942,3,1988.4635178187712,1992.484028574982,3
687,691,0.008176445976501506,4,1997.8033092369233,2016.1360433758118,4
694,695,-0.0030584373122302766,1,2017.0410937301372,2012.8891410825013,1
696,698,-0.001782042193645189,2,2017.672626700121,2016.0947215730787,2
699,701,-0.0025322679796246335,2,2026.6920846253397,2023.5866492395096,2
702,703,0.00010802925996086224,1,2024.9957143534698,2027.2394688562688,1
706,707,-0.0030886981561134394,1,2022.0429675596845,2017.8195301417604,1
708,709,-0.004733110976646212,1,2017.1156437208763,2009.585527170137,1
710,718,-0.0037545690853386365,8,2007.3896766273367,2001.8601830818711,8
719,721,0.0037812180593596303,2,2001.7062111369225,2011.2768050231427,2
724,726,-0.0019546403593222357,2,2032.199830873046,2030.2598108962868,2
729,731,0.0008775431356131053,2,2043.1245243674934,2046.9605787934224,2
732,735,0.004058353015097563,3,2050.517996160471,2060.890240048861,3
737,738,-0.00041592518636760184,1,2067.412100351723,2068.6196236889373,1
741,743,0.001359408446303204,2,2060.702532098535,2065.5645710580866,2
746,749,-0.004212568665958758,3,2070.1003730656676,2063.4500334717673,3
754,756,-0.003913715594998856,2,2057.29405493997,2051.299685168593,2
758,761,0.004412774108866101,3,2053.9373643577455,2065.054863344774,3
763,764,0.0016128581691394208,1,2074.5423153071993,2079.962800142975,1
767,769,0.0012395562686780869,2,2082.953926679345,2087.6188192032073,2
771,773,-0.00391396435897991,2,2088.650218403904,2082.5639661090995,2
774,777,-0.002261108830821745,3,2082.3593696854637,2079.733287895409,3
778,784,-0.0043864509789924774,6,2083.706989280957,2076.650617707173,6
787,788,-0.0051608575479393515,1,2080.4905974146054,2071.833972408936,1
790,792,-0.002173624785359347,2,2078.3445843699396,2075.9053876532057,2
793,797,-0.004276152215027042,4,2079.598553373429,2072.7854719664274,4
805,807,0.0014515279890964109,2,2075.1258222453866,2080.213051279518,2
809,815,-0.005532406987224044,6,2093.3179941920803,2083.8302250887223,6
817,818,-0.0034568526850459053,1,2081.284098638162,2076.1706902120795,1
820,821,-0.0022722187285140086,1,2083.9549857028574,2081.303739140666,1
822,830,-0.010035747299978807,8,2079.713808425236,2060.922039996029,8
831,832,-0.004001961351706651,1,2059.420065022975,2053.237765580847,1
833,835,0.00046758265260740217,2,2064.7902654110085,2067.8205157857983,2
836,839,0.0033199582187143804,3,2065.8810944121633,2074.805614424856,3
841,847,-0.0027532379406220004,6,2079.9427934650716,2076.2961588452454,6
849,850,-0.004653472174083653,1,2078.464682592291,2070.8710697096244,1
851,854,-0.0002807543668721191,3,2074.688985290675,2076.181196283444,3
858,859,-0.001856403723180645,1,2068.585753591848,2066.8142090507536,1
860,864,0.0007299867925203672,4,2065.7881468570376,2069.3619330672454,4
870,871,0.0011657229735451747,1,2083.724726444365,2088.2374969549696,1
872,874,0.0016280367505141584,2,2093.030404713664,2098.5309655371952,2
876,882,0.02358486884638005,6,2125.4576510203215,2177.711748609191,6
887,888,0.0005507570448981451,1,2173.8679071516585,2177.239048123352,1
895,896,0.0008469459624849945,1,2164.3744272989143,2168.3719099087198,1
897,898,-0.0036584568291327317,1,2170.2181677808835,2164.4487364720385,1
902,907,-0.0030304245897215276,5,2165.795178442678,2161.397694656068,5
908,912,-0.001256485314602384,4,2161.435932651624,2160.881556076445,4
913,916,-0.01017673722922214,3,2162.351777997356,2142.508443933533,3
917,918,-0.0016392741099953592,1,2147.448786387224,2146.075977975546,1
921,922,-0.003050392841107946,1,2158.529241236201,2154.103408332648,1
923,924,-0.0026776030881792033,1,2159.885858763411,2156.2624275766348,1
927,929,-0.0018750791072626631,2,2154.276703048918,2152.3915405148173,2
930,934,-0.00545560936378178,4,2158.270667598378,2148.6542566022513,4
935,936,-0.003051316952255009,1,2140.4532810245423,2136.062532923667,1
937,939,0.00045494594331527876,2,2135.7106821544476,2138.8180257475433,2
940,942,-0.0024434702914356396,2,2138.2558496350507,2135.169340840614,2
943,946,-0.008016969977540398,3,2129.9232226726417,2114.9776153646817,3
949,951,0.001623351844340308,2,2109.4405833655997,2114.974388210498,2
958,960,0.004438644327669048,2,2131.450479822848,2143.042680884644,2
962,963,-0.005306505356073706,1,2143.650859213814,2134.4192153070576,1
965,969,0.0014503606195880986,4,2140.2212061942296,2145.4655199550953,4
974,975,-0.0032405804343358722,1,2146.6404158116147,2141.8306952963926,1
976,979,-0.010390510994597198,3,2145.8357365625266,2125.6852424857366,3
980,982,-0.004046465192519609,2,2131.549897780803,2125.056205211095,2
988,989,-0.0007206013674870866,1,2125.458226882855,2126.0520770049093,1
991,992,-0.0029768015538014,1,2137.030803507091,2132.806317694197,1
994,996,-0.00014558018873703487,2,2139.021041907206,2140.84866386212,2
1001,1003,-0.0027952695396391853,2,2146.216022173795,2142.3629859237008,2
1004,1011,-0.002834262583373706,7,2145.478578113991,2141.5432070347265,7
1016,1017,-0.0005939807473663444,1,2134.192464589062,2135.058987818511,1
1020,1021,0.00017156102258815658,1,2146.2598888926777,2148.774363322849,1
1022,1023,-0.002017522362940884,1,2150.10523452571,2147.9174543669037,1
1024,1025,-0.00236982638892656,1,2150.7087337751254,2147.7626361967054,1
1030,1031,0.0018147632224932478,1,2143.4301216295075,2149.4633699058545,1
1032,1038,-0.0033886164935709915,6,2150.724484746206,2145.5872287688144,6
1041,1045,-0.005038282569945607,4,2146.8842270031423,2138.2145018495444,4
1046,1054,0.0017248105972173223,8,2138.8706603328387,2144.698677774191,8
1055,1057,-0.0036430912579415507,2,2145.7825178120124,2140.1110187977397,2
1058,1059,-0.0023608542182337556,1,2143.166418210571,2140.249881149972,1
1063,1066,-0.0039070086365282685,3,2142.670287220602,2136.441526190419,3
1069,1072,0.0020992293819776043,3,2147.449786001227,2154.1052254743236,3
1073,1079,-0.004010697124938106,6,2160.317035012619,2153.8129747263515,6
1080,1081,0.00016476231950921438,1,2153.1250049046726,2155.6328837795786,1
1083,1084,-6.467659644311848e-07,1,2179.399716844279,2181.5777069995634,1
1087,1090,-0.006623553883005196,3,2189.7524409695534,2177.438250127319,3
1092,1093,-0.0066245227658513085,1,2177.5921719222583,2165.344255176542,1
1095,1115,-0.011921545108029289,20,2152.6515704984,2129.1412892693315,20
1117,1119,-0.0041729318913356055,2,2131.1969489508606,2124.4348061848173,2
1120,1121,-0.00034709120644501126,1,2124.777836220337,2126.165122353956,1
1123,1125,-0.001646604062671014,2,2126.289101815665,2124.914234644018,2
1126,1127,-0.0033298499654973654,1,2128.0102571254947,2123.052312501353,1
1129,1130,0.004028607423037507,1,2124.2541756940977,2134.9362160104115,1
1131,1136,0.0007479381783418641,5,2138.0976144501797,2141.834876899499,5
1137,1140,-0.0012136363088208761,3,2147.4592793370316,2147.000504063251,3
1141,1142,-0.0024149172313467186,1,2148.7787949400954,2145.738450796782,1
1147,1152,0.001031791780094013,5,2148.7932111665814,2153.1591115501515,5
1153,1155,-0.0013576172587839242,2,2154.906709274335,2154.136077444029,2
1162,1163,-0.0025415405458857065,1,2170.157619382507,2166.8122334212662,1
1165,1169,-0.00238942103304831,4,2168.639674495684,2165.626520918837,4
1171,1173,-0.0017174826667233577,2,2163.374470651845,2161.8222869675205,2
1174,1175,0.00015754528608876816,1,2169.060326060471,2171.5711116161447,1
1177,1178,-0.005914846755427466,1,2181.693625614411,2170.970935777223,1
1179,1180,-0.004016732094663185,1,2167.882094963644,2161.3421754703213,1
1183,1184,0.001491819880118271,1,2171.786559496789,2177.1982604211166,1
1185,1187,0.007996700932208563,2,2191.2684410648208,2210.982627891268,2
1188,1191,-0.0014869828440955998,3,2213.907680811826,2212.8295457528593,3
1199,1201,-0.003982212408923982,2,2229.969695228826,2223.31945193219,2
1204,1206,-0.002719990081957665,2,2229.2142803455695,2225.3800538928167,2
1207,1209,0.005931784808785337,2,2230.0872118995544,2245.545696557266,2
1212,1216,0.007771853746934099,4,2263.600072402557,2283.4560411792218,4
1217,1219,-0.0032197971990463067,2,2285.8912887020447,2280.8170736220595,2
1227,1231,0.0042474715341392095,4,2279.5295145186465,2291.4912807573132,4
1232,1236,-0.0021199955957617736,4,2292.066786474437,2289.4996817683937,4
1237,1242,-0.006478718293117376,5,2289.527258856896,2276.983583981206,5
1244,1245,-0.0011625808730107146,1,2293.22952425283,2292.856688994763,1
1246,1251,-0.0025044516426182594,5,2297.5261875044043,2294.069670457655,5
1252,1256,-0.0038923333826935496,4,2292.058106541617,2285.428710364993,4
1257,1260,0.00958356619106554,3,2290.9207235930926,2315.166834709724,3
1263,1265,0.0028705384018193085,2,2341.7981376334665,2350.8621572544857,2
1266,1268,0.0013309761563698162,2,2367.7316947051654,2373.2508208302042,2
1269,1272,0.0007256648640058762,3,2380.502724900757,2384.6106748117886,3
1276,1278,-0.004413664698447518,2,2385.225719535294,2377.0833586986873,2
1279,1281,-0.004977710479831115,2,2383.772561410453,2374.2906043113967,2
1290,1294,0.010369373088184159,4,2354.761556628297,2381.5337192993175,4
1301,1302,-0.0056687513543569636,1,2372.176914346347,2361.1018101647182,1
1305,1306,-0.0010824878143032095,1,2329.3293492656303,2329.137207978817,1
1307,1308,0.001776298725279271,1,2334.671863425869,2341.1536099442437,1
1317,1323,-0.009101119339104069,6,2360.9887647994165,2341.8621130574925,6
1325,1330,0.009666244913976073,5,2333.685130794894,2358.5767879520567,5
1331,1335,0.015682057398793837,4,2376.049480749301,2415.686874569535,4
1339,1342,-0.0027648454327223442,3,2435.7840702371723,2431.4852878457164,3
1344,1346,-0.004654837688692744,2,2436.0934553506054,2427.1899291768123,2
1351,1355,0.004311135974461368,4,2416.1945796013338,2429.027317554353,4
1361,1365,-0.00803126474758609,4,2472.7556364919637,2455.369036955703,4
1369,1372,-0.0006140483630474114,3,2470.015066127105,2470.9683724851743,3
1376,1377,-0.005458068219360825,1,2468.4748219104863,2457.470192756635,1
1378,1384,-0.0018626712010202267,6,2449.2644246286673,2447.1515147458567,6
1388,1389,-0.0018713426313502857,1,2424.6118473638953,2422.49917969681,1
1390,1393,0.0012284121495932782,3,2430.7225350472363,2436.1391866766257,3
1395,1398,0.00722094941699187,3,2441.6474679093985,2461.720128237208,3
1399,1406,-0.004157570108002212,7,2463.4220522492556,2455.64362441368,7
1407,1409,-0.00015618105620718227,2,2461.5315597710087,2463.6086467318873,2
1410,1413,-0.0066111566969262936,3,2462.4857242208623,2448.668330958315,3
1415,1416,-0.0023497829698083724,1,2456.714253357743,2453.3982222968752,1
1417,1423,0.009904754224667533,6,2450.9815975692322,2477.7089494999077,6
1424,1427,0.004235564329242575,3,2484.03299559035,2497.0383101347243,3
1433,1437,-0.00362126750649469,4,2521.8343900135137,2515.2239874702104,4
1439,1443,0.0026434508750806537,4,2517.272379951148,2526.4439382066976,4
1445,1446,-0.006821178404264615,1,2517.8009423883404,2503.1443739162723,1
1447,1451,-0.005988844942472588,4,2504.5407618362237,2492.0459963233207,4
1452,1453,-0.00010464326956183701,1,2495.215597361097,2497.4497054400886,1
1460,1461,-0.004153453255416575,1,2446.1477218913983,2438.43390939457,1
1463,1465,-0.008932394612350493,2,2421.3462738774056,2402.1391997398655,2
1471,1472,-0.001938212811756565,1,2433.3440298986225,2431.0610353543602,1
1475,1476,-0.008356225159596244,1,2417.893224017014,2400.1066570492826,1
1477,1479,-0.0039261349276594245,2,2391.3751379753758,2384.3776516590096,2
1484,1486,-0.0014474455722164204,2,2371.7187313597137,2370.657516314824,2
1488,1489,0.0009138076573050392,1,2380.115492209455,2384.670575463716,1
1490,1496,-0.0049359747030954994,6,2387.9612938960495,2378.5623386513034,6
1497,1498,0.004327190053597583,1,2394.716659167558,2407.47376993546,1
1504,1505,-0.0007907795924023749,1,2415.17676745953,2415.682071727238,1
1508,1510,-0.0001751742370956536,2,2424.473409692522,2426.473177822313,2
1512,1515,0.0030286419068845096,3,2419.121942980689,2428.8677190180447,3
1516,1518,0.00037096537836225213,2,2420.9675294335134,2424.286592098506,2
1524,1528,-0.006177456192584164,4,2450.6060361871546,2437.9181307895133,4
1535,1536,0.006571303132777769,1,2436.318022648515,2454.7641249258368,1
1537,1538,-0.0026428327476199715,1,2454.6994889512503,2450.666828245235,1
1539,1541,0.0059403675838978175,2,2458.237238259802,2475.2983083017507,2
1542,1551,-0.0007465512440722676,9,2483.3758006342,2484.005209141372,9
1552,1554,-0.0021406742911865536,2,2483.389151462819,2480.5564133027337,2
1559,1561,-0.002238616797127741,2,2477.2617963403595,2474.1934182685295,2
1564,1570,-0.001859957214238594,6,2467.090627897346,2464.9690355137054,6
1573,1577,-0.00998365222027267,4,2449.3047257403314,2427.30102390281,4
1580,1582,-0.005140864852399408,2,2416.718358557708,2406.711054448608,2
1583,1585,-0.0030416420827578134,2,2410.179617103135,2405.2588929698522,2
1598,1601,-0.00021498233433120048,3,2352.511603611356,2354.3583667788816,3
1602,1604,0.00045134924689495585,2,2356.9562788840594,2360.377045604382,2
1605,1607,-0.00816087361163562,2,2362.196473658189,2345.2810832644714,2
1608,1609,-0.00022061571483581333,1,2357.3523664447443,2359.189649833746,1
1613,1615,-0.002297483055708297,2,2376.756840491609,2373.6730387635325,2
1617,1619,0.0003343306224975625,2,2383.301081546422,2386.481193162161,2
1623,1627,-0.00825693239407559,4,2391.5007518934626,2374.145792616591,4
1633,1637,-9.83299743004439e-05,4,2288.8785812995775,2290.942394508801,4
1639,1640,-0.0011103015400408174,1,2284.086940938376,2283.835002631203,1
1645,1647,-0.007417588658496034,2,2156.8530229276207,2143.0112274296375,2
1649,1652,0.0035779176013296396,3,2162.652684311391,2172.553130100463,3
1657,1660,0.005669062527839978,3,2196.189767281136,2210.8362941621363,3
1662,1666,-0.023460060207355492,4,2215.6229068444654,2165.8598829599428,4
1675,1676,-0.004294602806701787,1,2116.869588277787,2109.8953437908253,1
1678,1684,0.017617656786098387,6,2071.8949952641938,2110.4688251828575,6
1685,1691,0.005763761952019628,6,2115.225875357429,2129.5327596530988,6
1692,1693,0.0021388134503495084,1,2134.294098577939,2140.993249601557,1
1696,1697,0.004168998285754691,1,2155.5991590943795,2166.7414474525126,1
1698,1700,-0.000495172101669769,2,2163.4115832317093,2164.5037337544954,2
1703,1704,-1.5267235873816587e-05,1,2150.2279407151877,2152.3453406187496,1
1707,1713,0.015576957196411556,6,2166.816780808696,2202.736009836628,6
1714,1718,-0.0029211615818057427,4,2214.649226160637,2210.3945271501616,4
1721,1727,-0.00045967519415312597,6,2229.051968745205,2230.25638081744,6
1728,1729,0.0020940764212014134,1,2222.606341979469,2229.4832558558005,1
1730,1734,-0.0002521565038203304,4,2246.0004515853675,2247.680108415502,4
1736,1737,-0.0015427806650948148,1,2242.4649582199895,2241.247791598515,1
1740,1743,0.004795269400473744,3,2251.4699815001986,2264.517856590072,3
1744,1745,-0.00478786144141596,1,2266.5751331538527,2257.989660602907,1
1747,1750,-0.005813612709441048,3,2260.7721742342887,2249.889692563244,3
1751,1758,0.004569787275594932,7,2248.6556352913663,2261.180168836007,7
1759,1764,-0.01471909428028546,5,2264.3995203144095,2233.334009806983,5
1769,1772,0.0044847968520216434,3,2217.5857510579613,2229.748758404452,3
1774,1782,-0.01098571727290152,8,2241.4648158867694,2219.082181958168,8
1786,1787,-0.004318686270216301,1,2148.1646859846596,2141.035601335119,1
1790,1795,0.0009005797427773805,5,2110.8586625811668,2114.8705177951347,5
1797,1810,0.03127430204039736,13,2131.984206315478,2200.7925085354605,13
1811,1816,-0.006691783242622564,5,2205.5044879821144,2192.951234495889,5
1818,1823,-0.018718274469693784,5,2188.9545496984992,2150.1700521852563,5
1824,1829,-0.010900582114048533,5,2137.3429249320416,2116.181985797871,5
1834,1835,-0.00529922028783952,1,2133.6823454538558,2124.5091750264755,1
1836,1840,-0.019767376859210196,4,2123.8891909471267,2084.029362093419,4
1842,1846,0.01544038375794687,4,2082.3697540765456,2116.6047119595055,4
1847,1848,-0.0010970844396324011,1,2130.9569034088477,2130.7500206519994,1
1850,1851,0.00014958196864249323,1,2147.3901700363936,2149.8587710555075,1
1853,1857,0.014123229710974055,4,2147.6849411217026,2180.164873833086,4
1859,1863,-0.006176642565381891,4,2183.292679511041,2171.9905536935976,4
1864,1869,0.015008905265082088,5,2177.9363713136577,2212.8027483553947,5
1870,1872,-0.01152345383544243,2,2209.288335093126,2186.038991289592,2
1873,1885,0.04379753564827126,12,2173.642037987442,2271.0158446707655,12
1887,1891,0.00386550337599763,4,2290.2977959470554,2301.4412476052757,4
1892,1893,2.1228143314305607e-05,1,2313.48186198648,2315.844454772988,1
1894,1897,-0.004838808073838491,3,2322.907077726608,2313.9898832818544,3
1900,1910,0.0018845992363907007,10,2333.22772579445,2339.9581527106025,10
1911,1916,-0.0159773447250627,5,2345.7022734980965,2310.569881925552,5
1918,1920,0.001097262425461364,2,2314.204038239264,2319.057531413514,2
1921,1922,-0.0017230083353086188,1,2320.4379317978305,2318.7602358315744,1
1923,1930,-0.0054866446303467225,7,2319.476118551538,2309.0694534790214,7
1931,1938,-0.0015276648824086706,7,2305.6857250201097,2304.4690956331456,7
1941,1944,-0.00011855105600666626,3,2291.023959571965,2293.043380221793,3
1948,1949,-0.006139293067145641,1,2304.261440284335,2292.419165439391,1
1951,1952,-0.003129087833252007,1,2283.3722546147515,2278.510754528666,1
1954,1956,-0.002998827204102549,2,2265.3955542112735,2260.867419949463,2
1959,1960,0.0057684044270439215,1,2332.0552502819496,2347.839543362069,1
1961,1962,0.0015276102273897997,1,2359.036956747763,2364.999682686429,1
1963,1967,0.004622958948172221,4,2374.5381943088737,2387.8901250963395,4
1969,1970,-0.0034422304776378088,1,2431.7597319014244,2425.8208141698824,1
1971,1972,0.0016313229641318101,1,2427.858741789475,2434.247222250414,1
1973,1975,-0.0012075975555902454,2,2443.51155010031,2443.004283075453,2
1976,1977,-0.006182786989554926,1,2440.5225254869642,2427.8738170941547,1
1979,1982,-0.003736732716466552,3,2425.618127231196,2418.979858744748,3
1983,1984,-0.006331067486172347,1,2421.120376930112,2408.2132208085504,1
1985,1986,0.002062085536316837,1,2411.4279813053613,2418.811980048786,1
1987,1988,-0.001962234947543405,1,2432.33983270594,2429.9993503146084,1
1993,1995,-0.0058882653962135665,2,2398.670066603924,2386.944730720411,2
1998,2000,-0.00429842293262701,2,2377.3543584706363,2369.512838335676,2
674,677,-0.0015030826186024108,3,1984.2015330359138,1983.2033157328392,3
682,688,0.007544727172725334,6,1985.0780667957995,2002.0400172931306,6
692,698,0.0007824489197495248,6,2015.891566071687,2019.4847898159637,6
699,702,-0.002807188868514314,3,2022.1073772336351,2018.4530472905578,3
706,710,-0.005853324164223631,4,2017.2994275989556,2007.508819540515,4
715,720,0.003744767306581364,5,1996.9420988237207,2006.4171244073555,5
721,726,0.0039033927148004717,5,2016.4707885184305,2026.3583366924597,5
728,731,0.003461011742302314,3,2033.9259553698669,2042.9993229397453,3
732,737,0.009887111804626175,5,2046.5746622907413,2068.8559494556157,5
740,747,0.0013640910757021715,7,2066.9388588153765,2071.825290525524,7
750,755,-0.00596359322643986,5,2062.3354086499594,2052.0988145849374,5
757,758,-0.002050835916117977,1,2051.818755253209,2049.6626304118245,1
760,761,-0.0007898791019150058,1,2064.804553686394,2065.2384122735843,1
764,765,-0.0020388902935108825,1,2077.3648454478875,2075.206691273871,1
767,770,0.003862710045794057,3,2081.974088710332,2092.098125026587,3
772,778,-0.0063840132343835464,6,2091.1897378722633,2079.930744647952,6
779,782,-0.0024111425620691306,3,2080.442078717143,2077.5062783519456,3
787,789,-0.0025449547841617255,2,2076.708524124008,2073.500103354353,2
790,791,-0.006002783758722348,1,2081.6265807046484,2071.2126530549745,1
793,794,-0.0024644084444744815,1,2081.6454585917727,2078.597079403809,1
798,802,-0.00325618526615765,4,2076.2886543666227,2071.6041624963505,4
803,805,-0.002292553522057031,2,2075.844220184578,2073.1610804265365,2
807,813,-0.00022189193329352872,6,2082.913235285578,2084.5339668762035,6
818,819,0.0008320050541908595,1,2075.1360191217254,2078.93767879689,1
828,834,-0.003316389378230865,6,2069.008269218007,2064.2156404397188,6
835,839,-0.0002416441061293866,4,2070.5244044119922,2072.094598797481,4
841,842,-0.0011282542889381171,1,2076.0701855809584,2075.803920675521,1
845,856,-0.0018115816743079069,11,2076.9539754114635,2075.2683576266386,11
863,868,-0.004344339904553733,5,2072.7567310642003,2065.82472801607,5
870,873,0.005031784448814884,3,2081.069836321289,2093.6224009969096,3
874,876,0.006112719393382691,2,2103.0099114635154,2117.968030845258,2
878,879,0.002633774756471419,1,2139.0237599561983,2146.7964904986197,1
884,885,-0.004783588598194201,1,2180.0303066592323,2171.7819688472387,1
886,887,-0.0008648751137541354,1,2172.3513259284614,2172.6448646542635,1
888,889,-0.004226325796757212,1,2175.4022756368067,2168.3837191565954,1
894,898,-0.00013336086935716114,4,2165.6414945753986,2167.5183242375415,4
899,905,0.0006153834682087981,6,2164.8511722582793,2168.348237053078,6
906,908,-0.005700000132243429,2,2170.167638326078,2159.967850138955,2
914,915,-0.006790160362917947,1,2156.1548917140276,2143.6704091237134,1
918,919,0.0034803314241322603,1,2145.997586688011,2155.612367111761,1
920,925,-0.0022330565853921442,5,2157.182144182851,2154.522216534076,5
929,930,-0.002837708826259294,1,2154.8250174695495,2150.8650765159014,1
933,934,-0.001178764583646069,1,2146.97499447853,2146.5911913875434,1
938,943,-0.006107440279165471,5,2140.349055582193,2129.417350604239,5
947,951,0.003108116186327858,4,2105.0119872244686,2113.6596210415996,4
953,954,-0.002237266532334475,1,2118.389720075902,2115.7687073728107,1
955,957,-0.00033338228078893097,2,2120.1408152110394,2121.5541386456816,2
965,966,-0.0008694449979943294,1,2143.411641735688,2143.691474846874,1
971,972,-0.0007471759814108771,1,2149.338682380559,2149.8820868235475,1
977,978,-0.002798499231395601,1,2134.0416039976676,2130.2035318131116,1
979,982,-0.00435716980631745,3,2130.645915982866,2123.4929758457747,3
986,987,-0.003775546331397421,1,2129.9655593946145,2124.053741300234,1
993,1000,0.0038934383442216537,7,2137.234179080014,2147.6926027625054,7
1001,1002,-0.002969129989496297,1,2145.6308407538104,2141.405814718894,1
1003,1004,-0.0009451538934925835,1,2144.6253456141885,2144.7429699643126,1
1005,1008,-0.0037840276467468047,3,2147.9140540978538,2141.9342019884093,3
1009,1013,-0.00396879804608791,4,2143.98468667698,2137.619629128331,4
1017,1021,0.0005745156419263591,4,2138.4895130892064,2141.856598277661,4
1022,1023,-0.0013095746122992569,1,2149.550466367249,2148.885020115006,1
1025,1029,-0.0043366307499121855,4,2152.2445583940985,2145.0633130192296,4
1030,1032,-0.0017469584011123175,2,2146.4250805247775,2144.8217902785213,2
1033,1034,0.0008856739178824901,1,2147.72961942964,2151.779537155662,1
1035,1036,-0.0024855858847582634,1,2151.4811031913146,2148.2848932330894,1
1037,1038,-0.003472530956004684,1,2150.9684645817283,2145.65012846766,1
1042,1049,-0.0020512180755448634,7,2144.6398498332173,2142.385365657539,7
1051,1053,-0.0007555398918302683,2,2145.2489633395935,2145.7733911332225,2
1054,1055,-0.0012590195117552216,1,2148.1281787554626,2147.5717716434137,1
1056,1057,-0.003343100527483938,1,2147.1308637036013,2142.0999202442804,1
1062,1066,-0.006997694710767922,4,2148.2017103451276,2135.317452309328,4
1067,1069,0.0012684658214296251,2,2136.787324950013,2141.634553964326,2
1071,1072,-0.0012771735683032805,1,2159.338522490716,2158.7400109272626,1
1073,1074,-0.0012339723670735066,1,2156.0722853510015,2155.5678240148163,1
1077,1079,-0.0036637291878651983,2,2151.74357308512,2146.0119109246916,2
1081,1083,0.008585906729201839,2,2158.6478021620346,2179.3403986547564,2
1084,1090,-0.0013036005715458964,6,2184.423806232875,2183.7606139168042,6
1098,1099,-0.0007737353752496944,1,2135.38298634883,2135.8661479789344,1
1100,1101,-0.0003118901472164545,1,2142.01406167942,2143.4880026600626,1
1102,1103,-0.0017411996162220006,1,2151.1046565594906,2149.5102586135954,1
1107,1111,-0.0042828813477317545,4,2156.6725766194913,2149.5924764445426,4
1118,1119,-0.0045524930325308854,1,2133.2673071904496,2125.6888899451296,1
1120,1122,-0.0001985487967256092,2,2125.3203440733223,2127.0236846204234,2
1126,1130,0.0036580357996831257,4,2122.28327232775,2132.1689437873215,4
1131,1132,-0.0016337744921216882,1,2135.672802005513,2134.319267060084,1
1133,1134,-0.0022478796231459467,1,2140.0272913597164,2137.3567949098524,1
1135,1136,0.0005218142798834955,1,2141.0728567240562,2144.33117197169,1
1138,1140,-0.0004801522651861984,2,2147.5297636006467,2148.6461520836997,2
1143,1144,-0.001161838112958336,1,2144.1631258365683,2143.816118522408,1
1145,1150,-0.0011468636469907526,5,2143.775087721718,2143.4602450940074,5
1154,1155,-0.0021851584719574896,1,2159.510567419431,2156.951205175172,1
1158,1159,0.0002559214528056698,1,2159.168093990011,2161.8798395194667,1
1161,1163,0.0013108894252188926,2,2164.5499797704074,2169.5520154290166,2
1164,1166,-0.0045073667457616855,2,2170.432220592019,2162.8197187975848,2
1168,1172,-0.001956853755935895,4,2165.5066535080878,2163.4345803331744,4
1173,1176,0.002109960793237686,3,2168.823975740693,2175.5689332726806,3
1180,1184,0.004331145187489887,4,2163.070614623368,2174.602258120718,4
1186,1187,0.0013549248532923742,1,2208.611533288905,2213.812647479915,1
1189,1191,-0.0006759098909192409,2,2212.463812012349,2213.1808496505214,2
1195,1198,0.0038133345181503592,3,2210.4372883106657,2221.076862410698,3
1202,1203,-0.0010295368456828718,1,2224.1846853034685,2224.1189899036485,1
1211,1212,-0.0013016041548504272,1,2257.5664929279123,2256.885601493794,1
1214,1217,0.005346854332825302,3,2270.078214111896,2284.4860698609846,3
1223,1225,-0.0015685100399902567,2,2303.733661450738,2302.42396573474,2
1227,1228,-0.0007043343276528511,1,2278.8419962824482,2279.515771633452,1
1229,1231,0.004628595801292758,2,2279.7651365360402,2292.5970130114806,2
1232,1238,-0.0072168004945383024,6,2298.4002640937506,2284.1115681952856,6
1241,1242,-0.0011303830056263282,1,2282.529698390589,2282.2320953080816,1
1244,1247,0.0022951130048790734,3,2291.0396230707656,2298.5888575274394,3
1248,1249,-0.0005126113877214416,1,2295.9647324585812,2297.0837595233747,1
1250,1254,-0.005819296054305676,4,2301.2770657343685,2290.1865302516107,4
1266,1269,0.0028547346091413977,3,2366.5977794653154,2375.7203858317375,3
1270,1275,0.003096605535179163,5,2376.1651479040056,2385.899359201409,5
1276,1278,-0.004690496921125062,2,2388.8917582659337,2380.0755605871523,2
1280,1294,-9.604895990452235e-05,14,2381.920554125942,2384.073693688269,14
1297,1302,-0.011115864943479926,5,2381.772194464328,2357.678508618991,5
1308,1312,0.0067571953586498265,4,2342.0222069584484,2360.1897307521212,4
1313,1314,-0.0006003055075333748,1,2367.52081149066,2368.467096519813,1
1315,1318,-0.014026035809090748,3,2374.610300797066,2343.6785419862476,3
1319,1321,0.0034141117965016702,2,2333.3566247074596,2343.656321710026,2
1323,1324,-0.0019052866129768045,1,2341.049061224827,2338.929740849378,1
1328,1330,0.0020825946996539607,2,2347.2054233600174,2354.440906357066,2
1333,1334,0.0019217664575031934,1,2400.5404085055984,2407.554226951051,1
1335,1337,-0.0006195143103837063,2,2422.477837199025,2423.399555349492,2
1339,1343,-0.0025805927436200918,4,2434.525127812497,2430.6771350613158,4
1350,1351,-0.00583515037553412,1,2426.1783338581868,2414.4473967761196,1
1354,1356,0.0030380098484001222,2,2426.360506794801,2436.1581744170076,2
1360,1361,-0.0047994123253020955,1,2474.826518417636,2465.4236320405757,1
1362,1364,-0.002241886884720171,2,2457.086847897863,2454.0354239668404,2
1369,1370,-0.003683789786477021,1,2474.2160658431294,2467.5757900360823,1
1373,1375,-0.007488964060520762,2,2480.098883330716,2464.0056108102453,2
1376,1380,-0.010846070461220901,4,2467.2588176884788,2442.9660135234494,4
1381,1382,-0.0007400980115162185,1,2444.7257146953884,2445.361103769935,1
1387,1391,0.0009868263558178458,4,2421.573342069734,2426.384587808304,4
1399,1400,-0.0030540129731740965,1,2466.5784370418396,2461.512052932804,1
1401,1402,0.0003001187955146321,1,2463.0470946797095,2466.2493485017403,1
1404,1406,-0.00304547035435963,2,2460.30637914963,2455.2738953884377,2
1407,1410,-0.0012400549905116785,3,2460.205702175057,2459.6151175185646,3
1411,1415,0.0014670581158198748,4,2450.5456371285054,2456.5912756307703,4
1418,1419,-0.00048262976379327075,1,2465.623670367085,2466.89931066782,1
1420,1421,-0.0024459040886802294,1,2466.273194513304,2462.707200017555,1
1422,1424,0.00021555785866252206,2,2476.5010705722707,2479.511400910591,2
1427,1432,0.006069263124564167,5,2495.107983900493,2512.7465587628863,5
1434,1440,-0.0028730454596270546,6,2525.8600116867965,2521.128961060253,6
1442,1444,-0.007104307653636605,2,2537.030442282121,2521.543627935789,2
1448,1450,-0.004913379316756044,2,2509.1573297861155,2499.3380453892437,2
1456,1458,-0.015485171626417122,2,2488.1837692192416,2452.1420002840355,2
1460,1463,-0.008850239916743136,3,2441.6064633513993,2422.43926683182,3
1467,1469,0.0010650238973991845,2,2411.597747443148,2416.577754422532,2
1472,1474,-0.002659547879490161,2,2433.7266968422955,2429.6878108632923,2
1475,1476,-0.008372979231642715,1,2419.6280558881413,2401.788188483778,1
1480,1482,-0.008261160110617928,2,2390.4405172795477,2373.0831459486726,2
1483,1488,0.0028866849406747144,5,2369.589274376975,2378.7991213252803,5
1491,1492,0.0008975715413822446,1,2384.014677636961,2388.5385160434826,1
1493,1494,-0.008623317434413118,1,2389.1594948910224,2370.946173660026,1
1495,1498,0.014798789580115265,3,2371.8291564279575,2409.301186190345,3
1516,1517,-0.0008368150228960275,1,2417.892113339024,2418.286677008179,1
1518,1520,0.0052989573863431606,2,2421.89837226839,2437.1538069093626,2
1521,1522,0.0029839807239967573,1,2442.527068357003,2452.2580491151775,1
1524,1525,-0.003022003668449787,1,2450.1395415047887,2445.185350363652,1
1526,1527,-0.0020049846496991318,1,2447.6254328674995,2445.1656068792545,1
1528,1530,-0.004284208922681432,2,2439.900827637536,2431.887683568951,2
1531,1534,0.0007867978956352568,3,2427.1056313778176,2431.442378612448,3
1535,1536,0.00743656688719315,1,2435.35851690994,2455.9045819321464,1
1539,1541,0.0063898099599787785,2,2457.9447366433196,2476.108481139244,2
1543,1545,-0.0008242165642536516,2,2482.2853637416774,2482.721708391419,2
1552,1554,-0.003912436980234078,2,2484.1161379836367,2476.881306280177,2
1555,1557,-0.006473163196319452,2,2485.166631535392,2471.564908990951,2
1559,1560,-0.0035389557861317256,1,2479.180645349256,2472.8861153048806,1
1561,1564,-0.005692290686405114,3,2473.0248739812487,2461.4207223978183,3
1566,1569,-0.0013643729932690195,3,2465.80302403493,2464.9045520062505,3
1570,1572,-0.005567727060153432,2,2466.4016757847726,2455.1358261090827,2
1574,1576,-0.005366638373977631,2,2445.911078128374,2435.2306689552815,2
1584,1586,-0.00026905425116948323,2,2409.5226469693753,2411.2838773048884,2
1588,1589,-0.0034002691151382367,1,2407.9456771210844,2402.16595948136,1
1593,1596,-0.014649108406588986,3,2405.95879981698,2373.1196073364913,3
1598,1599,-0.002332719730712054,1,2355.6005546859265,2352.4611993490203,1
1601,1602,0.0016878298174374381,1,2353.3842364250204,2359.709732747571,1
1604,1605,-0.0027065691034309424,1,2361.384150525713,2357.354285293094,1
1609,1611,0.0009552010535137669,2,2364.4501070674637,2369.0730824077827,2
1615,1616,-0.0022828771088000575,1,2381.404876099657,2378.349826297324,1
1622,1624,-0.002922189111491601,2,2390.6508746116197,2386.0555915310633,2
1628,1629,-0.008980602608107055,1,2368.6687438737113,2349.765339918611,1
1630,1634,-0.02105946730554939,4,2338.240463871025,2291.3366057334915,4
1636,1637,0.0024132604539349872,1,2281.749249447728,2289.5374539266636,1
1642,1643,-0.010131573984308473,1,2259.5816331473625,2238.948096290693,1
1648,1649,0.005059237872778149,1,2149.5420428867646,2162.566629442153,1
1650,1651,-0.0032116098482438617,1,2161.1672101871695,2156.387551501418,1
1653,1661,0.018199343893623744,8,2171.4666705765217,2213.1574059384625,8
1662,1663,-0.004839827353590528,1,2215.801087288266,2207.292793663181,1
1664,1668,-0.027851084077127674,4,2191.4420648754026,2132.599469741279,4
1669,1670,-0.0036796669109649244,1,2119.75068254065,2114.0704567771504,1
1674,1675,-0.003106266084777638,1,2126.2199201684125,2121.741535261783,1
1676,1679,-0.02173605963347149,3,2108.9672015091837,2065.235531853654,3
1682,1686,0.004378299324989369,4,2100.380028424847,2111.6765009139453,4
1690,1693,0.00024384481451911405,3,2137.8736508872535,2140.5328339420066,3
1694,1699,0.005987470880908029,5,2142.1146903232293,2157.082654345428,5
1701,1704,-0.008195709909962027,3,2161.314769235971,2145.7625751324326,3
1705,1706,0.0008325904579753363,1,2150.731956812402,2154.673367674119,1
1712,1716,0.006392033097602162,4,2204.722842650819,2221.0202268747335,4
1719,1720,0.0011167859688076191,1,2218.551459621337,2223.247658222141,1
1722,1723,-2.9494646462207576e-05,1,2236.963564657003,2239.134549772172,1
1726,1728,-0.009545746040301482,2,2236.636164974174,2217.5224403237507,2
1730,1733,0.0013802817541784958,3,2248.9740645294255,2254.3272564608455,3
1735,1739,-0.0015611468559510802,4,2247.0676738177754,2245.806738857503,4
1740,1745,0.0020481114343735072,5,2257.3839010125425,2264.2646586929895,5
1749,1750,-0.0023005075068640054,1,2251.5564148923086,2248.6282488726133,1
1751,1757,0.004852044366650093,6,2247.4079656538224,2260.5598967787914,6
1761,1762,-0.0016438598779242866,1,2249.839077773899,2248.3904966599343,1
1763,1765,-0.004248093067735451,2,2245.5834510943264,2238.2895870538055,2
1770,1771,0.001920016071642239,1,2215.602518379629,2222.0721133416687,1
1776,1778,-0.006088106362299801,2,2239.8994735146043,2228.5026267525027,2
1779,1781,-0.00783779293616228,2,2228.9170293309476,2213.6761562124966,2
1782,1786,-0.0307458708611514,4,2210.1572430769606,2144.414191141555,4
1794,1796,0.00042467177846786694,2,2120.1143933050653,2123.1348604483305,2
1798,1803,0.013330854832263796,5,2139.2619693132233,2169.919422043634,5
1806,1807,0.0013267078028885004,1,2175.7572251617594,2180.8195764747343,1
1811,1817,-0.008330337432723945,6,2205.7325378988116,2189.563774109675,6
1819,1823,-0.01827116147943843,4,2190.1801049818887,2152.353150719693,4
1826,1837,0.005219215984011571,11,2101.317586093877,2114.3861340127964,11
1838,1840,-0.009565657369500154,2,2106.860135045072,2088.8134930028173,2
1842,1843,-0.0023648497960102625,1,2083.047682335384,2080.2046351310687,1
1845,1849,0.01586479007840604,4,2102.629858913167,2138.090270096326,4
1850,1852,0.0003195798628493531,2,2144.942614779243,2147.773037860673,2
1854,1856,0.007664609500627574,2,2155.2260096991768,2173.900201458816,2
1860,1864,-0.0038241468513030173,4,2182.446877701051,2176.2833272232556,4
1866,1867,0.0011202659550202825,1,2190.2055420956476,2194.8493603410498,1
1870,1871,-0.007006664053907194,1,2211.0084994741364,2197.727714197462,1
1872,1874,-0.00977426219967091,2,2187.2429383726285,2168.0514953369684,2
1880,1883,0.01307424247836661,3,2230.7350938858003,2262.131000502151,3
1885,1886,0.0021251333358936583,1,2274.540576387385,2281.648818966496,1
1887,1893,0.01116802401910516,6,2291.474285416196,2319.356999560302,6
1894,1896,-0.002924315612446199,2,2318.302040376573,2313.8408955659106,2
1897,1899,0.0005386037726106266,2,2315.5128969126545,2319.075553791373,2
1901,1903,-0.0025614262344717505,2,2331.734227737892,2328.0933967428864,2
1906,1907,0.0005739247064260843,1,2317.8468755912004,2321.494992054406,1
1909,1910,0.0009155541495307177,1,2334.7572465537196,2339.2296004855025,1
1912,1913,-0.010772131247721656,1,2326.278459040038,2303.545760619551,1
1915,1916,-0.0017194361988754536,1,2313.713908178147,2312.049338638762,1
1917,1918,-0.0029719491772638774,1,2316.9067540368696,2312.3379316694495,1
1920,1924,-0.004856005759536465,4,2319.1906022131293,2310.2477898935326,4
1926,1927,-0.0006942929864391762,1,2293.5623147857254,2294.2634728713942,1
1930,1939,-0.007879148952443692,9,2309.5872897242293,2293.6992947395456,9
1941,1943,0.0003780381739067727,2,2293.8937199950033,2297.0547931080414,2
1945,1946,-0.0013630242276914761,1,2300.2706956549246,2299.435641662153,1
1947,1948,-0.003612522653801134,1,2304.3825094274125,2298.3622579185103,1
1950,1951,-0.002701335661246036,1,2289.0821527637104,2285.1876556656916,1
1953,1954,-0.0033502268292155703,1,2270.422622885695,2265.086614723731,1
1961,1972,0.026607511821004754,11,2363.336376131636,2428.5822130727006,11
1975,1981,-0.010370818813775554,6,2442.3407975296586,2419.454064434516,6
1984,1986,0.002283364850337491,2,2412.1080374002668,2420.0278681454834,2
1987,1990,-0.007448137677121989,3,2430.3291697703244,2414.6580726829197,3
1993,1994,-0.004451144771441955,1,2398.995721641466,2390.7164401000114,1
1999,2000,-0.004077942741310922,1,2377.71313220849,2370.3946673322894,1
672,673,-0.0025622532148335047,1,1980.132737795525,1977.0392690601068,1
676,678,0.001858829718775636,2,1986.4020870360528,1992.0808723559094,2
682,688,0.005519721755124106,6,1987.3948426359411,2000.3521040274961,6
689,691,0.0012896916368920373,2,2009.9547719436532,2014.5569485755038,2
693,698,0.0002737091437441468,5,2016.3868529882925,2018.9551433602692,5
701,710,-0.009199462057557221,9,2021.648636725392,2005.0722054348498,9
711,712,-0.0045521167296115,1,1999.9859690702103,1992.8817854504878,1
713,716,-0.0005256942712577454,3,1996.5390507889178,1997.4860206983647,3
721,723,0.002365661245753439,2,2016.8688174510519,2023.6569146677155,2
728,729,0.0008723446574171599,1,2038.6045914974607,2042.421561912937,1
732,733,-0.0017272435235486982,1,2048.0330141459685,2046.543595400417,1
736,740,-0.002446208724417899,4,2072.1339114851066,2069.1371733441547,4
743,744,-0.003567715213205857,1,2067.971110439641,2062.661149558895,1
751,755,-0.0026123042550098164,4,2060.5685200253383,2057.246256632762,4
760,761,-0.00047497636691962836,1,2063.067732309214,2064.150891625322,1
767,769,0.001182429699095498,2,2083.871862895847,2088.41976673854,2
771,773,-0.006547532176998374,2,2092.503916994304,2080.895684184283,2
775,779,-0.004476517398398916,4,2084.3831746761557,2077.136780304464,4
791,795,-0.0037522213313681066,4,2076.4665940273712,2070.751698373416,4
798,799,-0.0012379483490707669,1,2075.0256924792684,2074.5319435414635,1
801,802,-0.001633327040093056,1,2074.1103792052627,2072.7967890179743,1
804,805,-0.003509454445050796,1,2074.8866994785803,2069.679865827597,1
809,810,-0.0026498622302602065,1,2091.658140051415,2088.207192287528,1
811,816,-0.003972996239593091,5,2089.2166228241604,2083.0053896608088,5
819,827,-0.007274372520524113,8,2079.5132400405964,2066.4655993112196,8
828,831,-0.003850822851428637,3,2064.412234249893,2058.5269606777247,3
833,842,0.004884275537024401,9,2063.9851018469612,2076.130158890542,9
843,850,-0.003583031593541673,7,2079.32546702562,2073.954503651037,7
853,855,-0.0030470365752667226,2,2079.4108346348157,2075.1542046013124,2
857,860,-0.005239796402584266,3,2073.0459236244824,2064.2566309751073,3
863,865,-0.00251721743451389,2,2066.2601241550296,2063.125158270421,2
867,868,-0.00021512135691862224,1,2068.401995401335,2070.0254399528326,1
874,876,0.008546556066051838,2,2101.4214159693065,2121.4827533352595,2
878,879,0.0019397022037258745,1,2137.5551667577242,2143.8389423920275,1
882,883,0.0024067633121512416,1,2175.904490756493,2183.3172823463474,1
886,890,-0.0017766192092086158,4,2167.426404740392,2165.743139759925,4
895,896,0.00021238324033150493,1,2167.4953177720104,2170.123152768774,1
898,899,-0.0011206408020311821,1,2169.621955042994,2169.3602101102333,1
900,901,-0.0035345824060712527,1,2165.2630003827376,2159.7749628774504,1
903,904,-0.0025182347878229317,1,2166.868500854066,2163.5786857154317,1
905,906,-0.004492307315195211,1,2171.6495626592746,2164.065495005559,1
907,912,-0.0018199201122052657,5,2164.051782546867,2162.277432966503,5
913,914,-0.005567009686787074,1,2162.8417435780575,2152.964024384149,1
919,925,-0.00035615130201200045,6,2155.3019752973128,2156.689663667879,6
929,930,-0.0008094310030510814,1,2154.325820740126,2154.7363684508855,1
931,932,-0.005999328529033478,1,2154.4028906973635,2143.632322862868,1
937,938,-0.0035898728516129456,1,2140.0087353938093,2134.4663848677983,1
939,940,-0.00495063663461905,1,2143.1172690244753,2134.6505914291824,1
943,946,-0.008542808880519993,3,2133.8527506586242,2117.7575071812344,3
952,955,0.0004796216744821541,3,2112.7526860411454,2115.878760708232,3
956,959,0.0047458886147434785,3,2121.3995418365403,2133.588867311301,3
962,963,-0.0007408973472332102,1,2138.811152729971,2139.3653243734107,1
973,975,-0.0062904768044794454,2,2150.6797016537903,2139.301580578326,2
977,980,-0.003823221209153238,3,2137.2141759427777,2131.180347552753,3
982,984,-0.006665004579672312,2,2128.1318856822754,2116.0760088037387,2
985,989,0.0010214079362617077,4,2121.992477838858,2126.2818902742492,4
990,992,0.0009432912804177782,2,2130.6817951303115,2134.822330484133,2
994,995,-0.001669594990688771,1,2143.6974019969466,2142.261992955017,1
1006,1008,-0.005982159350027573,2,2153.02839572207,2142.3016651694484,2
1014,1015,-0.003703758962872204,1,2135.4199396750555,2129.646278873663,1
1029,1030,-0.000882178791628025,1,2143.6850075747725,2143.937579132734,1
1031,1032,-0.0019511758511781504,1,2148.912339495908,2146.8683459722806,1
1034,1036,0.0012520155080790645,2,2150.0170186336627,2154.8588903022596,2
1038,1039,-0.0010565000319657505,1,2147.4322825762815,2147.3109525836717,1
1040,1041,7.128744873544004e-05,1,2145.4577558410624,2147.756157806687,1
1045,1050,-0.0010429978093293285,5,2138.7677583015466,2138.6757959732754,5
1051,1052,-0.0023346063899657597,1,2145.036695552834,2142.173915872238,1
1055,1056,-0.0029576960395031656,1,2148.990430713281,2144.7833606581435,1
1059,1065,-0.0010471621439131866,6,2138.890738089654,2138.7898634168496,6
1066,1072,0.009988784174950856,6,2137.3151031701527,2160.8015975527524,6
1073,1076,-0.0001328406734974379,3,2153.011198538308,2154.8782022791847,3
1078,1083,0.008762647223888764,5,2155.9470334348985,2176.994783755713,5
1084,1088,-0.0002078109213248129,4,2182.8994363529155,2184.6287054462405,4
1089,1094,-0.014300347349066964,5,2187.906924378935,2158.8070023172663,5
1096,1098,-0.006684570796598558,2,2149.3690345632263,2137.150794118235,2
1100,1102,-0.00012006952776130373,2,2145.200025287247,2147.0876521585446,2
1107,1112,-0.005584799760471689,5,2154.696355929803,2144.8175045932467,5
1113,1117,-0.009995586159348747,4,2145.0483608375566,2125.7523934916726,4
1118,1124,-0.0009679854355223461,6,2131.341528846445,2131.409762817244,6
1126,1128,-0.0020461034748001845,2,2125.31707704073,2123.0937754613856,2
1130,1134,0.001191206352761077,4,2134.3657027703202,2139.042538457346,4
1135,1137,0.0019867711495267742,2,2138.8451949624246,2145.2334360840423,2
1139,1140,-0.0013388025761695965,1,2147.55304344259,2146.825446939011,1
1143,1144,-0.0028131340085146153,1,2146.198124113576,2142.3067793057353,1
1147,1149,-0.0035880097127682507,2,2148.7825224514568,2143.2214524127257,2
1153,1159,0.0023177807782897145,6,2158.08411774115,2165.2441677449237,6
1160,1162,0.00021093510682302329,2,2167.399489937772,2170.024070070648,2
1163,1166,-0.0018544707108413055,3,2167.73107072116,2165.878808012248,3
1167,1171,-0.0025544239695986237,4,2168.3985803829396,2165.0279696539487,4
1174,1178,-0.0006779459880136161,4,2169.8941706508804,2170.5929937741244,4
1179,1180,-0.0010508108204456855,1,2162.5354487605127,2162.4255685601183,1
1181,1183,-0.00041611801944282684,2,2164.85189407338,2166.1159120849047,2
1184,1185,0.0036491172102463684,1,2184.441986808653,2194.59771364431,1
1186,1192,0.004621082228073676,6,2203.314515491783,2215.6995275576705,6
1194,1198,0.00044113975451305697,4,2219.449645070257,2222.6481821869074,4
1199,1202,-0.001798410997087583,3,2226.2432675008886,2224.4658103939237,3
1206,1209,0.005500038457279742,3,2229.9453054391724,2244.4400356821575,3
1214,1215,0.0009514417528405624,1,2270.505715606294,2274.936475259791,1
1220,1225,0.0060505591149396755,5,2285.08592873227,2301.197062155514,5
1229,1230,0.0008367741453680921,1,2281.0986434312276,2285.2885064425163,1
1231,1250,0.002315883234592593,19,2292.4133211020708,2300.01469600027,19
1251,1253,-0.002046687816959895,2,2296.6054420709247,2294.2016131343453,2
1258,1261,0.013707388525040491,3,2297.225642240833,2331.0118322909548,3
1264,1267,0.006917691270008785,3,2350.457760884537,2369.067959778417,3
1268,1269,-0.0020818106249164293,1,2377.0693436979373,2374.4978048257617,1
1271,1276,0.0038417145615830825,5,2376.2430716052995,2387.748162286952,5
1277,1278,-0.0027016928227218003,1,2384.7736383796855,2380.7154861954386,1
1280,1281,-0.002927820629402135,1,2377.044071468362,2372.461556870387,1
1283,1285,-0.005756020341076271,2,2354.6213427252524,2343.4227157237187,2
1286,1289,0.002798701441249264,3,2342.1867195467917,2351.083987614009,3
1290,1294,0.008515427446521819,4,2360.0070358972785,2382.46351162064,4
1298,1299,-0.005151460409256135,1,2379.331088854455,2369.4533900385636,1
1300,1301,-0.005368379142052754,1,2375.10771946051,2364.73234843869,1
1304,1307,0.0018771716253523948,3,2324.5012065850656,2331.1891954997495,3
1309,1312,0.007026852319861848,3,2340.124894264559,2358.908731200853,3
1318,1321,-0.0006218797622673901,3,2341.729891218248,2342.615346681421,3
1323,1324,0.00014516466549501146,1,2343.490863685263,2346.1745466162656,1
1328,1337,0.03588744941375862,9,2337.052425461021,2423.260328582516,9
1339,1340,-7.663896956444638e-05,1,2431.64705430591,2433.8923424356294,1
1346,1348,-0.005023935753546212,2,2428.9058628583325,2419.132101714779,2
1353,1354,0.0026859150012464297,1,2412.7711394834237,2421.66440882102,1
1355,1356,0.001885818712536153,1,2430.0908340808496,2437.1036356830027,1
1359,1360,-0.0005949275908696103,1,2470.195210657418,2471.1958185824215,1
1362,1363,-0.0058717279891954376,1,2466.6901340035924,2454.673090637095,1
1366,1367,-0.0015045622746534225,1,2461.134615846913,2459.892820166913,1
1373,1374,-0.002862637012634413,1,2474.422875491746,2469.8139238589456,1
1380,1381,0.0019803550831265127,1,2439.391454172125,2446.6617068923024,1
1385,1386,-0.004898013879308513,1,2438.1386286636493,2428.63473044944,1
1388,1389,0.00018644842546827918,1,2421.9171169868982,2424.790596736962,1
1390,1392,0.002020828550744189,2,2429.017428434235,2436.3550736323045,2
1397,1398,0.005341498932152188,1,2449.533319335432,2465.067032264269,1
1400,1401,-0.0015170605558291702,1,2462.1420766702972,2460.8690001196037,1
1403,1404,-0.0034292188909628286,1,2463.138737346566,2457.1552341947413,1
1407,1409,-0.0013001925919840485,2,2464.3892259214967,2463.64943453211,2
1416,1418,0.0019540084894988617,2,2454.36734094039,2461.6175629018767,2
1419,1420,-0.005673146090432037,1,2472.4574733576333,2460.9033183822526,1
1421,1423,0.0038928986609468325,2,2466.2648363214207,2478.332020236598,2
1431,1434,0.005343741854194232,3,2509.855106911069,2525.776979800744,3
1436,1437,-0.0031916345351107973,1,2527.938571930351,2522.3982544534697,1
1442,1443,-0.0029141670205045603,1,2532.0730350085405,2527.2262243114183,1
1445,1446,-0.004801773970994329,1,2513.754790851962,2504.1980633186386,1
1447,1449,-0.0021842999222838524,2,2508.0402778560738,2505.070005949924,2
1450,1453,-0.00356759185091195,3,2502.17363884097,2495.749078196315,3
1456,1457,-0.007180211862376647,1,2484.400419240196,2469.046298298314,1
1459,1462,-0.008207328494880033,3,2445.0725975567216,2427.4501561523007,3
1465,1467,0.0018820301811281518,2,2404.1738635110078,2411.102765146326,2
1469,1471,0.0022682842085002554,2,2419.704829196032,2427.613112278525,2
1473,1474,-0.0029922848352800274,1,2435.209263615144,2430.3576331285103,1
1476,1479,-0.007411296993557273,3,2400.7188449114637,2385.3271233987066,3
1484,1486,0.0012521327093656972,2,2370.7940366879848,2376.133379485179,2
1487,1488,-0.003137582286431304,1,2383.2590295342447,2378.164617248735,1
1489,1491,-0.0033768193100872303,2,2386.3397408677947,2380.6678424912716,2
1497,1500,0.003056039459263392,3,2396.402762294837,2406.1226664589926,3
1502,1503,0.0016189497683237867,1,2416.2400136988895,2422.568024922981,1
1505,1508,0.00372099629217134,3,2414.895596023495,2426.2963091783026,3
1514,1518,-0.0007251111984380049,4,2422.9879972925255,2423.6540495593003,4
1519,1529,0.0021633999424993545,10,2430.063058328008,2437.7503196669927,10
1530,1536,0.006551485144478808,6,2433.4924009653373,2451.868882680429,6
1537,1538,-0.0012453961964329452,1,2455.0084874348713,2454.406037689844,1
1539,1542,0.005725069904008104,3,2460.4400227701403,2476.986653917889,3
1546,1548,-0.004210432599824079,2,2484.5916564379163,2476.615042386837,2
1549,1551,0.0015053221041069834,2,2473.690614724548,2479.8880065003395,2
1556,1557,0.0002676592772327857,1,2474.8664294631967,2478.0037168524177,1
1558,1565,-0.00769854772189407,7,2478.8574270470986,2462.252682276252,7
1570,1571,-0.005683355383313882,1,2470.1811098893468,2458.6123738905862,1
1582,1592,-0.00208110348225275,10,2412.7860858363824,2410.1776143970537,10
1594,1596,-0.008947024656795623,2,2393.191574736208,2374.172822283344,2
1601,1602,0.0016571894064593895,1,2353.814116259138,2360.068646193636,1
1608,1610,0.0022064773767045682,2,2359.449283862754,2367.0148046129416,2
1612,1618,0.003290993548945017,6,2373.6710092432313,2383.856416231212,6
1621,1623,-0.0008612685022360328,2,2390.3737412328965,2390.7053613622334,2
1627,1628,-0.0019956562095839,1,2370.96386211292,2368.6031972209084,1
1630,1631,-0.006991442778753725,1,2335.387666053468,2321.3953244861013,1
1632,1635,-0.015042436996316095,3,2320.4693482340263,2287.8843036095673,3
1638,1639,-0.004163888182971456,1,2289.9690983849564,2282.7238922152064,1
1645,1648,-0.002598227845608499,3,2150.5547947229657,2147.1177181665325,3
1655,1656,0.003286826298846828,1,2179.284248882404,2188.6264619131757,1
1657,1658,-0.0026595513500234096,1,2193.0414200693276,2189.4019552199943,1
1662,1663,-0.006011956784894008,1,2215.7161523994405,2204.611078796023,1
1665,1667,-0.01949690787380462,2,2182.6098616265817,2142.2383280916174,2
1671,1672,0.0019053113639680825,1,2121.3274885995816,2127.490605458908,1
1674,1675,-0.004336730570919731,1,2126.471200086056,2119.3757386245484,1
1676,1677,-0.010398087002697665,1,2111.402283322783,2091.559140966421,1
1678,1679,-0.006427448277173834,1,2076.8341804858883,2065.5622703910344,1
1681,1683,0.003930773833618041,2,2088.6939238470513,2098.9928011931934,2
1684,1685,-0.0027974235537500686,1,2112.519454326133,2108.722362101172,1
1688,1689,0.004047074945236241,1,2128.9400830882855,2139.6850032415496,1
1690,1693,-0.0028947997871577114,3,2142.316398969587,2138.257138312795,3
1694,1698,0.009085083033209373,4,2140.8624793711524,2162.453255238293,4
1702,1714,0.027424217114310853,12,2152.349304547016,2213.5281484852962,12
1715,1716,-0.004137132315200422,1,2221.8489517574444,2214.878717611392,1
1717,1720,0.0026257330064197878,3,2213.9878875914665,2222.0152165513205,3
1726,1728,-0.008125403401525025,2,2238.9668268323794,2223.0132849885663,2
1732,1734,-0.005974577111728913,2,2260.521096699932,2249.2759601917082,2
1739,1740,-0.0023796934856541423,1,2251.3558897813714,2248.249708726351,1
1743,1747,-0.002405209087055207,4,2264.7721552245184,2261.5896768118873,4
1750,1751,-0.00365676580391629,1,2250.8318554401817,2244.8519223362828,1
1752,1758,0.006360396760949243,6,2247.745011643665,2264.2893067468067,6
1759,1763,-0.014636530211643912,4,2269.356175945356,2238.4100318910964,4
1764,1766,-0.004309956708662169,2,2239.249089042802,2231.837271498159,2
1767,1778,0.0010385341913988519,11,2226.2653467352147,2230.803664763661,11
1781,1783,-0.002937228442735945,2,2209.4835245337854,2205.203250206302,2
1784,1790,-0.03269821645330334,6,2183.8349678184495,2114.6112943102476,6
1791,1796,0.006448808632883083,5,2109.6873592685,2125.4020166829036,5
1798,1801,0.009419298163054538,3,2137.3272384630745,2159.5966882326393,3
1805,1806,-0.00017147162280375266,1,2171.076011428117,2172.8748095126352,1
1808,1812,0.005853879533675335,4,2184.463254459,2199.4353024508023,4
1813,1816,-0.004238191974466243,3,2198.2360515414885,2191.1177412014044,3
1818,1819,-0.0031805872452370567,1,2190.698295758799,2185.9212869969047,1
1823,1824,-0.0076148527349350495,1,2155.766391695099,2141.506314483114,1
1826,1828,0.0062557938791448445,2,2097.0473485963003,2112.263091912522,2
1829,1831,-0.003887714590452756,2,2114.7214347904846,2108.614722848497,2
1832,1833,0.003335876264419937,1,2123.7762571831636,2132.9846882476227,1
1834,1840,-0.024281603254048524,6,2134.5948677349184,2084.898076916186,6
1841,1843,-0.0022879233393720264,2,2085.5826630481733,2082.896592460244,2
1845,1849,0.016725309830929267,4,2103.931512744025,2141.2243506704685,4
1851,1853,-0.0035585231683814902,2,2151.905611279915,2146.399910917285,2
1857,1860,-6.41239777055075e-05,3,2179.4052679548,2181.444921087941,3
1865,1866,6.285386923939713e-05,1,2181.891755612421,2184.2107877071353,1
1867,1876,-0.013238980730447828,9,2199.3066083594367,2172.389337159379,9
1879,1882,0.01761087003098693,3,2210.854929601344,2252.0008633535213,3
1883,1887,0.010053102847517113,4,2262.608127278476,2287.616967612913,4
1890,1892,0.006275520347515003,2,2289.8304067490976,2306.4901144657592,2
1899,1916,-0.006645656420503548,17,2323.502010288785,2310.3843162463454,17
1917,1923,-0.0020102749905001873,6,2315.540435363664,2313.2011027723242,6
1926,1930,0.005135280850181525,4,2297.022667994177,2311.1155471815546,4
1931,1932,-0.004220881805573816,1,2310.243349112578,2302.8023283429734,1
1937,1944,-0.011401755995823888,7,2315.981180170143,2291.890909043093,7
1945,1949,0.00040627153006823425,4,2295.7459031591375,2298.974345263021,4
1952,1953,-0.007261688941905155,1,2281.7376184641234,2267.4500872502576,1
1955,1956,0.0004880541243773382,1,2258.189215891561,2261.549523667893,1
1960,1967,0.017082837783282435,7,2351.2747582741945,2393.7924783119934,7
1971,1973,0.0050190842615896476,2,2423.894094267098,2438.483717061661,2
1975,1979,-0.009233725587343235,4,2441.5352839739753,2421.4323524339175,4
1983,1984,-0.0023107066775950747,1,2418.3525538381846,2415.1828029970898,1
1985,1986,0.00259602894401484,1,2411.0274741372705,2419.697598719083,1
1988,1997,-0.02321823358967444,9,2430.3704786297026,2376.371939626059,9
1999,2000,-0.0005049866745256497,1,2375.126261698291,2376.3019808475156,1
675,677,-0.0010177221523522916,2,1985.9658837856582,1985.9306881956993,2
678,679,-0.0027761176012708914,1,1993.9063349442868,1990.3649228075067,1
680,682,-0.0008958760200858214,2,1990.2679652044262,1990.475199826059,2
683,688,0.0045548759999710425,5,1991.3249559128749,2002.3865191186187,5
690,694,-0.000767818426806966,4,2014.294108848665,2014.761790823731,4
697,698,-0.0025233295214529905,1,2019.2301986025261,2016.1542456303855,1
700,713,-0.016113809380978006,13,2023.01237421435,1992.4369508151146,13
715,720,0.004230084742155388,5,1997.758771291446,2008.2072189596845,5
723,725,-0.002587849483811501,2,2028.4045746040279,2025.183773447282,2
726,740,0.0176939286666116,14,2030.820346260343,2068.7843569480374,14
743,745,-6.605868635449399e-06,2,2066.321078797281,2068.3737500304733,2
749,754,-0.005182175425754096,5,2064.3657801731274,2055.7322403375197,5
759,760,0.0026209725216331872,1,2057.2686200635953,2064.717933206464,1
762,767,0.006344348092224764,5,2067.054333945821,2082.235500499861,5
769,772,-0.003698842414716883,3,2094.1135049612158,2088.461822612795,3
773,775,-0.0010008750754974644,2,2084.7015285703374,2084.69970429911,2
778,780,-0.0017432259586914788,2,2080.325883061495,2078.779730862666,2
785,787,-0.0018312461606410228,2,2076.302299138262,2074.576380823773,2
789,790,-0.0020836201719959067,1,2077.868506724766,2075.616886496124,1
792,796,-0.005263385318393815,4,2078.2816504968105,2069.421135020595,4
798,799,-0.0013186529224769403,1,2075.9035105441285,2075.2420178237135,1
800,802,-0.0010755046925004133,2,2072.4461752867533,2072.2896958755646,2
804,807,0.0027150600919573177,3,2072.7794874378496,2080.4799877910577,3
811,812,-0.0026053532717566926,1,2087.050667992101,2083.700214373918,1
813,814,0.0005945827825935399,1,2083.6555344383173,2086.9780956783884,1
815,816,0.00017224902753565797,1,2081.245866139199,2083.685604581843,1
819,821,-0.001336907322120995,2,2081.304224039166,2080.603017406526,2
824,826,-0.004651422633530538,2,2075.9749578189185,2068.394695871296,2
829,831,-0.0018823031200081888,2,2063.9309590152934,2062.1099462906727,2
832,833,-0.0007013246264307493,1,2059.2879000013095,2059.902958584129,1
835,839,-0.0010230542876472773,4,2070.9942839296414,2070.946538631704,4
841,844,-0.0006617161483794905,3,2076.2974394822395,2076.9998173771774,3
846,847,-0.0030557791383596902,1,2079.6894024729154,2075.414020385044,1
848,849,-0.0030002208709781135,1,2079.583581986599,2075.423955502966,1
852,854,-0.001057111509029472,2,2075.839064434108,2075.720510132636,2
855,856,-0.0010561416707943387,1,2077.278901436007,2077.1622795277744,1
859,860,-0.0018278286491154284,1,2068.3499286689575,2066.6376893416095,1
861,862,-0.0021146337362672246,1,2067.9344340969187,2065.6294446122856,1
863,868,0.0005902935228374623,5,2066.9886099604782,2070.275728558677,5
873,874,0.0013977003916199712,1,2096.120036363433,2101.145904195504,1
875,881,0.02642240142948282,6,2111.7241306267238,2169.6326774450954,6
884,885,-0.0035440781429393322,1,2180.86098312406,2175.312702364105,1
887,888,-0.00022268507301949315,1,2170.0563864176156,2171.7432036391674,1
891,893,-0.004339914020348214,2,2169.9642940137946,2162.716799844563,2
894,897,0.0032358037548246956,3,2161.8868151400684,2171.0441434291447,3
899,901,-0.004059696798657966,2,2167.5656180226824,2160.9335244403374,2
905,911,-0.0059073471713897785,6,2170.3991440866457,2159.7482419861253,6
915,916,-0.004482588517057096,1,2145.682209556004,2138.2096813317507,1
917,926,0.005656235783598142,9,2140.4901909809987,2154.7377983846472,9
927,928,-0.0009887697102941813,1,2156.986037615191,2157.010261193285,1
930,932,-0.004371613283499548,2,2154.478281359134,2147.2142137666924,2
933,934,-0.00046270181183237665,1,2145.370141182544,2146.5228446723504,1
937,940,-0.0020946486858180596,3,2139.263954425001,2136.9222119486717,3
941,942,-0.0037404515973163957,1,2137.9335284705485,2132.074625117495,1
943,944,-0.0019067820316938373,1,2132.395467821593,2130.461849926907,1
946,948,-0.003306821033873794,2,2114.4163136051698,2109.5387335785795,2
953,966,0.007444015635538916,13,2119.6179110163644,2137.515997798355,13
969,972,-0.0013788577369392035,3,2149.4386511869993,2148.624319723921,3
979,980,-0.001779626804899031,1,2129.2225234720963,2127.5625245192027,1
984,985,-0.0004029978779096383,1,2117.0764366750327,2118.340335800355,1
988,989,-0.0016691942451679347,1,2128.6115818243343,2127.1871272035796,1
992,993,0.00032091600998870916,1,2136.715644777411,2139.538066681391,1
997,1002,-0.0008955815054276568,5,2141.9946094207917,2142.2182732732895,5
1004,1006,0.0013294003512387405,2,2142.143842402732,2147.1337530216288,2
1007,1008,-0.005211153825462644,1,2150.923061582161,2141.8651937031036,1
1009,1010,-0.001042420053464242,1,2143.287978128591,2143.1970597379695,1
1011,1012,-0.0036001751159848608,1,2147.5662516190364,2141.9822032916477,1
1013,1016,-0.0018891644393630056,3,2136.0686845738965,2134.1693682595364,3
1020,1023,-0.00036083010968386683,3,2144.8307929608027,2146.201704223486,3
1024,1025,-0.004281685502871437,1,2154.785998710906,2147.714668737146,1
1026,1027,-0.0034184707378557997,1,2144.6755333614938,2139.4886983418637,1
1028,1034,0.0003527050078234112,6,2143.693219520627,2146.5930040739095,6
1036,1037,-0.0030857043760334833,1,2152.496731312073,2148.0072594601775,1
1038,1039,-0.002372753835197091,1,2146.9818411057026,2144.0345635492263,1
1041,1045,-0.005386130419573419,4,2145.7729706946093,2136.3613305943472,4
1046,1049,-0.0010126984897831936,3,2139.4009718509856,2139.3738046896024,3
1050,1051,-0.0005261345278251698,1,2141.3901528441957,2142.4048837000837,1
1053,1054,-0.0005803318133195963,1,2144.5137639851773,2145.41374818782,1
1055,1060,-0.0014008079763744652,5,2145.933378373609,2145.0732711587884,5
1072,1076,-0.003599646526258559,4,2160.8354873271433,2155.218078858697,4
1078,1080,-0.00020175799292142423,2,2151.045404390218,2152.762459191136,2
1081,1082,0.0034460618421346253,1,2155.345420942088,2164.928219974758,1
1088,1091,-0.0020587417337454674,3,2184.0994275702024,2181.787030355584,3
1094,1095,-0.007765290290756015,1,2162.5074796689664,2147.8774888130747,1
1098,1101,0.005050904035715532,3,2135.1367725630785,2148.056280276985,3
1105,1108,-0.0003336502867790777,3,2151.9444853699415,2153.378432960635,3
1109,1113,-0.006778344705070796,4,2155.675127005531,2143.218893049546,4
1120,1121,-0.0009984572879844654,1,2125.0462241591995,2125.049502493543,1
1127,1129,-0.001451698330321662,2,2125.938520229834,2124.9782373498797,2
1130,1131,0.0011143952248461827,1,2132.259113536108,2136.7675520239036,1
1132,1133,-0.00030981541831125907,1,2139.2978249743664,2140.774335348804,1
1137,1141,-0.00315271476969425,4,2146.2338642057407,2141.613634867047,4
1146,1155,0.002879266919644479,9,2148.2765415959143,2156.6102797179756,9
1156,1163,0.0027471069877973778,7,2157.3156804586356,2165.399373119767,7
1166,1167,-0.002463633744572332,1,2170.5926626815067,2167.415710014685,1
1169,1170,-0.005252879599384041,1,2168.820601228083,2159.5968683383962,1
1173,1178,-0.00044793188260566265,5,2168.03494391058,2169.2318468805097,5
1180,1184,0.005204825536990923,4,2166.6554451851107,2180.0991642212557,4
1187,1188,-0.003395151750792704,1,2215.555008422794,2210.2484179653925,1
1189,1190,-0.001252319170364479,1,2206.807985866529,2206.2511659063816,1
1192,1199,0.003914723485104051,7,2214.647629127405,2225.5320098415073,7
1206,1210,0.009419672859412694,4,2224.4715877042836,2247.6498539332206,4
1211,1213,0.0026966360946699152,2,2255.4706040255414,2263.808258070849,2
1216,1220,-0.0011452440532180098,4,2286.1683823881713,2285.8363300259743,4
1221,1227,-0.00814025966743468,6,2294.070109120855,2277.6898528464317,6
1228,1229,-0.0016679855836782534,1,2279.9517449847895,2278.4287700876575,1
1232,1233,-0.004376390885664141,1,2300.610291728605,2292.842532108147,1
1235,1245,-0.004074016366956631,10,2299.1750633369666,2292.10736156177,10
1252,1253,-0.0049553981256902765,1,2299.818511812097,2290.7218139810475,1
1257,1258,-0.0004510192173201095,1,2292.3482812518155,2293.606736405432,1
1263,1268,0.013406587096991152,5,2342.5013816102532,2376.2488317892435,5
1269,1273,0.003387430724215398,4,2377.2768547207047,2387.7069922330725,4
1274,1282,-0.009767378645422396,8,2387.187238797769,2366.2578643777088,8
1283,1284,-0.0040831283061004645,1,2352.4162936488806,2345.1634923862,1
1286,1289,0.0031855557975222137,3,2341.798717517789,2351.6004467165258,3
1292,1297,0.0008918586337065808,5,2377.3666095275294,2381.8642510732498,5
1298,1299,-0.004642003717152085,1,2380.006440526124,2371.338448222882,1
1300,1304,-0.02031099056858097,4,2369.9633183358237,2324.1969790475578,4
1305,1307,0.003009968121740875,2,2324.9298284539504,2334.2527229513353,2
1309,1310,-0.004080962866527328,1,2351.4914110031227,2344.246553284864,1
1318,1320,-0.004060663635796662,2,2340.627774748498,2333.4639004333894,2
1323,1327,-0.0027525437350514412,4,2342.0564504458484,2337.9518940864828,4
1334,1336,0.004394451872742617,2,2413.5382703337978,2426.557986376136,2
1337,1341,0.00396765927926374,4,2425.080001878194,2437.126973052481,4
1345,1352,-0.009325622336164956,7,2436.5389653929974,2416.253262159785,7
1358,1361,0.00032787791107282793,3,2467.0728812895254,2470.3488528735966,3
1363,1368,0.00213734449174798,5,2462.527749904361,2470.2535477763,5
1370,1371,-0.001197706732035641,1,2470.136982863606,2469.648620153044,1
1375,1376,-0.002005189823138512,1,2467.073950062008,2464.5940724344755,1
1378,1381,-0.0024764141751179893,3,2455.9862475724626,2452.360194662652,3
1384,1385,-0.004479977848090781,1,2443.9682479362073,2435.463292571952,1
1387,1391,0.0014058582752863062,4,2426.3774825009727,2432.215002846216,4
1394,1400,0.007883113187976309,6,2437.1786466747235,2458.828380452454,6
1401,1403,-0.002692863091549394,2,2463.249611660112,2459.079667307259,2
1404,1407,0.001018339184257954,3,2459.7493210258435,2464.713929463922,3
1408,1410,-0.006584280620264441,2,2472.2140842793174,2458.4085470793316,2
1411,1412,-0.004374735598998846,1,2455.9326153729535,2447.644492147112,1
1414,1417,0.0008731627768324185,3,2455.179261933561,2459.778212337466,3
1419,1421,-0.002399983337004633,2,2468.25501659751,2464.7995007027953,2
1422,1423,-0.002080809811313764,1,2476.99766522785,2474.3205018486706,1
1427,1430,-0.0015547693785087947,3,2495.90126002814,2494.5166104372947,3
1432,1433,0.0019528866872259602,1,2514.2182471410715,2521.642448731835,1
1442,1444,-0.0022118201158608593,2,2530.0916509882204,2527.0256350305813,2
1445,1446,-0.008503947394524685,1,2516.520553675591,2497.6367158235694,1
1449,1451,-0.0073338782326693415,2,2505.7577361089707,2489.8865717278873,2
1452,1455,-0.003378694269188869,3,2497.680489759348,2491.7392714920925,3
1458,1459,-0.009841633739170096,1,2455.500831097788,2433.7901921029934,1
1461,1462,-0.005820286548898858,1,2441.520604109802,2429.7517751829523,1
1463,1464,-0.004905077216004203,1,2420.233827775786,2410.782627797536,1
1468,1470,0.005137608244710253,2,2413.356942101366,2428.169181566636,2
1471,1473,0.0021993092261555405,2,2428.1381909414863,2435.906555858146,2
1474,1478,-0.02268466263393759,4,2431.7170466007587,2378.986082824026,4
1480,1485,-0.009163024232851365,5,2390.561619967325,2371.0474075334073,5
1486,1487,0.002594753818346017,1,2372.7380936457766,2381.267502967845,1
1490,1491,-0.0037836892235517065,1,2388.5029731955233,2381.8541232086177,1
1495,1496,0.0024786094712358877,1,2371.501764097094,2379.751292594735,1
1497,1499,0.00041239595391733713,2,2399.5486343247103,2402.9377471070584,2
1503,1504,-0.003971983040658909,1,2425.576741518708,2418.3679685790976,1
1505,1507,0.0010535195216608904,2,2416.1019803748295,2421.0634929578528,2
1509,1511,-0.0020322776738248075,2,2428.838222523165,2426.330987052722,2
1512,1514,0.0007266328615797121,2,2418.6556353554997,2422.8317656563495,2
1516,1517,-0.003034384213788642,1,2423.6053355054146,2418.6747910704084,1
1521,1522,-0.001727186861122005,1,2446.675547844374,2444.896357532553,1
1523,1524,-0.0040249184401800015,1,2453.4358815255478,2446.014438085722,1
1525,1531,-0.00833397395532469,6,2447.548525107027,2429.598267969499,6
1535,1537,0.009591282400156827,2,2431.6032414020347,2457.3570380168603,2
1541,1543,-0.0017923604325227782,2,2476.110961091713,2474.148988739608,2
1545,1547,-0.0034587930627448154,2,2485.966393968033,2479.8539170443278,2
1548,1549,-0.004436315591475887,1,2481.7435787418653,2473.2155245881895,1
1551,1552,-0.00244694694016644,1,2482.63132260286,2479.0390868070585,1
1553,1554,-0.003046620457160179,1,2482.448527253676,2477.3678973139513,1
1558,1559,-0.003544329086742457,1,2483.360075003134,2477.0415897314488,1
1560,1561,-0.004467201535615116,1,2473.667951827833,2465.0912465066535,1
1567,1568,-0.0018233259323045935,1,2466.569088137999,2464.5382978439143,1
1572,1574,-0.007518684247617793,2,2458.5063603808435,2442.4801336967607,2
1576,1578,-0.0054825174360730086,2,2434.6246757420568,2423.7114281827494,2
1580,1582,-0.006821434432218305,2,2419.121648918717,2405.0388908559767,2
1587,1593,-0.0037214239656805743,6,2407.0680564728295,2400.51740377692,6
1594,1595,-0.007907848123763788,1,2395.7904191602656,2379.240662808338,1
1597,1600,-0.006777159132832162,3,2364.8898481802353,2351.2275031956788,3
1602,1604,-0.0011965043338012368,2,2361.0641134227726,2360.6001540921025,2
1605,1606,-0.0037744137697212233,1,2360.249953146701,2353.701643176707,1
1608,1611,0.0028995730432125875,3,2358.101958137712,2367.2975489668124,3
1613,1614,-0.0007256260704116427,1,2374.6067791389796,2375.258309332199,1
1615,1617,0.00022327928130178726,2,2377.588097066774,2380.4965513253856,2
1618,1621,0.0008490221526013194,3,2385.5748888811495,2389.98586969738,3
1624,1627,-0.010241654386536247,3,2388.9247346347856,2366.847117881843,3
1629,1632,-0.014747877379717965,3,2351.5804569707943,2319.2512171998187,3
1638,1642,-0.018214330411387276,4,2300.3870499902378,2260.7874272376293,4
1649,1655,0.0072642022383151,6,2162.538670313043,2180.410327232687,6
1657,1658,-0.005156844287043412,1,2195.598216680919,2186.471456777266,1
1659,1661,0.008398618069187614,2,2196.2794192443444,2216.921410679039,2
1663,1664,-0.0057546853727922,1,2203.2074532708107,2192.731895019517,1
1666,1670,-0.02376132067793563,4,2164.4133721705434,2115.1484653269576,4
1671,1672,0.0006613244139525997,1,2123.5725941560677,2127.10053715154,1
1673,1676,-0.008488738460710632,3,2124.7455375482186,2108.833873921958,3
1678,1682,0.00883067773158134,4,2073.6257598555426,2094.010906436588,4
1685,1694,0.00804114639069535,9,2114.5671946406683,2133.6853062003765,9
1695,1696,0.003140975070118443,1,2149.3307950053622,2158.2311202449173,1
1700,1701,-0.0014585449895612463,1,2160.88779905509,2159.8969347818293,1
1702,1703,-0.002533299307582521,1,2151.7814088130554,2148.4820838688534,1
1704,1706,0.0016864478556019007,2,2149.3419164985894,2155.1160114811223,2
1707,1714,0.020022256646883584,7,2168.59487953224,2214.1836376528845,7
1716,1717,0.0005125936858269124,1,2214.449707748094,2217.799270393615,1
1718,1722,0.007675240319144772,4,2212.912639921393,2232.110188877984,4
1723,1726,-0.0064052698000821905,3,2241.9480056811753,2229.8296718327124,3
1730,1736,-0.003321131463341862,6,2247.1527562911747,2241.936819325612,6
1737,1741,0.0013012326321571134,4,2246.47151975503,2251.641173323502,4
1742,1748,-0.007097481573561927,6,2264.993650073758,2251.1828930281986,6
1750,1756,0.002318243752231449,6,2252.2572237875956,2259.730762248847,6
1758,1765,-0.012277073769921609,7,2264.4455490866153,2238.909229581595,7
1766,1769,-0.01130484471768023,3,2238.5500207312816,2215.482110374886,3
1770,1773,0.006125895721187669,3,2214.13886858487,2229.9165912746344,3
1775,1783,-0.01925700045904501,8,2241.834261599849,2200.9050924567177,8
1786,1790,-0.01640090344869417,4,2147.3471977728336,2114.2761109091102,4
1794,1795,-0.006801193841405315,1,2125.4550750301273,2113.124898138679,1
1798,1799,0.0036245961103553367,1,2135.6001023302515,2145.4763902567624,1
1806,1807,0.0029971085371692198,1,2171.154307259204,2179.8326466762614,1
1809,1810,0.001295444536704409,1,2194.421157384351,2199.4583294412973,1
1811,1812,-0.002520023739123146,1,2205.004479127427,2201.6528199742806,1
1813,1816,-0.0027967961452697574,3,2197.655872657129,2193.707133056509,3
1819,1823,-0.017435708287052706,4,2184.910500526481,2148.9999489065094,4
1825,1826,-0.010138280938001312,1,2115.679067734311,2096.345398038706,1
1827,1831,0.0019273685138925575,4,2101.039296646586,2107.1898129300403,4
1835,1837,-0.0071547700909285845,2,2128.071029995516,2114.973242068728,2
1838,1842,-0.01252381367666705,4,2108.4990574390768,2084.2011071637207,4
1843,1852,0.03232133012888024,9,2080.812894541603,2150.1483479370545,9
1853,1856,0.011695464722843482,3,2148.0621921958555,2175.332839979352,3
1861,1863,-0.00746290684128383,2,2186.4939986749546,2172.362891652492,2
1864,1865,0.0003124250143803557,1,2180.557673074712,2183.4194915101543,1
1866,1868,0.007660256888904323,2,2190.6716274716455,2209.643406524784,2
1870,1871,-0.007224515146154012,1,2210.1893088144066,2196.4319519858236,1
1880,1885,0.016305392366395107,5,2228.542969404977,2267.1087798959015,5
1886,1895,0.011129393933456407,9,2285.9669668683846,2313.6943607283997,9
1896,1899,0.003917379653359065,3,2313.579637859684,2324.9563872973213,3
1900,1902,0.0010500788176383367,2,2329.401170832143,2334.176626830248,2
1905,1907,7.183417486686166e-05,2,2324.6320780702176,2327.123698175485,2
1911,1912,-0.008556983581096723,1,2343.773487724609,2326.0616299600642,1
1917,1919,-0.0005394596787550023,2,2315.7638691714583,2316.830371807694,2
1925,1930,0.004363358146956326,5,2299.74226106442,2312.0766024561995,5
1933,1934,-0.000381288894740757,1,2305.310432263036,2306.736753428547,1
1938,1939,-0.0027675157181700372,1,2302.0260145509874,2297.957147386632,1
1945,1946,0.00014710761734611395,1,2299.565235184576,2302.2030839824406,1
1947,1948,-0.001282657109460594,1,2301.6953090138563,2301.0447184709515,1
1951,1954,-0.006758521726072869,3,2282.989369349961,2269.842725466166,3
1957,1958,0.011157107891496869,1,2272.461610296423,2300.088171272081,1
1961,1971,0.025170016212215193,10,2363.9786072541137,2425.843965731284,10
1972,1973,0.0027384294036958768,1,2429.270211263006,2438.351866450314,1
1976,1980,-0.011278612851640935,4,2439.719516760204,2414.6425843808333,4
1986,1988,0.003959629957946253,2,2418.751073719583,2430.7471840056173,2
1990,1992,-0.007077823478635555,2,2414.2123937162683,2399.5392369473266,2
1999,2000,-0.0017640727123859582,1,2373.1036886854704,2371.2904649132834,1
674,675,-0.00183496131409036,1,1987.14935364975,1985.4901608141329,1
681,682,-0.003241978145794095,1,1989.0308413249527,1984.5714776473917,1
684,687,0.002488562809810085,3,1992.0341793460095,1998.9835156999466,3
694,695,-0.0034935213413396058,1,2016.2824278333546,2011.2547845693841,1
696,699,0.003076782020794278,3,2016.1639491850046,2024.3834101240157,3
706,708,-0.0039807274592931945,2,2017.0050139411724,2010.9928717105859,2
711,714,-0.001953672448694859,3,2000.9674644303695,1999.0591968888075,3
717,720,1.3742594063373761e-05,3,2000.9182480392114,2002.9466640944875,3
723,726,-0.0009255131208761714,3,2026.7690512034637,2026.9200189047926,3
728,730,0.0007297909529823995,2,2039.3622246730981,2042.8898949991917,2
731,732,0.000953017213386066,1,2042.3785773967707,2046.3673779146775,1
733,734,-0.0021630877486270026,1,2050.6487292480706,2048.2636448343446,1
735,736,0.002667689421762062,1,2062.76512279539,2070.3307046158466,1
739,745,-0.005270656109818864,6,2070.720069839822,2061.876736521836,6
747,748,-0.0008268615493324491,1,2066.6580244095153,2067.015842377921,1
752,756,-0.00859267068681066,4,2065.4618073458314,2049.7794360264697,4
757,763,0.0067577590376574365,6,2054.0823935701687,2070.0174698229807,6
765,766,-0.00048151420029923493,1,2079.251769619292,2080.3298321358425,1
767,770,0.00356396253860318,3,2082.8296420720394,2092.3355985327485,3
773,775,-0.002873336892390434,2,2083.5609720191233,2079.657760382695,2
779,782,-0.0010917316873256724,3,2078.3523353756177,2078.1616846090365,3
787,788,-0.0004320311106530033,1,2077.657804299788,2078.8378492953393,1
790,791,-0.003333540503933594,1,2077.411421836352,2072.5636981401626,1
792,793,-0.0011441254631806737,1,2075.1887379047425,2074.8896503667047,1
794,797,-0.0027652991057591785,3,2077.303836738807,2073.636774133422,3
799,801,-0.0028855652567965446,2,2077.970420346648,2074.0522715173915,2
804,810,0.00657406264372679,6,2072.961800074033,2088.6625426058463,6
813,816,-0.0013010515495233907,3,2083.9006023331585,2083.2732408277734,3
819,820,-0.002210428184190541,1,2078.7958135941267,2076.279580552175,1
821,823,-0.0035971067426402974,2,2080.1966555114946,2074.794162751448,2
824,825,-0.002710322082059345,1,2070.3148258286988,2066.773920665269,1
826,828,-0.0038836094037486436,2,2068.0393929348566,2062.075975094067,2
829,833,-0.0030775367569929315,4,2062.6334375519527,2058.348240769236,4
835,837,-0.002386145115834022,2,2070.666949803511,2067.796704924522,2
838,843,0.0017742276195776376,5,2073.0077752020525,2078.758770627617,5
846,848,-0.0022608139750816374,2,2080.852132978174,2078.2285655288365,2
850,853,-0.0030855770960644307,3,2079.263973048937,2074.927507730074,3
854,856,-0.004575642282741665,2,2080.3045317799188,2072.8661069351074,2
862,863,-0.0019714984083340622,1,2069.369980956085,2067.3595913133317,1
864,865,-0.0022791892621667315,1,2073.3380535304395,2070.6858617555217,1
868,869,0.0013819660114620879,1,2069.5596450857174,2074.489265819005,1
870,871,0.0009999842799912635,1,2083.1116000269094,2087.2777904804307,1
875,879,0.015060139061819956,4,2115.3319073975645,2149.304431992274,4
880,882,0.004771836827011582,2,2161.6278264007196,2174.1043894954323,2
884,888,-0.0033251958421120476,4,2177.91536851902,2172.8512887596676,4
889,890,-0.003507878001464198,1,2171.9973604467377,2166.550256047235,1
894,899,0.0003924326272736567,5,2163.3727587606104,2166.3851095748637,5
900,907,-0.00022825624223578528,7,2161.939389202133,2163.6078524304144,7
911,912,-0.003757001521742782,1,2166.3395424878863,2160.3669410726357,1
913,916,-0.011887450377955317,3,2165.1955861029815,2141.6221266007174,3
918,922,0.00013388068113743753,4,2153.0344135844343,2155.475697711822,4
924,926,-0.00481263188024945,2,2160.927419545171,2152.6885987745077,2
927,932,-0.00485325000514986,5,2156.6462677985896,2148.3361705560883,5
934,939,-0.006937026892739904,5,2148.3721890980637,2135.617245635774,5
941,943,-0.005836838152408921,2,2134.922002307995,2124.5957301148146,2
945,947,-0.009745331850453662,2,2123.209985123801,2104.6418092156964,2
951,956,0.0020041227937811824,5,2116.4289756335234,2122.786988160643,5
957,958,-0.00041378353912971627,1,2129.3295299459573,2130.577777967029,1
961,962,-0.0011415022706946242,1,2141.273043797394,2140.9700487995196,1
963,964,-0.0023442017400752205,1,2138.323062138125,2135.448724557156,1
966,982,-0.009902689146569995,16,2142.7748780951733,2123.6984194444126,16
983,984,-0.0014017135951508441,1,2120.1651822788867,2119.3134831012,1
988,994,0.006448219441143935,6,2124.6067634784345,2140.4313008789604,6
997,998,-0.004080256743716157,1,2143.9098261221075,2137.3060334222755,1
999,1002,-0.0010598418229733632,3,2141.0394279726265,2140.911304270199,3
1003,1008,0.0004070327642232835,5,2140.9467356601426,2143.9591178636733,5
1009,1018,-0.0031932697063054927,9,2142.2689156723104,2137.5703421568064,9
1021,1028,-0.005084910417010499,7,2148.26016441914,2139.4847140950556,7
1030,1035,-3.345328880490406e-05,5,2146.1299346534615,2148.204269483598,5
1037,1038,-0.0016574294155312717,1,2150.205362185403,2148.791753930869,1
1043,1045,-0.0027879830605913097,2,2141.5860943577813,2137.7569746982717,2
1046,1047,-0.0011891313510491272,1,2137.581285136199,2137.1770014997637,1
1051,1055,0.00035881810573155405,4,2146.085466004441,2149.0016057920952,4
1056,1063,-0.004426963134197742,7,2150.267838778885,2142.898950166739,7
1066,1069,-4.968556072391147e-05,3,2142.674588922202,2144.7108035227247,3
1070,1071,-0.003526612250029013,1,2152.5112607617352,2147.0726994419692,1
1074,1075,-0.0033065479354171074,1,2159.4637182634115,2154.482811682443,1
1076,1077,-0.002962011250903503,1,2156.461749906566,2152.2307476911064,1
1078,1080,-0.0015879625442320354,2,2149.7488553400212,2148.4848835335756,2
1084,1086,-0.0001719834584006935,2,2186.342890966642,2188.15321904597,2
1089,1091,0.0006835646671854738,2,2181.8167605076096,2185.4899901158733,2
1094,1097,-0.008368598636173188,3,2158.5563261235766,2142.6507909227994,3
1100,1103,0.0034053880329813265,3,2142.2645831149753,2151.7020898729097,3
1107,1113,-0.007286116761170655,6,2154.9350721428423,2141.3888986666107,6
1114,1116,-0.0038605445018223814,2,2137.6786957170048,2131.5637706773086,2
1119,1129,-0.0037894002780863704,10,2133.5336532438264,2127.5823738781614,10
1131,1132,-0.002619566455174527,1,2136.0503072897077,2132.590831865456,1
1140,1145,-0.004986576817064414,5,2151.426657417844,2142.8498297817678,5
1147,1148,-0.003982212014030388,1,2152.0069346632504,2145.589193728421,1
1150,1151,-0.0035273715148760195,1,2148.3753085060503,2142.945565948069,1
1154,1155,-0.0019479249780738187,1,2157.951515125959,2155.9059389832987,1
1157,1161,-0.00032795031997902096,4,2159.504441529007,2160.9557357979406,4
1162,1165,-0.002514008205103233,3,2170.216290265489,2166.9305649951784,3
1167,1168,-0.0013268595607071622,1,2166.926878003395,2166.218597235966,1
1169,1170,-0.0015347423377078929,1,2165.2572909054416,2164.0994361599637,1
1171,1172,-0.0020039663818823177,1,2165.3978424868083,2163.223855849551,1
1174,1175,-0.0011015136301700066,1,2170.871477978028,2170.651104933666,1
1176,1178,-0.005077811786650334,2,2181.108096311748,2172.2139480086494,2
1182,1190,0.01682785901537447,8,2168.595844678061,2207.2572656583084,8
1191,1192,-0.0024848197517466884,1,2214.3907767056035,2211.1028055422653,1
1195,1197,0.0002061207161626463,2,2216.115557740146,2218.7884606237467,2
1200,1214,0.013915306022604223,14,2230.351136044289,2263.6175057762525,14
1219,1222,0.007152659115312728,3,2279.312855821726,2297.8953165523903,3
1235,1245,-0.002496362847907659,10,2296.5297442091055,2293.093302420756,10
1247,1250,0.0008465736809601917,3,2295.023868515273,2299.261799188049,3
1253,1254,-0.0012201410837585128,1,2291.3395298031282,2290.8351118357787,1
1256,1257,-0.0035491208481410884,1,2290.5667429254486,2284.7278114869987,1
1265,1266,0.0036252235805446275,1,2353.3005541691364,2364.185095384388,1
1268,1269,-0.0010872561395967443,1,2372.58598695709,2372.3789642630068,1
1270,1271,-0.002530746208567712,1,2378.2776443305165,2374.6371048435362,1
1274,1275,0.0002489810865980251,1,2381.320254801767,2384.2944787611473,1
1281,1282,-0.006121434702379504,1,2375.659081776489,2363.492298914056,1
1289,1290,0.00121486957108582,1,2350.1496514867918,2355.354926437368,1
1291,1292,0.00047930456459816255,1,2367.779708902454,2371.282376233796,1
1293,1299,-0.0071496617278702535,6,2382.2492237266997,2367.599196849299,6
1301,1306,-0.0177605221583389,5,2367.713015611137,2328.028909148399,5
1311,1313,0.005238455478887137,2,2352.955779114377,2367.6345889861723,2
1314,1320,-0.019682845393513355,6,2375.1248653849498,2330.7507747346735,6
1323,1325,-0.005356995492691053,2,2341.165129089622,2330.964683174533,2
1328,1332,0.016746772968796873,4,2346.06029132306,2387.69529068428,4
1334,1340,0.0073866509069703,6,2410.3050344547223,2430.519421358007,6
1341,1346,-0.006224780672339512,5,2437.8404934895493,2425.1033115969185,5
1348,1349,0.001126079869240596,1,2416.5215384492335,2421.6592562457167,1
1350,1351,-0.001034293122086934,1,2417.725521351866,2417.6426099953896,1
1353,1356,0.006735167120711172,3,2419.3910394913937,2438.1054335122108,3
1363,1370,0.005934821237695471,7,2453.8102876722523,2470.8270233684775,7
1376,1388,-0.019138566515677587,12,2466.2371550071052,2421.5031483275734,12
1391,1392,-0.0013707677832926484,1,2434.3925461208955,2433.489951792906,1
1395,1398,0.006099959653116977,3,2439.95606923609,2457.2796588830442,3
1400,1401,-0.0030245774138984954,1,2463.973520908849,2458.985015769973,1
1404,1405,-0.0029806660595774713,1,2464.7066512731813,2459.8248904621896,1
1406,1412,-0.006966525525902563,6,2459.583856449224,2444.908686586622,6
1413,1415,0.0006058080159779022,2,2450.731059551056,2454.6664631314893,2
1416,1419,0.0022712541638320143,3,2452.682791474901,2460.7061402690724,3
1425,1426,3.738653018791802e-05,1,2487.699702366295,2490.280408528682,1
1427,1428,-0.0020147764862954065,1,2496.8761375139675,2494.342366320426,1
1430,1435,0.01120349196249881,5,2498.466537521186,2528.956553830398,5
1440,1441,-0.0018489908799799747,1,2528.8468541062643,2526.699886190262,1
1443,1444,-0.002576106995630648,1,2527.554188147058,2523.570492309284,1
1445,1446,-0.005714436470486003,1,2510.4378976299754,2498.6025976484984,1
1449,1455,-0.007111922723245343,6,2505.722857000484,2490.4080725326276,6
1463,1464,-0.008030277787906142,1,2426.650243079818,2409.590217776877,1
1465,1470,0.0076291277566137685,5,2405.8606925225895,2426.621171802982,5
1472,1474,-0.003017170255520872,2,2437.0571120248105,2432.1411529074285,2
1481,1483,-0.010325828660724262,2,2388.956478904304,2366.677480104115,2
1486,1488,-0.00029619688770130264,2,2377.540332220561,2379.2136525059937,2
1493,1495,-0.01177798699444418,2,2391.3781183238384,2365.6038760657457,2
1496,1498,0.009632475501675137,2,2383.725374582849,2409.0702762308224,2
1502,1505,-0.0006418258344804964,3,2415.4477125367416,2416.3128635055355,3
1506,1507,0.0006585214343758417,1,2418.287671086702,2422.2984530236863,1
1508,1509,-0.0006878443905038247,1,2428.648918842234,2429.407035225747,1
1511,1514,-0.002070908715226236,3,2423.908993343789,2421.313208077902,3
1518,1519,0.0013764107999611128,1,2423.964299488131,2429.724634428155,1
1520,1522,0.002537061950659695,2,2435.698901410303,2444.314119317745,2
1524,1525,-0.003676167032253825,1,2449.7183172708515,2443.162461871863,1
1534,1536,0.007553205247992631,2,2428.67005066786,2449.4429640908747,2
1541,1545,9.59740242688638e-06,4,2479.496857312939,2482.000150899408,4
1555,1556,0.0010399108525617246,1,2478.221606206305,2483.276957355858,1
1557,1559,-0.0020043342392801057,2,2477.1616639332847,2474.6737656579644,2
1565,1568,-0.001200501855405422,3,2465.3043331717936,2464.8100350788536,3
1569,1571,-0.003498387298580869,2,2466.806676176638,2460.643637708824,2
1575,1583,-0.011924065046699763,8,2435.8655589987707,2409.2560051872524,8
1584,1585,-0.0019101027921649897,1,2410.409920439274,2408.21619964042,1
1588,1589,-0.0006448420599930989,1,2401.611794132203,2402.4647456297034,1
1591,1593,-0.004568799889358195,2,2409.070134833747,2400.472645603096,2
1596,1597,-0.004885063526770253,1,2375.642248300725,2366.4127272491974,1
1600,1604,0.0024960403659195743,4,2353.051267530949,2361.2776297453156,4
1606,1609,0.003049028140807668,3,2353.9307072441006,2363.4618389192433,3
1610,1612,0.0006961601584177285,2,2370.3155735171863,2374.336008355863,2
1618,1619,-0.002107791150631487,1,2389.932098488797,2387.2845528594808,1
1622,1623,-0.003527804901938259,1,2391.6771285383866,2385.6314353690136,1
1631,1632,-0.0025657329020726044,1,2323.68925161841,2320.0509749029584,1
1633,1638,-0.003955268458282193,5,2295.7147343447664,2288.9302810011436,5
1646,1649,0.01852918672748832,3,2126.5765819292887,2168.1068930880897,3
1650,1651,-0.001156931617203354,1,2161.900978602517,2161.5617079857116,1
1652,1657,0.007108962719272484,5,2171.9566076670053,2189.5689228264546,5
1658,1662,0.009739059824881782,4,2188.6887974786505,2212.1932574128223,4
1663,1667,-0.030732096723167554,4,2207.5907561813565,2141.954454293402,4
1672,1680,-0.02504400457364432,8,2127.259985375403,2076.1121365577064,8
1682,1698,0.03207637519980126,16,2093.9737168548622,2163.234777172076,16
1701,1706,-0.0029943351618295713,5,2160.4835581109774,2156.174829784482,5
1708,1713,0.011938700908480319,5,2177.9697098603774,2206.1498085239905,5
1715,1722,0.006138605916041999,7,2217.326394062277,2233.155013376726,7
1725,1726,-0.0012103018701882823,1,2235.2114829843613,2234.7414138292233,1
1728,1729,0.0012635469286886953,1,2224.4053587306867,2229.4404046486,1
1730,1732,0.003641581677927359,2,2249.049704415841,2259.4888523166055,2
1736,1738,0.004707599642966002,2,2237.6004486571587,2250.371776179015,2
1739,1742,0.00477407465899839,3,2252.7612984754546,2265.768910401754,3
1743,1744,-0.0023254377660871153,1,2267.012277576784,2264.0074938879006,1
1746,1749,-0.008044130372593574,3,2261.377289790608,2245.4478533397005,3
1750,1753,-0.0027181906948182933,3,2249.788939520221,2245.9233730990322,3
1757,1760,-0.002045664091807049,3,2262.1498395581184,2259.7843907006054,3
1761,1763,-0.006359275933050897,2,2253.459817057623,2241.3829040939686,2
1767,1769,-0.00799100815603528,2,2229.3389013007154,2213.7535748591554,2
1773,1778,-0.0014456353797471701,5,2231.204347014222,2230.210043417747,5
1779,1783,-0.009510987421118992,4,2224.0520551194804,2205.1231760544447,4
1785,1786,-0.00936894908642781,1,2163.462906031019,2145.35699512007,1
1789,1791,-0.015300793541707249,2,2136.8756385270835,2106.316621196204,2
1792,1793,-0.0009242145513811686,1,2121.382741691897,2121.5435116346684,1
1799,1801,0.005329911761350486,2,2147.4275736641916,2161.020600719377,2
1802,1803,-0.0010001854641612817,1,2166.939027357627,2166.9386254680976,1
1804,1809,0.008340866188649283,5,2171.7030926115276,2191.9886806010877,5
1812,1818,-0.011367183567974861,6,2205.142080485786,2182.280967743924,6
1822,1828,-0.02199435664012471,6,2157.741588916053,2112.44119246112,6
1832,1833,0.0012738033465396052,1,2123.000461792876,2127.827747347606,1
1836,1843,-0.020977473315594745,7,2121.736620081528,2079.3496833711292,7
1848,1850,-0.0001438577516184481,2,2138.304512453848,2140.1352052868647,2
1855,1858,0.005631894324184002,3,2168.8813601461484,2183.26515212833,3
1863,1864,-0.003282822484201915,1,2179.429642676534,2174.454391685496,1
1865,1866,0.0017253191202986637,1,2179.9074127551694,2185.848356107632,1
1868,1879,0.0006551855391148573,11,2209.3072712382123,2212.964084685027,11
1886,1888,-0.0012916736252197836,2,2284.7412023092515,2284.074803560085,2
1890,1891,0.00261302613198134,1,2292.3861084227633,2300.6685593370858,1
1894,1895,-0.005850366653353451,1,2326.175740448568,2314.8929352072564,1
1899,1901,0.005434523387789125,2,2323.1706914663046,2338.1191876143707,2
1904,1905,-0.0012930644524139535,1,2327.6850133982143,2327.0028516643706,1
1906,1907,-0.0015726696838413339,1,2324.9483799586205,2323.616952504922,1
1908,1911,0.0019065889887709868,3,2334.537408115923,2341.3229488402267,3
1912,1913,-0.010455051270867176,1,2323.365605663991,2301.3980647414687,1
1915,1917,-0.0006061243953783494,2,2315.05352933672,2315.965372445319,2
1919,1923,-0.0021339830861357213,4,2316.3697313423613,2313.7430072457823,4
1924,1926,-0.009904865881495643,2,2310.856769517914,2290.2788999140107,2
1928,1931,0.0005240463570210638,3,2301.862557668469,2305.370702913847,3
1932,1935,0.004935877530521548,3,2303.720953087177,2317.3955585291988,3
1938,1939,-0.004965133387336659,1,2305.564425305183,2296.4225548257496,1
1944,1949,-0.0020620848419772887,5,2298.768957298982,2296.327469634227,5
1950,1958,0.0019289210901913766,8,2291.661861891022,2298.373958649902,8
1963,1964,-0.00028298759334679905,1,2373.997716644747,2375.6999024609477,1
1968,1970,0.0052696023366102405,2,2415.691183583674,2430.836606672799,2
1971,1973,0.0029249387763592835,2,2431.117291619386,2440.6592781471404,2
1974,1980,-0.012303159651857899,6,2445.7176925627737,2418.073355020363,6
1982,1983,-0.005876525868275825,1,2423.47679473854,2411.658647457831,1
1984,1986,0.0009399593049157636,2,2413.825597941483,2418.5083213706534,2
1988,1992,-0.015114215145387303,4,2430.2957980600195,2395.9940802992696,4
1993,1994,-0.0029184192769267704,1,2401.6948661091437,2397.087408380704,1
672,673,-0.0006539072250061521,1,1974.3986459227078,1975.0819710290193,1
679,681,-0.005968750374665314,2,1991.8622965328782,1981.9652300006987,2
689,690,0.0020124701014479504,1,2009.7728750900635,2015.8272557869734,1
691,693,-0.003212908192574733,2,2015.8644914169943,2011.403568368817,2
694,701,0.00272651613320377,7,2013.57295964851,2021.076571768023,7
702,703,-0.001622796855896678,1,2026.0543322358553,2024.792511967863,1
709,711,-0.0075535440157238985,2,2011.392051909849,1998.2103055647806,2
712,715,-0.00283158197339639,3,1998.1709940327848,1994.5111800603509,3
716,718,-0.001815067339275917,2,2001.1482477073691,1999.5171771296136,2
720,725,0.00765496187861221,5,2007.6420062490913,2025.0180712790777,5
728,731,0.0010234938845436778,3,2036.7357067385162,2040.8570289855334,3
732,735,0.003967869548998441,3,2049.060149588571,2059.2396131097785,3
736,737,0.0010096075370568031,1,2065.0836801867463,2069.2336879151026,1
738,742,-0.007255223879696646,4,2074.6068734491087,2061.629742993327,4
744,745,-0.0008066176432202307,1,2064.270884790769,2064.6700783595015,1
747,759,-0.008789058956434913,12,2067.4813550454965,2051.377620879717,12
760,761,0.00015851162442164814,1,2060.0048976301136,2062.3914372503837,1
762,763,-0.002790086638801493,1,2071.798043570402,2068.0893455743117,1
765,770,0.0026638804395571827,5,2080.854327612467,2088.478329080974,5
774,776,-0.0009688667164398561,2,2082.973439943106,2083.03828974586,2
777,778,-0.0026449588461799744,1,2081.477327658251,2078.0533831149964,1
779,782,-0.0028839976236395603,3,2078.4263312937437,2074.5105810246764,3
786,790,-0.00024709145080849834,4,2073.8514055169967,2075.4128259699633,4
792,793,-0.0026675614289813614,1,2078.809522373025,2075.3429797953168,1
795,798,-0.0019901120159795914,3,2075.2042542802433,2073.1495696124684,3
800,801,-0.002592792866469797,1,2073.491115979879,2070.1884741216577,1
805,806,-0.002622946515679906,1,2077.123494740587,2073.752434402161,1
808,811,-0.0017469001929220236,3,2091.1861326464414,2089.624225320532,3
814,821,-0.005691646858330836,7,2086.8052514920073,2077.0146981898965,7
824,828,-0.005897826416089682,4,2072.5055432676572,2062.3547708703486,4
829,834,-0.001299889737722632,5,2064.400753181585,2063.781660581159,5
836,838,-0.0029046417832050333,2,2071.3565352455043,2067.411343040561,2
839,843,0.00020396647282360653,4,2075.1539805754996,2077.652396394059,4
844,846,-0.0010318084036671595,2,2079.464955828934,2079.398811368207,2
847,849,-0.00308395254635646,2,2079.2675070297605,2074.9344122139296,2
853,854,-0.0006495672203847677,1,2075.0195709994928,2075.746725875514,1
856,857,-0.003091389866175674,1,2073.097030192942,2068.7613760723975,1
859,861,0.000577008890659694,2,2061.545111158281,2064.7961861270737,2
863,865,-0.003212214060358926,2,2070.809117638776,2066.228044592416,2
868,873,0.00980632533314164,5,2068.999190484768,2091.357468851153,5
875,876,0.001974235897994298,1,2115.114644219775,2121.405494122987,1
877,878,0.003047400355015305,1,2129.2193528434614,2137.8371560080654,1
882,887,-0.0008441242374431576,5,2172.3446465359634,2172.6832624142785,5
888,892,-0.003043061528881731,4,2175.210626817803,2170.766537668937,4
893,899,-0.0006946334697554218,6,2163.9114357981994,2164.5722219251056,6
902,903,0.0005008547881370441,1,2162.826967257972,2166.073056467693,1
904,905,0.0007687762542546179,1,2166.384924112412,2170.2167743237574,1
909,913,-0.0038519566976127346,4,2166.1442365457615,2159.9664869823496,4
916,919,0.005379702346095879,3,2142.01225706784,2155.677657689622,3
920,921,-0.002430827012956186,1,2154.9187459452082,2151.835429992784,1
923,924,-0.0023219535716937374,1,2158.2813330720296,2155.428185355055,1
929,930,-0.0034048230120606177,1,2153.216472070529,2148.038367548546,1
932,935,-0.00296034531671365,3,2149.1734977581687,2144.9603755570333,3
941,954,-0.007332216379059201,13,2133.0857360638943,2119.578575628053,13
955,957,0.005253969250071272,2,2114.8396825884984,2128.0658249322373,2
959,961,-0.0005670470781795031,2,2138.0529282572315,2138.9786045195274,2
966,972,-0.0003931718861545525,6,2144.3832275656146,2145.68449959496,6
975,976,-0.004369732416435462,1,2145.91539785944,2138.684237180345,1
979,980,-0.004897446286671129,1,2129.0610973365306,2120.7631960686203,1
981,984,-0.004472750955650461,3,2125.4973425273124,2118.116019599818,3
985,986,0.001142263818993211,1,2120.7649412176315,2125.3081792197913,1
987,990,-0.0012971226013037576,3,2127.560827309518,2126.928680902076,3
992,997,-0.001282210181268267,5,2136.1967517792928,2135.5938953067484,5
998,1001,0.0022778676196619275,3,2139.1095264738287,2146.1212443255677,3
1002,1003,-0.002145091733587381,1,2146.61196363201,2144.153896017235,1
1004,1006,0.0005895471291264248,2,2144.024200404867,2147.432227917398,2
1013,1017,-0.0038512896219242143,4,2139.6694251210997,2133.5686078949034,4
1019,1020,-0.0012335995088497557,1,2145.138075882613,2144.636972681672,1
1028,1029,-0.001235008766507571,1,2140.843736282244,2140.340619236495,1
1031,1032,-0.002423978127469633,1,2150.7383777782993,2147.6757733704335,1
1047,1049,-0.0022398744379650256,2,2140.022752226837,2137.3693927196873,2
1050,1065,-0.0019449397461690687,15,2140.3460908213137,2138.323592729539,15
1066,1077,0.00564960720480448,11,2138.1987442275918,2152.4169260025114,11
1078,1081,0.0010342920581588207,3,2154.13470891657,2158.5168480471234,3
1082,1088,0.009716746167196536,6,2165.9258969675325,2189.137575022291,6
1089,1091,-0.003607138907036379,2,2185.5147885220495,2179.8168478849902,2
1092,1094,-0.009100470656955701,2,2176.9169794385107,2159.2829273239404,2
1095,1098,-0.009286549540075812,3,2154.1710802908287,2136.3204349162,3
1099,1102,0.0015612822183301428,3,2139.9719852622643,2145.453057455841,3
1106,1113,-0.006177295961338611,7,2153.8462135496434,2142.6951142468884,7
1118,1121,-0.003772816950938642,3,2130.62290550598,2124.7150781975347,3
1124,1125,-0.00086768060900675,1,2126.956306360913,2127.23774392404,1
1130,1132,0.00044834834381421505,2,2135.7306894630356,2138.8239714699525,2
1137,1138,-0.0020768257607408852,1,2145.9971971733185,2143.6863321089245,1
1139,1144,-0.004251312888999597,5,2149.661284196267,2142.672062755976,5
1145,1146,-0.0012612229084615035,1,2146.2386625597865,2145.6780158541,1
1147,1155,0.004101719606681654,8,2149.6490025127105,2160.615908976313,8
1161,1165,-0.002264974332514012,4,2167.7154396408764,2164.9733352495364,4
1166,1168,-0.0031415517873167836,2,2168.827681528337,2164.183024730578,2
1170,1173,0.0022250854441856985,3,2160.1125349732743,2167.0790824676196,3
1181,1182,0.0011104262857176837,1,2162.856666820333,2167.4212163822303,1
1183,1188,0.016433496170034322,5,2172.6448901082226,2210.521686478769,5
1189,1191,0.00047698081309014676,2,2209.251760640684,2212.514783102436,2
1192,1193,0.0004286226577820888,1,2213.9689301085423,2217.131856285721,1
1196,1197,-0.00048062333779812943,1,2213.243499076617,2214.3930060978073,1
1198,1203,-0.0026682804894178134,5,2224.7061354500665,2220.994701609607,5
1208,1209,-0.0010059969811242624,1,2241.4415180752558,2241.4280761927807,1
1210,1221,0.01788380143186273,11,2250.4288698754613,2292.9255217907207,11
1222,1225,-0.0009226727014790849,3,2296.968287648998,2297.14590600147,3
1228,1229,-0.00423778103843292,1,2283.8435061072983,2276.448920908476,1
1233,1234,-0.0001207882565801248,1,2294.52367016635,2296.541042322715,1
1235,1237,-0.0010349307093377987,2,2295.686170243509,2295.6059802971654,2
1238,1239,-0.004811176462940948,1,2288.1003120285004,2279.3799579744496,1
1244,1245,-0.001334414844120958,1,2291.5823029009503,2290.8159637623353,1
1247,1249,-0.0030526121984518354,2,2297.8033100362836,2293.08681093246,2
1252,1256,-0.002769504969517238,4,2291.685025588913,2287.6298775475652,4
1258,1259,0.0006408186218564657,1,2297.5288247009444,2301.2986527807657,1
1261,1264,0.004295582828259192,3,2335.385111731294,2347.7523370263502,3
1265,1277,0.008715642080691997,12,2357.9785511546092,2380.887826791576,12
1286,1289,0.005629816006937587,3,2339.4716207941174,2354.9818871934344,3
1290,1291,-0.00023716571072545376,1,2360.8053216925096,2362.6062249421984,1
1292,1294,0.004601510422344854,2,2373.6635721831226,2386.9596734218467,2
1298,1301,-0.006440396415831625,3,2380.480917510422,2367.5301576588427,3
1303,1306,-0.006790147972624844,3,2345.497729163424,2331.9169502421123,3
1309,1310,0.000301381736747007,1,2344.3158940032267,2347.3667438928483,1
1311,1313,0.007061281335573116,2,2348.9428166806615,2367.878305567098,2
1314,1315,-0.0016631781301990709,1,2371.890257077919,2370.317271332193,1
1319,1320,-0.0023046406807899532,1,2339.6058228643683,2336.5534779308464,1
1322,1324,-0.00012928352895361182,2,2343.277107564924,2345.3174375387066,2
1335,1338,0.00012877800544811176,3,2419.8387799735947,2422.5702407651593,3
1342,1344,-0.00027988096537398934,2,2434.5596629901097,2436.3128357443616,2
1345,1346,-0.006215915799909057,1,2435.4640917831935,2422.7609161467503,1
1348,1349,-0.0026792037282102523,1,2423.84865996972,2419.7785242632813,1
1350,1352,-0.002233302495270333,2,2422.5307929059973,2419.543079634237,2
1354,1356,0.002899590586572713,2,2423.273521786188,2432.7232964004365,2
1359,1360,-0.0022881116496324527,1,2473.9293478057075,2470.7426505924313,1
1361,1363,-0.006141600040142643,2,2467.7363409343284,2455.048227664719,2
1364,1366,0.0006806521531306296,2,2457.537146542679,2461.6674116394142,2
1370,1371,0.00013365175116649623,1,2465.9260746946425,2468.721576107467,1
1376,1381,-0.01183145245765057,5,2468.6983769762264,2441.9587878737293,5
1382,1384,-0.002636248173184104,2,2447.700654598541,2443.6956088739526,2
1388,1395,0.008254723645190986,7,2421.0237407610985,2443.429646420289,7
1396,1397,0.002000444879627003,1,2445.80242813804,2453.140923510126,1
1399,1402,-0.002845252834538124,3,2466.685887050071,2462.1342279250766,3
1403,1408,0.0017578686355800947,5,2462.764186949165,2469.556167057182,5
1409,1411,-0.004204895775604855,2,2464.0507106001955,2456.153684886917,2
1415,1421,0.0025297418578182646,6,2457.72866542101,2466.4038131665066,6
1424,1425,0.0010785225195279109,1,2483.197942828009,2488.3593256726226,1
1426,1433,0.012751826575291083,7,2490.0479343644565,2524.2906417219983,7
1437,1438,-0.003475459290699947,1,2519.8255681837704,2513.5878425700666,1
1440,1442,0.0024426644448296555,2,2519.829950402197,2528.5048793794635,2
1443,1444,-0.005212272400101013,1,2531.5189427799924,2520.8554954069873,1
1446,1450,-0.0018680082506011867,4,2499.7638795450257,2497.594063873026,4
1451,1452,-0.0016409566010365186,1,2492.0718692053174,2490.474559290493,1
1453,1454,-0.0022041468159570256,1,2499.5697698526747,2496.559920873044,1
1458,1459,-0.0081328537936718,1,2455.075527065205,2437.563832278227,1
1462,1465,-0.012434227199073018,3,2431.315755425579,2403.515538685357,3
1470,1480,-0.015491865340163152,10,2428.8692566566033,2393.6704104602736,10
1481,1483,-0.012428134854541879,2,2392.304264493982,2364.964688746249,2
1484,1486,0.002154934785808912,2,2367.4812602938196,2374.9505092766713,2
1496,1499,0.011470641291854128,3,2379.9544108077766,2409.6339685559265,3
1501,1502,0.0008988938915445075,1,2409.636650370552,2414.2122946867826,1
1507,1509,-0.0003666129223838918,2,2426.428504748299,2427.965373207966,2
1510,1516,-0.005000827599066299,6,2434.367819453124,2424.628333494777,6
1517,1518,-0.00040504875164115294,1,2420.2670258129438,2421.706966701313,1
1523,1524,0.0004721123015422853,1,2446.3359366722025,2449.9372178982826,1
1528,1529,-0.004239810056519982,1,2440.414154507992,2432.5076761881433,1
1530,1531,-0.0033254698448822112,1,2432.943055715112,2427.285320004731,1
1532,1536,0.00655086130204749,4,2431.647409330525,2450.008441653863,4
1538,1541,0.007936453756072666,3,2455.186939925024,2477.1276044761776,3
1544,1547,-0.0020530679615567925,3,2482.8705818576295,2480.2559503951834,3
1550,1551,-0.0022406398563174505,1,2484.866770095076,2481.783945342457,1
1558,1561,-0.006275756546517064,3,2480.2883429405106,2467.202945477992,3
1565,1568,-0.0014415656638831172,3,2464.1507722420733,2463.06268787042,3
1569,1572,-0.008024139896877957,3,2471.7266772718926,2454.3649233038896,3
1575,1582,-0.015109097110593626,7,2439.566550792905,2405.146469420012,7
1584,1585,-0.00040935857755524264,1,2405.0713644213156,2406.4918991930786,1
1586,1589,-0.005825800475914848,3,2410.9016560785917,2399.2671257193037,3
1590,1593,-0.003312478980019444,3,2407.795424648403,2402.2274483407164,3
1594,1596,-0.00907816634440211,2,2393.9118290754473,2374.573411106344,2
1599,1606,-0.00010548016328547664,7,2352.7304605522677,2354.835024619674,7
1613,1615,-0.001625266624081374,2,2377.6269573265654,2376.140306545633,2
1616,1619,0.0017302842760815698,3,2385.4282197855164,2391.941116945718,3
1622,1625,-0.002705819600693606,3,2383.3445690865683,2379.279013205414,3
1626,1627,-0.0028941610530351285,1,2378.3825318672148,2373.877492306133,1
1628,1629,-0.00837823521396594,1,2369.1023502625712,2351.6225558763745,1
1630,1635,-0.023831286553368435,5,2337.489132361726,2284.121248165391,5
1636,1637,-0.0006303348475638171,1,2283.3711559960357,2284.2152387424853,1
1646,1647,0.006120750121783508,1,2125.4301607045927,2140.5648177802723,1
1648,1649,0.0035337891383904847,1,2151.0561373329565,2160.808572284465,1
1653,1656,0.0041958413004017404,3,2179.348700972706,2190.672250961197,3
1658,1661,0.008828628413847878,3,2192.2246955397723,2213.7712574718935,3
1663,1664,-0.008384714364575368,1,2208.059738789657,2191.7538483187764,1
1665,1666,-0.008981136508592662,1,2183.994446420251,2166.5636886093625,1
1669,1670,-0.002642870909356863,1,2117.1253352039234,2113.6471715792545,1
1671,1674,-0.0007386666059550994,3,2124.801467545488,2125.356749124673,3
1677,1683,0.0008331976691221563,6,2099.479053359611,2103.3278134666007,6
1688,1691,0.0016575560642089027,3,2129.8856001091917,2135.545890501833,3
1692,1697,0.013336107185824338,5,2138.0477085299417,2168.698989647833,5
1699,1701,-0.005256743156688616,2,2163.4883154214394,2154.2789013401934,2
1702,1706,0.0019986044181318427,4,2152.1004877594096,2158.5537857902686,4
1707,1708,0.0006455164684311451,1,2169.3702447350843,2172.9399791989204,1
1709,1711,0.0009467764901950181,2,2185.2820336839545,2189.536289371576,2
1713,1719,0.005638132419966233,6,2203.572423062813,2218.2000286040898,6
1721,1724,0.0031576074454606187,3,2230.257938419634,2239.530475429705,3
1726,1729,-0.005190129943594713,3,2237.733048352377,2228.356656100704,3
1730,1734,0.0001139322585346251,4,2245.1303385054953,2247.6312616141713,4
1735,1740,0.001868568311057031,5,2245.8461630128404,2252.288526147568,5
1741,1757,0.0005902888082348367,16,2255.188263640811,2258.7746642969414,16
1759,1763,-0.011306999066605455,4,2263.5940523729896,2240.2631905880075,4
1767,1769,-0.005709697776209284,2,2225.3424636737777,2214.8617732213092,2
1771,1773,0.0029966637222407187,2,2220.5511951677886,2229.425991572894,2
1774,1781,-0.014142336270285483,7,2236.894568016249,2207.4965474022047,7
1783,1785,-0.018451636949163328,2,2201.6723060148447,2163.2495202492464,2
1786,1788,-0.0046518066533915775,2,2148.0525573026525,2140.20828468206,2
1793,1797,-0.00013487935111024414,4,2126.199930810567,2128.039350274379,4
1799,1801,0.00717961773273156,2,2148.3037321997576,2165.876035502952,2
1802,1804,-0.0019701057728461245,2,2165.547229765331,2163.4464198963647,2
1805,1808,0.00546165411063048,3,2172.9088470496436,2186.949432433207,3
1815,1818,-0.005087039430555933,3,2198.9192715049303,2189.9322017376803,3
1823,1827,-0.02708391482879477,4,2157.6002833901257,2101.321621363594,4
1829,1831,-0.004162395974816498,2,2114.9469458509457,2108.258646142436,2
1832,1833,0.002803419256476444,1,2123.967045448191,2132.04538260897,1
1834,1844,-0.023910517767208515,10,2130.5760618293425,2081.763461110412,10
1845,1848,0.015408173918581115,3,2100.8131166284516,2135.2836236165276,3
1849,1852,0.002617621391760918,3,2141.7525167539716,2149.5005664744385,3
1856,1859,0.0009359442947490901,3,2172.976990448678,2177.183752855958,3
1861,1867,0.005749344027272258,6,2183.8649790162135,2198.6046350687056,6
1869,1873,-0.018390748333527725,4,2217.9028943644234,2179.331903300329,4
1883,1886,0.004718973539395735,3,2264.411896894301,2277.3620086149326,3
1888,1889,-0.00017663851771314559,1,2286.13284874004,2288.0151624710834,1
1894,1895,-0.0008151763145722738,1,2319.202500248081,2319.63114380143,1
1898,1899,-0.0020602752271922735,1,2326.9004743636337,2324.433319434524,1
1902,1903,-0.006621395625832303,1,2339.692075263196,2326.539740465517,1
1904,1908,-0.0031525242220620305,4,2331.0182849272996,2326.000711606924,4
1909,1912,-0.00517607134812081,3,2333.3592355430433,2323.614960894619,3
1919,1920,0.002561086208337273,1,2310.6501039429068,2318.878528160351,1
1923,1924,-0.004914569511246022,1,2318.1820344424023,2309.1073497288558,1
1930,1931,-0.0028260079139280306,1,2311.688723017683,2307.4675611149146,1
1936,1939,-0.013042921127749393,3,2322.4170965105873,2294.4484105915735,3
1949,1950,-0.005267110854508976,1,2298.761066961596,2288.9519986608416,1
1957,1958,0.0073849334459423896,1,2278.194558239123,2297.2970679868663,1
1966,1968,0.008110084012555255,2,2387.137740317022,2408.884765680851,2
1971,1972,0.001354811197238214,1,2427.679408616927,2433.396135271643,1
1975,1981,-0.010562866801969585,6,2443.9012024494887,2420.530500773291,6
1985,1986,0.0011102298713182805,1,2413.724939465416,2418.8184539338217,1
1990,1995,-0.013257687785047819,5,2419.52658673845,2389.8687852505877,5
682,689,0.009976586300069569,7,1987.759247460486,2009.5780583839974,7
690,691,-0.0017349643362829029,1,2017.1418546903692,2015.6593273659482,1
692,693,-9.488737253053646e-05,1,2015.4915619464703,2017.3158088097462,1
698,699,-0.0020523927336522623,1,2016.8951883393802,2014.7726224986336,1
703,704,-0.004307086297051375,1,2031.5196728493559,2024.8012619770855,1
706,707,-0.0029901540396032253,1,2021.0857500470397,2017.063478077199,1
713,716,-0.00020759648992663094,3,1993.9612625545778,1995.5412844579764,3
721,727,0.0050523790156092535,6,2017.7252945940552,2029.9373328263202,6
728,730,0.002440615713028122,2,2036.6871304080448,2043.694588151449,2
732,734,0.00022455510837412823,2,2046.899854872219,2049.406396545833,2
739,740,-0.00190902966464604,1,2069.428156623839,2067.5469850406143,1
741,742,-0.0030894034743587464,1,2067.6407888406807,2063.320652992751,1
743,744,-0.0019815668704556066,1,2064.781764458989,2062.7550430842753,1
746,748,-0.0028283353745463527,2,2070.833116891852,2067.0469394494567,2
749,750,-0.0027206368702698647,1,2066.9259280923434,2063.369499132351,1
754,755,-0.002039734480305801,1,2056.0519739885935,2053.914225857937,1
758,759,0.0002826663248619646,1,2053.174588319284,2055.8081262227834,1
762,767,0.006223434205597522,5,2066.9208313242466,2081.851097957496,5
771,773,-0.003655354906644705,2,2093.717824466239,2088.158260567913,2
775,781,-0.004849692131113961,6,2084.4062779724813,2076.381955526126,6
789,791,-0.0020587910157875066,2,2076.156000768443,2073.957785447456,2
792,793,-0.0011354756990137457,1,2077.317023004626,2077.0355970288615,1
795,798,-0.0024486075495926077,3,2076.503400491227,2073.4953619885205,3
804,808,0.005646736632459133,4,2071.717283138689,2085.4874422966254,4
811,815,-0.0016896164742378464,4,2087.933840820659,2086.4939672469104,4
816,818,-0.006334773770670224,2,2087.212321458552,2076.0775159122154,2
820,821,-0.0030842897523992853,1,2080.892639277964,2076.555456074074,1
822,823,-0.0037276292667386838,1,2081.1141466128356,2075.4376387591105,1
827,828,-0.0009987278980963913,1,2067.3774584006114,2067.3800883154117,1
829,830,-0.0052743035545456795,1,2066.9604458111353,2058.1256294304994,1
835,837,-0.0008992309865784631,2,2070.0263122918113,2070.2349068010576,2
843,845,-0.004889256088005231,2,2082.0385201733416,2073.940939183296,2
854,855,-0.003572640377263113,1,2077.732004042763,2072.386746796031,1
861,862,-0.0017123433019462506,1,2069.2108626820605,2067.7368741837145,1
864,865,-0.003149386156761675,1,2070.595880786348,2066.145370663938,1
868,873,0.005822556122532498,5,2073.5801119060848,2087.7272285941312,5
874,876,0.007460847461066928,2,2102.1724041939124,2119.9585642426614,2
879,881,0.008547474316775699,2,2150.619025694052,2171.1520056070353,2
885,886,-0.002830399893715997,1,2174.951500984759,2170.970469988519,1
887,888,-0.0015702636510463177,1,2173.3092298582997,2172.069870602028,1
889,892,-0.003053564517284678,3,2172.345254550891,2167.8842034168533,3
895,898,-0.0020338559992844367,3,2168.4548720655034,2166.213001986841,3
899,900,-0.0025868124321433263,1,2165.30062790863,2161.8647019529367,1
902,906,0.0015879717601660973,4,2161.942823500631,2167.5378704749446,4
907,909,-0.003876951342181364,2,2168.4401106147425,2162.2016139280695,2
911,912,-0.0007226410824169871,1,2158.9476823975087,2159.546485789817,1
914,918,-0.0042631738531571945,4,2155.309997689177,2148.2768464592696,4
927,928,-0.0016864006582850235,1,2158.6525452051205,2157.170844677083,1
931,933,-0.004013428005244824,2,2154.098770019605,2147.6075484599646,2
939,940,-0.002475585599034858,1,2136.857074663872,2133.7039591373023,1
943,947,-0.014200465643110168,4,2133.7032350463824,2105.5373587995596,4
951,952,5.730461969843817e-05,1,2116.719051843102,2118.9570686752195,1
954,958,0.00616616881158525,4,2117.4782042101015,2132.6524104763234,4
960,961,0.00034968824901781496,1,2140.913138372348,2143.802703677377,1
964,965,-0.0008854745083756145,1,2137.55506095214,2137.79986549637,1
968,971,-0.0006133153537736932,3,2151.092532600128,2151.9243270550965,3
973,982,-0.012722271470460018,9,2151.272209889718,2126.054413038534,9
983,985,-8.340261313428997e-05,2,2121.1703957633767,2123.1146550052304,2
986,990,-0.0024741928541567974,4,2129.990720927107,2126.850703826896,4
993,995,0.0018178139214806385,2,2138.5947706925226,2144.6209328097857,2
997,999,0.0010317214028406582,2,2134.539642016176,2138.876431892072,2
1002,1006,-0.0011372253959114702,4,2146.839917689817,2146.5453167321534,4
1007,1008,-0.00397686460059451,1,2150.572109666338,2144.1701476820463,1
1011,1018,-0.004046444727451982,7,2147.409321539393,2140.8673577341083,7
1021,1030,-0.0045025772995746245,9,2147.7780297277945,2140.255271156345,9
1031,1032,-3.9804758666516166e-05,1,2145.1965298261816,2147.256337325846,1
1035,1040,-0.003500827860467721,5,2149.2034284923916,2143.828640680605,5
1046,1051,0.003107782436342384,5,2139.826731890361,2148.616674556436,5
1052,1057,-0.00261377187832796,5,2145.1849954892305,2141.723156269699,5
1059,1060,-0.0005322349093468729,1,2143.09728393653,2144.099750031829,1
1068,1070,0.0023112337754507698,2,2139.144787123183,2146.227995592885,2
1074,1075,-0.003588799656555143,1,2158.4606425200263,2152.8728203499827,1
1076,1077,-0.004867968707795271,1,2157.8814580024,2149.534840047715,1
1079,1080,-0.002139260500154199,1,2154.164970936596,2151.710815874392,1
1082,1090,0.005299128329413919,8,2165.995012422719,2179.63889296684,8
1091,1095,-0.01680784727687648,4,2185.0462943812863,2150.505416266802,4
1098,1099,-0.0009982912234966453,1,2138.2062688644105,2138.209922581042,1
1101,1110,0.003663276617347955,9,2142.188795981918,2152.178414904165,9
1111,1112,-0.0030594323237707506,1,2150.777731367239,2146.348350186015,1
1114,1117,-0.009129168826447754,3,2141.1168834756736,2123.711382852742,3
1118,1119,-0.004035968804705421,1,2130.4678867674143,2123.9998527237617,1
1120,1124,0.00042992801060959523,4,2125.9054186642516,2128.9453103703063,4
1127,1130,0.0014354027186576192,3,2125.128525988053,2130.304069777741,3
1132,1136,0.00047541631296221755,4,2137.6828760712374,2140.836848258533,4
1139,1140,-0.004046068657264311,1,2150.466381222066,2143.915912979725,1
1141,1145,-0.0021545774535132217,4,2144.6908941304864,2142.2146823793682,4
1146,1148,-0.002367843511056637,2,2148.067698275609,2145.1294778132124,2
1149,1153,0.000840918771067431,4,2148.7893992865747,2152.745146026792,4
1154,1155,-0.003791623051476343,1,2161.401685657691,2155.367866888509,1
1156,1158,0.00025273197028608256,2,2157.1487618505057,2159.851091069139,2
1162,1164,-0.0035550087556366974,2,2170.672635377072,2165.1265477880625,2
1167,1168,-0.0023130574254001625,1,2166.990897741665,2164.1455142526106,1
1170,1173,0.0006970695211479512,3,2164.4661301575397,2168.139379656587,3
1175,1177,0.0020552372455222494,2,2173.2769500244135,2179.916826706963,2
1178,1185,0.007734968017047942,7,2173.11886113448,2192.1009848837334,7
1187,1188,-0.0015252491794385137,1,2211.523002077224,2210.3614014350737,1
1189,1191,-0.0011859328942745964,2,2209.151413736822,2208.7406598205753,2
1193,1194,-0.003491807384762357,1,2219.51022893917,2213.9796369601436,1
1197,1205,0.0023749023850193856,8,2215.826990184904,2223.3051899788693,8
1208,1209,0.0023932985678096555,1,2236.65217724756,2244.2418058773023,1
1216,1217,-0.0005632179555854005,1,2283.735628029768,2284.7331227462814,1
1228,1229,-0.002938993915769025,1,2280.722855320368,2276.3005475803466,1
1231,1232,0.0015575683680983383,1,2291.751710938566,2297.6130226219975,1
1236,1237,-0.0024787330792448888,1,2290.2968137691205,2286.910076109311,1
1247,1252,-0.005069889868538944,5,2300.694214908228,2291.3306428323667,5
1257,1258,0.00046220290205455246,1,2288.792438821902,2292.139117768148,1
1262,1263,0.0004668615724716678,1,2339.060575115152,2342.491653188472,1
1266,1269,0.000779071668088971,3,2370.258367370142,2374.475226877581,3
1270,1271,-0.0019531908483150736,1,2375.426375283085,2373.1621406013187,1
1274,1275,-8.46866452460874e-05,1,2384.993861472566,2387.176878204978,1
1277,1278,-0.003456476379791993,1,2386.046029783036,2380.1847640697774,1
1279,1282,-0.004395956284924341,3,2375.1979634542913,2367.131895002359,3
1283,1287,-0.007062254997040355,4,2357.5852473233613,2343.2929643768266,4
1288,1290,0.004033031959639042,2,2350.99560206469,2362.8282380668525,2
1291,1294,0.006824410952235485,3,2364.766977260345,2383.2698858967055,3
1295,1302,-0.011269116650676373,7,2386.7492260732665,2362.2394198548086,7
1303,1316,0.005957238084412595,13,2348.229944057881,2364.5671388556384,13
1320,1326,-0.0024529962864979224,6,2339.462614244156,2336.0633837532587,6
1327,1328,-0.002330069445146801,1,2341.3177201889316,2338.2036050279276,1
1331,1334,0.014308198743670834,3,2374.1428863656242,2410.4867375159815,3
1336,1339,0.0025392660713129144,3,2422.9525485626746,2431.5280223102036,3
1341,1343,-0.0026369413316657785,2,2439.1609400471534,2435.1681766898055,2
1344,1347,-0.010472224200808691,3,2441.1235748625986,2418.0007050596205,3
1348,1349,-0.002144868649210415,1,2421.1301584155767,2418.358282401549,1
1350,1351,-0.003054759678603634,1,2422.2802792178973,2417.3030753698836,1
1352,1355,-0.0007833267094199934,3,2423.913644835715,2424.438842181223,3
1358,1362,-0.003681759439661577,4,2470.143547606835,2463.5192168307212,4
1363,1364,-0.0020779373582663907,1,2461.780824147315,2459.1271786291027,1
1369,1373,0.0008251324611753569,4,2472.0854049965083,2476.597288315965,4
1374,1375,0.000612045228431081,1,2466.6901848338184,2470.6666009762976,1
1378,1379,-0.004700374915532363,1,2452.8498849050284,2443.7734207193594,1
1380,1381,-0.001170931909621276,1,2449.2829666814737,2448.864306066776,1
1395,1397,0.0034779096858861746,2,2439.8013618527466,2450.7265720026253,2
1398,1400,-0.00565558711243313,2,2467.0660393830753,2455.580398524602,2
1401,1402,-0.0025687644268476435,1,2466.535842773047,2462.66642908536,1
1408,1410,-0.004954251797278232,2,2470.479681953445,2460.710783230941,2
1414,1415,-0.0009981107871082377,1,2453.5961332531333,2453.6007686185794,1
1416,1421,0.0035900842435547106,5,2453.873685204439,2465.1371721425694,5
1422,1424,0.0025324918438408795,2,2474.858810851502,2483.6012294154925,2
1425,1426,-0.0003555502510657803,1,2487.6316808308543,2489.2348344430065,1
1427,1431,-0.0008167021538382983,4,2496.576701338222,2497.0343184703547,4
1434,1436,-0.0009631394477401273,2,2527.450821430037,2527.543984663125,2
1437,1438,-0.0044990107180328445,1,2521.162820057963,2512.3412443286743,1
1440,1442,-4.618700469866208e-06,2,2524.400961940035,2526.913703450066,2
1444,1445,-0.0069113969518023064,1,2526.028221976527,2511.0958664449686,1
1446,1447,0.0005835305544779673,1,2503.2903911327735,2507.2544279538633,1
1451,1452,-0.001072149778035845,1,2495.0017350576036,2494.82172123622,1
1453,1454,-0.001861688856048416,1,2499.9350726745015,2497.7809064815333,1
1460,1462,-0.007748514552948989,2,2444.9505487430147,2428.450764383582,2
1464,1466,-0.002742211765259391,2,2413.3256050328328,2409.121080770343,2
1467,1471,0.0069028154484155,4,2414.708708025295,2433.7917053065007,4
1473,1474,-0.005386288560461423,1,2441.016167655047,2430.3091663629602,1
1475,1476,-0.007500972261721186,1,2419.0992770699872,2403.3727797714055,1
1483,1487,0.0038872690121937023,4,2370.15922402293,2381.7428297524625,4
1488,1490,-0.0006663197184992692,2,2382.0748473123795,2382.8696987179865,2
1493,1495,-0.009859535563843329,2,2388.936094542146,2367.7712302528007,2
1496,1497,0.005073063923477814,1,2380.647586671455,2395.105411644584,1
1499,1500,-0.0022704679801482147,1,2402.037799414716,2398.986087303454,1
1503,1509,0.0016723019569526679,6,2421.1042277444603,2427.5741493102482,6
1511,1512,-0.004438502842971727,1,2426.106437458937,2417.7642635763823,1
1513,1516,0.0006373747830033141,3,2418.086829952216,2422.046144350692,3
1517,1518,0.004326766168396964,1,2413.1911247974117,2426.0456296388584,1
1520,1522,0.0043890657329273015,2,2434.2300798942542,2447.3483058038732,2
1525,1526,-0.0006351567544324238,1,2448.516772830826,2449.4100976370523,1
1527,1528,-0.0030878169808446275,1,2444.1761550914,2439.0731626106244,1
1536,1538,-0.001607661850512235,2,2452.6978087875323,2451.207397898297,2
1540,1541,0.0011960581246919723,1,2468.734705975325,2474.1561908840913,1
1545,1546,-0.0009762415348182865,1,2485.6526033363207,2485.711658627151,1
1548,1550,7.230366577016677e-05,2,2476.5310753647814,2479.1866687152888,2
1555,1561,-0.003063659499191284,6,2476.921657052448,2471.8101341461193,6
1563,1566,-0.004069386250712938,3,2468.307128355612,2460.7309403933004,3
1569,1572,-0.008114280118966519,3,2471.538619893748,2453.95540182698,3
1575,1577,-0.005222862744912827,2,2439.3752911085608,2429.0741440708775,2
1579,1584,-0.006472394731045786,5,2421.2041086589893,2407.9543240519774,5
1585,1592,-0.0010255781227822528,7,2406.0932165603285,2406.03167321261,7
1597,1599,-0.008383788923572572,2,2367.5477466894604,2350.0662738614255,2
1600,1608,0.0013346760115065938,8,2353.416890022587,2358.911355980797,8
1610,1612,0.002463668952072464,2,2366.759230564159,2374.956901028095,2
1614,1617,0.001915622955840034,3,2378.3207588811215,2385.255045482066,3
1623,1627,-0.008491309875324482,4,2387.8518442835,2369.9637061816074,4
1629,1631,-0.01350499741861634,2,2354.95489517,2325.506190284941,2
1639,1642,-0.01299938059489213,3,2289.9532591700813,2262.475238468786,3
1644,1646,-0.03957037714807065,2,2207.644034085237,2122.494371081881,2
1649,1654,0.0028598780925239617,5,2162.1549240686218,2170.500578492677,5
1660,1665,-0.012330579945892012,5,2209.8079045036366,2184.769499376594,5
1668,1671,-0.0072240711221599465,3,2131.0789598809965,2117.8149728677586,3
1673,1675,-0.004728978060138247,2,2124.242206723676,2116.320954140384,2
1677,1678,-0.011997744919616804,1,2094.6141398215686,2071.5781078067885,1
1679,1680,0.002903940548182415,1,2068.9494212075506,2077.0264767451413,1
1686,1687,-0.00032970624636344617,1,2113.466575598891,2114.8832190430344,1
1689,1692,-0.004545016129642116,3,2137.148693848032,2129.572467256897,3
1694,1706,0.005367448717589324,12,2143.568091366277,2157.2171512607124,12
1708,1712,0.0070508816000238944,4,2176.937436633683,2194.46370218668,4
1714,1715,0.0001222994856022886,1,2215.789312507916,2218.2760917135465,1
1718,1719,0.0004208127743506112,1,2216.2496393280267,2219.398515126734,1
1722,1724,-0.0019151873809896635,2,2239.124930122415,2237.075711241908,2
1725,1730,0.003012997582629129,5,2238.4721764167325,2247.4551598494754,5
1736,1737,0.003183080157746273,1,2240.8342776481422,2250.20786705177,1
1746,1747,-0.0008308315263095604,1,2257.7179202325265,2258.0998549271158,1
1749,1751,-0.002915862724242069,2,2247.7497804789487,2243.4434004611057,2
1752,1759,0.008994814647354073,7,2242.6797763415916,2265.0949450194953,7
1762,1765,-0.007014801439599974,3,2246.827043472539,2233.3128249369283,3
1766,1769,-0.012743647893408792,3,2239.930858970136,2213.62589965681,3
1773,1778,-0.0023192393837433304,5,2232.786675523078,2229.8410954052306,5
1781,1784,-0.014144217781706051,3,2212.1888238915167,2183.1113322160304,3
1785,1786,-0.00901114341824873,1,2165.972606428374,2148.6206892382784,1
1790,1791,-0.0029021656719523765,1,2113.5717269998127,2109.5513634155045,1
1793,1797,0.001709825266265388,4,2125.6289790346364,2131.3890621487303,4
1800,1802,-0.0001210992678094009,2,2161.992002709831,2163.892179064003,2
1804,1812,0.010425701755514563,8,2172.640897044311,2197.4648439557727,8
1819,1825,-0.03383557906855815,6,2185.6764314707475,2113.9084801869058,6
1826,1827,-0.002858820797173349,1,2102.430244641564,2098.522203578218,1
1828,1829,-0.0009555140676456795,1,2111.902422485939,2111.9963724342447,1
1830,1832,0.006714818889332299,2,2104.65316825201,2120.8901862699336,2
1833,1835,-0.0038810340765818344,2,2133.0379259858646,2126.892571034458,2
1840,1844,-0.0028006944740166665,4,2087.305641940775,2083.5470422057483,4
1846,1847,0.000700688436868163,1,2123.0740878194333,2126.6847753712022,1
1848,1850,0.00680136450752705,2,2130.529405416068,2147.1504419017238,2
1855,1859,0.0025099633398625604,4,2169.392523809658,2177.007012038002,4
1861,1863,-0.006162215096861893,2,2185.9121239984506,2174.6279754315324,2
1869,1874,-0.019771299611589334,5,2210.3747639582066,2168.883157010051,5
1883,1888,0.011957793794713161,5,2258.9049705273324,2288.175395337278,5
1893,1894,-0.0015063283003952771,1,2318.442028285062,2317.2681354733154,1
1899,1902,0.00536195837535102,3,2322.0883904575535,2336.8614201415303,3
1904,1905,-0.0006140388001437036,1,2323.157834367594,2324.0544831528023,1
1906,1907,0.0003984988680029531,1,2323.498588441485,2326.747998587227,1
1910,1914,-0.016117421597138068,4,2340.730907346036,2305.3450913742345,4
1916,1918,-0.0006191138953292995,2,2316.429981768582,2317.31227776108,2
1920,1923,-0.004856557710852022,3,2323.3046175703053,2314.3446592327564,3
1924,1925,-0.007288767219010132,1,2309.0423806976332,2294.521350666597,1
1929,1938,-0.005233808527036696,9,2309.756247584672,2299.977181888272,9
1940,1941,-0.004332678396799964,1,2297.4113270464336,2289.7547939482224,1
1944,1945,-0.0020197763761869193,1,2296.387364818674,2294.045563233458,1
1947,1948,-0.00395837259026971,1,2304.4762133003296,2297.6587140359734,1
1951,1954,-0.00813092557058234,3,2284.4846910283563,2268.1942007294983,3
1956,1967,0.05527922002179479,11,2262.1263969800434,2389.437106192793,11
1975,1977,-0.00689465850198715,2,2444.467150853466,2430.0578517798594,2
1978,1983,-0.008102659116691117,5,2431.023223208229,2413.756493949021,5
1984,1990,-0.0001276787509484899,6,2413.9268691930356,2416.032588894689,6
1991,1994,-0.005651135806053049,3,2407.643002777336,2396.444728198925,3
1995,1996,-0.005244571090341321,1,2391.9584235715924,2381.805585997602,1
1998,2000,-0.003965428249836965,2,2377.3061141941794,2370.256383484638,2
672,680,0.0014483586666177366,8,1978.6298928252495,1983.4742884713771,8
681,683,0.0003680257376650394,2,1990.483345869515,1993.2063783170581,2
687,688,-0.0012291693773899945,1,1999.7247639649122,1999.266488285803,1
689,700,0.005467358226368905,11,2007.1986771057354,2020.179949982072,11
705,711,-0.012883897184404143,6,2025.329656361937,2001.260846961207,6
714,722,0.010137364594485856,8,1999.833450546791,2022.1063248137793,8
725,732,0.008246166425445803,7,2028.4823761640469,2047.2380618051434,7
735,737,0.004076409609781594,2,2058.582579134277,2069.032787521523,2
738,739,-0.00238674252233721,1,2070.7420631792816,2067.8704771074786,1
743,744,-0.0012394103293510406,1,2065.526263078202,2065.0317547552754,1
749,751,-0.005676669018880803,2,2070.199810415784,2060.51817109952,2
752,754,-0.0024058570762853695,2,2059.4550315152574,2056.55973208591,2
755,756,-0.004387662421630516,1,2055.0805364315916,2048.118617324898,1
758,760,0.0021986765964643086,2,2054.9146695822305,2061.4876770435544,2
761,764,0.003809770012797869,3,2066.22235264052,2076.160406952023,3
766,769,0.0036737157537609305,3,2078.299927336912,2088.0133104483466,3
770,775,-0.00789182966397457,5,2091.8459784526653,2077.4293322858994,5
776,778,-0.0027928546581584305,2,2082.060875823619,2078.328043283829,2
779,782,-0.0035578460060732326,3,2081.38497535682,2076.061113110503,3
785,789,-0.0036264510282741818,4,2079.7049418768756,2074.242698693776,4
791,796,-0.0014920530984368823,5,2073.1063902120345,2072.0863117893414,5
799,805,-0.0025930890812282947,6,2076.5072414372885,2073.1991804238633,6
812,813,-0.0014296378630285224,1,2087.900519357104,2087.003478239751,1
814,816,-0.001867694563125518,2,2085.786769965061,2083.976944124923,2
818,822,0.0001896935945558916,4,2077.626959082646,2080.098698567743,4
825,827,-0.003326170188054045,2,2071.697998236944,2066.878876114794,2
829,833,-0.001305289431192042,4,2061.4907346476184,2060.86138331383,4
834,835,-0.003863629040983743,1,2070.0736677208606,2064.1457446489994,1
837,840,-0.0011253633275492847,3,2073.9432742715667,2073.6832778415555,3
842,844,-0.000667502997311829,2,2077.2250906813847,2077.915761797945,2
847,850,-0.004153942101682439,3,2082.3443503715516,2075.776756854714,3
851,858,-0.0031875614603713177,7,2073.398186151259,2068.8625001872306,7
860,862,-0.002452841107038352,2,2068.7896131663024,2065.7839905744804,2
863,864,-0.001237860963797068,1,2069.6382671603315,2069.1459810073934,1
866,876,0.024376254799535906,10,2067.967113199541,2120.4443735811533,10
877,884,0.01932989949036262,7,2132.534117232756,2175.8883214958673,7
887,893,-0.004681111743233896,6,2172.186879070101,2164.1908164410574,6
894,896,0.0017177028627417988,2,2161.036858974562,2166.909915032688,2
899,900,-0.0008984515099980669,1,2165.710060168957,2165.9299847553493,1
901,903,-0.0008735980778087126,2,2164.4523691720174,2164.725960111972,2
906,908,-0.00426862545596832,2,2163.7226797603253,2156.6502807296047,2
914,916,-0.008033461054309545,2,2157.6749956138055,2142.4990725642983,2
917,919,0.0011611476240279673,2,2148.22977568323,2152.872417358814,2
920,921,0.0006953687893955771,1,2151.630867488855,2155.278675307896,1
924,927,-0.0015529805155690755,3,2156.9382722807504,2155.745527442894,3
928,930,-0.004029934522654434,2,2156.643848317012,2150.109358667926,2
932,934,-0.0018422896833768824,2,2150.1167833017953,2148.3057621171647,2
937,939,-0.0020161312403456045,2,2138.515508202839,2136.3424957869906,2
940,943,-0.0061922479399518825,3,2136.938389511036,2125.842875560293,3
944,945,-0.006959593435863075,1,2131.73793145564,2119.033640072357,1
946,949,-0.005253313027823907,3,2116.6705159522694,2107.667653671159,3
953,957,0.0018344882276617267,4,2122.366299377333,2128.382121667704,4
959,960,0.0019604141710714298,1,2134.676692600762,2140.9962197321934,1
965,968,0.004429395381605353,3,2137.775952929602,2149.382783815345,3
973,976,-0.0063846571340919495,3,2149.3663908409917,2137.7927897707723,3
977,979,-0.002204520539600118,2,2133.13019617119,2130.5607970362607,2
980,988,-0.002758565003733061,8,2128.1823514860143,2124.4398044811287,8
989,996,0.0025280688648238615,7,2129.7689414364518,2137.2829129280026,7
998,1001,0.0017214011613566967,3,2137.5364980061777,2143.353592314294,3
1003,1004,-0.0009704407573985065,1,2144.386360040164,2144.449746476812,1
1005,1007,-0.003464157233273315,2,2147.993261299526,2142.700268167672,2
1009,1010,0.0002645449097734053,1,2138.467097405857,2141.1712850885997,1
1011,1014,-0.006063334039223739,3,2140.5614059415857,2129.723028511833,3
1017,1019,0.001071789575875747,2,2138.4840185834887,2142.914507481367,2
1023,1026,-0.004301744612895408,3,2149.5689764123535,2142.471648624437,3
1027,1028,-0.003019493311563126,1,2142.7115586760583,2138.384367014703,1
1031,1033,-0.001647431087754522,2,2149.109865597741,2147.7184650597533,2
1034,1038,-0.0005343756974502304,4,2152.0252695488775,2153.0273048140807,4
1041,1042,-0.0031619792953020334,1,2147.157820860235,2142.5157101077893,1
1048,1055,0.002844097144490369,7,2138.6331593870514,2146.8542730081635,7
1058,1060,-0.002691398986769382,2,2143.227429836401,2139.6023771331593,2
1065,1067,-0.0017755875674660266,2,2137.4246715899817,2135.7669115883014,2
1069,1073,0.0018159867954944116,4,2148.2946896301255,2154.3442591089547,4
1074,1080,-0.004480250131951479,6,2158.688345694118,2151.175570294174,6
1081,1089,0.010379482492366754,8,2158.5274833565013,2183.090409062649,8
1090,1091,-0.003111951694369396,1,2182.0394114067612,2177.43104957466,1
1097,1099,-0.0054909953335201015,2,2146.511245915505,2136.87127392675,2
1100,1106,0.0017150884872154763,6,2143.6212647015973,2149.441386118339,6
1107,1108,0.00022916739991523435,1,2154.835741476933,2157.4843953225286,1
1110,1117,-0.01372459836182461,7,2156.816931983707,2129.3723027842316,7
1119,1124,-0.0010900316820301285,5,2127.3647966030717,2127.173266372142,5
1125,1129,-0.0025652049507166466,4,2128.3108558563317,2124.9796131680814,4
1131,1134,0.0008216880090776858,3,2136.555902875426,2140.4480411444183,3
1135,1136,-0.001396060835222415,1,2141.7176987446433,2140.869448244068,1
1137,1139,-0.0020902414308512553,2,2147.8030738412604,2145.461449944849,2
1140,1141,-0.002606377913764637,1,2147.6672718533578,2144.2173065817374,1
1144,1146,-0.001611051612068366,2,2145.9533398673148,2144.6420516195653,2
1147,1149,-0.004103911566156532,2,2149.3382373897753,2142.6668815751586,2
1151,1156,0.003384430331525675,5,2146.0849076371983,2155.4942674002723,5
1165,1166,-0.0023575897848744872,1,2169.191532421527,2166.2466601556753,1
1171,1178,0.0006133765407004821,7,2166.006991818069,2169.5015766856613,7
1180,1183,0.0008804959195741369,3,2164.7321010173105,2168.8028709002447,3
1184,1185,0.0028210304851820547,1,2183.482136896718,2191.825288705651,1
1187,1204,0.0003086040056064893,17,2218.780536346573,2221.684041443998,17
1206,1207,-0.000517929193304144,1,2226.2703314879914,2227.343551422615,1
1216,1217,-0.0042840560611610325,1,2288.5879727462884,2281.0721215428907,1
1218,1220,-0.0021593686096795205,2,2287.33905631912,2284.6871872175298,2
1221,1225,0.0007612555766775414,4,2293.128054634748,2297.166839209009,4
1227,1230,0.0009287185331308232,3,2280.140699698716,2284.538449324371,3
1232,1235,-0.0017524416054825157,3,2299.0317510075033,2297.30186386572,3
1236,1247,0.0016401678840349434,11,2291.526826594615,2297.576842127595,11
1252,1253,-0.0017690694847272087,1,2293.3445459700806,2291.5808046618095,1
1257,1258,0.0014436942492847284,1,2292.2133777111544,2297.8148463604007,1
1259,1260,0.003238829499404296,1,2303.0498813355034,2312.812117111108,1
1262,1266,0.01101767956676511,4,2336.433677498957,2364.512188764138,4
1268,1278,0.0020207875509650865,10,2375.0481233952414,2382.2226391993368,10
1280,1282,-0.006774732128635367,2,2378.6882044844574,2364.951917286015,2
1284,1288,0.00113946915937441,4,2345.338379842725,2350.3561589746955,4
1290,1297,0.009156334660854054,7,2358.78581420305,2382.7424323253713,7
1301,1304,-0.02047303434112515,3,2371.5848523367968,2325.40289906435,3
1306,1308,0.0006667195091657034,2,2335.6141094222694,2339.506923024326,2
1312,1317,-0.003394949275114235,5,2364.555369157371,2358.89237899004,5
1319,1321,0.0020807255461230173,2,2336.2353393582325,2343.432639249949,2
1322,1326,-0.004319730421638032,4,2342.6134376320747,2334.8365925370294,4
1328,1331,0.01060284643781894,3,2344.0013648855547,2371.19845277236,3
1332,1336,0.013878090780813451,4,2388.0014495857354,2423.530351937386,4
1342,1343,-0.0017679244749314298,1,2432.817491318264,2430.9492712236392,1
1347,1349,-0.002753380877861413,2,2421.2286007760367,2416.983264846505,2
1352,1354,0.0026484954460552603,2,2417.0380321861626,2425.856584439536,2
1360,1361,-0.0062845433279886615,1,2475.485849459099,2462.4040372298095,1
1363,1366,0.0009278947970731432,3,2455.2234814329863,2459.956894008493,3
1368,1369,-0.0011141396452479324,1,2469.0666071282103,2468.784788741579,1
1370,1371,-0.0005285602512544894,1,2469.5465478866763,2470.7107902907273,1
1376,1382,-0.007577596342080737,6,2468.4599104372387,2452.223377559774,6
1383,1387,-0.01120864113786356,4,2448.711253008023,2423.713238575816,4
1388,1389,-0.0005359457805847428,1,2426.523980401015,2427.650019092632,1
1390,1392,0.0009491845479679655,2,2433.6622244412724,2438.4058812441267,2
1393,1397,0.004111270839248276,4,2442.299840847608,2454.783096804833,4
1400,1401,-0.003089878838502462,1,2463.9458954878305,2458.7965471016355,1
1402,1407,-0.0014531703270002595,5,2463.7642307846622,2462.647725942546,5
1409,1410,-0.004374303068313455,1,2463.89072076732,2455.576806748246,1
1414,1416,-0.0018170640758549436,2,2450.0305353894096,2448.0287034541952,2
1417,1419,0.0025160106165504964,2,2458.900758999703,2467.54628017339,2
1431,1436,0.007272130515507691,5,2503.7009260994673,2524.4118669319596,5
1437,1438,-0.0037134312414211015,1,2516.498900935271,2509.6705541984716,1
1441,1442,-0.0009406702901029013,1,2530.1356256578138,2530.2857378704844,1
1444,1446,-0.00792423937377577,2,2518.923645434631,2501.4820151493777,2
1448,1449,-0.003596348094559087,1,2509.7877464677904,2503.271463834501,1
1451,1455,-0.00293212685811979,4,2497.105962810422,2492.281237312105,4
1456,1463,-0.02858153812211119,7,2485.3245738120727,2416.7754993336553,7
1464,1466,-0.001378167479326123,2,2412.7645982828053,2411.8521691764654,2
1467,1472,0.008481601088518313,5,2412.4047030704587,2435.2781621290383,5
1473,1474,-0.005909844681149014,1,2438.8679333219334,2426.893470571488,1
1479,1481,0.00024682939574778876,2,2386.9914281251217,2389.967599205106,2
1483,1484,-0.002477263380484502,1,2366.648779550623,2363.1526159741247,1
1486,1487,0.0009684390449402531,1,2373.5624614319545,2378.2346744566416,1
1494,1495,-0.0021616364035832673,1,2371.712452398587,2368.9573848750492,1
1497,1499,0.001112511341727233,2,2399.8792644625114,2404.9490366274645,2
1503,1506,-0.004014900007195522,3,2423.1367505631074,2415.831235556399,3
1507,1508,-0.00013627482352700292,1,2425.9477558462004,2428.043107999733,1
1509,1513,-0.005889611728308211,4,2429.8787019318506,2417.9975385325183,4
1515,1520,0.0010252672922708588,5,2427.927178858147,2432.8443803615037,5
1521,1523,0.0031125367055235354,2,2440.4580572218347,2450.49453056045,2
1524,1525,0.0015001853802958259,1,2446.4351379199616,2452.551679285631,1
1528,1529,-0.003259822822956062,1,2438.300290458125,2432.790163812527,1
1531,1534,-0.004718009816615173,3,2428.6099763059983,2419.580380573363,3
1536,1537,-0.002635526219289491,1,2456.270580162183,2452.253285226658,1
1540,1543,0.002358173098403562,3,2469.8841181274915,2478.1784165291615,3
1551,1552,-0.0042497553733916804,1,2482.333373720767,2474.2663975009687,1
1554,1556,-0.0006862356582462467,2,2474.702191177091,2475.4786644811425,2
1557,1559,-0.0013507837279436129,2,2478.363624600381,2477.494254968944,2
1560,1561,-0.0059190142011651715,1,2480.453703555175,2468.252316562054,1
1562,1567,-0.0034205189549326213,5,2470.343943772661,2464.3644294315563,5
1570,1571,-0.00018705677960616273,1,2464.194197265964,2466.197447232365,1
1572,1573,-0.00522572210281614,1,2458.575677525882,2448.1864199439146,1
1576,1577,-0.0011451185762511266,1,2435.0651484090176,2434.711775221602,1
1580,1582,-0.004840853345766582,2,2417.49313694716,2408.207900343749,2
1583,1585,-0.004180549857037494,2,2411.528906417664,2403.8589184991156,2
1587,1589,-0.005475299938983148,2,2407.421998442789,2396.6480629200514,2
1593,1594,-0.0062769542305327825,1,2403.2489673152745,2390.5671325101766,1
1595,1597,-0.010115017866144625,2,2385.352719631477,2363.6101869749796,2
1604,1605,-0.0009634121180140822,1,2358.5925228299475,2358.6788187348257,1
1607,1609,0.0053315779833247945,2,2347.7414635436244,2362.606371704736,2
1616,1617,-0.0019162126773672422,1,2383.861334490659,2381.677210514913,1
1618,1619,0.0007658466757171595,1,2384.7078207565914,2388.918849134431,1
1620,1622,-0.0039248945507580225,2,2391.6056881253808,2384.610493680621,2
1624,1626,-0.008010410422614994,2,2389.6397628105497,2372.8874073110474,2
1627,1631,-0.022444620961417697,4,2376.0034128321618,2325.050920240941,4
1640,1642,-0.013642854312346093,2,2283.6170016190536,2254.7455645623872,2
1643,1644,-0.018949246138722828,1,2239.6011477425504,2199.4019954891533,1
1647,1652,0.012358806658757812,5,2141.655431433436,2170.265392271634,5
1655,1659,0.003130329899532786,4,2180.1584359355998,2189.163209509263,4
1660,1661,0.0012389751894327423,1,2212.9969336000513,2217.9517788286726,1
1662,1667,-0.03275801605810036,5,2211.6284167411523,2141.3914859677357,5
1669,1673,0.0016447076916654806,4,2117.241165170599,2122.8406491652363,4
1676,1677,-0.008980704977329342,1,2108.1031374080826,2091.2789882066463,1
1679,1681,0.005999699755858663,2,2068.396560266625,2082.874715164542,2
1683,1685,0.0028861370325602917,2,2103.6128325918066,2111.7877603227107,2
1693,1695,-0.00021199828552984155,2,2142.80250984223,2144.4910418937566,2
1702,1710,0.013909486743000535,8,2155.5556618746286,2187.693890439148,8
1711,1712,0.00034874890947719263,1,2194.5945753746314,2197.5545324149125,1
1716,1717,-0.004481831119567306,1,2223.0539149735678,2215.313616671937,1
1720,1724,0.003690576232477617,4,2225.6830938861963,2236.122830107406,4
1725,1726,-0.000593825963590885,1,2234.1338458037967,2235.041292965825,1
1727,1733,0.01379065386781864,6,2227.8998116433163,2260.851906609511,6
1736,1740,0.0012351358254672532,4,2244.171778173662,2249.1878069135605,4
1746,1748,-0.00499209687273419,2,2261.558190710463,2252.5298313298213,2
1751,1752,0.0016665061839231284,1,2243.5969727119577,2249.5795379139254,1
1757,1759,0.0005567303448094955,2,2262.546934751698,2266.0691102215815,2
1763,1764,-0.008690693190494921,1,2246.804626035549,2229.525140997725,1
1765,1766,-0.0016152333087822148,1,2233.0059563319483,2231.6321366889038,1
1768,1771,-0.0011161143663611759,3,2216.184596618819,2215.927265748643,3
1772,1777,0.0034858319410141798,5,2226.93706220749,2236.9267276117685,5
1779,1781,-0.006013624807083399,2,2221.969221950093,2210.8291019383482,2
1782,1785,-0.02592701359050048,3,2217.222847315617,2161.9541032674124,3
1790,1791,-0.003788150305843513,1,2115.0870574959436,2109.1898768697006,1
1792,1794,-0.00139460070681239,2,2119.1323303892914,2118.296119273891,2
1798,1805,0.012201446389051209,7,2141.7719170753985,2170.046404216245,7
1807,1813,0.0021293461059426278,6,2188.1334395713557,2194.980866429761,6
1815,1816,-0.006025053184110634,1,2200.398500090905,2189.341380601711,1
1817,1821,-0.015535100397239168,4,2199.532685292976,2167.5622568852336,4
1827,1836,0.007742626322845564,9,2100.0065486767085,2118.3661212073175,9
1840,1841,-0.00497174361416241,1,2090.8933850849307,2082.5888926348252,1
1844,1853,0.025754698188523627,9,2090.6100478270682,2146.5436886865764,9
1855,1856,0.0028147677223819808,1,2165.6046015801935,2173.8658801137435,1
1860,1866,0.001072249203119921,6,2185.589764278136,2190.1188509255085,6
1867,1873,-0.011541409798773591,6,2200.2712611114766,2177.077300079636,6
1876,1880,0.027383379701191167,4,2168.820038523639,2230.3784811806077,4
1882,1897,0.02455275706195822,15,2257.0749550063615,2314.7494430022693,15
1900,1902,-0.0010891734930670006,2,2333.520801748138,2333.312713547102,2
1903,1905,-0.005109723646994362,2,2327.6455358122194,2318.079555911871,2
1906,1913,-0.00932810497577713,7,2321.8376982921745,2302.5011902040806,7
1915,1916,0.0010694937949531505,1,2307.6856730665536,2312.461414247667,1
1917,1921,-0.002096291307171914,4,2319.946493343783,2317.4031561700263,4
1922,1923,-0.004269576078482563,1,2323.611786288964,2316.0145607768336,1
1926,1929,0.004898294614478437,3,2290.3410722732115,2303.8501786851193,3
1933,1934,-0.0006027294522992677,1,2309.515642746619,2310.4331452909364,1
1936,1943,-0.016402976278490564,7,2326.159590675334,2290.3298096801786,7
1947,1955,-0.019496433674828208,8,2301.7956153122195,2259.2206053805867,8
1956,1961,0.042107023994645505,5,2264.0266976582416,2361.6221508387134,5
1963,1966,-4.46912770890632e-05,3,2380.1485410710843,2382.4223177341933,3
1968,1974,0.009080435800542054,6,2417.6242799744196,2441.9949863185334,6
1977,1980,-0.007062182975583374,3,2431.136379407688,2416.398385837121,3
1981,1982,-0.001363536933017738,1,2421.5857459389563,2420.705410083838,1
1986,1993,-0.010632105137218371,7,2424.1870631982415,2400.8370385332314,7
1997,2000,-0.0077559846387202465,3,2385.261941851226,2369.147148812755,3
673,675,0.001523700371951633,2,1980.5781087455568,1985.5764944552773,2
676,681,-0.0023378027993501793,5,1989.1509369033406,1986.4898452116213,5
682,683,-0.0006744243500078019,1,1988.427210026835,1989.0745935082016,1
686,687,-0.00045538425942003263,1,1996.3326564923,1997.4198906804595,1
689,691,0.0006570403449803026,2,2009.1787533031948,2012.5080435576954,2
701,702,-0.004191374733758508,1,2029.6398211795797,2023.162479935637,1
708,709,-0.007779559920163752,1,2019.904737179643,2006.210671980911,1
710,711,-0.0030183210426765633,1,2006.7170563204409,2002.6668570589713,1
713,714,-0.0021586973879122147,1,1998.5507929497737,1996.235077366373,1
717,718,7.10842516813714e-05,1,1995.260431365904,1997.397523391943,1
725,726,1.5711588334894108e-05,1,2027.1129239668078,2029.1718860545443,1
731,732,-0.0021024646612270983,1,2047.4768570391786,2045.2195861596126,1
734,738,0.009546626129733872,4,2050.0041775619725,2071.624805187111,4
739,740,-0.0006514336707415364,1,2066.501210702471,2067.2215234438936,1
741,742,-0.00029478950553748834,1,2062.7010345298936,2064.1556729463828,1
747,757,-0.011356997449431125,10,2070.524394781676,2049.0799789059374,10
758,761,0.00568984560406,3,2052.9991500544816,2066.7333973936124,3
772,777,-0.005205989719899333,5,2089.541453538816,2080.752863665928,5
778,784,-0.0066495241093702945,6,2084.3794088590203,2072.603657135596,6
788,790,-0.0015899788776977592,2,2078.979660669836,2077.7531065828775,2
792,793,-0.002619017737982794,1,2077.441785015783,2074.0783699162157,1
794,798,-0.002893612961809375,4,2078.511175718206,2074.5752800146,4
802,803,-0.0019591476069739516,1,2072.807891290976,2070.8197625623275,1
804,805,-0.00025719850767403013,1,2070.613209420725,2072.1512640027127,1
808,810,0.0003889079379592753,2,2084.9420005938455,2087.837793088655,2
811,814,-0.002784153039341557,3,2090.6442591841014,2086.914229874896,3
819,821,-0.002943371699205777,2,2077.6356249827745,2073.5980067079213,2
822,827,-0.007569895651836041,5,2080.072386199579,2066.406527673982,5
829,830,-0.0032957472222487527,1,2063.3274508306718,2058.5905725668376,1
831,835,0.0004988926280791437,4,2061.944647603005,2065.035281234804,4
837,839,0.0003931521143720714,2,2071.1442675357744,2074.0296865512614,2
841,845,-0.0007104761435702005,4,2076.993500836277,2077.5948400044185,4
849,850,-0.003323926791776136,1,2077.6338244365365,2072.805555528428,1
851,857,-0.005006369724971758,6,2079.523018131276,2071.191680069053,6
858,860,-0.004108069980408928,2,2071.764641607588,2065.325452118535,2
867,871,0.008938828779664995,4,2069.8063710629453,2090.3778221919997,4
877,880,0.011775933310282573,3,2133.386610732346,2160.6426157961123,3
884,889,-0.007641709514652636,5,2183.9593024853716,2169.4540792064404,5
892,894,-0.006994951812735695,2,2171.7576133598513,2158.738031118817,2
896,897,-0.0012589284072270404,1,2170.0600863142895,2169.498196112553,1
900,902,-0.0008283905673768257,2,2161.06204228698,2161.4329009179205,2
903,904,-0.002191101741768173,1,2165.41383565245,2162.8346074611554,1
905,909,-0.004701299718907856,4,2167.340253691435,2159.318277819669,4
912,913,-0.002938579377745686,1,2166.117781224408,2161.9185899639583,1
914,919,0.00040582137524695504,5,2149.707923215469,2152.730028564463,5
922,927,-0.002140431630886893,5,2158.6224641799863,2156.1607028426924,5
928,929,-0.0033519009058179624,1,2156.9099237257005,2151.8370853223223,1
934,936,-0.00393648025303491,2,2148.0892124123898,2141.7813908583835,2
937,939,-0.0004143200272725667,2,2137.331753722987,2138.583546126217,2
943,944,-0.0031700350140810413,1,2131.5152539666447,2126.889791232489,1
945,950,-0.008197944158746598,5,2125.891782105485,2110.5897317703516,5
951,953,-0.0029087056847051504,2,2118.7096237446863,2114.6656306416053,2
959,962,-0.0029642617577767547,3,2140.3928268103814,2136.188535034058,3
965,966,-0.002522428714251475,1,2140.744173933008,2137.4850435327457,1
967,970,-0.0025143143717958477,3,2149.4108309932576,2146.155947280991,3
971,973,-0.004486677071474125,2,2152.5439119268044,2145.038686423748,2
976,977,-0.004048097525490358,1,2137.4595809873517,2130.9443957277085,1
985,988,0.0011066528196894236,3,2122.1835677399854,2126.6542717368634,3
990,996,0.0023788684262361147,6,2130.2384612285905,2137.4362567055896,6
999,1000,0.0020858214907283337,1,2142.595677529184,2149.207345316845,1
1004,1006,-0.0006456005470884636,2,2145.423290975248,2146.1836278158335,2
1009,1014,-0.0072543623239819804,5,2143.167622891391,2129.763476056801,5
1015,1016,-0.0011939294262278816,1,2133.442767720187,2133.029030388353,1
1018,1019,0.0012279561429990064,1,2136.8510848001088,2141.6118953011633,1
1020,1022,-0.0005619983908177768,2,2145.526996470021,2146.466740747019,2
1025,1033,3.602293144355892e-05,8,2146.333173666013,2148.556824052449,8
1034,1041,-0.0038036856155974556,7,2151.0865907691073,2145.0556202366633,7
1042,1044,-0.004856658622745986,2,2146.152719064347,2137.8757406746377,2
1048,1053,-0.00012024039566435694,5,2140.220734029346,2142.103613775507,5
1054,1056,-0.000672383400174674,2,2144.3082475931224,2145.010758570176,2
1058,1059,-0.0018316098383476702,1,2141.4965174120007,2139.7156278393336,1
1060,1061,-0.0007371757986958662,1,2143.279407516194,2143.842713214646,1
1064,1065,-0.004542676133809218,1,2145.197827519433,2137.5980863735804,1
1067,1068,-0.0023529474303937907,1,2142.1637741059635,2139.265539132304,1
1069,1071,0.0005849310586252144,2,2148.0442793188126,2151.4487814124072,2
1073,1077,-0.003911581800596921,4,2157.2741506853235,2150.99307052929,4
1079,1080,-0.002250525212758282,1,2151.1050715832926,2148.4150604559854,1
1081,1084,0.012525793484782121,3,2155.4527140580126,2184.6069223345744,3
1088,1090,-0.004326561176867992,2,2185.072913955253,2177.804135231064,2
1091,1093,-0.005042913535298244,2,2179.1552523385985,2170.3451160734026,2
1096,1100,-0.006072175731323982,4,2153.279532542614,2142.357720354895,4
1103,1109,0.00012297404976386868,6,2149.69940365213,2152.1134602972243,6
1111,1113,-0.002763911978820321,2,2147.400209231985,2143.6123842795996,2
1115,1117,-0.0038264897558490025,2,2133.920822785307,2127.8893174399113,2
1123,1125,-0.00499370905481537,2,2129.3030987386687,2120.7992816727897,2
1130,1137,0.0014885761078512645,7,2137.5934679323123,2142.9130319649075,7
1140,1143,-0.0033080079090524665,3,2148.066648160599,2143.1088933474725,3
1144,1147,-0.0013666074359007325,3,2145.226170959422,2144.439715093459,3
1148,1149,-0.0033451080378908327,1,2149.890103234727,2144.8483786730494,1
1150,1151,-0.0009118567768413626,1,2143.9150874378074,2144.1040590237926,1
1155,1157,-0.0026344270501875732,2,2158.299316182734,2154.7717333979635,2
1158,1169,0.0014953570255949768,11,2161.977468357678,2167.3723740225223,11
1173,1174,-0.0012214074680964404,1,2166.338292811033,2165.8586493345815,1
1175,1176,0.0018010569519430813,1,2171.657841681668,2177.740778976352,1
1179,1185,0.01226424069486701,6,2164.8839879862862,2193.5995302794,6
1186,1189,-0.002390977151979834,3,2210.755435207833,2207.680324908844,3
1190,1191,0.0009636847787425581,1,2208.2960146943174,2212.6324119653304,1
1192,1193,-0.0018299727782141312,1,2215.9665044306057,2214.127312554494,1
1197,1201,-5.9727034373115986e-05,4,2219.029797554003,2221.1162912825635,4
1202,1203,-0.003123663423957508,1,2229.31366828403,2224.5793563861666,1
1204,1209,0.009304901702122361,5,2221.103318890629,2243.9915702620547,5
1213,1214,-0.00046110955882646516,1,2263.5874275138212,2264.807253141269,1
1215,1216,0.002518172923033749,1,2275.064417423178,2283.0684874547137,1
1225,1227,-0.011550628587873247,2,2302.5367803591134,2278.243569979627,2
1228,1239,-0.00034879233534322433,11,2281.7110670106704,2283.19693474604,11
1240,1241,0.0006809512722747836,1,2277.0706041716626,2280.8982489008044,1
1254,1255,-0.001280624937722419,1,2289.779392163796,2289.136822964472,1
1257,1260,0.007979772209387597,3,2293.609694588206,2314.205787182851,3
1267,1275,0.0035394440860990906,8,2374.556563251777,2385.335729999938,8
1280,1285,-0.01823837305903581,5,2382.5725599051398,2341.500885277273,5
1288,1291,0.004621616147584857,3,2349.71646166608,2362.925665669228,3
1295,1299,-0.010282876377631495,4,2388.763939433514,2366.589339088409,4
1311,1315,0.0068913865796072825,4,2353.237518635267,2371.8078256084536,4
1321,1326,-0.00666885633824917,5,2344.937328845114,2331.644216005693,5
1331,1334,0.014825025710992694,3,2375.1283707603025,2412.7148382944924,3
1335,1336,0.00039541056092419024,1,2420.868704794414,2424.246810551695,1
1337,1339,-0.004028955108094286,2,2435.6217428343143,2428.244353914971,2
1341,1343,-0.004184423059317897,2,2439.937020251559,2432.1672285409863,2
1344,1345,0.0003193744782346781,1,2433.5290021092565,2436.7397381666833,1
1348,1351,-0.00033810054517716516,3,2419.6120068407736,2421.2135467089843,3
1352,1357,0.012198202933029065,5,2419.6311903984956,2451.5659738724617,5
1358,1360,0.0006505519099365682,2,2469.754259372279,2473.83071698216,2
1362,1364,-0.004833279852317558,2,2465.261132652782,2455.8110968222827,2
1372,1378,-0.014121123322276826,6,2476.976362307012,2444.475649990817,6
1381,1382,-0.0008241560748072483,1,2446.7954130273074,2447.2256671368777,1
1388,1394,0.002585984539005737,6,2424.364166525096,2433.0578989431747,6
1395,1397,0.0010499885566108793,2,2443.9570312609862,2448.96711520792,2
1398,1400,-0.002930406660081525,2,2463.4277124365676,2458.6722951738507,2
1403,1404,-0.0031224620451928958,1,2464.522174841128,2459.2913200654916,1
1405,1406,-0.0015902360987619774,1,2460.7483429729427,2459.2959204709514,1
1409,1411,-0.00675394438640285,2,2463.8423550388893,2449.6655431511317,2
1412,1415,0.0013526058581412332,3,2450.606482367333,2456.371793533749,3
1417,1418,-0.001177375233427416,1,2460.74951198733,2460.313035968235,1
1422,1426,0.006781686694297831,4,2470.8560780082157,2490.083505873977,4
1429,1433,0.008914076436656006,4,2494.681547561982,2519.4140111096267,4
1435,1436,-0.002366208455144239,1,2529.217418501221,2525.7619802791664,1
1437,1440,-0.0006689296377099805,3,2518.2381659914504,2519.0718800133977,3
1443,1448,-0.007440815858328138,5,2521.658451944715,2505.4169141981424,5
1449,1453,-0.003923346679927399,4,2504.268203065833,2496.9473589287527,4
1460,1463,-0.008797872805263961,3,2439.819224753425,2420.79382477096,3
1465,1467,0.0023225396782552647,2,2402.4789823564606,2410.4613141015143,2
1468,1469,-0.00011174203580927337,1,2414.5732293298142,2416.717993230888,1
1472,1477,-0.017587019198964753,5,2431.316852837477,2390.9885535206954,5
1478,1481,-0.0003336419340716646,3,2383.2588425339177,2384.846946286835,3
1482,1483,-0.00680141133583032,1,2377.020521827067,2363.2304480262383,1
1493,1496,-0.007923844414852003,3,2390.731034538193,2374.1779848172923,3
1500,1503,0.0030817563216320176,3,2411.906214365611,2421.7510278032814,3
1504,1506,-0.0016568373168202827,2,2417.774104939866,2416.1860206840997,2
1509,1511,-0.0031975094605064184,2,2431.680551647286,2426.3369106301116,2
1513,1515,0.0023830186282677557,2,2418.0815954641776,2426.2620105463043,2
1521,1524,0.003233638879455926,3,2441.930709765606,2452.268962559407,3
1531,1535,-0.0016375389665586513,4,2431.9715225615673,2430.4210459503734,4
1542,1543,-0.0024705437212403643,1,2484.143556434909,2480.490514725334,1
1544,1548,0.0005462264798593865,4,2480.4681513308387,2484.3035168688743,4
1550,1552,-0.00036616809821193614,2,2479.368824699513,2480.9403277569063,2
1553,1555,-0.002955102748092229,2,2480.751042199484,2475.900919019547,2
1556,1558,-0.0026395719410067554,2,2480.14656881522,2476.080190091406,2
1559,1560,-0.002331045476392483,1,2475.5882722921524,2472.2931517209076,1
1564,1565,-0.003904970155204559,1,2467.3116489479485,2460.144182244166,1
1568,1571,-0.004556432156577294,3,2467.5586743685726,2458.782969350807,3
1572,1573,-0.003906485906613124,1,2458.2391242346644,2451.0942868649913,1
1576,1577,-0.0017662749682349297,1,2435.4132703167497,2433.547074090399,1
1581,1586,-0.002895577217067224,5,2415.417216956633,2410.8386071104583,5
1587,1588,-0.0030636498055338995,1,2408.197799100889,2403.228122181087,1
1593,1597,-0.018234851948867467,4,2401.873618565429,2360.477682349563,4
1598,1607,-0.003543580368443736,9,2353.6536802473247,2347.6669729521323,9
1608,1610,0.003116272014804469,2,2355.587528425966,2365.283767447648,2
1611,1612,0.000564910133218901,1,2370.059306395421,2373.768236220329,1
1614,1615,-0.0002271246037967217,1,2378.313453164467,2380.151593116877,1
1616,1618,1.5698241172538074e-05,2,2381.1912919960923,2383.609863803268,2
1620,1621,-0.001761400470130822,1,2390.195040722661,2388.3751450949503,1
1624,1626,-0.008790569135916526,2,2387.5195241363886,2368.9193882202535,2
1628,1630,-0.015836700563440956,2,2368.684341694125,2333.540881387098,2
1633,1634,-0.003216465222932167,1,2295.9273581279995,2290.8385149843302,1
1635,1636,-0.0022367907944219633,1,2286.8632629284825,2284.034891496791,1
1637,1638,-0.00011524071110910255,1,2289.010755470022,2291.0359789982954,1
1642,1643,-0.01084437357330936,1,2260.9305762662875,2238.6731310502046,1
1647,1660,0.029697946042717024,13,2144.6341888080788,2210.4700534174754,13
1664,1665,-0.006607679081806197,1,2194.9191566917193,2182.6107544504835,1
1669,1670,-0.0005821099831653492,1,2118.314096883575,2119.199319197183,1
1671,1673,-0.00043180104550551656,2,2121.8571440057767,2123.0627810165875,2
1674,1677,-0.01664916118917109,3,2128.335645326536,2095.0289777481626,3
1679,1685,0.020015234978821683,6,2067.951690088438,2111.410180780498,6
1690,1693,-0.0013801179815804427,3,2140.1066495181058,2139.293156498124,3
1694,1697,0.009459234720493138,3,2143.2836454572907,2165.7007521777227,3
1701,1704,-0.005872669811087256,3,2161.402565993278,2150.870764960356,3
1705,1707,0.006443715541582698,2,2150.721988235563,2166.7313509250157,2
1709,1716,0.011995786249445192,7,2186.862367145966,2215.2823630263506,7
1720,1723,0.0029767776187841896,3,2223.375796298116,2232.2176674029806,3
1725,1728,-0.00837296860441923,3,2237.856152552959,2221.3565093989796,3
1730,1733,0.0027085606420875164,3,2245.7247147982375,2254.0531210885015,3
1735,1736,-0.003575607958011054,1,2246.54905347978,2240.7628238595753,1
1739,1740,-0.002699963929437139,1,2252.1647715903096,2248.336172715457,1
1746,1749,-0.005287143125152244,3,2262.44242687356,2252.7430123771364,3
1752,1753,-0.0005257043718438063,1,2247.1537029429237,2248.2195181200245,1
1759,1761,-0.008348728124984918,2,2262.2681160109323,2245.643322680546,2
1763,1764,-0.0021912072553841055,1,2239.9488845448855,2237.280641181926,1
1766,1770,-0.007512316949021177,4,2233.679808245886,2219.13337737196,4
1779,1781,-0.00843933681019209,2,2223.2733965421266,2206.73371692411,2
1784,1785,-0.012421846217106746,1,2187.513731984582,2162.528286540045,1
1787,1788,-0.003176245449020019,1,2145.277069955758,2140.60842049538,1
1791,1795,0.001432025892379383,4,2109.984416732063,2115.1159534660724,4
1800,1805,0.003233970172463174,5,2161.1721930862573,2170.3225316893413,5
1808,1809,0.0019643682057511173,1,2187.5014431103227,2193.9860028383137,1
1810,1811,-0.0005127126350041513,1,2200.996272145928,2202.0687898197475,1
1813,1814,0.0028592070125703054,1,2195.387656325846,2203.860111764449,1
1816,1818,-0.0020982782973794404,2,2193.8605603930646,2191.451090952108,2
1819,1820,-0.006491510744423817,1,2188.585668325265,2176.567026612565,1
1822,1825,-0.023655702636237518,3,2163.8022620268434,2114.779801414745,3
1828,1831,-0.004288473829118922,3,2112.6718287562903,2105.7243627379085,3
1839,1840,-0.00924435383130785,1,2101.9142884085354,2084.585363291814,1
1841,1842,-0.002903617296054977,1,2085.494640477349,2081.5246568089065,1
1844,1845,0.004190750540056672,1,2084.3152546767265,2095.134415210588,1
1847,1852,0.010912938922816702,5,2125.9749368390935,2151.3015464130967,5
1853,1860,0.016263791690856712,7,2146.631551100523,2183.6905510357433,7
1861,1875,-0.013157232498248666,14,2187.354209381812,2160.7620357023343,14
1878,1884,0.027444760652818225,6,2199.299961472013,2261.8585224798367,6
1888,1890,-0.001194777948806451,2,2288.955223991596,2288.509385988157,2
1894,1899,0.00011191529676841797,5,2318.3023325171557,2320.8800883432154,5
1902,1908,-0.004546861173037847,6,2339.2667773452895,2330.969722839346,6
1910,1913,-0.019845967845689334,3,2344.653061960046,2300.46580574505,3
1915,1923,-0.0020277529789951235,8,2315.9242743620903,2313.5440762899875,8
1924,1929,-0.0017399761084067218,5,2308.9412928992338,2307.2327315067746,5
1930,1932,-0.003976322034284949,2,2312.3242313940304,2305.4420098337214,2
1934,1938,-0.006095430432341497,4,2314.1677990437925,2302.376118015,4
1942,1943,-0.002588762390554945,1,2292.6650206098234,2289.0225206509376,1
1945,1946,-0.0006264879179962745,1,2298.205511588222,2299.063919113728,1
1949,1954,-0.015800544341828895,5,2298.4667533895263,2264.448194287765,5
1957,1964,0.04024569472502291,7,2277.3994392267673,2371.332361264053,7
1967,1969,0.01535536410070713,2,2390.9187721290036,2430.023119182389,2
1970,1974,0.005881000854401586,4,2427.7439185317394,2444.4492265094245,4
1975,1979,-0.009466755755616,4,2442.060365263328,2421.384036610173,4
1980,1982,-0.002823111622821467,2,2423.209917304236,2418.7921351394625,2
1983,1987,0.002755784227125988,4,2420.9248703730095,2430.0173418162135,4
1990,1994,-0.009056818926746073,4,2415.5495893410384,2396.087943691142,4
1995,1996,-0.0054883596220587205,1,2393.584861191258,2382.841591548316,1
674,676,-0.0007488027070017855,2,1985.5598781421384,1986.0586454086135,2
679,680,-0.0011719174646075735,1,1989.0182234663105,1988.6762764962739,1
683,684,-0.0022672259101626548,1,1991.8728619961282,1989.348709095657,1
687,690,0.004784653945822065,3,2002.72780098039,2014.3128882567387,3
691,692,-0.004037861783883861,1,2020.8643409724848,2014.7252344206308,1
693,696,-0.002786071613060448,3,2018.2707337923584,2014.6659577272612,3
698,700,0.0007086913445757083,2,2019.0512327782683,2022.5011681439714,2
701,706,-0.0034179537323413656,5,2020.5764674099635,2015.6908069991084,5
708,709,-0.004526330875237055,1,2015.7215683832346,2008.6134671807636,1
711,715,-0.003843069967809845,4,2003.8610156904072,1998.1638986170328,4
717,718,-0.002314860839251461,1,2000.6740035794487,1998.0433956800337,1
719,721,0.004472029689128303,2,2001.9973926016899,2012.9523817715638,2
726,731,0.003203605340466765,5,2031.6637176070267,2040.2040300603921,5
736,739,-0.002520245431344235,3,2069.4119061348147,2066.265892138944,3
740,743,-0.0029549950599876062,3,2068.8974559690305,2064.85277166299,3
744,746,0.001124863170687752,2,2063.977533189359,2068.36320303476,2
747,748,-0.0019367651626598687,1,2068.292875375802,2066.3553706639723,1
750,756,-0.010790785481084482,6,2065.3849434917133,2045.1632025741242,6
759,760,-0.0011167451284957459,1,2056.366571761182,2056.1265009815274,1
764,767,0.0006000423395758527,3,2078.6772170788,2082.0031886364377,3
770,772,-0.00323019331884006,2,2090.1858073265057,2085.524288903872,2
777,778,0.00020706210501506722,1,2081.8456671999425,2084.3585842133093,1
780,781,-0.004266622411752095,1,2083.4301602755772,2076.624380620701,1
783,784,-0.0030041830381313567,1,2077.2761679975606,2073.1129263361454,1
789,792,-0.003407177982897932,3,2077.6887364157437,2072.6873698341287,3
793,796,-0.003292129350404767,3,2076.4200766045396,2071.6606532031847,3
797,800,-0.0010948700295234386,3,2075.32829677804,2075.131410321254,3
802,803,-0.0018703687152457427,1,2071.5451041142487,2069.742096063407,1
804,806,0.0011475253524435743,2,2072.033724348865,2076.483469303022,2
810,811,-0.0027066248473054974,1,2092.6465511951674,2089.0751885942695,1
812,814,-0.0019704088374444635,2,2085.9152548467746,2083.891064249311,2
820,822,0.0011560500599857694,2,2076.4476289464355,2080.924553981383,2
823,827,-0.008896210804306654,4,2081.883266607859,2065.4442774647646,4
828,829,-0.00448858350860115,1,2069.6027305960865,2062.382748640773,1
831,834,-0.0006052175821500553,3,2063.59670386779,2064.41137556401,3
837,838,-0.0017002183016814553,1,2070.918450094013,2069.4683550939676,1
840,844,-0.0009346323963704587,4,2076.6854518531363,2076.8211998046163,4
848,850,-0.006541735420504032,2,2078.769807155545,2067.249814884157,2
852,853,0.002044490372063198,1,2072.376984531521,2078.6863163082126,1
855,861,-0.006927342507856925,6,2075.8863580085044,2063.5818685572003,6
863,864,-0.0004649208981917825,1,2068.414662494639,2069.5214279544134,1
867,869,0.0032294834441054607,2,2068.549284687289,2077.29817964019,2
870,874,0.005211973432959221,4,2087.1426975575637,2100.107972545586,4
876,881,0.020011120992338715,5,2125.039228976443,2169.6886853299334,5
882,883,0.0015530441487908542,1,2175.5038919818094,2181.0580494639053,1
885,887,-0.0011671045818430156,2,2175.0275682000947,2174.6641111278136,2
888,891,-0.006790764699930819,3,2179.698365902762,2167.0762455489953,3
894,898,-0.0009372426509695914,4,2163.020975664164,2163.1567211264937,4
900,901,-0.0009372591894488039,1,2162.4031222057934,2162.538793130419,1
904,912,-0.003058496666100387,8,2165.1370087046867,2160.6800813906175,8
917,923,0.0031850521600721837,6,2147.6309418284463,2156.6188893405833,6
924,928,-0.0018739288339992602,4,2156.1787284326424,2154.2943816706093,4
930,936,-0.006996490966598363,6,2150.3270132446296,2137.4325967344757,6
937,944,-0.004791279209603797,7,2135.451856004164,2127.3557617793854,7
945,946,-0.007742219411900776,1,2124.655945186937,2110.3310486296873,1
947,948,-0.0024753207049600864,1,2106.3089057690813,2103.2014246293584,1
950,951,-0.002708185517638813,1,2117.577202355249,2113.9599876457037,1
958,959,-0.0007235034362584288,1,2132.003708184943,2132.5931998841406,1
961,965,-0.002922629650252243,4,2143.8589259940372,2139.737079256963,4
966,970,0.0007943297008425785,4,2144.0594077224036,2147.906557198051,4
974,977,-0.004887825369177499,3,2146.232817017662,2137.8886386234994,3
978,980,-0.0028974393271221244,2,2130.7255230946075,2126.682600691785,2
981,982,-0.003593034480446875,1,2126.9040748077473,2121.388939205168,1
987,992,-0.00011735304700564563,5,2130.7501062126216,2132.6308063014626,5
993,994,-0.0012751823160206369,1,2139.9949794062168,2139.4060906315112,1
995,997,-0.004970193029449904,2,2144.1579408166544,2135.6452199059845,2
998,999,0.000720329634101716,1,2137.1783621122595,2140.855013381962,1
1000,1003,-0.003909716422631649,3,2147.0491632745734,2140.801859063996,3
1004,1009,-0.0006252900772085603,5,2142.2099992094873,2143.012706552894,5
1011,1012,-0.0021765297165400824,1,2140.7093699411857,2138.190761752974,1
1015,1017,-7.02989720405624e-05,2,2132.331069713513,2134.3135001009755,2
1020,1021,-0.004626079127514747,1,2148.2690607858017,2140.4792671842006,1
1025,1026,-0.00567125382336266,1,2150.8177927740217,2140.7707769361696,1
1030,1035,7.293602054331077e-05,5,2147.849358536367,2150.1538634798417,5
1037,1040,-0.003362637283019309,3,2150.3730196640836,2145.2924681954264,3
1041,1045,-0.008417319183834803,4,2148.1144858054777,2132.1812350208393,4
1052,1053,-0.002727538878449399,1,2148.725051439909,2145.013045374448,1
1058,1062,-0.0003001177937532824,4,2142.046558027581,2143.5457382984964,4
1063,1070,0.0017403313043015223,7,2144.8787532319384,2150.756431623351,7
1071,1074,0.0025699086918901663,3,2149.146763258508,2156.8190209688123,3
1075,1078,-0.004180793698070237,3,2156.915558769853,2150.054855353248,3
1082,1087,0.007714636203557436,5,2166.3652005408712,2185.2442851476317,5
1089,1091,-0.0025164118164656994,2,2183.25417425284,2179.943461824655,2
1094,1095,-0.007821026244848586,1,2163.054725157008,2148.300472107668,1
1097,1102,0.0005140202959683377,5,2145.5435817194357,2148.7919782480435,5
1104,1105,0.0002342293411639019,1,2151.0059035334602,2153.660738132618,1
1107,1112,-0.007871902144753917,5,2159.530078226897,2144.689998850669,5
1120,1122,0.0004205785026559828,2,2124.891154488276,2127.9097291828257,2
1123,1125,-0.004034439448762364,2,2131.3999877153155,2124.9323835115006,2
1127,1136,0.005935260857898738,9,2126.451272187447,2141.1987664616777,9
1144,1145,-0.00046434363308123173,1,2143.350814585802,2144.498914096175,1
1146,1147,-0.00046709283979010335,1,2148.6950435121507,2149.840098485946,1
1149,1153,0.0014874601006937029,4,2148.306612611507,2153.6504395944344,4
1160,1164,0.0008754370146449124,4,2162.486762569392,2166.542370287594,4
1165,1166,-0.0021568353940349966,1,2168.965891230337,2166.456754718907,1
1167,1171,-0.002658426979967976,4,2166.0423538672094,2162.4501307878027,4
1173,1177,0.003093767505090745,4,2170.5515016751538,2179.4372348808374,4
1182,1183,-0.0010181503668813873,1,2166.6699992475133,2166.630673392116,1
1184,1186,0.012023927811397772,2,2178.900865895858,2207.2787134814776,2
1189,1194,0.0002699475316019068,5,2207.4784968556037,2210.2818787237497,5
1201,1202,-0.002768578238510724,1,2229.6000252283357,2225.656803143134,1
1205,1206,0.0005848097361373364,1,2224.3657593080698,2227.8909558201517,1
1208,1214,0.011910925609548338,6,2238.2730357955015,2267.171212454515,6
1218,1221,0.005101626980888482,3,2279.7505993025493,2293.6607870689504,3
1222,1223,0.0004856178209361416,1,2297.854781927336,2301.2685159412904,1
1228,1231,0.0062509994514166976,3,2277.577055176504,2294.091765154148,3
1233,1235,-0.00027183416853741914,2,2296.79373869684,2298.4661854192764,2
1237,1238,-0.004899344332767648,1,2293.8515493248074,2284.9070322857374,1
1243,1249,0.0014258346924411881,6,2286.566624839633,2292.113457484747,6
1250,1251,-0.0034475711600730177,1,2298.627085068439,2293.001031707263,1
1252,1257,-0.004238822009439806,5,2297.4045631859835,2289.9636787221493,5
1258,1267,0.031736839622491665,9,2295.0097271464188,2370.1410925160694,9
1268,1272,0.001287688067269414,4,2375.581726861147,2381.0163168305107,4
1275,1283,-0.01492608143233207,8,2387.2960688781664,2354.050389419883,8
1286,1287,0.0015602563167804264,1,2341.029034407548,2347.022668780656,1
1289,1293,0.009001465481821777,4,2352.82474211838,2376.3564375614533,4
1295,1297,-0.00396255319845584,2,2386.3738965969496,2379.304136976875,2
1300,1303,-0.013271280968315157,3,2372.517829245771,2343.403996360759,3
1311,1313,0.006254602704812137,2,2351.409707837047,2368.468251063643,2
1315,1321,-0.014673080712831223,6,2370.776457431189,2338.3606395766524,6
1322,1326,-0.005961016244861678,4,2340.996660313547,2329.3829378525647,4
1339,1342,-0.0011972010762141432,3,2430.0264375109355,2429.5472336822295,3
1357,1358,0.0038659448990390607,1,2452.8107640432004,2464.7460060688045,1
1361,1362,-0.0034582839802516784,1,2470.300040735957,2464.2273417194006,1
1365,1369,0.0021395147514591995,4,2459.991572208749,2467.7147520381636,4
1375,1379,-0.012289722567924408,4,2468.7327262537515,2440.861418679991,4
1380,1381,0.0009366204720658304,1,2439.91440210152,2444.639590282718,1
1382,1385,-0.006589901000955694,3,2450.659272634193,2436.9603299130936,3
1393,1395,-0.0003707839542294798,2,2437.41877874127,2438.9524417471166,2
1398,1400,-0.0005043213410487186,2,2463.1156589768193,2464.336572843503,2
1404,1405,-0.001731040172111652,1,2461.13014694231,2459.3309619361003,1
1410,1412,-0.007045965296755939,2,2461.112476971645,2446.232676344461,2
1416,1417,0.0010259588739716928,1,2455.335208116211,2460.3096162696693,1
1418,1419,0.00017322345233214604,1,2460.711330265816,2463.598294507903,1
1421,1423,0.003013724034315668,2,2467.3995358160337,2477.302996635198,2
1427,1429,-0.003188777108174622,2,2494.780109571099,2489.31959197734,2
1433,1434,-0.003148579644237629,1,2528.811347828987,2523.3779952429245,1
1435,1436,-0.0018429754696213298,1,2526.4642568181466,2524.334509424774,1
1442,1443,-0.0033681284962542475,1,2529.062597453145,2523.0734522473053,1
1445,1446,-0.003549834072508164,1,2515.046582336003,2508.6336308664177,1
1447,1449,-0.002554469432477254,2,2505.330445562758,2501.435985966876,2
1450,1459,-0.0229081321490884,9,2497.2793447159324,2442.568618818707,9
1460,1462,-0.007383068355956529,2,2443.596589526993,2427.99894546166,2
1465,1466,0.0023400161650313908,1,2400.152162395989,2408.1687094169265,1
1468,1469,0.002263448237570928,1,2415.19552822608,2423.0773938160587,1
1477,1478,-0.004299170913831232,1,2391.7437067285464,2383.8529354579687,1
1479,1485,-0.011702532804984324,6,2391.3065063150066,2365.7134699843978,6
1486,1487,-0.0015174269666765995,1,2375.5882975250056,2374.359104078145,1
1491,1495,-0.007440655532462852,4,2386.3252628006103,2370.9557637944977,4
1497,1501,0.0014723258143277975,4,2400.5659644734983,2406.500945676463,4
1504,1506,-0.0019510953360910026,2,2419.3046889939355,2417.0036995876503,2
1508,1511,-0.0006207408261800125,3,2425.9223123229294,2426.8423656148525,3
1512,1514,-0.0022589539499266675,2,2422.768654034635,2419.7184998678795,2
1517,1519,0.0018191607342960547,2,2420.4235456787073,2427.2471086990504,2
1520,1522,0.0028491170121924003,2,2437.980751035847,2447.3648242200566,2
1524,1526,0.00025126979327622133,2,2447.054238150376,2450.116163201082,2
1528,1529,-0.004353000305785044,1,2440.9745562313014,2432.7899677978444,1
1530,1533,-0.0012683229641950607,3,2428.923784619478,2428.272048589785,3
1534,1535,-0.0023123440239259923,1,2435.020749488775,2431.8251645600476,1
1539,1540,0.0017836558297885875,1,2461.7810209414215,2468.633772032028,1
1542,1543,-0.00017577933807208946,1,2478.0381632757626,2480.0806135309804,1
1546,1547,-0.0018403205493473847,1,2488.350357588501,2486.2593456490436,1
1548,1554,-0.0017719648392695677,6,2479.3947394735237,2477.48073391198,6
1556,1557,0.0005607266219210326,1,2473.65725647454,2477.517959208228,1
1560,1564,-0.0047660159463560545,4,2472.264148868089,2462.953562659847,4
1565,1566,-0.00022358730387215327,1,2461.7651925328623,2463.6765382832305,1
1567,1569,-0.0020404704710517974,2,2469.079955187509,2466.5109504034704,2
1574,1578,-0.008800178068203594,4,2444.2572553202795,2425.1916134842827,4
1581,1583,-0.0026177092422731392,2,2410.1585520794365,2406.259616314394,2
1589,1591,0.0012103478619839014,2,2403.7047494343115,2409.017773088064,2
1592,1593,-0.006986334355106595,1,2412.046281795947,2397.6069662731247,1
1596,1598,-0.007451981529892948,2,2372.8273333629245,2357.5178952344418,2
1601,1603,-0.0024515074451484046,2,2359.299735487234,2355.8751943558377,2
1604,1607,-0.007594632061779046,3,2360.7144400738384,2345.1463969386227,3
1612,1613,-0.0010940669538518873,1,2374.176424787757,2373.95309324357,1
1616,1618,0.0004969070090109051,2,2383.959899249538,2387.5284655319256,2
1619,1620,-0.0032505566145504374,1,2391.1867096123688,2385.8052085464255,1
1622,1626,-0.009103995168462678,4,2388.6765020367798,2369.3186792052534,4
1635,1636,-0.0023272068965201854,1,2288.1464691985097,2285.109625424341,1
1644,1645,-0.024996172128891943,1,2202.6754379897925,2149.819659035707,1
1647,1650,0.00594770967946165,3,2144.5839074643236,2159.483853836631,3
1652,1655,0.0014554079982979687,3,2173.40638160228,2178.742981015218,3
1656,1657,-0.0008381140605178099,1,2192.053560402292,2192.408423052313,1
1658,1664,0.0010667979036825194,6,2190.7013885802266,2195.2291256177386,6
1670,1674,0.0024092304844235794,4,2115.8718162487,2123.0853109457876,4
1675,1678,-0.022940224408988574,3,2117.9031758885676,2071.435904933063,3
1679,1683,0.014103165423676171,4,2069.959298867101,2101.2222365781677,4
1684,1687,0.002090820800259029,3,2112.0177073293326,2118.5455755896614,3
1693,1694,-0.002909813712260609,1,2142.933214530082,2138.8406112925136,1
1696,1697,0.0025949678005702426,1,2159.6071687690032,2167.3708870026085,1
1698,1702,-0.00717672406923229,4,2165.2428114709437,2151.868704081599,4
1703,1704,-0.0022253922098851246,1,2152.5354584021425,2149.897758219915,1
1707,1710,0.007089504781384902,3,2168.728945137427,2186.2728883086443,3
1711,1716,0.008555788315679623,5,2194.7042872084176,2215.6764167924957,5
1723,1727,-0.005700752808918412,4,2237.392519944598,2226.8750907718154,4
1729,1730,0.005435079017518212,1,2230.117697414363,2244.4686810155904,1
1733,1734,-0.007530962167186064,1,2261.898886881244,2247.1265108250223,1
1737,1746,0.0040786075917551125,9,2247.3399567870924,2258.753314552886,9
1750,1753,-0.002914730420446642,3,2251.1273962183095,2246.8170941124695,3
1754,1757,0.0025387277014318507,3,2252.2302410914986,2260.2002706356516,3
1758,1764,-0.011641885384997008,6,2264.5434842970712,2240.44447208784,6
1770,1771,-0.00020772596472962244,1,2217.4871095582203,2219.24396701867,1
1772,1773,0.0007305563673726638,1,2228.537213329685,2232.3938225941397,1
1775,1776,-0.000263739231018456,1,2241.490620840692,2243.140942448857,1
1778,1780,-0.007603106825170603,2,2228.219477892737,2213.5063066502853,2
1786,1787,-0.0032080397368324898,1,2149.490303994118,2144.744143988963,1
1788,1797,-0.0065106470076900375,9,2143.390852390769,2131.5793820037316,9
1799,1804,0.008678259839788916,5,2148.483090110579,2169.2766677180616,5
1807,1809,0.0013502258078838458,2,2184.6492960735463,2189.7837152303537,2
1810,1812,-0.0021444958687638705,2,2202.8774368387935,2200.3562527129384,2
1813,1822,-0.016702660722017416,9,2194.708844824968,2160.2460764510706,9
1823,1824,-0.008223082652555381,1,2154.890802493787,2139.325848120143,1
1825,1829,-0.004339778066051386,4,2119.452108347873,2112.3736086843664,4
1832,1833,0.0014564031812212305,1,2125.810449432665,2131.0322969833246,1
1841,1842,-0.0009349697572597713,1,2084.9266062584434,2085.062189541744,1
1844,1845,0.00401180932260538,1,2086.779101569584,2097.2376405250484,1
1846,1847,0.005417461588886842,1,2115.963126886992,2129.5422389772903,1
1851,1859,0.015788155969892283,8,2146.1444177961384,2182.1742250160137,8
1860,1862,-0.00645760191621818,2,2186.613392671129,2174.679727229259,2
1864,1869,0.015685232854073014,5,2177.783151438926,2214.1199704263613,5
1871,1875,-0.020812456579509846,4,2202.187884876693,2158.5571330276507,4
1879,1881,0.012012835616292423,2,2212.659240321725,2241.452211290902,2
1882,1893,0.026683668129109845,11,2256.0241766446825,2318.479201242162,11
1894,1895,-0.0016290927621561882,1,2323.422826046833,2321.9611775635385,1
1898,1908,0.0025772208623773152,10,2322.1980314053603,2330.505046649875,10
1909,1910,0.0019510859533966364,1,2337.5974277947225,2344.4958787285836,1
1911,1913,-0.016657019925437274,2,2341.2084690412366,2304.5521213918555,2
1914,1917,-0.000300731043096229,3,2310.8849793952772,2312.5009095243436,3
1918,1921,0.003569896028815327,3,2313.7755820013876,2324.3492958451457,3
1922,1926,-0.011510591593992682,4,2318.995737029384,2294.6217199292582,4
1928,1930,0.0027738922890856773,2,2303.3137423346734,2312.0062003062153,2
1932,1933,0.0007551414257181029,1,2301.341600174231,2305.3807801514254,1
1935,1937,-0.004154186598037358,2,2321.15623900346,2313.8348791024446,2
1938,1939,-0.00544505195958166,1,2303.907532291506,2293.6665436003987,1
1940,1941,-0.002633012685864863,1,2296.1180523549388,2292.3684624472,1
1942,1944,0.0011277981451597555,2,2289.723921277566,2294.5959915901885,2
1947,1953,-0.016459387892508795,6,2302.5999750435226,2267.0031888680437,6
1954,1955,-0.005064696170030219,1,2267.9710136352114,2258.752400542349,1
1956,1968,0.06374380250936536,12,2266.07277443864,2412.786942618745,12
1970,1971,-0.003115921149911262,1,2427.7395758689017,2422.602670353844,1
1972,1976,-0.0010155639411304736,4,2434.863349254727,2434.8254531848984,4
1977,1979,-0.002881192859808996,2,2429.7595841253583,2425.188737744649,2
1980,1986,-0.003087122376426594,6,2424.326272113974,2419.266406503686,6
1990,1995,-0.011692467474595757,5,2416.8224625224716,2390.9806669500776,5
1996,1997,-0.004179129780418272,1,2384.3588986662453,2376.77871228429,1
1998,2000,-0.004448038338851276,2,2383.635786698431,2375.4169191200367,2
673,675,0.0017812400929376458,2,1979.7493962393448,1985.2555546341348,2
680,681,-0.0019798518668463,1,1991.118035749534,1989.1670350250936,1
684,685,-0.0003953869472029081,1,1992.5286459533581,1993.7333547807737,1
690,691,-0.0003196607042491534,1,2014.35346001583,2015.7239038302105,1
696,699,-0.0007380800751855595,3,2021.051130204258,2021.5804837643273,3
703,706,-0.006203718060657773,3,2029.6542480482478,2019.0924995807884,3
708,719,-0.008000549692852063,11,2017.717797602045,2003.59266389378,11
723,726,-0.0012271834526497555,3,2030.238797497221,2029.777560837502,3
732,737,0.007721471258448675,5,2049.1541091600393,2067.0257478272106,5
741,743,-0.0023791481841682434,2,2065.0629822602873,2062.21495439811,2
744,745,0.0010103118456052823,1,2062.4439611518833,2066.590116677884,1
748,750,-0.0015037593747527069,2,2070.553954842601,2069.5108938769176,2
753,760,-0.003428149299634682,7,2066.6792784414392,2061.661072598922,7
770,778,-0.006867029720213454,8,2093.4924897129154,2081.209907056726,8
788,792,-0.0035162523204222886,4,2078.0582897410245,2072.829370747491,4
793,800,-0.0037295048060274343,7,2077.839190232951,2072.167718177058,7
802,807,0.002335565979141227,5,2073.052039998384,2079.966841855992,5
811,815,-0.004182806615279773,4,2091.8943562384084,2085.2362610429063,4
818,825,-0.006302233989515265,7,2079.1910740024196,2068.166716419147,7
827,828,-0.0022967364492987295,1,2071.0615174785435,2068.375896520089,1
833,834,-0.0004507643580191189,1,2060.180078183377,2061.3116025112145,1
838,839,-0.003031291572521667,1,2074.2034786863537,2069.990166640403,1
840,848,0.0002409918775657491,8,2078.084157084043,2080.6630426438824,8
849,851,-0.0032467467161071953,2,2076.6467898023443,2071.9810904468413,2
855,857,-0.003142010267287831,2,2077.275667343124,2072.826121535688,2
858,862,-0.0026139095690763626,4,2068.904884404079,2065.5658590136304,4
865,866,-0.0026481442093822805,1,2069.3458067781303,2065.9352264694794,1
867,874,0.012785802780361039,7,2069.621607611441,2098.153002923946,7
875,878,0.013280803833164722,3,2113.1923569694045,2143.3704424810276,3
879,888,0.010333286450351,9,2147.325969190468,2171.6622295015814,9
889,893,-0.0009590122564326404,4,2169.9390399975523,2170.0279809024805,4
894,898,-0.0007041255914952398,4,2164.939481298669,2165.5800314871467,4
900,901,-0.002318376684083922,1,2162.8758878682397,2160.024402727107,1
906,909,-0.004503117792766777,3,2169.4473438915456,2161.8475143006885,3
910,912,-0.000587580864581335,2,2163.0168553003705,2163.9089248417295,2
915,917,-0.0037958926703056664,2,2149.5182440392978,2143.5084217361,2
918,919,0.0017361596406584821,1,2151.011361831721,2156.8968723065627,1
920,922,-0.0031224921764643233,2,2157.0607537606984,2152.482409186683,2
923,925,-0.0013946081616785203,2,2160.3301069829336,2159.4776230907983,2
927,933,-0.005743957938428212,6,2157.7504724989403,2147.5141950157818,6
936,937,-0.0025693519851296524,1,2137.2831146353765,2133.9289651366394,1
938,939,-0.0009922790753993248,1,2132.9126496424087,2132.9291177001564,1
941,944,-0.004154392655855222,3,2133.150282571239,2126.421488986061,3
947,948,-0.002190140381840692,1,2104.9750428217817,2102.4698270205527,1
952,954,-0.002088499016509436,2,2117.4357672450174,2115.1309404948493,2
956,957,-0.000704407579536289,1,2124.7833075036765,2125.4113773445024,1
963,970,0.004088996353941059,7,2137.058813662676,2147.934298173563,7
972,974,-0.0002561478912490023,2,2144.9479175073056,2146.5434415389045,2
977,982,-0.007225958726080472,5,2135.995336930531,2122.696718123701,5
984,985,-0.0011819395485643163,1,2118.1694437897504,2117.7840649973646,1
986,988,-0.0031883922729885007,2,2125.8307200876156,2121.1785685660943,2
989,994,0.003716028091921693,5,2128.8582932930844,2138.898048807975,5
997,1006,0.005154955206692839,9,2137.460475062672,2150.616448542759,9
1012,1015,-0.00346982548702709,3,2139.5613476249296,2134.2770044775075,3
1018,1021,0.004003414896618565,3,2135.62163136181,2146.3070324457067,3
1024,1027,-0.006916911654330318,3,2151.5888423746555,2138.858081277882,3
1031,1032,-0.0020910833153754403,1,2147.7436094548,2145.40024223682,1
1033,1037,1.7991947158577668e-05,4,2149.3336435308693,2151.5216478717407,4
1038,1041,-0.002293492477239407,3,2149.19980416991,2146.4198303911317,3
1042,1043,-0.002587714111194547,1,2146.9044326685994,2143.4957622054653,1
1044,1047,-0.004723930683392772,3,2143.396479203496,2135.414619287914,3
1052,1053,-0.002571838910773394,1,2145.1326615922712,2141.7608586060096,1
1056,1057,-0.0045181137995161345,1,2147.3227057067893,2139.768180063828,1
1062,1068,-0.006593700693245598,6,2152.038243767368,2140.0003859513154,6
1071,1072,-0.0007645263248833655,1,2153.9329544795255,2154.4401489882716,1
1073,1074,-0.001273561807309562,1,2153.8744913711857,2153.2852735726083,1
1076,1079,-0.0018348063387774918,3,2150.899742485466,2149.1041577463643,3
1081,1082,0.0025286136923670065,1,2157.823253482341,2165.4373781602867,1
1084,1085,-0.0006892735133802485,1,2184.877665397254,2185.556564757917,1
1092,1100,-0.018192767874743138,8,2178.541913581537,2141.0867481559308,8
1101,1104,0.0011568135229050119,3,2148.2394304286945,2152.872782282681,3
1107,1112,-0.007193696830257026,5,2159.161893499579,2145.788699323799,5
1116,1120,-0.005211041922801339,4,2130.744619657026,2121.7719647368667,4
1121,1122,-0.001162101590483775,1,2129.459748578743,2129.1145597666273,1
1128,1138,0.006276544359674232,10,2125.186523401428,2140.6505374115404,10
1141,1143,-0.0025389076636775335,2,2146.319978977537,2143.0169907131844,2
1144,1147,0.00043298782995668424,3,2144.6839196723863,2147.7572256283806,3
1148,1150,-0.0043015312594376996,2,2148.880362189588,2141.7857665010274,2
1151,1153,0.0034457519224286347,2,2144.240716521303,2153.7734788089274,2
1154,1156,-0.0033266729347095165,2,2158.5112167649286,2153.4890671376147,2
1157,1158,0.000647546135074171,1,2156.251777797497,2159.8043020802543,1
1160,1163,0.0021360233867049783,3,2163.02998545441,2169.813298074939,3
1164,1169,-0.004590672356671743,5,2170.968065107913,2163.172830089313,5
1172,1177,0.0059135527563563845,5,2164.570379610486,2179.5352511247693,5
1180,1183,0.0024455802888551947,3,2161.526613385645,2168.9743268785624,3
1184,1186,0.011940689199713868,2,2178.8456503005423,2207.04141467523,2
1189,1190,-0.001759025833935827,1,2208.936780510872,2207.260140428933,1
1192,1193,5.469651199994344e-05,1,2212.602108144414,2214.935731870318,1
1194,1195,-0.0024631267699980293,1,2212.3197642669356,2209.082859996041,1
1196,1197,-0.001037412350050993,1,2217.407656521015,2217.3246980895633,1
1198,1199,-0.001030474633931888,1,2226.7659293199986,2226.6980694434505,1
1208,1210,0.0016831123163818613,2,2242.1743165586536,2248.190322082887,2
1213,1215,0.0030107698909304812,2,2264.4426031259063,2273.524761338264,2
1220,1222,0.005474889309667236,2,2284.1632778940943,2298.9529822836653,2
1225,1230,-0.0066673956708648546,5,2297.982968627045,2284.959389898927,5
1232,1235,-0.0028942565320165263,3,2300.2408429723473,2295.8835967303357,3
1239,1244,0.004387709223827136,5,2278.063312428902,2290.3368551497374,5
1248,1255,-0.004536061533367915,7,2295.1506151214408,2287.034821318024,7
1256,1259,0.0034273417706287748,3,2286.7379927403686,2296.862163374112,3
1262,1263,0.001548812013103953,1,2337.5245191623294,2343.4824297376954,1
1267,1268,-0.0011226304148495758,1,2373.031946422477,2372.740940530436,1
1271,1274,0.0023089544265681773,3,2373.171544674805,2381.024261162562,3
1276,1280,-0.0057656014704900865,4,2385.6860488799357,2374.316819937266,4
1282,1292,-0.0006272727421658183,10,2370.6223385609796,2371.505934124592,10
1295,1298,-0.004496553054723403,3,2389.2950239993525,2380.940727184552,3
1299,1300,-0.0005930144127788945,1,2371.996698171932,2372.962066641024,1
1303,1304,-0.00960289437790542,1,2348.3968250600683,2328.193815216668,1
1307,1311,0.005072506329998283,4,2337.2266259404932,2351.4194494211574,4
1313,1314,0.0004080960175891833,1,2369.560169731223,2372.8967379696596,1
1316,1319,-0.015084356589421023,3,2367.020610526117,2333.682648192958,3
1328,1329,0.0020558417629780025,1,2343.444909483824,2350.606106307463,1
1335,1336,-0.00048212669337744014,1,2422.1496836149063,2423.4040502806947,1
1340,1341,-0.0011557154973451816,1,2437.640601660395,2437.2610232417587,1
1342,1345,-0.0015035127922130617,3,2437.854597028109,2436.62710605295,3
1346,1347,-0.0001439611090349451,1,2421.306687539985,2423.379420231473,1
1350,1352,0.00034920707750539493,2,2421.8457812606184,2425.113352729322,2
1353,1355,0.0035580306191874047,2,2419.2493193919804,2430.2763318652173,2
1356,1358,0.008038614162652266,2,2441.856741569659,2463.9277424971783,2
1359,1368,0.003349928294174108,9,2463.2950748748895,2474.0102318179875,9
1372,1374,-0.003952972180478857,2,2472.184525608658,2464.8842334795254,2
1381,1382,-0.0017060449139808813,1,2449.7400757789956,2448.0104492579167,1
1383,1387,-0.013038008956654298,4,2449.2284757861835,2419.7446414577767,4
1388,1389,0.0008991365978583939,1,2422.3520219215293,2426.9523992992567,1
1391,1392,0.0015928365328946423,1,2428.6489143566378,2434.9460039873566,1
1393,1396,-6.417614902773524e-05,3,2441.999750956569,2444.2850325675827,3
1399,1400,-0.0020702213384870887,1,2463.846389546377,2461.20952856553,1
1402,1406,-0.0006656864382362305,4,2463.77321742622,2464.596890225916,4
1410,1411,-0.004351990253586608,1,2461.25311104411,2453.0030146042805,1
1413,1416,-0.0008260117824472546,3,2451.936010150878,2452.3626181268373,3
1418,1419,-0.0027284139719945385,1,2464.9835625097285,2460.72305047955,1
1423,1424,-0.0004939224409353996,1,2480.9799006140565,2482.2354688662476,1
1425,1426,-0.0015022195494281767,1,2488.5522697943484,2487.302470194684,1
1427,1429,-0.0029149846581662557,2,2495.9487718434148,2491.1690682377657,2
1430,1434,0.008977802932664425,4,2501.1822271167634,2526.138530477617,4
1435,1436,-0.0021342094421326003,1,2533.4700244842165,2530.5965388610866,1
1437,1439,-0.0013499274006339471,2,2518.30138139935,2517.420158742944,2
1440,1442,0.00124541775609412,2,2521.6849667408674,2527.347202940463,2
1445,1447,-0.006371548092356311,2,2515.249357771333,2501.738574881796,2
1455,1457,-0.009088309487483563,2,2493.500145816199,2473.3319449297524,2
1458,1471,-0.013433637527142172,13,2451.392587938324,2420.912861063176,13
1474,1479,-0.019760547264309463,5,2429.5028343633253,2383.9240316104783,5
1485,1486,0.00034870477285502436,1,2369.243218198603,2372.4386278350416,1
1488,1491,0.0014412185223968916,3,2381.8969292906895,2387.711660192914,3
1493,1497,-0.0012748980584234048,4,2389.7586594344148,2389.1017194188357,4
1499,1500,-0.0024142858719540276,1,2410.09952023376,2406.69095053229,1
1501,1502,0.00039688195426059716,1,2408.876116314105,2412.2410318910333,1
1503,1505,-0.003798860424091599,2,2421.8617922919357,2415.08333916887,2
1506,1509,0.0026382128208447026,3,2420.059085770225,2428.863775763276,3
1511,1517,-0.005265175021442059,6,2429.404510556208,2419.042675120805,6
1518,1521,0.005619995764099148,3,2426.267267554819,2442.3291465886045,3
1529,1530,-0.0007432816316743569,1,2434.026845734361,2434.6517051346586,1
1535,1536,0.0075452076230537535,1,2434.3075749482005,2455.1092385945053,1
1537,1538,-0.0033101670162744325,1,2456.6745670208675,2450.9992384664156,1
1540,1541,0.0008916121549479026,1,2471.383618154182,2476.0585174458215,1
1543,1544,-0.003128299105862494,1,2483.1931772139533,2477.908199395205,1
1545,1548,-0.004137448001376528,3,2483.3671425665248,2475.5757072883953,3
1550,1551,-0.0016763473039967287,1,2482.033891111437,2480.355174180755,1
1552,1555,-0.003960623093937158,3,2484.2763517598373,2476.921345821095,3
1558,1559,-0.0006134519699054443,1,2479.9402732573312,2480.898889284711,1
1562,1564,-0.0025313009667501793,2,2468.421395481152,2464.641499411905,2
1566,1569,-0.0023887786645840087,3,2465.6293209320456,2462.2051075363624,3
1570,1571,-0.001597260277272024,1,2467.379194961948,2465.90552737983,1
1573,1577,-0.008656535436739748,4,2446.235917172176,2427.5062251857216,4
1581,1582,-0.0007178810324963072,1,2410.889367056464,2411.5695246754635,1
1585,1587,-0.0019660205625925123,2,2407.87085708363,2405.54480432362,2
1590,1594,-0.008178068939271553,4,2410.2138953153085,2392.913213816345,4
1595,1598,-0.01427778171081339,3,2383.6059769137655,2351.9569770677144,3
1599,1602,0.0011795810142939366,3,2350.9509827735715,2356.0750709011604,3
1603,1606,-0.0020815085808028213,3,2358.180798845703,2355.630406076667,3
1609,1611,-0.0002019302296400419,2,2364.7307658825353,2366.6179860218263,2
1613,1615,-0.00012251969952680386,2,2374.723523849088,2376.807296960336,2
1617,1618,-0.002175518658409271,1,2387.263179624781,2384.4569072145987,1
1619,1622,-0.003509793921245274,3,2390.813103968869,2384.8126557736946,3
1630,1631,-0.008230742925800682,1,2339.017553770298,2322.10471914005,1
1634,1641,-0.008353327217243616,7,2292.244974980786,2275.38934761767,7
1645,1656,0.01472733692373162,11,2154.3363498356553,2188.2183234565628,11
1657,1658,-0.005559367547473153,1,2196.214905584834,2186.2015546170337,1
1660,1663,-0.0033162022357575284,3,2209.0170623886065,2203.9005321298755,3
1667,1675,-0.013940162094198343,8,2144.6368959914016,2116.8849469240745,8
1677,1682,0.0004303860108239557,5,2095.267701482854,2098.2647430919865,5
1683,1693,0.01488722105108076,10,2104.0598712975825,2137.4875355775957,10
1696,1698,0.0005134945881310456,2,2161.420521786261,2164.69182004866,2
1699,1705,-0.007318827954621027,6,2162.7843171830295,2149.1180551797975,6
1715,1716,-0.0018197073083511249,1,2218.0833902289346,2216.2652110634317,1
1720,1722,0.005332040334421444,2,2223.938765502754,2238.020835467201,2
1724,1726,-0.0024593074680116797,2,2237.586029718447,2234.3207037149605,2
1732,1733,-0.0012430048124430376,1,2262.202618027947,2261.652891905045,1
1734,1739,-0.0014323276296996396,5,2253.038861212262,2252.064810261773,5
1741,1747,6.26165494567114e-05,6,2257.051664720835,2259.4500451727463,6
1748,1753,-0.003636462140973397,5,2255.7479337603686,2249.8007397334304,5
1755,1758,7.846542260413116e-05,3,2262.3489331705928,2264.7887982688826,3
1761,1764,-0.005396759943717766,3,2248.8311960725473,2238.9436251494726,3
1766,1768,-0.009732879392479792,2,2237.2919797351133,2217.753978710324,2
1776,1780,-0.014588813103770991,4,2242.7505901750583,2212.2742715667973,4
1783,1784,-0.012938633079512377,1,2211.0790403947276,2184.6817790216546,1
1789,1790,-0.007892804606404652,1,2130.4719630594195,2115.7870360986276,1
1791,1793,0.005109027424548985,2,2109.1568294864715,2122.041726400479,2
1794,1797,0.0005927335146248545,3,2126.7019205433685,2130.089189967835,3
1798,1799,0.0006621813775968348,1,2140.270624833942,2143.8281428095584,1
1800,1807,0.009276898882220181,7,2159.812009949021,2182.008179579872,7
1808,1809,0.002164884344369965,1,2189.809365533967,2196.7398589121003,1
1813,1819,-0.005194361915283207,6,2193.349015758901,2184.1493161802778,6
1823,1824,-0.008946542159653806,1,2156.5204622920555,2139.3835815202956,1
1829,1830,-0.006187661958862498,1,2116.2859800826664,2105.3074038097175,1
1832,1836,-0.0009466646948122061,4,2122.8536512953765,2122.9668743427374,4
1837,1838,-0.006179937453054517,1,2118.191684348348,2107.2195839098435,1
1839,1841,-0.008917726346485171,2,2101.6737718153954,2085.033294020576,2
1842,1843,-0.001718967554605449,1,2080.3102123752406,2078.8145368290284,1
1845,1849,0.019045391337695724,4,2099.989805793909,2142.0849232562196,4
1851,1854,0.0026533834376666187,3,2148.9556205749664,2156.8065794474555,3
1857,1859,-0.0017415780657940828,2,2184.367990745599,2182.7481113560393,2
1867,1868,0.0021542480862657863,1,2199.5715597154576,2206.5095540982948,1
1870,1873,-0.01941842913591223,3,2215.3857184329686,2174.581793569299,3
1875,1877,0.00894556492758531,2,2164.9352653866845,2186.466769632607,2
1878,1880,0.011002047305070536,2,2201.3166218638535,2227.7369280929015,2
1881,1882,0.005540343303517421,1,2244.7084601781617,2259.389624124037,1
1883,1891,0.015386999678670917,8,2261.933999303342,2299.0003110231005,8
1895,1898,-0.0003815433946886765,3,2322.6561922024766,2324.0926542664115,3
1899,1907,-0.002551662388610974,8,2325.1732840083537,2321.565400076555,8
1910,1915,-0.015668406578275687,5,2342.417237001672,2308.0577085933705,5
1917,1924,-0.003082871058503432,7,2316.642727829057,2311.8174597383695,7
1927,1929,0.0027173835501449516,2,2297.144474029485,2305.6838411095487,2
1930,1933,-0.0019186838682231006,3,2310.9251968433223,2308.802187144312,3
1935,1936,-0.001902168780792888,1,2319.3154351610087,2317.2230211825954,1
1937,1938,-0.006716739100390646,1,2315.4149067628055,2302.178283831687,1
1941,1943,-0.0031196509958190837,2,2295.7641573460196,2290.8979385637354,2
1944,1945,-0.0005190871379890783,1,2296.2401803713274,2297.344471808334,1
1946,1948,-0.0012029033728993377,2,2296.9232152387426,2296.45716177108,2
1950,1951,-0.004155195878243081,1,2287.791278889419,2280.5728492759868,1
1952,1958,0.007621557006253366,6,2278.1874664057727,2297.828989518322,6
1959,1962,0.011383066525453449,3,2337.6174549200928,2366.5643273754295,3
1963,1964,-0.0012463437015612362,1,2379.5935231128738,2379.007325236179,1
1967,1969,0.014884285695571441,2,2390.57612583937,2428.548719999215,2
1970,1971,-0.0037773831367123143,1,2429.1645330743045,2422.4178124638443,1
1972,1978,-0.005376783812791337,6,2434.2295534873733,2423.5754569810515,6
1981,1983,-0.003767187139450035,2,2425.3137180842846,2418.60242115447,2
1992,1993,-0.0018226715193930482,1,2400.5545823995494,2398.579714513861,1
1996,1999,-0.007667992584172639,3,2389.698538666957,2373.7640465327177,3
672,674,0.0009751911627192624,2,1981.3145170208848,1985.2279919454718,2
675,676,-0.0032692857413700862,1,1987.4499413320016,1982.93984951845,1
677,678,-0.00027846075317102773,1,1989.3768752887768,1990.8122887810316,1
679,680,-0.0018844551421375007,1,1991.5074623080043,1989.7460632923608,1
681,682,-0.0036077117978941292,1,1990.40327703781,1985.2128789297115,1
683,686,0.00030507737660177034,3,1992.4734224140484,1995.0737544011213,3
691,694,-0.0034324249925132837,3,2019.8165973380842,2014.903544966426,3
695,697,-0.002218679826202176,2,2014.9043782053836,2012.4488548879383,2
700,701,-0.0017299262009099624,1,2022.510116328836,2021.033833203322,1
702,707,-0.004671129169433245,5,2023.2567851364768,2015.8291481353085,5
713,714,2.1815010688878717e-05,1,1995.128014180552,1997.1666659336877,1
715,716,-0.0034217341357361242,1,1999.5517415072513,1994.7093587986726,1
717,726,0.012049956181098751,9,2002.2496844910531,2028.3789551372802,9
728,731,0.0008711681286495655,3,2039.101352339222,2042.9168538008055,3
732,733,-0.002758824498599933,1,2048.0828372870633,2044.4806190176807,1
735,747,0.004343095419260014,12,2056.9151825807735,2067.905476670627,12
753,756,-0.004309327096666856,3,2057.8893376940164,2051.0791087468438,3
757,761,0.006366490028920944,4,2049.8003147153145,2064.900148294944,4
762,766,0.005300434020318666,4,2068.7015244323616,2081.7352418947803,4
768,771,-0.00027351127617284766,3,2089.0837809458385,2090.601476755826,3
772,773,-0.006360748955016135,1,2092.915429990215,2081.695835785958,1
774,775,-0.0010117984531879819,1,2080.7788810625525,2080.7543310903297,1
778,779,-0.0018535470142199534,1,2082.027518942196,2080.250410569879,1
781,782,-0.003428482689416603,1,2080.2646979100646,2075.2128111017855,1
787,789,-0.0026004808784535066,2,2079.6191744753305,2076.2907837521175,2
792,794,-0.000660086374408519,2,2078.056844244588,2078.7632040807002,2
795,796,-0.00302025209790926,1,2075.2032585814254,2071.010824844688,1
799,803,-0.003245932533706485,4,2077.242387839173,2072.5770415799307,4
804,809,0.005876004568445679,5,2076.433527053554,2090.711093471648,5
811,813,-0.0027000316222978576,2,2089.9418470862993,2086.388879857489,2
814,816,-0.004243443308094061,2,2089.9206883308007,2083.142149059787,2
817,819,-0.0009195419985285941,2,2080.716940841273,2080.8843511679606,2
821,822,-0.005579944923780071,1,2084.625641101927,2075.0781704789806,1
823,824,-0.004554162588482484,1,2078.6308697479863,2071.243077675463,1
827,829,-0.004070942508051961,2,2068.879359207364,2062.5259496391427,2
830,831,0.0003370716591160688,1,2060.444092022972,2063.1990534236093,1
834,837,0.0035593288486165213,3,2062.9320976988215,2072.3376835245967,3
838,842,0.0018081044164049375,4,2070.92820552865,2076.7435881686524,4
849,854,-0.0014679916998845174,5,2076.287153813963,2075.315468659401,5
855,857,-0.003803746244078636,2,2078.51162775271,2072.6840085831245,2
862,863,0.00020358872294662812,1,2065.6121245980303,2068.0982720571783,1
864,866,-0.0035746914564471328,2,2071.356278163802,2066.0231748511555,2
867,871,0.008287972918634569,4,2069.8502338994303,2089.0749468175177,4
872,873,-0.0019413796006524059,1,2093.947217147749,2091.9760179526834,1
876,878,0.005279520366639158,2,2122.481857868707,2135.8100259230155,2
880,881,0.0017802759250131511,1,2163.884660402316,2169.900856828138,1
889,891,-0.0022538546175277633,2,2169.2607362080985,2166.5407986173823,2
903,904,-0.0007102630058710767,1,2167.1539759924426,2167.781880671261,1
909,915,-0.011717833261143389,6,2166.7662052584506,2143.54316635461,6
916,917,-0.0027684631912520494,1,2146.380448963664,2142.584654145249,1
919,927,-0.000665906408396924,8,2154.657258762765,2155.377115945019,8
928,933,-0.006400282033250564,5,2158.6651275288923,2147.0077270248935,5
935,936,-0.004294309849689426,1,2142.5434026431753,2135.485200808461,1
937,942,-0.002170685253573487,5,2136.3548789301685,2133.853879777005,5
947,950,0.0014296497748945468,3,2110.3349681402938,2115.462343020588,3
952,953,0.0005072934752173065,1,2115.205512645172,2118.3937481131256,1
954,955,-0.004010988286837038,1,2120.8995443418326,2114.5135406562613,1
957,959,0.0009547197443556402,2,2130.41737277972,2134.581741682011,2
965,966,-0.0002271802409445574,1,2142.143518350539,2143.799009188253,1
968,974,-0.0012468971718578375,6,2148.794092039585,2148.2635608553555,6
981,982,-0.001342401637969807,1,2123.2754621019176,2122.548449105833,1
985,994,0.00852381876377727,9,2119.2464351227454,2139.4297540866355,9
995,996,-0.002834525294910628,1,2143.38396697534,2139.451874871218,1
1003,1010,-0.0011052439543584364,7,2146.5455395033773,2146.3196285625895,7
1014,1024,0.007582960549619951,10,2131.5874107746267,2149.882741429372,10
1025,1026,-0.003333492191606573,1,2150.7136491002902,2145.694975593733,1
1035,1036,-0.0018404868420250076,1,2155.016647129706,2153.205383993449,1
1038,1040,-0.003125882563261286,2,2147.4665543729607,2142.9012926698324,2
1042,1044,-0.0034660759178460655,2,2143.845520852382,2138.5586350418257,2
1051,1052,-0.001119627584504486,1,2146.131624083702,2145.874887541484,1
1054,1058,-0.005226893176983907,4,2148.5404868826504,2139.4588357581724,4
1059,1063,0.002137987895931049,4,2137.294530192928,2144.001334558713,4
1065,1067,-0.0022594194424434234,2,2139.4951262529958,2136.80060449398,2
1070,1071,0.0028174574958182972,1,2145.9232486056826,2154.115219396523,1
1075,1077,-0.0013954021471376753,2,2153.013653532114,2152.1623473106906,2
1078,1089,0.011827142244066304,11,2153.7288149525866,2181.355000817128,11
1093,1094,-0.009052572643882296,1,2173.140420957473,2155.641049852356,1
1095,1097,-0.004651525008871025,2,2153.096861791872,2145.2347747545173,2
1102,1103,-0.002047431760599313,1,2151.6531512276742,2149.399441379285,1
1104,1112,-0.00460071772595299,8,2153.894646076057,2146.139079444096,8
1113,1114,-0.005198786331679201,1,2148.251284202605,2139.2312360734827,1
1116,1118,-0.0021670564634181655,2,2129.127094119404,2126.642282582773,2
1122,1123,-9.075614721042386e-05,1,2131.566247179931,2133.504360686993,1
1124,1127,-0.004721596227685583,3,2131.1810568438295,2123.2496614621646,3
1128,1132,0.0033598023511539786,4,2126.485165001625,2135.756220023693,4
1134,1139,0.0028930721242012136,5,2140.1772649887503,2148.509129439927,5
1141,1144,-0.0017315282128156648,3,2145.393410840286,2143.8239950326674,3
1146,1147,0.0016562333372496054,1,2146.6519908254645,2152.3539994069683,1
1152,1156,-0.00037300598279104043,4,2156.4240225128224,2157.7760874735036,4
1158,1160,0.0009277800257278263,2,2160.4754796830143,2164.640401158822,2
1161,1162,0.0012355160964971305,1,2165.167018892008,2170.0072846143457,1
1166,1170,-0.005407305345049945,4,2172.151521288078,2162.578186278047,4
1171,1174,-0.002092172157019517,3,2169.4813492147064,2167.111902089921,3
1176,1184,-0.0017367760023152385,8,2178.2185217319925,2176.613662597382,8
1185,1186,0.0022876857897818374,1,2195.4688121370905,2202.686823752663,1
1187,1194,-0.0017932194257852957,7,2213.431668233097,2211.675931236206,7
1196,1198,0.003657234030393747,2,2212.4313492887272,2222.7351598585446,2
1199,1204,-0.004188371935288906,5,2231.422368058252,2224.307763604159,5
1205,1206,-0.003908709143669354,1,2229.241480364402,2222.757265287019,1
1207,1217,0.023775434242740784,10,2231.482573047211,2286.7685227995644,10
1219,1220,-0.00020652088816637808,1,2279.611926868375,2281.420751315432,1
1221,1222,0.0014614253345736233,1,2290.810084892363,2296.448742872014,1
1223,1224,-0.0007958400108451647,1,2299.7151355040032,2300.184645321127,1
1225,1226,-0.005206379739156427,1,2302.697639401809,2293.0116187060257,1
1231,1232,0.00035175683018913635,1,2293.7997525878177,2296.9004120704644,1
1236,1240,-0.006806265942192601,4,2291.2739830522346,2277.9702369602064,4
1242,1244,-7.120234821271368e-05,2,2286.1679510922813,2288.291338516847,2
1245,1248,-0.00023884869764611476,3,2293.3695501398547,2295.1151513597224,3
1251,1252,-0.002947186041754886,1,2294.9062807902874,2290.437671313197,1
1253,1255,-0.0022810069346679146,2,2290.676568207803,2287.7421956388475,2
1257,1261,0.014901915836166003,4,2290.416799615108,2326.8388147923283,4
1262,1263,0.00030100041306009833,1,2338.952564191746,2341.9955424438876,1
1265,1268,0.006550231981733362,3,2359.622185608929,2377.4378804995213,3
1270,1271,-0.003387801837927689,1,2378.028608323861,2372.350347242261,1
1276,1281,-0.005243261649505721,5,2385.533235414918,2375.4107937234608,5
1291,1293,0.006354538934576947,2,2365.5067815983143,2382.903993323585,2
1294,1297,-0.004918096322965065,3,2387.870909237238,2378.51500100804,3
1298,1299,-0.006156051465582808,1,2381.5608113136177,2369.2813612020695,1
1303,1305,-0.009576900148851642,2,2346.3516176497,2326.227194111022,2
1308,1310,0.0005341031168647108,2,2342.3238946429606,2345.917261030439,2
1311,1312,0.0013118070409103301,1,2353.8726123237016,2359.3143116022775,1
1313,1314,-9.851477509173511e-05,1,2368.26751210582,2370.4024702766137,1
1316,1318,-0.012793656240909255,2,2365.8386974542673,2337.936809135051,2
1319,1322,0.001653697089272778,3,2337.159736813464,2343.3618508042114,3
1324,1329,0.0059209195962813795,5,2339.283449472259,2355.473442138968,5
1335,1341,0.00470399253808109,6,2420.843331521171,2434.651803820031,6
1344,1345,-0.003059956565823699,1,2436.5204026908045,2431.501276489518,1
1347,1348,-0.004722296331932014,1,2424.3644822371743,2415.3402792176767,1
1355,1357,0.007706915878978996,2,2426.302611980926,2447.428224720391,2
1358,1359,-0.002127067635991889,1,2469.5497294707307,2466.7663798951717,1
1360,1362,-0.005621316111688851,2,2474.1833315105887,2462.749348217407,2
1364,1366,-0.0009909918304132751,2,2457.8577729397716,2457.8799137394103,2
1368,1369,-0.005071584904374267,1,2472.611171983319,2462.5437256610844,1
1373,1374,-0.002473424655787742,1,2472.319434255992,2468.676657844576,1
1375,1376,-0.003985793033934093,1,2468.960482860114,2461.588677849332,1
1377,1378,-0.00634985349999215,1,2460.844540651944,2447.6793828732007,1
1383,1386,-0.008631972196043874,3,2449.8033542074345,2431.1065231223483,3
1388,1390,0.0050532390159697925,2,2420.6326785484057,2435.2853467215264,2
1392,1395,-0.0014765962186062682,3,2439.619498864637,2438.45678543664,3
1396,1400,0.0032699890332306683,4,2447.845313762467,2458.297586407278,4
1401,1404,-0.003672091382894813,3,2467.0368716297094,2460.444723663744,3
1407,1409,-0.0019552785077965,2,2462.2587572187517,2459.906614347347,2
1411,1413,-0.004228457680365743,2,2454.5409385805942,2446.6165570356616,2
1414,1417,-7.07274208218185e-05,3,2455.354466793988,2457.6361603721425,3
1418,1420,0.0006713230056191724,2,2461.2694491509455,2465.383025404339,2
1422,1424,-0.0004931667149656606,2,2478.229042479814,2479.4850914464814,2
1426,1428,-0.0023967486342238876,2,2495.240632458097,2491.7554085126512,2
1429,1431,0.003202581968507606,2,2493.277082697254,2503.755284007491,2
1435,1436,-0.0005028540231306924,1,2526.6176657662445,2527.873763573867,1
1437,1443,-0.000811777839239549,6,2523.315187985058,2523.79013182202,6
1449,1450,-0.006530989345230492,1,2510.429637334909,2496.5444777588586,1
1454,1456,-0.006799050774524456,2,2497.281215030361,2482.799354466134,2
1459,1460,0.00044643310095094464,1,2438.873397199436,2442.401064410174,1
1462,1465,-0.014814181849119906,3,2438.3241500236627,2404.640696808135,3
1468,1470,0.002929404981318255,2,2413.927737393743,2423.4130370696003,2
1472,1473,-0.0011727093777071456,1,2436.087724642787,2435.666989447824,1
1476,1481,-0.007369823692994376,5,2403.8376783592876,2388.525656161562,5
1483,1484,0.001672424719402532,1,2363.3807562585557,2369.6967134129413,1
1485,1486,-0.0007200947073542508,1,2373.0300441662102,2373.6942678351797,1
1487,1488,-3.9837533558371996e-05,1,2379.6992810761863,2381.9841790072937,1
1492,1494,-0.009487997328309815,2,2390.7887438245666,2370.4957353544305,2
1496,1499,0.009758389026845997,3,2381.065428113903,2406.681856287926,3
1500,1502,0.00035554235763051107,2,2407.8768067813585,2411.1407857849067,2
1503,1506,-0.003467482465780004,3,2422.800319946668,2416.8221026391134,3
1508,1510,-0.0010789999085269932,2,2428.913559153614,2428.721675204621,2
1511,1514,-0.0019937838900499676,3,2427.298758025841,2424.8865476237766,3
1516,1518,-0.00045012986098335,2,2421.953524869683,2423.285284791095,2
1521,1522,5.796311169683219e-05,1,2444.178034646439,2446.7638848455144,1
1523,1525,-0.0036114870989121936,2,2452.874009764992,2446.4683609332337,2
1526,1531,-0.010294131822076152,5,2450.326445740451,2427.55278874662,5
1532,1534,9.90461953803859e-05,2,2425.8011528088878,2428.4672203366317,2
1535,1536,0.006936272090810714,1,2436.52077420235,2455.8576660213325,1
1537,1538,-0.0017680420111672488,1,2454.387063375804,2452.5019909994658,1
1542,1544,0.0009592723363244684,2,2476.0814228580907,2480.9327406923835,2
1547,1548,-0.0032722921999554554,1,2484.1405650804827,2478.4958718508574,1
1549,1551,6.6727350594096e-05,2,2482.0977090135434,2484.745430526595,2
1553,1555,-0.0013277358814130793,2,2482.799748527274,2481.9860459633182,2
1558,1560,-0.002835746013656352,2,2480.497841543964,2475.9442775194666,2
1564,1569,-0.0020743591144687648,5,2466.85453090886,2464.2042432595094,5
1575,1577,-0.0047851492343191256,2,2438.035691112064,2428.8073621826084,2
1578,1579,-0.00342197613365248,1,2428.343992695449,2422.462601500842,1
1581,1584,-0.002348391080780449,3,2411.644594390391,2408.3927543293025,3
1585,1589,-0.005960890248931281,4,2408.552085802322,2396.603523245822,4
1591,1593,-0.005623280743107522,2,2409.907176009351,2398.7654985698305,2
1596,1600,-0.008584062067906035,4,2373.6248119546017,2355.623094054816,4
1605,1606,-0.003173136232124258,1,2358.9694553715217,2353.8430933775794,1
1607,1608,0.002905981193091161,1,2346.077688145076,2355.2414234725015,1
1609,1611,-3.4415808183871485e-05,2,2367.9925244909587,2370.279020638946,2
1615,1619,0.004161989442452832,4,2380.4663673416153,2392.7543095979468,4
1620,1625,-0.0044728590661306,5,2387.8674191576583,2379.574692142319,5
1628,1631,-0.01925180312940059,3,2366.457898776553,2323.2657750940684,3
1632,1636,-0.014592656908744821,4,2315.9429030675888,2284.4630857659486,4
1637,1640,-0.004265281650121777,3,2288.594707102754,2281.1218008010856,3
1642,1645,-0.049823611877776966,3,2264.984100168801,2154.3993955528235,3
1649,1656,0.009638187544462516,7,2166.4712511068533,2189.5185785858143,7
1658,1660,0.009306778997905194,2,2188.6499960779383,2211.2079278912797,2
1662,1667,-0.03143118907621127,5,2211.456184445581,2144.158943162961,5
1670,1671,0.0017627625872808392,1,2115.5983847040297,2121.443280771002,1
1672,1682,-0.016270433481081502,10,2127.8208379424696,2095.32809137701,10
1683,1687,0.004571544414413155,4,2107.0533141106857,2118.79285523379,4
1691,1694,-0.0008180370356705114,3,2134.82015447182,2135.208612675438,3
1700,1702,-0.005186067010445114,2,2160.0417505325777,2150.999671019489,2
1703,1706,0.0007361026036350709,3,2152.971131014831,2156.708909800937,3
1708,1709,-0.0007869112269756034,1,2179.065411748652,2179.5297461235814,1
1712,1716,0.0070961690783568005,4,2199.5560720863773,2217.364049943315,4
1718,1719,0.0023636395991192202,1,2210.531689057759,2217.9671209821818,1
1722,1724,-0.0013210540823515725,2,2236.302255610299,2235.5842816417635,2
1727,1728,-0.0072513368060373815,1,2230.1098037575084,2216.1686362597743,1
1730,1740,0.0007925989883081797,10,2246.340440859535,2250.3672284612157,10
1741,1743,0.0011404924896217953,2,2259.654582533558,2264.4913561966105,2
1744,1745,-0.0020506375381975726,1,2265.3698186191305,2262.9897360497894,1
1746,1748,-0.004617643780176809,2,2260.2712532045284,2252.0943969638606,2
1754,1756,0.0022460223841507332,2,2254.5586288122236,2261.876976587728,2
1757,1758,-0.0011047862254360177,1,2262.289690800064,2262.052634002522,1
1760,1763,-0.007815731134029124,3,2258.20504459155,2242.813726162106,3
1766,1770,-0.010893850270514635,4,2237.469707731493,2215.3325174583856,4
1772,1774,0.0017783269413538545,2,2227.9424254140613,2234.1323778783744,2
1777,1779,-0.010101358816073484,2,2243.4601543569693,2223.041618502603,2
1780,1781,-0.003950048854682217,1,2219.105060258544,2212.558591917109,1
1782,1783,-0.005094600100563625,1,2213.390959396492,2204.3280085515603,1
1791,1798,0.008329349117636595,7,2112.158047929704,2131.863107750466,7
1799,1801,0.004623933576165916,2,2146.3155074499355,2158.3862432973287,2
1803,1806,0.0007566238973540028,3,2171.069609567431,2174.8833623264163,3
1807,1812,0.007698594152886135,5,2184.1498095468755,2203.1488423092273,5
1814,1816,-0.0049760730937649525,2,2204.790700293561,2196.0242913127404,2
1819,1824,-0.025778583573305862,5,2191.8153070867115,2137.5052283228124,5
1825,1827,-0.009713287595879493,2,2116.933173403064,2098.487725841945,2
1830,1831,-0.0004938775981843279,1,2108.6126443100543,2109.6798604060914,1
1832,1843,-0.021611216296151793,11,2122.042878369024,2078.3049936132516,11
1844,1852,0.029210449927212508,8,2087.6134715097646,2150.6812137581846,8
1855,1857,0.00542251174180017,2,2165.2643725720136,2179.170808428959,2
1858,1859,-0.002357711253635682,1,2182.40373450718,2179.440660396863,1
1860,1861,0.0018226197508678407,1,2178.3580136314263,2184.5066899851636,1
1864,1866,0.005346953235998535,2,2175.388586665136,2189.1956762948244,2
1868,1871,-0.0015559090770067288,3,2206.413205073415,2205.1866399450873,3
1874,1875,-0.0024047342704315642,1,2167.7265516642847,2164.6814718882374,1
1877,1878,0.0056511094446898315,1,2183.7098261824663,2198.2339192318505,1
1880,1881,0.006277858697688673,1,2227.9267060263505,2244.1412417816173,1
1882,1883,0.000841807861387722,1,2256.4752957121273,2260.631289650797,1
1886,1890,5.328629532071671e-05,4,2283.647109894988,2286.052444099189,4
1893,1895,-0.0016019946224027277,2,2320.677000130222,2319.27996505581,2
1897,1901,0.007372881259339944,4,2314.1343505436444,2333.510322678906,4
1903,1904,-0.002725890265893441,1,2330.2604046330475,2326.2386308836944,1
1905,1908,0.0007122107977381197,3,2324.627161820111,2328.6074135472945,3
1910,1913,-0.01896736240074311,3,2344.860463310328,2302.729505586857,3
1916,1919,-2.6175615296580856e-05,3,2312.328886524525,2314.5806887796766,3
1922,1932,-0.007532137395899663,10,2321.577450517333,2306.4125876353314,10
1933,1934,0.0011725865985140064,1,2306.7049754393133,2311.7164917556784,1
1935,1939,-0.012394682831545527,4,2320.850501002868,2294.405145644507,4
1944,1947,-0.0034101645350523135,3,2301.848989191563,2296.3011543927673,3
1949,1951,-0.007804096985463675,2,2297.711911368557,2282.0780566789504,2
1958,1960,0.01935829839173456,2,2299.9783274213937,2346.801972505561,2
1962,1965,0.004256414449430977,3,2370.332011878339,2382.791459315525,3
1968,1970,0.0022001389527295957,2,2415.9425484217327,2423.673900278494,2
1971,1975,0.003970733964425758,4,2425.6069711081336,2437.6640180637687,4
1987,1994,-0.01633856465209403,7,2429.8181107782507,2392.5481885932495,7
1995,1996,-0.004949264125782539,1,2389.2871967026463,2379.851270490517,1
1997,1999,-0.00523129612475833,2,2382.7259789098703,2372.643959708948,2
675,679,0.0017441374445289928,4,1984.6787375438719,1990.1249687829265,4
680,681,-0.0007612222511491956,1,1986.8419557211064,1987.3163693706158,1
683,686,0.0006031712494249961,3,1994.7994214628272,1997.997426543686,3
689,690,0.0017636034977855188,1,2007.5341767448242,2013.0822052176002,1
691,695,-0.0034413143359749215,4,2015.68169060583,2010.7607779977918,4
699,700,-0.0027174352127141113,1,2023.6401530803023,2020.16468222354,1
705,711,-0.014575093307704477,6,2026.9290328101533,1999.4132820616603,6
712,714,-0.0007758153107170081,2,1995.4508794018652,1995.8982289372434,2
716,720,0.002706730787233777,4,1997.6548156557124,2005.0595842631692,4
722,727,0.0028834938523946974,5,2020.3774128834457,2028.2235361458957,5
729,732,0.0002796728125437438,3,2043.6335862098013,2046.2487685488752,3
734,735,0.003719302204063921,1,2047.4642595635542,2057.1268621564545,1
737,742,-0.0036228664427228052,5,2068.226882880896,2062.8021999938505,5
745,746,-0.0021508147161491773,1,2068.7568008274015,2066.3760450568757,1
747,752,-0.005496034934397011,5,2069.662498319678,2060.3572234248213,5
754,755,-0.0032598736837310604,1,2058.614235802697,2053.962027666252,1
762,765,0.0035768188920245097,3,2068.8116956377626,2078.2802720903987,3
767,768,-0.0007869739432021379,1,2086.7380452571256,2087.182574834477,1
770,773,-0.004243853991080185,3,2091.483789122562,2084.6993210859373,3
779,784,-0.002554462071783413,5,2079.0751210376366,2075.843277617595,5
789,791,-0.0045399069803194175,2,2079.4298103922965,2072.0688222914046,2
793,794,-2.1380996687760633e-05,1,2075.7500279873393,2077.7813964108536,1
795,797,-0.0026860583876324087,2,2075.275017932693,2071.7759830820637,2
799,801,-0.003773343552379754,2,2076.4983107488506,2070.739467547208,2
804,807,0.004498667988047088,3,2071.1953170574006,2082.584132444297,3
808,817,-0.0030230027073513722,9,2088.160819308309,2083.936464317463,9
818,819,-0.002363870964451768,1,2077.007513745462,2074.1747435045163,1
821,822,-0.0023165365038504996,1,2079.6243044886533,2076.8864031774992,1
824,828,-0.007007348460301874,4,2074.7690869592307,2062.305226079204,4
834,836,0.00329811014409734,2,2063.66252709833,2072.532375940045,2
838,850,-0.00035165562321585607,12,2072.417112549414,2073.7607525306867,12
851,852,0.00036387147930250436,1,2071.699017516284,2074.5245487199736,1
853,855,-0.006474229556445058,2,2081.6618582515894,2070.266363380624,2
856,857,-0.002318759539326457,1,2076.1679866374266,2073.4300202998043,1
858,859,-0.005192382583236122,1,2075.314581327979,2066.6140686224835,1
861,862,-0.0026298371213384496,1,2067.7654178722737,2064.3952970360056,1
863,865,-0.0031041246493064356,2,2073.9971711881954,2069.6332226177065,2
866,874,0.015438347198086295,8,2064.6848495772024,2098.624855989181,8
875,878,0.010379994632237235,3,2113.3472341350007,2137.3971143155104,3
881,882,-0.0005632351490003258,1,2171.669639526143,2172.618148492671,1
883,888,-0.003860846173048176,5,2177.766440285274,2171.536185498791,5
891,896,-0.0009695863468244073,5,2166.088926882963,2166.1548055603325,5
898,902,-0.0028637733598676487,4,2166.604507881311,2162.5664481181525,4
903,905,0.0010807340481654446,2,2166.1313026347925,2170.6384457889817,2
914,917,-0.006652480537719891,3,2156.665107084475,2144.4745995403005,3
924,925,-0.005735579522042162,1,2160.8091862707793,2150.576502537235,1
926,927,-0.00041286419434447507,1,2153.939757640215,2155.2044127951503,1
929,934,-0.004884109064084171,5,2155.162955883949,2146.7920679124218,5
937,942,-0.0035570653976667132,5,2136.0850483702907,2130.62293920663,5
943,945,-0.005486557957175889,2,2129.5868113497377,2120.0322966957797,2
949,957,0.005228354178499331,8,2111.4284727206523,2124.5791970713244,8
958,960,0.00026710344897086947,2,2135.0223886202225,2137.727682852473,2
963,970,0.002551239734870939,7,2141.734022626716,2149.339833589393,7
973,974,-0.0034052096062765704,1,2150.0993044126594,2144.9278649112375,1
975,978,-0.00887498557018112,3,2146.7356630639874,2129.8301506943653,3
979,988,-0.0035836498396831095,9,2129.820038773586,2124.3173295718548,9
990,994,0.0022478454621966213,4,2133.0531003454976,2139.980927178079,4
997,999,0.0009511883967168869,2,2137.4617595184027,2141.632350102001,2
1000,1002,-0.0014306087042418472,2,2144.6245576133215,2143.7010636114824,2
1007,1008,-0.0018188025672703483,1,2147.841596977316,2146.082938763621,1
1011,1014,-0.008486367146970916,3,2149.661668369531,2133.5685118783467,3
1017,1020,0.0035099489815476623,3,2135.4812318360196,2145.1121432426526,3
1025,1028,-0.005232472266694894,3,2151.4005083724937,2142.294765386254,3
1031,1032,0.0014041920189978856,1,2144.7176988587617,2149.8740120333614,1
1033,1037,0.0006825352076415922,4,2147.736441463509,2151.350083643006,4
1041,1047,-0.006382224117039481,6,2147.3214751275054,2135.7641096970374,6
1048,1049,-0.00019363610972270462,1,2138.8075181609183,2140.532175311817,1
1050,1052,-0.0005553783688508024,2,2140.620543524572,2141.5723097223054,2
1059,1060,-9.999095338609305e-06,1,2142.3676000281926,2144.4885458903377,1
1070,1074,-0.0002144825696333021,4,2149.652132366725,2151.340721585924,4
1076,1078,-0.004494875367541154,2,2154.94891728218,2147.417639392861,2
1079,1080,-0.001098447795689585,1,2149.7920193683303,2149.5803770828325,1
1083,1084,-0.0010523539852416955,1,2177.9554105338243,2177.841385888404,1
1086,1089,-0.004086012015768782,3,2188.4368710530453,2181.683328573224,3
1097,1099,-0.002470483249287758,2,2140.54795243205,2137.4003125237014,2
1100,1101,-0.0007346166039645479,1,2143.943385379411,2144.512352355931,1
1106,1107,-0.0015070318658381284,1,2154.1728842896027,2153.0806499927435,1
1109,1110,-0.0016655190232966535,1,2155.5715581597947,2154.136984281762,1
1119,1124,-0.0024830788218410177,5,2129.821749975169,2126.6630564434845,5
1128,1129,-0.0038262398721030616,1,2131.5909845932792,2125.5665971616063,1
1130,1133,0.0021307811156939436,3,2132.526550621748,2139.2030244751504,3
1134,1138,0.00038212696616877085,4,2142.168149040342,2145.1288974051986,4
1146,1147,0.0007555050636472332,1,2146.901710768734,2150.6706075931415,1
1148,1149,-0.003624572505172222,1,2148.275612548788,2142.6373074425605,1
1150,1153,0.0031318196666681175,3,2145.3004773970583,2154.16447210048,3
1157,1161,0.0024171968191692727,4,2160.691375705367,2168.074883401634,4
1162,1163,0.0008814501780015571,1,2165.0185044592245,2169.091878909816,1
1169,1170,-0.004093305660756701,1,2167.048409549333,2160.34506643694,1
1177,1184,-0.004000383861269689,7,2181.9604559446952,2175.41373700675,7
1186,1192,-0.00035306592030797713,6,2210.147334381383,2211.577154013135,6
1194,1195,-0.0021888877749559636,1,2213.9838260587726,2211.351647754021,1
1196,1199,0.005185947025206043,3,2214.49106567178,2228.1897900918175,3
1200,1201,-0.004065666387154125,1,2229.5894618811117,2222.7542844106697,1
1202,1207,0.0006856153889534615,5,2224.1014835823125,2227.850463269633,5
1209,1210,-0.000697192093271006,1,2247.0675614763327,2247.747991300902,1
1213,1218,0.005879370538893552,5,2264.2970552372676,2279.8739936903703,5
1220,1225,0.005096697433139814,5,2286.5964382668435,2300.5371249026516,5
1227,1229,-0.0028978389103428335,2,2281.13652478488,2276.807295128339,2
1230,1235,0.0024651961356214635,5,2283.5642041647734,2291.4772020204887,5
1239,1243,-0.00033784598416667765,4,2284.7041434892362,2286.2169695128387,4
1244,1257,-0.0015144368593348156,13,2291.08858501079,2289.9099645946594,13
1261,1263,0.003647428469180274,2,2333.2184005517634,2344.061866171303,2
1266,1268,0.0037209576610803966,2,2364.4368030784985,2375.5992091181324,2
1269,1270,-0.004858160588213275,1,2379.9949055101406,2370.812502965553,1
1271,1278,0.002983412337112452,7,2373.7127292915184,2383.168205862139,7
1281,1283,-0.010076599808940809,2,2375.767586922538,2354.2036952969893,2
1284,1285,-0.005248485355128013,1,2349.6414338174145,2339.6590165960392,1
1286,1289,0.0033673187420942942,3,2339.697192458422,2349.915395857871,3
1290,1295,0.01023721546922328,5,2358.491329788993,2384.994205044127,5
1298,1300,-0.0038893283429430247,2,2381.9301817459054,2375.0480033608756,2
1305,1307,0.0035099651547515504,2,2326.0212400638748,2336.511514805775,2
1308,1311,0.0021070289527068374,3,2342.096074800911,2349.3730351153386,3
1313,1317,-0.0039958128603367095,4,2367.8514472633333,2360.757807446255,4
1318,1321,-0.003427709693950394,3,2344.5274066219686,2338.83557470918,3
1332,1333,0.002714831405643802,1,2387.387095492144,2396.255836051907,1
1335,1336,-0.001184709406454409,1,2423.1637748166345,2422.7161936740463,1
1337,1339,-0.0016994333561154674,2,2429.0998268186695,2427.400833374458,2
1341,1342,-0.0021360859866403556,1,2434.638982927233,2431.873023696201,1
1343,1347,-0.008259512142775191,4,2434.7705577156466,2417.0953112870384,4
1350,1353,-0.00287491051355395,3,2423.7392237421,2419.194929589393,3
1357,1358,0.004398553710670063,1,2453.4668532258656,2466.712025810354,1
1365,1368,0.00519236499580905,3,2456.271234342606,2471.481362354362,3
1370,1375,-0.0006115279439438204,5,2469.745747871084,2470.7051750796954,5
1378,1379,-0.006833006696974331,1,2455.364554236896,2441.0423963485187,1
1380,1381,-0.0016076233838073276,1,2445.309642158251,2443.823814839026,1
1388,1389,-0.0004463632042626285,1,2422.882386590432,2424.2237834313923,1
1390,1391,-0.0007917908411903722,1,2433.684243108523,2434.1909584575887,1
1393,1394,-0.0030961786861158753,1,2441.296854458209,2436.179460025412,1
1397,1399,0.0032726382206028064,2,2452.74550447502,2463.2251986628517,2
1400,1402,-0.0012862677677266988,2,2460.9078197745916,2460.2033411864436,2
1403,1406,-0.006387227587427184,3,2466.6303528626795,2453.3420537777524,3
1407,1408,-0.0006579542492355503,1,2467.187492161975,2468.0313831600083,1
1410,1412,-0.005083313691802847,2,2459.6608072918093,2449.617240640204,2
1413,1414,-0.002261449385305706,1,2450.605071716275,2447.5137574549312,1
1417,1418,0.004041687705483631,1,2453.4722686482605,2465.8419096208495,1
1421,1422,9.561768160341834e-05,1,2470.1997621274254,2472.9061566639048,1
1425,1426,3.027889620952815e-05,1,2489.6535259187367,2492.2185634053644,1
1430,1432,0.005388418484009006,2,2495.209816920722,2511.150261436619,2
1435,1436,-0.00406496430798566,1,2534.084352433093,2526.3174743394607,1
1444,1449,-0.00904731525971543,5,2525.985619695237,2505.6582170720417,5
1452,1458,-0.01715540819444656,6,2499.9229659048456,2459.5356899359813,6
1459,1460,-0.0006525687005043016,1,2440.0355708592238,2440.883315588423,1
1461,1464,-0.01397473543840599,3,2443.0221427199594,2411.3245767480003,3
1467,1468,3.552285014720921e-05,1,2417.8527286974686,2420.3564704463256,1
1469,1471,0.0030538336536576737,2,2415.112909890796,2424.9033758822943,2
1475,1478,-0.017819509701100324,3,2418.0294164342363,2377.3593472069747,3
1480,1483,-0.010821113218314839,3,2390.8956569933525,2367.4144000528436,3
1488,1494,-0.002493235334299706,6,2379.3495353689254,2375.796606570063,6
1497,1498,0.0002780036194025572,1,2399.5774770341322,2402.6441457348187,1
1502,1503,0.0008052664994943612,1,2416.5865378939175,2420.9491206139064,1
1505,1506,-0.002226467006389782,1,2417.650786640347,2414.6856177175605,1
1509,1510,-0.0008249873664453855,1,2425.8183988440696,2426.2429477105766,1
1511,1512,-0.002805364380807595,1,2424.0226501018465,2419.6464059510818,1
1515,1520,0.0027057535895828712,5,2424.0242936734076,2433.007130400924,5
1523,1525,-0.00537551660196773,2,2455.493866477213,2444.749812298412,2
1527,1530,-0.006315732459071741,3,2447.52966844937,2434.5192555462527,3
1531,1535,0.0007124124001227287,4,2427.95838359929,2432.116049642347,4
1538,1539,0.0016544483717678541,1,2448.963544489373,2455.4641917825616,1
1540,1541,-0.0015864351774363614,1,2468.8058498811115,2467.3580552844805,1
1542,1544,0.0003825945626957316,2,2477.400204162417,2480.8254442143134,2
1545,1549,-0.007153874427010375,4,2488.0054468791313,2472.6945737853193,4
1552,1554,-0.004314603439747647,2,2479.8648692555075,2471.645100629764,2
1556,1562,-0.0062220926924336836,6,2480.2796653987193,2467.327415082849,6
1564,1565,-0.004433347847489021,1,2467.508808954226,2459.036992896343,1
1568,1569,-0.0020105199245423902,1,2469.750501916499,2467.254769825664,1
1570,1571,-0.003096006432426582,1,2466.404616842479,2461.2350169006104,1
1575,1579,-0.0074383183027966916,4,2437.389469445852,2421.6967802136746,4
1585,1589,-0.004366491167364825,4,2408.1036516837066,2399.9967920102144,4
1590,1593,-0.0034811050525670522,3,2409.7026892858544,2403.723963768283,3
1594,1596,-0.011444978955191941,2,2397.444487438884,2372.403230221344,2
1599,1600,-0.00032873369903070485,1,2349.72139244639,2351.298681233806,1
1601,1606,-0.0011851970479490538,5,2359.3717271164855,2358.934778437609,5
1615,1616,-0.0009256294331324755,1,2379.3053514311905,2379.4823017189274,1
1618,1622,-0.0009977786207179325,4,2387.783839008921,2387.789143182471,4
1623,1625,-0.005276442941448019,2,2391.3916047556095,2381.1649550072143,2
1629,1630,-0.0073312287008699805,1,2352.6970532439045,2337.8015901359545,1
1633,1634,-0.0024330190380631965,1,2294.211168697464,2290.9235204153833,1
1636,1637,0.0013039202359039288,1,2283.7789443119,2289.0405888360315,1
1639,1643,-0.021496831955634944,4,2287.046020426799,2240.168822471307,4
1644,1646,-0.040339481982486575,2,2203.9447746007468,2117.2427288499453,2
1648,1649,0.004391608287677488,1,2150.7982304773905,2162.3944920419544,1
1650,1651,-0.004083205648527941,1,2164.009303228883,2157.3372175217005,1
1652,1655,0.0009208266571322653,3,2175.6474572678003,2179.8264989002423,3
1657,1661,0.0055709909813767425,4,2196.3804831885845,2210.8128795352886,4
1662,1664,-0.01117549318987128,2,2212.954213256823,2190.4363127303313,2
1667,1678,-0.037657404974202266,11,2148.912162317547,2070.138618929484,11
1682,1684,0.006294621239322737,2,2095.990024289407,2111.279477637997,2
1687,1694,0.008345865606203744,7,2120.314210829437,2140.1303824867728,7
1697,1698,-0.0013503115051015466,1,2166.8608892807,2166.1018129812305,1
1699,1701,-0.004403619542150293,2,2164.6697595561386,2157.3020472602116,2
1703,1705,-0.0038348469945113347,2,2153.3934814658637,2147.28894042693,2
1706,1708,0.0065662129926137465,2,2156.6259115720177,2172.9434025643613,2
1710,1713,0.004118848563096509,3,2191.5280173161154,2202.74611735854,3
1714,1715,0.0015099503631644776,1,2213.787323424991,2219.3438197213904,1
1722,1723,8.807653270739564e-05,1,2234.0526277733697,2236.4834480104832,1
1724,1726,-0.004118440406468877,2,2238.1929299016097,2231.2132586315315,2
1731,1736,-0.007271035476382241,5,2256.1930923712785,2242.0444254474496,5
1738,1743,0.0016725971725594395,5,2254.572134280762,2260.597697392172,5
1744,1747,-0.006998294874860192,3,2269.065005700368,2255.454484705951,3
1748,1749,-0.003750580623469619,1,2253.698886784189,2247.4999062950656,1
1751,1754,0.0006612197523248272,3,2245.7076021552202,2249.4382159818665,3
1756,1758,-0.0020015104624466215,2,2263.206481498494,2260.9398565285965,2
1759,1764,-0.013632828140794202,5,2264.3200098899374,2235.7152443492364,5
1767,1768,-0.004980955648144049,1,2225.0786818528404,2216.2207423067534,1
1769,1771,0.0008950906374776543,2,2217.9215533770403,2222.124715747505,2
1773,1786,-0.040805612891307234,13,2233.227903373614,2144.3328979538583,13
1787,1789,-0.009678141049361575,2,2151.303080669534,2132.633769095558,2
1790,1798,0.010120783150199153,8,2111.8985313511334,2135.3844969535135,8
1799,1801,0.007628409256845222,2,2147.180183529186,2165.7069329008636,2
1802,1807,0.006786251694781975,5,2165.8764122383495,2182.7404711238287,5
1813,1815,0.0022512388811376815,2,2193.4620484358197,2200.593517531994,2
1822,1824,-0.012660494364312862,2,2164.0724712822152,2138.8383164268644,2
1828,1829,-0.0013032552985034573,1,2111.4682668638607,2110.8279529243123,1
1831,1832,0.003678093943555321,1,2108.9876384291583,2118.853680727527,1
1833,1834,-0.002351937756922708,1,2133.421199820426,2130.5369471489694,1
1840,1842,-0.0016852580173483114,2,2087.9875498078445,2086.5567395992152,2
1853,1854,0.0003488663666667486,1,2149.1630600211133,2152.0619937892584,1
1855,1856,0.0024263741456466196,1,2168.5952736097775,2176.0256923876454,1
1858,1860,-0.0019552813378692813,2,2184.0709725361953,2181.9845702955495,2
1861,1863,-0.005949978773789484,2,2185.031070623681,2174.2152132040233,2
1867,1876,-0.01534094187315585,9,2197.4192684455847,2165.906206445854,9
1878,1881,0.01690139433093278,3,2200.918072192001,2240.3175744923865,3
1882,1883,-0.0004709828376846994,1,2257.636358381742,2258.830686761593,1
1886,1887,-4.0977387435311464e-05,1,2283.7310101490884,2285.9211598288366,1
1888,1890,0.0007976314364292558,2,2285.788323940869,2289.897328889008,2
1892,1893,0.00034091878545590795,1,2314.0419289399347,2317.144871232783,1
1897,1898,0.0011932180245891296,1,2312.7710588976524,2317.843470070775,1
1900,1907,-0.0051316985473281,7,2334.4571093999753,2324.8118363522676,7
1915,1917,0.0010583438640309772,2,2309.3328308029327,2314.086231865221,2
1918,1920,0.0008852766148083322,2,2316.1277436712403,2320.4942851432925,2
1922,1930,-0.006222147910039538,8,2321.6258095148905,2309.5019361458385,8
1932,1934,0.0007176032037179189,2,2307.302620970577,2311.265651344303,2
1935,1945,-0.012048698363897287,10,2321.7835047748194,2296.13081916429,10
1946,1949,-0.002117039300482796,3,2298.841414166226,2296.273517961025,3
1951,1954,-0.008933057460553027,3,2282.526982692484,2264.419564983522,3
1957,1958,0.009675722305529027,1,2276.525728692108,2300.829285193017,1
1959,1960,0.007807591323113399,1,2329.6669869506272,2350.1857416906373,1
1961,1962,0.0005666574598694484,1,2365.6306551470943,2369.3367880602764,1
1963,1967,0.003631479259917754,4,2380.569756497344,2391.5953159513488,4
1972,1976,0.0016339086223673563,4,2431.0716182239203,2437.474838720753,4
1981,1983,-0.0032511148645176483,2,2425.1131298060163,2419.653921591373,2
1984,1985,-0.00024005976501649345,1,2411.676662804524,2413.5093929343598,1
1992,1994,-0.006151020042048992,2,2403.239322189995,2390.8601882755543,2
1996,1997,-0.004139930533756624,1,2385.103853699041,2377.6147932826307,1
674,680,-1.3179851130294164e-05,6,1984.3271023231164,1986.285276289637,6
681,686,6.013994475037067e-05,5,1990.9714791161882,1993.082187510058,5
688,689,0.001802334804186383,1,2002.5827094090646,2008.1946166339035,1
690,691,-0.002699489730576034,1,2017.047926887858,2013.6199746500324,1
695,699,0.00040095985808139326,4,2017.6487723033931,2020.4754172410974,4
700,703,-0.0003018514074102892,3,2023.6169409594079,2025.0297262786794,3
704,709,-0.013613734566965956,5,2030.9541959055712,2005.3362787607525,5
710,713,-0.005771133892191243,3,2008.1922528951688,1998.6108987753448,3
717,718,-4.114773522399145e-05,1,2000.0727767009625,2001.990551012619,1
722,723,0.0010686867283742148,1,2021.9567226416953,2026.1395176791711,1
726,736,0.017795706353435435,10,2028.8917911116735,2067.026245440304,10
739,740,-0.004128279328319395,1,2072.514548437468,2066.03114401795,1
741,747,-0.001273127869311331,6,2064.7927955477103,2064.228843090893,6
752,753,-0.0018504640389681432,1,2062.9333118714444,2061.1788612749083,1
756,758,-0.002662768802965796,2,2051.0933530807492,2047.682859041276,2
759,760,0.003327532506117909,1,2054.884829800638,2063.7774106979286,1
761,763,-0.0013334960199514034,2,2068.72238453355,2068.032473851924,2
764,767,0.0004367139912316105,3,2078.1546965146795,2081.140410443106,3
770,771,-0.001904419874369694,1,2093.7411479798557,2091.847526873837,1
772,773,-0.006845806994448967,1,2091.7027556046037,2079.475065005582,1
777,782,-0.004682703442896672,5,2083.4270998057364,2075.7544556522575,5
783,788,-0.000568102986594886,5,2075.026249626661,2075.922447266612,5
790,792,-0.0030537522644931703,2,2077.092871383304,2072.827037195138,2
793,800,-0.0029728549626245426,7,2078.644521757277,2074.5436575969957,7
802,806,-0.0015402817735888506,4,2077.1562990263446,2076.0340493370854,4
807,808,0.0024121070928736564,1,2080.136245404392,2087.23389304148,1
810,813,-0.006367061844860566,3,2093.408156518912,2082.1727054763396,3
815,819,-0.002357699041046536,4,2083.1015792151866,2080.2733541986836,4
821,823,-0.0021611573503256924,2,2076.0911983420524,2073.680529787151,2
824,827,-0.003804013237491266,3,2070.8760791245477,2065.0693151854784,3
830,832,-0.004550258595068888,2,2064.3801679988646,2057.051084563937,2
834,839,0.0036785728776555244,5,2065.3488855777123,2075.0117708566722,5
841,843,-0.0010826705419011325,2,2076.135765745436,2075.9641304766214,2
848,854,-0.002229210223247409,6,2078.2112011757704,2075.656642721218,6
856,865,-0.004886377583083227,9,2075.6725130470463,2067.6056659225183,9
867,869,0.0037621285852754453,2,2064.1450214288607,2073.974745439561,2
874,877,0.012734927497526107,3,2101.31361969931,2130.175009915444,3
879,883,0.012130960813903094,4,2152.692534928694,2180.9594562492243,4
884,885,-0.0048872382675225565,1,2182.622977018163,2174.138601458324,1
887,888,-0.0012518322149210417,1,2174.9340924838048,2174.3863740139873,1
891,893,-0.001209959002422327,2,2166.7436667993784,2166.2887394605923,2
896,898,-0.0009603972450721451,2,2169.5941139820225,2169.6800358860114,2
902,906,-0.003731017390420158,4,2165.6738666150854,2159.759373623381,4
908,909,-0.002168127147956499,1,2164.7371774735807,2162.208489208383,1
912,913,-0.0030186158678987287,1,2164.837296837609,2160.4673219187935,1
917,927,0.0024273814495244174,10,2147.8554950642465,2155.217015144289,10
932,938,-0.006590345862103357,6,2149.0033315203004,2136.9896596382896,6
940,944,-0.0011851535252593995,4,2131.601735700852,2131.2070621250377,4
946,952,0.00046927016986450304,6,2113.4799778844676,2116.585250970579,6
953,957,0.0003916292003321854,4,2119.7797673369478,2122.7297147594472,4
958,966,0.00440626780271062,8,2131.6389159832165,2143.1631268217016,8
967,968,0.00021090877805249732,1,2147.6548195626724,2150.2554336359076,1
969,971,-0.0009920673528900428,2,2150.408874423401,2150.425932858144,2
972,978,-0.01180456151277149,6,2147.442943662039,2124.2407642820754,6
982,983,-0.0025356973320257285,1,2127.490922450471,2124.2237403169547,1
984,985,0.00042450656348942965,1,2117.2892204147947,2120.305312806081,1
987,991,0.003102069388397275,4,2122.097795787963,2130.8027881952503,4
993,998,-0.004979533939003231,5,2143.5941016003967,2135.063596121631,5
1001,1003,-0.0028127855260017313,2,2146.7852229602145,2142.893561780598,2
1008,1011,-0.001812730915521626,3,2143.5557281428487,2141.8135941334435,3
1017,1019,0.001459151924203502,2,2137.69112776037,2142.9480350105546,2
1022,1025,-0.000579304470029969,3,2150.3603956821967,2151.2650426884848,3
1026,1031,-0.002076324817047723,5,2149.2393026600657,2146.9260230608384,5
1034,1035,-0.0003366188726981891,1,2148.2312119600324,2149.6563080031274,1
1036,1038,-0.0029235065939508262,2,2152.1087421975008,2147.9691468409846,2
1040,1045,-0.0058138185521569765,5,2147.639746910381,2137.301398853354,5
1051,1054,-0.0008816022902275229,3,2144.448737935745,2144.7026357550412,3
1055,1056,0.0007303233953956218,1,2145.141943903925,2148.8537331959064,1
1067,1069,0.0018302043239040084,2,2139.0740997347025,2145.1281165009227,2
1070,1074,0.0006673212948773975,4,2153.1146689372827,2156.7046028751147,4
1078,1085,0.014035945722327355,7,2152.619059778685,2184.9857231223646,7
1089,1093,-0.006790910101057534,4,2184.359983815611,2171.7105515209873,4
1094,1099,-0.010072284073655732,5,2157.230205307309,2137.6592000724904,5
1102,1104,-0.0004776253775082347,2,2149.200070793743,2150.3227583693833,2
1105,1106,-0.0008005918089129045,1,2152.297392392567,2152.7265781222654,1
1107,1108,-0.004013015501283605,1,2159.836690137398,2153.329068709773,1
1109,1113,-0.005313210363335034,4,2153.2742711385094,2143.986746237132,4
1114,1116,-0.008522947681063847,2,2141.8079482095704,2125.695239072303,2
1124,1130,0.0015403270490504015,6,2129.0595292080193,2134.468036719105,6
1133,1135,-0.0019518358066543048,2,2141.352007924447,2139.3137924086536,2
1137,1139,-0.0024973042345613526,2,2147.638266037496,2144.422598167452,2
1140,1141,-0.0032982030557132,1,2147.327212029415,2142.392218069113,1
1143,1149,-0.0034592400466825447,6,2147.532113057948,2142.2508160839793,6
1150,1151,0.0003072631913122682,1,2145.38109784199,2148.185675582536,1
1152,1155,-0.0007812839603897611,3,2155.7704460758046,2156.241947650079,3
1158,1159,0.00026154381129482596,1,2158.416716488877,2161.1396537397586,1
1161,1164,0.0030280067954527147,3,2164.0990724371927,2172.8160782070026,3
1171,1173,0.00036100050284533047,2,2164.316230189934,2167.2618656675386,2
1174,1186,0.013817739224471066,12,2171.703565567675,2203.883302675111,12
1189,1190,-0.0011516992000354528,1,2209.0515603807294,2208.7164490261825,1
1191,1193,-0.0006284762251429084,2,2211.8011717271725,2212.622908447726,2
1194,1195,-0.001976889066792749,1,2216.3452611444163,2214.1801376905664,1
1196,1198,0.001467682251616486,2,2214.9670612642362,2220.432896169233,2
1201,1207,0.0017863210556473062,6,2223.7903915131974,2229.986585504417,6
1213,1220,0.008826735899136684,7,2260.627617391198,2282.842207953596,7
1222,1229,-0.010115362687526316,7,2298.36351875518,2277.4131016939473,7
1230,1236,0.0009380646000999374,6,2287.695509061633,2292.129210743553,6
1237,1238,-0.005347801923481595,1,2296.150696983276,2286.1674885663283,1
1239,1242,-0.004258916670188833,3,2284.8707281554503,2277.424524850238,3
1244,1245,0.0015123530384823793,1,2289.7940305800125,2295.546801570239,1
1250,1254,-0.006783137818068655,4,2298.9739880788998,2285.6787046656846,4
1255,1256,-0.00415847426134419,1,2292.862731827399,2285.6207839041267,1
1257,1258,0.0004783706108380931,1,2291.498114676651,2294.8857981441797,1
1260,1265,0.01313963745986016,5,2316.8635362296495,2349.6231466759064,5
1266,1268,0.0038987897978637904,2,2367.3348483705286,2378.9319241738535,2
1269,1270,-0.004676747661164091,1,2382.2706632739805,2373.511655184528,1
1272,1273,-0.0004237445492298995,1,2384.7684124376856,2386.142648234177,1
1274,1277,-0.004199024022127953,3,2393.0946935015854,2385.439126089847,3
1278,1283,-0.013995897086103694,5,2382.512069925737,2351.549188258582,5
1284,1286,-0.0037697156998845677,2,2346.0424265505476,2339.5445560091352,2
1287,1289,0.0014259704998337798,2,2345.5525488953735,2351.2427901848037,2
1290,1294,0.00690481438653535,4,2361.7393223336494,2380.4084333060787,4
1295,1297,-0.0027144514116235136,2,2383.2360053876,2379.1500630539313,2
1298,1300,-0.003092755494620696,2,2379.1064747474984,2374.127586600183,2
1301,1302,-0.004273841611719032,1,2370.852185477884,2363.0903909378317,1
1304,1306,0.0010347993139815464,2,2325.043162871137,2329.774159103925,2
1309,1310,0.002490091841978932,1,2340.314141643397,2348.4820529368144,1
1316,1320,-0.015242641708280356,4,2366.6864548031986,2332.9785875915964,4
1321,1322,-0.0035410745303975383,1,2344.65931972582,2338.7013656460053,1
1323,1329,0.004772758620761032,6,2338.6907068350365,2352.191403774212,6
1330,1331,0.001382742664691281,1,2364.3692797592425,2370.0029633172103,1
1334,1337,0.005510592552292084,3,2412.7488802342605,2428.4573051244647,3
1338,1341,0.002302122916996879,3,2430.6626187446986,2438.688965481543,3
1342,1348,-0.009194129108437938,6,2438.451357123893,2418.470371878974,6
1349,1352,-0.0033816343059147064,3,2423.153607199975,2417.3825414405665,3
1353,1355,0.002430635436803146,2,2419.014996061536,2427.3137546291828,2
1356,1358,0.009689115740091979,2,2440.596111880893,2466.6839261956065,2
1359,1364,-0.009607908126332027,5,2473.2861081654723,2451.9962885762507,5
1366,1368,0.002091994423474309,2,2461.414992089752,2469.0256735191497,2
1369,1370,-0.0032168659772133746,1,2470.9630007214773,2465.485206914225,1
1372,1374,-0.002752974544484455,2,2474.7511462742063,2470.412970510854,2
1375,1379,-0.012496078651256893,4,2469.6572411089332,2441.265867223499,4
1381,1386,-0.008222174540974465,5,2448.7041049627082,2431.019136517467,5
1389,1394,0.004753837646403724,5,2427.2386149063836,2441.204551825637,5
1400,1404,4.1106015376186824e-05,4,2458.6982846916817,2461.2580502658693,4
1407,1408,-0.000408503082041306,1,2469.544286502434,2471.0050143366625,1
1414,1415,-0.001723477825460994,1,2455.6310481766222,2453.854453565753,1
1420,1421,-0.0020099404285654756,1,2467.9265481508,2465.4340893550925,1
1423,1432,0.013714162143305775,9,2478.881966376619,2515.356637564001,9
1433,1437,-0.0051300330329640265,4,2527.674404613306,2517.235025825675,4
1438,1439,-0.0008935795036207342,1,2514.7531282943846,2515.020749570569,1
1441,1443,-0.002854249020025475,2,2531.681001836018,2526.9866348193464,2
1445,1446,-0.0028068605497331995,1,2509.273557138664,2504.7396497397813,1
1448,1449,-0.002003042543437541,1,2510.8172875256732,2508.2988309674865,1
1452,1462,-0.028979208390181962,10,2500.202180696605,2430.2485028653073,10
1467,1469,-0.0008566193963975109,2,2416.509537728833,2416.8560183249638,2
1473,1475,-0.00905384715259161,2,2437.6747369605187,2418.0420772213047,2
1478,1479,-0.0012104285819283117,1,2385.8066343197643,2385.304592412949,1
1480,1481,-0.002415643887361186,1,2397.332910762559,2393.9391410814683,1
1482,1483,-0.00356267574628796,1,2369.3524703696125,2363.280588259389,1
1487,1493,0.0037067275812970694,6,2379.3640867115096,2390.5631052843823,6
1494,1495,-0.0023774955147225383,1,2368.8456896005746,2365.58261528808,1
1500,1506,0.0035769933387072737,6,2407.3706964012504,2418.389216042478,6
1508,1509,-0.0005417772783813901,1,2424.9897806500658,2426.1009660672526,1
1511,1514,-0.0024348269878551295,3,2426.686265569424,2423.2043906245276,3
1515,1516,-0.004356876443809483,1,2428.426318108395,2420.27439100561,1
1519,1521,0.003950097409786103,2,2432.6227475509536,2444.6644671125923,2
1522,1523,-0.001216298652861142,1,2451.0541198654896,2450.523960161273,1
1524,1525,-0.002190900229055753,1,2449.1940510952254,2446.277305338774,1
1526,1527,-0.005522885848118224,1,2451.3560568493244,2440.2688532311017,1
1528,1530,-0.0032760189506042914,2,2443.1687133478054,2437.6080150567022,2
1531,1532,0.000968297261033721,1,2425.737794668465,2430.512367725697,1
1533,1534,-0.0036420549123010832,1,2431.2906234323987,2424.8670200975275,1
1536,1540,0.004654324884062918,4,2453.7948585318927,2467.6694118608752,4
1544,1545,-0.0030255566192219385,1,2484.527156472567,2479.4946060451375,1
1549,1550,-0.0014426839183293702,1,2479.5181843738833,2478.4205415484557,1
1554,1558,-0.0037308746625392326,4,2481.1384757516425,2474.362797553961,4
1561,1562,-0.0025063975343221625,1,2471.968630861675,2468.2448634112234,1
1563,1565,-0.0038086521930045915,2,2466.151225724208,2459.2246646757967,2
1571,1572,-0.00454246831948144,1,2466.1263533641527,2457.390178885522,1
1573,1576,-0.008511856383006736,3,2451.640038764906,2433.223670890875,3
1580,1585,-0.007757763997710482,5,2420.0883596754484,2403.7339736871554,5
1593,1594,-0.0052266195544694895,1,2406.5365728845104,2396.3650583470107,1
1597,1598,-0.0063993569176331025,1,2365.0964766104016,2352.3264765885456,1
1604,1605,0.0007869155474552088,1,2357.504969827522,2361.7176321113097,1
1616,1617,0.000751512344676971,1,2379.4123250979305,2383.579895158416,1
1619,1620,-0.004767960565223244,1,2393.1161882706338,2384.0990208452326,1
1622,1623,-0.001954670549668472,1,2390.1415928955485,2387.8597951072734,1
1625,1627,-0.00715240207474288,2,2383.6645128565283,2368.999250362139,2
1635,1636,-0.0035278472227858893,1,2286.261001172006,2280.48168264963,1
1637,1639,-0.005606157043876803,2,2296.6918437761483,2286.1129204623244,2
1642,1643,-0.011792846675503073,1,2262.7937826611674,2238.3717963066238,1
1645,1648,-0.0033680534591824687,3,2152.0745332702986,2146.9783057273694,3
1649,1651,-0.003033053451306841,2,2164.1945157951127,2159.794592665476,2
1652,1654,0.0009197005306200228,2,2171.4288077898213,2175.597300824339,2
1659,1661,0.00800775919193282,2,2196.6539398196983,2216.4408695376046,2
1662,1666,-0.021271141460791457,4,2211.3515949857347,2166.524973984232,4
1668,1669,-0.009630901618590596,1,2133.6902072013713,2115.274536938466,1
1672,1673,-0.0013824489336825294,1,2129.0255431051532,2128.21129955641,1
1677,1683,0.0038841166213446085,6,2094.711843103264,2104.942660033092,6
1684,1685,-0.0027485376184312026,1,2114.5256548961215,2110.828327243398,1
1691,1692,0.0005845831423558975,1,2131.298375462348,2134.675594939436,1
1694,1700,0.008450935135215425,6,2140.8692813279445,2161.10249803875,6
1701,1702,-0.005611751719505666,1,2159.9042223030756,2149.943280291902,1
1706,1708,0.007478126834212937,2,2158.6075887063316,2176.9085376286785,2
1719,1720,0.0019717051216784783,1,2220.125725067916,2226.7232840558704,1
1721,1724,0.0014637294527096922,3,2229.7015962722585,2235.1949777657483,3
1729,1731,0.010473575183899256,2,2228.753037420518,2254.324802961706,2
1735,1738,-0.002056022104537942,3,2250.273455689009,2247.8971171785465,3
1741,1742,0.0005739233281912685,1,2258.0556600721748,2261.6096665519167,1
1744,1745,-0.002848125911972749,1,2264.628526081447,2260.4432074214033,1
1746,1749,-0.00844849412918943,3,2259.4498972539345,2242.620397959041,3
1752,1755,0.004832236720050479,3,2247.075640241199,2260.1811173029446,3
1761,1766,-0.009327172752126706,5,2251.798020760048,2233.046909638282,5
1767,1768,-0.006124819300715778,1,2226.0482523208034,2214.640157272985,1
1775,1776,-0.0033504139256082303,1,2245.806312644998,2240.527738213538,1
1777,1784,-0.02485330070453953,7,2239.418068798723,2186.000556200488,7
1785,1792,-0.022071676399845235,7,2166.537140954748,2120.8845714123036,7
1794,1796,9.085007641020733e-05,2,2124.1610006003243,2126.4781417901368,2
1798,1801,0.011069639522696784,3,2133.815009374084,2159.5693873453492,3
1803,1804,-0.003673844079363446,1,2171.789148561063,2165.9821230045573,1
1808,1813,0.0013653383628590733,5,2189.175343702542,2194.3534841260266,5
1815,1819,-0.008461269791746842,4,2202.016734318177,2185.5868933774877,4
1822,1825,-0.02124557635314791,3,2160.102807835375,2116.370281508695,3
1827,1828,0.005260687968375294,1,2098.771409914019,2111.9111628284377,1
1830,1834,0.007712802877835206,4,2112.309052616446,2130.71318500896,4
1837,1844,-0.01707251110431561,7,2120.559899741927,2086.4771772059585,7
1849,1860,0.018760425776172335,11,2141.720857333281,2184.0421733678954,11
1862,1863,-0.005457486077804437,1,2181.9251698342887,2172.1992687669413,1
1866,1867,0.0020849633342423504,1,2191.7800250313344,2198.541586045281,1
1868,1869,0.0013988688452637155,1,2206.6048995868928,2211.898255334318,1
1871,1873,-0.013722926292155314,2,2203.2532252716883,2175.221396883603,2
1874,1877,0.006255544414647953,3,2168.446026181082,2184.1792826348055,3
1878,1882,0.022959953167139543,4,2197.3721973769875,2250.0211323169146,4
1883,1887,0.009281696137609183,4,2263.3729923127576,2286.6443056657886,4
1892,1893,0.0007699774264584344,1,2311.3982460962134,2315.4893688153593,1
1894,1897,-0.004126684789019665,3,2320.6446933856505,2313.3887689221224,3
1898,1900,0.00336746381584962,2,2324.793014134762,2334.9464635033355,2
1901,1903,-0.0014624092426792894,2,2333.8005436016483,2332.721372659717,2
1907,1909,0.002331379662855495,2,2324.521740530027,2332.265604982294,2
1911,1914,-0.014530551664773881,3,2338.295044343512,2306.6566224385374,3
1922,1926,-0.015602301760923663,4,2324.500498849594,2290.5574411219745,4
1928,1930,0.0016067817868741646,2,2303.8810449703383,2309.8867601174916,2
1931,1932,-0.002532798192323522,1,2306.7883164163286,2303.2524754548526,1
1934,1937,9.299819045982234e-05,3,2315.8582863247857,2318.3895152411,3
1941,1942,-0.0038984598458124365,1,2294.92311820313,2288.2713756957914,1
1944,1946,-0.0017867118638513607,2,2296.4733746719603,2294.666711823087,2
1951,1954,-0.008597074471626092,3,2287.023954812773,2269.6492635096674,3
1955,1956,0.0016209009557641646,1,2255.523573226894,2261.435077115713,1
1957,1960,0.03079002940782955,3,2275.2522539046063,2347.582589966464,3
1968,1971,0.001344137421145169,3,2418.175423422828,2423.843958923767,3
1972,1981,-0.007280548951373099,9,2435.419266702279,2420.123496780638,9
1982,1984,-0.005549530244913895,2,2420.3189010682054,2409.307587025459,2
1986,1992,-0.011937867364325679,6,2426.7969550169328,2400.252971802808,6
1994,1998,-0.007056085004309316,4,2391.339925290352,2376.857767428595,4
674,679,0.001523163251979735,5,1984.9984908675358,1990.006966114928,5
681,683,-0.0020145066749974825,2,1990.790652781224,1988.7709823754549,2
684,687,0.0012617493473958581,3,1993.1574247307512,1997.6654472353932,3
689,691,0.0003628925903960689,2,2009.8248337152713,2012.5640090891359,2
696,697,-0.0032526847391602474,1,2018.5838253327308,2014.036592354688,1
698,701,0.001250863435627022,3,2017.1646546740221,2021.705016838867,3
706,715,-0.010292314506535335,9,2014.9032005885094,1996.1800863484164,9
717,723,0.015363761378871563,6,1996.114529602274,2028.778471449584,6
724,728,0.003289188007220502,4,2025.8628510671376,2034.5521577122083,4
732,733,-0.0004899403336452572,1,2046.9435682214528,2047.9876315749068,1
737,739,-0.001961273883969231,2,2070.4919534537703,2068.5016436119467,2
742,749,-0.00041962405753363536,7,2065.2739198335976,2066.472555131272,7
752,753,-0.005206930419670168,1,2063.4073617042577,2054.7267505061327,1
758,759,-0.00048337232815815726,1,2051.71148884919,2052.7714597789654,1
761,765,0.0022457319583500507,4,2067.6762416813144,2074.3873645384606,4
770,772,-0.0020953152940114527,2,2089.629534971414,2087.340731782942,2
775,779,-0.004475296962764873,4,2082.4673547811226,2075.2301623079948,4
780,781,-0.002502375222162974,1,2079.21492073052,2076.091159752063,1
786,787,0.0007664970436740738,1,2077.627319050675,2081.2974415676345,1
789,790,-0.00017379855400304013,1,2077.990004735992,2079.706843082672,1
791,793,0.00028750413227197034,2,2075.1563791042304,2077.8281515174376,2
796,800,-0.0009628368137911494,4,2071.2573271014767,2071.33430162321,4
802,805,0.0002350813243953687,3,2068.983270117045,2071.538632714453,3
808,809,-0.0006738155448025786,1,2091.1568707409756,2091.8389736055906,1
811,812,-0.002282446929558965,1,2088.2424615700393,2085.564401437024,1
813,815,-0.0027145195297583443,2,2085.0891349220205,2081.51420887891,2
818,821,-0.0050806880067423765,3,2082.5510924007463,2074.0528511345583,3
822,824,-0.002725896641790116,2,2076.6767908284432,2073.092661329069,2
827,828,-0.0018661704872765593,1,2069.522860626825,2067.730301002206,1
829,831,-0.005371773756562365,2,2067.483636231313,2058.445065528315,2
832,835,0.003185118264404565,3,2058.765419784778,2067.3815965452436,3
837,839,0.00039558432693181716,2,2071.1932325279827,2074.083757341346,2
843,850,-0.004811116502648295,7,2079.7339321683858,2071.807823858381,7
860,861,-0.0017301810161901216,1,2066.0404450519027,2064.531861540245,1
862,864,0.0008648039505466693,2,2067.6913525549203,2071.547191557676,2
865,867,-0.004451806454135648,2,2069.3689455878866,2062.2258845055185,2
868,871,0.007239264930519836,3,2067.9768431433763,2085.0154522242146,3
874,877,0.01043049996725701,3,2099.974231454367,2123.9779868382466,3
879,880,0.003496577283395791,1,2150.4618997554285,2160.131617882677,1
882,884,-0.0012285740100940294,2,2180.1435013477203,2179.645177205037,2
889,891,-0.004554064689428673,2,2175.9742937912274,2168.2407403885595,2
892,897,0.0008354947224149525,5,2165.9589176951613,2169.9345238575584,5
902,905,0.0026432186721346987,3,2163.3902358964733,2171.2719395990052,3
906,908,-0.0016907011265343244,2,2167.6593775541405,2166.162172780121,2
913,916,-0.009736228753637985,3,2161.555759895624,2142.671914313432,3
917,918,-0.003365694050272766,1,2148.642891280119,2143.5598595760566,1
921,924,-0.0022896305356087977,3,2156.91607833262,2154.134453495257,3
927,931,-0.004636739738628091,4,2157.0881496003503,2149.243381406975,4
932,933,-0.002629106013357688,1,2148.8030408985355,2145.3024129430864,1
934,935,-0.003582339118850754,1,2146.084147019777,2140.5422299745824,1
936,937,-0.0018025491266849343,1,2137.680381997137,2135.9647884734336,1
938,941,-0.004201821350079919,3,2139.9659057593044,2133.114117233801,3
942,947,-0.015581600626685788,5,2136.7863662548066,2105.628600837532,5
950,951,-0.005413082735194196,1,2120.3717833461887,2111.0144072369108,1
952,954,-0.0022429474038732477,2,2120.074805348764,2117.439663873439,2
955,960,0.00792459571513179,5,2119.14132772184,2138.053807334985,5
964,970,0.005558548887757598,6,2137.6397249494507,2151.6595395899444,6
972,979,-0.011539051647723658,7,2150.1981333355193,2127.5370841554573,7
980,983,-0.00441861119390667,3,2127.1914197795886,2119.919379380348,3
986,988,-0.001198933207885076,2,2122.6540363365543,2122.2317699598757,2
990,995,0.0028674867292712777,5,2130.014743611182,2138.2525473652504,5
998,1000,0.002096086805901835,2,2139.514962698789,2146.1390867458304,2
1004,1005,-0.0013505568267258017,1,2146.2777653224716,2145.525372999788,1
1012,1013,-0.0016375930072855078,1,2139.5040157678513,2138.1398829683385,1
1019,1025,0.0033692975863864978,6,2141.2231206591255,2150.5787616721364,6
1026,1027,-0.0017051217060564225,1,2142.798449940455,2141.287516241698,1
1029,1032,-0.00013558560185481948,3,2146.8236169391653,2148.6793621839256,3
1033,1040,-0.0064745579405697355,7,2153.2049885541373,2141.417143086374,7
1042,1046,-0.006576953933163384,4,2149.121092803656,2137.1355434723005,4
1049,1050,-0.0022927934215932286,1,2142.113693606465,2139.3443831150657,1
1054,1055,-0.0005324510815186722,1,2144.9967961928937,2145.9996871250996,1
1057,1061,0.001387614719715974,4,2141.1804473297548,2146.2927612833673,4
1066,1070,0.002746022132600568,4,2139.0005573846315,2147.0133008142393,4
1072,1076,-0.002500950268864835,4,2158.396836839658,2155.1571905270866,4
1081,1084,0.011687393882750606,3,2156.698204687478,2184.0610842965693,3
1102,1110,0.001762294850981777,8,2149.829542122858,2155.7680051975526,8
1111,1113,-0.0017706756687965795,2,2150.4732101462882,2148.8158927668296,2
1114,1116,-0.006796947609120774,2,2141.827799003302,2129.4117354647215,2
1117,1119,-0.0015423333858322805,2,2125.8036214573403,2124.650727181701,2
1122,1125,-0.002946430876416972,3,2130.42623522029,2126.2795078161284,3
1126,1130,0.003939534595888928,4,2122.4069084596945,2132.890610810585,4
1134,1136,-0.0008320508945452857,2,2140.1811379865453,2140.540579494181,2
1137,1141,-0.0033957534586743403,4,2147.2583212804325,2142.1140197305576,4
1142,1144,-0.00364037777593612,2,2145.5464069509535,2139.8813539008006,2
1145,1150,-0.00295617554101127,5,2146.9312327022035,2142.7314583365583,5
1153,1155,-0.0015183601662054967,2,2157.0628603742143,2155.944724911395,2
1158,1165,0.0005167285986838947,7,2164.029212729461,2167.311457724795,7
1168,1169,-0.0016573808343405927,1,2167.13081821689,2165.7061879514854,1
1171,1173,0.001766130818662438,2,2159.2523805746205,2165.225155129798,2
1175,1177,0.002885715271259808,2,2167.7342907490834,2176.1574889866806,2
1180,1182,-0.001923316029686904,2,2161.1710462317596,2159.1756023618786,2
1184,1195,0.01423389833779986,11,2181.2402257072354,2214.469017555979,11
1196,1198,0.0007157016367286167,2,2217.3591406306173,2221.1634673374124,2
1200,1203,-0.0021960588006713997,3,2229.3620004123964,2226.6955523719207,3
1205,1208,0.00648504859010167,3,2223.1127037979354,2239.7528104071353,3
1210,1213,0.003972595208845775,3,2246.38339949028,2257.5537548198163,3
1216,1217,-0.0018749276589500956,1,2284.8418592759767,2282.842787936969,1
1218,1221,0.002326167998020526,3,2284.686326461567,2292.2855770061587,3
1222,1225,0.0013091633031939854,3,2298.13109743722,2303.437857433351,3
1226,1228,-0.0076667202462266035,2,2294.786338128954,2279.4876395877855,2
1229,1232,0.007121575135031226,3,2277.7321039903068,2296.230876410337,3
1233,1236,6.471668040648553e-05,3,2293.8939106872936,2296.336257797085,3
1239,1242,-0.00519447366652748,3,2285.0095433451384,2275.425130987813,3
1245,1246,-0.0029817857290721254,1,2297.100194738985,2292.5478343548025,1
1248,1249,-0.0030796912908411748,1,2300.5553722874547,2295.7709273156106,1
1253,1254,-0.0002459155600044923,1,2290.4461207253553,2292.1733105056423,1
1255,1256,-0.0026514580863415903,1,2290.577417836644,2286.7946252375664,1
1258,1276,0.03722146816259565,18,2295.596853902523,2383.337935968113,18
1278,1280,-0.003158516957768997,2,2384.744481073767,2379.5969696714233,2
1281,1287,-0.016293269936150885,6,2379.3709167969573,2342.9825550881546,6
1289,1290,0.0012905147359188215,1,2354.8477806718556,2360.2415942143302,1
1291,1293,0.005240849208522902,2,2365.7626065939853,2380.5269742849005,2
1294,1295,-0.0011591765981218273,1,2386.5850292092873,2386.2051407232093,1
1297,1298,-0.005421321530627178,1,2387.0006219976017,2376.446924753943,1
1300,1301,-0.003928619092375112,1,2372.0253263874406,2365.078567728985,1
1302,1304,-0.018545796245861803,2,2365.5385552645416,2324.0332977621397,2
1311,1314,0.007519297847040497,3,2354.249830526726,2374.3063860393277,3
1316,1318,-0.011807764037476413,2,2364.18405444279,2338.632511041208,2
1319,1326,-0.0034159204892844157,7,2337.49907977686,2331.8518678563437,7
1327,1330,0.00657983883357664,3,2340.470069373322,2358.210455293982,3
1342,1344,-0.0023623887040846456,2,2434.05916072349,2430.7430260178467,2
1345,1346,-0.00451607524798627,1,2434.6214481839534,2426.0611359717773,1
1347,1350,-0.0002976805648918689,3,2418.469689164257,2420.168227430177,3
1356,1357,0.004185319299765755,1,2439.903712451352,2452.555392261096,1
1358,1359,0.0001776652440469411,1,2464.054460031077,2466.9562913280943,1
1360,1362,-0.004659862752868604,2,2468.5111609310843,2459.476748878152,2
1370,1371,-0.00041027491388789924,1,2463.911698437669,2465.364728976203,1
1372,1374,-0.0035214813669733748,2,2473.9317666708166,2467.6937938179926,2
1375,1376,-0.00028637634665108465,1,2471.5362522283835,2473.299998958083,1
1377,1380,-0.0052956082989944414,3,2455.2706550039356,2444.723774002023,3
1381,1382,-0.0015482948354111233,1,2448.818219189944,2447.4755448075016,1
1383,1385,-0.0067338400562201315,2,2445.5163867331694,2431.494186916776,2
1387,1390,0.000587377252815978,3,2421.9259632489016,2425.7704734309673,3
1392,1394,-0.0019630640583723803,2,2439.256927463806,2436.9077667878296,2
1395,1400,0.007435200141977024,5,2442.904208357239,2463.5105942824102,5
1401,1402,-0.004009724220408651,1,2465.8660103245475,2458.444433668991,1
1403,1404,-0.007113889864909002,1,2469.2135271649163,2454.1170276068865,1
1405,1406,-0.002196130163364027,1,2457.838259297413,2454.8983648187973,1
1409,1412,-0.008418261258706284,3,2466.6903358011327,2448.391782445834,3
1413,1418,0.00578923814967041,5,2443.9124793996034,2460.504783239199,5
1422,1426,0.006745098534505922,4,2473.2333374537798,2492.388773351184,4
1427,1430,-0.0019399750585718692,3,2498.495865334236,2496.147341536877,3
1431,1433,0.004326732113338333,2,2504.1958656233464,2517.5350461588514,2
1436,1440,-0.00311798306543189,4,2528.051380788057,2522.697010775006,4
1446,1447,-0.003850761174860262,1,2508.2129277857903,2501.062611752976,1
1448,1453,-0.006419528967680442,5,2506.7037553792256,2493.1186017635546,5
1454,1455,-0.002032975654226901,1,2496.068180612124,2493.489802950261,1
1459,1462,-0.00420908303347816,3,2438.0518200310144,2430.2279093006123,3
1465,1467,0.002639432651462174,2,2407.0860619111672,2415.8464895197662,2
1468,1470,0.0025785919682435815,2,2415.9146579050553,2424.5602306957962,2
1472,1475,-0.009539246230397948,3,2434.553624614205,2413.7643717525166,3
1476,1479,-0.006523212359180838,3,2401.617455842902,2388.352812628766,3
1480,1482,-0.010354117464502259,2,2389.3834709509733,2367.032897295958,2
1484,1485,-0.00177184449172959,1,2369.5770363856977,2367.7480914024345,1
1488,1492,0.0010034944560688304,4,2385.7490433876374,2390.528878369636,4
1494,1495,-0.00360038364580017,1,2373.0676772372112,2366.8967908589466,1
1496,1498,0.008050169828996433,2,2381.151181198332,2402.7010037766922,2
1499,1503,0.005399131392785346,4,2404.5732148921215,2419.9603948377885,4
1505,1509,0.0025920368097240216,4,2418.1323329568754,2426.8183533076403,4
1511,1513,-0.004179671841532687,2,2423.6793462450023,2415.9728412748427,2
1514,1516,0.0020867291268286026,2,2418.0942729284475,2425.558274952113,2
1517,1520,0.004367856524536075,3,2421.150633238624,2434.1470224621385,3
1522,1523,-0.00037688047916000704,1,2448.041654611687,2449.567077154505,1
1526,1528,-0.005984366205480437,2,2449.779418450755,2437.5688207065477,2
1529,1530,-0.001072986119640013,1,2433.1548476739185,2432.9772611431035,1
1532,1534,-0.0004394938543989383,2,2428.1374406376244,2429.498426595466,2
1537,1538,-0.0043899749686116835,1,2455.6690538314756,2447.3443972077926,1
1539,1542,0.0078417942666002,3,2460.374004055445,2482.1281248181945,3
1544,1546,-0.00235703827091854,2,2486.3235652476396,2482.949529015712,2
1548,1550,-0.0039979621874731575,2,2484.2188729245795,2476.7712786781444,2
1553,1555,-0.002088322866664522,2,2480.7232793472467,2478.023451476466,2
1560,1567,-0.006441920014907729,7,2476.320301231986,2462.8443642213892,7
1570,1577,-0.016873317505510216,7,2465.810821414422,2426.670223337588,7
1578,1580,-0.005483636346099578,2,2426.70997317836,2415.8294881411753,2
1581,1582,-0.00605907101820218,1,2418.035323833119,2405.802311405326,1
1585,1587,-0.0019298476902490907,2,2408.1802927538133,2405.941051870893,2
1595,1597,-0.008158921423649126,2,2385.1427011284536,2368.067651946885,2
1599,1603,0.0031437059664810793,4,2346.6553772913367,2356.3792271794937,4
1609,1610,-0.0022286767171388836,1,2371.216920106083,2368.3034610850627,1
1613,1614,-0.00022653015924582135,1,2374.25354692949,2376.0899604423435,1
1615,1618,0.004156278506842844,3,2377.3378546031167,2389.5960706863107,3
1620,1621,-0.0019029932732448063,1,2390.2034399368254,2388.045102308876,1
1630,1631,-0.008598768287176293,1,2336.038858806804,2318.2878408088914,1
1639,1643,-0.022902161685101945,4,2289.4037150425474,2239.2608247132125,4
1644,1645,-0.0251377365294344,1,2205.8606238690104,2152.6161413094064,1
1652,1655,0.0037924477052744977,3,2173.596306960575,2184.0131535940614,3
1660,1663,-0.002809788424504821,3,2208.4575191551708,2204.460678300993,3
1667,1668,-0.009418514638098952,1,2147.584579396439,2129.5051071782345,1
1675,1676,-0.004703841655604972,1,2119.2463743771104,2111.3970213772027,1
1677,1682,-0.002181473272417426,5,2098.132148109764,2095.6532610547724,5
1684,1685,-0.003110828328449527,1,2115.11820203937,2110.653550620486,1
1686,1690,0.008537572042683888,4,2116.9918259771066,2137.182788031136,4
1694,1697,0.008101174507252465,3,2142.2913159222517,2161.7886830338316,3
1706,1708,0.007636094584000529,2,2153.7638696982785,2172.363978188596,2
1710,1712,0.0022286220797144616,2,2190.038250280567,2197.109056130842,2
1713,1715,0.004182082174685614,2,2206.286793827321,2217.719953293858,2
1719,1720,-0.000672158007975567,1,2222.7362064512968,2223.4649127169646,1
1721,1722,0.0020895606316082595,1,2227.2921815663676,2234.173535805624,1
1724,1726,-0.0016697785702267055,2,2236.0695620664856,2234.571890592277,2
1727,1732,0.012726583157580684,5,2232.08220051736,2262.721062457317,5
1735,1737,-0.003344997936038346,2,2247.947621176495,2242.676188644514,2
1739,1745,0.003376208324183329,6,2251.2142919600765,2261.0660746840726,6
1747,1748,-0.0037768708051055225,1,2259.9896875906347,2253.7139882073247,1
1749,1753,-0.004025699985503142,4,2250.4517246895207,2243.642532938752,4
1764,1769,-0.011537332896289193,5,2238.835658843763,2215.2443022064435,5
1770,1772,0.004844277454035222,2,2217.132182520604,2230.089718147525,2
1777,1786,-0.045230469011639844,9,2241.590726399682,2142.4441172388815,9
1787,1788,-0.005398926329098004,1,2147.267991422801,2137.822317719702,1
1790,1791,-0.00240531851284462,1,2112.8175002516086,2109.848318704243,1
1796,1801,0.015867480743337055,5,2127.1468339936173,2163.026442254255,5
1804,1805,-0.0009629995791279371,1,2171.146912468956,2171.2272458184925,1
1808,1811,0.006836571940303089,3,2184.720696644047,2201.8414175527673,3
1813,1816,-0.002519259501189482,3,2195.04246986293,2191.7076307350762,3
1819,1824,-0.021191573014186848,5,2183.826230720782,2139.731343932887,5
1825,1826,-0.01030708504796007,1,2113.5252747228305,2093.854515239972,1
1830,1835,0.006272947605566935,5,2109.164545352691,2124.5043885825608,5
1839,1844,-0.011702076941856605,5,2103.998024860666,2081.480876113093,5
1846,1850,0.00841565076768528,4,2124.449227514366,2144.45229951432,4
1851,1856,0.010888758069410111,5,2148.975315168811,2174.5239627879873,5
1857,1858,-0.0009558199395892786,1,2183.147322057659,2183.243773638233,1
1860,1864,-0.006426028774581575,4,2183.883820218672,2172.0340037698224,4
1865,1868,0.008801369789702002,3,2183.7792635884616,2205.1832916899752,3
1870,1871,-0.0058040994038814145,1,2210.4440535192166,2199.8248605593917,1
1873,1877,0.0027929465701869837,4,2178.4024918520176,2186.6650561119745,4
1878,1885,0.029929175975440724,7,2201.9859495626865,2270.091560492159,7
1886,1894,0.014050923675032315,8,2283.3789679996653,2317.7459305682023,8
1901,1902,-0.001134335865451005,1,2337.2558297394344,2336.941852454766,1
1903,1905,-0.00619248040290441,2,2330.789922632229,2318.687341635674,2
1908,1910,0.003949397920898066,2,2330.8839274641255,2342.420399528571,2
1911,1912,-0.011501777799051833,1,2346.9965437696605,2322.348907571849,1
1913,1915,-0.0025298126827657877,2,2313.4920184239677,2309.9528089927053,2
1918,1919,0.0001119556389345027,1,2312.3780334048865,2314.9492951984794,1
1923,1925,-0.010780636020357639,2,2316.687618314138,2294.0289399465382,2
1926,1929,0.004160510682218341,3,2294.7345659252505,2306.5765681655635,3
1930,1933,-0.0034905646083068084,3,2307.9317437254795,2302.183690606169,3
1934,1937,-0.002173503815765014,3,2316.1768391090613,2313.4587967503803,3
1943,1944,0.0003047938145528924,1,2290.4831086930753,2293.471716885636,1
1945,1948,-0.0009263513040882985,3,2298.8521769367603,2299.0214844016855,3
1949,1952,-0.012654805327594429,3,2301.0686286735026,2274.2501217608783,3
1956,1958,0.014897504954383974,2,2264.078058040336,2300.0712501851444,2
1959,1962,0.01619912004342597,3,2328.4839939833723,2368.5318697150883,3
1963,1964,-0.0009211445911506592,1,2377.0275268412474,2377.2149683187226,1
1969,1970,-0.0011307720498277098,1,2430.772972921433,2430.455095757098,1
1973,1976,-0.0028990617980449666,3,2440.02252485222,2435.388771288904,3
1978,1990,-0.007732689543967098,12,2432.647407443628,2416.2691476793734,12
1994,1995,-0.005072720085099851,1,2398.0764820481663,2388.309787794123,1
1999,2000,-0.001509043620864975,1,2377.4151547760084,2376.204946757322,1
672,676,0.001168876589505392,4,1979.836154782811,1984.1301750699758,4
679,683,-0.0005444152151735526,4,1989.5210499147304,1990.4274454341635,4
684,685,-0.0018292048942316393,1,1993.7398317759212,1992.086612949588,1
688,690,0.0014137192833534478,2,2006.9371531011034,2011.781336008022,2
691,692,-0.0013160586025742446,1,2015.8868470657872,2015.2497086859557,1
693,694,-0.0028860873844254384,1,2017.763521779571,2013.9578434563887,1
695,698,-0.0014027735778622756,3,2017.8243199368171,2017.0115936159787,3
699,700,-0.0007159730400744489,1,2020.3059724455493,2020.8797938090224,1
701,702,-0.0019665987630851024,1,2027.3883032589492,2025.428632232726,1
703,708,-0.00456224785239789,5,2023.194448910096,2015.9873288294827,5
709,714,-0.009485308597430641,5,2012.6334561400652,1995.5556401712033,5
717,718,0.00129088407516711,1,1996.956128750033,2001.5309237441938,1
719,722,0.008247002684937114,3,2002.260850562025,2020.7757620231166,3
724,727,0.0020707691287080434,3,2028.8431282731149,2035.0732371184074,3
728,729,0.0025132432561784926,1,2034.5947392248613,2041.7427654714993,1
730,731,0.0005906239834758424,1,2041.8882185605437,2045.1360949325629,1
734,735,0.003085085872455589,1,2050.5361087429287,2058.9127248317145,1
736,739,-0.0034923642666547672,3,2068.5267129927315,2063.3711909286476,3
753,755,-0.006624635914639893,2,2063.1486915634796,2051.5442313356693,2
756,757,-0.001568295882124207,1,2049.464746061514,2048.3000436857683,1
762,765,0.0023986231468811846,3,2068.6056144255563,2075.6360253485113,3
769,772,-0.0018842946004389285,3,2089.738047418233,2087.890103346569,3
773,774,-0.0011401896253125084,1,2086.9238244498897,2086.6312593808843,1
775,777,-0.0028180710905889817,2,2082.3361722363493,2078.5503370407187,2
778,780,-0.004427817424523698,2,2082.536694886158,2075.398139316217,2
784,785,-0.002638892918646037,1,2077.7299265666543,2074.3247497031452,1
791,794,-0.0018753758359553341,3,2080.199495614252,2078.378539241825,3
795,797,-0.0009721769370086966,2,2074.435347933717,2074.493065079074,2
801,804,-0.0024450755098998616,3,2072.487184654886,2069.4922841797597,3
806,807,0.00047058281694643757,1,2078.561466997739,2081.618163775073,1
810,812,-0.004038222737721331,2,2092.169800259181,2085.8133224008598,2
819,820,-0.0036201026566667328,1,2081.2610000470722,2075.807882571632,1
821,826,-0.005803867674362627,5,2077.206775663436,2067.2281491808594,5
827,830,-0.004013058280586036,3,2065.8790510156487,2059.6544370342967,3
831,832,-0.0035293974211473515,1,2063.644342991983,2058.424566312654,1
834,835,0.0004764192939718584,1,2067.2197210112167,2070.271804092197,1
836,837,-0.0010955391658152448,1,2071.326331604352,2071.1284388144995,1
838,840,-0.001136827465391253,2,2075.5131358782196,2075.229148676451,2
841,842,-0.0024472063949887196,1,2078.1887402810084,2075.18117224608,1
843,845,-0.002445638230056578,2,2077.7245718379704,2074.7209337653935,2
849,851,-0.0034569043096548315,2,2076.064386139987,2070.963694602559,2
853,854,-0.00019935868856665656,1,2074.6879598849882,2076.3490407740055,1
857,858,-0.0013183390422587735,1,2073.0620456043494,2072.4021090182086,1
859,860,-0.0033550433024690613,1,2070.221794991311,2065.3463330183913,1
864,869,0.0014102503779218106,5,2070.388226943403,2075.378380949838,5
871,873,0.0015910247135649575,2,2088.860884300498,2094.27317447492,2
874,877,0.012452413187138862,3,2100.5240820496515,2128.781199910919,3
879,880,0.00480809669999741,1,2147.643747708213,2160.1174702720473,1
884,885,-0.005590597131982934,1,2179.0314334348473,2169.0283779860206,1
888,890,-0.0044842759002282195,2,2174.957924416653,2167.3797709365977,2
892,894,-0.006065243291810444,2,2171.993531773594,2160.991856106922,2
897,899,-0.004847958777211632,2,2173.738792405614,2165.374335140011,2
900,901,-0.004596185191422733,1,2163.988094531655,2156.205992591685,1
903,904,0.0005377162454861598,1,2163.44450286428,2166.771266622542,1
906,910,-0.002219239774748266,4,2166.864100427366,2164.2221735296507,4
911,919,-0.0052887007669084884,8,2163.6550055682105,2154.3757366865048,8
924,926,-0.0028794248444295447,2,2159.8844633037206,2155.8251227822902,2
927,939,-0.010263815282041951,12,2158.322838216714,2138.328534124462,12
940,941,-0.003447963435724287,1,2135.7763820755463,2130.548079585342,1
942,945,-0.0074849660366624205,3,2137.520689157731,2123.6589400858797,3
948,950,0.0014491859899575634,2,2106.830816928281,2111.9908374483125,2
952,953,-0.00014623649756386012,1,2118.384966001404,2120.1935657694853,1
955,957,0.0027035883465612387,2,2118.791626197052,2126.638758172627,2
958,961,0.0008788378791549055,3,2134.30621445582,2138.316229817255,3
962,971,0.002609843736637251,9,2143.964458805163,2151.7038354783535,9
972,973,-0.00081561935490567,1,2147.324169381335,2147.7200943969124,1
979,980,0.0004931002810027532,1,2124.377667034509,2127.5495759261144,1
982,983,-0.006676894128166854,1,2131.275252358643,2119.1762283930207,1
985,987,0.0007856870818579791,2,2123.288778686877,2127.080308030032,2
988,989,0.0020835358608034577,1,2123.7979629464753,2130.346770126322,1
993,997,-0.002948192424727629,4,2139.516950272089,2135.3487595569927,4
998,999,0.0023444366070837224,1,2134.291346427479,2141.429348536653,1
1002,1006,-4.5893155972845726e-06,4,2146.121900564979,2148.258173234832,4
1008,1010,-0.0016249388036560929,2,2142.9937560888234,2141.6545161346507,2
1012,1018,0.0007392236865965797,6,2139.0392856163317,2142.759553408436,6
1019,1023,0.001691662736272311,4,2142.623531902042,2148.390751820723,4
1027,1032,0.00339877455687132,5,2138.627610831397,2148.0349515525445,5
1033,1035,-0.001909696240330258,2,2152.188061153262,2150.230223765547,2
1037,1038,-0.0024808389879839676,1,2153.0854515769965,2149.8970786958403,1
1042,1045,-0.006394762330064015,3,2146.3230741673865,2134.744171298721,3
1046,1047,-0.0009558879318588652,1,2136.0340808559486,2136.128305736875,1
1049,1050,-0.0035649689666149642,1,2141.489539275488,2135.9966850649157,1
1056,1057,-0.004724360563844455,1,2146.7592339720636,2138.763928540989,1
1060,1063,-0.0030581350284196655,3,2146.346418704577,2141.928947957118,3
1064,1066,-0.005559357607563891,2,2145.169337099282,2135.3887429626657,2
1069,1070,0.0017754669457303064,1,2144.126354112513,2150.0773059358216,1
1071,1074,0.0007727800264779258,3,2150.6280454547714,2154.440635898137,3
1075,1078,-0.005903036637546213,3,2157.074981562695,2146.498763898159,3
1080,1083,0.010543076511775634,3,2151.6419855064887,2176.478553571139,3
1087,1091,-0.0014142684533700288,4,2183.758904408147,2182.8542419842847,4
1092,1095,-0.013353334726412824,3,2179.0169248569346,2152.098799409658,3
1097,1101,-0.00019712012363772816,4,2144.166777964818,2145.8882863224103,4
1103,1104,-0.0009351918828007758,1,2149.6678352039803,2149.8071511289836,1
1105,1108,0.002348529516940937,3,2147.7093044142416,2154.9009724138814,3
1109,1111,-0.0066876687893890644,2,2159.0166168779997,2146.7368454504103,2
1112,1113,-0.0031437991674639577,1,2145.043079677613,2140.444538109226,1
1115,1120,-0.007993671858323333,5,2137.462839632852,2122.5141259231,5
1121,1130,0.0005686801907244421,9,2128.5077340249713,2131.84668194314,9
1131,1133,-0.0014769897091483168,2,2138.2528837996006,2137.2329591784714,2
1134,1137,0.0016773112329319475,3,2140.522895924651,2146.253741918258,3
1138,1140,-0.0006863792225263889,2,2150.968615215751,2151.6432036651763,2
1145,1146,-0.0016013787626999328,1,2147.168089270037,2145.876827981203,1
1149,1151,-0.0029140481586086998,2,2147.895114256161,2143.7839395678343,2
1152,1158,0.002413769073529177,6,2154.4300778508164,2161.7848046216645,6
1161,1167,-0.0024599291793148737,6,2167.7166482962534,2164.551935508919,6
1172,1174,0.0013483955033597086,2,2161.0604393111817,2166.1354639293486,2
1175,1180,-0.00747334745247538,5,2171.8937245812153,2157.8343018721503,5
1181,1183,0.0008862767285820017,2,2163.5110989267055,2167.59207956464,2
1187,1188,0.0002563024869657144,1,2207.79985102476,2210.573515468325,1
1189,1190,-8.210970256765815e-05,1,2206.6900403351933,2208.7155397126576,1
1192,1194,-0.004028510379764507,2,2216.2516275978332,2209.5396865394832,2
1195,1198,0.00030999278360848586,3,2218.353737727229,2221.2597651151427,3
1201,1203,-0.0014781981593677616,2,2228.8169782197256,2227.7511620431733,2
1204,1207,0.0012040559684017476,3,2225.4551828657004,2230.360210643906,3
1208,1211,0.0039345420158143594,3,2242.0563769237688,2253.1198983175236,3
1213,1214,-0.0012700069029724466,1,2266.8306275125697,2266.218567595272,1
1215,1221,0.0036153619354082588,6,2279.6474603052466,2290.1688584196895,6
1222,1226,-0.0035520911152881703,4,2297.500092739928,2291.6366631658725,4
1227,1228,-0.0002704477015934623,1,2276.002446264452,2277.662909080303,1
1229,1232,0.005678546896173757,3,2280.6760217301376,2295.9076234962413,3
1233,1234,0.0005487002284391099,1,2292.591380145086,2296.1419169392343,1
1235,1236,-0.0038690327451519372,1,2296.9383381251732,2290.3483468194972,1
1240,1241,-0.0003530526228190992,1,2273.315619110003,2274.7863346872905,1
1242,1244,-0.002556948336844344,2,2287.1606943082647,2283.5997032691657,2
1246,1249,-0.003971585047282339,3,2296.310538427392,2289.4868563674845,3
1250,1252,-0.0003533610470734202,2,2294.3751885974652,2295.8588209670406,2
1253,1254,-0.002203421511518161,1,2291.6690867152815,2288.911242839047,1
1257,1258,0.0014213038353008008,1,2288.792360932989,2294.3342226547234,1
1261,1262,-0.001210972737049163,1,2333.607565387898,2333.1152378126294,1
1264,1265,0.0032927158119627877,1,2345.0596049102905,2355.126279356284,1
1267,1274,0.004688045092096726,7,2368.094283578687,2381.564110646019,7
1275,1279,-0.005734633825145644,4,2386.1989090260536,2374.901130957853,4
1281,1284,-0.012080311842504486,3,2374.246169014387,2347.938781070836,3
1285,1286,-0.001296854027778011,1,2337.5811317447296,2336.8872113705133,1
1287,1288,0.0006506253745522806,1,2347.0257162510225,2350.899776452993,1
1289,1295,0.012513069568724569,6,2352.967651879863,2384.763467452674,6
1299,1301,-0.0013041413756462203,2,2366.680398136733,2365.9605927047287,2
1303,1304,-0.010810230687683515,1,2345.895972055222,2322.8821914000528,1
1306,1315,0.01299675775413131,9,2335.690921588648,2368.383021606648,9
1320,1321,0.0016863042006257313,1,2333.645768980176,2339.91465141216,1
1322,1325,-0.006916150314233856,3,2340.623630694213,2326.776149465978,3
1326,1331,0.013807695340948868,5,2336.17721883017,2370.7706193490726,5
1332,1336,0.014650701181003565,4,2387.798323198148,2425.1690412350235,4
1347,1354,0.001840843777800828,7,2417.547691631486,2424.415566948794,7
1356,1358,0.009615963182944724,2,2437.795448957596,2463.67499569128,2
1360,1361,-0.005409855171220868,1,2474.92845656549,2464.014380512903,1
1362,1363,-0.004453227283014142,1,2462.8271623027526,2454.3224603525405,1
1366,1368,0.0023857598348911418,2,2465.2625764747286,2473.609363488617,2
1372,1380,-0.013151033435856555,8,2475.237847895416,2445.1611500439412,8
1382,1385,-0.00672461853952091,3,2446.580840345035,2432.5750983079593,3
1386,1387,-0.007073040052683541,1,2435.0341654154972,2420.246105399276,1
1390,1391,-0.000760281327370146,1,2435.808250056899,2436.3921587773834,1
1395,1396,0.0011388446535553817,1,2439.7202067364437,2444.938389256793,1
1398,1404,-0.0010385419683772452,6,2462.0862413297737,2461.9913476797183,6
1406,1408,0.0010712315196086375,2,2460.6485192829346,2465.7450920547517,2
1409,1412,-0.006997402441514834,3,2464.8551090076317,2450.072380958889,3
1413,1416,0.0011280354717688344,3,2446.9780552952975,2452.185311395606,3
1417,1418,0.0016598531445963481,1,2456.0378284440785,2462.570528385313,1
1419,1420,-0.0018053226005320777,1,2466.7170553823453,2464.730552388528,1
1421,1422,0.0005681861604678463,1,2467.737815656909,2471.607687947085,1
1424,1425,-0.0005054224082103948,1,2485.433090823599,2486.6623303362126,1
1429,1430,0.0005367668412151799,1,2494.9374229593586,2498.7715600618694,1
1431,1436,0.006932966639702121,5,2502.848942859776,2522.703960027696,5
1437,1440,0.0001660338264403889,3,2517.9255729845336,2520.861559375093,3
1444,1446,-0.009179732290009762,2,2524.0769358585876,2503.430662243876,2
1448,1449,-0.002534509525550283,1,2509.2976256679644,2505.4470845589362,1
1451,1452,-0.001947738941652797,1,2495.077294595114,2492.7126126805924,1
1458,1459,-0.006801917300820757,1,2452.0324060389758,2437.805916800205,1
1460,1461,-0.0033595376963103797,1,2438.780824254839,2433.026428966971,1
1463,1465,-0.007864248668846007,2,2419.8483760294616,2403.2379350354922,2
1466,1471,0.005666420493097695,5,2409.934131055512,2425.999765333796,5
1472,1475,-0.006119948562771895,3,2429.446973082069,2417.0083295439067,3
1482,1486,-0.0016984254841546677,4,2371.3447150070865,2369.68850742641,4
1491,1492,0.0017900092493350556,1,2381.877011331015,2388.5224702234073,1
1494,1496,0.0005898840364324588,2,2373.9115057990666,2377.68574980604,2
1518,1519,3.875114179273994e-05,1,2423.3390858691023,2425.8563321115,1
1520,1521,0.0012917070367056559,1,2435.141395953891,2440.7220266263716,1
1523,1525,-0.004054272444724999,2,2452.1695477580506,2444.6799538785394,2
1526,1527,-0.004936983027663959,1,2453.420632161694,2443.7615567731527,1
1540,1541,0.00251343499132264,1,2468.396383000595,2477.0689332250836,1
1543,1544,-0.002294080517766108,1,2479.8450065625416,2476.6358874524694,1
1546,1547,-0.0031933304676115552,1,2486.082660733605,2480.629859888817,1
1549,1551,0.0011275434466886478,2,2475.731782036854,2480.9990089654852,2
1553,1557,-0.0015979907862729644,4,2479.983342218009,2478.5003350292523,4
1559,1560,-0.0037948204098741303,1,2478.796414468662,2471.8686236575822,1
1563,1564,-0.0019328301704009737,1,2467.6122132480045,2465.310350126637,1
1565,1569,-0.0012570832339669155,4,2464.40085566773,2463.767299525964,4
1573,1574,-0.006055185208090208,1,2451.879412791656,2439.4847082520905,1
1579,1580,-0.001926596616422756,1,2420.803554718125,2418.560446335299,1
1584,1586,-0.002125864411664565,2,2408.815973814042,2406.1039736348757,2
1590,1591,-0.002487947627637419,1,2407.0393018919626,2403.4577534730824,1
1592,1594,-0.007344326590655816,2,2407.080401803898,2391.809097604887,2
1595,1596,-0.005691735416833239,1,2384.561358912958,2373.373627931734,1
1599,1602,0.0045977477028449915,3,2349.491964578693,2362.6438278262663,3
1608,1609,0.000993203177425489,1,2356.617884107829,2361.3151023624105,1
1610,1613,0.0016984410472998053,3,2366.670166504892,2373.056486427609,3
1614,1616,0.0009414342172197178,2,2376.6959467621114,2381.3101455970827,2
1618,1620,-0.0009401771952300701,2,2385.9022928780505,2386.0450242451175,2
1624,1625,-0.0028137294733248308,1,2386.4882878780286,2382.1598437325597,1
1627,1628,-0.003260298533912787,1,2370.161035950888,2364.803764436191,1
1634,1637,-0.002364022529359255,3,2294.5549638444522,2291.4251391789153,3
1639,1643,-0.019932478213883106,4,2284.0866744723253,2240.8432532692573,4
1648,1650,0.002445091740039869,2,2154.245801454845,2161.667375871453,2
1655,1656,0.000550474323653597,1,2185.043797152763,2188.431651456307,1
1657,1661,0.0068118790824771396,4,2193.852204420156,2210.990312565912,4
1662,1663,-0.006013448503707888,1,2218.110065551526,2206.9896849623274,1
1664,1668,-0.029001333158593927,4,2195.965666256068,2134.475700030398,4
1670,1673,0.003580429282497059,3,2118.872674067177,2128.578020509357,3
1674,1676,-0.012573247581378486,2,2131.375744544864,2106.7088053643015,2
1679,1686,0.02086841760542113,7,2067.6569520931057,2112.87333778623,7
1687,1690,0.00946781168069263,3,2117.4983333120567,2139.663907099348,3
1693,1700,0.008520897951565513,7,2139.699167522947,2160.0710249439826,7
1703,1708,0.010525345034414393,5,2152.855786885364,2177.6681926385536,5
1716,1722,0.004256921191167021,6,2217.595403760718,2229.2531280321823,6
1724,1729,-0.005169955600349839,5,2235.9062385193392,2226.5826087781684,5
1730,1732,0.004408144279623958,2,2245.4309908885966,2257.574605657261,2
1733,1734,-0.005306892029279361,1,2257.9382587297623,2248.213562440634,1
1735,1742,0.007730302500379114,7,2245.8535853075564,2265.4605664788523,7
1745,1746,-0.0037473352610550496,1,2265.605173270187,2259.3807962900332,1
1749,1751,-0.001850877255042409,2,2250.200898792732,2248.2862540286733,2
1752,1762,0.00047669655776865676,10,2247.3998579571203,2250.7185855912953,10
1763,1764,-0.004335387542273318,1,2245.4267080032114,2237.9373397342497,1
1765,1766,-0.00374969288296982,1,2238.647439261104,2232.491846329889,1
1767,1769,-0.006312550817310019,2,2228.0780237225536,2216.241245996596,2
1773,1775,0.003112888063957861,2,2230.860384656614,2240.0356637050245,2
1777,1779,-0.0083531913731941,2,2240.4096092064146,2223.935448595577,2
1784,1787,-0.02204281105542916,3,2186.559675611324,2140.5483134960145,3
1790,1793,0.005053114347719588,3,2113.4148008174593,2126.2075422709704,3
1794,1799,0.0070778918523127605,5,2124.999450502905,2142.1649662502914,5
1801,1803,-0.0004161882207135753,2,2165.0666134369126,2166.330604828777,2
1804,1808,0.007217715144529509,4,2169.7914830625814,2187.622211393416,4
1809,1814,0.0021159499775032947,5,2195.092699603608,2201.9324986515553,5
1821,1822,-0.004261818187056483,1,2166.244836122095,2159.1789393180147,1
1824,1826,-0.021905104939806058,2,2139.216323494629,2094.4957817630275,2
1827,1830,4.0386357270208754e-05,3,2103.551730009339,2105.7402365310527,3
1833,1836,-0.008931094046878196,3,2134.2254665451674,2117.298723652755,3
1840,1845,0.004836272661901096,5,2089.9689736884657,2102.166602473825,5
1848,1853,0.004459232781944414,5,2134.1174366244118,2145.768080494951,5
1854,1860,0.01188745383219042,6,2155.8221997232276,2183.605258792572,6
1862,1865,0.0007323686426187776,3,2177.3044147798314,2181.0763086734314,3
1867,1873,-0.012997057425077167,6,2199.971655954563,2173.578469664534,6
1874,1888,0.05096117559398146,14,2170.7867868013154,2283.5834202073934,14
1889,1890,-0.0005126977383867682,1,2286.5615379536466,2287.6757845624093,1
1891,1894,0.0055738905997239786,3,2299.1957968954885,2314.3104585316246,3
1897,1901,0.009243361553409518,4,2312.3427543153925,2336.028917183252,4
1908,1909,0.00046335224165925705,1,2328.372381463593,2331.779610407425,1
1911,1912,-0.009021025098833544,1,2342.0151513474393,2323.229789036633,1
1914,1915,-0.00036667040703077577,1,2310.022271868799,2311.4852773339917,1
1919,1922,0.0012419928517136678,3,2316.8578494338053,2322.0522281706726,3
1925,1932,0.0018706983159720455,7,2294.689578044374,2301.2769395517444,7
1935,1936,-0.0014485529659298297,1,2319.9118251999207,2318.8712218700316,1
1940,1941,-0.0024212290062020593,1,2293.698713609182,2290.4388424659123,1
1942,1946,0.00487893108974103,4,2288.0918734764,2301.543407927564,4
1951,1953,-0.008519300257091997,2,2285.207327800381,2268.024167752943,2
1956,1960,0.03609796205394998,4,2265.38675412514,2349.4279859671956,4
1962,1966,0.005470029458659463,4,2368.0671453936075,2383.3886095843877,4
1967,1969,0.013768148897038115,2,2389.696388513684,2424.987780597968,2
1970,1971,-0.006756310492554804,1,2434.5350071026473,2420.5210676967704,1
1972,1974,0.0025353080573689134,2,2436.6058399746425,2445.219992233337,2
1975,1978,-0.008584432924399305,3,2442.5723622150363,2424.0468359708248,3
1988,1991,-0.011131602146820685,3,2431.40442898163,2406.7704066491706,3
1993,1997,-0.011744836607880841,4,2401.264897886806,2375.4636989067726,4
1999,2000,-0.0015391880848393232,1,2374.6234725547934,2373.343103872412,1
672,675,0.0034984057309204305,3,1976.7519374461856,1985.6441696902016,3
676,678,0.0002690664915419674,2,1988.4801724303188,1991.0036859862457,2
680,683,0.0017044324021318726,3,1987.8403020705719,1993.2162817937551,3
685,693,0.010072644795143679,8,1994.7423046746421,2016.8293776721507,8
694,696,-0.0017567209175155534,2,2015.0794257003595,2013.5545729484768,2
697,698,-0.00038225073980788465,1,2018.648826169062,2019.8958449880156,1
702,703,4.023595862664357e-05,1,2026.022704829191,2028.1302464997484,1
708,710,-0.006593877544712999,2,2017.3924119065564,2006.107365794718,2
716,718,-0.0003361103017761162,2,2000.2177041226432,2001.5456280506153,2
723,724,-0.0009604228448898726,1,2028.976005437283,2029.056306535365,1
725,727,-0.0035658618780738185,2,2033.0120031636566,2027.7955751670725,2
731,737,0.010166403002481963,6,2047.7914926683134,2070.657957740502,6
741,742,-0.003068787769433205,1,2068.219702963201,2063.94099533721,1
743,746,9.78344599591788e-05,3,2064.5994106514713,2066.865999030496,3
750,753,-0.002373170214009371,3,2062.4522392588697,2059.6201412761025,3
754,757,-0.00772729340508864,3,2059.8778739538125,2046.020471117075,3
758,759,-0.00011781508627454345,1,2053.678567482377,2055.490291732251,1
760,763,0.001084067657509033,3,2067.478668437525,2071.7874338630054,3
764,765,-0.0013554271508438766,1,2077.4042835956925,2076.665917710023,1
766,767,-0.0018172253835082234,1,2083.815046856077,2082.11210030525,1
775,777,-0.0026680388499149294,2,2084.205230270053,2080.7286949747668,2
778,782,-0.004363112964616915,4,2086.166039861906,2079.150027806903,4
783,789,-0.0012727307395268687,6,2079.017157721068,2078.450145834154,6
791,793,-0.002883740249309304,2,2080.0038049930754,2076.0856181068934,2
802,805,-0.00016674442605728768,3,2070.8880929169377,2072.6136719633723,3
806,807,0.0007852541098693204,1,2078.296872601042,2082.0071606343818,1
814,818,-0.008210350367093392,4,2089.5824338568113,2074.51581238778,4
823,824,-0.0012491866878233996,1,2073.055387219671,2072.5388094140553,1
825,826,-0.001226256857051078,1,2070.4566110616165,2069.988156056137,1
828,831,-0.006570582360023616,3,2070.1379985530302,2058.606124335476,3
832,835,0.0026550483794204873,3,2060.3891592443483,2067.91998130182,3
843,844,-0.0014942449685228759,1,2080.6278000578927,2079.5994602363453,1
845,852,-0.002996223181337601,7,2077.572661859478,2073.425363150961,7
856,861,-0.004089092210426373,5,2073.723851860538,2067.3179276631804,5
867,868,-0.003564061079479517,1,2072.8600642703764,2067.5451244563733,1
869,872,0.006914470341330186,3,2074.0829065053663,2090.498174154363,3
873,874,-0.0012053485779782395,1,2098.273837051448,2097.8429595028006,1
875,876,0.004196859756574446,1,2111.925511764706,2122.9008924656787,1
878,880,0.008392858985400018,2,2141.9459070851985,2162.0649029448045,2
881,882,-0.0009996407884081688,1,2171.0094208379915,2171.0102006897414,1
885,888,-8.1509367541937e-06,3,2172.244863846572,2174.399402879919,3
893,898,-0.0003731829327327862,5,2165.2413478974236,2166.5985581290383,5
900,901,-0.004107734141253164,1,2168.8616943141146,2162.1214487790385,1
903,908,-0.0008868105279166462,5,2165.1164061620834,2165.361474545096,5
910,911,-0.0011691391069874957,1,2164.2322266165497,2163.8661703104262,1
914,917,-0.006509150714261154,3,2153.1766816556024,2141.314506801929,3
919,920,-0.00013011699659871837,1,2152.748006430659,2154.620645332059,1
923,928,-0.0017641904579927142,5,2161.5425568896217,2159.8907266931014,5
930,932,-0.0017713229548459086,2,2152.138458163358,2150.47846436857,2
933,935,-0.004251781148492898,2,2151.417706805087,2144.4217672635646,2
938,947,-0.016320690833783735,9,2138.5285802962617,2105.764845078332,9
948,952,0.0025161223165475703,4,2105.916622736781,2113.321283170774,4
953,954,-0.002127697540192984,1,2121.3080039253564,2118.915810107338,1
955,960,0.009453831297747926,5,2117.31282422263,2139.4468552916114,5
964,965,0.0009626254429450005,1,2133.9238802705513,2138.111973571278,1
969,972,-0.0032608265315608414,3,2150.4081151705295,2145.5464154500683,3
975,978,-0.005504241984137366,3,2142.906217824792,2133.2540496703964,3
984,990,0.0010508520800066533,6,2122.521029577714,2126.8740062460815,6
991,994,0.0019328426131113097,3,2135.2883890672992,2141.5508538460376,3
995,996,-0.0017816535908317284,1,2141.4148252374666,2139.7409806498595,1
998,1003,0.0007798608035519536,5,2139.655454109615,2143.463742985491,5
1004,1007,-0.0028167448198229625,3,2145.159621978749,2141.2624143478256,3
1009,1011,-0.0015004295442494827,2,2143.3926181482875,2142.32000115724,2
1024,1029,-0.003377458848113342,5,2151.0791319160076,2145.965029800842,5
1033,1035,-0.00019342473585231602,2,2149.877989015784,2151.6120274226596,2
1036,1040,-0.003398948486282351,4,2154.815917317348,2149.6466249342825,4
1043,1046,-0.005039778737673908,3,2147.0290636656027,2138.3555413050385,3
1047,1052,0.0027549061128051486,5,2138.620949396089,2146.6512702719497,5
1053,1057,-0.0031304004255148527,4,2144.1052084086605,2139.537405760318,4
1063,1066,-0.006142300441693436,3,2149.119661005663,2138.0682420236217,3
1068,1075,0.003051400230975043,7,2142.467395825428,2151.1473887277316,7
1078,1081,0.002489510304174568,3,2150.065186961565,2157.5678615861143,3
1083,1088,0.00017017746084590124,5,2181.0655221107972,2183.6177558253994,5
1092,1093,-0.004314997864706601,1,2176.824205065179,2169.608037473546,1
1096,1097,-0.005060818551651499,1,2151.6650430113486,2142.927521687748,1
1098,1099,0.0009029589419504865,1,2138.69326550576,2142.7631109794434,1
1101,1103,0.0006152078948867743,2,2144.463742647335,2147.9274974147575,2
1104,1105,-0.001067424309280439,1,2149.5264346789045,2149.381504343766,1
1107,1113,-0.006680193117765399,6,2155.1839938445382,2142.9421325551843,6
1114,1115,-0.004825857142703687,1,2141.494392722204,2133.3013411037477,1
1119,1120,-0.003586880872193978,1,2130.4341880610755,2124.923008610512,1
1121,1122,-0.002122824791604833,1,2127.2543062062628,2124.865772333206,1
1123,1130,-0.0023875268370004542,7,2130.0624179595757,2127.1068991901707,7
1131,1138,0.004551201646272534,7,2135.8318055639484,2147.688238599156,7
1143,1145,-0.0013615651135622123,2,2145.713723894133,2144.9379086678814,2
1150,1154,0.0040115627050739035,4,2146.0516515939744,2156.806724014265,4
1159,1160,-0.001218840025690208,1,2163.3557202757083,2162.882291454306,1
1161,1163,0.0001239509090482883,2,2168.327556942845,2170.7646506715855,2
1164,1177,0.0028845191293126685,13,2169.369512230144,2177.79646959895,13
1179,1180,-0.0015670050259631923,1,2163.50593785341,2162.279219112946,1
1182,1185,0.011325560518764072,3,2164.0850145741974,2190.758575389082,3
1186,1187,0.0007104229170829504,1,2207.6776186032025,2211.4536809955925,1
1190,1192,-0.0014135911909663376,2,2211.5238452168323,2210.6091784358387,2
1194,1199,0.003748892612621283,5,2216.4788097329965,2227.004629578569,5
1205,1207,0.0006388519764765296,2,2226.5551294388283,2230.204123713443,2
1208,1211,0.0032051796150090513,3,2245.305310361938,2254.7472224825437,3
1214,1216,0.0053137810770868986,2,2267.1754156455677,2281.4898648833073,2
1217,1218,-0.0034235718653622357,1,2284.032354632601,2278.496838078336,1
1219,1222,0.007456423014803208,3,2279.4981126835964,2298.7745129858945,3
1223,1224,0.0008665326616354178,1,2303.428067020162,2307.727490740983,1
1225,1231,-0.004595786367075171,6,2301.265586494596,2292.9907270716594,6
1235,1240,-0.012572636071706594,5,2300.0938090304744,2273.4756604477793,5
1241,1242,-0.0013089330991500503,1,2281.062695068354,2280.357999300611,1
1252,1257,4.6957545770209006e-05,5,2290.2430321500397,2292.640819374197,5
1260,1261,0.005816179634543587,1,2316.5733527926536,2332.3635329018853,1
1262,1267,0.016104177832341058,5,2332.80221081647,2372.7028746779533,5
1268,1270,-0.0007483011393818891,2,2373.142458752662,2373.7397760056147,2
1271,1273,0.0031717855642759843,2,2373.033739022516,2382.93352691851,2
1279,1280,-0.001670049277321771,1,2379.053443949953,2377.4593609091244,1
1281,1283,-0.012556256631558772,2,2379.6794496041725,2352.1792631837,2
1285,1286,-0.0001694277653072812,1,2338.5955466599094,2340.537919189141,1
1290,1291,-0.000447463456845588,1,2360.546051899288,2361.8503398547614,1
1293,1296,-0.0027975134654922166,3,2384.437111669446,2380.151053853601,3
1302,1308,-0.010573428401887606,6,2364.719505718333,2342.0810328397915,6
1309,1310,-0.0004899101197362976,1,2345.306562368096,2346.502879511676,1
1313,1315,-0.003462374029150163,2,2373.3883373210924,2367.544167518185,2
1319,1321,-0.00034587163538933716,2,2335.485130220208,2337.0128372890113,2
1326,1328,0.002471958673105194,2,2334.929283747137,2343.0360617249303,2
1331,1332,0.00603339342545505,1,2372.2637333750977,2388.9487975208635,1
1333,1336,0.009767458833143412,3,2400.607365852883,2426.455806839245,3
1338,1340,0.0007941628742210243,2,2429.5767456333415,2433.9358020304276,2
1353,1354,0.0031920227701010195,1,2414.4123048268657,2424.533576185112,1
1356,1357,0.004733583133298457,1,2436.6672421099606,2450.638076310783,1
1359,1361,-0.0016025097384119624,2,2471.331595463099,2469.842594109987,2
1362,1367,0.003560631723123345,5,2458.454796704419,2469.666903640134,5
1369,1370,-0.003205801309358916,1,2470.8753246245565,2465.425064598237,1
1373,1376,-0.002148425592317518,3,2473.9838484325337,2471.1426620660136,3
1381,1382,-0.002643179413939983,1,2448.740521210289,2444.7168011957556,1
1383,1394,-0.0031416087347685734,11,2446.1152885346605,2440.8766666664837,11
1395,1396,-0.0003081701152570308,1,2441.3439538454077,2443.0329485516145,1
1399,1400,-0.0038703857681800517,1,2464.7281873348493,2457.653466623491,1
1401,1403,-0.0011716336733736737,2,2463.9847283601,2463.5618256100347,2
1404,1411,-0.0025116271791491085,7,2460.5934657783555,2456.8739658186482,7
1413,1416,0.004412132043891622,3,2443.199855312307,2456.4227755388742,3
1419,1422,0.00029247121063878125,3,2465.2064872328765,2468.392695645905,3
1424,1426,0.0021200921514258294,2,2481.9046650611367,2489.648436327181,2
1429,1431,0.0013278367149216473,2,2494.5614251518446,2500.3683568249403,2
1432,1433,0.0023107985707427185,1,2513.771901594801,2522.0944940137742,1
1435,1442,-0.0018830609231399271,7,2529.285104937643,2527.051592097993,7
1445,1448,-0.006055630221818609,3,2519.86479758524,2507.1252929596712,3
1450,1451,-0.003802660755324224,1,2501.3674492371742,2494.3569648525518,1
1462,1464,-0.008326264716911894,2,2433.0640711444867,2415.238799686075,2
1467,1468,-0.002041909922794172,1,2415.747106990075,2413.2301161083406,1
1472,1473,0.0013816090807948823,1,2431.9471534573754,2437.7391008820628,1
1474,1476,-0.01585974088533837,2,2435.8565998105473,2399.6604019035212,2
1478,1479,-0.0013587047439302911,1,2383.79322995543,2382.938152015296,1
1484,1488,0.0034832252708890954,4,2368.2739621141127,2378.8914677894513,4
1491,1499,0.004764612069208506,8,2390.8067281277554,2404.5888014478655,8
1500,1502,0.0007338434092888533,2,2407.654617196478,2411.829113286348,2
1504,1506,-0.0019844101699248414,2,2418.2474173943074,2415.86687004323,2
1510,1511,-0.005121818481144431,1,2430.4205803610084,2420.4028278959227,1
1516,1519,0.0013104023190028216,3,2422.7224405598886,2428.3199041048583,3
1521,1522,0.0005030397243020166,1,2446.0897136113676,2449.766283620132,1
1523,1528,-0.007960262352942057,5,2451.5005212208603,2434.437434434789,5
1530,1532,-0.0018455857476491378,2,2430.8207190352423,2428.765251680136,2
1533,1534,-0.0031353631612544165,1,2431.0615507684365,2425.8703514901836,1
1535,1536,0.006659603785809707,1,2435.0803061877095,2453.7320565197356,1
1539,1541,0.003817215459430044,2,2462.270036705339,2474.1313219914473,2
1542,1547,0.0002982729798209384,5,2480.4785757324025,2483.6989140443006,5
1548,1553,-0.0013783311154220144,5,2478.1375414443137,2477.19998490409,5
1556,1557,-0.002568662224426561,1,2479.351593765103,2475.462328578892,1
1558,1561,-0.0032379102651274383,3,2478.908037818581,2473.3604640744397,3
1564,1565,-0.0019040078776855702,1,2466.584374045941,2464.354562340827,1
1566,1567,-0.0007446375664757065,1,2464.490599855427,2465.1199381724036,1
1568,1576,-0.015687776263283194,8,2469.498688596245,2433.227244375672,8
1578,1583,-0.008870277483297894,5,2424.8094902451335,2405.72556671277,5
1584,1585,-0.0004726561333659367,1,2408.8138611711024,2410.084134386654,1
1586,1590,-0.002915406774763685,4,2410.9533882702594,2406.335431816727,4
1594,1595,-0.004398499490099558,1,2390.026138977565,2381.903636362925,1
1596,1597,-0.005217337409040968,1,2374.9835504697576,2364.9674434965045,1
1604,1607,-0.006936242508441645,3,2361.4302701216398,2347.412247371423,3
1611,1617,0.0036579737510946068,6,2369.9915447968283,2381.030903202808,6
1619,1621,-0.0002777035620562603,2,2388.895476454578,2390.620967147841,2
1625,1626,-0.006959290244735411,1,2387.4125153062378,2373.185231193614,1
1633,1634,-0.0001942589945384556,1,2290.3859349969844,2292.231392863144,1
1637,1638,-0.0003806994238800985,1,2290.8972494465984,2292.316003433012,1
1656,1657,-0.0012993701996698703,1,2194.358537919397,2193.7016123657527,1
1660,1666,-0.02206795334846959,6,2211.685966544583,2165.090269779957,6
1669,1672,0.0038258400878398973,3,2118.462933448385,2128.686296797223,3
1673,1674,-0.0014364270125519266,1,2127.6923677241357,2126.7637853004603,1
1677,1686,0.007462290607115796,9,2094.1037595068233,2111.8246740812237,9
1689,1691,-0.0035362097475950846,2,2138.251112201499,2132.8280588879275,2
1692,1693,0.0009751253005125769,1,2137.2665867497144,2141.487956059144,1
1695,1697,0.005583923805863732,2,2152.7769214835903,2166.95064070566,2
1698,1701,-0.006291123925111374,3,2170.075196396698,2158.593059605753,3
1704,1708,0.012274803527263643,4,2150.07232838477,2178.614116113484,4
1709,1714,0.009565125781650655,5,2188.029558256946,2211.1463657539,5
1715,1717,-0.003459255114878076,2,2218.710738929411,2213.254363196264,2
1718,1720,0.001702058226865288,2,2217.5538164145264,2223.545775947686,2
1723,1730,0.0043412365168399355,7,2233.6399777957718,2245.570377210648,7
1731,1738,-0.005203677068033015,7,2259.1769901004814,2249.680139594568,7
1742,1748,-0.005385925774941519,6,2263.9015415237573,2253.9722374008584,6
1749,1752,-0.002074670498792015,3,2245.4825394352706,2243.069385594587,3
1755,1757,0.0015675234015435154,2,2258.809270448302,2264.6088161098014,2
1763,1767,-0.007075934944508293,4,2245.4064163048038,2231.7634729953543,4
1771,1774,0.0036008175263984483,3,2226.804717901597,2237.0498400755855,3
1778,1781,-0.008959917944867127,3,2229.6208390304005,2211.8732401035527,3
1789,1790,-0.010353419834703122,1,2133.092316743883,2113.140608759198,1
1791,1792,0.0029331687678670806,1,2108.6054419560837,2116.89894302414,1
1794,1795,-0.001619378045481992,1,2121.0486577781944,2119.7349268061676,1
1796,1798,0.0052412882276120995,2,2123.975096765705,2137.23143753289,2
1799,1800,0.0029813609952628693,1,2147.4440147726013,2155.9937646125277,1
1802,1803,-0.0032410339260033516,1,2171.4954071456395,2166.6290122680657,1
1804,1805,0.0005492300185699433,1,2168.8047986961974,2172.164776194756,1
1806,1813,0.007475403980352732,7,2175.356057536644,2193.7930789253746,7
1814,1815,-0.0030360274111261134,1,2203.1991583110466,2198.7133844325554,1
1817,1826,-0.047122828929282615,9,2196.421613600406,2095.1164352597357,9
1827,1829,0.008458378595928018,2,2096.5933104126975,2116.423683704271,2
1832,1834,0.0033261260305109666,2,2121.2599360976697,2130.436773924702,2
1836,1847,0.001675289909248031,11,2121.9295022848733,2127.6062788704717,11
1848,1856,0.020081373491808892,8,2131.0626486781166,2175.9883763093435,8
1860,1863,-0.00501469311733983,3,2185.00190594192,2176.2297938287606,3
1864,1867,0.006893611672583997,3,2177.9598799473424,2195.1518494781144,3
1868,1869,-0.0016908732268038507,1,2210.7547266523734,2209.227375400699,1
1870,1873,-0.019406455472867495,3,2210.9909207988817,2170.2944148642828,3
1878,1879,0.005089054334783096,1,2200.6688527277806,2214.068844944905,1
1881,1883,0.006040744291193763,2,2244.4099512621992,2260.212267813647,2
1884,1885,0.0035827119746221076,1,2260.444011031797,2270.802974869115,1
1886,1889,-0.0002423739894302265,3,2284.676166139528,2286.407096228724,3
1891,1897,0.006151566763037346,6,2299.038315282014,2315.4800412845343,6
1898,1901,0.003765908011239773,3,2324.2113716576887,2335.2883492536866,3
1903,1906,-0.0031020928493985657,3,2325.4240507312975,2320.535793462436,3
1909,1910,7.297006814107861e-05,1,2334.6590846988815,2337.164104016077,1
1912,1913,-0.006226780973147857,1,2321.5934983976063,2309.459037672798,1
1914,1924,-0.0031087418111526402,10,2309.007826936293,2304.1387255893537,10
1925,1932,0.001989166652049927,7,2297.313065428713,2304.180117033211,7
1933,1935,0.003904489734669109,2,2306.6214313304718,2317.9342324622,2
1937,1942,-0.012582018406196806,5,2314.484739890802,2287.678335032525,5
1943,1947,0.001050699291163131,4,2297.219417968062,2301.930324200135,4
1953,1954,-0.004901730056524615,1,2274.0124426326934,2265.1398599363624,1
1955,1956,0.002622876860090106,1,2256.9709516727135,2265.147679507424,1
1963,1964,-0.0023041324581779495,1,2378.9303001400003,2375.8278599198447,1
1966,1967,0.0018125615780390041,1,2384.4395273872833,2391.1459103871703,1
1969,1971,-0.0048381740339586456,2,2431.3778787132783,2422.0458272724595,2
1972,1974,0.005195209852769029,2,2430.303964760557,2445.360207828265,2
1975,1977,-0.007338870224934406,2,2446.5106296958716,2431.002516310307,2
1985,1987,0.004522554997566655,2,2411.896573808969,2425.2164052862718,2
1989,1996,-0.019016483145797177,7,2430.931753543615,2387.134912577313,7
1997,2000,-0.0083814826579327,3,2384.7564045504014,2367.1533665068187,3
673,674,0.0041733116455915,1,1977.2341202774592,1987.4629685779514,1
677,681,-0.002288277876756227,4,1986.8476147543652,1984.2880029277912,4
682,683,0.0009111295741650396,1,1989.3354605280722,1993.1373383596226,1
691,694,-0.002118537608215464,3,2014.6756142171273,2012.4221237742709,3
696,700,0.0011180113193112258,4,2019.2172015403692,2023.4939264293796,4
701,702,-0.0038481493667144686,1,2027.8601467691951,2022.084498176389,1
706,709,-0.005448644986441832,3,2018.7162881456343,2009.7357360513267,3
710,712,-0.007330769583091273,2,2010.9199509145078,1998.1892800552268,2
713,714,-0.0016512579611090154,1,1998.6137609606515,1997.3121478376438,1
716,720,0.0009322434237598841,4,2000.7545046609282,2004.6204493951172,4
722,724,0.0017940571624537327,2,2022.4711042846461,2028.1220041594283,2
726,729,0.005673186578252087,3,2030.8864647048142,2044.4389490030362,3
730,731,-0.0007588678782620621,1,2044.4953823064293,2044.9883758158483,1
732,745,0.00750761459219492,13,2049.490040662032,2066.9263120385262,13
746,747,-0.0015461547905341955,1,2067.8157093872296,2066.686361931606,1
748,753,-0.0058093651794268964,5,2068.097825410956,2058.151587741776,5
754,757,-0.003134746252341439,3,2055.9071750549797,2051.518334917869,3
760,763,0.0052950909124069735,3,2061.7448224695167,2074.7236935651467,3
764,766,-0.0013157085000843058,2,2079.766889868571,2079.1102897832457,2
769,771,-0.0013769970213747995,2,2090.7121379153823,2089.923945666836,2
774,775,-0.004056491116125041,1,2086.886904183935,2080.508352900939,1
777,779,-0.006440593080617506,2,2087.200842286444,2075.8452318260415,2
783,786,-0.003886975315402834,3,2080.313918217886,2074.308103287702,3
789,793,-0.0017924645671325546,4,2075.7943139709964,2074.149320528519,4
795,799,-0.0039059992887060784,4,2079.715426254489,2073.6717747050825,4
803,807,0.003983099792338,4,2070.8845921099523,2081.2040166908514,4
808,810,-0.004183090045001817,2,2095.0340309668923,2088.3653489989815,2
817,820,-0.0007690429240537366,3,2080.091754767434,2080.572166676815,3
821,822,-0.0015484845505488011,1,2078.9965768034203,2077.8562793004,1
824,826,-0.00370834235269267,2,2074.2571179787033,2068.6393195757073,2
827,830,-0.004171136465525863,3,2068.5846191690403,2062.0248550511674,3
835,836,0.0005482664988692577,1,2068.589261946192,2071.791989400384,1
837,839,-0.00033486761597648865,2,2072.5395427864687,2073.9180559535453,2
840,841,-0.00158553928029835,1,2077.0821267296847,2075.865913556079,1
842,852,-0.000977917755616949,10,2075.685428034267,2075.731263827151,10
853,856,-0.000968240124584863,3,2075.60598382037,2075.671904807827,3
858,860,-0.0031493408465176585,2,2069.0037346074528,2064.5567403690634,2
862,864,-0.0011595929325758422,2,2068.33148066197,2068.0013895754323,2
871,874,0.0030531323027688023,3,2088.9368149177944,2097.4035522007807,3
875,882,0.024029273728978423,7,2119.134022472076,2172.174407988921,7
883,885,-0.006661074405934775,2,2185.5310163687427,2173.158562668601,2
886,887,-0.0016477458267384975,1,2173.581017515139,2172.1730894819657,1
888,889,-0.0024702065511869836,1,2173.057983029792,2169.8631389470324,1
892,893,-0.006151384363328762,1,2172.9003588200762,2161.706913888579,1
894,895,-0.0008702217794685872,1,2162.545037886811,2162.825689133647,1
899,901,-0.004867393616910577,2,2168.0286252250526,2159.644005158578,2
903,907,-0.004644896693180749,4,2166.5391251758465,2158.6423138828463,4
909,912,-0.000878037541993788,3,2162.991321503452,2163.255125241669,3
913,915,-0.008107140815409291,2,2161.090208917677,2145.731036488097,2
919,920,-0.00082754647419604,1,2152.5638058671743,2152.935023085014,1
921,924,-0.0014226847328725994,3,2157.206237112351,2156.294418970266,3
931,935,-0.007230195536125403,4,2153.1716176226246,2139.756937422,4
937,939,-0.004087670960449657,2,2141.8420537051293,2135.228750194034,2
942,944,-0.005240745037120047,2,2136.163734574617,2127.104808818744,2
948,950,0.0015622092777976314,2,2108.1407554495454,2113.5422532520615,2
953,955,-0.005048535784743934,2,2121.92051102862,2113.3298399073383,2
956,958,0.004116649475051527,2,2122.626062578229,2133.4867961070504,2
962,963,-0.004328698914203855,1,2142.999414349344,2135.86601452566,1
964,965,-0.0005255138189454093,1,2139.1401837837157,2140.1551762402596,1
967,969,-0.0050260710581948595,2,2153.069385184029,2144.4009748460544,2
970,972,-0.002013464395829151,2,2152.0304109071285,2149.8494047069325,2
973,974,-0.0029116423439408097,1,2149.8439704445273,2145.7342376777597,1
977,984,-0.00752905390605155,7,2133.977379803973,2120.044526456938,7
985,986,-0.0016796358264412588,1,2124.8916201621714,2123.4474676898044,1
989,993,0.005112644286470356,4,2129.864927695911,2142.884034377145,4
995,998,-0.001525836227294164,3,2142.3257658371554,2141.1992533388125,3
1002,1003,-0.003576707092318942,1,2147.4023960190652,2141.86916903518,1
1004,1005,-0.0014714404405240737,1,2145.2887600029953,2144.277384124928,1
1007,1008,-0.0026751295804524934,1,2143.6495104406335,2140.058619735572,1
1010,1011,-0.0005934682552256078,1,2139.452751318039,2140.322506777895,1
1013,1015,-0.004554448216040716,2,2139.8218265451615,2132.215940671153,2
1016,1027,0.003328740719508812,11,2134.110298592291,2143.3483087417308,11
1028,1035,0.004811611540162934,7,2139.90240987434,2152.338691414388,7
1044,1048,-0.0017701013724318263,4,2142.333318272824,2140.6835044442155,4
1050,1052,-0.0017612285932936916,2,2143.0851376319747,2141.4537599473465,2
1057,1059,-0.001278502542118274,2,2142.174629532804,2141.5780284528178,2
1062,1065,-0.0032530329998340666,3,2146.2696788921753,2141.434062479088,3
1066,1070,-8.823143628690572e-05,4,2142.735395102851,2144.689073876461,4
1082,1083,0.001039505195639048,1,2169.384826249841,2173.809297874318,1
1084,1085,-0.0005131411127614102,1,2184.8402488020483,2185.903957694374,1
1087,1091,-0.004410283487935735,4,2185.86325818076,2178.408844804501,4
1092,1093,-0.005003563946381814,1,2174.253543936656,2165.5487808378584,1
1094,1098,-0.00994836696026765,4,2157.9644424105845,2138.6541846926852,4
1099,1101,-0.002486807118621745,2,2144.9106185272094,2141.721550150776,2
1106,1108,-0.0010932099950636302,2,2152.454210799262,2152.2535805528987,2
1111,1117,-0.009339593574251872,6,2148.61728509087,2130.6986901866,6
1119,1120,4.4392809719714975e-05,1,2124.5573033712903,2126.776175742769,1
1133,1137,0.001925403508093373,4,2140.9063879613295,2147.169403019171,4
1138,1139,-0.0019249231484114802,1,2146.1228758839775,2144.137877156737,1
1140,1141,-0.0007275724706823197,1,2144.128520365076,2144.7126400004186,1
1143,1146,-0.0018268538203987062,3,2145.7802188916194,2144.005972319893,3
1149,1150,-0.0002948948600336469,1,2143.797645001592,2145.3092477401306,1
1151,1152,0.0030984247168391885,1,2145.096932807886,2153.8884510973216,1
1155,1157,-0.002420206096603582,2,2160.642511618162,2157.573953950581,2
1160,1164,-0.00016498773708662753,4,2167.467550240318,2169.2774122242354,4
1165,1171,-0.0033351902001449614,6,2168.0574348457035,2162.9946083705004,6
1173,1176,0.0014793568264895199,3,2170.422053134355,2175.803303868157,3
1182,1187,0.02062311362767583,5,2164.7080968511004,2211.5158260000617,5
1191,1192,-0.0035519149733979614,1,2214.3530134231696,2208.702172811826,1
1193,1199,0.0006548609223784908,6,2217.7039946736654,2221.3739863518535,6
1200,1202,-0.0034660318906342916,2,2225.8638417449038,2220.374790526951,2
1203,1204,-0.001335712787194115,1,2227.0202307028003,2226.2725915340134,1
1205,1208,0.0037298128669866993,3,2226.129147174657,2236.658321458538,3
1216,1218,-0.002404105456884207,2,2281.3674968400514,2278.16421628858,2
1225,1229,-0.009406860073729557,4,2299.345534750122,2280.015258578323,4
1235,1236,-0.0049045566651216895,1,2299.8555450379245,2290.8756287407296,1
1237,1239,-0.005227416595379339,2,2291.0718416863106,2281.3865265615595,2
1243,1245,0.0025975813832710064,2,2284.390488446761,2292.6087691401185,2
1247,1248,-0.0011143090155066628,1,2299.083090547901,2298.8202846232525,1
1249,1251,-8.515426301421083e-05,2,2292.4411756373997,2294.5384056742223,2
1252,1253,-0.002456248160776255,1,2290.469962917954,2287.1344702471415,1
1255,1257,-0.0016804508001770273,2,2289.941058699333,2288.382866473583,2
1260,1261,0.004730767869058517,1,2318.2901541515894,2331.575736878156,1
1262,1265,0.005914829813471626,3,2340.4521981915723,2356.6360268286326,3
1266,1267,-0.0016996024526623188,1,2370.3160520772763,2368.657773153658,1
1271,1272,0.0007155598150006897,1,2375.179894700782,2379.254657881528,1
1273,1275,-0.003527764090497376,2,2390.3037338386703,2384.261609894891,2
1284,1287,-0.004770477295324108,3,2348.379297333168,2339.524786511764,3
1288,1293,0.013562962382306261,5,2348.1823751022466,2382.378866697655,5
1295,1298,-0.0053918590377224195,3,2385.2677493808624,2374.791989658356,3
1304,1308,0.00496316938674283,4,2325.4976034732254,2339.3649395912007,4
1310,1314,0.009686872815763074,4,2345.645486363155,2370.713101346787,4
1315,1316,-0.0027382250216990193,1,2370.653450446588,2366.5327213012447,1
1320,1323,0.0010884756650994783,3,2332.2430132293844,2337.113846007612,3
1329,1330,-6.0196353505965593e-05,1,2350.1542625955535,2352.3629461413643,1
1331,1335,0.016322873233054456,4,2376.9106384149463,2418.085560090507,4
1337,1338,0.0023950045954097177,1,2418.4334459663273,2426.6440386290756,1
1340,1354,-0.007802376019230198,14,2435.391911564078,2418.825460027427,14
1360,1361,-0.005353248408169227,1,2476.2202633946285,2465.4406614747295,1
1363,1364,0.0006710127241465868,1,2456.113835595199,2460.218033066431,1
1366,1369,0.0004348168838130787,3,2465.139860096602,2468.6768843888294,3
1370,1372,-0.0007379375652722515,2,2471.7928947156556,2472.4406587797876,2
1373,1379,-0.01471408778943167,6,2476.9546094701855,2442.985436505474,6
1380,1388,-0.009622138009722121,8,2445.475755283658,2424.390525822173,8
1389,1394,0.003720651996320895,5,2427.756516931062,2439.2171105792936,5
1395,1396,-0.0015897670240866747,1,2445.2931122208597,2443.8509589790456,1
1397,1398,0.0019181025354592807,1,2455.3774220478144,2462.5424651286016,1
1399,1400,-0.003479409875575547,1,2465.973738510386,2459.859578870213,1
1401,1403,-0.0027394313970053783,2,2467.130396814789,2462.838992742063,2
1405,1408,0.002212290681903481,3,2460.150980701205,2468.053700772587,3
1410,1417,-0.0036032722467344946,7,2460.9560006597135,2454.5494622027613,7
1418,1419,0.000642927044800291,1,2464.3172311227004,2468.3659245486792,1
1424,1426,0.0030451070201169862,2,2479.7498135246833,2489.780666903506,2
1427,1429,-0.0031507943545215156,2,2496.1250396136684,2490.7563879702875,2
1430,1434,0.010760118543142159,4,2500.4952052310114,2529.9013252610866,4
1436,1438,-0.0066924152808636814,2,2527.068500765859,2512.68337741631,2
1441,1444,-0.00223763685870724,3,2523.7191675370514,2520.5957196742816,3
1447,1460,-0.027184147153197526,13,2505.382204521013,2439.7809082028325,13
1462,1466,-0.009202508707523503,4,2431.2151665497777,2411.27310297629,4
1467,1471,0.003362318864562029,4,2415.9250342832997,2426.4640696357214,4
1475,1485,-0.020870640990595928,10,2419.602588268162,2371.5235338967686,10
1486,1489,0.0023429945247768866,3,2372.2222725237284,2380.152598592329,3
1491,1493,0.0008230323132726296,2,2384.7550022857326,2389.102487714138,2
1498,1499,-0.003750487391897822,1,2407.7355051269446,2401.1130589770682,1
1503,1511,0.0006172150599754506,8,2420.166863002025,2424.0807933005253,8
1513,1517,-0.0031679526209566445,4,2421.0277934770925,2415.779119926815,4
1518,1519,-0.0019743249011715063,1,2432.7767563242764,2430.4064413515985,1
1521,1522,0.00012024025744134881,1,2443.0482985833683,2445.785099638315,1
1523,1524,0.0007862510970265825,1,2447.712996576357,2452.0852266016977,1
1529,1538,0.005790380163379476,9,2436.905765338885,2453.453281907867,9
1539,1540,0.00227837427885367,1,2459.699031794478,2467.762845834034,1
1544,1551,-0.0011205370552011982,7,2485.213276980219,2484.9137166902647,7
1554,1560,-0.005494418439191667,6,2483.236176758354,2472.0754742966633,6
1563,1566,-0.0047835124900703265,3,2470.072974255535,2460.727422306054,3
1570,1572,-0.0042277250605146895,2,2464.982553107794,2457.0262671473965,2
1580,1581,-0.005120120972664561,1,2420.452540453199,2410.4799831779387,1
1582,1584,-0.0044684802870345874,2,2411.1340659937155,2402.7710950164187,2
1585,1586,0.0015792392480199328,1,2406.0314834064657,2412.2372142404392,1
1587,1589,-0.003405498904239212,2,2405.534090064491,2399.747580446731,2
1592,1595,-0.014420152212025656,3,2415.7860999249615,2383.3658827522727,3
1597,1598,-0.008231051597772383,1,2367.1313288173933,2350.014480040011,1
1599,1600,-0.0030367206898559967,1,2353.714747204263,2348.920887680613,1
1602,1606,-0.002814507907136482,4,2360.6743091275976,2356.3908469275116,4
1607,1608,0.004880604922476246,1,2343.6884760740763,2357.4707820632284,1
1609,1610,0.0016002839157209627,1,2362.180000772967,2368.322339435015,1
1616,1617,-0.0014589428285939998,1,2383.517197086909,2382.4232989624757,1
1618,1619,-0.0006584901564349295,1,2384.8875645070893,2385.7020270861644,1
1623,1627,-0.010758263726616063,4,2389.182894257567,2365.868617484282,4
1630,1635,-0.022177850572141316,5,2333.4862993366605,2284.0680751771697,5
1636,1639,0.0012143458834773984,3,2285.1189093852754,2290.178953035529,3
1640,1643,-0.019329450833912555,3,2280.6342036515584,2238.831431145588,3
1644,1645,-0.026764191694171238,1,2207.9156956189627,2151.0305323924663,1
1646,1647,0.007018362886733873,1,2123.551361224561,2140.578766647477,1
1648,1650,0.0031802384209427288,2,2148.6403395570255,2157.6221684572292,2
1651,1652,0.0026388541923950464,1,2163.1985652843546,2171.0701294526225,1
1653,1656,0.007977909888554912,3,2170.8834917536983,2190.3734881212145,3
1658,1662,0.010351934994473865,4,2191.7603438201213,2216.641064766633,4
1663,1664,-0.008086324446338427,1,2205.4455093200836,2189.8170068923214,1
1667,1670,-0.018705279309390754,3,2148.139596849479,2110.106185291697,3
1672,1673,-0.0007776408193980271,1,2125.4876728416393,2125.960294538952,1
1676,1682,-0.008650967189488984,6,2111.895777533007,2095.7377322314815,6
1684,1687,0.0018075438012406415,3,2115.0287551761403,2120.966791047181,3
1690,1692,-0.0040478815136140885,2,2139.7830260063333,2133.2612208782234,2
1694,1697,0.008976282259137849,3,2142.3632567743343,2163.736077325521,3
1698,1701,-0.004291410698366971,3,2167.1901438927316,2160.0570310677276,3
1703,1706,0.0011002915835729285,3,2152.895076426795,2157.41678383613,3
1707,1710,0.007740903487618527,3,2170.7042609849527,2189.6781774303845,3
1717,1719,-0.002984028448246143,2,2221.2196412676503,2216.812678309572,2
1721,1726,0.0010992897861347144,5,2231.0730305426164,2235.756699367755,5
1732,1735,-0.00836565876329539,3,2263.5524919263885,2246.8799366780518,3
1736,1740,0.0026265115269779394,4,2240.6999018557312,2248.8258258783094,4
1742,1747,-0.0024358544121804836,5,2263.1155157141493,2259.866011315637,5
1748,1749,-0.0016031626477278826,1,2249.7345485631517,2248.3775927161555,1
1750,1751,-0.0033788486681567325,1,2251.170532390671,2245.8153383678996,1
1753,1754,0.0007635214581149894,1,2248.363283005185,2252.3283199004027,1
1759,1760,-0.0037876316867058186,1,2265.961113642524,2259.644448641291,1
1767,1770,-0.006860801230057406,3,2226.925703324618,2213.8741344233267,3
1771,1777,0.005806426910730961,6,2221.5464159131125,2236.6672092218214,6
1778,1780,-0.007006379759057061,2,2226.744886239703,2213.370210826409,2
1783,1790,-0.04322931277013185,7,2208.3420844609914,2115.0853158728432,7
1791,1792,0.0022757300023558504,1,2110.6872242460304,2117.6012657120823,1
1796,1797,0.0013788702724897017,1,2127.3286456499623,2132.3892845249147,1
1801,1804,0.00010096848743418384,3,2165.6011868386545,2167.985445501714,3
1806,1808,0.003414355970347163,2,2175.5744539986345,2185.178214078578,2
1809,1812,0.00040963649506058335,3,2195.9998060335897,2199.0953675033206,3
1820,1822,-0.008626957106749888,2,2178.268307721376,2161.6547487713924,2
1825,1829,-0.002835597607925545,4,2114.8696398504444,2110.9875901984606,4
1830,1832,0.004723463815802657,2,2108.3897787980045,2120.457071406563,2
1834,1838,-0.009801662383476132,4,2130.2596796077673,2111.5098531187277,4
1839,1840,-0.009121655831390997,1,2100.820488995517,2083.7583480203607,1
1844,1845,0.005748133758811296,1,2082.9659522372053,2097.0220850979517,1
1846,1853,0.010473755140233684,7,2120.8127902664028,2145.1464769201953,7
1854,1866,0.014078001419560546,12,2154.4253641164055,2186.90979281489,12
1869,1871,-0.008547661022672598,2,2218.984903769803,2202.236757901721,2
1872,1879,0.009097647074513382,7,2189.559020495351,2211.6684147331302,7
1880,1886,0.01878173733037861,6,2231.8096788477956,2275.9587516861593,6
1891,1892,0.0030400911105241627,1,2300.4103122569054,2309.7041795100126,1
1893,1898,0.0002633346296121433,5,2319.1724100721417,2322.102300889827,5
1899,1907,0.0008004397219459542,8,2321.6072470148997,2325.787160921183,8
1909,1919,-0.00997845879195507,10,2335.2150961269717,2314.2484636160443,10
1921,1924,-0.007744494465534008,3,2325.4334981234115,2309.7496247653507,3
1925,1930,0.005035712638140151,5,2295.1977658187507,2309.050919980934,5
1931,1935,0.0036966056483656393,4,2307.499978127734,2318.337395558612,4
1939,1944,-0.00035107992306463115,5,2293.9558352549757,2295.4444292520757,5
1946,1951,-0.008975977318931318,5,2299.5908288860805,2281.2493445920627,5
1955,1960,0.036893909693198224,5,2260.8040907266172,2346.474796774625,5
1961,1962,-0.0012623468292962872,1,2363.0484968610926,2362.428558580468,1
1963,1966,0.003109753435816585,3,2377.066608393377,2386.8357660543866,3
1968,1972,0.0010500397174593086,4,2423.462251273978,2428.430445142853,4
1973,1974,-0.0003856987577110179,1,2442.273824559168,2443.7741164036047,1
1978,1979,-0.0028415077080430856,1,2426.8622230482124,2422.3931375581105,1
1980,1988,0.0006881542263583262,8,2421.881997193329,2425.970507522632,8
1989,1992,-0.014694474603491315,3,2431.5765488484085,2398.277385553759,3
1997,1998,-0.002173487333544175,1,2383.4577166624604,2380.660759221919,1
672,675,0.0004510493332548363,3,1978.9294344638593,1981.8009587002964,3
676,677,0.000616552925776982,1,1987.545680707003,1990.7586534922652,1
678,687,0.00203395949739832,9,1994.351518156774,2000.4022998864366,9
688,692,0.0059410624668184055,4,2000.458222240609,2014.3435277234416,4
694,695,-0.0008174652522401977,1,2014.7935913613167,2015.1613612013039,1
700,701,-0.0004648919176229664,1,2020.0075075380491,2021.088429881795,1
703,711,-0.015936470341110155,8,2028.6809659869232,1998.3796329068848,8
713,714,0.0018019010183248827,1,1993.6001565119634,1999.186026820627,1
721,724,0.00634586924684157,3,2014.3283841913533,2029.1253771218246,3
726,728,0.003811970742854987,2,2027.6243627985757,2037.3812319098624,2
729,730,-0.000530798904422927,1,2042.9806154734208,2043.9391842164437,1
733,735,0.0015253232330279284,2,2051.0231924408017,2056.2026889601516,2
739,754,-0.0065544135774780275,15,2067.262087379175,2055.7796587728303,15
755,762,0.00576089257980808,7,2057.4836216479816,2071.394047398658,7
765,774,-0.0005167093947125946,9,2079.4390701152965,2080.444043482151,9
775,776,-0.0047013881949269426,1,2084.0667209674198,2076.352781008991,1
777,780,-0.002305486023951521,3,2082.2838702539243,2079.565477763408,3
783,784,-0.0018308611636046878,1,2076.2889121151175,2074.563804293618,1
788,791,-0.0049683249002560785,3,2078.516112911777,2070.2678856653256,3
792,793,-0.001218141774305425,1,2074.2311038901885,2073.7786274368664,1
795,798,-0.0009516492330131789,3,2070.3681795523335,2070.46828344176,3
799,806,0.0005240448829345406,7,2074.6164961179634,2077.7783047729235,7
808,815,-0.0013598920249967182,7,2087.5744177831766,2086.8231163986293,7
816,818,-0.004067822297383767,2,2086.7790064126,2080.3771392470153,2
819,821,-0.001783780657374787,2,2081.5177057699266,2079.886252454161,2
823,824,-0.005454291164450601,1,2078.85550811729,2069.5956803953136,1
826,830,-0.00603481511333847,4,2070.7518537666015,2060.3260010372837,4
832,841,0.00756605433761666,9,2057.6916073546104,2075.3179054732677,9
842,846,-0.0007816642182672307,4,2077.400365073535,2077.853935906215,4
850,853,0.0009199470161769423,3,2071.9843330085046,2075.9624331462296,3
856,857,-0.0017754532331382676,1,2074.450094576392,2072.841455543569,1
862,863,4.706716762356198e-05,1,2069.10684080121,2071.2733346405184,1
866,868,0.0011619014062835844,2,2064.6309128178323,2069.0944412917097,2
869,877,0.0245813430357831,8,2075.1700835775446,2128.2557213431364,8
878,880,0.00934028476369974,2,2141.2233460108587,2163.364205151293,2
881,882,-0.0010203244225843269,1,2173.5773169857243,2173.533140281814,1
883,887,-0.008121675465293927,4,2182.2793723041304,2166.737886839975,4
890,892,-0.002200838145017106,2,2168.0822040070566,2165.478688194952,2
900,905,0.0014062326779495172,5,2161.6532528997127,2166.854693595236,5
908,910,-0.000773346667608793,2,2162.422551010293,2162.9126712875172,2
912,913,0.00031955289436345316,1,2160.020980165369,2162.871242101632,1
916,918,-0.00024856985175759536,2,2145.0876797868564,2146.6995633400716,2
919,920,-0.0003426402016773858,1,2156.0713480273325,2157.488662653841,1
921,922,-0.000967650899943989,1,2156.404978858148,2156.47473661857,1
923,927,-0.001010789028213506,4,2156.273973951977,2156.250709851236,4
930,932,-0.004827286837497634,2,2156.4863578545323,2148.2328660018725,2
933,934,-0.0021165069692344438,1,2147.43410957664,2145.036484427326,1
938,941,-0.003357353852459004,3,2137.862848825359,2132.8231496026515,3
945,954,-0.001990750346555104,9,2121.0943384784596,2118.992863527536,9
955,958,0.007046541575613356,3,2116.8651080543523,2133.898551156277,3
963,966,0.0023586679077682517,3,2139.832078720672,2147.0190640514843,3
967,969,-0.003791632460053006,2,2151.5159058427716,2145.5096642017006,2
970,971,4.0385446906876944e-05,1,2151.0319829135497,2153.269885284404,1
975,976,-0.003797934250234366,1,2142.5554657488483,2136.5607364282027,1
977,981,-0.006517434658807846,4,2136.7270621774796,2124.937810228209,4
987,988,-0.003272652307881242,1,2128.327053835405,2123.49010644458,1
994,998,-0.002232483900611571,4,2140.0254139594613,2137.3878670898566,4
999,1000,-0.0013206502589232297,1,2145.6464202927714,2144.958418212547,1
1005,1008,-0.004441454123581288,3,2146.340564009154,2138.954031424535,3
1010,1014,-0.007460415881886584,4,2143.796860388881,2129.9470411044863,4
1015,1016,0.000719196144606677,1,2128.9177630875074,2132.577790297992,1
1019,1025,-0.001500389970137815,6,2146.122599724042,2145.048701500454,6
1029,1031,0.0003675608021211287,2,2144.7230021035366,2147.656041212621,2
1034,1036,-0.0001500771768289899,2,2149.7233112617882,2151.5504101675324,2
1038,1041,-0.004365630984639078,3,2150.1959985631433,2142.9592322873323,3
1043,1044,-0.0006334768074041604,1,2142.215297949338,2143.00046953957,1
1046,1055,0.0012066189560419353,9,2141.2233816119146,2145.9482457148997,9
1059,1060,-0.002215437220529078,1,2142.468525609954,2139.864489620116,1
1064,1065,-0.003050850856279366,1,2142.4345778275697,2138.0407640391095,1
1070,1072,0.0012155257155782532,2,2152.5251832725476,2157.2941581695177,2
1078,1079,-0.003139042522935954,1,2150.260708876256,2145.6612097845714,1
1080,1083,0.00872535840996054,3,2155.1645775439165,2176.1243254929823,3
1085,1090,-0.00416579035444205,5,2190.7298803006047,2183.794488776361,5
1092,1095,-0.014558518577433278,3,2178.8765254949967,2149.3341876461395,3
1099,1101,-0.0001106052611063355,2,2142.814822089669,2144.720630318859,2
1105,1106,-0.0010026266065101637,1,2151.703057170006,2151.697405492748,1
1107,1112,-0.003887446445216058,5,2154.2476643018244,2148.027389541421,5
1116,1118,-0.0025639691120849135,2,2130.7116451999445,2127.379278000092,2
1119,1121,-0.002256371920569682,2,2127.54596197556,2124.8729729692127,2
1128,1129,1.6332304948021457e-05,1,2126.1119011330916,2128.2727373421476,1
1133,1134,-0.0010419018764697148,1,2142.2821852363722,2142.192419592883,1
1139,1140,0.0011880101235459835,1,2142.4058781926665,2147.0934839428965,1
1141,1142,-0.0026023276849891992,1,2149.074037163586,2145.6305163367474,1
1144,1145,-0.004334848034323621,1,2149.6168938610235,2142.4482481879822,1
1154,1158,-0.002438458630938092,4,2161.7933933758754,2158.683743010869,4
1159,1166,-0.0022207221804092705,7,2168.2343343186963,2165.5875225744685,7
1168,1169,-0.006113741785373822,1,2170.2409946838306,2159.1429426249847,1
1172,1174,0.001421173339233433,2,2165.1368682438665,2170.37903990505,2
1181,1182,-0.0001622600846888883,1,2163.6378205038136,2165.4503862683264,1
1183,1184,0.0031015759453624538,1,2172.0400696587653,2180.948856960841,1
1187,1194,-0.002856057454594768,7,2213.461902167239,2209.35358970326,7
1197,1198,-0.00020052925776631455,1,2219.611685907917,2221.3862005099204,1
1200,1202,-0.004222333795531212,2,2229.4906197835508,2222.3064568126024,2
1210,1211,0.0005832809060731497,1,2249.8910773363805,2253.4532869198715,1
1213,1214,0.0012931694339010998,1,2266.4910318106536,2271.6884797670127,1
1215,1222,0.003363426904050032,7,2283.4642469249347,2293.4279762544033,7
1224,1229,-0.013735115452591134,5,2305.743072900329,2276.379168662931,5
1233,1234,-0.0012980260137274797,1,2293.851072024706,2293.167444733626,1
1235,1237,-0.004683393812591101,2,2296.5179348605475,2288.0589549087777,2
1244,1245,0.0007266415896852415,1,2290.0679959477666,2294.022122592777,1
1246,1247,-0.002671811372007956,1,2301.3016263483514,2297.454284119002,1
1248,1249,-0.003406910162710198,1,2298.553870624813,2293.0214579540693,1
1251,1254,-0.004301560111471578,3,2297.4418591112453,2289.8567167107785,3
1255,1257,-0.0011295852395782368,2,2291.4916371093436,2291.1946936165573,2
1260,1269,0.020828175148715433,9,2321.3504007228953,2372.0212438514154,9
1274,1281,-0.005898932285413389,7,2386.7679489147827,2375.075334352054,7
1287,1293,0.012653951710118582,6,2343.2568377145003,2375.2515534210593,6
1296,1297,-0.0006364044900758529,1,2381.288075181876,2382.153900833848,1
1298,1303,-0.015683458935050944,5,2383.370145519358,2348.3740278605983,5
1304,1305,0.000257375531154488,1,2324.3707351265143,2327.293342014194,1
1308,1309,3.270885895313583e-05,1,2340.022909077634,2342.4394714659916,1
1312,1315,0.0014033086253767185,3,2364.103943281753,2369.785614679929,3
1318,1323,-0.0028141815108790307,5,2343.7219470957493,2339.470010072687,5
1325,1326,-0.004024007303531211,1,2336.5543443031365,2329.4885869008663,1
1328,1330,0.004144425441661145,2,2343.959793739777,2356.018120136923,2
1331,1333,0.011563610633523874,2,2370.0820160695616,2399.858803688977,2
1334,1337,0.003844124385026599,3,2413.7800034847837,2425.472654059754,3
1343,1344,-0.0017317399300693127,1,2435.610907361495,2433.828673606466,1
1347,1348,-0.0009321815990471097,1,2418.519586842359,2418.6836069734118,1
1354,1361,0.017514757969955958,7,2426.506480470906,2471.4326606693544,7
1363,1365,-0.0008255264138889797,2,2456.38237023556,2456.8109440765547,2
1376,1383,-0.013194453588505527,7,2474.035632914013,2443.8661202121343,7
1384,1387,-0.01299530272670871,3,2449.850668761722,2420.463968354695,3
1391,1395,0.003437375642199654,4,2429.687219728484,2440.4686546154708,4
1396,1397,0.0007199906793534578,1,2446.835599341466,2451.0441337662437,1
1399,1406,-0.0009726002489715302,7,2461.9862858579063,2462.0537436691743,7
1408,1410,-0.0029220698655766262,2,2467.0607870860067,2462.318923890603,2
1418,1424,0.007842798783838183,6,2460.728992669238,2482.4887240129688,6
1425,1426,-0.003243302591222176,1,2494.507502101131,2488.9115669578446,1
1427,1431,0.0018895773527567014,4,2493.573276066688,2500.7786489326495,4
1435,1436,-0.001819616532942871,1,2530.1950312495405,2528.1212415703585,1
1438,1440,0.00023652500052045978,2,2514.337965851293,2517.447007605826,2
1441,1442,-0.002244892075070392,1,2528.8937817890815,2525.7455819614374,1
1443,1444,-0.0006588738794326566,1,2523.358263505717,2524.219046920948,1
1445,1447,-0.00752824097784702,2,2516.723939539426,2500.294159187396,2
1452,1453,-0.0005977269706229422,1,2493.532756097582,2494.5358370732283,1
1454,1456,-0.007120597502162904,2,2493.6471729332707,2478.3845622753397,2
1460,1462,-0.007584897775998542,2,2445.2637850294277,2429.1619729696577,2
1465,1467,0.002363469378451272,2,2404.591624786149,2412.6793950837978,2
1468,1469,0.00023077812912250984,1,2413.0246231861347,2415.9945211173863,1
1474,1476,-0.01592450407273278,2,2433.7722029367096,2397.449359781877,2
1481,1485,-0.010484121676058854,4,2388.760916652719,2366.105617464171,4
1486,1490,0.0032803992709984145,4,2374.5212184465136,2384.6851173389223,4
1492,1494,-0.009386001651476884,2,2390.665054269881,2370.6169331766455,2
1495,1496,0.002545336909746753,1,2368.8040727537873,2377.2022812648797,1
1497,1499,0.0026554320836145004,2,2397.9883680011067,2406.7540516176323,2
1500,1502,0.0016162806345175755,2,2404.1553452222884,2410.4452902943653,2
1503,1504,-0.0018091961700192685,1,2418.948950377852,2416.991546151734,1
1507,1509,0.002334789851576566,2,2423.8464537776326,2431.92947233347,2
1510,1511,-0.003361940270005412,1,2428.8757350627534,2423.1388756532697,1
1513,1516,-0.0005413787534698418,3,2417.2449695412256,2418.3535694423254,3
1517,1519,0.00469308695860365,2,2420.0366879241124,2433.8141672314755,2
1523,1524,-0.003003437820739513,1,2454.6994561964843,2449.7816184673916,1
1525,1526,-0.00021519401405431125,1,2446.356368911089,2448.2762840331666,1
1530,1532,-0.0036271552803821393,2,2434.793644129626,2428.39706315081,2
1539,1542,0.005677533862594994,3,2464.628270574003,2481.08590930947,3
1543,1550,-0.0011729231967382064,7,2481.4873849473142,2481.0582782160436,7
1555,1560,-0.0044767762087502255,5,2480.864961822678,2472.239549546291,5
1565,1569,-0.0007937059678318982,4,2462.9039198116284,2463.412002192089,4
1575,1577,-0.0063799898115250355,2,2438.3325712823626,2425.214366891754,2
1583,1585,-0.0005596797527444355,2,2405.9777767116816,2407.0371774412147,2
1587,1588,-0.00488633681204412,1,2413.3744960738163,2403.995309928476,1
1590,1591,-0.0014095546714146807,1,2407.4948959281223,2406.508895147088,1
1593,1596,-0.013917837054749128,3,2402.8728922471155,2371.8329717617935,3
1599,1602,0.0013442325406874418,3,2351.032894783611,2356.5442625997894,3
1606,1609,0.00041488740030691746,3,2356.649247258839,2359.983640585728,3
1617,1619,-0.0018484174348005204,2,2388.3625639099937,2386.3362354701476,2
1622,1624,-0.002049198033722911,2,2389.638816944287,2387.131612596241,2
1626,1628,-0.007668763618256664,2,2374.001904139399,2358.170246611402,2
1629,1630,-0.008153058241270612,1,2351.138086728821,2334.32025906118,1
1631,1632,-0.003174338315963149,1,2323.228109290679,2318.176625395926,1
1634,1637,-0.002722096724672239,3,2289.932131023716,2285.9886464011583,3
1640,1642,-0.007497198393091083,2,2278.2201510063906,2263.418102702164,2
1644,1647,-0.029111380056751464,3,2207.0101243257227,2144.968023931704,3
1649,1650,-0.0018579994868392858,1,2164.8148526449086,2162.957442612237,1
1653,1654,-0.00046290465675678945,1,2174.9065541184113,2176.0746863006175,1
1657,1659,-0.0030735132122244736,2,2195.7486754102274,2191.19576152104,2
1660,1665,-0.012759962108873299,5,2208.9668329881197,2182.9894667324215,5
1667,1670,-0.017971999016758,3,2147.887058878521,2111.4331218271277,3
1671,1674,0.0036404867677125984,3,2118.7109448436704,2128.5427949478253,3
1675,1676,-0.003624859342349291,1,2116.0605429475054,2110.506181662373,1
1678,1683,0.014266543067000842,5,2072.2869833184395,2103.9236417964557,5
1688,1690,0.0027095293573263057,2,2130.5588893662043,2138.462260113821,2
1691,1699,0.010104024785731146,8,2135.3605705834625,2159.0716672856943,8
1701,1702,-0.004241612853945869,1,2159.7848768756794,2152.7836904570413,1
1703,1704,0.0006947628080207844,1,2147.868598730425,2151.5087265480693,1
1708,1710,0.003628640074670773,2,2179.3044166510986,2189.391632408917,2
1712,1718,0.0033257932571666947,6,2201.4770508409338,2211.0001854232687,6
1722,1726,-0.003394566128654832,4,2238.904445532051,2233.543240781485,4
1730,1732,0.005143752477679207,2,2247.5023190749084,2261.3104170163147,2
1733,1737,-0.0065215807585273546,4,2257.713024071416,2245.2468792794266,4
1739,1742,0.005521573371767897,3,2249.0332563057664,2263.7004917023105,3
1746,1748,-0.0035741057459741108,2,2260.9479843994127,2255.1280652014216,2
1753,1761,-0.0035782340408572985,8,2253.116560170576,2247.307498357125,8
1762,1763,-0.005559068045499218,1,2248.66051045021,2238.4087141718405,1
1766,1769,-0.011391083970796058,3,2239.22784749532,2215.9598429022512,3
1771,1772,0.0016277176943683288,1,2224.519046299173,2230.364454358593,1
1774,1775,-0.001286314301133457,1,2239.1985457890078,2238.557431222271,1
1776,1777,-0.0021416240479750544,1,2241.747217725284,2239.1879851920476,1
1778,1779,-0.006779342700117509,1,2231.2883692249375,2218.3929890764,1
1780,1782,-0.001176533628900246,2,2216.119098870074,2215.7278793234755,2
1783,1784,-0.0116602511633258,1,2205.7749775717525,2182.2608623010583,1
1786,1787,-0.004651484995467442,1,2150.7654617731323,2142.911973960698,1
1790,1791,-0.005147255546179629,1,2117.343218884542,2108.562055476857,1
1797,1798,0.0005414854399876611,1,2133.6716599699635,2136.9606837675215,1
1808,1809,-0.0007481344047172308,1,2189.3011193934335,2189.8525290231228,1
1812,1813,-0.005972773664013507,1,2201.8885751750386,2190.939081657316,1
1815,1820,-0.011157895402338552,5,2203.032994812045,2180.654816082844,5
1821,1822,-0.004865426399676909,1,2164.7990650354022,2156.4311935794185,1
1825,1826,-0.010721398846734162,1,2114.507223161447,2093.9512550807945,1
1830,1843,-0.015343863236327988,13,2110.36698924955,2080.096173777293,13
1847,1848,-0.0019729289954645056,1,2131.210493848459,2129.1369773635556,1
1852,1853,-0.006901076787383012,1,2152.999358743958,2140.2943442048236,1
1855,1860,0.009460728514119544,5,2162.2371081797,2184.855683551523,5
1864,1866,0.0016323660481971005,2,2179.472218678028,2185.209387349465,2
1867,1869,0.006913580509421302,2,2196.3274755224897,2213.708289825091,2
1870,1880,0.007406908043750308,10,2208.4802363819135,2227.046726645616,10
1882,1888,0.012420736712397521,6,2255.599824445535,2285.8716358179486,6
1893,1894,-0.0011656917825160155,1,2321.432445660408,2321.047803380496,1
1895,1897,-0.00669988679077557,2,2321.6077877907633,2308.374886227773,2
1898,1899,-0.00221065093789667,1,2322.9779234582907,2320.1656080565426,1
1904,1907,-0.0017229521407759003,3,2326.8837563855104,2325.201530792495,3
1909,1912,-0.005265144223562134,3,2331.8747655463308,2321.9289833599905,3
1913,1915,0.0003170153941196817,2,2311.5231860197464,2314.567497639599,2
1918,1923,-0.0037751735924504088,5,2316.706213503189,2310.276951598009,5
1929,1936,0.005417385394335332,7,2303.415208896857,2318.1971120155217,7
1937,1940,-0.010127824632692014,3,2313.3390940860454,2292.2233405192774,3
1941,1944,0.0006280297097278442,3,2291.4221392054715,2295.152642525626,3
1945,1946,0.00015616213495569208,1,2297.2949003586473,2299.9509457352688,1
1947,1949,-0.0033025382770409638,2,2301.7423296278466,2296.442479809993,2
1954,1956,-0.0070922873408508875,2,2269.3735432352382,2255.5478675261243,2
1957,1958,0.010527044573018007,1,2275.929964276486,2302.164710419768,1
1962,1966,0.004449583635403086,4,2373.302857771564,2386.2363701871313,4
1975,1979,-0.007674945324587819,4,2443.418876994257,2427.1091895852546,4
1981,1982,-0.0014702654294324283,1,2422.548289109858,2421.409048398359,1
1987,1999,-0.024468736877963426,12,2427.268702880199,2370.303772360188,12
672,674,0.0017653098303850733,2,1977.6420359485592,1983.1108289115505,2
675,677,0.00023843430468274587,2,1985.9943237991806,1988.4538472986787,2
679,682,-0.001937235115468716,3,1991.0625069013784,1989.1964132028172,3
683,689,0.005966385090943819,6,1994.6252741622116,2008.520601934155,6
693,695,-0.004051946417931634,2,2016.5816927449403,2010.4271934713008,2
698,700,-0.0014630587008429342,2,2021.2872578039348,2020.3512831523058,2
704,706,-0.005215666596262446,2,2028.0133567149373,2019.46392855026,2
709,717,-0.010155292329426774,8,2012.418354783127,1993.9940764559833,8
718,720,0.0029142906005871815,2,1997.0072757596845,2004.8241425684948,2
722,724,0.0009202690904838891,2,2023.0403875607178,2026.9251694857512,2
728,730,4.076496881187989e-05,2,2039.9727808900345,2042.0959130977146,2
731,733,0.0016118648670405936,2,2045.1645574647816,2050.5062509197405,2
736,737,-0.0016289427861545048,1,2067.6347873336426,2066.334363349747,1
739,741,-0.003119058286347045,2,2068.80396207698,2064.420045898313,2
745,750,-0.00044629298264942997,5,2064.8901820812903,2066.033526265167,5
753,755,-0.006148069531532133,2,2061.464495463587,2050.8519329041555,2
756,759,0.0014528865246250093,3,2050.167419248923,2055.196247284824,3
761,763,0.0004886428572617898,2,2068.5920837703084,2071.6714786004013,2
764,769,0.004610741793612771,5,2073.8148040659394,2085.450443459325,5
772,774,-0.005482050021826512,2,2091.764518481444,2082.3891252757285,2
775,778,-0.002702878209757884,3,2084.8894149608195,2081.339102206328,3
784,787,-0.0030833189702765473,3,2080.587323200427,2076.2527961606866,3
791,794,-0.002006363949261633,3,2075.882729416568,2073.7936358747884,3
796,800,0.0006507243496584644,4,2069.968272985515,2073.3852200167526,4
807,811,0.0009448773305642426,4,2082.425646243595,2086.47570867556,4
812,813,-0.002079492516218616,1,2086.7440358329586,2084.491411263013,1
814,815,-0.0024125336549140333,1,2089.6932526864575,2086.741490638591,1
816,820,-0.005792226351482965,4,2085.234438561019,2075.241523135527,4
824,829,-0.006933392423617807,5,2074.9932286134513,2062.681479511738,5
832,834,0.0013172549804496944,2,2058.0872288193837,2062.8563417005653,2
836,837,-0.0006720988504566583,1,2070.861881733858,2071.540919725424,1
838,839,0.0006616671899646975,1,2072.6587407866655,2076.102809812224,1
840,845,-0.0017178355370195417,5,2075.802264012451,2074.312179379517,5
850,853,-0.00369378116541871,3,2077.1577601287017,2071.5623516768637,3
854,855,-0.003902782854950839,1,2078.531084675067,2072.49756027899,1
857,858,-0.0033053814335415486,1,2075.834533351031,2071.048942958739,1
859,863,-0.00013710380340192687,4,2067.7259045825886,2069.51013740126,4
864,868,-0.00315979644690228,4,2073.927650783456,2069.4483892121616,4
869,870,0.0023214221564942304,1,2074.2367894887793,2081.126205519203,1
871,884,0.03815955829716923,13,2093.7792425515636,2175.7707128616644,13
885,887,-0.003221643260011416,2,2177.295914942755,2172.458740148272,2
889,890,-0.0030114923311082937,1,2172.8952907386542,2168.524528525032,1
892,894,-0.004144827957198055,2,2168.137217602302,2161.3187990653446,2
898,899,-0.0028172256457897876,1,2167.9814650067356,2164.0417534889284,1
901,902,-0.0025600030666864766,1,2163.8607714812906,2160.4851420418972,1
907,909,0.0016450872973109323,2,2162.4666872501016,2168.186600415405,2
914,915,-0.003021245040081585,1,2153.4242842364165,2149.0716860827124,1
916,918,0.001773414375994065,2,2144.4961116624086,2150.4436880077565,2
919,921,-0.0009275008680933125,2,2156.190671228545,2156.3469931804343,2
927,928,-0.0022952834179516216,1,2157.317388336357,2154.523050895986,1
938,939,-0.0008542820439523271,1,2137.7348940622783,2138.046400421613,1
941,945,-0.007452272282146365,4,2136.1418418264097,2122.35887302966,4
949,950,0.0016979175237935313,1,2108.580362705949,2114.2691386168203,1
951,952,-0.0012378827175194807,1,2117.1588782991603,2116.65524279177,1
953,954,-0.002846625793694846,1,2119.793866357118,2115.879400326187,1
957,959,0.0021947638988184344,2,2128.75850829702,2135.55938912863,2
960,962,-0.0025259865629798407,2,2142.3768321154007,2139.1075938567533,2
963,966,0.0002734860963099961,3,2138.3571026668283,2141.08027070602,3
967,969,-4.6881342177990614e-05,2,2145.680565857878,2147.725654038923,2
971,976,-0.007881561534229793,5,2151.7029193191,2136.895843276424,5
980,982,-0.0032273376881125256,2,2128.374550733986,2123.6339418827165,2
985,988,0.0009329864538963153,3,2122.8569345629803,2126.9603882610504,3
995,1003,-0.001713613690981285,8,2142.4162321847666,2140.887374629699,8
1007,1013,-0.007332606460156224,6,2150.2510717174964,2136.6343778897804,6
1015,1016,0.0006629184898315772,1,2130.436009109987,2133.978750540939,1
1027,1028,-0.003074498637278984,1,2142.2547197920317,2137.8106152951186,1
1029,1039,-0.0009920813382271573,10,2144.19480040072,2144.2117795541194,10
1040,1042,-0.000710731512193076,2,2144.342329340553,2144.962620003502,2
1044,1047,-0.005318718508685653,3,2142.685183878672,2133.4315297167686,3
1052,1053,-0.0015278305412331084,1,2145.0019266724,2143.8697291444983,1
1056,1058,-0.007650032889466142,2,2150.1851496925215,2135.8863477286245,2
1059,1060,0.0013281182496011562,1,2135.811149627362,2140.783570542511,1
1064,1067,-0.0022973732191007767,3,2141.474292790722,2138.6960013938624,3
1068,1070,0.0021699682613980707,2,2141.9143591853535,2148.704159722604,2
1074,1075,-0.0043124635551214565,1,2157.56834366149,2150.4214771554275,1
1076,1081,-0.00043270208939908945,5,2155.7612334444952,2156.9841922879828,5
1082,1093,0.0017006427360679774,11,2167.3355058171805,2173.188704707588,11
1094,1095,-0.003553311643780525,1,2157.3586609142844,2151.850251925561,1
1096,1099,-0.007409524893854271,3,2147.8571167031478,2134.090373045197,3
1101,1102,-0.001212202457118632,1,2147.4218139057507,2146.9661257203697,1
1103,1104,-0.00521986861316277,1,2155.316615257688,2146.221462321534,1
1109,1112,-0.00613570328266854,3,2158.7348551819036,2147.648233499735,3
1115,1116,-0.004254778125358459,1,2132.0036896671522,2125.06449069484,1
1119,1120,-0.0014801466702140087,1,2125.6186009447206,2124.597992251332,1
1123,1132,0.004364320647316005,9,2125.762252629732,2137.1655229727985,9
1134,1140,0.0011290707745878334,6,2141.4847260187585,2146.0440985631512,6
1142,1143,-0.0005771437464366704,1,2146.891173345882,2147.7989997042514,1
1144,1145,-0.000626915123198451,1,2146.479873026151,2147.280692205136,1
1146,1150,-0.004760101267176922,4,2146.3271576232205,2138.256750158065,4
1151,1153,0.0006422397944509158,2,2150.228544695209,2153.759735578472,2
1155,1161,0.001520612846405236,6,2159.009792602857,2164.4518204216065,6
1162,1163,-0.002730557106354667,1,2169.710571831005,2165.95576378219,1
1164,1168,-0.002956745980461708,4,2170.129280993438,2165.882889245772,4
1169,1173,-0.0031919766053399856,4,2169.5011169234067,2164.7456212298516,4
1175,1176,0.003761837725527617,1,2168.980695780988,2179.309029884099,1
1178,1180,-0.009373281380631222,2,2175.932215728288,2157.712523020815,2
1183,1185,0.00939665459871299,2,2173.419804595943,2196.016099602329,2
1186,1189,-0.0016357198708590722,3,2207.3533267297626,2205.9500683579536,3
1191,1193,0.0009910834825327722,2,2214.8189656188006,2219.2288550780445,2
1194,1195,-0.0030847672507668842,1,2215.9608123647627,2211.341049834162,1
1197,1198,0.002352019957702965,1,2219.9132928077515,2227.354486469613,1
1199,1204,-0.00337519258221062,5,2229.78240329018,2224.4862406659413,5
1207,1209,0.0035079047544384944,2,2229.742670046703,2239.794137630181,2
1211,1214,0.005190340914801723,3,2256.2243377049813,2270.191135535648,3
1216,1219,-0.0030011542023767207,3,2284.907967836954,2280.335514655073,3
1225,1227,-0.009700311592833907,2,2297.7920517378493,2277.800544912193,2
1229,1230,-0.0008223099756810849,1,2281.6133455035842,2282.018765434433,1
1233,1234,-0.00034231364977273357,1,2292.2000383302884,2293.7075870074887,1
1235,1237,-0.006029472543722511,2,2300.9981394202136,2289.425332454843,2
1238,1243,-0.0020062461423927327,5,2288.080672893619,2285.7783005430365,5
1244,1245,2.4189145977243946e-05,1,2291.794274681965,2294.141505502907,1
1246,1250,-0.0029371776622246198,4,2298.9551867535615,2294.501702119327,4
1251,1258,-0.0036946006262554743,7,2298.1797953431283,2291.987118627349,7
1259,1262,0.013028547762434256,3,2306.05399067674,2338.4045792277007,3
1264,1265,0.0007237998448283108,1,2349.335780160528,2353.3855648138183,1
1267,1268,-0.00027687835325516854,1,2371.877235222175,2373.5923909943854,1
1269,1270,0.00022864427264433188,1,2376.2269426109174,2379.1464802344594,1
1271,1275,0.003754461456527145,4,2376.4865457552464,2387.785459438995,4
1276,1277,-0.0040794232176336286,1,2390.5354636088878,2383.173993199674,1
1278,1283,-0.01285447387200242,5,2380.532226282739,2352.3122692048105,5
1286,1293,0.01465160967639988,7,2340.890671108076,2377.529378187385,7
1295,1296,-0.0009656242470765632,1,2385.2240125785247,2385.306006449848,1
1297,1302,-0.011700671202072754,5,2386.105813398795,2360.57287963626,5
1310,1311,0.0013500031508201721,1,2346.4815069968495,2351.9957459316333,1
1320,1326,-0.0005691593291959384,6,2335.740939283028,2336.7472714761334,6
1334,1337,0.0045240314409448245,3,2412.9910847176575,2426.3205233363574,3
1339,1342,-0.0017262149882551153,3,2435.4875065498763,2433.7188190189117,3
1344,1346,-0.0076539775062099275,2,2440.0581228814035,2423.822031017906,2
1354,1356,0.006337166449376296,2,2423.7483538301612,2441.531798933615,2
1358,1366,-0.0029902018165637347,8,2464.4940447844097,2459.589204259569,8
1371,1380,-0.013984496809831947,9,2471.6896730129974,2439.5960263388656,9
1383,1386,-0.007712478948506342,3,2446.5264757540212,2430.104218288559,3
1389,1393,0.0052821099413824105,4,2424.8640004917315,2440.097262735721,4
1396,1397,0.0013395559811776735,1,2443.7071156532625,2449.4243052519355,1
1404,1405,-0.002802126197660749,1,2460.5528171669935,2456.118590474449,1
1407,1408,0.002780198411843414,1,2461.987545130825,2471.2943465389067,1
1409,1412,-0.008716527869748004,3,2466.66375239028,2447.6296727996632,3
1416,1418,7.754106956531421e-05,2,2455.6748685365424,2458.32095906089,2
1419,1427,0.009440105464039804,8,2469.8185157226744,2495.6036815038574,8
1429,1431,0.004961113118743427,2,2490.139789644845,2504.983794612402,2
1433,1437,-0.0003388202127301562,4,2519.801974404742,2521.468016538141,4
1442,1446,-0.011439560144296004,4,2529.9107555005194,2503.4996000087704,4
1448,1451,-0.007149700403140377,3,2510.669612207127,2495.2297462807846,3
1454,1456,-0.009319113323069273,2,2503.0280252986686,2482.2050515053907,2
1457,1459,-0.016273672006779306,2,2475.336448398624,2437.5289713793572,2
1460,1462,-0.00742721665707864,2,2445.6036948258156,2429.885270021818,2
1463,1471,0.001016894484463896,8,2424.6566559335847,2429.546932569656,8
1473,1475,-0.010230308068325707,2,2437.8149281744963,2415.3131453738824,2
1477,1478,-0.004594301171805838,1,2390.998755672977,2382.4047860436754,1
1480,1486,-0.011571856056893641,6,2396.7539009135485,2371.415763669292,6
1490,1491,0.0011522359280437483,1,2383.861393607838,2388.9920257466374,1
1493,1495,-0.011957791910208258,2,2389.194361355874,2363.0140667110936,2
1498,1500,-0.0040233658841140165,2,2410.465585657124,2403.1778662406173,2
1502,1504,-0.0024510578800564916,2,2419.4575224781847,2415.946749574731,2
1506,1507,0.00029517715867320043,1,2421.114115502449,2424.249887203389,1
1511,1512,-0.0040477159524369396,1,2427.075944930369,2419.678906855229,1
1514,1523,0.010028520188318076,9,2423.684172143943,2450.4138219665397,9
1525,1528,-0.00823424567859828,3,2451.2074760284686,2433.474838937662,3
1530,1534,-0.0026172195788795732,4,2435.1105474084075,2431.1724389544024,4
1537,1541,0.008520803615908453,4,2456.6858995331013,2480.0755235285274,4
1543,1545,0.0013752189813316796,2,2478.502415826142,2484.389401809489,2
1546,1548,-0.004520190206539214,2,2486.454756108199,2477.701962426744,2
1549,1550,-0.003181645678069137,1,2479.278601642665,2473.869694196662,1
1561,1564,-0.004919149825839687,3,2473.7029352453783,2464.0081228175322,3
1570,1575,-0.014535142021797707,5,2466.680956122566,2433.2940790589832,5
1578,1580,-0.002918413081893111,2,2423.0911673427418,2418.442677548692,2
1581,1582,-0.004760654116989331,1,2413.330792663351,2404.2550902822645,1
1583,1586,0.0015162098266484569,3,2405.7067292828524,2411.759992195108,3
1590,1591,-0.0013947073653926608,1,2404.276524377494,2403.3275387248814,1
1595,1599,-0.013912303964144675,4,2382.9937128776082,2352.223773712287,4
1603,1605,0.0013695107421236447,2,2355.73490495349,2361.316844116373,2
1607,1608,0.0034143424596560935,1,2345.7154329791615,2356.070224213232,1
1609,1611,-0.00039121398268539504,2,2365.101338198233,2366.54117882246,2
1617,1618,-0.001404202072715036,1,2386.197590778199,2385.2330847660987,1
1622,1624,-0.0011156022080690362,2,2389.759413014134,2389.483151549236,2
1626,1632,-0.024118163701158924,6,2374.2205302952007,2319.332911413184,6
1634,1637,-0.00456166042030951,3,2297.022732308354,2288.84151735814,3
1638,1643,-0.025326894229169724,5,2292.054282357838,2236.2957202634034,5
1644,1647,-0.02851368182584985,3,2202.0510738161806,2141.4645412069312,3
1650,1653,0.00308410868970719,3,2162.070907781168,2170.9010403634,3
1656,1657,-0.0015429937068052813,1,2191.885458527782,2190.695278517763,1
1661,1662,-0.0045915404395786025,1,2217.700935523042,2209.7359729302198,1
1664,1667,-0.023923893183681842,3,2193.4147024847066,2143.13309813743,3
1669,1670,-0.00542339451663516,1,2119.9774868259915,2110.5999900353754,1
1674,1676,-0.009956227546877677,2,2128.6995281421023,2109.6344107891305,2
1677,1681,-0.0065543571308805245,4,2093.039935419521,2081.414444129006,4
1684,1686,-0.0018109266031613846,2,2116.2285383315866,2114.512432311484,2
1690,1692,-0.0032357590589709266,2,2135.953752449611,2131.1782744980287,2
1693,1696,0.006229267008878016,3,2138.498241573425,2153.9580163597752,3
1697,1707,-0.00281413557036761,10,2167.979358064929,2164.0463495956405,10
1711,1712,0.0003787238520962866,1,2191.725291391796,2194.7470753282805,1
1713,1718,0.0026337124514047754,5,2203.30340734929,2211.3095783747976,5
1721,1729,-0.0018046493088868666,8,2230.209228887359,2228.414692572662,8
1732,1734,-0.004422839358381858,2,2255.94521064635,2248.2234725889966,2
1737,1738,-0.0009828202214447034,1,2247.746041146549,2247.7846569257845,1
1740,1742,0.004339645617980972,2,2247.565527437729,2259.566730857437,2
1744,1745,-0.0020978038465314527,1,2263.3403794679643,2260.8556756933745,1
1746,1747,-0.002896086829764056,1,2264.4335232692497,2260.1399606889026,1
1750,1756,0.003035809555347049,6,2249.36730002262,2258.4453180655364,6
1761,1766,-0.00963823241643066,5,2253.245575640356,2233.7815166666805,5
1767,1768,-0.010725412895754152,1,2232.786437178211,2211.071667168613,1
1770,1787,-0.033935212445102496,17,2220.1694478059917,2147.0476953783755,17
1791,1793,0.0029747731661744596,2,2113.609360113014,2122.0104778813666,2
1794,1796,0.0008911377063213265,2,2121.0004368710665,2125.0115407723574,2
1799,1800,0.004132792236530837,1,2148.334273839485,2159.3612273217213,1
1801,1803,-0.0002681404356738124,2,2164.31399303117,2165.897966927175,2
1804,1806,-0.0007380658468682676,2,2170.4693048386416,2171.037824877903,2
1809,1812,0.0027687788134165337,3,2193.140884765145,2201.4063476664855,3
1815,1819,-0.009774801384218153,4,2202.790032703209,2183.460987675103,4
1825,1828,-0.003375521864844727,3,2115.780166061066,2110.7540840153833,3
1829,1835,0.0034060489110453035,6,2115.223820418476,2124.543600029048,6
1838,1841,-0.015465266669238451,3,2106.0020747371773,2075.5381931201346,3
1843,1851,0.03188601868924918,8,2081.6974848666396,2150.156227259327,8
1852,1855,0.006255489031817926,3,2149.6520159264337,2165.2487925502132,3
1856,1861,0.0027154458180145826,5,2174.0476906133945,2182.1252470136483,5
1865,1866,0.005067389302919018,1,2177.1584411481963,2190.3681089847787,1
1872,1874,-0.008395534117461776,2,2185.5751902360753,2169.4116943504064,2
1875,1877,0.010271024439685118,2,2165.1929199185547,2189.59686223559,2
1878,1880,0.01090894867760868,2,2201.9325019988273,2228.15520315669,2
1881,1911,0.04158502495527928,30,2243.8311875032987,2339.3847946185606,30
1912,1916,-0.00812400735532556,4,2329.7991856493036,2313.2016791143064,4
1917,1922,0.0007776481644121093,5,2313.187970717227,2317.3000050673127,5
1924,1929,-0.00196480717918307,5,2311.179168520223,2308.9493262660562,5
1931,1933,-0.0007208273781019365,2,2308.8762063950358,2309.520781419213,2
1934,1935,0.001515664697234412,1,2314.860489452559,2320.6839022648974,1
1936,1937,-0.004213024385526003,1,2320.3896543431483,2312.9341857998215,1
1939,1941,-0.0010287218057491321,2,2294.342299030864,2294.2764013770293,2
1943,1944,-0.0007050933053567175,1,2292.9962597555705,2293.6724797033644,1
1945,1948,-0.001447251896252196,3,2300.8092565458037,2299.780215242899,3
1953,1956,-0.005110938326896093,3,2267.8064727673236,2258.4836602204414,3
1958,1959,0.009881736390333018,1,2302.50748501916,2327.562764507907,1
1961,1966,0.005884686069511516,5,2363.1626338304627,2379.4322666955854,5
1967,1969,0.015289818837665527,2,2387.8646495040307,2426.762532053317,2
1972,1976,-1.653864765040593e-05,4,2436.620225481811,2439.0165473039256,4
1978,1980,-0.002449129360855858,2,2425.3635252245776,2421.848859729426,2
1984,1988,0.005134482416025837,4,2409.1858812804767,2423.9649897061295,4
1990,1992,-0.009178941526115227,2,2417.2073254280876,2397.437128056914,2
1993,1995,-0.005718146741054014,2,2401.454546825887,2390.124131881991,2
1998,1999,-0.00424248870964503,1,2381.2219127979597,2373.500827630553,1
674,679,0.0015133555297721824,5,1981.789829653339,1986.7707720805445,5
680,683,-0.0015056365042699924,3,1990.538625310904,1989.5321363187875,3
684,686,-0.0004284915139548457,2,1991.0645350871816,1992.2024453652475,2
688,695,0.003719124778659727,7,2002.4636639834214,2011.9135398784913,7
696,697,-0.0012357322618781826,1,2017.5589539864804,2017.0833502507846,1
701,706,-0.004676579565485357,5,2022.7726501112495,2015.3357655202278,5
709,717,-0.009708596762084912,8,2016.2055199249573,1998.6471990624411,8
720,721,0.005912786604666294,1,2003.8471205571773,2017.699288089964,1
723,726,-0.000756566226276407,3,2026.514502339476,2027.007824412286,3
730,734,0.002777884699106509,4,2039.9805761788627,2047.6873875840834,4
735,740,0.004538765022539519,5,2056.9059180833397,2068.298636637074,5
742,743,-0.0020796045402179998,1,2063.1759528326993,2060.9485387067525,1
745,747,-0.0012139200050625548,2,2068.870256821261,2068.427684085448,2
753,754,-0.0033622580792295833,1,2058.6785197078743,2053.815389742158,1
756,761,0.005563109918481065,5,2050.759814941236,2064.2191770230993,5
765,768,0.0027055586940564,3,2080.880705620348,2088.591531210354,3
770,772,-0.0034148776831414147,2,2090.360568565011,2085.3126034782645,2
773,774,-0.004026867585306409,1,2090.363111507017,2084.035859163276,1
775,777,-0.0011824194012431879,2,2082.7014730546825,2082.3215478989996,2
781,783,-0.001705432426542287,2,2079.930904676715,2078.4636539715884,2
784,786,-0.003825220843317186,2,2078.5008186752616,2072.6285948394884,2
790,792,-0.001351550393559842,2,2077.904253764361,2077.1737657061703,2
796,798,-0.002129999571260155,2,2071.551025860903,2069.2101740898365,2
800,806,-0.001284773463698463,6,2076.2956941987272,2075.704420282228,6
808,809,-0.002962519794085231,1,2093.612835152447,2089.5040785223096,1
810,811,-0.0049639725151951,1,2093.5403831702365,2085.2416466318987,1
813,821,-0.006328463318527087,8,2086.117633580251,2075.001832291586,8
829,831,7.238803357233897e-05,2,2060.71243792623,2062.9223212852958,2
832,837,0.0044272573214331375,5,2060.0843829556334,2071.2649910057994,5
839,840,-0.0031437827402999276,1,2076.137121282329,2071.686334355228,1
845,846,-0.0019177765395674215,1,2082.265087579549,2080.354033533008,1
847,849,-0.003735174686901536,2,2082.3680748318816,2076.6724343847895,2
852,855,-0.0023748181808107634,3,2075.7246987517115,2072.8709546975097,3
859,862,-0.0019115325755680924,3,2069.499562515916,2067.6131462495587,3
864,866,-0.003888250679086163,2,2069.6277169438863,2063.6501132849676,2
867,872,0.00975985291932005,5,2068.4416639520337,2090.697792028351,5
873,878,0.020250451967226125,5,2092.8686771613948,2137.343082459125,5
880,888,0.002676933653559097,8,2164.8194602524873,2172.7793577797693,8
890,893,-0.004341805879715536,3,2169.979950548214,2162.7282987906074,3
895,898,0.0006285446708375678,3,2162.747003329502,2166.2691334361443,3
899,901,-0.0024447604645473327,2,2165.051433341218,2161.923452626615,2
902,904,-0.0005874104316717259,2,2167.560079743846,2168.454392421473,2
907,908,-0.003221503167316599,1,2166.720075067703,2161.9066995582516,1
910,911,-0.0014954581410580189,1,2164.1406218749607,2163.0683807854584,1
913,914,-0.004672442690710354,1,2159.80200122983,2151.8702521570317,1
916,918,0.001078313936582735,2,2145.9101862006755,2150.3700612473112,2
920,922,-0.00038427913458163605,2,2156.334519321843,2157.6622194782112,2
923,927,-0.0017460258632394474,4,2162.692084323037,2161.0786600939086,4
929,930,-0.0024639938813916847,1,2158.50963769436,2155.3495927918507,1
932,937,-0.0077479413920829845,5,2155.5199611381536,2140.9746387709283,5
939,941,-0.002449913022147032,2,2136.1205592418,2133.0233702260794,2
943,945,-0.006884205488540581,2,2132.7876773831804,2120.2379164260306,2
947,952,0.005641980322748121,5,2103.054607872532,2117.023055195686,5
957,959,0.0026763782922265976,2,2125.9575640459525,2133.773388284606,2
961,967,-0.00037780321815206674,6,2144.6237524801763,2145.958130477244,6
976,978,-0.005481347123988081,2,2140.469296331461,2130.877110406361,2
980,981,-0.001805555945767711,1,2125.904684114216,2124.192148955792,1
982,984,-0.0036990088546346744,2,2123.1613191852703,2117.4308879849714,2
988,992,0.0019709075703104846,4,2127.806349057886,2134.127865048457,4
1001,1002,-0.0024931371402708976,1,2146.429911009264,2143.2249967901475,1
1003,1005,-0.0006057635257020598,2,2142.3748876784052,2143.219490000748,2
1011,1014,-0.005678387130264552,3,2143.1351549231754,2133.1087389959653,3
1016,1017,-0.0009534832034774431,1,2136.321073502827,2136.42044831551,1
1020,1022,0.00034341158048405325,2,2147.452701153832,2150.337613981104,2
1023,1025,-0.00179109842806045,2,2151.479757021677,2149.7777247678932,2
1027,1029,-0.002192578527812715,2,2142.421913180404,2139.8669068092295,2
1030,1033,-0.00137321675044613,3,2148.650433043689,2147.848520711224,3
1036,1037,-0.004007336335334505,1,2153.996064927122,2147.518274294899,1
1047,1053,0.0006114437871736554,6,2135.465568131912,2138.9067508544013,6
1056,1057,-0.005627845499821415,1,2150.157454434629,2140.2068579352162,1
1058,1060,4.1452975314135426e-05,2,2139.513782268319,2141.741985262588,2
1061,1065,-0.00443982635197098,4,2143.5887963053087,2136.215223075988,4
1070,1071,-0.0021635086782185826,1,2150.15290030985,2147.6511787508425,1
1072,1076,-0.0026800905589268965,4,2155.716661491393,2152.0948622807,4
1077,1078,-0.001997184694298348,1,2152.8289991558145,2150.6822310284147,1
1082,1084,0.006085546889401573,2,2163.4426391926427,2178.771813455173,2
1085,1087,-0.002845809603573294,2,2189.016227087423,2184.9757199130872,2
1089,1091,-0.004885477165203683,2,2183.279076638543,2174.795995640997,2
1093,1104,-0.009215199055560636,11,2167.155308193724,2149.3516959525978,11
1105,1114,-0.004936210606241723,9,2146.5158453826903,2138.066706945629,9
1119,1121,5.982493571072352e-05,2,2125.2479597012098,2127.5003504834694,2
1124,1126,-0.005818774168469938,2,2132.5317969092503,2122.255607772863,2
1127,1130,0.0023143508774679587,3,2127.3791984858203,2134.430079599029,3
1132,1136,-0.001380144256257644,4,2141.183466379831,2140.3695077834927,4
1138,1139,-0.003934307747648297,1,2150.1078216577453,2143.7987436183757,1
1140,1143,-0.0013854988141321677,3,2147.237100695008,2146.4093433390294,3
1144,1145,-0.0015717750154537631,1,2144.869655811742,2143.643272931144,1
1146,1149,-0.003900596527818493,3,2146.1042456095333,2139.879263086382,3
1154,1161,-0.0007112138570489019,7,2160.3213368665533,2160.945207732962,7
1163,1172,-0.004681562707546824,9,2171.7919144516827,2163.7963263308857,9
1173,1184,0.006697559169821094,11,2162.52146864163,2179.167605602507,11
1185,1187,0.00617307070402866,2,2196.048617047108,2211.8010290466714,2
1189,1193,0.0016959424141049645,4,2210.359851554646,2216.318854428887,4
1199,1200,-0.0005765970411058692,1,2226.365789162779,2227.308439025491,1
1204,1209,0.009225995844794641,5,2223.669691742532,2246.408928770487,5
1211,1219,0.007065037005898166,8,2257.7328322457265,2275.9415310872196,8
1222,1225,-0.0005636315050717195,3,2296.3630952808894,2297.365155788586,3
1228,1229,-0.0024995172101526268,1,2280.5296463654076,2277.1099529124194,1
1232,1234,-0.0002899503513847095,2,2294.7392654712708,2296.3686442803823,2
1237,1240,-0.009121333009812906,3,2293.0575789605864,2274.434894751172,3
1241,1244,0.00150113014894713,3,2280.78785493516,2286.4924022024907,3
1246,1247,-0.0018045568293571677,1,2297.1127180428193,2295.2645603177148,1
1248,1250,-0.0003284141380160729,2,2298.7050650382166,2300.248842860767,2
1252,1253,-0.002481570794606246,1,2290.3449785226076,2286.9516702928554,1
1257,1258,-0.0016641924093556606,1,2290.4108009090496,2288.8895274407796,1
1261,1264,0.006642090737095434,3,2329.600989972112,2347.4040121187063,3
1266,1268,-0.00037109791327172086,2,2369.861920320182,2371.3523314271292,2
1270,1276,0.003462768380165503,6,2373.14297221548,2383.733759633495,6
1280,1284,-0.014825626003279906,4,2378.489209462593,2345.6051071997263,4
1285,1286,0.0010417863812121524,1,2334.866309206843,2339.633607438933,1
1291,1296,0.006088433368489688,5,2364.62790590743,2381.389413259726,5
1297,1307,-0.018314951777413678,10,2376.4257433781713,2335.278046228974,10
1308,1310,0.0020821973408654496,2,2340.324068030934,2347.5374086501824,2
1312,1313,0.0022869313700087895,1,2359.73299356201,2367.4892739633938,1
1317,1322,-0.010725501281618526,5,2363.317763841882,2340.333313900766,5
1324,1326,-0.005775027749322601,2,2345.0490119104766,2333.8513378050825,2
1330,1331,0.0052775521721164405,1,2360.8721567634175,2375.692654899197,1
1333,1336,0.008498324758514569,3,2402.81130418147,2425.6339862820155,3
1338,1349,-0.004072626218414168,11,2428.248940148202,2420.7878387898663,11
1355,1356,0.0016152750394392477,1,2431.862044145814,2438.222032249228,1
1357,1361,0.0032420345996092767,4,2457.059858635125,2467.482791568766,4
1363,1366,-0.00041479735898814494,3,2457.621052227935,2459.059258558305,3
1369,1370,0.00037515100947250915,1,2467.150651273474,2470.5433559820935,1
1374,1377,-0.007841438576543524,3,2473.033939253426,2456.1148294603163,3
1378,1381,-0.006974285583819528,3,2456.826769161338,2442.1489844123953,3
1383,1384,-0.0029279855903959497,1,2448.414518180748,2443.6940102703793,1
1391,1392,0.000545582442027723,1,2433.3211753228356,2437.082073807229,1
1395,1399,0.006386677583178781,4,2443.543196987171,2461.5928627438852,4
1401,1405,-0.003442198069545739,4,2464.9660653430337,2458.946129976757,4
1407,1409,-0.0013664789235142412,2,2462.432214274186,2461.529784767072,2
1411,1413,-0.0049110464089919285,2,2455.723701520596,2446.1192521562875,2
1414,1415,-0.0008624175960094316,1,2452.9359139791695,2453.2733947990496,1
1416,1417,-0.00032657456072606166,1,2457.4232319330654,2459.078123252512,1
1421,1422,0.001748788955631849,1,2466.713452436799,2473.4939271315657,1
1427,1430,-0.00046179189687568,3,2495.5503749707304,2496.8935004042946,3
1431,1436,0.00859422833335365,5,2505.4876479582126,2529.525868539121,5
1437,1438,-0.0043349865027755285,1,2522.614421455145,2514.201536407885,1
1439,1440,0.0001242672001472464,1,2515.236705583737,2518.0645037124314,1
1441,1442,-0.0017213705514090847,1,2526.5497851200225,2524.727206508368,1
1444,1449,-0.0062995767470732135,5,2522.8755173423606,2509.5053449148927,5
1450,1451,-0.003567384206697365,1,2501.0613990627035,2494.6402135267695,1
1452,1453,-0.0009750588726669848,1,2499.584202385404,2499.646544833275,1
1455,1456,-0.004655938879690581,1,2493.25664606168,2484.141452152296,1
1461,1463,-0.010427375698820514,2,2445.1309718088405,2422.0798035047765,2
1464,1465,-0.005563798446914294,1,2410.9520790792726,2399.948979725186,1
1466,1469,0.0013868816756766435,3,2414.300108571484,2420.0627572602175,3
1473,1475,-0.008757876212940174,2,2434.511343579274,2415.6247059367874,2
1476,1478,-0.011034987506979083,2,2405.6939549017616,2381.5528461187073,2
1480,1481,-0.005690535524978049,1,2395.5635278552354,2384.3270520254887,1
1485,1492,0.007381644506681081,7,2369.5807218637124,2389.4417051042587,7
1494,1502,0.01779582299588355,8,2369.9063512881635,2414.450691583796,8
1506,1509,0.0031734630466308473,3,2422.015700509005,2432.123893533439,3
1513,1514,-0.0002748366523630954,1,2416.388833621964,2418.1411102377456,1
1515,1516,-0.003452516310374767,1,2425.377401204116,2419.4291235688484,1
1517,1522,0.00979010676222463,5,2422.0876321965593,2448.222216335424,5
1524,1526,-0.004832258091212422,2,2455.284788104691,2445.875503109246,2
1528,1530,-0.005923847054741446,2,2442.6504674100042,2430.6232301002847,2
1532,1533,-0.0019231459795507875,1,2430.9859489077344,2428.7417940026558,1
1535,1538,0.004899569276934177,3,2436.944863629076,2451.3217886761245,3
1544,1546,-0.0006858677638002964,2,2481.7212197540543,2482.50080839044,2
1547,1548,-0.005024295670624608,1,2485.6966824895962,2475.6935040917674,1
1551,1552,-0.0027092505185510435,1,2482.525433328365,2478.2821754441325,1
1555,1556,-0.003922010554356502,1,2480.7164247368696,2473.467745161423,1
1558,1559,-0.0020585620370998565,1,2480.441441483325,2477.8157403381215,1
1565,1568,-0.00013881922151362189,3,2462.804559993015,2464.9254799412497,3
1578,1579,-0.0019961943937345907,1,2421.65182352544,2419.2393875552666,1
1580,1585,-0.006326325984870868,5,2420.892669610581,2407.9982060778507,5
1589,1592,0.0021891812851849535,3,2400.7720709208525,2408.428568279428,3
1593,1594,-0.006204784015385514,1,2404.4889754860324,2391.974129701252,1
1595,1596,-0.004099952829844928,1,2381.692598952643,2374.309464240699,1
1597,1601,-0.005195465411113379,4,2367.5715512358524,2357.6384866843064,4
1602,1608,-0.004871195449562179,6,2365.54102794798,2356.3835562848353,6
1611,1613,0.001993541866482851,2,2367.5965575712953,2374.6840569893257,2
1616,1617,0.0008003029275662956,1,2378.8798620062767,2383.162566386175,1
1618,1619,-0.0012884551044037673,1,2385.329905329143,2384.641844742264,1
1623,1624,-0.0024407708761355253,1,2389.5054320451277,2386.0627022102694,1
1626,1632,-0.024125765851435704,6,2373.4916773865248,2318.6028646049526,6
1633,1634,-0.001969916963514032,1,2294.2853053149574,2292.0600390781915,1
1637,1639,-0.005730970623669632,2,2296.2289046059586,2285.3655131130467,2
1641,1642,-0.004693627427169865,1,2274.4913526061796,2266.0902289633327,1
1643,1647,-0.045655836305575376,4,2243.9578685937545,2143.752053337224,4
1649,1654,0.0008086864689028786,5,2167.2996290920314,2171.2195946052284,5
1656,1659,0.0007706925833178798,3,2190.7102435530833,2194.589317933541,3
1660,1662,-0.0007214345714833814,2,2211.75965795757,2212.375777734465,2
1665,1666,-0.011247867546610762,1,2183.066583308439,2160.694806117262,1
1669,1670,-0.003522210385233398,1,2120.443919875285,2115.0957141992703,1
1672,1676,-0.012469627723405815,4,2133.0010149968107,2108.5362874211505,4
1679,1681,0.009418438501943592,2,2065.272909307707,2086.7898281030593,2
1682,1686,0.004576548796299085,4,2098.3025413331743,2110.003827844317,4
1693,1694,-0.003269291098369237,1,2140.226426906156,2135.3696301270834,1
1695,1701,0.0038932099051166725,6,2148.918701076136,2159.4338113495323,6
1703,1706,0.002073082370878142,3,2150.600389477502,2157.209361621209,3
1709,1710,0.002080650318213124,1,2181.573007157731,2188.2936707364365,1
1716,1723,0.005184314874010184,7,2220.4149058653616,2234.1466507941786,7
1725,1726,-0.0005874583658135468,1,2234.214497584558,2235.1362040845147,1
1728,1729,0.0015151977021036255,1,2224.5965138627553,2230.1918139025306,1
1732,1733,-0.00200715397430492,1,2260.871395204911,2258.594349593838,1
1739,1743,0.005042598481150609,4,2251.0597659876917,2264.662016310628,4
1746,1749,-0.00979291794511956,3,2263.782508662946,2243.8772548186757,3
1752,1753,-0.0015939809090781177,1,2247.9481170886097,2246.612878822461,1
1754,1757,0.004234874974104275,3,2249.1737599824214,2260.9479034109654,3
1759,1760,-0.004073247256868494,1,2267.9409029988433,2260.9709598399622,1
1769,1770,-0.002941010971522634,1,2218.9715954203457,2214.6645472081377,1
1774,1780,-0.01237771282973896,6,2239.3825702349427,2213.903518434887,6
1783,1790,-0.043554963334860045,7,2207.307284849024,2113.3754042735045,7
1791,1796,0.005854941192327319,5,2110.636688053253,2125.1049784282263,5
1797,1803,0.01471732690277117,6,2132.7004990238343,2166.220849952695,6
1805,1806,-0.001056957531522284,1,2171.0881299962043,2170.9644701756024,1
1808,1809,-0.0004109315899019407,1,2189.8874495574187,2191.177443075623,1
1814,1817,-0.006968793944564666,3,2201.868958955961,2188.7264568470196,3
1818,1823,-0.020606442981877707,5,2195.8830807894633,2152.8296243710947,5
1827,1835,0.011426367233756809,8,2098.034520686975,2124.1054681101305,8
1837,1838,-0.003826894357712171,1,2113.7495682435865,2107.774221515502,1
1840,1841,-0.004252595619285086,1,2089.566643636241,2082.7701283249457,1
1845,1846,0.007206204224235642,1,2101.4344354576397,2118.6792355988464,1
1847,1855,0.014700969586082305,8,2128.6059552980323,2162.0271326629204,8
1856,1858,0.0007032990197653156,2,2176.5305066307533,2180.2377889091867,2
1859,1865,-0.00090362548320297,6,2179.197284408211,2179.4073034935013,6
1867,1869,0.001583290999589539,2,2205.3731174339364,2211.07023795894,2
1871,1878,-0.00412015275042989,7,2202.2853437831445,2195.413877110508,7
1879,1880,0.002478085358247171,1,2215.6137014681167,2223.3197950427248,1
1882,1890,0.014082063379909967,8,2257.9390967054883,2291.993477269977,8
1893,1895,-0.0009742608894703551,2,2319.4489474621987,2319.5086480150253,2
1898,1903,0.0021898020345770537,5,2321.9678686395105,2329.3744864711193,5
1904,1905,-0.003853046592216115,1,2324.3754418002814,2317.7438903670222,1
1906,1909,0.004272987956584769,3,2321.767126997909,2334.0097770965635,3
1911,1930,-0.016748516549578964,19,2344.894324644169,2307.9657175654966,19
1931,1941,-0.007892698097437962,10,2306.8245285872867,2290.92428354797,10
1942,1950,-0.0021937148289003184,8,2292.8468862384834,2290.1098809099826,8
1951,1955,-0.014123925953053226,4,2284.496560511796,2254.5149968116343,4
1956,1963,0.048686490275732054,7,2264.3735424797296,2376.8823164787736,7
1965,1967,-0.0007941929725454788,2,2386.299368546067,2386.790485725724,2
1970,1972,2.2220236983426685e-05,2,2429.601528787824,2432.085116638357,2
1973,1978,-0.006460655343244016,5,2439.2702373632137,2425.95022330794,5
1983,1985,-0.005267619736663169,2,2420.055154521308,2409.7272793800594,2
1987,1989,-0.0038694078479385888,2,2429.1304625919793,2422.160296578951,2
1994,1995,-0.0023621397937857377,1,2394.0498437056717,2390.7888131452537,1
1996,1997,-0.007041678660099072,1,2387.3341916289096,2372.9106855888203,1
1998,1999,-0.004767107721693605,1,2377.126970271607,2368.172076906451,1
674,677,0.0019728828110334904,3,1985.1169691446917,1991.0184892601528,3
680,689,0.00649254793554303,9,1993.6047246681728,2008.5419036322742,9
692,697,-0.0011247807270472708,5,2014.0923992180713,2013.8410793041564,5
699,700,-0.0012605585171289132,1,2024.2241479515715,2023.6967191092447,1
703,706,-0.005681301641177513,3,2027.527871902236,2018.036402347967,3
707,708,-0.0027818477663559397,1,2015.85873500065,2012.2667816164,1
709,713,-0.008260762539685908,4,2009.3633722185543,1994.773861916933,4
714,715,-0.0017899369344140876,1,1998.9712769895064,1997.3922157469794,1
716,717,-0.0013153957012324235,1,1997.199851295059,1996.5699430474585,1
719,723,0.009387803969910496,4,2002.5814531330595,2023.3838767019843,4
724,727,-0.00246551244503246,3,2031.8524115138814,2028.8747065183386,3
729,738,0.008991693710805979,9,2045.2086257329063,2065.643723895928,9
740,741,-0.0023117837494420943,1,2068.7646266294673,2066.050854810834,1
742,747,0.0017849876970012458,5,2062.3052381429693,2068.0487328586587,5
754,755,-0.003655127828734677,1,2058.061476543307,2052.59706024369,1
756,757,-0.003830390757970567,1,2053.3392735092993,2047.5275210065806,1
758,762,0.008781198345200004,4,2047.0463727332005,2067.068939326726,4
763,765,0.0010258754255065995,2,2073.877086575377,2078.078503200591,2
766,768,0.0031697140725408697,2,2081.122271246397,2089.799956067491,2
772,774,-0.005233025514173041,2,2091.9161718204045,2083.0610372915776,2
775,778,-0.0021802732986490624,3,2084.4219358279206,2081.9617482739445,3
781,794,-0.0010522570185516372,13,2078.766956675995,2078.6583265125755,13
795,800,-0.004822552387535003,5,2075.9914227015734,2068.0558367322233,5
802,805,-0.003477173703505243,3,2076.7020279048434,2071.5576762513015,3
808,809,-0.003123174225178047,1,2093.6737760005226,2089.228541803387,1
817,820,-0.0028792925164269874,3,2084.016899363129,2080.1004220000486,3
822,823,-0.0028547992285878187,1,2075.1751249520994,2071.3260917311536,1
828,832,-0.004978185526602567,4,2065.7172534743736,2057.4994469945486,4
835,836,-0.0007457402770930364,1,2069.137818127292,2069.6639165355855,1
839,840,-0.002980338069901094,1,2078.105000439169,2073.9896499935476,1
843,846,-0.0029612770481768423,3,2080.4802728949194,2076.399874686506,3
847,852,-0.0015777639216269699,5,2076.167555220769,2074.96802051211,5
853,854,-0.0005455219753817359,1,2073.875975936173,2074.8185069930196,1
856,858,-0.0005254031839388284,2,2072.6397578959436,2073.623426125883,2
860,862,-0.0006101290658305043,2,2066.6768352144813,2067.482572442853,2
863,865,-0.0012011744207163942,2,2069.9220542090084,2069.505638838825,2
866,867,0.0007258255298284138,1,2066.94805982554,2070.515251556016,1
870,872,0.00355794023960855,2,2085.7531433108757,2095.2598814926623,2
873,874,0.0007868105514146542,1,2094.3490671304953,2098.0912721419895,1
875,877,0.004677772902017407,2,2115.4264952989374,2127.4374065301554,2
878,884,0.014395631664772604,6,2142.481428529446,2175.466283451701,6
886,887,-0.0017471708939874033,1,2173.452006223127,2171.8280661445983,1
890,892,-0.005151615817703757,2,2172.217512182879,2163.1992995998075,2
898,903,-0.004145786561458489,5,2171.934640213655,2165.1021974101045,5
906,907,-0.0018021472845142772,1,2166.608818609367,2164.870879228915,1
908,910,0.000157793404398902,2,2162.858149672183,2165.362292572524,2
918,920,0.002284633591683948,2,2149.8584572606683,2156.9199545667525,2
923,926,-0.0035727225619791793,3,2160.235577136271,2154.6778903277823,3
929,930,-0.002749729773166622,1,2155.195709843737,2151.4246997432224,1
931,933,-0.0035894368724644853,2,2151.398720741891,2145.827809567029,2
935,939,-0.0038162823922427906,4,2144.2498420326738,2138.2110289579878,4
940,941,-0.004082385067982759,1,2138.614716473315,2132.0226824050897,1
946,948,-0.005236969481565597,2,2114.988007401938,2106.0268677606987,2
955,959,0.006564990857235275,4,2117.0614967272927,2133.0770475942395,4
962,964,-0.0023452027406228814,2,2140.309157920367,2137.430008175352,2
971,975,-0.004772955140506855,4,2152.25451225191,2144.13415252623,4
980,981,-0.0026417245507467002,1,2127.905517111845,2124.412082382733,1
982,991,0.0013491331041859916,9,2127.2964681874137,2132.2937707432507,9
993,994,-0.0037592144039794795,1,2143.2035101384326,2137.2899521425993,1
998,999,0.001638803359064898,1,2136.3027183649797,2141.9400011541807,1
1000,1001,-0.000940312531849753,1,2145.9225720837435,2146.0506567689176,1
1003,1007,0.0012005717437882442,4,2139.485866377895,2144.1939585216805,4
1008,1009,-0.003149296866968149,1,2145.417873480654,2140.8067335668447,1
1015,1018,0.0031603904281703914,3,2132.513127112095,2141.38521431408,3
1020,1021,0.0008648201162613858,1,2143.432873123465,2147.4299898631216,1
1022,1023,-0.0006582883009147917,1,2147.045004457701,2147.7786748541866,1
1026,1027,-0.0017207585390974713,1,2145.5824086957023,2144.0359618532975,1
1032,1036,-0.0002453237097627069,4,2149.228756609779,2150.8507285946885,4
1037,1038,-0.004632440861281973,1,2157.345090375303,2149.5086619171375,1
1042,1044,-0.002399785565936155,2,2147.288727870669,2144.282984103498,2
1049,1050,0.0003362832400405193,1,2139.061712098512,2141.9201044138017,1
1051,1053,-0.002333302045450801,2,2146.573731877208,2143.711700729785,2
1056,1059,-0.005832154637031498,3,2147.8509850347104,2137.4722369377223,3
1062,1066,-0.005283561911949416,4,2146.3804400628037,2137.1862865611974,4
1068,1069,-0.0009533564656828127,1,2143.640688856437,2143.7406758344714,1
1071,1077,-0.003887381936152465,6,2153.7220913777815,2147.5034731156447,6
1078,1080,-0.0017988832815903633,2,2155.6632036546685,2153.941080360529,2
1083,1084,0.0023870153221145687,1,2179.1071472049407,2186.487816501053,1
1085,1086,-0.0011232170055299466,1,2189.2406829932897,2188.970931311947,1
1087,1091,-0.0018531805679355643,4,2183.6310081790357,2181.767976635316,4
1097,1105,0.0009488826641927148,8,2144.9630811401926,2149.14336250436,8
1107,1108,-0.0018987768144228313,1,2158.216531432433,2156.2767764534774,1
1109,1110,-0.005604236530396063,1,2159.81457188125,2149.8702747305124,1
1113,1114,-0.004683580045096304,1,2146.938373930698,2139.0299545784355,1
1121,1122,-0.003555633359347432,1,2130.8875154598895,2125.4417482403633,1
1124,1125,-0.0023661240459211343,1,2127.6112532797697,2124.704672386292,1
1128,1129,-0.0011855085138685385,1,2125.529106828398,2125.134803082606,1
1131,1132,0.00035924935454863943,1,2137.9339568363894,2140.839942187287,1
1134,1139,0.0017745941122992068,5,2140.0895650677817,2146.0274449748117,5
1140,1141,-0.002641850673746691,1,2148.403437487963,2144.8760798566436,1
1143,1144,0.0004408221280232821,1,2142.8564038157742,2145.9438787395684,1
1145,1147,0.0005005948069129662,2,2145.1172302232217,2148.336181999114,2
1148,1153,-0.0008288716148100422,5,2155.8154075458388,2156.1843287552997,5
1159,1162,-0.0019471326667420711,3,2171.0067344416184,2168.9505030437117,3
1166,1167,-0.0009830983668863253,1,2165.5471773120507,2165.583778595932,1
1169,1170,-0.002770310150588647,1,2166.747934067637,2162.91211820619,1
1172,1174,0.0011209067338432497,2,2161.056503804974,2165.6399030961097,2
1175,1176,0.0017000838656011197,1,2170.6527297832863,2176.513674196797,1
1179,1181,-0.0027555025009842094,2,2163.817418997625,2160.0188321069013,2
1182,1184,0.005849013873347766,2,2167.1996724559476,2182.042853078913,2
1187,1188,-0.0009684621900815386,1,2212.729557397511,2212.7993420416933,1
1189,1190,-0.0014054761659214798,1,2206.7240741237833,2205.829300106961,1
1192,1194,-0.0016016856188630561,2,2213.293384592651,2211.9616777928168,2
1196,1197,-0.0009253125956733953,1,2215.676053187149,2215.8415362803903,1
1198,1202,-0.005136655603810284,4,2229.6079627681042,2220.3848424946195,4
1204,1205,-0.0018601297535829234,1,2222.835984478936,2220.924057111351,1
1207,1210,0.006668977191967462,3,2229.116367284481,2246.211409863427,3
1211,1218,0.006293567291670229,7,2259.2544329189536,2275.7324571544523,7
1220,1221,-0.001757768741141203,1,2289.3999618878393,2287.665126160751,1
1224,1225,-0.004998255612544511,1,2307.0851687471104,2297.860852522549,1
1227,1228,-0.0004785411585202981,1,2275.2571387178523,2276.4435916694765,1
1229,1231,0.002749648940196413,2,2277.9901069419057,2286.5317701321783,2
1232,1245,-0.004509720406371218,13,2297.5412535255855,2289.477526103607,13
1249,1252,-0.0025144211910222646,3,2294.004575938839,2290.530486796735,3
1253,1259,0.0032343320359489083,6,2293.125188960198,2302.8350424102537,6
1260,1261,0.006070227624003979,1,2315.546999904189,2331.918444267591,1
1266,1267,-0.0004382895515303545,1,2366.5996292083814,2367.928972947452,1
1269,1270,-0.00285453297055243,1,2376.017878562056,2371.6114750676406,1
1271,1276,0.0015771517299307414,5,2378.4816002680404,2384.6113082387797,5
1277,1283,-0.01530707946680146,6,2388.229684003406,2354.061092129395,6
1286,1287,0.0008573437435964257,1,2339.710514159942,2344.0561608452435,1
1289,1294,0.014786651350851835,5,2347.5501336642187,2384.6100891530214,5
1295,1297,-0.003631936044566205,2,2388.7527465686126,2382.465702113362,2
1298,1300,-0.0064933925558716505,2,2379.805984436891,2366.7327759575664,2
1302,1303,-0.01051643164260168,1,2365.827884766875,2343.31364542333,1
1305,1307,0.0014779890234040576,2,2323.5461679352566,2329.3038898347727,2
1308,1311,0.003158584069994093,3,2340.3012946782837,2350.0336343613194,3
1312,1315,0.002068061463970587,3,2363.0982625268703,2370.348393241705,3
1318,1325,-0.004534752695767122,7,2343.056056581732,2334.773932869396,7
1328,1330,0.006030776884450567,2,2344.571770311565,2361.055931318207,2
1341,1343,-0.003397544138707552,2,2439.325488330904,2433.4770978039564,2
1359,1367,-0.0022955340913406994,8,2471.9105866209748,2468.7081421852613,8
1369,1370,-0.0027031702816679975,1,2470.767832775157,2466.559694429473,1
1371,1379,-0.013878227318111766,8,2473.089722684974,2441.2407110581507,8
1388,1389,-0.001600537548870885,1,2424.4021775828246,2422.946233041622,1
1390,1392,0.0002752782894469752,2,2429.9480829832482,2433.04694301796,2
1394,1395,0.0010736424629621344,1,2441.214797079922,2446.2770037443584,1
1402,1403,-0.003552135293020006,1,2466.2398702073497,2459.9456923935404,1
1404,1406,-0.0031083271619675207,2,2464.490975909962,2459.295022645027,2
1407,1408,0.0002792457800906145,1,2464.7395794130894,2467.892587119076,1
1411,1412,-0.0038289259929352704,1,2452.7637928983063,2445.8251056500458,1
1413,1416,0.002603527150050377,3,2447.6539536715013,2456.4741411474847,3
1419,1420,-0.00030225536697135085,1,2463.453603136974,2465.172464667278,1
1421,1425,0.006646795503927054,4,2468.183236296201,2487.056928770379,4
1427,1430,-0.0012842766932263739,3,2495.454582811485,2494.745183234587,3
1435,1436,-0.0032907874644505348,1,2531.5003316668945,2525.7012024408596,1
1438,1439,1.9119749638397965e-05,1,2512.3266170239494,2514.8869786969008,1
1440,1444,0.0005080277330116035,4,2518.237039979612,2522.034611274198,4
1445,1446,-0.0071183573348116876,1,2514.872255727434,2499.4853686154897,1
1447,1452,-0.005703011625618289,5,2505.8595524895604,2494.0744658820354,5
1453,1455,-0.0030072156686685274,2,2497.584429876794,2492.5712392753226,2
1458,1467,-0.018058700296494295,9,2455.12158721699,2413.240403869202,9
1471,1476,-0.01584137560910445,5,2432.454535243173,2396.3535638335593,5
1477,1481,-0.004738371830364491,4,2393.965549825871,2385.016016451539,4
1490,1492,0.001824340655379658,2,2385.4331690388194,2392.170444918827,2
1493,1494,-0.0118849156594,1,2391.493928390306,2365.46271867981,1
1497,1498,0.0008859376043920059,1,2401.344171025939,2405.8729562991643,1
1499,1500,-0.0017535882903179536,1,2407.517302064445,2405.7030252168715,1
1508,1512,-0.004352604379566775,4,2427.7250937876424,2419.585892005826,4
1513,1514,-0.0010538246123883894,1,2419.132649854039,2419.0024409768444,1
1516,1517,-0.0019509914459118604,1,2418.2296249724786,2415.929909284879,1
1518,1521,0.004795134003711698,3,2428.6714675448525,2442.745944150266,3
1522,1523,-0.00040230331472974315,1,2448.72380067523,2450.187394774036,1
1527,1528,-0.004120708291902851,1,2444.784115390183,2437.1546573293726,1
1529,1530,-0.0036249999420349868,1,2440.2652952188896,2433.85959896039,1
1534,1536,0.005680640528695728,2,2434.614850592367,2450.879637234999,2
1537,1539,-9.001307190987834e-05,2,2456.6883413667388,2458.923895643774,2
1540,1541,-0.0012769798793081815,1,2474.439543109875,2473.754173143869,1
1544,1545,-0.0005409602752279759,1,2480.596760389029,2481.7354528431883,1
1547,1549,-0.0026480372585647415,2,2483.089059594617,2478.9968363080707,2
1556,1560,-0.004796154866217669,4,2482.8389010394044,2473.413660063189,4
1561,1563,-0.0038399668334111003,2,2472.7505953094205,2465.728065631444,2
1564,1566,-0.003133432622584517,2,2471.6673916062573,2466.394255760826,2
1567,1572,-0.005650849738570239,5,2469.386424274336,2457.901679068571,5
1573,1585,-0.019493449937230376,12,2450.064731888352,2404.754582426201,12
1587,1588,-0.004392333076002377,1,2409.425162546388,2401.2515898733295,1
1593,1595,-0.00884932970813078,2,2401.8656074019386,2383.012572334821,2
1598,1601,-0.00018276750522234683,3,2354.0335326468826,2355.957325343558,3
1603,1604,-3.373004640423423e-05,1,2356.3886931119964,2358.6656007051433,1
1605,1606,-0.0039947956336580485,1,2362.867013343121,2355.7907095286464,1
1609,1621,0.004159873550864127,12,2372.2212394437665,2384.4616010739705,12
1623,1625,-0.004884585987685763,2,2389.043083671383,2379.7626403845757,2
1626,1631,-0.020928016381445574,5,2374.40022702972,2327.0831404093638,5
1633,1638,-0.001498713063644855,5,2293.2456745098098,2292.1020029337847,5
1644,1646,-0.03875140764565903,2,2201.8528396380916,2118.729795513162,2
1647,1648,-0.0022881376161271666,1,2146.580215024034,2143.815124303027,1
1652,1654,-0.0002769452943945863,2,2174.930867441804,2176.503461439874,2
1656,1658,-0.0012601066045975573,2,2191.894366459373,2191.3242402580768,2
1660,1661,-0.00036180180397113763,1,2211.932456488602,2213.3441077920706,1
1663,1664,-0.007498185901561859,1,2207.633037468527,2193.287427588627,1
1665,1666,-0.010684382149343342,1,2184.7857665852957,2163.6274663072377,1
1668,1669,-0.009077395229396306,1,2132.436919327179,2115.212383528017,1
1671,1672,0.0038952107365929738,1,2118.905060045185,2129.2775468449395,1
1675,1676,-0.007050784557324817,1,2119.315439142655,2106.4919180113907,1
1679,1682,0.012237491093242622,3,2070.0029230039486,2097.4045682601995,3
1687,1688,0.002825922694479148,1,2119.7306449929038,2127.840570573765,1
1689,1690,7.231620922019456e-05,1,2135.988347634729,2138.2788025626032,1
1694,1697,0.013839357559098216,3,2137.892146688722,2169.617092676224,3
1702,1703,-0.003010916103227286,1,2155.090957287548,2150.757250177619,1
1704,1706,0.002108803343213074,2,2150.9248306417207,2157.6116329462197,2
1709,1711,0.002349905499232675,2,2183.8387437183114,2191.154397135331,2
1714,1715,0.0008869375945447097,1,2210.919072398724,2215.090938714929,1
1717,1719,0.0012009239813312311,2,2215.4658699259317,2220.3419418888725,2
1722,1726,-0.000879319425540198,4,2236.093824157457,2236.3636772447026,4
1727,1728,-0.0055153055283101195,1,2231.331168972809,2221.2560270100553,1
1729,1730,0.006066377371942352,1,2232.6306341690956,2248.4072447622934,1
1732,1734,-0.006345483062745304,2,2260.2836131264744,2248.201305355506,2
1736,1739,0.003941427029074075,3,2243.2427312301174,2254.327551494992,3
1743,1745,-0.003403089668681854,2,2267.4195379351463,2261.970725468967,2
1746,1750,-0.006116287869649894,4,2261.374614468831,2249.80477096009,4
1752,1757,0.0032001083841618778,5,2248.3031538908554,2257.74627081765,5
1760,1765,-0.01186225345125361,5,2259.1224180887943,2234.583257806105,5
1770,1774,0.007860142356486733,4,2218.5560130909407,2238.212735192766,4
1775,1776,-0.0019603118285647456,1,2243.309192784235,2241.1549164312764,1
1778,1779,-0.005090834040973612,1,2231.5096867778016,2222.3809509883686,1
1780,1781,-0.004923433290548863,1,2217.3031433581596,2208.6037023902695,1
1784,1786,-0.020566631743147327,2,2187.5914115743667,2144.7876160196192,2
1790,1793,0.005480087304724321,3,2109.8607561559647,2123.532838056667,3
1794,1795,-0.0028870459594791983,1,2120.8596337672807,2116.8574741647576,1
1796,1797,0.0013842359263533245,1,2124.729228072458,2129.7950838318015,1
1798,1799,0.004476572628561742,1,2136.5878056732627,2148.2889839683316,1
1806,1808,0.0021468222108150833,2,2176.3760733001827,2183.2247418667303,2
1811,1812,-0.0007035088182436095,1,2203.066465379171,2203.719655158979,1
1813,1816,-0.002003129648933027,3,2198.5472728145523,2196.341844860611,3
1818,1819,-0.004719797109045628,1,2194.1049137152463,2185.9432886002655,1
1820,1821,-0.007403310244864603,1,2177.8697113665385,2163.924135931765,1
1823,1826,-0.02948612533537867,3,2155.1522238944003,2093.7602875277244,3
1827,1831,0.001838863496771861,4,2103.3824448930327,2109.3536605355903,4
1835,1841,-0.024803249092149107,6,2129.29016615415,2078.6061419397192,6
1845,1849,0.018290677038163627,4,2101.566322925639,2142.1069601354784,4
1850,1851,-0.0006240700453186992,1,2149.4751933571297,2150.283245469157,1
1859,1863,-0.005572707447400799,4,2183.681035282215,2173.695700749432,4
1864,1870,0.01348820578027107,6,2176.3045222662035,2207.835270025331,6
1873,1877,0.0018399783310280222,4,2178.210218698902,2184.3962885204305,4
1878,1879,0.004190840770116477,1,2201.2145670088394,2212.640721327043,1
1882,1883,0.0011967880109318573,1,2257.4341903476407,2262.393294712464,1
1884,1886,0.007120094548612025,2,2264.271464291577,2282.657562665349,2
1891,1895,0.004621626209998666,4,2302.3840858541157,2315.327228576637,4
1896,1897,-0.0018352567789313035,1,2315.7976634901097,2313.8633777930463,1
1898,1901,0.003651943573885167,3,2322.502554781166,2333.306705616212,3
1902,1903,-0.005887476558548971,1,2340.028461075555,2328.5916268257106,1
1904,1905,-0.0018749602907707275,1,2327.8348964534434,2325.7981333555763,1
1908,1909,0.0005278035118884432,1,2332.193548494178,2335.7566819879708,1
1910,1911,-0.0023676349548524666,1,2342.194570996541,2338.9913038301806,1
1912,1914,-0.008985525192599254,2,2329.0719030517425,2310.4730406945478,2
1916,1919,-0.00048190196858796793,3,2312.237712727753,2313.435678534874,3
1922,1923,-0.004127617434677074,1,2320.8464298085983,2313.587710051521,1
1924,1927,-0.007373373369578502,3,2310.24329043732,2295.5192473727993,3
1928,1930,-0.0006112377738553861,2,2305.0750218376334,2305.9711479345533,2
1932,1939,-0.004829384671478688,7,2302.4438145594618,2293.626871509047,7
1940,1941,0.0006601251194220529,1,2291.734433700723,2295.538999601154,1
1944,1945,-0.0004837190929662397,1,2294.548609371518,2295.7332410087974,1
1947,1950,-0.008683311657582179,3,2304.95448879097,2287.244805097046,3
1951,1952,-0.00448795818544784,1,2281.734223213459,2273.775629652585,1
1955,1956,0.00014327121540905728,1,2259.5777663238937,2262.16107654311,1
1961,1971,0.026561028115949188,10,2358.4208306268115,2423.4213334489573,10
1972,1974,0.0005334811931558036,2,2437.038368825371,2440.775521330964,2
1978,1979,-0.003543534229004442,1,2429.090760127258,2422.912284633516,1
1981,1983,-0.003484817066558796,2,2422.502325427119,2416.4828503051194,2
1985,1987,0.005012285664309788,2,2415.1903898903006,2429.711204448017,2
1988,1990,-0.008177399407850222,2,2433.4447580712513,2415.9789531056344,2
1991,1996,-0.012820450919756164,5,2414.267642895488,2385.7299107154863,5
1999,2000,-0.0030915510847263146,1,2375.4909525680887,2370.5224918894874,1
673,674,0.000993686230356314,1,1979.4589852118993,1983.4054053342713,1
675,678,0.00032595353548407714,3,1985.488329960146,1988.120995230919,3
680,682,-0.0011592632961295866,2,1986.4024887502433,1986.086127742445,2
683,685,-0.0011675684736237623,2,1993.599467727513,1993.2654033076888,2
687,695,0.006759975621018647,8,1999.8590385321731,2015.3778959166566,8
697,700,-0.0006659451885921121,3,2020.1771634600575,2020.8520133614077,3
702,705,1.2875763691974759e-05,3,2023.7521136606358,2025.801923128283,3
712,717,-0.0011380068606582463,5,1996.1441518566833,1995.8686702688642,5
718,720,-0.0007551221800499571,2,2002.7527743106584,2003.2432040439305,2
721,723,0.0009864598128709028,2,2020.6537037166645,2024.6676510948264,2
724,725,-0.005140181045242436,1,2032.9473492489556,2024.5305791676192,1
728,729,0.0004898629462183153,1,2037.0817846061227,2040.1167572754237,1
735,736,0.0016063963999648967,1,2061.667395821294,2067.0409182996877,1
741,742,-0.003996230566375807,1,2069.1459301357613,2062.9462918535964,1
743,744,-0.0004254339888305859,1,2064.415555247721,2065.6016982586957,1
745,746,-0.00038474912920683684,1,2066.5465621804883,2067.8180067524045,1
747,749,-0.0037738368183952028,2,2068.325145307975,2062.5879488675073,2
750,752,-0.0008094284670862396,2,2062.7154660344645,2063.1085608827916,2
753,756,-0.00755206739716427,3,2062.8186234014174,2049.3028967527657,3
759,764,0.008643359376554041,5,2056.4394582412533,2076.2704429732,5
766,769,0.0017330639254475627,3,2084.5472216336616,2090.2444224460005,3
776,780,-0.0048194497443781615,4,2084.2214456626834,2076.2608665948196,4
782,783,-0.0013675753809368496,1,2074.047463556733,2073.285094770235,1
789,795,-0.003040059903429618,6,2079.4350306302554,2075.1928586024796,6
796,797,-0.0023444455455843955,1,2073.276757836099,2070.4893501342626,1
798,800,0.00016138837380182017,2,2073.09143731904,2075.4991016121703,2
802,803,-0.0031120439209116704,1,2075.653021736187,2071.269151389707,1
804,808,0.005117463972409971,4,2073.431675073453,2086.1158186449684,4
809,814,-0.0035434996214049304,5,2091.6797770940952,2086.359590372956,5
815,817,-0.0018638617600392642,2,2085.2619138398873,2083.4605358128547,2
821,823,-0.004884508720965941,2,2078.737455879797,2070.6625821038333,2
825,830,-0.006523105782049845,5,2072.0695009105516,2060.6252418692634,5
831,837,0.0034445163422997978,6,2063.550679362885,2072.7221640804773,6
839,845,0.0027253748683624133,6,2072.5661274195522,2080.2872131836602,6
848,849,-0.002466329893855525,1,2080.0370012601647,2076.9869808248914,1
851,852,-0.0010359803578967128,1,2073.029832908494,2072.9552445531754,1
858,859,-0.004641024216817411,1,2072.5925670333345,2065.0462073051704,1
861,865,0.0013981162919124261,4,2067.12934970005,2072.086566271056,4
866,875,0.02166082720240031,9,2063.5379412805446,2110.2994179935,9
876,877,0.0021350622384959913,1,2123.036914153307,2129.692767013802,1
881,882,-0.001134285653790788,1,2174.3541790766913,2174.062194504181,1
888,889,-0.0016367493513457134,1,2172.2819168353526,2170.8987177338677,1
890,891,-0.002458554968876303,1,2170.9241816424833,2167.757769390295,1
893,898,0.00044238589620198827,5,2165.941294378942,2169.0654175539557,5
899,900,-0.005118652991812071,1,2170.0599508384125,2161.1222269294803,1
901,903,-0.0007210400934568573,2,2164.294463518038,2164.8982148993127,2
910,914,-0.005373668027598624,4,2162.5852573122734,2153.1268273154105,4
915,916,-0.003545609438869435,1,2150.785270918038,2145.3102116314076,1
923,927,-0.0018740838515234827,4,2156.7882573887146,2154.9030436017756,4
928,929,-0.003576523781067034,1,2157.6241228138297,2152.064952950796,1
930,932,-0.006672877741814324,2,2156.7479353130716,2144.51296795613,2
937,939,-0.0007839094716401574,2,2134.561266686765,2135.0225251587,2
942,950,-0.011390112195431956,8,2136.503443851943,2114.3049333643944,8
955,957,0.004444309070243305,2,2119.092052076523,2130.6290441563237,2
958,961,0.0007608292782714599,3,2134.9251358030483,2138.684374489088,3
962,965,-0.002550561979209949,3,2141.3665731447104,2138.046251552841,3
967,968,-0.0012452615346564343,1,2146.8314698102413,2146.304934629307,1
976,977,-0.002266798568593894,1,2138.7847596798183,2136.0753502077255,1
980,984,-0.007880565722462443,4,2131.423033016044,2116.757636755007,4
986,987,-0.001643015969662783,1,2125.8455316932336,2124.4785790673186,1
988,990,0.00297525437382462,2,2122.841725078501,2131.2805609310567,2
996,997,0.0011659998968195826,1,2133.5317297764186,2138.1529592829756,1
999,1003,-0.0015238298699739028,4,2142.033449418447,2140.9113883151585,4
1004,1005,-0.0011384937588705811,1,2142.3605149123823,2142.063811351816,1
1011,1012,-0.0017337678787357246,1,2141.8423870065803,2140.2707718616803,1
1014,1018,0.001512751619831864,4,2134.266179010317,2139.6290598087776,4
1019,1022,0.0005126280224782031,3,2142.5059999558803,2145.746814569741,3
1025,1034,-0.0004965048861261034,9,2151.947550083321,2153.031045160101,9
1035,1036,-0.0005362362280956637,1,2151.4440828349275,2152.4418446578243,1
1042,1047,-0.006601587509396613,5,2148.4224586226087,2136.387882213481,5
1050,1052,-0.0014604963663709368,2,2142.56347491109,2141.5768322161744,2
1058,1059,-0.0008671151925778031,1,2142.884539428105,2143.169296227455,1
1060,1063,-0.00037183728455923606,3,2145.775864436754,2147.123760830486,3
1064,1067,-0.0036305603604244716,3,2142.6685881974004,2137.0321691437616,3
1071,1072,0.0006556264478931248,1,2153.180881049638,2156.745744263402,1
1074,1076,-0.001474265385234176,2,2155.4157668949347,2154.3935278059084,2
1079,1081,0.002903127560413115,2,2149.9060785290153,2158.2974361964216,2
1082,1084,0.006892888118210428,2,2165.904246126317,2182.999486015749,2
1087,1088,-0.0023934706908905487,1,2185.4174125859595,2182.372097474159,1
1090,1091,-0.00298725401408172,1,2184.5057522393195,2180.1645844143973,1
1092,1095,-0.014709015849110274,3,2177.064107719504,2147.2187013622483,3
1097,1098,-0.004481067043192836,1,2144.939383797677,2137.4727059990923,1
1101,1102,-0.0014822300840573782,1,2143.734841596927,2142.701068164067,1
1106,1108,-0.0009461933418346567,2,2156.19002600636,2156.3060433860287,2
1111,1112,-0.0026555603098008564,1,2151.950859172716,2148.3881747416276,1
1113,1121,-0.00927434514709909,8,2147.829314412366,2130.0574333478608,8
1122,1124,-0.0012585880991939054,2,2129.8131076831455,2129.2623633599915,2
1125,1128,-0.003176603288668814,3,2131.087709605534,2126.449177088365,3
1135,1136,0.0003128835294901617,1,2141.229676611822,2144.040861787101,1
1137,1138,-0.0019352628080647949,1,2148.2841780452213,2146.2749677523416,1
1140,1141,-0.0028739531054353977,1,2147.6794615793738,2143.6548109828673,1
1142,1147,0.0017938978336820349,5,2143.044925368512,2149.0323739429823,5
1149,1155,0.004503912212976173,6,2144.263157966106,2156.0649941490706,6
1158,1160,0.0008784568952727851,2,2161.3375697230344,2165.397549183893,2
1162,1166,-0.0020595651489763844,4,2167.3306873043325,2165.034259241758,4
1167,1169,-0.0027039084794024254,2,2167.3365192490005,2163.6435761761336,2
1171,1174,-0.002095648590287917,3,2165.8290436806865,2163.456056142173,3
1175,1179,-0.005923370094720204,4,2168.965784477869,2158.2871631980993,4
1181,1186,0.02018021747618489,5,2162.175139175821,2207.9704788451654,5
1187,1189,-0.0062675559567159905,2,2215.4724843605723,2203.8023590786383,2
1190,1191,0.0008648687501155677,1,2207.9792040299635,2212.096795448464,1
1193,1196,-0.0027621209857721096,3,2217.291172995089,2213.384037687587,3
1199,1200,-0.00038445603182839954,1,2225.447172223155,2226.8170328065016,1
1209,1210,0.003995850575106174,1,2241.6847517142774,2252.883873770336,1
1211,1213,-5.158734166937494e-05,2,2262.685456036769,2264.831415565095,2
1220,1221,0.0007687725917346706,1,2287.7319380650815,2291.778415614367,1
1222,1228,-0.011541105730883947,6,2300.181623145615,2275.935165455801,6
1232,1236,-0.005342462816954626,4,2298.733398780373,2288.7512344700776,4
1241,1242,-0.0020720206671972,1,2282.430610751537,2279.983797965368,1
1244,1247,0.0021146961940556232,3,2296.4359429179162,2303.588643209215,3
1250,1251,-0.0007306013702056097,1,2292.8468256977594,2293.464515490931,1
1253,1257,-0.0016043061532943154,4,2288.902990644694,2287.5197924831537,4
1259,1262,0.014296423870748403,3,2300.2110362303843,2335.3960392327376,3
1268,1269,0.0010752325195787496,1,2373.473000528455,2378.398508883494,1
1271,1275,0.001689041320203003,4,2375.9913493468025,2382.380488261641,4
1276,1281,-0.006876502841488108,5,2389.238752364507,2375.1983840472435,5
1285,1286,0.0003646470418586945,1,2334.990039023137,2338.1764762726593,1
1288,1294,0.01321709699741827,6,2350.378660397426,2383.794221792958,6
1295,1297,-0.0026758022244716267,2,2386.1531263620845,2382.154405644997,2
1299,1307,-0.016357425829019497,8,2370.116922954459,2333.718028104082,8
1310,1313,0.006481170660645861,3,2349.4149861357864,2366.991360599747,3
1322,1333,0.022004558533201147,11,2342.724011613416,2396.617343265713,11
1334,1335,0.0022059429574610404,1,2411.754959706787,2419.4869085349806,1
1339,1342,-0.0009322354647173665,3,2431.297643934398,2431.462399689373,3
1343,1346,-0.0035847391954810155,3,2431.776726138689,2425.4912175199797,3
1347,1350,-0.00277730152093763,3,2424.9842915658487,2420.674363296199,3
1352,1355,-0.0007323048416016297,3,2424.628742423561,2425.2778037988214,3
1356,1357,0.0025425402959910093,1,2442.0435824187143,2450.694620213999,1
1358,1360,-0.002227757947333122,2,2467.6245558126116,2464.5949101531783,2
1361,1362,-0.0036999627279724516,1,2465.555526208329,2458.89861818382,1
1363,1369,-9.66828426645673e-07,6,2461.901117544398,2464.3606384259583,6
1370,1372,-0.001106842887239155,2,2474.0638137786977,2473.7994776576197,2
1373,1374,-0.001686703849956529,1,2469.249118255325,2467.553475379317,1
1375,1376,-0.002024052629947575,1,2469.5469998834214,2467.0180537834117,1
1377,1378,-0.005093510969746449,1,2463.5194181706806,2453.4349744082156,1
1379,1383,0.0003423123123603355,4,2444.8826170833213,2448.164413122508,4
1385,1389,-0.0063200170147019105,4,2440.1136374927028,2427.1321914234354,4
1397,1399,0.006239989544112379,2,2446.6500942770626,2464.36381537773,2
1404,1405,-0.004327496619432507,1,2460.248127437341,2452.061660110328,1
1407,1409,0.0007445618973206765,2,2462.332400083823,2466.6280913675473,2
1410,1411,-0.005076303714472261,1,2460.3942271297133,2450.3649130025983,1
1413,1416,0.0025355340955393415,3,2446.714089498294,2455.3645305837517,3
1419,1420,-0.0019426915522912998,1,2467.1672332163016,2464.8414555074587,1
1421,1427,0.009049495398211746,6,2469.171955209257,2493.9858874105257,6
1428,1430,0.001182003573197041,2,2491.1791607821397,2496.6149226124403,2
1434,1435,-0.002444222089223683,1,2530.3714260510746,2526.7170077436313,1
1439,1447,-0.0068520811633622294,8,2520.5897004650706,2505.839004958414,8
1452,1454,-0.0019808205601312343,2,2493.8278421141117,2491.3818444931385,2
1455,1459,-0.023017561675243558,4,2492.559091966694,2437.679018430128,4
1461,1464,-0.012336045399457481,3,2440.390080226811,2412.725707484974,3
1466,1467,-0.002391251834793784,1,2414.2782173656997,2410.919348366087,1
1472,1476,-0.018173044852075795,4,2440.3206821754648,2398.4129456470173,4
1487,1488,-0.0010446164129159711,1,2376.3964581429905,2376.290431857362,1
1496,1500,0.008508611458107013,4,2380.5964019029298,2403.2325681271923,4
1501,1502,0.000914171146118832,1,2409.3997315157458,2414.0117349612797,1
1508,1510,0.0015736164638765235,2,2424.934246627347,2431.175097328285,2
1520,1524,0.00687813092697459,4,2433.574348952726,2452.7463662943023,4
1525,1527,-0.003929878689813223,2,2452.5128977787344,2445.3273325030405,2
1528,1531,-0.00542629359089296,3,2436.4284467795164,2425.644099160867,3
1532,1534,-0.002275675533583141,2,2431.7137701200254,2428.611692358806,2
1535,1538,0.007628564768117302,3,2434.7222892024906,2455.730448167253,3
1542,1544,-0.0008641326770340638,2,2483.287631236615,2483.6250288792257,2
1545,1549,-0.0029130456829715742,4,2481.2724957662003,2476.5257081298987,4
1550,1552,0.001156895799769736,2,2478.0204845172307,2483.3653164920293,2
1554,1556,-0.0015823700365222685,2,2478.401643808834,2476.958296953012,2
1561,1562,-0.003407506339343813,1,2473.8955761659136,2467.9396568834195,1
1564,1567,-0.0023770124397412863,3,2465.646372596576,2462.2511468695075,3
1568,1569,-0.0014947057446311495,1,2464.515754744793,2463.2965446431867,1
1572,1574,-0.006272374715290745,2,2451.843237186741,2438.916200897141,2
1576,1579,-0.007531624991234047,3,2435.35195360941,2419.445147926764,3
1580,1584,-0.00866755275900271,4,2418.8153297492645,2400.2689355941275,4
1585,1587,-0.0027785803404998485,2,2411.758643738901,2407.4691372291163,2
1591,1593,-0.006342105668031352,2,2413.5366219708653,2400.6432543026335,2
1600,1601,-0.0031046538410866,1,2358.941343934036,2353.9765889736273,1
1608,1612,0.004571470357164129,4,2362.035311406169,2375.1953211262435,4
1619,1621,0.00026093983677960065,2,2387.5171794467888,2390.527694969349,2
1622,1625,-0.0076079286403083635,3,2391.706683050867,2375.9024559607183,3
1635,1636,-0.004980629265016858,1,2288.3571660113885,2279.2480645075525,1
1638,1640,-0.006480914845825685,2,2292.3971029086497,2279.83266959479,2
1643,1649,-0.035441853769192046,6,2240.00031793674,2162.850554543419,6
1658,1663,0.006076836407096692,5,2191.2379073443453,2206.74493954365,5
1666,1668,-0.015282636944026293,2,2167.2431254043827,2136.289178674795,2
1670,1673,0.0034958171641920593,3,2116.8871800927254,2126.4043178116444,3
1675,1682,-0.008322810509172983,7,2116.140762046202,2100.6446642350006,7
1685,1693,0.010066727657570516,8,2115.0102557411046,2138.41649823436,8
1695,1697,0.007746350503580625,2,2146.565884577138,2165.3405021826784,2
1699,1703,-0.008790244512840384,4,2164.0250285700063,2147.1667444655395,4
1705,1706,0.004634015140065843,1,2146.644993677549,2158.7392240722747,1
1709,1710,0.0010732637795164437,1,2187.032036126099,2191.566330431241,1
1714,1719,0.004637452064942843,5,2211.279214680159,2223.745195255123,5
1721,1722,0.0009318671697210255,1,2230.6457751865105,2234.95508652687,1
1725,1730,0.0012261920225607285,5,2237.836899158837,2242.818753811536,5
1733,1735,-0.008773009272370586,2,2260.0836052854293,2242.515954465213,2
1736,1738,-0.0010687411010981544,2,2246.156442687413,2246.002039420304,2
1740,1741,-0.00041505337148658897,1,2252.3312329802934,2253.6487265413207,1
1742,1743,-8.215032478472994e-05,1,2264.706617097021,2266.7852773299815,1
1744,1745,-0.004263124348590306,1,2267.089394636874,2259.6916000328038,1
1747,1752,-0.008485279971975752,5,2261.516743606381,2244.5886576191765,5
1754,1757,0.0024145954397312764,3,2251.189721842501,2258.8766240006744,3
1761,1762,-0.005279787668963184,1,2252.4151069046943,2242.775248504777,1
1766,1768,-0.011933642122567471,2,2241.367779556072,2216.8614663893522,2
1774,1776,-0.0007405817773613462,2,2239.489066105765,2240.0700303789126,2
1784,1785,-0.011188063856255263,1,2185.92638202355,2163.656024458421,1
1787,1788,-0.004395687289072674,1,2146.274911973847,2138.9868335364017,1
1796,1797,-0.0007554540632860974,1,2128.041727876097,2128.5621318338067,1
1798,1799,0.0027502939607036373,1,2137.545737776312,2145.562162647422,1
1803,1805,-0.0008642020783022181,2,2170.175192822794,2170.4698981036995,2
1809,1811,0.0016036222399301802,2,2199.5264834329387,2205.25321950252,2
1814,1815,-0.0040031995696471305,1,2205.745237691031,2199.120944542446,1
1816,1817,0.00193124206277921,1,2190.1760006604677,2196.595936678493,1
1820,1821,-0.006996934395964539,1,2177.7745016617887,2164.7145308461186,1
1824,1827,-0.02258410704057683,3,2141.1019857280753,2094.888211283329,3
1831,1836,0.0004686509553974811,5,2111.88298253129,2114.9846014912723,5
1837,1841,-0.01715757622052369,4,2118.8160932986734,2084.581160773928,4
1842,1846,0.014382020661802657,4,2084.4402557456237,2116.503158827796,4
1847,1852,0.007230520301840098,5,2128.5768633437274,2146.096158431505,5
1854,1856,0.008880090338849376,2,2156.1824144755074,2177.4856915175637,2
1858,1862,-0.0030463329016130925,4,2184.4353083086435,2179.965226465806,4
1866,1870,0.007752685774715817,4,2190.0805117086124,2209.2495982489268,4
1872,1881,0.020924727151256577,9,2191.8418858747973,2239.897421181298,9
1884,1885,0.003892790633598057,1,2258.8695751877967,2269.921751087795,1
1886,1887,-0.0011160759791220905,1,2283.116490567838,2282.8514755857454,1
1890,1900,0.01212082504562859,10,2295.3484198687343,2325.465284904592,10
1901,1902,0.0006019852738191691,1,2331.8739546712327,2335.6095824070185,1
1903,1904,-0.003089804452802157,1,2329.5596789119236,2324.691354721865,1
1911,1912,-0.007942518894509434,1,2339.953422320616,2323.708251473883,1
1917,1924,-0.004283192060212758,7,2317.9972054180157,2310.386775397592,7
1925,1927,0.001297989751435595,2,2295.0359125033697,2300.309881509479,2
1928,1929,-0.002007098427376704,1,2308.0421323047844,2305.717706703021,1
1933,1937,4.348380932955669e-05,4,2308.472307153847,2310.8811606306476,4
1940,1942,-0.0038620837435709003,2,2294.9364337797965,2288.368133520147,2
1943,1945,0.0020609068281728098,2,2289.330523536254,2296.3379509676906,2
1946,1949,-0.002145137729939074,3,2299.680940033087,2297.0474886218335,3
1950,1961,0.03139533508078782,11,2286.587653595235,2360.6624268250453,11
1964,1971,0.017859283656192722,7,2376.4944384910214,2421.313421213888,7
1972,1975,0.0017849308085763774,3,2434.21003522465,2440.9891417462927,3
1982,1986,-0.0006410664904728134,4,2417.158497325397,2418.0260965079256,4
1989,1991,-0.010999893896828681,2,2429.724918228984,2405.4279268482132,2
1992,1993,-0.004276966557528253,1,2403.200309482601,2395.325102437385,1
1994,1995,-0.005311066731510236,1,2398.8910006709352,2388.5492214854235,1
1999,2000,-0.00026163614139947686,1,2372.8149473702015,2374.5669481704867,1
674,677,0.0029209168645716486,3,1982.1323933240014,1989.9041696527993,3
678,680,-0.003993764479806735,2,1992.7336601641719,1986.767884914657,2
682,687,0.00224933063051633,5,1990.224973226208,1996.6918721933305,5
693,697,-0.0018571920597308103,4,2017.2157094936076,2015.4865682046654,4
700,701,-0.0016236644100291538,1,2023.9426219915558,2022.6803610102786,1
702,704,-0.0014747565604076452,2,2023.3827656695605,2022.4221514273431,2
705,706,-0.005720113657302695,1,2027.4781973755792,2017.9082698462632,1
707,708,-0.003519794441659165,1,2018.0138359538432,2012.9288559068154,1
712,714,-0.0008313917850231315,2,1996.0394214803823,1996.3759701242616,2
715,716,-0.0012665808586555427,1,1996.526265526056,1995.9940298398637,1
719,735,0.027757796535733743,16,2003.8267723772158,2061.452414990096,16
736,737,-0.0008860271173107234,1,2067.055706845416,2067.2912951430044,1
744,745,-0.0020248413137759613,1,2064.854352504336,2062.7382044569595,1
746,752,-0.006466120514133174,6,2072.007552525003,2060.6817095367073,6
753,754,-0.005611640875621617,1,2063.101483477371,2053.587200345611,1
759,760,0.003964484114125813,1,2056.245252708193,2066.4534496000097,1
762,765,0.0023650598157172616,3,2069.9724332572728,2076.9380143120693,3
769,779,-0.005328965463349337,10,2086.1239564999455,2077.0931979399916,10
783,792,-0.0008488617795654546,9,2074.5602538511926,2074.873799196144,9
796,798,0.001582691046609562,2,2070.9645896315574,2076.3132513350442,2
800,802,-0.0024736746409422905,2,2073.654886697218,2070.5989940766262,2
808,813,-0.003720994763779856,5,2089.1841774486006,2083.4995182411913,5
816,822,-0.003198901711940956,6,2084.75917326175,2080.1749927466803,6
827,834,-0.005230463893330879,7,2069.5563528481175,2060.80116942218,7
840,844,-0.0033761698695233084,4,2080.148804411212,2075.206017498045,4
845,846,-0.0025481978398132696,1,2078.8656795745283,2075.647184220149,1
847,851,-0.006275700823693687,4,2080.3412765752046,2069.366018388813,4
853,854,-0.0021371277169750414,1,2077.0399149490454,2074.6780552924934,1
856,857,-0.001678427758463281,1,2074.8208543405676,2073.4132382791445,1
858,861,-0.004403575928289711,3,2072.1370182895944,2065.084342614026,3
865,866,-0.002679060632837907,1,2067.709296341349,2064.237487061709,1
869,870,0.005974994653427766,1,2073.2816719168172,2087.742800493487,1
872,874,0.003666380416237741,2,2091.280418095324,2101.0391280831855,2
875,877,0.006049514420249633,2,2114.5081255496725,2129.41438107247,2
880,881,0.0006872115298558522,1,2166.43696242263,2170.0921998443355,1
883,885,-0.0022447369356207074,2,2176.9069213119546,2174.1972448615893,2
887,889,-0.0014502474901254068,2,2172.2284983622885,2171.250457932922,2
892,895,-0.00640035827217201,3,2173.5800620426135,2161.8419509743335,3
896,898,-0.0009143746759271125,2,2168.476087806425,2168.6617642741876,2
900,903,-0.004803259577591722,3,2172.227169084279,2163.9656252987543,3
907,909,-0.0006645122428253864,2,2163.9116356477484,2164.637601509116,2
910,913,-0.002519355208216027,3,2161.2503805179804,2157.9666734960815,3
915,918,-0.0015991672701836327,3,2149.7408400460085,2148.452785695276,3
922,926,0.000363259072242244,4,2154.9030617554226,2157.8407529041633,4
928,934,-0.00635438484045816,6,2160.016380598341,2148.450821634924,6
935,937,-0.006129544537235514,2,2145.370815932958,2134.3660407837447,2
939,942,-0.005473333878525016,3,2140.1930853563113,2130.619287121002,3
944,945,-0.0049363381289036935,1,2129.3700985146534,2120.9881778053227,1
947,951,0.002598075310207575,4,2108.6592216546974,2116.2463363377747,4
953,957,0.003065698791241399,4,2117.957851029564,2126.5688297043953,4
962,963,-0.0007111022065723612,1,2137.379932887552,2137.99741723388,1
966,968,-0.0009375487460061226,2,2146.818865178083,2146.952936708311,2
969,970,-0.003520661154839604,1,2151.1794300697356,2145.757035643269,1
971,972,-0.000632638781733709,1,2147.4720254621398,2148.2609234016063,1
977,978,-0.0030784103472904193,1,2133.7668841708205,2129.3320410000542,1
979,988,-0.006121124722325162,9,2130.3962903663332,2119.4862652553884,9
990,992,0.0017763472436914782,2,2129.4776651801817,2135.3898346264073,2
995,1005,0.0012688154237553515,10,2141.338095696362,2146.196396595353,10
1006,1010,-0.0035237976416051054,4,2150.3205647549426,2144.893590784919,4
1016,1019,0.002478350877949037,3,2134.5349385385234,2141.959600016002,3
1020,1024,0.0018893658576302113,4,2145.8234731932084,2152.0235422731544,4
1025,1026,-0.0014662347468235289,1,2147.8315578372753,2146.8301641346875,1
1027,1030,-0.0012353463228488087,3,2146.0968148158768,2145.5917388220323,3
1037,1038,-0.004128397407809407,1,2152.3071070655546,2145.573835091001,1
1039,1042,-0.0004729553729191189,3,2145.4389378140495,2146.5696798789545,3
1044,1045,-0.0024996415050194155,1,2139.818247109862,2136.6092868532983,1
1047,1048,-0.0006222649186116728,1,2136.854151390868,2137.6613161676587,1
1049,1051,-9.013031780806123e-05,2,2142.367045768976,2144.316320592048,2
1053,1056,-0.0011936199341135672,3,2146.764915078266,2146.349258596851,3
1060,1061,0.0003904468073917492,1,2144.986064662305,2147.9685536878146,1
1063,1067,-0.0044363684293547995,4,2145.5763885610554,2138.203397596635,4
1069,1070,0.0006192354810245098,1,2145.1299548803577,2148.6034254147085,1
1071,1072,0.0008590854820950352,1,2152.7316367477933,2156.733748880518,1
1075,1076,-0.0005206944094523175,1,2153.8227201546456,2154.8550594254643,1
1078,1080,-0.0019378895571547958,2,2151.2371079450163,2149.219485126511,2
1084,1085,-0.0019667183499418803,1,2185.709766940436,2183.5968012010876,1
1086,1088,-0.00279768657304619,2,2186.8966985268985,2182.9653436953176,2
1089,1092,-0.007509343332512834,3,2187.376786325946,2173.1383998261817,3
1095,1097,-0.006372735834213582,2,2152.7915912714575,2141.2252107454397,2
1100,1101,-0.003191314578386815,1,2146.5735067654878,2141.8696889465336,1
1103,1105,-0.0012603572325434443,2,2152.1893439847327,2151.6290059232233,2
1108,1110,-0.003926771131416068,2,2159.9643302812883,2153.6426090345326,2
1111,1113,-0.005292119591682,2,2154.7404945691846,2145.4920906774537,2
1114,1119,-0.0061922260107123385,5,2140.1899988770288,2129.077648696993,5
1120,1123,0.0007926153037557063,3,2122.796240404975,2126.60159743228,3
1124,1128,-0.001097136562627384,4,2124.6536281513986,2124.447246601186,4
1130,1132,-0.0011913402690702617,2,2133.595268377775,2133.1870256850366,2
1133,1134,-0.00010178724535211796,1,2139.7894878903344,2141.711474100619,1
1135,1136,5.729485237882231e-05,1,2140.966340533045,2143.2299732240067,1
1138,1139,-0.0006963310052960573,1,2145.742424643543,2146.394020088528,1
1142,1143,-0.0029208474615218293,1,2146.8077601468876,2142.684069910434,1
1146,1148,0.0008955066563531816,2,2145.5217881626636,2149.5886389934767,2
1149,1150,-0.003509997044001655,1,2150.595957388133,2145.1979678922467,1
1153,1156,-0.00035831737409998995,3,2154.380764690112,2155.7631933963867,3
1157,1158,0.0005830625497320848,1,2158.038611887268,2161.4549219946225,1
1159,1162,0.0020493690585907,3,2165.671557341818,2172.275489179846,3
1165,1167,-0.00041547822365711696,2,2164.976712113171,2166.242188146676,2
1173,1178,-0.000140563147713727,5,2168.2890819477234,2170.1525894911592,5
1181,1183,0.001341639862219649,2,2160.165126050491,2165.2234548186275,2
1184,1186,0.011027944153544099,2,2178.6714271480387,2204.8763654026975,2
1188,1193,0.0011689729462027016,5,2211.912402783675,2216.709980944683,5
1195,1201,0.003155204532570439,6,2214.179430035144,2223.37979843875,6
1202,1203,-0.0017231965556274804,1,2227.403835719841,2225.792984937857,1
1204,1206,-0.002279533401867027,2,2223.655006038011,2220.8097651835565,2
1214,1217,0.005231518725624749,3,2266.7123334078096,2280.837393759045,3
1220,1222,0.0030720021431082335,2,2285.0030568010757,2294.3075941453785,2
1224,1228,-0.013404354806971028,4,2305.3222362941397,2276.7262013307472,4
1230,1233,0.0020729922494575797,3,2287.321255203863,2294.350175693124,3
1240,1241,-0.0016273130640245045,1,2279.200906465704,2277.7711339615416,1
1243,1245,0.0019148247864868811,2,2283.525708152456,2290.181785487159,2
1248,1251,-0.0029208123561594405,3,2299.7130276808243,2295.295710481634,3
1252,1255,-0.0031221104968471385,3,2294.699089581068,2289.8294845559626,3
1256,1260,0.006383484675854207,4,2294.206652205959,2311.1458918657645,4
1261,1264,0.005318886450524789,3,2335.5080497974086,2350.265859968365,3
1265,1266,0.0023845323675262065,1,2356.1005836035056,2364.074882289859,1
1272,1275,-0.0016346546608608488,3,2388.4368296507632,2386.9209970846537,3
1276,1279,-0.0037031154447965554,3,2381.0735066331763,2374.6371900622003,3
1286,1287,0.0006169567038413328,1,2339.133335026656,2342.915612353906,1
1291,1293,0.0034201966953157628,2,2367.5089018337717,2377.973756857788,2
1297,1298,-0.00431381686215929,1,2383.782208852526,2375.882791173115,1
1302,1305,-0.01951139060095556,3,2364.80090499769,2321.0251517517845,3
1308,1312,0.004293765532059512,4,2346.8424504212744,2359.2660840944886,4
1313,1316,-0.005050395933642413,3,2373.5015094109967,2363.8878885487843,3
1320,1321,0.0018616976745955533,1,2334.4020712994234,2341.082424278432,1
1322,1323,-0.0016842782262668347,1,2343.701763957179,2342.09801987124,1
1325,1327,-0.0013959862533500507,2,2337.295456110231,2336.369919239594,2
1328,1329,0.0013065014401274799,1,2340.5380503940055,2345.9365047779124,1
1330,1331,0.0036379643931325444,1,2359.223241007622,2370.1652343948663,1
1332,1334,0.005736696496069673,2,2391.6281202815767,2407.7397930593793,2
1336,1340,0.003523013898302906,4,2422.441268372498,2433.3980038971695,4
1341,1342,-0.004292698306532746,1,2440.3576742937075,2432.3223127122264,1
1343,1345,-0.00020993271443583462,2,2436.6986880970267,2438.6238440152692,2
1353,1359,0.021047104993245268,6,2418.0284096516893,2471.33893587593,6
1367,1370,-0.003614070825197335,3,2469.8737052619895,2463.417280467142,3
1373,1374,-0.002799073596104062,1,2474.8317532098567,2470.379348747857,1
1376,1377,-0.006198062857843448,1,2468.81775499907,2455.984685124025,1
1378,1382,-0.004715812526393637,4,2455.0274925237695,2445.905070614409,4
1385,1386,-0.0045805188560055065,1,2436.9985647163835,2428.272845403358,1
1389,1392,0.005254797127152599,3,2425.1533749946752,2440.3222173574964,3
1393,1394,0.0005154393209781569,1,2436.390368801074,2440.0825705672078,1
1395,1398,0.003229817932347263,3,2446.7002405697463,2457.0493371223865,3
1400,1402,-0.00016713923081864085,2,2460.9751713022974,2463.0248209764045,2
1404,1408,0.001973070914502579,4,2463.3276258379574,2470.651273555227,4
1410,1412,-0.005673069410239401,2,2458.1423339041917,2446.6552641576095,2
1414,1415,-0.00044507336075658523,1,2450.218431076866,2451.578122556236,1
1416,1418,0.001986990406357392,2,2453.9417732258166,2461.271673760202,2
1420,1421,-0.0008198742375689988,1,2466.233101108821,2466.6773332264906,1
1422,1424,0.005847893423684259,2,2465.807206309837,2482.6927912619994,2
1425,1427,0.0002832446554927449,2,2488.2217536660696,2491.4147509331424,2
1428,1434,0.010419572700761121,6,2499.1159720665382,2527.6548085971854,6
1441,1442,0.0017453622950504817,1,2523.548084466121,2530.476138226961,1
1445,1446,-0.005631780201496411,1,2514.40167662361,2502.7555207192154,1
1450,1454,-0.0015066720954888609,4,2497.084154175677,2495.818951314669,4
1455,1456,-0.005031637801390857,1,2492.898597163517,2482.8481329441584,1
1457,1459,-0.016455908977183763,2,2476.5133830615414,2438.236617632165,2
1460,1461,-0.00036262197255320283,1,2441.7818943390075,2443.3382324662766,1
1464,1466,-0.001939616300128634,2,2412.4662314600782,2410.1994388654884,2
1467,1472,0.005351370244089003,5,2413.479776171768,2428.808679806856,5
1473,1475,-0.010764028197200397,2,2442.7496420902094,2418.8985657061394,2
1477,1480,-0.0037199729615461025,3,2396.3851634494886,2389.8670605994557,3
1481,1482,-0.010656006848144287,1,2392.0744868276247,2368.976599201546,1
1486,1488,1.0511426837890928e-05,2,2373.587753128533,2375.986290675672,2
1490,1493,0.00014263467978563186,3,2387.487886284277,2390.2159127407135,3
1495,1498,0.01544514034953463,3,2365.875354626132,2404.7825068824636,3
1499,1500,-0.0006887955571492028,1,2408.1269867888545,2408.876406606092,1
1502,1505,-0.0014535016242089229,3,2414.8197617140445,2413.7246370299354,3
1507,1508,-0.0012373327679927983,1,2426.517833457021,2425.9419412630227,1
1510,1513,-0.009749021880583419,3,2432.268117910895,2410.988150927847,3
1514,1521,0.005828754751695371,7,2422.0713284316116,2438.611059524584,7
1526,1527,-0.006546796465644414,1,2452.5890725753284,2438.9850601758894,1
1532,1534,-0.0013580121983681722,2,2430.0653382694254,2429.1953452354933,2
1538,1542,0.008096648610424133,4,2454.89911091626,2477.2304655023077,4
1543,1544,-0.0013544050845587525,1,2482.6925226988246,2481.812643845384,1
1546,1547,-0.003036878477578673,1,2485.594834937837,2480.5319803145712,1
1552,1557,-0.003004143512530022,5,2481.4753809833483,2476.5021481970475,5
1568,1572,-0.006359374921219986,4,2471.2283643909454,2457.984125070221,4
1573,1575,-0.0026972093122529144,2,2443.853395674962,2439.7056649340416,2
1576,1596,-0.02744146379991415,20,2438.573059789866,2374.0936185059863,20
1600,1602,-0.00044558341766420915,2,2354.615612752505,2355.921050693242,2
1603,1609,0.0013519773890376232,6,2359.746027745232,2365.29609704636,6
1610,1613,0.0005081358856565518,3,2369.2201549505644,2372.793260887266,3
1619,1620,-0.0003302145155831129,1,2390.491528009076,2392.092644535158,1
1621,1622,-0.00259705044503691,1,2391.6960679065132,2387.87640863687,1
1626,1627,-0.0033174245564053257,1,2375.392372162588,2369.8875795482404,1
1629,1635,-0.03116106714264524,6,2354.6588598847425,2283.6398359137343,6
1648,1653,0.009250979198471943,5,2149.019359688456,2171.048912441736,5
1657,1659,-0.001139987612944752,2,2195.6822761770104,2195.3749078563833,2
1661,1662,-0.004008976771836422,1,2216.5356438560916,2209.866139589781,1
1663,1666,-0.019810374984281308,3,2209.130353449636,2167.5757831120904,3
1669,1671,-0.0006357698751952747,2,2119.0309545955447,2119.802769504602,2
1674,1684,-0.00811618929361606,10,2126.702371348171,2111.568354702475,10
1686,1689,0.013386133455440218,3,2112.332067571661,2142.720358597953,3
1690,1693,-0.0007256232377995772,3,2138.293470465369,2138.8801685044295,3
1695,1696,0.003290689411986388,1,2147.828605669512,2157.0442711266196,1
1697,1707,-0.0016133637609883809,10,2168.193000401337,2166.863109388062,10
1708,1710,0.002675958747025164,2,2178.797660146421,2186.8068304632343,2
1717,1719,0.0006609711460433022,2,2217.256948873901,2220.9397486893445,2
1720,1721,0.002352977843260312,1,2223.3437348838524,2230.7985571648696,1
1723,1724,-0.0012835191088129282,1,2236.865169654767,2236.230975635332,1
1727,1730,0.006383540419578078,3,2231.1325795577704,2247.6062371403727,3
1731,1737,-0.0066104851938393275,6,2256.7390583999045,2244.077657326393,6
1738,1739,-0.0024458250970534967,1,2249.3424160022296,2246.0902602853066,1
1745,1750,-0.007813609107471538,5,2266.2264646796975,2250.785283400363,5
1751,1752,-0.0043583661413947785,1,2248.913364713849,2241.360690214864,1
1758,1759,-0.0025513308187209453,1,2266.507673663897,2262.991570458875,1
1765,1768,-0.010841033968010196,3,2237.4317148048845,2215.4130732983863,3
1777,1778,-0.005630775048427397,1,2240.1214504873274,2229.7479519689637,1
1782,1786,-0.03247193785409297,4,2217.361081886653,2147.576431717432,4
1787,1788,-0.0036067750047164347,1,2142.264356938028,2136.679955758867,1
1789,1791,-0.015697223631144574,2,2136.824169021428,2105.4187863488855,2
1792,1797,0.003674643878189229,5,2122.37581447708,2132.297165585442,5
1799,1807,0.014528613323878194,8,2147.8722610148766,2181.2257388252606,8
1809,1815,-0.002406665336945829,6,2197.7579703798287,2194.666460423899,6
1816,1823,-0.016213690732149115,7,2189.8130781470795,2156.4979392149344,7
1824,1827,-0.018553123931425466,3,2138.198587420461,2100.666522625471,3
1828,1831,-0.0020729066722665044,3,2110.9765487682203,2108.7116679440487,3
1835,1836,-0.004839496724177025,1,2128.584273087578,2120.4115807439234,1
1838,1843,-0.014609450354564946,5,2107.89983821001,2079.2124800094953,5
1848,1850,0.003177754821746208,2,2134.2265518074714,2143.142827074984,2
1851,1853,-0.005069965606997772,2,2152.677783255003,2143.916458714207,2
1854,1858,0.011795801876562675,4,2153.4553754702392,2181.0105638047753,4
1860,1862,-0.003859436627578783,2,2180.79320361063,2174.557363647051,2
1863,1868,0.012339864422568767,5,2177.4918711766927,2206.5393175194354,5
1871,1873,-0.01204865899067081,2,2199.5093966454683,2175.2077673751564,2
1874,1876,-0.0012912451924148103,2,2170.747371725993,2170.115151990031,2
1879,1881,0.011160480341821048,2,2214.103644879103,2241.0282087274095,2
1883,1884,-0.0012898327316346102,1,2261.1763730768953,2260.5210101519788,1
1891,1895,0.00801649613433594,4,2295.573218318006,2316.2712453670556,4
1897,1903,0.0042443052467716035,6,2315.749497989091,2327.893995231604,6
1906,1910,0.00721124080680799,4,2321.2845450443824,2340.3451714248636,4
1911,1923,-0.012000187257798972,12,2340.5031379102466,2314.7571651157677,12
1925,1943,-0.001354082838613491,18,2293.592801819757,2292.780679969865,18
1948,1949,-0.004232539598528951,1,2299.3443014543327,2291.9115799492297,1
1953,1954,-0.001977420246319421,1,2265.9413132109294,2263.7265362944254,1
1955,1958,0.01846889495527266,3,2259.011611963896,2302.9920717399623,3
1959,1963,0.015666901907110148,4,2333.057570770481,2371.9424124461534,4
1964,1969,0.016782017389576773,5,2382.882801257594,2425.25526466688,5
1970,1974,0.002919641616684128,4,2434.28708980433,2443.828622788484,4
1976,1978,-0.006164224021518477,2,2439.8770550353424,2427.276983338177,2
1980,1981,-0.002597225290748951,1,2421.367454723749,2417.4999853868676,1
1984,1986,0.0033778418438758567,2,2409.6066545834615,2420.1555314231787,2
1988,1991,-0.011889781289269818,3,2434.3828731394847,2407.8729760766514,3
1994,1996,-0.004045734009291108,2,2393.2892477528558,2385.999925296904,2
1997,1999,-0.004024845570039419,2,2381.237461361459,2374.0345857752477,2
672,676,0.003282953555868458,4,1976.7053530452758,1985.1714902660053,4
677,678,-0.0023569370728361815,1,1991.761646253585,1989.0589510355303,1
679,681,-0.002799897841942154,2,1990.111738386415,1986.5297405632696,2
684,687,0.0014735346118920274,3,1992.2377034168373,1997.1655723313552,3
689,692,0.0030924071841584144,3,2011.113380069249,2019.3436749140014,3
694,697,0.00012105765464593072,3,2014.7242481792327,2016.9828702196548,3
699,703,0.002495191364941015,4,2019.0644504511497,2026.121467083626,4
704,705,-0.005470412182759872,1,2030.7535820079838,2021.675276454792,1
706,708,-0.005311552313109484,2,2022.606029313677,2013.8854576094805,2
709,716,-0.008740614065989336,7,2012.103416813724,1996.5285008033104,7
718,719,-0.001712521195135081,1,2001.0342054157263,1999.6084261321773,1
722,723,0.0003543979892965765,1,2024.3139394506136,2027.0556661799105,1
724,725,-0.0019585886999176367,1,2029.2590397390586,2027.313814954359,1
726,731,0.006414423263924143,5,2029.1438977808969,2044.1888295024532,5
732,734,0.0006188864864348884,2,2048.490704819091,2051.8069787387103,2
736,739,-0.0008654649450771011,3,2065.3093903363397,2065.5872468486014,3
741,744,0.0005025659402927392,3,2065.333682531634,2068.4369825783456,3
747,748,-0.0012287051342914235,1,2068.6823342886414,2068.2092160175716,1
749,751,-0.004051321290186052,2,2067.22065910545,2060.912904696809,2
752,753,-0.004503887986297796,1,2064.978375116359,2057.742922195824,1
756,760,0.00280580864525738,4,2052.2633646608842,2060.0738863164556,4
762,765,-0.00016087647004010255,3,2070.351230921406,2072.0885113545537,3
766,771,0.003041072222309894,5,2082.3989563419245,2090.814080920165,5
772,773,-0.004476468027569628,1,2093.348039883108,2086.070582351879,1
777,784,-0.003827913627490411,7,2082.829468415237,2076.939406577767,7
787,788,-0.003655924251705136,1,2078.3574724241516,2072.8375124094277,1
789,792,-0.0017255728330521265,3,2077.038226530535,2075.531184020154,3
795,799,0.00023118910182079108,4,2076.189798667896,2078.7459809213274,4
800,801,-0.002572587398666632,1,2073.6025442223317,2070.3416229914446,1
805,808,0.006732641443919311,3,2072.6294948166437,2088.6563955461525,3
810,814,-0.00150832071055719,4,2089.9074071057703,2088.8450638875916,4
815,816,-0.003729178115369097,1,2088.5881956824933,2082.8880664868184,1
817,821,-0.002951636082361907,4,2081.7558632359314,2077.6930333785717,4
822,833,-0.009569064946623736,11,2078.3530531915076,2060.543510896696,11
834,835,-0.0016977392158792819,1,2068.6457139368017,2067.2023386984274,1
836,840,0.0016565055047429163,4,2069.55429145584,2075.052073823457,4
842,843,-0.003162723118678822,1,2081.972365114382,2077.4696353478985,1
845,846,-0.0024982390796136284,1,2079.6587509933443,2076.5429249803456,1
847,849,-0.0023735327922223383,2,2079.1130082553586,2076.257278359784,2
852,855,-0.0013453031395758409,3,2075.582971698499,2074.8662663819214,3
857,859,-0.0039045072732124594,2,2074.3346182792816,2068.309698293413,2
861,864,0.0009268861016774978,3,2066.2879200511857,2070.2694215263964,3
869,873,0.007680172914846917,4,2076.1831530331815,2094.2047818044016,4
874,877,0.012672531314129175,3,2100.0802190842137,2128.793631641826,3
886,893,-0.005111386207149814,7,2174.1974983828554,2165.2585327763845,7
903,908,-0.0038904272021149365,5,2166.0289052889225,2159.768156420508,5
909,911,-0.0053151899114040075,2,2166.8392371942023,2157.4889143782275,2
913,914,-0.003862948531829643,1,2161.712433050395,2155.5235616139553,1
915,919,0.0007762497023675124,4,2150.1096651201988,2153.928796772926,4
923,925,-0.00258993598851426,2,2155.313469740069,2151.886659288,2
927,929,-0.0011400532345330174,2,2152.513037449422,2152.2115710361527,2
931,932,-0.0029695818660423934,1,2151.8963326532385,2147.6579966588415,1
933,934,-0.003182058890100194,1,2151.0444449791485,2146.350739324981,1
937,940,-0.00424057295623966,3,2139.497960688158,2132.564761456822,3
944,946,-0.006049839264200467,2,2127.377020316916,2116.634108309962,2
948,949,0.0015683798503052532,1,2105.5723450113583,2110.9802545956454,1
951,953,-0.00035387365196956676,2,2116.4271829549734,2117.7946623215685,2
956,957,0.0009527189597100772,1,2121.837431472779,2125.9807836546383,1
960,961,-0.002941472187390817,1,2142.6270666970977,2138.4672158391545,1
962,964,-0.0017085886627953575,2,2141.4671590769085,2139.949739726238,2
965,966,-0.00010723652869435948,1,2141.803683534857,2143.715807626225,1
969,972,-0.0023606620929794396,3,2148.8444707829212,2145.9206195678184,3
973,974,-0.00023807438380098352,1,2144.9952467875746,2146.629573612727,1
975,981,-0.011724706466920191,6,2148.281078657942,2125.241394680897,6
982,984,-0.0036764881754773574,2,2127.515207808868,2121.8209385120194,2
985,987,0.003026911832164119,2,2120.8825963272357,2129.4232035490168,2
989,991,0.0006525321230506341,2,2127.5971619023053,2131.11308455726,2
998,999,-0.0010633583747060374,1,2140.3888874966924,2140.2532759355418,1
1003,1006,-0.0037847204135552765,3,2148.865387544746,2142.881398234068,3
1008,1014,-0.006317930728537849,6,2144.1995525099583,2132.7968478215485,6
1015,1016,-0.0047704379766834604,1,2138.676373179126,2130.612626561856,1
1019,1022,0.003991528234388896,3,2138.3375264922156,2149.011098630355,3
1025,1026,-0.002723393032693475,1,2149.67589404215,2145.9711575838087,1
1031,1032,-0.002329100139747076,1,2147.352825863052,2144.4987789221113,1
1033,1035,-0.0004950620534999834,2,2148.8764780220677,2149.9615272981623,2
1037,1038,-0.001227428294992995,1,2151.022919270443,2150.5337157954223,1
1039,1040,-0.0013963377483894482,1,2144.953803463144,2144.10367730228,1
1043,1054,-0.0016372874910023144,11,2145.5825170609096,2144.2151641618734,11
1056,1059,-0.004802099389676327,3,2147.2804019840332,2139.116228478186,3
1060,1061,-0.0019485246568494564,1,2146.695018320233,2144.6588251646203,1
1066,1067,-0.00013000132681169514,1,2137.0585890262946,2138.917827163273,1
1071,1076,-0.0013561926474039494,5,2155.9296934055415,2155.1617671004306,5
1077,1078,-0.004336100727162831,1,2156.2176699793267,2149.0243106425874,1
1079,1080,-0.0007921329267593131,1,2152.697828364334,2153.1453033614875,1
1081,1082,0.0015314310797206018,1,2157.4444671400584,2162.905889116948,1
1084,1086,0.0010748004364537554,2,2183.1474896315026,2187.677084995833,2
1089,1094,-0.014114192418360066,5,2187.5105447663086,2158.8231105650516,5
1096,1099,-0.0053209491305434165,3,2149.313605982354,2140.0265312253196,3
1102,1106,-4.479401727413646e-06,4,2154.095997474332,2156.240444410474,4
1109,1112,-0.007427929439342897,3,2157.929674292066,2144.0586546106524,3
1113,1120,-0.011116901401030065,7,2142.6299317039,2120.953155945956,7
1122,1125,-0.004499542950040106,3,2130.805168620346,2123.348324414592,3
1126,1131,0.003998402751848977,5,2125.8487054687666,2136.4745534881963,5
1135,1136,-0.0011459251273288945,1,2141.548797106768,2141.236291325869,1
1138,1139,-0.0016485044927795206,1,2148.495543399808,2147.1022343871964,1
1140,1141,-0.0028511827791842387,1,2145.8975343668494,2141.9250858053356,1
1147,1148,-0.00278470606108648,1,2149.3551479232124,2145.5191807632864,1
1150,1151,-0.0013235377848504358,1,2146.2375425659343,2145.5431536256497,1
1156,1158,-0.002023793738609954,2,2159.5736215561938,2157.3626636043773,2
1159,1163,-0.002677907144622453,4,2166.15039563416,2162.5157964089985,4
1166,1169,-0.003531563777738279,3,2169.1358901544886,2163.6445843059814,3
1173,1174,-0.0001863037906289452,1,2163.7332896451376,2165.493911221012,1
1181,1183,0.002455419350973522,2,2161.3100818276,2168.778314507801,2
1184,1187,0.013627738835510824,3,2179.37286160865,2211.2521586534613,3
1188,1189,-0.0035607184068960998,1,2213.958309088005,2208.288985293823,1
1191,1194,-0.0017472716063315287,3,2212.816559169457,2211.1629841847694,3
1197,1198,-1.3425285598110985e-05,1,2216.4562226373755,2218.6429223022083,1
1200,1205,-0.004115812212835961,5,2226.827237247364,2219.888861745673,5
1210,1211,-0.001591834767688101,1,2253.2753576042846,2251.9417909064796,1
1213,1214,0.00043470429253611356,1,2264.2904116517275,2267.5389988248726,1
1216,1219,-0.005974272833426439,3,2288.3983342140273,2277.015216548088,3
1220,1221,0.0018781458405963268,1,2287.8246782234314,2294.409371305074,1
1222,1223,0.0021668066539624244,1,2299.684514265873,2306.9671704876646,1
1224,1226,-0.0101219014549713,2,2312.618513021417,2291.5230348426935,2
1227,1228,-0.002621666533481587,1,2280.1627243412995,2276.465060760343,1
1229,1232,0.007406880347101811,3,2281.4311195784853,2300.610838020936,3
1241,1244,0.0036814104800816094,3,2278.0379183564696,2288.702348941487,3
1246,1247,-0.001580280147058685,1,2293.6725612757687,2292.341588624607,1
1249,1250,-0.0002744442917221798,1,2295.2464433974583,2296.9117725563697,1
1252,1260,0.008025989258941282,8,2296.2088558767273,2316.9344123461565,8
1264,1265,0.0008372737157142679,1,2351.0947348844034,2355.4143394439607,1
1267,1270,0.00017269964693364132,3,2370.0054277756885,2372.784732304072,3
1277,1279,-0.00374281104524956,2,2385.0949499470685,2378.5530851743847,2
1280,1281,-0.002629682209158474,1,2377.6666653549864,2373.7918242911483,1
1285,1288,0.0034733445925057465,3,2336.9971409016025,2347.451334424556,3
1289,1290,0.000966362317434404,1,2349.8372557177804,2354.4578871495273,1
1291,1293,0.005340695878305576,2,2364.586014625621,2379.5791354224566,2
1295,1297,-0.0031101213336489487,2,2385.9975301979885,2380.962785907484,2
1301,1302,-0.005100021422386974,1,2371.1131211628335,2361.391506571163,1
1304,1305,-0.0009883457200930749,1,2325.7439403599815,2325.7710452308543,1
1306,1314,0.014228987691711836,8,2333.7889103901734,2369.330152981559,8
1316,1318,-0.010655984221041262,2,2362.9825699344324,2340.16564752455,2
1320,1322,-0.0014057525877373548,2,2337.9670531804463,2337.0184169985737,2
1324,1326,-0.004842483350667675,2,2342.5795554308634,2333.578232491506,2
1329,1330,0.0009343445234399404,1,2356.5409779186507,2361.0993400535494,1
1332,1334,0.008538974475218012,2,2387.70314793619,2410.479387318751,2
1337,1338,-0.0009191704179312387,1,2427.636471543337,2427.8326963847467,1
1340,1343,-0.0053856511441870555,3,2439.4747497915255,2428.776064563887,3
1344,1345,-0.0024432175111365195,1,2439.584600382004,2436.0637491668335,1
1349,1350,-0.0005213773778155358,1,2419.1214129172886,2420.2792591513216,1
1353,1358,0.018120191049094816,5,2418.438119512278,2464.679118397766,5
1360,1364,-0.007429873611886182,4,2472.166721810234,2456.271002241483,4
1375,1377,-0.004444298451224587,2,2467.590876007071,2459.091756574584,2
1378,1380,-0.003927647614137118,2,2451.150682380458,2443.9745769332962,2
1382,1387,-0.010675335912204296,5,2446.466214843851,2422.795832417378,5
1389,1390,0.0010495550726837698,1,2425.243151734386,2430.213821138515,1
1391,1393,-9.603795889394633e-05,2,2435.508418779288,2437.710025940659,2
1395,1396,0.0031001930699560663,1,2435.0745252821803,2445.058800975569,1
1401,1407,-0.0014551738917264806,6,2462.109072775672,2460.9883850071615,6
1410,1411,-0.003470612840445294,1,2457.959386805042,2451.8867207827084,1
1412,1413,-0.0022366447404443606,1,2451.2403179138173,2448.209004467104,1
1420,1427,0.010580113288748843,7,2466.15314641856,2494.7114792414914,7
1428,1429,-0.0030131701065850827,1,2494.316580682996,2489.2950971064056,1
1430,1431,-0.00027236041582789797,1,2497.705947308101,2499.5233770249843,1
1435,1437,-0.0035300797768728783,2,2526.5611799671915,2520.1687786207244,2
1439,1443,0.0020599181880245378,4,2519.467932903157,2527.177298655192,4
1445,1450,-0.006857712906048913,5,2512.722770172192,2498.0039615720316,5
1451,1452,-0.0022852273792721926,1,2499.237891965576,2496.0258029995075,1
1453,1454,-0.0002877496392987679,1,2497.126819712648,2498.905399190705,1
1455,1458,-0.01708609558329899,3,2496.2404176380383,2456.0856556810186,3
1462,1463,-0.003995124608175465,1,2429.9595776185715,2422.6815458907745,1
1467,1470,0.00163723614769318,3,2419.0779897499538,2425.4576696686113,3
1471,1475,-0.007674932134329187,4,2431.6816549184523,2415.4503448995783,4
1476,1481,-0.007294707150260133,5,2402.5645530235283,2387.4411127526496,5
1484,1486,0.0016410306673326244,2,2367.508467707986,2373.7611301763723,2
1487,1490,-0.0008971637051308157,3,2381.389582160583,2381.6344754418524,3
1491,1492,-0.00022450276084845023,1,2387.803637667084,2389.6553727957307,1
1493,1494,-0.010790176537529637,1,2392.1033193097824,2368.684205517729,1
1496,1501,0.009970940554481153,5,2382.4701467236273,2408.608085076158,5
1502,1504,-2.4195472548786093e-05,2,2416.1351578042654,2418.492833430185,2
1505,1507,0.000773202558347624,2,2417.7207778563243,2422.0078865249893,2
1512,1513,-0.004797435384807558,1,2425.5807330581088,2416.3697469536864,1
1516,1517,-0.001705381520642417,1,2418.090223985906,2416.3845478266603,1
1521,1522,0.0007006500268191295,1,2441.348217276184,2445.5000961873698,1
1526,1527,-0.004815255326042078,1,2451.8160977037974,2442.4617932785573,1
1534,1543,0.02088385260740054,9,2428.1294589136687,2481.2662861042227,9
1546,1547,-0.004979479452377243,1,2492.2009268527654,2482.2832644731593,1
1553,1555,-0.0030023895852313754,2,2483.1244423242833,2478.1522598021397,2
1557,1558,-0.0021397142766863904,1,2478.4898852736046,2475.6651149667355,1
1560,1561,-0.002386382253044589,1,2476.0397014809864,2472.6069639810194,1
1564,1567,-0.0012669049745100613,3,2464.4947705346126,2463.836984620703,3
1568,1569,-0.0012264254097489697,1,2465.025285785424,2464.4671414250483,1
1571,1583,-0.02622751351387331,12,2467.231413628551,2404.989299799384,12
1588,1590,0.0009213839167988263,2,2405.3016200740067,2409.923127921867,2
1596,1597,-0.004867517652495235,1,2375.9682026039013,2366.7791036385634,1
1602,1603,-0.0026916635418243852,1,2359.9586095708896,2355.966353630864,1
1606,1611,0.004264843007060831,5,2358.9032215257375,2371.3224766559206,5
1618,1619,-0.00016740301819657846,1,2384.7754653957004,2386.7610222504677,1
1624,1628,-0.011327670487542314,4,2388.951059075066,2364.2787597260735,4
1634,1639,-0.004672237266694768,5,2296.993736489331,2288.55863048883,5
1649,1660,0.02012209383167108,11,2165.6597825856747,2211.4030517209258,11
1662,1664,-0.013225384229605164,2,2215.31804119535,2188.2349269509605,2
1665,1666,-0.007329316442525434,1,2181.5902629978846,2167.7822878754387,1
1669,1672,0.004113054354409066,3,2118.3883461281816,2129.2197808856818,3
1674,1678,-0.025878412130443257,4,2125.0997123757957,2072.230605913024,4
1680,1681,0.0027783461258817765,1,2075.416626326595,2083.258268696267,1
1683,1689,0.013937230615250068,6,2102.5774171916423,2133.9841009586507,6
1691,1694,0.0019372854660671388,3,2136.6789247612396,2142.9549607125928,3
1696,1699,-0.00011888311725142002,3,2157.7313148915937,2159.63252838158,3
1701,1705,-0.005084789022940228,4,2159.481893376833,2150.660865443529,4
1707,1709,0.006020166577920111,2,2170.0965074232545,2185.3309463955284,2
1710,1712,0.0008856880586909858,2,2188.74613877191,2192.873431229298,2
1714,1715,0.0007783507428987524,1,2212.9068482110442,2216.842172748526,1
1718,1719,0.0013621636245789077,1,2213.121844506106,2218.349600423959,1
1721,1722,0.004135359078889773,1,2227.9383238431788,2239.3795871417333,1
1723,1724,-3.07138667891483e-05,1,2235.0494509154023,2237.215853355215,1
1727,1728,-0.006675511733536434,1,2233.9941038628676,2221.3150441137427,1
1729,1730,0.008215856562157318,1,2230.034576256066,2250.586255039493,1
1734,1735,-0.001681299413760242,1,2245.7772575406275,2244.247210811629,1
1737,1738,-0.001385833520212544,1,2246.8738140825176,2246.0068948493567,1
1739,1744,0.0038727289091705875,5,2252.6054034712524,2263.5817389417007,5
1745,1756,-0.0020712911340135553,11,2262.387423481456,2259.9637478929767,11
1757,1761,-0.00939928968579715,4,2265.8084075115603,2246.777226324356,4
1766,1767,-0.006003358296104764,1,2237.340917456846,2226.1466992162736,1
1770,1775,0.010854412528440924,5,2215.3958768249468,2241.6580934626368,5
1778,1781,-0.010406341997149172,3,2231.053283420901,2210.0672332231816,3
1782,1786,-0.029631697146384087,4,2210.0149903546826,2146.7385104618784,4
1791,1792,0.003110915858292265,1,2109.2077190263103,2117.878494486888,1
1797,1798,0.00184683967561776,1,2131.491525264201,2137.559539906566,1
1801,1802,0.00028608085337323793,1,2166.4715648528077,2169.2578224517424,1
1807,1812,0.0048042696701053635,5,2185.5618873305834,2198.2474779053546,5
1814,1817,-0.007031464622162478,3,2207.374419358722,2194.0607186404936,3
1820,1826,-0.0375580898965671,6,2177.928047812475,2098.307158452292,6
1830,1834,0.00719504226647217,4,2108.8085170737977,2126.090292003114,4
1836,1839,-0.009893362544299285,3,2120.2083656266527,2101.3525839616786,3
1843,1845,0.006029570412239101,2,2081.1928293678893,2095.822720903378,2
1847,1851,0.0056231707791461905,4,2128.614164305532,2142.712339438637,4
1853,1860,0.015029106913230415,7,2149.1696016964875,2183.6188710167453,7
1862,1867,0.004855815524563402,5,2184.026069647351,2196.815323412043,5
1872,1877,-0.003483670644836644,5,2190.279902103666,2184.8399682068352,5
1878,1882,0.024623775577532116,4,2198.766895491886,2255.107604969277,4
1883,1884,-0.000900252196773044,1,2258.532816784307,2258.7581004712974,1
1887,1888,-0.001998746801245307,1,2285.690830874128,2283.408004468157,1
1897,1899,-0.0006335108893825508,2,2315.898886385897,2316.7476381090487,2
1901,1902,-0.0026690751831520984,1,2340.25517286151,2336.3491110302434,1
1904,1909,0.001624428904807654,5,2327.4827741375548,2333.5910872054433,5
1912,1924,-0.009362765087742718,12,2324.869761372193,2305.427421698241,12
1927,1929,5.749295527271046e-06,2,2302.6516245378657,2304.9675147870894,2
1930,1934,-0.00487866886165492,4,2317.3200282149774,2308.3319111790506,4
1936,1938,-0.010010121238279126,2,2320.880907962271,2299.9694896019237,2
1939,1941,-0.0026175518638713114,2,2297.5428002501108,2293.826405611242,2
1942,1944,0.0026842989395242387,2,2283.8077365075674,2292.2219669292595,2
1946,1948,-0.0020046909466142878,2,2299.674386213557,2297.3639241775677,2
1950,1951,-0.006813824042485627,1,2291.9456955296296,2278.620726540888,1
1952,1953,-0.0034522504656922053,1,2275.0194696225412,2269.4405520687005,1
1954,1959,0.02521467362482371,5,2269.0585796660102,2328.5412097675608,5
1963,1965,-0.0005372497506491857,2,2378.8317519402535,2379.9325569266275,2
1967,1971,0.010149461702394683,4,2395.4671785483165,2422.1753481148844,4
1975,1977,-0.006547882534126697,2,2443.005472158081,2429.451964768319,2
1979,1981,-0.0012087627982294551,2,2423.441204231217,2422.935279864077,2
1987,1988,-0.0018042818722504605,1,2431.9331586120393,2429.977198858043,1
1990,1991,-0.00819372977891026,1,2418.0104751794684,2400.615961218453,1
1992,1993,-0.0029754224274506987,1,2404.3494058435567,2399.5998001038256,1
1994,1997,-0.007073853693591976,3,2393.4680434394077,2378.930468723269,3
1998,2000,-0.004876926696994761,2,2381.2680109934195,2372.0360094688995,2
678,679,-0.001597905522732561,1,1992.3882564345884,1991.1969964926386,1
681,682,-0.0002357269231906304,1,1986.0559203501775,1987.573809419139,1
685,686,-0.001052599798317071,1,1994.5655518259186,1994.4606380801624,1
693,695,-0.004518814388399249,2,2019.180165487077,2012.0750452679906,2
697,699,-0.00038072740025673875,2,2018.1298041173752,2019.3795766077903,2
700,702,0.0010446154092459393,2,2022.193032409683,2026.3276394442175,2
703,704,0.0014742594364883879,1,2023.2196777349352,2028.2256481146599,1
705,707,-0.007515818841175044,2,2028.3263946943841,2015.1101873557818,2
710,711,-0.003864662511710176,1,2003.669571334198,1997.9297342273426,1
713,716,0.0012792016119792188,3,1995.1665857120483,1999.7139726103703,3
717,732,0.02101464958729598,15,2000.0672421287288,2044.0980216152223,15
736,737,0.0008802786997392205,1,2067.0523730806026,2070.9390076289515,1
738,739,-0.004754593476832665,1,2073.4837750896827,2065.6986864334126,1
744,746,0.0006299259496416972,2,2064.3983499589426,2067.763166399938,2
748,754,-0.007783680677292026,6,2067.3672468168547,2053.342887571757,6
758,759,-0.0035012802806352827,1,2057.774644116507,2052.627572977187,1
764,766,0.0009325490250982492,2,2077.1239319982524,2081.138075828044,2
767,768,-0.003467715799622431,1,2086.697440587198,2081.548064344029,1
770,773,-0.005133483830192937,3,2094.3622501774994,2085.705237681824,3
775,780,-0.002817777278526539,5,2080.5981580696834,2076.8160940122,5
781,785,-0.0008471986516748036,4,2078.582864727777,2078.9004749921132,4
796,797,-0.0013389543881263798,1,2070.3001735563826,2069.598436227817,1
799,800,-0.0010747653619022797,1,2077.023473098696,2076.86818368705,1
802,809,0.004806474256374191,7,2076.5472432093698,2088.6046613192098,7
810,811,-0.0037415159947934294,1,2092.495235778262,2086.758626620347,1
812,814,-0.0015662638210229593,2,2086.17560951303,2084.994283741062,2
815,816,-0.0002533873349738218,1,2085.1572196029942,2086.7140243917206,1
818,819,0.0009068023657632022,1,2076.2745386521256,2080.2335838544013,1
820,823,-0.0027621444953494206,3,2080.010239104669,2076.34496051156,3
827,828,-0.0032036317971863874,1,2072.2246945847223,2067.6582743568206,1
829,832,-0.0022527693786936736,3,2060.907293523249,2058.3254519735965,3
833,834,0.001530535119091285,1,2058.555697667315,2063.7649451548677,1
836,838,0.00030540899483807765,2,2068.8802512842863,2071.5809861735556,2
839,841,0.00040204364225695306,2,2073.263702392746,2076.170508585408,2
843,844,-0.001376892389140701,1,2079.10747004984,2078.3238702681724,1
845,847,-0.0008444751996950752,2,2078.112020494579,2078.435218451578,2
850,853,-0.000382667340979925,3,2074.815028989477,2076.095880068298,3
858,861,-0.0040715376678581204,3,2072.2731358084934,2065.908070813767,3
862,865,-0.0016202432697498678,3,2068.211810893067,2066.9290164369436,3
866,870,0.003302184644730524,4,2068.0552418932352,2076.952397399363,4
872,876,0.012789071048960349,4,2092.758955298868,2121.616157221832,4
877,879,0.005219564583066689,2,2133.1776792023825,2146.445115545338,2
880,882,0.004784418632076488,2,2162.2929282165214,2174.8005357185043,2
884,886,-0.0024888929022398236,2,2176.666110406666,2173.4252876843357,2
888,891,-0.0036016434140468253,3,2175.1439091063016,2169.484960280571,3
894,895,0.0003030472674438666,1,2162.40857464128,2165.2262952255637,1
897,902,-0.003511890632228623,5,2170.765459995166,2165.312734571439,5
903,904,-0.0013282258691554795,1,2167.240983871471,2166.5296393158706,1
905,906,-0.005406288464196036,1,2172.577557925774,2163.0045544947143,1
907,909,-0.004193667307381078,2,2167.806087374239,2160.88283594425,2
913,914,-0.004142107105952969,1,2163.115970999303,2156.319228935826,1
918,920,0.0012692862208822982,2,2147.20295624719,2152.0755743292393,2
921,922,-0.0022770089993859304,1,2158.643510603824,2155.8869034143167,1
923,924,-0.004146664130371435,1,2160.681232480826,2153.882294349412,1
926,928,-0.005113418297220136,2,2160.9035129462127,2152.0148128975325,2
930,936,-0.011708249845705277,6,2157.1253546037156,2134.0263173581134,6
939,943,-0.0039182130046487304,4,2136.228980038876,2129.9950088484193,4
944,946,-0.00812684821683492,2,2130.1687748748923,2114.9873853401177,2
948,949,-0.0006270252682148178,1,2107.934331423666,2108.7205376655497,1
952,956,0.0016741608277317972,4,2117.6115737139476,2123.274407632725,4
957,960,0.0030772697577603828,3,2127.420971013193,2136.0950402003305,3
961,963,-0.0032165839664488475,2,2141.846879132117,2137.0992956812443,2
970,976,-0.006936941157035642,6,2151.4370842702156,2138.664128897839,6
977,980,-0.005673581732676152,3,2134.091907669393,2124.1180547138574,3
981,982,-0.0005161072192173442,1,2122.0001968073125,2123.027017383367,1
983,989,0.0012012174011212999,6,2123.995384569801,2128.6707601702174,6
990,996,0.0021551303422787838,6,2132.5553786535897,2139.2838688353695,6
997,999,5.078964209721446e-05,2,2136.3399626978025,2138.5848066026037,2
1000,1001,-0.0027338181800019867,1,2146.1656106459277,2142.4445496928947,1
1002,1008,-0.0031398283469534732,6,2146.2113383532915,2141.61881449293,6
1013,1022,0.0024735582761889387,9,2139.818777072776,2147.2515622954215,9
1029,1033,0.0017838417778601955,4,2140.62377309767,2146.5829309879,4
1035,1036,-0.0016673193518923996,1,2151.289986044981,2149.854388605761,1
1037,1039,-0.006166479681997555,2,2154.818150191043,2143.6853259996815,2
1042,1048,-0.005267158137408661,6,2147.083278913743,2137.921335028432,6
1051,1053,-0.0006415235937948934,2,2145.686247022732,2146.4554249174084,2
1054,1055,-0.0034961119562181946,1,2150.856941402888,2145.4881616753373,1
1056,1057,-0.0027274180682394463,1,2145.456992509098,2141.7508913356073,1
1058,1060,3.3146257744241705e-06,2,2141.2297067744094,2143.378033856359,2
1061,1062,-0.0027056387236987535,1,2146.8468445199114,2143.185099408048,1
1063,1064,-0.00283988036266751,1,2143.8308808121806,2139.886488473694,1
1068,1069,0.0004024158897777193,1,2143.1280228700193,2146.13357966312,1
1074,1075,-0.003853708351907884,1,2159.4809811283862,2153.318452216754,1
1077,1078,-0.0026979614495014448,1,2156.105800785277,2152.4448162544973,1
1080,1083,0.011706006367948978,3,2150.832676610026,2178.1611702954256,3
1087,1089,-0.004283775189582893,2,2190.0075363498054,2182.8160439369403,2
1097,1100,-0.0022248156423629486,3,2144.571643157998,2141.94493826329,3
1101,1103,-0.0010293470399858856,2,2146.8829723843746,2146.819967723939,2
1105,1107,0.0013313361986909008,2,2152.117536105095,2157.1348456208543,2
1110,1111,-0.004320854517335266,1,2158.164831563984,2150.9978801339307,1
1114,1117,-0.004789165280664852,3,2136.665736009925,2128.5695563866498,3
1118,1119,-0.0038746755219949422,1,2130.3012662476826,2124.1773413431256,1
1121,1128,-0.0032336403331250994,7,2129.4121749164306,2124.6558339966896,7
1130,1132,-0.0008786718623155767,2,2136.0002745341326,2136.2594314695352,2
1135,1138,0.0020333805376939787,3,2140.634467220653,2147.127826151837,3
1139,1141,-0.0024577014635255795,2,2149.678885555381,2146.545295497797,2
1147,1150,-0.0054514201553841745,3,2150.8332013223094,2141.258939059074,3
1151,1156,0.002013221684533867,5,2148.463060190156,2154.936855671541,5
1157,1162,-0.0007336611539276359,5,2162.064740293075,2162.6405821211383,5
1163,1164,-0.0021001532569756625,1,2167.9576334774656,2165.57254782601,1
1165,1166,-0.002491002695405425,1,2168.1810663891565,2164.9483025750433,1
1168,1172,-0.002562448710674072,4,2168.033082815204,2164.645642320261,4
1175,1176,0.0006721852867962355,1,2174.5609869108007,2178.197255798354,1
1181,1182,0.0023194170588003806,1,2157.1137364435103,2164.2740965780336,1
1186,1187,0.0006542519725856425,1,2206.5250211627217,2210.1751695315397,1
1188,1189,-0.001219897054900763,1,2206.326843107612,2205.8416783326643,1
1190,1191,-0.0009484206931550303,1,2208.3372218460686,2208.4511263492514,1
1192,1197,-0.0017697738923523828,5,2216.8506465085225,2215.1441727575957,5
1198,1199,-0.002722950658196289,1,2226.3481780132456,2222.5122899545636,1
1205,1208,0.0019547210397248423,3,2229.9376209579973,2236.526464563916,3
1209,1210,0.001898132712139173,1,2245.4488513047017,2251.9564600741032,1
1213,1216,0.00890866696779969,3,2262.221933223778,2284.637536967344,3
1217,1219,-0.004360378270726283,2,2285.2676907565515,2277.5883268657403,2
1221,1222,-0.0017548731004777575,1,2293.4508347067504,2291.719570364362,1
1223,1226,-0.006627557507850088,3,2303.616236647192,2290.652503799443,3
1227,1228,-0.0012351042256172123,1,2279.0923616681607,2278.5565374233606,1
1229,1236,0.0043566572248192,7,2282.2838913146056,2294.5093038101045,7
1237,1238,-0.0028131011044875706,1,2290.651481320646,2286.4982985898673,1
1240,1242,-0.0023385448066919985,2,2280.329683966311,2277.2773605102925,2
1243,1248,0.0051544510425450855,5,2283.964079143854,2298.0206242518766,5
1251,1255,-0.004185306204002879,4,2296.9864117960487,2289.6698067280445,4
1264,1270,0.011589737978582069,6,2344.093759348579,2373.605285576007,6
1274,1275,-0.001958050381726554,1,2386.351425482607,2384.0651805884895,1
1277,1278,-0.001990230702002567,1,2384.2296486709506,2381.868711272212,1
1279,1280,-0.0008731254775985589,1,2375.004435543226,2375.305763096687,1
1283,1284,-0.0052390186962854735,1,2355.6121874227883,2345.626703319105,1
1286,1287,0.0015962194871242002,1,2337.6754248914526,2343.744543384127,1
1291,1292,0.0027810837082939835,1,2368.1823681406554,2377.136663911101,1
1293,1295,-0.0003255308057396203,2,2383.166132405461,2384.7735045465733,2
1296,1298,-0.003918241097492064,2,2383.402970572555,2376.4476260719457,2
1299,1307,-0.01639959448411054,8,2369.850906393417,2333.3561634471566,8
1314,1321,-0.015757682547729485,7,2375.0631480169673,2340.012720047722,7
1325,1328,-0.0006881684252612701,3,2337.438160341828,2338.1670473642216,3
1330,1331,0.005392091644288158,1,2357.692836944634,2372.763425627466,1
1333,1336,0.010335428830347725,3,2400.6120695655177,2427.8240368293514,3
1337,1338,-0.0009101320804766057,1,2425.4909535338165,2425.7089273596334,1
1339,1341,0.0002852705411774258,2,2430.3969841634876,2433.5207018105993,2
1343,1344,0.0002813319579236611,1,2433.617188603013,2436.7354600801223,1
1345,1346,-0.004930434605552686,1,2435.5896756004167,2426.01674965451,1
1347,1351,-0.005369041864092746,4,2427.137176598889,2416.5329126644324,4
1353,1354,0.0015610056616474528,1,2417.2155848795137,2423.4060876778126,1
1355,1357,0.006835220438777083,2,2431.846086916248,2450.9001370804144,2
1360,1364,-0.008576017788817867,4,2472.1981265352106,2453.4687095510976,4
1365,1366,-0.00010119246471955467,1,2454.7029860073876,2456.9092915480865,1
1369,1370,-0.0033417832605975883,1,2474.7789506569848,2468.983554736657,1
1371,1373,-0.00017430051109720585,2,2468.7575482423154,2470.796000088124,2
1376,1377,-0.006742973552171589,1,2467.200629866555,2453.0315619013304,1
1386,1389,-0.004381101050466475,3,2432.2424055662664,2424.018748213817,3
1391,1392,-5.2278377327996e-05,1,2431.711067771348,2434.015652930366,1
1400,1401,-0.0015181869180063553,1,2462.282278977613,2461.0063565122077,1
1403,1405,-0.004041383835036216,2,2465.8093139055322,2458.309841317938,2
1408,1410,-0.007834908088189513,2,2469.3242906116475,2452.446686045383,2
1417,1420,0.001914932776096774,3,2456.6930729058836,2463.854168064907,3
1421,1422,0.0001457136272372062,1,2468.2352207025824,2471.063111430168,1
1424,1429,0.00149002314159997,5,2485.107490182601,2491.295465342519,5
1430,1431,0.004498198903441064,1,2493.4610780782705,2507.1706230435334,1
1433,1434,0.0008422254761263446,1,2523.921037900269,2528.57066953602,1
1435,1436,-0.0035289806729617923,1,2530.0623040998717,2523.663825431414,1
1439,1442,0.0029204379092899625,3,2517.4978541236255,2527.367548147488,3
1447,1458,-0.02025939987218176,11,2502.5689428119254,2454.3709668346073,11
1461,1463,-0.008196648693924991,2,2440.104635165826,2422.5440593301196,2
1465,1473,0.014140074595418793,8,2399.851843809819,2436.185779743053,8
1474,1475,-0.008793413470322696,1,2435.821142896223,2416.837781589879,1
1481,1483,-0.011566343190641145,2,2387.1329283849145,2361.9096626219193,2
1484,1489,0.006813327761612893,5,2367.2084049978953,2385.7041801461887,5
1491,1493,0.0005106422742103686,2,2386.4320228503125,2390.0370679485595,2
1501,1503,0.0054261918646003665,2,2406.2361801199495,2421.6991154849434,2
1504,1507,0.0020567935209975137,3,2419.34697972484,2426.7424238975077,3
1512,1515,-0.0003423656971051405,3,2420.428148420691,2422.0199049987846,3
1517,1519,0.0022852780417225017,2,2422.937990995835,2430.898015974109,2
1520,1522,0.0015687851563613198,2,2437.563671242102,2443.8252486184742,2
1527,1529,-0.00667974574846434,2,2444.349064580238,2430.4657833729257,2
1535,1536,0.006846806499271256,1,2432.524361635008,2451.6119096055213,1
1540,1541,0.002742853356363868,1,2466.173187831551,2475.403712425001,1
1547,1548,-0.0036944069258066955,1,2484.5012677167424,2477.807010293831,1
1560,1561,-0.001101868691900894,1,2473.750871547982,2473.498873782609,1
1564,1565,-0.0032770682581112556,1,2467.3441574780095,2461.72584641518,1
1566,1567,-2.7799746032773328e-05,1,2464.8683279528545,2467.264673567286,1
1568,1570,-0.0037785851601017063,2,2468.47211440546,2461.6132544202483,2
1572,1574,-0.007322506758524473,2,2458.3077213535735,2442.7650541707826,2
1575,1576,-0.0026590835873122375,1,2439.6561311322994,2435.608537686452,1
1583,1586,-0.000746275337077549,3,2408.44812196459,2409.0592046525016,3
1598,1601,-0.0011900554420917122,3,2354.700287821198,2354.2527642170026,3
1607,1608,0.0016820550812369456,1,2348.568046098906,2354.8670349605763,1
1620,1621,-0.003448537054541813,1,2392.4707634388783,2386.6127101226903,1
1625,1627,-0.00819603257862166,2,2386.658312554222,2369.4838415830436,2
1632,1633,-0.012982207789171012,1,2320.605238008318,2292.7992638498636,1
1638,1639,-0.0035389636648183696,1,2293.4267298711397,2287.6038027360737,1
1640,1641,-0.0014897427415424581,1,2278.4076656554885,2277.291832038959,1
1642,1647,-0.055731152351554576,5,2266.3389933876892,2142.299648660319,5
1648,1651,0.0028278364594206203,3,2151.7792373220213,2160.015896339267,3
1658,1660,0.010878421048360756,2,2185.5029362977366,2211.46326037751,2
1663,1665,-0.011652989082334336,2,2208.0335448551073,2184.511387608338,2
1667,1671,-0.011049222379756182,4,2142.731704388847,2121.1989169912895,4
1673,1675,-0.003502114275267397,2,2124.026506322492,2118.711949279976,2
1676,1680,-0.01480714112241199,4,2106.830995599274,2077.741682721963,4
1682,1683,0.0017613350595802124,1,2100.196263186874,2105.9956087604114,1
1686,1687,0.0023438187831028297,1,2117.1940714440434,2124.273584747612,1
1688,1689,0.0018696419284651767,1,2127.2735385973024,2133.3780519369757,1
1691,1692,-0.003403051809895617,1,2137.4118804085247,2132.2755689208166,1
1694,1696,0.004534432789528657,2,2140.9984930680885,2152.847705330456,2
1698,1699,-0.0033526714574442567,1,2166.8792815269903,2161.7813264896145,1
1701,1702,-0.0024734963555509614,1,2156.80941031999,2153.6313595142656,1
1710,1711,-0.0005463361047751516,1,2188.415519822742,2189.4083249318355,1
1712,1714,0.005077181964625961,2,2197.779439649198,2211.13574522206,2
1717,1721,0.003833891135528205,4,2217.5682194680858,2228.2877028266016,4
1722,1723,-0.0020551673317144043,1,2237.672960008808,2235.311840602346,1
1726,1727,-0.0035958230598963094,1,2233.9668080575157,2228.167825502117,1
1732,1734,-0.005603980391061718,2,2261.2360295163267,2250.8253431768712,2
1739,1744,0.0013853711035123886,5,2254.557340625719,2259.9352965572593,5
1745,1747,-0.003095563856799017,2,2263.711124409803,2258.9673731952557,2
1748,1754,-0.0009966714546042667,6,2250.6385941702674,2250.6460855229975,6
1755,1757,1.4257600719671647e-06,2,2258.0293578496517,2260.290606615601,2
1758,1760,-0.0020748293968967145,2,2263.023891485006,2260.5915268805584,2
1764,1765,-0.0028855906257050637,1,2241.6854692265074,2237.4585681199546,1
1784,1785,-0.011909250209285627,1,2188.508107340981,2164.633124812948,1
1787,1792,-0.013403204994314261,5,2142.9921074931212,2116.4121370826865,5
1794,1795,-0.0027708402009491307,1,2121.597767331471,2117.8407567148365,1
1797,1801,0.014297568352047606,4,2129.6676773341983,2162.2464141953647,4
1805,1808,0.005356694319170834,3,2169.6858318301242,2183.4778614317042,3
1809,1810,0.0022659077937387142,1,2194.702528589656,2201.870224682715,1
1815,1816,-0.002225070677692744,1,2200.078440030988,2197.383188445482,1
1818,1820,-0.007027675454364872,2,2195.3462435472675,2182.1134088812055,2
1821,1823,-0.006330199319440034,2,2164.8210371282944,2153.2821095094837,2
1824,1826,-0.020723864761904708,2,2138.392517568948,2096.215152744549,2
1827,1830,0.002573667107715805,3,2101.7465953811034,2109.2575380577705,3
1833,1834,-0.0020406902644288464,1,2133.570496039741,2131.35010999604,1
1836,1840,-0.01595310563169076,4,2118.9604315733277,2087.2753924106387,4
1842,1843,-0.0034239981224168047,1,2085.275681555493,2080.220977218681,1
1846,1848,0.007455576445645971,2,2118.509204306998,2136.4224208348205,2
1852,1861,0.015291883315992363,9,2150.791687220531,2185.8321344257342,9
1862,1864,-0.0018572057934553615,2,2177.701019968652,2175.834282037921,2
1866,1870,0.007930271513496075,4,2188.957374402165,2208.505358087046,4
1871,1872,-0.0077356094259933665,1,2200.0735089885843,2185.2546731235625,1
1873,1875,-0.008676038717058108,2,2180.8489614201894,2164.108680356272,2
1876,1877,0.006779224160706658,1,2170.2999043741324,2187.183153826219,1
1879,1880,0.004425743584116299,1,2214.6439082477964,2226.659998224074,1
1881,1890,0.019027301558460195,9,2247.3906907084843,2292.3998617909792,9
1891,1893,0.00625357436253672,2,2303.3998698183827,2320.107752060768,2
1894,1905,-0.0013789932062357342,11,2323.2728304647194,2322.392325845741,11
1907,1909,0.0010276837324541157,2,2327.13284163719,2331.8515310434373,2
1911,1914,-0.01597513282454541,3,2340.96409382216,2305.9078455796816,3
1916,1919,0.0012997634166222126,3,2310.245729647027,2315.558748259477,3
1920,1927,-0.011291584938604025,7,2323.9306719629276,2300.013742060994,7
1928,1929,-4.5549067191547337e-05,1,2305.1499207973898,2307.350073289558,1
1932,1933,-0.0022783159910679295,1,2307.0247470492313,2304.075640423289,1
1936,1941,-0.013018729361626163,5,2320.0071915655008,2292.1236530130486,5
1942,1954,-0.014809203227387033,12,2291.8881369605356,2260.23898790281,12
1955,1960,0.03973302558787593,5,2255.8514776669003,2347.739133629154,5
1961,1962,0.00014806792976579993,1,2364.0867728415524,2366.8009050486353,1
1964,1965,-0.0008591262709369978,1,2377.0882268078594,2377.4230960906816,1
1966,1969,0.016453497125996894,3,2386.9250628812033,2428.5852526061703,3
1970,1971,-0.0025505513629260667,1,2428.2718291012707,2424.5066689071027,1
1974,1976,-0.005049461393521221,2,2448.3796656644895,2438.4650467316987,2
1978,1979,-0.0030122570679247426,1,2427.4497526633536,2422.5650997415246,1
1983,1990,-0.0023613677436406136,7,2420.483198400517,2417.1880306501903,7
1991,1992,-0.005102405303312105,1,2409.622064056528,2399.7368177219646,1
1994,1995,-0.005386096051331111,1,2400.042098877312,2389.515283704398,1
1996,1997,-0.0051660806576259745,1,2388.5058603518173,2378.5551522863793,1
673,676,0.0019050602105890437,3,1981.6844128180246,1987.4413253556468,3
679,690,0.012039947978443141,11,1991.8759596896382,2017.8499185835026,11
693,695,-0.003981660228639333,2,2016.2962658129056,2010.2843554279773,2
702,708,-0.005311677514014988,6,2022.5108325213168,2013.790418042883,6
710,711,-0.0025869693660074446,1,2005.5094758573898,2002.3267937559665,1
712,713,-0.003860509628825602,1,1998.057664215766,1992.342201028328,1
714,715,-0.0005076042654810242,1,1997.140378529463,1998.1237619330866,1
716,719,-0.001443664232373289,3,1999.102995341267,1998.2160648454037,3
720,722,0.00936382086006855,2,2003.2029898249118,2023.963826757811,2
724,729,0.005684936771674683,5,2031.2762896292593,2044.8552431912328,5
730,733,-0.0002779422514458275,3,2043.8357783678903,2045.311545828433,3
735,737,0.005155207851704928,2,2055.1610715713846,2067.811015135639,2
739,743,-0.0037320774735465773,4,2068.3975064669776,2062.7464842332192,4
744,745,-0.0018450392136746016,1,2065.925034284628,2064.1792466181455,1
746,753,-0.0058029788027440755,7,2071.864379038837,2061.913258344153,7
754,756,-0.002574719604439232,2,2054.703081756982,2051.4675005328377,2
757,760,0.006949975098718958,3,2048.7193594654095,2065.006627357423,3
765,768,0.0035291827817284342,3,2074.857412258972,2084.254820725117,3
769,770,-0.00024888217709688216,1,2092.334663817438,2093.9062536749093,1
771,772,-0.002053662683923536,1,2095.885804398154,2093.6774477362947,1
775,776,-0.002780268063050305,1,2083.7205520375383,2080.0109708864243,1
780,781,-0.002721735859449188,1,2082.07270241628,2078.48792318255,1
783,784,0.0007584466166843842,1,2074.508820970804,2078.1567339883222,1
785,790,0.0004921939757858882,5,2075.505375709572,2078.602432327917,5
793,795,-0.00392849372592278,2,2078.4523056895227,2072.3655711526812,2
797,801,-0.0037201635093419825,4,2076.8504998594294,2071.201126915353,4
805,807,0.002551179125691589,2,2073.748634781867,2081.112887645636,2
809,813,-0.004868934721706538,4,2093.351223700526,2085.2521844664243,4
814,815,-0.002561175673725986,1,2086.734806215709,2083.4770465987276,1
816,817,-0.004904232685757796,1,2084.970271779107,2076.8300626951936,1
818,819,-0.0027470239069041875,1,2081.3068066689775,2077.6707139201244,1
820,821,-0.0004583191382811988,1,2077.9039854497682,2079.0295462711756,1
823,824,-0.003748886719577387,1,2076.385455765654,2070.6777073615763,1
825,828,-0.0037594887306110296,3,2070.2251994526123,2064.512436344896,3
830,833,-0.002933268220136882,3,2061.5662006210414,2057.5806402016724,3
835,837,0.0014426109853217218,2,2065.7399738259996,2070.7857729788852,2
838,840,-0.0008246037549499254,2,2074.9125307066397,2075.276462573333,2
843,844,-0.0019275702295223443,1,2079.302207327144,2077.3735085014473,1
851,857,-0.0037708923878236556,6,2075.852833162191,2070.1008683485397,6
864,874,0.011004528889468412,10,2072.4028899812893,2097.2811103446875,10
875,876,0.0016688066729216955,1,2114.334270826855,2119.977020237625,1
877,878,0.0011168694275009296,1,2128.4681095019832,2132.9737985703987,1
881,883,0.0026749218076269755,2,2173.830788842911,2181.8194470149206,2
895,897,0.00020970707420603796,2,2167.525415510277,2170.1474863389412,2
899,900,-0.0021105989957514075,1,2165.4736563094275,2163.068683441404,1
903,904,0.0009103932333124382,1,2164.6949947016024,2168.8304133716656,1
905,907,-0.0024694533206909017,2,2168.2574807372102,2165.071327582028,2
909,913,-0.0028181159511146813,4,2162.6389972946104,2158.7070688371264,4
916,919,0.0030628518283717402,3,2144.531709137328,2153.244623712798,3
923,924,-0.0016490289182118476,1,2157.534349535477,2156.134047350593,1
928,934,-0.00660697001266346,6,2159.049699112779,2146.9439721940034,6
935,936,-0.006646689726913015,1,2146.927581248673,2134.80454733121,1
940,942,0.00014565360929679936,2,2134.860106754966,2137.3059169416138,2
945,947,-0.007829231320038994,2,2118.9323181961536,2104.4616392436856,2
949,950,0.0021655713853997592,1,2108.9627791083212,2115.6388513347397,1
955,957,0.002708092730793474,2,2116.4139728729538,2124.2618321411137,2
959,963,0.0008081191112012064,4,2133.5506995703954,2137.4084133650053,4
965,966,-0.0004504112214335792,1,2139.203926856626,2140.3796093298915,1
977,981,-0.006210446637781236,4,2136.2796042413675,2125.1486333600874,4
983,987,0.0008499255651939592,4,2124.5126811254427,2128.4428714478354,4
1001,1003,-0.0015361131236071518,2,2146.486061887997,2145.335302540579,2
1007,1008,-0.003340705692133287,1,2147.273614768256,2142.2474791956,1
1014,1015,-0.0023756903872663403,1,2133.9432800930867,2131.007634835691,1
1017,1020,0.0013544248781576112,3,2138.0219333394894,2143.0557453693905,3
1022,1023,-0.0005715630274784422,1,2149.450197084743,2150.371101019768,1
1024,1028,-0.00829711711776715,4,2151.6673585629105,2135.9663898490003,4
1029,1033,2.3250199095866796e-05,4,2144.9282843378523,2147.1230826318474,4
1044,1047,-0.004151185830567056,3,2143.081311615436,2136.3280641525203,3
1048,1050,0.000803799872736152,2,2138.35721296328,2142.2143814318874,2
1052,1053,-0.0018756015656931394,1,2143.237630819934,2141.3610085947357,1
1055,1058,-0.0030412271032201218,3,2144.592654717731,2140.2150540655543,3
1059,1064,0.0003635801354265652,5,2139.2422071160627,2142.159235294552,5
1074,1083,0.010443306819677853,9,2154.3822663623146,2179.0355236431715,9
1084,1088,0.0006428242903966255,4,2183.481235094033,2187.0683111046706,4
1089,1091,-0.0014218140929284579,2,2184.6686009748414,2183.747076970572,2
1092,1094,-0.010450372889560633,2,2177.72786747135,2157.147527071758,2
1095,1100,-0.00599923367417658,5,2153.504615502342,2142.738742711028,5
1102,1105,-0.0014231808178515873,3,2148.763270534862,2147.8539551366675,3
1107,1108,-0.0010587149652471436,1,2155.1044329474835,2154.977896065599,1
1110,1111,-0.004431198758461789,1,2159.0032157197074,2151.595246566415,1
1112,1113,-0.006375079797487471,1,2151.226243624525,2139.663230902594,1
1116,1119,-0.0023201220814875944,3,2127.6614650972197,2124.8526922152146,3
1120,1121,0.0010510669650032147,1,2123.6086257602296,2127.9642892591223,1
1123,1125,-0.002979539719982484,2,2130.1248869261312,2125.9082201039378,2
1126,1127,-0.0030589607154526462,1,2126.398543709746,2122.0203726428517,1
1129,1134,0.002194164372948931,5,2129.227113180523,2136.028214567361,5
1135,1136,-0.0032042222105644743,1,2146.1653035600148,2141.434678330365,1
1137,1139,-0.0038421525508981723,2,2151.310112158142,2145.195760635099,2
1140,1144,-0.0030135963715072537,4,2149.482302871744,2145.1541131060626,4
1145,1148,-0.0008681485817485722,3,2147.128294268514,2147.411396179281,3
1151,1152,0.003462511217314514,1,2143.586667563913,2153.152447113203,1
1155,1156,-0.002889147381918122,1,2159.8645775112286,2155.7842749993256,1
1161,1164,0.0003799583877420077,3,2165.757110216226,2168.745764906281,3
1165,1167,-0.004367237968687915,2,2171.6892680073884,2164.376673447962,2
1168,1169,-0.0031085175951599464,1,2167.457955733107,2162.8878324966745,1
1173,1176,0.003613398351698759,3,2169.7051953316645,2179.71490970348,3
1179,1180,-0.0012817670148367166,1,2160.094652456352,2159.4860090343645,1
1181,1189,0.019501689574941666,8,2164.751898630459,2209.1329700629462,8
1191,1193,0.0008971342425575868,2,2215.135868661727,2219.3382787700825,2
1194,1195,-0.0006820242969331947,1,2215.5812258651717,2216.285726863168,1
1197,1202,0.0011366587740490926,5,2219.1472640831316,2223.888824555842,5
1203,1205,-0.0007623305044249818,2,2224.526876922393,2225.0555791031243,2
1207,1210,0.00714908010740332,3,2231.187707504819,2249.3698348679295,3
1216,1219,-0.0027699393722878276,3,2286.372345347456,2282.3256049137153,3
1223,1227,-0.014000054669038302,4,2309.6015635496565,2279.5766169598146,4
1234,1237,-0.004941587573389673,3,2294.5278145604975,2285.483732239829,3
1241,1243,0.0018535182991222987,2,2279.2760407096935,2285.7799966006096,2
1247,1251,-0.0035636802256252976,4,2301.059323728621,2295.1601434423874,4
1253,1254,-0.0026843669200751806,1,2291.945354907414,2288.084877968988,1
1255,1257,-0.00034621046222734354,2,2289.133034679005,2290.629645907648,2
1258,1259,0.0007159219747484777,1,2296.0966571895497,2300.0365798997677,1
1260,1262,0.006914542248844473,2,2315.9144724147122,2334.243875351349,2
1263,1268,0.012648524548741935,5,2343.2982530341533,2375.280816765714,5
1273,1275,-0.0006927263560894,2,2384.8097122225886,2385.5425013928966,2
1276,1279,-0.006094849833545075,3,2389.055520909642,2376.8836417866055,3
1280,1284,-0.015309102386907466,4,2379.490885411174,2345.4425067031125,4
1288,1291,0.005007199030275494,3,2347.7626207494595,2361.8660980881427,3
1293,1294,0.0026333725555399536,1,2378.475003964311,2387.1168897677526,1
1295,1298,-0.005150604022203705,3,2388.997234517228,2379.0814529866075,3
1302,1305,-0.01664060335658873,3,2362.5806741224405,2325.6284869005494,3
1307,1312,0.010061274529740507,5,2333.908038611005,2359.7240361532495,5
1314,1316,-0.003306062314790946,2,2370.8297958939,2365.3625146468057,2
1318,1319,-0.006727802595965861,1,2343.482621581598,2330.059615738102,1
1321,1327,-0.00319286577385029,6,2343.737042803647,2338.597542059578,6
1328,1332,0.018006839128114533,4,2342.231610768034,2386.7500301946866,4
1335,1340,0.006579025120203505,5,2419.197391886573,2437.532549690412,5
1341,1344,-0.0034940642756534504,3,2437.281006004252,2431.202270517448,3
1345,1346,-0.005142301520673947,1,2437.1573886166298,2427.0619478596414,1
1347,1352,-0.0010314008012556931,5,2419.7602025004794,2419.6842200912743,5
1355,1357,0.008342871859624533,2,2429.72758415436,2452.4282176269094,2
1361,1363,-0.005223540642773429,2,2468.88081067142,2458.453392225386,2
1364,1366,0.00021636183200126583,2,2456.835687956614,2459.824089114943,2
1368,1369,-0.004913715037512658,1,2474.855968966608,2465.1700879451855,1
1372,1380,-0.013843042264912356,8,2475.954574090717,2444.155784849667,8
1381,1384,-0.0043678607000591,3,2447.701689910176,2439.458171583259,3
1385,1386,-0.003929642147683162,1,2437.732816693618,2430.591131889042,1
1391,1393,0.0015328320126398618,2,2427.0995257183713,2433.246961094974,2
1401,1406,-0.005299331231694422,5,2469.0075848075458,2458.3925033868923,5
1411,1412,-0.002688653047515553,1,2453.5241139796913,2449.3809630074666,1
1417,1418,-7.327626477595598e-05,1,2457.6208941097207,2459.8984297244747,1
1422,1432,0.012054373213358036,10,2476.3748093432814,2508.702330320607,10
1433,1438,-0.005792367606664151,5,2523.8278558115503,2511.7327449505624,5
1439,1440,0.002283932333596322,1,2512.5872361206825,2520.8384025863606,1
1446,1447,0.0004181749058750836,1,2505.1291696388203,2508.6818809631777,1
1448,1449,-0.001249686665493754,1,2509.3355596043475,2508.709011975865,1
1452,1456,-0.00406770960950485,4,2495.519910307624,2487.8643798980625,4
1458,1460,-0.006703181040412378,2,2457.291075121112,2443.2766992507068,2
1462,1466,-0.010939129207553997,4,2434.200992142604,2410.0071539645423,4
1468,1472,0.005364943819185594,4,2415.726501883812,2431.1024653508202,4
1474,1475,-0.007873365680251957,1,2435.560450988358,2418.8199533723555,1
1477,1480,-0.004707905382988064,3,2394.369301437209,2385.4912066155484,3
1482,1483,-0.0036057350740936996,1,2371.69203064738,2365.5120295381735,1
1489,1493,-0.00033769633121021427,4,2388.090249880896,2389.671890814793,4
1497,1500,0.0015054699827258024,3,2399.226421238335,2405.2376110185105,3
1501,1504,0.0023581673472074954,3,2410.1498871174413,2418.243573770235,3
1505,1513,-0.0021640315976795823,8,2418.6909865279777,2415.8755537946363,8
1515,1518,-0.002448750389892453,3,2427.509628162816,2423.9927726425476,3
1520,1521,0.0026055991183821575,1,2432.9989230141377,2441.7713417859823,1
1523,1527,-0.0037294096699610263,4,2452.452616419467,2445.7588685330907,4
1529,1532,-0.005266297464232852,3,2435.7770468739773,2425.3852974354622,3
1534,1535,0.0004183636369719467,1,2432.864608706878,2436.3152954015436,1
1536,1542,0.006597743168553265,6,2458.231800376604,2476.908814244636,6
1544,1547,-0.0008371599204056924,3,2481.1885390050097,2481.59257594419,3
1550,1554,0.001040580111484757,4,2478.5035804025024,2483.5611655149155,4
1555,1556,-0.004254121661518817,1,2486.403334672442,2478.3122757218116,1
1557,1559,-0.00176487560083146,2,2476.2001184601395,2474.3061334067534,2
1562,1563,0.00171845574933557,1,2462.5781898902865,2469.272599728782,1
1564,1572,-0.005879994734180201,8,2469.137307357377,2457.087930299505,8
1578,1580,-0.00428223936589247,2,2425.141812367655,2417.18191644323,2
1582,1583,-0.003281643199231519,1,2411.0622253076804,2405.561041578383,1
1585,1587,-0.0003384538254584482,2,2405.243638679972,2406.834818407981,2
1591,1597,-0.01882380579350578,6,2410.6298039391886,2367.6632064737396,6
1600,1604,0.002111354448089403,4,2351.633685579377,2358.9504515072813,4
1606,1607,-0.005230866092404132,1,2353.702797845037,2343.7445964860376,1
1614,1616,0.0008544040103495697,2,2376.870628298729,2381.2783067239284,2
1618,1620,0.0003313353469813578,2,2385.5746201854276,2388.750620000142,2
1627,1628,-0.0039635197413703995,1,2371.31521025049,2364.287770811901,1
1646,1647,0.007225624988735013,1,2125.519899476278,2143.003629075464,1
1657,1662,0.006514862568508978,5,2193.9885444837423,2210.4760668724207,5
1663,1664,-0.008796338416362334,1,2209.1744319800077,2191.9509604875166,1
1675,1678,-0.024911000826841962,3,2122.5481138189034,2071.7958641143678,3
1698,1701,-0.004831098132930413,3,2163.695485398656,2155.406155664315,3
1702,1703,-0.004750726624009757,1,2156.542345548365,2148.4537447571124,1
1704,1707,0.004019890861575265,3,2152.4589369322107,2163.2640458796327,3
1708,1709,-0.0011709898469130352,1,2182.313300032367,2181.940146615278,1
1713,1716,0.0040075686609202825,3,2207.02563674726,2218.077469159683,3
1728,1729,0.003418314288015455,1,2220.0570832086973,2229.8659931396483,1
1731,1732,-0.0002511313804934093,1,2258.580233528507,2260.2716133900344,1
1733,1735,-0.006630819576759824,2,2256.542865173029,2243.836679432015,2
1736,1741,0.00425765637396204,5,2243.000277563898,2254.7932022700306,5
1743,1745,-0.0015742214465229469,2,2266.1092923581555,2264.8080438023185,2
1746,1749,-0.007010902895174118,3,2261.8170324461903,2248.2214698975054,3
1752,1760,0.003102030037970784,8,2248.670655605253,2257.8947701800494,8
1764,1768,-0.009009510026211358,4,2237.9881234041254,2220.062935091178,4
1769,1771,-0.00019386358774515155,2,2217.9660630567,2219.7540462612756,2
1775,1777,-0.0023595877294828615,2,2241.983744191748,2238.935570603445,2
1778,1779,-0.005639655666995571,1,2231.3425977291326,2220.98993640057,1
1780,1784,-0.01484440096122152,4,2217.8375366556593,2187.1329045313505,4
1785,1786,-0.006434548606331781,1,2162.2302181714167,2150.479472952685,1
1792,1793,0.0016346636667449086,1,2118.7747421146023,2124.3570009456685,1
1795,1796,0.001782814101309382,1,2118.127914575377,2124.0222708044344,1
1797,1798,-4.967801909636722e-05,1,2133.0693946956417,2135.0964974282138,1
1801,1802,-0.0004579110621615166,1,2166.4119718480943,2167.586359812834,1
1807,1808,0.0010633785719218912,1,2183.527725655689,2188.0331699760045,1
1809,1810,-0.0004894557431782175,1,2197.933781251298,2199.0559237201905,1
1811,1813,-0.005698163526559591,2,2201.617094283578,2191.2735371517647,2
1815,1817,-0.005623605899327152,2,2198.515040156809,2188.3499730473804,2
1818,1820,-0.008428943168546386,2,2192.40389137391,2176.1166474623933,2
1825,1827,-0.0071525088480459045,2,2115.113225551123,2102.0999727163007,2
1828,1833,0.009550356422252507,5,2112.1983932343032,2134.482839117434,5
1836,1838,-0.008312665999343187,2,2122.7804877823405,2107.2573030852654,2
1839,1841,-0.008977830889745745,2,2099.5315524726393,2082.7818447993272,2
1842,1851,0.0318716759353584,9,2082.211274870521,2150.657049127014,9
1852,1856,0.009607659636341269,4,2150.6263529227494,2173.4394652795,4
1858,1861,0.00013058835729515034,3,2181.986816023895,2184.453744913863,3
1862,1867,0.008290391378874308,5,2175.1162061179984,2195.323886967367,5
1868,1869,-0.0012824126489413554,1,2209.907931506881,2209.2838255540278,1
1870,1873,-0.014712029361223896,3,2208.2655056756375,2177.9857042244353,3
1876,1881,0.03480663174705782,5,2168.8822324996227,2246.5425999014733,5
1882,1885,0.004175565384501116,3,2257.847917269233,2269.53355679332,3
1886,1892,0.012477275588424638,6,2278.83756951148,2309.550091457042,6
1893,1895,-0.003354683064551027,2,2319.508608442435,2314.0469008040554,2
1896,1899,0.002928526729941784,3,2315.2117410344995,2324.3071122446286,3
1901,1903,-0.006204059982718107,2,2340.24182765038,2328.0630688052215,2
1904,1915,-0.009022871158160743,11,2326.8197414082083,2308.1519664146253,11
1918,1923,-0.001351412306212231,5,2314.407416527729,2313.594105279972,5
1925,1927,0.001805947016766956,2,2292.1758305319536,2298.60755446554,2
1928,1929,0.0019705671454057425,1,2301.130396754055,2307.966059107947,1
1931,1934,-0.00031317661782763006,3,2308.1158772685626,2309.701145221834,3
1935,1940,-0.012516946518114837,5,2319.0920209845153,2292.38316220825,5
1941,1950,-0.0012575160393028947,9,2288.195710171174,2287.606463074741,9
1951,1955,-0.013453215105595401,4,2285.527859308627,2257.0656892468255,4
1957,1958,0.010899622450208549,1,2273.2422513513534,2300.2929758802966,1
1960,1961,0.0025871714902838865,1,2349.9029153089614,2358.3324200516927,1
1964,1965,0.0016657818290494435,1,2378.4941153376344,2384.8346617308025,1
1966,1971,0.016797141173861833,5,2387.4554020027267,2429.9452828384683,5
1973,1974,-0.0009712525354787106,1,2442.8722941153155,2442.9425204999206,1
1975,1980,-0.010573288625112719,5,2441.995000562061,2418.617077600598,5
1983,1987,0.0015452958320625208,4,2421.3945758338946,2427.5577413555434,4
1988,1990,-0.006406284349802286,2,2431.033866607654,2417.891006260774,2
1991,1997,-0.015562303000760877,6,2408.3096630403543,2373.2391280075003,6
673,675,-0.0006971649827677638,2,1981.7501086879984,1982.3502520163129,2
676,677,-0.003368082093736465,1,1987.6001969474091,1982.893396511511,1
678,679,-0.0019657290857741645,1,1991.5606836547431,1989.6373755764535,1
684,687,0.0021656470351752366,3,1992.2683149733225,1998.5751332578914,3
688,694,0.003978726113291986,6,2002.9497145804828,2012.9218526280754,6
696,697,-0.003332450946429792,1,2022.1115954316667,2017.3951193271155,1
698,701,0.0019213433744472265,3,2019.4440667054748,2025.3435562498116,3
704,706,-0.005645600581674637,2,2029.3358593101311,2019.9083754617068,2
710,712,-0.006278849123870927,2,2006.5861499120758,1995.993684372641,2
715,718,-0.0015891810467485246,3,1998.9272221797821,1997.7494921466441,3
719,722,0.008506660520937872,3,2001.6247971246748,2020.6535645612303,3
727,730,0.0033321925548622996,3,2034.2856385938048,2043.0985556917842,3
734,735,0.0041608993977484835,1,2049.3774589489694,2059.9540898426185,1
736,737,-0.0015535633095070623,1,2067.961641689347,2066.8168939990396,1
740,744,-0.0025737001751782868,4,2066.3530430383826,2063.101222892573,4
746,747,-0.004014565095948193,1,2071.1325371233947,2064.8889732679,1
750,753,-0.0038538844971232216,3,2066.406547123362,2060.509261513773,3
758,759,-0.0016311261171541493,1,2052.7400569841175,2051.4445191224263,1
761,763,-0.0002662973309382724,2,2070.3384025494643,2071.857415361276,2
765,767,-0.001581548793422862,2,2080.5975625767055,2079.3875935745905,2
768,769,0.0017612620537761936,1,2085.3987987495116,2091.157131319489,1
773,775,-0.002977007234332171,2,2086.758171422104,2082.632635420901,2
780,782,-0.001156325877159109,2,2081.722193625748,2081.3967665778277,2
783,785,-0.002166385567312302,2,2074.8610879851217,2072.440999957918,2
787,788,-0.0015464941657624453,1,2077.605779628317,2076.470380190996,1
790,800,-0.001910857944836287,10,2076.744112184687,2074.8524933107115,10
801,803,-0.0014539714049997615,2,2074.2895239288646,2073.3478557993103,2
805,806,-0.0013859968164579163,1,2076.883279126789,2076.0816087928915,1
809,810,-0.002711354506237798,1,2093.5634380492133,2089.980608825413,1
811,813,-0.004026472958147495,2,2089.3681153687153,2083.0446992679363,2
814,818,-0.004520172378225218,4,2085.9714328136047,2078.6284537940473,4
819,825,-0.007317302411554407,6,2079.7532994612575,2066.6148689271326,6
827,828,-0.002862510510918985,1,2069.6391903547005,2065.784465608855,1
830,840,0.007671185791023519,10,2060.5692989601575,2078.43687818672,10
841,842,-0.0030726809552824533,1,2078.1813356243256,2073.8739287483536,1
843,844,-0.002225179104268585,1,2081.8505199515766,2079.2998801963213,1
846,848,-0.001262191712326607,2,2078.2991388211535,2077.754226011219,2
849,854,-0.0032356814691687275,5,2079.7896035313242,2075.1398564549395,5
855,856,-0.002627222755289138,1,2077.043901734811,2073.6640886341734,1
860,863,-0.0020412906635338766,3,2067.273378527733,2065.1207460596997,3
865,866,-0.005071967940081909,1,2071.582854694662,2063.147435725122,1
867,869,0.0002033932740806829,2,2070.177988854733,2072.6692271226707,2
872,874,0.00026759451774718574,2,2092.861918501127,2095.514818795421,2
883,885,-0.005006897178945791,2,2182.7372135038713,2173.9912099207027,2
886,889,-0.0034559723749560643,3,2174.641309064538,2169.300450084037,3
891,894,-0.004373704852469502,3,2166.527978317999,2159.2187523645366,3
897,901,-0.002647616654162607,4,2165.971269177725,2162.40257884219,4
902,907,1.136859563934567e-05,5,2160.5582164583793,2162.743337187556,5
909,910,-0.0031524379073269047,1,2166.4397495789003,2161.776622537967,1
914,918,-0.005525372151306491,4,2155.9034715840144,2146.147206052803,4
919,921,0.0017269561472807592,2,2151.678766648446,2157.5463002881315,2
924,926,-0.0006206534444056881,2,2156.341696670881,2157.1596974661975,2
927,930,-0.005714323621667511,3,2157.528564567474,2147.357276691111,3
936,937,0.00017788372229332193,1,2134.61279372804,2137.127119391171,1
938,940,-0.004120926723628404,2,2140.5743585912564,2133.8937828716153,2
943,947,-0.010859413455066743,4,2128.3108862570416,2107.326989268514,4
950,952,-0.0013749497187652232,2,2115.4562909052,2114.663101163865,2
954,957,0.0055596511717374295,3,2113.5075373090103,2127.3714095025953,3
960,962,-0.00211782645995007,2,2140.8980128758267,2138.5048604289796,2
963,968,0.003416811794130525,5,2139.1961531231273,2148.6445799222,5
973,974,-0.001778773847654454,1,2148.422437111879,2146.749301904142,1
979,980,-0.0034378831801790528,1,2130.8534899375145,2125.65871805497,1
982,983,-0.0031298702060875484,1,2125.1161880346044,2120.589966381235,1
984,985,-0.0006044941642025868,1,2118.3479584909787,2119.1857774708114,1
986,990,0.0016301010051902745,4,2128.283818130025,2133.881419539419,4
996,997,-0.0034088541048582117,1,2139.6129952537394,2134.4589797073145,1
998,999,4.7200653903577616e-05,1,2139.057468725657,2141.297491105644,1
1000,1001,-0.003989884779920609,1,2146.8865852766417,2140.4676417511073,1
1002,1003,-0.0013355195329298054,1,2143.1144818648413,2142.395425094871,1
1006,1008,-0.0014018307281864965,2,2145.613042639326,2144.750869387996,2
1009,1014,-0.008580789031512024,5,2145.1026421450706,2128.84107156403,5
1015,1019,0.0015995843726238665,4,2134.471593376535,2140.0203323744863,4
1029,1032,0.004499089119137068,3,2139.090131682533,2150.853178950522,3
1034,1042,-0.004227813943104535,8,2152.39973057566,2145.4521847141737,8
1043,1045,-0.004693362867086683,2,2144.3170489918407,2136.3973080278333,2
1046,1050,-0.00040545166699401517,4,2137.057106492349,2138.3276902325524,4
1055,1056,-0.003259120491245521,1,2149.1219601148673,2144.266834656586,1
1058,1059,-0.0001381659233287237,1,2139.8448287240403,2141.6890199162235,1
1060,1062,-0.00026610761385119505,2,2144.0757679354374,2145.6492888168514,2
1063,1064,-0.003459916759327278,1,2145.14299966807,2139.866126452033,1
1066,1067,-0.00110860559275867,1,2139.108281275622,2138.8759621527593,1
1070,1080,-0.0010359411241657127,10,2151.2633429673137,2151.186024144391,10
1081,1082,0.00266383917711186,1,2159.3539476702545,2167.26547326098,1
1083,1084,-0.0011452525211881888,1,2181.797713682465,2181.48080206383,1
1087,1090,-0.002783817675984713,3,2186.7257810071715,2182.8250609064794,3
1091,1095,-0.016038377811282162,4,2182.2888718733457,2149.4707873247576,4
1097,1101,-0.0008145518968983364,4,2141.871129195743,2142.2683351337405,4
1102,1105,0.0005673765900598481,3,2149.078268895348,2152.446683864221,3
1106,1112,-0.005445209112844455,6,2153.354922085457,2143.7828091626143,6
1114,1115,-0.00400770445913708,1,2141.5669199180147,2135.125719543437,1
1117,1118,-0.000632154756443647,1,2129.4550907764833,2130.2384007029923,1
1119,1120,-0.002209467831954562,1,2125.907329597143,2123.336113068279,1
1125,1129,-0.001633772265047416,4,2127.468141285536,2126.1198109828174,4
1132,1133,0.0006849845153632614,1,2137.53033054164,2141.132036049722,1
1134,1137,0.0012361457764203565,3,2140.475902535268,2145.2623186842516,3
1142,1143,-0.0027531060535547812,1,2149.4938264112047,2145.7255357720446,1
1144,1148,0.001326215398829204,4,2141.9884562682155,2146.971182799301,4
1149,1153,0.004134028463543331,4,2145.6197094629297,2156.635382123252,4
1155,1158,-0.0009271382776696153,3,2158.553975789957,2158.711251750376,3
1161,1163,-0.0010063341588296068,2,2165.3227746134494,2165.3090591150776,2
1165,1167,-0.0005653201915644811,2,2167.8170490301027,2168.7593553296983,2
1169,1172,-0.001718049205654451,3,2163.42229186313,2161.8688482049624,3
1174,1178,-0.00022321194981819714,4,2168.691014935361,2170.3756282002996,4
1180,1185,0.012451961834578602,5,2161.0801519915526,2190.1509197176083,5
1187,1188,-0.003363081578058221,1,2214.9077284951027,2209.673720844797,1
1191,1192,-0.0011265026053142604,1,2212.3755837234353,2212.0957124481606,1
1199,1203,-0.002143179780200983,4,2226.6040652332176,2224.0586564873297,4
1205,1208,0.006284255778006777,3,2224.5179595392406,2240.721917339294,3
1209,1211,0.0015847069442735478,2,2249.2120655620547,2255.025619607057,2
1212,1216,0.010070482661943759,4,2262.364327894307,2287.409792961261,4
1217,1219,-0.003303525962637724,2,2284.254041836661,2278.9922033460302,2
1220,1223,0.005671796875621728,3,2288.315005330807,2303.582178233811,3
1225,1231,-0.00481291041854151,6,2304.7708474565516,2295.9829626799337,6
1233,1237,-0.0042639510649693825,4,2292.9613836584736,2285.477269908348,4
1238,1241,-0.004655025963028057,3,2286.3064360471053,2277.949926663915,3
1242,1250,0.005280553446503385,8,2283.8237893718365,2298.167466743382,8
1251,1252,-0.005273405496790647,1,2298.4460809891452,2288.6238888725693,1
1257,1264,0.0256789114724962,7,2288.371499806627,2349.4227604661514,7
1267,1280,0.0008101481738213596,13,2374.441490478261,2378.739581406096,13
1281,1287,-0.01607919210186287,6,2377.93441917517,2342.077089262796,6
1290,1292,0.007211675888820234,2,2355.17083380861,2374.510733358649,2
1293,1294,0.0027353856461029835,1,2378.7381898797753,2387.623694370089,1
1296,1297,-0.0021015070639434042,1,2385.2583852082166,2382.6310062475795,1
1298,1313,-0.005305644332771178,15,2380.466755291374,2370.2173120971033,15
1314,1320,-0.017219179486706246,6,2371.8625531356192,2333.3928886685153,6
1321,1322,-0.001540658379505373,1,2343.125941388488,2341.85911071404,1
1324,1326,-0.0031288137211407745,2,2340.215225382233,2335.2333431000166,2
1327,1328,0.001819928165347489,1,2337.722394850997,2344.3146040750007,1
1329,1330,0.002746128179086271,1,2352.116301248963,2360.9276304055597,1
1331,1332,0.006963633436524814,1,2371.9715329871583,2390.86104479774,1
1333,1334,0.005312525618073605,1,2396.211857913879,2411.3380066532923,1
1335,1338,0.0008408914531817233,3,2422.0008453843343,2426.459486040201,3
1342,1343,-0.0019323687054598865,1,2434.684464345041,2432.414440742816,1
1344,1346,-0.0071051001202801535,2,2439.640550678305,2424.7463008589184,2
1348,1349,0.0011774191866971017,1,2419.60506455266,2424.8735590444467,1
1351,1353,-0.0023936601940621506,2,2422.3538457430477,2418.9779076123023,2
1355,1360,0.016118479742767908,5,2429.5544898458124,2471.144769164189,5
1361,1362,-0.0028955509541894638,1,2467.832258431082,2463.1543566388336,1
1363,1364,-0.0015554531927691362,1,2458.42733745588,2457.0617961420994,1
1369,1375,-0.0021919206634725217,6,2473.046870720877,2470.0991950539287,6
1376,1379,-0.012506691380009642,3,2470.6380782189794,2442.2092083412135,3
1381,1382,-0.0008914389566249575,1,2449.4272505069544,2449.6931628849406,1
1385,1386,-0.005050530341589191,1,2438.869334610785,2428.9906203717724,1
1389,1390,-0.000436660759417464,1,2426.666099074552,2428.0331353119523,1
1391,1392,-0.0003742712588580574,1,2432.4205806976447,2433.9426161655324,1
1393,1397,0.0010723343485698768,4,2441.050765943764,2446.109439292632,4
1399,1403,-0.0023345975779225834,4,2464.0337376812404,2460.7452442230115,4
1404,1405,-0.0039936313189409605,1,2462.4005617901016,2455.029042348549,1
1406,1413,-0.0059289419017903465,7,2459.5084091294166,2447.385635073853,7
1417,1418,0.002125431342325796,1,2454.294286577941,2461.965014864503,1
1419,1426,0.007275940196992623,7,2467.8433645903765,2488.2670886912715,7
1428,1429,-0.0010630118370004054,1,2491.8722367020887,2491.715219254884,1
1431,1434,0.007274096317543535,3,2505.4315876910964,2526.1617699646686,3
1435,1440,-0.004683973566112602,5,2530.076684658757,2520.7559490322365,5
1443,1444,-0.003672418535046688,1,2530.935066315682,2524.1713485334603,1
1447,1448,-0.002213080133163144,1,2508.832280441161,2505.7888658443194,1
1451,1454,0.0004554801776855033,3,2491.9513430133757,2495.5783287968884,3
1458,1462,-0.012014132586423733,4,2453.8338488882237,2426.8069975315143,4
1468,1471,0.005169561377031954,3,2412.3120806387496,2427.194988080806,3
1473,1474,-0.004480743374080873,1,2437.4826683650545,2428.998416717706,1
1476,1480,-0.005371819269473015,4,2403.5101206302256,2393.002408770481,4
1486,1493,0.004517116366971883,7,2376.0460336029423,2389.1549560636117,7
1494,1497,0.007712488518122062,3,2372.6658451451112,2393.3376690782784,3
1501,1508,0.00401523932322147,7,2414.3159743215124,2426.4243467346114,7
1514,1518,-0.0018936027811516953,4,2426.068720880148,2423.900779123904,4
1526,1527,-0.0017117321796763325,1,2447.192764398274,2445.4510185579807,1
1528,1529,-0.003513940046212607,1,2440.4305221617183,2434.2954261420564,1
1534,1535,0.00029179112376089087,1,2429.6910474679603,2432.8297007965607,1
1536,1539,-0.0010161491670904836,3,2455.8235818493963,2455.7839223440283,3
1541,1542,-9.749053270229893e-06,1,2477.766577244431,2480.220187943323,1
1559,1560,-0.0027067557839339355,1,2478.4051706183945,2474.17513825851,1
1561,1562,-0.004798922434767958,1,2473.925577435768,2464.527326057701,1
1570,1571,-0.0011801717556618157,1,2464.343370669596,2463.899365597949,1
1574,1576,-0.004758732934050753,2,2441.5391220987094,2432.3620285907036,2
1582,1583,-0.0019165824705279551,1,2412.513009773987,2410.3017426393076,1
1594,1600,-0.01691295598192567,6,2392.7209631703968,2354.6456998064355,6
1602,1607,-0.008494239253057673,5,2359.7864670195804,2342.101662649608,5
1608,1609,0.002288990236485418,1,2353.146966720177,2360.8864441187347,1
1613,1615,-0.001546578881778977,2,2379.125244101392,2377.824864485859,2
1616,1617,0.0009340686869426665,1,2381.1610988465013,2385.7664279663463,1
1619,1621,-0.0007224181278871779,2,2385.648349360419,2386.3105620954375,2
1623,1624,-0.0006889420914817097,1,2386.543844948838,2387.286198285835,1
1630,1631,-0.005548969514647842,1,2334.667332429017,2324.047001906953,1
1633,1634,0.0008540967311187412,1,2287.7538286455624,2291.9955455408585,1
1635,1637,-0.0021650495861403763,2,2287.5112300056885,2284.846165993879,2
1641,1642,-0.008112913256637502,1,2277.5839779835587,2261.3837207134543,1
1644,1646,-0.03893765708249509,2,2207.4034371904418,2123.65972254759,2
1647,1649,0.005439524719353447,2,2145.4848153946314,2159.3007178983626,2
1652,1654,0.0010674671968227308,2,2174.5353110941237,2179.0310915181435,2
1655,1656,0.0028063862018409083,1,2182.6667775291085,2190.974850234312,1
1657,1661,0.00760729209441191,4,2195.4599550300445,2214.3569201445725,4
1662,1666,-0.02185215221707572,4,2213.0224741142188,2166.8761926241796,4
1668,1670,-0.00886580381411841,2,2133.115473312304,2116.336805486369,2
1677,1678,-0.012687627664365143,1,2096.312939463,2071.8120143585656,1
1679,1681,0.008373346032286486,2,2064.8008608923633,2084.1549538492704,2
1682,1690,0.021114228768321287,8,2091.092514779147,2137.3354130266976,8
1692,1694,0.0018851071174709874,2,2131.542989906317,2137.692719757691,2
1702,1706,0.0026481768760386075,4,2152.922774647748,2160.777017730115,4
1711,1712,-0.000653680894558302,1,2196.7096712084913,2197.4704337367393,1
1720,1725,0.002998357325291149,5,2225.981020183779,2234.88128770179,5
1730,1731,0.0008522410213659952,1,2248.243563644394,2252.407852598998,1
1737,1738,0.0002465959244600058,1,2246.530035162219,2249.3305503482293,1
1744,1746,-0.0024346534074885977,2,2262.5188622277883,2259.272931832586,2
1749,1755,0.0035337440909430804,6,2251.9153454054626,2262.1249532959987,6
1758,1767,-0.016801899317730525,9,2262.4279206353053,2226.677262419804,9
1774,1777,-0.0009390785374763313,3,2236.9680629059303,2237.1043422719413,3
1780,1781,-0.0014252784278172756,1,2215.2054738544407,2214.2633947532277,1
1783,1786,-0.02867407901834953,3,2203.6944447958736,2142.7092305982947,3
1788,1790,-0.016399008183750383,2,2144.550915133054,2111.5269580404506,2
1791,1795,0.00025670199635220497,4,2111.7042120459746,2114.357994944958,4
1799,1801,0.005994513423670171,2,2144.253668761803,2159.2516798317115,2
1803,1807,0.005231500344993452,4,2167.9367515047907,2181.4462501197168,4
1810,1811,-0.00040469275554789194,1,2198.5294804718715,2199.838280998738,1
1814,1819,-0.008349875257177168,5,2201.7163951722937,2185.5340543160955,5
1821,1823,-0.009675003532015499,2,2167.643101210322,2148.8387896511736,2
1825,1827,-0.010355106296376551,2,2118.7917992562375,2098.9702767543045,2
1832,1835,-0.0016643804948517126,3,2123.3055057841398,2121.8948230214855,3
1837,1841,-0.016552230093145433,4,2114.5070934334294,2081.6217925827646,4
1843,1847,0.02201375352414331,4,2079.367557017888,2127.2216094611977,4
1848,1856,0.01910258821367903,8,2132.0616782668862,2174.921636231251,8
1859,1863,-0.005304548064470162,4,2182.2675272263646,2172.8738517658862,4
1865,1866,-4.686317334091222e-05,1,2183.3842478685315,2185.4653118019223,1
1867,1870,0.0031814187312879235,3,2194.9592303242985,2204.13727396439,3
1871,1876,-0.018237406012407698,5,2203.0154025037805,2165.041131559235,5
1878,1879,0.00395904454667493,1,2205.5135662253347,2216.450806248542,1
1883,1884,-0.002975431760264369,1,2262.3798506644594,2257.9106736536746,1
1886,1888,-0.0005016433700001588,2,2282.5496755094337,2283.6871992735278,2
1889,1891,0.0017746974259973585,2,2289.0880929501063,2295.439619789496,2
1892,1893,0.0017236150969193145,1,2310.8636863622423,2317.157589585341,1
1900,1902,0.0030240984991236654,2,2329.3196984741335,2338.6931103767424,2
1904,1905,-0.00276551738447432,1,2323.8511383519126,2319.748338768222,1
1907,1909,0.0013693532627212868,2,2328.8543098147506,2334.3721883721128,2
1912,1913,-0.01185358649797099,1,2326.792110340901,2301.53807090852,1
1914,1919,0.0030821832787098448,5,2310.9089561629435,2320.3425100624127,5
1922,1923,-0.0030465843071485936,1,2321.770742481806,2317.019042915446,1
1924,1926,-0.010499421379616968,2,2310.981267371179,2289.028282512019,2
1927,1935,0.007296858716117921,8,2300.6853804513134,2319.773842003156,8
1936,1941,-0.015254975840935811,5,2323.327633368721,2290.208654084471,5
1942,1948,0.005531371596808586,6,2287.2093540043134,2302.147968215012,6
1950,1952,-0.009294841302826026,2,2292.317009888902,2273.3026040761047,2
1955,1957,0.007860805503567287,2,2257.9867264277946,2277.994307640308,2
1959,1960,0.006899444190586715,1,2333.4677527800154,2351.900851063635,1
1961,1962,-0.0004232737414544902,1,2366.447527849086,2367.8123202778665,1
1963,1972,0.02241118905860664,9,2376.656370643577,2432.2967222640555,9
1973,1974,0.00030917801013742997,1,2440.8678213967296,2444.0633518741543,1
1975,1976,-0.004750016483619083,1,2444.519067797702,2435.3520809989395,1
1977,1978,-0.0033213079698830167,1,2434.207119166791,2428.556574780723,1
1980,1981,-0.00033139177597259943,1,2421.7304910423995,2423.3496799650884,1
1983,1984,-0.004038547197535375,1,2416.795169212993,2409.451623024564,1
1987,1988,-0.004369016183347059,1,2434.420773041241,2426.2191700597887,1
1990,1992,-0.01041462178566744,2,2419.414420076234,2396.6365483684262,2
1993,1994,-0.00224987528688349,1,2395.8482550066246,2392.853743481569,1
1995,1998,-0.006863106842726563,3,2386.629851552232,2372.6367857385408,3
673,674,0.004066140015064264,1,1975.6911408859237,1985.7002688321738,1
677,678,-0.0015602086708442291,1,1990.4225172679655,1989.3074653151484,1
679,681,-0.002801655164148568,2,1987.4251694368704,1983.8445146169956,2
683,685,-0.001512926157074817,2,1989.7178729573745,1988.6972946151354,2
686,687,-0.0013608708317791882,1,1998.806671600866,1998.0853605747195,1
688,702,0.012312177868585718,14,1999.4085742167738,2026.0250567887228,14
705,714,-0.013425884973619892,9,2022.815850084375,1997.6805730084113,9
717,721,0.005344576587473707,4,2000.5895201346111,2013.2824135652024,4
723,728,0.004293523897742867,5,2027.01571232195,2037.7457684362266,5
730,732,-0.0037439279240995497,2,2046.471860503185,2040.8564892192665,2
735,736,0.0008994035200002833,1,2061.0488986182395,2064.9636621511677,1
737,741,-0.002576907364103774,4,2069.7427497837857,2066.4789571998513,4
750,751,-0.0019085870727270945,1,2064.2181570508806,2062.3426351180956,1
756,758,0.001985044000717776,2,2046.5274194632489,2052.636393859022,2
763,765,0.002255065827782091,2,2076.6178411278606,2083.3773688998785,2
767,769,0.0013993353912761307,2,2082.3480160204062,2087.3442673121976,2
771,777,-0.00889547361623371,6,2097.1101002597393,2080.5524227928013,6
778,779,-0.004710374905953557,1,2083.1654456006454,2075.436120806339,1
785,794,-0.0034285192576480753,9,2081.3418664798796,2076.287287675384,9
795,796,-0.0033904436617015667,1,2074.5457733989047,2069.5866886039735,1
797,799,-0.0018944680341176391,2,2077.286210113383,2075.428144000723,2
800,801,-0.0044061301174970775,1,2076.0544356508985,2068.9831241120646,1
804,806,0.0012305454223683959,2,2074.2656862748263,2078.8924301061224,2
807,809,0.0017454487811478648,2,2084.501221148066,2090.2241124849684,2
810,814,-0.005794342049805065,4,2095.1050566342774,2085.0604063624965,4
817,819,-0.0022325046090081423,2,2081.6616623372456,2079.0960047440194,2
820,823,-0.0031059067306323327,3,2079.159037513984,2074.7805225028283,3
824,826,-0.0063281285429082285,2,2079.576992025706,2068.496738497319,2
828,832,-0.003940549062445121,4,2067.2531836807357,2061.1743242696266,4
834,835,-0.00036373261170903647,1,2065.9785256873197,2067.293040448124,1
836,837,-0.0027204021394771445,1,2073.7256478211234,2070.1580057799233,1
838,845,0.001319922677105742,7,2075.5168033515897,2080.331841850399,7
846,850,-0.0046245126481644135,4,2080.5840289681455,2073.0429258395816,4
851,856,-0.0010681911611322814,5,2076.5593285397695,2076.4177255479963,5
858,860,-0.002752759664295736,2,2068.6125732807645,2064.986792601263,2
864,866,-0.0021725789610918347,2,2071.2139839525953,2068.7853220110933,2
868,873,0.00787717801939744,5,2073.409358322732,2091.8153823036473,5
893,896,-0.0023416995548347615,3,2168.5457706129737,2165.6362337179035,3
898,900,-0.002599773551496586,2,2165.2592531404957,2161.7953286551883,2
901,906,-0.0006771988252830985,5,2164.8746851212863,2165.5735092127584,5
910,916,-0.010133079464162132,6,2162.1820112189525,2142.434631094508,6
919,922,0.0007243312726824137,3,2151.1202091762393,2154.829453024221,3
925,926,-0.0017641564075036656,1,2157.478685339,2155.8300341775457,1
928,929,-0.0037936776234269286,1,2156.822224691188,2150.796758704358,1
932,937,-0.007477392576887292,5,2150.4930688276754,2136.5634809870035,5
938,939,-0.002643284846919749,1,2140.238408712967,2136.7213873671335,1
941,944,-0.0060046714832475805,3,2136.565534140105,2125.872725539304,3
949,950,-0.0005443857254851315,1,2113.310354782113,2114.2732091462317,1
958,959,-0.000705501844318572,1,2133.3893933344752,2134.0176725761626,1
962,964,-0.0038746276201175127,2,2139.285305942951,2133.1356573151756,2
965,968,-0.0005673341940157021,3,2143.411184906297,2144.33856563417,3
971,972,-0.0025943440464252015,1,2150.126553138437,2146.69851166938,1
977,980,-0.0047119092782104185,3,2133.0879641930037,2125.1701351874767,3
981,982,-0.0018886241018413461,1,2123.7792537839214,2121.8920123520184,1
983,989,0.0013639562601427471,6,2121.8090160490165,2126.824879755333,6
990,994,0.0023922792965142044,4,2130.95491434854,2138.18370858629,4
998,1000,0.0036379383749548582,2,2136.8557569315712,2146.7663622483874,2
1002,1008,-0.0019995490078011215,6,2141.375438432538,2139.235028737723,6
1010,1012,-0.002666215069053573,2,2143.760428876521,2140.188462945486,2
1014,1015,-0.0025466432324468876,1,2135.412133018147,2132.1094122941295,1
1021,1024,0.00018048471115156002,3,2149.5823892820385,2152.1199384279466,3
1027,1029,-0.0008424706585336774,2,2141.91312410485,2142.250538268768,2
1031,1037,0.00032908437213062264,6,2151.505207882166,2154.3647398305197,6
1041,1043,-0.0011623036490071145,2,2144.5471990187702,2144.1991311829015,2
1047,1049,-0.00016672989148999913,2,2137.225603531822,2139.006489742387,2
1052,1053,-0.0010512753805997192,1,2143.8345676867552,2143.7246417533543,1
1061,1062,-0.001831221855165992,1,2146.609434425623,2144.825125749223,1
1065,1067,-0.0010165580488162354,2,2137.407286362956,2137.371895068768,2
1068,1069,0.001451640203344296,1,2138.5103810908313,2143.7532391163827,1
1071,1074,0.0017976228372551693,3,2151.312479213832,2157.3310401357526,3
1075,1077,-0.0030376029103412164,2,2154.9592460729205,2150.5682948414556,2
1080,1084,0.013155057518338047,4,2149.0182879731615,2179.437765447382,4
1085,1086,-0.0019520385436860369,1,2188.1196793052054,2186.036505032309,1
1087,1088,-0.0025713111296077453,1,2184.556797608774,2181.124179199431,1
1089,1090,-0.0034083336649345813,1,2183.8014039211093,2178.5420814825147,1
1095,1096,-0.0039046102747127545,1,2151.1584544013617,2144.9101774521723,1
1098,1100,0.001182846284477286,2,2139.003415011378,2143.6725306683197,2
1109,1116,-0.013880578386445765,7,2157.6396636548848,2129.8480168374736,7
1120,1122,-0.0008994424557942607,2,2126.4753353534797,2126.689168491017,2
1123,1124,-0.0033118129413934913,1,2134.5589774314094,2129.624276363216,1
1127,1128,0.0018575239327507263,1,2121.1357552771838,2127.1969514625016,1
1130,1133,-0.0012478804752404224,3,2133.5358911752623,2133.0070292846153,3
1134,1135,-0.0039627884742771,1,2145.8145314280155,2139.4569368663642,1
1136,1138,-0.0008703007971539939,2,2142.5476050370985,2142.8254917535314,2
1141,1147,0.000606734533706221,6,2143.8522982417185,2147.296899764469,6
1149,1150,-0.002026807398756541,1,2146.485767606233,2144.281740138729,1
1151,1153,0.004209428922809179,2,2148.54380009517,2159.736486309308,2
1157,1161,9.00664676733642e-05,4,2160.06801379889,2162.422631508626,4
1162,1163,-0.000840457930046757,1,2167.686445749962,2168.0322829325264,1
1164,1166,-0.002007576828190007,2,2169.764897364517,2167.5786925313123,2
1167,1169,0.0006633442522318714,2,2162.8409979515877,2166.438547094022,2
1170,1177,0.0030329657506359903,7,2167.8010390027266,2176.5437063472177,7
1178,1179,-0.004533657880631868,1,2173.12759412734,2165.4485046787336,1
1184,1188,0.013405891076781733,4,2178.9438324755915,2210.3334599886603,4
1192,1194,-0.0008934528450406272,2,2212.6526835198433,2212.8884353681856,2
1196,1197,-8.497106854301337e-05,1,2213.011246488142,2215.0362158043185,1
1200,1205,-0.0036803015208045327,5,2231.238928742916,2225.258535648928,5
1206,1210,0.005451594795722869,4,2229.552769497056,2243.9369405415327,4
1212,1217,0.010983768777070364,5,2258.0583311912087,2285.1183801173415,5
1221,1222,-0.0005429665106720308,1,2296.815463563534,2297.865185149189,1
1224,1225,-0.004035135434528769,1,2306.381052740895,2299.3808738821954,1
1226,1233,0.0011423600242116885,7,2288.2751389381856,2293.177448120244,7
1236,1240,-0.007973421826381246,4,2293.146930173132,2277.1558493191637,4
1242,1245,0.006007798350344187,3,2278.654798705756,2294.62315204513,3
1247,1252,-0.005516003696531086,5,2300.8330175670544,2290.442447154621,5
1253,1254,-0.0003031853989204703,1,2289.798112132936,2291.3936768909944,1
1255,1262,0.020003823342311634,7,2291.6958107968653,2339.8301847611583,7
1263,1265,0.0012061829179508279,2,2344.27670991274,2349.4486131450994,2
1266,1270,0.0022475359589741195,4,2366.9547106721607,2374.6414812083317,4
1271,1272,0.0035367623273245405,1,2375.0514712213376,2385.8265152614313,1
1277,1279,-0.004706027413356188,2,2384.7760709710647,2375.93802547733,2
1282,1287,-0.01138723971194093,5,2366.9738251921303,2342.38750067797,5
1289,1290,0.0003788697149784846,1,2355.3655290540532,2358.61327124977,1
1292,1297,0.00074280434884733,5,2378.5994222088157,2382.744855626007,5
1298,1305,-0.023312395387192465,7,2383.859106435832,2330.6694995056764,7
1306,1310,0.005863577909075296,4,2332.2234125529735,2348.2308096464003,4
1311,1312,0.004159139104057123,1,2352.184001789447,2364.3192462530164,1
1313,1314,-0.001524066336745936,1,2368.7079087997404,2367.4665487231546,1
1315,1317,-0.0075918219271291386,2,2375.630525013544,2359.970791628002,2
1319,1325,-0.0030987866165661676,6,2336.306411902504,2331.403003273005,6
1330,1342,0.029606455814047798,12,2361.4290682809847,2433.7040427173347,12
1343,1344,-0.0012504638983984523,1,2437.1999668368812,2436.5895362320107,1
1351,1353,-0.00097962868648781,2,2414.238150143143,2414.2873313453924,2
1356,1360,0.010673605540874705,4,2441.0123639644676,2469.507779421787,4
1365,1368,0.004553897922975659,3,2454.607442502243,2468.240081678877,3
1370,1371,-0.002272899491829756,1,2469.7615620450247,2466.617803807757,1
1374,1377,-0.005617213405284164,3,2472.7469490215512,2461.3297486606534,3
1383,1385,-0.004220540856348455,2,2444.7882881763517,2436.9147476091575,2
1390,1393,-0.00037299746791999585,3,2434.8517210836235,2436.3783792779823,3
1394,1395,-0.0008744934578154141,1,2442.6628890982656,2442.969459271199,1
1399,1400,-0.001858020707904849,1,2464.19350839202,2462.0791793335347,1
1411,1412,-0.002712017088500167,1,2454.6371408399923,2450.434760108807,1
1413,1417,0.0012137464428069295,4,2447.7872898655214,2453.2060702712092,4
1418,1420,-0.0017227278796843213,2,2464.655692295622,2462.8744169129773,2
1422,1423,-0.0022578806837161413,1,2476.1685305311853,2473.0538059670043,1
1424,1427,0.003894639962714547,3,2481.9291419272845,2494.0772914899876,3
1432,1433,0.0015094710531121562,1,2516.5170005250993,2522.8321270925817,1
1436,1438,-0.008218237738100043,2,2526.4326870876794,2508.1962953229736,2
1441,1451,-0.016963259599045818,10,2531.085156665772,2490.680787242625,10
1453,1455,-0.00319226684456969,2,2500.333695504001,2494.852296842987,2
1456,1459,-0.01981106718955536,3,2485.6063340361784,2438.8494262798395,3
1461,1470,-0.007314031988042155,9,2438.8752307331047,2423.476094511412,9
1471,1473,0.003352369228381922,2,2427.793093099669,2438.359745050954,2
1477,1483,-0.014058485582294927,6,2394.3717088104445,2363.1048403722884,6
1485,1486,0.003156110874076654,1,2366.7732582444246,2376.609830319488,1
1487,1489,-0.0008328002101779088,2,2381.0000767154775,2381.3981794278707,2
1490,1500,0.006406327155107261,10,2390.0491433849706,2407.7506292576636,10
1503,1511,0.0001911606199238693,8,2422.7176948847127,2425.603540796052,8
1512,1514,-0.002625855283484359,2,2423.5105110451263,2419.5702336761638,2
1523,1526,-0.005206694095160904,3,2457.594380550233,2447.2560327812716,3
1527,1529,-0.005026182591362473,2,2444.367392136594,2434.5259226954795,2
1531,1537,0.008402634288297864,6,2431.6358837912103,2454.499666728801,6
1543,1545,-0.000776653994982101,2,2483.710624902957,2484.2653517486497,2
1547,1548,-0.004963588861237595,1,2485.606371922504,2475.7544501933307,1
1550,1551,-0.0013430602441260142,1,2482.3695853201207,2481.5179830041698,1
1552,1553,-0.0011715497578268339,1,2482.3163015402574,2481.8904607798786,1
1557,1562,-0.005303796514991553,5,2475.6077270918167,2464.953215183473,5
1570,1575,-0.014547383998546302,5,2470.309530551871,2436.843298746216,5
1576,1578,-0.00476867317310113,2,2434.8724042612153,2425.6961659513518,2
1582,1584,-0.0008816881969455105,2,2404.887290939445,2405.171817490979,2
1586,1589,-0.008097620674612213,3,2416.1856710316547,2399.0365016592386,3
1592,1597,-0.019478140893288882,5,2409.47699948997,2364.954344014255,5
1598,1601,0.00010859004829855026,3,2353.463466167984,2356.072492345612,3
1603,1605,-0.0013976713562462574,2,2356.9745883761448,2356.0372870949473,2
1606,1607,-0.006222231406861176,1,2356.9999205945405,2344.6911215832424,1
1612,1615,-0.0024435732246295707,3,2378.2756751710767,2374.842460085612,3
1619,1620,-0.0015487078599152582,1,2388.4172922872895,2387.106748946254,1
1624,1627,-0.007089571333285105,3,2386.7988060784596,2372.264224490645,3
1630,1631,-0.007889230496302078,1,2338.3601859921864,2322.2506836875104,1
1633,1635,-0.003617401325077216,2,2292.06917390371,2286.069909010766,2
1637,1638,0.003034691225704101,1,2284.2085530448376,2293.424629251486,1
1644,1645,-0.029191513914081365,1,2207.0365953015753,2144.816892416244,1
1650,1654,0.006640472462436769,4,2160.8668520844494,2177.376895762793,4
1657,1658,-0.005161367534740053,1,2197.278497420097,2188.134814016151,1
1661,1662,-0.0025660758990594373,1,2216.6962506118307,2213.224736038212,1
1665,1666,-0.011541700418349187,1,2188.6893401637694,2165.6168328309286,1
1667,1670,-0.01616556482229684,3,2145.5670863215187,2113.028349593323,3
1673,1675,-0.005946160260097948,2,2124.077151599414,2113.5711256027907,2
1676,1677,-0.008716304273173627,1,2111.5865015242357,2095.2928575793485,1
1683,1690,0.014343465923948147,7,2104.9487007577272,2137.2459094194624,7
1691,1692,-0.003054081388547531,1,2136.9750666407176,2132.585545928541,1
1693,1696,0.0069142673504463065,3,2138.00377111288,2154.9245045537295,3
1697,1703,-0.009053994059791248,6,2166.589457615245,2149.1397589936055,6
1707,1710,0.008329382318903577,3,2168.807422831915,2189.04105645559,3
1713,1714,0.0005131857865163193,1,2210.1476061697695,2213.4919701135286,1
1715,1716,0.00027329021153420794,1,2217.163422617194,2219.9865151005843,1
1720,1721,0.00015877337593523896,1,2224.082402507338,2226.6596099812496,1
1722,1723,-0.00025666120319450586,1,2236.547756165929,2238.2102688839955,1
1724,1726,-0.002959219990762719,2,2236.837458151785,2232.4550014876872,2
1727,1728,-0.006275659127015036,1,2232.369818531724,2220.592596323714,1
1729,1734,0.005186859896251019,5,2233.9329809019127,2247.7540112723673,5
1736,1741,0.0034467586991025,5,2244.917613496944,2254.90022042353,5
1743,1750,-0.009441833960385906,7,2266.544173151767,2247.4103835781398,7
1753,1754,0.0004814696245594959,1,2249.119736828486,2252.4517394005948,1
1757,1759,-7.651560845645534e-05,2,2261.61779694821,2263.706365683329,2
1764,1769,-0.013111066014089276,5,2241.5534463069775,2214.4058445446444,5
1771,1772,-0.00014601251684967032,1,2225.4591716801483,2227.3596859570252,1
1775,1776,-0.004494441399772328,1,2247.827478090689,2239.972576691703,1
1779,1780,-0.004618089885709063,1,2223.636226477504,2215.5909107369894,1
1782,1784,-0.014341227577234342,2,2214.530185568309,2184.9856343859874,2
1785,1789,-0.015802848600790825,4,2166.508123829274,2134.437632079846,4
1790,1793,0.0037885414377537016,3,2114.2401505087378,2124.3642770788115,3
1797,1798,-0.00013657913235982043,1,2131.7847689767013,2133.6253964315533,1
1800,1805,0.0023834222299288967,5,2160.630551123969,2167.9408765613052,5
1807,1808,-0.0022946503217012807,1,2185.1098137011477,2182.280860577887,1
1809,1814,0.003544009872675842,5,2195.1474470734647,2205.1222187449457,5
1815,1816,-0.005729859832465493,1,2202.873275309008,2192.4539934881122,1
1819,1824,-0.022864870052784328,5,2185.9681602191336,2138.172250456418,5
1825,1833,0.00714681157292392,8,2113.0023366551836,2130.2165685450614,8
1834,1840,-0.024715531496436943,6,2133.602020572705,2083.0025146529515,6
1841,1846,0.01621933229564203,5,2081.7641946451627,2117.6107840739273,5
1848,1862,0.017069173036261393,14,2136.4480824752513,2175.0519325604855,14
1864,1866,0.004608873279167525,2,2175.648367196965,2187.8513031886005,2
1869,1872,-0.011517629246290108,3,2213.3142362817853,2190.0354177390377,3
1873,1875,-0.005705566834661947,2,2174.907192317201,2164.6730211645654,2
1876,1880,0.023419945196483122,4,2172.0043979996485,2225.0446263653203,4
1881,1884,0.002875814514010659,3,2248.6730941579453,2257.388533973548,3
1886,1889,6.379824353045177e-06,3,2282.721419105142,2285.018703885948,3
1892,1895,0.0004214186900988279,3,2310.6782032875512,2313.962644472508,3
1896,1897,-0.0029452442488943163,1,2313.61961543513,2309.119060184076,1
1902,1903,-0.0054402416062837005,1,2338.5202274190765,2328.1366326081543,1
1909,1910,0.003124743535878812,1,2333.0677502079366,2342.691056329374,1
1913,1921,0.005478708246477943,8,2307.5438459254847,2322.4937492691915,8
1923,1928,-0.005299285111031355,5,2318.0498412336638,2308.0838840646193,5
1930,1932,-0.0036945539911162027,2,2310.9289610514634,2304.702038196276,2
1933,1934,-0.0010720849524529202,1,2309.7032150308173,2309.5367201843815,1
1941,1945,2.0747461228953464e-05,4,2295.30160762494,2297.644530913678,4
1949,1950,-0.002820188047620382,1,2296.2850734341323,2292.1054027895384,1
1951,1953,-0.010338590421332665,2,2285.35132465849,2264.009364668654,2
1954,1955,-0.006408992450156735,1,2272.2377974970673,2259.947280405445,1
1956,1960,0.03706112221554131,4,2263.286173564337,2349.429385225114,4
1962,1964,0.005813774052946268,2,2366.961476090852,2383.0894167809633,2
1965,1967,0.0012738693549730834,2,2383.996025585973,2389.4169210909304,2
1969,1971,-0.001495738283264565,2,2427.1750379973682,2425.971794410849,2
1973,1974,0.0022571564774260073,1,2439.4753999775417,2447.4211530781,1
1977,1978,-0.004249546224279185,1,2432.5438465836737,2424.639182911614,1
1980,1981,-0.0029213587103868992,1,2421.9556198039645,2417.3021742776837,1
1984,2000,-0.018351991040180874,16,2414.5918322356138,2372.6938563969675,16
672,673,0.0001421276239428398,1,1977.5740504467403,1979.832692398148,1
677,678,0.000633913081997237,1,1988.1234296848909,1991.3718505652782,1
680,681,-0.003349159554391988,1,1990.0122684870169,1985.3374121531433,1
685,687,0.0013657146107599527,2,1995.0516317980307,1999.7713545925958,2
689,690,0.0005468170737355559,1,2007.9785555566848,2011.0845310701147,1
692,693,0.00010037917318650598,1,2014.0575126879912,2016.273739628553,1
696,698,-0.0016495872081636563,2,2021.0285589470238,2019.7157246477984,2
701,702,-0.000645815243471266,1,2020.640033718787,2021.3557136171619,1
705,706,-0.0021398426377864524,1,2019.9807830024527,2017.6783227784772,1
708,709,-0.007930701401316256,1,2021.5390763096339,2007.528392600639,1
711,714,-0.006390810907196917,3,2003.366482917068,1992.566713029846,3
715,716,-0.002707988922212536,1,1999.9195193907517,1996.5036790063157,1
717,719,-0.001417341755812976,2,2003.0824910267993,2002.246521062956,2
721,728,0.008445072516846598,7,2019.1445426791408,2038.2155093067404,7
729,730,-0.0017496577749200263,1,2044.3514541082136,2042.8188901459723,1
732,734,-0.0004217698947853859,2,2047.461141110432,2048.645044781479,2
740,741,-0.0031990948068390808,1,2068.4301517196054,2063.8814777146495,1
744,746,0.0017807931591243393,2,2063.202111519585,2068.9394498371894,2
748,749,-0.003235559235021767,1,2067.8628538767143,2063.2400239769718,1
750,752,-0.004929209676856624,2,2067.969531728583,2059.8440458330706,2
753,756,-0.007634142193316918,3,2064.3925258011764,2050.6970522421907,3
760,761,-0.0017384484764663387,1,2069.53485596044,2068.006611099062,1
777,782,-0.0049458122566218695,5,2084.275187579258,2076.0510289979347,5
784,785,-0.002627109447940798,1,2080.354356461377,2076.969392232914,1
787,790,-2.7106970669914395e-05,3,2076.3683436244924,2078.3884279123263,3
793,794,-0.001536370026392899,1,2075.9599669360273,2074.846484233771,1
795,803,-0.0037469570919324516,8,2074.228675789262,2068.530858618013,8
806,809,0.0067186012490939055,3,2076.8413058521282,2092.8716157496483,3
811,815,-0.00284719128252753,4,2087.026364598757,2083.171227691665,4
817,821,-0.0020170893759037132,4,2078.8884246469356,2076.774009316538,4
824,826,-0.007109976229883823,2,2075.121975689094,2062.443029743524,2
829,832,-0.00472133040149877,3,2067.2659012247436,2059.5729217785342,3
833,843,0.003743274064969969,10,2063.986328573278,2073.7763813960523,10
845,847,-0.00362959266615778,2,2079.391272245362,2073.923320205793,2
848,849,-0.003698747216721632,1,2082.1370275406207,2076.5178660327124,1
850,854,-0.0006765237730073852,4,2074.4245593557293,2075.0955863853706,4
855,857,-0.0007624906320908733,2,2073.13777487032,2073.630164512818,2
858,866,-0.005730140063925942,8,2073.129671061058,2063.3234773462586,8
868,871,0.007251772633882118,3,2073.0337599489044,2090.1399631983645,3
874,878,0.014199062697473605,4,2105.6252235399647,2137.6287533299305,4
881,883,0.0020575179393069777,2,2173.3303793176924,2179.975375940497,2
884,885,-0.003994499452798389,1,2180.0494031027224,2173.521246358058,1
890,891,-0.002182834691418049,1,2168.893103670739,2166.32766166574,1
893,895,-0.006005848453110082,2,2169.6785776083198,2158.817495456853,2
898,899,-0.00430897097454197,1,2169.8305371086885,2162.650630841721,1
900,902,-0.0016847983913800585,2,2164.5380660928618,2163.0557939071205,2
904,905,-0.00015369745637931775,1,2167.741050766301,2169.5756155314757,1
907,909,-0.0022063706150812867,2,2163.376214776721,2160.7663812818487,2
913,914,-0.005106673163883007,1,2160.7497467839385,2151.876253784954,1
916,918,0.003617837977218422,2,2141.1375751353767,2151.025001544286,2
921,923,-0.0013676550450572574,2,2161.0515959762115,2160.257074454322,2
925,927,-0.0022859559563319456,2,2156.3854606303844,2153.612443903139,2
931,933,-0.003925982080621352,2,2154.7689856140014,2148.464170174216,2
934,935,-0.001635147123510811,1,2144.7092892320593,2143.3470832962366,1
939,940,-0.004151170125246275,1,2139.460670805799,2132.7188662558165,1
941,944,-0.005350809090057633,3,2135.073871045939,2125.784572239848,3
947,951,0.003825745081249543,4,2104.7208325778433,2114.8776787830593,4
953,954,-0.0019910730571461727,1,2120.9834852510244,2118.88143566414,1
955,956,-0.0004982750243108818,1,2120.0193796965314,2121.08304636827,1
959,960,-0.0012610337438136603,1,2137.781181091107,2137.2231480659525,1
965,966,0.0016747948589159725,1,2140.5693115486742,2146.294895338358,1
967,968,-0.00028245470763119704,1,2151.2860836786026,2152.8297288804847,1
971,972,-0.001466964207329825,1,2149.0897860138843,2148.0862380054778,1
974,975,-0.004555185638329429,1,2151.680312070155,2144.030689126407,1
977,983,-0.007673673028087518,6,2135.845270856601,2121.591337880317,6
985,987,0.0014489308168088898,2,2120.7756849984753,2125.969317929007,2
988,989,-0.00200267768796495,1,2131.325849503818,2129.1888166287376,1
991,994,0.0014621241347976465,3,2135.6614544936756,2140.9197181045415,3
995,999,-0.000846078818322099,4,2139.1499892086517,2139.479249702777,4
1004,1011,-0.0029350052749729993,7,2145.52842627993,2141.376817457474,7
1014,1017,-0.0010919058595610966,3,2134.583238385132,2134.3870576778036,3
1024,1029,-0.002640245623773993,5,2149.4568360723674,2145.9311989035086,5
1031,1032,-0.0006400478720564524,1,2147.7517870889797,2148.524874915037,1
1033,1040,-0.004428222255308215,7,2149.7244723001563,2142.354739021436,7
1041,1043,-0.002040364199764926,2,2145.019225385531,2142.7876241756326,2
1044,1045,-0.002991434236429389,1,2142.2892810697203,2138.0230528510624,1
1046,1047,-0.004237144821692044,1,2139.111787747616,2132.1871731008882,1
1051,1052,-0.002915056366014005,1,2146.596042735347,2142.4851903184463,1
1053,1055,0.00027498857075326116,2,2144.601946852934,2147.3362898239866,2
1056,1061,-0.004969947588151944,5,2150.725669630705,2142.187401445778,5
1062,1066,-0.00569727215186291,4,2149.346103118796,2139.250039523901,4
1067,1070,0.0009111253260397282,3,2140.3531519329244,2144.4436350482524,3
1071,1074,0.0008603945728522264,3,2152.4519916229033,2156.4564016264435,3
1075,1076,-0.002805862153245429,1,2153.9111407065266,2150.021474096071,1
1081,1084,0.009598978377433849,3,2162.8827263806584,2185.807073630492,3
1085,1089,-0.001975323880395147,4,2187.3552019271065,2185.2218221637604,4
1090,1091,-0.0025332174205916413,1,2184.305743465391,2180.9567278476115,1
1092,1093,-0.004956209193096307,1,2177.147731214175,2168.534479345217,1
1094,1095,-0.0045323434566759266,1,2158.203648486732,2150.580131950826,1
1098,1099,-0.0012268528082816869,1,2140.350955489661,2139.8654108646997,1
1103,1104,-0.003928859039569827,1,2153.9881580136066,2147.679430325882,1
1105,1112,-0.0036853318986349946,7,2151.455844733213,2145.678471724846,7
1114,1115,-0.0048225494511711965,1,2143.0895520783392,2134.8974862872315,1
1116,1117,-0.0017043943033740678,1,2132.800334297955,2131.2980018922412,1
1120,1124,0.00036531542154733475,4,2125.1007331254013,2128.002165928679,4
1129,1132,0.001851788189943871,3,2128.7076807027443,2134.778304126415,3
1133,1134,-0.003888123595708932,1,2142.9849292008066,2136.795723861533,1
1135,1136,-0.003116279064699725,1,2144.8424854487116,2140.303400199678,1
1137,1144,-0.0006264623493382356,7,2143.177144925553,2143.9777022812204,7
1145,1146,-0.0001799379541874462,1,2144.5629763749607,2146.3216510767406,1
1149,1151,-0.006213505894547102,2,2151.55047363051,2140.333352553822,2
1152,1159,0.0037262902719801495,7,2152.6839344018526,2162.858143539664,7
1161,1163,-0.00019923550551093007,2,2168.68225456065,2170.418858309931,2
1164,1165,-0.004290951776703468,1,2173.404177221715,2166.2516088831926,1
1166,1170,-0.004117655821435747,4,2170.2076468189007,2163.4416863150714,4
1172,1180,-0.002062650995095223,8,2163.049212560753,2160.7506461625853,8
1181,1185,0.014507970257654677,4,2157.2940933358755,2190.7493459723423,4
1186,1189,-0.00019688915925585786,3,2205.1942663576488,2206.9652817789074,3
1191,1197,1.985171700790052e-05,6,2213.6877467931936,2215.94538004268,6
1198,1200,-0.0016418473801581392,2,2222.9894204232355,2221.5626004876176,2
1205,1206,-0.0004963107359321709,1,2224.096972738104,2225.217226505518,1
1207,1209,0.003774452410497061,2,2233.013236253443,2243.6746516819453,2
1211,1212,-0.0005787086467767156,1,2256.4926828393604,2257.4433236952523,1
1214,1215,0.0023500662585374584,1,2270.2566115050795,2277.8621215775042,1
1218,1219,-0.003637288531248263,1,2283.3701271978725,2277.3482213488187,1
1221,1222,-0.0002501017146398889,1,2292.0767375004184,2293.7955619157838,1
1224,1239,-0.014153936776928448,15,2308.4084526852666,2278.0437938433174,15
1241,1243,-0.0022541594532413316,2,2282.001078709116,2279.139085483946,2
1244,1246,0.0008485509129182057,2,2289.070460743519,2293.3019240334606,2
1248,1249,-0.004014637817789905,1,2300.716113103809,2293.780287301248,1
1253,1260,0.010814374794187308,7,2292.4640091999613,2319.548038206835,7
1261,1262,-0.00013019101209038792,1,2330.510046634752,2332.5371452197287,1
1263,1266,0.004790928314828751,3,2349.226799870562,2362.831003863887,3
1269,1271,-0.0029577491909679463,2,2378.5177337658674,2373.8611925968844,2
1272,1274,-0.004076038096061737,2,2388.640291310622,2381.2927427767627,2
1276,1278,-0.003606038460907996,2,2384.5332741081197,2378.319088684479,2
1284,1288,0.000769390393905888,4,2343.2386925723204,2347.3847966055864,4
1290,1295,0.008158144796657885,5,2360.525331786791,2382.1433645714733,5
1296,1297,-0.0013425566717996744,1,2379.7924252227995,2378.977211450041,1
1301,1309,-0.011505112527089426,8,2369.469292110118,2344.5777505670185,8
1310,1311,-0.0005140510801809885,1,2351.283182181105,2352.4257857036746,1
1315,1317,-0.0069554870430319935,2,2373.9509518170157,2359.812917682676,2
1318,1324,-0.0012123867632001855,6,2343.255600205112,2342.7579237328337,6
1327,1328,0.0003084894591478856,1,2334.395365734183,2337.44989746373,1
1329,1331,0.006251516683443829,2,2353.36242150065,2370.4278683623515,2
1335,1339,-4.756609212643807e-05,4,2426.398689629314,2428.709674015337,4
1340,1346,-0.004625843594303913,6,2434.233832247287,2425.4076810995953,6
1347,1350,-0.0017985549587254783,3,2424.308069688263,2422.3721264577352,3
1351,1356,0.004980897113892337,5,2419.7586683504483,2434.2309959863014,5
1357,1360,0.0058510970061348925,3,2456.0782938118846,2472.905124457452,3
1361,1362,-0.002997481955100124,1,2466.7226456664102,2461.7954116934548,1
1363,1366,-0.00028796062883419053,3,2455.862510228282,2457.611181025735,3
1370,1372,0.000212343895622407,2,2470.974675784666,2473.970346849091,2
1376,1382,-0.009698792331680042,6,2468.437929894362,2446.9655009585686,6
1385,1387,-0.008711567198870025,2,2439.9237874708274,2421.1081512236246,2
1391,1394,0.00100341412287664,3,2434.191953745817,2439.068648283744,3
1395,1399,0.006354811900064363,4,2441.8098251270567,2459.7688770865952,4
1400,1403,-0.002145808494751053,3,2464.102103313171,2461.278714191261,3
1404,1418,-0.0012036005426741265,14,2463.5388289528387,2463.037251110365,14
1422,1426,0.006939872965279067,4,2472.654412109035,2492.2869740282176,4
1428,1430,0.0003940450337565726,2,2494.2495712573286,2497.7266674850894,2
1435,1444,-0.0021688637415925773,9,2529.509269622775,2526.5526179534904,9
1445,1451,-0.010652052958935346,6,2516.970002970588,2492.6760752058644,6
1453,1456,-0.008104856115964922,3,2498.6509299949767,2480.8983746533404,3
1458,1463,-0.016342610201295158,5,2458.7492956444075,2421.0256636186264,5
1465,1466,0.0009745965578576571,1,2407.88332629222,2412.6379244200393,1
1469,1471,0.001765313783353077,2,2422.710367964548,2429.4099223381527,2
1472,1473,-0.0014205762303992541,1,2436.019031206056,2434.9944995047304,1
1474,1477,-0.018217198962291188,3,2431.117001646666,2389.2599765287064,3
1478,1479,-0.0006975119954133874,1,2386.459086354491,2387.18096160155,1
1480,1485,-0.010194576372456288,5,2390.828327698973,2368.845674046513,5
1489,1493,0.002315295583528995,4,2382.3057524664264,2390.203800206194,4
1494,1495,-0.0031038218739031912,1,2373.2559834011454,2368.2630755508944,1
1503,1506,-0.0029962004800700996,3,2426.4836847451775,2421.639936848807,3
1507,1508,-0.005382851190942343,1,2429.90230051712,2419.252400325425,1
1510,1512,-0.007944750626302444,2,2429.627378828319,2412.7542225675193,2
1513,1515,0.0025738340211231164,2,2417.1957989365387,2425.834455518494,2
1516,1522,0.010535425725160807,6,2415.6212733402326,2443.4864931189672,6
1523,1526,-0.0007763155822334245,3,2452.485037131497,2453.033619819109,3
1531,1532,-0.0031775395122184153,1,2430.8857615731035,2425.592411777589,1
1537,1539,-0.002154008315847649,2,2460.93773756678,2458.0977949528447,2
1544,1545,-0.0006887616259845398,1,2480.0872651329087,2480.859163460725,1
1547,1548,-0.0052000446740110475,1,2484.346778005039,2473.9124105516826,1
1557,1559,-0.0018261205289960615,2,2477.059679995411,2475.0133301422184,2
1574,1575,-0.00306318735208354,1,2443.4392363063444,2438.3979633784124,1
1576,1577,-0.002528275245477416,1,2432.727484904849,2429.0096077106764,1
1585,1590,-0.002757042739699591,5,2406.07559351117,2401.848015858423,5
1592,1596,-0.01721201453141376,4,2411.469571886274,2372.3747921447916,4
1601,1602,-0.0029438913608943375,1,2360.5541803894444,2355.9655195112623,1
1611,1614,0.0007170486859695414,3,2370.901432097787,2374.972385286334,3
1617,1620,0.0016099380136441327,3,2380.2998827545407,2386.5123179024145,3
1640,1641,-0.005569075761276162,1,2282.357223161519,2271.928960094598,1
1642,1643,-0.012592307951852903,1,2267.4069962922495,2241.122516139044,1
1644,1651,-0.021154257786706286,7,2204.669328736584,2160.235854750782,7
1652,1657,0.00889371460135904,5,2169.378354348043,2190.8415646483286,5
1663,1665,-0.009464246472174694,2,2204.6610824089385,2186.0002876198178,2
1666,1668,-0.019248017939235394,2,2168.240110867471,2128.6740264277914,2
1670,1672,0.003976185540470496,2,2114.2905665606145,2124.8116687062866,2
1674,1679,-0.029680274597064894,5,2128.4184530115094,2067.3748273216793,5
1681,1685,0.011765784667656477,4,2085.2787864609486,2111.899006420941,4
1690,1691,-0.003939466063660205,1,2140.3633077849504,2134.071782477813,1
1693,1694,-0.003908079518932307,1,2140.74759730294,2134.5221330600198,1
1696,1699,0.0031760449884367546,3,2155.808985635729,2164.81174094622,3
1702,1706,0.0005151218835206582,4,2152.8992794506416,2156.161184261953,4
1709,1710,-0.0005932063073981117,1,2184.684429169253,2185.5731450153644,1
1712,1717,0.0037923666017976474,5,2201.2472001106767,2211.7963836747876,5
1723,1724,-0.0014811268923079252,1,2236.7066939954366,2235.63055425475,1
1726,1727,-0.0036870760559625957,1,2233.951188993709,2227.9483922435747,1
1729,1732,0.012812702970247534,3,2231.44605569206,2262.2683572534647,3
1733,1736,-0.008848866381037823,3,2259.3554862629076,2241.6221069439653,3
1737,1743,0.007205876611646588,6,2246.4936600870237,2264.928109870544,6
1744,1745,-0.0011957334769744352,1,2262.6055556216616,2262.162687969238,1
1746,1751,-0.0076268320443147065,5,2255.7175294951953,2240.769268287814,5
1754,1756,0.0008013549453974777,2,2254.6787135360923,2258.740190187003,2
1759,1760,-0.002123636413790079,1,2264.169098102469,2261.624995256863,1
1761,1762,-0.002890335478333777,1,2250.9482945469726,2246.6932471258956,1
1765,1771,-0.009668019514785464,6,2242.7817976425,2223.341321253129,6
1774,1780,-0.01284415258322753,6,2240.9350459954076,2214.393069381536,6
1781,1783,-0.0038538784535573677,2,2212.0037921334956,2205.6910021719386,2
1787,1790,-0.016759818573475666,3,2146.060953047183,2112.239421779539,3
1794,1796,0.0022918825563115596,2,2118.578846150009,2125.552958897821,2
1798,1799,0.0005055922265130082,1,2139.4728314158865,2142.694005079702,1
1802,1803,-0.000911205444962321,1,2168.3132185954623,2168.50575300289,1
1805,1806,0.001211534554692687,1,2170.3821550695,2175.1820302023248,1
1807,1808,0.00035970905476164806,1,2183.623557291708,2186.5926500147484,1
1812,1815,-0.004389010186113604,3,2205.119978064648,2197.6468039973843,3
1816,1818,-0.0037435482538488137,2,2195.197263385264,2189.1746337664495,2
1819,1820,-0.006198393760375968,1,2189.5903352644973,2178.207982527879,1
1823,1826,-0.029158167240902966,3,2155.29898089486,2094.609711736675,3
1828,1829,-0.0008562794744630902,1,2113.946030322939,2114.2498477573736,1
1830,1831,-0.001612830289381154,1,2109.0505113973177,2107.7580213620986,1
1837,1839,-0.008714747954193037,2,2116.4059143723534,2100.0783761742073,2
1840,1841,-0.0028028639973567775,1,2086.777069171907,2083.0148939233873,1
1843,1845,0.00912089643550476,2,2082.5715114028576,2103.6490019892985,2
1846,1848,0.0021028246377692806,2,2123.478306072863,2130.0670868787142,2
1849,1851,0.0003299010289142849,2,2143.258815616028,2146.1091377201456,2
1856,1866,0.004122661594300162,10,2177.750637347132,2188.906516899033,10
1869,1872,-0.015108359073084672,3,2216.536309551972,2185.264619398283,3
1877,1883,0.032274704808998834,6,2183.929989514144,2256.599615238747,6
1884,1889,0.009462059165440295,5,2260.7943061295096,2284.446869921127,5
1890,1895,0.008019663055152535,5,2295.636642131058,2316.342511140142,5
1896,1897,-0.004025395050784643,1,2314.2586631981517,2307.2571164922765,1
1904,1909,-0.00033578281701033804,5,2329.1798192764536,2330.72690053469,5
1910,1911,-0.0023303941262859326,1,2344.118220358788,2340.999619247103,1
1913,1915,0.000745937090479829,2,2307.742098097711,2311.7712706220414,2
1922,1924,-0.008090844593698313,2,2321.9555218271553,2305.4908960683993,2
1927,1928,-0.0013691586087198554,1,2300.3543882546023,2299.5051926290716,1
1930,1931,-0.00196251116388236,1,2307.1926313591366,2304.9719326942263,1
1935,1937,-0.0053764622572224675,2,2321.9636918919846,2311.8017054317784,2
1939,1941,-0.003913371754104033,2,2297.5935887152827,2290.899844451509,2
1944,1947,-0.001974610206294152,3,2297.90160334522,2295.66204498954,3
1950,1951,-0.003741189159114673,1,2289.1882738190848,2282.9131757397195,1
1953,1963,0.0449351994983968,10,2269.4917810669776,2373.741338790261,10
1967,1968,0.005451470338230737,1,2393.365192182278,2408.805916728196,1
1971,1972,0.0035052415901150194,1,2424.0480994961504,2434.9690218104397,1
1973,1975,-0.0022391490046865647,2,2442.6248252969176,2439.5980491758282,2
1989,2000,-0.02240747751780491,11,2426.309630805841,2374.3684619331316,11
675,677,-0.0005414063650307458,2,1988.1429631179226,1989.0547128262174,2
683,691,0.012135997193038442,8,1991.4860190150537,2017.6461737708107,8
694,701,0.0009188934130645416,7,2017.269740135454,2021.1406657521743,7
704,707,-0.007902279531566333,3,2031.2866579939455,2017.26614967173,3
710,713,-0.008906944200856887,3,2009.5906912383346,1993.7009697761516,3
716,720,0.0016902045189571805,4,1999.6024863897467,2004.9818260347504,4
723,725,-0.002249940906924151,2,2028.4598056218952,2025.924350732797,2
727,728,0.0009042356791376916,1,2031.5043006574404,2035.372763629074,1
729,731,0.0008573699559693514,2,2044.7361532369148,2048.5339847358214,2
735,736,0.0017619132229572993,1,2059.4576820627217,2065.1457254669317,1
737,739,-0.001595157504579293,2,2067.8776106167834,2066.6468977382733,2
741,742,-0.0020263423493635203,1,2065.154480713653,2063.0349252121187,1
749,753,-0.003352254072472911,4,2064.58238567714,2059.725963352475,4
755,756,-0.005555213613842959,1,2059.0930264997082,2049.7134179132277,1
757,758,-0.00037719671921287957,1,2049.1172445727902,2050.3934415154276,1
759,760,0.0025642212919961306,1,2056.0075832638236,2063.335649268598,1
761,763,0.0023642510089908293,2,2068.787347821169,2075.747267743464,2
765,767,0.00264999279542958,2,2074.0604500888285,2081.630755788938,2
771,773,-0.004545430209134047,2,2091.875592045213,2084.458993127426,2
774,775,-0.0020865717069842044,1,2082.216457375941,2079.9539798855394,1
779,780,-0.0032460899015547516,1,2080.666593845713,2075.993229620774,1
784,787,-0.004307429264788776,3,2079.361813631683,2072.4844715171935,3
790,791,-0.001619472012944286,1,2078.5875454395537,2077.2999186286993,1
792,798,-0.0013731829451835659,6,2074.2632207001807,2073.489141042394,6
800,801,0.0004581145994900365,1,2073.24074273071,2076.263765325943,1
805,808,0.0052213476163576475,3,2075.1390663574903,2088.049227841584,3
809,810,-0.0022856876481253006,1,2092.1742293745992,2089.4843468101662,1
811,812,-0.0041346440445450385,1,2091.836715314395,2085.279551812574,1
814,815,-0.0019208284648969582,1,2088.600890196423,2086.677647044921,1
817,823,-0.002696158398289376,6,2079.4054907835593,2075.8784896969178,6
824,825,-0.0049486074504606304,1,2074.833170567557,2066.640468851791,1
826,829,-0.0032892137879401272,3,2067.48274847462,2062.7498384604837,3
831,835,0.00012204349946887496,4,2064.1850655717585,2066.501171006284,4
841,847,-0.0024166407621797996,6,2078.5516831070695,2075.6071220664826,6
848,849,-0.003119107270698237,1,2079.925868688756,2075.5182826579044,1
851,853,0.0014306728402410022,2,2072.8275859063347,2077.8659516218995,2
856,857,-0.0014691120163477346,1,2073.9718951997156,2072.99897006211,1
864,868,-0.0015638535964188664,4,2068.526563558395,2067.3602174162447,4
870,872,0.003297661438740213,2,2085.0794452392142,2094.0404107677286,2
873,874,0.0018106869348939359,1,2090.7700030435235,2096.646502974946,1
877,884,0.020801515911345676,7,2128.33290465564,2174.7337883411305,7
885,886,-0.0015791868382362723,1,2175.8850707725387,2174.6248267780325,1
890,891,-0.002418996809296489,1,2167.348711194347,2164.273250288529,1
892,893,-0.0041486400898211335,1,2168.4295343430185,2161.601930179234,1
898,900,-0.003049182501144268,2,2168.999443996551,2164.5547682909214,2
903,905,-0.00183754614408734,2,2170.074924728186,2168.2573868425993,2
906,909,-0.0037508447689018802,3,2165.6307137373183,2159.6733998170607,3
910,914,-0.004446871400809716,4,2162.4169013848395,2154.9633284108286,4
915,919,0.002848920818494542,4,2143.9503835913206,2152.2022788565446,4
921,924,-0.0009113992588636763,3,2157.3655741215302,2157.5567183102994,3
927,930,-0.0034540794775677758,3,2158.4025626001962,2153.1056711669894,3
933,934,-0.003382306132447851,1,2150.2343268742075,2145.111810451095,1
936,938,-0.0012015333865987652,2,2136.0074418364698,2135.5769650229163,2
940,943,-0.005542243581747613,3,2136.4147875278604,2126.7106711712613,3
944,949,-0.010740785084833795,5,2129.931153897353,2109.1839522817468,5
950,953,-0.000491805656302167,3,2116.926021196635,2118.0018310266337,3
954,956,0.0003173977578749367,2,2119.632538541754,2122.4249376955477,2
957,958,0.0016271593996916478,1,2128.9832516875063,2134.576430048963,1
961,963,-0.005649252121428629,2,2144.7381616962384,2134.7667332480632,2
968,971,-0.0030974293740298913,3,2151.036719725071,2146.525072124503,3
978,980,-0.0033207131019548464,2,2129.7776511103793,2124.835048211197,2
981,984,-0.006535272058953576,3,2126.735600298347,2114.9635401532337,3
985,986,-0.0004362535618301787,1,2120.4094982147844,2121.6048715168645,1
988,990,0.0022924532562226077,2,2125.1024116039684,2132.0992119588605,2
991,999,0.0025247172201255355,8,2132.722021862214,2140.239263898413,8
1001,1004,-0.0023096224477111003,3,2143.6273833586515,2140.820040817877,3
1007,1009,-0.003023522444433334,2,2146.736740950116,2142.392770972514,2
1011,1013,-0.008250391078768373,2,2147.0963131270637,2131.5290251731108,2
1014,1015,-0.0023468595393338625,1,2136.2595061140287,2133.3822646197264,1
1018,1021,-0.0010423560706402338,3,2144.4353513540213,2144.344521498796,3
1023,1024,-0.003548719300402288,1,2154.026605061556,2148.5365958796556,1
1026,1027,-0.004115271281581532,1,2147.3759035338635,2140.6862450508243,1
1028,1030,0.0014970379115768662,2,2138.091255203522,2143.430150126176,2
1031,1033,-0.003023531238213238,2,2150.524849214853,2146.173195003913,2
1034,1035,-0.0029960733656645097,1,2152.6628990619524,2148.3660259838807,1
1036,1039,-0.008547586885682818,3,2158.595171315026,2142.3029867085106,3
1040,1042,-0.0032251033069377794,2,2145.8072781238643,2141.0326352532597,2
1044,1060,-0.0031563175102969896,16,2143.4843447145163,2138.862311888961,16
1062,1065,-0.005304077607915659,3,2147.7703665124586,2138.5261961710075,3
1066,1068,-0.00022951967535911506,2,2136.781568959441,2138.4279171163794,2
1073,1074,-0.0008667784415342331,1,2154.560661697058,2154.8476956262184,1
1076,1078,-0.00556658352361975,2,2159.4465159648144,2149.5852230848714,2
1080,1082,0.004673100205472424,2,2154.095987659131,2166.3163900493273,2
1084,1089,-0.0006235994628877885,5,2183.4249362727583,2184.2467785915155,5
1092,1095,-0.011644126880194023,3,2174.627916422382,2151.48090096277,3
1098,1100,0.001377223189431601,2,2135.526230282666,2140.6028527589333,2
1102,1105,-0.0011539438712628424,3,2148.4823351005402,2148.151589412535,3
1108,1110,-0.0034046718258325622,2,2156.4754035155843,2151.2897878696494,2
1111,1124,-0.011473800269867263,13,2150.9668298794836,2128.4380329162163,13
1125,1129,-0.00048568826708263104,4,2127.3597457692304,2128.4538718466156,4
1131,1132,-0.002684153086879386,1,2139.1721576824652,2135.569464289738,1
1138,1139,-0.00028993487448728287,1,2148.13679556887,2149.6621125922343,1
1140,1141,-0.004303500105781843,1,2148.1158925108025,2141.0195914326614,1
1144,1145,-0.0015050645554414346,1,2145.9445823012634,2144.8607417548014,1
1147,1148,-0.0037070237303302926,1,2151.880569197702,2146.055377432047,1
1151,1152,0.0013374302420512555,1,2149.715695459809,2154.740505938189,1
1156,1157,-0.001002143475721417,1,2158.0247378673284,2158.0201121936966,1
1160,1161,0.0003721728599131071,1,2165.270372698657,2168.241497938448,1
1163,1164,-0.0008917751160308644,1,2171.277492803741,2171.5124790584646,1
1165,1170,-0.004104251342619226,5,2167.6538108594714,2160.924868606777,5
1171,1172,0.0007099635286638643,1,2161.154711562505,2164.850207299077,1
1175,1185,0.006808504333750231,10,2171.2810386835613,2188.2354960839116,10
1187,1197,0.0012453375095352747,10,2213.216388944437,2218.185806719252,10
1200,1201,-0.004563251087592302,1,2229.0657226217213,2221.1230017612747,1
1202,1210,0.010658765392370213,8,2223.820006739071,2249.7470024725008,8
1212,1217,0.012638985318632188,5,2258.295302984146,2289.096159466683,5
1222,1223,-0.001896591640063925,1,2300.91163549053,2298.8486573536234,1
1224,1226,-0.007044922699301414,2,2304.560402322347,2290.6295128344373,2
1230,1234,0.002631057669624002,4,2285.102573792454,2293.399913018901,4
1238,1246,-0.0008513491084747435,8,2289.427993937548,2289.7683194499295,8
1247,1248,-0.0017493199618812136,1,2297.7654596109937,2296.043698084386,1
1249,1252,-0.0031455270432947983,3,2294.711254198642,2289.787889146206,3
1253,1255,-0.0028575255927759248,2,2294.2533630065404,2289.9917286684436,2
1257,1265,0.02449945964003518,8,2290.4305996029702,2348.8353422358477,8
1268,1272,0.0027710245581310414,4,2375.396698952062,2384.3543782391134,4
1275,1276,-0.0027255351579960965,1,2391.623286002154,2387.4964559374753,1
1278,1280,-0.002525629909080435,2,2383.084712956981,2379.4490076430216,2
1285,1286,-0.0013333853250878038,1,2339.8281919668107,2339.048127584382,1
1293,1294,-0.0018617678789999725,1,2383.8179961571363,2381.763698378666,1
1296,1297,-0.0003425045130891689,1,2384.3581065681647,2385.9258112624125,1
1299,1301,-0.004182034214910599,2,2373.2707657370174,2365.718936959195,2
1302,1303,-0.008669151433326774,1,2361.96296607095,2343.8487144042424,1
1306,1309,0.00011805981143985975,3,2331.2671325539495,2333.8736286445887,3
1315,1322,-0.014882867205459303,7,2371.9947264314246,2339.0646386323274,7
1323,1324,0.0013062081265878974,1,2337.9520680126307,2343.3438720714544,1
1329,1333,0.019626673445641514,4,2349.9237033560003,2398.394812207297,4
1335,1345,0.0030728757226771344,10,2420.5712193286254,2430.42990508284,10
1351,1352,-0.00017571169536917538,1,2419.8705927041838,2421.86526373247,1
1353,1354,0.0010916364117162318,1,2417.9539405320384,2423.011421035908,1
1357,1360,0.004842395476468684,3,2454.597299018385,2468.9380271747223,3
1362,1376,-0.0012424995592109896,14,2467.0022315595565,2466.403984605831,14
1377,1387,-0.015493642908466096,10,2456.292043297105,2420.69142354265,10
1391,1394,0.00014738143651187052,3,2436.645956029879,2439.4417183671794,3
1395,1399,0.006861673292908133,4,2443.1880453917606,2462.3955915977695,4
1400,1401,-0.002050032716286965,1,2463.8081118783357,2461.2210327542102,1
1402,1404,-0.004488614671138452,2,2463.8743951957786,2455.278886832856,2
1406,1409,0.000985919765913874,3,2462.3079252316247,2467.1978712101086,3
1411,1416,-0.0013276289230366456,5,2454.583274621837,2453.779082147069,5
1421,1422,-0.0019917497697708748,1,2468.500948954345,2466.0528137065403,1
1423,1427,0.004758540005344541,4,2480.2481081673604,2494.5307161214223,4
1430,1433,0.004042300460183156,3,2505.144902767738,2517.7765960637894,3
1434,1436,-0.0035552079099494707,2,2532.215373165951,2525.7450364147417,2
1440,1447,-0.00679694712237999,7,2519.2921171435864,2504.6879139546763,7
1448,1450,-0.006373871705952865,2,2511.0008237344705,2497.5070274541795,2
1456,1457,-0.004349724421293064,1,2483.899195361708,2475.5788175669745,1
1458,1468,-0.01633592314932191,10,2455.0329589793337,2417.3827621913742,10
1470,1471,-0.0022251846257497487,1,2432.1249475016066,2429.145145408025,1
1476,1480,-0.005573814408382585,4,2405.410071188059,2394.4081719463907,4
1482,1483,-0.0045009737066171625,1,2371.5609373680654,2363.2581648826995,1
1485,1486,0.00045630918284555143,1,2371.8338656759615,2375.2879891147295,1
1487,1495,-0.0065720446062872695,8,2381.7011453120685,2368.430200291544,8
1497,1501,0.0034284707806210716,4,2399.1093913266063,2409.73377716561,4
1502,1506,-0.002052828310677865,4,2418.4438178424225,2415.897611723214,4
1507,1509,0.0006435714035102976,2,2424.0614571521423,2428.045575243469,2
1511,1512,-0.0062133866422852445,1,2429.199551713127,2416.5351952187807,1
1519,1521,0.004293165442977594,2,2431.898599635848,2444.771041264266,2
1524,1529,-0.00565086355742315,5,2445.2710129154225,2433.898391073431,5
1531,1540,0.01329596322477759,9,2430.3070130383376,2465.0505927216527,9
1541,1546,0.00023776893096173627,5,2477.9178974456286,2480.984987232561,5
1552,1553,-0.0012782879114853012,1,2480.8488282454746,2480.1584380063514,1
1555,1556,-0.001634715765847255,1,2479.4259671261207,2477.8522363745346,1
1557,1560,-0.0019345702888652141,3,2476.530271760788,2474.215780149325,3
1573,1580,-0.01318084273367896,7,2450.457364940573,2420.6087291526464,7
1581,1584,-0.004623642459462685,3,2415.4195717021494,2406.6669547847123,3
1588,1591,0.0006789843125096901,3,2403.3915443692777,2407.426801069092,3
1592,1601,-0.02247917873234179,9,2411.9361438989904,2360.1297363731887,9
1611,1612,0.0016323307805395622,1,2368.0678667848156,2374.30140472096,1
1618,1623,-0.0015544405078047913,5,2386.272390435624,2384.9493443597103,5
1626,1627,-0.0013787860890632118,1,2374.4063856909866,2373.506993582304,1
1628,1630,-0.01436430036286972,2,2368.0633621759634,2336.4158521255367,2
1631,1633,-0.014671580954828945,2,2324.696728980334,2292.914449454653,2
1635,1639,-0.0006922815826548416,4,2286.588248878605,2287.29187419567,4
1650,1652,0.0021598556873622696,2,2162.6987273326686,2169.532543206282,2
1653,1654,-0.0004024021280561146,1,2174.245931859278,2175.5452566012395,1
1655,1657,-0.0002328805778874976,2,2188.267501817706,2189.946164319128,2
1661,1662,-0.0018218703355190962,1,2215.8972985338214,2214.0761182775996,1
1663,1674,-0.03932883298249583,11,2207.1084996680265,2122.512606610004,11
1675,1679,-0.025755758503263972,4,2119.3546570863655,2066.8884250127676,4
1680,1684,0.015366924855519694,4,2073.6670346223805,2107.6065871534133,4
1692,1695,0.0036434136948396293,3,2136.273780774158,2146.1933837037313,3
1698,1699,-0.0036903997899834008,1,2168.1482622408853,2162.3150766114995,1
1701,1706,-0.002086627691013903,5,2160.6806461269884,2158.332790705469,5
1710,1716,0.009467805465242857,6,2190.8737619405856,2213.8074022794844,6
1717,1724,0.006553556988563196,7,2217.2953500203384,2234.0438168071933,7
1725,1726,-0.0020689144612274562,1,2238.5404328324007,2236.147624591704,1
1727,1733,0.009113028352891347,6,2235.3131439171107,2257.918929119135,6
1734,1735,-0.003845167008091279,1,2249.5577706230174,2243.1574030712454,1
1738,1742,0.003389963002200999,4,2250.011931485285,2259.889400619016,4
1745,1746,-0.0034607098224584227,1,2263.4865875369183,2257.9168038579633,1
1749,1751,-0.0033847829642339703,2,2251.09374704316,2245.725377024318,2
1752,1755,0.005920582960212972,3,2243.1039331475854,2258.6275200053133,3
1756,1759,0.0014855139123126555,3,2258.241734938476,2263.8546261880306,3
1764,1765,-0.0034289932262780883,1,2240.1591877287933,2234.7178562360155,1
1768,1769,0.00019447755326498155,1,2218.7618259470905,2221.4120871442256,1
1770,1771,-2.7567338948501253e-05,1,2218.855340307336,2221.0130277103995,1
1778,1783,-0.012715416933947666,5,2230.2305559715214,2204.102475149485,5
1787,1790,-0.016232413639466967,3,2144.9944325286633,2112.320990078033,3
1794,1796,0.001421037432685907,2,2123.0958767619218,2128.2359713527435,2
1797,1804,0.016188155571110127,7,2127.8268331185454,2164.4002517545696,7
1807,1809,0.0019094289523051435,2,2186.3639825372484,2192.7250532083194,2
1814,1815,-0.003083490740457805,1,2205.5226049126563,2200.9274189874504,1
1820,1821,-0.008690313882192794,1,2182.338759075839,2165.5558890212706,1
1823,1828,-0.02256407322298852,5,2153.4384006086884,2107.0014972567674,5
1830,1843,-0.015967704101069846,13,2106.3820356999086,2074.854332665743,13
1847,1848,0.00010927054511502394,1,2130.1083657946633,2132.4712322627424,1
1850,1852,0.0007583005870672242,2,2143.4535073653624,2147.222342925714,2
1853,1861,0.01316332493396333,8,2152.189637748089,2182.671798907024,8
1862,1865,0.00011506919529383989,3,2178.943216508492,2181.372888967515,3
1866,1871,0.002997418730915173,5,2192.6310857362014,2201.39595030831,5
1872,1874,-0.006001795953187369,2,2181.0752976493536,2170.166004051974,2
1877,1878,0.0043373158170079045,1,2185.9039603755514,2197.570820157724,1
1880,1887,0.02322556987063444,7,2227.5635874871605,2281.527584817112,7
1889,1898,0.01090353587931766,9,2290.4245979392804,2317.6887493197223,9
1899,1901,0.005931678195245602,2,2320.4608859095974,2336.5455740353773,2
1903,1917,-0.00951490433968535,14,2330.5247035824364,2310.6805086701584,14
1919,1924,-0.0055788852998699965,5,2318.2156765647474,2307.600832881397,5
1925,1939,-0.0010393331288507239,14,2294.5968943870057,2294.5066407116983,14
1940,1941,-0.002588484534239868,1,2294.1822894863385,2290.5380164007624,1
1944,1951,-0.007889671755437463,7,2296.2663800903224,2280.4458584684535,7
1952,1953,-0.007489939915424357,1,2281.938565852815,2267.1289216697405,1
1956,1958,0.01538429674540288,2,2265.2674595096496,2302.3822737739606,2
1963,1964,-0.0007797092936207438,1,2377.2838920007075,2377.8075855485404,1
1967,1970,0.012229050019478164,3,2393.8981571653403,2425.567155628017,3
1974,1975,-0.003166272129908719,1,2445.3617890769856,2440.0644699857644,1
1976,1980,-0.010011539200841198,4,2437.1699547831886,2415.2073021965475,4
1982,1984,-0.006120697048636618,2,2418.9478015902023,2406.5611027217933,2
1986,1988,0.0007038237244709113,2,2422.329372279409,2426.4565945323816,2
1990,1991,-0.0073833879690134345,1,2420.353297675273,2404.9032435541308,1
672,677,0.004307919869374761,5,1975.749174622876,1986.2362929237574,5
678,679,-0.0018136524875868396,1,1992.3876782670447,1990.7665670763854,1
680,687,0.0008314463567728812,7,1992.8152172536345,1996.4649514229952,7
693,694,-0.004234327351595168,1,2019.0796089353294,2012.5492445311017,1
697,700,0.0032077681004074217,3,2016.248086757651,2024.7319911396173,3
705,711,-0.013292991820398288,6,2024.4772177952489,1999.5903359163092,6
712,714,-0.0008779777300897253,2,1996.879380480374,1997.1230442351173,2
717,720,0.0021557277157025017,3,1997.4611124901846,2003.7645558839079,3
721,730,0.011976201667585881,9,2017.8281182622611,2044.0118628553575,9
732,735,0.004928094627225548,3,2049.796902005914,2061.948292007599,3
737,738,-0.003163021567711775,1,2070.416226940606,2065.937871987593,1
742,748,-0.002532620354167839,6,2065.9559773501865,2062.789651168485,6
750,751,-0.003724291078838055,1,2066.425808603746,2060.7962632082863,1
757,758,-0.0028077833793688665,1,2054.5134435903437,2050.799328334331,1
762,767,0.00483031881492534,5,2071.972499544728,2084.0527597928317,5
768,770,-0.00014222302977287787,2,2086.4418933529028,2088.231595158738,2
771,772,-0.003977037104618549,1,2093.0811859746073,2086.850005620982,1
775,776,-0.004510514755986508,1,2084.1861685669464,2076.869602267969,1
777,778,-0.00012224949958552882,1,2083.0569946726578,2084.8853989921236,1
780,785,-0.0019108164801939055,5,2076.0873626515204,2074.196428067295,5
786,788,-0.0021314772144261536,2,2078.254851751069,2075.903353740542,2
790,794,-0.0024524836123089883,4,2080.3872678697503,2077.365539455913,4
795,796,-0.00264923239938051,1,2075.931636927676,2072.507943213156,1
799,802,-0.00396219466946836,3,2076.2062871159733,2070.0561599195617,3
803,805,-0.0013381475356662614,2,2075.5298376911223,2074.8280023913053,2
809,812,-0.0045868811912363455,3,2093.031486545651,2085.524031273895,3
814,815,-0.003646134676123142,1,2090.5893236109023,2085.0573427081627,1
817,818,-0.004837686685229561,1,2085.6910106089144,2077.6867819879976,1
820,825,-0.004945435429269425,5,2075.6234123677905,2067.4341742188135,5
826,830,-0.005210096981346307,4,2069.5551616463654,2060.8421337075883,4
831,832,-0.00045159650638595245,1,2060.4718533785476,2061.601823341434,1
835,836,-0.001998655138579786,1,2069.84268943116,2067.775630393308,1
837,843,-0.00020080888325072052,6,2073.0927768355496,2074.7495741669936,6
844,856,-0.003357014496573377,12,2080.082253102899,2075.1794690782704,12
857,863,-0.004214791261271271,6,2076.9619210463425,2070.2849220125695,6
864,868,-0.00426963372596347,4,2072.2532389377043,2065.4777298589365,4
870,873,0.0023639681479547905,3,2082.5278681919563,2089.533425607782,3
875,877,0.005413539354002685,2,2115.1903055894427,2128.7561618555455,2
878,880,0.007557644005983904,2,2144.5748374970026,2162.9273455004927,2
883,888,-0.00698039821648601,5,2183.4503839210442,2170.392481139257,5
889,891,-0.002877047225345373,2,2174.7427319555295,2170.6606371446724,2
893,896,-0.0004333031449917133,3,2166.7095981811526,2167.937465696158,3
900,901,-0.004550471905241315,1,2166.430515019827,2158.7386643415916,1
902,903,0.0019002186383201866,1,2163.364412285663,2169.6386420756526,1
906,908,-0.0038390652517505987,2,2168.3958724563076,2162.2396550827775,2
909,911,-0.0023974658551951045,2,2164.949064785768,2161.923622389493,2
915,918,-0.0009344393673330789,3,2148.633881404229,2148.7747472008637,3
919,923,-0.0022936445853224026,4,2156.148312818013,2153.359023227984,4
924,927,-0.000963690586182812,3,2157.887512802713,2157.9658644333863,3
928,931,-0.0033438252346955247,3,2157.8439966336887,2152.7863874218424,3
932,935,-0.004335391246096488,3,2148.383325217188,2141.217626280999,3
936,938,-0.0019424625090785482,2,2137.5328279862497,2135.518283433948,2
940,942,-0.0017971158491819719,2,2133.292553088739,2131.5920717837303,2
943,944,-0.002251269367442473,1,2127.80460455459,2125.1421478330076,1
948,957,0.00712376285956044,9,2108.4853357995744,2125.614170660471,9
959,960,-0.0002263922559965774,1,2136.4221094093336,2138.074862097633,1
963,967,0.000938898201220905,4,2138.8209183296617,2142.9678743609447,4
968,973,-0.002585755348503616,5,2150.035139994532,2146.625710271815,5
975,977,-0.007511842219207691,2,2146.461291719312,2132.4838744579993,2
979,980,-0.0031816899030097253,1,2128.7649800592208,2124.120674996345,1
982,983,-0.0008626038780307469,1,2123.5389538835293,2123.8307199006435,1
985,986,0.0015167766581010121,1,2118.2221237329827,2123.553215730667,1
991,992,0.000972109619012387,1,2132.5786826487547,2136.784361582107,1
994,995,0.00019453711255010189,1,2141.118995679281,2143.676641782006,1
999,1000,0.0005992526538873334,1,2144.7941679088867,2148.224235673957,1
1005,1007,-0.002585127769353766,2,2148.6072210709426,2145.201404099389,2
1008,1009,-0.0021174980286701914,1,2141.770025638607,2139.376601857091,1
1010,1013,-0.006403962318233006,3,2145.2740370038823,2133.6810569456297,3
1014,1016,-0.001775125497098472,2,2134.7607128307945,2133.1060053720753,2
1017,1024,0.006534230428020175,7,2139.7127129302235,2155.833801559204,7
1025,1028,-0.007578835807637553,3,2152.3509739124697,2138.191010254691,3
1033,1036,0.001181206067663945,3,2149.5496479038293,2154.238258638582,3
1041,1042,-0.0012859691778712948,1,2145.70515377332,2145.0915482345413,1
1043,1046,-0.0038985887460637352,3,2144.7330925760043,2138.516393370553,3
1047,1053,0.001441986753467002,6,2138.64507460822,2143.867617550781,6
1058,1061,-0.0004739900806383499,3,2144.244025314259,2145.3719189411063,3
1062,1068,-0.005540120661006174,6,2149.4782465594994,2139.7193559619113,6
1071,1075,-0.0023095773379874993,4,2156.3737823558963,2153.5498441182926,4
1076,1078,-0.003737246535659483,2,2154.001982965571,2148.105948499895,2
1081,1084,0.009547506704004304,3,2161.849727428409,2184.65185192151,3
1086,1089,-0.004369336391473832,3,2191.895472962308,2184.510239778949,3
1095,1097,-0.005140052267575595,2,2151.1710163311063,2142.265055887002,2
1098,1100,-0.0013119600209405234,2,2138.9906582200138,2138.323378649484,2
1110,1113,-0.005589658655251617,3,2156.726061718708,2146.827425282534,3
1115,1116,-0.002806654767210923,1,2134.6173803097636,2130.7608636434557,1
1118,1119,-0.003916454005503054,1,2131.196144033948,2124.9806085031673,1
1124,1126,-0.0029719655702667774,2,2129.8356155950078,2125.6356530907265,2
1127,1130,0.0034975889278099697,3,2125.2400167395676,2134.798472707794,3
1134,1137,0.0006809364801183073,3,2139.9462949480508,2143.543408740723,3
1138,1140,7.96675723670117e-06,2,2147.319862395794,2149.4842894342432,2
1142,1143,-0.004043009792536959,1,2147.150505079102,2140.6167050660956,1
1144,1148,-0.0014076255133790888,4,2144.065085080756,2143.191109449732,4
1151,1158,0.004000574695853933,7,2144.6492725145586,2155.3737513981764,7
1159,1161,-0.0005253296024205609,2,2164.3948485823253,2165.4222227456207,2
1163,1168,-0.002253138851263985,5,2169.9581534050576,2167.2388945374087,5
1170,1172,-0.0017896930271210528,2,2166.2511034283057,2164.540430036935,2
1175,1176,0.0016083956763872842,1,2172.459238173389,2178.1258714573682,1
1177,1179,-0.006710723938611143,2,2177.618522436065,2165.1827442108265,2
1180,1181,-0.0002553533366626195,1,2159.330627494981,2160.9385658417873,1
1186,1191,-0.0005047298739356303,5,2208.732557401788,2209.826476653935,5
1192,1194,-0.001356341751760951,2,2213.4306520190103,2212.6419142630684,2
1197,1199,0.002452318618370788,2,2217.2107752513884,2224.865293291641,2
1201,1202,-0.0021425426294276358,1,2226.45731867777,2223.9134962785797,1
1203,1204,-0.004121483125157513,1,2230.78214589282,2223.818797068513,1
1205,1207,0.0020916837884405962,2,2224.0908280558515,2230.967013612971,2
1209,1212,0.004588384325753339,3,2246.4158580722037,2258.969693242578,3
1217,1221,0.0023262318355429493,4,2284.478732538921,2292.077438426713,4
1223,1224,-0.0004871794142303538,1,2306.5204168862233,2307.7032480375005,1
1226,1227,-0.0064671247870632,1,2291.728300135427,2279.1991355405426,1
1230,1231,-0.0004898173084724343,1,2290.1469210044315,2291.315314324583,1
1232,1233,-0.0008171919003698223,1,2297.103121923308,2297.5230509796816,1
1236,1240,-0.009106754736888312,4,2294.471550806752,2275.870832693594,4
1243,1245,0.0008603724091146418,2,2288.9395379111543,2293.197817873616,2
1252,1253,-0.0017021926420732842,1,2289.6741435022673,2288.0663511659545,1
1256,1257,-0.0023258480131856368,1,2293.397707992567,2290.3570111979807,1
1258,1259,0.0028766714182380908,1,2295.7005509051087,2304.600227615636,1
1260,1263,0.009179247707312224,3,2317.5556267449883,2341.146599545101,3
1265,1267,0.003617250704636369,2,2357.563105180604,2368.448565089224,2
1270,1271,-0.0033098090016017994,1,2378.659917395375,2373.165667306426,1
1277,1279,-0.0053702060748799865,2,2387.832128687913,2377.3968102133276,2
1281,1283,-0.012956308656982822,2,2377.0665157022863,2348.645574742371,2
1285,1286,0.0018648898029330172,1,2338.649688554323,2345.3496621996946,1
1287,1288,0.0006745846745894852,1,2346.6280405722787,2350.557667925983,1
1290,1294,0.00946224117383616,4,2359.7618046409966,2384.4502017539576,4
1298,1300,-0.004283467456206493,2,2380.206223765912,2372.3908940911165,2
1301,1305,-0.018693561923729698,4,2366.647495016385,2324.773071011673,4
1308,1311,0.0023317103053788766,3,2346.619918173914,2354.4381759381013,3
1313,1317,-0.006957343867895017,4,2373.7962378393313,2359.654717378207,4
1320,1322,-0.00043964239797969387,2,2336.4462021200684,2337.755447511138,2
1325,1327,0.00024235253177417736,2,2335.1182849150487,2338.019325028305,2
1332,1333,0.002154942811979458,1,2389.0564788707916,2396.593815436218,1
1338,1343,-0.0012615842438403893,5,2430.9189989413826,2430.2831088332073,5
1344,1346,-0.0069325382608549325,2,2437.0282749349644,2422.5705114511275,2
1351,1354,-2.3343533873551158e-05,3,2421.865706656445,2424.231037458941,3
1356,1357,0.004023521325858336,1,2438.802373612866,2451.0537493462643,1
1361,1362,-0.004638858347140383,1,2467.1674391039787,2458.1897662744022,1
1364,1367,0.0018181491488696079,3,2456.2662916251015,2463.188416384242,3
1369,1370,-0.003387336220304008,1,2473.5865548819747,2467.681272105448,1
1372,1373,-0.001631746192047787,1,2475.784766122342,2474.220698524014,1
1375,1379,-0.011213171404385141,4,2467.4198867885943,2442.219704558234,4
1380,1381,-0.002420690552646011,1,2447.6021964301262,2444.1249111130223,1
1382,1383,-0.0009341085563455104,1,2450.5612019872606,2450.722673002623,1
1384,1385,-0.005114758555725491,1,2447.445059667391,2437.3744141684565,1
1390,1409,0.01460285064650994,19,2425.906222694647,2463.757275169791,19
1415,1416,9.377845748190314e-05,1,2453.0761563249157,2455.7592781792664,1
1417,1418,-0.0003623552835122086,1,2461.8619667826833,2463.4317600585246,1
1421,1423,0.003531726816093526,2,2467.404022479465,2478.585623454272,2
1425,1428,0.0005981492144076011,3,2491.2940123382,2495.2754719068766,3
1429,1431,0.0033209409781073847,2,2495.8404720933463,2506.6248514640333,2
1432,1433,0.001361730545519853,1,2517.3992676189205,2523.3446863645254,1
1434,1436,-0.0015643668150748236,2,2528.232139490162,2526.805289169828,2
1437,1441,0.000550321218608707,4,2521.4117792928455,2525.320777475133,4
1444,1452,-0.013050950928936184,8,2525.1833756062088,2494.752514660213,8
1453,1454,-0.0014167249308283639,1,2498.2610790745707,2497.219991399202,1
1456,1457,-0.004141067550013217,1,2483.0847126774324,2475.2851758625075,1
1459,1460,-0.0005097207311039596,1,2440.820977873351,2442.0176617978886,1
1462,1463,-0.005658718772418532,1,2431.3168572622494,2419.990035777624,1
1464,1470,0.005292823749137624,6,2412.199340539313,2427.378885837113,6
1471,1472,-0.0011355649297364588,1,2433.0831434812067,2432.7533027358177,1
1477,1478,-0.006816707584682601,1,2395.419542793633,2381.4860877705682,1
1481,1483,-0.012972685173989914,2,2389.7484568005434,2361.1367508822423,2
1484,1488,0.0019442568731511973,4,2370.552508586189,2377.53202410276,4
1492,1494,-0.007738365192628877,2,2389.0259831487247,2372.9278536195893,2
1496,1497,0.0059744506481259774,1,2379.634834395916,2396.231480108972,1
1504,1512,0.0006108814857824685,8,2420.896959807844,2424.7967378993853,8
1513,1515,0.0011692578430334212,2,2416.1710858444594,2421.412383922538,2
1519,1520,0.0033583277231145755,1,2428.332114982549,2438.9155821602067,1
1524,1526,-0.0002478964466760237,2,2451.297322138278,2453.140951564512,2
1529,1533,-0.0028158385755980573,4,2434.910117349054,2430.4887136298576,4
1541,1544,0.0013343748396644128,3,2477.7089805491723,2483.492882053377,3
1546,1549,-0.008354209439173813,3,2487.369940561036,2469.0773010654448,3
1550,1551,-0.0020667590435942515,1,2484.8895011004665,2482.238722752835,1
1555,1558,-0.0006603269002399602,3,2478.311414926383,2479.1532306468616,3
1567,1570,-0.004117327962462074,3,2467.52166010855,2459.8295858395127,3
1573,1574,-0.006362477014123606,1,2450.2801817882646,2437.1406106352624,1
1580,1581,-0.00383209727047138,1,2417.0651502822952,2410.2197866676293,1
1585,1588,-0.0020029537067890674,3,2407.7777491065763,2405.3628594879856,3
1591,1592,-0.0007907488091614777,1,2407.9408668419273,2408.4447313357828,1
1596,1597,-0.006632556899713819,1,2377.381926255883,2363.9911872838957,1
1599,1600,-0.0013571993082208485,1,2353.915524954228,2353.0747079571042,1
1603,1604,0.00018747397891427913,1,2354.9476310129603,2357.744070046494,1
1606,1607,-0.004563825582147234,1,2354.3326738074384,2345.9422427956383,1
1609,1613,0.0023360546138648094,4,2364.6986023359714,2372.587366018694,4
1614,1615,0.0019220644651831479,1,2375.749488943801,2382.691582103621,1
1618,1620,-0.00018567829970567585,2,2386.0309188073647,2387.973915562123,2
1623,1624,-0.0021745486425325997,1,2391.42922590887,2388.620375957866,1
1626,1627,-0.0036449232074411402,1,2374.4887197529265,2368.208379432245,1
1631,1632,-0.006577199365782357,1,2329.954643409244,2316.9600218497203,1
1635,1636,-0.0030082425072066083,1,2290.1208508959453,2285.521732856536,1
1639,1640,-0.004707947808194732,1,2286.677659204432,2278.198777789937,1
1642,1644,-0.027516556662413375,2,2263.252677858786,2203.2390099849845,2
1645,1647,-0.0019833417471661514,2,2149.7587906152307,2147.6448430500814,2
1655,1657,0.004436963031470082,2,2182.797749245523,2194.665539913347,2
1658,1663,0.006590586266244042,5,2190.539048227802,2207.1665238429514,5
1664,1666,-0.015100382440086192,2,2194.9629570978914,2164.0131399609886,2
1677,1678,-0.014314880883615544,1,2097.070830444437,2069.1485821325646,1
1682,1684,0.005587294305284631,2,2098.090772362246,2111.911513758998,2
1688,1690,0.0013263215163225517,2,2131.447194616521,2136.4056260862626,2
1693,1698,0.011467962676878139,5,2139.1073881334964,2165.777699210579,5
1702,1703,-0.0029676693118998675,1,2151.1301379026177,2146.8974251443638,1
1708,1711,0.0065380365920318494,3,2174.9402994598763,2191.3350790226896,3
1716,1717,-0.003910446452710257,1,2219.781312200523,2213.3207575546367,1
1719,1723,0.005168933522829608,4,2218.872075356377,2232.5601496849135,4
1724,1730,0.0023079547693625876,6,2238.7563049096175,2246.162009505884,6
1731,1741,-0.00012833593720643218,10,2254.204359249756,2256.169268179907,10
1743,1748,-0.00643820347965778,5,2266.6720591561875,2254.3454352768413,5
1755,1757,-0.0005277046013357359,2,2258.19087057701,2259.2574037344893,2
1759,1766,-0.013828854513021266,7,2264.551564514739,2235.4999619563446,7
1769,1773,0.004374681817873879,4,2223.0839184943216,2235.032287210661,4
1774,1777,-0.0012765332766934998,3,2238.1613745050995,2237.542448406439,3
1779,1783,-0.008125537973315562,4,2218.9941737574004,2203.182646509726,4
1785,1792,-0.023182535625465073,7,2164.9035992961626,2116.880548079078,7
1796,1800,0.013499857426368847,4,2127.891461911827,2158.745584728336,4
1805,1808,0.005204810808192653,3,2171.7433138075835,2185.218570193717,3
1810,1813,-0.008233773670097852,3,2205.867577513979,2189.910830712036,3
1814,1815,-0.0036107873320332276,1,2203.446428301176,2197.6936982793536,1
1819,1826,-0.04407396119260687,7,2189.8502403065045,2095.5247160379213,7
1828,1831,-0.0035981442477919495,3,2108.9161007195594,2103.436832483399,3
1832,1833,0.003641775261891825,1,2124.4323269110264,2134.2934643316453,1
1834,1836,-0.010335132314870675,2,2134.1707787335554,2114.248012131547,2
1837,1839,-0.011369179896228356,2,2119.525022259526,2097.5472860091595,2
1846,1851,0.014718074510697291,5,2117.392091523861,2150.673418186794,5
1852,1854,-0.001148822431373745,2,2152.066679480914,2151.746403685195,2
1862,1864,-0.0023989675350503227,2,2178.715822581806,2175.6678698779137,2
1872,1877,-0.0031110433204201487,5,2189.440032915428,2184.8180301584816,5
1880,1886,0.022752035418363476,6,2230.9908550137716,2283.9814288201037,6
1887,1892,0.008122328348953815,5,2287.7167959303747,2308.586099712268,5
1896,1897,-0.0017016342299494961,1,2314.195450353509,2312.5717316107475,1
1902,1904,-0.0052124188945469885,2,2337.949413287222,2328.1009910041957,2
1912,1915,-0.008014560796903755,3,2325.7286066164534,2309.414641908244,3
1917,1918,-0.0037254738398808675,1,2319.3237848373938,2313.002528535606,1
1924,1926,-0.00838880685889098,2,2309.7522842600056,2292.685970739726,2
1928,1937,0.00022304083999461627,9,2308.803112476497,2311.6268729745625,9
1938,1939,-0.005043689107819676,1,2303.0279786068245,2293.715249454728,1
1944,1945,0.0003296303666650456,1,2294.3308222923442,2297.3814342248397,1
1946,1949,0.0013949257940141665,3,2297.223642626791,2302.725322783137,3
1950,1951,-0.0061778614883120616,1,2290.966937402633,2279.1046279264597,1
1953,1957,0.0018993248008837677,4,2268.476414794515,2275.053464724149,4
1959,1961,0.013225399510210598,2,2329.985250364213,2363.130221403542,2
1963,1966,0.002400202032640204,3,2376.1161849309096,2384.195460012701,3
1967,1970,0.013232850555209567,3,2393.6764027097715,2427.7452412270713,3
1972,1982,-0.007721238427360184,10,2434.159912840893,2417.799343696367,10
1983,1989,0.0027173562062665605,6,2418.3917266498797,2427.3817501441254,6
1990,1991,-0.0028878501219506128,1,2414.225877335534,2409.6681807185896,1
1993,1994,-0.0024842455518608395,1,2398.7756533126344,2395.215281219293,1
1995,1998,-0.008219447619342398,3,2397.2512001682176,2379.9443706981974,3
673,676,0.004164888982953931,3,1976.0837255041356,1986.2899785673865,3
677,684,-0.0003338099056012845,7,1992.7576312137064,1994.0851866081584,7
686,689,0.005870784434291934,3,1993.3086096104266,2007.004203378078,3
691,695,-0.0006706443861482547,4,2014.8163202888202,2015.4799113547874,4
698,699,-0.0020325229339258847,1,2019.1029998766485,2017.0182297233173,1
701,704,0.00020182420720919205,3,2023.4378479173702,2025.8696645047805,3
712,714,-0.0008603521155334735,2,1995.1708922393823,1995.4495136336327,2
720,723,0.0067204946695325245,3,2009.3295228382299,2024.8425407086368,3
724,725,-0.002207574741232737,1,2031.9145428778925,2029.4608541995697,1
726,729,0.0048908761477992726,3,2031.6983552345089,2043.6668386148829,3
730,731,0.0005623207600776831,1,2042.0482209427366,2045.2385552713952,1
735,736,0.002948229119459256,1,2055.6559704373453,2063.7721711994163,1
742,743,-0.0017750653676834281,1,2065.1333888243803,2063.532775455056,1
744,747,0.0013306179391018502,3,2060.963719333533,2065.7670383496497,3
751,753,-0.0006469632305965869,2,2060.5067847020737,2061.2342193606787,2
754,763,0.005027762329412611,9,2057.2694861431783,2069.670217653202,9
768,770,0.0014526365348568413,2,2088.201599001121,2093.3231985349776,2
771,773,-0.0017990482183156886,2,2087.9920785475874,2086.3236721973667,2
775,777,0.0011901679756543319,2,2079.058328915823,2083.611815887332,2
779,782,-0.0035625110985056984,3,2080.072164893059,2074.7419568848277,3
783,786,-0.0010535503662559185,3,2072.708072309054,2072.59707803264,3
787,790,-0.0022238424727235233,3,2077.5200048058446,2074.9774475860304,3
792,796,-0.004632514447057371,4,2077.147237223055,2069.601969875177,4
797,798,-0.001302456092792527,1,2071.4754088810987,2070.8488785226127,1
801,802,-0.0012236016227362692,1,2072.238077284925,2071.7747214881483,1
804,805,-0.0013364574417350928,1,2069.688871408834,2068.9925091859723,1
806,807,-0.0005272178399698288,1,2079.3889942810265,2080.3720923012856,1
809,810,-0.003240597892205271,1,2092.439466017534,2087.751150560408,1
813,814,-0.004440940541401086,1,2090.279938912338,2083.087409927657,1
815,816,-0.0026472169630332625,1,2085.3490284347713,2081.9140061412886,1
817,818,-0.0035999493928914,1,2082.7484561752394,2077.333415591061,1
824,826,-0.0051473452134771155,2,2074.3302647822957,2065.72730108748,2
827,831,-0.005911065223450149,4,2068.911458844392,2058.750899728464,4
832,837,0.001156754742796768,5,2063.3517804924436,2067.801924231079,5
838,845,-0.002039306994266089,7,2076.772575340692,2074.6141710776405,7
846,847,-0.0018195816799088697,1,2079.3898264073755,2077.685596600263,1
853,855,-0.0007095134197073639,2,2074.8139426528564,2075.416648259801,2
858,860,-0.0038147483154613434,2,2070.252970343546,2064.425729282693,2
861,862,-0.0010712080417241317,1,2068.0323449384637,2067.8850844049584,1
865,868,0.0008497788887415645,3,2067.0964651859363,2070.9201365882295,3
870,873,0.0016985210772563386,3,2083.4030579526407,2089.025165016946,3
878,881,0.011999295654961703,3,2141.453223569512,2169.290607153963,3
884,887,-0.005683526067357317,3,2180.687310134663,2170.474004272892,3
893,894,-0.0038813094460954842,1,2165.391116507738,2159.151954629253,1
895,898,0.0008349959823166666,3,2165.027535033725,2169.000351862117,3
900,906,-0.0009288473212529692,6,2161.1730271671854,2161.326800417304,6
907,908,-0.0029287055756764347,1,2166.560732313796,2162.382074549341,1
911,912,0.0008592063784884003,1,2160.778652312924,2164.7959857658057,1
914,918,-0.0057568495850302374,4,2158.313149821387,2148.046378810294,4
921,923,-0.0012691707795324681,2,2156.671598568194,2156.091085592812,2
924,925,-0.0010485971621139083,1,2157.677135004587,2157.5722780190677,1
930,942,-0.01051644570844075,12,2154.615237914153,2134.110958979964,12
943,945,-0.003527328518541147,2,2131.794946779601,2126.407200614923,2
948,951,0.005341692572254499,3,2104.4325528715585,2117.7782171609147,3
952,954,-0.0021355193496987415,2,2119.70885007945,2117.301879664457,2
958,959,-0.0009482609154257176,1,2138.5928944483976,2138.7035432870334,1
963,965,-0.002023191166776301,2,2139.87177933034,2137.682281427695,2
966,967,0.0014618745940167522,1,2144.322971556008,2149.602025801048,1
971,972,-0.0017903917544278857,1,2150.306959288014,2148.6073743979036,1
973,975,-0.0056571869369104605,2,2149.694461346754,2139.682932383021,2
977,978,-0.0018422510106961896,1,2132.346120697193,2130.5501500218816,1
981,983,-0.0026967443896586244,2,2126.032128767237,2122.424795680517,2
987,990,0.00018039881263799316,3,2126.228568104587,2128.7383657817745,3
993,999,-0.0026063344650218453,6,2141.9274896404795,2138.4868376922923,6
1000,1002,-0.0007584929204599549,2,2143.7301349291492,2144.247860933358,2
1003,1005,0.000574378558225388,2,2143.6669096229894,2147.041852841477,2
1008,1009,-0.00513812079443106,1,2148.515182085933,2139.624366733792,1
1010,1012,-0.0036487919284631434,2,2144.0903484718683,2138.4110992629403,2
1016,1019,0.003156177493725383,3,2135.1656364983305,2144.0397638621207,3
1024,1028,-0.004738435681209312,4,2147.4528309699895,2139.4247166829773,4
1029,1030,-0.0019914536382466463,1,2145.3513277390743,2143.22431135987,1
1033,1035,0.001150326202394217,2,2148.71731438129,2153.3377575239424,2
1036,1039,-0.006221535015267151,3,2155.760973654141,2144.5045922456593,3
1040,1041,-0.0026303369594486204,1,2146.6363709399707,2143.1366303259306,1
1043,1044,-0.0018611591229154181,1,2141.7739175207817,2139.9295093724863,1
1046,1051,0.0005714079051832588,5,2139.871664769534,2143.2342760196307,5
1058,1059,-0.005298296890068756,1,2141.870753582661,2132.6643571836075,1
1062,1063,-0.003129919628928759,1,2146.295778412132,2141.7243409042053,1
1068,1069,-0.001557201735780694,1,2144.2041080862723,2143.0093538353785,1
1071,1073,-0.0014310373711257504,2,2157.0118322729795,2156.0820795633094,2
1077,1081,0.0022071731888625955,4,2148.8819285021896,2155.773765009313,4
1084,1085,-0.0023081338519359354,1,2185.859376061944,2182.999979416546,1
1086,1088,-0.0029925053551138163,2,2186.239979266557,2181.8838844003044,2
1089,1090,-0.0023761239621170297,1,2183.941712256131,2180.9363377340283,1
1093,1095,-0.011719239393849789,2,2171.1752324190097,2147.901885336713,2
1096,1097,-0.0047286672599359154,1,2148.153421242538,2140.1436719114317,1
1098,1104,0.006247937340386933,6,2138.140927690979,2153.6380391598,6
1105,1111,-0.0009248676415154459,6,2150.6705419864534,2150.832126936596,6
1113,1114,-0.005941211954686227,1,2148.1233746296593,2137.5090417307983,1
1115,1118,-0.0020359400748673805,3,2134.7632559154104,2132.551769108253,3
1119,1123,-0.00140943138956124,4,2127.87448446529,2127.0032658583036,4
1124,1127,-0.0015174970819528193,3,2126.231341985078,2125.131023470044,3
1132,1134,-2.637560045414282e-05,2,2137.8314151938853,2139.9128600218337,2
1135,1139,0.002293761983225137,4,2140.8144675911376,2147.8658008976277,4
1144,1145,-0.0036579921574121906,1,2148.345076855376,2142.6347924896795,1
1146,1147,-0.0001111677385965045,1,2146.9060808174436,2148.8143202042775,1
1149,1155,0.0026493900380683095,6,2149.156983437226,2157.0000955228265,6
1161,1162,-0.001187157872776916,1,2167.2574309368515,2166.8518116463174,1
1169,1172,-0.0021358040920210312,3,2165.3672194547353,2162.9077865061504,3
1175,1181,-0.005767547924982115,6,2171.0035879220823,2160.6532242713556,6
1184,1186,0.011704925851819054,2,2183.1821689722433,2210.919336550049,2
1188,1194,-0.0005233325194120148,6,2213.0704251072466,2214.1253238111462,6
1195,1197,-8.337841098100764e-05,2,2212.0600919126064,2214.087713949061,2
1201,1202,-0.001410397652013827,1,2225.5983188593523,2224.6849385349665,1
1209,1210,0.0007730032371696329,1,2244.514147672255,2248.493678521951,1
1211,1212,3.290985260290648e-05,1,2255.037225719336,2257.366475887768,1
1214,1220,0.006465721235286614,6,2266.137078177165,2283.055425883783,6
1226,1227,-0.007358500138167632,1,2295.63168828415,2281.0349138770134,1
1234,1237,-0.0027931665860250615,3,2292.7691221699947,2288.6578051906495,3
1238,1239,-0.003574144003365252,1,2288.6383933057887,2282.747108509789,1
1240,1241,-0.002351336161107502,1,2279.8209699196227,2276.740165402119,1
1242,1243,-0.0008442961872810399,1,2281.942655141418,2282.2979623132296,1
1244,1245,-0.0016076597122734453,1,2293.3073730565006,2291.9138225580346,1
1249,1250,-0.0010943020550794101,1,2295.0926247175394,2294.876192766431,1
1254,1256,-0.002167961510975459,2,2289.757148319044,2287.0828001003265,2
1258,1259,0.000719166954344068,1,2296.529253853068,2300.4773710559766,1
1260,1262,0.005667648855053907,2,2317.913823774124,2333.368859227325,2
1263,1269,0.009283511223721532,6,2345.580209574076,2369.70100998537,6
1274,1278,-0.0014842557908667803,4,2383.810710820498,2382.656336679453,4
1282,1284,-0.008956686015892584,2,2363.639158175084,2344.8324235386162,2
1285,1288,0.005596517311455819,3,2336.0338953546916,2351.4435833855464,3
1290,1294,0.009462890667145018,4,2361.5559632905142,2386.264665138767,4
1296,1297,-0.00017605359125529745,1,2381.443634322894,2383.4058162530223,1
1298,1299,-0.0052442688415418855,1,2381.4781807060385,2371.370547066856,1
1301,1303,-0.009758326445213468,2,2367.7493595955484,2347.0118377637655,2
1305,1312,0.01213695326736235,7,2326.995680475104,2357.5653139828596,7
1313,1315,0.00026641420242146303,2,2367.350601291027,2370.348647714613,2
1317,1319,-0.013531804909813452,2,2363.7405187900263,2334.1185837511284,2
1320,1321,0.0004696605672003056,1,2336.4806656085393,2339.91449910881,1
1323,1327,-0.0025152650286015383,4,2342.2324011210435,2338.6832982747674,4
1328,1329,0.0008588050645697311,1,2345.0632963481135,2349.422311880102,1
1330,1333,0.014380872129401128,3,2363.9109695693887,2400.269981917624,3
1337,1338,-0.00043568547713520017,1,2425.3632036541567,2426.7318713332006,1
1343,1344,-0.001440669923397153,1,2435.555816460087,2434.482540265018,1
1352,1356,0.0043185684889940545,4,2421.934645661173,2434.8158709499894,4
1357,1358,0.004248236845037195,1,2453.2450649279776,2466.1202760676383,1
1359,1361,-0.0036492558230622352,2,2470.059292060166,2463.515473097367,2
1364,1366,-0.000887350265983903,2,2456.447502688864,2456.7242208466664,2
1370,1371,-0.002094470819308146,1,2471.884454434098,2469.1790490300186,1
1372,1374,-0.0025122917293986524,2,2471.21459336456,2467.4773959734457,2
1378,1379,-0.00602283341384354,1,2454.0955113576706,2441.76899842246,1
1384,1389,-0.008136246320692741,5,2442.857742456719,2425.4249078801363,5
1390,1391,0.00044936761999962867,1,2426.9262551212746,2430.4437634515743,1
1395,1397,0.0014632719900635038,2,2442.8623773058516,2448.879811775449,2
1399,1401,-0.003091148053018578,2,2462.7024696438825,2457.5525941693227,2
1403,1404,-0.0021936885777135593,1,2462.5046121454006,2459.5651485173157,1
1405,1412,-0.0035820824109096,7,2453.779142413852,2447.443282449968,7
1414,1423,0.011473175228244308,9,2450.2958555322875,2480.8588250993826,9
1427,1428,-0.0012691554892534625,1,2494.7634452314937,2494.091965955821,1
1430,1431,0.0013390315385556338,1,2497.313565109648,2503.1548603001024,1
1434,1436,-0.0031778650456288668,2,2530.780448105788,2525.2687498296973,2
1437,1439,-0.004039917447583648,2,2520.98280356578,2513.319223956162,2
1443,1444,-0.0021716492585034707,1,2525.5449210329402,2522.585868198895,1
1446,1447,-0.0007759933057060112,1,2502.6804964528847,2503.241113637769,1
1448,1456,-0.01054596409791295,8,2505.7179332976148,2481.798439866859,8
1459,1463,-0.00975105723693252,4,2441.374119530839,2420.009514874059,4
1469,1470,0.0016390074765130639,1,2421.204385928198,2427.5939624048287,1
1471,1473,1.563190496611604e-05,2,2429.976351054589,2432.444312565033,2
1474,1475,-0.008442471933494,1,2435.4147124455594,2417.289206801765,1
1478,1480,-0.0003414676667285098,2,2384.33158409048,2385.901743531844,2
1484,1487,0.0034953859545330335,3,2368.146258992849,2378.7919904238056,3
1489,1492,-0.0004486169760702293,3,2387.571767288222,2388.8882338291187,3
1496,1498,0.008852417300043467,2,2382.4324081463546,2405.90512642056,2
1499,1500,-0.0010231390132734142,1,2404.759945311335,2404.704301539041,1
1501,1503,0.001386544250449432,2,2412.9902213500804,2418.748929289234,2
1506,1508,0.0020387296618999463,2,2419.3934691949344,2426.745351893584,2
1509,1521,0.002682451515674276,12,2430.0752890296867,2439.0239234609767,12
1523,1527,-0.0060795873205996935,4,2454.2410424668747,2441.7745107858645,4
1535,1536,0.005704480804018907,1,2434.8713297780037,2451.1958778687563,1
1539,1540,0.0031917370754430954,1,2459.1646132827686,2469.4727847668837,1
1542,1545,-0.0018451050020517892,3,2484.426342819024,2482.3267416894782,3
1547,1550,-0.0029283738125724166,3,2479.6862281660833,2474.9044661802914,3
1552,1555,-0.003118418303788499,3,2482.975512856375,2477.7155320820816,3
1556,1557,-0.0016424075966523987,1,2478.6558754914645,2477.0635681275617,1
1558,1560,0.0015553930416503034,2,2472.655372515395,2478.97397884872,2
1563,1564,-0.0031793065253106763,1,2468.24533196299,2462.8662688049753,1
1565,1566,-0.0010444716048691122,1,2462.2083670616853,2462.09886870408,1
1567,1568,-0.003641229058156639,1,2468.9774026090495,2462.4562677493464,1
1571,1572,-0.005576663217627234,1,2464.7618202989106,2453.4814355357366,1
1577,1580,-0.0058385832010876,3,2431.0893190551847,2419.3262911156608,3
1585,1586,6.513995156998977e-05,1,2409.0069729425445,2411.5729025130363,1
1588,1590,0.0004604235649349304,2,2405.022934292685,2408.535286460135,2
1591,1595,-0.011502023866143175,4,2408.0461026496428,2382.756745008843,4
1603,1605,-0.001489148148161654,2,2358.0387980406076,2356.8853677292527,2
1608,1609,0.0030583696575905437,1,2354.8331771752155,2364.389960690151,1
1612,1613,-0.004713436088048185,1,2379.4000267094116,2370.564276782326,1
1614,1618,0.006063019512904238,4,2371.5289109558853,2388.2790659293833,4
1621,1622,-0.001852669310296668,1,2391.7187610513593,2389.67941586495,1
1628,1629,-0.004514901947953366,1,2364.107401262683,2355.797795552814,1
1631,1633,-0.014613340646017325,2,2323.067731201602,2291.443018832984,2
1635,1637,0.0018840214067109467,2,2283.819739634809,2290.406324652985,2
1638,1639,-0.00261234193642269,1,2289.105031928654,2285.4142118887994,1
1640,1647,-0.06351123452455568,7,2283.118778008965,2140.3982046294295,7
1650,1652,0.00404803731121063,2,2163.8931001014384,2174.8165132082217,2
1656,1657,-0.0018804130804148961,1,2189.995189215512,2188.0670888048808,1
1659,1660,0.006167847387023053,1,2198.3173836915503,2214.074587206091,1
1664,1665,-0.00509390742467459,1,2192.7653645694613,2183.788386162881,1
1671,1674,0.0003506552203136541,3,2125.9906339964714,2128.8621143446167,3
1676,1677,-0.011289421196464557,1,2114.3997708028123,2092.643820983314,1
1678,1679,-0.007365219762924191,1,2077.3349374825057,2064.112244084229,1
1680,1681,0.0043440200007842265,1,2076.3429616145386,2087.4389799298942,1
1686,1698,0.023932771104486272,12,2112.645962910334,2165.3200811283946,12
1700,1704,-0.005005884116465139,4,2163.7484611518876,2155.0807355593333,4
1706,1707,0.002009789177170558,1,2160.9253957958636,2167.429325664803,1
1710,1711,0.001184767202846162,1,2186.555256967302,2191.332371179935,1
1714,1716,-0.001113833486118065,2,2213.2295574453256,2212.977617809222,2
1717,1721,0.004262523561706432,4,2218.2835346801376,2229.957304047937,4
1722,1723,0.00028492685815364755,1,2236.907081686693,2239.781343675146,1
1725,1727,-0.004069135678143874,2,2234.371622216181,2227.514032552205,2
1728,1731,0.01340421327898194,3,2218.910935809099,2250.8726021755588,3
1734,1737,-0.0023937660215207707,3,2248.8784525417054,2245.7440421680226,3
1746,1750,-0.008983319476710844,4,2263.0826913516053,2245.015779224331,4
1752,1754,-0.00031128292395384027,2,2249.3342338020584,2250.883388698613,2
1756,1757,-0.0012510960283341514,1,2260.009424584526,2259.4419451940153,1
1759,1766,-0.011378137542320359,7,2260.2130556013653,2236.756253635386,7
1768,1769,-0.0012858726471112487,1,2217.6399591928903,2217.005996587416,1
1771,1772,0.002452380412187185,1,2221.004730828885,2228.6724840569736,1
1773,1775,0.002634492429094633,2,2231.336318500555,2239.4460934569092,2
1779,1782,-0.006188068326353993,3,2221.932119948894,2210.4045842940786,3
1783,1786,-0.02844645834903733,3,2205.952196667529,2145.406621581726,3
1788,1789,-0.004329529890666366,1,2139.284919281141,2132.1621061977426,1
1794,1795,-0.0021442297970162777,1,2118.655758958228,2116.231529909208,1
1801,1812,0.016894519684828933,11,2161.7420651677166,2200.425401106383,11
1814,1815,-0.004306159609072509,1,2204.2991513731304,2197.0113865525477,1
1816,1817,-0.0006614781567805628,1,2194.4259595758317,2195.168820696476,1
1826,1844,-0.007632070002556969,18,2098.6272219345533,2084.7089792894117,18
1846,1848,0.0030147205965744845,2,2122.3976544375582,2130.91848801495,2
1855,1857,0.003981849430882872,2,2167.0592969262493,2177.855260051331,2
1858,1859,-0.0036572977947379936,1,2186.699674400683,2180.8889621781436,1
1860,1865,-0.004090631343414249,5,2184.722679006405,2177.970506618,5
1867,1869,0.004623573388838558,2,2197.180955149872,2209.5369634997155,2
1874,1884,0.040713060295559454,10,2169.9948995591194,2260.5120276454854,10
1885,1887,0.007455255589960445,2,2270.676972763455,2289.8761269304077,2
1897,1904,0.0035843942772575948,7,2316.513386415719,2327.133197127594,7
1907,1910,0.006319027497846759,3,2326.4235035424504,2343.4506611365146,3
1914,1918,-3.2726282457483033e-06,4,2309.4634686834715,2311.765374136775,4
1919,1924,-0.00274455962771782,5,2314.761837788377,2310.7235977383893,5
1928,1929,0.0017393395899539567,1,2300.658278634974,2306.960562940594,1
1931,1932,-0.0043138353235896406,1,2306.564760373358,2298.9211845942855,1
1935,1937,-0.005594968165375697,2,2324.6787147333202,2313.996890044394,2
1938,1939,-0.004895122609488116,1,2304.531504950776,2295.5550721815644,1
1940,1941,-0.004935156042173169,1,2295.760570023959,2286.7263939454465,1
1943,1945,0.0025253067443858873,2,2289.971773680464,2298.044626618673,2
1946,1947,-0.0012032303080417692,1,2298.682687168185,2298.2155251775816,1
1951,1952,-0.0030585056048240042,1,2281.704631993445,2277.007730219934,1
1956,1963,0.04842147259232063,7,2260.6075078644108,2372.330059856326,7
1967,1968,0.006854258600990774,1,2393.352127852486,2412.150134387871,1
1970,1972,-0.00035391222377894737,2,2431.3810711910432,2432.951956780475,2
1973,1975,-0.0008360990112078341,2,2438.608883343548,2439.008573750805,2
1977,1979,-0.004119493859811282,2,2430.064689281851,2422.484117404692,2
1984,1985,-0.0046401018876439885,1,2419.545660863711,2410.73826813636,1
1987,1992,-0.013434881217573372,5,2430.2448971099307,2400.025090484755,5
1995,2000,-0.0081296905902043,5,2386.649637034466,2369.633563575187,5
675,679,0.002355937562133335,4,1986.2772923598268,1992.9431149340696,4
680,685,0.0017132163055137454,5,1990.4312766636033,1995.8317472584515,5
686,687,0.000329672055865258,1,1996.481809024706,1999.1364750962096,1
688,691,0.005173081139152914,3,2006.6050653790887,2018.992001261909,3
696,697,-0.001659789732314574,1,2021.3057532853825,2019.9721165034964,1
698,708,-0.00318695295509377,10,2018.8668225782744,2014.451655814696,10
710,711,-0.004577205720103053,1,2007.861447068586,2000.6789136149578,1
714,720,0.0027610869781148194,6,1998.8386959632253,2006.3565021539646,6
723,726,-0.0006837092113918981,3,2027.7575535872356,2028.3989146229658,3
729,730,-0.0020555691146649747,1,2044.486030905681,2042.327934596093,1
734,736,0.003242913029872556,2,2055.8644410143393,2064.5872950387707,2
741,742,-0.0037804892747685557,1,2067.635421049867,2061.8863829375064,1
743,744,-0.0017009660003418849,1,2062.408086284696,2060.96240833738,1
745,749,0.003172338051710348,4,2063.3032214115988,2071.912019954511,4
752,753,0.001255981915120938,1,2058.16837580521,2062.8115664393003,1
760,762,0.0018140419374645953,2,2063.367274215609,2069.173676257644,2
772,781,-0.004807976786316658,9,2088.1711848522395,2080.219477454467,9
783,784,-0.002944069165852813,1,2076.715087602603,2072.6778098345335,1
786,790,0.0011905313928901387,4,2076.961258329048,2081.5109071672346,4
795,796,-0.0036433596304021047,1,2074.8399446535695,2069.3553965043266,1
797,798,-0.00021019149069172844,1,2071.4622287558914,2073.0982872508735,1
800,803,-0.004532852120068395,3,2076.3563321322063,2069.0208722622156,3
807,809,-0.000903157277192809,2,2088.925308321754,2089.127605536353,2
812,813,-0.00211567481994145,1,2088.5611552134737,2086.2310001226942,1
815,819,-0.005421030948374478,4,2089.4905885754324,2080.252886017003,4
822,823,-0.003222887731278866,1,2080.8777037479176,2076.2521462299646,1
829,834,-0.0027960572755623614,5,2068.40434193257,2064.689369265437,5
835,837,-0.00011535513021254694,2,2069.9247311290455,2071.755879423285,2
839,842,-0.0013837284881259458,3,2076.4403032399323,2075.6435139416863,3
846,847,-0.0013817469606611297,1,2080.0186208191844,2079.224580032568,1
848,851,-0.00290202283487435,3,2078.9969083078663,2075.0426087146316,3
852,853,0.0006752937531370059,1,2075.491137411699,2078.968194748896,1
854,867,-0.0055470178111824385,13,2074.360377595929,2064.9282240121893,13
868,871,0.009343771865288165,3,2070.990722354273,2092.412577921434,3
872,873,-0.0011423530862427968,1,2091.491080586794,2091.193350376623,1
876,878,0.004902065878438987,2,2124.136193582782,2136.6729853320844,2
879,883,0.014391649710693385,4,2147.293986514038,2180.3443833803403,4
887,894,-0.0047035144175520335,7,2173.197716959664,2165.1492478827126,7
896,898,-0.0030521956926872337,2,2169.3923772686717,2164.9403595762924,2
901,904,0.0028240291588469846,3,2160.2290465476744,2168.489825411461,3
905,907,-0.002868115992785774,2,2169.8350538600394,2165.7815502942162,2
912,917,-0.009853548365877075,5,2161.3922849972096,2142.256293864353,5
922,929,-0.0030926191805446448,7,2156.7419746590344,2152.228735035377,7
937,939,-0.00012934202976690244,2,2137.335453288553,2139.1963414360202,2
941,942,-0.0034445954681037783,1,2135.697832747838,2130.476915504664,1
943,944,-0.0022538683619226186,1,2131.0860429803956,2128.4139416145676,1
946,952,-0.0022300820131900385,6,2117.482583109193,2114.877905870467,6
958,960,0.0023006559632936605,2,2132.166433769961,2139.203981624318,2
961,964,-0.0033723408071420894,3,2143.817301647159,2138.7314363794044,3
965,966,0.001266405889401817,1,2138.0552892217365,2142.9009903210954,1
969,970,-0.0032417852095099234,1,2150.323156463105,2145.5025938152794,1
972,976,-0.0061753682039901526,4,2151.298850152838,2140.1650864864764,4
979,980,-0.0032983351703543837,1,2128.9965094308823,2124.1033618756956,1
982,983,-0.004211505298035631,1,2125.362815160257,2118.537201219122,1
984,988,-0.00011401502009162701,4,2124.294581505596,2126.1766745977106,4
998,1001,0.003003166308335279,3,2135.9989174948123,2144.549676395968,3
1003,1005,-0.001250574995841082,2,2143.515999057069,2142.97888754452,2
1006,1007,-0.002009109281403235,1,2150.697240385353,2148.5269518385917,1
1010,1012,-0.0051331000735517305,2,2148.6432049432537,2139.7626475548664,2
1014,1015,-0.00030057735449323946,1,2130.9971727744346,2132.487640454584,1
1016,1018,-0.0020969622201059187,2,2137.8281369488013,2135.483020249489,2
1027,1029,-0.00408965425206053,2,2145.681925950487,2139.0525106644045,2
1034,1036,-0.0007064973767990988,2,2151.1220634786137,2151.75342344707,2
1038,1040,-0.004937703578017239,2,2150.123685203267,2141.6571354748626,2
1041,1042,-0.0004876026014010628,1,2143.5039765364677,2144.6023023979315,1
1045,1051,0.004493836946823596,6,2134.4574696401587,2146.1838309482914,6
1052,1053,-0.0021863034320589478,1,2146.5681934156696,2144.021712200672,1
1054,1061,-0.0016515469657011456,7,2146.730548303063,2145.3318525281384,7
1062,1065,-0.005687564548365239,3,2147.4331633172733,2137.3669317509234,3
1067,1069,0.0019049969139729324,2,2135.743381895746,2141.9477098291914,2
1075,1079,-0.0035266605458180835,4,2155.539335140328,2150.09301894727,4
1080,1081,-1.814889416785863e-05,1,2152.7943816580837,2154.908105202344,1
1084,1087,-0.0016475819705044996,3,2186.7274648810703,2185.3113796004063,3
1088,1093,-0.008460068299320004,5,2185.444230287617,2169.1406670653164,5
1095,1099,-0.007796037394313338,4,2152.5921367479787,2137.9630400919345,4
1100,1101,-0.00160698444259133,1,2145.2714196752313,2143.9692732983526,1
1102,1103,-0.0035050769014046555,1,2150.0111154692054,2144.62517228608,1
1107,1109,-0.0019498491734316202,2,2156.375383430902,2154.3271520553417,2
1112,1117,-0.012207117629082796,5,2148.6899573440955,2124.6093362437114,5
1118,1120,-0.004487628529696034,2,2131.141377790313,2123.708748320316,2
1128,1129,1.5563666352854744e-05,1,2128.6165350866177,2130.7782806992495,1
1131,1135,0.0004915348302848605,4,2137.3925794802003,2140.5805749584874,4
1141,1142,-0.0021679566824716564,1,2145.1237070001803,2142.618295431861,1
1144,1146,-0.0010917378633348998,2,2143.7491380896695,2143.552475124215,2
1148,1149,-0.002907635012039449,1,2148.170365364995,2144.0724403641993,1
1154,1156,-0.002204912268641882,2,2159.6590167473173,2157.0568171019554,2
1160,1162,-0.0017792888953562405,2,2166.7424907739087,2165.053972411752,2
1167,1172,-0.0013656776032532415,5,2167.8316408213072,2167.038913342635,5
1173,1174,9.552221611340843e-05,1,2168.476459552627,2170.852073689186,1
1176,1178,-0.007153454551916165,2,2184.5678554980873,2171.125216483703,2
1179,1180,-0.003678811901875968,1,2166.8425861020237,2161.038022392882,1
1190,1191,-0.0012482034216812648,1,2211.6224632340763,2211.0735309712345,1
1192,1193,0.0015559947159462365,1,2208.49119661527,2214.1360884440323,1
1194,1195,-0.00029595157250058353,1,2213.7908124109217,2215.3494283512123,1
1197,1198,0.0017100137978900897,1,2217.0392584883034,2223.0474654692707,1
1202,1203,0.000362373121532059,1,2226.049699108774,2229.082409386034,1
1205,1207,0.00130338619642794,2,2226.114322071369,2231.2419230724986,2
1213,1216,0.008068468623261188,3,2263.9448898307046,2284.475403028927,3
1217,1222,0.005283214573084752,5,2282.6063975400907,2296.948503321731,5
1224,1225,-0.002966619580006905,1,2305.057257653892,2300.524086917953,1
1226,1228,-0.008213196695005084,2,2294.058662459289,2277.5111660970897,2
1231,1232,0.00018205981900574304,1,2293.349058968574,2296.0599347421353,1
1237,1246,-0.000926340887440648,9,2294.380183712248,2294.549185720454,9
1248,1253,-0.005624311418176448,5,2302.2308326258517,2291.584600299262,5
1256,1258,-0.0007743701328791989,2,2293.8132359056754,2294.3307886812927,2
1262,1263,0.0033415612150231987,1,2336.211148166707,2346.3539518776925,1
1265,1266,0.002820588186889552,1,2355.5787859903853,2364.578482473428,1
1268,1272,0.0033373108559069248,4,2374.5097120493315,2384.8086988008595,4
1273,1276,-0.0035526102167136447,3,2389.295156871436,2383.1962176432617,3
1277,1281,-0.00798300988813666,4,2387.2702057660604,2370.599874313542,4
1284,1288,-0.0005491064317974586,4,2344.6832692128414,2345.7404718184016,4
1289,1293,0.00918859426269519,4,2351.7715681900754,2375.7328144969065,4
1294,1310,-0.017933766620441487,16,2388.493927882968,2348.047729133856,16
1314,1315,-0.0017269535816234888,1,2370.7753850309873,2369.051941373614,1
1319,1323,0.0012099907978032082,4,2333.068761841155,2338.224822335466,4
1324,1325,-0.004461837073988363,1,2342.1753008856176,2334.067071595232,1
1327,1328,-0.000605503554345898,1,2338.1547652636923,2339.077159007978,1
1329,1332,0.015329188336264999,3,2351.0435486714014,2389.4341815644175,3
1334,1342,0.0058656153112888,8,2413.2826064029136,2429.8512764159004,8
1347,1349,-0.001002222326138252,2,2421.1042277146403,2421.0988472314316,2
1351,1353,-0.003595073011973712,2,2421.2497614690233,2414.966441557787,2
1358,1362,-0.003787268182011664,4,2464.7923917061676,2457.9223542975005,4
1365,1368,0.008350273548094905,3,2453.4024119710457,2476.342395646531,3
1369,1372,4.6914626012135256e-05,3,2466.7212554122016,2469.3037019727876,3
1373,1376,-0.0041186460982315255,3,2472.8727137349533,2465.1606988948406,3
1377,1385,-0.01137984555868871,8,2462.1833427263023,2436.6262598916273,8
1389,1394,0.0037892736117128498,5,2428.871910665676,2440.5044428136575,5
1395,1406,0.0031795916917888222,11,2444.8185023416218,2455.0368454419404,11
1412,1413,-0.0028922387987792234,1,2448.797352202578,2444.1636428423926,1
1415,1416,-0.0010835852537731648,1,2454.4962275942394,2454.2910679041706,1
1418,1422,0.0012292044634054787,4,2467.264478627889,2472.764515616048,4
1425,1427,0.0008035530055637641,2,2490.4872979666425,2494.9790238182086,2
1430,1433,0.00565821419719177,3,2503.4330185164868,2520.101411782092,3
1435,1436,-0.0012006500641735913,1,2526.813620284634,2526.306614969569,1
1443,1444,-0.0032723870621636196,1,2528.162534602294,2522.417570767617,1
1449,1456,-0.012876567731124559,7,2509.863640759928,2480.0550752345557,7
1465,1466,0.0019047893742797691,1,2404.9177007157773,2411.903480098834,1
1468,1469,0.0008239332328037476,1,2413.959734080166,2418.362635461805,1
1471,1475,-0.005665126420539108,4,2430.0259926062213,2418.689614145517,4
1478,1481,-0.0016285581555219373,3,2384.4560379714158,2382.9572686822653,3
1482,1483,-0.0036775032156206805,1,2370.133009875381,2363.786971119991,1
1484,1488,0.0036834426792267732,4,2368.9276041039093,2380.022340748968,4
1490,1491,-0.0031884386371384098,1,2389.0227339914077,2383.794504335339,1
1496,1500,0.007251369224945045,4,2385.104729925326,2404.7851096921027,4
1503,1506,-0.00036381628597167395,3,2417.4808342335173,2419.0187961692322,3
1507,1508,-0.0005908510697083763,1,2423.320238362846,2424.311737246126,1
1510,1511,-0.005594948198799945,1,2432.7444056868576,2421.566071161806,1
1519,1521,0.003972269900005966,2,2428.758961190739,2440.8354062678372,2
1522,1525,-0.003406759878267752,3,2453.214557118439,2447.310258749584,3
1530,1532,-0.0037292971942406716,2,2434.5922895604713,2427.947563655454,2
1536,1539,-0.002365018398488187,3,2457.860305922249,2454.5052813837515,3
1541,1548,-0.0002730037442000107,7,2473.176097395556,2474.9740871582967,7
1560,1561,-0.001368440865446364,1,2473.029424542474,2472.118259441021,1
1565,1566,0.00019590133385937033,1,2465.3487981925696,2468.2971121087567,1
1567,1568,0.00013046087232592915,1,2464.643701617554,2467.4298848864573,1
1572,1574,-0.007650249910248785,2,2457.6345392219077,2441.290655348023,2
1575,1578,-0.0059183275815892404,3,2436.7099733128007,2424.7254354427228,3
1579,1582,-0.006648243666208135,3,2421.4535855067234,2407.776625629368,3
1585,1586,-0.00029267714648856605,1,2410.5194473569236,2412.224462850873,1
1588,1589,-0.0035285700365493868,1,2403.0721911606447,2396.995854822411,1
1591,1595,-0.013672722842429895,4,2411.582724397616,2381.021404919733,4
1597,1599,-0.00906730230869773,2,2367.574807954075,2348.4748662398524,2
1604,1605,-0.0008356283966578076,1,2360.7008562120554,2361.0888883968023,1
1619,1621,-0.0008486792110623392,2,2388.7447867956344,2389.106253541343,2
1628,1629,-0.00754776731902542,1,2367.267096716022,2351.7667825847407,1
1635,1636,-8.053913537687325e-05,1,2286.21006565307,2288.3121463367456,1
1638,1639,-0.004963696379064666,1,2295.019178379559,2285.922419172332,1
1644,1645,-0.025166091584871594,1,2205.7145479437463,2152.411048168054,1
1652,1657,0.010421008707829648,5,2169.6526594779225,2194.4322813947856,5
1658,1661,0.009342239706311966,3,2193.954806155576,2216.6452126656523,3
1664,1665,-0.005224174811413764,1,2194.2676991653125,2184.9987288209995,1
1667,1668,-0.010684943889424172,1,2148.086909651997,2127.2828084624107,1
1669,1679,-0.02776222769038233,10,2119.7680243889963,2063.038309869506,10
1680,1681,0.0030930146007565103,1,2074.8637583148725,2083.356205972236,1
1682,1686,0.00866150316971237,4,2094.1712704922397,2114.404112860021,4
1690,1691,-0.001784847874751524,1,2135.2008483836735,2133.525040535652,1
1692,1693,0.0020916623227511606,1,2137.3825654814627,2143.990630628467,1
1694,1696,0.004392740546498126,2,2142.623420305441,2154.1780324999986,2
1698,1703,-0.009399155597003751,5,2165.578990423709,2147.389955525538,5
1704,1708,0.009596909029233908,4,2154.2046984565654,2177.032609676458,4
1709,1717,0.011770878443035059,8,2186.1290450678057,2214.047833363155,8
1718,1721,0.0057335033945974286,3,2213.4078769321713,2228.311866385123,3
1727,1733,0.009368361473993964,6,2230.6555573193123,2253.7838004615724,6
1736,1738,0.004576686125931343,2,2239.628845384102,2252.1185524933912,2
1739,1754,-0.0021831067873422155,15,2252.091712816966,2249.427247825815,15
1757,1758,0.0006566099056582249,1,2261.244575557648,2264.990575720633,1
1762,1765,-0.009366758909717741,3,2253.2679794563346,2234.4154295132366,3
1766,1770,-0.013651654918734955,4,2240.3647376822105,2212.020416128953,4
1771,1772,0.00333559021159403,1,2221.0103949204586,2230.6397858485243,1
1787,1789,-0.006915782980210033,2,2145.241153426763,2132.550372322875,2
1790,1804,0.024603588159719147,14,2114.971527337137,2169.1223872926093,14
1805,1811,0.010677471434332342,6,2175.777762993035,2201.185345667842,6
1812,1814,0.0009479514311824179,2,2198.3403831426876,2202.6226434382565,2
1815,1816,-0.003968433488532977,1,2196.286502436328,2189.7669720320832,1
1817,1825,-0.037378694089271906,8,2195.706012029778,2115.8290947081714,8
1827,1828,0.003035816945125596,1,2100.7737885916,2109.2521270454736,1
1831,1834,0.008088246899690402,3,2107.978700108282,2127.1365309941543,3
1836,1840,-0.01569732424391868,4,2118.032527422303,2086.9031166076106,4
1844,1847,0.02029845288885474,3,2086.19831417049,2130.6311106816584,3
1848,1851,0.006281837718500281,3,2131.9651328729396,2147.4897569920213,3
1854,1859,0.008724615752111302,5,2158.4965931288225,2179.4871430992416,5
1862,1867,0.007325500969846326,5,2179.0298454520375,2197.1713605436726,5
1869,1870,-0.004195145253243704,1,2217.401193033249,2210.316274136792,1
1872,1873,-0.006122225798781434,1,2189.804648618294,2178.5879747528497,1
1878,1883,0.02265091624032817,5,2203.574978185553,2255.6915454239024,5
1884,1888,0.008900174171450486,4,2263.975697537826,2286.3894512633815,4
1889,1891,0.004399467704050274,2,2289.771827833925,2302.1353768679583,2
1893,1894,0.00010149287068102783,1,2316.5610938017844,2319.112769331104,1
1897,1898,0.002696071680452876,1,2316.067621559552,2324.6279735056123,1
1903,1904,-0.0026208252657566626,1,2328.8304523967345,2325.0558251598263,1
1906,1907,0.0004183326383503476,1,2324.0249872891354,2327.3212277809494,1
1908,1910,0.006724812548273544,2,2327.9810485610906,2345.9642657771583,2
1912,1914,-0.008291799187493606,2,2325.019255598689,2308.0656820798076,2
1915,1916,-0.0008125566574837411,1,2315.54803734969,2315.9820714135676,1
1917,1918,-0.0002457690987994074,1,2313.2818649485,2315.026613614231,1
1922,1924,-0.007506731772616919,2,2324.2825951951413,2309.1591117844446,2
1931,1932,-0.002768413743887173,1,2306.7715727420155,2302.6922461887702,1
1933,1936,0.0038863659849287966,3,2309.1381969982053,2320.421491338517,3
1937,1944,-0.009371555334722972,7,2315.1539341905295,2295.772494922052,7
1945,1948,0.00021565649208885496,3,2295.210165743452,2298.000352882146,3
1949,1954,-0.01388533225541751,5,2298.519319410055,2268.90213428396,5
1955,1967,0.05679143002973007,12,2258.9717357106706,2389.5209427141317,12
1969,1973,0.004038523386669993,4,2428.040605474724,2440.274344849193,4
1974,1981,-0.012060065706246348,7,2445.1392141937904,2418.0958138238875,7
1983,1989,0.0006945147259659664,6,2422.6821093970957,2426.7873799078034,6
1990,1991,-0.0036339186380127996,1,2419.489073835468,2413.1163364694244,1
1995,1998,-0.004848817109206335,3,2388.100381498393,2378.9090198915796,3
673,676,0.00028077641342401935,3,1979.9961458382966,1982.5320782005567,3
679,684,0.0005689932682579923,5,1989.583388945523,1992.7050318894164,5
689,690,0.00017508934702315762,1,2010.5208759025807,2012.8834175658214,1
693,696,0.0017936591821866308,3,2011.6673364847647,2017.2872494108403,3
697,699,-0.0017624587587977952,2,2020.1436290577071,2018.6033528537025,2
701,703,5.925359258491061e-05,2,2022.2434970142947,2024.3855657035886,2
704,705,-0.00483270594833899,1,2031.3603541182756,2023.5747472058265,1
706,707,-0.0007298637266631589,1,2015.3258792967533,2015.8702919193458,1
711,712,-0.002572163566435478,1,2000.2887121485744,1997.1439311129823,1
718,721,0.007175187937331565,3,1999.8102956400603,2016.1591206459284,3
722,725,0.001453162460231619,3,2023.258357990868,2028.221739442041,3
726,729,0.0072802723057866165,3,2024.9085644078236,2041.6753587154399,3
732,733,-0.0019094943023468475,1,2047.475373112672,2045.6132059266306,1
734,736,0.007234781104797006,2,2051.029071778305,2067.9188472239744,2
737,746,-0.0016557216964185654,9,2070.503786336628,2069.14611208141,9
747,750,-0.003670854724978112,3,2068.9948597798766,2063.468875082678,3
751,753,-0.0017630447866862301,2,2062.803350191602,2061.2293388492794,2
757,762,0.009292877994980683,5,2049.0115468934596,2070.1017727559406,5
764,765,0.00010511072200784853,1,2076.4024697302198,2078.697124362722,1
766,769,0.002086524953877409,3,2082.808589357172,2089.237230042373,3
770,771,0.002407853592540461,1,2086.4212612796096,2093.531479470414,1
775,776,-0.001565765678227912,1,2083.634941853505,2082.456092717448,1
779,781,-0.0004167019070208112,2,2076.0056993581807,2077.21662952363,2
783,784,-0.0016237900630111713,1,2078.368169070923,2077.071703659778,1
789,795,-0.0035819595560721913,6,2077.2122628870657,2071.848984834914,6
796,798,-0.0013211152462274133,2,2070.972811012734,2070.3077900685953,2
799,800,-0.0019406790715018809,1,2075.1786296468695,2073.2265525403327,1
801,802,-0.0020119733614257095,1,2071.771696852422,2069.6751190842515,1
807,808,0.0010612885690379215,1,2082.144337785502,2086.4362381080664,1
818,821,-0.0009511868156908875,3,2078.7269957559847,2078.828465039957,3
823,829,-0.007993107552312948,6,2077.986721935863,2063.4551372970873,6
831,832,-0.004600086225639879,1,2062.9702152786735,2055.5433446227435,1
833,838,0.005606630544377654,5,2060.4855655848287,2074.0984324586707,5
839,841,-0.00044114861900343655,2,2073.5858562744866,2074.7446825938805,2
842,848,-0.0017509666784971854,6,2080.7341464846304,2079.171584473809,6
852,863,-0.00522046461332409,11,2074.185684387055,2065.431657104636,11
867,868,-0.0011810508447828568,1,2067.733900833476,2067.359535863944,1
869,870,0.001577862331413841,1,2074.5310436443406,2079.8788990771,1
875,876,0.0016260367190336724,1,2114.280032390797,2119.8322093901747,1
879,883,0.013957303364044733,4,2149.731478763793,2181.8856646428994,4
887,888,-0.002456048061995275,1,2174.112318878974,2170.94670685051,1
889,894,-0.00671785763903537,5,2171.397600075145,2158.9818577201722,5
895,897,0.003571723613511664,2,2161.484777856552,2171.3664888557246,2
901,904,0.0021203373746070853,3,2161.423090072234,2168.1674593225252,3
910,911,-0.0031206186442463407,1,2167.063242627535,2162.4677279119583,1
914,915,-0.005823867479443975,1,2158.388037512528,2147.9762596503506,1
919,923,-0.0007884131994156116,4,2155.5630028001297,2156.01909147935,4
924,927,-0.0009750084713009699,3,2157.4631741395174,2157.517092442351,3
928,930,-0.002931508674010261,2,2159.5320151172946,2155.3608602982927,2
931,934,-0.002405788201583367,3,2153.324329493943,2150.297211557358,3
935,938,-0.002716534581342576,3,2143.00206344441,2139.323526294619,3
942,944,-0.005477800457052919,2,2136.554106211459,2126.987043258147,2
946,949,-0.005096144386022886,3,2114.5382977007553,2105.876843523598,3
954,956,-0.00019861642523449398,2,2117.8899745317462,2119.5872167704965,2
957,958,0.0004255132810049571,1,2130.137905054213,2133.17444492824,1
960,962,-0.0030343074724367082,2,2138.8307616609677,2134.4797222602433,2
964,965,-0.002964855269571473,1,2139.0681321652596,2134.8651728738023,1
968,969,-0.0024044931673465513,1,2150.992857643135,2147.971802871564,1
978,981,-0.0043363821249511655,3,2132.9197121619477,2125.8034769603346,3
982,984,-0.003488819076228571,2,2125.371732703065,2120.0820669906366,2
986,987,-0.003253887909025332,1,2128.5255431491737,2123.728085163418,1
989,990,-0.00040770378748961446,1,2133.088946216195,2134.3523667199865,1
994,997,-0.004130200741482364,3,2138.318976307941,2131.625608662776,3
998,1000,0.004842702730029836,2,2136.7958424407407,2149.2805053428856,2
1003,1006,-0.00014649613146655127,3,2147.000543264365,2148.8330165337848,3
1007,1011,-0.0043425870125930015,4,2149.290895009133,2142.106703177191,4
1013,1015,-0.003060820725983759,2,2135.9866846529703,2131.584799022812,2
1017,1018,0.0010839593948650753,1,2133.6378529266585,2138.084267575505,1
1020,1023,0.0028630480496064196,3,2144.689883137856,2152.9749232079225,3
1028,1029,-0.0023370527459612035,1,2140.8725847265846,2138.010125158423,1
1030,1032,-0.001812685630733936,2,2148.1683637928763,2146.4225782312246,2
1033,1034,-0.0010766935027242603,1,2152.0319161320876,2151.866869266465,1
1035,1036,-0.0007920842983146479,1,2151.439842022581,2151.887160146969,1
1037,1042,-0.004538689758489843,5,2152.3175396435854,2144.7011556090306,5
1047,1048,-0.0007550504715924267,1,2137.0543797472455,2137.577850209746,1
1055,1059,-0.007234077445126371,4,2151.512621113235,2138.0999248090484,4
1060,1061,-0.0005226877480641527,1,2142.5767241102862,2143.5994022314167,1
1063,1064,-0.0056532084603698836,1,2150.484652647961,2140.477999268364,1
1069,1074,0.003724460415154668,5,2144.0201268447017,2154.1494650632744,5
1077,1078,-0.002561289544069634,1,2154.279852279596,2150.916397671232,1
1081,1082,0.003035536562564837,1,2156.0892985439777,2164.7902757404067,1
1083,1084,0.003772043029090761,1,2172.798476370465,2183.1671641932476,1
1085,1086,-0.0006401042492811839,1,2186.1954703338038,2186.9822727938176,1
1087,1093,-0.008072870134161608,6,2187.12944520733,2171.6601626747774,6
1094,1095,-0.004577748037609934,1,2156.7204971184638,2149.004294592225,1
1096,1098,-0.0084441921861256,2,2151.3617641287356,2135.346613694679,2
1100,1102,0.00026965011448683665,2,2145.183172361337,2147.9068044217206,2
1103,1104,-0.0013618046698917893,1,2148.7838107634147,2148.0063707460927,1
1107,1109,-0.00143785570380505,2,2156.40932583443,2155.465129711375,2
1110,1111,-0.005190440678120752,1,2156.732377873339,2147.6947187852784,1
1114,1118,-0.006963403812190649,4,2140.6839998719606,2127.9182367464286,4
1122,1124,-0.004813904494203624,2,2133.9734666830145,2125.834695687921,2
1128,1133,0.002873127377702685,5,2127.8134379963917,2136.054730477739,5
1143,1148,0.00024498354456000196,5,2146.2735161657192,2148.9455913754705,5
1150,1151,-2.5946510799671006e-05,1,2144.0892578706816,2146.1777154934675,1
1155,1156,-0.0039199861796139,1,2158.8205087864994,2152.516782736576,1
1157,1162,0.0035419285387759663,5,2156.920305877763,2166.7168837708946,5
1166,1173,-0.001953321012420558,7,2168.2384177806034,2166.1713905369957,7
1176,1179,-0.008352401660384447,3,2179.4735348343797,2163.4491699980995,3
1180,1181,-0.002671578405068883,1,2163.523113299318,2159.9066147842595,1
1184,1185,0.004029791903331291,1,2182.084064501358,2193.0594932613753,1
1186,1190,-0.00023558726532845983,4,2203.3619729243956,2205.04625087559,4
1195,1197,-0.0013071131254338139,2,2214.7805837546953,2214.1003955674682,2
1199,1200,-0.0029815817107649223,1,2228.3905221259433,2223.9747842228567,1
1202,1203,-0.0014719774067974264,1,2228.1110827463426,2227.0594646554514,1
1204,1207,0.002123253168233398,3,2221.1632683564817,2228.1005235715397,3
1209,1213,0.008764125069770468,4,2244.0175528355503,2265.928420880197,4
1216,1220,-0.0016114085554471847,4,2287.5106628310327,2286.112059241101,4
1223,1225,-0.0011895468171549675,2,2303.794517744179,2303.3578408259614,2
1226,1227,-0.009087921504681656,1,2293.074714557067,2274.5285062613593,1
1228,1234,0.004904554883359585,6,2281.38948325992,2294.8600726741474,6
1235,1241,-0.011376544200652264,6,2298.5319630408108,2274.6811445297058,6
1244,1248,5.648645599511527e-05,4,2291.9320890360996,2294.353484246227,4
1250,1251,-0.00038387273321002617,1,2295.8362647124336,2297.250792035208,1
1252,1254,-0.004008944067357574,2,2291.2122677178786,2284.318138157872,2
1255,1258,-0.00024082405970465284,3,2290.6073342484574,2292.346308225283,3
1259,1263,0.019523967052586855,4,2300.053860339381,2347.260089988162,4
1265,1274,0.01066174190335279,9,2357.8978377772733,2385.3950337959054,9
1276,1280,-0.004735509164809887,4,2386.696976492549,2377.781448063237,4
1282,1283,-0.007748311465422662,1,2367.143637146709,2351.1694145998495,1
1286,1290,0.004917139275134049,4,2340.6148842496095,2354.4646285091662,4
1292,1293,0.0013061438005022236,1,2373.8190672784376,2379.2934354039558,1
1296,1298,-0.0008107692673109849,2,2383.9894493752545,2384.4405734454826,2
1300,1305,-0.019729959221614236,5,2371.2050198421325,2326.7924465144024,5
1307,1310,0.002616573245903408,3,2336.088903099791,2344.5375397267935,3
1311,1312,0.001963711216234315,1,2353.4329702351038,2360.407865925645,1
1315,1316,-0.0018785429973095344,1,2369.468069656841,2367.3863900768956,1
1320,1324,0.0010545410182112077,4,2335.5897273337987,2340.3882922303187,4
1326,1328,0.0035467661651010316,2,2335.050972472087,2345.667903227509,2
1332,1334,0.007072889446399799,2,2395.0960745541624,2414.4314203775443,2
1335,1336,0.0017811158951263318,1,2423.1711341037144,2429.9102538613815,1
1337,1344,0.0006550838375650855,7,2428.941858391377,2432.961960803586,7
1345,1347,-0.007304574043121095,2,2436.735380383182,2421.3728017540634,2
1349,1350,-0.0016316867656224528,1,2422.88535453138,2421.354849918302,1
1353,1354,0.0016169015002267238,1,2415.5931456288295,2421.914514955563,1
1355,1356,0.005008283434718365,1,2423.144515503189,2437.7034545556153,1
1359,1363,-0.008283451934345572,4,2472.6980507603134,2454.6882733594507,4
1366,1374,0.0033701554732971737,8,2460.0001935957594,2470.750776906114,8
1375,1376,-0.0013832807578554756,1,2470.431432528989,2469.484563697299,1
1379,1382,0.0012296098045972313,3,2446.418830395292,2451.8733898056926,3
1389,1390,0.00023074792526964422,1,2426.7390984393196,2429.7258025498945,1
1391,1394,0.0007777493855852867,3,2432.885465066533,2437.2105257072544,3
1397,1400,0.0016840011491702734,3,2454.010799120894,2460.5973669258105,3
1403,1404,-0.004447108170562431,1,2467.7703261090574,2459.2636548548553,1
1413,1414,0.0030125024110570038,1,2445.307247363675,2455.1190485894967,1
1416,1420,-0.0006672538836624733,4,2461.4819893289064,2462.3010379012903,4
1422,1424,0.0024610355412625117,2,2474.2607308424067,2482.8242351702024,2
1425,1428,0.0008986818099706371,3,2489.6388156093954,2494.3658475419898,3
1433,1437,-0.0010374906187168296,4,2521.058178022894,2520.963661991979,4
1440,1441,0.0004043476469898651,1,2523.183733901708,2526.727161041336,1
1442,1443,-0.00475180663084988,1,2531.831188272596,2522.3322472322425,1
1444,1445,-0.0037223709797781614,1,2523.636240327085,2516.765966262902,1
1447,1449,-0.0010819194608153735,2,2506.1984821952738,2505.993175766916,2
1451,1455,0.0010409676599843652,4,2494.629349987422,2499.720807814394,4
1456,1458,-0.012920841484993936,2,2482.7649462085037,2453.1682988402526,2
1461,1463,-0.010401836787401988,2,2440.587372742118,2417.6413685982025,2
1464,1466,-0.002851984696384255,2,2411.604248020226,2407.137993859157,2
1471,1477,-0.01584013968315644,6,2429.5687081791916,2393.5135691799865,6
1482,1486,0.0013349779392200114,4,2368.3131550723915,2373.84311404265,4
1489,1492,-0.001235867929815469,3,2388.6280786244165,2388.0646778644123,3
1499,1500,-0.0031344970149809154,1,2406.772271535713,2401.6350233063813,1
1509,1513,-0.008671832564606038,4,2431.9161366822705,2413.2588832704805,4
1514,1516,-0.0009901727105067583,2,2419.264062032089,2419.287836840387,2
1517,1523,0.013799543938423812,6,2418.841765201297,2454.6395201854884,6
1524,1525,-0.005314251272534416,1,2453.992212900284,2443.4050738729893,1
1527,1528,-0.0030804216672971263,1,2444.0180169515475,2438.933428913817,1
1531,1534,-0.002432896695795433,3,2431.060635125796,2427.577176374446,3
1540,1541,0.002335414996665246,1,2465.8992016554275,2474.123998832894,1
1542,1545,-0.0002137625186721579,3,2479.2320785327865,2481.1813437178394,3
1551,1552,-0.003638809729620939,1,2483.0323672003947,2476.4801172308626,1
1557,1563,-0.006515223134615395,6,2479.0846960899007,2465.4119908213547,6
1567,1568,-0.0020824480171317784,1,2468.209649239021,2465.5379405983367,1
1576,1579,-0.008406378663297909,3,2437.3714075633975,2419.3193119758876,3
1585,1586,-0.002756352885001001,1,2409.2672585980167,2405.0357350976396,1
1588,1592,-0.002032510114825967,4,2407.388506229405,2404.902853246407,4
1594,1596,-0.010224520134093255,2,2397.9611112636085,2375.8410707119847,2
1599,1600,0.00011246241482091202,1,2351.2334051475364,2353.8490639392344,1
1604,1606,-0.005762507175594676,2,2363.006112004082,2351.7522784396883,2
1609,1610,-0.0013419046820843598,1,2367.3822937126893,2366.5728746221853,1
1614,1616,0.0004896727973073345,2,2379.7438102431756,2383.2888498618554,2
1617,1618,0.0019770453445504916,1,2380.312248307298,2387.3985458046977,1
1621,1622,-0.0035220268206619908,1,2391.316752136552,2385.2857871509655,1
1623,1624,-0.0030754148420009436,1,2388.400117640088,2383.443196587301,1
1628,1630,-0.013642995560649986,2,2367.2650967022073,2337.3357745937196,2
1632,1633,-0.013826537773594529,1,2320.5463369734193,2290.7817617268533,1
1635,1638,0.00410554453571336,3,2287.1037423845737,2298.780652399115,3
1640,1643,-0.017584670650821786,3,2281.28690608916,2243.452514091639,3
1645,1647,-0.007229343407169805,2,2154.6166881693343,2141.1948409079087,2
1659,1660,0.005638560560466807,1,2195.086029356091,2209.658240897406,1
1661,1671,-0.04404886214563162,10,2218.9809235678017,2123.456319685345,10
1674,1678,-0.026445128630350267,4,2127.585579902104,2073.448891149417,4
1679,1683,0.011795443227244691,4,2070.1457738890163,2096.6342066109337,4
1684,1691,0.008161751802695804,7,2111.9407631604076,2131.2898402544793,7
1692,1694,-4.242331100630652e-05,2,2134.978852321604,2137.0232583020816,2
1695,1700,0.0055681095206222084,5,2143.4575460393,2157.53600995449,5
1701,1702,-0.002126302483138838,1,2154.623214470999,2152.1964569943116,1
1704,1712,0.01903381973086423,8,2150.999848210427,2194.092591410591,8
1713,1716,0.004545552203326809,3,2208.5246611709695,2220.7721499718277,3
1717,1720,0.0016262642544775446,3,2216.554530947728,2222.375788880456,3
1721,1722,0.0032878767426081828,1,2229.190605415797,2238.7490999676,1
1724,1725,-0.001454134002883525,1,2236.0566783675454,2235.041208997524,1
1726,1732,0.009601866260781765,6,2235.4433482539957,2259.143219665739,6
1735,1741,0.002741299863973504,6,2246.911064142615,2255.3174322012524,6
1744,1753,-0.007085816443820935,9,2263.6042896050512,2249.828409397069,9
1759,1763,-0.014072883923083541,4,2266.544332056946,2236.9140610974428,4
1767,1776,0.0033887908514770677,9,2228.576656658005,2238.357413500561,9
1777,1778,-0.005541345312162411,1,2242.3379132437576,2232.154682473164,1
1780,1783,-0.007846083583671618,3,2219.4113115050577,2204.217036159948,3
1785,1790,-0.026368782953052505,5,2168.9670756888745,2113.9430207134064,5
1794,1798,0.006321401138128884,4,2119.361943267302,2134.8786422108465,4
1799,1802,0.00949129518820516,3,2145.0601645319066,2167.5646239144708,3
1805,1808,0.004424970551664987,3,2174.25890704283,2186.0541975852325,3
1809,1810,0.0025313570289837994,1,2197.0856242625346,2204.8443180250533,1
1814,1815,-0.0016428588893313751,1,2201.9268539602967,2200.511325708571,1
1817,1821,-0.013650775692491797,4,2190.386972739169,2162.6768784672895,4
1822,1825,-0.023675709014124295,3,2161.2391042174963,2112.2314751803137,3
1826,1834,0.012025725547816793,8,2099.4564689770787,2126.8034127415626,8
1836,1841,-0.018328390522605043,5,2119.6879424334757,2082.9571619809312,5
1845,1846,0.008794628186281604,1,2098.343722001777,2118.896218565803,1
1847,1857,0.02362481997363752,10,2125.279955751422,2177.6145920553813,10
1858,1860,-0.0002697964311372495,2,2184.554520296504,2186.1496898036,2
1861,1867,0.004696728217923468,6,2187.534712577456,2199.996503302283,6
1869,1872,-0.014612742914131047,3,2216.5558789942793,2186.3824736587244,3
1873,1875,-0.008115553021208453,2,2179.3694205301927,2163.8620018656097,2
1877,1878,0.0034142767262403447,1,2187.7611146578524,2197.41849762886,1
1880,1883,0.013697215306374758,3,2226.730417860647,2259.4571542411986,3
1886,1889,0.0016855550612740393,3,2282.4138725985854,2288.5434207260646,3
1890,1891,0.0009744234841793003,1,2294.163644848739,2298.6932954256786,1
1892,1893,0.0018664729291853152,1,2311.130377050272,2317.7551697119043,1
1894,1899,-0.00018998656284659936,5,2320.7282417420524,2322.608062801845,5
1900,1901,-0.0004046473333601065,1,2333.229872640043,2334.6189672666032,1
1904,1911,0.002148447632592358,7,2330.659208061289,2337.997166527289,7
1912,1914,-0.007624927484847243,2,2327.724350799214,2312.303345770456,2
1915,1919,-0.000845033959246364,4,2314.0087222497937,2314.36731501975,4
1920,1924,-0.0076706604154877745,4,2324.525292848383,2309.019173992579,4
1926,1928,0.0024821604545394236,2,2293.513372122425,2301.499753688787,2
1929,1932,0.0001132686771301533,3,2304.5746142920457,2307.1402250242463,3
1936,1942,-0.01834520225903921,6,2325.987253014863,2285.6425336593734,6
1944,1946,-0.002051353777379659,2,2299.9156309115388,2297.4976059253254,2
1948,1954,-0.0169298981657665,6,2302.620036409886,2265.939533715423,6
1956,1961,0.04185295069132185,5,2263.5933742472553,2360.5950294990757,5
1962,1963,0.0018524922044588885,1,2368.074715074886,2374.8296297392135,1
1968,1977,0.005855197493351696,9,2408.3289699119305,2424.838540629637,9
1978,1979,-0.0015838178569834234,1,2429.1084017987628,2427.690244937244,1
1983,1986,-0.0015461160350105276,3,2418.2446860227674,2416.9240438231514,3
1987,1996,-0.021666257683554985,9,2431.2189510478543,2380.974753720357,9
1999,2000,-0.002829513839610279,1,2372.3690367217937,2368.0287547364483,1
674,678,0.001925683107385139,4,1984.1616215116276,1989.966649650006,4
679,681,-0.0010101094315186482,2,1990.1364120963492,1990.1162929485783,2
682,684,0.002932154604121386,2,1984.5090669271592,1992.3124633915975,2
688,689,0.0006461707942266748,1,2003.7829293288034,2007.0814982650345,1
692,696,-0.0020542448606056573,4,2019.1373847840653,2017.0087195733,4
698,699,-0.00011027310859170326,1,2017.0758400991983,2018.8704867161446,1
704,705,-0.0022183865140896447,1,2027.4991160495558,2025.0288384692324,1
709,712,-0.00936196782016855,3,2011.25607809611,1994.438019492952,3
713,716,-0.0009690424657533978,3,1997.3436553926456,1997.4054882272596,3
721,722,0.0013726134338165456,1,2016.1791656714001,2020.9627794448531,1
724,732,0.00854870256155782,8,2028.7975448625025,2048.1699291760133,8
733,734,-0.000568538341095161,1,2048.657297155879,2049.5412142318373,1
735,736,0.001059901128048327,1,2061.251680740344,2065.4976554026925,1
737,743,-0.004535546600975339,6,2071.6583832767374,2064.3339385213612,6
744,746,-0.0014759075286177197,2,2067.0447535262124,2066.0610313660195,2
747,756,-0.008620783485674608,9,2066.413985753872,2050.666292176672,9
758,760,0.0033551524627013305,2,2051.5354874739846,2060.470237304576,2
762,768,0.007543244091746482,6,2068.4395581855447,2086.110742220148,6
769,770,0.00036787564521874186,1,2091.7435690078382,2094.604814091927,1
774,775,-0.0019366035775108697,1,2084.815719746577,2082.8630738850115,1
776,777,-0.002501914719254382,1,2078.8162833309802,2075.6940785564198,1
784,787,-0.0009807443353852918,3,2075.244581621572,2075.284541835229,3
788,789,-0.0038659241884106666,1,2080.831193969712,2074.8676895189146,1
790,794,-0.001853750875527542,4,2076.5043552397005,2074.731537828378,4
795,798,-0.0003414106633876677,3,2072.750858625067,2074.1159502380115,3
799,801,-0.004942285818844689,2,2076.494914583874,2068.308778129207,2
803,806,0.001841543954526216,3,2071.59858505341,2077.4851234889734,3
811,813,-0.0020702129427151925,2,2088.152540830121,2085.917772954561,2
814,815,-0.004220809912619228,1,2088.635916283744,2081.9088170207247,1
817,821,-0.003635804584794007,4,2082.8673450683145,2077.3773137706658,4
823,824,-0.0016362438944246154,1,2075.8846354282546,2074.5638665034335,1
825,828,-0.0015752697366699648,3,2066.788216377932,2065.5992556649435,3
829,830,-0.002973504987780364,1,2065.5812998889974,2061.5048648910006,1
835,839,0.0025415856893775545,4,2065.2725791994135,2072.58691901057,4
841,842,-0.00040381237101665894,1,2075.1477076908063,2076.3848850824447,1
845,848,-0.0032454297189750732,3,2080.5567125932394,2075.8849687187694,3
850,853,-0.0010319941204807788,3,2076.3653786874183,2076.2989472033305,3
856,861,-0.007569667618957392,5,2076.321065905371,2062.6803266321335,5
863,866,-0.0024255764639312585,3,2068.8062303714246,2065.8569889009727,3
868,871,0.006350475919504228,3,2073.8166253369727,2089.0601645029797,3
875,876,0.003408272850896503,1,2113.3726379400973,2122.688961163756,1
880,882,0.0030455318876605663,2,2165.2214942409137,2173.9809668397133,2
887,888,-0.00046105194795116307,1,2175.7486799252224,2176.921295438016,1
895,896,-0.003101078728958638,1,2169.036593356929,2164.479276708294,1
898,899,-0.002092579527054982,1,2166.46839908616,2164.101360067307,1
902,903,-0.0006909826107654872,1,2164.5972010181126,2165.2660991939156,1
908,909,-0.003046874009061119,1,2166.6060721151994,2162.1713024583128,1
910,912,0.0006602769972921829,2,2159.5391081336948,2163.124541239682,2
913,914,-0.005528412760565651,1,2161.7259795329633,2151.9367920224,1
917,924,0.002826109143733363,7,2149.9706758423094,2158.1966983039083,7
933,934,-0.0008261209017182184,1,2148.976138076762,2149.3498001098797,1
936,940,-0.0032393104700952913,4,2140.6174124958075,2135.8239055115373,4
944,947,-0.012546122815840562,3,2130.302531476978,2105.7057968136487,3
948,954,0.003306911360999935,6,2104.8792889168726,2113.944817439842,6
958,959,-0.00044032202344512414,1,2132.6466256107046,2133.840220958833,1
960,962,-0.0024712216567234066,2,2142.2780258806865,2139.126260054288,2
966,968,0.0018512136155876008,2,2142.1597249152787,2148.2674798897206,2
971,973,-0.004337075325776327,2,2151.884289368322,2144.703289402345,2
978,980,-0.0028486146903198353,2,2129.4839895102814,2125.547394124472,2
981,983,-0.00484913468718386,2,2125.9703256960292,2117.787179571469,2
984,985,0.0003370059459032811,1,2116.505813156108,2119.3355940128367,1
987,988,-0.004022954449534717,1,2129.6643778952853,2123.226499488111,1
991,1001,0.002534983334624725,10,2134.6002663309464,2142.146042698512,10
1007,1008,-0.00017702357435707763,1,2146.151051064813,2147.9172827857083,1
1009,1011,-0.0012503422834725445,2,2142.675644242764,2142.1392419292433,2
1013,1019,0.003079125945877729,6,2134.54949739879,2143.25659363639,6
1022,1030,-0.001054230450009375,8,2145.510813744427,2145.394461727498,8
1031,1032,-0.0021069293880170764,1,2147.9319975548956,2145.55438850334,1
1034,1038,-0.003910770613274496,4,2151.9731825951862,2145.7092822947334,4
1042,1043,-0.002777819782726444,1,2144.8661930657304,2141.053007516397,1
1045,1046,-0.0007340950242304613,1,2138.740489932631,2139.309191670784,1
1047,1050,0.0008286478814262194,3,2137.657753439168,2141.566776761209,3
1054,1057,-0.003236026818690582,3,2146.7147549459432,2141.9146431818053,3
1060,1061,-0.001903497535825993,1,2143.8655695900165,2141.92859233075,1
1063,1064,-0.002482658129746077,1,2144.6697795416635,2141.4899674574053,1
1065,1066,-0.0030415880169396034,1,2139.156789077787,2134.7895122108507,1
1067,1070,0.0024568120641701658,3,2141.1885567728314,2148.590243207547,3
1071,1073,-0.003181765395617022,2,2157.7396220335313,2153.031940393427,2
1077,1081,-0.0009009733697055345,4,2156.819842370661,2157.033424971803,4
1083,1085,0.0009237967603895156,2,2179.865507646295,2184.05912584799,2
1087,1090,-0.0018265914862238583,3,2186.2383758111278,2184.4312497828264,3
1094,1101,-0.009279574154904865,7,2161.6674398634013,2143.769753996809,7
1104,1105,-0.0019963655471194825,1,2153.1024030972526,2150.9571260433863,1
1106,1107,-0.0025498775469585066,1,2155.5985253946324,2152.2576116398664,1
1109,1112,-0.004845639887201526,3,2154.249540842252,2145.9650728810034,3
1119,1120,-0.004168081440853719,1,2127.5631795505437,2120.822886127166,1
1124,1130,0.0017802308075081305,6,2126.091057869173,2132.002081727828,6
1132,1135,-0.001159395876388201,3,2136.5365464673037,2136.195991352044,3
1140,1143,-0.004788538364882411,3,2150.649766211377,2142.50194706266,3
1144,1149,-0.0004290384002507586,5,2140.7619857234354,2141.9842786114864,5
1150,1153,0.002128421661299588,3,2149.7371211079894,2156.4624052837635,3
1154,1159,0.0008171041852538495,5,2159.561052444833,2163.4851998715417,5
1164,1165,-0.0028903793318732327,1,2170.35422125256,2166.2514284898602,1
1176,1184,0.0005095780241064424,8,2179.9515247985564,2183.2423317140097,8
1186,1187,0.0006350909585696369,1,2209.12948651493,2212.74161416464,1
1190,1191,0.0001753558733370577,1,2208.019269712589,2210.614478129687,1
1194,1197,0.0013523022397985015,3,2213.105583174006,2218.3114763942167,3
1202,1205,-0.0021401222128983135,3,2228.584868852466,2226.0440097401583,3
1208,1209,0.0001316313726493839,1,2238.6410769124973,2241.174393387233,1
1211,1213,0.0038581513744685427,2,2254.09898622952,2265.049740317659,2
1215,1216,0.00040165005162486186,1,2277.4722157413403,2280.6644347901083,1
1217,1218,-0.0011725381585520527,1,2281.4296401818983,2281.0360065129153,1
1221,1222,0.00041151250312699097,1,2294.8791594786803,2298.11841010545,1
1225,1226,-0.005716378860620377,1,2302.858928358583,2291.9977731898816,1
1233,1234,-0.0005379750547052248,1,2292.5889485578227,2293.6481818413636,1
1237,1241,-0.0057730246067297306,4,2288.0867664816556,2277.165672042906,4
1244,1252,-0.002849074958689556,8,2292.000382676838,2287.7623021639233,8
1253,1258,0.001602291209281494,5,2287.347118236923,2293.2994615352864,5
1264,1268,0.008554102268870298,4,2348.808219263175,2371.2489731999785,4
1270,1271,-0.002107773734566015,1,2377.8002077706064,2375.1661431543926,1
1273,1275,-0.0035485202466274133,2,2388.564837623067,2382.4775317740023,2
1278,1282,-0.00865045904956535,4,2383.946646243587,2365.708360050152,4
1284,1286,-0.005398567236958876,2,2350.1177910407578,2339.7806399220917,2
1287,1290,0.0034212624667629334,3,2347.668390896119,2358.048049037194,3
1294,1300,-0.009102357623664965,6,2386.216927231136,2366.8829443190666,6
1302,1304,-0.01635871229177563,2,2362.9926448487786,2326.7001206689642,2
1307,1308,0.0029681398555371297,1,2332.774072382794,2342.03084615338,1
1311,1312,0.001544513823215042,1,2352.4428724676513,2358.428695874969,1
1313,1316,-0.004515909384980842,3,2372.103515366524,2363.7634143547007,3
1322,1327,-0.0024894446962012698,5,2339.849559079468,2336.364482563788,5
1328,1329,0.0007391531604226068,1,2343.361773725145,2347.437238759933,1
1331,1332,0.0015380684800531943,1,2378.3025880566884,2384.338882891464,1
1333,1336,0.004634713338757557,3,2406.2031572623405,2419.761422288327,3
1337,1338,-0.000973617208293081,1,2426.233183020565,2426.297193825265,1
1341,1343,-0.0034508889629818714,2,2440.9490404220232,2434.9665453596517,2
1344,1346,-0.0056888297893494914,2,2437.032728216922,2425.6058965632387,2
1348,1351,0.0013615643588600385,3,2419.849401623105,2425.564031723787,3
1354,1356,0.005971790974806983,2,2422.997960297593,2439.8905956091717,2
1359,1361,-0.0030692594184247787,2,2471.427963886727,2466.313938295496,2
1363,1364,-0.003327119035309599,1,2454.835424166439,2449.122729922309,1
1372,1373,-0.002885062381598081,1,2474.3320140351093,2469.667743835868,1
1376,1377,-0.004412225252390463,1,2467.5839650891407,2459.16401277107,1
1378,1379,-0.006043960496434937,1,2454.4968561642563,2442.11647098314,1
1380,1381,-0.00023943330014076353,1,2443.1402791494097,2444.9984502888155,1
1382,1384,-0.00383050366815726,2,2446.509434335485,2439.584580407417,2
1385,1390,-0.003925941600944744,5,2435.418947159358,2428.2930535461355,5
1391,1392,0.001607779449327254,1,2430.7077466318333,2437.0464963408203,1
1393,1395,-0.0008403215940696238,2,2441.6913181986374,2442.0812035761014,2
1404,1406,-0.0035842750867548746,2,2464.0025653909556,2457.6349049475157,2
1411,1414,-0.0020283663632711963,3,2453.9443179685163,2451.420764174577,3
1425,1426,-0.0013347962461036755,1,2492.232641671043,2491.3982515381945,1
1431,1432,0.0038245368336373917,1,2503.8519635376797,2515.9318895617425,1
1434,1435,-0.004342685398149471,1,2533.912845421659,2525.4427719530845,1
1437,1438,-0.005821735864282426,1,2523.390917229598,2511.2237927443875,1
1439,1442,0.0032415797447055885,3,2518.760406098758,2529.4439292190327,3
1443,1444,-0.002561885456561779,1,2526.093776461981,2522.148307330614,1
1447,1448,0.00042693921748666007,1,2503.4288094310823,2507.0010501774454,1
1450,1453,-0.0011523396133055895,3,2499.6159870875395,2499.235196554654,3
1454,1455,-0.0034262008942268223,1,2500.1048337519774,2494.0390771686675,1
1460,1461,-0.002223186351795273,1,2441.643842977479,2438.657257552804,1
1462,1463,-0.004425815736822919,1,2427.454977618255,2419.138964155501,1
1468,1471,0.006349957643973271,3,2412.683716947313,2430.4168400751796,3
1473,1484,-0.03265862593726287,11,2440.6676983699117,2363.3995126700584,11
1486,1489,0.0003300308215671067,3,2378.452666694608,2381.6160820489504,3
1492,1496,-0.004768404312594687,4,2390.0527889646523,2381.046103727389,4
1497,1500,0.0049999410435783145,3,2393.0958841075676,2407.454318323843,3
1502,1503,0.000693674411864981,1,2415.4868672059383,2419.577915505121,1
1504,1508,0.0036136376243186387,4,2413.3587623422845,2424.493125129206,4
1509,1510,-0.0008838465949033204,1,2429.6733644105834,2429.9555792451324,1
1511,1514,-0.0013992092549346467,3,2423.126835353657,2422.1595006951034,3
1515,1519,-0.0009086721532052611,4,2428.267911896691,2428.4896803765255,4
1523,1526,-0.003732785173449849,3,2455.550974207684,2448.8404809127187,3
1531,1532,-0.0025056478841173884,1,2432.6748200718625,2429.0120683762757,1
1535,1537,0.004161806109498666,2,2438.4780598173274,2451.065010764371,2
1538,1540,0.0030706725011503087,2,2456.4468624649135,2466.4462531584863,2
1541,1543,-0.0001766883078730809,2,2475.6814685685786,2477.719726067633,2
1546,1550,-0.006754731540286018,4,2486.355736940733,2472.047427160989,4
1551,1556,-0.005159190239061397,5,2486.8099191127567,2476.466803570782,5
1561,1562,-0.004226243706172349,1,2477.1355825282403,2469.143739445773,1
1564,1565,-0.004387003541939244,1,2466.6257380687744,2458.271267957297,1
1567,1568,-0.002668708031652255,1,2468.6078973655744,2464.4885115402403,1
1569,1571,-0.0028822339757574866,2,2463.263159047077,2458.6267214378868,2
1572,1573,-0.007186004542817603,1,2461.687816100059,2446.4598040866654,1
1574,1575,-0.00458434559210291,1,2444.8296405877754,2436.066526242092,1
1577,1578,-0.004643047700268319,1,2430.617837105424,2421.762980383726,1
1579,1580,-0.004398758351269294,1,2422.9980343520583,2414.762849547695,1
1581,1584,-0.0017373899266765755,3,2410.403045916818,2408.6256389915284,3
1588,1589,-0.0031232162541644437,1,2404.453111047481,2399.3479371197286,1
1590,1591,-0.00045889510703136735,1,2407.4333535903265,2408.73602755745,1
1594,1595,-0.005386503319954985,1,2394.024612682295,2383.52321577071,1
1600,1602,0.0014143890484739187,2,2353.337749499921,2359.0196223896737,2
1604,1606,-0.0038043230894669847,2,2359.461361214474,2352.844669240515,2
1608,1611,0.002284289166593785,3,2359.1201990913537,2366.868232003922,3
1612,1613,-0.0016285941903090256,1,2372.5583165342396,2371.066940160297,1
1614,1617,-0.0012686417317491904,3,2377.607069813302,2376.9683453326484,3
1618,1619,-0.0011586331653127017,1,2385.8288852774244,2385.4504136894584,1
1625,1626,-0.006638147541402875,1,2386.9893589314897,2373.5311607460753,1
1627,1629,-0.010048043028735302,2,2373.657499639418,2352.1805444472,2
1633,1634,0.00038187381888766907,1,2292.9397179390976,2296.1082713036053,1
1635,1638,0.0010475783047044773,3,2285.3885871654406,2290.06809925434,3
1639,1640,-0.005196985574548872,1,2288.780039281968,2279.1740624737863,1
1649,1650,-0.0010408333374959302,1,2162.8538892140687,2162.765572671256,1
1653,1655,0.0013265509404697929,2,2177.3335033091703,2182.3991806190106,2
1658,1659,0.0007670809892672274,1,2193.0718990900373,2196.9472347510155,1
1660,1664,-0.00849365268030316,4,2209.3342024758304,2192.778219307762,4
1667,1668,-0.006836840664801572,1,2143.9471415244943,2131.433263665659,1
1669,1670,-0.004284549867430643,1,2116.0027364213747,2109.052619913979,1
1671,1672,0.0014859118003190002,1,2121.461276644877,2126.7350422664085,1
1673,1675,-0.004631845838303709,2,2127.0052399604388,2119.2802848316383,2
1679,1680,0.0007266039450729259,1,2068.3578974644074,2071.929132369992,1
1683,1686,0.002486392486089005,3,2104.9392937487037,2112.2779382861027,3
1687,1688,0.0013672047803414207,1,2121.17784413919,2126.1991064717904,1
1689,1695,0.002514490124570891,6,2141.3250506782656,2148.8507164223706,6
1697,1698,-0.0035802128692523577,1,2167.9412476754037,2162.3474977683686,1
1700,1704,-0.0052673233505486725,4,2160.12685120527,2150.908891452975,4
1705,1706,0.0008589595593084054,1,2150.457775583151,2154.4553896219604,1
1707,1708,0.004163510052918601,1,2169.66459270273,2180.867677638612,1
1709,1711,-0.0018052852106492426,2,2187.9143446109742,2186.1524495470917,2
1712,1714,0.004791354087794135,2,2202.2727634648186,2215.0269048359482,2
1715,1717,-0.0017793664956074452,2,2218.56196429691,2216.832891433508,2
1718,1721,0.009385407581708347,3,2207.3809979330667,2230.3055492847197,3
1727,1728,-0.006070836221138981,1,2233.0545443758524,2221.7310905084523,1
1729,1737,0.006911660458236653,8,2227.9826257843706,2245.609667826427,8
1738,1739,-1.1940044794409065e-05,1,2252.249837596327,2254.475195469974,1
1741,1748,-0.0009507464771096193,7,2255.2451418553874,2255.356220623605,7
1749,1753,-0.002377456002421799,4,2247.595172724315,2244.4992092626317,4
1754,1755,0.0003685428340436754,1,2254.39723931545,2257.482478502403,1
1756,1757,-0.0005752400606682238,1,2259.4842743458585,2260.4440127491507,1
1758,1760,-0.003212341616565513,2,2263.5072488003193,2258.4995975144006,2
1763,1764,-0.0011154624293370527,1,2240.272892213804,2240.014224863291,1
1766,1769,-0.009800924310853568,3,2237.5905095311127,2217.897644818045,3
1770,1775,0.010641821307737321,5,2214.8009223802856,2240.5852389508486,5
1778,1779,-0.005150433277918379,1,2232.6037192949743,2223.337446522008,1
1785,1787,-0.009707091317720566,2,2164.991483059993,2146.140704514902,2
1788,1792,-0.011082496125140937,4,2140.5553976366523,2118.973256134331,4
1793,1798,0.00429477491874712,5,2122.9234165892763,2134.163818249854,5
1802,1803,-0.0019290982241678641,1,2167.9286827164597,2165.914464027225,1
1804,1809,0.01069919574111364,5,2171.615833386798,2197.0219920960917,5
1814,1815,-0.004514568935938777,1,2205.6517809245397,2197.8998656918043,1
1818,1820,-0.005782754063066325,2,2189.948558049231,2179.474572685315,2
1822,1825,-0.024307713787583334,3,2163.0190157491443,2112.603987612963,3
1826,1827,-0.003053206110020203,1,2101.3979154687795,2097.0833124291553,1
1828,1829,-0.001616710412793629,1,2112.8567374326008,2111.553716681885,1
1831,1834,0.006897389336179599,3,2113.1762243027365,2129.864799682013,3
1837,1843,-0.0173382773774509,6,2115.6538605509368,2081.0877209425807,6
1844,1867,0.054994864694478625,23,2082.384001127417,2198.9868115124937,23
1877,1880,0.017802330856525484,3,2185.4289719698822,2226.5201305642963,3
1881,1883,0.008072033257560597,2,2240.551253624646,2260.877609112798,2
1884,1885,0.0013734950619587894,1,2265.402880237041,2270.7798027866306,1
1886,1889,0.0010615448393344524,3,2282.3166801147213,2287.0217782883387,3
1893,1898,7.9847292428679e-05,5,2320.720301285462,2323.2263248192894,5
1900,1903,-0.001412095719637096,3,2330.5083397515828,2329.5479472401926,3
1904,1906,-0.005269342301034318,2,2324.0885492033713,2314.166219648908,2
1907,1909,0.0021103676926619752,2,2325.077918412267,2332.3097656526184,2
1910,1912,-0.010578950669938036,2,2345.5674825691403,2323.0994073606,2
1913,1916,0.0003640848539773593,3,2307.399592641278,2310.5470814776736,3
1919,1922,-0.0027038061195960045,3,2319.4445314231107,2315.4926476364085,3
1923,1926,-0.011745324069217782,3,2316.961138247751,2292.0646399614952,3
1928,1936,0.007275797766567292,8,2301.4877048013673,2320.5343516085445,8
1938,1939,-0.0054311365596241565,1,2305.9600523200334,2295.742028427165,1
1941,1942,-0.004595104964785638,1,2294.8448220495766,2286.5946140364135,1
1943,1944,-0.0007395481101792594,1,2295.741808486157,2296.3397387787177,1
1945,1946,-0.001082258458920947,1,2297.680521879167,2297.4915182203445,1
1947,1951,-0.009092946917964768,4,2300.4730828667216,2281.8554763208745,4
1953,1958,0.011181749417282276,5,2270.455418546784,2298.113537518632,5
1960,1968,0.025314490709952696,8,2349.535452573166,2411.362281412607,8
1976,1981,-0.008608593661762802,5,2438.9411821600947,2420.384269740099,5
1986,1987,-0.0016861083395004728,1,2424.867419648173,2423.2036978893693,1
1988,1989,-0.0025015187841508123,1,2427.9435093274765,2424.2979065413642,1
1991,1993,-0.0052504921805190076,2,2409.0462581557167,2398.8066258729173,2
1997,1998,-5.413713078597363e-05,1,2378.085399846661,2380.334742526196,1
675,677,-0.00023592937690908756,2,1983.7651644507603,1985.2809011360282,2
679,681,-0.001840885929740273,2,1991.5924384027066,1989.9177363434767,2
686,687,0.00010154277248159522,1,1996.402561657581,1998.6016844703386,1
692,693,-0.005051445660291212,1,2021.4629185108024,2013.2730713421622,1
694,696,-0.0007860341160646417,2,2016.277500846296,2016.7089154440237,2
699,701,-0.000878733482420218,2,2021.571642638987,2021.8167915921279,2
702,704,-0.0010437221607755296,2,2026.950480542938,2026.8618578881437,2
706,708,0.00023138143638681136,2,2015.243319127419,2017.724852340395,2
711,712,-0.004066409377575348,1,2002.8496760647627,1996.708119036204,1
716,719,-0.0001998312871231519,3,2000.2837811618883,2001.884345660449,3
720,724,0.010360909533865915,4,2006.0182623615237,2028.808454363496,4
725,727,-0.00016689180008828877,2,2031.9390748936182,2033.6318999986331,2
730,734,0.0005457240719413759,4,2044.4589154013522,2047.6190847609832,4
737,738,-0.0031524292132049264,1,2071.4921938841458,2067.0334535711036,1
742,744,0.0008454472657381869,2,2061.9741408980535,2065.7794054383967,2
747,750,-0.002173466227028583,3,2068.0750590770754,2065.6482428402883,3
751,752,-0.0004890576339049715,1,2062.472003884921,2063.5258082105906,1
753,754,-0.004105946449079224,1,2062.941083348687,2056.5336988162003,1
756,758,-0.00011495644082182548,2,2048.0210836256024,2049.8336714947263,2
764,771,0.00383638551219759,7,2080.5705700167005,2090.633011378634,7
775,776,-0.004225135662159874,1,2085.0082571015205,2078.2838226156446,1
777,779,-0.004461186530893179,2,2083.890787499585,2076.678052774039,2
780,781,-0.0006098435417657056,1,2076.5934426971485,2077.4036390399438,1
787,788,-0.0016295292184874163,1,2076.505819469014,2075.198598383299,1
791,792,-0.002581228316805733,1,2076.52489295099,2073.2414329897038,1
793,798,-0.0032014971338483683,5,2076.895633300005,2072.323353515993,5
799,800,-0.004536305791355775,1,2077.5158272284575,2070.1690959769962,1
802,806,0.0011802351930145349,4,2074.523110564869,2079.0460588592446,4
809,820,-0.008904794762723975,11,2091.4838386267634,2074.9510881328647,11
828,829,-0.004121276457251382,1,2069.669102198405,2063.2090927554127,1
835,837,-0.0003530454413075931,2,2070.27644334265,2071.615818125424,2
838,840,-0.0007073275019196276,2,2073.0743523319147,2073.681084181318,2
841,849,-0.0017125982976164624,8,2075.175892424924,2073.697125616727,8
850,862,-0.004082221582998237,12,2077.2051129330976,2070.802706501701,12
866,868,0.00010358086458476254,2,2066.3408912377977,2068.6212655050767,2
869,870,0.0014141814500699189,1,2076.570302130848,2081.5835196340186,1
872,873,-0.002169428684199977,1,2095.270088060567,2092.819819118443,1
875,877,0.0055487848510444825,2,2113.576096451867,2127.417451573841,2
882,883,0.001904323072700617,1,2171.7358805446593,2178.043303170337,1
884,887,-0.004218297809309672,3,2177.3604955758938,2170.3531010629044,3
889,890,-0.0026246049049068053,1,2172.5048232047916,2168.9753612130794,1
892,896,-0.0029788572648056484,4,2171.445602102086,2167.148621197236,4
897,899,-0.003672986746468442,2,2169.149664516539,2163.3515562121797,2
902,905,0.0001990583565033609,3,2166.3851171334645,2168.982739311568,3
906,908,-0.00393237479117508,2,2168.5976073745337,2162.238466418466,2
909,911,-0.002463555542617742,2,2161.1158644157285,2157.9529513141238,2
913,919,-0.006108091614402366,6,2160.9424130430784,2149.9041212238067,6
920,921,-0.002057929389326978,1,2157.1778479718787,2154.895706128504,1
923,924,-0.00405627116407723,1,2160.144080762897,2153.542094698609,1
928,929,-0.0024407809592453286,1,2157.756423897813,2154.6475695275717,1
932,934,-0.004329094352548314,2,2152.2025758086224,2145.037690367958,2
935,938,-0.003365684195915879,3,2140.4671142474135,2135.4034450233607,3
939,940,-0.003946489500010648,1,2139.8816795023417,2133.576540602423,1
941,943,-0.0033705379739599824,2,2134.356023072881,2129.2964510702363,2
945,946,-0.006816893145849234,1,2127.076186585749,2114.703211695299,1
947,948,-0.003007152227559483,1,2109.721579072232,2105.487046705267,1
960,964,-0.0020894148335108944,4,2140.317576113792,2137.9858823979494,4
968,969,-0.0007480244372634268,1,2146.680980116488,2147.221891264469,1
970,973,-0.0010128929776064403,3,2150.21573077462,2150.1880080913543,3
976,979,-0.008368165119106926,3,2145.5728251772566,2129.763890326282,3
982,984,-0.005188548443152789,2,2126.9316204675793,2118.0228643399773,2
989,991,-0.0028160965390234905,2,2135.0314545116,2131.154031276355,2
994,995,-0.003762817673599807,1,2144.3483721337007,2138.4239285528147,1
996,997,-0.004478558337701709,1,2141.577132330139,2134.127531340641,1
1001,1003,-0.0030172818549596397,2,2147.1190775342743,2142.7877331787267,2
1005,1009,-0.005137843144208029,4,2146.4852992204405,2137.603479740918,4
1011,1017,-0.0050812713042618285,6,2145.8461565600533,2137.088376217924,6
1018,1020,0.0019377468686663487,2,2138.859230320677,2145.1426573270696,2
1024,1025,-0.0014024183620253905,1,2149.600998466636,2148.735959553825,1
1027,1029,-0.0005071399401053531,2,2142.5124335440405,2143.568392350362,2
1033,1034,-0.0001838261352328501,1,2148.5388934562247,2150.2924747484994,1
1039,1042,-0.0024218596254241965,3,2145.5772293289124,2142.5265196933,3
1043,1044,-0.0025374731879734976,1,2143.054217326309,2139.759328926796,1
1047,1048,-0.002218668137496229,1,2140.67971875989,2138.070940594053,1
1049,1056,0.0022079537494305913,7,2140.7643517840834,2147.6318248130365,7
1064,1070,0.002029149427582071,6,2144.131320357657,2150.626214519379,6
1071,1072,0.0005915450509541274,1,2152.89666714753,2156.3230991833443,1
1073,1080,-0.006031871342586306,7,2157.710498047133,2146.853176426412,7
1081,1084,0.010483748881343163,3,2159.0977764572076,2183.8923131323086,3
1086,1087,-0.002977225377656156,1,2188.4842119091513,2184.1570853867647,1
1088,1091,-0.003929724856926291,3,2188.745247784777,2182.3328264268625,3
1092,1094,-0.012187171818974676,2,2178.5518717115438,2154.180037606158,2
1101,1102,-0.0013287396016993423,1,2148.0092497874853,2147.3031140822636,1
1103,1104,-0.0007068558215592209,1,2148.675489132469,2149.3053608434666,1
1105,1106,-0.002142340124148399,1,2154.580117777881,2152.1188544586507,1
1107,1108,-0.0034282004365585703,1,2158.68691106955,2153.445186569698,1
1109,1111,-0.005355571768664947,2,2158.603083800527,2149.2011331489725,2
1112,1113,-0.002123984910686749,1,2147.235571000256,2144.822110618762,1
1116,1118,-0.0002825163192430309,2,2126.3962905922276,2127.9219452295497,2
1120,1122,0.00026104881928661083,2,2126.1810883462795,2128.862306497328,2
1123,1129,-0.0011518432435205935,6,2128.349139366539,2128.0259639298733,6
1131,1132,-0.004160796598508676,1,2138.8644422708826,2132.1039268170816,1
1133,1134,-0.0016758015975245305,1,2142.0490841765927,2140.60148398353,1
1139,1141,-0.004878832876278797,2,2150.207541940957,2141.867246236454,2
1146,1148,0.0017298816190386515,2,2143.754908045118,2149.6071051643144,2
1151,1157,0.003114825983647672,6,2147.2849821728955,2156.120686211837,6
1158,1159,-0.0017416966291409293,1,2164.217810774108,2162.61261771913,1
1161,1162,-0.0006050879880422432,1,2167.499077673961,2168.355049095642,1
1167,1171,-0.002077718564935844,4,2165.254169999551,2162.9206353827376,4
1172,1177,0.005025145984661521,5,2165.3561043010727,2178.4026909382646,5
1178,1182,-0.005431340322761186,4,2172.9182161770623,2163.2892760676546,4
1187,1188,-0.0018653682247295955,1,2211.2881962683273,2209.374617727557,1
1189,1194,-0.0006941111522295813,5,2212.780830081733,2213.457695060215,5
1196,1197,-0.0016919061816326577,1,2216.552905543925,2215.0192588866635,1
1203,1210,0.00941363218385385,7,2227.385308394099,2250.580479727435,7
1211,1213,0.0017160161883501474,2,2257.3999723068737,2263.5311071752403,2
1214,1217,0.003906635450343819,3,2268.5690389250867,2279.700080193029,3
1221,1225,0.0002925451038606,4,2295.5008970519116,2298.4679354973036,4
1229,1231,0.006241992038755219,2,2276.8846336298934,2293.373814019805,2
1235,1239,-0.008312544045535383,4,2297.722787025413,2280.920587940859,4
1251,1252,-0.0030701750091033887,1,2294.25162997818,2289.5021275892045,1
1253,1256,-0.003538692462129838,3,2292.415062783901,2286.5953259439384,3
1258,1262,0.01740609224536609,4,2293.0110342448693,2335.2164068608226,4
1265,1267,0.004660178018873177,2,2357.766149099296,2371.111525230071,2
1268,1272,0.005185684979400692,4,2372.6359879477086,2387.3123667399423,4
1274,1276,-0.00319146744744259,2,2387.1452459778966,2381.9138948790187,2
1277,1278,-0.0026796233046835222,1,2384.766104639785,2380.760595914213,1
1280,1281,-0.005023332478967406,1,2382.8124067874883,2373.2255602399737,1
1288,1293,0.012779047815112812,5,2349.501430724942,2381.875323280577,5
1294,1296,-0.004073060084934806,2,2385.1811984382725,2377.851393302015,2
1298,1299,-0.007364510084821212,1,2382.6397902259705,2367.475455252581,1
1302,1303,-0.007721589988566722,1,2362.64421843319,2346.7634927080244,1
1304,1308,0.006275334158391428,4,2322.277886184185,2339.1732338148176,4
1318,1320,-0.004935923603706903,2,2344.184076497287,2334.9575470591676,2
1322,1324,0.00015559857339543254,2,2338.804509911216,2341.50722906632,2
1332,1339,0.01794295727002321,7,2385.9178628516543,2431.1142029774383,7
1341,1342,-0.002659933773007432,1,2438.1810577719107,2434.133838689408,1
1344,1345,-0.003246070237980312,1,2437.0252648964447,2431.5515349797547,1
1346,1347,-0.002954401417893403,1,2426.721287544808,2421.9785000195984,1
1349,1352,-0.0038969003079951737,3,2421.707643429554,2414.6921978114287,3
1353,1358,0.018641272699592648,5,2418.7987435880996,2466.3070293163455,5
1363,1366,-0.0003010054366543739,3,2458.720301446378,2460.4389335698766,3
1372,1377,-0.006262219688232709,5,2468.6134894653396,2455.6231029584383,5
1383,1384,-0.0042066451946531904,1,2450.473171699259,2442.615373678603,1
1385,1387,-0.011506921482012118,2,2442.684965840285,2417.0198666989095,2
1388,1390,0.0005673760685720832,2,2422.588308059274,2426.3854149973286,2
1394,1396,-0.0017407338352815774,2,2442.865872186784,2441.0563587802008,2
1402,1403,-0.0007100135225592441,1,2462.3449429044604,2463.0589896406973,1
1406,1407,0.00039486949516432854,1,2461.0310700029013,2464.4638871691,1
1408,1409,-0.004462564624110401,1,2472.1142778446433,2463.55442239942,1
1411,1416,-0.0011189268640294297,5,2455.8963338962526,2455.604261846881,5
1418,1419,-0.001206223964021438,1,2463.748651662095,2463.240567648797,1
1424,1426,0.001383656531577486,2,2481.75866207562,2487.6743223202757,2
1427,1428,-0.002443760894694942,1,2496.978868255219,2493.3738278103524,1
1430,1431,0.0011954441287973338,1,2501.0176665832882,2506.508511135407,1
1432,1433,0.0006438884869620055,1,2516.902708464191,2521.040215849439,1
1436,1438,-0.00562729015327761,2,2529.4644593408457,2517.759893355072,2
1440,1443,-0.00020964915900054018,3,2521.5041754580598,2523.4970484037167,3
1451,1453,0.0006634659483877663,2,2492.112828413405,2496.258373243011,2
1454,1459,-0.026057801030523513,5,2499.9296591997377,2437.286919209206,5
1461,1463,-0.01046321133116545,2,2443.295065525497,2420.1736479760357,2
1464,1467,-0.0004568819422310737,3,2413.951191217182,2415.262251699705,3
1468,1470,0.0028738243188530946,2,2414.5953157677586,2423.9490338221685,2
1473,1475,-0.00878459510150075,2,2437.0028194344923,2418.031739223979,2
1477,1479,-0.004889461435513133,2,2393.609031147733,2384.2991811293878,2
1481,1484,-0.008849095174366394,3,2387.978702427668,2369.235230317953,3
1486,1489,0.0038814965864256363,3,2376.828559415978,2388.431039915286,3
1491,1492,-4.101763861526729e-05,1,2385.7759259838954,2388.0638430151303,1
1493,1494,-0.006703106361264821,1,2388.0314691846015,2374.4122717217942,1
1495,1496,0.004724636043433842,1,2366.2279250534743,2379.773718720215,1
1501,1509,0.006644847149507033,8,2412.2717590377606,2430.7132079186767,8
1511,1512,-0.0030395934433507395,1,2421.965982343211,2417.0261564056054,1
1514,1516,-0.0008900628868928921,2,2423.4966089426534,2423.7630411634655,2
1517,1523,0.011690556405785549,6,2416.7534106118483,2447.4233560880925,6
1526,1528,-0.005667484881272927,2,2448.712191899856,2437.2828647655747,2
1530,1532,-0.003154513397371978,2,2436.332689298153,2431.083577878605,2
1537,1542,0.009085999913007695,5,2449.4135686678947,2474.118353708399,5
1547,1548,-0.004909796566814414,1,2482.242550798348,2472.537487395236,1
1549,1551,0.000829529848574224,2,2477.671920138137,2482.204894871004,2
1552,1555,-0.002922298806991567,3,2481.5426219246374,2476.772355503013,3
1556,1558,-0.0030397388032677043,2,2478.833424797175,2473.7772520737794,2
1567,1568,0.00048391495638377925,1,2464.256848084871,2467.913595678115,1
1570,1571,0.0005083291749316942,1,2459.3433589305077,2463.052858269957,1
1573,1576,-0.007014597209421474,3,2449.8714994070765,2435.1365091233015,3
1578,1579,-0.0022819452237010296,1,2420.399480305274,2417.2966607520484,1
1585,1588,-0.0025929322402813227,3,2408.0366639682616,2404.200824730447,3
1601,1603,-0.0004333006000987314,2,2352.0325909131748,2353.3654863709935,2
1604,1605,-8.45168557693745e-05,1,2359.538238540924,2361.6983560264757,1
1606,1609,0.0016535561682414256,3,2354.952570993938,2361.201569914615,3
1612,1615,0.0003101141530669875,3,2372.804793013248,2375.91343815504,3
1618,1625,-0.0033725303505878616,7,2387.1926082025648,2381.528921286905,7
1627,1628,-0.005771604000793905,1,2377.941491179861,2366.594896046893,1
1632,1635,-0.01597757580191811,3,2321.7624390904807,2286.9880661649568,3
1638,1641,-0.00946799519008161,3,2288.6563254124085,2269.2759946570663,3
1643,1645,-0.040493762559050045,2,2239.5076025535377,2151.061021049101,2
1651,1658,0.012688815281180075,7,2162.1569444174693,2191.7543114385207,7
1661,1662,-0.005160905765126798,1,2219.656973169958,2210.421189673691,1
1664,1669,-0.03843017744656153,5,2195.306450141406,2113.135740163032,5
1670,1671,-0.000761380799298267,1,2114.9887529798207,2115.49342990555,1
1673,1688,-0.0039157757085508185,15,2130.1868952389177,2123.975748035107,15
1690,1692,-0.003728963942609294,2,2140.8843772131336,2135.0419809424234,2
1693,1694,-0.0021891586994734528,1,2142.0994580273423,2139.5521618216917,1
1698,1707,-0.0019164542461451769,9,2168.1748259611486,2166.1877929355114,9
1716,1717,-0.000317857431943625,1,2214.9704271280475,2216.4813527433776,1
1718,1721,0.00541321496454411,3,2214.8077985422865,2229.011837059487,3
1724,1725,-0.002194438026365685,1,2239.058865181601,2236.384448129757,1
1727,1729,0.00014184139122266188,2,2229.4212159853137,2231.9668614081957,2
1731,1735,-0.0029516275906619665,4,2254.5910663648456,2250.190944234068,4
1736,1737,-0.001483466069096793,1,2244.6914663271245,2243.6062341675643,1
1738,1740,-0.004571619369734778,2,2254.8067486265227,2246.7534371681195,2
1741,1742,0.0010759125595197405,1,2258.8339366587356,2263.523078397715,1
1746,1764,-0.011307606421469742,18,2260.2498824375493,2236.95211623521,18
1765,1773,-0.00600324040041708,8,2240.157436126638,2228.9493899389145,8
1777,1778,-0.0026178916537641607,1,2236.320152915494,2232.7020292049474,1
1780,1786,-0.032774402136988776,6,2214.8761006171985,2144.499736712582,6
1788,1790,-0.01578327721659407,2,2145.30491832896,2113.5902810071802,2
1791,1793,0.0034158648756234308,2,2111.7077891719277,2121.0328054257125,2
1796,1798,0.0031755238166716136,2,2126.991374944059,2135.872678087993,2
1801,1806,0.004035631375964638,5,2162.2225481486385,2173.110703853914,5
1807,1808,7.955211785873805e-05,1,2183.154109432796,2185.510938075246,1
1810,1812,-0.003695465151039865,2,2204.4100889151005,2198.468178341829,2
1815,1820,-0.011090850667915361,5,2200.1334325936878,2177.932214675897,5
1828,1829,-0.00274692316316646,1,2116.082795771996,2112.386161720884,1
1831,1833,0.010343268063600627,2,2109.027653687837,2132.9509197171647,2
1836,1839,-0.011931829360359587,3,2119.5657752535753,2096.395043880445,3
1841,1844,0.0023188364589163285,3,2076.547171888118,2083.43889235084,3
1846,1848,0.0035566983544597893,2,2119.432616155276,2129.090231269699,2
1849,1852,0.0029884151356891564,3,2141.662351861987,2150.204190401689,3
1853,1858,0.011995909293995001,5,2150.697137547353,2178.647402465773,5
1859,1861,0.001451018328500545,2,2179.231410692022,2184.5727468216724,2
1863,1866,0.0022713918143827177,3,2177.8499913070773,2184.9745919415927,3
1867,1868,0.0012842516275154365,1,2199.5588106613855,2204.5831564544546,1
1870,1872,-0.012015386810085401,2,2213.1509045988896,2188.7721913156424,2
1874,1880,0.024563153551310814,6,2172.0294056637376,2227.553326878682,6
1881,1884,0.006482967643687129,3,2245.601859734103,2262.405625791097,3
1885,1887,0.006808008720528837,2,2271.832145023166,2289.5706302230847,2
1890,1893,0.008968002262027434,3,2292.1724064533964,2315.0207861858808,3
1898,1899,-6.26851638269064e-05,1,2321.7715228555962,2323.947753750173,1
1904,1907,-0.001212531186816038,3,2324.6619897348273,2324.167926563203,3
1908,1910,0.0009314480212542725,2,2335.1822208727144,2339.692503952487,2
1912,1914,-0.008681361588767672,2,2325.79704746707,2307.9317593633873,2
1915,1916,-0.0027407883967111254,1,2315.350069008641,2311.3195344741866,1
1917,1918,-0.0038547686733541057,1,2316.728839501533,2310.115114585868,1
1922,1924,-0.004096987280801919,2,2320.1551270797504,2312.969636161697,2
1925,1927,-0.0006337156163607521,2,2299.6044074161873,2300.446716599172,2
1930,1934,-0.0012450580682034987,4,2309.9310816759976,2309.365014427439,4
1935,1936,0.0003488604220490024,1,2316.5601609909927,2319.684877307449,1
1939,1944,-0.0014394542309895133,5,2297.6765039631982,2296.6667803020864,5
1948,1959,0.015331962108606698,11,2296.496708547833,2334.003005774376,11
1960,1962,0.006754555371196706,2,2347.5152576653786,2365.719194715674,2
1965,1968,0.010530300441787353,3,2387.169904860018,2414.694691068647,3
1969,1971,-0.0030507881938995553,2,2428.479871956164,2423.4995741056337,2
1972,1973,-0.0018516982743733007,1,2436.4308161360295,2434.3557122142965,1
1975,1977,-0.005810913520669183,2,2441.8362140043387,2430.0887511471255,2
1978,1979,-0.0024865499981859404,1,2429.171047140456,2425.559962924736,1
1993,1995,-0.006014818231370622,2,2400.4773094401808,2388.4393520648086,2
676,679,-0.0001387239401674055,3,1988.3114522750896,1990.023937328425,3
684,689,0.006721448331194613,5,1994.1020064747347,2009.4993620848609,5
690,695,-0.003988744822280921,5,2020.7107472667988,2014.6713584835777,5
696,698,-0.0005945222373533576,2,2018.630650553098,2019.449160392894,2
699,700,0.0002035560933213573,1,2020.171117925643,2022.6025071841743,1
703,704,-0.0016978687561710558,1,2028.5091829178812,2027.0935497375167,1
705,709,-0.006867783341136673,4,2023.2921398256808,2011.419899913359,4
712,713,-0.003729793459537213,1,2001.138469235491,1995.6757745305435,1
714,717,-0.0001706984818110835,3,1999.2422568456107,2000.9002314844402,3
718,723,0.009483969636682535,5,2003.789191743302,2024.7968567878513,5
725,726,-0.0005617922717974753,1,2029.3883656708667,2030.277659336228,1
731,732,0.00016535651330236087,1,2043.6570212750996,2046.0386102957987,1
737,738,-0.0017561478672920134,1,2074.8437664895882,2073.274877800593,1
740,741,-0.003086633943640122,1,2066.8497554904316,2062.536996634221,1
743,746,0.0010912176843179164,3,2064.365838474125,2068.682876822444,3
748,749,-0.002094804814585202,1,2067.3585801618315,2065.0952260347963,1
752,754,-0.005711483107537741,2,2063.117442211999,2053.3970992341506,2
757,761,0.008063829359442935,4,2048.135840736031,2066.6997945014214,4
762,769,0.011336947591379633,7,2067.1924845405756,2092.6953298836465,7
770,773,-0.004373610297340626,3,2092.4859724972794,2085.4267402734217,3
778,779,-0.002410344659378642,1,2084.4364915400665,2081.496717666409,1
780,785,-0.0024957285692786954,5,2076.0336146608183,2072.928431872587,5
787,789,2.0884027337547467e-05,2,2078.0796527837347,2080.2011311087967,2
793,796,-0.00519624393900234,3,2081.7940358337178,2073.0583202285993,3
799,801,-0.005366816066737391,2,2077.087769544591,2068.01750930052,2
805,807,0.0027401250924540804,2,2074.280674376681,2082.0387435757098,2
810,811,-0.0029595831156664053,1,2092.9064329058206,2088.8052087972287,1
813,814,-0.0007925910727697116,1,2085.934526811527,2086.3671682540057,1
816,817,-0.0034197581905555,1,2084.806702226363,2079.761974132926,1
820,825,-0.004311909306945128,5,2079.6846763963376,2072.7969493610694,5
828,830,-0.0035601795323796036,2,2067.3301599403,2062.0374235781496,2
832,833,-0.0024911212589923525,1,2060.1030917684934,2057.0312282526415,1
834,843,0.0026909514480626525,9,2070.401709846635,2078.043462035665,9
846,852,-0.0030975836171994895,6,2076.527281285672,2072.1715916797793,6
853,854,-0.004244479633843723,1,2078.828080214792,2072.0833648462726,1
855,856,-0.0028541942858514658,1,2078.0689593608777,2074.2158157708254,1
858,862,-0.005602982651783971,4,2072.969056740517,2063.4272161346553,4
863,867,-0.0018536388694417908,4,2070.0773707197823,2068.310272213384,4
871,873,0.0016030113025943867,2,2091.202088069798,2096.6455107410525,2
874,875,0.006528020074280914,1,2098.2945435173415,2114.090546962694,1
877,881,0.015831747794553465,4,2132.2067899758385,2168.0955569105463,4
884,885,-0.0035377508596764725,1,2178.636470938285,2173.107634361239,1
889,894,-0.004734551517434054,5,2170.4571826949027,2162.351498529744,5
899,906,-0.0015215848103594066,7,2165.1736636867977,2164.0443419920284,7
907,910,-0.0010401060755302477,3,2162.765024562776,2162.6782845453467,3
911,913,-0.0033043381648073587,2,2164.7254111733005,2159.7371517920055,2
920,922,-0.0015742287905333306,2,2154.50922230181,2153.2720410768948,2
927,931,-0.004992432386284612,4,2157.2079060813635,2148.595399373175,4
934,947,-0.02151779176737787,13,2147.5608900492325,2103.4976828994377,13
949,951,0.0002057278178395094,2,2112.475994053566,2115.0230651241145,2
953,956,-0.0020047294110727577,3,2124.7088500559903,2122.5740925843725,3
963,968,0.0020057373869358836,5,2139.5288468718854,2145.959708717356,5
969,970,-0.003093798589855095,1,2148.1969364855045,2143.69904476916,1
979,981,-0.0036692175807996486,2,2130.228848594666,2124.5428043008706,2
986,988,-0.005885501307650947,2,2129.5908651955174,2119.186746238843,2
996,998,-0.004744559006726931,2,2144.104837683039,2136.076110601726,2
1001,1003,-0.0013754037196487604,2,2142.987436326339,2142.1829508715814,2
1008,1009,-0.0033079350560824457,1,2145.8934820747672,2140.940899280868,1
1014,1016,-0.0032027583397406956,2,2134.4639190818893,2129.762210883256,2
1017,1019,0.0006932325089663294,2,2134.4043295766573,2138.018372374775,2
1020,1022,-0.0017682631189502615,2,2148.2762596442144,2146.6258182246133,2
1023,1028,-0.008132107332411879,5,2155.9985921899092,2140.621778821882,5
1030,1034,0.000997194647577386,4,2146.55551577398,2150.8426049608115,4
1035,1038,-0.0036513122413500193,3,2152.491361099564,2146.7844344044806,3
1043,1044,-0.003112884085476041,1,2142.966332238111,2138.4384927790143,1
1046,1047,-0.0002829557043002301,1,2136.127714994101,2137.659413187024,1
1049,1050,-0.0023932553605195235,1,2140.806171587479,2137.8234819130817,1
1051,1056,-0.0010231568537906858,5,2145.619745768504,2145.5700599657607,5
1059,1065,7.265193572218568e-05,6,2141.2478237446503,2143.544637367651,6
1070,1072,0.001708272726808146,2,2149.195123921708,2155.015730460414,2
1079,1080,0.00017525870656008558,1,2150.5873371274038,2153.1148336195806,1
1082,1086,0.006821785884086545,4,2171.012132985416,2187.993325041382,4
1088,1090,-0.001140259886288363,2,2183.5092831723996,2183.2030244086322,2
1091,1094,-0.01023502780259861,3,2182.284091481641,2162.1306372236395,3
1095,1097,-0.0051460023802042945,2,2153.072176953028,2144.145534582629,2
1098,1102,0.0037597714780043413,4,2139.0985038836716,2149.280123931099,4
1103,1104,-0.0001478390961726306,1,2149.026001382521,2150.8573173222076,1
1107,1108,-0.0019468843004215536,1,2156.572967649205,2154.5309425634246,1
1109,1117,-0.012686914610051128,8,2154.206579802012,2129.0305514514557,8
1118,1122,-0.004750363011615296,4,2137.5255494677,2129.5090527105936,4
1128,1129,-0.0029056619329315752,1,2129.794135151408,2125.7354675430693,1
1131,1133,-0.003345536393303797,2,2140.0621493988083,2135.0425557434614,2
1134,1135,-0.0010850725001039126,1,2139.217762207258,2139.0357736039605,1
1136,1137,-0.0028269920468306747,1,2146.6592481758594,2142.7373188021866,1
1142,1143,-0.003647077307640071,1,2147.5061642278624,2141.8215493925177,1
1147,1151,-0.00417098585120807,4,2149.3423709835256,2142.526836735735,4
1152,1156,0.0005618735655266002,4,2153.500196463715,2156.863691493928,4
1158,1159,-0.0009335420725053404,1,2158.100042458606,2158.243465314754,1
1160,1166,-0.0014296607770275854,6,2166.348404440542,2165.4176095017774,6
1167,1169,-0.004126871117230254,2,2168.6359038674495,2161.854858895858,2
1177,1178,-0.005617345600907711,1,2181.171398922969,2171.100176759326,1
1179,1180,-0.0030385507002717383,1,2163.946373924317,2159.535059528403,1
1182,1183,0.0004360233897818292,1,2165.8845574209668,2168.9948183049905,1
1184,1202,0.019279803118011512,18,2180.980010235799,2225.2098554476997,18
1205,1207,0.002009718894392123,2,2224.540105635351,2231.235346022615,2
1211,1217,0.010650020248268693,6,2255.120672297193,2281.3928737917445,6
1220,1222,-0.00012780090898235376,2,2294.502105996734,2296.5033686479223,2
1225,1230,-0.008091643939160871,5,2300.2686727467785,2283.955986355252,5
1234,1235,-0.0008786328962025959,1,2294.3317513073616,2294.6102077071682,1
1236,1240,-0.00870185087650863,4,2290.5237874578756,2272.8825148177793,4
1246,1251,-0.0026034035473332445,5,2297.117352686343,2293.434146574405,5
1259,1262,0.013009811829488991,3,2303.2222333273194,2335.4899434177305,3
1263,1266,0.00879924294599934,3,2342.935249712842,2365.894241431524,3
1267,1269,0.0016593838452701767,2,2370.906403458946,2377.2115536469523,2
1270,1271,-0.0019811991198410935,1,2378.8150411195493,2376.480949894938,1
1277,1279,-0.007071242366318792,2,2388.9177870812973,2374.414088202717,2
1280,1281,-0.0023564123044278636,1,2380.032719842241,2376.804414176106,1
1283,1287,-0.004042613082517932,4,2352.915414380239,2345.7564031583875,4
1288,1289,-0.0045763596672790735,1,2355.9868596585743,2347.561003277052,1
1294,1298,-0.005752037148600242,4,2387.327721198305,2375.9830511812875,4
1299,1301,-0.0022853202804218632,2,2372.72455446601,2369.6748434763,2
1303,1311,0.0006708169425962566,8,2345.1429478636073,2349.061252433708,8
1314,1317,-0.007099806180233762,3,2375.564157044121,2361.0736761174417,3
1324,1329,0.00399773596976367,5,2340.492051177623,2352.1892124887395,5
1332,1334,0.007752286420114412,2,2386.4618362864094,2407.34883380826,2
1335,1339,0.0002860030089000198,4,2424.8491472849732,2427.9675105845104,4
1341,1344,-0.000749282432575274,3,2437.995405378835,2438.6066536562644,3
1348,1351,-0.0012269345250515108,3,2417.8087219977806,2417.2600377237886,3
1352,1354,0.0001378294109019363,2,2419.347227221125,2422.1000316514414,2
1356,1357,0.0053536974375596146,1,2439.73361243045,2455.2349416320776,1
1360,1372,-0.0022629611351620334,12,2475.9071986572944,2472.7802240911224,12
1373,1374,-0.0027760675642021287,1,2474.0904271563545,2469.696275397779,1
1375,1376,-0.0025851721575058093,1,2468.388268234776,2464.4754478780565,1
1380,1384,-0.0002921295812775889,4,2441.332096243304,2443.0602430165122,4
1386,1391,-0.001476649705376736,5,2433.5012820759553,2432.34135440682,5
1394,1395,0.0016478091661098699,1,2437.9042787246717,2444.3593840199774,1
1399,1403,-0.00023143878107609284,4,2456.298985413325,2458.186801555596,4
1407,1410,-0.0019584458060735283,3,2466.886247580575,2464.521870802521,3
1413,1418,0.002474227722438283,5,2449.141697660062,2457.6505736422523,5
1422,1424,0.0025548521424770816,2,2473.8482062167545,2482.6423708127872,2
1425,1428,-0.0004656620138418475,3,2492.1426798650623,2493.47432636584,3
1429,1430,4.57115845674367e-05,1,2491.906366092761,2494.5121814474414,1
1431,1434,0.007256501855239792,3,2507.980483220931,2528.68762873355,3
1436,1438,-0.007410425190304033,2,2529.925513141069,2513.7076149020368,2
1441,1443,-0.002851221555293692,2,2528.913818915988,2524.2322391429307,2
1444,1449,-0.008663192739008518,5,2524.522531935368,2505.1766291991776,5
1453,1458,-0.017258480940371624,5,2494.044574929912,2453.4951987439767,5
1464,1468,0.0008557206921743909,4,2415.026412318281,2419.5080268037677,4
1479,1487,-0.004004044767505604,8,2384.279615082885,2377.117132380925,8
1491,1495,-0.007325996608332056,4,2382.4221413504606,2367.3509469646624,4
1497,1498,0.0020790724170487284,1,2400.9193999840904,2408.3120046841386,1
1509,1510,-0.0018643579751534902,1,2430.9596611220727,2428.8584417517054,1
1513,1514,-0.0023261057379245632,1,2418.6128625390184,2415.405526144187,1
1515,1517,-0.004971292790864989,2,2426.183236534887,2416.5481525383184,2
1519,1521,0.0035957439014641934,2,2428.1802311735432,2439.339525662615,2
1526,1527,-0.0030389885232777873,1,2448.3293478931523,2443.337232451594,1
1528,1530,-0.004710328609966043,2,2441.1887716681927,2432.1311591263443,2
1531,1533,-0.00028377667365001014,2,2428.2967961001455,2430.0359989088133,2
1534,1535,0.003452625795357647,1,2426.196820775013,2436.9997673238104,1
1536,1537,-0.0004228412501966789,1,2451.392439644195,2452.807282239937,1
1539,1540,-0.0011126638731029073,1,2463.76180399794,2463.484227050699,1
1541,1542,-0.0008078631215149594,1,2477.3399770389874,2477.815965409122,1
1544,1545,-0.0023879174954656414,1,2485.2026706585684,2481.7534143921835,1
1549,1550,-0.0013824064955120746,1,2473.72057216071,2472.774605345834,1
1552,1553,-0.0011753328622777224,1,2483.7516445778865,2483.3161612928557,1
1561,1563,-0.0031645706766753466,2,2472.9219883228425,2467.569173901213,2
1570,1572,-0.004325045743432168,2,2465.6604830518745,2457.462049157954,2
1573,1576,-0.007392103239394985,3,2450.959112262388,2435.292328581271,3
1578,1579,-0.0010002783760282563,1,2422.3985348833094,2422.3978605456264,1
1584,1587,-0.002926934659949915,3,2409.707196657532,2405.063848339962,3
1589,1591,-0.0006749785422988466,2,2401.491924697554,2402.272461103577,2
1592,1593,-0.005991548366967551,1,2410.6964981286637,2398.663389960175,1
1594,1596,-0.011252936983563683,2,2392.6428534203137,2368.1112370200212,2
1597,1599,-0.008771423685858195,2,2367.616095087853,2349.216347287468,2
1601,1602,-0.0005767649813416885,1,2354.789113964201,2355.785743178786,1
1603,1610,0.0032227553555119366,7,2356.1816186886217,2366.131197237498,7
1614,1615,-0.0002998966628123109,1,2378.030118805049,2379.694985627157,1
1626,1627,-0.0016145838661112027,1,2372.34012133892,2370.882119375417,1
1628,1630,-0.013788585146554816,2,2366.375172853733,2336.112582467,2
1632,1634,-0.013436426652957297,2,2319.117765874089,2290.2762278792256,2
1635,1637,-0.0004503013800930695,2,2288.0827765057875,2289.3405324502655,2
1640,1645,-0.05908906710422807,5,2282.840029185501,2150.2319815419264,5
1649,1650,-0.001057997861628604,1,2162.0853215253887,2161.9599252000817,1
1652,1655,0.003974109281756413,3,2171.7531971324493,2182.55573486799,3
1657,1658,-0.0036293600429605165,1,2196.7093647328415,2190.933424903216,1
1659,1664,-0.0020649460633796676,5,2195.4606037698804,2193.1225566425906,5
1665,1666,-0.007684703302134373,1,2184.2538175775367,2169.6527288704765,1
1672,1676,-0.012491191993264275,4,2128.2100824438853,2103.754411784522,4
1678,1681,0.004208795615889901,3,2074.061003927112,2084.8643637914556,3
1683,1687,0.006730924674375869,4,2102.1705342256705,2118.4222562784616,4
1689,1695,0.002780773659239537,6,2136.0430767409716,2144.118972140515,6
1696,1698,0.00044843283033060063,2,2160.0319947827666,2163.1606560385744,2
1700,1701,-0.004395893006152103,1,2164.6486236994647,2157.297708577467,1
1702,1704,-0.003974030915810553,2,2153.7130909396474,2147.307881623407,2
1707,1714,0.01927959883282003,7,2169.8627617856223,2213.8667081169096,7
1716,1717,-0.0026792113879728348,1,2218.2301102974266,2214.505233035071,1
1718,1727,0.006631290888510366,9,2212.0840299903793,2228.965086693064,9
1732,1737,-0.007460015958787822,5,2261.5976187776737,2246.9876620680134,5
1740,1741,-0.0005942693578772832,1,2251.973642524903,2252.887337236928,1
1743,1745,-0.0030589707778760126,2,2265.625662415573,2260.9608053830534,2
1747,1748,-0.005007697518346219,1,2259.84450411949,2250.787730908482,1
1750,1753,-0.000680584037179921,3,2249.4314309996057,2250.149935305936,3
1758,1760,-0.004986440438350584,2,2267.437790380305,2258.398784681289,2
1761,1766,-0.008492199018027977,5,2251.208416402905,2234.341914916155,5
1768,1770,-0.003179895439733499,2,2220.967256758948,2216.125780364142,2
1776,1778,-0.0069574451728854556,2,2242.4441890803205,2229.084950770619,2
1779,1782,-0.005574047252416257,3,2222.740274180882,2212.57335513693,3
1784,1787,-0.02064821151102354,3,2187.5338165890294,2144.5526894731715,3
1789,1802,0.014020079812621353,13,2133.717895037359,2165.7665081184387,13
1805,1807,0.005342557222864201,2,2170.9028530450178,2184.671928615735,2
1809,1811,0.0014945481705507207,2,2196.9878494475474,2202.468341468109,2
1816,1819,-0.0004670011861718712,3,2190.9588687356104,2192.1266472137927,3
1822,1827,-0.029778440746537304,5,2161.719107491217,2099.5082022456236,5
1828,1831,-0.0027158610586452137,3,2115.343937625647,2111.714301337434,3
1833,1834,-0.003843311478010435,1,2132.8643257117055,2126.7999280933705,1
1835,1841,-0.021922159102942616,6,2128.060429994531,2083.536811097509,6
1843,1844,0.0021960081894482754,1,2079.9767292479287,2086.624351908467,1
1848,1849,0.001401286351677496,1,2133.3162243228885,2138.438927456167,1
1854,1860,0.011006755940392954,6,2152.0678178699472,2177.9071709262857,6
1862,1863,-0.0023771378093740817,1,2178.3080783513947,2175.308247936232,1
1865,1869,0.01424065041159342,4,2181.579343672271,2214.8280317943336,4
1870,1871,-0.0057407025681292185,1,2209.5367364054173,2199.0619799247643,1
1872,1876,-0.010071530197753673,4,2186.341449967309,2166.50798748133,4
1877,1880,0.01556542411341709,3,2187.697943540116,2223.9380878069082,3
1883,1886,0.007544629656440095,3,2260.2185217705837,2279.53125198174,3
1887,1888,-0.0026693791287822643,1,2289.532215377454,2285.7101180824284,1
1889,1893,0.01278112319036331,4,2288.7600911981544,2320.3017759681434,4
1894,1895,-0.002848336092647713,1,2320.2716099748095,2315.9829682133472,1
1900,1908,-0.0016395505049528586,8,2330.420940494044,2328.930518604798,8
1915,1916,-3.504619169488843e-05,1,2310.0494985895007,2312.278589650538,1
1917,1920,-0.0003673518118377329,3,2319.597375355582,2321.0648644323664,3
1922,1927,-0.013854962661124109,5,2321.864716840036,2292.017232600876,5
1929,1931,0.0002783410645290493,2,2304.903166053656,2307.8496184205856,2
1947,1948,-0.0020084643776131818,1,2300.0608527296085,2297.741323293288,1
1949,1951,-0.005775433583190287,2,2292.8539408135925,2281.904569103281,2
1952,1962,0.03763316335057593,10,2278.842671812374,2366.8815730027645,10
1963,1965,0.004053991508279622,2,2372.1595869369376,2384.148461345601,2
1967,1968,0.006571035166307729,1,2393.768714051235,2411.892021165324,1
1970,1972,-0.0011664571230814089,2,2429.821596060966,2429.4171349484845,2
1975,1979,-0.008232399654844362,4,2442.9529593246625,2425.284547184842,4
1981,1985,-0.006324919985244965,4,2421.655124116761,2408.7600043489806,4
1986,1988,0.0035283947537192925,2,2419.4728385409894,2430.4291666498048,2
1989,1990,-0.0053321432160238205,1,2429.597273327309,2419.071909981994,1
1991,1992,-0.00612404280341286,1,2408.903480794707,2396.5601562498246,1
1993,1995,-0.004323035337043849,2,2396.6861005284322,2388.7218279245744,2
1996,1998,-0.0028061170672696034,2,2386.598743448079,2382.288266724813,2
672,674,0.001817169498448139,2,1978.8420467999338,1984.4167802564252,2
679,680,-0.0024857594243527566,1,1991.5866005893713,1988.627582028131,1
687,690,0.005558098760465878,3,2000.8099074787203,2013.9314164528844,3
692,693,-0.002339528256290895,1,2017.507489454388,2014.8049811649853,1
694,695,-0.0003920132169321298,1,2016.5002045105668,2017.726209982963,1
698,699,-0.00014671089849306942,1,2019.1518351601067,2020.8747554153365,1
706,708,-0.0024124770860227164,2,2018.1057897262135,2015.2552615410555,2
711,712,-0.005381663504087102,1,2006.5616522689595,1997.769574308512,1
714,715,0.00024326095264408875,1,1997.7221482115187,2000.2058381526224,1
719,724,0.011884166804152795,5,2000.4621163531012,2026.236403945583,5
727,732,0.0025032913336552956,5,2035.4779164624397,2042.6087886070293,5
733,734,-0.001653769063892134,1,2049.8161859179413,2048.476079508923,1
738,741,-0.006204016463153058,3,2073.820896626285,2063.028698538611,3
743,745,-0.0023305282617490384,2,2068.472390776946,2065.72022980237,2
747,748,-0.00011810844663288043,1,2064.7707587826626,2066.5916626744724,1
749,752,-0.002747589744395469,3,2063.8552924388055,2060.248520095823,3
753,758,-0.007346072206733784,5,2062.5790109400696,2049.4897356045503,5
759,762,0.004701233046073819,3,2057.508531622479,2069.238867255544,3
764,765,-0.0009206740747326499,1,2078.9790812225274,2079.143998161757,1
766,771,0.0018911225561482072,5,2085.465934840617,2091.4952724449136,5
772,775,-0.003424717917721471,3,2088.40980492342,2083.346000249877,3
777,778,-0.0035655741416209196,1,2085.3403146619507,2079.9902194741744,1
781,786,-0.0023778359106902264,5,2079.623018256352,2076.7576389811006,5
788,789,-0.00250277754468367,1,2078.3062756840304,2075.1830436819573,1
790,794,-0.0028440998874741732,4,2076.2861656890177,2072.4572866045064,4
795,801,-0.005222895287543588,6,2076.275951244539,2067.5080553143885,6
803,804,-0.0006514612822673928,1,2069.237345811825,2069.9585551430187,1
810,816,-0.005877552694929068,6,2094.0296718340032,2083.815931764888,6
821,823,-0.0006668203825644395,2,2077.6462735074483,2078.338502898022,2
824,825,-0.005339886244144421,1,2074.9339292807845,2065.9289520635903,1
827,828,-0.003871993554105934,1,2069.6151906432624,2063.671269156255,1
829,830,-0.003527598464799983,1,2066.6614877364987,2061.4377973328346,1
832,833,-0.000270599121649975,1,2060.2894804461544,2061.792257402847,1
839,842,-0.0016608142352106377,3,2075.724348521389,2074.3526803235127,3
843,852,-0.0021889257130387344,9,2076.435165025773,2073.966437866616,9
860,861,0.0019386497711551408,1,2066.167345729903,2072.2390879276004,1
865,873,0.012057792230216278,8,2069.3988814338536,2096.420662069059,8
876,878,0.006147201152735511,2,2121.8870631978684,2137.052616861931,2
880,885,0.006126390109975141,5,2160.52609306134,2175.9228448432755,5
886,887,0.00035773674982064133,1,2172.592922056936,2175.542731309613,1
895,904,-0.00017754345767886904,9,2164.467574493285,2166.247755010569,9
909,914,-0.00724942833234387,5,2165.159487862039,2151.628478814551,5
915,916,-0.0062895521114238115,1,2152.9559060688052,2141.5677336100566,1
918,920,0.0020752799012386937,2,2149.539408071003,2156.1498434095643,2
922,925,0.0008644147065688741,3,2154.997867129639,2159.01567684574,3
934,936,-0.006504070694470795,2,2145.5993533601945,2133.789822837289,2
942,946,-0.011840248913616711,4,2138.060740407818,2114.8836297893654,4
947,948,-0.002523130050363348,1,2108.8641963599684,2105.652121930357,1
950,954,-0.0014193520239628578,4,2116.1746431922775,2115.287221072596,4
956,957,0.0012280854524601178,1,2123.3854847300377,2128.1165690385296,1
960,961,-0.0011334915805135785,1,2138.7992248119244,2138.513713123003,1
962,965,-0.002839120885888095,3,2138.861387026572,2134.927762377672,3
967,969,-0.0017597154413559542,2,2147.4791888843956,2145.8477157846096,2
971,978,-0.009722423109410235,7,2152.6312695987926,2133.855108866805,7
982,987,-0.0014466053444097172,5,2125.7929140074866,2124.8435235309826,5
989,990,0.00033854275536106346,1,2129.286650407729,2132.1367916277195,1
995,998,-0.00511923189126055,3,2141.342964392046,2132.5222761629957,3
1003,1005,0.0004973646822524073,2,2143.3088435710106,2146.518158536533,2
1006,1011,-0.0033663524063912873,5,2147.0762347023015,2141.995495687608,5
1016,1024,0.006584899519099907,8,2133.0021183083886,2149.180725049785,8
1026,1028,-0.002775197732163867,2,2145.5186221358895,2141.7099023435585,2
1037,1042,-0.004010987472181074,5,2154.1780785298924,2147.691875322592,5
1043,1045,-0.005239282472178804,2,2145.258561260777,2136.1642042437325,2
1046,1048,-0.001606689400202861,2,2138.602645406774,2137.30517785056,2
1050,1051,0.0009866815864488362,1,2141.5805302671665,2145.8351688725456,1
1052,1054,0.00029847532278002155,2,2144.7296897127976,2147.5145682889233,2
1055,1057,-0.0035839701332018394,2,2147.25719229919,2141.708743845986,2
1061,1064,-0.005849821850875456,3,2147.0725377464823,2136.659618437505,3
1067,1068,-0.0014624445599827616,1,2140.898685745896,2139.9086387951984,1
1069,1073,0.003233903143433735,4,2146.764997318294,2155.8541923886532,4
1074,1078,-0.00686551473485742,4,2159.0565657524457,2146.392587652634,4
1079,1086,0.014479527792736476,7,2150.934950739053,2184.2304080893864,7
1087,1093,-0.009210616269685692,6,2188.1453702628232,2170.179348285306,6
1102,1105,-0.002158286030768448,3,2150.265856696891,2147.775233792641,3
1108,1109,-0.0012929235070110313,1,2155.9927983292246,2155.3612573576474,1
1110,1111,-0.0003123764884197521,1,2153.3992644129253,2154.879992376955,1
1113,1121,-0.011522622288335838,8,2148.2251483592217,2125.6201865327334,8
1122,1131,0.002528479125302796,9,2128.4705974035332,2135.9808614752924,9
1132,1134,-0.0018283843763151914,2,2139.4982824446715,2137.725955494341,2
1138,1141,-0.0012823998829980421,3,2146.962922584241,2146.356620506102,3
1144,1149,-0.0015026256287392786,5,2147.588131932835,2146.5086990977493,5
1152,1154,0.001290026607713508,2,2149.080283546959,2154.001734578394,2
1155,1157,-0.0004965474492912454,2,2156.2649551915533,2157.3505322832484,2
1158,1162,0.0016604811019299485,4,2161.2597864578115,2167.0097772760437,4
1167,1169,-0.002348185406886976,2,2165.9298004750276,2163.0097255256856,2
1171,1177,0.0054041117182405535,6,2165.691748862198,2179.5610807691833,6
1178,1179,-0.004100268934231382,1,2172.258100512001,2165.523516205851,1
1183,1186,0.014753828895743327,3,2168.893955889088,2203.0623401631765,3
1189,1201,0.008270006897581245,12,2205.198724665346,2225.6409320535313,12
1203,1205,-0.0016150194101640922,2,2227.6313018828478,2226.2612653935007,2
1208,1209,0.0021944073898283664,1,2240.153700065282,2247.309663599122,1
1211,1212,-0.001261662477178856,1,2255.2500311105628,2254.6599168007647,1
1216,1222,0.0017157171905512682,6,2284.850119130922,2291.055125877279,6
1223,1224,-0.0019328327245762003,1,2309.321139371537,2307.1669290411755,1
1231,1232,-0.0005936744388868925,1,2292.615513891097,2293.5470621761956,1
1238,1239,-0.001583700319322253,1,2285.85092112005,2284.516669207469,1
1245,1248,-0.0011110701323334177,3,2294.9675271171386,2294.712624770201,3
1249,1251,-0.0007709114058317769,2,2293.420164293158,2293.945560694433,2
1254,1255,-0.003698526626102307,1,2292.107609010118,2285.9222955973123,1
1258,1260,0.010456578362822804,2,2295.220799838655,2321.516176791987,2
1261,1262,0.0024561757523553435,1,2329.248763634162,2337.299056732238,1
1263,1269,0.015303341582536264,6,2341.539157511051,2379.714070224838,6
1274,1282,-0.009317860535491076,8,2384.9196770644116,2365.0822478022415,8
1287,1289,0.0012661279467745994,2,2344.713420748344,2350.0268413582794,2
1291,1294,0.004823749018509076,3,2371.286431995749,2385.096209026688,3
1295,1297,-0.002131094308534893,2,2386.3870128490084,2383.6877840808133,2
1299,1301,-0.0021974527865831293,2,2369.582903770602,2366.7454401194423,2
1302,1305,-0.019549754721672183,3,2365.6450121077214,2321.762877374576,3
1309,1314,0.01335808446202488,5,2339.985910307779,2373.583625647926,5
1316,1318,-0.012894105769860643,2,2365.073914496937,2336.943475204372,2
1320,1322,-0.002164672775086793,2,2338.9747233968733,2336.250583214917,2
1327,1329,0.0024582167150645692,2,2340.0974015252214,2348.189965474055,2
1332,1334,0.009390962261162285,2,2387.2646313907935,2412.0706080829827,2
1338,1342,0.00018898246496272856,4,2430.7849743807683,2433.675135091402,4
1343,1345,-0.0017047816337402123,2,2435.2685005592066,2433.5521680467864,2
1348,1349,-0.0005561691841667528,1,2422.1183371733114,2423.1933479309437,1
1354,1355,-0.002231381983199707,1,2429.3334659133943,2426.3420284522845,1
1356,1357,0.0037567397374712415,1,2440.3981635591917,2452.0065024790456,1
1364,1365,-0.002850746789523234,1,2457.6127918663237,2453.064372881886,1
1366,1373,0.002430426695544845,7,2460.0374166428496,2468.4763946689404,7
1375,1377,-0.009502437975736723,2,2475.582179452935,2454.5336955182975,2
1378,1379,-0.005603284480855738,1,2454.656616097084,2443.3571333903747,1
1384,1385,-0.0036158516063683685,1,2446.7594341435133,2440.359074547312,1
1386,1388,-0.0072276083705342005,2,2435.378977584055,2420.2123910778296,2
1395,1397,0.000998347919312863,2,2443.860731544585,2448.7444155525577,2
1401,1402,-0.0018286110798441792,1,2466.597879033679,2464.5540287015915,1
1403,1406,-0.004024223457020984,3,2463.107915636564,2455.658926900922,3
1408,1409,-0.005283328059027949,1,2472.4504854929287,2461.8601689538596,1
1417,1425,0.01004910468596694,8,2459.3774276782055,2486.551346338926,8
1436,1437,-0.004544316464724236,1,2526.4303052084965,2517.4758366807678,1
1438,1439,-0.00222910648306808,1,2516.096077469736,2513.0035274688958,1
1441,1444,-0.0011326124664818044,3,2523.9927826121716,2523.658069703887,3
1445,1450,-0.007612092085469879,5,2516.1948734035805,2499.5575611956488,5
1451,1452,0.0001474618740005681,1,2491.485369307562,2494.3442537784726,1
1454,1456,-0.008764083462175125,2,2499.9905803168317,2480.5804447966,2
1458,1460,-0.007052814587858207,2,2459.0247576540505,2444.1407367290176,2
1465,1466,0.0020282059892140713,1,2402.7380430720164,2410.0140288045595,1
1473,1477,-0.023430239611192265,4,2441.3091903326253,2386.550040228459,4
1483,1485,0.0004551168420014876,2,2366.4096214567785,2369.8530239520346,2
1486,1487,-0.0018988579861542536,1,2381.058913769083,2378.918679948938,1
1489,1490,-0.001509503597630156,1,2384.1933517343277,2382.978596644173,1
1493,1498,0.0064868432347629495,5,2388.8964801159836,2406.781773566689,5
1499,1509,0.00840339968097015,10,2405.285715882759,2427.903578816133,10
1513,1516,0.0027044951913137065,3,2416.9009405910638,2425.854338503365,3
1518,1520,0.00388522628525114,2,2425.4469265596895,2437.2957836388005,2
1524,1526,-0.0023225101234359714,2,2450.0264351504675,2446.7862503872952,2
1529,1530,-0.002830874278137902,1,2434.5219438827367,2430.0646402761195,1
1534,1535,-0.0018442048567314086,1,2433.843717211642,2431.7890545250466,1
1536,1537,-0.0005840699700742752,1,2454.0458386726004,2455.0665500317186,1
1538,1539,0.0030363278152277092,1,2451.870626032917,2461.767179640113,1
1553,1554,-0.004997332206190608,1,2482.3544136539194,2472.431618409041,1
1556,1559,-0.0006492806237946052,3,2473.953474010387,2474.821137429553,3
1562,1563,-0.0021163276424990764,1,2469.9318747098737,2467.1746214830455,1
1564,1565,-0.003368795738286785,1,2467.502553567225,2461.657544034123,1
1568,1571,-0.004889753429448337,3,2470.997831462437,2461.3862591733464,3
1572,1576,-0.011686602885453912,4,2459.871556569501,2433.5838860952194,4
1577,1583,-0.010094854942533933,6,2427.436307273196,2405.359126176306,6
1584,1585,-0.002074127903270771,1,2409.1043925400454,2406.516706290126,1
1587,1588,-0.003727890590172398,1,2406.8129779398955,2400.2474554650685,1
1589,1591,0.0020973700482658617,2,2400.489471297231,2407.9246754868045,2
1594,1595,-0.005749452533126849,1,2396.5923100509353,2385.2098086330916,1
1599,1600,-0.0009779496556969137,1,2351.9307313653926,2351.982592247796,1
1612,1615,-0.0003337068799649903,3,2377.849729399789,2379.434074314965,3
1617,1619,0.001585449610230012,2,2383.0583880568097,2389.2196654373665,2
1620,1622,0.0013970267864881255,2,2381.515685595935,2387.22424248675,2
1625,1628,-0.0068293660368279364,3,2381.070108325529,2367.18997910475,3
1630,1631,-0.008534947137913525,1,2340.8732221346113,2323.2348661492697,1
1637,1641,-0.007139356330482546,4,2288.4191057491958,2274.369685425517,4
1643,1646,-0.05207538036572342,3,2240.2657816486053,2125.843354730588,3
1647,1654,0.013988925596155246,7,2145.4158120138336,2177.573289992924,7
1655,1657,0.004667036167787885,2,2181.8651262026424,2194.229834786068,2
1658,1661,0.01106845657525352,3,2188.8643713973115,2215.2805860126396,3
1662,1663,-0.004659274833826179,1,2215.615055892792,2207.507511477317,1
1665,1667,-0.018061492443360347,2,2186.3097777325524,2149.0080699809237,2
1668,1670,-0.011169416526473075,2,2136.3730180025823,2114.6473509265957,2
1672,1673,-0.002233408674264468,1,2126.7917723994337,2124.168568979002,1
1675,1682,-0.00971943501423388,7,2117.287967796345,2098.8264129547256,7
1685,1688,0.00737785933328097,3,2113.73913864414,2131.447747814951,3
1690,1692,-0.003120038043149947,2,2139.9411446062904,2135.4043879696233,2
1697,1701,-0.008303581120419401,4,2172.4586309066385,2156.5919030650566,4
1705,1707,0.008121170331370837,2,2147.5344288146152,2167.1224561323165,2
1711,1712,-0.0013047999747896216,1,2194.2800413256678,2193.6112248243903,1
1715,1716,-0.0011488878237480027,1,2218.1476576430405,2217.8174024655423,1
1717,1718,-0.0039113801027253845,1,2218.752961628166,2212.2933284028186,1
1719,1721,0.0017568756766282233,2,2222.64064261661,2228.768186542125,2
1722,1723,0.0009820163577542044,1,2233.1332666167395,2237.559373280219,1
1724,1726,-0.0019834237585437523,2,2237.214480140896,2235.014350268167,2
1729,1733,0.011389742563621876,4,2228.361328019819,2255.9701512127153,4
1734,1735,-0.004063808149438523,1,2252.409092818723,2245.5081434842755,1
1736,1740,0.0019064736905492958,4,2240.3090146982604,2246.8204139081813,4
1743,1744,0.00037852213669775604,1,2263.1269281702803,2266.24669873892,1
1745,1747,-0.003078941793918279,2,2263.9040145237013,2259.1974898504886,2
1749,1754,-0.00030392865137701403,5,2249.487627273732,2251.053431160159,5
1755,1756,-0.0006751480218346822,1,2258.3433727924016,2259.0770001044298,1
1761,1762,-0.002593645701020061,1,2251.6986060631143,2248.110196259569,1
1766,1769,-0.009669742845326915,3,2237.417562902898,2218.019727994912,3
1771,1773,0.002361686057806057,2,2223.0008626588387,2230.47389366533,2
1776,1778,-0.004488783913803177,2,2241.1387154204003,2233.31986672144,2
1780,1782,-0.0013160088453666621,2,2214.5293519585603,2213.8295410950172,2
1790,1791,-0.004994222596954629,1,2116.908248254749,2108.4528454938904,1
1793,1797,0.002109340438224685,4,2124.345279164554,2130.950591845812,4
1799,1800,0.002595064516623542,1,2150.379305547726,2158.110057886382,1
1801,1803,0.0013919597194724416,2,2161.4813490340707,2166.651525355351,2
1804,1808,0.0047738973055359655,4,2172.592358249389,2185.136683412713,4
1810,1813,-0.004644592074507667,3,2200.852137573503,2192.8309293157395,3
1822,1823,-0.004543965110094677,1,2161.255089779583,2153.59567714739,1
1827,1828,0.005031265577645662,1,2102.3756476267613,2115.055633501573,1
1829,1831,-0.003469085854888908,2,2115.7542288974264,2110.5302500584344,2
1832,1840,-0.016530453685490432,8,2122.1668940381974,2089.208679377456,8
1843,1848,0.023077644911325936,5,2077.769733610204,2127.797535463571,5
1851,1854,0.0009541332560311735,3,2152.4113988839367,2156.6174975791564,3
1855,1860,0.008277030801994208,5,2163.8505386046118,2183.9246467021585,5
1863,1864,-0.002185426658661274,1,2176.214025631641,2173.634283510705,1
1867,1871,0.0006662134292380842,4,2197.9589808721553,2201.621249642999,4
1875,1876,0.000947473793820504,1,2163.7746011635063,2167.9884954950066,1
1879,1883,0.01958173793725935,4,2212.8314139463464,2258.375330207525,4
1884,1888,0.008427048138676237,4,2264.4548020876455,2285.8019265147823,4
1889,1893,0.011566249589978282,4,2292.0893873373525,2320.892354661174,4
1894,1896,-0.0037163270274444484,2,2321.85065510652,2315.5437494183648,2
1897,1899,0.0020789669740834227,2,2311.8379533365337,2318.9560260442895,2
1900,1902,0.004060736459975812,2,2326.3705508419175,2338.143699107977,2
1905,1911,0.004767348508914632,6,2327.4549493916647,2340.8781932236047,6
1912,1913,-0.00956307633397831,1,2327.2532672521215,2307.324819876141,1
1916,1919,-0.0005537977738330568,3,2312.7403578432527,2313.7723077394685,3
1922,1925,-0.009167852824242234,3,2317.4850187346187,2298.556142179208,3
1929,1930,0.0019574752682081243,1,2303.4060388722883,2310.2183052648943,1
1934,1937,-0.00034388165960740156,3,2309.3663324487475,2310.8815500541523,3
1938,1942,-0.005172203064571907,4,2300.5478102166726,2290.9494575926924,4
1947,1948,-0.003935426880251846,1,2303.4570912849986,2296.695461421734,1
1949,1951,-0.008093156950940473,2,2296.783658921541,2280.492211946455,2
1953,1959,0.02314536183342011,6,2271.660380595792,2326.5104424479223,6
1961,1967,0.01135527893703413,6,2361.265319064123,2390.4394107255052,6
1968,1969,0.0058093175331772945,1,2413.923404450009,2430.3605754116775,1
1970,1971,-0.0020085877132776497,1,2428.2700654404994,2425.820942087976,1
1974,1975,-0.003060355896803076,1,2447.202231994526,2442.1601244451663,1
1977,1978,-0.004270409582127196,1,2432.4838148526933,2424.5285964762297,1
1983,1984,-0.00435837031276044,1,2418.992109495771,2410.8682382084385,1
1985,1990,-0.0009172660742619164,5,2414.4181648761837,2414.6179191693373,5
1998,2000,-0.00566551855660207,2,2383.3232408217864,2372.2038020153514,2
672,679,0.005072665315872457,7,1976.4798323666375,1988.4823328921718,7
682,695,0.010189572530030819,13,1991.6867496311845,2013.972872973284,13
700,705,-0.001252266505494641,5,2026.0966711256033,2025.585554798584,5
707,708,-0.0010763769859904616,1,2016.42167354093,2016.267665331019,1
709,717,-0.007897644414780275,8,2011.3999245155005,1997.5260030602767,8
723,730,0.005533164318466708,7,2029.6980151910516,2042.9583658411605,7
731,732,-0.0031120950470112374,1,2046.340016220918,2042.0179516081569,1
735,740,-0.0010002095265771599,5,2060.633827390987,2060.6333956334342,5
743,744,-0.0037718287255156645,1,2068.685144138789,2062.9511032322175,1
746,748,-0.0009114114980086404,2,2065.80206891034,2065.9850752210355,2
749,751,-0.0030435861671433595,2,2063.6290085919104,2059.411804895836,2
753,756,-0.006657962279531502,3,2059.1646640972303,2047.513988100424,3
758,759,-0.0017924261412271942,1,2053.5221341974175,2051.894869576691,1
760,761,0.0028612415669843315,1,2060.382823657895,2068.3384594605036,1
764,765,0.00017023180362497436,1,2077.371450567544,2079.8024567069406,1
768,777,-0.005349067318696156,9,2089.2169070800383,2080.130762107789,9
779,783,-0.0032462825723085197,4,2078.949200923122,2074.279293564374,4
787,790,-0.0025045657684535675,3,2078.0888844260267,2074.9622630267154,3
795,802,-0.0018769475515375495,7,2075.393835378234,2073.573823835823,7
805,811,0.0037764473133062686,6,2075.1810365944852,2085.093029481351,6
827,830,-0.007677652193157043,3,2071.8769562679986,2058.041682567024,3
831,833,-0.002724483455805217,2,2062.9297085772505,2059.37222042432,2
834,836,-0.002268592560347998,2,2069.9670664503187,2067.3411216296545,2
837,839,-0.0005776554808235568,2,2070.7954391364337,2071.6700282404886,2
843,845,-0.0013384924425842268,2,2077.116136481692,2076.4130483671233,2
849,851,-0.0037817244201833865,2,2076.942698233302,2071.165216010305,2
852,853,-0.0017497704907276702,1,2072.741655232308,2071.1875747043127,1
859,860,-0.002855244237910186,1,2069.3612601915033,2065.5220896373785,1
864,866,-0.005031819616277047,2,2070.9752282066784,2062.625429656771,2
868,870,0.0041090520588069925,2,2071.8670012888088,2082.4522776573176,2
872,879,0.026334384674777247,7,2091.272342285963,2148.43598494973,7
880,883,0.009502568281219096,3,2160.721071931487,2183.4141925261165,3
888,891,-0.0038745731228369933,3,2174.7297024259374,2168.4782828739085,3
896,898,-0.0018582898086622122,2,2168.08622816124,2166.225381847308,2
899,904,0.00027310452757893944,5,2163.8683338511364,2166.623164424047,5
906,909,-0.003694930659299772,3,2169.2812961725667,2163.4352334988657,3
911,912,-0.0031518467090666767,1,2163.8682041682173,2159.211891494224,1
917,918,-0.002604781633932764,1,2149.90756752441,2146.4574353453936,1
919,920,0.0005958474826599936,1,2151.720010016996,2155.153826978371,1
922,927,-9.823977490714547e-05,5,2157.198819072118,2159.1440951647746,5
936,938,-0.00179900395478338,2,2137.013862602538,2135.306380074892,2
945,946,-0.007504994617128452,1,2124.8383459095726,2111.0162839071627,1
949,951,0.0005530137365764589,2,2113.7022489259384,2116.984857553553,2
952,953,0.00012196345624441757,1,2114.333632666131,2116.705837736291,1
954,956,0.004044582972665337,2,2115.2298430309606,2125.900295480388,2
960,966,0.0013835982878083936,6,2139.8535334894245,2144.9540847080107,6
967,969,-0.001483314202864149,2,2147.0325240381612,2145.9948327252823,2
970,974,-0.002209958014014817,4,2149.231369941351,2146.6308902213186,4
975,977,-0.008455267951983005,2,2145.917302020472,2129.918913531113,2
978,981,-0.003202000445731984,3,2130.343827732145,2125.6528096739166,3
982,983,-0.0026696833415262252,1,2125.0249727687283,2121.476853971369,1
988,1001,0.009110023437140704,13,2123.9867017537,2145.460257088605,13
1006,1012,-0.004832453717780965,6,2146.782302059482,2138.5548582446877,6
1013,1014,-0.002813742671380129,1,2138.7790143030666,2134.8998195401728,1
1018,1025,0.0044842199881199125,7,2139.460807547811,2151.1940812723637,7
1028,1029,-0.002101761153397554,1,2142.7335034311895,2140.3727228950256,1
1030,1036,0.0023251089631551266,6,2144.959134761379,2152.0913576059756,6
1039,1040,-0.0012424427898708032,1,2146.5044195087485,2145.9840149888128,1
1041,1042,-0.00045463609943967624,1,2142.202386503921,2143.3706663532143,1
1044,1048,-0.00310547719185314,4,2141.392470450253,2136.883817444914,4
1050,1053,0.0005748029891278626,3,2141.310522717513,2144.6826649293394,3
1055,1060,-0.00558010956841833,5,2150.405366440912,2140.556274246098,5
1061,1064,-0.0036111207140845426,3,2145.011020067868,2139.410137361429,3
1068,1077,0.002064349148752986,9,2144.345531168056,2150.916554571123,9
1079,1084,0.014810443034787783,5,2148.7528184317803,2182.7255524634356,5
1086,1087,-0.004809162713458002,1,2191.4695226699023,2183.1218586764685,1
1090,1095,-0.015000601889309913,5,2180.6873034362807,2150.1563686557965,5
1103,1106,-0.001510964621066641,3,2150.6791701731095,2149.580249205886,3
1107,1108,-0.0029742962564403507,1,2158.286457307328,2154.02536043434,1
1111,1114,-0.0077989936095165776,3,2150.675866051201,2136.0534345817773,3
1115,1123,-0.005227970877733645,8,2136.452247444927,2127.419389561061,8
1125,1128,-0.0015428727473556282,3,2127.3558233961617,2126.2009398957116,3
1130,1132,-0.001030877552180064,2,2134.3614683325272,2134.2955644749177,2
1134,1138,0.0008104303693011918,4,2139.574374261668,2143.4479246862097,4
1142,1145,-0.000866483999338275,3,2141.705420069286,2141.991372011569,3
1146,1150,-0.0024537869803582264,4,2148.483326690378,2145.3598896025187,4
1151,1153,0.0033097908966792664,2,2145.8024987728063,2155.050458848089,2
1154,1157,-0.0027753982372700605,3,2159.163055320294,2155.3296810378997,3
1158,1165,0.0019703446595713036,7,2163.437377621826,2169.8635322827618,7
1167,1173,-0.0030774223904390567,6,2168.489360471168,2163.984492120296,6
1175,1177,0.001696408849419833,2,2170.039129869658,2175.890442583026,2
1179,1187,0.01947196920991551,8,2164.936954149415,2209.2574768161703,8
1189,1194,-6.119196415736976e-05,5,2211.4896760424654,2213.565840321517,5
1198,1200,-0.004099283066543927,2,2228.8800118583763,2221.9720817802654,2
1201,1204,-0.0025946632382942343,3,2225.2485197225114,2221.6999977120413,3
1206,1210,0.00755190783819249,4,2224.8189490697137,2243.845395678822,4
1211,1213,0.002317312388021306,2,2256.1927957902985,2263.677292101538,2
1215,1216,-0.0005302160613148018,1,2281.022062604801,2282.093650133599,1
1217,1219,-0.005063258035466144,2,2289.6221357682666,2280.318810226925,2
1221,1224,0.0021334595407071044,3,2296.4349944817104,2303.630780624783,3
1225,1231,-0.0035267031623973655,6,2299.9296994152437,2294.1184597704396,6
1232,1234,-0.004362636993998418,2,2301.7941927445054,2294.054094439412,2
1238,1240,-0.005790371637099203,2,2285.169780098408,2274.2229675978683,2
1241,1242,0.0011242184072437714,1,2279.9606251170985,2284.8037594447633,1
1247,1248,0.00029214290708926916,1,2296.3398404374057,2299.3070396744934,1
1251,1255,-0.0019569691784069258,4,2294.9928665045572,2292.7966290666486,4
1256,1259,0.0049588774888694636,3,2290.823167538487,2304.4739021425125,3
1260,1262,0.007800945025681057,2,2314.29768968762,2334.6656964276212,2
1263,1266,0.006617368224265666,3,2346.8368761693127,2364.7135968173798,3
1269,1272,0.0019263796182128362,3,2378.4067026278262,2385.366823526217,3
1273,1275,-0.0025706423751596227,2,2386.170074103298,2382.4222542705734,2
1277,1281,-0.006651546452592451,4,2384.067800191559,2370.5941302726465,4
1289,1295,0.011070834241322772,6,2352.6946178612748,2381.0936046139304,6
1296,1297,-0.0004023255857822425,1,2378.1180104947034,2379.5393507835665,1
1300,1302,-0.005333180120529378,2,2369.606666108851,2359.3387336097944,2
1303,1313,0.006967448688309288,10,2350.2793851668384,2369.0051155713463,10
1315,1316,-0.004578982054716653,1,2371.8162011543277,2363.32751353331,1
1319,1321,0.001092264038449847,2,2336.099134367599,2340.9868705766903,2
1322,1324,-0.0018039407821839343,2,2344.6412740145092,2342.7563212747373,2
1325,1326,-0.0031046508851832145,1,2339.314321168266,2334.3908812114973,1
1327,1331,0.012491219680443505,4,2338.1034093605026,2369.647276091779,4
1334,1338,0.006239894783787381,4,2412.693977893677,2430.161628439105,4
1339,1348,-0.006514080037359038,9,2432.4436200901937,2419.030931282653,9
1351,1352,-0.0025009228845686887,1,2421.00662086497,2417.3728766240215,1
1353,1354,0.00042868153786288204,1,2414.7430519155196,2418.192950732474,1
1358,1359,0.0014420238754633374,1,2464.5798025059585,2470.5983652266627,1
1362,1364,-0.004661588713895556,2,2464.260802782679,2455.237693239115,2
1365,1369,0.0014101604167997086,4,2457.7021508892844,2463.6256073296413,4
1371,1373,-0.0006301511776369247,2,2471.1391446457606,2472.053092548303,2
1376,1378,-0.005941160238415563,2,2464.669535927345,2452.4912088155866,2
1384,1390,-0.009088596327340732,6,2445.4807289095825,2425.700222467142,6
1392,1393,-0.00038316397575204096,1,2436.737447232251,2438.2405146713377,1
1396,1397,0.0013512751437724417,1,2445.6104083718433,2451.360711336399,1
1398,1400,-0.0019169545072675242,2,2460.1513832377054,2457.895536338285,2
1402,1406,-0.005371516959234076,4,2470.4283003578967,2459.6287811463103,4
1408,1410,-0.004754841874157891,2,2468.7047597936057,2459.4351637866,2
1411,1412,-0.003086491388681909,1,2451.86850159934,2446.7526990845727,1
1413,1416,0.0011380417964244756,3,2449.684029805915,2454.9215566496737,3
1418,1420,-8.414481006812616e-05,2,2465.1969047442067,2467.4546681236206,2
1421,1422,0.002037659319607576,1,2466.7217956611803,2474.2148561126496,1
1424,1425,0.0020731842117140183,1,2481.8936173174807,2489.5209335973746,1
1427,1428,-2.883648973542655e-05,1,2492.8346197283345,2495.255569748139,1
1438,1439,-0.0006190346715816651,1,2514.9914689372954,2515.9495934882284,1
1441,1443,-0.002327164392583946,2,2526.279585778412,2522.9267974664554,2
1445,1448,-0.00491720027453274,3,2515.7821771788294,2505.92735454372,3
1450,1452,-0.0036576266839711785,2,2498.747676255106,2492.1069377541794,2
1453,1454,-0.00030425697662281206,1,2497.819902031271,2499.557742801762,1
1457,1459,-0.01638563225857691,2,2476.6021004831327,2438.49801131428,2
1464,1466,-0.0022686999236623123,2,2415.3022893091934,2412.2379954791254,2
1468,1469,0.0015014412093596681,1,2413.6760247586844,2419.7136934330592,1
1472,1474,-0.0039828487086126865,2,2434.002645470976,2426.742383823173,2
1475,1477,-0.009496191321939906,2,2412.9660870926477,2392.465065563356,2
1478,1480,0.0011953754436148864,2,2385.122194305916,2390.358433001316,2
1482,1483,-0.008360424743903656,1,2377.2485246446327,2359.75096578143,1
1485,1487,0.004332016422376141,2,2368.0192160678153,2380.645533416391,2
1491,1494,-0.008078168822126218,3,2386.978865478593,2370.083426093888,3
1495,1499,0.01210306737513141,4,2369.269914148762,2400.314617463725,4
1500,1506,0.001740700094669802,6,2407.1145270837187,2413.711706095978,6
1509,1510,-0.0016349866484570894,1,2428.756956999297,2427.214728759255,1
1513,1518,0.0029529236200915706,5,2417.855026045474,2427.4126222878863,5
1521,1522,-0.0009002278067459482,1,2442.5616931672207,2442.8053929045063,1
1525,1526,0.00013703147938594579,1,2449.829359209282,2452.6148923098267,1
1529,1532,-0.005163082664207101,3,2440.0066176021537,2429.8486683518636,3
1534,1535,0.0015788754803648247,1,2427.410716936688,2433.670706915371,1
1537,1539,0.0002774422434313607,2,2456.7216920324695,2459.860012102226,2
1544,1545,-0.0019086977083180045,1,2481.241087628477,2478.9863895383646,1
1555,1559,-0.004574306207996344,4,2480.521437961215,2471.655294786442,4
1561,1562,-0.001917256322857593,1,2470.7644595231004,2468.498135200311,1
1571,1575,-0.011629951556050653,4,2465.6123790448237,2439.4030388995784,4
1583,1584,-0.0027230628481034456,1,2407.7582367041364,2403.6095179392564,1
1589,1591,0.0015929738361723472,2,2397.058763954632,2403.274274613334,2
1593,1594,-0.004287051596279509,1,2400.858549805212,2392.9668038766335,1
1606,1610,0.005530019658396394,4,2350.058994457191,2365.404925889388,4
1613,1616,0.00044082417242010904,3,2376.3162813118597,2379.7401352512893,3
1619,1623,-0.002320914134368671,4,2389.1584480619063,2386.002574898615,4
1626,1628,-0.005176986472158754,2,2374.858271446162,2364.938520573037,2
1630,1632,-0.012753836202301933,2,2346.71281438861,2319.129936354443,2
1634,1635,-0.006347013321818449,1,2296.8377633382784,2284.556541219653,1
1639,1643,-0.022329002087548715,4,2289.6516994892845,2240.815713611118,4
1646,1647,0.0057219172602932375,1,2129.9667061407326,2144.28416610659,1
1648,1651,0.005626240982999516,3,2146.8410047190127,2161.0664905684657,3
1656,1657,-0.00011574287398324705,1,2191.8248044690467,2193.7629411713788,1
1658,1662,0.010896717388341016,4,2189.9448334446893,2215.9979882242383,4
1664,1668,-0.030721474915867752,4,2195.073471568159,2129.8326504444594,4
1674,1675,-0.0035941684081782954,1,2125.3865546605293,2119.872944005262,1
1677,1679,-0.01502362348378371,2,2095.99824337586,2066.604753188085,2
1681,1683,0.008375567113568502,2,2086.209075312027,2105.7684685105505,2
1687,1691,0.006847871187252596,4,2119.1316712740627,2135.762343659049,4
1692,1698,0.010692576485708555,6,2138.218544041457,2163.219827910822,6
1700,1703,-0.007625379879989442,3,2162.7494253015643,2148.4203887737126,3
1704,1710,0.01892345694645242,6,2150.001837569176,2192.837306614779,6
1713,1714,0.0007369221587610916,1,2207.5190046487446,2211.3532933238052,1
1716,1724,0.0069716450257459,8,2220.4359620784644,2238.1364893705545,8
1727,1730,0.005053794802778037,3,2231.898999447895,2245.4104580110784,3
1731,1733,-0.0007614638751759877,2,2254.0340616218864,2254.571730172167,2
1734,1736,-0.005937926883878338,2,2251.705222072759,2240.586466322117,2
1737,1738,-0.0024703175361076024,1,2250.0251951149744,2246.716943613913,1
1741,1751,-0.006275559579728972,10,2258.221649173933,2246.3082663194823,10
1752,1756,0.0026671870725787916,4,2246.9788124050183,2255.2189040582284,4
1762,1765,-0.004314045665217897,3,2243.6388671819805,2236.2033455198816,3
1768,1769,-0.0031775310990986884,1,2219.0335921295077,2214.201577472701,1
1775,1776,-0.003107051332046244,1,2244.7334766078725,2240.003707945897,1
1779,1782,-0.00750842135092229,3,2223.840634447064,2209.3669425807802,3
1783,1784,-0.014006288668137756,1,2210.1605738484996,2181.414587422089,1
1785,1786,-0.01047241203025337,1,2165.136598713136,2144.627532748344,1
1794,1796,0.0014228151363220596,2,2122.6169719298473,2127.759680458053,2
1797,1799,0.007029092168577563,2,2131.22365651345,2148.3354476834493,2
1800,1804,0.0035172244354494606,4,2160.9251113823266,2170.686495098639,4
1806,1816,0.009907516465402187,10,2174.8018380871963,2198.5235249451193,10
1822,1824,-0.010012117984687454,2,2157.8537958157817,2138.406962814184,2
1827,1828,0.006246036515574361,1,2097.6475780777614,2112.847209025319,1
1831,1832,0.003141437744894654,1,2111.5413324192946,2120.286149393281,1
1834,1835,-0.002201014293460893,1,2129.268159577217,2126.7108780829535,1
1836,1839,-0.010668428757026813,3,2119.1940365964533,2098.7047600313044,3
1844,1847,0.016716373791291202,3,2086.4021505393553,2123.3656309172643,3
1850,1860,0.015359760211882185,10,2147.7869089095107,2182.92418772549,10
1863,1865,0.0007411399347701179,2,2177.667374249899,2181.4589978798513,2
1867,1871,0.0026645876307251812,4,2196.494861928465,2204.5441098304395,4
1872,1875,-0.012725881596412317,3,2190.3180086560055,2164.6345990280156,3
1876,1880,0.02663683189421494,4,2169.861294148661,2229.829385968811,4
1881,1882,0.0024220716267472015,1,2242.8937531468814,2250.569096221334,1
1883,1889,0.010328419196924333,6,2262.997867074436,2288.6340555544007,6
1890,1891,0.0019510615574617092,1,2291.7519473989582,2298.5150484701653,1
1894,1898,-0.0017372903218799086,4,2321.7073032540275,2319.9955309291004,4
1899,1901,0.0050028096570864855,2,2322.6255841710995,2336.567863457558,2
1902,1904,-0.007386480810265245,2,2337.068513626284,2322.1428704117347,2
1905,1907,-0.0008155137570894795,2,2323.642781466621,2324.0714615932397,2
1911,1912,-0.008893658900730846,1,2342.570794128441,2324.0793393287768,1
1914,1916,-0.002520254500008284,2,2312.8385418422463,2309.322438641218,2
1918,1919,-0.0009315462560025086,1,2315.27128836832,2315.4297773563785,1
1920,1921,0.0013920948808117304,1,2320.7868832905383,2326.3384257135126,1
1925,1926,-0.004417733107924593,1,2300.3183598108867,2292.4564855937942,1
1927,1930,0.004316406000548098,3,2298.5767650572043,2310.796932363675,3
1931,1936,0.008220934360785182,5,2304.9619096986194,2326.2158121720604,5
1939,1940,-0.0023551800198373177,1,2296.2867682763203,2293.1748863281355,1
1943,1944,-0.0007382116703558053,1,2293.078349032223,2293.6786501829592,1
1945,1950,-0.005611116893034069,5,2298.842898845167,2288.2426655198706,5
1955,1959,0.029095417494973273,4,2259.8369269300333,2327.84766271655,4
1967,1968,0.00824550503671374,1,2389.176486136761,2411.2656293729365,1
1969,1974,0.008399987753551868,5,2424.861772141464,2447.6554431036498,5
1975,1976,-0.0045814116922757425,1,2440.5552850878776,2431.8146518542185,1
1977,1981,-0.006563004354239609,4,2433.3388611943556,2419.802186514191,4
1982,1986,-0.0017959208811186467,4,2419.9931809892,2418.067057884286,4
1988,1989,-0.002831979102269352,1,2434.7814472453283,2430.3209785153817,1
1991,1993,-0.005630915182178217,2,2411.313570720401,2400.1469820967595,2
1997,2000,-0.006212259650888617,3,2385.5606058583026,2373.126444567638,3
673,683,0.006014995822802771,10,1978.1666931409995,1992.0435242301912,10
687,690,0.006509686950666534,3,1999.1789244861234,2014.1921323673844,3
691,694,-0.0024179953186748444,3,2018.6480756490762,2015.7856421277538,3
695,696,-0.0005694950314090158,1,2017.9298794706253,2018.7986083100056,1
704,705,-0.0038747757649415537,1,2029.1127903518257,2023.2795460777893,1
706,711,-0.012197178552723904,5,2022.2763392590211,1999.632550005389,5
712,713,-0.0002578024494345547,1,1993.6801843067328,1995.1598888561361,1
715,717,0.0008427592602874285,2,1994.7303659550546,1998.4061738086948,2
718,724,0.009442508128545076,6,2003.936944581234,2024.8630724141153,6
725,726,-0.0004829816705808678,1,2028.2460817310348,2029.2947221318623,1
728,731,0.002628792054622075,3,2039.0775118876406,2046.476900161537,3
739,740,-0.0015702594351070895,1,2069.9245098460474,2068.7441158643483,1
746,747,-0.0013118922127599614,1,2069.717496253352,2069.0719674836573,1
750,753,-0.0006022902716498121,3,2062.3844032522184,2063.2046335929895,3
755,757,-0.0038473016068105094,2,2054.331273548192,2048.481972812097,2
758,761,0.004949123917663978,3,2053.176780339781,2065.391383430893,3
764,767,0.0010684391834580686,3,2079.2260958570178,2083.526848584957,3
768,770,0.0010781080794255269,2,2088.151034000808,2092.490437535626,2
776,789,-0.001792004256354529,13,2080.2987105739153,2078.651105140652,13
790,794,0.0003512249025661592,4,2077.539727104903,2080.3469505202374,4
795,799,-0.0017602788302909674,4,2078.24349690991,2076.6634523750195,4
802,803,-0.0016955270273699996,1,2073.2682352950605,2071.826221202425,1
805,806,-0.001298761237875025,1,2075.211034458711,2074.591041841204,1
807,810,0.0018218677028361192,3,2083.1126775722432,2088.990945958453,3
815,817,-0.005205121722619166,2,2086.7092759191387,2077.93440941418,2
819,823,-0.001313313356283198,4,2078.8666059037473,2078.2152692301865,4
826,827,-0.002571827074931682,1,2069.835132736125,2066.5817098338457,1
828,836,0.0006034528840976273,8,2064.833863182272,2068.144726995374,8
837,840,-0.0015719911091564669,3,2073.6538610561806,2072.4677494841885,3
841,845,-0.0017188992710276364,4,2078.390262644434,2076.896109399708,4
846,849,-0.002990195799671635,3,2076.3750373022476,2072.2426444244657,3
850,853,0.0007981292836283451,3,2075.0581228986202,2078.789345674635,3
856,857,-0.0031727723320323377,1,2077.3196706044628,2072.806127899387,1
858,862,-0.005590883480323349,4,2075.599510886337,2066.070675380042,4
863,866,-0.0070175481514901245,3,2076.639788088011,2064.143508169891,3
872,876,0.013279261453646708,4,2094.2072630698503,2124.1109961173506,4
877,880,0.014144277702305513,3,2131.5871634486125,2163.868511398548,3
881,886,-0.001929761016042138,5,2173.331454922109,2171.3107760603843,5
888,889,-0.0030370135200819817,1,2173.6343572927235,2169.2066347192035,1
899,901,-0.002688944900754304,2,2165.882719371779,2162.224662797264,2
922,923,-0.002730751047584425,1,2158.876322265733,2155.1398448093664,1
924,925,-0.001886354002301898,1,2156.5054686955373,2154.594041442373,1
941,944,-0.005680106860916492,3,2135.813892799069,2125.8180555457393,3
946,950,-0.0023978168847284447,4,2115.913959299431,2112.9562990404897,4
951,953,-0.0005286414607578168,2,2117.571462160362,2118.569597551507,2
954,959,0.0061104305599743915,5,2116.4392236278004,2131.488017761812,5
962,972,0.003340349064774259,10,2142.317038510573,2151.6154422651225,10
973,978,-0.008689231358320636,5,2145.469407717876,2128.972397069734,5
982,985,-0.005348374006932904,3,2127.1101309368014,2117.860660533552,3
990,995,0.0006325484658461877,5,2135.4151715860303,2138.9013403483477,5
997,1000,0.0021299248145986525,3,2139.9213531846144,2146.6191461292365,3
1002,1003,-0.0018838712925458897,1,2147.075667558901,2145.177929013422,1
1006,1007,-0.002209301683302555,1,2153.11583480108,2150.5120681977096,1
1014,1015,-0.00164490114911009,1,2132.096346210497,2130.7213548268123,1
1018,1022,0.003913815557567118,4,2136.2408745156586,2146.7379681595644,4
1033,1037,-0.002208383200528392,4,2149.442037004704,2146.844687356678,4
1038,1039,-0.00338578744136151,1,2152.019825337929,2146.8855634650768,1
1040,1044,-0.003673019222562699,4,2145.8587317791,2140.1228101401502,4
1046,1047,-0.0031134136959356,1,2141.4000627548235,2136.87439853372,1
1049,1057,-0.003328736180637624,8,2144.186726501711,2139.1934812936634,8
1069,1070,-0.0006786524236326279,1,2145.073686126012,2145.763000356178,1
1074,1077,-0.003765429025823586,3,2156.6377923367313,2150.673763587615,3
1079,1080,-0.0033491728800936907,1,2153.5511682862084,2148.4921042857763,1
1082,1084,0.006284324663515155,2,2167.551759064484,2183.340909802483,2
1085,1086,-0.0012405776146725692,1,2190.8850781722185,2190.35800026609,1
1088,1092,-0.006779344721452139,4,2186.7196180377437,2174.0818115559414,4
1094,1095,-0.0051667939523879994,1,2158.6934611798665,2149.6986303207627,1
1105,1106,-0.000537317769504587,1,2153.894628561782,2154.891197332777,1
1107,1110,-0.0031968570596734576,3,2155.5667625299693,2150.831290470108,3
1112,1118,-0.011587640754003575,6,2149.557546991729,2126.7988039041234,6
1121,1129,0.0017036916979385132,8,2126.0030867297537,2131.7511436251366,8
1131,1133,-0.0025019648158846183,2,2139.8644574419163,2136.6504563160765,2
1134,1135,0.0014556886724564227,1,2136.351109365402,2141.5973225850603,1
1136,1137,0.0009810874482323929,1,2141.990194565448,2146.2336644541383,1
1139,1142,-0.0027834921816924166,3,2148.6795951795807,2144.847441920616,3
1144,1145,-0.002035903020353529,1,2145.9162948236676,2143.693333652434,1
1147,1149,-0.002667102161640261,2,2149.0870647248216,2145.5043170336658,2
1150,1154,0.0045345232882910615,4,2145.3786324501234,2157.2522804536206,4
1155,1156,0.0005521265280132017,1,2156.127043720038,2159.4736257023624,1
1157,1161,0.004039981994781227,4,2155.420651071146,2166.2839323437242,4
1164,1169,-0.004851568376765234,5,2171.9733266294493,2163.6078228494257,5
1170,1172,-0.00010993297183821589,2,2159.7350025616183,2161.6573114769653,2
1174,1178,0.0015560601352577657,4,2166.3379265303547,2171.875216543856,4
1181,1185,0.012745137759054857,4,2159.9296596972367,2189.6181904196437,4
1186,1190,-0.0010872975959609844,4,2208.766531341852,2208.5737113336268,4
1196,1202,0.0028136501140636023,6,2218.8851051943193,2227.3471566288376,6
1204,1206,-0.0038512304002021676,2,2230.9516075455817,2224.590650500768,2
1207,1208,0.003850557365140522,1,2232.0786751002183,2242.905500757299,1
1209,1212,0.0009347245327737039,3,2248.300949681818,2252.650792686226,3
1220,1227,-0.005837389586183617,7,2290.5951406920835,2279.514639612337,7
1228,1233,0.003468212285216127,5,2282.986237691314,2293.1871048455455,5
1236,1237,-0.0033326095836996817,1,2293.1763171921,2287.827232137505,1
1240,1252,0.004003975086843143,12,2280.4547816958857,2291.866120610164,12
1254,1256,-0.0005754514001157426,2,2288.5658919426937,2289.537499387861,2
1258,1260,0.008561014095120004,2,2293.6124898242488,2315.5417511682017,2
1261,1265,0.0061194981843013755,4,2333.625912104284,2350.240157548349,4
1268,1270,6.89232320480323e-05,2,2372.4716508629895,2375.0076409279723,2
1271,1272,0.0020339979997396744,1,2375.5829140505507,2382.790427859996,1
1275,1276,-0.002094670478646485,1,2388.0096437344373,2385.395560074718,1
1278,1282,-0.008865407507233566,4,2384.3719953205687,2365.617937928537,4
1284,1287,-0.002532541511110568,3,2345.891012760627,2342.29583740303,3
1292,1293,0.0005618336063252518,1,2372.674098658504,2376.3798208026465,1
1297,1298,-0.003708710686744174,1,2386.498540604245,2380.034206503411,1
1299,1300,-0.00201566161930696,1,2375.449050912706,2373.0363984830747,1
1301,1302,-0.006379516124058484,1,2372.261990168646,2359.500368542043,1
1304,1306,0.0018674312264986234,2,2328.023524506803,2334.698971856997,2
1307,1315,0.011809709365972091,8,2337.291400141684,2367.231423681085,8
1317,1319,-0.013199852728290964,2,2363.29006019029,2334.458269501735,2
1320,1324,0.0015479073069898982,4,2334.5456923190636,2340.493898347025,4
1325,1326,-0.0028771352613337145,1,2339.4287017653523,2335.0372776578924,1
1327,1328,0.0014415009042603156,1,2335.924860698667,2341.628023358347,1
1329,1339,0.034683727420945935,10,2347.1955057653045,2430.952190396703,10
1340,1341,-0.0013136001066794336,1,2433.7118801982756,2432.9486678930184,1
1342,1346,-0.005862135372518972,4,2436.0507357933798,2424.206327341628,4
1347,1360,0.020976054334746495,13,2418.1358601994543,2471.2769452519965,13
1362,1364,-0.004435712598288788,2,2464.2038746911107,2455.7375783940824,2
1365,1375,0.002666954168539716,10,2458.047515834186,2467.061063418843,10
1377,1381,-0.005417145570066771,4,2455.6435581971004,2444.796623132347,4
1382,1383,-0.0016835223636123445,1,2448.0682326185765,2446.394923233933,1
1384,1386,-0.00667225809844859,2,2443.138036174344,2429.2799266630263,2
1387,1388,-0.0007338615628120908,1,2423.5205524123453,2424.165544384657,1
1390,1392,-0.00044054991099977826,2,2431.2169846427573,2432.5771292011946,2
1395,1397,0.003341089916640807,2,2441.6913249906256,2452.2909265810918,2
1401,1402,-0.0018273670955787533,1,2463.7943351184067,2461.7558727552564,1
1405,1408,0.0021694850058215118,3,2461.0361240935135,2468.836341187613,3
1411,1415,0.0005976639679144903,4,2454.2569609731345,2458.1780388876846,4
1416,1422,0.00777281678554556,6,2450.0714273283393,2471.565455071791,6
1427,1430,0.0008647929354798126,3,2494.976654868744,2499.62926970893,3
1431,1432,0.0006249717182989644,1,2508.049097309559,2512.124606160792,1
1433,1434,9.437694148514654e-05,1,2528.017923355293,2530.7845278782743,1
1437,1439,-0.006198536023921762,2,2528.0747337498015,2514.9324461752367,2
1440,1447,-0.009852680442227011,7,2525.9770911452715,2503.6154231529763,7
1448,1451,-0.008696257324639665,3,2513.2930750583528,2493.950124820469,3
1454,1455,-0.0030813909211957887,1,2499.183349391536,2493.981571857709,1
1459,1464,-0.014355741412884402,5,2444.2789040198345,2411.633747036777,5
1465,1467,0.003046667357387592,2,2403.5038776731153,2413.2300583582496,2
1468,1469,-0.001465817492177373,1,2421.7012160950426,2420.5731453077583,1
1472,1473,-0.0011346745593492128,1,2439.679783014509,2439.3512202147786,1
1474,1475,-0.006073688323100676,1,2431.3013223936614,2418.9656572642934,1
1476,1479,-0.009061245653336152,3,2404.007820044863,2384.62852245494,3
1481,1483,-0.01205714571644792,2,2390.541225807217,2364.1086631322905,2
1484,1487,0.00304753882938943,3,2368.488975211406,2378.075526305555,3
1488,1492,0.0015022510905662082,4,2383.9483698080257,2389.9136072162314,4
1497,1504,0.008075720987446251,7,2397.892931415358,2419.6555386186533,7
1506,1507,-0.0007522841389836903,1,2421.656528213722,2422.2564109456944,1
1508,1510,0.003723397798754211,2,2422.344886905937,2433.786585412572,2
1511,1512,-0.001119484950448845,1,2422.260679721073,2421.971256023782,1
1515,1519,-0.0005306442349282327,4,2426.640134270405,2427.779091807179,4
1522,1524,-0.00399682100609995,2,2451.426116998791,2444.079631716467,2
1526,1527,-0.003376490999468745,1,2446.5079001158206,2440.693796111066,1
1529,1532,-0.0031388248215111795,3,2434.908042563767,2429.7002008042346,3
1536,1538,-0.0036522897171616902,2,2455.907609839854,2449.3938313399767,2
1539,1542,0.005911713741471746,3,2459.120071122726,2476.116805110234,3
1544,1546,-2.6794463031897236e-05,2,2481.1461638414717,2483.5608290261493,2
1547,1548,-0.0049706793881899095,1,2486.1976724931365,2476.325778640002,1
1550,1551,7.604344971431443e-05,1,2477.3313956289107,2479.997111849949,1
1552,1555,-0.0011977851142572855,3,2479.3890849550876,2478.8986987016315,3
1563,1566,-0.003431903280352976,3,2469.9637638784334,2463.9570508987044,3
1569,1571,-0.0013456896539490578,2,2465.383424928235,2464.5311673852198,2
1573,1574,-0.003771896033297005,1,2448.1940759423856,2441.4079364945396,1
1576,1578,-0.006797455216651374,2,2434.9941904438915,2420.877420671987,2
1581,1582,-0.004427918823401613,1,2416.8523753080412,2408.56760155734,1
1584,1585,-0.0023212498608034156,1,2409.3117843643495,2406.128481504626,1
1590,1592,0.001385592144247064,2,2406.467643989433,2412.208494296319,2
1593,1594,-0.0059700657288439115,1,2406.738055360173,2394.776409032923,1
1600,1601,-0.0012323082421658333,1,2355.981628720457,2355.434314769714,1
1602,1603,-0.003152338848711837,1,2361.0388763006704,2355.9571206038895,1
1618,1619,-0.002967667162660457,1,2390.632490898532,2385.928521848202,1
1624,1625,-0.002291924025628015,1,2385.3771273883212,2382.2954013672647,1
1627,1629,-0.010149116306994683,2,2372.738276508982,2351.029818051143,2
1633,1634,-0.0012456108362593097,1,2294.8758510506523,2294.3122046737644,1
1645,1646,-0.015411915290807727,1,2152.570954443858,2121.54828419096,1
1649,1652,0.0008919209459326183,3,2168.5463173487165,2172.6490355487335,3
1653,1655,0.005028394557617367,2,2170.1918139025734,2183.2745864224894,2
1661,1664,-0.011204461958297513,3,2217.127549987836,2194.502956247292,3
1666,1670,-0.02749310658670198,4,2171.653864411645,2114.120007112364,4
1675,1681,-0.013621086411354264,6,2115.9340743083594,2089.2286875157847,6
1682,1683,0.002002402500248338,1,2099.541148090093,2105.844815682493,1
1685,1689,0.009669008403283316,4,2115.5218037212753,2138.0923236225067,4
1695,1697,0.005967665061969671,2,2148.345927051657,2163.3148819085995,2
1698,1700,-0.007000152687583434,2,2171.6558860500195,2158.62561914883,2
1703,1707,0.005206497205799693,4,2152.202159879495,2165.559796571103,4
1711,1715,0.00794621505415024,4,2196.6508597610227,2216.302570751329,4
1717,1724,0.006335867156378927,7,2216.1361348606747,2232.3934151464637,7
1725,1727,-0.004965756713752285,2,2239.4776520328137,2230.5964284989664,2
1731,1732,0.00035390198789201797,1,2255.5464376596533,2258.6002264653835,1
1733,1738,-0.007458448375756845,5,2263.9477961663974,2249.3262061994483,5
1742,1743,-0.0012264018803015131,1,2261.57324897805,2261.0612245420416,1
1749,1750,-0.0002439263299060956,1,2248.235703389475,2249.935535208973,1
1752,1754,-0.0009562994550053647,2,2247.7524749316303,2247.850702939798,2
1757,1761,-0.008573873261351042,4,2263.700919646265,2246.5559357792604,4
1764,1765,-0.002406942249867145,1,2236.2195135708484,2233.0732818572283,1
1767,1772,-0.0001351309131093605,5,2225.9827187778014,2227.907902419225,5
1774,1775,0.003032017052599054,1,2235.029349185956,2244.0410256349332,1
1779,1780,-0.0067101387230334856,1,2224.920673221335,2212.2160675294963,1
1781,1782,0.0017411974548685498,1,2209.301043642455,2215.3571740403263,1
1784,1785,-0.008058816763295541,1,2185.295937663711,2169.8703340661687,1
1786,1788,-0.004230907562595181,2,2146.3650038347505,2139.430296911771,2
1795,1797,0.004483932153308309,2,2119.919970010101,2131.54546729608,2
1801,1806,0.003016475637202254,5,2162.9928608801506,2171.680469009318,5
1807,1812,0.005045256086867819,5,2184.072442473792,2197.275719700817,5
1815,1819,-0.007505190842270437,4,2198.9936905253776,2184.6888169075614,4
1822,1835,-0.016007555654247,13,2158.2076081070118,2125.8181873149265,13
1836,1839,-0.012790737579520511,3,2119.913060644066,2094.9177220546135,3
1840,1845,0.003748421748972614,5,2089.3455600828174,2099.266653981434,5
1846,1854,0.015439118588510246,8,2117.993160938671,2152.8111016809953,8
1858,1868,0.008898413815607381,10,2182.4987245934867,2204.1020001215484,10
1874,1876,-0.003124280041815794,2,2174.853398100742,2170.2334004332815,2
1877,1882,0.028905372345656193,5,2188.683163657098,2254.136548612932,5
1884,1891,0.014485960911181275,7,2262.2203750069357,2297.253031306771,7
1893,1894,-0.0007431087369246382,1,2317.033875634479,2317.629101393379,1
1897,1900,0.005266940983569539,3,2316.4332295328086,2330.95017987467,3
1901,1911,0.00038027662222150796,10,2333.5696645742064,2336.7906362285435,10
1914,1916,0.0005220128335067875,2,2311.4871790217867,2315.0052921727442,2
1918,1919,-0.000632490442140076,1,2312.805613339885,2313.6555915082595,1
1923,1927,-0.00631681607220461,4,2313.2485715233934,2300.9494543393134,4
1928,1929,-0.0017886236082085998,1,2305.3115420899985,2303.4935189836306,1
1930,1932,-0.006700868059795072,2,2312.8195067050615,2299.6344278512156,2
1936,1940,-0.014737279319149848,4,2324.2220165717567,2292.293529530393,4
1942,1945,0.00114257358010449,3,2288.26130682163,2293.1640750420015,3
1946,1952,-0.011075999001175327,6,2300.366479171302,2277.187988824835,6
1954,1958,0.013323186871729967,4,2269.013937814461,2301.5134484603373,4
1959,1967,0.02522576452627106,8,2330.779257298916,2391.9057252635544,8
1969,1972,-0.0004246814547825805,3,2429.6670792210984,2431.0649117504786,3
1973,1984,-0.013816279926652793,11,2440.322742188916,2409.046882813646,11
1997,1998,-0.0001382562476640669,1,2380.164742417819,2382.215834514128,1
673,676,0.0015194875513834917,3,1980.0543069381001,1985.043029115494,3
678,679,-0.0026974940538940792,1,1990.3292663590555,1986.9506942641196,1
684,687,0.0019761210302825815,3,1990.4534574975007,1996.3772878921577,3
688,690,0.004921424981026892,2,2002.4297766312573,2014.2870143333537,2
691,692,-0.0014607162614559315,1,2014.6266105507814,2013.6984393105388,1
693,694,-0.003356912027650189,1,2017.1153295537447,2012.361166172362,1
695,697,-0.0008087317218631347,2,2012.6721848796747,2013.0571452229306,2
698,699,0.0009696415962286227,1,2018.6239452029688,2022.5999108925837,1
700,702,-0.0010344736331063616,2,2023.1695088221945,2023.0997628188354,2
703,704,-0.0016469802030069482,1,2025.1873083620762,2023.877052266185,1
705,707,-0.006679948195049648,2,2026.1117150246005,2014.6035054458775,2
709,710,-0.00394842674276227,1,2012.019064707003,2006.0867738896734,1
711,712,-0.005282880474728693,1,2000.8993387769688,1992.3297260670233,1
713,716,0.00020006894287503702,3,1995.5400114023423,1997.9347969942908,3
718,719,-3.1400469817638465e-05,1,1999.3373062452176,2001.2738634207228,1
721,722,0.002264669608847956,1,2016.8204466497302,2023.4046990684108,1
723,724,-0.0010575286482942692,1,2027.158938079343,2027.0423183657576,1
725,730,0.003969916780287071,5,2032.4893315785694,2042.5906344133361,5
732,733,-0.0016870020873196103,1,2046.9075614404778,2045.501331673218,1
734,736,0.002042557695903499,2,2056.6681174325895,2062.9256488412034,2
737,739,-0.0029309195792984943,2,2070.3954948928554,2066.3977276948754,2
748,751,-0.004729374264058544,3,2067.0740186836547,2059.365126036472,3
752,753,-0.00413168675217028,1,2063.939267010096,2057.4756557503165,1
756,761,0.004905022177559546,5,2053.026285992952,2065.149451742853,5
764,766,0.0014667956307082629,2,2076.900563085238,2082.023852319672,2
771,775,-0.005558448646449868,4,2093.2154963385383,2083.673680992526,4
777,778,0.000760810894764421,1,2079.797755344851,2083.4598858913687,1
780,781,-0.0023139109797311584,1,2080.1722232878396,2077.43906216393,1
782,783,-0.0020159135248664422,1,2079.313536057396,2077.2011333136775,1
785,786,-0.002007225664176356,1,2078.0087429420328,2075.9157192057587,1
790,791,-0.00028198807612023116,1,2074.320163086199,2075.809549697239,1
793,795,-0.0036587890652388048,2,2079.5408022742613,2074.0117419284566,2
797,799,-0.0027769192874735815,2,2078.4150707638028,2074.721894937187,2
800,803,-0.0045758634787690785,3,2074.7978711029596,2067.3786771698547,3
805,806,-0.0017102694836400945,1,2074.312686213815,2072.83936521327,1
807,808,9.831303589739058e-05,1,2082.6967402824002,2084.9841932620734,1
813,816,-9.020782328268847e-05,3,2083.4050446042115,2085.300510214726,3
818,822,-0.0013507897425299998,4,2079.0956215957576,2078.366296177963,4
826,827,-0.002172875771639868,1,2068.3419521872265,2065.91604402404,1
832,833,-0.0005717726396944486,1,2058.50461703067,2059.386125028998,1
834,835,-0.0003428913709371855,1,2066.2116236417155,2067.5693491290804,1
836,837,-0.0016830621283128854,1,2070.3120230091577,2068.8978712724493,1
843,844,-0.0015298243670063079,1,2078.5539223142137,2077.452653798035,1
846,859,-0.006272433629132283,13,2079.1784790132756,2068.216148479558,13
860,863,-0.0014588897571880181,3,2065.948391342713,2065.0003487870467,3
866,869,0.0033768027366331685,3,2064.627704895337,2073.6641730842516,3
873,874,0.0024969102532183566,1,2093.5414555310913,2100.8623821124756,1
876,877,0.0037382410546152028,1,2123.4906344925025,2133.552244995946,1
879,885,0.013008830505601667,6,2147.8281860353577,2177.916747048681,6
886,894,-0.00533456047368171,8,2173.4825745744524,2164.061482916466,8
895,905,0.0010694497193669272,10,2167.090767073566,2171.575452453329,10
907,910,-0.0032828007695741967,3,2164.3648474554825,2159.424033716072,3
913,916,-0.010572234459803286,3,2164.509335406355,2143.7901445574125,3
919,921,-0.00295945618730971,2,2156.9899116074675,2152.7633843792037,2
923,929,-0.0030418693049231132,6,2157.9004804163264,2153.4943296622855,6
934,935,-0.003635832290184245,1,2147.400887423532,2141.7406988244907,1
939,951,-0.012699181946176856,12,2140.3491336885368,2115.3087997451726,12
954,955,-0.0029523498989283406,1,2119.734930222754,2115.5964659459787,1
956,961,0.0052719709057565955,5,2125.5209594109965,2138.852165027998,5
974,976,-0.004633023829637744,2,2146.8977242744063,2139.0979936823223,2
982,990,0.0033531881368567456,8,2124.305189696518,2133.552689847368,8
992,994,8.955666954268862e-05,2,2139.470363087521,2141.801437290912,2
995,996,-0.007249706270615598,1,2146.019853367179,2132.6078596327247,1
997,998,-0.001281699585768876,1,2136.758086865292,2136.156162997334,1
1002,1003,-0.0034678428521999764,1,2144.7641764740365,2139.4712355314705,1
1009,1015,-0.0073148951760453945,6,2144.899025778821,2131.354213267826,6
1016,1024,0.0023700564135257585,8,2139.474523017661,2146.6846728555315,8
1025,1028,-0.004887280750526542,3,2150.6300670317246,2142.2699641706486,3
1030,1041,-0.0017197113609215531,11,2146.4054731572796,2144.860680753104,11
1042,1043,-0.000664000058201504,1,2144.813506055094,2145.534163268297,1
1044,1045,-0.003715042103829672,1,2142.668949068253,2136.851512656964,1
1046,1050,-0.0004664432904404756,4,2137.783343060102,2138.9239717063765,4
1051,1053,-0.004674148654577701,2,2150.5854803783063,2142.68390962902,2
1055,1057,-0.004891419202532128,2,2148.9255273043464,2140.5631572425827,2
1064,1070,0.0025626988263543976,6,2138.7705573572252,2146.390352711763,6
1072,1073,-0.003222460345241806,1,2159.1121913081492,2154.3136500820387,1
1076,1079,-0.002534845668772041,3,2153.225418715485,2149.9205500076796,3
1084,1085,-0.0003928050731279621,1,2184.1891675751885,2185.515396157069,1
1097,1102,-0.0009192530542524486,5,2146.3949990095716,2146.5683138501095,5
1103,1107,0.002781466511131619,4,2148.72996868981,2156.8553191078754,4
1111,1114,-0.006062714738312366,3,2151.8120302150105,2140.918019735563,3
1115,1116,-0.0028355621945889324,1,2132.911015748542,2128.9959249236117,1
1117,1118,-0.0030840095279568184,1,2133.592552234894,2129.1461250272587,1
1120,1121,-0.0031597093240906585,1,2127.9757111045087,2123.379902119798,1
1123,1126,-0.003555425732798785,3,2128.4843357564214,2123.0451521129703,3
1129,1136,0.003363076915359757,7,2128.5697074962372,2137.856820849748,7
1140,1142,-0.0028113530371590054,2,2150.32027625707,2146.425287093807,2
1143,1144,-0.0034983935298367485,1,2146.840648317272,2141.4769955319257,1
1146,1147,0.0005880473991672379,1,2144.756926531382,2148.162902190406,1
1148,1151,-0.0015860453027599299,3,2147.561680192108,2146.303111757044,3
1152,1153,-0.0005260108570162476,1,2156.0662468360665,2157.0881988286205,1
1154,1157,-0.0033698077075421332,3,2162.2345985953793,2157.1105183781137,3
1158,1160,-0.0017812366651802835,2,2165.8881330880395,2164.196061865792,2
1163,1164,-0.00026376455651863976,1,2166.5276942373835,2168.122768715165,1
1166,1171,-0.0038887951248648338,5,2164.517084421483,2158.2642380203197,5
1172,1173,-0.0008559053189797667,1,2166.5189413121875,2166.83112516796,1
1174,1176,0.004516558995804066,2,2165.6409695557104,2177.587855727995,2
1181,1188,0.02475244689078369,7,2156.740826074458,2212.282179655125,7
1189,1193,0.003700861127048538,4,2204.334275741744,2214.696545049599,4
1198,1202,-0.0012053389717252509,4,2225.7251767098774,2225.2681485907488,4
1206,1211,0.011112341975545125,5,2227.998629867193,2254.9849111931903,5
1217,1218,-0.00273859950918427,1,2285.8454405088173,2281.8712707478776,1
1220,1223,0.00696436163671381,3,2285.1401467571086,2303.3398292764555,3
1225,1228,-0.01066700083609299,3,2298.5876315468995,2276.3671829909026,3
1230,1234,0.0006106824537441059,4,2286.725316990973,2290.408505335583,4
1236,1238,-0.004912920842969844,2,2293.8502005101564,2284.8745462499296,2
1243,1245,0.0006575738220483936,2,2287.0057556095144,2290.7966364808867,2
1246,1251,-0.0003129834459417494,5,2297.4484980028496,2299.026883153074,5
1253,1257,-0.0011193829035851797,4,2289.5281570503266,2289.254826531098,4
1263,1265,0.0009124303585060485,2,2344.2678038618774,2348.751052778451,2
1266,1268,0.0024655092847506556,2,2363.532858300882,2371.7237033661368,2
1270,1273,0.001274617665032775,3,2373.929371204574,2379.3291528878563,3
1274,1279,-0.004673663300125432,5,2387.3337907326254,2378.5635302004616,5
1280,1283,-0.012905739166361337,3,2378.161057700164,2349.8472924515877,3
1284,1285,-0.0045586683944051735,1,2346.481080125156,2338.130732067245,1
1286,1288,0.0034008616359954046,2,2339.375270484319,2349.67053736439,2
1291,1307,-0.01566644768503951,16,2368.751730368723,2334.0105570364235,16
1308,1311,0.0015192314189039352,3,2341.214942153417,2347.113004394097,3
1314,1316,-0.0030651473969232207,2,2371.819231749893,2366.921075437472,2
1321,1322,-0.0004085024970704507,1,2340.105439505418,2341.4896060294773,1
1325,1326,-0.003919339632063659,1,2335.3811287833155,2328.563358098085,1
1327,1344,0.037576341649741204,17,2342.891439624214,2433.2716202474116,17
1345,1348,-0.009866357088050719,3,2434.2278520687705,2412.64511869865,3
1350,1352,-0.0031811044720464164,2,2422.814677233914,2417.5302653064596,2
1357,1361,0.005532763027461952,4,2451.060639387146,2467.0728377102014,4
1362,1364,-0.002593319102907537,2,2460.8519905840312,2456.9310680980057,2
1365,1366,0.00025007484534782676,1,2455.685730039695,2458.7555209988973,1
1374,1378,-0.011993009301389985,4,2475.9818297482843,2448.763338463789,4
1380,1382,0.0003122837020752933,2,2443.0644682159623,2446.2704619007213,2
1385,1386,-0.0035297673137876747,1,2437.0105091205155,2430.8454395911854,1
1387,1388,-0.0019180526179852996,1,2423.102217171186,2420.877681837066,1
1389,1390,-0.0006607734249572184,1,2429.341567415837,2430.1656646353604,1
1391,1392,0.0001700485084569891,1,2435.1500630627575,2437.999306761913,1
1393,1395,-0.0019328028293734516,2,2445.308181521747,2443.0271911313334,2
1397,1398,0.00365864761440801,1,2449.693105903701,2461.105362847551,1
1399,1400,-0.0008086399120915696,1,2462.57592207735,2463.0471608222797,1
1402,1403,-0.0024955153178850336,1,2465.809748570184,2462.1220923202072,1
1409,1411,-0.005773892618155602,2,2460.840380451855,2449.0925927251565,2
1413,1414,0.00022702942792093383,1,2444.417394913811,2447.4167669914923,1
1417,1423,0.009925569187173126,6,2454.2298858558897,2481.0437442750363,6
1424,1425,-0.0011187409716121143,1,2488.53763537734,2488.242144000622,1
1428,1432,0.005052168688852942,4,2496.3590494390332,2511.467435514183,4
1435,1436,-0.003623934396474421,1,2528.5957413448245,2521.960872004331,1
1443,1449,-0.011696266201759956,6,2532.0361620898484,2504.9528292676528,6
1453,1456,-0.010244812354349424,3,2501.591376830463,2478.464633964407,3
1457,1458,-0.011088512315219966,1,2479.9951347038204,2454.9756732456754,1
1460,1463,-0.01160999438031796,3,2444.6394967079004,2418.7018853859263,3
1467,1470,0.0020232408533657578,3,2416.7831612352234,2424.089678821996,3
1473,1476,-0.016092176760953023,3,2434.3631106740613,2397.623272307425,3
1477,1479,-0.008898390684302728,2,2399.9294655209046,2380.9738849874507,2
1486,1487,0.00030867983834390413,1,2371.919646915315,2375.0237303354047,1
1488,1491,7.977893386573319e-05,3,2382.529402611168,2385.102007669423,3
1494,1497,0.008732717083042199,3,2374.856375597714,2397.9701808142654,3
1506,1507,0.0016212045564428213,1,2420.589164808294,2426.9340241563655,1
1509,1510,-0.004563017010447033,1,2434.2820938028995,2425.608705294453,1
1513,1516,0.0013562263271925516,3,2415.580338464767,2421.2719924537064,3
1518,1520,0.003251753084048732,2,2426.474950834063,2436.7917231896386,2
1521,1523,0.0045770184553881104,2,2442.686571806935,2456.309479898631,2
1526,1529,-0.005657071875018086,3,2448.5918289514734,2437.1885608114644,3
1530,1538,0.006811009308149718,8,2432.2902875541913,2451.2889296303993,8
1540,1541,0.0013790954687049762,1,2470.5849421288835,2476.462699569753,1
1543,1544,-0.002365942515782865,1,2484.5152325946156,2481.1215276073044,1
1547,1549,-0.005096338966298221,2,2485.2354246636883,2475.0550579532137,2
1551,1552,-0.0032401016662192104,1,2482.090105835275,2476.5299716534873,1
1556,1559,-0.0009956923044058647,3,2476.250449489692,2476.2611164228433,3
1561,1564,-0.005279687008915025,3,2473.4189684771177,2462.833509450122,3
1566,1569,-0.0036768109964664657,3,2466.150227647054,2459.5488095987503,3
1574,1575,-0.004525636252527297,1,2446.1196455845948,2437.4955174841025,1
1576,1578,-0.006608267850299271,2,2438.3678821573885,2424.692861956683,2
1580,1584,-0.006545562292163189,4,2422.396079435606,2408.962531080804,4
1586,1587,-0.004635846989491841,1,2412.7736098746423,2404.001134208854,1
1597,1599,-0.00749959360756604,2,2366.182625896878,2350.803400427265,2
1602,1603,-0.001548074187865346,1,2359.4733940996343,2358.1802276353733,1
1604,1605,-0.00019583102044611815,1,2359.0759991997625,2360.973094938729,1
1606,1607,-0.005142753782218159,1,2353.219763568129,2343.4709534922167,1
1609,1611,-0.0006008377213941938,2,2364.7613112268955,2365.7052347402437,2
1615,1619,0.0032977879838432473,4,2382.6308912416357,2392.8709336559477,4
1621,1622,-0.002756845101814236,1,2389.4176358396976,2385.219799169984,1
1626,1628,-0.004929052529774805,2,2374.005053031562,2364.67746247225,2
1630,1633,-0.02112341111291725,3,2339.7955828779372,2292.7109144434967,3
1637,1641,-0.00948021477244224,4,2294.881569024058,2275.420480441415,4
1647,1649,0.0076084806570859064,2,2143.203965757531,2161.6536956409445,2
1652,1661,0.019980498570304508,9,2171.148623060658,2216.7004036427006,9
1662,1663,-0.004993622692746296,1,2213.0843695334784,2204.2461455743473,1
1665,1666,-0.011828908683173264,1,2186.327162615043,2162.6516254195435,1
1668,1669,-0.008616038427751346,1,2132.8380913454503,2116.5943144815915,1
1671,1672,0.0028325962198755576,1,2121.6813845660085,2129.8129326202766,1
1680,1685,0.0170497852892285,5,2076.1371279541777,2113.610957344746,5
1688,1690,0.0019902158101409977,2,2125.766698212496,2132.1231994021623,2
1694,1699,0.007726403636857049,5,2140.424427791435,2159.102635302532,5
1700,1705,-0.00656409017790897,5,2161.442455206522,2149.415994471392,5
1707,1708,0.001358242592536701,1,2172.133368785244,2177.2557862121835,1
1710,1714,0.009033903480957343,4,2190.9939479861873,2212.9781697876424,4
1716,1717,-0.002912246734981327,1,2219.8998701372534,2215.654873858598,1
1718,1720,0.003947172298300804,2,2212.7039207353773,2223.650548276381,2
1721,1722,0.0006577349037570979,1,2233.121294462909,2236.8232175770636,1
1725,1729,-0.003190627662505117,4,2233.690146508553,2228.7969630841462,4
1731,1736,-0.005843274792931409,5,2251.8376671305577,2240.931398519571,5
1740,1741,-0.0010035206795511043,1,2256.585488935118,2256.577544220732,1
1743,1745,-0.002459134675696941,2,2267.402504933289,2264.0940593145788,2
1747,1748,-0.0022434360346518336,1,2257.1170899584154,2254.3105092343326,1
1750,1752,-0.005410142159944143,2,2254.7607785558744,2244.8169629857766,2
1754,1758,0.004577003679893111,4,2249.4202570055663,2261.9652820565125,4
1763,1765,-0.0053740451925836305,2,2245.508057079124,2235.686103357149,2
1769,1770,-0.004858658425875184,1,2221.2385067309656,2212.6675060510897,1
1773,1778,-0.0017917215295164609,5,2232.52381236633,2230.7562751989212,5
1780,1781,-0.002849595499726732,1,2217.238290071521,2213.137296108383,1
1785,1789,-0.016466138121736848,4,2166.5561769236074,2133.0479198428047,4
1790,1791,-0.002792755480880464,1,2114.2733190480562,2110.4829439672535,1
1792,1794,-0.00012391221294808246,2,2118.5656044927605,2120.421653944925,2
1796,1797,0.002292037626939398,1,2122.200363857888,2129.1867273076127,1
1800,1801,-0.00024344880115020396,1,2159.4200403305294,2161.053752150862,1
1803,1807,0.006493715813656685,4,2168.0879007998187,2184.33493538744,4
1809,1813,-0.0018405563830515021,4,2195.6973889371307,2193.85178148161,4
1815,1816,-0.00412018311077855,1,2199.5062426609547,2192.643380430552,1
1820,1825,-0.03185624313712196,5,2181.9296640325015,2114.603511811016,5
1827,1829,0.005416394991965255,2,2097.14901259952,2110.6051490213686,2
1833,1835,-0.0012990560330398615,2,2130.6579153976586,2130.020729293715,2
1838,1840,-0.010706849190712804,2,2108.1269758353155,2087.6637052060087,2
1842,1848,0.022940643706924908,6,2083.5317662670973,2133.412857935358,6
1850,1852,0.0005949041257429549,2,2143.833225250998,2147.2524337068558,2
1853,1855,0.005221858100194512,2,2150.3210343013357,2163.700026646622,2
1856,1859,-0.0010155861058723924,3,2178.647593260644,2178.613636628597,3
1861,1862,-0.003246039904977859,1,2186.481950445142,2181.5710247329284,1
1866,1871,0.0035431921161335382,5,2188.9095060353047,2198.854142446054,5
1874,1875,-0.0034366386012462872,1,2167.633112351232,2162.351373836337,1
1877,1879,0.01066109739442524,2,2185.284626663505,2210.7674435295685,2
1885,1886,0.0036463188806597473,1,2273.599122928634,2284.162989460549,1
1893,1895,-0.0010845176716012515,2,2320.4561871667124,2320.2600676127204,2
1897,1899,0.002421131132882262,2,2311.991140940735,2319.9007658119554,2
1906,1908,0.000590623890717161,2,2325.052175709598,2328.7504592474456,2
1911,1912,-0.008290728017456051,1,2343.210343132617,2326.126633833147,1
1916,1919,-0.0022863488628778903,3,2313.1249963902233,2310.1495106814223,3
1926,1931,0.0013667456926915963,5,2299.6556378974537,2305.0983379731215,5
1932,1933,0.0015680227001048166,1,2300.6500278120266,2306.5581493084446,1
1936,1937,-0.004252413630255623,1,2322.66728902511,2315.113014275736,1
1939,1940,-0.0037186061871523563,1,2299.2053235332196,2292.9546897151286,1
1947,1956,-0.019706491765696187,9,2299.3290066040518,2256.3166274753867,9
1958,1959,0.011198644718988147,1,2299.5914051958507,2327.6433037466736,1
1967,1971,0.012985500829986278,4,2392.0634439983696,2425.5176492797887,4
1975,1976,-0.0029409228209982697,1,2443.164824976276,2438.4228306120194,1
1977,1979,-0.003912085254940239,2,2434.073988782907,2426.9857578107385,2
1988,1992,-0.014653107396757035,4,2433.4023479332795,2400.1788443374257,4
1997,1999,-0.004138062456940124,2,2380.185223071762,2372.7160531826767,2
677,678,-0.002172109334727111,1,1989.663472093721,1987.3313689651145,1
680,683,-0.002062561051797163,3,1992.6677044642634,1990.5503733723256,3
685,688,-0.0009728628762153701,3,1998.02852349309,1998.0827442404573,3
689,691,0.006179010905641711,2,2005.6518024580896,2020.0503986208562,2
696,698,-0.001427286544610929,2,2018.2050578407157,2017.3427059752346,2
699,701,-0.002173320457049475,2,2024.9658324756176,2022.5898986395478,2
702,705,-0.002900533816819504,3,2025.331169428322,2021.481959050565,3
708,712,-0.011397478375189372,4,2016.9483956477477,1995.9772183201273,4
714,715,-0.0005157032933670136,1,1997.3432234192157,1998.3105301643334,1
716,717,-0.0021151742705833258,1,1999.2041688808167,1996.974707830038,1
719,720,0.0010110997266983552,1,2000.553436462739,2004.5767489320547,1
722,724,-0.0005896896531961056,2,2026.7632659266949,2027.5948678652267,2
725,727,3.552170272846044e-05,2,2027.2490366615602,2029.3482970358586,2
733,735,0.0030932268376652767,2,2048.846896766899,2057.2332918710126,2
737,745,-0.004761649903147765,8,2071.427531758073,2063.635546583858,8
746,749,-0.004476718162415103,3,2071.597697532205,2064.3953361919775,3
753,755,-0.00406577935492476,2,2059.3281225239257,2053.014676880876,2
758,759,-0.000817862684373793,1,2054.9046632850173,2055.2789381042558,1
760,761,0.0021546030824802567,1,2063.0469263701743,2069.555020563403,1
765,766,-0.0008964902643923331,1,2080.6126012642717,2080.8279649245305,1
768,769,-0.0014157466891427575,1,2089.2183861128565,2088.349800485934,1
772,774,-0.005497893207190086,2,2091.7570718390066,2082.34857191449,2
775,778,-0.002881026819395386,3,2084.7251963684885,2080.80377236305,3
779,783,-0.0006278462091728708,4,2077.659590209947,2078.432799102492,4
793,794,-0.0006768803172708809,1,2076.8331775850065,2077.504243262429,1
797,800,-0.00032306414476714453,3,2071.709890009891,2073.112304716079,3
802,805,-0.003142031148324089,3,2074.9529399834732,2070.508326154722,3
809,810,-0.0018314097667664836,1,2091.0468967430265,2089.3083799303076,1
811,813,-0.004304979891219636,2,2091.3997914274587,2084.48775717229,2
814,817,-0.004221771525858564,3,2085.962501867948,2079.242007275421,3
822,826,-0.007142629902222707,4,2080.820240094274,2068.038531466321,4
830,831,0.00020906967022991311,1,2061.7474182333713,2064.240214504432,1
834,842,0.005885734884217618,8,2063.641546149357,2077.8512347321985,8
847,848,-0.0027021197914356794,1,2079.3957884467927,2075.8564077210494,1
861,862,0.0012458312025583804,1,2065.803658852683,2070.4431051680936,1
864,870,0.0028504557881590914,6,2070.1041820448286,2078.0750266746754,6
875,876,0.003238410576055087,1,2113.4044062793446,2122.3618818664004,1
878,879,0.0039581460965645585,1,2137.6572396176316,2148.2560565160347,1
882,883,0.0003830900664745043,1,2177.6860676075635,2180.6980035755714,1
886,888,-0.0007905861171877981,2,2175.0581127406417,2175.513600105373,2
889,890,-0.0056269910840455305,1,2176.244203905934,2166.1747413777553,1
896,899,-0.003814152048588501,3,2168.9276404453835,2162.823948282784,3
900,906,-0.0018227192418980532,6,2165.6402215200837,2163.858507638811,6
910,911,-0.003044162726980002,1,2164.7808731002556,2160.355708727385,1
919,920,-0.0020691705095705415,1,2157.813850017941,2155.506779084359,1
921,924,-0.0004918394070930178,3,2156.5585209459623,2157.654399002605,3
925,929,-0.0033052766746273243,4,2156.0622383962627,2151.091918409043,4
931,935,-0.00836571069160294,4,2156.1035185004425,2140.222283762021,4
937,939,-0.0008103514367427075,2,2136.4109481165415,2136.816115383379,2
941,947,-0.015320335259924652,6,2134.000261498897,2103.440662309466,6
948,949,-0.0018367166790473027,1,2107.525753583337,2105.762351633792,1
952,954,-0.001133554654881824,2,2119.1397324071418,2118.8567114315338,2
956,957,0.001019282351248629,1,2121.874654036755,2126.1593180772134,1
959,960,0.003175301273600395,1,2135.445807054172,2144.3619366520697,1
965,966,-0.0005410978661897191,1,2141.9567574648736,2142.9397059914036,1
968,981,-0.014651544732592777,13,2153.740078600503,2124.33819957511,13
988,989,-0.002553504310583295,1,2127.467201998471,2124.1621725295417,1
991,992,0.0006349718671342258,1,2134.0838905282358,2137.573057651354,1
994,997,-0.0024542783768573434,3,2141.9913336115314,2138.8762819316444,3
999,1001,-0.001188703602567294,2,2142.622108887337,2142.21778837645,2
1002,1003,-0.0022490431738194983,1,2145.681266237759,2143.001217698972,1
1005,1007,-0.0035603081034334995,2,2149.209896164505,2143.7072566513757,2
1008,1011,-0.002242118677143256,3,2146.0572208150797,2143.391563058887,3
1014,1015,-0.003889811305073377,1,2133.4575384466884,2127.292248733191,1
1017,1019,0.002938437779748681,2,2134.7393770186463,2143.1469152310137,2
1022,1029,-0.0016456890490104577,7,2147.4295643233145,2146.0429925701096,7
1030,1033,-7.135046224057999e-05,3,2145.019160974982,2147.0111320273063,3
1038,1042,-0.0043477341900873545,4,2150.637399614817,2143.4376372616457,4
1044,1046,-0.0036495401023693523,2,2142.3417384441686,2136.665518095181,2
1048,1058,-0.0008429030588274385,10,2142.0950993842716,2142.4316159720856,10
1060,1061,-0.001009368367279348,1,2143.58990980699,2143.5698278694185,1
1065,1074,0.004670449459402521,9,2141.9638475417137,2154.1097452830663,9
1075,1081,-0.001179037031650309,6,2153.860035325773,2153.474414618458,6
1084,1085,0.0006562021847612693,1,2183.829916372142,2187.4467802507847,1
1089,1091,-0.001741888401957312,2,2182.5525145195415,2180.9333041223567,2
1092,1094,-0.009203154560020979,2,2174.489011086069,2156.6513416390626,2
1095,1097,-0.004593132462334389,2,2150.424282399798,2142.697523102915,2
1098,1102,0.004300929552651313,4,2137.1539389014874,2148.4828413747755,4
1104,1105,-0.00017516815923595077,1,2149.9552346192863,2151.7285861530177,1
1106,1107,0.0006821526809406553,1,2153.4795024549453,2157.1019837733506,1
1109,1110,-0.0024405363140484774,1,2155.7124461299713,2152.607064068675,1
1111,1118,-0.0129621947812095,7,2154.6217536052836,2128.847748508826,7
1120,1127,-0.0024311043601734535,7,2125.147161740485,2122.105854371308,7
1130,1131,0.0029669598676439037,1,2130.1895337398387,2138.6399101306597,1
1133,1134,-0.0009548354460095205,1,2138.5816313758264,2138.6782194613797,1
1137,1139,-0.0023528879566157702,2,2150.947264670311,2148.037274020623,2
1140,1142,-0.003514923045596837,2,2149.1579007426535,2143.7529340094493,2
1150,1158,0.005666548976684939,8,2145.3370103656293,2159.6390046167267,8
1159,1161,-0.0023340762883356687,2,2165.211204770508,2162.322647842985,2
1163,1166,-0.0034542817115640104,3,2172.096773374412,2166.765835987772,3
1167,1168,-0.0010366137132302733,1,2168.2237421516816,2168.1443554293674,1
1169,1174,-0.0016002639043474361,5,2166.9540752713547,2165.6533309575907,5
1175,1178,-0.002649795108780077,3,2171.8468354179795,2168.2637331318874,3
1180,1197,0.024330192117677864,17,2160.3881328679945,2215.111179322292,17
1199,1200,-0.005246973690792204,1,2229.2790440159247,2219.8113545665547,1
1201,1202,-0.0007381660878103309,1,2225.259825993987,2225.8424744798654,1
1203,1204,-0.0033374576139255188,1,2228.2536801042033,2223.045231573886,1
1205,1208,0.005835363307626623,3,2224.1722450553975,2239.3752704090907,3
1209,1212,0.0024645564984518272,3,2249.791772203374,2257.5863029079246,3
1218,1220,0.0012187213912817916,2,2283.8562656879367,2288.9235064392315,2
1224,1226,-0.00607168280676177,2,2303.8330296940335,2292.1487193276844,2
1227,1229,-0.0017359639047740472,2,2280.4888815879094,2278.810524085822,2
1230,1232,0.005181872535731031,2,2283.245024070785,2297.3597537774326,2
1237,1239,-0.006045003359645659,2,2291.1573981286333,2279.5985013575973,2
1243,1244,-0.0011053331976062508,1,2288.23897464215,2287.9979471140637,1
1245,1246,-0.002503147540617148,1,2297.9363394068378,2294.4822020497636,1
1248,1251,-0.0018158481888143115,3,2297.4436212466276,2295.5692560293305,3
1252,1253,-0.0044421120321556885,1,2294.0180687096777,2286.1218015133895,1
1255,1256,-0.0030427811230754067,1,2294.8706642718807,2290.1827457990066,1
1258,1261,0.012252524611167135,3,2298.741435180026,2329.205562624459,3
1262,1264,0.0019503782578491808,2,2338.500226586785,2345.399686811282,2
1268,1269,-0.0013077588558470122,1,2375.9584695140024,2375.227247253885,1
1270,1272,0.0005400565010070938,2,2380.5297163941464,2384.1958666597197,2
1275,1276,-0.00042036609015401027,1,2384.8010214502046,2386.1833329904725,1
1280,1287,-0.014254754341869031,7,2380.678623843469,2349.123313517485,7
1291,1292,0.004949036087499164,1,2363.664098239262,2377.7256212584134,1
1293,1297,0.0021399700507901223,4,2380.5111180484287,2387.9858516646736,4
1299,1300,-0.003180734425619146,1,2371.6981516263936,2366.5261078199646,1
1302,1309,-0.010978738047328664,7,2364.32477618755,2340.7317985871655,7
1311,1314,0.006732791632221527,3,2352.0045554141793,2370.192116559233,3
1315,1316,-0.0011420445094976342,1,2370.561973944122,2370.2252486312996,1
1318,1324,0.001412959720035576,6,2338.4792790308275,2344.1219353372667,6
1326,1329,0.005143789109830855,3,2335.135953787163,2349.482536630015,3
1331,1332,0.004141982780991155,1,2374.240583885494,2386.4488880857634,1
1336,1339,0.0006288315724590988,3,2425.069631843643,2429.0196618254017,3
1341,1342,-0.001057223348148396,1,2436.047597297896,2435.90819849813,1
1343,1345,-0.0021841309428581924,2,2438.1204283904353,2435.2333745487635,2
1346,1347,-0.00525391824423005,1,2426.950094176698,2416.6260468932437,1
1348,1352,-0.001959828246048394,4,2418.04034808319,2415.719444657015,4
1355,1357,0.006147856185366829,2,2430.556240256482,2447.929506712281,2
1360,1363,-0.006982099064471266,3,2472.156156297763,2457.3674732679474,3
1364,1368,0.00478299558123489,4,2457.3922813188574,2471.603370023085,4
1372,1377,-0.010932094565648663,5,2476.193467097384,2451.5996794193316,5
1383,1388,-0.013806988772831433,5,2449.607762809373,2418.2356636932327,5
1389,1394,0.0028213280459512408,5,2427.5597331501344,2436.836235241643,5
1395,1396,0.000333119870519917,1,2441.301891764875,2444.5564398267247,1
1402,1405,-0.00402343659717388,3,2463.95908169191,2456.5094576303836,3
1406,1410,-0.0019446840816089211,4,2461.5394961891684,2459.214119010867,4
1411,1414,-0.0029604092469298765,3,2454.9425322860297,2450.1298402450548,3
1415,1422,0.005195248319919808,7,2451.673861309872,2466.862589680143,7
1424,1426,0.002037257453972301,2,2485.2185042228903,2492.766752649591,2
1428,1429,-0.0015230626282613385,1,2494.76264235719,2493.4577252525905,1
1431,1435,0.008181768152831934,4,2502.136887891599,2525.1109286828682,4
1439,1443,0.0018073487029938184,4,2516.5438593306026,2523.6086754701214,4
1448,1449,-0.0015053929089972236,1,2504.965873514341,2503.699881524587,1
1450,1451,-0.006428503659546662,1,2501.914645015097,2488.332992208759,1
1452,1454,0.0007701667470229956,2,2493.9608257074747,2498.37555222952,2
1459,1463,-0.00693505569414271,4,2437.1805521539463,2422.715749840231,4
1465,1470,0.00742860772662591,5,2407.902237608845,2428.197501013715,5
1473,1474,-0.004500706239163165,1,2439.6138102309537,2431.0734389443296,1
1477,1481,-0.0035909299788094346,4,2393.3890686512473,2387.187965162324,4
1482,1488,0.00024625297899640583,6,2374.4231837384636,2377.382315704596,6
1490,1498,0.008227003083529926,8,2382.913141887049,2404.9002887950246,8
1499,1500,-0.0015612966275356634,1,2406.176211837681,2404.82563324472,1
1501,1507,0.005745614597250692,6,2411.1442375765173,2427.4088873415903,6
1508,1509,-0.003168901888366397,1,2431.550169578582,2426.2763758241254,1
1511,1514,-0.002249767266025743,3,2424.089160332171,2421.05961304966,3
1524,1526,-0.0037381012115248477,2,2453.916604860989,2447.1975328322383,2
1528,1529,-0.005106130378648455,1,2441.7741560152535,2431.7479129754406,1
1530,1533,-0.003764468275706556,3,2433.4485827458843,2426.7213913383202,3
1541,1543,0.0004411993006814272,2,2474.1909835954575,2477.7567859107676,2
1545,1547,-0.0011897629105533055,2,2485.0825003245573,2484.6109238363306,2
1549,1550,1.439746992672338e-05,1,2474.037592925033,2476.5472503998,1
1556,1557,-0.0018985568108302701,1,2477.73196453174,2475.505581599598,1
1558,1560,-0.0022871592782370753,2,2475.519940938555,2472.333552478115,2
1562,1563,-0.0020301279211843255,1,2465.553480499819,2463.013645018383,1
1567,1568,0.0011853200976709782,1,2464.804187402393,2470.190573529947,1
1569,1570,-0.0032494348655520804,1,2465.5140283556543,2459.9680151387633,1
1571,1572,-0.005383647567702539,1,2468.5328025531508,2457.7116247374447,1
1574,1575,-0.004590201310311349,1,2445.745135683654,2436.964418292835,1
1577,1578,-0.00520932928290435,1,2432.5161930386944,2422.2769313961976,1
1580,1589,-0.007650941017109626,9,2417.9411835471496,2401.8595993525373,9
1590,1591,-0.0036333507065221342,1,2411.054470489995,2404.7053184966667,1
1594,1595,-0.007903133113324006,1,2399.588061580129,2383.023385773898,1
1606,1608,-0.004401117856382958,2,2361.6261610598317,2353.59399215335,2
1609,1610,0.0014955478505593966,1,2365.051265675528,2370.9533642780475,1
1612,1613,-0.00265561944692882,1,2375.731299874034,2371.797992933285,1
1617,1621,7.770816582052258e-05,4,2382.733461555449,2385.3013528639412,4
1630,1633,-0.021566654205381154,3,2336.3668249077346,2288.315576322933,3
1634,1640,-0.0083201799043802,6,2293.65852940468,2276.8685363302216,6
1646,1650,0.015404767250710827,4,2123.5424039655713,2158.3786228496415,4
1651,1652,0.0015868915022687466,1,2165.0843236080973,2170.6851618465344,1
1653,1654,-0.00044956862082090924,1,2170.967550936716,2172.1625195999313,1
1658,1660,0.007957966310835642,2,2187.55701579689,2207.1530778474307,2
1662,1663,-0.004003213520529349,1,2214.5399450929267,2207.8892087880713,1
1666,1671,-0.022811027324982826,5,2163.495916192652,2116.3078476470855,5
1674,1682,-0.016212629547161555,8,2126.8237389912474,2094.4691573378645,8
1684,1685,-0.0024226066867254845,1,2110.459462963362,2107.4571092192873,1
1686,1692,0.007475931122669516,6,2116.7386906752504,2134.6800220221035,6
1693,1694,-0.002560129181987209,1,2142.1614188792637,2138.819370337143,1
1695,1698,0.006157269739405679,3,2147.549824625719,2162.9204179993785,3
1704,1706,0.00017723417356320663,2,2151.266140820109,2153.7986848375117,2
1708,1712,0.008804066163113657,4,2175.995490165492,2197.3290939217113,4
1714,1716,-0.0010121642153659894,2,2216.2470255585317,2216.2200666524086,2
1721,1724,0.0019614491401721405,3,2233.010257189153,2239.6232034953014,3
1725,1729,-0.006800943783841047,4,2243.008545043367,2229.9969785668955,4
1730,1731,-0.0005320181295848973,1,2248.720818780819,2249.7731793556336,1
1734,1750,-0.003276206169919872,16,2252.8350445434057,2247.7071275152043,16
1751,1755,0.0049107703856983605,4,2245.7592011155834,2259.033368094947,4
1760,1761,-0.004938326634326316,1,2258.0992869423053,2249.206154377587,1
1763,1766,-0.003603067790855689,3,2241.7428169929117,2235.9074084706153,3
1771,1772,0.0025238977649699543,1,2220.109708953556,2227.9331485949256,1
1778,1779,-0.005359260284324108,1,2232.8076031992373,2223.074213692074,1
1782,1783,-0.005226992321349881,1,2213.286302556786,2203.9307583509294,1
1785,1787,-0.010706989714035851,2,2165.510545299235,2144.4899567103794,2
1788,1789,-0.006439916946390613,1,2142.620765110236,2130.9650861004243,1
1790,1804,0.023148572444359986,14,2115.3207067843623,2166.4026821151992,14
1805,1812,0.011084804849705192,7,2170.8405108537386,2197.0746947872403,7
1813,1814,0.0018203968532860258,1,2196.347679479082,2202.542251563007,1
1816,1822,-0.017430102895026854,6,2196.3574391754605,2160.27106045555,6
1825,1826,-0.012408012878547158,1,2115.788593610303,2091.6516500861135,1
1828,1831,8.773375242461133e-05,3,2109.191127568964,2111.4853659487353,3
1832,1833,0.003248106370807513,1,2123.464083058974,2132.484784358398,1
1838,1841,-0.013787520422726955,3,2109.1303106487453,2082.159763727132,3
1844,1849,0.025172892635626123,5,2084.8692238132385,2139.4362821674235,5
1850,1856,0.014675465816009065,6,2144.644159566243,2178.2624557770273,6
1857,1859,-0.0028337328932826217,2,2184.0586562041626,2180.0536760054224,2
1860,1865,-0.003275783689143841,5,2187.823830603006,2182.8448168145997,5
1871,1877,-0.011250526500396141,6,2205.5586616352484,2182.950524125978,6
1878,1882,0.023244442075994576,4,2199.848511780099,2253.1826115999147,4
1886,1889,0.0006578635481793089,3,2284.5861187060796,2288.373650754959,3
1891,1892,0.001862229147099245,1,2298.8141297213447,2305.3938625271967,1
1894,1902,0.0075437653099139365,8,2317.6358408591245,2337.43717755727,8
1904,1915,-0.008898694460208571,11,2326.667030489504,2308.289398505027,11
1916,1917,-0.0025437334680939376,1,2316.255129421426,2312.6794488574938,1
1920,1925,-0.013994987356629428,5,2320.836030043423,2290.6767951761985,5
1927,1928,0.000640766898430997,1,2302.9651349399574,2306.7437639016075,1
1932,1934,0.002234583715482841,2,2306.1589174788805,2313.6183815586733,2
1935,1937,-0.0027088949241760828,2,2319.376401412934,2315.4128308533054,2
1940,1941,-0.002212949694578824,1,2292.670591585112,2289.889697491279,1
1943,1946,0.00518640946868342,3,2286.6589419946968,2300.8051505251024,3
1947,1949,-0.005059118393407543,2,2302.5462407615532,2293.1999329640066,2
1951,1954,-0.009683489677648677,3,2283.564411782103,2263.735103784147,3
1955,1957,0.006088702427134176,2,2258.0334739809678,2274.040001348527,2
1965,1967,0.0024317919216608357,2,2383.7701103894406,2391.9507133973716,2
1969,1970,7.229578184703525e-05,1,2427.595767573736,2430.198868275335,1
1973,1976,-0.003030048675705887,3,2445.0129658974997,2440.049470563996,3
1979,1982,-0.0030592261147184426,3,2426.661252414218,2421.664208191671,3
1983,1989,0.003483116430822575,6,2420.2382604588915,2431.0884703708603,6
1990,1997,-0.020075143027975476,7,2418.754681883131,2372.616590376625,7
1998,2000,-0.004291024489525773,2,2381.4066705749024,2373.5694029025203,2
676,684,0.0025472927927105197,8,1987.050704096146,1994.0993547375367,8
689,691,0.003427558630720964,2,2009.3710851531519,2018.2676934435428,2
692,693,-0.003744208556773325,1,2016.6129628855863,2011.0789563371357,1
694,697,-0.0017681522403983508,3,2019.7567527248602,2018.205272050195,3
698,701,0.0025330365323779696,3,2018.6412138789701,2025.7731470333683,3
702,704,-0.0006944264331540503,2,2025.395831887073,2026.0147393156976,2
705,707,-0.005092951007429077,2,2024.7849538377282,2016.4976082210908,2
708,710,-0.00691446087779284,2,2016.4986906740583,2004.572188057946,2
714,715,0.00245383685072297,1,1995.3751887965655,2002.2668891546493,1
720,722,0.005637230562581289,2,2008.6320530922321,2021.9638071439963,2
728,729,0.0012626204196344074,1,2039.4791873180384,2044.0937545726836,1
730,734,0.0014239500345108996,4,2041.954713866835,2046.9043100659821,4
736,738,-0.0009225036333360695,2,2067.5533432544303,2067.7135711264164,2
740,741,-0.0026373019024261493,1,2067.5551669331076,2064.169954924917,1
743,746,0.0012567543174098026,3,2062.6028747772016,2067.257662719957,3
748,750,-0.00400495051252831,2,2067.5706922923405,2061.357744680848,2
753,754,-0.004298239965820114,1,2060.7126570129744,2053.915932169543,1
755,756,-0.00502320268579964,1,2056.0686328749275,2047.7966520289567,1
757,759,0.0009857690066837795,2,2047.7623488524707,2051.828731857876,2
763,765,0.0012150984571598594,2,2073.162397803873,2077.75465663269,2
766,767,-0.0008220541125707623,1,2082.634409331888,2083.0050055600473,1
769,776,-0.004345331511898408,7,2087.3081496512805,2080.3254119232097,7
777,778,-0.0013473437894867626,1,2081.2965592898954,2080.573633855946,1
780,781,-0.0013088538983701153,1,2077.1251031025317,2076.483574917036,1
783,789,-0.001386704930821562,6,2076.5842976643135,2075.78127227714,6
790,791,-0.0010400697854130278,1,2075.967210565274,2075.884027004622,1
792,793,-0.0015621116870284104,1,2077.571407709005,2076.403580540096,1
796,799,0.001481301507568391,3,2071.3695127652445,2076.50920506,3
802,803,-0.002158001216876959,1,2070.371894232798,2067.9744010598884,1
809,810,-0.0028126358712753955,1,2092.40903915639,2088.6162634746343,1
811,812,-0.004780627264211043,1,2091.7050050646785,2083.7970480938443,1
813,816,-0.0018189541006035728,3,2084.542485789461,2082.8353411728413,3
817,818,-0.003755890390838984,1,2082.814373826163,2077.074365707434,1
819,822,-0.002950067021585558,3,2079.747429150221,2075.6917822754076,3
825,826,-0.0032747423626687156,1,2071.5004308849707,2066.78830110055,1
827,830,-0.005150849297178375,3,2070.014576851271,2061.422258299799,3
835,836,-0.003427048753149358,1,2072.42120489373,2067.3913375923926,1
840,841,-0.002344542516305451,1,2076.116118174936,2073.324691785263,1
844,845,-0.0011782433825675135,1,2079.595622228497,2079.2249480704186,1
861,862,-0.001799036614899813,1,2068.8858369858194,2067.23272145002,1
864,865,-0.0024748123852799454,1,2069.4205994033837,2066.36859227303,1
867,868,-0.00020053994337607595,1,2064.46081159168,2066.111265549013,1
869,871,0.0042604237692304425,2,2077.79312484523,2088.7231971867095,2
872,874,0.001453099469329189,2,2094.1690480022376,2099.3062529825775,2
876,878,0.005257790383263081,2,2121.666974794033,2134.943921985386,2
880,884,0.004237924212609375,4,2165.762079089272,2177.106176722085,4
886,887,-0.002759067284230492,1,2172.6583919219493,2168.8365396249105,1
891,893,-0.005757611030630254,2,2173.725004711389,2163.383266651417,2
896,899,-0.0034316850320913837,3,2167.796484439372,2162.5250861755403,3
901,902,-0.004144121744160055,1,2162.6975984162445,2155.8978138710213,1
905,906,-0.006048272203035737,1,2173.784512893043,2162.8106569612155,1
908,911,-0.0035004447436047465,3,2162.837877511543,2157.42982090945,3
915,916,-0.004193765436733146,1,2153.374601638842,2146.4972282637887,1
919,920,-0.0013554579189774358,1,2151.292566084007,2150.527872105355,1
921,924,-0.0015616993014453992,3,2159.1730904679644,2157.960284451349,3
926,928,4.6449342388717044e-05,2,2154.2121859065246,2156.4664598318323,2
929,939,-0.008938478903272401,10,2154.136507474196,2137.0359402548434,10
941,948,-0.018475027284160873,7,2138.2238109396594,2100.8582915038464,7
949,950,-0.001591605990112687,1,2115.131273166565,2113.879948835485,1
951,952,-0.0015444858726317194,1,2117.071288995577,2115.918573587365,1
954,955,-0.003041832400037961,1,2121.6547697180054,2117.3227062675,1
961,963,-0.003128822439694446,2,2140.6941652030287,2136.1370074276215,2
965,969,0.0022170625772547823,4,2141.3291516790655,2148.217941558517,4
970,973,-0.0006858931293537383,3,2146.288609305179,2146.9627733037514,3
977,979,-0.003912424706930024,2,2135.818221227339,2129.5978114703253,2
982,983,-0.002497466793171552,1,2125.1949949983095,2122.012586064285,1
984,989,0.0018867120998187583,5,2121.175928345918,2127.2991525641182,5
990,995,0.0025153012187660298,5,2131.1097950104704,2138.601287870195,5
1000,1001,-0.0031354007384213076,1,2148.1325796498395,2143.5454557530284,1
1003,1004,-0.002107107928274986,1,2145.430123062245,2143.054900363443,1
1005,1007,-0.004376517093455125,2,2149.5725880695627,2142.3145194823232,2
1008,1014,-0.006046371680239433,6,2143.4538045331437,2132.637139956046,6
1016,1017,0.00023993364862526646,1,2136.0659615607897,2138.714541622212,1
1019,1029,-0.0002561164646035619,10,2143.0560004197278,2144.6501844938725,10
1032,1034,-0.00048785918996741137,2,2149.9277463190233,2151.0288120565347,2
1035,1037,-0.0028096372684588353,2,2154.403059679473,2150.504371611395,2
1041,1042,-0.0009754251690969649,1,2147.485488547151,2147.5382626398987,1
1043,1049,-0.0017769363820055626,6,2142.0426240985826,2140.3783932521137,6
1052,1055,0.00035550754422724326,3,2145.289772767109,2148.197729238648,3
1056,1062,-0.002481391874353438,6,2147.245846730738,2144.064934181152,6
1063,1064,-0.0036286798857983176,1,2147.9039115697383,2142.2577597607674,1
1066,1070,0.004771395019669905,4,2138.500026619397,2150.842155022592,4
1080,1084,0.013375293988582643,4,2152.6458277639463,2183.590744391349,4
1086,1087,-0.003130243886573911,1,2188.218774106264,2183.557334440238,1
1089,1090,-0.0037787458400695612,1,2186.167612203745,2180.0928080456392,1
1094,1096,-0.00572872002371262,2,2160.0591893823917,2149.8448742411547,2
1097,1100,-0.0006370449491115506,3,2141.150729342063,2141.9278708139914,3
1101,1106,0.0033715862640096303,5,2142.9692303750508,2152.3374052267536,5
1107,1109,-0.0007379968956671342,2,2154.9892898026164,2155.553903686349,2
1115,1117,-0.0021350388588821474,2,2134.3946845972832,2131.972063690074,2
1119,1120,-0.004520069304215724,1,2129.229876530199,2121.734839800206,1
1122,1125,-0.0035145310525753954,3,2129.9526625397984,2124.5968304293265,3
1126,1127,-0.002714095624230032,1,2125.59738920427,2121.95391202056,1
1129,1141,0.005119180280478281,12,2130.9768518025217,2144.0166833322273,12
1144,1146,-0.0016406433174583688,2,2148.3924643749547,2147.016111099375,2
1148,1150,-0.002383332098714235,2,2146.3553855293476,2143.3862632292967,2
1152,1153,-0.0006152436415996676,1,2156.473908166137,2157.303625214028,1
1155,1158,-0.0008885959841029997,3,2159.716567414797,2159.957168513606,3
1159,1162,-0.0010809271718414243,3,2165.6971903645044,2165.5219266158233,3
1164,1166,-0.002254381161835577,2,2172.864779905762,2170.1391792586323,2
1167,1170,-0.003804935724178982,3,2169.238202500226,2163.1536287717795,3
1171,1172,-0.003477464926088255,1,2167.1834432123437,2161.814322243386,1
1175,1176,0.0023678213210281606,1,2171.0727672434123,2178.3845523984382,1
1177,1180,-0.009533671961373738,3,2181.52550078379,2162.9090777847296,3
1182,1185,0.010924194897414093,3,2167.3588503204355,2193.2028596642917,3
1186,1194,0.0025781492297004636,8,2207.785746072987,2215.6855329396417,8
1195,1196,-0.0004979246951190053,1,2213.9242041557895,2215.0357608255745,1
1199,1200,-0.0036641871905697923,1,2231.0565214465587,2225.1125692406836,1
1202,1205,-0.0018501591799367193,3,2228.400909277346,2226.5064137877443,3
1206,1207,0.001978543080900143,1,2225.26577519467,2231.89382517254,1
1209,1211,0.0027783057996052163,2,2248.213537835948,2256.7079760847046,2
1213,1214,0.0002088049225485234,1,2264.4917095753785,2267.2290383009836,1
1217,1226,0.0028996665968834922,9,2283.3097680570995,2292.2139148899296,9
1228,1230,-0.0009348823056188601,2,2279.7345378204755,2279.8829888773794,2
1231,1232,-0.0022720535234677097,1,2297.405993021771,2294.4835696335117,1
1236,1239,-0.0058395529241701645,3,2292.8279772733354,2281.731714931303,3
1240,1241,-0.0013092279256769342,1,2279.5539880377028,2278.8490862865133,1
1245,1249,-0.002674797091164388,4,2298.0272097003767,2294.178480414154,4
1250,1253,-0.006091078076065339,3,2300.713529119906,2289.000416912497,3
1254,1257,0.0006858707851144345,3,2287.6099189596907,2291.466533689803,3
1260,1268,0.022104251288969194,8,2316.947728775686,2370.4790713247257,8
1269,1270,-0.0010098684135893406,1,2377.738474158081,2377.7150096514106,1
1273,1277,-0.003266828658838574,4,2386.8282449956127,2381.4177143261313,4
1279,1286,-0.01800799769885214,7,2380.7900847031433,2340.2976124210622,7
1287,1290,0.004570612114175534,3,2341.8991183433313,2354.9449299421517,3
1294,1295,-0.0008321021773143619,1,2384.083451868343,2384.483734289013,1
1297,1301,-0.008536704798875873,4,2384.3852300009853,2366.414822395668,4
1304,1314,0.02164150762389187,10,2321.244607415576,2373.8010848912936,10
1317,1322,-0.01042196113397826,5,2361.601552154862,2339.350634116516,5
1324,1330,0.0048017950472200735,6,2341.858199167677,2355.4451804688997,6
1333,1337,0.007979356357895564,4,2405.1542881354344,2426.751025584323,4
1339,1344,0.0015007072785116933,5,2431.121129547851,2437.200651851455,5
1346,1348,-0.007172286240777756,2,2430.1128774763706,2415.1135251991864,2
1349,1354,-0.0026540266789471805,5,2425.385681914396,2421.3740292897733,5
1355,1356,0.0016071799583323174,1,2429.5455536313843,2435.8798161066675,1
1357,1367,0.0030066551965136886,10,2458.8937564390862,2468.745695885998,10
1370,1379,-0.01135976960860732,9,2468.7650254075893,2443.189188526579,9
1380,1382,0.0003318889081967049,2,2442.5770506913027,2445.8302919725343,2
1386,1395,0.00467159277513163,9,2428.360503244746,2442.1331751303637,9
1398,1402,0.0003060777316486274,4,2461.988379820291,2465.203928018752,4
1405,1406,0.0008606280819498581,1,2456.3626603137523,2460.933037658985,1
1408,1409,-0.00395473604596544,1,2472.109972444245,2464.8055399990735,1
1410,1413,-0.0072923328059398594,3,2459.8210057320903,2444.3429933209823,3
1414,1421,0.0047130404498847076,7,2450.5663000950644,2464.566484492632,7
1422,1424,0.0020276823190031146,2,2476.3467947219465,2483.844386128046,2
1425,1427,-0.0004037721019628604,2,2489.9951424253627,2491.4797469952537,2
1428,1431,0.0011406389024174596,3,2498.196593498523,2503.5443303124525,3
1432,1433,0.0013351823448842807,1,2514.8997848516706,2520.7725344284095,1
1434,1435,-0.005040202460238558,1,2532.500653972645,2522.268838599909,1
1437,1444,-0.0014604956885683092,7,2517.8215773806105,2516.6621313996425,7
1445,1447,-0.0051874573384443476,2,2514.3834012525085,2503.854528027271,2
1448,1451,-0.00582198111069055,3,2509.2774985223773,2497.1778098230216,3
1456,1457,-0.007811300445731555,1,2486.500714778772,2469.5644113518874,1
1464,1474,0.005873790816158641,10,2413.496816932166,2430.0866891872224,10
1480,1483,-0.011903654523655213,3,2389.1447370285155,2363.0943282089474,3
1487,1488,-0.001030063929498028,1,2377.4664857500534,2377.395009765242,1
1489,1493,-0.0006185761951977408,4,2386.2349125239925,2387.1450793234794,4
1494,1495,-0.0015031577368901116,1,2371.245247290141,2370.052136897903,1
1497,1499,0.004268652970891526,2,2396.7453189203975,2409.372938265398,2
1500,1501,-0.001392541707772743,1,2406.6759673949905,2405.7312467006936,1
1503,1512,-0.0034603223585686744,9,2424.0537946766926,2418.0898409272763,9
1513,1515,0.001284939012268662,2,2419.962233715669,2425.4916998317026,2
1518,1519,-0.0006605435142355131,1,2426.7810380803876,2427.6048246432943,1
1521,1525,-0.0006587796498279171,4,2445.5107248279937,2446.345182853869,4
1527,1529,-0.007268318866781858,2,2446.544951389557,2431.209227512332,2
1532,1533,-0.003503136291390047,1,2433.2789450276314,2427.1881161932574,1
1535,1537,0.0017404779003894035,2,2440.087424865759,2446.774430528622,2
1538,1539,0.0005786938170803352,1,2453.3724429714002,2457.2455668781145,1
1541,1552,-0.002161433887712618,11,2482.8073364080974,2479.9237198309315,11
1556,1557,-0.002218445481162871,1,2478.116913894911,2475.0974635393823,1
1559,1562,-0.002944612378276301,3,2472.801414546455,2467.9927743067087,3
1565,1568,0.0007959006339117085,3,2466.0492863225363,2470.4780657991005,3
1569,1573,-0.01054779625198158,4,2467.7055871004595,2444.1444369449478,4
1584,1586,0.0020153670871495325,2,2406.1427214481664,2413.3981250174056,2
1589,1590,0.002030052530031773,1,2401.8849936253514,2409.1628313271312,1
1593,1594,-0.005946727592124133,1,2406.511620931533,2394.6072634955035,1
1597,1599,-0.005845690458251221,2,2367.0042654544327,2355.53449547068,2
1602,1605,-0.0024626135366397055,3,2358.249033012251,2354.7998260537997,3
1610,1611,-0.0024795906699730226,1,2367.919069446032,2364.4155184836286,1
1613,1614,0.0019882247761607774,1,2373.7722574331015,2380.865622505726,1
1615,1622,0.0017254799270590361,7,2381.5890790936555,2388.0800523232283,7
1629,1631,-0.014409340592307217,2,2352.9587985604276,2321.407172630865,2
1633,1636,-0.008234201000942023,3,2294.5434291432366,2277.9442407714237,3
1645,1646,-0.015073047032889794,1,2152.7651952776055,2122.4692294336955,1
1647,1648,0.0023350600256990695,1,2144.219929873164,2151.371032047591,1
1652,1657,0.00919321520191619,5,2171.002513356879,2193.1320091794264,5
1658,1661,0.009456568170420676,3,2189.528152286213,2212.423102671649,3
1662,1667,-0.03507898999230231,5,2216.9292396489577,2141.3785302773185,5
1668,1675,-0.006197189449109807,7,2131.68879196827,2120.610001469867,7
1684,1686,-0.0027139870641261893,2,2110.4986463407427,2106.881278962059,2
1687,1688,0.0018545656896216118,1,2121.9845240529107,2128.04186826918,1
1689,1692,-0.004367447685890143,3,2137.893946749914,2130.6947007262524,3
1695,1698,0.00702896869070256,3,2149.8624307164173,2167.123608861957,3
1700,1701,-0.005659051484191976,1,2164.5562610200673,2154.4714819595447,1
1703,1704,-0.0004050511933264716,1,2150.0129758557277,2151.2921235100457,1
1707,1709,0.004334696925979039,2,2168.535694371268,2180.1041750739064,2
1710,1712,0.002649951896918853,2,2188.5044346208806,2196.4923705334404,2
1714,1716,0.0009728866465009835,2,2213.8201204356196,2218.1877365889823,2
1717,1718,-0.0021681484962458256,1,2214.133752819997,2211.547315806153,1
1721,1724,0.004280922992537213,3,2224.4878270485806,2236.2351759610606,3
1727,1732,0.010002241084632713,5,2234.6761893260755,2259.2626355071293,5
1733,1735,-0.004883998914393244,2,2254.3578973243652,2245.6019736985036,2
1736,1740,0.00019877416510053056,4,2243.57310181341,2246.2626392853786,4
1741,1744,0.0034429517517571336,3,2256.1560490770303,2266.1800415475145,3
1747,1750,-0.004926883525991623,3,2258.401778096777,2249.5332973592986,3
1751,1754,0.0038579812988918114,3,2243.869578146062,2254.7702545938478,3
1755,1756,-0.002790891660829772,1,2261.8848952356643,2257.83410443903,1
1763,1764,-0.0039046360572607976,1,2245.1836453925307,2238.6622040209513,1
1771,1772,-0.0004406462137060245,1,2222.6607794561696,2223.9040331788055,1
1773,1776,0.003050358579695588,3,2235.8167356236268,2244.872595121387,3
1777,1785,-0.03508225562853481,8,2239.133336322556,2162.8186215676365,8
1791,1792,0.0024293704677153826,1,2110.0046418369243,2117.240629442382,1
1793,1795,-0.003418687027105037,2,2123.0331684325165,2117.898215649915,2
1796,1800,0.014312521953531315,4,2125.8989901481023,2158.451865105735,4
1803,1805,-0.0014344184177935149,2,2172.2079814301665,2171.264334275755,2
1806,1808,0.002834683060579292,2,2175.4366256170256,2183.778735594643,2
1809,1810,0.0010762564005632118,1,2196.6945826507604,2201.2554838380715,1
1812,1814,-0.0018052924394572306,2,2204.108246733229,2202.3332950263894,2
1815,1816,-0.0028911950948344685,1,2196.849355422819,2192.694684697753,1
1820,1823,-0.014772598314686868,3,2183.914919656898,2153.8367367150117,3
1824,1827,-0.02168387177971793,3,2143.786707309563,2099.4448979325084,3
1829,1832,0.0027532549938758663,3,2115.4105734502755,2123.3502487491755,3
1837,1841,-0.01656924062008793,4,2112.920959858367,2080.024385023105,4
1842,1843,-0.0032685997790872904,1,2086.100596253875,2081.36806890206,1
1844,1847,0.017100133951085547,3,2090.0085194188646,2127.837953579256,3
1848,1851,0.0025413707007781484,3,2140.3424262383814,2147.9221721962945,3
1852,1855,0.0051935250680689125,3,2149.604094080591,2162.9177209237027,3
1857,1870,0.009963440909641318,13,2182.5573289579906,2206.485667265926,13
1872,1875,-0.012482573048524181,3,2189.6198872154105,2164.4774169119582,3
1877,1879,0.01129360570905634,2,2183.5625578956033,2210.4064150234303,2
1880,1882,0.012087271474857383,2,2225.51047112505,2254.6363308308014,2
1883,1884,-0.002449887888697537,1,2263.905979731236,2260.623569870074,1
1890,1891,0.0005711377877654813,1,2296.550882539233,2300.1590804123166,1
1892,1895,0.0013493586354123063,3,2311.134900904934,2316.564585641978,3
1897,1898,0.003094239752920485,1,2309.9885320704334,2319.4461789472266,1
1899,1900,0.004906081510446816,1,2318.9482757290302,2332.644173263996,1
1903,1907,-0.002368557091078103,4,2329.415217997755,2326.227280283099,4
1917,1918,-0.005387264574919733,1,2318.9104305926794,2308.7367570081283,1
1919,1922,-0.0007658600155557736,3,2317.534629395809,2318.077256917885,3
1925,1926,-0.003517155049898095,1,2297.4372026705,2291.654197013974,1
1927,1933,0.003824734347945065,6,2300.187390182164,2311.285183290286,6
1934,1936,0.001930018854449881,2,2314.788172089187,2321.570545077466,2
1941,1944,-0.0014535943791327902,3,2296.629663800614,2295.587925494164,3
1945,1951,-0.008776269080439927,6,2301.336780941443,2283.440966888129,6
1952,1953,-0.004984097634155097,1,2278.869376437585,2269.7901383463714,1
1954,1956,-0.004203416690019774,2,2268.1944939151244,2260.928521817106,2
1958,1959,0.012481156619106915,1,2300.356324555707,2331.3677884467957,1
1960,1963,0.010660427519388452,3,2348.3462106193488,2375.728931398706,3
1965,1966,-0.004552015079609947,1,2387.9332784183975,2379.451303404353,1
1968,1972,0.003516411576632127,4,2419.7170795771544,2430.645517807531,4
1974,1976,-0.00466235560967512,2,2444.3590602478384,2435.4069481314796,2
1981,1984,-0.006137675328464696,3,2421.6666893372476,2409.224952133675,3
1991,1992,-0.007566144651386802,1,2412.052455582006,2396.214570251922,1
1997,1998,-0.00022025487074612898,1,2378.2810088614433,2380.1354618941,1
1999,2000,-0.00202861336604379,1,2375.9216014127387,2373.4776966968534,1
674,675,0.0012420055216303058,1,1983.2269766906065,1987.673382522993,1
682,686,0.001883020784638772,4,1989.3965452357359,1995.132016824539,4
688,689,0.0012915188625560428,1,2003.6939653161717,2008.2854678324834,1
690,694,-0.0027386588063392095,4,2016.4356523952652,2012.9297587908118,4
695,696,0.00019179600517269858,1,2013.045855313223,2015.4449953218148,1
697,698,-0.0023282601164227147,1,2019.2071436394701,2016.525111323778,1
699,702,0.0006574680750762881,3,2021.8726842866465,2025.2238737127204,3
703,707,-0.004967448864359288,4,2026.8863646011798,2018.8447965957575,4
709,710,-0.0022587629432722902,1,2011.5888311287263,2009.056717651001,1
715,716,-0.003445194024154965,1,2001.3132282184902,1996.419629072388,1
718,721,0.006144523204765281,3,2000.1779859980636,2014.4683040326875,3
725,726,0.0003503044911629318,1,2028.7179050686416,2031.4572919671584,1
727,729,0.005701433798163645,2,2028.8274174949236,2042.423470121165,2
731,734,-0.0002479740046536365,3,2045.9028944566555,2047.4414666172413,3
736,739,-0.0016479803536728452,3,2068.5074538801955,2067.1671016886553,3
740,742,-0.003564129462442588,2,2066.1585003938208,2060.8606025088848,2
744,753,-0.0012790941428024857,9,2062.3008722698833,2061.7252961757363,9
760,763,0.005126130782871303,3,2061.77272444605,2074.403413800563,3
764,769,0.00484813496489517,5,2076.6221597819354,2088.766526443432,5
770,774,-0.0050525133267129005,4,2092.611524605749,2084.131188514651,4
775,777,-0.0017510829384124343,2,2082.1486028264853,2080.584736535663,2
778,782,-0.005282164924220501,4,2084.9931866225184,2076.0649019315247,4
785,788,-0.0016566124413467808,3,2078.460391740555,2077.095648788492,3
789,795,-0.001818683700953979,6,2076.687705889584,2074.9875555128006,6
796,798,-0.0005388556539786616,2,2069.3374807781634,2070.2917440574342,2
799,800,0.0009540452248336675,1,2074.955026432281,2079.0095823934257,1
802,804,-0.003043778591910618,2,2075.406264096347,2071.1645932042697,2
806,808,0.0060676244625189205,2,2076.7043098959225,2091.3816760779614,2
809,811,-0.00219554192383567,2,2092.2395391238606,2089.7381790401314,2
812,819,-0.0033028587627611087,7,2084.9051614568284,2080.1039193362417,7
821,824,-0.0036487940296304373,3,2080.155982233981,2074.6460774875395,3
825,827,-0.0023461486567520253,2,2069.36155885261,2066.5758905698262,2
832,836,0.0026333188308716583,4,2060.006366340568,2067.491026263109,4
838,841,-0.0013167737404627372,3,2072.1793994880354,2071.5229874687498,3
843,845,-0.002862384596821169,2,2079.956623743556,2076.08294456544,2
847,849,-0.00473525633346375,2,2083.124827010982,2075.3438218074934,2
855,856,-0.005712521868246553,1,2081.4672092528995,2071.658249511257,1
859,860,-0.003884466873402935,1,2071.7507053358313,2065.774809056341,1
861,865,-0.0015379242248099965,4,2064.906936248282,2063.7961727852958,4
866,876,0.027809442105820304,10,2064.373951038125,2123.8474128653215,10
878,879,0.002229795186807512,1,2138.5750276068275,2145.4821869376187,1
882,889,-0.004105233924435939,7,2177.4240053882163,2170.6625944988036,7
890,892,-0.0011469783329322097,2,2169.6105730603454,2169.291687315205,2
894,895,-0.0017416383413814923,1,2163.551357404254,2161.946784764055,1
896,897,-0.0023077600285199714,1,2172.2184172993525,2169.3776768799935,1
901,907,-0.0027084726315475174,6,2163.26482068792,2159.568941946985,6
909,910,-0.000985490663577762,1,2162.3259126460753,2162.3572865601964,1
912,913,-0.002820145634219096,1,2163.2469974288924,2159.3095728507847,1
914,916,-0.0077113298563587914,2,2154.2376477576245,2139.7798483145366,2
920,921,-0.003773524040765702,1,2157.044533496486,2151.0619186258314,1
926,927,-0.002050199910839476,1,2158.025889238785,2155.7595306423173,1
928,930,-0.002019642766593324,2,2154.230838206311,2152.0342923145618,2
933,934,-0.002208248651724436,1,2149.2796233851213,2146.6827591779875,1
935,939,-0.003901759864960757,4,2145.666483307554,2139.4402744227004,4
941,942,-0.0017400284854381682,1,2133.410532721987,2131.8317481566387,1
944,957,-0.0024161857464763356,13,2128.4518724371587,2125.4375892333524,13
958,960,0.0008759798148601668,2,2133.481331930066,2137.483699844148,2
961,962,-0.002938424244180209,1,2141.40736204067,2137.256406093424,1
964,966,0.0006533706082356213,2,2136.8740784701567,2140.407123265,2
968,972,-0.004166461345096191,4,2151.0632150838114,2144.25195656239,4
974,977,-0.006660072991025947,3,2146.569399321571,2134.419659841108,3
979,988,-0.0016573523812868877,9,2129.9564493334638,2128.556317389457,9
997,999,-0.0011596286860603884,2,2140.8312294685265,2140.4894913922894,2
1003,1004,-0.0008899680793081269,1,2145.2413392662424,2145.4773842911495,1
1005,1012,-0.004204143275894238,7,2144.388107855016,2137.517181118325,7
1015,1018,0.0038195255097198478,3,2129.080701357893,2139.3418601103394,3
1019,1020,0.0004969375271027838,1,2142.701465875783,2145.9089561094306,1
1021,1023,-0.0011248606531883566,2,2149.644623895801,2149.3762178639386,2
1027,1029,-0.001995926963137119,2,2145.14579986593,2143.009391323983,2
1033,1038,-0.0014436836240105191,5,2150.844688465941,2149.8903938998787,5
1041,1043,-0.0020605863602717973,2,2147.206748200642,2144.9294500108167,2
1044,1051,-0.0019448207391424372,7,2142.7179918393804,2140.693507442557,7
1055,1056,-0.004943366034710968,1,2149.8613848786063,2141.3836945141393,1
1057,1059,-0.0032305286759617543,2,2144.15877475237,2139.3761671194698,2
1062,1064,-0.0037742856727173988,2,2147.1479581623203,2141.191156344786,2
1065,1066,-0.0007345836526870934,1,2137.4515611293014,2138.0188757152146,1
1075,1077,-0.004131520678663412,2,2156.332034457086,2149.5794361011194,2
1081,1083,0.005862762765602733,2,2162.3223803896153,2177.1618859089826,2
1093,1094,-0.011517820323636567,1,2176.3338449734956,2153.4435566278153,1
1095,1096,-0.0038784436460332357,1,2151.50220093677,2145.309223097057,1
1100,1102,0.004775947622086002,2,2139.6327275421067,2151.991134106891,2
1106,1112,-0.005504921287417998,6,2155.470224470731,2145.760000772117,6
1116,1117,-0.002467272028501866,1,2131.606839415462,2128.4791923242246,1
1118,1121,-0.005938651725641226,3,2132.589949767125,2122.0578307316223,3
1125,1126,-0.003769819637448586,1,2129.1480133298965,2123.2506573515407,1
1127,1129,0.0008777598574614051,2,2125.3749786249114,2129.365922441826,2
1132,1133,4.799750890384694e-05,1,2139.671375252595,2141.913745523733,1
1137,1138,-0.0007114763218638905,1,2145.810824901681,2146.429942133466,1
1142,1146,-0.0018340507779744507,4,2145.414700314677,2143.6253155148015,4
1150,1152,0.001463375889099409,2,2148.497350406223,2153.789906977008,2
1154,1157,-6.216621032901918e-05,3,2157.602985752208,2159.6264587369415,3
1159,1163,-0.001296455799397803,4,2162.867897263261,2162.226702531786,4
1167,1169,-0.0030774284207403494,2,2165.5508476687455,2161.05207079124,2
1170,1172,-0.004354571745268997,2,2168.106195501735,2160.833127717562,2
1176,1178,-0.0062510673004585755,2,2180.6525434124956,2169.2017901481204,2
1179,1180,-0.004105439909323041,1,2165.589177229044,2158.8640701708787,1
1184,1189,0.007979939568936206,5,2183.0246297856893,2202.628059038664,5
1191,1194,-0.000839421150434242,3,2212.7620991168405,2213.1174219090794,3
1196,1197,-0.00274108019498213,1,2215.7171722869252,2211.8594310005747,1
1200,1203,-0.0017636590440995208,3,2227.360993100007,2225.6600487331516,3
1206,1207,-0.0010653168439586297,1,2228.8610060087904,2228.7154238422554,1
1209,1217,0.014923744094800032,8,2246.3211445577303,2282.090987618406,8
1218,1221,0.0024356782189590633,3,2282.1997798195716,2290.040683894411,3
1223,1234,-0.008991208647641549,11,2308.682044162653,2290.2328842466854,11
1237,1239,-0.004130334133350243,2,2290.539688845495,2283.3695342737087,2
1241,1244,0.0027722973200246955,3,2280.900425557385,2289.5046601199583,3
1247,1248,-0.0012846446649288328,1,2298.0682676909137,2297.414134818873,1
1249,1250,-0.0012520065664487535,1,2297.783614397211,2297.2045578381044,1
1256,1258,0.0007501001877136938,2,2290.5354735120973,2294.5441400742557,2
1260,1261,0.00405212212309596,1,2318.331594246836,2330.044088582803,1
1264,1267,0.006365653642758507,3,2349.0036780410287,2366.3056255390447,3
1268,1272,0.0009152973114625368,4,2380.7907670696964,2385.35068922502,4
1284,1285,-0.004583379361247785,1,2343.7548571727384,2335.3562943897214,1
1293,1296,-0.0006409201507755536,3,2377.822000278538,2378.6758282438805,3
1298,1299,-0.005349322298056062,1,2382.220521164526,2371.8594763329384,1
1300,1301,-0.005530823528294952,1,2376.3833536938937,2365.616380082729,1
1304,1305,0.001424835264292221,1,2322.2080305536797,2327.839002477189,1
1309,1313,0.008229708665643508,4,2345.705726678384,2367.355907150957,4
1314,1317,-0.007858239354592633,3,2374.5952664560623,2358.309723748424,3
1318,1319,-0.0035281086259318873,1,2341.434760455871,2335.515359040906,1
1321,1322,-0.0017714055195446365,1,2342.297058748216,2340.4901978686844,1
1323,1324,0.0005651754163336475,1,2341.089590592457,2344.753806467087,1
1330,1335,0.023635523700064203,5,2358.986003222455,2417.1008588129616,5
1341,1342,0.0002758448876129386,1,2433.225259547086,2436.3296775548897,1
1344,1345,-0.005385741493720237,1,2443.774181331889,2433.0564195035395,1
1352,1355,0.003073422313250463,3,2421.3873782885016,2431.250711664245,3
1356,1362,0.008974249667900662,6,2436.396600782591,2460.697828768821,6
1364,1373,0.0058029614957738306,9,2456.3731993592814,2473.0838116537734,9
1375,1377,-0.004587150531808287,2,2466.854172447254,2458.005195190666,2
1379,1383,-0.0004067398352067638,4,2442.813461030579,2444.2626849470294,4
1384,1387,-0.009997961122680497,3,2443.4591102080876,2421.4729601295758,3
1389,1391,-0.0007379158982937495,2,2428.3525390151526,2428.9889716089665,2
1393,1397,0.0017825399952929705,4,2443.0675496240274,2449.8654827920586,4
1400,1401,-0.0027579184896583822,1,2463.4522086021684,2459.121660416277,1
1406,1408,0.00101515182344131,2,2461.9089858768943,2466.8701062589307,2
1413,1414,-0.0004396441210014004,1,2447.952838741388,2449.324563506088,1
1415,1417,-0.0018060068226669807,2,2457.91239810851,2455.9313039461167,2
1418,1428,0.010932782783496395,10,2464.787227792048,2494.1989983888266,10
1429,1430,0.0003884873731269383,1,2492.79719423718,2496.2584116651446,1
1431,1432,0.002413241997300422,1,2505.4458824934754,2513.9975756015656,1
1441,1443,0.0020482592901963654,2,2522.8238069429344,2530.514028049977,2
1448,1450,-0.004540840983742089,2,2507.839586686978,2498.9597254977857,2
1454,1459,-0.02656174292833635,5,2499.787438132568,2435.8885142635386,5
1461,1464,-0.012314214268667984,3,2438.377679743539,2410.789352206983,3
1466,1467,-0.0008737717527713024,1,2413.2707373498506,2413.5753602851146,1
1471,1472,0.0015653727129456502,1,2431.015012290761,2437.251471868053,1
1481,1482,-0.0077521830613475826,1,2387.762716669799,2371.640105699784,1
1484,1487,0.004320695222994771,3,2366.0294507900194,2378.618372386303,3
1489,1491,-0.0016284722780315845,2,2384.937816006712,2383.4389487045228,2
1496,1497,0.004207878319247441,1,2384.156907556658,2396.5733066252064,1
1501,1502,0.0009214405783813601,1,2410.8474631601603,2415.479763304164,1
1504,1505,-0.0014966903484107874,1,2417.409566888497,2416.2088628884676,1
1508,1509,0.0008347099422631105,1,2428.0724005287216,2432.5272091025063,1
1510,1514,-0.003263158580749268,4,2429.1617781762,2423.6641998538926,4
1516,1518,-0.0011273383498164415,2,2423.8962275109657,2423.587572565228,2
1524,1528,-0.00502673773843861,4,2443.405621586067,2433.5666679593132,4
1532,1534,-0.0003806991530246231,2,2428.8048837937927,2430.309044715464,2
1537,1539,-0.000168413462274912,2,2453.735480983782,2455.7759743769066,2
1542,1544,-0.0034689693053257258,2,2486.326038350104,2480.1873756783857,2
1545,1547,-0.003509377172764759,2,2487.0470093822432,2480.8060703893066,2
1552,1555,-0.00019757619185805807,3,2476.1131432075044,2478.1000353452673,3
1560,1564,-0.004188321404563241,4,2473.9976113791004,2466.109711839902,4
1566,1567,0.0003322996680544675,1,2466.4836473049013,2469.7697426494674,1
1569,1573,-0.010214276279014597,4,2467.7469439647193,2445.0084418363344,4
1575,1579,-0.00829806543566602,4,2440.5069403630537,2422.695961016087,4
1580,1581,-0.005776316257637932,1,2419.3238407619388,2407.7683849688165,1
1585,1587,0.0007509838698975852,2,2403.3755539178396,2407.583825746056,2
1589,1591,0.0010764188395505714,2,2399.0228642244024,2404.0042404961905,2
1598,1600,0.0008061014867980216,2,2351.5063957876346,2355.7534549852817,2
1604,1605,0.0011839881092923078,1,2358.863580637382,2364.0153106489365,1
1609,1612,0.004277113987176291,3,2364.619752806835,2377.0981207787254,3
1616,1618,0.003948399964090881,2,2376.7182383687036,2388.4791908141015,2
1626,1627,6.22621585827795e-05,1,2370.9303041792514,2373.448853722018,1
1628,1633,-0.03278340120598542,5,2366.280843357552,2291.0723899470813,5
1635,1638,-0.0006585006263525549,3,2293.757925897392,2294.5412427923848,3
1639,1641,-0.008057274826478404,2,2288.6002029355664,2272.448922335516,2
1642,1644,-0.02885013034902282,2,2266.2116572880136,2203.0973672340674,2
1645,1646,-0.014884848879842903,1,2150.750084891127,2120.887244984104,1
1657,1658,-0.005258204144981537,1,2198.1218678481277,2188.7618161992823,1
1659,1660,0.005613481502481554,1,2191.806188231427,2206.30165791432,1
1662,1663,-0.004668086574610295,1,2214.1017586548437,2205.980241719101,1
1665,1669,-0.03230970678805658,4,2184.756292172505,2116.352213261222,4
1670,1673,0.004644551272183122,3,2112.768075164654,2124.6937028911525,3
1674,1680,-0.028100029806857392,6,2132.296125029762,2074.510836484409,6
1683,1686,0.0018529163340118416,3,2108.60599711123,2114.621673602384,3
1687,1691,0.0038201687198576254,4,2120.225354891703,2130.445198826401,4
1693,1695,0.0019473353201311014,2,2141.960669642985,2148.2737459789555,2
1697,1703,-0.00818643839251832,6,2164.5928487906617,2149.037135637942,6
1704,1706,0.0001406006781740454,2,2152.315860043259,2154.770792972869,2
1708,1715,0.01784994041942569,7,2176.420223899465,2217.445615447603,7
1717,1718,-0.004308467867777627,1,2219.2641795616446,2211.921815333455,1
1719,1720,0.0013695469428170277,1,2217.822012874007,2223.077246244325,1
1723,1724,-0.004606006494003268,1,2240.539005268272,2232.459607065207,1
1726,1731,0.005946445485140116,5,2237.1061932354755,2252.646129451255,5
1734,1735,-0.005302916629243608,1,2253.9683065232603,2244.2696688153333,1
1742,1743,0.0021266417153773917,1,2259.992388011073,2267.058574487864,1
1745,1747,-0.0008986600623124538,2,2259.9295920943455,2260.1586132183866,2
1748,1750,-0.0019852531388810496,2,2251.3146306691074,2249.096515862632,2
1752,1753,-0.0011236911142355748,1,2247.905921847839,2247.627875859669,1
1756,1757,8.76167496751633e-05,1,2262.2773628378977,2264.737853590131,1
1760,1762,-0.006424761300311157,2,2260.1890296382217,2247.9280436588524,2
1764,1765,-0.003139238924524271,1,2237.020778033707,2232.2352561103676,1
1767,1768,-0.0064641456740365125,1,2225.4384407809403,2213.2783209519125,1
1770,1771,0.001008576285490745,1,2218.9677005343915,2223.424666435955,1
1774,1775,0.0007763690361077651,1,2236.934295609194,2240.907916427722,1
1778,1780,-0.006601684455955391,2,2228.3329265519646,2215.850508634605,2
1782,1785,-0.026215398109485543,3,2219.1052460655396,2163.149623839149,3
1786,1787,-0.0057597111593714724,1,2150.9619901125834,2140.7240323248607,1
1795,1798,0.009452491075642309,3,2114.7745786298847,2136.8792410400088,3
1799,1800,0.0018941386504076375,1,2148.488959736429,2154.7069846747763,1
1801,1805,0.0007441606297586502,4,2164.1110539393085,2167.885611238015,4
1807,1809,0.004426346422771822,2,2183.384179197444,2195.231978127769,2
1816,1819,-0.0021277737648145462,3,2191.5824566822203,2189.1108474841462,3
1820,1822,-0.00953727810603704,2,2176.9353305990217,2158.35022826284,2
1829,1831,-0.0035499643816012823,2,2113.114613104129,2107.7262461064724,2
1834,1839,-0.017614167107011962,5,2133.3379305103667,2097.8942976371404,5
1841,1844,0.0003497185519900784,3,2083.9214486154724,2086.7341560555587,3
1846,1847,0.0005194210484735422,1,2122.481524501484,2125.7064676048076,1
1848,1851,0.0029583670141549584,3,2138.9265366935842,2147.393192942133,3
1854,1860,0.011526409996968912,6,2152.3693602621274,2179.3308213336845,6
1863,1864,-0.0017029548724978743,1,2178.1258659636533,2176.5947417732605,1
1865,1871,0.00855259540196434,6,2180.6382984070287,2201.469053789739,6
1872,1877,-0.0035658524437928575,5,2190.2983506575474,2184.6783682818773,5
1883,1886,0.008533795911711752,3,2259.1459328977,2280.68416915672,3
1888,1892,0.010511959217910663,4,2283.28825999734,2309.5733813291636,4
1894,1896,-0.0009637460160130654,2,2315.310108329937,2315.3940475455292,2
1897,1900,0.0030697189762949554,3,2317.1289434641785,2326.559007095917,3
1902,1909,-0.003252368866798119,7,2334.961354446258,2329.7021601863266,7
1910,1911,-0.0023909526796745345,1,2339.6398554727057,2336.3855271462626,1
1912,1914,-0.00961925330112225,2,2325.0255466318486,2304.9855625138484,2
1922,1928,-0.007919141128664391,6,2320.1901557776905,2304.136432644527,6
1931,1932,-0.00403418598534384,1,2307.2920389258425,2300.2912857572383,1
1941,1943,-0.0022971459550399816,2,2295.5528822558776,2292.575215120079,2
1944,1960,0.019200562786639543,16,2299.0700593212446,2345.5125684054465,16
1961,1962,-0.0009827702040644843,1,2366.5430623886705,2366.583837442708,1
1964,1966,-3.348063811297621e-05,2,2381.8529122999903,2384.1550192568952,2
1967,1971,0.013805049405060287,4,2395.6279857525924,2431.0953764378046,4
1974,1975,-0.0011441599672537648,1,2443.841121693362,2443.488817637285,1
1978,1982,-0.005005429152621004,4,2428.4514025922385,2418.724412548572,4
1984,1986,0.002091706884550165,2,2411.734803977588,2419.1911810747547,2
1989,1992,-0.014071394801189723,3,2428.4890740349565,2396.74533457787,3
1996,1999,-0.008024786348375466,3,2382.835093092343,2366.096185659958,3
672,673,-0.002623785913639518,1,1981.7463898542233,1978.528457981972,1
674,677,-0.0017368118615508673,3,1988.8649682072967,1987.3995489076985,3
680,682,-0.0027968983902290773,2,1989.2421179716403,1985.6676520120811,2
683,684,-0.0004900107554361069,1,1992.1722435676375,1993.1882299851757,1
685,689,0.004021338281646845,4,1996.7788917564992,2006.8053940456605,4
690,692,-0.0024086656901209876,2,2014.2728238048212,2011.4353867873842,2
694,702,0.003299141621189392,8,2016.3586420836823,2025.0272534451092,8
703,705,-0.0016025987875218134,2,2026.905881189056,2025.6844701626305,2
707,710,-0.007526533802622795,3,2018.5031704460093,2005.3293412733922,3
712,713,-0.0038956421364363648,1,1997.825954941404,1992.0409659250095,1
714,716,-0.0013824274493037458,2,1999.423092848311,1998.658458574834,2
717,718,0.0003301440548953436,1,2000.1214684243103,2002.7819181046034,1
720,722,0.0052719228228674956,2,2007.8918660645672,2020.4852088851876,2
723,729,0.006588582149365594,6,2025.8057502493748,2041.1787436037994,6
731,735,0.005199419008866548,4,2046.2640616404724,2058.949709961367,4
736,738,0.0010352341404116444,2,2065.0835197675865,2069.286448249819,2
739,742,-0.00441625168782432,3,2067.787220913878,2060.7231393303696,3
743,745,-0.0021194099293042144,2,2065.876381064246,2063.5638185305675,2
746,747,-0.003968451984941513,1,2070.5244849784285,2064.3782324611243,1
753,755,-0.0065177320901495086,2,2061.996708533589,2050.6191631251304,2
764,765,-0.00184074501312796,1,2077.6624335625115,2075.9156492325305,1
770,771,-0.0035179634496005385,1,2094.098656680735,2088.8257928033554,1
773,776,-0.004579749726493403,3,2087.376733282613,2079.9044469925557,3
777,779,-0.0028793790816632678,2,2082.643905847668,2078.7298284564645,2
783,784,-0.0031427125852393724,1,2080.543392290953,2076.0853857801544,1
785,788,-0.0024591685208996644,3,2075.5698395924405,2072.5412334195785,3
793,798,-0.003494481511622087,5,2079.446703207297,2074.259561851743,5
801,805,-0.0007581217096214726,4,2075.3169930547147,2075.8189671809882,4
806,808,0.004335641935389952,2,2073.8596595602057,2084.9250321278687,2
811,813,-0.00169780314779124,2,2087.9164055914785,2086.4594509513317,2
819,825,-0.005187391678730116,6,2079.560511880814,2070.8525774979485,6
826,827,0.0009822778420838685,1,2066.4812258399056,2070.5775657849704,1
830,831,-6.519494905997956e-05,1,2060.728630463601,2062.655009995975,1
832,835,0.0028418840170834517,3,2061.0677295151518,2068.9861126833025,3
839,845,0.00027785237988148877,6,2075.4985477879823,2078.1507285467137,6
846,847,-0.0016649706932125525,1,2081.6251374649323,2080.2409177542636,1
851,855,6.386199625945266e-05,4,2072.1363159772063,2074.3407830548435,4
856,857,-0.0030877025204174902,1,2075.799891732911,2071.466239067058,1
860,865,-0.0020587869595432577,5,2069.806518714319,2067.6150345635265,5
866,868,0.000561934976685375,2,2066.4606186060423,2069.688295724186,2
871,872,-0.0010326272147725961,1,2091.707940807172,2091.6396942029455,1
874,878,0.017673385863899667,4,2097.987587122989,2137.1641188750086,4
881,882,0.002736447960492463,1,2167.302939423485,2175.400954071263,1
883,888,-0.004563368853886236,5,2178.1600246333396,2170.398437042781,5
890,891,-0.0008356768299470205,1,2168.6962775963952,2169.052644643612,1
898,900,-0.004316809609464163,2,2169.124351796833,2161.9297793026703,2
902,908,-0.0026411130493403327,6,2165.2543735448126,2161.700946337247,6
920,924,-0.0002916710711231285,4,2156.456390673802,2157.983871119178,4
927,928,-0.0020728624988488997,1,2155.3505366405047,2153.0381418778693,1
929,931,-0.004597850352431683,2,2156.2103569235996,2148.4526347310252,2
933,936,-0.00664735971974478,3,2149.354747686857,2137.216568261328,3
937,938,-0.0015907700176421339,1,2139.4676148008516,2138.203681480311,1
939,941,-0.003461962719101668,2,2136.793953571855,2131.5332465197594,2
942,943,-0.0033455145528327604,1,2134.809489974165,2129.802263247905,1
944,947,-0.011736986435033053,3,2131.423106305039,2108.5380453253256,3
954,958,0.004943760885206999,4,2121.3138346444334,2133.9224168400415,4
960,962,-0.0026646116574516668,2,2139.4298619617057,2135.868542073184,2
963,965,-0.0015711088369550915,2,2139.1632257304123,2137.9415307085083,2
967,968,-0.0026946895544693885,1,2148.5526127438097,2144.911483073765,1
969,970,-0.0037912776164066926,1,2152.945208131355,2146.9357403625477,1
972,973,-0.0007845285698132741,1,2145.561315474395,2146.0236226395937,1
974,976,-0.005825070464581306,2,2149.9905599641415,2139.61670401413,2
979,980,-0.003750429306674078,1,2130.94807365832,2125.0870516255295,1
981,982,0.00034241491495118305,1,2122.9487035212965,2125.7985815245797,1
983,984,-0.0033014542528215915,1,2121.688587407011,2116.80561818436,1
986,988,-0.003677175373556938,2,2129.329090882784,2123.628503478474,2
989,990,-0.0021985229329434634,1,2132.8652710164165,2130.3089830762246,1
994,997,-0.0029453172473574165,3,2140.75003183679,2136.585593877577,3
998,1001,0.0020621064813688,3,2138.9337826979645,2145.4834256971826,3
1008,1010,-0.0011954156620624734,2,2144.851597463095,2144.432459868151,2
1014,1015,-0.004663584971524229,1,2135.7101568307303,2127.8858011966336,1
1016,1017,-0.0003004861314226731,1,2134.6228365293437,2136.116034807678,1
1021,1023,-0.0014593090019851356,2,2145.9346841048546,2144.949036986773,2
1027,1030,-0.00022358897352602308,3,2142.29992791777,2143.96323320382,3
1032,1035,-0.0006002019867026765,3,2149.4213595596484,2150.280693948939,3
1036,1037,-0.0023907225485527645,1,2154.46915149978,2151.4728826706278,1
1038,1042,-0.002984854626984626,4,2147.4181959914445,2143.15588304906,4
1044,1045,-0.0036712545862542254,1,2140.7178651914005,2134.9994627761316,1
1046,1047,-0.0037266457631686214,1,2140.3124591110222,2134.47658521253,1
1049,1052,0.0008088766254154575,3,2140.6145454175307,2144.486653032761,3
1056,1063,-0.006480970652031636,7,2152.6117542902252,2140.813352439742,7
1066,1073,0.007998863535108435,7,2138.050666582582,2157.290692762306,7
1078,1079,-0.0008795594439177069,1,2151.7658883808062,2152.0250482609617,1
1080,1084,0.01184852753149987,4,2153.1425009375967,2180.807211640136,4
1085,1088,-0.005604512828690743,3,2191.750731352616,2181.6587869928107,3
1091,1093,-0.006266065833734562,2,2183.6171088428923,2172.1180373920565,2
1094,1099,-0.011435742305571782,5,2157.799167644562,2135.2809315838463,5
1103,1107,-0.0013989336527654834,4,2152.1303564018667,2151.27179917756,4
1109,1111,-0.0034597246862250394,2,2158.7298366379728,2153.419955567904,2
1112,1115,-0.006487621135869682,3,2145.2704025052753,2133.4979713023317,3
1116,1117,-0.0030709351457201173,1,2133.846649972271,2129.427591949266,1
1120,1121,0.0017870603760716934,1,2126.2459952352674,2132.1719711983687,1
1124,1126,-0.005263813427695378,2,2130.854155764341,2121.7685912025327,2
1132,1134,-0.0011471877092364192,2,2139.3297899382005,2139.0149068871183,2
1136,1137,-0.001866386041109261,1,2146.275995327885,2144.416491765165,1
1139,1140,-0.0016667163083969056,1,2147.3403548170572,2145.908687982822,1
1143,1148,0.002162137038474563,5,2144.478544280825,2151.2596793139096,5
1151,1152,-0.00021356717481651024,1,2146.8207422598102,2148.509072561308,1
1154,1156,-0.0005042249788540925,2,2154.8838003352116,2155.95213789689,2
1160,1162,-0.00011877266889640588,2,2165.2608196325145,2167.1689066457425,2
1165,1167,0.000567184865007833,2,2165.6488331651344,2169.0428052393927,2
1171,1175,0.0018508461311361546,4,2165.109373885336,2171.2817675673637,4
1176,1182,-0.008368205369090057,6,2178.412299403058,2162.3613102025047,6
1194,1195,-0.0003893748909409771,1,2215.211757369577,2216.5644212905095,1
1198,1200,-0.0003645784588214336,2,2225.072185635851,2226.486044433281,2
1206,1210,0.008950295063722032,4,2225.408804942107,2247.552279188686,4
1211,1216,0.009174275418643144,5,2258.1488547913445,2281.1238831762853,5
1217,1219,-0.004904044939877651,2,2286.133420056278,2277.208252445822,2
1220,1225,0.004608284988463276,5,2288.7504152892925,2301.5863798856985,5
1229,1230,0.0018089022325475106,1,2274.990650406367,2281.380876723318,1
1232,1233,-0.0018852307671592494,1,2297.3909738991047,2295.357252724815,1
1234,1235,-0.0011821654476735811,1,2297.9844064877175,2297.5657931295627,1
1236,1238,-0.004195118682544535,2,2294.4373454532592,2287.1063458248736,2
1240,1245,0.007537669331190422,5,2273.8593342824793,2293.272793384224,5
1247,1251,-0.005617795404546439,4,2301.648555822905,2291.020013698945,4
1254,1257,-0.0013058210373110475,3,2288.358350352303,2287.658522227859,3
1258,1263,0.021361630375269173,5,2294.152334653192,2345.4533211852677,5
1265,1266,0.0018983436343709419,1,2357.692109160583,2364.5255110769754,1
1267,1273,0.00459076769739781,6,2373.9505952342934,2387.2228015373476,6
1274,1276,0.0008905357472828196,2,2381.4514947634716,2385.953713944742,2
1278,1279,-0.0049753331321893204,1,2381.6877933964565,2372.2197910008367,1
1282,1283,-0.007843827917175882,1,2369.5985696442076,2353.3814448007765,1
1287,1288,0.00021343448207769545,1,2347.211375109493,2350.059562328776,1
1295,1299,-0.007352124808821789,4,2386.443014898514,2371.2840310187376,4
1301,1304,-0.02073332256028523,3,2370.5254458323648,2323.7471025723908,3
1307,1311,0.004362846824304837,4,2335.5381859228596,2348.0633194662787,4
1312,1314,0.0013610537029852504,2,2362.0521489913253,2367.6290809643456,2
1316,1317,-0.006183933846757748,1,2370.7406589915613,2358.45089624753,1
1320,1321,-0.0003928013625230963,1,2338.9573268492686,2340.377538551248,1
1323,1324,-0.0034720299585746044,1,2343.7696980971245,2337.975829187429,1
1326,1331,0.014408482505225678,5,2334.6321398871723,2370.6052783707614,5
1332,1335,0.012642957885011574,3,2385.6897015595614,2418.2375656846443,3
1336,1341,0.00018350331537470596,5,2428.799408029651,2431.6739001814344,5
1342,1344,-0.0012015175639333224,2,2437.3567693313403,2436.8655991327482,2
1345,1347,-0.007857795772556273,2,2436.2931307496424,2419.5855300168796,2
1348,1352,-0.0005444299387191637,4,2418.914030852834,2420.0160156661027,4
1356,1358,0.010174781902810914,2,2440.010594971846,2467.277181211204,2
1359,1361,-0.0019216227066387163,2,2469.302736265388,2467.0269707940806,2
1366,1369,0.0006746716370015068,3,2463.639572980581,2467.765360297246,3
1373,1376,-0.005717395454038538,3,2478.5639094012404,2466.871543282487,3
1378,1382,-0.00286793350879152,4,2452.2867723351715,2447.7060636999604,4
1385,1386,-0.0035235221254673334,1,2440.0303668158504,2433.8728961983784,1
1387,1388,-0.0020687335322874057,1,2420.322217704432,2417.7355381914313,1
1391,1392,-9.029577575655839e-05,1,2432.4075994895034,2434.620370957841,1
1396,1399,0.005476354041368132,3,2446.9096318890747,2462.756684972422,3
1401,1403,-0.00016295435505407987,2,2462.2414569916277,2464.302465480008,2
1406,1408,0.0027748706561974285,2,2460.037626654815,2469.323950504816,2
1409,1420,1.1195605871244753e-05,11,2461.8183526286925,2464.307732529324,11
1421,1422,0.0006911426872786815,1,2469.851931507984,2474.0288035406147,1
1426,1427,0.00046295557214686865,1,2489.6955723597116,2493.3378863702446,1
1428,1429,-0.0045788839262686665,1,2496.5247516312875,2487.5899793261424,1
1431,1433,0.004217762529094376,2,2507.887764827814,2520.9733276343068,2
1435,1436,-0.003203702294083415,1,2531.756712469888,2526.177474394557,1
1438,1441,0.004657724699545009,3,2514.7876500845123,2529.015626286506,3
1442,1444,-0.00418115505041607,2,2530.592606587348,2522.5423991363573,2
1451,1457,-0.009878303392865814,6,2493.767663682007,2471.62723777252,6
1459,1460,-0.0027715923714277018,1,2440.790548577044,2436.466462660932,1
1465,1474,0.009757456235679855,9,2406.5946614128943,2432.4834981600643,9
1475,1477,-0.011266381630335085,2,2419.214359672849,2394.3777818108606,2
1480,1483,-0.01072532174365955,3,2390.2798221287558,2367.0335818011763,3
1487,1490,0.0013965225924328336,3,2380.990734678428,2386.696832766458,3
1491,1494,-0.008905949662989767,3,2391.17679867458,2372.2722752689497,3
1495,1500,0.015690459286093913,5,2368.3129963483384,2407.8412279906174,5
1502,1503,-0.0003661014130346168,1,2418.429094722772,2419.9621335085926,1
1507,1510,0.0005502266362714533,3,2427.3650051489108,2431.127971035846,3
1511,1513,-0.005251498021710415,2,2427.5127744854613,2417.1922087270596,2
1516,1523,0.011379579228760362,7,2418.294094271903,2448.231557610385,7
1524,1526,-0.0035868527621808304,2,2454.094563650011,2447.74618234938,2
1529,1532,-0.003661066468087523,3,2433.9586247257057,2427.4816990447357,3
1533,1534,-0.0016135843304135476,1,2428.9491261236562,2427.458761000495,1
1540,1543,0.003903766777107332,3,2467.0435339867154,2479.141340106357,3
1545,1547,-0.003594115776988181,2,2487.1386995013304,2480.686773761396,2
1552,1553,-0.002094363109533108,1,2481.087265134978,2478.372054760482,1
1555,1560,-0.00531915606583019,5,2479.03545851908,2468.328117481009,5
1579,1582,-0.008935615878191062,3,2427.7460472115504,2408.480387131083,3
1583,1587,-0.003929456504457438,4,2413.5045783656956,2406.4343216800644,4
1594,1595,-0.006047621414851538,1,2396.7709981693592,2384.6730055525045,1
1597,1600,-0.005937154378523741,3,2365.498048458443,2353.819219411107,3
1604,1605,-0.002692765287418599,1,2359.4950651116487,2355.5009937695922,1
1607,1608,0.004042033434689949,1,2344.591565793525,2356.413074858948,1
1609,1612,0.0024040663291343333,3,2364.732315150597,2372.782020802017,3
1616,1620,0.0028624495039678765,4,2379.44788579174,2388.638383097934,4
1621,1624,-0.0025471927474040364,3,2391.3950212654167,2387.6950722323368,3
1625,1626,-0.004918163879854028,1,2381.423246233058,2372.0924396870228,1
1638,1640,-0.005879334719118787,2,2292.609407885827,2281.422999204551,2
1642,1644,-0.0299788876962461,2,2266.3053249945806,2200.630317496158,2
1645,1646,-0.01654828211307928,1,2155.7605087314455,2122.2421361734537,1
1647,1656,0.023436521948473284,9,2144.902857025769,2197.3168227688225,9
1657,1658,-0.004265800806860507,1,2197.092097338742,2189.9168321945062,1
1665,1672,-0.02618178340705679,7,2182.3100711757825,2127.355611636395,7
1673,1674,-0.002767504699071409,1,2125.233286522019,2121.4769267014685,1
1678,1681,0.006912795071419138,3,2069.3812643710066,2085.7558542406086,3
1682,1685,0.004960872716173405,3,2098.019207420117,2110.525232871635,3
1686,1693,0.01209612072852339,7,2111.8455140208403,2139.5024978324477,7
1694,1695,0.0018018314671917218,1,2140.5058490514134,2146.5031856949936,1
1700,1702,-0.004628705905303189,2,2159.9569831779327,2152.119134517874,2
1704,1709,0.01158795363165872,5,2153.9636819544953,2181.0776769072154,5
1710,1715,0.009843938126195668,5,2190.771425843695,2214.5280156341814,5
1717,1722,0.007341184189306298,5,2217.253240223484,2235.7477578945245,5
1734,1735,-0.004114659412618087,1,2251.208016615116,2244.1962703764043,1
1736,1739,4.22326388949245e-05,3,2244.503882953714,2246.8431781586546,3
1741,1743,0.003199060180745391,2,2253.4113713373595,2262.873581297581,2
1744,1745,-0.0035509751702302015,1,2266.4974693351605,2260.715690567497,1
1748,1750,-0.0022150371654303413,2,2252.7612839945505,2250.0240953096545,2
1753,1754,-0.0012579089498862,1,2251.788234812964,2251.2074784739575,1
1756,1757,-0.002482698232133409,1,2261.422172537388,2258.0691658800597,1
1758,1759,-0.0005252793637645512,1,2263.7550788910708,2264.829730142403,1
1760,1761,-0.007113926144557621,1,2261.6410037224578,2247.8134976601955,1
1767,1771,-0.004419571520854098,4,2228.9828157430393,2221.360649585851,4
1774,1775,-0.0017893478127645828,1,2239.9480760131446,2238.1799778986374,1
1776,1780,-0.01294782299017699,4,2238.7976400028842,2212.048882089304,4
1781,1786,-0.03033458286846219,5,2212.7135178295416,2147.8044897766044,5
1788,1789,-0.006972735758276372,1,2141.814704461566,2129.0222111886264,1
1791,1792,0.0018673472244425306,1,2110.06045735256,2116.110733348356,1
1794,1797,0.0012181082117504833,3,2125.7428931279906,2130.458020895308,3
1798,1802,0.011690557554156187,4,2135.6319123337744,2162.734272031739,4
1803,1807,0.0046533721516033855,4,2169.294694634029,2181.558524849294,4
1810,1811,-0.00018328021868922327,1,2202.387840410199,2204.18657412558,1
1813,1817,-0.004545238427144894,4,2198.4699526705917,2190.6758525134605,4
1820,1826,-0.038641192484868955,6,2180.6087727929403,2098.5280582420473,6
1833,1834,-0.004538716678516024,1,2135.545023455671,2127.9879346634466,1
1836,1839,-0.010867892446518125,3,2119.159311419725,2098.2476752575976,3
1842,1844,-0.00358716899539613,2,2088.361518258179,2082.958574086963,2
1855,1856,0.002036242412668322,1,2167.503626255995,2174.084692695646,1
1857,1858,0.0003222654454129012,1,2180.094455793426,2182.9771193600577,1
1864,1867,0.007052622262669376,3,2181.8256593330843,2199.395077210693,3
1868,1879,0.001859261128730626,11,2205.629648740672,2211.936119859692,11
1883,1885,0.003387988163228644,2,2261.0289912407197,2270.950359691001,2
1886,1892,0.010495951188687815,6,2283.018734662078,2309.264206598613,6
1894,1897,-0.005220144957213624,3,2321.3783353596195,2311.5817822838667,3
1898,1900,0.0007970809724247531,2,2322.676651988491,2326.8506900048747,2
1901,1905,-0.010010429109666943,4,2338.531808735404,2317.4606336520924,4
1908,1910,0.002501707735621164,2,2335.736185625117,2343.9152510946906,2
1912,1915,-0.004916876806759506,3,2322.3730639826667,2313.27661479171,3
1916,1920,0.0018228841713308409,4,2315.4114381184827,2321.9475764172657,4
1922,1923,-0.005133913052332682,1,2320.748651158541,2311.1548780183334,1
1924,1925,-0.008354883052171832,1,2313.8772356723466,2296.858939206894,1
1927,1931,0.0008725870918667082,4,2299.214668123413,2303.5201478323715,4
1933,1934,-4.228233747854851e-05,1,2310.135028750863,2312.3474858707073,1
1936,1948,-0.012719059064280315,12,2325.4394474599558,2298.187485224765,12
1950,1951,-0.005493690219982578,1,2292.4209806774556,2282.1195509365025,1
1952,1954,-0.0069453510648968125,2,2280.1102387910632,2266.5541829547847,2
1955,1964,0.054089595055766694,9,2256.762786184889,2381.0869342127385,9
1965,1971,0.018618895210042632,6,2382.5423828344783,2429.285232176793,6
1979,1982,-0.002413430329586964,3,2425.1925427826,2421.764702087543,3
1986,1990,-0.005984861918782182,4,2426.5742308624303,2414.478093385906,4
1991,1992,-0.005805036092186941,1,2408.7726296770593,2397.198390253589,1
1997,1998,-0.00013537390575686984,1,2377.2754073231026,2379.3308616734766,1
672,677,0.003223984441255116,5,1979.854740583722,1988.217616203893,5
678,685,0.0004023827892780771,7,1991.964318801595,1994.7578152791384,7
688,694,0.004335893304962813,6,2001.1837218227276,2011.861824646002,6
695,699,0.0014159265516878374,4,2013.9007053858268,2018.7661415724313,4
711,715,-0.0023924658525462735,4,2001.740134453322,1998.9527796704244,4
716,719,-0.00033485174969640223,3,1998.90348912102,2000.2330562793345,3
720,721,0.004411726801185863,1,2005.645970237529,2016.4999782883538,1
722,723,-0.0018520264809118846,1,2026.4045781028617,2024.678027741277,1
725,726,-0.0005330528805500112,1,2029.732887271604,2030.6806651965685,1
729,732,0.0012979558208615367,3,2041.7252261209942,2046.4170204889588,3
761,762,0.0009640299596820256,1,2067.3452159370627,2071.4055438781684,1
763,766,0.005128014432546238,3,2068.753226088586,2081.4305757154334,3
768,771,-0.0020176183806726988,3,2086.0112621825997,2083.8884987799124,3
774,776,-0.005118605597931627,2,2086.559442258662,2077.9657268593583,2
781,784,-0.0032154263781946613,3,2078.778564353309,2074.173183487415,3
785,786,-0.0042213437986728,1,2078.68534417741,2071.989184034552,1
787,789,-0.001495448301771508,2,2077.4055734340486,2076.3763263706,2
793,795,-0.0026373444340470143,2,2076.205432023201,2072.8059686151396,2
797,799,-0.0014658704506736561,2,2078.7615988991397,2077.7931652962175,2
802,804,-0.0018675991433068388,2,2075.210528596584,2073.4100777197923,2
805,806,-0.0009294674007778935,1,2076.6213466276927,2076.7678161288704,1
808,812,-0.00364915967721252,4,2090.9479956543432,2085.4087405371074,4
813,815,-0.00545069125375641,2,2089.8424198301286,2080.5411764504615,2
817,818,-2.6937038144635985e-05,1,2077.1128922785883,2079.134053901657,1
820,821,-0.0006187627672317305,1,2077.703104838694,2078.4952026208966,1
823,825,-0.005514890164315389,2,2076.4178675668413,2067.043068959555,2
830,833,-0.0018716332949619179,3,2064.474631130832,2062.6751663057344,3
838,841,-0.00023582737878623152,3,2070.285164408846,2071.8672196495922,3
843,846,-0.001308662133582151,3,2076.8612293852075,2076.2201809669914,3
851,868,-0.0029743393147382167,17,2072.279662429339,2068.1882792206725,17
870,871,0.003064477158882594,1,2083.3143237719346,2091.7819072556786,1
872,873,-0.0009442739976357554,1,2091.9927889544942,2092.1093673495975,1
876,881,0.020646207447020677,5,2125.357254234903,2171.363178259102,5
888,890,-0.007039192116439745,2,2176.033082021274,2162.891600187219,2
891,892,-0.002382092553813939,1,2170.7895382514985,2167.789306194784,1
893,894,-0.00190001329950055,1,2164.9464942308728,2162.998013593358,1
895,896,0.00023173877980244982,1,2166.077098823984,2168.7451399866477,1
900,902,-0.0029594224432891243,2,2167.651556481026,2163.4042113720266,2
904,907,-0.0038751786033268164,3,2169.7185019057497,2163.480173693828,3
911,912,-0.0014920801007733795,1,2164.700979731667,2163.6357734554163,1
915,916,-0.006023583109580553,1,2152.649659751535,2141.835645279963,1
922,925,-0.0019190324424792635,3,2154.632513311678,2152.652336130324,3
926,929,-0.004302574894863941,3,2158.9773418057825,2151.8471574381547,3
931,933,-0.0033303452403198246,2,2150.428706226513,2145.417464926311,2
935,936,-0.004869190599035488,1,2142.159729070032,2133.871304784682,1
938,940,-0.0031998495729129352,2,2140.058377438405,2135.3505709307883,2
941,943,-0.003340997769184974,2,2133.92243733561,2128.9269296701937,2
946,949,-0.002992528147645934,3,2114.0325263051773,2109.820256991475,3
951,953,-0.002712078716068908,2,2117.183303574579,2113.5585191025125,2
955,957,0.005067109417265164,2,2113.5307045915793,2126.353726633086,2
958,959,-0.0011256362745685029,1,2137.812003193777,2137.543416457968,1
960,962,-0.0027532386832370315,2,2137.9598726468876,2134.2115186949545,2
963,965,-0.000885092406146814,2,2140.6312991801824,2140.877273972098,2
970,971,-0.0012342112000799238,1,2152.0352689288657,2151.5312381659155,1
972,973,-0.0018897826492168205,1,2150.87025969649,2148.9564526586955,1
979,982,-0.004111767810652283,3,2131.02962505632,2124.3983556655235,3
984,985,-0.0024651563992282542,1,2122.2197141700885,2119.110330375304,1
988,989,-0.0015355603162576466,1,2129.62937486329,2128.488829881777,1
995,996,-0.003793853079072849,1,2143.1798993169114,2137.1921695561978,1
998,999,0.002451478288545645,1,2134.417404356962,2141.784299686794,1
1001,1006,-0.0015451008664992662,5,2145.0313435972785,2143.8620851532155,5
1007,1011,-0.003911887879014169,4,2149.1557324409823,2142.8976319135736,4
1012,1014,-0.006741183137818508,2,2142.424593836222,2130.1245418840417,2
1015,1016,-0.0008423010835873986,1,2133.13855324026,2133.474946878664,1
1018,1020,0.0008355594592397407,2,2139.4268725766988,2143.3539178100086,2
1022,1032,-0.002615379334517153,10,2148.227648298939,2144.7574457500386,10
1035,1038,-0.0015532019617296357,3,2153.1031615084025,2151.91206061565,3
1044,1050,-0.0025331751693070553,6,2141.896495788946,2138.6125932663767,6
1058,1059,-0.001573503508008449,1,2141.781016467213,2140.552697540883,1
1061,1063,-0.0007552843726628589,2,2146.663394885587,2147.188716964948,2
1064,1066,-0.0028379400830607616,2,2139.35688617043,2135.424876397365,2
1069,1072,0.0026949861202188474,3,2145.2359016018686,2153.1625184828827,3
1075,1076,-0.0024134337038970955,1,2155.8773785823387,2152.830188833981,1
1078,1079,-0.0030623613779310805,1,2151.8716499700927,2147.4337129889295,1
1084,1085,-8.393516648797796e-05,1,2184.531638990282,2186.5328116024552,1
1088,1090,-0.001407660260214091,2,2181.3816884956973,2180.492425868939,2
1091,1094,-0.012891537256931047,3,2180.4221508224564,2154.4935795801134,3
1095,1100,-0.006640115294449915,5,2152.4645661939176,2140.3244178733657,5
1101,1105,-6.679733852429416e-05,4,2147.1693056597264,2149.173049770407,4
1109,1113,-0.00557091409091553,4,2155.735111368488,2145.8814313716525,4
1118,1120,-0.006139110139757672,2,2131.9087163402514,2120.9526026390695,2
1121,1125,-0.0037413629258712913,4,2128.5333642565975,2122.6982818053443,4
1126,1132,0.0038777162628609472,6,2124.8149570107307,2135.179201482112,6
1133,1134,-0.001747272697449119,1,2139.705395490232,2138.1064520675977,1
1135,1142,0.0020524730021559668,7,2139.0584122469227,2145.587830300341,7
1149,1155,0.004289784957930502,6,2146.0440403157986,2157.3961517993175,6
1158,1160,-0.0014052372621810004,2,2159.5378882893497,2158.662763067923,2
1162,1164,-0.00022310540665622478,2,2166.5747187165384,2168.2579189015846,2
1165,1166,-0.002083149964358892,1,2165.663345483067,2163.317607307594,1
1169,1171,-0.002892757098419973,2,2166.938793967621,2162.8373051834974,2
1177,1179,-0.008509019036737632,2,2176.7809940300153,2160.4355041070353,2
1182,1187,0.020164108634711117,5,2167.6954175885166,2213.5727588933255,5
1189,1190,-0.001528537869685682,1,2206.32950110559,2205.163372411251,1
1195,1197,0.0001012600524562268,2,2213.036262779292,2215.473391210128,2
1198,1201,-0.0009446481156295927,3,2225.0144424126634,2225.1376011548023,3
1203,1206,0.0005169923812922588,3,2226.648640016136,2230.0264490388554,3
1211,1212,-0.0026966088082334572,1,2258.676389981096,2254.844299722905,1
1215,1216,0.002007292473547762,1,2276.730225331927,2283.5770190028666,1
1217,1218,-0.0033091262609689165,1,2286.832955775447,2281.5523697428166,1
1220,1222,0.0019655311045126355,2,2287.7245826569,2294.5089010653273,2
1226,1231,0.00010169203964877278,5,2290.7576163194944,2293.2813257501584,5
1232,1233,-0.0016555831082775215,1,2296.5093541083825,2295.0038013678277,1
1236,1238,-0.004149772266395098,2,2295.1782708493774,2287.9489819854234,2
1239,1241,-0.004053927905079769,2,2283.2753681534177,2276.3024097916327,2
1247,1249,-0.004028550489165524,2,2301.997203484528,2295.0254887278575,2
1256,1259,0.003497126674756083,3,2290.8763281658266,2301.1786892097884,3
1262,1264,0.004847379372813083,2,2333.4567728822994,2347.1013798834024,2
1267,1268,-0.0021268505792481317,1,2375.386511025122,2372.7098053592354,1
1275,1278,-0.0014556476009349674,3,2382.376978479051,2381.2914541242844,3
1283,1284,-0.008760509971608486,1,2359.012862282872,2340.705719441973,1
1286,1288,0.001397496533601137,2,2340.1601573580524,2345.77068322339,2
1289,1290,0.000243398481737463,1,2352.1560595278743,2355.080726801101,1
1292,1295,0.004079801359243518,3,2372.296756566027,2384.34755285456,3
1297,1307,-0.02283121210394916,10,2385.617178450639,2333.5362638290585,10
1308,1309,-0.0014733496876620025,1,2342.25213288381,2341.143428568284,1
1310,1312,0.005958203238644323,2,2346.3692847315037,2362.695799087578,2
1314,1315,-0.0018584173792647245,1,2372.7237486067447,2370.6869613047465,1
1316,1319,-0.014653080164850209,3,2363.2046037486457,2330.9395818477224,3
1320,1325,0.00027202478888859903,5,2331.009568360879,2333.9746703149704,5
1330,1331,0.002019564818988944,1,2362.735027787532,2369.869459354032,1
1334,1336,0.004532598041687496,2,2412.2834191703173,2425.629613691214,2
1337,1339,-0.001435173307592312,2,2430.340945618912,2429.28332611103,2
1340,1341,-0.0016394710712337355,1,2435.0974850958373,2433.5403106984845,1
1342,1343,-0.0029421430240780698,1,2438.0253257093295,2433.2903318304775,1
1348,1349,-0.0016126305954468738,1,2421.3321298148544,2419.8487476703913,1
1351,1352,-0.001731054591212735,1,2423.6130895772053,2421.8412961007466,1
1353,1354,0.0023725187697764437,1,2416.2177305498903,2424.3664701980365,1
1356,1359,0.010655478368211197,3,2441.0575840903966,2469.50927795732,3
1360,1364,-0.006261160302817438,4,2467.2555424693833,2454.274915552437,4
1365,1368,0.0036025461996991148,3,2453.9992212225616,2465.293866012264,3
1378,1390,-0.009826162984288834,12,2453.723079372014,2432.0661195551656,12
1392,1395,-0.002357739202878772,3,2444.8039491975883,2441.48454303241,3
1401,1407,-0.0015402222488848567,6,2463.9852758288907,2462.6541761619633,6
1408,1410,-0.006964726304696335,2,2471.3963425490724,2456.6551397753396,2
1411,1413,-0.005108912515520933,2,2453.4441692073055,2443.363181754318,2
1414,1415,-0.0012313562209831591,1,2453.789400837707,2453.2217013948407,1
1418,1419,-0.00041574062453159154,1,2461.6766701152887,2463.1149277891755,1
1423,1428,0.0031804951273570444,5,2481.5244816535974,2491.8984826575675,5
1429,1432,0.005283165866221197,3,2497.5575340150854,2513.2501022617325,3
1435,1439,-0.007258145744079015,4,2526.11777823266,2510.308965009771,4
1440,1441,0.00241547410143186,1,2515.289835453054,2523.8807427436386,1
1447,1448,-0.0007790718429787271,1,2507.953732812467,2508.507810408552,1
1451,1453,0.002302465442900137,2,2490.549780830974,2498.774735415991,2
1456,1458,-0.014833009209861543,2,2489.921161378099,2455.4780590209266,2
1459,1461,-0.0015071024923233541,2,2437.0556936164344,2435.8198566002707,2
1462,1463,-0.004216131219975069,1,2431.3249049105348,2423.505444977949,1
1464,1466,-0.0034051854604865437,2,2413.575863494509,2407.770765919851,2
1467,1471,0.004154960656871561,4,2412.9040040256605,2425.3424292352206,4
1473,1474,-0.005991256752642864,1,2442.0367413217546,2429.8479089464304,1
1482,1484,-0.0066389803921186406,2,2374.801582844361,2361.410123283529,2
1486,1487,-0.001076056321357758,1,2376.918293358285,2376.7375136967244,1
1489,1490,-0.00037717032836915264,1,2385.9345453846868,2387.4205762141214,1
1493,1497,0.003086837410411513,4,2390.0949390068827,2399.862868418051,4
1498,1503,0.0037297012701019306,5,2409.8314325572815,2421.229215344579,5
1504,1507,0.000449014559784786,3,2419.0714291138074,2422.5766988357527,3
1508,1509,-0.0007263464285142244,1,2426.70041549793,2427.364490733557,1
1513,1514,-0.0017527341904942989,1,2421.9937284260973,2420.170610937548,1
1515,1517,-0.004173711385547319,2,2426.440393531521,2418.739572028218,2
1519,1521,-0.00022127705873065215,2,2434.879982508146,2436.7760794097626,2
1523,1524,-0.003578057985257894,1,2453.937925770224,2447.611531505365,1
1527,1529,-0.007087556275107003,2,2445.999149008453,2431.1089915400003,2
1530,1532,-0.004058825914307004,2,2434.114861812551,2426.669328194839,2
1536,1537,-0.0021130190647295744,1,2456.1874456385394,2453.4536621849943,1
1541,1543,-0.0019322298481342687,2,2481.7543405682354,2479.440775096221,2
1547,1550,-0.002106332559493531,3,2486.753323529921,2484.002147360671,3
1553,1555,-0.00321090415646913,2,2484.2204835784764,2478.728110185747,2
1557,1561,-0.002192279941404594,4,2480.663214563396,2477.705569571292,4
1562,1564,-0.00383770043213261,2,2469.6921359143057,2462.683889472987,2
1565,1569,-0.0015603367056778005,4,2469.0968228508186,2467.713297271103,4
1572,1574,-0.0069953060612817615,2,2459.3822958535484,2444.6375462682086,2
1575,1579,-0.009808479273790072,4,2440.1224022062506,2418.628634600906,4
1580,1581,-0.004344973000456382,1,2417.9570274854877,2409.869026512285,1
1582,1590,-0.0026805274531686886,8,2409.599245029356,2405.5498473469497,8
1591,1594,-0.007712415889186531,3,2411.1323627067277,2394.947839524363,3
1596,1598,-0.010770548028636015,2,2373.9406100400697,2350.7459092925437,2
1601,1604,-0.0013880550711810491,3,2355.6506333597813,2354.736511185575,3
1605,1607,-0.00815884264413313,2,2360.847142633567,2343.946209432602,2
1608,1609,0.0025731542698836487,1,2354.8405480836564,2363.2547566429366,1
1611,1613,-0.0006567137459028984,2,2369.6118935599793,2370.4253487505835,2
1615,1616,-0.0004966110301813563,1,2379.097039413832,2380.2946506216012,1
1617,1619,0.0014478850908819386,2,2386.7640433085217,2392.6065674255897,2
1624,1626,-0.00781613314814562,2,2387.6629175456915,2371.38828918681,2
1629,1631,-0.014813065645485141,2,2355.4910902861648,2322.9545372286866,2
1639,1644,-0.03706091682234819,5,2285.884031214616,2203.4529572994516,5
1645,1646,-0.014661469627804253,1,2152.9365184691674,2123.52424161151,1
1654,1656,0.006230510600447738,2,2178.467882863275,2194.219317983053,2
1659,1663,0.003646933436878024,4,2193.455749064801,2203.6485919274423,4
1666,1668,-0.017218400709577756,2,2168.902773798424,2133.7266395128463,2
1671,1673,0.002037685393478642,2,2118.488825087145,2124.92412764736,2
1674,1677,-0.01744324735990102,3,2128.3374559300473,2093.340676676847,3
1680,1686,0.014550458164489358,6,2078.449394597454,2110.77023495515,6
1687,1688,0.002840544340695913,1,2121.1086577081905,2129.254869559553,1
1689,1691,-0.0033151588461783027,2,2136.924505254252,2131.9771855822974,2
1692,1696,0.006902760268130034,4,2136.5542392916445,2153.4389152446233,4
1699,1701,-0.003670271202376313,2,2163.1745606348118,2157.3982978998356,2
1704,1705,-0.00478822620014843,1,2155.738088586079,2147.571665078239,1
1710,1711,-0.0021269654091462505,1,2192.5800582957254,2190.1090964132422,1
1716,1718,-0.004822761969595085,2,2220.920298015097,2212.4302483623433,2
1720,1723,0.004164278252647525,3,2222.8882940022286,2234.367907677009,3
1726,1727,-0.0038217454917044377,1,2235.5836675045007,2229.275419369392,1
1730,1732,0.0030768361611747614,2,2250.1079056121043,2259.281226888249,2
1733,1735,-0.00856294635641118,2,2260.335004769438,2243.2402123808483,2
1736,1739,0.0006742136070170168,3,2243.0831714620454,2246.838571829378,3
1741,1742,0.0014947074086224662,1,2257.8232734004023,2263.4558818479145,1
1743,1745,-0.003230681950472732,2,2264.058150846095,2259.007757194182,2
1747,1749,-0.0069153882310191575,2,2262.0879512535457,2248.7068228091703,2
1751,1755,0.004369380832798897,4,2248.593564284608,2260.6671194694327,4
1756,1759,-9.692939114429408e-05,3,2259.4963179645124,2261.536802680084,3
1762,1763,-0.004331593158969742,1,2246.614306696988,2239.129501841953,1
1764,1765,-0.001966673188606989,1,2237.102999986201,2234.9404524959623,1
1768,1771,-0.0013468862791378544,3,2222.084557991828,2221.3137473475767,3
1774,1775,0.0014935651272118588,1,2236.0194184639467,2241.595078509597,1
1776,1780,-0.01372338655813668,4,2244.186825559264,2215.633169068996,4
1781,1782,-0.0003606543712241188,1,2211.1641980852532,2212.577896249805,1
1787,1788,-0.002610438197640564,1,2143.7921979159164,2140.339753072589,1
1795,1804,0.020136491797448208,9,2121.6289391117098,2166.472731780473,9
1807,1816,0.003009325279541633,9,2182.9875645402326,2191.739871767669,9
1817,1819,-0.0037619304514705993,2,2190.232809338562,2184.18353864664,2
1820,1823,-0.014679898490124098,3,2184.9017690937785,2155.012534681683,3
1826,1831,0.0015901470683896443,5,2103.0651280067837,2108.512375982723,5
1832,1834,0.002793386327669997,2,2124.4919621094105,2132.550980871721,2
1835,1836,-0.005419867858302964,1,2128.4564731353053,2119.0489767818976,1
1838,1843,-0.014856557255402789,5,2109.8986141151718,2080.66268316559,5
1844,1850,0.025373631148262975,6,2084.5489109149803,2139.5260350019653,6
1852,1854,0.00032132489297501685,2,2150.664453216279,2153.5061796947502,2
1857,1867,0.003192313209732251,10,2187.4119066782036,2196.5822225096963,10
1870,1872,-0.010514178353227401,2,2207.448857279898,2186.4467951461093,2
1874,1884,0.04088322619865471,10,2171.2710704498004,2262.2109078320445,10
1891,1898,0.008722936350333027,7,2303.7759530373173,2326.175419994127,7
1904,1909,0.0018019427053085056,5,2327.606406508242,2334.128226299787,5
1911,1912,-0.009827581407754526,1,2342.164755000222,2321.4891049550843,1
1926,1932,0.003478143408633968,6,2293.468149866376,2303.738629144612,6
1934,1938,-0.003302655766346818,4,2308.6655819871235,2303.3495198721944,4
1945,1946,-0.0013266620143996628,1,2300.9961366076195,2300.2444885745094,1
1948,1952,-0.011254211645832578,4,2300.67616031731,2277.084540040895,4
1954,1957,0.003504335166024033,3,2268.2591139943597,2278.476113287179,3
1959,1960,0.008545797313849149,1,2329.699304057635,2351.9381414163845,1
1964,1966,-0.0009263943487208885,2,2382.8573456781405,2383.0327374449744,2
1971,1973,0.0012027234335130928,2,2429.4690938355047,2434.820542339492,2
1976,1979,-0.008041201015421683,3,2440.5697313408923,2423.3851892703674,3
1980,1981,-0.0055375563005309715,1,2427.2902708188426,2416.276304557271,1
1982,1984,-0.0057856922368821895,2,2422.2250508200686,2410.6330271983775,2
1985,1992,-0.008210645050414852,7,2416.4667326680114,2399.0424487826067,7
1996,2000,-0.008228631620697669,4,2388.507061578919,2371.24142390733,4
673,678,0.004816651873074295,5,1980.456538086319,1991.976164318121,5
679,682,-0.0035814184478134728,3,1992.1101312198473,1986.9676613770403,3
683,684,-0.004431469219151702,1,1995.824332879781,1988.97572311467,1
692,693,0.0006595814749252508,1,2014.9319575364495,2018.275901286412,1
695,697,-0.0012682379707481272,2,2018.3854068163025,2017.8439992105905,2
698,701,0.0027942370763835793,3,2016.9081988088662,2024.5608266764489,3
704,705,-0.0006258286872449933,1,2025.519151907007,2026.2770430670864,1
710,713,-0.008152554657295967,3,2006.8977939014703,1992.5433477389834,3
714,715,-0.0031150406475081256,1,1997.8825443182811,1993.656941528101,1
717,718,-0.002261329733357639,1,1999.321272691115,1996.7994693233352,1
721,727,0.008499151644890839,6,2014.586226707222,2033.7230867764224,6
733,737,0.00949464725133959,4,2046.8065659938477,2068.287078895679,4
739,740,-0.004639033316639558,1,2069.965819466098,2062.4331448847556,1
743,744,0.0008927750766166641,1,2062.575382055888,2066.4793733326865,1
745,749,-0.006083933736788711,4,2071.7262230117126,2061.1937041731535,4
753,754,-0.005018174151397513,1,2063.9417275737023,2055.648450273975,1
755,758,-0.004015008211479396,3,2056.718022192908,2050.5170004672987,3
760,762,0.0029838782882179076,2,2062.7866500365535,2071.00454098486,2
765,767,0.0015283619620455186,2,2080.613172977956,2085.873716182244,2
768,771,-0.000870227052319675,3,2089.3230501722755,2089.594187783153,3
772,778,-0.006868252403952759,6,2094.0808488997423,2081.792253924115,6
780,782,0.0010086696199456033,2,2073.9754032896444,2078.1413346747468,2
787,789,-0.00017767658802267893,2,2075.004392482605,2076.710717174499,2
793,796,-0.0033562776113589183,3,2076.666422221797,2071.773219624855,3
797,800,-0.0012298577617850138,3,2073.799180307304,2073.322501469327,3
803,806,0.00048186659082463364,3,2071.5501756304307,2074.6199366269143,3
807,811,0.0016673997064011914,4,2081.38067701088,2086.932551217648,4
812,819,-0.0035805177610120443,7,2086.3885684502484,2081.00460569299,7
820,822,-0.0009981481687025885,2,2078.2470989660183,2078.25094752904,2
824,828,-0.004764520145079332,4,2071.3539636836226,2063.5563099597457,4
829,834,0.0008466309855064344,5,2060.9853024224676,2064.7911817425943,5
837,840,0.0018127814009210653,3,2071.7954935094913,2077.623001340147,3
843,844,-0.0032862731878257707,1,2080.382115856071,2075.625794004157,1
845,848,-0.002876591559485921,3,2080.6765178727983,2076.7719378813376,3
849,850,-0.00541162275985322,1,2079.990941267714,2070.8148058909287,1
852,853,-0.0017891522822555783,1,2076.6864358438606,2075.0476140034853,1
855,856,-0.00037581158559839723,1,2072.96589766582,2074.259818962593,1
857,860,-0.0039052070251019296,3,2074.305657661729,2068.2793702928816,3
861,868,-0.0023910590952335854,7,2068.0079362687607,2065.1312150199988,7
869,872,0.005619324409862631,3,2075.425895443313,2089.163812733882,3
873,878,0.016357066075697414,5,2095.415654085529,2131.785922049542,5
880,881,0.0027905972617815297,1,2162.7885751519707,2170.986835602754,1
882,883,0.0007459331001055075,1,2175.3979328365826,2179.196032093423,1
886,892,-0.0037978729466553065,6,2173.844364717267,2167.7622243789856,6
899,904,0.00041250203646749973,5,2164.7388471658332,2167.7965451958753,5
907,908,-0.0027752308407046917,1,2165.2972627625945,2161.453360282445,1
909,911,-0.0022167668747317933,2,2165.110056335595,2162.475622138897,2
912,913,-0.003201478940238721,1,2165.0853875382027,2160.3189976537187,1
919,922,0.0012066761272681828,3,2150.2247928665456,2154.9696425852244,3
930,934,-0.006358283350172162,4,2154.9195925320414,2143.372922758417,4
936,938,-0.00265157566135599,2,2140.3845910131326,2136.849583916674,2
942,950,-0.010898016190496105,8,2135.3668617813473,2114.2309660107867,8
955,960,0.009612306003106922,5,2118.45429478046,2140.935980010266,5
963,964,-0.002356986435533081,1,2138.8393805539695,2135.9370045267738,1
965,968,0.003715858077131486,3,2139.04936021471,2149.1368134174613,3
971,974,-0.0002802038100008598,3,2149.2438489252945,2150.79086645913,3
979,984,-0.004392305789804405,5,2128.1768665485465,2120.957439842426,5
986,988,-0.001317194372100119,2,2125.3094469484645,2124.635310752921,2
994,995,-0.0009552773585168397,1,2140.2705890615666,2140.366307615798,1
997,1005,0.0007425388711691937,8,2138.20500113355,2141.9309064625536,8
1006,1009,-0.004015920573138926,3,2145.249851353995,2138.779948192773,3
1012,1014,-0.005222098804787784,2,2143.229998331188,2134.1810695168488,2
1019,1027,-0.0028019913448026853,8,2140.619147746357,2136.7617705695993,8
1030,1031,-0.0006677159823847497,1,2143.7360591892498,2144.448388419704,1
1032,1033,-0.0006510429309074868,1,2150.267968331521,2151.0183195395134,1
1036,1037,-0.003882800191949873,1,2156.946251942785,2150.7282068736586,1
1039,1040,-0.0029530794922243207,1,2145.3008355090237,2141.1108924425394,1
1044,1045,-0.004045884510600666,1,2144.9181126187013,2138.384939762969,1
1050,1054,-0.00029845409329616753,4,2141.1840204662817,2142.6861593513395,4
1055,1057,-0.0034147188243385507,2,2147.0949442452443,2141.910313665733,2
1063,1068,-0.0030333882556618417,5,2145.3264808224617,2140.964199151797,5
1070,1071,-0.0019229206043648635,1,2152.6544170790025,2150.6676879634033,1
1074,1076,-0.0018596551541220506,2,2156.2580694091507,2154.404431046166,2
1077,1078,-0.003572482860038537,1,2153.927037218813,2148.386096833794,1
1081,1083,0.0069005364040445214,2,2159.094509201315,2176.1525139710325,2
1085,1086,-0.00017969188190824115,1,2188.295952278717,2190.0910292131584,1
1089,1090,-0.0029424286390793706,1,2188.2202405425496,2183.9697788787066,1
1092,1097,-0.01864934655029835,5,2180.494404183017,2142.010102792605,5
1098,1111,0.005881947358810961,13,2135.0701366272656,2149.7635769149038,13
1114,1118,-0.005616647080075031,4,2138.276147491047,2128.4044811583385,4
1123,1125,-0.0024610230036451715,2,2129.2887312848407,2126.177791467031,2
1127,1128,0.0008093723415693982,1,2120.9373291492043,2124.774894490769,1
1132,1138,0.0030179244280952736,6,2138.557454300424,2147.150016536943,6
1149,1152,-0.0004376471161950438,3,2149.431310197564,2150.6400490933943,3
1153,1155,-0.002369634533210019,2,2160.065036492426,2157.1065368244663,2
1158,1160,-0.0002388683110548102,2,2162.943639164412,2164.5899241095826,2
1163,1166,-0.0038439105276617458,3,2170.069478705606,2163.8979952693576,3
1167,1168,-0.0007721100567384833,1,2163.8049514595077,2164.298060847125,1
1169,1170,-0.002430624523695022,1,2165.9647839614745,2162.8661016240794,1
1173,1175,0.0005839507367882862,2,2163.202203894372,2166.6286096190524,2
1176,1177,-0.0018369071570708106,1,2178.94700320383,2177.1234268619705,1
1178,1181,-0.0046512208419784914,3,2169.046349068115,2161.12668183118,3
1184,1190,0.011024866877214705,6,2179.0079675082648,2205.210248241942,6
1191,1193,-0.0007268879732276648,2,2213.8799888243148,2214.4846260750933,2
1195,1197,0.0017869316700403004,2,2210.3762144984335,2216.536381973323,2
1199,1200,-0.0006238791125819155,1,2226.5340247381246,2227.3714706913756,1
1202,1203,-0.0008693329826496231,1,2224.469952517727,2224.760617371608,1
1204,1212,0.009894665023628055,8,2228.2206287906015,2252.496346140013,8
1216,1220,-0.0012083927901647281,4,2288.818706614337,2288.3417332978843,4
1221,1225,0.0005886379550136159,4,2295.042042116348,2298.688033012806,4
1231,1232,-0.0010206505256347765,1,2294.5389174777224,2294.491534042987,1
1236,1243,-0.0048151621519601,7,2293.769386356923,2285.0182842087693,7
1246,1248,-0.003709868057914801,2,2297.896635663547,2291.6696389701724,2
1249,1262,0.016154396128432266,13,2295.462342871462,2334.8396131989784,13
1263,1266,0.008217309988245464,3,2347.128078280066,2368.762285359688,3
1267,1269,0.0007867922192681066,2,2373.581362129362,2377.8224588390144,2
1275,1276,-0.004261480595890247,1,2388.578251796523,2380.7879501765233,1
1278,1279,-0.001610474352209896,1,2379.710639025129,2378.257886714323,1
1280,1281,-0.004957621130741913,1,2380.6377069678188,2371.216044874082,1
1289,1290,0.0012762404530975774,1,2352.0329096261103,2357.386702082018,1
1291,1293,0.004881696693048602,2,2363.8281596991883,2377.731479969026,2
1294,1295,-0.0012542622356075694,1,2383.3196144097974,2382.71362623647,1
1296,1298,-0.004621923407305116,2,2387.48463749092,2378.83735099781,2
1299,1303,-0.011245045649136472,4,2370.7472984198907,2346.458884125012,4
1305,1308,0.003070962244366814,3,2327.262692323468,2336.7368908766402,3
1309,1310,0.0013477512281517457,1,2342.6464326694527,2348.1463837088777,1
1312,1314,0.0022710382034229273,2,2363.8540755232643,2371.586332511618,2
1316,1318,-0.013381864404765575,2,2365.8830272880714,2336.588984446654,2
1323,1324,-0.0011429183434682527,1,2338.742160525821,2338.4079113704393,1
1332,1335,0.011122992723482609,3,2392.241781037512,2421.2429107418407,3
1342,1343,-0.0008036356763568796,1,2435.2898494275228,2435.7680534716806,1
1346,1347,-0.003397268654326374,1,2426.8667531981723,2421.0489016025035,1
1348,1351,-0.0010299671193498981,3,2421.34530620855,2421.2727454647716,3
1354,1355,0.0008664960747545988,1,2423.196235136823,2427.719121398066,1
1360,1362,-0.005325836615963541,2,2473.7068571771883,2463.006005477251,2
1369,1371,-0.0036264342267784307,2,2473.174958808256,2466.679327447631,2
1372,1375,-0.0031589646619833243,3,2475.0159820047866,2469.6725099617943,3
1377,1383,-0.00703747729543371,6,2457.9442929588,2443.1045100966203,6
1385,1390,-0.005941667766457037,5,2441.732587175716,2429.666355955362,5
1396,1397,0.0024452672808589846,1,2441.5192889961086,2449.930975518073,1
1406,1407,-0.001487030416285627,1,2462.278430525292,2461.0792260362623,1
1408,1409,-0.006190819731891797,1,2473.0223724442203,2460.185359115927,1
1412,1417,0.00027786147275618025,5,2449.776518048546,2452.9069930778232,5
1418,1422,0.0035364204266063433,4,2463.9650936532144,2475.142675234508,4
1423,1430,0.006837293221102794,7,2479.1103275774676,2498.5398421421564,7
1431,1435,0.008076622755097303,4,2505.3928125826596,2528.1333179958046,4
1436,1437,-0.006441429207932111,1,2530.9300340195664,2517.1581574092197,1
1444,1445,-0.006665558298749964,1,2525.4880448948506,2511.179745143703,1
1446,1447,-0.0024419388426915314,1,2506.945506209978,2503.3306441080626,1
1449,1452,-0.005252494307734617,3,2504.507786601355,2493.8573814951556,3
1454,1461,-0.025096155946268548,7,2496.1609114885778,2436.013028898369,7
1464,1467,0.0007321056093537719,3,2410.481228744697,2414.6564368022478,3
1470,1472,0.0012233731776059215,2,2426.8884529488964,2432.2843316402245,2
1473,1475,-0.008689146109288086,2,2439.9965513599477,2421.235061370382,2
1477,1479,-0.0028680526307274887,2,2391.8966044606004,2387.4284157162097,2
1480,1481,-0.0028506560326398336,1,2392.638950339882,2388.2109986325063,1
1486,1488,0.001096836346574045,2,2372.5092016930107,2377.483965219702,2
1490,1493,-0.001984827156303521,3,2385.646434940092,2383.2969855456245,3
1496,1500,0.00788054031924175,4,2382.965563374101,2404.127585139009,4
1503,1505,-0.004125694481781454,2,2423.4870713643495,2415.9119911987173,2
1511,1512,-0.005526981240738862,1,2427.0905060510595,2416.103112860591,1
1517,1520,0.00523613087219684,3,2419.7261079755976,2434.815836659805,3
1521,1522,0.0006902648801093091,1,2444.1322749630067,2448.2635059097183,1
1524,1525,-0.0006971196990010454,1,2446.0947783901483,2446.835652312899,1
1527,1529,-0.005575894715573231,2,2446.119842587334,2434.92665572598,2
1530,1531,-0.0026229204458734813,1,2431.5864071163296,2427.6401358203125,1
1535,1541,0.01747140425681373,6,2434.025168260141,2478.985031114333,6
1542,1548,-0.0037271848315598767,6,2482.3220149577915,2475.5522640115514,6
1549,1550,-0.00010159050335111235,1,2474.75652883971,2476.9798736071134,1
1551,1552,-0.0023800828321543822,1,2485.6871134783405,2482.2566593669217,1
1553,1557,-0.003150949259871898,4,2481.0061482955552,2475.6696299571413,4
1559,1567,-0.006313362842781305,8,2474.7255958215455,2461.5764807946275,8
1568,1577,-0.01536445798361288,9,2466.940308531105,2431.504048121129,9
1578,1587,-0.008657700043412167,9,2423.9457387880075,2405.383889398862,9
1590,1593,-0.004326973058699295,3,2409.3079997353216,2401.2922969300935,3
1594,1600,-0.01819743140264241,6,2393.9336032144715,2352.76409429071,6
1605,1608,-0.002792480911157987,3,2360.04474257644,2355.814407425893,3
1612,1613,-0.0023367951923012227,1,2378.1003244622457,2374.9212913816946,1
1615,1616,-0.0012825214870735599,1,2380.49532089021,2379.8227798121807,1
1617,1619,0.0014392684562119238,2,2385.3928319505194,2391.2114454411703,2
1620,1621,-0.001277914052624124,1,2392.6492864765505,2391.9843356168376,1
1622,1623,-0.002934696688339446,1,2390.454390194551,2385.829586002215,1
1624,1628,-0.011488148422218701,4,2389.7080009796646,2364.6443887796263,4
1633,1636,-0.005220633988954583,3,2293.6949521193105,2284.014105244102,3
1638,1641,-0.00840570556064376,3,2293.7543240967548,2276.7674549440408,3
1644,1646,-0.03871013883924031,2,2206.2578321932474,2123.0595430260787,2
1648,1650,0.0068243674580813546,2,2148.1014616175244,2164.9089967904615,2
1653,1656,0.006685124829019377,3,2174.790626071254,2191.5041635095927,3
1659,1667,-0.025816767554496682,8,2196.5470870922804,2142.0358886094045,8
1669,1671,0.0012477925525997539,2,2117.3631037036193,2122.122496719274,2
1676,1677,-0.0073980514969084156,1,2107.7556735008216,2094.2701441588624,1
1678,1679,-0.005097989828100798,1,2072.1402496612786,2063.6486399957685,1
1681,1684,0.008364024364257004,3,2087.4047653012226,2106.9512743815694,3
1685,1686,-0.0010962677383107987,1,2110.1472602351396,2109.944121130894,1
1687,1704,0.0147494987365798,17,2119.3500281496563,2152.7287287403697,17
1707,1708,0.0008655420723986354,1,2171.1660575683777,2175.2164591949354,1
1709,1710,0.0017557699267408914,1,2184.894658995874,2190.9157259902317,1
1721,1722,0.0020053377749544095,1,2227.6277442800647,2234.322518088486,1
1725,1728,-0.008452603755953221,3,2237.449668499817,2220.774842696599,3
1732,1735,-0.00852930905225079,3,2262.210530224743,2245.1776480014246,3
1739,1742,0.003969601477407309,3,2255.2015133747127,2266.408966147431,3
1744,1745,-0.002192168627949736,1,2262.726807798874,2260.029255884995,1
1750,1753,-0.0015101310711214005,3,2250.1070183290767,2248.9591688256787,3
1759,1762,-0.0055235948935808315,3,2259.0184775258754,2248.7995930764346,3
1765,1767,-0.00888511898909592,2,2239.7250275354736,2222.0645291905003,2
1771,1773,0.002325640090184479,2,2225.2027732427737,2232.6029967942595,2
1778,1781,-0.008502584275215459,3,2231.3157890359184,2214.5751542840576,3
1782,1791,-0.0483873312595404,9,2214.515424993804,2109.575448970261,9
1793,1795,-0.004789679922203546,2,2123.673777125953,2115.625733251469,2
1796,1797,0.003428818796083287,1,2121.550489064833,2130.946451747643,1
1798,1802,0.012674001937424757,4,2135.947172025283,2165.154117793794,4
1806,1808,0.004768917975885795,2,2171.9069451950577,2184.4364982131447,2
1809,1815,0.0009035039262066348,6,2194.7382532772376,2198.9159461593467,6
1818,1820,-0.00640316361003728,2,2189.061344865092,2177.2334882663777,2
1822,1826,-0.030300540635646037,4,2160.844035168364,2097.53013670862,4
1829,1837,-0.0034058433543405144,8,2117.7155917774635,2112.6206997946024,8
1842,1845,0.006335360988906585,3,2082.4063739073995,2097.6815763856102,3
1846,1850,0.008405514993075895,4,2121.649542570188,2141.6047491528843,4
1851,1853,-0.0006889211463395023,2,2150.1745733502594,2150.843447191707,2
1854,1855,0.0050992831251854085,1,2150.8265994481167,2163.9450998313305,1
1859,1866,0.0005064580532461733,7,2180.6304954799634,2183.9155238510334,7
1867,1878,-0.002976431079879401,11,2201.661515664704,2197.31008341777,11
1882,1892,0.02278422900635773,10,2257.072660513539,2310.7553935551823,10
1893,1896,-0.0028682608766125092,3,2316.8919077924447,2312.563349285776,3
1899,1903,0.003001468793173598,4,2318.4833758506925,2327.760714726651,4
1905,1907,-0.0015436995805099812,2,2322.234033693375,2320.9714360234098,2
1909,1921,-0.005876523141852095,12,2334.8211275711824,2323.4353183104963,12
1922,1926,-0.012620277984663402,4,2318.85979908905,2291.9140036161743,4
1928,1931,-0.001273046574948609,3,2308.103134745007,2307.472915089437,3
1932,1938,-0.0018608451848122045,6,2303.823156440031,2301.839921369151,6
1940,1946,-8.383693205515116e-05,6,2296.3917812754867,2298.4956506150234,6
1950,1953,-0.007978049686150639,3,2287.630071468277,2271.666875166039,3
1956,1962,0.043725065752503504,6,2261.914819960344,2363.0791090096327,6
1963,1970,0.021464870488986397,7,2375.4514181532063,2428.815626614897,7
1971,1975,0.005019200741422607,4,2428.71548264865,2443.334408682513,4
1976,1979,-0.006285770320701291,3,2437.9465403360955,2425.0601148697306,3
1981,1982,-0.0009807750547054933,1,2420.930603559532,2420.977145817947,1
1985,1994,-0.011214892303422364,9,2416.8044966530833,2392.117099001345,9
1997,1998,0.0023211762787478003,1,2374.9777996029316,2382.8655195335255,1
1999,2000,-0.0035284688381138902,1,2377.3569018815388,2371.3458290380563,1
673,678,0.00433964064108796,5,1979.37012950231,1989.939254689556,5
683,686,0.0011548985251789968,3,1991.4201278218618,1995.711436118317,3
687,694,0.0056606421166430524,7,2002.1275661980478,2015.4630213883586,7
695,697,0.00020190842781000942,2,2012.2024093466234,2014.6208923808767,2
699,701,-0.001012613790003198,2,2022.8965099548245,2022.8709935630498,2
702,703,-0.001053440117794307,1,2025.3598989736606,2025.2516635020836,1
704,707,-0.0052738102055714785,3,2028.4566935795478,2019.7874546609678,3
708,711,-0.01054172340963995,3,2019.4663861036638,2000.1971964123975,3
714,717,-0.0013760407161177808,3,1998.188692810698,1997.437292503715,3
718,724,0.013404925692622686,6,2001.6029358048597,2030.4358773612641,6
727,729,0.0035199105687256536,2,2035.8830738894023,2045.0850833117647,2
730,731,7.551754745162699e-05,1,2045.088547470535,2047.288076089432,1
732,734,-0.0012788827586231125,2,2048.8166506757734,2048.24527103632,2
735,738,0.003298983425324856,3,2059.1248866656447,2067.977030424094,3
740,742,-0.0011793381552205892,2,2063.0104273954885,2062.6404509112385,2
749,751,-0.003640225954430841,2,2064.073320425641,2058.623700473205,2
754,755,-0.003005838416525695,1,2056.4763796812117,2052.3514203561695,1
757,759,0.0002822156274960761,2,2052.924678990773,2055.5569710962473,2
761,763,0.00386751955094884,2,2063.5236602845025,2073.567902044783,2
767,768,-0.0004358285834254943,1,2083.9980990589856,2085.1738312186703,1
770,771,-0.00023539695608929695,1,2090.4420426328807,2092.0404009817967,1
783,784,-0.0027175044300062024,1,2075.986362327386,2072.420846553456,1
785,787,0.0011144118319566325,2,2071.2979520382814,2075.6775289355787,2
789,796,-0.005852615586837028,7,2079.302718961608,2069.2126621778225,7
797,798,-0.0027241634895851722,1,2075.9347102233373,2072.3554593892077,1
802,808,0.0018909505827543155,6,2076.6009437344296,2082.604294442867,6
810,811,-0.002758001040757135,1,2092.27686368648,2088.598638782567,1
813,814,-0.0035760567609006595,1,2088.0018452349145,2082.623033964724,1
816,822,-0.004106660337615073,6,2082.7307466475295,2076.260409642988,6
824,825,-0.0033784422314457143,1,2075.1983741466292,2070.2626346949314,1
827,830,-0.005731254147464988,3,2067.3497321604464,2057.5685751659016,3
832,833,-0.00432328303466126,1,2063.2416202092095,2056.384884336361,1
837,838,-0.005264239719344412,1,2076.7646009281393,2067.908778829133,1
840,846,-0.0005512873014865489,6,2077.9145683677502,2078.846955021003,6
850,852,-0.0036421577384292965,2,2073.4820863743726,2068.003619634364,2
853,857,-0.002492972633246074,4,2077.861318026955,2074.75912794346,4
858,864,-0.0020915690137214516,6,2071.1394212461278,2068.8786296307985,6
867,870,0.00628607693517228,3,2067.8820316279543,2082.948779203256,3
873,878,0.01909849441660132,5,2094.9110439824867,2137.015601903245,5
881,882,-0.0016626005332711395,1,2176.193544858507,2174.7515978551824,1
884,887,-0.0028650373084421954,3,2177.7565712516707,2173.694973997581,3
890,891,-0.0018485436586601592,1,2172.3218416415234,2170.4785317182295,1
895,896,-0.0019728868809106475,1,2167.940229295716,2165.831068688036,1
897,898,-0.00047570652253344837,1,2167.0792287626496,2168.215414267443,1
901,903,-0.0019145200432785629,2,2167.850936490337,2165.8683933580764,2
908,911,-0.002146540595004438,3,2163.688586789766,2161.2078299900636,3
914,915,-0.006309817063266253,1,2157.5986143139703,2146.1421603760064,1
917,919,0.0028222417468696612,2,2145.4084698668757,2153.6087396844887,2
920,929,-0.003418831775662904,9,2156.102867384338,2150.887617257111,9
930,936,-0.00756838626111786,6,2155.5722149395415,2141.413584018085,6
939,942,-0.002871807798634843,3,2138.527761249358,2134.524848308254,3
945,948,-0.008762033395741041,3,2121.9091795507707,2105.438849636368,3
950,951,-0.0010875350879987213,1,2115.4045161272206,2115.2193440067485,1
954,956,-0.0007119080350274007,2,2117.463277559719,2118.0733017161083,2
957,958,0.000992951649682345,1,2125.826889861714,2130.063560068803,1
961,964,-0.0033242929119870197,3,2140.724896629599,2135.7492249258485,3
982,990,0.0007789655980400517,8,2126.5830836237674,2130.366201770908,8
995,997,-0.0020586364146260947,2,2140.9298521003334,2138.66338579774,2
1000,1002,-0.0032468960523283695,2,2148.2611829240673,2143.434263352785,2
1005,1006,0.0016882143833668135,1,2144.608705215638,2150.3738731836925,1
1011,1018,-0.003159693562549078,7,2144.8658325335396,2140.2335796024854,7
1022,1024,2.230902430642263e-05,2,2149.8261632729645,2152.0239499603686,2
1027,1030,0.001727616875087656,3,2139.9287945698024,2145.765700461357,3
1033,1036,0.00017163475821325232,3,2150.120977464246,2152.6401339358067,3
1044,1045,-0.0017914521957059426,1,2140.411863921352,2138.7178302519364,1
1052,1055,-0.0010366594515530062,3,2146.2580626766144,2146.1793820331454,3
1056,1057,-0.003949249222535169,1,2148.4061297329836,2142.069944625179,1
1067,1069,0.0005284476475761262,2,2139.677739813021,2142.9481252210094,2
1073,1074,6.781775429916216e-05,1,2155.088014642069,2157.389255886181,1
1075,1077,-0.003688475438143993,2,2155.1837797292546,2149.389621072766,2
1080,1081,-0.0008907551995162114,1,2151.841942934192,2152.0770204779205,1
1087,1088,-0.0014836366765695716,1,2187.5381975167984,2186.4802238130824,1
1090,1092,-0.0064217176458920685,2,2187.2400447578843,2175.3814468114188,2
1093,1097,-0.014205955769484666,4,2171.3094659303415,2142.635249161402,4
1100,1101,0.0003818800473055033,1,2145.1885692949963,2148.152962576613,1
1104,1109,-0.000844811558158808,5,2151.3797631347034,2151.713632407953,5
1117,1120,-0.0033383282508520026,3,2129.9394488326993,2124.9589512468897,3
1128,1130,-0.0016880946508746279,2,2129.9168144316536,2128.4512300648353,2
1135,1141,-0.0021190684567941155,6,2145.996083053886,2143.594566528937,6
1144,1145,-0.00411480948566549,1,2146.688820547953,2140.0022938469383,1
1146,1150,-0.005025879674583179,4,2147.6609277282682,2139.0147032514305,4
1151,1156,0.0027978672082585483,5,2146.894721772724,2155.048342836128,5
1164,1166,-0.002997319002042359,2,2171.3489569544804,2167.0120804226904,2
1168,1169,-0.003996794795757496,1,2168.0301764884557,2161.53303493851,1
1171,1173,-0.0003601143523841086,2,2164.3737591960426,2165.7587109006286,2
1174,1181,-0.00521878304150065,7,2168.8101630844308,2159.660423548176,7
1182,1188,0.017214429259028028,6,2170.87877893089,2210.4200968796517,6
1195,1196,-0.0012305580300209953,1,2213.3240452381315,2212.8137456064633,1
1199,1200,0.0006922588551070638,1,2226.937499725712,2230.7060544293927,1
1204,1207,0.00046057059098199423,3,2225.668094422868,2228.918839786869,3
1210,1211,8.458701799221135e-05,1,2252.0047581219746,2254.4472532470904,1
1213,1214,0.0010889311002121888,1,2265.254443032229,2269.986403488173,1
1216,1217,-0.0010504490249455838,1,2285.2451099811656,2285.1298215936054,1
1218,1223,0.008648332391958023,5,2282.2545397721974,2304.2744901749747,5
1225,1226,-0.00546535365288759,1,2303.634880553652,2293.3483361248523,1
1227,1228,0.000310237203424969,1,2276.8675679445996,2279.8508045393924,1
1231,1238,-0.006685504736562061,7,2295.702859415946,2282.6506299349976,7
1240,1241,-0.003088642035705191,1,2278.445307159414,2273.6864505148255,1
1244,1245,-0.001336953613176209,1,2292.5418101352893,2291.7693298890067,1
1246,1249,-0.0014418458037247727,3,2297.3944147508423,2296.379320669184,3
1250,1251,-0.0011406923307592108,1,2299.5290872059236,2299.205561098996,1
1260,1261,0.005720738817715043,1,2315.414526331362,2330.9758226175786,1
1262,1265,0.004072674819163137,3,2341.8083375691676,2353.687569754461,3
1268,1269,-0.0006048870998187138,1,2376.2139307780294,2377.1528035556703,1
1274,1276,0.0013748129986300072,2,2380.4685844936575,2386.1217522309435,2
1279,1281,-0.002975147531544248,2,2378.0324519230035,2373.3354869956556,2
1282,1285,-0.014255724976050512,3,2366.3710088217586,2335.003045537518,3
1286,1287,0.0010203755286313535,1,2336.921027680937,2341.642485737608,1
1290,1292,0.006760611894677347,2,2357.6260098457283,2375.9226303009377,2
1296,1297,0.00012582400104023763,1,2382.2092089006164,2384.891157203496,1
1299,1304,-0.020158856994605717,5,2372.185860118009,2326.737490459382,5
1308,1309,-0.0023034084197851054,1,2341.9804352848078,2338.9278782664855,1
1310,1311,-0.002151288676968865,1,2350.0211325252585,2347.3155798047446,1
1312,1315,0.00142887364362405,3,2362.739346867929,2368.47814219429,3
1316,1319,-0.013123551486658697,3,2363.5508227778955,2334.896192686613,3
1322,1328,-0.0006162957538952468,6,2339.9555679021214,2340.853418789222,6
1329,1332,0.012953728541246944,3,2352.4913133546365,2385.3173385368286,3
1333,1335,0.010041577491861558,2,2394.6395058643348,2421.080103533409,2
1338,1341,0.0018267420247918063,3,2428.0978024078277,2434.9614085061985,3
1347,1350,-0.0015050853510946115,3,2420.008343989252,2418.786033225176,3
1353,1360,0.021596644512320694,7,2419.4720109261607,2474.143959864569,7
1361,1362,-0.003770523308403109,1,2468.373867860566,2461.535180525805,1
1363,1366,0.001544359378450009,3,2457.5893268826644,2463.842317334897,3
1370,1371,-0.002710992359485456,1,2472.026211105183,2467.796593145534,1
1372,1376,-0.004370318401294782,4,2474.6291946045562,2466.288906293599,4
1377,1379,-0.008415162433305659,2,2459.7154888541913,2441.4762989646197,2
1380,1381,0.0005719477949615972,1,2443.0246048367735,2446.8649119773836,1
1383,1385,-0.0021011945623065917,2,2442.318097952299,2439.628630543411,2
1387,1392,0.002034866024730775,5,2424.5776160998143,2431.9358843312384,5
1393,1397,0.0037826829002002016,4,2439.555792198114,2451.2234139695443,4
1398,1400,-0.0013994499642233102,2,2465.1549389974502,2464.170232945263,2
1406,1409,0.0020012799855106934,3,2457.781655047936,2465.158145937987,3
1410,1411,-0.003521217464362514,1,2459.936175261481,2453.7341412151945,1
1422,1428,0.007254989695018122,6,2476.5231165449795,2496.9667893515325,6
1432,1437,-0.0003674153368138926,5,2515.2560396738936,2516.8471520685775,5
1439,1441,0.0010984272455030098,2,2517.7814285940112,2523.0648097419944,2
1444,1453,-0.012352970502155218,9,2524.9358755718604,2496.2703530566596,9
1455,1458,-0.017567040756906658,3,2494.458499797526,2453.1327041649683,3
1461,1466,-0.012874037693005429,5,2439.1835616625945,2410.2206041112536,5
1470,1471,-0.00041145623672505117,1,2425.3771150381917,2426.8045556128372,1
1473,1475,-0.008945433998980637,2,2440.5185894027195,2421.127610027335,2
1476,1483,-0.016080932230069456,7,2404.008181633101,2367.7534971653595,7
1484,1485,-0.001433913104289896,1,2367.395735052528,2366.3684910200486,1
1486,1487,-0.0024134820826608398,1,2379.751663479782,2376.387927142271,1
1489,1492,-0.0015307473206889607,3,2390.2227549040244,2388.9541505810093,3
1493,1496,-0.004083794337669501,3,2386.4661045864113,2379.1067339260476,3
1498,1499,-0.00228072249015505,1,2407.949209059326,2404.865294352133,1
1502,1513,0.0008569990279293632,11,2417.4885084816297,2421.9777822919104,11
1516,1518,-0.0012979019165360573,2,2423.3379729385592,2422.6160559120062,2
1519,1521,0.0029150583467682156,2,2429.280830376888,2438.791606568499,2
1525,1526,-0.0017664501107788311,1,2449.217130418204,2447.3399276772734,1
1530,1533,-0.004170202557950838,3,2432.6674249336606,2424.9553764404923,3
1535,1536,0.005470011616034466,1,2436.862804199477,2452.62933484933,1
1537,1538,-0.0023454158512719783,1,2454.956571972566,2451.65363448645,1
1539,1541,0.005618698280683955,2,2459.679414810296,2475.9592907241345,2
1544,1548,-0.001619418782969475,4,2479.3643389591957,2477.8285741178197,4
1550,1551,-0.0009165215428088316,1,2481.686661175734,2481.893828549441,1
1553,1555,-0.0014480596893915955,2,2476.7910852569603,2475.681335012612,2
1558,1559,-0.0012678779252241156,1,2476.231079252466,2475.5677516085802,1
1560,1567,-0.005800341411550784,7,2476.095258348469,2464.2091557408744,7
1568,1570,-0.002859509388466814,2,2468.3395801083398,2463.749679485204,2
1572,1576,-0.011579911021225919,4,2457.474532366511,2431.4746704771446,4
1578,1581,-0.006309300941865903,3,2424.2696699884486,2411.398492746242,3
1582,1590,0.0008867939558764553,8,2406.599009711357,2411.139766177099,8
1595,1599,-0.014291582911556498,4,2383.138655501547,2351.462970472213,4
1601,1603,-0.0013537840379751036,2,2357.489815767382,2356.6557735008746,2
1604,1609,-0.0002965831176304349,5,2359.131261669625,2360.7907144268092,5
1612,1614,0.001101473460352262,2,2373.791905908949,2378.7803665996157,2
1617,1621,0.0006229017596861811,4,2385.6280514103096,2389.4996913729,4
1622,1625,-0.004856842677604568,3,2390.0257951854855,2380.8078416980384,3
1626,1629,-0.011165152489876203,3,2376.3739030978686,2352.2176999999165,3
1630,1634,-0.022704770523976295,4,2339.3586871748107,2288.583443696411,4
1637,1641,-0.007423771906459756,4,2291.0165954864538,2276.299627443135,4
1642,1645,-0.0503844837029221,3,2262.184038645857,2150.4672478563402,3
1646,1648,0.009872988260709998,2,2124.4944056872946,2147.5940084202766,2
1657,1660,0.005083199923733338,3,2198.153893075657,2211.525702670369,3
1661,1665,-0.016443355026381997,4,2214.6335099834287,2180.432138435432,4
1666,1671,-0.02313766044698669,5,2165.8211343202042,2117.874921459716,5
1672,1673,-0.0038283121376276787,1,2129.489685761815,2123.466824236622,1
1675,1678,-0.025045571667398504,3,2122.9416034566216,2071.8942589850035,3
1679,1681,0.0074659431403595175,2,2069.539591158322,2087.060195663791,2
1683,1687,0.005407944426233106,4,2106.8798621274445,2120.380631196707,4
1689,1694,-0.002710578484231621,5,2141.1968293068467,2137.5341440801294,5
1696,1704,-0.00493582998922154,8,2161.869728293322,2153.360976583915,8
1707,1711,0.009161345731129502,4,2171.869693625092,2193.938812464979,4
1714,1716,0.000570260894034693,2,2212.1322502313083,2215.6058749962795,2
1717,1719,-0.002551244942754097,2,2216.268645451186,2212.8306699231453,2
1720,1727,0.002864435661151417,7,2223.4189784325413,2232.011238022477,7
1730,1735,-0.0016352723375736718,5,2246.6658251639396,2245.238580513441,5
1738,1744,0.004985603758048652,6,2251.452148096669,2264.9284485353833,6
1750,1753,-0.0021253041178163215,3,2248.6350029518167,2246.104604723529,3
1761,1763,-0.0062063831149103766,2,2251.2298759946957,2239.509110780535,2
1770,1772,0.0017078391525704693,2,2222.1123317536435,2228.1294545269757,2
1775,1776,-0.0031593437520787563,1,2243.6370371598105,2238.792253541687,1
1778,1781,-0.008394343159909341,3,2226.017386500911,2209.5574500651987,3
1787,1789,-0.009189991315789493,2,2149.630621050445,2132.0251649318866,2
1800,1803,0.0023842290646751735,3,2159.9688251324224,2167.278654409228,3
1804,1805,0.002232450046870333,1,2167.992339274096,2175.000266212797,1
1806,1809,0.005833078637413906,3,2176.087022911536,2190.9563966609467,3
1813,1822,-0.01872876166560662,9,2196.5246483081755,2157.5829863256895,9
1830,1832,0.005467138797823824,2,2110.215365477465,2123.8624211393085,2
1833,1836,-0.009193714567503144,3,2133.644774231879,2116.1622979633785,3
1837,1838,-0.0025190052488672215,1,2110.7661504191256,2107.5598855575076,1
1839,1842,-0.008087792559343113,3,2098.705778447369,2083.8305872466394,3
1848,1852,0.006029332193337599,4,2136.429767344524,2151.4474418869236,4
1853,1867,0.022432830258930694,14,2145.8462639158506,2196.1295151799513,14
1877,1880,0.020257936119897995,3,2181.6750280370966,2228.052936417486,3
1882,1891,0.01852753857791969,9,2256.1737508571705,2300.2312708155237,9
1893,1894,-0.0014996121466361442,1,2318.1760701536136,2317.0178812309236,1
1895,1897,-0.00544570774894976,2,2324.607838711902,2314.273311630071,2
1899,1903,-0.0010438921223078327,4,2325.0889872326065,2324.9869341424023,4
1907,1916,-0.009194402413235818,9,2327.8633558247134,2308.78790672406,9
1918,1923,-0.001308971605149071,5,2314.0820415286216,2313.367055885804,5
1926,1931,0.001815111282180805,5,2299.766130884163,2306.2402284655923,5
1936,1940,-0.015274852395420386,4,2322.8109122506025,2289.6531293357534,4
1942,1943,-0.0007377299683791922,1,2290.8160222036836,2291.4168345942644,1
1946,1947,-0.003301161547636866,1,2304.2398035232704,2298.9373754908684,1
1950,1952,-0.0072879645748862975,2,2291.704176519191,2277.2940218411195,2
1954,1966,0.05096491904215625,12,2265.53675660599,2383.2651907500494,12
1969,1973,0.0045793603288821726,4,2426.807447135037,2440.347480331418,4
1974,1976,-0.006190229906466226,2,2446.0702282892285,2433.374561437045,2
1979,1982,-0.001581272681568148,3,2423.1974615163394,2421.7889230299147,3
1986,1990,-0.005028068950573068,4,2421.262793985355,2411.509780503725,4
1993,1997,-0.009923794969517088,4,2402.02088627478,2380.585744373166,4
675,676,-0.0027933039298970136,1,1988.5452012944538,1984.9791353701946,1
678,679,-0.0020606402689933084,1,1990.2816079388917,1988.170635118875,1
681,682,-0.0018761140276279922,1,1989.6727030446561,1987.9295228791302,1
684,686,-0.0017433098399723815,2,1996.8691939989055,1995.3849014778684,2
689,692,0.0029189375291803236,3,2009.7337222433246,2017.6097431510832,3
693,698,-0.0007119205278910341,5,2016.3264581714805,2016.9073204331498,5
699,701,3.9319061983571386e-05,2,2022.5479781963631,2024.650050863879,2
704,706,-0.005801968449328716,2,2029.0353335411528,2019.291969886915,2
707,709,-0.006012178667589414,2,2021.3832570396823,2011.2517229997256,2
713,714,-0.00183533052902998,1,1999.4706024545387,1997.8003836184105,1
717,718,-0.003311744221386322,1,2000.5912991604864,1995.9664437852964,1
721,725,0.0063469025196419395,4,2014.6207599420784,2029.4219822794198,4
726,728,0.003769312418208835,2,2028.427123062246,2038.1013257296984,2
729,735,0.005541370719551099,6,2043.760435002772,2057.129429670076,6
736,737,-0.00013370040391511202,1,2065.0187950394848,2066.807719987535,1
738,740,-0.0032898402898758135,2,2069.7039965582185,2064.9647049587825,2
742,743,-0.0002954182382583387,1,2062.23594691706,2063.688960753666,1
744,746,0.0001919147751648935,2,2064.1074607711075,2066.5677009511287,2
750,751,-0.0030436594008052533,1,2066.1606900410397,2061.938161323263,1
753,757,-0.008019337258968006,4,2061.585800445828,2047.1148344241994,4
759,763,0.00834818915526607,4,2056.5959268311117,2075.8213745710786,4
765,766,0.0017559833855092639,1,2076.6367534808032,2082.359929871134,1
768,770,0.002775176644094029,2,2085.553387656469,2093.426720095561,2
779,783,-0.0019968183168452645,4,2079.0712960061214,2076.9988396562353,4
784,787,-0.0032700579410081705,3,2080.196411587123,2075.474245204143,3
792,794,-0.001983721560172357,2,2077.3210836294093,2075.2775780920424,2
796,797,-0.001259284136239448,1,2071.7348732692562,2071.1977052821235,1
799,800,-0.003528526819699241,1,2077.8200562451334,2072.5662325064086,1
801,805,-0.0019019720091321495,4,2073.5222917814453,2071.652032713947,4
806,807,0.0005783198038859776,1,2078.4313651233974,2081.7117945079895,1
808,814,-0.0037925262830427677,6,2092.7257324810794,2086.881740869926,6
816,817,-0.003007279850563903,1,2086.270473786717,2082.0827451018586,1
819,822,-0.0021676456060216753,3,2075.365654030453,2072.942362443636,3
823,831,-0.007664820490293228,8,2073.04582266482,2059.229344388607,8
832,839,0.007330517296267484,7,2059.5921682326034,2076.749636413322,7
840,857,-0.002153924386283491,17,2073.763977201243,2071.3710103765543,17
859,865,5.8399321586324405e-05,6,2066.938707151768,2069.126353677178,6
870,874,0.006059420970511679,4,2082.6280967007624,2097.3302451603886,4
875,881,0.025225939865080607,6,2113.9775041673647,2169.418551067791,6
882,884,-0.002665196600877799,2,2178.493953272156,2174.8663325461343,2
886,887,0.0009190492233882733,1,2169.7575654758866,2173.921437046854,1
888,889,-0.0014046390294230725,1,2173.249079129994,2172.36969773192,1
895,897,-0.00163200497548325,2,2167.8603258780827,2166.490227365975,2
901,904,0.0011318738862643339,3,2164.6652076480805,2169.2800008767704,3
915,917,-0.003719442487794576,2,2151.0435318680125,2145.193892694355,2
919,922,-0.001170788206879465,3,2154.4702192171176,2154.1022611116023,3
926,928,-0.0007808172499818041,2,2152.48358443689,2152.955371708296,2
933,937,-0.010020712359874517,4,2151.820736262396,2132.4097803505597,4
940,941,0.002838791736675766,1,2129.2869181920355,2137.460807218603,1
942,948,-0.01518870363511092,6,2135.207743919117,2104.911914041255,6
949,950,-0.002771179547531106,1,2113.6689926431723,2109.925305353152,1
954,955,-0.002773820780495673,1,2121.4791530589982,2117.716029251914,1
956,957,0.0009967127193750008,1,2124.328290123409,2128.5699634404264,1
958,960,-0.0010867694050453662,2,2136.735134591954,2136.549731355586,2
967,970,-0.0019735945515921465,3,2150.5777883801043,2148.4839975625623,3
972,974,-0.00486143308164087,2,2150.486361523613,2142.1824023456084,2
979,981,-0.004027147383350847,2,2131.053316388654,2124.602303918167,2
986,987,-0.0026597111651240546,1,2127.022939262129,2123.4926955413607,1
989,994,0.003763347326880628,5,2127.7321951894273,2137.8673226537007,5
995,996,-0.003179928757673291,1,2143.0612923094945,2138.3895713689326,1
997,1002,-0.0003778590972309272,5,2140.6249672164845,2141.9567375660786,5
1004,1009,-0.003785901128857697,5,2142.951232083802,2136.981181827253,5
1010,1011,-0.0015309362007015716,1,2143.5866702814974,2142.4485625189036,1
1015,1017,-0.001215253680627361,2,2135.1030167398426,2134.6434279569708,2
1019,1021,0.0005745637283828548,2,2140.6878284341765,2144.0584778426196,2
1022,1024,-0.0011095689811406804,2,2152.4292749925917,2152.1934355099534,2
1025,1026,-0.003504518366697252,1,2147.9611928678255,2142.581584609335,1
1030,1032,-0.0007736882696869021,2,2146.2476001887662,2146.7333211968453,2
1033,1035,-0.0030151161043458843,2,2152.423505140435,2148.0861218718537,2
1036,1037,-0.0021275230755880645,1,2154.40663035046,2151.97748716054,1
1047,1051,0.0019278776126244526,4,2137.768872433586,2144.0279980561495,4
1052,1060,-0.0007355978354756238,8,2141.423557249169,2141.989754272869,8
1061,1064,-0.003472818284171842,3,2146.243673570999,2140.9364029727044,3
1068,1072,0.004915661150751639,4,2143.960877486083,2156.643823557759,4
1074,1075,-0.0028881074176346725,1,2157.7667262503446,2153.692630888986,1
1076,1078,-0.004765353817434034,2,2153.852370358649,2145.7423541137296,2
1080,1081,2.2370232629340993e-06,1,2153.148971003647,2155.3069366189875,1
1082,1085,0.007011099261027938,3,2166.576177653507,2183.9328344692676,3
1086,1090,-0.007371317411016235,4,2191.2494984065693,2177.288352325491,4
1095,1096,-0.0029535453849459993,1,2152.3776287943465,2148.1728614109543,1
1097,1105,0.0017117520704095514,8,2144.0260223745677,2149.840089379754,8
1107,1110,-0.004408971586315845,3,2156.7323603724385,2149.380121036641,3
1113,1114,-0.006191584292864636,1,2147.833445355023,2136.6827869764284,1
1120,1126,-0.003321992467576347,6,2127.045035345956,2122.106052795687,6
1129,1131,0.0012911636832894733,2,2128.63987895184,2133.516941337296,2
1135,1136,-0.0034120896625638,1,2147.4146076486054,2142.2348510722577,1
1144,1147,-0.001091803379714724,3,2145.986414027372,2145.7894052217425,3
1150,1151,-0.0016563340675937162,1,2145.184327175228,2143.776369620035,1
1152,1155,0.0002877410657217336,3,2154.9751906900965,2157.7502407387597,3
1163,1165,-0.001147064291614012,2,2169.3062067171463,2168.9871792365616,2
1166,1167,-0.0016123599861520969,1,2166.136709694799,2164.8102542492466,1
1168,1170,-0.0024183004264843053,2,2168.4299198182052,2165.3544347381257,2
1171,1178,0.0013607891507751773,7,2166.2709277230697,2171.385036626878,7
1181,1182,-0.001853654907232959,1,2163.894496743437,2162.0472775875573,1
1183,1185,0.01113372455471998,2,2165.3759225867507,2191.649997588841,2
1188,1191,-0.002050389958741119,3,2212.4637481516547,2210.1397984465175,3
1192,1195,0.0003975463833443642,3,2210.3861604741064,2213.4752776584714,3
1197,1200,0.002761740484319233,3,2218.7892154331494,2227.135724651015,3
1201,1203,-0.0032515863568515764,2,2227.8697474611217,2222.853506332896,2
1207,1208,0.001956887043674338,1,2230.9722460945163,2237.5689790237902,1
1210,1211,-0.00022520553402023875,1,2249.78767860248,2251.5308016454906,1
1219,1220,-7.659390485581779e-05,1,2283.893465883247,2286.0024270303034,1
1222,1227,-0.011824698123238407,5,2300.1203685972278,2275.222259960051,5
1232,1238,-0.00695757451189201,6,2296.4165501558564,2282.735477447961,6
1239,1245,0.005035842541909927,6,2281.9219192118453,2295.695240609141,6
1246,1247,0.0008169110752593578,1,2293.060375766506,2297.2266625594743,1
1248,1250,3.858034759688777e-05,2,2297.44830697394,2299.834391635183,2
1251,1252,-0.0031273337632773705,1,2297.6645169599383,2292.776617656325,1
1255,1256,-0.002659125432591546,1,2288.985217869081,2285.1875042792885,1
1258,1259,-0.0008143042246442064,1,2294.4808897682865,2294.906965176151,1
1261,1262,0.0008415375489436339,1,2333.056093687699,2337.3525040880168,1
1263,1264,-0.00048031504224120374,1,2343.8890849778495,2345.1071688779675,1
1265,1266,0.003682949712531992,1,2353.6536095896777,2364.6756510841055,1
1268,1269,-0.00022932123600788207,1,2372.387492044185,2374.215840704264,1
1273,1275,-0.0026127343651100848,2,2390.3942552527933,2386.5391842911854,2
1278,1280,-0.003774267740775254,2,2384.4755452082923,2377.8603716245534,2
1283,1284,-0.0014101848562823233,1,2350.2240491995394,2349.2600228856872,1
1285,1291,0.009651746096800962,6,2338.744362737872,2363.6560738750804,6
1292,1294,0.0035291681596658925,2,2373.912681430744,2384.6645311613074,2
1295,1304,-0.028206274461539036,9,2387.2109005523475,2322.2637855943426,9
1307,1311,0.006657949701924076,4,2333.6289664828673,2351.499779731146,4
1312,1313,0.00047208617525299726,1,2362.10122175731,2365.5784383104074,1
1314,1315,-0.000964064749736131,1,2368.877645827099,2368.9627720381463,1
1319,1320,0.00016467608901219962,1,2334.5268569834175,2337.245824592903,1
1322,1324,-0.002176950680613115,2,2340.6985715558662,2337.9436847789634,2
1326,1328,0.0010391884019292493,2,2334.3696300795345,2339.1298495550086,2
1329,1331,0.009126093664737468,2,2350.5405137527837,2374.3423071578045,2
1334,1337,0.0038958685160233814,3,2413.657022767909,2425.473970194157,3
1340,1343,0.00018731210193146633,3,2430.7372257571187,2433.6232694818755,3
1345,1346,-0.005346682239276843,1,2435.6750704424276,2425.087964873086,1
1347,1349,0.0007430115037469034,2,2420.628726651032,2424.847910367885,2
1355,1362,0.011879037645030788,7,2430.665756095661,2461.970391870904,7
1364,1365,-0.0035813793064241963,1,2457.8646936312634,2451.520012573133,1
1367,1370,-0.0011220862507855963,3,2468.739060604418,2468.4376615083406,3
1371,1376,0.0007241901760428786,5,2464.4944499503795,2468.743707069896,5
1377,1379,-0.00753558526498824,2,2461.097406422612,2445.0126944774956,2
1387,1388,-0.0008084519610711621,1,2422.8373392635094,2423.301429004489,1
1389,1391,0.00016543134412652497,2,2425.8886324573937,2428.7158391070197,2
1395,1398,0.00861316631609389,3,2439.6583138668607,2463.111154992504,3
1400,1402,-8.052983024570191e-05,2,2464.0599140677455,2466.325543655218,2
1403,1406,0.0004443039569447555,3,2459.683235216015,2463.235765445468,3
1408,1411,-0.008969175260334656,3,2475.3487866499586,2455.6222983386883,3
1412,1417,0.0008419414993930806,5,2447.892768700545,2452.4016439772786,5
1419,1421,-4.002129507636265e-05,2,2464.7984316731095,2467.164585679445,2
1428,1433,0.00986710948800391,5,2497.906797317361,2525.051823974638,5
1434,1436,-0.0035326285398420663,2,2530.7033684877088,2524.2940369108023,2
1438,1439,-0.0026411304088113227,1,2515.1639483829535,2511.0362363441163,1
1441,1443,-0.002100413535348904,2,2528.2056329189395,2525.42356122033,2
1446,1448,-0.0017964314959878851,2,2506.3509413544502,2504.3548045247567,2
1449,1450,-0.003580509390385317,1,2509.3273218832533,2502.851979165583,1
1454,1457,-0.011246097065178057,3,2500.1056689643315,2474.489343606921,3
1463,1467,-0.004279095223040516,4,2419.919996295441,2411.984848195448,4
1471,1473,0.00014598423526654067,2,2431.485442448093,2434.271886433419,2
1474,1475,-0.007619479167744237,1,2433.245887167582,2417.139066707477,1
1477,1482,-0.009110477795434824,5,2393.08162565328,2373.672590265756,5
1485,1486,-0.0014904634064504684,1,2371.710230860292,2370.546993781351,1
1487,1489,-0.0008238810583700674,2,2380.720178843108,2381.139468761323,2
1491,1498,0.008163818593124334,7,2384.525043535956,2406.376398465681,7
1499,1506,0.0014768354619252209,7,2409.475424726778,2415.4432989033785,7
1507,1513,-0.0033434624117269435,6,2425.068517105301,2419.3854601896023,6
1517,1519,0.0045143216486355055,2,2418.0091049202047,2431.342784874064,2
1521,1523,-0.0001927059908290457,2,2446.633612558061,2448.6087652161154,2
1526,1527,-0.004493861829915905,1,2452.931745746015,2444.361541148164,1
1529,1536,0.005698141752126766,7,2435.2031870090855,2451.514523150903,7
1542,1544,0.00023224720138417723,2,2481.0127680464957,2484.0699890865194,2
1545,1554,-0.0052999954716692645,9,2487.7911420332593,2477.0936513880574,9
1557,1562,-0.00391507262840755,5,2477.6387061100545,2470.41620933479,5
1565,1571,0.0005813245120427515,6,2461.8080749130568,2465.7009923658616,6
1574,1576,-0.007359154937999521,2,2445.7439916882577,2430.1911267064306,2
1578,1585,-0.00969335342553038,7,2427.126138858828,2406.0262735253855,7
1586,1587,-0.0019333659230434293,1,2407.7612856299015,2405.5139632950713,1
1588,1589,-0.0034472268897888436,1,2403.089692856133,2397.208787141201,1
1593,1599,-0.022970435490909352,6,2402.8096744796585,2350.0188995295703,6
1600,1608,-0.0007890534010624606,8,2353.545315670906,2354.041788050692,8
1609,1611,2.6509393213187786e-05,2,2363.187513564898,2365.6133477454964,2
1612,1613,-0.001367948648193285,1,2376.59177357425,2375.717309843856,1
1616,1618,-0.000336969055331205,2,2382.47984964764,2384.0595075130063,2
1619,1623,-0.0020969845234775925,4,2391.2305579908125,2388.60741507663,4
1625,1626,-0.004818250826585362,1,2385.5226944151427,2376.414170415354,1
1627,1629,-0.011404906381963256,2,2373.9353736423786,2349.2347983227987,2
1630,1631,-0.007976426489419134,1,2338.3112143045387,2321.9981580085587,1
1632,1645,-0.07380495339671848,13,2320.020341288963,2151.1113684619813,13
1646,1649,0.01799703194972403,3,2121.5706693291454,2161.8742151179886,3
1655,1664,0.003803463158628415,9,2182.5642010982156,2193.048067829532,9
1665,1666,-0.012744430989773198,1,2193.018031866669,2167.2622829320826,1
1668,1669,-0.008122050376555928,1,2131.7837864727,2116.601114953516,1
1671,1679,-0.025837500787461574,8,2119.7793487347963,2067.129327491351,8
1680,1682,0.007257333471556038,2,2078.6505957939357,2095.814706934255,2
1683,1684,0.002105516127762946,1,2102.491818788712,2109.02114104045,1
1689,1692,-0.002637502421716577,3,2137.9520470946695,2134.451145440038,3
1693,1696,0.004834238745788539,3,2144.4464798412673,2156.957692582227,3
1698,1707,0.00025723319027064076,9,2166.748600563659,2169.47270881926,9
1708,1710,0.003909247076059849,2,2177.8240192603603,2188.515495459087,2
1714,1717,-0.0027773195874629293,3,2217.2135862819687,2213.272889145481,3
1720,1722,0.0050554428129462575,2,2221.617355932505,2235.070232783603,2
1723,1724,-0.001226618466416712,1,2238.152422456168,2237.6452157865842,1
1728,1729,0.002475647651397124,1,2223.823753850948,2231.552981658141,1
1730,1733,0.003534656538413045,3,2245.1317212579747,2255.3126224973757,3
1735,1736,-0.0019978359274687918,1,2246.7750799191467,2244.533167023462,1
1737,1738,-0.0035552743717986906,1,2248.44247132151,2242.6970838980783,1
1739,1745,0.00406865563348859,6,2249.4205894891047,2260.822127832104,6
1751,1754,-0.0007914381319498499,3,2249.941202834075,2250.410454774341,3
1755,1757,-1.491874013860345e-05,2,2259.8306049672665,2262.056721746681,2
1760,1761,-0.003962038090086524,1,2257.5055109943983,2250.8186936822526,1
1763,1765,-0.006345395537575114,2,2247.8042181711708,2235.788815534016,2
1766,1767,-0.0076606425607240285,1,2240.56513519644,2225.6415316968764,1
1768,1771,0.0010625554256198932,3,2219.1946952351477,2223.771907294312,3
1772,1775,0.002480107313949225,3,2233.7861478014333,2241.5599633121956,3
1781,1782,0.0025770672177685625,1,2208.1997981195213,2216.098677227658,1
1784,1786,-0.019244891661365712,2,2185.8560795152503,2145.975372157157,2
1788,1790,-0.017989891298293408,2,2147.200112021884,2110.7194155229486,2
1797,1798,0.0003406565289727217,1,2131.368692126314,2134.226125479061,1
1801,1805,0.0010457255146339769,4,2164.4115998408265,2168.8393918747906,4
1813,1818,-0.003692332340769948,5,2196.3982091608395,2190.4847752291066,5
1819,1826,-0.041757205683620235,7,2186.4809582106122,2097.3661040735033,7
1827,1830,0.0014956378746474822,3,2101.8395861317545,2107.0850166093383,3
1832,1833,0.003977499514871802,1,2120.329802580616,2130.8837431443294,1
1837,1840,-0.015500844103439108,3,2116.973771037514,2086.2758644126293,3
1844,1853,0.02651186276237492,9,2088.690162314836,2146.1539194135644,9
1855,1859,0.004022298235896753,4,2169.5284323791498,2180.4244511978154,4
1862,1863,-0.001772686664797385,1,2177.8443405320286,2176.161549252095,1
1866,1879,0.007316302330473551,13,2191.4073356105314,2209.631741542686,13
1880,1881,0.00502528443123504,1,2229.6890936002715,2243.1236045824357,1
1889,1895,0.012616549055427563,6,2288.778282382961,2319.943544142026,6
1896,1915,-0.003644484236880359,19,2313.207189670445,2307.0899497207233,19
1917,1919,-0.002290210780157756,2,2321.096528237206,2318.1018244746874,2
1920,1921,-0.002648583377887895,1,2323.457763781689,2319.627349933094,1
1923,1924,-0.006611785908786448,1,2316.9509391645292,2303.948706532776,1
1926,1929,0.005659362168261199,3,2292.809565485893,2308.078214765317,3
1931,1933,0.0007294066940561194,2,2305.087082987266,2309.0735160189665,2
1935,1950,-0.013694719746650982,15,2319.2814688382928,2289.8388405777896,15
1951,1961,0.03209613348741882,10,2285.1208000945576,2360.7494631293644,10
1963,1965,0.004466257235063318,2,2372.1587504907006,2385.125580423289,2
1971,1980,-0.006005588310144311,9,2430.814495814096,2418.6468391897197,9
1983,1996,-0.01458196324466985,13,2419.2032363486796,2386.3457069112055,13
1998,2000,-0.003957975207632081,2,2378.261351238336,2371.2265131241033,2
672,674,0.0015703858627366422,2,1977.7459084646066,1982.8294785878093,2
682,691,0.01145140702947925,9,1987.1694957411316,2011.9125519691695,9
693,694,0.00017942580475959857,1,2014.553711492272,2016.9297281246802,1
696,699,0.0016949656986556122,3,2016.4679848582862,2021.9022969099165,3
700,701,-0.001222796991020752,1,2023.2567007571654,2022.8059252521741,1
702,703,-0.0004431978808008642,1,2024.1532201286034,2025.2802729311547,1
704,705,-0.0037769331163372112,1,2028.746103002962,2023.112410764893,1
708,712,-0.012324188860133384,4,2019.6220694597632,1996.7514877191074,4
713,714,0.0006606691048287715,1,1994.1463188124173,1997.4579359945772,1
718,728,0.017687723578407432,10,2000.0708105132019,2037.447580957314,10
730,731,-0.002575860527385853,1,2048.045528499427,2044.8180943927755,1
736,740,-0.003994208778723689,4,2070.568503320803,2064.368788931211,4
743,746,-0.0007591947014505539,3,2066.6515285616006,2067.1491891999335,3
747,749,-0.0010129901488926739,2,2067.805940500874,2067.7790793938257,2
750,751,-0.0038853882510976037,1,2063.463164338238,2057.509271967284,1
752,754,-0.004884788327361309,2,2062.102814478321,2054.0919815348166,2
755,760,0.0026269054496550833,5,2055.5628226510803,2063.018154654662,5
761,762,-0.0018132679749789317,1,2069.490531132594,2067.8074807591015,1
763,771,0.006521551025011997,8,2072.971630355496,2088.563592246617,8
773,779,-0.004448390747620077,6,2086.4721275680777,2079.2771563882047,6
781,782,-0.0010378452175682003,1,2077.309923183359,2077.2313069373595,1
783,793,-0.0029048960823667407,10,2076.7219453507655,2072.766005852902,10
795,796,-0.002502595304746793,1,2074.686016334886,2071.5686028679174,1
797,802,-0.0029007820661810634,5,2072.2022660690927,2068.263461164249,5
804,806,-0.0005925412153406332,2,2071.685034038468,2072.5291603046344,2
809,810,-0.0029505896680112015,1,2091.68329210305,2087.603276284722,1
811,815,-0.003934729775343567,4,2088.5541391946726,2082.424797174961,4
817,818,-0.003556938376993515,1,2081.5449472889436,2076.2225651297836,1
820,823,-0.00499613367321736,3,2079.1586342293363,2070.850038399132,3
824,834,-0.0073715803587729835,10,2078.5893876592586,2065.345488342895,10
836,837,-0.0019419914124152874,1,2068.107448651104,2066.1593091945224,1
838,839,-0.001417149076639809,1,2074.0179059325546,2073.1527312781604,1
842,846,-0.0017565635769347244,4,2077.2480640505637,2075.676493825045,4
848,849,-0.0027880408160464946,1,2082.3646816820037,2078.6413286372626,1
854,857,-0.00665073533776392,3,2080.8334002086067,2069.0751613820485,3
858,866,-0.007023164511327376,8,2073.5405779110724,2061.051301889401,8
867,870,0.005754026861686186,3,2067.5503284058127,2081.5146188617537,3
872,876,0.011847887369138162,4,2092.9462130394995,2119.8361502542953,4
879,880,0.0012256856472589468,1,2151.886392874649,2156.675815533802,1
883,884,-0.004679074323822823,1,2184.5934525495413,2176.556170870275,1
887,892,-0.0016077154226831454,5,2172.676015891925,2171.355647168574,5
894,895,-0.00061136603503444,1,2164.2201090272133,2165.0611984692428,1
898,899,-0.005507959249798883,1,2169.865166084898,2160.0835023386294,1
902,903,-0.0029136572269639355,1,2167.0818897956556,2162.9348378758255,1
908,909,0.0002614251632199606,1,2162.18796173244,2164.9154000349804,1
912,913,-0.004087155748251851,1,2165.3729544755765,2158.688110912058,1
914,915,-0.006377682733802612,1,2156.1403969676035,2144.5453579831765,1
916,917,-0.003990420495711975,1,2148.693142949603,2142.2676469359308,1
919,920,-0.002751653670323172,1,2155.3766722339255,2151.601198775078,1
922,923,-0.0005257927752749382,1,2156.295166903511,2157.3176976502964,1
933,934,-0.0010835516147269634,1,2148.6612000535392,2148.4816759407736,1
939,945,-0.007859051715164711,6,2137.8139220725275,2123.150545823633,6
946,948,-0.0041980798509583025,2,2113.8362281139507,2107.076011064594,2
952,954,0.0013980956933286456,2,2116.8947588492206,2121.971275053647,2
959,963,-0.0031593058204998576,4,2138.557682817966,2133.9398827659825,4
966,968,-9.145276622660723e-05,2,2147.149536677633,2149.1003234496793,2
971,974,-0.0016205814553355825,3,2152.4247419987973,2151.0889871199074,3
976,983,-0.007737349491277765,7,2138.022043819177,2123.617442089911,7
987,988,-0.0046517966185460734,1,2129.560325798465,2121.783604601724,1
990,994,0.003680462333903653,4,2129.0537038903644,2139.0186595582813,4
997,1004,0.000319201740778219,7,2135.097913689333,2137.914538573804,7
1005,1007,-0.0010935360829264953,2,2144.6145474299274,2144.4139485857736,2
1009,1010,-0.0007458141013577245,1,2142.1076801604695,2142.6521737261396,1
1012,1018,-0.004583880553176083,6,2143.2271526767936,2135.5460825632763,6
1019,1020,0.0009603080542764588,1,2142.484583696173,2146.684513481756,1
1021,1026,-0.0022634221211657174,5,2147.662727989676,2144.949323390331,5
1030,1031,0.0005288024273548105,1,2145.906639211811,2149.187306490715,1
1038,1041,-0.004023268179373712,3,2151.4302327922123,2144.925882229269,3
1044,1046,-0.002941999091243805,2,2143.282469583825,2139.1202169756143,2
1047,1054,0.0003489792951900776,7,2140.6109195038666,2143.498559313335,7
1055,1057,-0.004391006731741086,2,2146.9288194607907,2139.64856938143,2
1059,1061,-0.0007709874026565801,2,2141.9817662677506,2142.472307075506,2
1063,1067,-0.0037900966926288893,4,2144.5051748083597,2138.5217980128014,4
1068,1072,0.006655945625323184,4,2140.664667237264,2157.053479531683,4
1075,1076,-0.0019464466203465815,1,2156.6470632745895,2154.605911950273,1
1083,1086,0.004973605507096729,3,2175.586226368524,2188.5823202315228,3
1089,1090,-0.0011423169889663556,1,2184.6106400049184,2184.299732796569,1
1092,1094,-0.01020255208304522,2,2175.450216179307,2155.430522260845,2
1096,1097,-0.005320605919684645,1,2151.951347059268,2142.65361333029,1
1098,1099,-0.0008116643627636298,1,2137.3893499090923,2137.7918964943296,1
1101,1102,-0.00033376209899261037,1,2146.319615124472,2147.7495745997435,1
1105,1107,0.0014941641303874583,2,2149.8309486151666,2155.1929798535994,2
1108,1109,-0.004948666135303381,1,2160.3090231552287,2151.7786840737053,1
1111,1112,-0.0013993705201874452,1,2148.1051093025026,2147.247219447583,1
1113,1115,-0.006356714280083112,2,2144.4597219232364,2132.972463907747,2
1121,1124,-0.0013611621468802475,3,2129.7568679783253,2128.9876804155533,3
1128,1130,0.0034776921591328884,2,2124.795370355904,2134.3095499255087,2
1131,1132,-0.0022391762653704993,1,2140.4090779292915,2137.756733801738,1
1136,1141,0.0014178534275196058,5,2141.402444425195,2146.5800416651473,5
1142,1146,-0.003365332393501195,4,2147.3759884096125,2142.2967304232006,4
1147,1148,-0.0008246113486380173,1,2146.9024839007416,2147.2790262319986,1
1149,1150,-0.0030105015954798946,1,2147.1345633915826,2142.8177459261738,1
1152,1154,-0.00210111831074836,2,2156.0578364380053,2153.683761675271,2
1155,1170,-0.00037742078125440487,15,2161.69144038832,2163.037264556446,15
1173,1175,-0.001728186653959048,2,2169.0500393214897,2167.4705660310865,2
1177,1181,-0.008192577675588222,4,2179.0304769719655,2163.3576310088706,4
1188,1189,-0.0015542043268480608,1,2209.3106456281407,2208.086236108982,1
1190,1191,-0.0007518726670689647,1,2210.5660197841703,2211.1145216349273,1
1192,1195,-0.0020570533954948986,3,2215.6944761739405,2213.3523688045216,3
1197,1199,0.0022843737397129442,2,2219.8339650074054,2227.1247293885986,2
1201,1205,-3.382887441583766e-05,4,2224.6556983388627,2226.805096438964,4
1206,1208,0.0027267731330217677,2,2227.5303150278487,2235.831815158886,2
1209,1212,0.00374748423845886,3,2246.055743479263,2256.718857720131,3
1219,1221,0.0023094527438954045,2,2279.554530905955,2287.0986089031207,2
1226,1229,-0.008717949471643154,3,2296.41455435108,2278.6909428546523,3
1233,1235,-0.003359631784779348,2,2297.166647600756,2291.746180164142,2
1236,1242,-0.006970445146113384,6,2292.724539804682,2279.03595370463,6
1243,1244,-0.00046809721243486115,1,2288.829237808453,2290.046672460304,1
1245,1246,0.00023370878859157898,1,2292.250166141498,2295.0781353171174,1
1248,1249,-0.0027884745668503423,1,2300.398239647761,2296.2840359025236,1
1250,1251,-0.0012417718798859647,1,2296.147397131606,2295.592253258906,1
1253,1256,-0.004043597925800839,3,2292.3393002816124,2285.3623411420435,3
1259,1260,0.007151458226331372,1,2301.7545896746533,2320.5172460596527,1
1264,1265,0.0009405013446326048,1,2348.0449161313954,2352.601300448406,1
1268,1270,0.000340408449655512,2,2377.748417462789,2380.935571532711,2
1271,1273,0.0018421519196276065,2,2375.7354371584693,2382.4876381917165,2
1278,1279,-0.003037235808932568,1,2382.0509340830085,2377.1981346213934,1
1284,1289,0.00138380302284605,5,2346.9490797314197,2352.5437440421492,5
1291,1292,0.0012833776528226198,1,2368.826299664363,2374.235224700435,1
1294,1297,-0.0027702825982907357,3,2386.730357135431,2382.505169917382,3
1298,1300,-0.00467254413926805,2,2379.887982432469,2371.147738770472,2
1302,1304,-0.01987022989392713,2,2364.9118437866823,2320.2854136155565,2
1306,1307,-0.00128724548271234,1,2331.73778642531,2331.0680052792895,1
1308,1310,0.001592025030857753,2,2339.412904369213,2345.4767211748494,2
1312,1315,0.002684738933352221,3,2362.274238515119,2370.9786023730308,3
1319,1320,-0.0023993916544024635,1,2334.52333671812,2331.256424243709,1
1321,1326,-0.005130743062073971,5,2341.8274278157496,2332.153940415725,5
1328,1332,0.01605378171313133,4,2343.3316741099443,2383.294340961682,4
1338,1342,-3.5738559531668396e-06,4,2429.082928761525,2431.503330497801,4
1345,1348,-0.007116960707801599,3,2431.7644411132605,2416.8894335763416,3
1350,1351,-0.0038705999042509837,1,2425.6922266996476,2418.729034825941,1
1354,1355,-0.003245591811657354,1,2428.7913212476456,2423.3372473444274,1
1356,1357,0.004890914822315912,1,2438.9929191953634,2453.360818734575,1
1358,1363,-0.004237622658094062,5,2465.6901853058826,2457.707210894096,5
1364,1368,0.0021439158418359895,4,2458.63429634374,2466.3640356572964,4
1370,1377,-0.0032919987489578163,7,2466.457433310531,2460.8043159590256,7
1378,1380,-0.0022463659623944976,2,2450.444234771897,2447.3900844849313,2
1385,1388,-0.00858557842777367,3,2437.6344898644993,2419.143622263386,3
1389,1396,0.005945295348306603,7,2427.6198314147036,2444.480368137285,7
1397,1399,0.0011253991272864388,2,2451.778573577385,2456.989581617966,2
1400,1407,-0.0007307158189454766,7,2459.8060717420954,2460.4684586056774,7
1408,1410,-0.008690829923047984,2,2473.4046386702476,2454.3821042633567,2
1411,1412,-0.004090453531724172,1,2452.420748284415,2444.8416559216057,1
1414,1415,0.0008322271850597954,1,2451.3076695621885,2455.799022113306,1
1416,1419,0.0011633731791522899,3,2454.8632740833573,2460.174059448995,3
1420,1421,0.00040801480908707875,1,2463.934360608132,2467.4036166764868,1
1422,1426,0.0073219477493615065,4,2472.2884540494365,2492.8627093853856,4
1427,1430,-1.8964740081917628e-05,3,2495.387649041879,2497.835712312753,3
1433,1434,-0.0005303107979395367,1,2528.5961170853498,2529.7837713779168,1
1435,1437,-0.006864357256119539,2,2531.8044918640403,2516.9570858211014,2
1438,1441,0.004365358494267077,3,2513.563197309488,2527.0493649610494,3
1443,1447,-0.007960487656296155,4,2525.7744411329422,2508.193819312848,4
1448,1451,-0.008154875572060585,3,2511.3904585617283,2493.421772317859,3
1456,1462,-0.024813892885365996,6,2484.619232377456,2425.4507761166988,6
1466,1467,-0.0015277305236430219,1,2410.095941611188,2408.824060417892,1
1468,1469,0.0020106967769996957,1,2412.2102578666554,2419.47269151546,1
1471,1475,-0.0073159110084685675,4,2430.7207764113373,2415.3685603010877,4
1476,1477,-0.007010770331763854,1,2405.5720568208835,2391.1127156708244,1
1478,1483,-0.00911564163037391,5,2381.572924860429,2362.2449324856602,5
1487,1488,-0.0006113155191351859,1,2381.188565713452,2382.1140967549577,1
1489,1491,-0.0006367767945338403,2,2382.9741023497027,2383.839653841701,2
1492,1493,-0.001811719255784776,1,2388.4151613797776,2386.4764388024773,1
1496,1498,0.009086553973338081,2,2381.312126346113,2405.3313596358676,2
1501,1505,0.0008615161323965222,4,2409.1989163362978,2413.68367898521,4
1513,1514,0.0010186094552174872,1,2416.4074093953454,2421.2851922396085,1
1515,1517,-0.004250232277481657,2,2423.25924296125,2415.3830875530716,2
1520,1523,0.004249167044428096,3,2436.49674018758,2449.2863185800293,3
1524,1526,-2.4293897884704405e-05,2,2450.668610714672,2453.0597430324087,2
1529,1531,-0.004507214784256685,2,2432.3075403453226,2423.7769153799645,2
1532,1533,-0.00027262998457881044,1,2427.6066166619444,2429.3723849241424,1
1535,1538,0.004175859114570184,3,2438.220787758859,2450.840675046515,3
1542,1546,0.0008821085265548882,4,2480.3220269718327,2484.9902622073982,4
1548,1550,0.0016945353945053824,2,2475.8149824835655,2482.486153584114,2
1558,1559,-0.0011712229140641492,1,2475.691608430656,2475.267713299136,1
1565,1566,-0.0024838112008124112,1,2466.2238598739095,2462.564449286918,1
1567,1570,0.0008442648797906569,3,2462.80034909162,2467.3424052813857,3
1572,1574,-0.009750974764453073,2,2460.0329001559444,2438.5052143269554,2
1580,1581,-0.005154402002532598,1,2419.257583959294,2409.2070154078515,1
1583,1584,-0.002954514109903895,1,2409.26785384128,2404.5589058264095,1
1585,1588,-0.005235882271105177,3,2411.4072344978936,2401.192797344869,3
1590,1592,-0.0022766966961916676,2,2411.4899148596905,2408.4111736524897,2
1593,1594,-0.0009331435018225461,1,2399.312194119706,2399.4726037310393,1
1596,1598,-0.011355870221075499,2,2376.0062451193144,2351.400632800394,2
1603,1604,-0.0002742667060905724,1,2353.9441634099444,2355.6524990613348,1
1605,1606,-0.0035914858886723936,1,2362.491694851687,2356.369330962373,1
1607,1609,0.006318929253863661,2,2349.53353626386,2366.729605995355,2
1610,1613,-0.0003894568296122752,3,2369.2003850813276,2370.646884195719,3
1614,1622,0.004202679182071254,8,2377.8667788349408,2390.238056822924,8
1624,1627,-0.01053192106275027,3,2390.410000690713,2367.62480125652,3
1630,1635,-0.02146582940406966,5,2335.8599338129343,2288.0546228957173,5
1637,1638,-0.002449047918571248,1,2289.079947350254,2285.762960817103,1
1641,1642,-0.006000014400375186,1,2275.2330490508275,2263.856851041364,1
1644,1647,-0.030466675136756504,3,2207.3972450256047,2142.352587508664,3
1648,1653,0.00961065793523946,5,2153.9426346466944,2176.797383155059,5
1655,1657,0.004559111139114585,2,2184.94117576603,2197.087506594541,2
1658,1660,0.00808612207970279,2,2189.9785169615675,2209.8769291186068,2
1665,1668,-0.02516937590796186,3,2184.587857081854,2131.787731960074,3
1669,1670,-0.004151018349535868,1,2120.7986306904722,2114.115955289496,1
1671,1672,2.2673884335729175e-05,1,2122.4734662173137,2124.6440644014097,1
1677,1680,-0.012711335373109794,3,2097.4507465222323,2072.886797401131,3
1681,1683,0.00961616623959817,2,2085.7152453926888,2107.857545166242,2
1684,1696,0.019372069279660745,12,2112.0486284833783,2155.075429464854,12
1697,1699,-0.0040708262468629654,2,2168.486508458429,2161.8274631722866,2
1701,1702,-0.005716273446794511,1,2161.9995082781597,2151.8029274052847,1
1703,1708,0.011244065790733712,5,2151.6791394428583,2178.024440386746,5
1709,1713,0.007111777577890734,4,2185.8870283913984,2203.618457776106,4
1715,1718,-0.003903779489812267,3,2215.6139643392385,2209.1803099522485,3
1724,1727,-0.0056890496986429714,3,2238.5087258177427,2228.0122471515374,3
1729,1730,0.008712781377445113,1,2227.2397009359142,2248.872393226271,1
1732,1738,-0.00786766279789072,6,2262.804567582828,2247.264388835142,6
1744,1745,-0.00449693234502223,1,2269.7787503807313,2261.8414876524807,1
1746,1747,-0.0009256272067378776,1,2258.3538009331646,2258.521761013514,1
1749,1750,-0.0022844949551535524,1,2251.6129367657286,2248.7207513074945,1
1752,1753,-0.0014322467621557767,1,2246.7789553449857,2245.807792416258,1
1754,1759,0.005234553152343771,5,2250.9050901504015,2264.9384775758253,5
1760,1761,-0.0047829895766054635,1,2255.734981841505,2247.2015599176143,1
1783,1788,-0.03164878140981508,5,2209.1437772349514,2141.436212503624,5
1796,1797,-0.0027928948578029586,1,2129.6540984102676,2125.835852528329,1
1799,1800,0.003957486260131341,1,2146.3964227370407,2157.0371535115546,1
1805,1806,-0.0016473756827112666,1,2173.2717971699867,2171.8648738565767,1
1807,1809,0.005833963465367597,2,2182.537449482347,2197.4528306739057,2
1813,1814,0.0003375874955252262,1,2197.165128615332,2200.104029216972,1
1824,1825,-0.011215920452995739,1,2141.346430165462,2119.4706053725854,1
1827,1828,0.0044717605539202916,1,2100.748853652677,2112.243648363787,1
1830,1834,0.008912509873170736,4,2110.728421792557,2131.651038113158,4
1839,1842,-0.007778140701562743,3,2100.5398540429915,2086.302099363048,3
1846,1849,0.008132237268319416,3,2119.883953484836,2139.2432367293627,3
1850,1861,0.01634230966328284,11,2148.7083173712754,2185.9718823871995,11
1864,1867,0.007018690147638216,3,2179.1224832128587,2196.5961911994946,3
1868,1872,-0.011762427954753366,4,2210.1551147921414,2186.3684796003613,4
1873,1880,0.020677627245896932,7,2178.831742689106,2226.0636450386482,7
1883,1888,0.008268070261718559,5,2263.0108188886893,2283.984562161179,5
1889,1891,0.0034697402668776222,2,2289.7542228842212,2299.9888295355,2
1892,1893,0.002329856259733644,1,2307.4278386058113,2315.1112416380765,1
1894,1896,-0.00447100266798066,2,2318.4114724765636,2310.3642600701205,2
1897,1900,0.0042947697443295706,3,2319.8513196122235,2332.1343981906493,3
1905,1909,0.004933562388079461,4,2320.2357920757013,2334.0030559030374,4
1910,1911,-0.0014187684617082354,1,2341.697195232826,2340.7165663005917,1
1913,1915,0.0032351533374032782,2,2305.4554740796925,2315.219431524976,2
1919,1921,0.002549514666623707,2,2316.8000573580257,2325.0235731412527,2
1922,1933,-0.008700344377176455,11,2325.0947865376274,2307.19075597171,11
1934,1935,0.0015675540756757973,1,2310.7613001369605,2316.694304731041,1
1938,1942,-0.008362444327937122,4,2305.1015545189143,2288.1303726535275,4
1944,1949,-0.002675798018827484,5,2299.4141639446466,2295.5608102442443,5
1951,1952,-0.003798984872736335,1,2285.690323341256,2279.292710702464,1
1956,1961,0.0419990652765568,5,2263.3694695186387,2360.6922410834363,5
1963,1965,0.0036010109950507206,2,2371.118145953999,2382.0276866140975,2
1966,1968,0.010507193814418132,2,2384.845136816434,2412.2880120231534,2
1969,1973,0.0013407556561442048,4,2431.482099972864,2437.173605451189,4
1975,1979,-0.0077590331450032935,4,2441.1176451750594,2424.6180501004687,4
1980,1981,-0.0016122102738791695,1,2421.589060310667,2420.106538608831,1
1985,1987,0.005232197694928686,2,2415.967982620981,2431.024772713293,2
1988,1992,-0.014660085995242225,4,2430.430897673443,2397.23100260573,4
1993,1994,-0.003052176252669508,1,2400.4266373940254,2395.50053885249,1
1996,2000,-0.0075287722448867545,4,2387.8480791123484,2372.2583628484335,4
674,675,-0.0006390060484761872,1,1984.1623839252695,1984.8786545447076,1
677,678,-0.002987480495838229,1,1990.4427795999625,1986.4868133974255,1
679,684,0.0012062718335174847,5,1988.8841805310537,1993.272199678688,5
687,688,0.0016905910271094592,1,1997.1578984566886,2002.531433577997,1
690,697,-0.00123587715227495,7,2013.640469486454,2013.165497706806,7
701,704,0.0011739656142507738,3,2024.2660918219133,2028.666776699628,3
707,716,-0.009975375337724302,9,2014.0847937195308,1996.007626733895,9
717,718,-0.0008216609628302598,1,2000.1067792118454,2000.4634763290867,1
719,724,0.01266321179676081,5,2001.9685700399816,2029.3218906228963,5
726,730,0.006746356349556352,4,2029.591448549852,2045.3133871543314,4
737,748,-0.0023404281740023666,11,2072.420945103157,2069.643013679948,11
750,758,-0.007359562257103105,8,2063.4431822407637,2050.3205868593086,8
759,760,0.0021355710233780106,1,2054.4082042389746,2060.8499470743764,1
763,764,-0.0006820215951151081,1,2074.4349750461324,2075.094600570535,1
769,770,-0.0010489697541226082,1,2090.646470309577,2090.5440918659688,1
773,774,-0.002135350552625514,1,2084.18014499404,2081.81386991465,1
775,781,-0.005388646326038376,6,2081.8783539859955,2072.741726196516,6
783,785,-0.003088421895633006,2,2081.7793637372324,2077.4317301321266,2
789,790,-0.0025771812427730044,1,2079.59819950249,2076.31829622973,1
791,792,-0.0009799650567697295,1,2075.1098422905284,2075.1514169984152,1
793,794,-0.0037688906680193876,1,2079.581967238892,2073.823832136423,1
796,800,4.937326930582299e-05,4,2074.2099894257944,2076.386609943625,4
801,802,-0.002186286707538337,1,2071.0784551299607,2068.621562288371,1
803,805,-0.0029228864153996656,2,2073.011548039265,2069.025382294574,2
806,808,0.004607676660759877,2,2078.6840199867083,2090.3406078506823,2
809,811,-0.0038064479370430444,2,2091.8720175763733,2086.001287668088,2
812,814,-0.0009195958797102574,2,2086.4580831596554,2086.6258429863533,2
816,817,-0.00468172013220323,1,2087.180697465614,2079.4962822722086,1
822,828,-0.007864228313986924,6,2077.8784895567946,2063.6154571957545,6
829,834,-0.0023529407247856408,5,2066.613141729689,2063.8171366478655,5
837,838,0.0004673561075098126,1,2068.562966959945,2071.598285463282,1
839,840,-0.0028702759194090426,1,2079.313784899342,2075.4248943985494,1
842,843,-0.0035079486036463745,1,2078.96351276815,2073.7495791292713,1
848,850,-0.00348556990855961,2,2079.063025581437,2073.895369087053,2
852,854,-0.0004171646458699603,2,2074.7156982714146,2075.9249159301357,2
858,860,-0.002515951207119626,2,2068.0361261433322,2064.9010842815383,2
861,863,-0.0014427941371568007,2,2067.9511711506016,2067.0354944960895,2
866,870,0.005724200685091049,4,2065.3801960234514,2079.2682269525258,4
875,878,0.010726775952392575,3,2111.8693437569923,2136.634762391957,3
881,882,0.0003669063912977539,1,2170.4360434307396,2173.402826330408,1
883,884,-0.002467583228874482,1,2181.5560810090014,2178.3544658916635,1
885,887,-0.003993816425600082,2,2178.429587886473,2171.9077696042455,2
895,896,0.0010199073646382588,1,2164.21777808621,2168.589297514847,1
897,900,-0.0019880728259997734,3,2167.0917605837258,2164.950516103645,3
901,902,-0.0016409550391368573,1,2161.602607389681,2160.217117305863,1
905,908,-0.002598440646933809,3,2169.11797544508,2165.650769105134,3
909,911,-0.0009724061776263674,2,2163.897575512673,2163.9572857180065,2
914,916,-0.004940937792770439,2,2153.8652312651975,2145.3769823747703,2
918,923,0.00144514413520524,5,2150.3169376146516,2155.5747724634925,5
925,926,0.0007561818774430968,1,2154.409985747445,2158.193521520997,1
927,928,-0.0025790690176573173,1,2159.0723300959557,2155.66300587262,1
930,933,-0.003274199724642458,3,2151.605359216603,2146.7121789011335,3
935,936,-0.0061262339507281586,1,2142.5711317900473,2131.587810912415,1
938,943,-0.006165701875324364,5,2142.532177349787,2131.4644948633086,5
947,951,0.005454404495354383,4,2103.33527859237,2116.911055269754,4
953,956,0.0010499866079746218,3,2119.3736383155674,2123.7183258914088,3
960,966,0.0006528070179068874,6,2140.2273824534227,2143.764765291058,6
967,970,-0.002292551539125566,3,2152.9156042827244,2150.1328499048013,3
973,978,-0.008181477161474448,5,2147.259455168564,2131.8389604315107,5
980,981,-0.0015116981528263268,1,2126.2346712507906,2125.1466808970363,1
982,991,0.004455240828132327,9,2126.1424514791697,2137.7410705869042,9
992,994,0.0004838468122436027,2,2133.3068591982305,2136.4723597807892,2
996,999,-0.0055240026291806296,3,2144.764718028977,2135.06179680564,3
1003,1004,-0.0025595873800917557,1,2146.6847303309314,2143.3367879164716,1
1005,1006,-3.2896767334611356e-05,1,2147.5605777933047,2149.6374905704333,1
1008,1018,-0.0032746756513991728,10,2144.7742390516055,2139.8955733122866,10
1020,1021,-0.0005746854731028027,1,2141.4239249230977,2142.3347036266127,1
1024,1026,-0.004522039507170389,2,2150.6587258648674,2143.0840208659306,2
1028,1031,-0.0030159627326558896,3,2147.913006518057,2143.58289394393,3
1033,1034,-0.0008629107299801061,1,2149.2895335840444,2149.584178117265,1
1041,1043,9.562676839583884e-05,2,2141.939622186163,2144.286388572518,2
1044,1049,-0.005557734735670701,5,2145.0994185006,2135.322624369433,5
1051,1053,-0.0038275599473623864,2,2147.3260797542707,2141.254386537231,2
1056,1057,-0.003452834953387329,1,2148.917243507672,2143.6463041808597,1
1058,1060,-0.00037404078857577333,2,2140.235419745087,2141.5751198206926,2
1065,1067,-0.0020968500396280265,2,2139.5155927688297,2137.1688650061164,2
1068,1078,0.003147532844897498,10,2142.349734273309,2151.235200161465,10
1080,1081,0.002515879243140356,1,2150.656881379519,2158.218331267878,1
1083,1084,-0.0018072500340197755,1,2184.7589451755366,2182.9952984427186,1
1086,1093,-0.010807940539945767,7,2192.0410605624925,2170.541652179376,7
1094,1097,-0.006059736261707103,3,2154.0071306903146,2143.108422703185,3
1098,1101,0.0022777687757455185,3,2135.5819673797514,2142.581911270474,3
1108,1110,-0.0030512047555727863,2,2162.212178379606,2157.7770384767564,2
1113,1116,-0.008961426107241682,3,2146.4302546401495,2129.341608773484,3
1118,1122,-0.001757901993930804,4,2130.713952540236,2129.0990801871094,4
1123,1125,-0.0019971889836220297,2,2130.401289218996,2128.276876522693,2
1132,1134,-0.0020567099733160557,2,2140.2230006448453,2137.9614056549435,2
1141,1143,-0.0022163404698138825,2,2145.9708515678813,2143.3606203740783,2
1145,1153,0.0032106421966241723,8,2142.8776793787765,2151.900570557773,8
1154,1157,-0.0026048740232664947,3,2159.2359457533075,2155.770644073865,3
1160,1162,0.001448815654013307,2,2162.2193837886057,2167.514260463038,2
1165,1167,-0.004867463625828162,2,2171.1322335024934,2162.7354585625594,2
1170,1171,-0.002820056755438527,1,2165.1742911751016,2161.2335510797466,1
1172,1178,-8.770519194639637e-05,6,2165.739672822099,2167.71546588121,6
1179,1186,0.016101461501693497,7,2167.413984754879,2204.4799315733967,7
1187,1188,-0.002268683354155146,1,2215.7377417649536,2212.926672174803,1
1193,1199,0.00224105279963011,6,2216.25889663309,2223.441908734728,6
1207,1210,0.006711219186832794,3,2232.210495126091,2249.4235595251566,3
1217,1218,-0.004493381797378737,1,2287.2410076812257,2279.250801578774,1
1219,1221,0.0033065832028011917,2,2276.650753741648,2286.4553396363563,2
1223,1225,-0.00325343594609879,2,2302.2152884255543,2297.027393738958,2
1226,1229,-0.007045898521372725,3,2291.940756827872,2278.0839155950925,3
1231,1237,-0.0036341703708520382,6,2295.78170855952,2289.7342284048887,6
1238,1240,-0.005813368498160286,2,2286.7390669214037,2275.732149133172,2
1241,1242,-0.002827819907316394,1,2280.8791223749427,2276.7100861088834,1
1245,1246,0.0001714171201324811,1,2292.1021965493896,2294.787204303521,1
1249,1250,-0.0006241809427304141,1,2297.9086996764586,2298.7722975576626,1
1251,1253,-0.004693544283964415,2,2301.3502179105835,2292.8500789678196,2
1256,1257,-0.003913156658418316,1,2292.8560879756014,2286.1766389961203,1
1260,1261,0.004499465330666114,1,2319.3500150661393,2332.1052000636755,1
1265,1267,0.006150628692770767,2,2351.7235641783195,2368.539866173798,2
1269,1272,0.00010873232356286861,3,2377.8178872472886,2380.4542507984256,3
1280,1282,-0.009022638034361104,2,2382.3635580165815,2363.250717524362,2
1284,1288,-0.000406917413709104,4,2345.6417252542556,2347.032884515181,4
1290,1296,0.0075394772881427355,6,2359.258157818159,2379.4049892737125,6
1297,1298,-0.00347260112791245,1,2383.5956742162225,2377.7019928636682,1
1300,1302,-0.00742730011378728,2,2372.896157653635,2357.6448419095423,2
1305,1306,-0.0005125905220470263,1,2329.523365953625,2330.658797721304,1
1307,1309,0.0017027107342928848,2,2338.619961258194,2344.940574530918,2
1310,1313,0.006908698888724842,3,2348.5287616041755,2367.102568411213,3
1316,1318,-0.01347322019255507,2,2364.468474865631,2334.975938940277,2
1320,1321,4.580852695881474e-06,1,2337.180761759162,2339.5286488017146,1
1325,1330,0.0079734476040851,5,2334.039286459715,2354.9836657026376,5
1332,1334,0.007388729586798869,2,2391.774889729715,2411.8388425121534,2
1335,1338,0.0004241188559148965,3,2425.884745134203,2429.339493342025,3
1339,1341,0.0009688788124221945,2,2430.8423854479574,2435.6284195170037,2
1351,1352,0.00038856354180491666,1,2417.7207164711153,2421.0778753122736,1
1353,1356,0.005339387636065181,3,2420.19956210568,2435.542145286503,3
1357,1358,0.0034358441257117773,1,2452.558465949691,2463.4376330138384,1
1361,1362,-0.0028388138676865068,1,2464.87738103018,2460.344930319795,1
1363,1365,-0.0005304834914418215,2,2458.0269993266324,2459.181083581298,2
1370,1371,-0.0027278890953383737,1,2471.566651311036,2467.2960582458336,1
1372,1373,-0.0015382154653104298,1,2472.9282833904185,2471.5973151436942,1
1376,1383,-0.01114460623341763,7,2472.773634238714,2447.688319414985,7
1384,1385,-0.006592216645442678,1,2444.3522056168763,2430.682858525301,1
1388,1390,0.000651540253583394,2,2423.1123100281293,2427.114177547094,2
1393,1394,-0.0003080095251151413,1,2437.822796377256,2439.5097465318063,1
1395,1398,0.008743665300161352,3,2439.2552929246,2463.022580080504,3
1405,1410,-0.00456414132764902,5,2462.7781549335214,2454.0004655306916,5
1414,1418,0.003832730392923426,4,2451.2750623433176,2463.1214138385194,4
1424,1425,0.002474203950828026,1,2482.4649812424777,2491.0895708881026,1
1427,1428,-0.0029276021078078595,1,2496.6985533612196,2491.8859119671997,1
1429,1430,0.0016770806394989508,1,2493.9144791875374,2500.5908893563364,1
1431,1433,0.007878078527051465,2,2502.7779819745324,2524.9978414342777,2
1434,1438,-0.006300847240799576,4,2527.467439296428,2514.0697204946227,4
1440,1443,0.00010362434307343866,3,2524.6113608181586,2527.3975833727573,3
1444,1448,-0.009005516938420319,4,2524.359110030906,2504.150310416898,4
1453,1456,-0.007162497898191129,3,2497.5102897785846,2482.1193878671133,3
1462,1463,-0.005184061999211829,1,2430.820607839868,2420.649903707704,1
1471,1472,0.00084982431608873,1,2428.6698696438025,2433.1624822244216,1
1474,1478,-0.023434249614173175,4,2433.9242135945287,2379.320950244769,4
1483,1489,0.008782726792423267,6,2363.0284474038062,2386.145309107482,6
1492,1493,-0.0013369100328332094,1,2392.2131574396494,2391.4071968262324,1
1494,1496,0.0023164457037621326,2,2371.998096168324,2379.8646990636935,2
1497,1502,0.007124891852345419,5,2398.091729683777,2417.5759656394616,5
1503,1510,0.0023394176525504207,7,2421.787000551146,2429.8743588115035,7
1513,1517,-0.0025524534738918326,4,2419.705546793673,2415.949066511758,4
1518,1519,-0.00109085340527096,1,2426.677820601518,2426.4573486580207,1
1523,1526,-0.0021189102172393484,3,2455.4790847300833,2452.7316240939613,3
1530,1534,-0.004740988614014081,4,2433.829615387233,2424.724686507619,4
1536,1540,0.0036016565055392103,4,2455.6718105487234,2466.971968711204,4
1541,1543,2.326460937465951e-05,2,2477.690888130625,2480.226221529419,2
1551,1552,-0.0017763056674245648,1,2481.8162374883127,2479.889589477644,1
1553,1555,-0.001813592438006795,2,2478.779977900606,2476.7632612551033,2
1556,1558,-0.0028872537196015435,2,2479.3992166375087,2474.7199612435325,2
1559,1560,-0.004339889983989006,1,2478.2736395411075,2469.99647823482,1
1562,1563,-0.0026373538537980403,1,2470.837495421682,2466.7918601264446,1
1573,1575,-0.004744679071849762,2,2445.3981403005173,2436.2409090621936,2
1576,1578,-0.0069378044759885755,2,2435.6924918074183,2421.2298260274324,2
1580,1582,-0.004145945584920311,2,2413.8846129952713,2406.2906633545117,2
1583,1591,-0.0012786500632661598,8,2406.4822040644767,2405.8116376460653,8
1592,1593,-0.0044566720025271366,1,2411.1073300803682,2402.7729228773915,1
1595,1600,-0.013716501445158673,5,2385.049219791606,2354.7197379413515,5
1601,1602,-0.003319987646891953,1,2362.031802449422,2356.551917846173,1
1605,1621,0.011315531894887359,16,2359.7706755353724,2388.832506554548,16
1622,1625,-0.005036808644913135,3,2390.6094889481456,2380.9590558965483,3
1628,1631,-0.019832701186531635,3,2365.4527094737705,2320.9048454253793,3
1632,1633,-0.013683963068679295,1,2318.2775199709145,2288.872573524654,1
1644,1651,-0.02274496787567237,7,2207.71857728669,2159.711807745066,7
1653,1664,0.006731753673533751,11,2176.632176803993,2193.461360632929,11
1668,1670,-0.009206378085745759,2,2129.3756482578447,2111.901186601661,2
1671,1673,-0.0013823570366663272,2,2120.3097354002966,2119.499020053054,2
1675,1676,-0.006122764052100909,1,2117.013982311829,2106.169019185447,1
1677,1679,-0.017166717484274212,2,2097.790053989318,2063.8756748451524,2
1680,1684,0.0168111494054699,4,2077.334884351005,2114.334606341375,4
1687,1691,0.004652525727800721,4,2120.76511927711,2132.752798676446,4
1693,1697,0.011415241863255744,4,2140.143765050406,2166.7141675156454,4
1699,1700,-3.67439764314189e-06,1,2159.296368664858,2161.447730920035,1
1704,1707,0.0047979516023517145,3,2154.733245512758,2167.226284586219,3
1708,1712,0.005102353411952699,4,2182.667673524163,2195.987083048852,4
1713,1714,0.00501748585648477,1,2205.0128964128985,2218.2815303304296,1
1723,1729,-0.007426372402243554,6,2238.5859140172274,2224.199927279336,6
1733,1734,-0.0040054136461244476,1,2260.4207701229298,2253.627270694419,1
1738,1744,0.004610976342792195,6,2250.398591476426,2263.0255247350533,6
1745,1747,-0.0022058520676405567,2,2261.3790719757667,2258.6521833461056,2
1751,1753,-0.0019822325200746374,2,2245.0727975032614,2242.867613991619,2
1754,1758,0.0042415032461886,4,2250.0240442926292,2261.8175526247915,4
1759,1761,-0.009340942891118777,2,2267.890494405325,2248.974149308179,2
1764,1768,-0.007963222601978081,4,2235.70684522707,2220.139120790988,4
1772,1773,0.00017030105670819552,1,2229.311294560734,2231.92025992449,1
1775,1776,-0.0022976074528599203,1,2243.4226492109333,2240.5115672614024,1
1779,1787,-0.03727841658099198,8,2223.911798739463,2143.2318000654095,8
1790,1795,-0.0004996820553546151,5,2114.9811548562866,2116.039317880648,5
1797,1798,-0.0008502770126560124,1,2132.37624100123,2132.695506742174,1
1799,1810,0.02260315636207169,11,2151.3452469569447,2202.123785209669,11
1812,1814,0.00026344205412752756,2,2197.9148550503273,2200.6917931095895,2
1817,1818,-0.004478784343637154,1,2194.0566315649667,2186.423981706025,1
1821,1826,-0.03325522755208767,5,2165.458312639627,2095.610962010876,5
1828,1830,-0.0025262276549371087,2,2111.6755061888116,2108.452608633013,2
1837,1839,-0.00802048414119507,2,2116.007002174479,2101.1516085730555,2
1844,1846,0.011477021932741971,2,2090.6605808929144,2116.7457988146343,2
1850,1851,-0.00251475823829057,1,2147.939298919171,2144.685690170785,1
1852,1853,-0.0009017824799308955,1,2151.033814541077,2151.245083747926,1
1854,1862,0.009363434296238739,8,2155.356683532786,2177.693580907537,8
1865,1868,0.012435321070711453,3,2185.1071863034936,2214.4648029254,3
1870,1872,-0.013462578141324181,2,2210.7574275584666,2183.2056903660064,2
1873,1879,0.01628525096217442,6,2171.898552057727,2209.440363594428,6
1884,1891,0.014990827100325444,7,2265.7848633239378,2302.0166373198854,7
1897,1901,0.006183939190538199,4,2316.088867185521,2332.727508767264,4
1903,1912,-0.0004907885239495477,9,2327.1219281985504,2328.306925390558,9
1914,1920,0.0034301765816620684,6,2309.1612541679715,2319.391246279468,6
1923,1925,-0.010812303632824087,2,2315.697752268487,2292.9754228013803,2
1930,1931,-0.003344905399549897,1,2308.4573407440503,2303.044226661109,1
1932,1933,-0.0008516890531819879,1,2303.6744841412337,2304.016144285137,1
1935,1937,-0.005221180870743365,2,2322.28175489037,2312.4789835701504,2
1940,1943,-0.004618635002635005,3,2295.4698567959376,2287.1633892246423,3
1946,1947,-0.0010195189382987628,1,2301.537514736702,2301.4925911679597,1
1950,1953,-0.011032276427511065,3,2288.8927577413315,2265.9299528827423,3
1954,1955,-0.0038459432490944804,1,2267.3883468303266,2260.9354882715893,1
1956,1958,0.013658955442084189,2,2263.8014227692547,2296.986386955356,2
1959,1961,0.011604476735867179,2,2330.2881676878633,2359.6602306853515,2
1963,1967,0.00408163070983532,4,2378.6755631078668,2390.7631138980905,4
1968,1969,0.0013776715672014451,1,2417.098568676906,2422.8456352187723,1
1970,1971,-0.005203686206907208,1,2432.942854444166,2422.715526124746,1
1978,1980,-0.005091524985384577,2,2427.7411459364116,2417.8079823797666,2
1985,1988,0.004172679345275871,3,2415.8088840370256,2428.305088753618,3
1995,1997,-0.006282798908392941,2,2389.83433838117,2377.20932414713,2
672,674,0.0032130396998820473,2,1976.423715426565,1984.7504670034455,2
675,686,0.005316255917099014,11,1983.2829813010753,1995.809904167,11
688,690,0.003564595573165688,2,2001.8609898615593,2010.9986756739745,2
691,692,-0.0020819464768828287,1,2014.3493253484469,2012.1699071926748,1
698,702,0.0003814311935988993,4,2018.8387973426186,2021.6276842321154,4
703,708,-0.007243816040145733,5,2026.4944609907084,2013.841402369908,5
711,713,-0.003937004049740472,2,2001.111888282089,1995.2346145622207,2
716,718,0.0004454382795778956,2,1999.2756352861873,2002.1654648208573,2
722,727,0.0016647768391948618,5,2023.3220177886428,2028.713719439879,5
728,730,0.0016833705650688654,2,2039.3556230597871,2044.8279699104135,2
732,736,0.008030723614004462,4,2047.6529346987504,2066.14472240942,4
741,743,-0.004294275896769156,2,2069.37289183069,2062.555806591705,2
744,745,-0.0006226285626341284,1,2067.14042493804,2067.920504691436,1
750,763,0.001430062490396543,13,2067.7359203141796,2072.7606478141806,13
766,772,0.0021002727384034038,6,2080.9064508512006,2087.3578283919423,6
783,792,-0.0016943670514108261,9,2075.948410428158,2074.506940251528,9
793,797,-0.0029897788109790853,4,2075.900398173009,2071.769815547021,4
798,801,-0.0019584376770900172,3,2074.5567025830064,2072.5683692759912,3
803,806,0.0002473690587315013,3,2073.1699574113222,2075.755965469689,3
807,808,0.0021343831760741385,1,2079.6018136231874,2086.120082560741,1
810,811,-0.004351591176039109,1,2092.8772787224852,2085.862809702586,1
814,820,-0.004737142208163245,6,2086.6796018030213,2078.88138338821,6
825,826,-0.001279453978658199,1,2070.0347767293656,2069.4562972750477,1
827,828,-0.004427728985151339,1,2069.8871646356247,2062.7921524054104,1
829,834,-0.002192286889060396,5,2068.7821802551166,2066.3155983852766,5
838,839,-0.00015171192521906728,1,2073.334801393391,2075.0935865804413,1
840,844,-0.00310636190946018,4,2078.614038146172,2074.2357247117516,4
848,850,-0.0036169569203276055,2,2076.4516454136574,2071.0176609104665,2
853,856,-0.003169206583382704,3,2079.210942270799,2074.700704206584,3
859,878,0.03095448345704388,19,2066.1810427778432,2132.2047907285455,19
879,887,0.008940002876196385,8,2147.1944606825514,2168.537579797489,8
888,891,-0.0018588417623783494,3,2173.7101204365786,2171.843247405843,3
895,896,0.0018585772287672596,1,2162.1405518319348,2168.321197578796,1
899,902,-0.0024173500225187663,3,2164.4175279648807,2161.3497907328797,3
905,909,-0.0035208190977407666,4,2170.55357993501,2165.0820070180403,4
910,916,-0.012194062137374489,6,2161.87599788918,2137.67582363551,6
918,919,-0.0020716368707802144,1,2151.937655864039,2149.6315601283945,1
920,922,-0.0002048130273557805,2,2153.041331995432,2154.753402414199,2
924,926,-0.002101852470594738,2,2159.37348753225,2156.9941765200756,2
930,932,-0.0025930051734287135,2,2152.4612424696397,2149.032360574781,2
933,934,-0.0018558796051184935,1,2147.93548263219,2146.097108459495,1
935,943,-0.008871662362703054,8,2145.803091448323,2128.9120540155973,8
949,954,0.0016554998353326394,5,2109.298569980198,2114.8998119854477,5
955,958,0.007181128904622591,3,2117.857145379843,2135.1836076877717,3
964,965,-0.00020586346018665205,1,2136.349879757699,2138.0464332590404,1
966,967,-0.0016756737509343342,1,2146.4794261797474,2145.029106374557,1
968,970,-0.00228651911683563,2,2150.654021843368,2147.887164330567,2
973,979,-0.011624005358011426,6,2147.5378461900636,2124.722392605608,6
980,982,-0.0018281083183806705,2,2126.5851873323218,2124.8241444489468,2
983,986,0.0007486404144515955,3,2122.108054926859,2125.8188588355374,3
987,995,0.004824206517790248,8,2130.9902374670537,2143.4015646974567,8
998,999,-0.0011336440693566815,1,2138.8592422597153,2138.5733964067986,1
1000,1001,-0.0035024847337904595,1,2146.3669641450147,2140.9957135841296,1
1002,1005,-0.001744258297981237,3,2145.0084682872307,2143.412027935468,3
1006,1008,-0.004106778334833444,2,2150.843523270546,2144.1613292108323,2
1011,1012,-0.0041711248025027205,1,2145.2628883596885,2138.4599920065225,1
1016,1018,0.0007660342919512744,2,2132.6809626453855,2136.447350359209,2
1023,1028,-0.005909382412131646,5,2148.977734844915,2138.427581349405,5
1029,1030,-0.0012205784830340485,1,2145.0244240999723,2144.5512778664333,1
1032,1035,-0.0013947295631093514,3,2148.3230001457882,2147.474993546523,3
1037,1038,-0.0016801899452218057,1,2150.448520977179,2148.9858075154934,1
1042,1043,-0.0017491956470300758,1,2144.7348628204004,2143.1280367971417,1
1049,1050,-0.002019681422505871,1,2137.3827633729697,2135.203313876374,1
1052,1055,0.0018365790821550832,3,2145.163939278704,2151.2488664366556,3
1056,1062,-0.0033620594576887837,6,2149.3146722451993,2144.2378631960732,6
1067,1069,0.0022794224104159097,2,2135.364458388403,2142.3672204476475,2
1075,1079,-0.003660036604509618,4,2155.2699566993933,2149.536859721973,4
1082,1083,0.005013620670829918,1,2163.5503440628986,2176.5611151343364,1
1084,1087,-0.003184997640750687,3,2188.3986225865765,2183.6169767592028,3
1090,1092,-0.00764307928234868,2,2185.599868772025,2171.0807555642814,2
1096,1103,-0.0034505766477799047,7,2150.105482661696,2144.8364843756217,7
1105,1106,-0.002887340630654508,1,2153.6494894077505,2149.584819222203,1
1107,1109,-0.002682427024557216,2,2154.624352018387,2150.9993537807823,2
1113,1115,-0.005764012529425652,2,2141.1402290882274,2130.939810209594,2
1116,1117,-0.0019869357682626198,1,2129.8470147726266,2127.74499257282,1
1118,1119,-0.005080042073051718,1,2134.261707176221,2125.553829616039,1
1123,1126,-0.0053650952889070895,3,2132.0942865824773,2122.7874918566104,3
1128,1129,0.00039855551302153095,1,2124.630046555061,2127.601459619802,1
1130,1136,0.0024266675157070044,6,2135.212245882291,2142.5289083243956,6
1138,1139,-0.002537839015394907,1,2150.2438230195717,2146.9370941759203,1
1140,1142,-0.0023534929647447723,2,2147.362836408707,2144.4563959168736,2
1150,1152,0.001125664179121186,2,2147.532999104434,2152.097933074111,2
1154,1173,0.0021342784939730464,19,2159.8991543580473,2166.6688798267023,19
1174,1180,-0.004372639540474769,6,2171.3460095496553,2164.022842141796,6
1185,1190,0.003173646564470941,5,2193.872070033537,2203.0285166615213,5
1192,1193,-0.0009124425085884947,1,2215.881036410447,2216.0750533952614,1
1195,1202,0.005291935666333288,7,2212.0481348909125,2225.9661994464786,7
1203,1206,0.0009717510691218357,3,2224.9308192273043,2229.317828948838,3
1208,1210,0.002362013684514767,2,2240.095523054557,2247.6267548576866,2
1214,1217,0.005371421016892976,3,2268.351278712835,2282.803899723722,3
1220,1221,0.0008984965248414942,1,2288.3005629433724,2292.644893609913,1
1222,1224,-8.367384141771852e-05,2,2298.3792271289517,2300.485292137112,2
1225,1227,-0.011764526708352395,2,2302.258448038694,2277.4757254852516,2
1228,1229,-0.002285037249032129,1,2281.3320309599912,2278.4004343227975,1
1231,1233,-0.0023426779541013115,2,2294.157516208957,2291.0772014887075,2
1235,1238,-0.007325299954448333,3,2297.6692124441843,2283.1357654793737,3
1241,1246,0.006111033165729869,5,2279.4439873053398,2295.6531890984916,5
1247,1249,-0.001859812807484098,2,2299.866368707684,2297.8889141483673,2
1251,1252,-0.00339168918869613,1,2296.4613642634545,2290.968942446287,1
1256,1258,0.0014538382763573986,2,2287.5853515534814,2293.198716049558,2
1261,1262,0.002811402689814986,1,2327.5699594143443,2336.4412658183887,1
1265,1266,0.006222390544108236,1,2349.551114121511,2366.5204898710413,1
1267,1268,0.001130859592894047,1,2370.0382886784164,2375.088507501373,1
1274,1275,-0.0002751588482294566,1,2384.8554253400903,2386.5840666934,1
1277,1283,-0.013136683367408718,6,2383.7719090172236,2354.840824137358,6
1285,1286,-0.0022825555608114345,1,2343.486672146892,2340.4810202838426,1
1287,1291,0.007256758540539564,4,2347.327236352811,2366.708550559008,4
1296,1298,-0.0012190044466182442,2,2379.2163853477923,2378.695326379934,2
1300,1302,-0.004768020806652865,2,2370.6433850826584,2361.710751482513,2
1303,1305,-0.011666543347283207,2,2346.3532650408392,2321.3257862312416,2
1306,1312,0.011329123072037525,6,2332.3523085171646,2361.1081671762236,6
1314,1316,-0.005751347443590905,2,2376.0211980359304,2364.7318957907246,2
1318,1319,-0.005151579133344131,1,2341.151937639501,2331.4324601072085,1
1322,1323,-0.0001783565206698608,1,2340.252891772422,2342.1757453009304,1
1324,1325,-0.0038381613880151275,1,2342.074492727993,2335.4273073348772,1
1332,1333,0.0038467245368009207,1,2388.44479015593,2400.020924125173,1
1334,1335,0.0008671772754419234,1,2415.0107694487106,2419.5200226773727,1
1336,1338,-0.00020006750708712637,2,2424.0313559421907,2425.9704173876485,2
1339,1340,0.001041039497248483,1,2433.526852285293,2438.493776708422,1
1341,1346,-0.007633779677158688,5,2440.4489066490783,2424.2595062890055,5
1347,1349,-0.0015257290696786053,2,2419.6140470221358,2418.3419855802135,2
1350,1351,-0.0035694531965137595,1,2425.9140211114895,2419.680748575477,1
1353,1356,0.007300777590951738,3,2418.007937894925,2438.0792840005465,3
1363,1365,-0.002972490296828686,2,2459.1358273964565,2454.2852058383332,2
1367,1374,-0.0007191931137921296,7,2471.3395874016173,2472.033556575918,7
1378,1379,-0.005156276527452634,1,2453.431347799092,2443.234208676518,1
1380,1384,-0.0004957623403141823,4,2443.364783803597,2444.596820343941,4
1388,1389,-0.0004340001003699382,1,2422.952300727892,2424.3236914869126,1
1392,1393,-0.0009354515092890998,1,2435.3940689552146,2435.551269966652,1
1395,1396,-0.002582914013321263,1,2444.2352061997126,2440.366192039966,1
1402,1404,-0.0027199962849806234,2,2460.8530523795316,2456.6203942715556,2
1405,1407,-0.00024010319853964867,2,2455.7848789810682,2457.6510220556806,2
1408,1410,-0.006494219416270703,2,2472.0023689463997,2458.420645533867,2
1413,1414,0.0012930340111760963,1,2445.6883874374666,2451.296434090599,1
1415,1417,-0.0010559482676670267,2,2457.995413238179,2457.857892652875,2
1418,1419,-0.0005028718700735309,1,2461.5632151885375,2462.7869275064,1
1421,1422,-0.0019433215305779748,1,2470.7161371135653,2468.3854573854796,1
1427,1429,-0.0024367622477283407,2,2496.6250407308976,2493.037984125642,2
1430,1435,0.009921393308503855,5,2498.0795986564426,2525.362108469319,5
1436,1437,-0.005143548342411487,1,2529.091514136987,2518.6121011857776,1
1438,1440,0.001151050599509249,2,2509.404173025811,2514.802028376609,2
1446,1448,0.0021995800325623144,2,2499.0163024013887,2507.0121050636,2
1451,1452,0.0002501288522008267,1,2494.9717565713618,2498.090792749678,1
1453,1457,-0.01121513799983468,4,2498.0444768726684,2472.5266078116892,4
1459,1463,-0.010270288182140725,4,2442.658009648357,2420.0138659685026,4
1466,1469,0.0024765700802987906,3,2412.477104874783,2420.8642505969965,3
1471,1476,-0.01441173024114754,5,2434.2863629297303,2401.6383709004126,5
1478,1481,0.0004735635970801015,3,2384.7856911661097,2388.2998245474496,3
1483,1485,0.0002081300739274121,2,2365.0030735401333,2367.860304878208,2
1489,1491,-0.003038515951384675,2,2390.6833701334313,2385.809923948704,2
1498,1500,-0.0015434912155849834,2,2405.9603503119656,2404.6527319965253,2
1501,1504,0.0015127838717405354,3,2410.984341777189,2417.0426243462257,3
1508,1514,-0.002104695882986155,6,2427.386555750298,2424.705031815745,6
1516,1518,0.0012777873970181005,2,2422.653071969879,2428.171360604559,2
1522,1524,-0.0016901201627353302,2,2450.1406059191613,2448.44971448548,2
1526,1530,-0.011134044751903688,4,2455.1617401273625,2430.28102117975,4
1532,1533,-0.003218097386983594,1,2431.295193679693,2425.9023441636064,1
1535,1538,0.007539888333997913,3,2431.83726235878,2452.6048810257794,3
1540,1542,0.00427781896235525,2,2466.231766309623,2479.2480910914146,2
1544,1546,-0.0002695261474971541,2,2478.2210479704427,2480.0313236467073,2
1550,1557,-0.001893679591287232,7,2481.957982338921,2479.739907143672,7
1562,1563,-0.0037039522222425997,1,2470.9764617534656,2464.295059458598,1
1569,1576,-0.016332243626913386,7,2469.366674475575,2431.5057430183347,7
1577,1580,-0.0064235481157900965,3,2430.0064175263215,2416.8271607991887,3
1581,1583,-0.0022051486180146226,2,2414.1073545148333,2411.197996372801,2
1584,1589,-0.0035892894671539486,5,2406.6375926197984,2400.406111249971,5
1591,1597,-0.018900628807782142,6,2402.22377171863,2359.2224556678643,6
1600,1601,0.0011666895115102108,1,2350.142250788559,2355.2342793538996,1
1603,1606,-0.004719536438259965,3,2359.3379567121465,2350.562313211986,3
1608,1609,-0.000569452956830671,1,2359.1471831174345,2360.162906961527,1
1610,1611,-0.004229351029958843,1,2371.625202305674,2363.966392015932,1
1613,1615,0.0014847841895495309,2,2372.0522696546996,2377.9463076311226,2
1621,1628,-0.014539818008441747,7,2391.8966920468765,2359.510846141568,7
1629,1632,-0.015903420862338095,3,2349.8901052357587,2314.8687040171862,3
1634,1638,-0.0006392474084534517,4,2295.645353998095,2296.4735140088214,4
1643,1644,-0.01891056078562734,1,2242.031035997693,2201.875002844193,1
1645,1651,0.0008443183191804027,6,2153.5072761353326,2157.4790290551973,6
1652,1658,0.004344687364827436,6,2173.474744414599,2185.0912874188434,6
1659,1660,0.006576854459475328,1,2194.3622103936686,2210.988573493194,1
1663,1666,-0.01775175312213532,3,2207.3686798463496,2170.3913846720297,3
1667,1668,-0.00945444534955315,1,2149.2079802731528,2131.03761885911,1
1673,1677,-0.017514469885156186,4,2128.651520683965,2093.4979692496377,4
1680,1681,0.0020213198782879915,1,2077.893898574105,2084.1718807148404,1
1683,1686,0.001544450131351246,3,2104.303451453846,2109.6577466473004,3
1688,1692,0.001098052933543348,4,2131.038740574072,2135.509772655228,4
1693,1697,0.010257643268355144,4,2140.676426195417,2164.7753977545026,4
1702,1707,0.005928174785008965,5,2150.13277864185,2165.029274343258,5
1712,1713,0.004165914476692109,1,2196.223507473781,2207.5690102850913,1
1715,1723,0.006267005198157155,8,2220.116606192695,2236.2502051104125,8
1727,1735,0.004423891111854581,8,2231.318070614552,2243.420496865479,8
1736,1739,0.004383704321154149,3,2241.5480853830277,2253.615917496379,3
1741,1743,0.0021809771221356525,2,2256.8652310799644,2264.044267747773,2
1744,1748,-0.005940495497045838,4,2264.8704977764255,2253.680915280769,4
1749,1750,-0.0029404794735602394,1,2250.711364753537,2246.343905549324,1
1752,1753,-0.0007540904940874899,1,2249.607499511682,2250.160699380384,1
1755,1758,-0.002816832529751935,3,2262.814261005886,2258.7031064477037,3
1761,1763,-0.008637373241505743,2,2256.220083121248,2238.98848823147,2
1765,1771,-0.010837404148419716,6,2240.9102471623632,2218.865507400692,6
1772,1774,0.0021745914556803594,2,2231.5296105272155,2238.613805361893,2
1778,1779,-0.004517473540927094,1,2229.977186249049,2222.1333004995467,1
1781,1783,-0.005323912691971551,2,2212.7946188201604,2203.2266880831176,2
1784,1785,-0.013141173863473795,1,2190.914428071122,2164.3141550799173,1
1786,1789,-0.008851260369218211,3,2150.485619246277,2133.601596729315,3
1796,1803,0.017918218783559956,7,2128.418620960586,2168.6845100949213,7
1808,1811,0.004534318748949995,3,2189.5219782933077,2201.6394908290144,3
1814,1816,-0.004349012860513886,2,2202.227061885731,2194.851775133704,2
1818,1821,-0.011678396870760683,3,2192.0857452167593,2168.6777836545975,3
1822,1823,-0.00610927111131216,1,2162.7281638697127,2151.678199340432,1
1824,1827,-0.02089073597894489,3,2139.640550816318,2097.0815255301864,3
1832,1833,0.001363629935935667,1,2126.0172096240235,2131.0423275450053,1
1836,1837,-0.0037260564702328255,1,2119.3551020256864,2113.5776203370883,1
1842,1843,-0.0015364841520006606,1,2082.4803158815544,2081.3630981952306,1
1847,1848,0.0019132131533719614,1,2128.45698541787,2134.6576343041756,1
1851,1853,-0.0013266747806317581,2,2149.604862714359,2148.902641017387,2
1857,1863,-0.003451729257185247,6,2181.662458648248,2176.3136129690774,6
1867,1869,0.004202732875638823,2,2202.5054559418304,2213.964503486233,2
1878,1881,0.021193470989699262,3,2198.2740764505925,2247.0614083937066,3
1885,1890,0.006974348693214445,5,2271.746194042652,2289.861890336431,5
1892,1894,0.0005525357806226,2,2313.461829935104,2317.053562203183,2
1895,1897,-0.003673056643691212,2,2318.572958241865,2312.3752813919536,2
1898,1901,0.0037313132531700778,3,2320.410000607647,2331.3885871963103,3
1904,1912,-0.0008650723222175909,8,2325.025648970007,2325.339359281607,8
1913,1914,-0.0030326574235191,1,2311.054859811916,2306.357276994959,1
1916,1917,-0.0014183967157943398,1,2313.2936229111015,2312.3257484566075,1
1918,1919,-0.0023083296979453157,1,2315.8904275256746,2312.8604793021555,1
1920,1922,-0.0027508580858853888,2,2323.9608436848866,2319.89191805044,2
1923,1925,-0.008623838586874759,2,2311.6185954239027,2293.9951883779727,2
1928,1932,-0.001869931439073571,4,2305.6191643094717,2303.6134337119083,4
1935,1940,-0.012980770309835674,5,2320.271207248795,2292.472570858222,5
1942,1945,0.001840241157897893,3,2289.279298801589,2295.781404087969,3
1947,1950,-0.007431813773857539,3,2301.9671677616225,2287.1613436250454,3
1954,1962,0.04097366957981658,8,2267.517318486639,2362.693341179309,8
1963,1966,0.004866178606773927,3,2373.240473775442,2387.1623262714334,3
1967,1969,0.011840490206999236,2,2391.5519523170715,2422.2606517403287,2
1972,1976,0.0009577677406744445,4,2431.5037976615376,2436.264117357927,4
1978,1981,-0.0065948091500280075,3,2434.305558674561,2420.6860836609244,3
1991,1992,-0.004760959617220146,1,2407.635270233346,2398.5802512090036,1
1999,2000,-0.0015961623138413131,1,2374.875003568929,2373.4591925917175,1
673,680,0.0033981251136368795,7,1982.4536123793505,1991.1726913985763,7
681,682,-0.0028737379671034662,1,1989.644248869798,1985.9161768996617,1
683,684,-0.0018002107028692528,1,1991.7758304256515,1990.1819900884286,1
690,693,-0.0002994312341387808,3,2013.0706555046934,2014.4809499294117,3
694,699,0.001014338363120231,5,2013.9091104323888,2017.9658048133701,5
703,706,-0.006284598411005459,3,2027.6596513654267,2016.944284393761,3
708,710,-0.005972018106994016,2,2015.519966309301,2005.4987645418032,2
714,718,6.29389592947025e-05,4,1995.987857245493,1998.1094705012383,4
720,721,0.0024330599202089585,1,2007.448888208866,2014.340580528844,1
733,734,-0.0001411056246035441,1,2049.807704779864,2051.5682730881435,1
737,742,-0.005975554214486434,5,2071.388828835261,2061.0825214181095,5
743,747,0.00017228592606268714,4,2067.373920683218,2069.797474034344,4
750,752,-0.003039932544815422,2,2065.281831024958,2061.0687954036343,2
754,757,-0.006162393049277967,3,2060.421708078284,2049.7850013739194,3
762,768,0.005635515921272286,6,2071.6520235102607,2085.398503495599,6
769,772,-0.0022553892169914075,3,2091.437696893508,2088.8121285608186,3
776,777,-0.003923226269750136,1,2084.0522126901647,2077.960056514498,1
779,781,-0.0053498088223009315,2,2081.509968559649,2072.455798134701,2
782,784,-0.0035721434198909747,2,2079.237951094056,2073.8898528797617,2
787,788,0.0010552704205084571,1,2074.5788008735276,2078.842621317977,1
791,796,-0.004654351642404615,5,2074.6836604726655,2067.102036830547,5
798,804,-0.0030809701397426733,6,2075.493005057644,2071.1739660888743,6
808,818,-0.005875493953766497,10,2089.6758737032424,2079.4876716156705,10
822,823,-0.0017114431416212555,1,2075.9338018454187,2074.456892979636,1
824,825,-0.004280915371568906,1,2071.5282784341707,2064.7317694628164,1
826,827,-0.0012018463765165446,1,2067.1774163154014,2066.7601640443013,1
828,831,-0.00549704852511413,3,2067.2309643287626,2057.9345263695577,3
832,833,-0.001219448795633323,1,2060.3893318812056,2059.9371819237886,1
834,841,0.005493385186282408,7,2063.772512338864,2077.173382198342,7
842,846,-0.0025602832014389914,4,2081.890213481071,2078.6418751537362,4
847,848,-0.0002969218686247414,1,2079.0841527452694,2080.5459113463535,1
849,851,-0.005080229020204766,2,2079.2697164009137,2070.7858197632218,2
857,860,-0.0058373169901052395,3,2075.5901490952583,2065.5498616025448,3
864,866,-0.004270094035823118,2,2070.6237117248083,2063.852577474663,2
868,875,0.01778447317222398,7,2070.6161782854906,2109.5116123364674,7
877,879,0.007281649840618419,2,2129.689519122488,2147.3268619890955,2
880,885,0.002680852395451648,5,2164.6258058552585,2172.5934739379973,5
889,893,-0.004096136662582904,4,2173.4189014595754,2166.6896995156158,4
894,897,0.0004930829759148495,3,2166.226848741303,2169.4612051711283,3
902,905,0.0034847993295754774,3,2162.594818446298,2172.2936222382095,3
906,912,-0.00190985956610977,6,2163.3122610359083,2161.343950680722,6
913,915,-0.008063029705194904,2,2162.6298466594426,2147.355127811146,2
916,918,0.000781615202662424,2,2142.3724751723807,2146.1893585439134,2
923,928,-0.002696467679924516,5,2158.140858740858,2154.47964252528,5
931,934,-0.005599639855907418,3,2155.7340759905496,2145.8184756158857,3
938,939,-0.0019070247118670965,1,2139.8822995085266,2137.9413733823853,1
942,943,-0.0030098409845263434,1,2136.5209190972364,2132.226851789737,1
948,954,0.004527877063732896,6,2107.8707988805286,2119.5228495229726,6
962,964,-0.0032531913033461775,2,2141.41054741708,2136.585539794746,2
965,969,0.0027918934973274554,4,2141.6068872834235,2149.727632513145,4
970,972,-0.0018693993205919457,2,2148.9183152739192,2147.0500471506125,2
974,979,-0.009500406814366726,5,2147.3967450958435,2129.142999170682,5
982,983,-0.004229558929025212,1,2123.256067101809,2116.3988865116935,1
988,991,0.002176397151128681,3,2126.595911515996,2133.350824710937,3
997,999,-0.0007326201935424184,2,2137.3260313353303,2137.8975091559255,2
1001,1003,-0.0023654620663038734,2,2145.6428641617276,2142.713070222879,2
1004,1005,-0.0018883498127380306,1,2144.6069310106604,2142.7017698451004,1
1006,1008,-0.002403923738752296,2,2145.192748259681,2142.1810612362,2
1018,1021,0.0014126823149627002,3,2139.7267282936646,2144.8892091298717,3
1022,1023,7.260219043471331e-06,1,2148.825684066618,2150.9901106958373,1
1029,1031,0.00020437686330496098,2,2145.045153940891,2147.628596695042,2
1032,1043,-0.0029886011430870123,11,2150.518133660151,2146.241610841325,11
1045,1049,-0.0017754249066664223,4,2138.129366581751,2136.4714078172287,4
1052,1055,-0.0008713928505474352,3,2146.6685861332912,2146.944663060973,3
1060,1063,-0.0017848407841052284,3,2142.967551116966,2141.2856627838355,3
1066,1074,0.007379117015450905,8,2136.6174021022753,2154.520369331739,8
1075,1076,-0.0006241856032961003,1,2153.622506551826,2154.431868894854,1
1078,1083,0.00992577704790771,5,2151.6772558096613,2175.1860017856916,5
1084,1089,-0.0013329048146298941,5,2184.393433744565,2183.6662386534254,5
1095,1099,-0.0072724969550961634,4,2152.8873217676983,2139.3833425972452,4
1100,1101,-0.0007335504018211041,1,2142.439564394289,2143.0104165553444,1
1103,1106,-0.0005135691837130163,3,2154.28500327557,2155.332913888228,3
1112,1113,-0.003302502844012307,1,2151.061298425231,2146.1084736679622,1
1114,1116,-0.007098581912286497,2,2142.317086277092,2129.2519900443403,2
1117,1118,-0.002514465126796858,1,2131.167482784328,2127.9399039522878,1
1125,1127,-0.002006012450604438,2,2125.3310378597057,2123.192928373963,2
1129,1130,-0.000726659271082163,1,2129.1494759964,2129.7314592661437,1
1131,1132,-0.0014879623424737894,1,2138.096130673028,2137.0528202766704,1
1134,1138,0.001958742945083352,4,2138.1061670878994,2144.43227362561,4
1140,1141,-0.0026120005788923544,1,2146.0026469828117,2142.543289473571,1
1142,1152,0.0031411415934453762,10,2144.0814791659627,2152.9604241590728,10
1157,1161,0.0014854580002219607,4,2159.3601646308703,2164.7271636274127,4
1166,1168,-0.003257737012245926,2,2167.4097763656823,2162.516335092878,2
1169,1170,-0.0054725258539946005,1,2172.992063894349,2163.2733007080565,1
1171,1176,0.003001652678748824,5,2170.074376607655,2178.758260549891,5
1177,1179,-0.009260761081471863,2,2179.5641129223577,2161.559254523756,2
1183,1184,0.0029816398895439033,1,2169.6112182344123,2178.2498288057363,1
1187,1189,-0.0018768963146530478,2,2208.7895290097076,2206.8526496118748,2
1192,1194,-0.0030293506992223793,2,2216.338253194563,2211.8405256107294,2
1196,1198,0.0006084716753962595,2,2219.743742839773,2223.314137776769,2
1200,1201,-0.003988567457738066,1,2228.906774482847,2222.245536230296,1
1203,1207,-0.0010426616562903457,4,2230.707081254879,2230.611915596094,4
1211,1219,0.00898284493022122,8,2257.643782841449,2280.1814906332334,8
1221,1222,0.0006435126795147376,1,2291.2408665321614,2295.0065499481293,1
1223,1224,-0.0007860644730824392,1,2304.316840576437,2304.8098158139105,1
1225,1226,-0.005013514711263403,1,2301.6690128757036,2292.431230432068,1
1231,1238,-0.005703376000159791,7,2293.959106611029,2283.1697544036465,7
1239,1240,-0.0026627604384209793,1,2282.2276673389956,2278.4328694622745,1
1242,1247,0.005234452511240976,5,2280.22475784164,2294.4407108093596,5
1248,1249,-0.0003674257550482286,1,2295.806835503422,2297.2591037789457,1
1250,1257,-0.005249847844536978,7,2300.1197565204993,2290.3445975310738,7
1258,1261,0.015087489146378814,3,2293.6099739878373,2330.508399550393,3
1263,1264,0.0014720790256975702,1,2345.697335445044,2351.496084628632,1
1270,1276,0.0023679023659766195,6,2375.8129197014323,2383.8144256548126,6
1277,1278,-0.0010211804513174706,1,2383.5002647950832,2383.4497811837596,1
1279,1284,-0.016727695739979214,5,2378.8117539113505,2341.3985264231464,5
1285,1286,-0.0017988045729193528,1,2339.0090252706677,2337.140614165182,1
1287,1288,0.0030424263899210676,1,2342.1958895274006,2351.664044001591,1
1291,1292,0.0024628257011505656,1,2367.337595681632,2375.5352731512585,1
1293,1296,-0.0014896319163533833,3,2380.518015214656,2379.3524376169526,3
1301,1304,-0.020365149818872566,3,2370.939474590713,2325.025876453785,3
1308,1311,0.006039976077130949,3,2338.8205626138547,2355.285803423358,3
1312,1317,-0.0025592261013529212,5,2361.9394962112247,2358.2566984989157,5
1318,1319,-0.004535276459329034,1,2341.643787363038,2333.3654292054393,1
1321,1323,-0.00443754400915316,2,2345.8390071531153,2337.7750823276383,2
1326,1330,0.009980751456007051,4,2333.857860272963,2359.485373370269,4
1334,1335,0.00399255552745343,1,2408.9380358519998,2420.9647927581855,1
1336,1337,0.0003642731058817654,1,2426.7253685468804,2430.03608470255,1
1338,1340,-0.00041285422155444194,2,2431.6107600198543,2433.0384700124227,2
1342,1345,-0.0004350858826261322,3,2432.469947855027,2433.844084468658,3
1347,1348,-0.0029691283004193406,1,2421.312046557205,2416.544172482183,1
1350,1352,0.00020292536142486753,2,2415.856432999775,2418.7625279725917,2
1353,1355,0.004601717034612432,2,2419.9048656644277,2433.4604879725616,2
1357,1360,0.007323783136699485,3,2451.152743912919,2471.555607788176,3
1364,1365,-0.0006961725647135359,1,2456.3115271836145,2457.0578220151833,1
1366,1368,0.002015546082785393,2,2465.549025866635,2472.9840025735025,2
1371,1372,0.00018366055356724064,1,2472.006205961649,2474.932222195819,1
1373,1375,-0.006063293365985996,2,2476.6238137659875,2464.0839408397032,2
1382,1385,-0.0052333397813369075,3,2448.1149594019257,2437.7512569550036,3
1394,1395,0.0011160885983670372,1,2441.449274162107,2446.615597134653,1
1399,1403,-0.00034032913515914267,4,2459.987755675258,2461.6105379255423,4
1405,1406,-0.001998507122507203,1,2460.5267033970945,2458.0698499586333,1
1407,1408,0.0024211368421469264,1,2460.8225217530885,2469.241332344243,1
1409,1410,-0.0034612826453861417,1,2463.4139425513195,2457.3507845661156,1
1415,1418,-7.953669473589019e-05,3,2456.995771949098,2459.2573463983663,3
1419,1421,-0.0014286783548638996,2,2465.719236846421,2464.6622363804136,2
1424,1425,0.0011983442938901046,1,2482.5036071562436,2487.961004795597,1
1426,1427,0.0009607899687506644,1,2492.8850078169808,2497.773031733557,1
1429,1430,-0.0005082988396473733,1,2496.3499097111094,2497.5773678583605,1
1432,1436,0.0007832835437459533,4,2521.4404737209015,2525.936917024223,4
1439,1442,0.0038853953739973546,3,2514.276736227415,2526.5599721635294,3
1446,1451,-0.0041579266157118055,5,2504.748379127322,2496.838567555215,5
1453,1455,-0.0035786222048866927,2,2500.2106302329134,2493.763531584901,2
1457,1462,-0.01840571079246394,5,2477.591746513711,2434.4675011120976,5
1463,1464,-0.005205648699092939,1,2418.5494287730526,2408.377859514241,1
1465,1466,-0.00039051550235421923,1,2407.718157240173,2409.185624131711,1
1468,1470,0.0022600443046296363,2,2416.938594154449,2424.817921052962,2
1474,1475,-0.011607032743230404,1,2438.096239703749,2412.235273058064,1
1477,1480,-0.0030661205903125635,3,2392.6043550576683,2387.660945935212,3
1483,1489,0.006899165495554734,6,2365.51170155017,2384.197269962386,6
1492,1495,-0.008368700778884477,3,2386.9710090522335,2369.3821339186557,3
1497,1498,0.00270771128296892,1,2399.207050424673,2408.102617475711,1
1500,1501,-0.0001383827743835221,1,2406.0192158810282,2408.0922834825956,1
1504,1507,0.0013974432847175876,3,2418.8226558357446,2424.621645968901,3
1509,1514,-0.006190144799586721,5,2430.6716322805987,2418.0560945488146,5
1517,1518,-0.0014205017831498013,1,2422.869783387218,2421.850962322964,1
1524,1525,0.0002993769379582283,1,2445.264226262566,2448.4415462053857,1
1526,1527,-0.0024187315037967104,1,2448.9642888949757,2445.4898661066472,1
1532,1533,-0.0024441600317191368,1,2433.7787695554953,2430.2640035304566,1
1536,1540,0.004710314447983051,4,2452.856777278014,2466.8633607721376,4
1547,1548,-0.007863227005947541,1,2490.3949572246497,2473.30281129875,1
1550,1551,-0.0004875176912775241,1,2481.594707409629,2482.8664807945956,1
1555,1556,-0.000800079232204066,1,2478.460038874763,2478.9555345086865,1
1557,1558,-0.0019548823786273545,1,2473.045011514301,2470.683544411254,1
1559,1562,-0.0037533670951592746,3,2475.969302733667,2469.1520503268957,3
1563,1565,-0.004314789014114359,2,2470.903252482117,2462.7127295258497,2
1569,1572,-0.0029380892756434955,3,2462.9628866084204,2458.1894446515767,3
1576,1578,-0.007366015630269581,2,2438.2870997460286,2422.7649259579607,2
1580,1581,-0.0038807122554302565,1,2419.683324631178,2412.712913223653,1
1591,1595,-0.01042471534467131,4,2407.6322674206435,2384.9410186455584,4
1596,1597,-0.004542297892286338,1,2373.5183712030325,2365.110662079417,1
1605,1606,-0.005520408672030133,1,2362.6577798347157,2351.9776011177114,1
1607,1608,0.003975130276284335,1,2343.2389995052868,2354.8969187962957,1
1609,1614,0.0049686328994623915,5,2362.895013467482,2376.9982663828396,5
1618,1619,-0.0009428178198666816,1,2386.4422745750458,2386.5787365470683,1
1620,1621,-0.0034100771248951984,1,2392.3848306959667,2386.61899874156,1
1625,1626,-0.007219536475534753,1,2385.157911279355,2370.323334650243,1
1633,1640,-0.006652258875845493,7,2292.932065331944,2279.971819713961,7
1641,1642,-0.00734306815618754,1,2276.3129660344184,2261.8741577460487,1
1648,1650,0.0033676131847503238,2,2151.0582852481834,2160.453275776,2
1652,1653,-0.00216203003066139,1,2176.569594742815,2174.040355509899,1
1655,1656,0.003358995718297865,1,2180.557630080532,2190.0626714535547,1
1657,1660,0.004892439786492285,3,2195.581282588639,2208.518613092642,3
1661,1663,-0.008467161230125668,2,2219.936834396104,2203.3602081329736,2
1665,1666,-0.007535831869727632,1,2182.439009375683,2168.1749549444685,1
1667,1668,-0.00593761750865206,1,2144.572637940997,2133.9835585353235,1
1671,1672,-0.0011449804775963957,1,2124.098030453599,2123.7900777066825,1
1675,1677,-0.01104166946739572,2,2117.768702524349,2096.502769205204,2
1679,1680,0.002236721527684506,1,2068.940182352385,2075.6367655800964,1
1682,1685,0.008202050358257443,3,2094.269561798531,2113.541135769967,3
1687,1689,0.005521374692648395,2,2124.9956696616955,2138.8535626438147,2
1690,1695,0.0024722989532572244,5,2140.328771069397,2147.7606324208077,5
1696,1697,0.0006871131997230019,1,2161.100440476512,2164.7464615555673,1
1698,1712,0.01353713697051604,14,2167.293194564495,2198.7994325891464,14
1713,1714,0.003957695193656568,1,2203.9165828075616,2214.8429294573666,1
1715,1717,-0.0026566759465899165,2,2215.9061521414087,2212.2351137192554,2
1718,1719,0.0019003524218322563,1,2212.82955357404,2219.2475391288503,1
1720,1721,-0.001148400275375833,1,2227.2355610890436,2226.905038718451,1
1723,1724,-0.0018391342594058211,1,2238.1872399113377,2236.309100319363,1
1725,1732,0.008145015045606718,7,2238.332293364699,2258.8018758645867,7
1737,1738,-0.0012231517091338118,1,2246.4307407939536,2245.9294459346947,1
1740,1744,0.004846492944579087,4,2246.7839383502014,2259.9197447937595,4
1745,1746,-0.006622223875444466,1,2266.2387066143892,2253.4974052506054,1
1747,1750,-0.004416241989526013,3,2257.455856714651,2249.743841227441,3
1751,1754,2.4726284023525273e-05,3,2248.7778298947724,2251.082211643995,3
1755,1756,0.0005178520957578388,1,2257.872942393701,2261.3000595712683,1
1757,1758,-0.0015799505590753389,1,2261.6645491051836,2260.352895485489,1
1759,1762,-0.00821493628566575,3,2262.8997791148913,2246.5731013877303,3
1767,1768,-0.005046128761005881,1,2227.8865410196818,2218.872225209804,1
1776,1777,-0.003940714456098944,1,2243.594182124913,2236.996412279919,1
1778,1779,-0.006196355073611422,1,2232.581276135456,2220.9799910939596,1
1783,1789,-0.03540236795382543,6,2206.2669235444127,2130.3661170362834,6
1792,1794,0.000201364745872354,2,2121.802481863378,2124.351540562793,2
1795,1797,0.005896314419776843,2,2115.224833065753,2129.8120885830945,2
1798,1800,0.006217253656208315,2,2139.800368991911,2155.2438510285738,2
1803,1805,-0.0004727897470815143,2,2169.572748988163,2170.716569985882,2
1811,1814,-0.003010697851122062,3,2208.565150797543,2204.1243935947714,3
1815,1820,-0.009581513550284877,5,2200.088509475605,2181.208420119714,5
1824,1830,-0.01758259476840434,6,2139.221000595656,2103.7471656227176,6
1832,1834,0.002685251495929034,2,2122.961860882931,2130.78550925655,2
1837,1839,-0.009966060554968324,2,2117.2359916908313,2098.252725580173,2
1843,1853,0.030345867032240535,10,2083.9060065638455,2149.227847153283,10
1854,1859,0.013650523002854957,5,2150.2526709090585,2181.754997126162,5
1864,1865,-0.00042828600459769955,1,2177.8592449914045,2179.1043576017823,1
1867,1869,0.007360342723570788,2,2197.135202759723,2215.5040060648166,2
1874,1875,-0.005682052790456552,1,2171.2049252361735,2161.0392291573185,1
1876,1877,0.003838075708981839,1,2170.1747728704863,2180.674242723356,1
1884,1887,0.01194547358910885,3,2261.639051732714,2290.917040345017,3
1892,1904,0.005226069005038666,12,2309.0697071327627,2323.4461344668157,12
1909,1911,0.004215683917776365,2,2327.3477603386436,2339.4864706233147,2
1915,1916,-0.0013626237055475784,1,2315.310293651558,2314.4707072533815,1
1917,1919,-0.0024559974359504703,2,2314.516627349443,2311.1466970745573,2
1920,1929,-0.007854033793583428,9,2320.2474456466,2304.344391244663,9
1933,1937,0.0033808653491137286,4,2303.2115382554034,2313.3015978750254,4
1938,1939,-0.005716691910295103,1,2304.8307596518234,2293.9595830531744,1
1941,1945,-0.0008459594347369079,4,2294.2857848692393,2294.6391979484156,4
1948,1949,-0.0019085378195064237,1,2299.028539397111,2296.9397850209443,1
1950,1959,0.015178131198348922,9,2291.39836591389,2328.468909305327,9
1961,1962,0.001354351905807006,1,2361.910107486154,2367.470875049059,1
1963,1967,0.004208469802912539,4,2379.207357340092,2391.5993870156653,4
1969,1970,-0.003473715603449292,1,2429.37717457198,2423.367586348578,1
1972,1973,0.0021352635776856975,1,2432.6318877941003,2440.258829949818,1
1979,1980,-0.00293127028868714,1,2424.1626019456517,2419.4808887375675,1
1981,1983,-0.005568622581440344,2,2427.148033661561,2416.059310346476,2
1986,1990,-0.004196817485619691,4,2423.2491316702663,2415.50244647413,4
1991,1992,-0.006846436158424477,1,2409.181685338536,2395.096558421159,1
1995,1996,-0.005349902783903156,1,2390.3569800108066,2379.9591595289353,1
1997,2000,-0.0052441627446109095,3,2383.6548939038476,2373.5382746071314,3
672,674,0.002948671941627382,2,1977.0174470716229,1984.8240403929824,2
677,679,-0.0004722746266931214,2,1990.2061982831417,1991.2564805920883,2
683,684,-0.0019655790011615945,1,1991.3362278729328,1989.4134354270464,1
689,692,-0.0002769706559403374,3,2014.8432573584919,2016.3000481572428,3
693,695,-0.002578984724566291,2,2015.731854061608,2012.549044255223,2
698,706,-0.0024613262942714226,8,2019.3150540617576,2016.364175876839,8
707,710,-0.005276625391236136,3,2013.6800289441746,2005.0682738025669,3
712,718,-0.0002731302113323608,6,1995.909735213463,1997.3605017008972,6
720,735,0.023602303494934584,15,2006.3020155242668,2055.661666612694,15
737,739,-0.00213343344780861,2,2069.055869013407,2066.7107318860826,2
740,741,-0.0025476165835217413,1,2065.904868116284,2062.707639482409,1
744,745,-0.0008365520200097318,1,2065.8084524259843,2066.14610464458,1
747,751,-0.0031922405767027605,4,2065.854038187658,2061.3251891395976,4
754,755,-0.0015075531269063418,1,2058.412391283306,2057.3676376376475,1
756,757,-0.004202561092568597,1,2055.7287421387377,2049.1451452522892,1
763,765,-0.0008485317843978757,2,2077.64642485839,2077.9611222550157,2
769,771,-0.0003616691573217471,2,2093.8613368886795,2095.197913160307,2
772,774,-0.0037033051382411295,2,2088.018325903852,2082.3737752346947,2
778,779,-0.0019386295226846463,1,2081.6018236694918,2079.6479707433214,1
781,787,-0.004639616964468054,6,2080.1534622137474,2072.5825003839773,6
789,792,-0.002362023813858868,3,2076.6505260879007,2073.8220786183065,3
794,795,-0.002991160798813381,1,2075.947714360987,2071.814168651765,1
796,800,-0.00018346900824798965,4,2069.6658924935323,2071.3558388373253,4
801,803,-0.0030768994308245476,2,2073.7726608788207,2069.465643619782,2
804,805,0.0013266715140368818,1,2070.0635425305436,2074.8799004071957,1
806,809,0.0036074182892185105,3,2078.0775638882974,2087.652136462571,3
810,813,-0.00434982321126001,3,2092.9176680909623,2085.906763907135,3
814,815,-0.000936041793612577,1,2087.516229181929,2087.649742975752,1
816,819,-0.006910157883729836,3,2089.122040540149,2076.774999442177,3
823,824,-0.0036712438498205553,1,2077.0662565411444,2071.517906077689,1
829,833,-0.004148397937800119,4,2065.4761436835074,2058.973202852159,4
834,838,0.0020706866890328923,4,2066.4649948291703,2072.8104613821447,4
842,847,-0.0010443729721929956,5,2077.116632053627,2077.0244642150715,5
850,856,-0.00225032589387604,6,2075.3030596757153,2072.7082545225626,6
857,858,-0.0005633232450800176,1,2071.1083367133283,2072.012741580892,1
862,866,-0.0033929931398685737,4,2070.6562458754124,2065.7011796840065,4
868,870,0.0037112627608446302,2,2072.2133921827267,2081.9761339698407,2
872,874,0.0006803022283460827,2,2093.205796381389,2096.7230147454356,2
875,880,0.018790014279731357,5,2116.7225353572917,2158.6125045582417,5
881,882,0.0004141877512316937,1,2172.568084762068,2175.6405039362553,1
889,890,-0.003256783740327105,1,2173.1076894899315,2168.203455390311,1
892,896,-0.003777862782042192,4,2174.0104879871624,2167.9713851648135,4
898,899,-0.0031452924650791306,1,2166.3362440979818,2161.6888192766905,1
900,902,-0.003431653046636937,2,2166.1128628928554,2160.8456279504426,2
903,904,-0.0010516505002141846,1,2167.2327022071127,2167.120763553963,1
905,907,-0.003843677086195642,2,2168.1041788640605,2161.9387906901397,2
908,909,-0.0005869845395622792,1,2165.471358578868,2166.3657317290963,1
911,914,-0.003872199408774503,3,2162.3999091553433,2156.1890654147332,3
921,924,-0.0009907651923897769,3,2156.631365941586,2156.6512820173366,3
925,926,-0.002389846537825029,1,2157.009654639146,2154.0117422385906,1
928,929,-0.0019556981715217123,1,2155.7159942497337,2153.655780415709,1
933,937,-0.008275713384003944,4,2151.388690048888,2135.7358025625044,4
939,940,-0.005918064644084907,1,2140.269293701087,2129.743310958915,1
946,948,-0.006645313553656344,2,2118.965393643355,2107.0031695868915,2
950,955,-0.003529945003256623,5,2120.0442959265774,2114.6807004534153,5
957,959,0.0019993855763671517,2,2127.1674088408713,2133.547604085467,2
961,966,-0.002503365158867878,5,2143.3136921375567,2140.0915090082726,5
968,970,-0.002285152924264731,2,2148.6930802204015,2145.931681025009,2
974,978,-0.00725142125479066,4,2144.802084198039,2131.3940228615643,4
983,986,0.00038188151278812786,3,2123.1255561794915,2126.059464134904,3
987,992,0.0042799783937466675,5,2124.300527932571,2135.51678882188,5
993,998,-0.003138523931536638,5,2141.3518111609364,2136.7724790669295,5
1000,1002,-0.004027581774099363,2,2149.0830861217228,2142.5765613391554,2
1011,1017,-0.0063239024029282205,6,2145.176361774338,2133.755652187183,6
1018,1020,0.0013127126460994532,2,2142.3096876781115,2147.264234384666,2
1023,1025,-0.00029145693168052336,2,2148.319399409836,2149.841576228824,2
1028,1031,0.0020183580874448557,3,2140.7430777948534,2147.204606976857,3
1033,1034,-0.0014187579812479562,1,2150.5988076562817,2149.6982272411133,1
1036,1041,-0.00661122752923488,5,2156.4502898194355,2144.349956587774,5
1043,1046,-0.008023590147647162,3,2152.1470437777994,2137.0312450048336,3
1048,1050,0.00022042544868553795,2,2137.4702166726365,2140.078839720871,2
1053,1055,-0.0003250589623494737,2,2142.8823446262722,2144.3286638595173,2
1060,1063,-0.00017315435313778997,3,2143.99166329407,2145.7644134677735,3
1069,1071,0.00027115296911297713,2,2145.1381555331777,2147.8649542687413,2
1077,1080,-0.002363045643302162,3,2152.659392238172,2149.7252192320684,3
1082,1085,0.00873525303699045,3,2165.710018756366,2186.7937537937046,3
1090,1091,-0.0016887400387187229,1,2185.025752242271,2183.5208375210705,1
1093,1096,-0.011828803216367919,3,2171.3731750824763,2147.859802260208,3
1097,1099,-0.0019892313727896843,2,2142.688340359085,2140.568725830691,2
1100,1101,0.0002378750959597096,1,2141.7057662570096,2144.3569304879325,1
1102,1105,-0.0013541177220899986,3,2146.6532920358973,2145.8931240620045,3
1110,1113,-0.004096712537920969,3,2150.716714060833,2144.0565626468847,3
1115,1116,-0.004666875151595074,1,2136.1413870970864,2128.3084233244463,1
1117,1119,-0.003785328640307776,2,2132.1429537606123,2126.2042349262724,2
1123,1124,-0.002258866364275219,1,2128.9133270858547,2126.233309705929,1
1127,1128,0.0005298888031003818,1,2122.977293067075,2126.225212256975,1
1129,1130,0.001545921533679444,1,2128.620435506025,2134.03973610981,1
1134,1138,-0.00036838961169819915,4,2142.9350902153988,2144.2885902798353,4
1141,1142,-0.0010043005644485552,1,2147.4872579792286,2147.478022571873,1
1148,1149,-0.0026705934702226704,1,2147.6614971085087,2144.0736278351906,1
1150,1156,0.0030290211847966353,6,2146.575778233597,2155.2243775188713,6
1165,1168,-0.003404646373837032,3,2171.375081252377,2166.1536920370036,3
1169,1170,-0.002583543939039744,1,2169.4299667084633,2165.994579033511,1
1174,1179,-0.005601098577488252,5,2169.3978364626073,2159.416223163253,5
1180,1184,0.004681878004939439,4,2164.3556853365553,2176.6532902999347,4
1187,1188,-0.004059880898966158,1,2217.099675897649,2210.3156149482656,1
1189,1191,0.0014681745452964222,2,2207.2612763668285,2212.7091824639756,2
1192,1194,-0.0017134358186011516,2,2213.792707429169,2212.213308416731,2
1196,1201,0.003028893648912019,5,2215.1737703709214,2224.0984699056053,5
1202,1204,-0.0011698691151992287,2,2223.5388814947764,2223.161170912366,2
1206,1207,0.0023165739931271783,1,2224.597171716168,2231.975212841066,1
1208,1210,0.0032029805852525706,2,2241.160736501586,2250.5802915655327,2
1211,1212,0.0011096649586565437,1,2255.5823456800426,2260.340868716088,1
1215,1216,0.003675579722692465,1,2272.808720732857,2283.4354191010743,1
1217,1221,0.0016544270238399092,4,2286.0637169063325,2292.1319062147086,4
1222,1228,-0.006395036596323663,6,2292.9478701894623,2280.5773325163277,6
1230,1234,0.001016399308630722,4,2285.703951207948,2290.3128430748984,4
1236,1240,-0.007839185677837725,4,2291.0362252824643,2275.367403143105,4
1241,1243,-9.877902468699454e-05,2,2281.0974249981587,2283.1531978442995,2
1244,1247,0.0010227035212059437,3,2293.063307526017,2297.701494752498,3
1250,1258,-0.004778178051912631,8,2299.507936316709,2290.8199859015185,8
1262,1266,0.009990023836876447,4,2336.411364651037,2362.0885812413007,4
1271,1276,0.003288905665348803,5,2375.213090504857,2385.400155385134,5
1277,1279,-0.005909033293833865,2,2385.7352954832713,2374.0236414874694,2
1280,1282,-0.008126043870786925,2,2379.996446424658,2363.036487335119,2
1285,1287,0.0013037647566325268,2,2340.6223100826605,2346.014553269217,2
1288,1291,0.005356802844162467,3,2349.9390937635817,2364.8771932784266,3
1294,1295,0.0004063698236089011,1,2384.078355860476,2387.4312517172775,1
1296,1299,-0.0055785634280835425,3,2382.3717762394867,2371.463935952698,3
1300,1302,-0.006287512505345005,2,2371.152277453447,2358.6147801343345,2
1303,1305,-0.010698997307952117,2,2347.4789677789317,2324.7107755899697,2
1306,1310,0.006467545135996416,4,2329.5883779169935,2346.9846842773813,4
1311,1313,0.005313638139035274,2,2353.901592215327,2368.7632750834737,2
1315,1319,-0.01691005287843791,4,2373.86379033688,2336.095491906411,4
1322,1323,8.740197055396594e-05,1,2340.7455119883684,2343.29084327067,1
1325,1331,0.014857132735726988,6,2336.0698991124927,2373.113269582656,6
1332,1334,0.00793866900767553,2,2389.5943681402546,2410.954161259666,2
1335,1338,0.0020173504719975034,3,2422.3645063511294,2429.673629037718,3
1339,1340,-0.0009630823687976035,1,2433.4018063865265,2433.491641816982,1
1348,1353,-0.00020772403178257186,5,2414.3877826396597,2416.300644057803,5
1354,1356,0.0037188414700090617,2,2422.470405060676,2433.901658867946,2
1358,1359,-2.6680619486806425e-05,1,2466.275876181683,2468.676350289663,1
1363,1367,0.0023759930011835813,4,2456.275366720461,2464.567735167489,4
1369,1370,-0.00044986564487776905,1,2467.886550557644,2469.24421973365,1
1371,1372,-0.0005382809567497774,1,2468.9115363906,2470.0514798630516,1
1373,1376,-0.003510651911549918,3,2474.635068903977,2468.4221216378446,3
1378,1385,-0.005494530844077491,7,2448.34568387873,2437.341518685573,7
1387,1392,0.003952110931682777,5,2423.638739443133,2435.6408673391793,5
1394,1395,-0.0004912272179649456,1,2441.761201472173,2443.0035031117113,1
1397,1399,0.005078090481127697,2,2450.322614159674,2465.2158967164896,2
1401,1403,-7.931296231279607e-06,2,2460.8658622111707,2463.307210217243,2
1407,1408,0.0020410286058050522,1,2465.6898145363134,2473.1880477953605,1
1412,1415,-0.0001636709873049949,3,2449.2679619210003,2451.316355777419,3
1416,1417,0.00028321296745742594,1,2453.131216579003,2456.279106366992,1
1418,1420,0.0007731002666643819,2,2465.9043532068954,2470.2766488731354,2
1421,1423,0.0029043547498518157,2,2468.862008713246,2478.501321823694,2
1428,1433,0.007059364609681062,5,2499.113489542989,2519.2547563561884,5
1438,1439,-0.000618098604453373,1,2513.5555811283552,2514.515511512572,1
1444,1445,-0.0033609678011033302,1,2522.63061427448,2516.6747646201006,1
1451,1452,-0.001487428822140121,1,2496.1536514396726,2494.9369542054706,1
1455,1465,-0.03819109770903275,10,2493.9857649210144,2401.2316966529,10
1467,1468,-0.0014424377772357263,1,2416.569597381526,2415.500415700325,1
1485,1486,-0.0008002520661881589,1,2370.3012239940795,2370.774686766084,1
1487,1489,0.0019176829371078665,2,2377.580626763831,2384.517653190138,2
1490,1493,-0.002006109165104521,3,2388.7480100558614,2386.344668789819,3
1495,1504,0.020777918624220022,9,2368.640835391622,2420.2249027547855,9
1505,1506,-0.00029127560437132655,1,2413.5224403095067,2415.2329625423513,1
1519,1522,0.006782943512728852,3,2429.7775920642016,2448.6884138117316,3
1523,1524,-0.0027088532146642527,1,2449.7574401951897,2445.5711643183645,1
1527,1529,-0.007098494678793695,2,2445.603950908223,2430.6894482271723,2
1532,1537,0.008001596017465775,5,2429.86570053785,2451.738369950788,5
1538,1539,0.0020619712960628484,1,2452.8630768130583,2460.3736731474323,1
1541,1543,0.0008598487863408252,2,2473.3244720819503,2477.924481599579,2
1550,1552,-0.0007389049325635709,2,2480.0002398824345,2480.647755712309,2
1553,1555,-0.001959002346809039,2,2481.2026561499556,2478.823176979799,2
1556,1558,3.531981362501135e-05,2,2474.9476462207645,2477.5100085565814,2
1569,1570,-0.0035799503940483796,1,2467.446795590016,2461.08090525744,1
1571,1574,-0.010993401586403946,3,2465.4529785860277,2440.8147168786218,3
1575,1576,-0.004958010910557651,1,2446.0282735006294,2436.3468669065815,1
1585,1586,0.0002338855001850508,1,2405.127048945783,2408.09470033758,1
1590,1594,-0.008949724953037162,4,2410.121177143024,2390.9613766812467,4
1595,1597,-0.008650654020928274,2,2386.175275258778,2367.91947379448,2
1609,1611,-0.0008201976976033827,2,2364.6387611487717,2365.0639286423625,2
1618,1619,-0.0006074024789474387,1,2386.323607705104,2387.2604724379185,1
1624,1625,-0.0030346278812679317,1,2387.1415906687657,2382.284645831857,1
1627,1629,-0.008300766382051546,2,2369.4181445745676,2352.1195762396346,2
1632,1633,-0.012895435918236445,1,2321.3360440967,2293.722739939455,1
1634,1635,-0.002457947683071236,1,2290.046302226572,2286.707534526115,1
1636,1637,-0.0015403547829803033,1,2287.670968211434,2286.4348142618755,1
1638,1644,-0.041437068830896075,6,2295.9032101831694,2203.0636140439174,6
1645,1650,0.0016599168905552797,5,2152.2480775988342,2157.9728786131045,5
1653,1656,0.005298893964485599,3,2177.5028241164255,2191.2186835129028,3
1657,1659,-0.0022426743550835325,2,2197.5119242909623,2194.7811325776556,2
1667,1671,-0.015451496195208487,4,2147.239925293521,2116.209095682942,4
1672,1674,-0.004543487650929114,2,2130.8828312956057,2123.332074297333,2
1676,1681,-0.011088931759749818,5,2111.5282645636826,2090.2251999937166,5
1682,1686,0.005365916869428244,4,2097.902255769268,2111.257327129681,4
1689,1694,0.0012143387721173546,5,2136.54736697078,2141.2784066439285,5
1696,1703,-0.0034865612424577375,7,2155.3109918210334,2149.951679043328,7
1704,1705,-0.0022038942821723576,1,2151.1168459012765,2148.5271286302113,1
1712,1714,0.0043836634189717,2,2200.350973599617,2212.196922645084,2
1715,1719,-0.0010347799684151597,4,2218.8824166220716,2218.8052439617045,4
1720,1723,0.005890101215062158,3,2223.0438275936617,2238.3608245713012,3
1728,1730,0.010681762383447549,2,2221.2222755045455,2247.17006632781,2
1736,1737,-0.0010487409639524823,1,2245.2839153681657,2245.1744780657837,1
1738,1742,0.002745629792946523,4,2252.6192107982815,2261.0566884264113,4
1747,1749,-0.00794647511506232,2,2258.413758305492,2242.7257433339087,2
1750,1754,0.00017038110323363024,4,2249.63924190867,2252.272177166493,4
1756,1760,-0.003983800061365958,4,2262.4443366200317,2255.6936550695877,4
1762,1766,-0.005491453502832372,4,2245.8288137873333,2235.7417780948863,4
1767,1769,-0.004465955059163489,2,2226.017758021975,2218.302480511771,2
1770,1771,0.0007005540412838606,1,2218.1638897611865,2221.93599732815,1
1772,1773,0.0005080817985572681,1,2228.6068154330897,2231.967736807585,1
1774,1778,-0.004404705673535479,4,2237.7908475634104,2230.1718283685254,4
1785,1786,-0.009225396272596244,1,2166.681853835948,2148.860036991504,1
1787,1794,-0.011217412755650063,7,2142.9459510858737,2121.0505877905803,7
1798,1799,0.001584615676668353,1,2138.976015437687,2144.5044463792046,1
1801,1803,-0.001573840217625444,2,2168.5329554438263,2167.2885640207464,2
1807,1817,0.0033343673415199187,10,2183.7142533611395,2193.1792731041196,10
1818,1819,-0.0015326746290157734,1,2186.655455597409,2185.4906797138133,1
1821,1822,-0.0025765990227563937,1,2166.194904029637,2162.779683260844,1
1827,1830,0.0023139968470054385,3,2098.9088039332687,2105.8645810916555,3
1833,1839,-0.01666742888508345,6,2130.784541668453,2097.4006263924275,6
1843,1845,0.005109205677159956,2,2081.2813732603126,2093.996349241602,2
1846,1852,0.012616511289463585,6,2121.4526078983404,2150.33939128385,6
1853,1855,0.006792038491726684,2,2148.1747044224408,2164.913364406254,2
1857,1861,-0.0025598892969003195,4,2183.87129324507,2180.464695788929,4
1862,1868,0.011196935072777348,6,2179.5497637505255,2206.133590706878,6
1871,1872,-0.008143942982794118,1,2200.889451176209,2185.1664224255733,1
1876,1877,0.004793480557382791,1,2169.9966280644576,2182.5684613387352,1
1882,1898,0.030581877516468764,16,2255.779425367025,2327.0211748831366,16
1902,1907,-0.006462703477897233,5,2336.766128174114,2324.0010677187047,5
1910,1918,-0.015772207952829454,8,2346.0335778480603,2311.3774819717682,8
1923,1927,-0.007088153142607007,4,2314.5600171950364,2300.468621352598,4
1930,1932,-0.0029567009533222324,2,2308.0554545453365,2303.539280237107,2
1941,1942,-0.0019908678337265794,1,2293.600395831093,2291.3277409754414,1
1947,1948,-0.0005005713718392577,1,2298.459379275812,2299.607295690487,1
1950,1953,-0.010320445804804085,3,2291.361202257445,2270.0046943525736,3
1954,1962,0.041548648863698204,8,2269.936293262819,2366.5190155478235,8
1964,1967,0.005900956918594516,3,2375.980901183801,2392.377443022274,3
1973,1977,-0.004566183644253563,4,2440.699806759155,2431.9958230277575,4
1979,1987,-0.0034214349702050444,8,2433.361425561429,2427.4691991104264,8
1988,1991,-0.010214119515328843,3,2428.882856178492,2406.5028392529302,3
1999,2000,-0.0015940319939171876,1,2375.0097341260607,2373.598902358125,1
672,676,0.003110262156218086,4,1976.178812372104,1984.301425358517,4
678,682,-0.00453314979945344,4,1993.0903679902337,1986.0484811562765,4
684,693,0.011242693057131967,9,1991.2399118102944,2015.6180508536984,9
694,696,0.0009538427811613803,2,2014.6952863530732,2018.631684194554,2
698,702,0.0027889455626345762,4,2017.9317691352398,2025.5776027576042,4
703,705,-0.0026484444901316226,2,2029.4587027824912,2026.1132527659397,2
709,710,-0.004272179789601092,1,2012.966259440995,2006.3794719297032,1
713,719,0.0036353251582811035,6,1993.5539386427567,2002.794709368938,6
721,722,0.0010282466554837524,1,2017.63266232755,2021.7249190269106,1
723,724,-0.00206072929532284,1,2029.3910465648612,2027.238412030104,1
725,727,-0.0012878095003234597,2,2032.6386263507036,2032.0536136433154,2
729,731,-0.0016478706345334402,2,2044.9464150251888,2043.6215542936995,2
732,736,0.005736673370312738,4,2049.320612973622,2063.126216574274,4
737,738,-0.001394583718509129,1,2069.7928454672065,2068.9761389096984,1
740,741,-0.0028311698342422913,1,2065.3559618390864,2061.573944304794,1
742,747,-0.002831965243291131,5,2067.892777303294,2064.104469608422,5
751,754,-0.0019760078682535013,3,2060.0323663483,2058.021758549887,3
759,761,0.0025924928385086784,2,2057.625207420114,2065.0172112421055,2
764,765,-0.002239045874331348,1,2078.849055583584,2076.2732662379053,1
766,767,0.00043936105010334127,1,2078.704441366548,2081.696447574128,1
768,769,-0.0011743685538960183,1,2090.103716318319,2089.739267955812,1
771,772,-0.0011691786021825305,1,2091.336072964362,2090.982263650844,1
773,776,-0.00986537803221792,3,2091.696574311645,2073.152893451677,3
781,782,-0.0010785110941673817,1,2078.179826783711,2078.016666611634,1
783,786,-0.0023744429409188607,3,2076.789163603358,2073.9347353976664,3
788,791,-0.002104963010140929,3,2077.1570992165803,2074.8619174556943,3
792,799,-0.0009572831336775031,7,2075.1933114020785,2075.281957157355,7
802,804,-0.0011648404878333504,2,2072.3776556252915,2072.0360438815633,2
811,812,-0.004896386896903663,1,2089.1693792244646,2081.029167029842,1
815,816,-0.0034271483467180255,1,2085.523922930831,2080.4620469892484,1
825,826,-0.001914737538125716,1,2069.027396539447,2067.134779512422,1
829,833,-0.0038190076184930655,4,2064.557448326394,2058.7374451507453,4
836,838,0.000588008868705235,2,2068.474077405137,2071.7588325847432,2
844,846,-0.00031803408876160725,2,2075.43860904893,2076.8539874311696,2
848,853,-0.004318749920021471,5,2082.744728000716,2075.8326191012384,5
854,857,-0.004700420324921143,3,2078.7727363605472,2071.0804034760267,3
859,860,-0.001043937656006563,1,2066.4575828524057,2066.366787549978,1
865,866,-0.0028838190678107745,1,2070.3790172433974,2066.478797773119,1
869,877,0.025018467764272162,8,2076.7282889889857,2130.7615770311977,8
881,885,0.00054347191732963,4,2170.9055251297245,2174.256256842938,4
888,892,-0.0015317305362409915,4,2170.1425376976863,2168.988606642397,4
893,895,-0.0019716992292409708,2,2165.878308911864,2163.773726628465,2
896,900,-0.005742573942385429,4,2171.1837823718115,2160.886782741405,4
907,908,-0.004171465204225906,1,2166.1822715484273,2159.3122998482004,1
912,913,-0.0015942791582400403,1,2161.6466583901993,2160.3620368336387,1
915,917,-0.004177875181248753,2,2152.2785740485724,2145.43890138497,2
918,919,-0.0015349779550623802,1,2154.435358208456,2153.2827827862075,1
925,926,-0.0023145543626195446,1,2156.046602080533,2153.212361613757,1
931,933,-0.005264027111877909,2,2155.2868952877375,2146.0966935323554,2
934,936,-0.007113206915775367,2,2147.2533256050433,2134.126721725033,2
939,954,-0.012112518842210918,15,2137.7622926772337,2114.00636891969,15
955,958,0.00710063044572199,3,2115.4505792495243,2132.587062618213,3
959,960,-0.0005754245428655413,1,2138.4246600814768,2139.3325827090785,1
962,963,-0.0031274596969080503,1,2141.398664863603,2136.8429255090928,1
967,969,-0.0010507669786863538,2,2145.1858115645955,2145.0769069622215,2
974,979,-0.010076418503896793,5,2148.9803032973236,2129.475258707966,5
982,986,-0.0015802046856279424,4,2128.612324716245,2127.3772938715592,4
987,989,-0.0024322827235053043,2,2129.2692951188133,2126.2195794937243,2
993,995,-0.001087557259145023,2,2141.493905039159,2141.306401702358,2
996,999,0.00015019869070419852,3,2137.3771488841808,2139.8355572823684,3
1002,1006,-3.495351128773329e-05,4,2144.534026790859,2146.6036018233376,4
1008,1021,-0.0008506495957848434,13,2142.3279739090212,2142.647931457886,13
1022,1027,-0.00701348800546224,5,2151.4419399100634,2138.504269609966,5
1030,1033,0.0024964002196626676,3,2142.700243055116,2150.191980655605,3
1036,1037,-0.0012264477219299228,1,2151.3803522421053,2150.8931770623353,1
1039,1043,-0.0019475571383246173,4,2143.751738102421,2141.720410840186,4
1051,1052,-0.0001233363157020109,1,2143.6293418129294,2145.5085838094924,1
1053,1054,-0.0012257179457636363,1,2141.4999148874736,2141.016539925832,1
1061,1065,-0.0027991559268407767,4,2142.952078803973,2139.096573870457,4
1066,1067,0.0012918267695412222,1,2136.099674254707,2140.9952446705724,1
1069,1070,0.0018463518698172256,1,2143.7339908163194,2149.83581206947,1
1073,1077,-0.0035463493605118416,4,2159.3501865548196,2153.8517265881646,4
1079,1084,0.012899587768219187,5,2151.7490218487364,2181.6574462331027,5
1088,1093,-0.010425591806612799,5,2186.050563733778,2165.4457434514075,5
1099,1101,-0.0006097567279961932,2,2141.6419083469477,2142.4776696927215,2
1102,1103,-0.0008659410987876401,1,2148.782237368076,2149.0703007537622,1
1104,1105,-4.575931064160828e-05,1,2148.45540014481,2150.5055437069,1
1108,1115,-0.011465139131963446,7,2156.5567840018343,2133.9881172112755,7
1119,1126,-0.00301107323064143,7,2125.878320614633,2121.603023632444,7
1127,1130,0.004774935471429768,3,2122.7696293788545,2135.0284870092282,3
1132,1133,-0.0002666542764736795,1,2136.653368086309,2138.220273696453,1
1136,1137,-0.0010050492729822078,1,2143.8385172675207,2143.8276924416173,1
1140,1141,-0.002696237241656552,1,2148.372546230515,2144.7283967086464,1
1144,1148,0.0005169197725429988,4,2145.977204412851,2149.232479665651,4
1149,1150,-0.004055196926733745,1,2146.345900652821,2139.788391253439,1
1152,1153,6.069112700330336e-05,1,2153.086790830822,2155.370550885524,1
1154,1157,-0.002578383276214716,3,2160.457094615249,2157.047065268129,3
1158,1160,0.0011454112376752044,2,2159.895287065541,2164.5291506866133,2
1161,1169,-0.0022611083781073535,8,2166.0336454222715,2163.302042244767,8
1170,1171,-0.004123894702071855,1,2166.4851697572626,2159.7172982133407,1
1174,1178,-0.0019430902553893492,4,2169.531473540749,2167.4854095492924,4
1180,1181,-0.0030700637363562763,1,2164.8782741928712,2160.396838183839,1
1182,1187,0.017707685953839224,5,2169.7999829414275,2210.3919196049414,5
1191,1192,-0.0028100123980963473,1,2210.822726076997,2206.8211095328043,1
1193,1195,-0.002321979388504615,2,2216.112106193645,2213.1824516666416,2
1196,1198,0.0019058411404811139,2,2214.8087517471,2221.2446341362242,2
1199,1200,-0.0017474777774409158,1,2226.498532170988,2224.834273996685,1
1203,1218,0.02410037250736464,15,2226.865151635978,2282.76029646571,15
1219,1224,0.008921464835712174,5,2282.390342438958,2305.0349979628354,5
1226,1227,-0.009908732092442151,1,2295.7633724537395,2275.3110316209077,1
1229,1233,0.003997823711244559,4,2280.3694676532755,2291.766352249111,4
1235,1237,-0.004426803943016713,2,2295.4183585593883,2287.552409877404,2
1242,1253,-0.000334594180240369,11,2285.0959300951918,2286.616446225786,11
1256,1258,0.0024763205997180783,2,2286.062607400726,2294.0096939350783,2
1263,1266,0.008657782463052353,3,2346.449142058478,2369.110637433095,3
1272,1273,-0.0011871446646273525,1,2387.407513164183,2386.960722585803,1
1277,1278,-0.002462544692950409,1,2384.113804376919,2380.6269313849375,1
1281,1283,-0.010145510681557574,2,2372.3545496271568,2350.6581557531,2
1286,1290,0.00509544973099247,4,2340.8164345647892,2355.08476347116,4
1291,1292,0.005045225708002102,1,2362.797350627413,2377.080993914225,1
1303,1311,0.0016919908045166703,8,2348.646424595488,2354.96895917356,8
1313,1317,-0.0031817377700589147,4,2368.469778936665,2363.302398962716,4
1321,1329,0.0019836488800440643,8,2345.8795814691453,2352.878862455114,8
1333,1337,0.010142963249865272,4,2401.471832819363,2428.231345198056,4
1338,1339,-0.0017700899434094919,1,2429.583865223953,2427.712867122674,1
1340,1350,-0.007786563420102074,10,2437.472054094545,2420.929995414706,10
1351,1354,0.0001228671678664831,3,2421.926003828049,2424.6455050207496,3
1356,1357,0.005450936199280823,1,2438.4514145570993,2454.181709057453,1
1363,1364,-0.0034066000957765725,1,2461.1299409717853,2455.206985420124,1
1365,1367,0.0035111788470823064,2,2456.7767234029393,2467.859682589559,2
1369,1372,0.0017238268396574598,3,2467.057982895173,2473.777821643974,3
1373,1376,-0.0047043543075923795,3,2476.094170153132,2466.921840047921,3
1379,1380,-0.0018155122331222412,1,2445.625220996783,2443.6307837114277,1
1382,1386,-0.009954143480325153,4,2451.8098366078275,2429.8559795443684,4
1388,1390,0.002849296086732208,2,2422.9265436894334,2432.2531053524967,2
1391,1395,-0.00097674794789248,4,2438.344038104873,2438.400734607503,4
1399,1400,-0.0007375879188914322,1,2463.316003322618,2463.962407201478,1
1401,1402,0.0023734183365464994,1,2460.965619266692,2469.267485812337,1
1403,1405,-0.0022342549293837568,2,2464.3144469900362,2461.272854736287,2
1406,1408,0.0010741684013123652,2,2462.7119506517365,2467.8200299613127,2
1409,1412,-0.007046853460387941,3,2462.6788399043503,2447.7873818394505,3
1413,1414,0.0008611880039911227,1,2443.4107729772363,2447.9584197967242,1
1417,1419,0.006760597381970688,2,2451.0694754764395,2470.09123883085,2
1421,1424,0.0049257915872395145,3,2469.4912955617265,2484.1249863057274,3
1426,1429,-0.0009929331701582454,3,2492.8954630252965,2492.913079893347,3
1430,1431,-0.0011648763789913039,1,2501.271445616552,2500.859045037724,1
1435,1436,-0.002693695815198549,1,2529.9529082086983,2525.667937555416,1
1438,1441,0.0023643440881838656,3,2515.2961160632995,2523.758437681409,3
1443,1444,-0.003916238169738019,1,2528.137988041291,2520.7653355422003,1
1446,1449,-0.0033665743560333306,3,2508.744759857425,2502.8076288429133,3
1450,1453,-0.0023341367799615733,3,2500.448652929576,2497.112712415297,3
1457,1460,-0.014596586856561771,3,2477.5052008810903,2443.819586229727,3
1463,1464,-0.005443558491913607,1,2421.7525240574178,2410.991325063829,1
1469,1471,0.0029808386733643118,2,2420.7219117147256,2430.35841511834,2
1472,1477,-0.01890147306070108,5,2435.460507429602,2391.8621767654495,5
1479,1480,-0.002381496884437239,1,2389.0796012287788,2385.7790952030086,1
1481,1482,-0.009736318711552047,1,2393.3732152886755,2372.4639440842216,1
1483,1487,0.006302925840816264,4,2364.893951160079,2382.164596306796,4
1488,1490,0.0015654564834753594,2,2380.831671199813,2386.939591246756,2
1495,1506,0.021412266233055168,11,2368.2399099213126,2421.3175332862156,11
1508,1510,-0.0017283971553026687,2,2430.5048715187977,2428.734498684434,2
1511,1513,-0.006179567311948035,2,2426.1689620229245,2413.6024565739676,2
1514,1517,-0.004574080053677003,3,2423.5685680336005,2414.906539955873,3
1520,1522,-0.00033279915723923644,2,2442.741458032006,2444.3712571914516,2
1529,1530,-0.0021535323102265433,1,2437.071221631418,2434.259981234943,1
1533,1536,0.009561499362740294,3,2428.7858541563687,2454.437474407274,3
1542,1543,-0.00401583248339148,1,2485.2569186474334,2477.761800102603,1
1548,1549,-0.005611657972597386,1,2484.4391530203557,2472.9817693928962,1
1551,1554,-0.0005390169971927486,3,2481.614669658266,2482.7586518404955,3
1556,1557,-0.0040295579656200505,1,2478.1322940244445,2470.6246485932224,1
1558,1561,-0.004905095560728417,3,2481.548047557337,2471.857365293087,3
1563,1567,-0.002035153312320957,4,2468.808012052565,2466.2524172614044,4
1570,1571,-0.0016352608414218323,1,2465.2406451914476,2463.674574344876,1
1574,1575,-0.004575030093859043,1,2445.423355557147,2436.6808934688042,1
1578,1579,-0.002175132937341075,1,2421.0829890152077,2418.2378946507797,1
1585,1586,-0.0003898066323052156,1,2408.7679366097236,2410.2377508289587,1
1590,1591,-0.0029487333444639637,1,2412.3432000247763,2407.642186392597,1
1596,1597,-0.004617109562335067,1,2374.1428816354933,2365.55534671598,1
1600,1601,-0.0019542673195214375,1,2357.571914604625,2355.322160773096,1
1603,1604,-0.002125184946809398,1,2361.6721879673387,2359.0148699721394,1
1608,1609,0.0007331091117967947,1,2358.821655270907,2362.9097505747604,1
1611,1612,0.0012567817766331443,1,2370.6203437662994,2375.970316557427,1
1615,1618,-0.0006118029381858643,3,2383.3275063682245,2384.2527071035374,3
1621,1622,0.00023389340725671792,1,2386.874733847069,2389.8198828451104,1
1623,1624,-0.0010485532246902042,1,2388.240647346146,2388.124690561381,1
1626,1628,-0.004505580136545075,2,2372.495908691293,2364.1789341597505,2
1638,1640,-0.007594857723414966,2,2293.670483447893,2278.5440529451575,2
1642,1643,-0.011434327470616065,1,2266.583207045745,2242.9329356240305,1
1645,1646,-0.01370773186702862,1,2151.487113332521,2124.146591980924,1
1647,1650,0.00552824676500117,3,2146.219458478487,2160.2305087152818,3
1651,1653,0.0035634290809311332,2,2161.0941657901108,2170.956165752908,2
1655,1657,0.00518610231989189,2,2181.631965005049,2195.127763564917,2
1658,1661,0.011799948870379613,3,2188.344808220901,2216.3555098768893,3
1668,1669,-0.00855007146553077,1,2134.3536871085375,2118.239164238149,1
1670,1671,0.0009035342034235724,1,2115.3057709607406,2119.3323278464636,1
1674,1675,-0.005490331772292603,1,2126.72904076719,2117.1793217843756,1
1679,1681,0.006451549021589547,2,2071.4388903479767,2086.8743187846317,2
1684,1686,-0.001241307913889404,2,2113.9250369832707,2113.4149301424777,2
1687,1690,0.00574302480548636,3,2121.7927613050547,2136.100062526636,3
1692,1698,0.013494552121422924,6,2133.6877946415307,2164.6146435918063,6
1699,1701,-0.0029614846803877387,2,2165.3715144467624,2161.124171393827,2
1702,1704,-0.0031677127989936504,2,2154.8514652823665,2150.1803661811437,2
1705,1718,0.02695672332092714,13,2150.243015987023,2210.3567650577284,13
1720,1721,-0.0011838500868215317,1,2226.8031312332455,2226.393733284234,1
1722,1737,0.0018068107796013122,15,2235.991490815075,2242.2674958345915,15
1738,1739,-0.0003411815622679842,1,2248.627930255496,2250.1093677955473,1
1741,1745,0.005504006569695907,4,2248.0417632223657,2262.6630416193148,4
1747,1748,-0.002665059014490773,1,2257.2264743222927,2253.468059033475,1
1751,1754,-0.0009016378311657028,3,2249.244668838062,2249.465909421928,3
1755,1756,-0.002974843575102657,1,2261.699014931652,2257.2325131631983,1
1759,1761,-0.007639977925898581,2,2264.558780259011,2249.5221599461916,2
1762,1763,-0.004866225670052043,1,2252.3940597405667,2243.685796007725,1
1766,1768,-0.01070243873186839,2,2235.6250612117474,2213.934046027911,2
1769,1770,-0.003918261328111092,1,2219.551188372713,2213.073957973922,1
1772,1774,0.0015922074232301324,2,2232.5558638764055,2238.343111759522,2
1776,1779,-0.008816041561143382,3,2241.443409320355,2223.924194476156,3
1782,1784,-0.01587658581597587,2,2215.107507662575,2182.15427073322,2
1787,1795,-0.013990941159549929,8,2146.93360662552,2119.0429184683876,8
1797,1799,0.006467454243569093,2,2128.239475383054,2144.1320062848345,2
1800,1802,0.00281042131661606,2,2158.0130153278606,2166.2359541230007,2
1805,1806,-0.0014602876163193849,1,2172.955842181965,2171.955657517,1
1807,1812,0.004954067084299971,5,2185.155401816909,2198.1659636689474,5
1814,1823,-0.025822281936526668,9,2207.240227303028,2152.451488079269,9
1829,1833,0.010900423420417402,4,2110.603799684789,2135.72087857378,4
1835,1837,-0.005674360234456504,2,2124.9243241849704,2114.991662422771,2
1839,1840,-0.005885066091016063,1,2097.721252739123,2087.4737457789633,1
1845,1847,0.008826930215023971,2,2102.2695311093935,2122.9283870847767,2
1850,1852,-0.0010328744527231663,2,2147.0025928128425,2146.9320112776086,2
1853,1855,0.006799637448632042,2,2151.3153965190336,2168.094876649542,2
1856,1859,0.0008098024529072849,3,2173.716556531816,2177.6505540877524,3
1860,1862,-0.0031027617371816975,2,2182.513085047313,2177.923780041177,2
1869,1870,-0.003373532843975346,1,2213.2584274155333,2208.0051858458573,1
1871,1879,0.004020502606920205,8,2200.629977231915,2211.6782457694744,8
1881,1882,0.004167211984566263,1,2246.2751113961313,2257.8820910723703,1
1884,1887,0.012238703229389341,3,2256.2482784754834,2286.118079846041,3
1889,1892,0.005273121498793249,3,2289.9776442083603,2304.3429521999997,3
1893,1895,-0.0030641330259861426,2,2321.6541919480933,2316.861988855574,2
1896,1903,0.006653466250106347,7,2310.9589192107346,2328.645765304296,7
1904,1908,-0.0017216139942079984,4,2329.139044056178,2327.458304727531,4
1914,1916,0.001322114069960031,2,2305.6783659646403,2311.0324141390493,2
1918,1920,-1.2606307129353926e-05,2,2316.1654274317634,2318.4523945664546,2
1924,1929,-0.0029467140361867736,5,2313.43339957037,2308.929806299643,5
1931,1932,-0.006246608824778157,1,2313.0063819408024,2300.8709422455436,1
1937,1938,-0.004761533416534077,1,2315.214455743846,2306.5056992021227,1
1939,1943,-0.00499723985348391,4,2298.639540406734,2289.451326827026,4
1950,1953,-0.011600233742790313,3,2292.362946793842,2268.063363734516,3
1954,1958,0.014778017086126322,4,2263.276045853702,2298.986053975802,4
1959,1962,0.01179965248462091,3,2331.6065889510874,2361.4503430205136,3
1963,1964,-0.0008858315690662589,1,2374.3902812460033,2374.6613616588374,1
1965,1973,0.02125978514917164,8,2387.805078817669,2440.957106850251,8
1974,1979,-0.011616077320571943,5,2448.364141593312,2422.3721185572417,5
1980,1986,0.0010559416982870648,6,2419.1822142362594,2424.155911826262,6
1987,1988,-0.0023048363175156477,1,2430.427329281622,2427.2560194352927,1
1990,1992,-0.009261390697677532,2,2416.4703570579204,2396.5069513289086,2
1993,2000,-0.012911799623827623,7,2400.2226122781235,2371.6316414680864,7
672,674,-0.00042497596851345364,2,1980.5755249429428,1981.714403465959,2
675,676,-0.0032529136129531336,1,1985.578551399196,1981.105214451161,1
679,685,0.001741006866955577,6,1989.327671102979,1994.780431910097,6
687,689,0.00395144029322135,2,1998.7451536145643,2008.6418209040523,2
693,701,0.0015424158499611532,8,2015.207776410651,2020.3312726023623,8
702,705,0.00090677488123547,3,2022.297900248077,2026.1539670866453,3
706,713,-0.013292449093533203,7,2020.614349269343,1995.7760502432868,7
717,726,0.014532676500888738,9,1994.0445235520604,2025.0173720647633,9
730,732,-0.002393710552977728,2,2046.6283361279197,2043.775928617835,2
733,734,-0.0036648001465409657,1,2051.1606451319585,2045.6947119442318,1
735,737,0.0012637129043228338,2,2063.889518103376,2068.561571438603,2
739,740,-0.0021489900399482417,1,2068.4185042533995,2066.0419119935677,1
742,743,-0.0014890387589337993,1,2065.854926465878,2064.844643336502,1
744,750,-0.0008398124899629928,6,2064.0864717410864,2064.4171126134956,6
752,753,-0.0024979602464532454,1,2062.855385896545,2059.76531053429,1
754,757,-0.004079688389306345,3,2053.721533420463,2047.3967110591195,3
760,764,0.0028081226541282573,4,2065.0449840232404,2072.9089286086933,4
767,776,-0.0039195380841060235,9,2081.7723193079714,2075.694505739314,9
778,784,-0.003337135636200886,6,2081.5511568467427,2076.686289459501,6
788,789,-0.00267045468381723,1,2078.39346983432,2074.92160772782,1
790,791,-0.005856872309036175,1,2081.6889980845795,2071.578500433757,1
792,797,-0.002301077945460887,5,2074.461747522181,2071.762711093778,5
799,802,-0.004644817255707853,3,2076.19577690768,2068.628422713779,3
803,809,0.007897650688937136,6,2072.6266050228164,2091.068112562907,6
813,815,-0.0023822660920025107,2,2086.739851175747,2083.8554214366363,2
818,820,0.0004530544695432561,2,2079.040373197368,2082.061332104003,2
821,823,-0.0020794020198147043,2,2082.225841278789,2079.9782825000025,2
825,829,-0.002756014078047964,4,2068.9418120896325,2065.308721140941,4
830,832,-0.0008614972831832377,2,2061.887488902811,2062.1730659217947,2
839,841,-0.0016512214885247062,2,2076.5115653293265,2075.159296376814,2
842,843,-0.0008152482954673496,1,2075.2238992842194,2075.607300436899,1
844,850,-0.006257645764416458,6,2079.6891539184735,2068.754885047071,6
856,858,-0.0020510877855950743,2,2073.9041956919946,2071.7243403234083,2
860,861,-0.0014098791749374536,1,2068.0004257575415,2067.1527954492617,1
863,867,-0.00222747394563647,4,2070.077412088327,2067.536445999538,4
868,873,0.011618919387880452,5,2068.633917048229,2094.7378416904958,5
875,876,0.0010095588548481279,1,2116.003730262247,2120.255964295287,1
881,884,0.00024288246389489627,3,2172.6666914578504,2175.367060788552,3
886,888,-0.0015219796322462505,2,2173.2649746043644,2172.1305745521468,2
891,893,-0.00520874222972,2,2172.7174764315932,2163.573068635285,2
895,897,-0.00013724946998896679,2,2161.8495513660223,2163.7146882122674,2
905,906,-0.0033282944119752238,1,2172.3120181741397,2167.254236241158,1
909,911,-0.002001114076798307,2,2167.3229323681485,2165.153194871587,2
919,920,-0.002951791110242825,1,2158.5106241494886,2154.297662301909,1
922,924,4.428578259241126e-05,2,2154.6845545491988,2156.934660995486,2
925,930,-0.0029384477384588005,5,2158.800195875484,2154.6154745180047,5
932,933,-0.0038571805539603207,1,2150.5753509757906,2144.430768903156,1
937,939,-0.0024083855574337835,2,2139.320819556656,2136.307831011675,2
941,942,-0.0032980105272342897,1,2137.609723797735,2132.6974741493295,1
943,944,-0.004971112865102258,1,2136.572070893702,2128.087502055758,1
945,946,-0.004385989078093796,1,2122.1139393596945,2114.928484738552,1
947,948,0.0024467491270300126,1,2104.695144995674,2111.9495011493523,1
952,953,0.0005374424349621067,1,2116.7610764736555,2120.015474777302,1
957,960,0.005409441674950629,3,2125.8902834503547,2139.516053229474,3
963,967,0.00448230396965163,4,2137.3176999590873,2149.0351252699797,4
973,975,-0.002690892237528741,2,2149.602269445337,2145.9675236541575,2
981,982,-0.002661469836116037,1,2125.636411703474,2122.104730922879,1
985,986,0.0014349112300100367,1,2119.944321996453,2125.106198233078,1
987,989,-0.0016837048938341762,2,2129.716189192727,2128.260091811698,2
991,992,0.0007547986400328395,1,2132.793748089243,2136.5363716578604,1
996,999,-0.002134951280197316,3,2140.7589514546994,2138.329294342152,3
1000,1004,-0.0025839796383462788,4,2148.1835013917093,2144.7808224660735,4
1005,1006,-0.0012503597497590005,1,2149.2694740269567,2148.7313834592746,1
1007,1011,-0.0029534403385977443,4,2147.1264561284997,2142.932172697028,4
1015,1018,0.0024936418090446347,3,2131.730859519765,2139.178363576214,3
1020,1024,0.002091333210100219,4,2145.4444883921183,2152.0767721895113,4
1026,1027,-0.0046244594017773024,1,2147.19755661501,2139.4151262434634,1
1034,1039,-0.004301295540641898,5,2150.8285132462875,2143.727992666822,5
1040,1043,-0.00025141004481757866,3,2143.744572876938,2145.3493585306705,3
1045,1046,-0.00418570820767945,1,2138.7992730840615,2131.9856826852188,1
1052,1054,0.0009767195730435727,2,2140.1938531421365,2144.42441622175,2
1055,1056,-0.004119231442814584,1,2150.6364126252656,2143.928079904943,1
1060,1064,-0.0037589563809784315,4,2145.7931773116607,2139.8730275328567,4
1065,1066,-0.004228348961530273,1,2141.998049159193,2135.0829319815903,1
1068,1070,0.0012037209841697077,2,2144.1027442106983,2148.8277484203313,2
1071,1074,-0.0008506241587891208,3,2155.238745435116,2155.5606860357257,3
1076,1078,-0.005158358644263825,2,2155.6734121468808,2146.70934897927,2
1081,1084,0.009467268404774281,3,2158.550267803649,2181.1443928219473,3
1088,1089,-0.000856791364198158,1,2185.1216400856138,2185.4345683747515,1
1093,1094,-0.008551042268564044,1,2173.3167441303463,2156.90593753244,1
1096,1097,-0.0043353012577427835,1,2148.0934157364673,2140.9288770652124,1
1098,1105,0.007459841647181356,7,2134.458188802836,2152.5153670826376,7
1108,1111,-0.005694125660620896,3,2161.0469239512076,2150.9026981316824,3
1116,1117,-0.00142152576675592,1,2127.93522005166,2127.038240526421,1
1120,1125,0.0009912526142010847,5,2122.199570621206,2126.425406064062,5
1127,1130,0.0037909453914193097,3,2126.2737839371566,2136.460645523206,3
1131,1132,-0.0024814014601444914,1,2136.441340309362,2133.276412988315,1
1133,1142,-0.00027742283742885547,9,2143.279162608569,2144.8278471844847,9
1145,1146,-0.0027188621783648965,1,2149.601189528467,2145.906321345218,1
1152,1156,0.0038282178492863184,4,2150.201658522481,2160.5833005497243,4
1163,1166,-0.002444816394787796,3,2170.113326491039,2166.9779111783773,3
1168,1173,-0.004425207270821985,5,2171.2983493580646,2163.8612024647196,5
1176,1181,-0.007273078276992555,5,2176.3999576080264,2162.747230311908,5
1182,1189,0.016955505313890874,7,2168.387345349243,2207.321835851235,7
1190,1192,0.0017000153380279728,2,2208.429279253337,2214.392072180271,2
1198,1199,-0.0017697044895975305,1,2223.572945686603,2221.8614516073603,1
1200,1205,-0.004368215214018079,5,2230.6170841572275,2223.1038857577205,5
1206,1212,0.013247044579488703,6,2225.73574077448,2257.445897095455,6
1213,1215,0.004958921316465611,2,2262.452593418955,2275.934370405372,2
1216,1222,0.0013089254706848286,6,2287.5583703774164,2292.840172164459,6
1223,1227,-0.01047807105341093,4,2302.743394056056,2280.91782854942,4
1230,1231,0.0001983991936004416,1,2285.983646894933,2288.7231678539556,1
1232,1238,-0.00805253611917513,6,2301.560678929042,2285.3288391104215,6
1244,1246,0.0011758213044632815,2,2289.93496839476,2294.9174576848286,2
1248,1252,-0.0014411223196604225,4,2293.2989502949627,2292.2873249423337,4
1255,1256,-0.003951013187593598,1,2294.0001006748726,2287.23047612544,1
1257,1263,0.021284589120303007,6,2290.689673756677,2341.7367519384657,6
1265,1269,0.00812150132880261,4,2354.718257951005,2376.196823669861,4
1271,1276,0.0024556037791169756,5,2377.9140069967393,2386.1311356257324,5
1277,1279,-0.006344512720949461,2,2387.720263308249,2374.959061986929,2
1280,1281,-0.0008322716509126683,1,2378.8508518668814,2379.24985259299,1
1282,1284,-0.012273522705349104,2,2368.4711488570365,2341.7701355834324,2
1285,1286,0.00021135472810354552,1,2335.9613141132418,2338.79099189576,1
1287,1289,0.0007826128899064194,2,2342.723864700101,2346.9000344588067,2
1290,1291,-0.0006839477256976482,1,2358.1198792418,2358.865168392712,1
1295,1297,-0.0041384763909645865,2,2390.8496160230407,2383.3459909488056,2
1298,1299,-0.00397883957988686,1,2377.7519574877365,2370.6690158456186,1
1300,1303,-0.009524405569869988,3,2370.90655951512,2350.695990433548,3
1304,1305,-0.0035676189934108317,1,2326.519302683993,2320.5456875338846,1
1308,1310,0.0012182626059415213,2,2342.907564519855,2348.104748759407,2
1312,1313,0.0028615178365996486,1,2360.8150722761166,2369.931401786624,1
1315,1323,-0.015254257076948788,8,2370.838668910286,2337.0441250356675,8
1325,1328,0.0017242164828020754,3,2337.8761459728016,2344.2450267044105,3
1330,1332,0.01123695315536984,2,2359.655860464386,2388.5308586916826,2
1333,1334,0.003278530498267606,1,2399.4879082410607,2409.7541904366944,1
1336,1340,0.0033657448985271324,4,2424.343885214751,2434.927952163903,4
1343,1344,0.0014928973850477307,1,2431.5679672111987,2437.6296166382253,1
1345,1347,-0.007184876578387359,2,2435.360151182176,2420.2977492231917,2
1348,1349,0.002379780254403526,1,2415.458878508901,2423.622598731809,1
1350,1353,-0.0033983836708343946,3,2420.1234897431395,2414.319105083937,3
1355,1356,-0.00029084425110869033,1,2431.9530451777587,2433.67767866078,1
1361,1364,-0.006880976717563525,3,2467.4479679568503,2452.9369639054967,3
1367,1370,-0.0023376336753061335,3,2468.485959990982,2465.1840300438776,3
1372,1373,-0.0014250017447106002,1,2477.173666111844,2476.120862981795,1
1374,1376,-0.005033607666389006,2,2476.1897860297418,2466.201807925378,2
1379,1381,0.0005781558286726734,2,2443.3868744176743,2447.242919655239,2
1382,1388,-0.013752322253065836,6,2448.853843879292,2417.6252705114844,6
1389,1390,-0.0009989512665797905,1,2429.3534055197356,2429.3559532638415,1
1393,1397,0.0020266121765744774,4,2441.571289230456,2448.9609786244155,4
1398,1400,-0.0008004487863659589,2,2459.8762921353127,2460.367163434798,2
1404,1407,-0.002936977166705935,3,2464.7679449875723,2459.9937457569026,3
1408,1409,-0.004561234938524082,1,2471.3235793917534,2462.522615516425,1
1410,1411,-0.00290488046219087,1,2457.3933756898505,2452.7123350605816,1
1412,1413,0.0011197792678943742,1,2445.033454772134,2450.216385998868,1
1414,1415,0.0010224963239737024,1,2449.6035691135203,2454.5578833272452,1
1419,1427,0.009172869238812189,8,2469.2220934518914,2494.3411669301636,8
1429,1430,-0.0010010272693102527,1,2494.095112993817,2494.0925508864507,1
1432,1435,0.005403500523980345,3,2513.2938301746876,2529.387708533128,3
1439,1441,0.0032461211719638974,2,2515.9377458905697,2526.6207224207387,2
1442,1443,-0.0030500072442097045,1,2533.9493522384005,2528.7547377098513,1
1444,1447,-0.011928651279882754,3,2528.3305088534325,2500.699266401885,3
1452,1453,9.669578494309614e-05,1,2498.1599406863816,2500.899662163446,1
1457,1459,-0.015344139853842264,2,2472.298605804418,2436.8356088423,2
1460,1463,-0.011965964059842578,3,2445.1248986882215,2418.31174692738,3
1466,1468,-0.0032878082953664957,2,2415.873359667959,2410.3463045551557,2
1469,1470,0.001604551178751367,1,2421.0634003155883,2427.369183848712,1
1476,1478,-0.014766873188016488,2,2406.831477487327,2373.6969337518326,2
1481,1482,-0.00880989270961448,1,2387.7795686040295,2369.1312663590224,1
1486,1489,0.002109813463882149,3,2376.9567828210975,2384.3486750273805,3
1492,1493,-0.0052819211185480015,1,2395.254731924835,2384.998440103904,1
1495,1497,0.01007524265604539,2,2367.689955185769,2393.9126959737328,2
1498,1500,-0.0033880494604427735,2,2412.037687663712,2406.277622365119,2
1503,1506,-0.0033880325933552044,3,2419.8495408639565,2414.0708612893577,3
1509,1510,-0.0016311752758518903,1,2431.401407255855,2429.8667668019234,1
1515,1519,-0.0003771311383755139,4,2426.4721806727803,2427.9835546377194,4
1520,1522,0.0030257151037691964,2,2436.0876721338186,2445.8946670696337,2
1530,1533,-0.00258440498069839,3,2431.5835530427025,2427.7309399502774,3
1536,1539,0.0023142522946319887,3,2450.718486409693,2458.8407857767734,3
1548,1549,-0.0026899472194488903,1,2478.143673979297,2473.955741968061,1
1550,1551,0.0007966938542926384,1,2480.2472443111224,2484.7034892921024,1
1553,1554,-0.002313232258336846,1,2480.5006632011296,2477.243189713388,1
1555,1556,-0.0018654192547621269,1,2477.4949944197683,2475.3509225480207,1
1558,1567,-0.0036656609508338733,9,2475.3646457060763,2468.766162830943,9
1569,1570,-0.0021330807663100804,1,2465.418558401551,2462.625040052122,1
1572,1573,-0.005528469807295062,1,2461.8427082141416,2450.6943278396843,1
1574,1575,-0.005271435016139452,1,2445.5627876682343,2435.1167251428205,1
1578,1582,-0.008470886207330776,4,2427.3931888287457,2409.2584105345563,4
1584,1587,-0.0021348035050200837,3,2411.276824616499,2408.5404992243507,3
1588,1591,0.001145584770722134,3,2403.289641409849,2408.4461030640923,3
1595,1596,-0.003668196837917205,1,2378.9680615108628,2372.6205064516334,1
1598,1600,-0.0010750718704615023,2,2354.9855616794853,2354.80876850846,2
1607,1608,0.0015573199667403667,1,2347.9281770114676,2353.9325806190113,1
1610,1611,0.0013106034229255006,1,2364.7495079211094,2370.2135062284733,1
1612,1616,7.309325178221377e-05,4,2378.059087228909,2380.6109663877537,4
1619,1620,-0.003673093894479893,1,2395.2731692041507,2388.8703791199396,1
1622,1627,-0.007803333187929144,5,2388.3295128824248,2372.080911443721,5
1628,1634,-0.0334563720207195,6,2365.707822341842,2288.925529167589,6
1635,1638,0.00046798879419631604,3,2287.312590530491,2290.670339782214,3
1645,1646,-0.01520097141034511,1,2154.4311299155133,2123.8361150340256,1
1652,1653,0.0002200822990271337,1,2174.1053118887303,2176.7578992959866,1
1657,1659,-0.0037829658873879245,2,2199.7408890973297,2193.6190852418795,2
1663,1664,-0.007311323297962568,1,2206.7300933772194,2192.8027063265727,1
1668,1669,-0.009688758128978278,1,2133.577526376848,2115.0393873007356,1
1670,1672,0.004360541452050593,2,2116.373364764306,2127.718271914141,2
1676,1678,-0.021300646241139077,2,2113.61825061315,2070.710434218637,2
1680,1682,0.008138824131617237,2,2077.3272925191172,2096.311621309258,2
1684,1686,-0.003391517784751705,2,2115.0854118055936,2110.0271474269916,2
1688,1689,0.004120080248691995,1,2127.552797042645,2138.4460380968326,1
1691,1693,0.0025431528234572055,2,2132.3208290784823,2139.8759676445484,2
1701,1705,-0.010115184030032764,4,2163.852872311088,2144.1289551660575,4
1707,1709,0.005155551101789955,2,2170.2733403679863,2183.632568819474,2
1710,1712,0.0021909771904982966,2,2188.0767249798387,2195.0588279003096,2
1713,1714,0.0024465251052811976,1,2207.0836472882706,2214.6904164881053,1
1720,1734,0.012203947312655037,14,2220.5183545369823,2249.837961897072,14
1735,1739,-0.0010856258520349558,4,2250.3454069251707,2250.1527191823297,4
1746,1758,-0.0015995012988281473,12,2260.065027971598,2258.710116051893,12
1760,1763,-0.010104553504052937,3,2261.981869869691,2241.3875349102645,3
1766,1768,-0.00871736401279484,2,2238.190618270112,2220.917686538899,2
1769,1770,-0.003636783078323134,1,2220.476607253633,2214.6216921098144,1
1771,1772,0.003025709095832112,1,2220.064819867294,2229.0021550059705,1
1775,1776,-0.0016015150843742415,1,2243.959601749862,2242.609826200683,1
1780,1782,-0.00239951456855285,2,2219.280582189003,2216.174666682523,2
1783,1784,-0.010109468735720255,1,2204.1719665939536,2184.093130976115,1
1785,1791,-0.026601621575865545,6,2165.361600966784,2109.924832683922,6
1793,1797,0.004397248216213189,4,2124.5818474952625,2136.0487430818553,4
1798,1800,0.00925093808215231,2,2136.02797641005,2157.9242669379746,2
1804,1808,0.0052553456631505265,4,2170.798651544341,2184.3777474748517,4
1811,1812,-0.00362589347707016,1,2204.5489576284253,2198.760046900707,1
1814,1817,-0.006813332729814422,3,2205.5362315621182,2192.7147156003866,3
1818,1821,-0.014662516770505393,3,2194.0685957447495,2164.0920967597476,3
1823,1826,-0.027765029286115735,3,2154.434578424609,2096.771073838054,3
1828,1830,-0.0023429013341707645,2,2110.9359500671126,2108.1011713634184,2
1831,1837,0.0035182576991243334,6,2106.8017246193963,2116.3207977321863,6
1838,1841,-0.013416601732561782,3,2110.109205689122,2083.908820069868,3
1844,1845,0.004256644282286422,1,2085.6852592446535,2096.648964737311,1
1849,1851,0.0035297228102427617,2,2142.4987911349267,2152.203716780048,2
1852,1859,0.01522706507351148,7,2149.0879186115685,2183.961308115576,7
1861,1864,-0.005349099102490769,3,2186.1383310581746,2176.630598804649,3
1866,1872,0.00048819804235512116,6,2186.741040781894,2189.995344517923,6
1874,1876,0.0003080686048699691,2,2171.108204865184,2173.9481633457435,2
1877,1879,0.010960470351824618,2,2188.5297176138142,2214.7055624154214,2
1882,1883,0.0006209805956332779,1,2263.704118433584,2267.37353888382,1
1884,1885,0.001663064681340103,1,2263.2289151194514,2269.2560401090936,1
1886,1898,0.017099574447048037,12,2279.5323935836054,2320.7909598457295,12
1903,1904,-0.002093855374456423,1,2329.944185844175,2327.395563874306,1
1907,1909,0.004375654743306677,2,2323.0697506518177,2335.5577715759414,2
1910,1912,-0.0093431842048277,2,2347.467815612077,2327.882459211521,2
1915,1923,-0.003275352958858234,8,2313.6657574999695,2308.401351272833,8
1924,1927,-0.007564488231021894,3,2310.4022296250323,2295.235621379732,3
1928,1930,0.0013032102304283795,2,2304.821037149317,2310.1295245413858,2
1931,1934,0.0005145187096779644,3,2309.008687007746,2312.5057238650284,3
1935,1936,-0.0013069225878699809,1,2319.678409395439,2318.966447695001,1
1937,1938,-0.007140467897113948,1,2317.9668306104786,2303.73342970054,1
1939,1946,0.0013948754897799248,7,2295.8957214153725,2301.3941058056807,7
1951,1952,-0.005192436506797371,1,2284.493747245618,2274.9161522601153,1
1953,1957,-0.0006049533059214376,4,2271.9906487828316,2272.8881911776107,4
1960,1961,0.0037740036785740925,1,2350.9382762056357,2362.161664184342,1
1963,1965,0.0007463250536748792,2,2377.2599358339216,2381.411404418966,2
1966,1970,0.015947246849790278,4,2390.304093011552,2430.813166521883,4
1973,1976,-0.003553421605414917,3,2445.557334603329,2439.312795667872,3
1978,1981,-0.007827352734420215,3,2430.5770999694932,2413.9826927597974,3
1982,1985,-0.004923497632293439,3,2423.1333010728554,2413.6261433033646,3
1991,1995,-0.009872819822383687,4,2410.2668573370006,2388.8809937879864,4
1997,1998,-0.003996707052257588,1,2382.676648193578,2375.5364642786867,1
673,674,0.001459042289500877,1,1977.6065971399014,1982.4696153942643,1
675,676,-0.0006225674969039058,1,1985.856181079708,1986.6057077489218,1
677,679,-0.0014211440421435084,2,1991.1949566034293,1990.3563767107096,2
691,699,-0.00020894139626217632,8,2018.5929035486902,2020.1897288324865,8
703,705,-0.0034407078325449105,2,2027.38872649483,2022.4404629504609,2
708,711,-0.012046749495514392,3,2020.7383740150005,1998.4157834012838,3
713,714,-0.0008034779213263282,1,1996.93004531236,1997.3224861558308,1
715,717,-0.00017307384229526667,2,1997.3583198410456,1999.0099876820314,2
721,727,0.00434676876327938,6,2019.0870747839067,2029.8826664857024,6
729,735,0.00836313986433079,6,2044.6447458668977,2063.7890405953185,6
736,737,-0.0004519558955585971,1,2070.7934681035313,2071.928354255241,1
742,744,-0.0029761644929280923,2,2066.348420424338,2062.2649760458776,2
747,750,-0.0028893532134407285,3,2068.617986907593,2064.709636866648,3
753,756,-0.006280170976897826,3,2061.9175129257096,2051.030235917202,3
760,762,0.0019115550358897522,2,2064.451368597185,2070.4621323757738,2
764,765,-0.002352024991049975,1,2078.2781427349073,2075.468258747577,1
771,772,-0.0031466205648785655,1,2090.9008973324794,2086.4125264671425,1
775,777,-0.0024079145637321267,2,2083.3537771953884,2080.4205930710687,2
780,783,-0.004093974977022782,3,2081.0926935691805,2074.6538448504125,3
787,788,-3.531027699162092e-05,1,2075.3705505346416,2077.3726391761766,1
789,792,-0.004663451956386153,3,2079.895309319706,2072.2757127797004,3
793,799,-0.0021356119272289103,6,2078.447809792561,2076.087499669638,6
800,801,-0.005388325053556904,1,2077.718787770309,2068.6010823596907,1
803,805,-0.0002586745115935946,2,2072.9496140231495,2074.486344408207,2
807,808,0.0026238770342706746,1,2082.527247520649,2090.074070186182,1
810,816,-0.0035916910253212,6,2091.4728138988635,2086.0523625773785,6
817,829,-0.011940872744160357,12,2083.3364497664934,2060.5429307863274,12
830,836,0.0007262357336568416,6,2065.651322976454,2069.2171241034516,6
837,839,0.0023315709477980955,2,2069.5375237022204,2076.4323347915647,2
841,844,-0.0009662688034466025,3,2079.4138971102348,2079.484038229114,3
846,851,-0.004078282085010624,5,2076.9526169090277,2070.5591708769807,5
854,858,-0.005293103374122062,4,2080.0218457867923,2071.0920969823974,4
866,867,-0.0029323380203869535,1,2069.988930867187,2065.989012554292,1
868,869,0.00018460354083610657,1,2071.5187793109344,2073.9727077918146,1
870,873,0.0028344107502439667,3,2083.894887030576,2091.8853959877842,3
874,875,0.0062116009565185756,1,2097.1952341508745,2112.319369307483,1
879,896,0.008975864448822847,17,2145.5711221238935,2166.97504880351,17
897,899,-0.004673141952978556,2,2171.0585471605805,2163.0839409286323,2
901,902,-0.00041520092758834295,1,2163.109183446429,2164.3741676904338,1
903,906,-0.004099183610971058,3,2168.6791218235094,2161.957987031699,3
908,909,-0.0033395319525933924,1,2166.278490614291,2161.210412867283,1
910,911,-0.0030939045669019782,1,2164.392631497766,2159.860599882104,1
912,915,-0.006998385377023623,3,2161.2102023186935,2148.246430644431,3
918,925,-0.00031543494978245046,7,2151.9744887045567,2153.4476552284837,7
929,934,-0.0047171433131290436,5,2153.747241392871,2145.741454236357,5
936,938,-0.0011921281227799325,2,2138.7934618024624,2138.3825394296323,2
941,946,-0.008426077042028215,5,2132.0730164137144,2116.2400779345967,5
947,948,0.002441788169841236,1,2103.4516475153605,2110.691282511612,1
950,951,-0.0034932724379675,1,2118.9372864750912,2113.6541985409413,1
952,960,0.008564491018375475,8,2120.9098629373266,2141.1952862721746,8
963,966,0.00030961797081821476,3,2141.0855034281453,2143.889507480493,3
971,972,-0.00034583952382635373,1,2148.5237739671757,2149.9292533022244,1
973,980,-0.012220260764931205,7,2153.49326465257,2129.330508667645,7
983,984,-0.00425140300971037,1,2125.4846653279055,2118.573858089965,1
986,990,-0.00012097256020864424,4,2129.9590918483295,2131.8313843356973,4
995,996,-0.0019386824687529715,1,2140.00457624975,2137.995791470973,1
997,999,-0.0035142792258893844,2,2140.9193592194347,2135.536490150245,2
1002,1004,-0.000990185907704801,2,2141.9032805208503,2141.9243013573328,2
1005,1006,-0.0015568786299877623,1,2145.6274173894294,2144.4325633327694,1
1007,1009,-0.00408953393483425,2,2149.722043909942,2143.080404704821,2
1010,1016,-0.0042439136108463164,6,2141.7311801457167,2134.783589219668,6
1018,1023,0.004029872789898749,5,2139.3558687078653,2150.116556579789,5
1024,1027,-0.0066891038907019845,3,2150.619201302675,2138.3841052371254,3
1028,1030,0.000910478848431161,2,2139.068825623316,2143.155471370008,2
1031,1032,-0.0028137408696631574,1,2152.0501327757606,2148.146871496381,1
1033,1034,-0.002791867378407475,1,2149.4536047747793,2145.602068978983,1
1036,1038,-0.004813732378604893,2,2156.189338341545,2147.966209247509,2
1041,1044,-0.0035647982781366375,3,2148.6324430650625,2143.1216342747407,3
1046,1050,-0.00021500294990163267,4,2137.5840711576807,2139.2620683478767,4
1054,1069,-0.003753795154831305,15,2148.715200346741,2142.7980788389136,15
1070,1071,-0.0004053710921953389,1,2150.7162896757422,2151.99516775407,1
1072,1074,-0.004313575714539802,2,2161.4917932089206,2154.3295264957665,2
1079,1080,-0.0009987896781001795,1,2147.765848813718,2147.7684483017606,1
1081,1082,0.00048687627449799944,1,2161.9128442669075,2165.1273411825805,1
1086,1091,-0.004902856866761465,5,2191.5379121577707,2182.9846533685377,5
1092,1093,-0.0029640806762326315,1,2177.9841924519615,2173.7064557864264,1
1094,1095,-0.005475280858293629,1,2158.855937446816,2149.1944507941466,1
1102,1105,-0.00031325281418114717,3,2148.323831895394,2149.799187241176,3
1111,1113,-0.004584911737100137,2,2150.902018862223,2143.1912249694515,2
1115,1117,-0.0029469540769977735,2,2133.7238874380387,2129.5696250162036,2
1123,1125,-0.004258280790547585,2,2131.8624962621334,2124.9162896424737,2
1127,1128,-0.004236674169291681,1,2130.0711466726107,2123.176800413422,1
1135,1138,-0.0010834993535555225,3,2145.4919139205554,2145.3127667326844,3
1139,1147,-6.217454837373685e-05,8,2148.3914131201195,2150.406229267399,8
1150,1151,0.0013439039531722538,1,2142.755083521648,2147.7774956325943,1
1155,1161,0.0017815128320133734,6,2158.4621416275236,2164.4659317718756,6
1163,1165,-0.0009401217567080982,2,2170.619492793285,2170.749465675369,2
1167,1170,-0.004045800414431626,3,2170.6669718317303,2164.055553469332,3
1177,1178,-0.0061687622571435265,1,2182.1778739291412,2170.8987152960026,1
1179,1183,-0.0022766288144048415,4,2168.9408195078813,2166.1718871609587,4
1185,1187,0.008596081961946101,2,2192.3599367460033,2213.398002389105,2
1189,1195,0.0008831013407874138,6,2206.7756270207483,2210.931209162808,6
1198,1201,-0.0021746434756928484,3,2224.7613257801954,2222.148024403894,3
1204,1209,0.00723581054253354,5,2223.6389284491956,2241.9523973789055,5
1211,1220,0.014083604975678617,9,2257.3920111613857,2291.4416205329967,9
1229,1231,0.0026617459904187727,2,2280.142057952218,2288.4913589905095,2
1232,1234,-0.0004766814095962513,2,2293.5640678091627,2294.7643325241293,2
1239,1245,0.0031741422752241608,6,2284.51859431865,2294.054499961731,6
1246,1252,-0.002089091717955535,6,2295.863569298386,2293.3631632995075,6
1253,1255,-0.0008838710443421552,2,2289.5424918990443,2289.808374077563,2
1257,1258,0.0020298014046955864,1,2291.5739902474493,2298.517004342065,1
1261,1267,0.015142321401540253,6,2333.4782652689164,2371.146021410396,6
1269,1271,-0.0006216287057613699,2,2374.1419327622853,2375.0402399180907,2
1273,1274,-0.002912707312208729,1,2387.0143834640885,2382.4487235984893,1
1276,1278,-0.003450666497512907,2,2382.6065192217243,2376.7675452483118,2
1280,1282,-0.005573628524265083,2,2377.7804719949927,2366.905387403836,2
1285,1290,0.005000067622762503,5,2343.1819004912377,2357.2411503466183,5
1291,1292,0.00020717105058326666,1,2372.4894781327494,2375.3534787485646,1
1294,1296,-0.0011879222524054122,2,2381.5652903912855,2381.1177412776647,2
1301,1303,-0.01145833502723603,2,2369.554639348757,2344.7730430651063,2
1304,1310,0.007288436058270045,6,2325.0319619585807,2344.3028407087086,6
1313,1317,-0.003797640666722401,4,2367.6351761895976,2361.011383736727,4
1319,1320,-0.0027135027195466345,1,2337.6550379404416,2333.649459675569,1
1321,1324,-0.003954425059340752,3,2345.1225925673275,2338.1941036126204,3
1325,1327,-0.0006464183485555587,2,2334.337031800759,2335.162410543491,2
1333,1336,0.008551404815442771,3,2400.3249603727386,2423.2514357578702,3
1340,1341,-0.001740608608526877,1,2434.8460435354564,2433.0427755951764,1
1343,1344,-0.0009570322670081833,1,2436.7079329960193,2436.8126328118633,1
1347,1350,0.0006922501101316511,3,2418.606938232262,2422.699826089851,3
1352,1353,-0.0024413103304392527,1,2418.4972482495054,2415.0114431814645,1
1354,1355,0.0009336657032125992,1,2424.542733139897,2429.230988268943,1
1360,1362,-0.004936270819029325,2,2468.4851728651456,2458.76854671199,2
1369,1370,-0.0012093574896529613,1,2471.829891329592,2471.312395228694,1
1372,1375,-0.00564841593362729,3,2475.1886385623206,2463.6829322560943,3
1379,1380,-0.0037313466324439062,1,2443.9963509211348,2437.320949718341,1
1383,1384,-0.0034220840666191123,1,2450.3910611126457,2444.456007966539,1
1386,1389,-0.0026887465728888706,3,2429.5262339429332,2425.4233798416185,3
1393,1395,-0.0002621416848613934,2,2441.272934615031,2443.0742481493594,2
1397,1400,0.0029795353041246597,3,2453.629504041087,2463.3938092756603,3
1404,1405,-0.0010924906806582427,1,2463.382288034011,2463.154448129469,1
1406,1408,0.0011475784796228564,2,2458.537645440962,2463.8175479796537,2
1411,1412,-0.005515710342526398,1,2456.7840707589166,2445.6899455212365,1
1414,1418,0.0031182321527432333,4,2448.2889364200078,2458.371558637178,4
1419,1421,-0.0014174217305778713,2,2467.556319445818,2466.5263078166568,2
1422,1423,0.002794932890978905,1,2469.7821989506933,2479.1548566510455,1
1429,1430,-0.0005269563378890467,1,2494.3480648697696,2495.528000412955,1
1431,1432,0.0033606277551291907,1,2506.0303197626713,2516.9581851302237,1
1438,1439,-0.002122780515738669,1,2515.707441094926,2512.8828537967656,1
1440,1442,0.001367266797028725,2,2523.501424394301,2529.4752255285243,2
1445,1446,-0.004632872674723221,1,2513.3077523351985,2504.17722527857,1
1448,1449,-0.0035610121977683352,1,2509.892947551777,2503.4650810980042,1
1451,1453,-0.002314528486515581,2,2501.297143294819,2498.0091169467178,2
1454,1457,-0.014102026063401791,3,2501.2468469551313,2468.4754455753236,3
1458,1460,-0.008654382419777881,2,2455.34726428135,2436.553097347185,2
1461,1464,-0.011949276631610713,3,2440.2385490641364,2413.5197021433128,3
1466,1467,0.001698067908170093,1,2409.337384250085,2415.8379401264847,1
1472,1473,-0.0013828120531863093,1,2435.651856379232,2434.7194594912444,1
1474,1475,-0.009940318686582968,1,2438.033837934133,2416.2370384543287,1
1482,1484,-0.005437111444689889,2,2377.247778486246,2366.699665161461,2
1485,1486,0.002406269942368306,1,2366.5256018534697,2374.586626878908,1
1487,1488,-0.002032008810125691,1,2380.1570817653133,2377.7007386874484,1
1489,1491,-0.004369662734912853,2,2389.292708316756,2381.241597714742,2
1495,1497,0.008598597315325515,2,2373.1428389003113,2395.921681382664,2
1500,1502,0.0015343566840335314,2,2403.77115143327,2409.863164917792,2
1504,1505,-0.005140654685494134,1,2420.521784243533,2410.4992393762645,1
1506,1508,0.0009019693839807446,2,2417.646479619668,2422.2447692051933,2
1509,1510,-0.0023871678915311522,1,2429.2671504028654,2425.897349011875,1
1511,1512,-0.005687524266086672,1,2425.319773770919,2413.951028478348,1
1515,1516,-0.0016477806741471452,1,2425.6076797051674,2424.0364179271915,1
1520,1528,-0.0031629446175773547,8,2438.520257683274,2433.2458734170646,8
1529,1530,-0.0012243828493001651,1,2432.4107887729597,2431.8649975095063,1
1532,1536,0.01013846058391063,4,2426.8659365254653,2453.8974871018895,4
1537,1541,0.008141647436944871,4,2454.861236107319,2477.302712034435,4
1546,1547,-0.003433476220687085,1,2486.1161195974937,2480.0662151385864,1
1555,1560,-0.0035586509574193335,5,2478.082276107898,2471.7417285195706,5
1567,1568,-0.0021148469010053702,1,2469.5634345819267,2466.810249440047,1
1573,1577,-0.00972817516116354,4,2445.989034947585,2424.640014208277,4
1578,1579,-0.0013762767721796317,1,2421.310615959166,2420.399533016149,1
1581,1584,-0.005755759961384085,3,2413.2706100157357,2401.793674272638,3
1585,1587,-0.0018935677208918775,2,2410.7608324126763,2408.606654350042,2
1588,1590,0.0014571326831437602,2,2400.162601715814,2406.0601196893494,2
1591,1593,-0.0051269732389660734,2,2409.2421589789437,2399.299281062649,2
1596,1598,-0.010575951169923752,2,2374.3105141619035,2351.5742326160525,2
1599,1604,0.0014215560798284568,5,2353.5120646613495,2359.21122611048,5
1605,1606,-0.0029494733549792467,1,2358.458230991686,2353.860479511536,1
1607,1614,0.012370019867939053,7,2347.778713812162,2379.168561861355,7
1623,1625,-0.004641703110135565,2,2387.3563574846526,2378.662314412599,2
1626,1627,-0.0033662632936334097,1,2376.6084328731513,2370.984751575104,1
1628,1632,-0.02257659074895058,4,2367.4324417521466,2316.3513208306717,4
1634,1635,-0.003183503663921457,1,2290.090150595328,2285.0897303607926,1
1637,1639,-0.0014776472981042313,2,2289.566703286803,2288.473097937149,2
1643,1648,-0.04327302175024927,5,2245.5102098916263,2150.585707948471,5
1649,1650,-0.003630769402258781,1,2167.0417453758237,2161.3407582586715,1
1651,1656,0.011413606147388608,5,2160.6291034182473,2187.4503021386668,5
1659,1665,-0.00738513029078966,6,2194.924910602319,2180.9100290696233,6
1670,1671,-0.0008383614842358841,1,2114.005570522111,2114.3472752448474,1
1672,1675,-0.006881414080185588,3,2130.9299100515655,2118.3970288746996,3
1676,1677,-0.011217864857139093,1,2113.2220989759753,2091.629481155519,1
1678,1679,-0.005053292825083792,1,2073.340604720757,2064.9367481236873,1
1680,1685,0.015390660857705307,5,2079.3618065691985,2113.4439207411397,5
1689,1690,-0.0009955271614506714,1,2136.8777402231194,2136.887298132251,1
1694,1696,0.008007031967582217,2,2138.9568193879804,2158.222471837486,2
1697,1700,-0.006281744986097785,3,2171.279336557958,2159.811192808675,3
1701,1705,-0.005433763494374248,4,2157.518736567172,2147.952808754552,4
1706,1711,0.013197186252269792,5,2157.334347533916,2187.962425074274,5
1714,1716,-0.00034587364366897187,2,2215.301652002091,2216.7507391998893,2
1717,1718,-0.0026626822572441543,1,2216.1453498977116,2212.4606043449626,1
1720,1724,0.005225041602154743,4,2224.676101839549,2238.5248031248198,4
1725,1731,0.006858892607604466,6,2236.063839701506,2253.6368252814677,6
1732,1733,-0.0032200098194271136,1,2259.307454296433,2254.2917695627903,1
1735,1736,-0.001966959074578751,1,2241.8978449056235,2239.7300214402135,1
1737,1739,-0.0005069172215047701,2,2250.046369491606,2251.155828607218,2
1741,1743,0.001973852246907365,2,2257.656566161468,2264.3705032134926,2
1746,1759,-0.0004949013715092232,13,2259.1697876711314,2260.310891232412,13
1762,1763,-0.0031205563507537113,1,2247.3720876222037,2242.60640846929,1
1765,1767,-0.007170010610188057,2,2239.149057214053,2225.3334837732496,2
1769,1772,0.0028801888586950696,3,2217.129513433061,2225.732394669368,3
1773,1775,0.0006491678977538229,2,2234.478281855525,2238.1633117061892,2
1776,1779,-0.011899587106121597,3,2247.6446789486286,2223.1462799868173,3
1780,1787,-0.03131478961936306,7,2215.089805486696,2147.939824045371,7
1788,1794,-0.009112025096414421,6,2137.952758969061,2120.6096325333556,6
1797,1799,0.0018883374493958958,2,2138.1653624778273,2144.341105567273,2
1800,1801,-0.0013770083643059013,1,2160.8580058985126,2160.0433443562115,1
1802,1803,0.0009203820650502232,1,2167.351042955732,2171.513185027292,1
1804,1813,0.009007108820211305,9,2172.602303244721,2194.3437709163327,9
1815,1816,-0.004709295411435486,1,2198.6902979539645,2190.534706120596,1
1818,1821,-0.010213028791045131,3,2187.9684753857396,2167.8106588281116,3
1823,1824,-0.008474010109834276,1,2155.5520568758907,2139.441439010526,1
1827,1829,0.0050086075995333075,2,2100.2991037682496,2112.9189769244445,2
1831,1834,0.006886081584202028,3,2110.844126810521,2127.4904158060826,3
1835,1843,-0.023443225485541095,8,2124.814909509686,2077.1272093805205,8
1844,1851,0.02927249514715811,7,2080.9266942622653,2143.9215375159115,7
1853,1859,0.015903790755022764,6,2147.6654288094633,2183.9691158298547,6
1862,1863,-0.0004678158821896513,1,2175.7943451193937,2176.952268313488,1
1866,1873,-0.008963000987214646,7,2192.083081117638,2174.6275213786416,7
1878,1881,0.018367530182994755,3,2198.590601296713,2241.1718711273757,3
1883,1885,0.00015793560622798047,2,2262.366986258647,2264.9866615463907,2
1886,1888,-0.0002872953463616694,2,2284.274560443039,2285.902573552454,2
1890,1893,0.011429827876907609,3,2288.6514445289213,2317.0989880546517,3
1896,1900,0.004515262193248109,4,2316.8375056640552,2329.6154719669435,4
1901,1903,-0.004324286019807579,2,2335.4383639966586,2327.6746988931022,2
1905,1908,0.0022929694104189633,3,2322.9483932055173,2330.597791206325,3
1909,1910,0.0037354248989521837,1,2331.4719031045715,2342.5124132057404,1
1911,1914,-0.017645019255431472,3,2345.469632040703,2306.4292448523556,3
1916,1918,-0.0013051996953227973,2,2312.840119897999,2312.134241798076,2
1919,1922,0.0002534073487154478,3,2315.2151455982957,2318.117053275646,3
1923,1931,-0.005042489236622128,8,2315.973058677546,2306.610762515535,8
1933,1936,0.0036848690722276287,3,2310.236445018402,2321.0596002892016,3
1941,1945,0.0012559571621084502,4,2292.213619223286,2297.3847549546554,4
1949,1950,-0.006264223580440419,1,2299.3104065328093,2287.2063224719873,1
1952,1953,-0.0069427635291448,1,2279.1079104208147,2265.5637110517805,1
1954,1956,-0.002907100127255753,2,2266.8167255942935,2262.493679128447,2
1957,1959,0.022311640701886598,2,2274.5374670396823,2327.5606672342906,2
1960,1962,0.006757582099660628,2,2349.6696882972524,2367.8974438113023,2
1964,1965,0.0006946385622164449,1,2380.7376817258596,2384.772171607834,1
1967,1969,0.013225587862307486,2,2391.8940205677513,2425.920119114666,2
1971,1974,0.005860302893700631,3,2425.726890461755,2442.368111667717,3
1975,1976,-0.0041179575318109705,1,2442.02214147892,2434.4080201500465,1
1977,1980,-0.007690886097595745,3,2430.824552232038,2414.5601820298143,3
1981,1982,-0.0033833641928160013,1,2424.548735352936,2418.7701527133586,1
1984,1985,-0.00011906040084751083,1,2412.2492435284403,2414.37428941009,1
1987,1994,-0.015261587127886812,7,2430.9659666612993,2396.2965337228316,7
1995,1996,-0.005549707456506188,1,2392.6101804450295,2381.724504066546,1
1999,2000,-0.00022512761875033828,1,2371.481106305248,2373.3187015171793,1
675,676,0.0008156712812433116,1,1984.9186059204185,1988.5225656287937,1
677,684,-0.00033210795787404364,7,1989.8046144859068,1991.1335891533074,7
686,690,0.005992007948078324,4,2000.0063667914796,2013.990427204293,4
691,705,0.0017154122907776645,14,2016.2922611708223,2021.7673259586054,14
707,715,-0.01109289409585221,8,2017.2950939705258,1996.934748226999,8
723,729,0.009858616242933629,6,2023.3327028529764,2045.3032962050345,6
730,734,-0.0009531621037074884,4,2046.9788086655062,2047.0746848466595,4
735,741,0.0009634118850394297,6,2059.5832104416368,2063.6270205952455,6
742,744,-0.0011723797005772534,2,2062.742875869185,2062.3873008698747,2
746,748,1.2193165945055843e-05,2,2066.411967846382,2068.5035759182633,2
751,753,-0.0010240110024238474,2,2060.270092447647,2060.2206232974636,2
755,756,-0.004397437317741255,1,2053.973715299262,2046.9954683492447,1
759,764,0.007010407990116583,5,2058.072319334301,2074.5583182853343,5
766,770,0.0030305007562007238,4,2081.3610739920414,2089.750001374693,4
771,775,-0.006618857341220638,4,2092.312429209563,2080.5560241565718,4
776,781,-0.0026544135231219216,5,2079.6112184202884,2076.170681497698,5
784,790,-0.0030672458989789886,6,2077.464415461723,2073.169785668585,6
793,805,-0.0013037251693291557,12,2074.7643356321832,2074.1341774830253,12
807,810,0.002435630359080537,3,2083.1722732913795,2090.329283196694,3
817,821,-0.0030270362523239845,4,2080.58796496414,2076.370537733009,4
822,829,-0.006415871724716904,7,2077.500298730681,2066.2488236046947,7
832,837,0.00471316572384213,5,2060.7720180807605,2072.5455501391125,5
838,845,0.00043537718492416,7,2072.413774757325,2075.388470207334,7
848,856,-0.0028974507499497037,8,2080.0034868860594,2076.0567827099694,8
859,860,-0.0026372541600687793,1,2069.881442278824,2066.492520276604,1
861,864,0.00046090003271746153,3,2067.629774426599,2070.6503748317064,3
865,870,0.005396972697046224,5,2068.7511271619273,2081.984871639366,5
872,876,0.010865126276585656,4,2094.883974010925,2119.7400368973604,4
882,883,1.390540583204162e-05,1,2176.6343338010906,2178.841235118651,1
891,894,-0.006129477247855588,3,2174.4320439196754,2163.2783442233813,3
895,905,-0.00011899931122257956,10,2167.5459894054043,2169.455598915027,10
909,912,-0.0030265572508319386,3,2164.406740336173,2160.020446162795,3
915,916,-0.0027581282588913054,1,2151.3486054598516,2147.566258681866,1
918,920,0.003299710015202388,2,2144.6518333809504,2153.8732143480606,2
921,923,-0.0005170234638394303,2,2159.5118141106427,2160.5548076464197,2
924,925,-0.00405912460166645,1,2158.9519492653417,2152.3474462435283,1
927,929,-0.005148791740361452,2,2157.4713828572494,2148.520483403985,2
931,932,-0.0022958590547722353,1,2155.048595170723,2152.2559559351967,1
933,942,-0.008350942378890388,9,2149.2903752860284,2133.491065581797,9
943,949,-0.011246315435286865,6,2132.1814474411913,2110.3344437654423,6
950,951,-0.0006958809559497482,1,2113.355881120129,2113.9985928904334,1
957,964,0.0022870064274622642,7,2128.3869867720755,2135.3830084777223,7
966,970,0.0006605127149621694,4,2142.7241848604403,2146.282205614058,4
971,972,-0.0018306865596328672,1,2150.158445587738,2148.372337865907,1
973,975,-0.004485537704365946,2,2150.6542274728386,2143.158041073928,2
976,977,-0.004361828741268992,1,2140.479505707071,2133.2835801846877,1
980,981,-0.0031541267889057156,1,2127.067349314949,2122.485376555983,1
983,985,-0.0029326165668788935,2,2124.512260827005,2120.4063932351933,2
988,989,0.0004503923318447485,1,2125.6389855756875,2128.7219960606367,1
991,992,-0.001472752720162672,1,2136.9860186248047,2135.9757526715503,1
993,994,-0.002162949397478263,1,2142.6548867957376,2140.1630875861347,1
999,1000,0.0004398532003448961,1,2139.971965491739,2143.0532109749006,1
1001,1003,-0.0034883791984849527,2,2148.8505026464895,2143.50334775505,2
1007,1008,-0.005167203673739633,1,2150.788597181055,2141.825823037445,1
1019,1020,-0.004118982170821645,1,2145.660608829613,2138.968331646039,1
1022,1023,-0.0013613968803121023,1,2150.16390735517,2149.3868448268922,1
1025,1027,-0.005241956621057271,2,2150.5467784205184,2141.424252274904,2
1030,1032,-0.0016036684927255404,2,2149.6983891710956,2148.40068398469,2
1033,1034,-0.0024593741768580493,1,2151.8687678359106,2148.7283861241435,1
1037,1039,-0.0035143776085059496,2,2150.9331391522965,2145.5248810298185,2
1042,1052,-0.0008310710669512594,10,2140.901580128535,2141.2632403482285,10
1055,1060,-0.003908273882418039,5,2148.8051654988953,2142.55585155767,5
1061,1064,-0.004781538412004305,3,2148.1689504919527,2140.0455670901924,3
1065,1066,-0.002345382121553186,1,2138.2749754177153,2135.3981784948237,1
1074,1082,0.0027083037555321082,8,2153.8633854915247,2161.850565172846,8
1089,1093,-0.007615518922089756,4,2185.3582199252623,2170.9009412698024,4
1095,1096,-0.004469295962508514,1,2151.7350625540853,2144.2700567891784,1
1097,1098,-0.0040378993249651825,1,2144.017259553679,2137.5039509681674,1
1100,1103,0.0013596178050422716,3,2144.441168672311,2149.501230235776,3
1104,1106,0.002307251659570951,2,2150.2372789877004,2157.348654797104,2
1107,1111,-0.0037277469454054567,4,2153.3884788559603,2147.5145800104897,4
1113,1116,-0.010226427195528392,3,2146.4413282936057,2126.6373436486315,3
1128,1134,0.005995357606664829,6,2125.4147244095034,2140.282760469219,6
1141,1150,-0.0029164991065000995,9,2146.5812342370236,2142.4673132195785,9
1151,1152,0.00012292536346761068,1,2147.8160097652976,2150.227846838725,1
1159,1160,-0.002253885057220172,1,2163.342525128985,2160.629942263077,1
1162,1167,-0.0031462508642371503,5,2168.550352343455,2163.896099275596,5
1168,1172,-0.003035397849841781,4,2164.9645203127675,2160.557956183139,4
1173,1174,-0.000645499448134462,1,2166.1053815388345,2166.873267091989,1
1177,1183,-0.004241673930818472,6,2176.612237430304,2169.5563702827258,6
1184,1186,0.009268821158224586,2,2182.278804678962,2204.6882354415943,2
1187,1199,0.00494565777127323,12,2213.556616919804,2226.7176670213466,12
1200,1206,0.000767703408597132,6,2224.596468560663,2228.528895320891,6
1207,1210,0.0057002674688945085,3,2232.0850683580347,2247.0406353293592,3
1211,1214,0.002849832496669414,3,2260.1123952593166,2268.8134494047113,3
1215,1220,0.0049234911463250375,5,2274.4455183488362,2287.918176239574,5
1221,1222,-0.001287607782921252,1,2295.7605724548034,2295.1002938464417,1
1223,1227,-0.011805248040344048,4,2305.077598514875,2280.170663310681,4
1229,1236,0.003845373056977298,7,2281.425239185069,2292.4795955705245,7
1237,1240,-0.005311337450873827,3,2288.8920824756506,2279.0238963194647,3
1241,1243,0.0009458074652145159,2,2280.0467798536474,2284.483311898925,2
1245,1247,-0.00034086786175817113,2,2297.527543385364,2299.041917627705,2
1248,1252,-0.003915479785897069,4,2295.9855878173494,2289.291688247357,4
1256,1257,0.0006087068578062591,1,2286.934929478941,2290.6139373833503,1
1258,1267,0.029210556572306225,9,2298.0654133727407,2367.491248550298,9
1271,1277,0.002278454444656593,6,2378.2807031087614,2386.0777880505093,6
1278,1279,-0.0056536232762800075,1,2384.7882966425077,2373.690390316252,1
1281,1286,-0.018097738925067903,5,2378.7460477749287,2338.074868881036,5
1293,1294,0.0003517218974079673,1,2381.809829104942,2385.0293736064045,1
1295,1297,-0.003173771571570509,2,2385.0267269956016,2379.8422236990227,2
1298,1299,-0.00494094973644778,1,2378.7973081170553,2369.4225874925687,1
1300,1302,-0.004179760265711803,2,2371.9217700878207,2364.3796274899187,2
1304,1305,9.747099177267278e-05,1,2322.332997130854,2324.8816902284416,1
1308,1309,-0.0009057211135087561,1,2340.27078234809,2340.491420471538,1
1316,1317,-0.004108243381348426,1,2368.8171567418913,2361.4542964928237,1
1318,1326,-0.0018905190521243266,8,2340.9049025964896,2338.820282181516,8
1327,1328,-0.0011199659134751522,1,2341.6655805036635,2341.384660453245,1
1331,1334,0.013208856727551996,3,2373.907354474678,2407.6378639588906,3
1336,1338,-0.0012072592503421767,2,2426.390654071091,2425.887762163091,2
1340,1342,-0.0012455081731075615,2,2434.1985344186287,2433.6009187834625,2
1344,1347,-0.008760592852217166,3,2440.0000867711983,2421.0642395383925,3
1348,1349,0.0002011715560917447,1,2419.6293051683115,2422.5356950659657,1
1351,1358,0.01539703132065769,7,2424.8265025113565,2464.586458620196,7
1360,1361,-0.0007026365318359728,1,2466.156184752883,2466.889529509015,1
1362,1363,-0.004670503828348759,1,2464.717195481862,2455.6704415800486,1
1364,1369,0.0018585657752905457,5,2458.4820440704866,2465.509776700833,5
1370,1372,-0.003204424039117282,2,2471.7192074867685,2466.2704902478367,2
1374,1377,-0.004769177536725164,3,2469.568962664648,2460.260718805179,3
1379,1382,0.0022584031948376217,3,2441.6824902046355,2449.6384762314974,3
1384,1385,-0.002733232334282041,1,2443.8574257908704,2439.6216530801144,1
1386,1389,-0.004830162911066691,3,2433.6513718981523,2424.3300906750414,3
1392,1394,0.00034663359006283025,2,2437.7529257976985,2441.0356857718516,2
1395,1407,0.006945782594411185,12,2440.404782993329,2459.795708841355,12
1410,1413,-0.008790227454278862,3,2458.6511815347885,2439.497729599901,3
1414,1420,0.0059448972758084735,6,2452.0216669846236,2469.0507055798885,6
1423,1424,0.0012363992601098876,1,2473.6812251139495,2479.213363975542,1
1425,1431,0.0044355084106072725,6,2490.9968660439245,2504.5367004601026,6
1434,1435,7.885795435058304e-05,1,2527.504160136237,2530.230978104054,1
1438,1440,0.0019193941469988203,2,2514.9020786082237,2522.2440690167878,2
1441,1445,-0.007049203545030435,4,2526.3929220535992,2511.110257033373,4
1446,1447,-0.0016364989555691196,1,2506.797341278589,2505.201767389042,1
1448,1451,-0.011102068937395421,3,2515.2265427151146,2489.81755078744,3
1455,1457,-0.009471927791166835,2,2494.5953728152103,2473.461340948541,2
1464,1467,-0.0003394048072767376,3,2414.5013650131646,2416.096373007716,3
1469,1471,-0.0005675836135920688,2,2424.688855067904,2425.737330260776,2
1475,1477,-0.011443481217547645,2,2416.8529830833254,2391.6126243489207,2
1479,1484,-0.007087691178705306,5,2382.1325077256147,2367.6308206718263,5
1485,1486,-0.001990711452132622,1,2377.3725623509144,2375.0172721274075,1
1494,1495,-0.004970515648040332,1,2375.6522272635666,2366.2196629209147,1
1497,1505,0.004485001871745435,8,2397.3790695943517,2410.52869827836,8
1506,1508,0.0027821897065314826,2,2418.8012105600938,2427.94957560082,2
1514,1518,-0.0012982949604353193,4,2419.722731234987,2419.0009401386087,4
1522,1524,-0.0020140473575348595,2,2449.8505329018753,2447.366268442631,2
1526,1528,-0.008502174065033346,2,2453.948897974026,2435.538946194728,2
1530,1532,-0.001236753867748824,2,2430.7877355708133,2430.2122371727405,2
1533,1536,0.00845902974945971,3,2429.0638835342256,2452.040471071914,3
1537,1540,0.0033390938208072004,3,2455.169757139566,2465.822969061803,3
1543,1545,-0.0007480383167813526,2,2481.7866097452716,2482.4119248768525,2
1547,1549,-0.004644133786555687,2,2482.530048101497,2473.4833764770706,2
1550,1553,0.0005188494633416353,3,2479.659228560742,2483.4254576493117,3
1554,1556,-0.0035341015772540917,2,2487.1233194014935,2480.8206962749728,2
1558,1560,-0.0033812732805862202,2,2478.4165335661937,2472.5147464966494,2
1564,1566,-0.0015426557261655357,2,2462.9934176113106,2461.656860129736,2
1569,1570,-0.001730587490386454,1,2464.2689235939165,2462.4685595453907,1
1577,1578,-0.00472206729013052,1,2430.02373785805,2420.979025989128,1
1582,1587,0.001450073697027542,5,2404.693834056177,2410.5855111684023,5
1588,1592,0.0006219221985887997,4,2404.3781068052263,2408.2778210304546,4
1593,1594,-0.007165400443982689,1,2403.5013390716144,2388.6827908485893,1
1595,1596,-0.004180299835773481,1,2382.979057624191,2375.400469718577,1
1597,1598,-0.007812147449639988,1,2368.3811994687403,2352.247437521004,1
1601,1605,0.0003593357193042107,4,2354.850616171411,2358.051648727598,4
1608,1610,0.0020585521401009477,2,2356.3554810277965,2363.5625171271327,2
1611,1613,0.0018110383063243709,2,2367.8534619973075,2374.5095887827447,2
1614,1615,-0.0019239956774787666,1,2378.263737774155,2376.066232360547,1
1617,1619,-0.002161817242573413,2,2385.7772057481066,2383.00536865353,2
1623,1625,-0.0029007628055081193,2,2391.0301406750336,2386.4853595167897,2
1628,1630,-0.014197231938492871,2,2368.3688601129456,2337.112946950131,2
1632,1638,-0.01352903430357931,6,2319.321607821563,2290.2627478361337,6
1640,1642,-0.009462964804651405,2,2278.3849501258514,2259.103058481489,2
1644,1650,-0.021345248983411624,6,2205.551432009089,2160.678938979144,6
1652,1656,0.004109335802814191,4,2175.234392028075,2186.348394986777,4
1657,1661,0.010359402623715736,4,2192.1154915847756,2217.0166140513716,4
1665,1668,-0.021917072262753082,3,2183.270248239804,2137.602626688253,3
1670,1671,0.0014429717129354927,1,2114.597808543597,2119.763711174104,1
1675,1676,-0.006549943813742256,1,2119.8494386359575,2108.084393357935,1
1677,1682,-0.0012989428311316947,5,2092.2010712643396,2091.575622752799,5
1683,1685,0.00010279966387543595,2,2105.9933500106486,2108.315838769164,2
1686,1689,0.007956677269567041,3,2115.2832230038634,2134.2291321660387,3
1691,1694,-0.0014534511083715445,3,2137.0222551615143,2136.0532200512966,3
1695,1698,0.0083577392193666,3,2145.5692344784666,2165.646911851812,3
1699,1701,-0.004977786638881961,2,2167.159655964652,2158.5391572408316,2
1703,1704,-0.0010466235772837668,1,2150.319905034268,2150.2196494279906,1
1706,1712,0.014468646812325365,6,2160.1260339734076,2193.5402606630514,6
1713,1716,0.002274003151253262,3,2208.7003870817252,2215.931679109205,3
1717,1719,-0.0011536576558132492,2,2216.921384767521,2216.5807378244153,2
1723,1732,0.009735642784897684,9,2235.1150757637874,2259.110472800327,9
1734,1736,-0.0039775031408111425,2,2249.905072423866,2243.205973004197,2
1737,1738,-0.001213872753117189,1,2246.7642061806955,2246.2836845343145,1
1740,1743,0.005020908378187045,3,2246.088009057567,2259.611499169447,3
1744,1746,-0.005286497237491999,2,2266.618767913997,2256.902912826886,2
1749,1752,-0.003317833962199176,3,2249.5727031359984,2244.3585671242336,3
1753,1756,0.007251481442718488,3,2247.280659388786,2265.8240540463125,3
1761,1766,-0.009359403478257863,5,2254.7145484459247,2235.8664798071673,5
1767,1768,-0.004697033974596225,1,2224.9004105874046,2216.67487817937,1
1769,1771,0.0012713604260950837,2,2218.8037222255934,2223.843425193529,2
1775,1783,-0.02038656513179894,8,2243.439652915376,2199.9470639648716,8
1784,1789,-0.028931311694948204,5,2190.481602422638,2129.2985780233216,5
1795,1796,0.0012643258388842383,1,2119.488334531645,2124.2875467327385,1
1797,1800,0.010397603612318576,3,2132.9879596349947,2157.2989109087625,3
1801,1802,0.0005945033982375978,1,2162.024143165632,2165.471498008981,1
1803,1806,-0.0018990565301116975,3,2173.2911170732054,2171.337205502567,3
1807,1808,-0.0010943642907843003,1,2182.889741438585,2182.683754596274,1
1810,1811,-0.0026247079309047326,1,2206.582331143756,2202.9972793301527,1
1820,1830,-0.03497785145792677,10,2181.083833400001,2106.97529089145,10
1831,1836,0.0034235354784790057,5,2109.7718177324846,2119.1044682197194,5
1837,1838,-0.005035078206814706,1,2117.661953010904,2109.1170214149092,1
1842,1844,0.00011334507972505939,2,2084.2843819468826,2086.604909708271,2
1847,1853,0.008661062275926022,6,2125.5486573595444,2146.083715308806,6
1854,1860,0.012091860457876157,6,2155.4483987188187,2183.667228378998,6
1861,1873,-0.006469009218233427,12,2188.9434463934394,2176.972094506922,12
1874,1876,-0.0006170090380756318,2,2171.2931776933674,2172.124763356112,2
1877,1878,0.006423234225767893,1,2186.156646632416,2202.384999474588,1
1879,1882,0.015096592670192265,3,2215.4016153333346,2251.0620327362412,3
1884,1885,0.0018019679473963192,1,2260.416448252476,2266.750062688247,1
1886,1887,-0.0007712293056132332,1,2284.598971284376,2285.121620577432,1
1888,1891,0.005404314883487476,3,2285.198516023629,2299.8336468915227,3
1899,1900,0.0028117090334230824,1,2322.1281682608233,2330.9794451765492,1
1902,1906,-0.009453649746293712,4,2336.748158950966,2316.994108469898,4
1907,1911,0.003759815959157936,4,2327.9500824223664,2339.0306963768035,4
1914,1915,-0.002914372640029319,1,2314.3204917998287,2309.890019970068,1
1920,1922,-0.0005179532197976617,2,2318.1021288834995,2319.219562550908,2
1929,1938,-0.0014242906668963913,9,2303.864593817013,2302.8870855720634,9
1941,1943,-0.0021641619043785507,2,2293.109842082223,2290.4402909615155,2
1945,1950,-0.007158625515940392,5,2296.1490224764552,2282.00790051823,5
1951,1963,0.037664321222280764,12,2284.4375791894895,2372.7638075635214,12
1964,1966,0.00037908219019760483,2,2382.64795701945,2385.9338243824864,2
1976,1977,-0.003115202860144638,1,2437.2339407047502,2432.07869650253,1
1982,1983,-0.005323879652310223,1,2423.7369929366064,2413.257045870296,1
1985,1993,-0.008199310047140536,8,2414.31843653617,2396.9370095590184,8
1994,1995,-0.0028824777146745483,1,2396.8800874229423,2392.3680140736215,1
1997,1999,-0.0022749232314303756,2,2375.779601964512,2372.750665357209,2
672,680,0.006176860377435876,8,1973.706050606187,1987.871063357488,8
682,687,0.0035759844122462943,5,1990.728987670489,1999.838532487076,5
689,707,0.0008085998118607879,18,2010.3092788399924,2013.9451238234844,18
712,717,-0.0031517822254476676,5,1999.6641701205642,1995.3613283024342,5
723,725,-0.0015695134672560503,2,2030.6827728990422,2029.5262717121514,2
727,729,0.0027301721651112783,2,2031.850559069601,2039.4297114687083,2
730,731,-0.002981241492998697,1,2046.6213431332892,2042.5664920078168,1
735,737,0.0024192364395041028,2,2061.9252921086727,2068.975502202986,2
738,741,-0.0036097696248868173,3,2070.473758550065,2065.070299025876,3
744,746,-0.0007815771313873655,2,2068.4218629928387,2068.8736536296547,2
749,751,-0.004615296996598285,2,2069.1562487870433,2061.675634415311,2
752,753,-0.0026701232075271517,1,2064.440325735992,2060.992456037425,1
755,758,-0.004401053299546254,3,2058.342556459672,2051.3420237164282,3
761,766,0.006115036678121658,5,2066.179229158646,2080.880170157683,5
769,773,-0.0031077486454857695,4,2089.897971476995,2085.4929918584107,4
776,779,-0.0021545871686370196,3,2080.253149864363,2077.851316270013,3
781,786,-0.002705778571106757,5,2081.106309864505,2077.556403316943,5
787,792,-0.0017142270211519765,5,2076.318316863329,2074.8353542169125,5
794,803,-0.0023706366648967164,9,2075.5021896132102,2072.657430214053,9
806,807,0.0008021641153302499,1,2077.0883850796017,2080.8316392315614,1
808,810,-0.0011197312654899925,2,2090.4318761008444,2090.1815860468982,2
811,815,-0.003408413329408686,4,2089.9277578973592,2084.894348027738,4
816,819,-0.005707440228725053,3,2085.911916845424,2076.092611174489,3
824,829,-0.006932061655368932,5,2076.8326259239457,2064.512726739083,5
831,836,0.004175821319636797,5,2062.7802743585803,2073.4568564803317,5
837,840,0.00024368110873307217,3,2072.5895171155457,2075.1671575441405,3
841,842,-0.0021820152096312917,1,2079.483397031143,2077.0254160276763,1
843,845,-0.0022225189032165876,2,2077.0867636528706,2074.547485820684,2
846,847,-0.002888089509296995,1,2079.836310863591,2075.9093937439943,1
853,863,-0.00573345490379103,10,2076.1909954687835,2066.363439020075,10
865,867,-0.0030172437892169827,2,2071.00421106947,2066.8264906872478,2
869,870,0.0026381132503535435,1,2073.3734303792794,2080.9165977292732,1
872,875,0.005949420193833928,3,2093.381241199259,2107.9290270702422,3
876,880,0.018132835231024786,4,2121.2592275649667,2161.844930848258,4
881,882,0.001043469881933171,1,2170.878126374338,2175.3142504429316,1
883,887,-0.006841681001989608,4,2182.429550419758,2169.68049317689,4
888,891,-0.0015127558446756456,3,2172.7858821499176,2171.6717734896165,3
895,898,0.002218406377701621,3,2165.980012083533,2172.951015968397,3
902,904,-0.00016237888122623513,2,2166.5827091322203,2168.3974845649595,2
911,913,-0.002651582261966622,2,2165.883133451643,2162.3059992869416,2
916,918,-0.0005284775236185451,2,2144.795742369554,2145.8070617693284,2
926,927,-0.0006427954051209704,1,2158.0728335268886,2158.843707059108,1
928,933,-0.004911553888231717,5,2156.985289347605,2148.5481251521987,5
934,935,-0.004535916570131918,1,2149.412514333186,2141.8123710077066,1
937,945,-0.009358295202373676,8,2139.091027168787,2121.2118728989617,8
947,948,-0.0006429601386785415,1,2106.7295991268707,2107.4817855707847,1
949,955,-0.0003379179737337031,6,2112.2555173727105,2113.654003785645,6
956,958,0.005341475844780657,2,2122.1610992117053,2135.6187325610895,2
959,964,-0.0038828567195136237,5,2137.087841287996,2130.926923244548,5
967,968,0.0005770749678114138,1,2145.6846044239137,2149.068509902369,1
969,972,-0.0016863962406186033,3,2148.310925280458,2146.8363327376655,3
973,974,-0.0027021024076855126,1,2151.353895418171,2147.692070772996,1
976,977,-0.002935749543817096,1,2139.0891914843164,2134.9484505577166,1
978,982,-0.006438327217918114,4,2134.1316036363364,2122.5254976496617,4
984,987,0.0028858726143759015,3,2118.2108346915275,2126.4419321655296,3
989,992,0.0012859358076512356,3,2131.302921930737,2136.17494359693,3
993,994,-0.001503787744158283,1,2140.102439180358,2139.0242818002557,1
995,997,-0.002564555175083609,2,2141.5564532924127,2138.2058700606804,2
999,1004,-0.004722498810837344,5,2144.3983349373566,2136.4158146855907,5
1006,1007,-0.0024986592244668677,1,2147.359513239041,2144.1413530962786,1
1009,1011,-0.0015032325977870275,2,2143.659634558547,2142.580875151877,2
1012,1017,-0.006088461217244065,5,2145.2351956378884,2134.319249543018,5
1019,1022,0.003760908097559916,3,2141.6003235253247,2151.7962858473334,3
1023,1024,-0.0018184511516465694,1,2151.1451109251443,2149.3845037317487,1
1025,1026,-0.0027819985024073158,1,2150.0343445296003,2146.2029865475242,1
1029,1032,0.0006602044400643462,3,2144.230909159776,2147.790770835686,3
1035,1036,-0.0013786945399216117,1,2152.5065682468858,2151.6914257623453,1
1038,1045,-0.0070465080991327506,7,2149.87452581796,2136.8752920854827,7
1048,1049,-0.0004924962459220166,1,2140.0169033514685,2141.1029699637097,1
1052,1056,-0.0004141201431979337,4,2146.96541725628,2148.223281047501,4
1058,1063,0.0016062798057385023,5,2139.2020049560683,2144.7773639419806,5
1065,1066,-0.000957185487928273,1,2139.4204969710877,2139.5120952157818,1
1067,1070,0.0038394974122422437,3,2139.0856929196707,2149.43779259512,3
1072,1080,-0.002119937029502636,8,2151.953343963798,2149.543291728131,8
1081,1087,0.0090121958706862,6,2161.786230454917,2183.430457624784,6
1092,1093,-0.0049987420549238975,1,2180.2368688542488,2171.5186639970657,1
1094,1098,-0.012521117799753685,4,2158.5007917792564,2133.632449886306,4
1099,1106,0.0034247094321937545,7,2142.460274222764,2151.940038406218,7
1108,1112,-0.006329065665260186,4,2157.8203714784067,2146.321205024962,4
1113,1118,-0.009310067324246756,5,2146.261161453935,2128.425586706837,5
1121,1122,-0.0014578014255006058,1,2127.7560320091507,2126.7819422645794,1
1124,1126,-0.005728622804666211,2,2133.570061196046,2123.4812131493213,2
1127,1129,-0.0010692013061710946,2,2126.3932536221955,2126.2461044316115,2
1134,1136,-0.0017139656622585258,2,2142.235835069333,2140.706352242634,2
1139,1140,-0.0004389721204749767,1,2146.579795077679,2147.784086188343,1
1141,1144,-0.002343699685435462,3,2148.00799107396,2145.121713412041,3
1151,1161,0.0076658883875768144,10,2146.5305272169417,2165.13212118633,10
1163,1169,-0.003634272477004769,6,2170.437143865749,2164.7196210345946,6
1177,1178,-0.0037747602407411764,1,2177.0850334157553,2171.0441444243206,1
1180,1186,0.0217335920371874,6,2161.128313772441,2210.258523197758,6
1187,1192,-0.002408563864573977,5,2212.7513379961033,2209.6345364201143,5
1193,1194,-0.0026208437626232648,1,2216.2678435405746,2212.6756196300694,1
1195,1196,-0.004334475769187879,1,2220.2563502018284,2212.852959200695,1
1197,1198,-0.00149076287848603,1,2219.93368092769,2218.84421988439,1
1201,1203,-0.000945251136304366,2,2226.4613110482255,2226.5832072750677,2
1205,1208,0.004103692618074386,3,2227.2212595209467,2238.588312221982,3
1212,1213,0.0011771145432230533,1,2257.6475273868336,2262.562684652179,1
1215,1219,2.212778015693237e-05,4,2274.7626788112843,2277.0877769385615,4
1225,1228,-0.011072346821124696,3,2301.9357125791266,2278.749817722097,3
1229,1231,0.005474645373311428,2,2275.086408235511,2289.816785922477,2
1237,1239,-0.005793254956939723,2,2290.5552678643453,2279.57605247251,2
1242,1246,0.004107400836931588,4,2282.5449333786732,2294.2028052817454,4
1254,1256,-0.002413957182487067,2,2294.1681437758953,2290.9242882511703,2
1258,1269,0.030571815875228954,11,2296.1420807736063,2368.6354557711556,11
1270,1271,-0.001220374172561619,1,2378.7355518052245,2378.2113399262525,1
1273,1277,-0.004507515514259862,4,2387.5001687257354,2379.125974843632,4
1279,1282,-0.007254208872537949,3,2378.3095961494605,2363.4351511715804,3
1283,1285,-0.006122628012761672,2,2354.4461654706292,2342.38521358885,2
1287,1290,0.003963141306321812,3,2347.858842502547,2359.511597705184,3
1291,1292,0.002772043891026173,1,2368.4613732177972,2377.395313471775,1
1299,1301,-0.0023102137065989384,2,2371.422676184429,2368.3156056899525,2
1310,1311,-0.0018866148449995564,1,2350.121103901516,2348.0374516432503,1
1312,1314,0.002858803307242422,2,2361.7761571660567,2370.8897868122954,2
1315,1316,-0.0028911390400768464,1,2370.1072517863076,2365.6250494332853,1
1318,1321,-0.0031663454777590577,3,2340.8238326735705,2335.7527995494274,3
1328,1330,0.004274622925485729,2,2343.2382447958657,2355.597942961741,2
1334,1338,0.00574024311744201,4,2412.2737990476608,2428.5331109190774,4
1341,1346,-0.004177446701528753,5,2436.496139291137,2428.7543026700587,5
1347,1349,-0.0004720655156423305,2,2420.446079076348,2421.7239160290205,2
1352,1354,0.0009427864989480141,2,2418.2420332950046,2422.9401612684787,2
1355,1356,0.0010166036497905881,1,2430.536018821465,2435.437446627968,1
1357,1359,0.007393265260883851,2,2448.93429093022,2469.488846040472,2
1361,1364,-0.008299725062596495,3,2471.481670488143,2453.440533796333,3
1366,1371,0.0009767628161740736,5,2461.5212738938762,2466.387117619331,5
1373,1378,-0.008933082231367923,5,2474.7955157997985,2455.162759467138,5
1380,1381,-0.0024203843747320243,1,2446.536238531318,2443.0612166858923,1
1382,1383,-0.002164750136984279,1,2451.1963219025465,2448.341290650835,1
1384,1387,-0.010777829996053437,3,2445.614764207801,2421.7019588075386,3
1390,1400,0.011199515145431028,10,2429.8817805169165,2459.5251600999395,10
1402,1404,-0.00321988425482157,2,2464.163596297897,2458.693438329171,2
1406,1409,-0.0022625179222072775,3,2462.4316891163107,2459.3228249765903,3
1419,1422,-0.0004221473355790643,3,2468.6697809120933,2470.096308322569,3
1423,1424,-0.0005343812270998009,1,2480.0370547383086,2481.191806548483,1
1428,1430,-0.0017760085327690643,2,2498.2970055065116,2496.358305712847,2
1434,1439,-0.007707619183780824,5,2533.125418718979,2516.1341780654566,5
1441,1443,-0.002390650419800529,2,2524.395355166438,2520.8848037060334,2
1447,1448,0.000492738186437202,1,2505.486410667649,2509.226445908452,1
1449,1450,-0.0050353867163986515,1,2509.024251149196,2498.8993680149865,1
1453,1455,-0.004187517410600064,2,2498.2149342930843,2490.251830694604,2
1457,1459,-0.01383036363382821,2,2472.9283159824204,2441.1997464479755,2
1463,1468,-0.0037808585835942513,5,2422.571592940641,2415.8347639320405,5
1469,1470,0.0007652635178985435,1,2423.3236820501565,2427.6014869381393,1
1471,1472,-0.0012698559106595264,1,2434.840252057484,2434.1831960239547,1
1474,1476,-0.013263174833828058,2,2430.948936955918,2401.137785129919,2
1477,1478,-0.0075295515679409215,1,2394.0337873803246,2378.401820310232,1
1480,1489,-0.006821626904301122,9,2396.0211220994465,2382.0723810717586,9
1490,1499,0.006443068073881926,9,2385.720905929266,2403.4779890373807,9
1502,1504,-0.0017931432193467496,2,2421.149977563713,2419.229658875987,2
1507,1509,-7.00656418137532e-05,2,2424.778536410059,2427.0334212820594,2
1510,1513,-0.00454167665268387,3,2429.3487694358514,2420.744801617914,3
1518,1519,7.725100321190684e-06,1,2425.3392057263145,2427.783280920718,1
1522,1524,-0.00499799565758346,2,2452.1250082653864,2442.3214231304896,2
1526,1528,-0.007171001704504761,2,2454.0052122453662,2438.8615418977365,2
1531,1532,0.0017754827742376368,1,2425.3738384390062,2432.1054217486803,1
1533,1538,0.0076461954780113394,5,2428.530184105738,2449.527730801767,5
1540,1551,0.0036075539949158558,11,2469.1545694177257,2480.531332418111,11
1552,1555,0.0011855878520202747,3,2478.267683142412,2483.6841548847424,3
1557,1559,-0.0030692988707293044,2,2479.9791359725587,2474.8473179470584,2
1560,1561,-0.0006354629547931821,1,2471.515328471503,2472.4162873665273,1
1562,1565,-0.005350002999034432,3,2472.6344854316844,2461.8785180045406,3
1568,1573,-0.010931313985888855,5,2473.406492977408,2448.8423164809133,5
1574,1578,-0.010226870172259313,4,2444.193544250379,2421.6412877417065,4
1582,1583,-0.0041466443046408955,1,2413.3936025979974,2405.7995113635257,1
1584,1585,-0.004471407078225307,1,2411.6447752573376,2403.2729745143442,1
1586,1591,-0.0032327304593213514,5,2411.573986445112,2406.189591750669,5
1592,1596,-0.017280322296526037,4,2412.8726170504146,2373.5902731843717,4
1597,1601,-0.00561987732402699,4,2363.603544919698,2352.6839864995336,4
1613,1621,0.0057456149203174225,8,2371.848284478946,2387.8478596554564,8
1626,1628,-0.007607474232276334,2,2375.334509024237,2359.6395474628225,2
1632,1633,-0.011803987887768212,1,2316.9640235040197,2291.9315722576875,1
1639,1640,-0.003986202810368064,1,2287.161662468336,2280.331733884107,1
1642,1650,-0.04656196504683547,8,2265.5566784366956,2162.3334642421382,8
1652,1658,0.007089190151718328,6,2170.987412041489,2188.5489420344793,6
1660,1664,-0.009753498827629277,4,2210.767251137039,2191.4153025960495,4
1665,1680,-0.05218872737766472,15,2184.4195317149292,2072.6018758275277,15
1681,1685,0.01121062549146274,4,2087.8426833184826,2113.3365484095752,4
1688,1691,4.6946619625305675e-05,3,2131.570818630151,2133.8024594932076,3
1692,1693,0.0008621552634109862,1,2134.879088197414,2138.854564528247,1
1694,1696,0.005522372218959211,2,2140.62120108999,2154.5831293432943,2
1699,1701,-0.003910329947622146,2,2163.219911620175,2156.9242279280943,2
1709,1715,0.01368623257383833,6,2184.7126956624556,2216.7978944179717,6
1717,1722,0.007193439191320748,5,2216.4615911298547,2234.622034396675,5
1723,1724,-0.002521070567988866,1,2238.8327199809496,2235.427297423936,1
1725,1733,0.006942919040222348,8,2236.8263552760613,2254.5932859230547,8
1735,1737,-5.124041773033538e-05,2,2245.8336940270415,2247.9644502644337,2
1739,1740,-0.0004924693041344876,1,2247.876288417488,2249.017154634368,1
1741,1742,0.0005865886393533431,1,2258.020393038799,2261.6029425418224,1
1743,1746,-0.005129623160199117,3,2267.6490397803095,2258.2845037864295,3
1747,1750,-0.007209562854711172,3,2262.1200109062333,2248.073234513611,3
1751,1754,0.0013726637771514995,3,2247.4535104861066,2252.785962021269,3
1755,1757,-0.003002703442986493,2,2262.3075225160205,2257.7767914515834,2
1761,1762,-0.004780902772371326,1,2252.779450921612,2244.261910850081,1
1763,1765,-0.0035433379570871675,2,2245.4673533211912,2239.7563709700894,2
1766,1773,-0.004213403097089721,7,2238.7349606030834,2231.5410027471185,7
1778,1783,-0.013590671442377238,5,2230.2565630820445,2202.176135464073,5
1785,1789,-0.016190399493291704,4,2164.8980429576895,2132.012376822917,4
1790,1791,-0.005871305915111224,1,2116.667131105428,2106.3561979893525,1
1793,1794,-0.0064260278429461,1,2125.68851049532,2114.1544654519416,1
1795,1796,0.002131529457822286,1,2117.7074590403327,2124.3391223313674,1
1799,1803,0.008319728656618754,4,2146.7658232694507,2166.7730982316248,4
1805,1808,0.004905421255369708,3,2172.5818740996006,2185.4118852779393,3
1811,1812,-0.003005386756937585,1,2204.003779129778,2199.583899138871,1
1813,1818,-0.005021345413259311,5,2194.4764852193043,2185.6517372709623,5
1824,1826,-0.021779704687999786,2,2143.5352912731178,2098.9932609321568,2
1835,1836,-0.0038826152151023572,1,2121.85262856877,2115.7361438974526,1
1838,1842,-0.011921584523013885,4,2106.201421460169,2083.1983646132,4
1844,1845,0.007124055121053594,1,2084.4611121995754,2101.3953891727774,1
1846,1849,0.005301241011751224,3,2124.1607050284606,2137.5455535785363,3
1852,1853,-0.0027445279245576076,1,2149.8769426097338,2146.1264222489885,1
1855,1857,0.0038309654102800907,2,2167.362600469345,2177.8330542237472,2
1858,1861,-0.00013556280360411477,3,2184.8821228291786,2186.7708162058925,3
1862,1867,0.008598711152494783,5,2181.108808406991,2202.044641851052,5
1868,1871,-0.005783803773609197,3,2209.117183473852,2198.549200355205,3
1872,1876,-0.009155058315234992,4,2186.3375002297134,2168.507790418555,4
1878,1879,0.0062038779544340865,1,2198.254672741151,2214.0906311163426,1
1882,1885,0.0048053141422658785,3,2258.5564586764854,2271.668088427146,3
1891,1892,0.001405132910038589,1,2301.558204325387,2307.0937577069794,1
1893,1896,-0.002688594878334476,3,2314.6005932159296,2310.6921705088353,3
1897,1900,0.005389252799012626,3,2316.38716308423,2331.187146249563,3
1902,1903,-0.008839997535915498,1,2341.8676359008464,2323.5073994059435,1
1904,1905,-0.002743873702055502,1,2323.837565878127,2319.7850866591434,1
1906,1908,0.002979292687183787,2,2321.1721052116536,2330.4087283956173,2
1910,1911,-0.0062259869465090215,1,2346.8118913572184,2334.5474830470735,1
1912,1918,-0.006873609522414004,6,2328.0894823833532,2314.4151938305945,6
1919,1922,-0.0008433946480261838,3,2315.8066833823978,2316.169351103152,3
1927,1930,0.0023273796701216436,3,2297.242261887513,2304.8860590870618,3
1931,1935,0.004921240078820589,4,2308.182167656821,2321.8494684171696,4
1942,1944,0.0009338072014808628,2,2289.5207915850283,2293.9482833797356,2
1945,1949,-0.001139746195455166,4,2294.906520961268,2294.5858165060386,4
1953,1958,0.0102809496649655,5,2271.3782426283606,2297.001546253549,5
1960,1961,0.003591909022261126,1,2351.9634915116853,2362.7634938883866,1
1963,1965,0.0025806145328957455,2,2376.1727059201685,2384.6808644436564,2
1966,1969,0.015318936482406162,3,2385.4941851995654,2424.4229132869864,3
1974,1976,-0.0035982403613189465,2,2448.1866758823703,2441.8256984490495,2
1980,1984,-0.007526879800002864,4,2422.474078542092,2406.662881412825,4
1985,1986,0.00038232184576652856,1,2414.4741179694984,2417.8116982888055,1
1987,1991,-0.008592005287830894,4,2430.256839326462,2411.806316551508,4
1993,1994,-0.002317568702428105,1,2399.258745288361,2396.097557056542,1
1998,1999,-0.003447478836669233,1,2383.195821317784,2377.3629999814702,1
672,674,0.0012752947687538524,2,1979.8595703221863,1984.3643344454076,2
682,684,0.0010799247226980992,2,1986.7372766767528,1990.8695406560187,2
688,691,0.006157991543974225,3,2001.2147654198336,2015.5394437883851,3
698,704,0.0002741617969199879,6,2020.972360293816,2023.5474060679337,6
707,709,-0.007602361918755717,2,2017.9916816238604,2004.6681701927412,2
710,713,-0.008121229421784299,3,2007.6338508478295,1993.3370296010019,3
714,716,-0.0016374077580707728,2,1997.8071675374865,1996.5337497497687,2
717,718,0.0010180723055805922,1,1997.7310964651595,2001.762662264933,1
719,722,0.005936664532982987,3,2004.2463837821788,2018.14916858792,3
728,733,0.002049662493263606,5,2038.4340019935714,2044.6505377144445,5
734,737,0.008225048160683108,3,2050.0632020753665,2068.975133846956,3
738,739,-0.0030360281268778243,1,2068.707175367356,2064.495229372034,1
741,744,-0.0012435510806681099,3,2063.857927586503,2063.355272757894,3
746,747,-0.0051670449546467895,1,2074.167610948838,2065.524461270542,1
749,750,-0.002815403224440568,1,2067.9666177699933,2064.212424504058,1
751,752,0.00021390677310000245,1,2058.820669167666,2061.319885522567,1
753,754,-0.004557798374934755,1,2061.785518177329,2054.4501010112936,1
756,763,0.008232197491138377,7,2051.724670143328,2070.6665974955317,7
764,766,3.351572248122287e-05,2,2076.3550239318015,2078.500969494488,2
768,770,-0.0007032651061675678,2,2090.3539304596015,2090.9742114112287,2
771,776,-0.007940586296146966,5,2093.7560746031095,2079.2241798842447,5
781,782,-0.0021856529447095967,1,2079.0394760769923,2076.574456800014,1
784,786,-0.002319807411136656,2,2079.059431678441,2076.315473632318,2
796,797,0.0007772393471898655,1,2071.0682325765447,2074.7490165301947,1
799,801,-0.0023395777484220793,2,2078.0205824352824,2075.236912302289,2
804,806,0.0012283304582056827,2,2071.653518607135,2076.2698472414963,2
814,816,-0.004389186818829367,2,2087.7793853675553,2080.703510994044,2
828,830,-0.004560444290497591,2,2066.2071366913465,2058.8505212885284,2
836,840,-0.0009134750025520284,4,2072.1990890966185,2072.3783861175143,4
844,845,-0.0026677481986274437,1,2080.5813352157957,2077.1114494418916,1
848,850,-0.00388568218300591,2,2078.757453322892,2072.7588199770476,2
856,858,-0.003048588978433285,2,2075.9909346355016,2071.73808248748,2
859,864,-0.0012684653189263696,5,2068.128731289825,2067.5735104503983,5
866,868,-0.002883618395070269,2,2070.0064751652512,2066.1073728907154,2
869,873,0.008686626546082262,4,2071.927076164856,2091.997059982381,4
876,881,0.01721293472434258,5,2128.6702647526204,2167.439597334209,5
886,887,-0.002441174448860733,1,2174.8699424777615,2171.7355754870673,1
891,904,-0.0018381505242237607,13,2169.949995975192,2168.131251248526,13
905,909,-0.001264816690390184,4,2166.1529807707852,2165.5793473075387,4
910,911,-0.0042374518232274234,1,2166.0988633459797,2159.0862226315494,1
912,914,-0.007936753920379921,2,2167.7531337452388,2152.7159636963156,2
918,920,6.13441247262808e-05,2,2149.355844087641,2151.6370502847094,2
925,927,-0.0004039104669483814,2,2154.501664519647,2155.7859404108094,2
930,932,-0.004955909673127427,2,2157.582765595003,2149.0475630620126,2
937,941,-0.0025549011610528733,4,2138.491606416332,2135.1664633346136,4
942,943,-0.005565532079220767,1,2138.0998981350112,2128.338334461497,1
945,946,-0.005760707026031239,1,2122.578751783425,2112.473776206505,1
948,951,0.0022683871742513917,3,2106.38787115744,2113.2723622595295,3
953,954,-0.0008655449119181068,1,2118.4781472528957,2118.762987418784,1
958,961,0.0013235007732903684,3,2137.1654973875907,2142.1312030734202,3
962,963,-0.0020203338264224296,1,2141.8870782973477,2139.701638458984,1
966,972,0.001660780147893256,6,2143.22253836742,2148.9251823500254,6
975,977,-0.005173590961880837,2,2143.3522667851275,2134.4067911363463,2
980,984,-0.007166611136946336,4,2128.91243350329,2115.784258381265,4
988,989,0.00025226084561515887,1,2125.517147979792,2128.1788498808905,1
992,994,-0.0007478956173347527,2,2138.5253053689744,2139.0644369708984,2
1000,1002,-0.003888314575160018,2,2149.0929705123744,2142.8857139622696,2
1005,1008,-0.0038785697202420436,3,2149.5649039062237,2143.377231462144,3
1010,1011,-0.0009947274933106616,1,2141.517414361248,2141.5287055261406,1
1018,1019,-0.0006032750140561236,1,2140.948240581585,2141.7976082422365,1
1021,1022,-0.000354952852220324,1,2146.4938561044614,2147.878445844068,1
1023,1025,-0.0034465940676349036,2,2152.4035779026854,2147.1375200778325,2
1026,1030,-0.001275231454004501,4,2143.1163960749473,2142.5265430331547,4
1032,1033,-0.0017866805779775522,1,2147.95819273481,2146.2684357422777,1
1034,1043,-0.006422426764677616,9,2153.147895356966,2141.472608580873,9
1044,1046,-0.002236312483942405,2,2140.969548769961,2138.322641389076,2
1048,1051,0.0028584220463074286,3,2133.1597503380403,2141.3903809470403,3
1056,1061,-0.002799569154049531,5,2146.6197754883815,2142.75678475494,5
1064,1065,-0.0024222265073677064,1,2144.6657027282686,2141.615502316406,1
1066,1068,0.0005874439240964005,2,2137.9042109264396,2141.298013976375,2
1075,1077,-0.00457491019177881,2,2160.3237521877622,2152.6007887885244,2
1078,1081,0.0010962864579024153,3,2153.4044112102633,2157.9185637158707,3
1082,1086,0.0063878546542670955,4,2169.7683684655435,2185.798301805193,4
1088,1089,-0.0017681507024730624,1,2188.7165641691054,2187.0353000028244,1
1091,1094,-0.011075971615165402,3,2181.621827773615,2159.639868161943,3
1095,1096,-0.004230771006566587,1,2153.4735491230745,2146.5161692171596,1
1097,1100,-0.0010925208922826191,3,2141.2531140822825,2141.0550034335647,3
1102,1105,-0.0014451717779495926,3,2150.9320678350978,2149.974533582211,3
1108,1113,-0.006489276786615048,5,2158.2773927417297,2146.4300107506765,5
1114,1121,-0.00855232331444862,7,2144.368312945382,2128.17335014076,7
1122,1123,-0.0038545402028574076,1,2130.9004813760657,2124.8177402836895,1
1124,1125,-0.0005881572656822296,1,2127.6332574643575,2128.509507762737,1
1126,1135,0.00784228357211426,9,2122.9368885627086,2141.708498537082,9
1136,1139,0.001309228227191336,3,2145.958605411665,2150.9141135976656,3
1142,1147,-0.0019853795321063683,5,2147.0847328334476,2144.9690394840154,5
1157,1160,0.0019905859360829434,3,2154.152222089128,2160.5943994286895,3
1164,1174,-0.0021153118217807406,10,2167.3564165281896,2164.9391382948234,10
1176,1178,-0.005027872218475749,2,2180.0207355888974,2171.239890632318,2
1179,1180,-0.004157742820501619,1,2166.569697811902,2159.7282279035203,1
1182,1188,0.020543510024625608,6,2165.8175154017067,2212.476826756273,6
1189,1192,0.0038992929496941145,3,2207.898723187153,2218.7158658353023,3
1201,1213,0.015782529055925792,12,2226.031823575235,2263.390267333802,12
1215,1217,0.0012547603655921058,2,2280.3791230813786,2285.520831546626,2
1222,1223,0.0033852185925564065,1,2295.272784240506,2305.3380571289463,1
1224,1226,-0.0048666558406983565,2,2305.881812128911,2296.9657607520826,2
1227,1231,0.0040288384424366904,4,2278.949258939128,2290.4097265808437,4
1233,1234,-0.0019467711076156216,1,2293.943366002356,2291.7715267009185,1
1235,1240,-0.010435709119194506,5,2297.7966763006325,2276.115335248008,5
1245,1247,0.0012289725510325716,2,2293.0451495349407,2298.1562842315325,2
1248,1255,-0.00321574548369369,7,2298.279348850212,2293.1869467627307,7
1256,1260,0.012016068164708071,4,2288.658108303096,2318.447438246481,4
1261,1262,-0.0001979377365054169,1,2331.182924363034,2333.0526782159686,1
1266,1267,0.0014693502704192412,1,2364.1522897788195,2369.990209874897,1
1278,1279,-0.0028382710843647754,1,2381.1492498135617,2376.7720520000726,1
1285,1290,0.007057811133826094,5,2341.2465935957944,2360.111916464703,5
1292,1303,-0.012179531497854543,11,2374.7705645157266,2348.2217421895452,11
1306,1307,0.00014179903878362016,1,2330.7116774235583,2333.3728817765223,1
1312,1314,0.00032696703215535786,2,2367.3758264454577,2370.5172561198724,2
1315,1318,-0.015473601021908808,3,2372.7993428711925,2338.4563918774274,3
1325,1327,-0.0021521037673339592,2,2339.465169312177,2336.7698626770657,2
1328,1329,0.002921209993796227,1,2342.4652840196663,2351.650582301485,1
1335,1338,0.0007731025746946518,3,2425.7486094478168,2430.0497105527907,3
1341,1342,-0.002561389367551312,1,2436.574575993875,2432.7701343576723,1
1350,1351,-0.004052253204281645,1,2424.3482499873153,2416.948525272997,1
1352,1353,-0.0025605236652639115,1,2424.2157102935957,2420.432664307978,1
1355,1356,0.0040137990647604255,1,2426.272645200969,2438.437488720331,1
1358,1359,-0.0006901217643277612,1,2465.641406517743,2466.405455126595,1
1360,1361,-0.002955015927457461,1,2471.7520015678274,2466.9196870360374,1
1363,1364,-0.0012990226789421058,1,2453.444779091359,2452.7111434608787,1
1365,1368,0.005832549280997418,3,2454.699385687773,2471.4712402105188,3
1369,1372,-0.0012474943577862568,3,2473.196359593974,2472.584257449277,3
1377,1381,-0.007177970439966389,4,2462.58398277586,2447.370211724336,4
1382,1383,-0.0007584820164761795,1,2448.205100633637,2448.7963861927947,1
1384,1388,-0.010185971342600426,4,2444.773843471796,2422.316221006525,4
1391,1397,0.004494200924363376,6,2434.9288447029794,2448.3068330123056,6
1398,1399,-0.0008969367117704176,1,2462.189873119906,2462.4436345044755,1
1400,1405,-0.004359608630100366,5,2465.50198068421,2457.218858952374,5
1411,1412,-0.005535469586169153,1,2456.972742885149,2445.8292177357466,1
1418,1420,-0.0020334946102646646,2,2468.588093968541,2466.036821478461,2
1425,1426,0.00022565724758970545,1,2485.949454338868,2488.99637630472,1
1430,1432,0.003924726055019009,2,2499.2771495371144,2511.5854048341535,2
1434,1436,-0.0026810489919861296,2,2535.2672407954483,2531.0053323558936,2
1438,1440,-0.003380797857014014,2,2515.5124939061475,2509.5235671513637,2
1446,1449,0.00047658700927949416,3,2504.3237323746175,2508.021584264872,3
1450,1451,-0.005853839274104002,1,2503.911322850081,2491.7577397323575,1
1455,1457,-0.007953640094881543,2,2495.626732220413,2478.273042113387,2
1461,1465,-0.01636483042671148,4,2441.20022169843,2403.6915942543833,4
1466,1468,-0.0015167163695296486,2,2413.029054349804,2411.782202737271,2
1472,1478,-0.024463448216352573,6,2435.814931484988,2378.6623139754715,6
1479,1482,-0.00944873860742608,3,2390.976139283677,2370.7754068662766,3
1483,1484,0.0006998592337069884,1,2364.587963358712,2368.6074300421396,1
1487,1488,-0.0015341060364971034,1,2380.617448174137,2379.3459460244767,1
1491,1494,-0.011365411370114174,3,2388.8152296807234,2364.054177137889,3
1495,1503,0.020196163210312288,8,2369.602054211796,2419.8285260963603,8
1504,1507,0.0017242234183848446,3,2417.6542692193066,2424.240499597072,3
1509,1510,-0.001890052195049413,1,2430.098944659891,2427.936029760009,1
1513,1514,-0.0018766339658088257,1,2421.1959085994663,2419.0734060281106,1
1516,1518,0.0003663787961334802,2,2421.412669496592,2424.721236424881,2
1523,1524,-0.0011641948181968147,1,2451.4298840860292,2451.0273720018895,1
1525,1528,-0.005778187655288892,3,2448.6581184684587,2436.95797047477,3
1529,1535,-0.0009610348453841304,6,2433.3371621111846,2433.431977469939,6
1538,1542,0.009749177452203255,4,2450.760678915866,2477.1043403464146,4
1543,1549,-0.0029820348155154257,6,2479.7071401071057,2474.7922742231312,6
1552,1554,-0.0026298535553278906,2,2483.0638320336448,2479.0168016188986,2
1555,1558,-0.001986068750218996,3,2478.683348074517,2476.2391958832927,3
1559,1569,-0.005354042747941336,10,2474.2501137965583,2463.4771230319893,10
1570,1571,-0.0008987110991376395,1,2462.5066083046554,2462.756032892377,1
1572,1573,-0.008272803949436289,1,2462.5631973511845,2444.6534580037523,1
1576,1577,-0.000560652303963402,1,2433.298469314596,2434.3675333908586,1
1578,1579,-0.0037765788057031757,1,2425.7353039874556,2419.000058754158,1
1582,1587,-0.0019302350954575667,5,2408.6954967107076,2406.4548436253967,5
1588,1590,-0.0005395869265987412,2,2406.9767919544506,2408.08499553684,2
1591,1593,-0.0013075321269695763,2,2407.2025022285056,2406.462210122949,2
1595,1596,-0.006343326719450004,1,2386.77093032727,2374.0176334420457,1
1597,1600,-0.007760662759318174,3,2368.0329577028933,2352.0234854729133,3
1602,1603,-0.0039041113821996023,1,2359.7761842683003,2352.923131392123,1
1607,1609,0.005451241435176432,2,2349.065988021218,2364.220379857104,2
1612,1617,0.0012389066732460922,5,2373.3397048761444,2378.6533909792715,5
1618,1621,0.00010110474102195894,3,2387.3953176377263,2390.024089940671,3
1623,1628,-0.01196195067346896,5,2389.262525005812,2363.0715470607306,5
1629,1630,-0.009613182691481585,1,2356.342004554081,2336.046400385245,1
1634,1635,-0.005097171514194552,1,2295.20172287728,2285.797887758977,1
1636,1639,0.00020819714189604399,3,2284.7274374324547,2287.487838592372,3
1644,1646,-0.03946484500932875,2,2205.5929600592654,2120.755168696919,2
1649,1650,-0.002665675598554413,1,2163.4533470191045,2159.849735570364,1
1651,1656,0.011542648349041049,5,2162.994412314646,2190.1240906092494,5
1657,1658,-0.004950397525510979,1,2195.6367173648378,2186.9630795096386,1
1659,1663,0.004908405041902853,4,2193.548552656399,2206.5089259845727,4
1664,1667,-0.02199781448147792,3,2193.1450194653676,2147.0937672156565,3
1668,1670,-0.010724058729149,2,2132.7477003832273,2112.0087364902433,2
1672,1675,-0.005621420367744343,3,2131.8810781137113,2122.028759477708,3
1676,1677,-0.00937356055161474,1,2111.5285131385367,2093.84750127731,1
1680,1681,0.0034492462153275626,1,2076.2110016564598,2085.448575597801,1
1682,1685,0.006167422115431929,3,2098.2436063636255,2113.28260399144,3
1687,1695,0.010381540495234966,8,2118.5633470801467,2142.67586160666,8
1696,1702,-0.0015206790592002793,6,2156.355062112002,2155.23229318696,6
1703,1705,-0.00019744499965569065,2,2150.0629790741214,2151.7885228690325,2
1706,1707,0.0018913170932480699,1,2161.7454041237556,2167.995695561949,1
1709,1710,0.00028297245493672245,1,2184.8468641606764,2187.6499625056495,1
1711,1713,0.0012363377320929814,2,2195.5648021168618,2200.474826527091,2
1718,1722,0.008116772509281715,4,2215.740021999301,2235.9404197195795,4
1725,1726,-0.0009381899843174451,1,2235.66319292653,2235.8013793035457,1
1727,1731,0.00801979616102622,4,2232.251706066991,2252.3861614358184,4
1733,1735,-0.005161665600140266,2,2255.679147353331,2246.2917650408367,2
1736,1737,-0.0031844181472903276,1,2246.2331526615494,2241.3264401998304,1
1742,1745,-0.0022610057711394665,3,2264.7394258454005,2261.8835763592824,3
1748,1749,-0.0038460834074169102,1,2254.7163632383986,2248.2992524085544,1
1750,1755,0.00015795307225230652,5,2252.640274848085,2255.2487265750246,5
1756,1757,-0.003884391575075394,1,2262.861128595387,2256.334151020501,1
1759,1763,-0.009929763538908915,4,2260.2407467103394,2240.057331301209,4
1764,1767,-0.0066016531116768525,3,2238.8093957944966,2226.268362176093,3
1770,1773,0.0023680133907086325,3,2222.465428031409,2229.9507213534057,3
1774,1777,-0.002965087327942453,3,2239.380919570989,2234.980340503504,3
1779,1783,-0.0076722816615841126,4,2224.306437871439,2209.465238816286,4
1784,1785,-0.009097942006861752,1,2185.777539035089,2168.0772392840818,1
1787,1788,-0.005922912364719588,1,2148.842997814402,2138.2644320506206,1
1791,1793,0.0031041040822729314,2,2111.566343633341,2120.232431684237,2
1797,1798,0.00117192360096095,1,2133.1515800524908,2137.784622313634,1
1799,1800,0.004435626292072092,1,2147.0498978611013,2158.7204587363058,1
1801,1802,-0.0005759785433561832,1,2163.840205537944,2164.7577202138405,1
1807,1808,0.0014493942629431084,1,2182.1434537917594,2187.488383448396,1
1809,1810,0.0002247451644677074,1,2195.765857708615,2198.455111325147,1
1812,1822,-0.020058397367775,10,2202.1232131823963,2160.1542739327647,10
1823,1827,-0.025125744089856572,4,2152.4048703987887,2100.4765013177866,4
1828,1840,-0.013906207524714685,12,2113.506145821734,2086.228796898999,12
1843,1847,0.021687207019527595,4,2082.9176137375694,2130.173196845054,4
1848,1849,0.0011411242559107178,1,2138.6676143375103,2143.246767441899,1
1850,1857,0.011772930747895649,7,2148.685608526575,2176.130621003285,7
1859,1860,-0.0032140480593027235,1,2185.110791583279,2180.2728512758126,1
1865,1866,0.0006359070601726314,1,2180.9234258634574,2184.4912138935233,1
1867,1873,-0.012179608279408158,6,2201.1467133325914,2176.5387553120263,6
1874,1876,-0.0006786999385360845,2,2169.0985722956643,2169.795503800264,2
1877,1878,0.0061232862755465816,1,2183.1296600894866,2198.6807176349407,1
1879,1884,0.022883260841879256,5,2210.3932033202436,2263.184600758258,5
1886,1888,-0.00022112454437816522,2,2282.1704263919746,2283.9479529226373,2
1893,1895,-0.002643749256510614,2,2320.229795669157,2316.415919667592,2
1897,1900,0.003929851865476159,3,2316.3537229670283,2327.7730036893,3
1901,1903,-0.00474759456560968,2,2336.344482168734,2327.5888102839663,2
1904,1905,-0.0029582167852822607,1,2328.037029982245,2323.478228793375,1
1907,1910,0.003068218737450416,3,2328.581040408818,2338.054217429081,3
1913,1914,-0.0009677810678708122,1,2309.037945212828,2309.1123399496687,1
1919,1926,-0.011166270285929671,7,2316.4642044004395,2292.9144031908236,7
1929,1937,-0.00014820282641094592,8,2307.6407942358783,2309.606436142067,8
1938,1941,-0.008960773247221027,3,2305.7925188898826,2287.4366274918616,3
1943,1945,0.004140433704252827,2,2288.753212169771,2300.5183963223253,2
1946,1948,-0.0009808605075184718,2,2297.192137385537,2297.236104477179,2
1951,1958,0.0038764533381020223,7,2285.6558834748034,2296.8017777375267,7
1962,1970,0.022253604228866127,8,2368.0830375374544,2423.1495032734415,8
1971,1972,0.00041685784343610185,1,2427.4722219047426,2430.9116049620716,1
1973,1975,-0.0013438578341214626,2,2440.9818210133612,2440.1424702912577,2
1976,1977,-0.004802116756887971,1,2437.613614231238,2428.345522661751,1
1978,1981,-0.004439504384197991,3,2427.8269662564107,2419.4764447618977,3
1990,1991,-0.007122766592229493,1,2418.1045171191304,2403.299027565194,1
1993,1996,-0.010211158731934504,3,2403.1323267520124,2380.9966934364566,3
1998,2000,-0.005278514788393287,2,2384.749614785129,2374.5464282916555,2
673,674,7.444495481843385e-06,1,1979.384024246041,1981.3781437857124,1
678,693,0.008424999695246307,15,1993.6101214207765,2012.3998962076073,15
696,697,-0.002099623214511781,1,2018.4327504051216,2016.2132348958453,1
699,701,0.0016018872357301682,2,2020.454060667095,2025.711054297924,2
706,708,-0.0010481136715437657,2,2016.8660430452517,2016.7690042149088,2
714,716,-0.0009051000670939893,2,2000.5506964493654,2000.7405485762336,2
722,727,0.002009289672505208,5,2024.7326880243174,2030.8256951919727,5
728,730,3.420350801855909e-05,2,2039.2427454973413,2041.351737498436,2
731,733,-0.0017669769371294135,2,2048.63278877772,2047.0615346760806,2
736,737,-0.0030250192905298926,1,2069.076490866319,2064.886571058733,1
740,743,-0.00495941061409598,3,2069.625368747117,2061.4308720948975,3
744,746,-0.0009784147820408795,2,2066.655752010095,2066.7003612249487,2
750,752,-0.0024435527412725684,2,2063.964337591395,2060.9848962139763,2
754,755,-0.002518056744892226,1,2060.347064532866,2057.219340774733,1
756,757,-0.0016264943184073717,1,2049.944027287823,2048.659749001674,1
760,763,0.0027563133893516315,3,2066.1349424374994,2073.8959927859846,3
766,767,-0.00021151707417956021,1,2080.7258503820917,2082.366467188431,1
769,770,0.0004339925404870538,1,2090.151331920157,2093.14859333862,1
771,772,-0.0005792158595693105,1,2088.5681059977974,2089.4469423330106,1
773,774,-0.0023169278371544524,1,2085.0249865957103,2082.2791591497,1
777,782,-0.005337031551683955,5,2084.3474521134303,2075.3075714489423,5
783,785,-0.0053746856070372735,2,2081.6182237671233,2072.5117984842627,2
790,791,-0.0015137659537403604,1,2074.4256300397296,2073.359860777449,1
794,795,-0.003239243385734096,1,2075.162767148468,2070.515972647809,1
796,797,0.0008736031520441821,1,2067.269134784531,2071.142376751587,1
806,813,0.00370780876642959,7,2073.707551142912,2083.470169731194,7
815,819,-0.003633017970698499,4,2084.109164510165,2078.6216676271124,4
823,825,-0.007752740065559356,2,2079.7627813656786,2065.7186839050914,2
827,830,-0.0034841223841730966,3,2068.1879830415196,2063.0503509781684,3
832,839,0.005728615780536935,7,2059.949668055601,2073.8102778991915,7
841,849,-0.003941080713414499,8,2077.8053148175304,2071.6943216798904,8
852,854,-0.003026984204461573,2,2077.5440045288633,2073.3328556476094,2
855,862,-0.00783590057243786,7,2076.294872897479,2062.101527587289,7
865,867,-0.005841248992946181,2,2073.0488222927934,2063.01267676954,2
869,870,0.0029915378521335944,1,2076.628375277629,2084.9173160423643,1
873,874,-0.000886216442272352,1,2095.5440471449483,2095.7824856020075,1
876,879,0.010648715558885791,3,2125.0807904937915,2149.835252161906,3
882,886,-0.002944303318216847,4,2175.9820183797037,2171.751249320988,4
887,890,-0.004144852705896689,3,2172.5285873088683,2165.696304902432,3
895,896,0.0011301185464606726,1,2164.5104739753997,2169.121137880023,1
897,898,-0.004068444730950169,1,2169.2194169736204,2162.563287083333,1
899,901,-0.0042875408868072685,2,2166.3277930835375,2159.2059018895484,2
904,912,-0.004597010899722358,8,2170.5544902403467,2162.746982080511,8
913,916,-0.010140734692740273,3,2161.533580562962,2141.775575573587,3
917,918,0.002004574534119493,1,2145.914111971689,2152.361670864927,1
920,930,-0.0025793810636588724,10,2157.018574546734,2153.6118202561343,10
931,935,-0.004273746520437115,4,2150.5119113784854,2143.4716804914515,4
937,940,-0.0029613879394993752,3,2136.5180953683202,2132.3275545435426,3
941,946,-0.009519376248590599,5,2132.961860183241,2114.790355572446,5
953,964,0.0050218664542058585,11,2120.7548186919867,2133.5257209922634,11
971,973,-0.0029270766994059015,2,2151.439324161414,2147.293335569637,2
974,977,-0.008010419810814646,3,2150.299257221572,2135.224756709566,3
982,986,-0.004814042630670554,4,2129.9829766764556,2121.859130800809,4
988,989,-0.0006413961401164664,1,2126.621725862461,2127.3843406218675,1
990,992,0.00023450876053097308,2,2132.221247707486,2134.853493517171,2
997,1001,0.00040812930131374557,4,2141.4653253267147,2144.4807853990546,4
1002,1008,-0.0016999153287078472,6,2145.72738548105,2144.2255579927237,6
1009,1012,-0.005005462802110324,3,2145.874624375225,2137.2794033892974,3
1013,1016,-0.003953864688002561,3,2136.6416285244604,2130.3302782670457,3
1023,1027,-0.0060684092462083014,4,2146.3145160212043,2135.4361156829314,4
1030,1034,0.002294504678158345,4,2143.561391133683,2150.6233641646927,4
1038,1041,-0.0030988280164111143,3,2149.38377714456,2144.8725902550696,3
1042,1044,-0.005336899850549931,2,2147.38478131953,2138.071788582352,2
1046,1049,0.0009055034669107366,3,2137.9181813280043,2141.9919918344963,3
1054,1055,0.002416348488053549,1,2141.7705952645524,2149.087629999442,1
1062,1065,-0.006278789866337101,3,2149.6053013962432,2138.2579867146083,3
1068,1073,0.0077723686315197575,5,2139.500918361977,2158.269409105323,5
1079,1082,0.004502635391747468,3,2151.482765591967,2163.321590802648,3
1084,1085,-9.532478958979192e-05,1,2184.2274070341277,2186.20342342317,1
1086,1087,-0.003068409781316247,1,2190.771438175502,2186.2400251041518,1
1088,1092,-0.0045413469973547916,4,2185.2287819438484,2177.4901285583783,4
1094,1102,-0.0064253139805939725,8,2160.1766420550857,2148.4570055183917,8
1103,1107,0.00021781172984701924,4,2151.8613266009997,2154.4818885655386,4
1111,1126,-0.014799836874158492,15,2150.730383097125,2121.0506546500883,15
1127,1134,0.0065184032782614745,7,2121.162183697794,2137.1099364134316,7
1136,1139,-0.00079122615793106,3,2144.9944885255104,2145.4423072660966,3
1141,1145,-0.0028517641931614336,4,2146.702497019874,2142.7273102025224,4
1146,1148,-0.0013068589627524955,2,2147.265697190768,2146.606789466174,2
1149,1150,-0.002663401693060249,1,2144.402332416285,2140.8353299459413,1
1153,1154,-0.0011133402322074705,1,2157.0540096000304,2156.8095285976983,1
1155,1168,0.0014993713771882266,13,2159.6328697499266,2165.0305943298144,13
1170,1172,-0.002623418800354959,2,2163.0579516695802,2159.5464027245825,2
1180,1181,0.0008704315582579081,1,2161.14492729328,2165.1872009672584,1
1183,1186,0.014857609756954573,3,2172.998853910377,2207.4574217379973,3
1188,1190,-0.0027083754000163684,2,2210.0516090749984,2206.276011273288,2
1196,1198,0.0029887651731488113,2,2215.919716241673,2224.7584996323117,2
1199,1209,0.006023233805148402,10,2226.3145860789596,2241.9505139408043,10
1210,1217,0.012635247745402717,7,2249.5347457207117,2280.207709290505,7
1220,1222,0.0034862787619889283,2,2285.244041058742,2295.4962828661055,2
1227,1228,-0.004272736559132661,1,2278.0369159415595,2270.5815012437038,1
1229,1230,-0.0030762059713628316,1,2283.8614982907575,2279.1197314102405,1
1232,1235,-0.0028378639419619736,3,2300.4146108759624,2296.186761811071,3
1236,1243,-0.005042535685874704,7,2295.0925701140263,2285.8145764969545,7
1244,1260,0.008918879691978576,16,2289.6527080658925,2312.363497813611,16
1261,1263,0.002094036288783382,2,2335.492332396486,2342.718430425096,2
1266,1272,0.004873945240597969,6,2365.7209560773395,2379.617071427873,6
1274,1275,-0.0016470068815934674,1,2385.7683134535305,2384.2247049368384,1
1276,1281,-0.007259573200024631,5,2387.3775920600297,2372.4336272664314,5
1285,1289,0.004463827469388617,4,2337.7358028919903,2350.5087879880048,4
1292,1293,0.00195637801505388,1,2371.4843124452555,2378.495316529614,1
1294,1297,-0.005820987295286232,3,2390.852258035921,2379.3259896750233,3
1299,1306,-0.015264657497161476,7,2367.277896247018,2333.5094878564532,7
1307,1312,0.01010526398956442,5,2336.7511338083505,2362.701372027206,5
1313,1315,-0.002459992220260587,2,2372.506616616027,2369.0427754132506,2
1319,1320,-0.0006625083733414052,1,2335.9762691216624,2336.764641552564,1
1324,1325,-0.004422869809430375,1,2339.1981362026954,2331.1913655240114,1
1326,1328,0.0017620115312494966,2,2336.061870300395,2342.514100123877,2
1330,1331,0.003536918900911538,1,2359.440887923405,2370.1454798834084,1
1332,1334,0.007942684969507063,2,2390.4851445109985,2411.862500082647,2
1335,1341,0.0034875064908805173,6,2423.2349751788906,2434.1092578589346,6
1342,1345,-0.0015134585590051142,3,2432.9504048892454,2431.70118568022,3
1346,1353,-0.006869739098825841,7,2430.5413982661767,2416.274754389459,7
1354,1356,0.0017968769231298362,2,2423.6739059742254,2430.4526235910366,2
1357,1359,0.006420445499426598,2,2453.895553609557,2472.104551826402,2
1360,1362,-0.005127953768255089,2,2472.5275384418037,2462.3210590723784,2
1364,1365,-0.005623109370604174,1,2460.2089599673855,2448.835144870916,1
1368,1369,-0.003063796791452937,1,2470.414811524335,2465.3163773627534,1
1370,1373,-0.00032480248066990775,3,2472.0771945940432,2473.7463349834256,3
1376,1379,-0.008613724764489553,3,2465.7211413246914,2446.947819208662,3
1380,1382,0.0009300530327518953,2,2444.130895602104,2448.8481978496034,2
1383,1387,-0.01239789344293869,4,2446.7415801210786,2418.853880308451,4
1388,1391,0.0022755511022108914,3,2423.0086430263373,2430.9453316576687,3
1397,1404,0.0012650386112637042,7,2450.3577875142223,2455.9079425143527,7
1405,1406,-0.0018704463326943053,1,2458.4799673269017,2456.3399924553396,1
1407,1414,-0.00907331482537949,7,2465.8039473750578,2445.8967358102354,7
1421,1423,0.0013828518313122855,2,2469.4707437767197,2475.3551266609,2
1424,1426,-0.0010807191693948514,2,2484.5277856197895,2484.327236600596,2
1428,1431,0.002302347203669406,3,2497.1611285944377,2505.4076216645635,3
1432,1433,0.0031555186577861116,1,2510.894215875837,2521.328283637636,1
1445,1446,-0.007310816740649846,1,2515.18256716295,2499.3097109123073,1
1448,1451,-0.00611695910092319,3,2508.698428597,2495.861521341319,3
1452,1457,-0.010948367234352666,5,2497.35433313649,2472.509735116146,5
1465,1466,0.0016488197907652555,1,2402.89735808338,2409.2622001606487,1
1468,1471,0.003473055407812062,3,2418.5264550471097,2429.3446578857947,3
1472,1473,0.000533492781182848,1,2433.833914764527,2437.5661815034164,1
1478,1480,0.0030117072830398222,2,2382.956308779669,2392.5160319587662,2
1482,1484,-0.004073787954908181,2,2376.706737413722,2369.4012448719104,2
1485,1486,0.001579348546216836,1,2367.1224204503906,2373.2280542242966,1
1487,1488,-0.0008836672457074092,1,2378.575282547118,2378.851988761029,1
1489,1493,-0.0025749375290823016,4,2390.2031458082,2386.438725171736,4
1494,1497,0.010448860371301015,3,2371.2064353715627,2398.354046761662,3
1498,1500,-0.003090751805039976,2,2408.6183913126843,2403.582568063395,2
1502,1503,-0.0006223472290913188,1,2417.4177414581104,2418.330685966616,1
1504,1511,0.0015075043024240938,7,2419.3429734225406,2425.409486337437,7
1512,1515,0.002662579769563007,3,2416.535373728533,2425.3861273007847,3
1516,1524,0.00970816850378612,8,2421.351152027891,2447.2793881706425,8
1525,1531,-0.011202843555009195,6,2448.6412415283917,2423.658138018734,6
1532,1536,0.006188743192950706,4,2429.9496616611923,2447.417945750672,4
1537,1545,0.01008730903954446,8,2455.832995253255,2483.061574621138,8
1551,1555,-0.003269117568826654,4,2483.64088881177,2478.005215636311,4
1556,1558,-0.0013760913204311847,2,2479.6205800670805,2478.6880162889547,2
1565,1566,0.00014058824377831056,1,2460.43988190308,2463.2462307069018,1
1567,1587,-0.0253427203887452,20,2467.626053458149,2407.5573224148343,20
1590,1594,-0.008176200558092669,4,2412.0383180420686,2394.729047317994,4
1599,1604,0.002404254903452491,5,2351.219656230042,2359.223807273857,5
1607,1610,0.007700771110163277,3,2346.937566238521,2367.357732812206,3
1616,1623,0.00275274469664556,7,2378.504675676799,2387.4305964843916,7
1627,1629,-0.011946513791682736,2,2373.862877767857,2347.8773550368073,2
1631,1632,-0.0064403306347947005,1,2324.718761980745,2312.071523282659,1
1635,1637,-0.0011417784392648179,2,2287.5266663610782,2287.202344400545,2
1638,1639,-0.0038705957874368303,1,2292.2724970981385,2285.6923093243113,1
1640,1641,-0.002057768610331011,1,2279.028934812037,2276.6182495427565,1
1642,1643,-0.013011320907705945,1,2264.384309015305,2237.186062421348,1
1648,1650,0.0032201907225144445,2,2149.6946047668725,2158.766725994149,2
1652,1654,-9.042296359728405e-05,2,2172.3030237784133,2174.2789007249503,2
1656,1657,-0.0029932764662885954,1,2192.50736804578,2188.13709470689,1
1658,1659,0.0020258505772197634,1,2190.3666667745165,2196.994389017499,1
1662,1663,-0.006551934421253332,1,2217.3642533735206,2205.0535924507594,1
1668,1669,-0.010247303875778466,1,2133.6689501936294,2113.9382650408756,1
1672,1676,-0.013890836394913907,4,2131.6741567600657,2104.1950939580056,4
1678,1679,-0.004333276207540397,1,2074.7144928424873,2067.798896386056,1
1680,1687,0.019583551430153185,7,2076.9222186014727,2119.672653904484,7
1688,1696,0.009275864247820027,8,2131.7721064377943,2153.6779072108384,8
1699,1700,-0.0049589773995806444,1,2166.420709791716,2157.843899163667,1
1702,1704,-0.002604590407609732,2,2153.345612085535,2149.890374372114,2
1705,1710,0.013558984987296952,5,2157.865520949162,2189.2818526732667,5
1712,1715,0.009919106127353902,3,2196.802485191816,2220.78960466846,3
1717,1719,-0.0014418702991748373,2,2216.6050460265355,2215.6255940916953,2
1722,1725,-0.0033519024986860416,3,2237.732266732383,2232.4693386228646,3
1729,1733,0.011911192249045584,4,2230.674327994338,2259.4749930880835,4
1738,1743,0.006153836044083421,5,2249.8260024647716,2265.92088881412,5
1745,1746,-0.0044455899498053895,1,2266.0466728787223,2258.2388052368615,1
1747,1751,-0.0061514812177427425,4,2257.0082923584037,2245.3813565320297,4
1752,1753,-0.0002982766390675701,1,2245.805693038541,2247.381627357461,1
1754,1755,-0.0012495759399013054,1,2256.277645253379,2255.7145326393866,1
1757,1759,-0.0001777809269655166,2,2260.132764576561,2261.991088843186,2
1761,1768,-0.014494355810616859,7,2248.506229295452,2218.164086194951,7
1773,1774,0.003779431906643451,1,2229.3417130974567,2239.996700011846,1
1775,1783,-0.01744557904661483,8,2240.6292658813313,2203.7808201751213,8
1785,1787,-0.011131428654821269,2,2167.090102673298,2145.1343839094943,2
1790,1801,0.022888517834101306,11,2112.2907637983085,2162.750259380112,11
1802,1804,-0.00030341399424199287,2,2167.813929188898,2169.323998035058,2
1805,1809,0.009793386459815253,4,2172.102672548432,2195.547016123645,4
1810,1812,6.527468029191344e-05,2,2200.7932661670743,2203.137715510079,2
1813,1815,0.0025553773329327284,2,2193.726297514384,2201.525822267225,2
1817,1818,-0.003570770209235992,1,2196.102375125315,2190.4567005629106,1
1820,1825,-0.03253691162389715,5,2179.7863974305715,2111.0426664558304,5
1826,1832,0.010521937469474565,6,2096.2440966571103,2120.3968900595487,6
1834,1836,-0.0068979275296900035,2,2132.4874089710306,2119.910152774943,2
1837,1842,-0.020066257069845217,5,2117.1404153891067,2076.774471976339,5
1845,1847,0.009279020049749401,2,2103.2320694654795,2124.851234076791,2
1848,1851,0.005034925409903421,3,2134.3875408265417,2147.268410431257,3
1853,1854,0.003052093383543792,1,2144.7613986610863,2153.452172133881,1
1861,1862,-0.0045600088905602895,1,2185.205242708689,2177.4258926169473,1
1866,1873,-0.007579291947211017,7,2190.789946411004,2176.3760997585514,7
1875,1880,0.027696343868033782,5,2165.9955048340685,2228.1516566574023,5
1881,1884,0.007268740707289038,3,2243.4901951185725,2262.0410338213533,3
1885,1888,0.006238781751344385,3,2271.9586908044394,2288.404903915243,3
1891,1896,0.0031214011528877582,5,2302.8814815669834,2312.3725799600775,5
1899,1900,0.0014718967289741995,1,2321.786550429177,2327.5257670085593,1
1904,1905,-0.005831744188041621,1,2331.409010850882,2320.1442389127556,1
1906,1917,-0.005877902233885732,11,2321.96821523536,2310.6418812912516,11
1919,1920,-0.001142399433693404,1,2318.2961414567144,2317.9660173990374,1
1921,1922,-0.004690812568151275,1,2324.2090094803416,2315.630789657141,1
1924,1929,-0.005963701662190496,5,2317.4167843177834,2305.913818773477,5
1930,1931,-0.0029189622422724085,1,2313.410031518234,2308.9706850168564,1
1941,1942,-0.0049124989662567954,1,2295.7508268567503,2286.76870411989,1
1945,1950,-0.00918841143809784,5,2300.3011435657922,2281.4653313707486,5
1951,1954,-0.011383200903750515,3,2285.7413313374122,2262.0080198801297,3
1955,1965,0.05458953127917953,10,2260.5301942663195,2386.192008208017,10
1966,1971,0.01764165995046779,5,2383.325350122492,2427.7544908508053,5
1974,1978,-0.007061843673549794,4,2445.770451053848,2430.944572918172,4
1980,1981,-0.004199446329422485,1,2427.366939124052,2419.60070888051,1
1986,1991,-0.007130128777172298,5,2424.0837986688857,2409.2238528163884,5
1994,1996,-0.0036429238907295875,2,2392.453760465006,2386.130687264007,2
1999,2000,-0.003239889984426575,1,2376.3984824810645,2371.0756113211487,1
673,676,-0.0011715276148966903,3,1980.75386919625,1980.4141152093694,3
677,681,-0.004266564873578694,4,1995.7551180321925,1989.2358544673637,4
684,685,-0.0025221241922138925,1,1995.6675425261199,1992.6298886800248,1
686,687,-0.0007690326878135418,1,1997.61321467949,1998.0745980344727,1
696,701,0.0003828340832265941,5,2020.4909645411865,2023.2849683118054,5
702,705,-0.001445473439640106,3,2026.385373410416,2025.4826725480864,3
707,708,-0.0036665131615412003,1,2019.0709811589552,2013.687101813609,1
709,710,-0.004350101429593195,1,2011.1340402978894,2004.396537274384,1
712,713,-0.002563239340170385,1,1998.4485362355476,1995.3244828643983,1
716,717,-0.0016613995981051017,1,1998.5026408869858,1997.1808320434911,1
718,719,-0.00015525624010077205,1,1999.7323994432206,2001.4216609091186,1
722,724,-0.0004081871456988724,2,2024.1928433242663,2025.39078666853,2
725,727,0.0009349034431705837,2,2028.1436831452259,2032.0679453409882,2
729,731,-5.418834555131146e-05,2,2042.5800649147016,2044.5119609452424,2
733,735,0.0019180925830760572,2,2048.184278030517,2054.1610693810107,2
736,738,-0.000765863497611357,2,2066.475053322194,2066.9588905634523,2
740,742,-0.006118974558932989,2,2068.9606988445444,2058.369741663727,2
744,747,0.0007180802232110968,3,2063.5725879006545,2067.117971153087,3
750,752,-0.003518807143887896,2,2064.395162721373,2059.1953494377026,2
754,755,-0.002986036623559199,1,2057.1442135160783,2053.0586497680924,1
758,759,0.0014634658979984028,1,2049.987412918884,2055.0374870019355,1
762,763,-0.00019836472272453086,1,2071.702769938185,2073.363519962597,1
767,768,0.0008475366816606861,1,2081.801016731079,2085.647220473408,1
771,775,-0.005158079393340961,4,2090.956671987226,2082.262308137067,4
777,778,-0.001097568591335575,1,2082.098715734855,2081.895568296139,1
786,789,-0.002293053848393069,3,2078.994202544641,2076.305951090254,3
791,794,-0.0013462240676049236,3,2076.3114601075486,2075.5925911082154,3
800,802,-0.0017412871460521688,2,2073.88089305771,2072.3435518092433,2
803,804,-0.0005582475924170464,1,2070.2846502299567,2071.199203458578,1
808,812,-0.00801194138731611,4,2093.9293875455414,2079.2468774108934,4
813,821,-0.0062984191362759545,8,2089.1549297468373,2078.0857112884214,8
823,827,-0.003907677950927552,4,2075.9428370222868,2069.906663807691,4
834,842,0.005407764180811261,8,2062.6843845784065,2075.9015796942267,8
843,844,-0.003657190144150421,1,2078.883291316918,2073.3593031243918,1
849,856,-0.0021230352196336035,7,2078.765481466681,2076.4309546176355,7
857,860,-0.004501279630300512,3,2072.892913002209,2065.63513527012,3
867,868,0.0015019707127304329,1,2064.020595548722,2069.1847146292575,1
869,870,0.0014799527484169912,1,2078.3124057631144,2083.4665223258557,1
871,872,-0.0023796641306366934,1,2091.9829336380103,2089.096699822566,1
873,877,0.014379683292340222,4,2095.518850115388,2127.7472663632916,4
880,889,0.002014588939742585,9,2163.082768763161,2169.603574153622,9
890,900,-0.0031725302694436434,10,2169.0847287156644,2164.3723264855416,10
906,909,-0.002214006598484139,3,2165.9605599373726,2163.3310695255523,3
910,914,-0.006581198137800223,4,2164.9101498945574,2152.827357397461,4
916,918,-6.436473821137996e-05,2,2145.453624690076,2147.4609867538684,2
923,933,-0.0037259636616541053,10,2156.569163048252,2150.6904338759387,10
935,937,-0.004553753938286732,2,2144.1620609943093,2136.5422366257258,2
940,943,-0.007313417729656925,3,2139.232528877993,2125.726660302316,3
945,946,-0.0021898541562003254,1,2121.701611255468,2119.1770957750987,1
947,948,0.000356260972422983,1,2104.236329667054,2107.090223277736,1
953,956,-0.0014209465253289507,3,2121.9909317622705,2121.0976870527657,3
962,965,-0.002464873247073505,3,2142.1101840318915,2138.9722641310195,3
966,971,-0.0003478489950825112,5,2148.7260217452435,2150.127315579617,5
974,975,-0.0041085685878347105,1,2147.5585183229505,2140.882685372355,1
979,981,-0.005606198988694407,2,2131.9799482840476,2122.159624402345,2
982,986,0.0014829811518111483,4,2122.8487784935546,2128.1197719986994,4
987,992,0.0017406249112690906,5,2129.3252395259055,2135.1609213215443,5
995,1004,-0.004194862854993871,9,2150.3455454249897,2143.47548631651,9
1005,1006,-0.002038636651127086,1,2148.8877767810004,2146.6558631768767,1
1009,1020,-0.0009120161378374828,11,2145.3425493334785,2145.5313048566304,11
1021,1033,-0.0011512789098287364,12,2147.823183849092,2147.4982634993344,12
1036,1041,-0.0031743797067281866,5,2154.234560005283,2149.550436094475,5
1044,1045,-0.001652580192334221,1,2142.5352973423114,2141.137121245889,1
1046,1047,-0.002761656385493007,1,2137.805384228785,2134.039305722717,1
1053,1059,-0.004769670631194153,6,2146.3242679753844,2138.2333324173783,6
1061,1062,-0.0018668822108744312,1,2147.0399770428685,2145.178746280734,1
1067,1068,-0.0010491760175559191,1,2138.5478965010707,2138.442731232168,1
1070,1071,-0.0017864904212944377,1,2153.320266942173,2151.626701178244,1
1074,1075,-0.0014705278569939859,1,2157.6733066465326,2156.658061249463,1
1076,1077,-0.003148376539457092,1,2157.7504654859404,2153.1148050078878,1
1084,1088,-0.0009470893809218226,4,2183.379432178217,2183.494956135656,4
1090,1092,-0.003990575460689315,2,2184.0487492492653,2177.517186654811,2
1093,1096,-0.01191167101201087,3,2173.4229516770615,2149.707275458408,3
1097,1103,-0.000416828014080584,6,2145.3504703348203,2146.6015786290986,6
1106,1118,-0.010748587492372196,12,2154.0344602092528,2133.035666812318,12
1120,1122,-0.0001479990428103064,2,2126.041441058926,2127.852830401733,2
1123,1124,-0.001568153037630415,1,2128.5536043186785,2127.3442601226257,1
1126,1127,-0.0052300002748541935,1,2129.5506394245126,2120.542639634431,1
1129,1131,0.0010153884744278211,2,2128.3305851795244,2132.6199981106674,2
1132,1133,0.001888463621934823,1,2136.406329687621,2142.577261652595,1
1136,1139,0.0010603519115309186,3,2146.2526899864247,2150.6747258188666,3
1140,1142,-0.003785985980239895,2,2149.8152092472687,2143.8258542141994,2
1145,1149,-0.0003969894857584022,4,2143.044726053355,2144.3370045556553,4
1150,1157,0.004884290138767556,7,2142.675118710067,2155.2832407816754,7
1158,1159,0.00038167728682384004,1,2158.345553770759,2161.3276907995214,1
1162,1164,0.0004643511538903191,2,2163.7442500621737,2166.912731451476,2
1165,1166,0.00022742871483239532,1,2166.595075781202,2169.2544167906303,1
1167,1169,-0.00021869863092060496,2,2165.491466354363,2167.1833678017556,2
1170,1174,-0.0006278768367293768,4,2167.773577095184,2168.580255855947,4
1185,1187,0.007222073954478822,2,2192.408413236209,2210.4345573482587,2
1188,1189,-0.0021817232344601757,1,2211.621350958213,2209.0078266219575,1
1193,1196,-0.003207068958682152,3,2218.49138056818,2213.595017107024,3
1198,1201,-0.0010617334515979776,3,2224.411054161887,2224.273733589741,3
1203,1211,0.013666910459547672,8,2224.4024904208627,2257.0276025738603,8
1218,1219,-0.0022669614920061074,1,2278.9580833689256,2276.070731235401,1
1222,1223,0.001128426790038849,1,2298.1289474805176,2303.020346699299,1
1228,1233,0.004566918897923088,5,2282.213572120389,2294.9184699841226,5
1237,1239,-0.004395082356094584,2,2290.229262466775,2282.4537455063623,2
1240,1241,0.0010161986594459274,1,2274.2653033247548,2278.8506739805425,1
1242,1243,-0.0008184300349308954,1,2284.2355015831195,2284.6502501433515,1
1248,1255,-0.007618146524701543,7,2303.0905390383896,2287.8483483913797,7
1256,1259,0.005336381517164277,3,2289.611426574984,2304.1192780998217,3
1260,1261,0.005379699954229654,1,2316.937045779199,2331.7184089441093,1
1262,1263,-0.0002366318130543652,1,2337.964601343073,2339.7493291419432,1
1264,1273,0.015328074231286848,9,2348.099033858545,2386.4389691858005,9
1279,1280,-0.0027739629922080254,1,2380.963609770559,2376.739868441032,1
1284,1288,-0.0010015685085678263,4,2343.9543206893986,2343.950644176964,4
1289,1291,0.003178271312539292,2,2353.2328340218096,2363.0652792639285,2
1292,1295,0.003656155553839157,3,2379.0972725462366,2390.1747195249263,3
1299,1302,-0.008697926449883691,3,2373.7481808375983,2355.4752419309652,3
1303,1306,-0.008347496928366907,3,2349.674989058402,2332.410759293635,3
1307,1309,0.0028132260799599504,2,2331.7773390315588,2340.6689331934135,2
1310,1311,0.001022275933063099,1,2348.3035065112954,2353.052424176041,1
1313,1322,-0.013603763145212108,9,2371.0690169103664,2341.184624620277,9
1323,1324,-0.0023939026069198194,1,2341.546447760119,2338.2825600623623,1
1325,1326,-0.0025208506191176728,1,2336.2319492556103,2332.6788894491824,1
1330,1334,0.0200857620948738,4,2359.70806413021,2409.464306983815,4
1335,1338,0.0014039430223098176,3,2423.495898889531,2429.321844945263,3
1339,1340,-0.002490463537278449,1,2434.314441033978,2430.6861841213463,1
1343,1344,-0.0014609553368482933,1,2436.8684482238027,2435.7451607073967,1
1346,1348,-0.0072602993690499525,2,2429.5660576752216,2414.3562468172922,2
1350,1352,-0.0010326175363744663,2,2419.2426379767094,2419.1637282419665,2
1353,1354,0.0021219618631800937,1,2416.5639142426007,2424.1083346228033,1
1355,1357,0.0062286356687133405,2,2432.2003627034496,2449.7818529987453,2
1360,1363,-0.008925585226982342,3,2471.439429222079,2451.851825392455,3
1364,1368,0.004237259019549214,4,2454.141236758364,2466.9942100858243,4
1370,1371,-0.0021334097905857073,1,2468.7942572214506,2465.996101639374,1
1378,1380,-0.005769285170611637,2,2451.111861065514,2439.421809615024,2
1381,1383,-0.0006965178383431469,2,2448.577653974265,2449.320753613678,2
1386,1390,0.0004981551171828974,4,2428.4432349175004,2432.08141957668,4
1392,1397,0.0029338944154849245,5,2438.4094914445773,2448.0019369256365,5
1401,1402,-0.0024211614790446687,1,2465.6064760122963,2462.1024510661045,1
1405,1408,0.0026940741172330526,3,2457.058891382142,2466.135449037314,3
1410,1411,-0.0037729053516929326,1,2459.768480711316,2452.947775527226,1
1413,1414,0.0015123916931252938,1,2442.582717894281,2448.71944242449,1
1417,1421,0.0011659430235942342,4,2459.6149706592028,2464.94235654563,4
1424,1425,-0.0010570352156680418,1,2486.8587884948383,2486.7169499675006,1
1429,1430,0.0002966620580625188,1,2494.045564182456,2497.2794984366105,1
1431,1433,0.005982833452593192,2,2504.629777252003,2522.119189846959,2
1434,1438,-0.00797278445968259,4,2528.3544926312393,2510.7248217164515,4
1443,1445,-0.009498779450543789,2,2530.5382604389247,2509.0317738722915,2
1447,1450,-0.003715955170195579,3,2502.7188307943998,2495.921558646358,3
1452,1456,-0.006998817172786195,4,2499.3939387938117,2484.4005315122176,4
1457,1458,-0.00884920866283358,1,2474.2136129072314,2454.792993983099,1
1459,1460,-0.0016610744301040598,1,2439.411003952427,2437.7983717131997,1
1473,1474,-0.0024050770062571973,1,2438.04308793986,2434.6174496567314,1
1478,1480,0.0009689318981743558,2,2384.7389210022397,2389.434309532619,2
1482,1484,-0.005463057494020049,2,2377.0714780811127,2366.4624714070414,2
1486,1490,0.0028463598748068395,4,2375.806654574813,2384.9448619612685,4
1493,1494,-0.010271374240226575,1,2388.9953785212156,2366.8461083087736,1
1495,1498,0.01575226637527319,3,2367.8099827016777,2407.476166257927,3
1500,1502,0.0013961396136934084,2,2404.478787179117,2410.240254051362,2
1506,1507,-9.689767835915333e-05,1,2422.664882297042,2424.852796576802,1
1508,1509,0.0010966691529084136,1,2424.057386898709,2429.1398332466993,1
1510,1515,-0.004813187138118265,5,2429.3355972906097,2420.0720860368483,5
1518,1520,0.003924553341199093,2,2425.0315629524716,2436.9737602383225,2
1522,1524,0.00047927258413904767,2,2447.9950338501953,2451.6162857898785,2
1528,1529,-0.004793051728685709,1,2439.623251042264,2430.3696338525565,1
1532,1534,-0.0009173134546758469,2,2429.255426737108,2429.4562934760547,2
1536,1541,0.005475427561379723,5,2459.203104835693,2475.1274963997766,5
1542,1543,-0.002138756456715363,1,2479.1574305938625,2476.33427406256,1
1545,1546,-0.003111355515411776,1,2485.7205977093813,2480.472357815635,1
1548,1550,-0.0012315067966516314,2,2481.197120674018,2480.6227066767497,2
1551,1553,-0.00231433454689997,2,2484.278394103367,2481.01322118588,2
1554,1556,-0.0054048053073697195,2,2484.700354770559,2473.755733460642,2
1561,1562,-0.0012009918857445805,1,2470.84098548849,2470.3443664994415,1
1565,1567,-0.001733442009635992,2,2462.898394040729,2461.0920008930743,2
1572,1573,-0.005930725258509298,1,2460.34497603013,2448.213690912172,1
1574,1575,-0.0030620566520515756,1,2441.825683591468,2436.790500697468,1
1577,1578,-0.005377699037496423,1,2432.107543521564,2421.4605086692018,1
1580,1582,-0.007119726369010756,2,2420.1016724669075,2405.2913124462248,2
1585,1587,-0.0035512829394726726,2,2410.362687483589,2404.2131702810707,2
1591,1592,-0.001614549399311987,1,2409.976769789639,2408.495720013409,1
1599,1600,-0.0017561939275896118,1,2353.382566550938,2351.602952944817,1
1604,1607,-0.007770076384965202,3,2362.582876296635,2346.588009758296,3
1610,1612,0.00022701209546444837,2,2372.011666021262,2374.922153026053,2
1615,1617,0.00016562045620404525,2,2379.576175275231,2382.3498579422276,2
1620,1631,-0.02936659679587233,11,2391.4787576431313,2323.640643979175,11
1633,1634,-0.0014116953844919304,1,2293.558114171714,2292.6138668820454,1
1636,1638,0.0035384174926840206,2,2284.5540334947077,2294.922293483302,2
1639,1641,-0.005689370136916114,2,2284.6844283316677,2273.970697401172,2
1643,1647,-0.04473203988126627,4,2240.605005824193,2142.6187783513246,4
1648,1656,0.016696330768490083,8,2150.7854766823775,2188.8464878898135,8
1657,1661,0.008708387509316084,4,2195.0367947519403,2216.3470625525993,4
1665,1666,-0.010056499034399296,1,2184.1733573047136,2164.392393403323,1
1667,1668,-0.008543130856319373,1,2146.8222609728145,2130.628499733037,1
1669,1671,-0.00021397605322578668,2,2117.180867933179,2118.8450227950266,2
1672,1674,-0.002894044601899911,2,2128.9986249792446,2124.9662066261503,2
1675,1678,-0.02409794822273986,3,2121.360938672513,2072.3618535493124,3
1679,1680,0.001436188223136437,1,2069.728932715046,2074.771181966011,1
1684,1694,0.011329967875467473,10,2114.1521613282816,2140.2195895613095,10
1695,1699,0.0053896546661946045,4,2145.8389100369295,2159.550079641349,4
1700,1703,-0.00587530306157107,3,2159.4779013962216,2148.9497921721495,3
1704,1706,0.0017213157156475457,2,2154.288191180476,2160.1506894911695,2
1709,1714,0.013506303970507599,5,2182.849902251658,2214.5149864557134,5
1717,1722,0.007737092363431946,5,2215.926958267007,2235.287716772005,5
1723,1724,-0.0012542435353952398,1,2237.311011907012,2236.742190045566,1
1726,1727,-0.0009911576977388065,1,2232.0358310495844,2232.0555673850604,1
1728,1730,0.007720866541637005,2,2225.003415811109,2244.407373655084,2
1731,1734,-0.003774734859388903,3,2255.0292929122,2248.7721845242136,3
1736,1737,0.0003592272780968476,1,2243.1717778794778,2246.2207581494285,1
1739,1741,-4.091879375592636e-05,2,2252.0502789316965,2254.2101780297367,2
1742,1743,-0.001415983640713406,1,2262.080539276455,2261.13955077814,1
1744,1746,-0.004337576311042797,2,2267.1480149531876,2259.581235444852,2
1749,1752,-0.004144665711246583,3,2251.722503455784,2244.6415889079244,3
1754,1756,0.0005951707754007192,2,2255.9152586689843,2259.5138287613936,2
1758,1759,-0.0016779675995382956,1,2264.9529560732535,2263.4173913545574,1
1767,1768,-0.005170728513883985,1,2225.8911795931517,2216.6075917816197,1
1771,1772,0.0015982565300387062,1,2224.7478593534947,2230.5283250067496,1
1774,1776,-0.0010018248803660703,2,2237.611465626061,2237.6073822528306,2
1783,1787,-0.032850633121510237,4,2212.656032928646,2142.181537399739,4
1788,1793,-0.012188074385590573,5,2144.943547437565,2120.945759475941,5
1797,1800,0.01358644464014997,3,2129.8330369728897,2160.899728659457,3
1801,1803,-0.000972974022859115,2,2167.2953585331506,2167.353931807968,2
1805,1812,0.013668464766227118,7,2169.151074935076,2200.969191050385,7
1813,1814,0.0010455723383581686,1,2197.4033223942624,2201.8982698467685,1
1817,1819,-0.003309591104851893,2,2191.018762098102,2185.9584046545965,2
1824,1825,-0.013028626511328814,1,2142.0595615397474,2116.293527108965,1
1826,1828,0.005295823253946796,2,2096.0610186175663,2109.25744832027,2
1832,1834,0.004422750489123428,2,2121.6801328161855,2133.185474794178,2
1836,1837,-0.005303540874336265,1,2122.8219405757814,2113.6862895855757,1
1839,1842,-0.009292806199926548,3,2098.8961510658464,2081.4904120512856,3
1844,1845,0.003076018132972878,1,2084.6956447668035,2093.1929020166026,1
1853,1856,0.010346568068455034,3,2147.6250927879128,2171.993267088753,3
1859,1860,-0.0003216940403068327,1,2183.911200195664,2185.3925601781975,1
1862,1866,0.001834911836604332,4,2180.565365961461,2186.7470765279145,4
1867,1869,0.005081468049814083,2,2198.9062312793367,2212.278809269399,2
1872,1874,-0.008304363837155018,2,2184.483519562754,2168.5272571395985,2
1875,1886,0.052127933262185885,11,2166.667224791941,2281.7777765120527,11
1887,1889,-0.002105937082088255,2,2290.4962339345207,2287.963089213029,2
1891,1892,0.00330381342576471,1,2297.672539443496,2307.561293366764,1
1894,1899,-8.57432446584105e-05,5,2320.742334536564,2322.8640888933214,5
1902,1905,-0.007446592289210207,3,2340.336526603936,2325.249331197374,3
1906,1907,0.0005177605179502362,1,2319.4656249669533,2322.986018315271,1
1908,1910,0.0034911733476449313,2,2332.898281283917,2343.375731867586,2
1911,1912,-0.009836790022061438,1,2340.032036777107,2319.353665023211,1
1914,1915,-0.00035274283808116097,1,2309.9120926696623,2311.4071998150457,1
1916,1923,0.0006266975840033093,7,2311.9655901715782,2315.726459011409,7
1925,1930,0.005915234877809729,5,2294.8993503650545,2310.769118393762,5
1931,1938,-0.0010371353538172511,7,2302.3098472338406,2302.2243501430667,7
1941,1946,0.003923531278392937,5,2287.192107891565,2298.4531697744624,5
1947,1953,-0.015229650915735284,6,2303.2963049332584,2270.521202558555,6
1955,1961,0.04582580212036769,6,2259.2119865339596,2365.0013999633616,6
1962,1964,0.0027267673695785446,2,2368.59869696952,2377.4259133050123,2
1966,1971,0.01719321241970555,5,2381.666788055824,2424.9969578438813,5
1972,1973,0.002075285958183586,1,2433.572029586877,2441.0559594776937,1
1974,1978,-0.007072514766430447,4,2445.8076909972438,2430.955487677814,4
1980,1981,-0.001952833509549964,1,2418.3730029960757,2416.06869616023,1
1982,1983,-0.0034631038004884923,1,2421.787272563418,2415.8221591283923,1
1985,1986,0.0018905898543444726,1,2414.4174797367914,2421.3965704078705,1
1987,1988,-0.0009229610928103056,1,2428.182912570609,2428.36997712865,1
1990,1992,-0.007159116740126758,2,2414.9125442150653,2400.038815938048,2
1996,1997,-0.0053168397172290984,1,2387.788888287017,2377.4811863777013,1
1998,2000,-0.0037702929047130095,2,2380.956264094072,2374.3603178492203,2
676,680,0.0006686731400297992,4,1986.7171242432353,1990.0323057452972,4
682,687,0.004030255995668694,5,1987.1170916552046,1997.112799319599,5
689,690,0.0013053078917770167,1,2007.5286861895188,2012.1566579127602,1
694,695,0.00035854760420798255,1,2014.8199593670765,2017.557188195785,1
696,697,-0.00037463837994165534,1,2016.7949065664172,2018.056132696513,1
700,702,-0.0013100494504763372,2,2023.3997522480825,2022.772398266804,2
703,704,-0.0016111587028539917,1,2028.2976477586658,2027.0580359992598,1
705,706,-0.0041186230682804,1,2022.2935909988933,2015.9868195551685,1
708,711,-0.009477505018705791,3,2017.273903542328,2000.1724539009438,3
713,714,3.507896223816482e-05,1,1994.3938189246735,1996.4581740090603,1
716,724,0.014404443183741053,8,2000.9861553750206,2031.8102329169476,8
726,727,-0.0011659252563749865,1,2030.982069697841,2030.6450784772335,1
736,738,-0.002328776201339449,2,2072.5343458282773,2069.780411513082,2
740,743,-0.004115046875432821,3,2069.6412347412233,2063.1942052796758,3
746,748,-0.001358272837097786,2,2067.8519496360136,2067.1110944513193,2
750,752,-0.00012576277628224288,2,2060.1564528286635,2061.9575182864087,2
755,757,-0.005025468747222353,2,2054.9442492942158,2046.6721354413976,2
758,759,-0.0005614055434014694,1,2052.4152550876156,2053.3154330411353,1
767,772,0.00026117492397517554,5,2085.5561268573965,2088.186377947132,5
779,782,-0.001013701657017796,3,2079.555764400177,2079.5272710403437,3
783,784,-0.0025659947938380372,1,2076.072885738929,2072.8217664082335,1
786,788,0.0006979589008602363,2,2073.514434559862,2077.035176850085,2
792,793,-0.0028571245292622594,1,2079.804306898057,2075.941851303651,1
796,797,-0.0015636353191513745,1,2075.457159665338,2074.287358706765,1
799,802,-0.0063679875038754425,3,2079.741250111228,2068.5772250693367,3
809,810,0.00038479463295533066,1,2090.0097550536098,2092.9039893452323,1
814,815,-0.001845827669941891,1,2087.0671111808397,2085.3018120691772,1
816,818,-0.004836973023130617,2,2084.3771640064024,2076.3794650580803,2
819,821,-0.0036886670659636114,2,2079.7428671535595,2074.151131000971,2
825,831,-0.006407092688609437,6,2070.3964578038376,2059.2016322543236,6
832,836,0.0038569773397222696,4,2059.9131096716387,2069.9180609671107,4
837,838,-0.003427606570249046,1,2075.949551635378,2070.9099628643226,1
841,845,0.0007448786552514562,4,2076.6552484062827,2080.2787598235427,4
846,849,-0.002097307840876324,3,2075.4891130078668,2073.21166253051,3
850,852,-0.001268696982275463,2,2074.1702363777813,2073.612913094541,2
854,856,-0.0008783735131459702,2,2075.870393091265,2076.122873914341,2
859,863,-0.0016341543031354547,4,2067.9220463323563,2066.610664668126,4
868,869,0.0013124044561391938,1,2069.183825597188,2073.96861549607,1
877,880,0.011575372154788578,3,2130.2950225349828,2157.084275242854,3
884,885,-0.0030149985026588014,1,2180.2659460630734,2175.8727134463584,1
888,889,-0.0025647719269823767,1,2175.983659505362,2172.5787413613957,1
892,893,-0.004871561749328939,1,2171.422591166071,2163.0157945204837,1
897,898,-0.00472300628841521,1,2172.9422422923544,2164.852364659937,1
902,903,-0.0008935607033349246,1,2164.4572284706906,2164.6876117757506,1
908,910,-0.0009412162811504478,2,2160.5775400385846,2160.704546821251,2
911,912,0.002137686251419368,1,2160.4720561367376,2167.2509396038536,1
921,925,-0.0014174080064105656,4,2156.0475442632537,2155.1475927560764,4
927,930,-0.0039602805758838285,3,2157.1052671170414,2150.719630294658,3
935,936,-0.0039999024600441985,1,2142.4627945290536,2136.0356151211927,1
950,953,0.0021695773047930495,3,2115.2830985163323,2121.987651818602,3
957,958,0.0006929353342210525,1,2128.601989628651,2132.2055751493867,1
960,964,-0.004675692337259464,4,2143.8369741570327,2135.95688901879,4
965,967,-0.0002545353149740765,2,2141.832621598193,2143.429282178831,2
969,973,-0.0005482493352386962,4,2148.7839987316047,2149.75471333146,4
976,980,-0.0107477472934088,4,2144.8201744659773,2123.913009415478,4
988,990,2.2619034058771626e-06,2,2126.3310030069447,2128.4621435652894,2
992,996,-0.002819842620276834,4,2140.6479333731722,2136.752291029012,4
1007,1010,-0.003678585839271001,3,2146.3319783444595,2140.5828439008915,3
1013,1015,-0.005328786870399705,2,2139.352342694076,2130.091542361863,2
1017,1018,-0.0002924456679726012,1,2136.817653909258,2138.329568497034,1
1020,1022,0.0020596097826099447,2,2144.5408038412284,2151.102261863867,2
1024,1025,-0.0025783392819195596,1,2152.782717500603,2149.3848959721345,1
1032,1034,0.0014165659643449822,2,2148.475920256771,2153.6678540408784,2
1035,1037,0.0005115421306188645,2,2150.833265391156,2154.0843404877314,2
1043,1044,-0.00510576138522154,1,2149.1611815796373,2140.3372385896905,1
1045,1047,-0.0022518054714333385,2,2139.4965548323385,2136.8183213388866,2
1051,1052,-0.0017921448553562958,1,2143.8224669251545,2142.1242489871825,1
1054,1055,-0.0008902298951751654,1,2147.4533431141354,2147.6890692927154,1
1061,1073,0.007230619420146053,12,2141.2258662562513,2158.849481453979,12
1076,1077,-0.0032250986930096115,1,2155.7719994189815,2150.9751939606476,1
1078,1079,-0.0025248948945727286,1,2152.0057574620573,2148.7241748694123,1
1084,1091,-0.0011549765198344665,7,2181.8754571593727,2181.53731769431,7
1093,1096,-0.011662223270094755,3,2172.6184355736705,2149.45349273286,3
1097,1098,-0.006426982170711562,1,2146.8901564656085,2135.2390218639935,1
1102,1110,0.002223558179905731,8,2149.6490646313246,2156.5785834575436,8
1112,1113,-0.002329943558068613,1,2146.625543806372,2143.7706529928014,1
1117,1123,-0.0014997703454583378,6,2130.1217026644663,2129.0571310052574,6
1128,1130,0.0005143148253573,2,2128.6835430734645,2131.907040121235,2
1133,1135,-0.0015550408893242511,2,2140.00770839893,2138.8199166172994,2
1136,1148,-8.82961388764265e-05,12,2143.3874658911673,2145.341600519704,12
1150,1151,-0.0006583314353001367,1,2142.573963654263,2143.306013825188,1
1152,1153,-0.0008244137146303037,1,2155.6930745054997,2156.0715846448493,1
1157,1158,-0.001480133200993034,1,2160.4823683700374,2159.445049054823,1
1160,1161,-0.00148956204923958,1,2165.7397575561345,2164.6794935623057,1
1162,1163,-0.0006894081071205356,1,2169.243109210569,2169.9168585339744,1
1165,1168,-0.002212757451331264,3,2167.2740427424783,2164.6456649980655,3
1170,1171,-0.0034017009459362704,1,2164.79286552947,2159.5936804565717,1
1172,1175,-0.0011063267042255504,3,2167.5289889637993,2167.2985227500894,3
1176,1179,-0.008279606190428532,3,2178.0504975007916,2162.195147616119,3
1180,1181,-0.003503258861404018,1,2165.4353829167558,2160.0147376056716,1
1182,1186,0.016039716846331754,4,2167.957483624061,2204.8988652799007,4
1188,1193,0.0007181048195437736,5,2210.674531926842,2214.4727024945882,5
1194,1199,0.007069270036153292,5,2210.8508047549676,2228.6907569081823,5
1201,1209,0.008025364298587821,8,2225.035636636444,2245.117393834428,8
1210,1213,0.0034556627858219413,3,2250.9637763423893,2260.9933118728713,3
1214,1217,0.004485485822420464,3,2269.27224489846,2281.720305625063,3
1221,1224,0.004073019217898445,3,2294.97330234842,2306.6157460157974,3
1226,1231,-0.00016978563793307712,5,2292.290731093106,2294.1938237800923,5
1232,1236,-0.003736634033601438,4,2300.3578314671786,2294.062593936124,4
1239,1241,-0.005527818153780792,2,2285.081549047226,2274.7351153265804,2
1242,1249,0.0024197521416855954,7,2283.2212395804954,2291.029290304493,7
1254,1271,0.03669900023047646,17,2285.477118756065,2371.6373211827986,17
1276,1278,-0.00381330944755531,2,2391.319778851771,2384.5922563258014,2
1282,1286,-0.014610826521083618,4,2368.6233704206447,2336.384448632065,4
1288,1292,0.01111195391153108,4,2348.3572133838325,2376.800407720149,4
1293,1294,-8.567489665532572e-05,1,2379.7254263980954,2381.9012690945187,1
1295,1297,-0.003004567700513996,2,2389.0665681799996,2384.277522503048,2
1298,1299,-0.0073411295401129995,1,2381.7762886612113,2366.673136679241,1
1302,1305,-0.017554131427913355,3,2361.908105973447,2322.808768766509,3
1306,1307,-0.0020736245513807722,1,2334.593622062099,2332.087145031956,1
1310,1315,0.008806496028813261,5,2350.014367559986,2373.059774123117,5
1316,1319,-0.015188205683601814,3,2368.4435012783656,2334.839537732238,3
1323,1325,-0.0006745757705005423,2,2337.940421942961,2338.7012444033876,2
1328,1329,0.0020099794181053948,1,2342.694477958537,2349.7459401201013,1
1331,1332,0.003740247839577819,1,2376.741375254699,2388.0077184239854,1
1333,1336,0.007626069628955431,3,2403.0806193470894,2423.8097600935707,3
1339,1341,0.002126461001243785,2,2432.307598566766,2439.912113416714,2
1346,1347,-0.005112824217803936,1,2427.1201470107794,2417.1378284906336,1
1349,1350,-0.003429174754214106,1,2423.741179597595,2417.8534887133674,1
1353,1355,0.001848165708108294,2,2415.306607022356,2422.1858004750443,2
1356,1357,0.004454107146131844,1,2438.8501475580138,2452.1518975761546,1
1366,1369,0.0016888963457214997,3,2462.0209721086485,2468.641091303641,3
1370,1374,-0.001153353502493812,4,2470.7433382822464,2470.3644411375576,4
1382,1383,0.0012022940112525722,1,2444.390039204414,2449.773304748919,1
1385,1389,-0.0036276442452667285,4,2433.515714266068,2427.1213007037104,4
1393,1397,0.005634405606014965,4,2437.6108283524864,2453.782927297391,4
1401,1402,-0.0037663203019902354,1,2466.083420308609,2459.261443676608,1
1403,1405,-0.00302110660654838,2,2461.7065204617493,2456.731149149861,2
1407,1409,-0.00191120977582638,2,2466.546820891077,2464.2992793153476,2
1411,1412,0.0005793395012128487,1,2450.930837401615,2454.801689287864,1
1417,1418,0.0018272283489255275,1,2456.843707846349,2463.7897660260514,1
1422,1423,0.0014266905287975305,1,2472.662698346145,2478.6630854971327,1
1427,1428,-0.0019016164741046877,1,2495.040734566688,2492.7911647368405,1
1431,1432,-0.0009662852315240525,1,2510.6847670974003,2510.769414253039,1
1434,1436,-0.005482896877972695,2,2536.023952217894,2524.6552183600324,2
1437,1440,-0.0008560846890885722,3,2519.485277446775,2519.8478699538155,3
1448,1450,-0.001855915641187851,2,2505.831744069754,2503.68696348582,2
1453,1454,-0.003420021319750011,1,2501.81317450122,2495.7587332808957,1
1455,1458,-0.019737660798696616,3,2496.0576333451995,2449.2873520775797,3
1462,1466,-0.01022807375818182,4,2434.585274689265,2412.1187422038493,4
1470,1473,0.002051344865257603,3,2429.099873246175,2436.5118946716025,3
1474,1477,-0.017930622538684427,3,2433.0935557932617,2391.8997671988204,3
1478,1482,-0.009131524425487512,4,2385.328088366629,2365.931734753274,4
1489,1492,0.0005163401273164581,3,2384.1439320263466,2387.7591051397762,3
1496,1498,0.007863671245779098,2,2385.004819076367,2406.1447177122586,2
1504,1505,-0.0031799291800969185,1,2414.652729650128,2409.388957704963,1
1507,1509,-0.0015418784420656874,2,2426.818528909484,2425.5034882658624,2
1511,1513,-0.006550770459360005,2,2426.9481315120684,2413.476699517272,2
1523,1524,-0.002489590206674641,1,2452.0297647983607,2448.3772452742423,1
1526,1527,-0.00563306963703926,1,2457.9913724056305,2446.6033272100335,1
1530,1531,-0.005586901500003248,1,2434.1884170997987,2423.023034598113,1
1534,1541,0.017731325062341916,7,2429.8383079704545,2475.35239916598,7
1544,1545,-0.0011976114399599245,1,2482.390689972092,2481.9001411733034,1
1549,1550,-0.0007254127481897722,1,2478.0324213264316,2478.7128574389003,1
1552,1554,-0.0017132796320319247,2,2479.164863424528,2477.396525622998,2
1555,1557,-0.002496656281336996,2,2481.3783264679,2477.6645560092184,2
1559,1561,-0.005854266890616637,2,2478.345395485066,2466.3148454882507,2
1562,1563,-0.0011782045019856399,1,2470.0798834466927,2469.6397040911984,1
1567,1568,-0.001877074620862655,1,2466.1399087650925,2463.976920039618,1
1570,1571,-0.00240844884780064,1,2465.97533841278,2462.5021382886875,1
1578,1580,-0.005275471185204996,2,2425.3045399806524,2414.9352203046183,2
1581,1582,-0.003564365704445079,1,2413.439863492818,2407.2509210771364,1
1585,1586,-0.0036189591774679146,1,2414.441094018975,2408.1177713573384,1
1591,1592,-0.0014176170178461511,1,2410.4577767382434,2409.451128549878,1
1594,1596,-0.009436420238202112,2,2396.4882186697637,2376.270436961165,2
1597,1600,-0.007711431274292553,3,2369.7725787399704,2353.868012942054,3
1604,1605,-0.001159698682644895,1,2361.2726866078096,2360.895594470393,1
1606,1607,-0.006001797294277184,1,2353.394234574129,2341.6230336592685,1
1611,1615,0.0014961939367559153,4,2369.8440131115094,2375.7596033680957,4
1616,1617,-0.001553749219450758,1,2381.483053411825,2380.164309029863,1
1618,1621,-0.0009909917589176445,3,2385.7258240519436,2385.747315245323,3
1622,1628,-0.012432040401874598,6,2388.2420649363644,2360.9395851605555,6
1629,1631,-0.014664446261504732,2,2354.0930643435813,2321.9256861712774,2
1632,1633,-0.014852935176636137,1,2322.9259084971973,2290.746566466657,1
1635,1645,-0.06041109713811634,10,2285.6908638096425,2149.8954618721427,10
1647,1650,0.003834107358476028,3,2147.1511100343228,2157.5306690150996,3
1653,1654,8.068711120310843e-05,1,2177.433613774401,2179.786738216307,1
1660,1667,-0.032389208201142675,7,2210.536426063156,2141.1494379492497,7
1668,1670,-0.011930722594180241,2,2134.955846951579,2111.6192368377283,2
1672,1674,-0.0038587833181939315,2,2131.5242796384696,2125.430713585514,2
1676,1681,-0.010363628902748834,5,2109.5606706203343,2089.8075273528116,5
1682,1686,0.00702762520359937,4,2099.0383417839917,2115.8886348798183,4
1688,1692,-0.0001264584540708987,4,2131.690415323195,2133.5525354640386,4
1693,1699,0.008838906699116151,6,2140.136656960742,2161.193261851937,6
1700,1701,-0.0036158013743001712,1,2162.746379447553,2157.0890644959313,1
1702,1703,-0.0027972671994562,1,2152.1424881296753,2148.2745130272037,1
1704,1711,0.018229954717939346,7,2150.7880261888276,2192.147582540325,7
1712,1713,0.002947294051790692,1,2195.610020569058,2204.2767389433025,1
1715,1719,-0.0004931493140594291,4,2217.4100997100827,2218.5339955401323,4
1720,1722,0.002709472802542859,2,2229.028794420114,2237.2973161091004,2
1724,1726,-0.0007821494962222712,2,2234.782781053393,2235.2696296080794,2
1727,1729,-0.0012356631273862525,2,2231.967606362035,2231.441613895695,2
1732,1734,-0.006378153742578772,2,2261.0728644818687,2248.912466993512,2
1736,1740,0.001330488718034109,4,2248.287239979747,2253.52684802742,4
1742,1744,-0.00138562557008119,2,2264.773986990065,2263.900632230227,2
1745,1752,-0.009098014469640845,7,2263.9827627983022,2245.648997626144,7
1753,1758,0.006842165091109776,5,2246.1501938649717,2263.764874504689,5
1760,1761,-0.0040793202121288345,1,2256.405919069424,2249.457722716066,1
1765,1766,-0.0015181878361072525,1,2236.787181966601,2235.6281060569454,1
1767,1768,-0.0061005338548822405,1,2229.1987178514228,2217.8286143217615,1
1769,1770,-0.0034636114997511434,1,2220.085940954163,2214.6165116995926,1
1773,1774,0.0015959425399672718,1,2236.4003422017354,2242.2059089864542,1
1777,1779,-0.008347779253104051,2,2237.7905665920584,2221.3477754940614,2
1781,1784,-0.013818876717501784,3,2213.375703574333,2185.0027133006997,3
1786,1787,-0.006845080099096007,1,2153.927920646077,2141.3380394222213,1
1794,1799,0.011576075403245574,5,2121.779234562372,2148.462890205269,5
1801,1803,0.0013940483814351887,2,2163.014506290154,2168.1928676679586,2
1804,1805,-0.0011234251500452526,1,2173.150030263916,2172.88180889536,1
1808,1809,-0.0010008174073820215,1,2189.7686524666165,2189.766862533555,1
1812,1813,-0.005384969531008053,1,2203.6713167978696,2194.0082852173546,1
1816,1819,-0.007392473747022619,3,2198.0783945626486,2184.027236131509,3
1820,1823,-0.015282662698483496,3,2182.071209620022,2150.905422548947,3
1825,1826,-0.01182024817743656,1,2115.6159001683855,2092.7244110804327,1
1829,1831,-0.0030976599594180823,2,2114.1933187580944,2109.7584600868663,2
1832,1833,0.0021947610194947282,1,2121.7407085136133,2128.5191630226477,1
1836,1838,-0.0067128118351370576,2,2121.175052795627,2109.0571788496186,2
1839,1840,-0.009039076346946586,1,2098.9330487456305,2082.059565719635,1
1846,1848,0.008577145330660924,2,2116.1595927072963,2136.4263606695263,2
1849,1851,0.002640138488502979,2,2141.5263675415554,2149.3218200961874,2
1853,1855,0.00862440142542385,2,2147.236249061305,2167.9021126774924,2
1857,1861,-4.9713235892385544e-05,4,2179.9981212022753,2182.0697445626333,4
1863,1867,0.009657199190414464,4,2173.5729946783895,2196.7371950375828,4
1868,1870,0.0009098357201931112,2,2209.9831248222335,2214.203829535043,2
1871,1874,-0.016560834675888585,3,2204.2485273072807,2169.9485803892812,3
1875,1877,0.008871102642079562,2,2163.171162039077,2184.5240466119512,2
1879,1882,0.015206309877121946,3,2217.4285845792156,2253.3649193512942,3
1883,1887,0.00949795400801515,4,2265.6336954852704,2289.418213819484,4
1890,1893,0.008268800133653522,3,2293.1015009806188,2314.355800479389,3
1894,1897,-0.003333674773684401,3,2320.780132189672,2315.364186139913,3
1898,1907,-0.0001941493281031343,9,2322.464142765394,2324.335702055298,9
1908,1917,-0.009844834949167006,9,2331.289057672708,2310.669190738794,9
1919,1922,-0.00030911215007884286,3,2320.0116949046046,2321.614562796289,3
1924,1928,-0.0043187157963771195,4,2313.392220226863,2305.7147289223803,4
1932,1934,0.0017139757306353803,2,2304.9059091686304,2311.161367867512,2
1935,1936,-0.00044777240819599375,1,2319.000508151665,2320.281124217674,1
1938,1939,-0.00544263075376379,1,2305.3807502452737,2295.138794825099,1
1941,1944,-0.0001951052971997262,3,2292.9231787677936,2294.768740488312,3
1947,1949,-0.002755728435704821,2,2303.009069176083,2298.9656106656444,2
1952,1954,-0.0017309207908210813,2,2271.465084862155,2269.804823806005,2
1955,1961,0.04323523598117882,6,2261.58210360515,2361.623721648935,6
1962,1965,0.006664376252682646,3,2365.2109578741242,2383.3388245722394,3
1966,1972,0.020283820242535087,6,2381.203162846963,2431.884262925954,6
1973,1974,0.001998384896835129,1,2442.173864336382,2449.4964415666536,1
1977,1978,-0.0031161435509565547,1,2431.259023628589,2426.1141305250326,1
1980,1985,-0.0035674901944245147,5,2417.776402189797,2411.5687849848637,5
1991,1997,-0.014545364133268058,6,2409.981521027678,2377.337443770911,6
677,680,-0.0005231039927737325,3,1988.1291400756518,1989.077270924404,3
682,692,0.012447196525932836,10,1988.3581531769692,2015.0959960266807,10
693,695,-0.0035452890298489177,2,2019.4988158964823,2014.358607714588,2
701,703,0.002434714829696503,2,2019.2121527117017,2026.147570636924,2
704,717,-0.01635009663376065,13,2027.0927238241861,1995.9766546278918,13
718,720,0.001118053279009414,2,2001.5635429260003,2005.8029611512404,2
724,725,-0.0005411789686037744,1,2027.9470381413332,2028.8775028929902,1
728,730,-0.0017030028613933485,2,2040.5046647430818,2039.070184125081,2
732,735,0.004711780910549193,3,2046.3372177867755,2058.0254476438763,3
736,738,-9.27253468666619e-05,2,2068.1600204152905,2070.036409580437,2
740,741,-0.004204666002916279,1,2068.7576164764864,2062.12793927469,1
750,751,-0.003170944802304946,1,2062.895485337086,2058.417053105495,1
752,759,-0.005782602282937047,7,2063.122317199063,2053.2552236948486,7
760,763,0.00655398617636887,3,2060.649010308651,2076.215124446871,3
767,769,0.0011936973281318868,2,2084.599633997921,2089.172614645247,2
771,772,-0.0024742621768036772,1,2094.5987625395105,2091.5107748083187,1
774,776,-0.0018614931475237832,2,2084.0565269352483,2082.2611265182413,2
781,785,-0.00226251037471829,4,2079.315612082411,2076.6904545498433,4
787,789,-0.002165935501766956,2,2077.6058112151854,2075.1834568412123,2
797,798,-0.0011306805623838342,1,2073.1596199876813,2072.88869832263,1
799,808,0.005243664553753341,9,2074.8216750783977,2087.776165626444,9
810,811,-0.0032894210327477132,1,2090.5888424945906,2085.802604427756,1
815,820,-0.0032050955416532893,5,2082.596486385106,2078.0041621579153,5
822,823,-0.005135635253537099,1,2083.37568166137,2074.7595997459293,1
826,828,-0.005213840098540424,2,2072.4372545507827,2063.7043353458475,2
832,838,0.001889128744811832,6,2061.1018330555066,2067.0566216073717,6
839,844,-0.0005454614086924153,5,2074.0000925065065,2074.942805586926,5
848,849,-0.004419475257147214,1,2083.7503535586416,2076.625020782576,1
851,854,-0.00029581583813776096,3,2074.3259238705577,2075.7866313326876,3
855,856,-0.0029884283930465077,1,2078.501633671717,2074.368682008331,1
857,859,-0.005330988590291463,2,2074.609741048614,2065.624629930825,2
860,861,-0.002704908218142137,1,2067.8617320070534,2064.336217546173,1
866,868,0.0013867793855887188,2,2068.7304497794303,2073.6680529713035,2
872,873,0.000230114883453054,1,2090.732074894847,2093.3039155374877,1
877,878,0.0035272682253856434,1,2129.185208987364,2138.8246015299737,1
883,884,-0.002516585705297095,1,2179.723883064506,2176.4181449819557,1
885,886,-0.001083935953677116,1,2172.735401582171,2172.5530309641513,1
887,893,-0.0059889093931613365,6,2176.120650963079,2165.2641822068367,6
897,900,-0.0023579835076245987,3,2168.406603963191,2165.461943557185,3
902,908,-0.0014118749335147866,6,2161.419462746556,2160.5292282490395,6
912,913,-0.0018845882062288578,1,2161.375373770164,2159.4634466052935,1
915,918,-0.0009700422228543631,3,2145.244790236636,2145.309057001985,3
921,926,-0.0016757184928029582,5,2158.242501711764,2156.784137341404,5
927,934,-0.005995673836099093,7,2154.8606865919887,2144.0957054395426,7
935,936,-0.005786217719946358,1,2145.130468377424,2134.8634069180794,1
937,942,-0.003326671923913987,5,2137.215851377978,2132.243251261233,5
943,944,-0.0032159800492926735,1,2131.0835993096007,2126.361160570156,1
948,951,0.002971797118898613,3,2106.5913897579235,2114.9583433704606,3
953,954,-0.0021181669296067374,1,2119.275258046533,2116.9055545382516,1
956,957,0.002746457758424981,1,2120.2336440845697,2128.177009870124,1
958,959,-0.0011849426357419851,1,2134.5293869812904,2134.1346214903933,1
962,963,-0.003414595591894204,1,2144.93842107904,2139.759262222618,1
964,965,0.001926595829382564,1,2136.695583385275,2142.9488277682703,1
970,973,-0.003305099940816604,3,2151.9371316588717,2146.976701504044,3
979,980,-0.005279059065218178,1,2129.640878206134,2120.528019100587,1
981,982,-0.003159757030768783,1,2124.813097895785,2120.224017868535,1
984,986,0.0010629007857235343,2,2119.560042309267,2123.932484385935,2
989,990,-0.0023132945875319597,1,2130.7624122622747,2127.964093518934,1
991,992,-0.0007835138624593527,1,2131.556597745044,2132.0180501998393,1
993,997,-0.0038261423440473005,4,2139.21521202379,2133.1694853300596,4
1001,1003,-0.00443263010264929,2,2148.061583620795,2140.6880827665136,2
1005,1009,-0.0031136136021804837,4,2144.5814514861922,2140.048634959347,4
1012,1016,-0.004354923873804215,4,2139.557859414982,2132.379805673045,4
1017,1018,-0.0015448308291371195,1,2137.1556613875755,2135.9912730965866,1
1020,1021,0.0005298914206354505,1,2142.462576766238,2145.740311881465,1
1022,1024,-0.0024521711963637555,2,2151.616755963103,2148.49224008448,2
1025,1028,-0.006775193516381243,3,2151.899019350302,2139.471386085843,3
1029,1030,0.0008473525131063081,1,2145.4129017204355,2149.3762356360794,1
1031,1032,0.0012427382809362605,1,2144.722269340963,2149.5323200763905,1
1038,1039,-0.002155340195863469,1,2148.1391931611524,2145.6573616049836,1
1045,1046,-0.0023569607958494687,1,2139.4460257156497,2136.5428813339176,1
1048,1050,-0.0017328037527741726,2,2137.1495676366303,2135.5834564132265,2
1052,1054,-0.0037424027094323923,2,2148.2125944029085,2142.321330363581,2
1061,1065,-0.004660351443507125,4,2145.4769367730687,2137.62373717054,4
1068,1069,0.0025561536324885392,1,2137.099009530233,2144.6988619359618,1
1070,1073,-0.0001555841335105756,3,2155.7530273312777,2157.573379391789,3
1074,1079,-0.005376905353708318,5,2161.344423802082,2151.884423822335,5
1081,1084,0.010573951220375435,3,2157.696266219856,2182.669337553471,3
1085,1087,-0.005653666132140296,2,2190.107965691042,2179.915934425375,2
1091,1092,-0.00402637658402135,1,2183.8350162334177,2177.225909076923,1
1093,1095,-0.010736740229035889,2,2172.321343169181,2151.1700145567524,2
1096,1097,-0.003691860931067862,1,2153.288310843464,2147.4919581661793,1
1098,1099,-0.002144055925562583,1,2141.713148167205,2139.262908549189,1
1101,1104,-0.0009026682536840948,3,2148.189370645067,2148.398457667929,3
1109,1112,-0.00502744364789608,3,2154.68211536694,2146.00425456817,3
1113,1114,-0.0031007622143514792,1,2145.681485353945,2141.17391876548,1
1117,1121,-0.002913816340330247,4,2131.178178237031,2127.0994946153655,4
1122,1124,-0.0017230900322728992,2,2130.4309622319233,2128.890468838688,2
1125,1131,0.0008707593191723093,6,2128.4498738111574,2132.431691247981,6
1139,1140,-0.0026520510602533695,1,2149.005277741265,2145.4550112936827,1
1141,1142,0.00018566798269600642,1,2141.9133280012693,2144.4529260559902,1
1147,1149,-0.004389763638577973,2,2150.9172029711463,2143.626102046923,2
1150,1151,-0.001862363644186279,1,2146.079635029797,2144.2289339750187,1
1153,1154,-0.0007340642271801286,1,2156.9457661975066,2157.519375236771,1
1157,1161,0.0007500852925600211,4,2159.9390168608056,2163.7190943670403,4
1168,1175,-0.00013105796931238585,7,2167.9999369270245,2169.8838031947485,7
1176,1181,-0.011185533913559028,5,2179.1024769262312,2156.9071547463786,5
1184,1186,0.010977197506873152,2,2180.9210335731004,2207.0423555390994,2
1189,1190,-0.00029481760717112073,1,2208.484970695653,2210.0423554118147,1
1191,1193,-0.001171724604898285,2,2215.1686276177807,2214.78822866042,2
1194,1196,-0.0016881825831747863,2,2214.5883220613773,2213.0642809492324,2
1198,1200,0.0010295114303161081,2,2223.5402987471984,2228.0529991992744,2
1204,1205,-0.0025591958632510603,1,2224.0426730353106,2220.57495489982,1
1207,1213,0.013089235696456949,6,2231.6790283630603,2263.1216801925075,6
1214,1216,0.005814192382488308,2,2269.7643437488346,2285.2309546500514,2
1218,1220,-0.0002017532871686718,2,2283.4775129578234,2285.300291376366,2
1222,1224,0.0031810581683050588,2,2295.6597680759282,2305.2580551008914,2
1226,1233,-0.0029232530118058634,7,2295.7488055362005,2291.3334997316033,7
1239,1240,-0.0013837346608477764,1,2278.955914914171,2278.0814005390744,1
1242,1245,0.003279308203974515,3,2286.0401092718294,2295.822779466051,3
1246,1249,-0.0019362918840153379,3,2298.9328838948963,2296.7804116938096,3
1253,1257,-0.0032172454182831443,4,2293.2166588792215,2288.132034749191,4
1258,1267,0.034159098447517904,9,2293.575204859428,2374.215241283867,9
1268,1273,0.004477537903507592,5,2373.5073653627533,2386.508341920782,5
1275,1277,-0.0033267643090534693,2,2387.4068029465457,2381.851870006258,2
1281,1282,-0.0026571433037783964,1,2371.802389627168,2367.8719731793117,1
1283,1285,-0.010450471082877354,2,2358.1124436450655,2335.8271701862245,2
1287,1289,0.0013027403768483487,2,2342.2673250628322,2347.660958605627,2
1291,1293,0.005855725211763583,2,2364.099002623299,2380.3066157586886,2
1298,1302,-0.008291928940069929,4,2379.2664836143786,2361.9170414863725,4
1304,1307,0.002577590896399889,3,2326.767026279332,2335.0912468105926,3
1318,1319,-0.005131886904651454,1,2343.911528964049,2334.226751611861,1
1321,1324,-0.0007955774922520731,3,2343.2502863366367,2343.7292994364507,3
1325,1329,0.006905727549387316,4,2333.1826690633006,2351.6281755678674,4
1333,1335,0.009295478544636457,2,2400.148013015158,2424.8586853871075,2
1336,1339,0.0001650632306320252,3,2425.362973044895,2428.188674265726,3
1342,1347,-0.0070743883897952725,5,2435.68179039487,2420.8865132060596,5
1351,1353,-0.002967086387517626,2,2421.2230788299694,2416.4603238704594,2
1356,1358,0.008771241632456319,2,2438.8212107516015,2462.651522100215,2
1359,1361,-0.0035420250391078015,2,2471.7754553908967,2465.492140292241,2
1364,1365,-0.0018382468505225209,1,2458.534411603938,2456.47355287651,1
1366,1368,0.0009332760885152436,2,2460.682994059145,2465.440173652976,2
1369,1373,0.0002932118087762396,4,2471.396151645475,2474.592190332947,4
1374,1376,-0.00553507921922035,2,2473.1093421599967,2461.893595375507,2
1378,1388,-0.014601569069393135,10,2452.6635197520195,2419.3034474841315,10
1389,1392,0.00361856368878064,3,2426.309876003325,2437.5159426943637,3
1394,1398,0.006045757542265999,4,2440.217879427185,2457.4110629559314,4
1401,1402,-0.0005496500224935027,1,2464.822962159449,2465.932995125015,1
1403,1404,-0.0033945863764964102,1,2464.292548145653,2458.391586782162,1
1405,1407,0.00015024428942445262,2,2458.1837077332702,2461.0112195054467,2
1414,1416,-0.00041923590080481605,2,2452.1070223172196,2453.531118043166,2
1421,1425,0.006511654556713168,4,2468.658156470112,2487.2018637601277,4
1428,1429,-0.003384227700622064,1,2497.4745609199513,2491.520012890207,1
1430,1434,0.012315121515013593,4,2497.8835088928436,2531.1431313441003,4
1436,1439,-0.007350216819177648,3,2528.698415536034,2512.6406323270694,3
1442,1443,-0.003105963111824957,1,2532.1641862072506,2526.831541838014,1
1445,1447,-0.004376944751654321,2,2519.136547997916,2510.6295630534537,2
1449,1452,-0.006868354826950186,3,2508.78335855826,2494.060927626292,3
1453,1455,-0.0018607212080094173,2,2496.3862229798447,2494.2375304143434,2
1456,1457,-0.004951276842141727,1,2479.758159363046,2469.959948373843,1
1458,1459,-0.008183350406150067,1,2454.840467518925,2437.2064882495392,1
1460,1462,-0.004424645977851645,2,2440.730851964507,2432.3722128693084,2
1465,1468,0.004093627256914595,3,2401.653346832553,2413.8864737816393,3
1469,1471,0.0015631561386363676,2,2422.9788153264903,2429.1892883507803,2
1474,1477,-0.019229887325589713,3,2436.191636386147,2391.7801373512834,3
1478,1481,0.001975133082488192,3,2380.7372973626743,2387.8203076567715,3
1486,1491,0.00299650843906532,5,2373.6051128268386,2383.0912456912597,5
1492,1493,-0.0005037630672105263,1,2392.0033198758697,2393.190320266547,1
1495,1499,0.013609040017323229,4,2370.809569431609,2405.444821304888,4
1502,1504,-0.00016789311870935356,2,2413.5380426828006,2415.5463642963737,2
1505,1507,0.0017682218023117044,2,2414.7735006834087,2421.458129335645,2
1509,1511,-0.0021589852995928527,2,2429.89909429424,2427.082876964459,2
1512,1513,-0.0035860222313586145,1,2422.042033745627,2415.778579201076,1
1514,1515,-0.0011909130266458626,1,2422.6424729755054,2422.179958968509,1
1516,1517,-0.003499112435871411,1,2421.829205333386,2415.776781848781,1
1518,1522,0.008330455996121817,4,2422.85564656168,2445.461994556879,4
1532,1534,-0.000813737537346826,2,2430.293898194142,2430.7465707205906,2
1536,1538,-0.002813093691341059,2,2454.103851805597,2449.6543315939925,2
1540,1541,0.0008640836154511608,1,2468.54877565639,2473.150356983033,1
1543,1544,-0.0017532392512439638,1,2481.9397943252916,2480.0702998529814,1
1545,1546,-7.633000531833442e-05,1,2483.322731266697,2485.6165019606788,1
1555,1556,-0.0007412208287002836,1,2478.239785882754,2478.8811027208267,1
1561,1564,-0.006145027595093943,3,2475.2206224151287,2462.4855440088572,3
1567,1573,-0.008460398169388754,6,2464.9071870640937,2446.5179979980076,6
1574,1576,-0.006645566566831602,2,2446.8999496903684,2433.0858131420146,2
1581,1584,-0.004230470443609621,3,2410.8731493025584,2403.0848948504445,3
1585,1588,-0.003079127214658964,3,2408.157052501386,2403.1501876363573,3
1592,1594,-0.007387305359539027,2,2410.739270167077,2395.3411423062876,2
1596,1599,-0.012313280664702782,3,2375.431174925067,2348.557255343455,3
1609,1610,-8.880352724854304e-05,1,2364.756304157793,2366.911061761058,1
1612,1613,0.0003564216380152175,1,2373.0775877902656,2376.2964815790333,1
1617,1622,0.0016033938272546886,5,2385.63822266052,2391.8489784834574,5
1626,1628,-0.0035482585868213848,2,2372.0388501980237,2365.9942818297327,2
1638,1641,-0.008481608307839658,3,2292.767253027837,2275.613666499641,3
1642,1648,-0.05031733430552776,6,2261.587561765835,2150.0520919210057,6
1649,1650,-0.0018568833313061482,1,2162.2224179349255,2160.3696455864206,1
1651,1654,0.0031028832444712226,3,2164.2623809071506,2173.142096766414,3
1656,1658,-0.0021524709963489886,2,2190.4352320124735,2187.910818938198,2
1659,1661,0.006352740802380724,2,2199.6019035981867,2215.7750062637674,2
1664,1665,-0.004213174885437637,1,2189.919369050316,2182.8827751325503,1
1667,1672,-0.01130408852886345,5,2148.192423427676,2126.0572585196437,5
1675,1677,-0.010288247630098567,2,2115.1025135889117,2095.456917679654,2
1681,1684,0.009924464887740434,3,2089.0310752820765,2111.852621913394,3
1685,1686,-0.0028849364138972084,1,2117.609342390554,2113.617783430673,1
1688,1694,0.005440948748681004,6,2127.882512440976,2141.588094646823,6
1696,1697,0.002306380964798351,1,2160.80820814676,2167.9526632747566,1
1699,1703,-0.00718227764746969,4,2159.053998222512,2145.7061269496207,4
1710,1713,0.005595371160035815,3,2194.8685218044843,2209.344494353264,3
1714,1716,-0.0015221259834108107,2,2217.714279406907,2216.5563531578473,2
1718,1722,0.008853746325347508,4,2212.945296702953,2234.7510982885346,4
1724,1728,-0.009781225873312378,4,2239.757458588989,2220.089642443683,4
1730,1732,0.006201950251343394,2,2243.8991658901964,2260.0596160519685,2
1734,1738,-0.0023600405999061307,4,2251.873677028988,2248.8110374023686,4
1739,1746,0.0018359033085016533,7,2251.4996509132525,2257.8846862223677,7
1747,1752,-0.008052763914526988,5,2263.412738508126,2247.449422822295,5
1753,1755,-0.000229705967024426,2,2251.870191316942,2253.604793488349,2
1757,1759,-0.0027200668835644388,2,2265.1560945261376,2261.259874541839,2
1760,1761,-0.0029654993204248892,1,2253.3326825528043,2248.9037586965555,1
1762,1764,-0.009730804907861906,2,2253.847385163513,2234.1694833515558,2
1769,1770,-0.003391048022048158,1,2219.2291162830675,2213.922832894107,1
1772,1773,-0.00042240418767510053,1,2232.142114562113,2233.431390499998,1
1784,1785,-0.011414716036933125,1,2186.6072629864184,2163.8343692581193,1
1787,1788,-0.0026828676209509714,1,2147.500475599627,2143.8865165832635,1
1790,1791,-0.0052546873571743015,1,2115.3449373784915,2106.3448060173646,1
1799,1802,0.007696786160997219,3,2144.0499017800016,2162.6962452942894,3
1805,1809,0.010982792614385527,4,2168.7277185169996,2194.7151330050583,4
1812,1813,-0.005044714859373811,1,2204.1115626455517,2195.1965598564016,1
1814,1816,-0.0046860412502093655,2,2201.782595208137,2193.666733738207,2
1817,1818,-0.0032040627124588954,1,2193.4777933093674,2188.6432306945276,1
1820,1822,-0.012719599273714029,2,2181.8691015674476,2156.2984700293787,2
1823,1824,-0.006379273889071191,1,2151.6509847587895,2140.076664798082,1
1826,1827,-0.000709006920367848,1,2098.9128372183486,2099.5236063287302,1
1828,1830,-0.0029385852182210125,2,2112.9830979496082,2108.8869001495723,2
1831,1832,0.004938940448655222,1,2110.496984550193,2123.031100458503,1
1834,1835,-0.0019394765378795012,1,2129.0477250174436,2127.047534631764,1
1837,1839,-0.009332074012890927,2,2116.2448016286558,2098.61209331209,2
1842,1843,-0.0029068105023850035,1,2086.063200311396,2082.0854730924034,1
1844,1845,0.007468257966436488,1,2080.7489825136663,2098.3693016609923,1
1846,1851,0.013566362445519065,5,2120.860479432419,2151.753701872209,5
1852,1855,0.005021533043262803,3,2152.6289377829353,2165.591064061679,3
1856,1861,0.0022998390054431756,5,2174.7516691504366,2181.927999535452,5
1862,1863,-0.003107467894921569,1,2176.2616857967682,2171.6752841630037,1
1864,1865,0.0028224855251064527,1,2173.335043156088,2181.6425848997587,1
1867,1868,0.0016106374015794206,1,2200.6591905615583,2206.4043137525678,1
1869,1876,-0.023822503149112058,7,2217.3539492315294,2166.748381742497,7
1882,1884,0.0012428442332014875,2,2257.904193237228,2262.9683206361515,2
1885,1889,0.007988646318060878,4,2270.3494408399197,2290.756808982037,4
1890,1894,0.009222720800311009,4,2295.376307580785,2318.8412987048323,4
1895,1897,-0.004737843686888438,2,2319.1597609123482,2310.4911042411363,2
1898,1904,-0.00014594649644182015,6,2320.8583974163002,2322.840534661876,6
1908,1909,-0.00028753746497000687,1,2330.923989183371,2332.5846851976667,1
1910,1912,-0.009276073624253815,2,2343.256996053671,2323.864028633783,2
1913,1916,0.00186990952000551,3,2310.665777379423,2317.2971790914753,3
1917,1918,-0.002913625121639505,1,2316.5579442324233,2312.1249207546066,1
1921,1922,-0.002579862446483357,1,2323.638767764839,2319.9677381364545,1
1925,1926,-0.0032606119031188658,1,2299.792638687663,2294.5937000739405,1
1927,1928,-0.0014604487160371795,1,2298.894681491385,2297.836158386988,1
1931,1933,-0.00024917738796033286,2,2307.2202557378823,2308.9525688768463,2
1939,1944,-0.004103866566080532,5,2300.0243691658916,2292.885400425267,5
1945,1953,-0.015619290960182174,8,2299.5791288996384,2265.9609125282923,8
1955,1956,-0.0010422734974065897,1,2260.5250485387664,2260.4294882389895,1
1958,1959,0.00922208139768273,1,2304.009851732844,2327.56162797832,1
1961,1963,0.00446281029363693,2,2361.2026805428586,2374.1014828514913,2
1965,1971,0.015984178098427337,6,2381.937686152733,2422.392940033707,6
1973,1981,-0.009850223573479866,8,2444.5886081395406,2422.9534524123237,8
1983,1984,-0.004804261020847759,1,2417.4140720077116,2408.217597882324,1
1987,1989,-0.0014667555524294333,2,2432.6528946201206,2431.517440374423,2
1997,1998,-0.001234813907832782,1,2381.2551561707965,2380.696004342029,1
677,687,0.005199813706101782,10,1990.3724300080803,2002.7123682798915,10
689,703,0.0032291905751661108,14,2011.819770017262,2020.328139227552,14
711,715,-0.003812144339625796,4,2005.1320086507797,1999.4932880224499,4
718,720,0.0014775373145086484,2,2000.0318536930097,2004.98700724074,2
722,723,-0.0005928644785338729,1,2022.9963996595754,2023.820033353675,1
724,725,-0.00031314299781824814,1,2028.368245678539,2029.7614446110865,1
727,730,0.0010234078152716814,3,2034.3267777293906,2038.4430504302647,3
731,733,-0.0012824945710398134,2,2045.505430840686,2044.927586661441,2
736,741,-0.0011354192725014684,5,2064.561568918367,2064.2819874926695,5
743,749,-0.0029871876262216614,6,2068.80659131468,2064.695484455374,6
753,755,-0.0037659992483240643,2,2060.3412099366055,2054.64230769863,2
756,761,0.005145304717129398,5,2052.6934749855714,2065.307901880221,5
768,774,-0.006169835326839044,6,2088.234990068689,2077.4391590462906,6
775,776,-0.004760690503072682,1,2085.4859010823993,2077.6430340599068,1
784,790,0.0004220371087228891,6,2077.915361281759,2080.870234034287,6
794,797,-0.004405118007395331,3,2078.1730987187266,2071.096674077795,3
800,803,-0.0019786110150365357,3,2072.2224027045336,2070.1945030356414,3
804,807,0.0032858877129365366,3,2071.7365895520156,2080.6158199456177,3
815,816,-0.00015129948826112416,1,2084.5036411246597,2086.2727604316037,1
817,823,-0.0016515700499215183,6,2078.374283640244,2077.020077204497,6
830,831,-0.002249641174523584,1,2064.2336226172183,2061.65407128856,1
841,848,-0.0011539206843577516,7,2077.277334607398,2076.9575986584546,7
849,853,-0.0035920303930389685,4,2078.981569898901,2073.592786483155,4
857,861,-0.007242089046937767,4,2075.738628491455,2062.781683134243,4
862,865,-9.214245577702693e-05,3,2065.6051708846594,2067.480446122433,3
870,874,0.006206107670995014,4,2083.6665082811887,2098.681633490309,4
877,878,0.0020004398907659715,1,2131.5810092759657,2137.9766899665965,1
882,883,0.0014271979285895207,1,2173.9775336358275,2179.2542074022685,1
885,887,-0.003874502134863469,2,2175.1395384333605,2168.887095186508,2
888,889,-0.0020484768587079984,1,2172.117817990769,2169.840402724218,1
891,892,-0.0013125053121288682,1,2172.1334571805487,2171.454653936527,1
893,895,-0.0012201708757219453,2,2166.2902132900085,2165.8132592766806,2
896,897,-0.00034833132961178395,1,2168.898330515362,2170.311733606616,1
900,901,-0.0016821168692415602,1,2162.628828495236,2161.1536628894114,1
903,904,0.0013482040449388278,1,2162.235742140832,2167.3131128566383,1
911,913,-0.0047816497362407565,2,2165.7524762738576,2157.562358993194,2
915,918,-0.0031053163177690623,3,2152.944122917685,2148.4114945244614,3
928,929,-0.0036330723712988855,1,2158.6246529789973,2152.9408380452337,1
931,932,-0.0065058708942981845,1,2153.7691544512195,2141.9107795506893,1
933,936,-0.00798331019157016,3,2147.6783726379476,2132.6804683700902,3
942,943,-0.004124743272405398,1,2136.408935923365,2129.7332064737316,1
948,950,0.00216141856881086,2,2106.1328885661505,2112.791256188447,2
951,953,-0.0003261089136083131,2,2117.7366833151773,2119.163807189388,2
961,962,-0.0034657419356939356,1,2141.856285615515,2136.575020751843,1
964,967,0.0034462313994328333,3,2135.806597365102,2145.3028877214224,3
968,970,0.0009854684691877002,2,2147.170290208803,2151.4334291179894,2
971,972,-0.0038225511670185006,1,2152.23162182335,2146.1568379474784,1
973,976,-0.004887807208948896,3,2146.7218772320466,2138.3758364421356,3
978,979,-0.002948408964803646,1,2132.5843030688925,2128.4291566945935,1
987,988,-0.002254520914569018,1,2126.5835808615284,2123.9157372827585,1
989,990,-0.004087528236518434,1,2134.376935972039,2127.7869869148517,1
992,993,0.0011979449536094343,1,2137.3497654335756,2142.0475425646086,1
994,995,-0.002651024572307311,1,2145.6263762838967,2142.0838944136613,1
999,1007,-0.0016754213841926153,8,2142.8118473287245,2141.3645463847374,8
1020,1022,-0.0011401571220325973,2,2147.086844168305,2146.7859146554724,2
1025,1026,-0.005116143843558303,1,2152.7435942958364,2143.882592003416,1
1027,1032,0.0010072530376293303,5,2144.3292176263553,2148.633428962113,5
1037,1043,-0.004203167000209741,6,2153.962284315769,2147.0627834069523,6
1052,1056,-0.0030843610716380075,4,2146.997089523999,2142.521972369675,4
1061,1064,-0.0025399892513459717,3,2147.5803828574394,2144.2731321514375,3
1065,1066,-0.003835916081352966,1,2142.217763214551,2136.1426134100907,1
1067,1068,-0.0006239254287466337,1,2138.0240109391452,2138.8280674023886,1
1070,1074,-0.000668548429058358,4,2151.4193967520036,2152.1324880908114,4
1076,1077,-0.0040178995062843375,1,2156.1441051823053,2149.637078951798,1
1079,1082,0.002751866224702567,3,2158.115654360273,2166.212615592869,3
1086,1087,-0.0018085824576056296,1,2189.3021519331423,2187.531920618691,1
1088,1091,-0.0033183130539208216,3,2183.820208908251,2178.757430010523,3
1095,1099,-0.007649636617447822,4,2153.7614111999683,2139.439680454807,4
1102,1106,-0.0020570920830904676,4,2151.88498657149,2149.610245988464,4
1109,1110,-0.00036114475491960945,1,2156.2353845464236,2157.612906831469,1
1115,1116,-0.0043067820107731015,1,2134.4510791443413,2127.3929147129516,1
1117,1118,-0.002937821412786199,1,2132.402991546868,2128.2707753691593,1
1120,1121,-0.0028100406491264663,1,2127.351472169859,2123.5008795302524,1
1126,1128,-2.160971291245966e-05,2,2127.6073368986567,2129.6889672518146,2
1130,1132,-0.0015036596822711181,2,2132.419029968776,2131.345016477673,2
1133,1141,0.0015284919294652364,8,2139.531734846017,2144.94152357041,8
1143,1145,-0.0016764532850731635,2,2143.4747472786767,2142.0247867444086,2
1148,1151,-0.00232986141872129,3,2147.571546356008,2144.7155738125657,3
1155,1158,0.0002973815450938531,3,2157.5979342799574,2160.397162021625,3
1161,1162,0.0003324348911700457,1,2161.684826724297,2164.5651310111375,1
1163,1164,-0.0009100150665315627,1,2167.077916319458,2167.272920681579,1
1166,1167,-0.004272454802879763,1,2170.046584577414,2162.9452052092406,1
1168,1170,-0.004555803547419135,2,2166.081790924966,2158.379629608795,2
1173,1183,-0.0006213593316374542,10,2168.9895637608697,2169.8108314189635,10
1185,1188,0.0038321064389040364,3,2198.2509894583927,2208.873172218882,3
1193,1194,-0.002914335308613121,1,2216.492810238871,2212.2496997909434,1
1195,1208,0.008610140079393078,13,2214.848213823685,2236.133215413124,13
1209,1211,0.004317926568746854,2,2247.026243461349,2258.9757640221237,2
1214,1219,0.0035726451053966646,5,2266.417671032184,2276.781194702414,5
1222,1227,-0.009685132026305169,5,2297.7043553219337,2277.7484896385463,5
1228,1229,-0.00338094783872872,1,2280.635127582785,2275.205054304838,1
1230,1236,0.00329227781149676,6,2285.056301420458,2294.864397881066,6
1237,1238,-0.0018015232846703738,1,2289.6834402695226,2287.8482056776224,1
1239,1242,-0.004853696502230807,3,2285.297714121732,2276.490870314265,3
1245,1246,-0.0024026405936655973,1,2297.311538917086,2294.0892364963047,1
1247,1255,-0.002081415409950712,8,2297.4555693407315,2294.9710654843693,8
1256,1257,4.931094538106434e-05,1,2289.786839200428,2292.1895375933905,1
1261,1264,0.005981909589136547,3,2330.2384182445667,2346.507932201883,3
1267,1273,0.004433955136303181,6,2369.7488938490387,2382.6260030225185,6
1274,1275,-0.0013213297544374882,1,2386.2161044725267,2385.4493422376418,1
1276,1278,-0.002760513091375824,2,2386.3542480772676,2382.1530401828672,2
1280,1285,-0.015064064171975186,5,2374.853834707089,2341.453737976707,5
1287,1289,0.0034539210803907466,2,2341.0011439106925,2351.427778254775,2
1294,1297,-0.0040496188143764635,3,2385.9988415292837,2378.7224545710756,3
1300,1302,-0.0052053410453867,2,2370.2529977783656,2360.2852755588574,2
1303,1307,-0.007314981996976456,4,2346.362881075774,2331.545641723407,4
1309,1311,0.0038566908794568826,2,2339.882693585753,2351.2467805226897,2
1317,1326,-0.012990762294243719,9,2361.9151040389456,2333.5939414672307,9
1329,1331,0.007450124929958952,2,2353.764749140741,2373.654355326714,2
1335,1336,-2.1011209228516273e-05,1,2422.862405020653,2425.23436015675,1
1337,1340,0.0006572884047897044,3,2426.2457169350014,2430.2667058288484,3
1342,1346,-0.0052054892364742185,4,2434.416249088294,2424.1783377556553,4
1348,1349,0.0008889657156096633,1,2416.365274667847,2420.9297058280845,1
1354,1355,-0.003216626937826256,1,2432.2683323808787,2426.8769008753015,1
1357,1363,-0.0016560883223429696,6,2452.0335998979463,2450.4248492870606,6
1364,1370,0.0036054534170129786,6,2456.6316538969704,2467.9455565417525,6
1371,1374,-0.0010895133045452983,3,2469.9782478522275,2469.757151937107,3
1375,1376,-0.004794582498663302,1,2473.1315906913424,2463.7470888404137,1
1381,1384,-0.0010504795887406266,3,2444.7102124938997,2444.586804527783,3
1385,1389,-0.006608331678655663,4,2438.2900254483898,2424.6152862569174,4
1393,1394,-0.001968277375547449,1,2444.167177060406,2441.800545280803,1
1395,1398,0.004771737347871908,3,2444.763776220729,2458.8743106146667,3
1401,1404,-0.0022100887494488236,3,2459.906118249546,2456.929413531152,3
1408,1410,-0.007953766643533412,2,2474.5854751622846,2457.377785228529,2
1418,1423,0.004135438576461218,5,2462.032967754898,2474.676586834026,5
1424,1426,0.0002884228869929589,2,2484.958529312165,2488.160206754559,2
1427,1428,-0.002384207535009404,1,2497.41174683283,2493.954810674843,1
1430,1436,0.010068287954057953,6,2498.6842554365917,2526.340412282035,6
1437,1438,-0.004320500219099155,1,2519.659155308592,2511.2926265313345,1
1440,1447,-0.0063306968369353615,7,2522.4020400941417,2508.9558795175326,7
1451,1452,-0.0030868431646901384,1,2499.3875317753614,2494.171701988764,1
1453,1456,-0.005900213718794803,3,2498.809325392863,2486.5646256559203,3
1457,1461,-0.016504931714923197,4,2476.714071569142,2438.312789012073,4
1462,1463,-0.004715679292281104,1,2429.929383463361,2420.9005451715207,1
1467,1469,0.0007090388282100406,2,2414.701399127014,2418.8282175766553,2
1471,1475,-0.008502038871170804,4,2433.4740731060665,2415.2180560176384,4
1478,1479,-0.00015860622217685953,1,2383.7042706334023,2385.7099045748837,1
1485,1486,0.0005250616392250868,1,2371.4777898902535,2375.0944396958894,1
1489,1491,-0.0008112971360008962,2,2386.4477062037968,2386.8980357207415,2
1492,1495,-0.012317163969368158,3,2395.112495432777,2368.0066145968817,3
1496,1498,0.01178365519522594,2,2378.7287876502096,2409.1376362744877,2
1499,1502,0.002964417381192603,3,2404.4764391050894,2414.0087872929457,3
1503,1508,0.001232779789578543,5,2418.076791921184,2423.4758249118345,5
1509,1515,-0.0025824038358887033,6,2425.438970193544,2421.6009462633956,6
1518,1519,0.0018482494421680085,1,2424.08588883357,2430.9902901142077,1
1520,1521,0.002420030140323085,1,2433.8019448102536,2442.1256208170817,1
1522,1530,-0.007477538388113484,8,2449.212894308205,2433.348023764661,8
1532,1535,0.0003066540744014045,3,2432.2471589839615,2435.425264644199,3
1538,1541,0.009050439663712495,3,2452.9141754970374,2477.5670414181354,3
1542,1543,-0.0007312101581826102,1,2481.14769134558,2481.8145986410623,1
1546,1550,-0.0063822483458429525,4,2486.3299487284344,2472.947903474671,4
1551,1552,-0.00569340994114854,1,2482.881873979379,2471.228691509347,1
1555,1565,-0.008567001396895011,10,2480.3304510508437,2461.561787062981,10
1569,1570,-0.002626471728104782,1,2466.2093230046853,2462.1981032652297,1
1572,1576,-0.01279695013408591,4,2459.290837765527,2430.278706387193,4
1577,1581,-0.008088199640108408,4,2430.7948051532194,2413.564846290155,4
1582,1592,-0.0030821157613088973,10,2409.458889414153,2404.442117084278,10
1596,1599,-0.011383223149016054,3,2374.807050419235,2350.1488988788756,3
1603,1604,-0.0019297791032224468,1,2361.792895259913,2359.5969495797613,1
1607,1610,0.009058510832402007,3,2344.6363874750814,2368.2199379765434,3
1612,1614,-0.0035763095936630863,2,2377.900424562045,2371.77421688547,2
1619,1620,-0.0007857619148742248,1,2392.2792076892974,2392.791725005839,1
1622,1624,-0.0036220722637405702,2,2392.0925295751167,2385.820290101017,2
1625,1626,-0.005529957201559996,1,2385.644736477385,2374.8378679230154,1
1628,1630,-0.013729347841296105,2,2366.854776486292,2336.726258746565,2
1634,1635,-0.005129001483148495,1,2293.5813364562664,2284.1111357163168,1
1638,1639,-0.004439213499908565,1,2292.273124034458,2284.389507360801,1
1640,1642,-0.00908752745497679,2,2281.722586570989,2263.2690925074553,2
1644,1646,-0.03717389108893969,2,2203.46946568651,2123.761401216962,2
1647,1649,0.006238669031944817,2,2145.4542131521334,2160.9844461243333,2
1652,1656,0.006061143600401191,4,2174.8102711845854,2190.1669188130472,4
1659,1661,0.006487124465501056,2,2196.380016967913,2212.824587528491,2
1662,1663,-0.0049228890901957135,1,2213.8680710868043,2205.1833121836053,1
1664,1670,-0.03807458724894318,6,2195.5299763871135,2114.1316087198793,6
1672,1673,-0.0018002660125279713,1,2126.8129663444142,2125.110950212445,1
1677,1682,-0.0013959811839576075,5,2094.1825090785496,2093.3532522091814,5
1685,1686,-0.0016800996482588676,1,2113.582893021721,2112.1454460396108,1
1688,1689,0.0013210166117873542,1,2130.368477818582,2135.313098444827,1
1690,1692,-0.0008825761784818141,2,2132.919701256386,2133.170156838699,2
1693,1697,0.010740975221108909,4,2143.367033189574,2168.5322524159947,4
1699,1703,-0.007950568958428238,4,2162.88276122799,2147.8494954470793,4
1706,1707,0.002508146469620253,1,2159.109359182767,2166.683831058708,1
1711,1712,-0.00019501857910893456,1,2193.3859330043533,2195.1515679292656,1
1713,1714,0.003661688480259711,1,2204.626533565143,2214.9038156799384,1
1716,1719,0.0010935632002572106,3,2218.631479097366,2223.2763243169366,3
1720,1721,0.0029908009712923947,1,2221.0888652129,2229.9527888135185,1
1724,1728,-0.009137982555071835,4,2237.763865746608,2219.552982444792,4
1729,1731,0.007743876535501988,2,2231.1156064759766,2250.624205875434,2
1732,1734,-0.007751718908740724,2,2263.2336903770492,2247.9529726748315,2
1738,1743,0.003896263257710259,5,2254.925576256596,2265.966285504492,5
1746,1747,-0.0032833734784628345,1,2262.402826990118,2257.236916377369,1
1749,1750,-0.0001974739444891107,1,2250.2463307391004,2252.0522120508363,1
1751,1752,-0.0014659161832496577,1,2248.663952876845,2247.6162639505096,1
1754,1755,0.0019950978891818275,1,2252.5764894363774,2259.323176525109,1
1756,1757,-0.004193231963661738,1,2267.858452533,2260.6166544333114,1
1759,1767,-0.018024240966587432,8,2264.362882940476,2225.813823585501,8
1768,1770,-0.0037876609764929247,2,2220.400531964552,2214.2108080494104,2
1776,1777,-0.004837258627770252,1,2246.3004604735856,2237.680824651069,1
1778,1780,-0.008461252012455298,2,2231.7398340104933,2215.088260682706,2
1783,1790,-0.042028416246155144,7,2204.1659848006457,2113.7325453006283,7
1798,1800,0.009097380642460271,2,2135.736477521759,2157.3018216872833,2
1805,1808,0.005866808911661228,3,2173.6287096956485,2188.5546026900292,3
1810,1811,-0.0028251111544768063,1,2203.4922137851586,2199.4705955669765,1
1812,1816,-0.006884536793223371,4,2204.0264830135075,2191.0568080809758,4
1821,1822,-0.0054113197050546374,1,2170.1924389608203,2160.619026291072,1
1823,1824,-0.007619693381279498,1,2152.805052161337,2138.5541428063593,1
1825,1826,-0.010539382929392313,1,2116.4086066834175,2096.2193745492027,1
1827,1829,0.004136628532562708,2,2101.5694034834655,2112.3643848445595,2
1833,1835,-0.0029286761945918633,2,2128.643018057747,2124.537554942035,2
1836,1837,-0.004418663069349112,1,2121.3978006733873,2114.145456356827,1
1838,1843,-0.015197253590707453,5,2107.980507710458,2078.0529738782243,5
1852,1855,0.005249405990245037,3,2150.431413934918,2163.870332894774,3
1857,1859,-0.00041789589545598285,2,2177.886262540506,2179.1540190731607,2
1861,1863,-0.0071008990434461685,2,2187.4754378662633,2174.129871059823,2
1864,1870,0.014004356992079747,6,2178.8637438275746,2211.556193277063,6
1872,1875,-0.01328427715781437,3,2186.4325592771893,2159.573815732159,3
1878,1880,0.012293040530252222,2,2200.212167874722,2229.459677397435,2
1881,1882,-0.0002633118845686013,1,2248.442875375744,2250.0992765202595,1
1885,1889,0.0052563869286618,4,2271.5047633664594,2285.7161760763784,4
1890,1904,0.01207693125643814,14,2294.1377784580895,2324.1380604797837,14
1905,1908,-0.0009681778471812526,3,2327.337153245785,2327.4112141243363,3
1910,1912,-0.007986802115369514,2,2340.0051129667927,2323.655960293541,2
1913,1914,-0.002949821853740893,1,2311.6413098790445,2307.134021135032,1
1915,1918,-0.0008745191066290137,3,2312.147189382934,2312.437319677863,3
1929,1930,-0.002687425148545488,1,2312.913628247227,2309.010759624509,1
1934,1937,-0.00422009698840911,3,2316.6579673185047,2309.1981039747684,3
1938,1939,-0.0033905884314791943,1,2303.2447376404725,2297.738627415804,1
1940,1941,-0.00525041236060877,1,2297.522986542092,2287.7575664413107,1
1942,1946,0.00011202522193263587,4,2289.7958980037106,2292.3422087953686,4
1952,1957,-0.0018166292044277438,5,2279.368215463044,2277.5068168106527,5
1958,1964,0.032213180674443606,6,2302.260454846383,2378.7258472928224,6
1965,1966,-8.753007829103072e-05,1,2385.0569083907517,2387.2332010812224,1
1971,1974,0.005413496729352853,3,2425.8194573308197,2441.3774424864114,3
1975,1978,-0.0098656287331945,3,2444.937943436695,2423.2620313544853,3
1980,1982,-0.0009657106552734599,2,2422.6280447563304,2422.711115084501,2
1983,1985,-0.0024755222890756523,2,2416.5379911529876,2412.9723354846433,2
1986,1988,0.001144190838620851,2,2425.4399885542903,2430.640594757373,2
1997,2000,-0.0037674126834512348,3,2379.1582616544715,2372.574148905231,3
673,677,0.0023950383080415636,4,1980.5837087608747,1987.307866324401,4
679,685,0.001914341252303154,6,1990.013590836678,1995.8131695370973,6
687,690,0.004717316714376155,3,2001.2200906388016,2012.6616997121562,3
693,695,-0.002860377551260166,2,2018.1550432310296,2014.40051289364,2
697,700,-0.0008134081817696945,3,2017.992453432036,2018.368994313097,3
701,702,-0.000661612686576494,1,2024.8038803023228,2025.4890482475878,1
704,707,-0.008341298537514683,3,2030.942106057379,2016.032353744403,3
709,711,-0.0051632107013942176,2,2009.5295834797826,2001.1634884130713,2
712,714,0.0007336728354275016,2,1993.268393414852,1996.7240686822315,2
715,716,-0.0030797060614059816,1,2001.0440107365307,1996.8824273782618,1
722,724,0.0017890972046697559,2,2024.0244633928355,2029.6696643658677,2
727,729,0.00452921615624605,2,2031.4185957621874,2042.6507482819743,2
731,732,-0.0022544107253354975,1,2051.258907945245,2048.6857867706785,1
733,736,0.007751853022424438,3,2049.4733319821835,2067.41002135707,3
737,742,-0.00634518791745177,5,2069.789662185511,2058.7262474915306,5
750,753,-0.0020428662274330225,3,2061.8574724698356,2059.7072309460164,3
754,757,-0.008740756390033782,3,2063.2721569012083,2047.3008697682965,3
759,760,0.0013343856945653432,1,2056.504451762758,2061.305126335763,1
764,772,0.00531056296258112,8,2075.9511995658977,2089.051620318004,8
774,776,-0.0016068506153504966,2,2083.2969314136567,2082.0326813888705,2
781,782,0.00047020273279166553,1,2076.377143970935,2079.429839322307,1
783,785,-0.0017050159633360854,2,2075.107264056688,2073.6442803098935,2
786,787,-0.004089362446812335,1,2077.9774615617166,2071.5578360266454,1
790,791,-0.0022875122535077107,1,2075.5025253127765,2072.83029037925,1
794,795,-0.0015906288628218198,1,2076.938598323312,2075.7118984408335,1
799,800,-0.0018692217379205527,1,2076.4308378720175,2074.6259590504505,1
801,802,-0.0028027837730743715,1,2073.710072867689,2069.9716219982624,1
810,812,-0.004924200843395426,2,2095.915278001784,2087.690485500164,2
813,815,-0.0008700758207640202,2,2086.82515753981,2087.0962865856122,2
816,817,-0.005729641468070346,1,2085.0863346070546,2075.2246238143903,1
819,820,-0.0011702324039729749,1,2078.703895916027,2078.350033154677,1
821,823,-0.001748011918876928,2,2076.4040931673767,2074.8509181572826,2
824,826,-0.006583815389821825,2,2076.983086173982,2065.385596053004,2
832,835,0.0038184210016196643,3,2058.6442979243816,2068.563712844365,3
838,841,-0.0007951416227402604,3,2075.1611456389946,2075.5862597838427,3
843,844,-0.0006695079051347999,1,2075.319282245719,2076.0051588628226,1
847,848,0.0007348230937321433,1,2076.0494491611876,2079.6510276893223,1
851,852,-0.0023784581731683564,1,2075.043128465315,2072.182768305205,1
854,856,-0.0021029243367880223,2,2073.998126432829,2071.7106634247334,2
858,859,-0.0013528454703497276,1,2068.9937416931643,2068.263706623226,1
861,862,-0.0010288382569244314,1,2068.4014583628814,2068.3418092702022,1
864,865,-0.0007928471381882332,1,2069.8128678138123,2070.2416354727948,1
870,871,0.001974918154195708,1,2084.8610440978905,2091.0633350669527,1
875,881,0.025958499160770684,6,2112.303895197117,2169.248437983081,6
885,888,-0.005187362495784997,3,2179.93023991849,2170.8020817884276,3
889,892,-0.0019140084291934475,3,2170.4635110304266,2168.479689086088,3
895,896,-0.0027179745834370614,1,2165.7637054440756,2162.0429784443922,1
898,899,-0.0004136902604414402,1,2164.6005555337333,2165.8696819216966,1
901,902,0.0002899620504185146,1,2163.376855744221,2166.1675297888846,1
915,916,-0.003562585173148376,1,2148.2687899969837,2142.7636682478,1
918,920,0.00020526676104463525,2,2154.237518101141,2156.833948977104,2
921,922,0.00026563885981660713,1,2158.4471097102332,2161.1789242491413,1
923,927,-0.0032158054938629067,4,2159.6399899828884,2154.8546478283183,4
929,932,-0.0059306343431401575,3,2155.9394673705283,2145.30931819098,3
934,935,-0.004678860826089723,1,2149.4427659797784,2141.5352651900935,1
937,943,-0.004892686310652277,6,2137.262056369602,2128.9423656204954,6
945,946,-0.005158127210636818,1,2122.95361758601,2114.1261063818056,1
947,948,0.0004628957946797548,1,2103.2796009327067,2106.356479815947,1
952,954,0.0008937353527178086,2,2116.3677930631957,2120.375633572273,2
955,956,0.00037715840592922453,1,2119.5962651269297,2122.5152849406254,1
957,960,0.0036713749383037106,3,2129.701386399843,2139.650020082342,3
961,965,-0.003078466608150554,4,2143.8324179319497,2139.3765338378075,4
967,969,-0.001419716825461808,2,2149.3396382265923,2148.4375242167966,2
972,974,-0.003100786064329006,2,2147.967972262346,2143.455551079592,2
975,977,-0.004839956412983385,2,2144.170385616434,2135.936864793657,2
983,984,-0.004918548752133558,1,2127.479254277629,2119.1426231005894,1
986,988,-0.002257671191627918,2,2129.333010355061,2126.655009570555,2
990,991,-0.00246982209834247,1,2134.620787096775,2131.483274292319,1
992,1001,0.002765677076057137,9,2136.214937970185,2144.25923359163,9
1002,1003,-0.0004863076649617667,1,2143.7154478200923,2144.8166580141406,1
1004,1007,1.917465928837417e-05,3,2144.613301369308,2146.7990369000363,3
1008,1009,-0.003882571200187236,1,2147.289017778309,2141.0993042971827,1
1010,1011,-0.000848348950135869,1,2140.3332379718677,2140.657821754465,1
1014,1018,0.0009748288569017614,4,2132.1339151901,2136.3445147725965,4
1021,1023,-0.00043931919575680505,2,2148.994206675522,2150.199106475635,2
1027,1029,-0.002897311193265451,2,2145.5134123421076,2141.4427057295698,2
1031,1033,-0.002737872845391541,2,2150.3925713121753,2146.65546245556,2
1034,1035,-0.0009723846382340085,1,2151.238847443924,2151.298254682941,1
1036,1043,-0.00606177432338933,7,2151.0860627980064,2140.197750597935,7
1044,1045,-0.004013291210838127,1,2143.5988115453765,2137.139524086984,1
1048,1052,0.0003861627139792106,4,2140.765010907372,2143.732459544883,4
1053,1054,0.0018269175843237634,1,2142.3033661987693,2148.3594812556325,1
1055,1057,-0.004670403688704665,2,2151.793839062553,2143.895887018326,2
1058,1061,-0.0016399597746573394,3,2144.1079032694433,2142.735760458826,3
1063,1064,-0.0018295619058703474,1,2145.4597905187593,2143.6799988059684,1
1066,1070,0.0037124660947396764,4,2139.341641063872,2149.42321601245,4
1071,1075,-0.0016566181901435761,4,2154.3166348852396,2152.902071395445,4
1077,1081,0.0017717629393150728,4,2151.06983418046,2157.03208982672,4
1082,1086,0.008055451776165595,4,2165.9815390253675,2185.5954804000767,4
1089,1092,-0.006348504246097042,3,2185.2541360890023,2173.566295063329,3
1094,1106,-0.0028144649433914457,12,2158.0524307059954,2154.1367202244787,12
1111,1112,-0.0044659715589030965,1,2152.798724824037,2145.337185671754,1
1114,1122,-0.007523868046171507,8,2139.527791509197,2125.569794516274,8
1124,1125,-0.0044067227305137555,1,2130.913087334716,2123.6536572833434,1
1127,1131,0.0038058882697254662,4,2126.082287343806,2136.3000012690227,4
1132,1136,0.0020560861136040575,4,2136.4204250822954,2142.9495098762095,4
1137,1138,-0.0027604040360159204,1,2148.943561671563,2145.160552752426,1
1140,1142,-0.004106634171705425,2,2148.7376815053813,2142.0623395979856,2
1143,1144,-0.0027745274784903733,1,2145.4831848277136,2141.6759659615977,1
1145,1147,-0.0016320309246694595,2,2145.9187335637234,2144.5624465622836,2
1148,1150,-0.0013760909048013427,2,2147.6376781470058,2146.829971149446,2
1152,1153,0.0005565231121277476,1,2155.1240951987947,2158.478595662475,1
1155,1156,-0.001733358224499779,1,2160.7339149536624,2159.1493229661755,1
1158,1159,-0.0020039076593003566,1,2164.61409669455,2162.441024023449,1
1160,1165,0.0009609190041804999,5,2164.3416072271707,2168.585705816321,5
1170,1172,-0.0011458204340340462,2,2162.9746408598608,2162.659234958926,2
1174,1180,-0.005259535573492635,6,2171.603161440551,2162.353140522886,6
1181,1183,0.001907837985249945,2,2160.4192469065665,2166.7013960567865,2
1186,1187,0.0012790775091819674,1,2207.6929825622437,2212.72448598598,1
1188,1189,-0.0013232888867246715,1,2209.5653120024763,2208.8509840926135,1
1190,1192,0.0006333761364721181,2,2209.0598042375245,2212.668029805806,2
1195,1197,0.002478683158616885,2,2208.4295354292776,2216.1119620611676,2
1198,1200,-0.0006019765998009723,2,2224.252800710289,2225.13810537293,2
1201,1203,0.00029931244500577066,2,2225.89087333251,2228.783001045456,2
1206,1211,0.011180721341536387,5,2226.818784276415,2253.943043365785,5
1225,1226,-0.009598410145046723,1,2306.4378713123256,2286.6061725207137,1
1229,1231,0.004076729638954669,2,2280.7263994359105,2292.305030746273,2
1236,1237,-0.0005433221221411003,1,2290.1574139985005,2291.203278226288,1
1239,1242,-0.0015542805559133942,3,2282.0598073119345,2280.79490593331,3
1245,1248,-0.00017424299527961406,3,2294.618885482736,2296.513683100587,3
1249,1259,0.0006638157927344418,10,2297.390706098983,2301.213141037872,10
1265,1268,0.007665866643810001,3,2353.596674112294,2373.9926290234657,3
1270,1272,0.002893004542545717,2,2375.5718886410264,2384.82000079465,2
1276,1282,-0.00877239834055368,6,2387.851058998864,2369.291729390412,6
1284,1287,-0.0004256368009965081,3,2342.6002285373606,2343.9457318986097,3
1288,1289,0.0006222897798846541,1,2349.2511836704907,2353.0623498561413,1
1291,1292,0.003317176096736215,1,2364.7742920501814,2374.983439097997,1
1296,1299,-0.003959313955170089,3,2378.716235814469,2371.676867662434,3
1303,1304,-0.008935000238376043,1,2343.886839775488,2325.288097143143,1
1306,1307,0.0007354770032497202,1,2330.317969371041,2334.362182617144,1
1308,1310,0.001436073988022763,2,2342.162501730503,2347.868182876691,2
1311,1313,0.005295544389849985,2,2354.054752986257,2368.8748091798193,2
1315,1319,-0.015815146353700484,4,2372.480343059043,2337.331699555346,4
1324,1326,-0.006290731831062024,2,2341.819537450903,2329.429598281509,2
1330,1332,0.0075170895958701,2,2363.150508403422,2383.27767301202,2
1334,1335,0.001805623968136807,1,2410.950704592724,2417.7149256755256,1
1337,1338,-0.0007922222320547495,1,2424.0231921590466,2424.526850287361,1
1345,1346,-0.007600003184679182,1,2442.586506925159,2426.4654282005986,1
1347,1351,-0.004033219593578118,4,2424.748849188284,2417.39405346942,4
1354,1355,0.0015716474400911582,1,2425.61321402451,2431.8510360370074,1
1356,1357,0.00042374438346050574,1,2441.3226893199585,2444.7985087870925,1
1361,1362,-0.002843520002719776,1,2468.905388642965,2464.353912174179,1
1363,1364,-0.0017021760437015755,1,2456.971333494479,2455.2461070840377,1
1372,1374,-0.0013749676093594782,2,2472.801568797602,2471.8743483049298,2
1378,1384,-0.004215546733410004,6,2451.3862247265115,2443.503677759266,6
1387,1389,0.0010648861555438193,2,2416.4895826453803,2421.4793585296006,2
1391,1394,0.0010838315807750747,3,2432.161758904723,2437.229974387482,3
1395,1397,0.0018409382989725762,2,2443.251048043384,2450.192173519775,2
1400,1402,0.0006022609105466375,2,2459.5135429670636,2463.45432537592,2
1406,1409,0.0010787974060905182,3,2456.7870059608463,2461.8941684161546,3
1410,1411,-0.003519529520989248,1,2460.484243491863,2454.284980804456,1
1415,1416,0.0005397794651231717,1,2452.065348425442,2455.8409882960877,1
1417,1418,-0.0017649085326374118,1,2461.282107967927,2459.3994522823145,1
1425,1427,0.0025445303176351683,2,2489.254328217425,2498.0775656520964,2
1428,1430,-0.00132772848480919,2,2499.3519396087095,2498.5328307845366,2
1431,1437,0.006319551945269465,6,2501.2959413981466,2519.604306971702,6
1438,1440,0.004534927655483203,2,2506.8499114863353,2520.7251443895666,2
1441,1442,-0.0004265272646456652,1,2529.9552875889112,2531.406147968009,1
1450,1451,-0.003846719664198648,1,2501.6820359473054,2494.5604485020017,1
1453,1454,-0.0026047775343326744,1,2503.06514328341,2499.0482805744978,1
1457,1459,-0.016752738843522054,2,2478.031678562552,2438.9958926841814,2
1463,1464,-0.002130771817679016,1,2418.353507693837,2415.6189017021516,1
1465,1467,0.0033769071485040183,2,2404.6757859688096,2415.200828606251,2
1468,1470,0.0028387482198237216,2,2413.6926202482896,2422.9581784974694,2
1474,1475,-0.0077548959719630625,1,2434.0343505423916,2417.592701712293,1
1482,1483,-0.006214666644956009,1,2373.0338039609355,2360.6592237360674,1
1487,1489,-0.0011947139384415994,2,2384.976977870399,2384.5125896099453,2
1490,1491,-0.0021663996841895933,1,2384.2962383043186,2381.515195924946,1
1495,1496,0.005159517502370796,1,2366.7298953534096,2381.307809567223,1
1501,1506,0.0026195934069220086,5,2409.615819413619,2418.3376489467837,5
1508,1509,-0.0008862799091913607,1,2426.821305437846,2427.097283777077,1
1510,1513,-0.00792383674909645,3,2432.4541113580644,2415.6121961913527,3
1515,1517,-0.006649335714382657,2,2429.3476397157287,2415.6234393320315,2
1519,1521,0.0037744662003481276,2,2431.3614723292367,2442.9699254997013,2
1523,1525,-0.003610794982234869,2,2453.387138748883,2446.981847917558,2
1526,1527,-0.004373640711147369,1,2451.718991532318,2443.4477725301913,1
1529,1530,-0.0033230274790729823,1,2434.6189930562696,2428.963306234327,1
1531,1533,0.000320425035481591,2,2423.9881485252345,2427.188843162258,2
1535,1538,0.006401967697804617,3,2432.192371174548,2450.195380540829,3
1539,1542,0.007110584410597508,3,2462.2395083554616,2482.2097097270866,3
1548,1555,5.8319123494279725e-06,7,2480.2113623721834,2482.706038109829,7
1556,1559,-0.0022658905548809285,3,2480.1872482810218,2477.0476026690867,3
1561,1568,-0.001966615885270739,7,2473.414103737543,2471.0232623740176,7
1571,1572,-0.006641704637127978,1,2467.6895766973153,2453.7676009694696,1
1573,1575,-0.003979143892715486,2,2444.425013590055,2437.1427197396174,2
1576,1577,-0.003040752145347224,1,2432.4388201756055,2427.4748154349063,1
1578,1583,-0.009472706277902827,5,2423.531992463356,2402.9981177361133,5
1586,1589,-0.006920864808571044,3,2410.3318906018017,2396.060641333761,3
1591,1592,-0.00026064234149140173,1,2410.1322773872444,2411.9142271445494,1
1594,1596,-0.011549541576864934,2,2396.2157570021154,2370.9367792464827,2
1600,1601,-0.0028636697138725983,1,2358.404940377771,2354.0096525173412,1
1604,1606,-0.0016856523784209616,2,2355.5634114072063,2353.9483137516536,2
1610,1613,0.0037473418480787673,3,2367.8960989214015,2379.1373111637135,3
1618,1621,-0.0015060089723673135,3,2387.3990413267557,2386.190995991223,3
1622,1624,-0.0035930544751884255,2,2391.613847822244,2385.412262831226,2
1626,1628,-0.0050631919710887015,2,2373.401781726057,2363.75819466238,2
1629,1630,-0.008462249115831929,1,2353.1655555335597,2335.605647947373,1
1632,1635,-0.014272499795369993,3,2316.9362179109576,2286.184682432849,3
1636,1642,-0.011716703383450346,6,2284.4764843584267,2259.99442748909,6
1643,1644,-0.017926008696274073,1,2242.1370225790643,2204.186591836653,1
1645,1650,0.005219539201002483,5,2148.4175690310562,2161.7797363217674,5
1651,1656,0.011538873416053658,5,2163.147942576824,2190.2713808089916,5
1659,1661,0.00805447734801587,2,2197.9096623213222,2217.810585571796,2
1662,1663,-0.00606479754800979,1,2215.561642936157,2204.3402717595495,1
1664,1666,-0.013901361042674434,2,2192.5541634144215,2164.267230546593,2
1667,1670,-0.01730605585040915,3,2145.605261268892,2110.6189020457095,3
1674,1675,-0.005588980366022823,1,2127.0740978868944,2117.3129966146157,1
1676,1686,0.0006457381332401031,10,2106.3037882612393,2109.770212725769,10
1687,1688,0.0016653257043705173,1,2120.8123015345554,2126.4649570759807,1
1689,1690,-0.0002292989170202803,1,2134.732628269451,2136.3778690179306,1
1691,1694,0.0014091630766500346,3,2134.4171369656024,2139.559295922149,3
1697,1698,-0.0018860188302838132,1,2169.7728489927085,2167.8503893910624,1
1700,1701,-0.004696000947513483,1,2161.053121646399,2153.065867261167,1
1702,1710,0.01485344227064005,8,2151.7343740824203,2185.846770763688,8
1714,1718,-0.002711560410543777,4,2215.112729247726,2211.321429995454,4
1720,1722,0.003150353071231569,2,2225.622257127426,2234.8593752976963,2
1726,1729,-0.002031732828859705,3,2234.8279170652827,2232.5221717363943,3
1730,1733,0.004145344154307061,3,2245.9161369920407,2257.4721484585766,3
1734,1737,-0.004591562482238344,3,2254.426064835649,2246.329152762205,3
1740,1741,0.0009660528419587564,1,2250.0875789618267,2254.5113700411007,1
1742,1749,-0.005313201087574592,7,2261.5401311143078,2251.785653761192,7
1750,1753,-0.0025820268865402217,3,2251.4787723717814,2247.9168724194146,3
1756,1759,0.00023613541436432318,3,2261.407244039083,2264.2026496197395,3
1760,1772,-0.015394161675094682,12,2259.8616489286464,2227.3328349906214,12
1774,1777,-0.0025705450197646773,3,2240.470951160502,2236.9521906662294,3
1778,1779,-0.00535325648780672,1,2230.62872846685,2220.9182294827638,1
1780,1783,-0.00903201661809733,3,2217.394676872513,2199.5845259789926,3
1784,1786,-0.01985597379459833,2,2188.7697391968973,2147.4983543521907,2
1790,1793,0.0027174786539482694,3,2113.201504090376,2121.0572855733235,3
1795,1798,0.005396790500654125,3,2121.365396238243,2134.9353262533164,3
1800,1801,-0.0014138877972759028,1,2159.9511202627964,2159.057142851407,1
1802,1804,0.00032075801772057954,2,2165.245986146175,2168.1057521427147,2
1815,1816,-0.0072113594875564966,1,2200.818140589088,2187.1480679511537,1
1820,1822,-0.014212701740370513,2,2184.7971999603906,2155.9301261941173,2
1823,1824,-0.007919549031814934,1,2154.0872365137984,2139.1819242619345,1
1826,1827,-0.0032253901691980625,1,2098.511737551807,2093.8417301611125,1
1829,1830,-0.006486350446366986,1,2115.297473281985,2103.6922100452452,1
1837,1840,-0.01739352801492363,3,2117.6208014976164,2082.90552556328,3
1843,1844,0.0015608072793177122,1,2080.371751714067,2085.6991828395435,1
1851,1855,0.006410100091180677,4,2152.6529983856262,2168.604372565244,4
1857,1864,-0.002795050293681225,7,2181.982725137174,2178.065956405609,7
1865,1866,-0.0009495629720062212,1,2183.8439519029903,2183.9540985015265,1
1867,1869,0.00646864936003859,2,2196.4912857001495,2212.8961089354243,2
1870,1873,-0.01587638800185536,3,2210.9373434726667,2178.046581703376,3
1881,1882,0.003334513333554178,1,2246.661149413775,2256.3993321218873,1
1884,1885,0.0021364641731332168,1,2263.2028962231884,2270.301351023724,1
1886,1889,-0.0007597614733441416,3,2283.6149447289067,2284.1635570186777,3
1892,1896,-0.00012949669720996857,4,2310.6170908147765,2312.628490623814,4
1897,1904,0.003840214546230857,7,2312.231239976718,2323.4229352587026,7
1905,1909,0.0021169390718443837,4,2323.1318343946414,2330.3728947783115,4
1910,1911,-0.0031173409347177595,1,2343.814506890356,2338.8518524915316,1
1912,1923,-0.00660443855279816,11,2326.0434577733854,2313.0072901431563,11
1926,1929,0.0011971352576413499,3,2297.3658050380736,2302.4134284480224,3
1930,1931,-0.0037852578169914157,1,2312.3699512179332,2305.9294047355274,1
1933,1937,0.0030611473643461333,4,2307.8791403915675,2317.251777679798,4
1938,1940,-0.008590886168637651,2,2310.004162827407,2292.469184178305,2
1943,1946,0.0008877624926490236,3,2291.618973799165,2295.945006145346,3
1947,1960,0.02101314514764289,13,2301.4979848004014,2352.16119399682,13
1966,1968,0.011231370485923754,2,2385.3170692964068,2414.492766097369,2
1973,1974,0.0006087294780969519,1,2438.4752291736127,2442.3980761563935,1
1976,1980,-0.00851535293467761,4,2436.856045886,2418.542212650164,4
1981,1982,-0.0011660114674043626,1,2422.3824657878467,2421.9803225200867,1
1983,1985,-0.002242421931988297,2,2415.5951375826567,2412.5939492049197,2
1988,1993,-0.013083094122019738,5,2426.832840263364,2397.509190636053,5
1994,1995,-0.003468871449759958,1,2396.8738162726995,2390.9562429390267,1
1998,1999,-0.008125163119103683,1,2387.8566899494463,2370.8428215285135,1
673,676,0.0026184921946697344,3,1979.6136404532472,1986.776856959689,3
677,680,-0.0008164051960070943,3,1988.3050009730125,1988.6700434399443,3
686,687,0.0006026210234049945,1,1994.47129373695,1997.6676753628706,1
688,691,0.0077332631908015965,3,1998.6637170664349,2016.1185733374818,3
699,702,0.0014067201194000508,3,2020.697855994979,2025.5611101802306,3
705,707,-0.0067015697481074745,2,2025.7313407197446,2014.1814921897037,2
709,710,-0.005017900610747569,1,2015.2016204236465,2007.1047406021669,1
712,714,-0.00015711040212503815,2,1995.7753476808614,1997.4575659611169,2
716,718,-0.000525418304939546,2,1998.114769484766,1999.0630381789933,2
719,721,0.005332037829039478,2,2001.3480797394416,2014.0206914894272,2
723,726,0.0015710210817123584,3,2026.5951126068237,2031.805531365431,3
733,738,0.01007779858659437,5,2046.4280144692107,2069.097931835465,5
740,745,-0.0032902895896957116,5,2064.7244415759965,2059.9956246818647,5
746,747,-0.0043596809024687155,1,2070.5762659293414,2063.6197903915936,1
750,751,-0.004162732766755908,1,2067.5213275983647,2060.9823101496027,1
752,754,-0.005915821272083476,2,2067.258746489239,2057.0964719683466,2
755,759,-2.3833058051809142e-05,4,2055.241731318232,2057.247990354057,4
762,763,-0.0015799800690087804,1,2068.8889432081814,2067.689028856128,1
764,765,0.000620562210757981,1,2074.3198225056794,2077.6813868230583,1
766,769,0.002398981908851831,3,2081.2768686297322,2088.3510910535165,3
774,776,-0.0029063041178657404,2,2084.9876363506696,2081.013015833795,2
777,780,-0.00392457653840887,3,2082.472331426884,2076.3819817045073,3
788,799,-0.0022546704024882,11,2079.2464173371422,2076.6376483978297,11
801,802,-0.0012651956933332177,1,2068.577647518448,2068.0290696350007,1
803,807,0.0041727902223534456,4,2071.301196702397,2082.0156032802483,4
808,812,-0.006367908234552995,4,2093.2376080629206,2082.0013006697236,4
815,821,-0.004515654179165952,6,2089.3441506992854,2081.9987392041635,6
822,823,-0.005810557832930477,1,2083.1498712103817,2073.1287582802624,1
824,827,-0.006895627707008742,3,2074.718548727456,2062.4867805673334,3
828,829,-0.003352526715257383,1,2069.7884401701276,2064.9192075696965,1
838,844,-0.00026343798144663603,6,2075.1466766144044,2076.675150839326,6
845,847,0.00026208807497751416,2,2078.19055398897,2080.8134135046903,2
848,857,-0.005951840530342697,9,2078.166888155128,2067.8761371295454,9
862,865,-0.0027978736517858065,3,2070.4436137269713,2066.7212177063434,3
866,867,-0.0012658274031903645,1,2063.4375087769126,2062.888990542309,1
872,877,0.016517520852999786,5,2092.926788710876,2129.5896773759205,5
879,881,0.008848695996606717,2,2147.9793200670065,2169.1341153973444,2
883,884,-0.0007249943887677156,1,2176.8680032923517,2177.466654208169,1
888,889,-0.003105427039592973,1,2177.318678975184,2172.7344933546588,1
890,891,-0.0016222681269755157,1,2169.761848796891,2168.4116751552574,1
893,894,-0.004459508262999414,1,2168.076467612466,2160.575989157946,1
895,897,0.0009914840596397662,2,2164.396597462147,2168.7069587847313,2
898,903,-0.004062660675094188,5,2171.200970356337,2164.5513185267005,5
905,907,-0.0049221908653395065,2,2171.1258598560753,2162.6102898410454,2
908,909,-0.0016217556909926367,1,2163.8104341441795,2162.465072692521,1
912,913,-0.0026046105101017345,1,2161.6744692694365,2158.205823696628,1
914,918,-0.006817737645676207,4,2160.244190007097,2147.6764560590395,4
923,924,0.00046807148320552835,1,2156.6315940078425,2159.7976833507855,1
925,926,-0.0012614629237331738,1,2156.549509935978,2155.985652195935,1
927,929,-0.002982620387810823,2,2157.6243874271204,2153.3466373273695,2
930,931,-0.0025162475121641333,1,2155.7862110085953,2152.5175055293957,1
935,936,-0.004751318221979382,1,2145.8172136686985,2137.767570454026,1
937,938,-0.0033953847227353447,1,2138.860755161146,2133.7373607841746,1
939,940,-0.005150673618349913,1,2142.390586237418,2133.4982221509213,1
942,944,-0.006208090262004725,2,2136.1361673271244,2125.010977355752,2
949,953,0.0035833635087177676,4,2108.2449543967787,2117.907807388199,4
956,957,-0.000893480390900629,1,2123.9567461670513,2124.182989209397,1
961,962,-0.00292787368901327,1,2143.1523222060105,2139.020595232482,1
963,964,-0.001179442910585031,1,2139.2209407784635,2138.8370727464658,1
965,966,-0.0024635711242056734,1,2143.636273701261,2140.498909550272,1
969,970,-0.0013931088789913375,1,2148.840994997143,2147.996266522469,1
973,978,-0.011789625384638732,5,2152.933331853942,2129.703987725136,5
979,984,-0.007086620121475368,5,2131.9021292292064,2118.9260508324237,5
986,992,0.003969840072207546,6,2124.052553291753,2134.6087547865773,6
993,996,-0.005595352262786187,3,2143.4474054538205,2133.597509569005,3
1001,1003,-0.0006066815705136352,2,2145.0249281063316,2145.8686059422635,2
1011,1012,-0.004154082661730102,1,2142.9438744298805,2136.1848523104804,1
1013,1015,-0.0024092256334897035,2,2134.328459558852,2131.320709183355,2
1018,1021,0.0005463612188043177,3,2138.2309357848912,2141.5374131808367,3
1023,1027,-0.005716957147867135,4,2150.9784938185735,2140.8324204372475,4
1033,1035,0.0004269797449288578,2,2149.1913405012197,2152.2581930120914,2
1039,1042,-0.001990261500873211,3,2145.308065513784,2143.183649528993,3
1045,1046,-0.0031359758900287534,1,2141.6030141139404,2137.02860170978,1
1047,1050,-0.0007939636077050015,3,2135.875861957839,2136.3159301148266,3
1052,1053,-0.0024312927001095943,1,2148.149696968927,2145.0750659889127,1
1057,1060,-0.0019990358225668047,3,2146.8938104106833,2144.748986586836,3
1062,1064,-0.003826345778628382,2,2146.1295847319548,2140.063880439758,2
1065,1066,-0.0006684629383297537,1,2139.988785514458,2140.6982711084147,1
1072,1076,-0.0007271552240219719,4,2157.6816031201965,2158.270315273832,4
1079,1080,-0.0011122287544350052,1,2151.0412513910924,2150.7998427107104,1
1085,1086,-0.0007498691996796721,1,2186.694834310931,2187.2417940398936,1
1088,1089,-0.0023384893878062255,1,2183.3674207391864,2180.445006616845,1
1091,1092,-0.003146675111141609,1,2180.413162520022,2175.732523852035,1
1093,1101,-0.015144870936711977,8,2172.85812538877,2142.12332764136,8
1102,1106,0.001646179104956786,4,2150.5626187503112,2156.2533926159495,4
1108,1110,-0.0025816050446150884,2,2157.1649789172234,2153.753195904501,2
1111,1116,-0.013248413866487087,5,2152.376002451498,2126.012810377177,5
1117,1119,-0.004477159362115787,2,2131.117627426779,2123.707391816802,2
1122,1123,-0.0016994752016194835,1,2129.700346104301,2128.2106735253205,1
1125,1127,-0.0012825622342272779,2,2126.4745888684993,2125.873727457641,2
1128,1129,0.0007615776587254098,1,2125.6970263407075,2129.4416067315283,1
1133,1138,-0.0012433277191120575,5,2143.4994053429896,2142.9778325217694,5
1139,1141,-0.00322295635977022,2,2150.1767447906786,2145.396995721216,2
1148,1149,-0.003759150958117107,1,2151.5792892406885,2145.642757183315,1
1151,1154,0.005576437132952844,3,2145.551472772241,2159.661557148442,3
1155,1158,-0.0025789574813888097,3,2160.6766695059578,2157.265052913779,3
1159,1164,0.0006950746415634993,5,2163.669956388452,2167.337538464239,5
1165,1166,-0.003868552379638253,1,2171.583091869736,2165.353792023971,1
1167,1168,-0.002745945795830744,1,2168.2123479082247,2164.426766674926,1
1170,1173,-7.26142525885238e-05,3,2167.4592611770213,2169.469332003932,3
1176,1178,-0.005461469046329354,2,2179.6248881823485,2169.900559211114,2
1179,1184,0.00569456085240545,5,2161.864876250741,2176.3376122194795,5
1186,1187,0.005435136075007786,1,2202.838911879244,2217.014480028509,1
1188,1190,-0.006753924427997272,2,2215.0603774884958,2202.315087472976,2
1200,1203,-0.0023314075274188124,3,2229.0812494970974,2226.113433942289,3
1205,1206,0.0003850234367393363,1,2226.3796652321157,2229.463253247542,1
1215,1216,0.0006998092045490958,1,2277.41727483992,2281.288449686292,1
1217,1219,-0.003875694006960243,2,2284.6805418961035,2278.110499753954,2
1220,1222,0.0004481921349024766,2,2291.22591235516,2294.5440477007173,2
1224,1226,-0.007416291645041922,2,2308.2685089308843,2293.4579849825177,2
1227,1228,-0.0020476163741983615,1,2283.558306380621,2281.16601330742,1
1234,1235,-0.002447610308966433,1,2298.810060213613,2295.482279072092,1
1241,1243,0.004110822003131487,2,2275.8163637440844,2287.4476560909943,2
1246,1247,0.0005760497403448053,1,2297.4858490238644,2301.1068009996643,1
1249,1256,-0.0042459739604985705,7,2296.2185405882597,2288.765074997896,7
1261,1264,0.005418665051045406,3,2330.352341378811,2345.310092509041,3
1270,1281,-0.003067620483034595,11,2377.1345195800122,2372.2195075564,11
1282,1283,-0.007198027830116935,1,2365.983076102317,2351.3186471510494,1
1296,1300,-0.008703298155362721,4,2384.840699650583,2366.4695606881305,4
1307,1308,-0.00038571903906581934,1,2338.2872404981485,2339.723605831182,1
1313,1315,-0.002323777509220043,2,2372.0134612129555,2368.8734431414346,2
1318,1319,-0.00430874196887891,1,2342.4227088631933,2334.6722365375226,1
1321,1323,-0.0029879231781214963,2,2344.455807845417,2339.7952098049195,2
1324,1326,-0.004509262053504167,2,2345.586985911928,2337.355706509074,2
1327,1328,0.00010839518637342067,1,2341.4338249466045,2344.0290589273873,1
1329,1344,0.0347246589521327,15,2353.2973758941434,2437.3681220609105,15
1347,1348,-0.00039992063975924613,1,2416.7591215031416,2418.209368770629,1
1355,1356,-0.0007140522040243835,1,2432.1322867134145,2432.8277495803213,1
1357,1360,0.005487878223240528,3,2453.814981082291,2469.7350338619162,3
1361,1362,-0.005522133001008337,1,2465.6668306374413,2454.516757293124,1
1363,1364,-0.0024225933417425065,1,2458.974074815324,2455.4759546689743,1
1367,1370,-0.0002603475062863689,3,2466.140233763754,2467.964320537505,3
1372,1375,-0.006429469864441135,3,2477.3893990824176,2463.9384879976137,3
1376,1378,-0.00894158739808966,2,2466.6850900152444,2447.0956947893237,2
1384,1385,-0.0038994699612935396,1,2440.992853769117,2433.9152683138814,1
1386,1388,-0.004198435609190629,2,2433.465994483619,2425.682710193108,2
1395,1398,0.005973136113259203,3,2443.078434877511,2460.11435333928,3
1399,1403,-0.0003802359112268027,4,2467.6738708398266,2469.203246487777,4
1404,1405,-0.003186929418604582,1,2461.1478354520104,2455.7654788471255,1
1407,1410,-0.004957866171286473,3,2464.851669034008,2455.0961159958993,3
1413,1416,0.0018464727780787117,3,2448.8036322018993,2455.7740850798223,3
1419,1421,0.00039774234639923826,2,2465.950183032443,2469.3969460273784,2
1424,1425,0.0027449524976752983,1,2483.2661266015984,2492.5658402848076,1
1427,1431,0.005348243954355636,4,2489.7970235967873,2505.6028624994083,4
1434,1438,-0.009514936688654035,4,2532.264320837165,2510.702250466299,4
1443,1444,-0.005835680385387397,1,2531.091435751422,2518.851886541937,1
1445,1447,-0.003351465213908009,2,2512.319604643198,2506.4119724866605,2
1448,1450,-0.0047005340930838585,2,2510.3326543043013,2501.0430827320665,2
1454,1455,-0.005393895215507336,1,2502.6907830277582,2491.6942219703183,1
1456,1461,-0.022501961441287653,5,2484.7605210329375,2431.3332961188535,5
1464,1476,-0.0066138019309438505,12,2416.0754470967363,2402.5120780865186,12
1480,1484,-0.010622287081393275,4,2389.869737102943,2366.8737244054046,4
1487,1488,-0.0021482285877349287,1,2380.9380826921133,2378.2042215199394,1
1489,1495,-0.010931406809271123,6,2386.859682113516,2363.154807613799,6
1496,1498,0.010197746340221737,2,2382.487931522147,2409.1664270379715,2
1499,1500,-0.002725580708605101,1,2409.172297063726,2405.015075824207,1
1501,1502,-0.0007513319379248102,1,2412.8455369089284,2413.4455345326783,1
1506,1508,0.0003388742857904333,2,2419.425556891576,2422.6648635560823,2
1510,1518,-0.003845529629509479,8,2432.0451728231424,2425.1247162235686,8
1522,1527,-0.0056863735125930286,5,2451.7651244319004,2440.2752372936634,5
1529,1532,-0.002432556838173915,3,2433.9330658074946,2430.4463183504145,3
1534,1537,0.006621458507924099,3,2431.8918478550727,2450.426410669259,3
1539,1548,0.002649275352326987,9,2463.61571904136,2472.606131162463,9
1556,1557,-0.005364290258596501,1,2482.6248069790067,2471.7899117181582,1
1558,1562,-0.006383709774116254,4,2478.0320397393148,2464.691034426397,4
1571,1573,-0.008779587969542974,2,2464.1191533529773,2444.949321632032,2
1574,1576,-0.007789288620894563,2,2446.3002906806505,2429.6916519538413,2
1577,1579,-0.007179932922211133,2,2431.8284373367937,2416.799900715727,2
1580,1581,-0.007429197601476283,1,2423.261162758905,2407.6815379035447,1
1583,1584,-0.0032142593793847364,1,2409.200236256815,2403.8656420368675,1
1592,1595,-0.010140491592060333,3,2409.03435776073,2387.0145994686336,3
1598,1601,-0.0030175782576550387,3,2356.886640161558,2352.13143692061,3
1602,1604,-0.0016305376600365897,2,2360.4324503187345,2358.944108764836,2
1608,1609,0.002117628469154319,1,2358.5743584888996,2365.927517055542,1
1611,1613,0.0014022806689450757,2,2368.099161643511,2373.788000481672,2
1615,1616,0.0001374854016982746,1,2378.2766152949175,2380.981870226016,1
1618,1620,0.0006493970930103539,2,2385.056337711234,2388.9902427013208,2
1624,1626,-0.011846500279676136,2,2394.308800340415,2368.3389292678917,2
1627,1634,-0.03690743060267679,7,2373.8505402681753,2288.611666732369,7
1635,1636,-0.004083288768434964,1,2285.8942116787366,2278.846139730037,1
1639,1641,-0.005808957624893812,2,2285.766909870865,2274.7747536609118,2
1645,1649,0.006272943562894977,4,2148.236825990844,2163.860831186008,4
1652,1655,0.0028754031261015783,3,2173.37869276586,2181.801411346007,3
1656,1658,-0.0034470405854718517,2,2194.4563854861194,2189.086461647787,2
1659,1661,0.007386285382033317,2,2196.112304716088,2214.529529234432,2
1662,1664,-0.012903603516414494,2,2214.823903057435,2188.4595174567617,2
1665,1667,-0.018573147875971446,2,2181.4634864338173,2143.1283060006836,2
1669,1674,0.0030378736906202866,5,2117.367635605271,2125.9172986744525,5
1681,1682,0.0012606245072528293,1,2087.827688944252,2092.5474833848,1
1685,1698,0.023327235377412426,13,2113.960213879632,2165.387021581167,13
1699,1700,-0.0043439816647285814,1,2165.83990384251,2158.597374915323,1
1702,1704,-0.003996839542386986,2,2153.5827390065774,2147.1287970965204,2
1706,1708,0.008755747778841631,2,2155.248044737298,2176.274101062597,2
1711,1714,0.007456688776658335,3,2195.9910603049825,2214.5618732583057,3
1716,1720,0.002036598480365978,4,2216.701896222693,2223.433129832187,4
1722,1724,0.00307946197369487,2,2233.584825303062,2242.696649662908,2
1726,1727,-0.004183559577933921,1,2237.9777010413563,2230.8529656960036,1
1728,1730,0.011337775847215088,2,2220.2100661177137,2247.6025202472047,2
1732,1735,-0.008650496797321303,3,2261.6068251635356,2244.304409390822,3
1737,1740,-0.00021784218081299966,3,2246.7267437907904,2248.484038681023,3
1742,1743,-0.0012612178387950378,1,2264.8559591714984,2264.2643383926616,1
1749,1752,-9.460594585362718e-05,3,2248.6011063508913,2250.6369764227284,3
1753,1755,0.0007551426585095406,2,2250.483374649053,2254.433294022166,2
1757,1758,-0.0017589272958294703,1,2263.580140464722,2261.8622477098256,1
1759,1760,-0.005419544968966676,1,2266.5402331255423,2256.5231566412717,1
1761,1762,-0.003401832652468533,1,2252.592394462249,2247.1820444965274,1
1763,1764,-0.006597663433238857,1,2246.8320410069464,2234.2550314503724,1
1765,1766,-0.002932272717772151,1,2240.5957398974433,2236.266297877683,1
1767,1768,-0.005827613776423123,1,2227.447790879065,2216.694533237554,1
1771,1775,0.00727319247959183,4,2223.28006264599,2241.673686540299,4
1778,1780,-0.010211672192735721,2,2234.408782755555,2213.826141504241,2
1781,1782,-0.0006269264044732791,1,2210.0159102135135,2210.840408795308,1
1785,1791,-0.026091176800732974,6,2166.3731147094986,2112.016263871968,6
1792,1795,-0.002306111679594199,3,2120.814242031231,2118.0442217794644,3
1798,1800,0.009249391459130445,2,2136.637898281933,2158.537136507838,2
1807,1809,0.004325724003029154,2,2180.8446736014685,2192.459250426546,2
1810,1817,-0.009668699104905788,7,2206.5171935428093,2187.3895599221855,7
1820,1827,-0.04162370039140554,7,2182.9797399072195,2094.29902499272,7
1828,1829,-0.002725867778187527,1,2113.4041220685845,2109.7566659920176,1
1831,1834,0.007523578259557792,3,2112.1741675429707,2130.1774493578396,3
1837,1838,-0.006509244608256859,1,2117.8950176044605,2106.227015897869,1
1839,1840,-0.004707294268221546,1,2094.731817064928,2086.9660298060617,1
1841,1842,-0.00028496378121096457,1,2083.089824933614,2084.5793096054326,1
1845,1849,0.021473116731859223,4,2094.6467983835196,2141.7200403956076,4
1852,1854,8.200271777770215e-05,2,2151.3462871537977,2153.674049683379,2
1856,1858,-8.625777824059551e-05,2,2180.3673179324037,2182.359611609743,2
1860,1861,-0.002013459353847151,1,2182.1063799155318,2179.894903793717,1
1862,1863,-0.003203686595054411,1,2178.2805006837366,2173.4802531441114,1
1867,1868,0.0009131367555868851,1,2200.747555478064,2204.957886516217,1
1873,1874,-0.006693538621884219,1,2179.674126190436,2167.264067369849,1
1875,1882,0.03947506335264136,7,2165.087918450454,2252.7199891137743,7
1883,1885,0.0012627781445679414,2,2264.6599761120406,2269.7843992108646,2
1887,1890,-0.001463150708735863,3,2289.9489684782247,2288.888376990505,3
1893,1896,-0.00402438596014818,3,2317.128867148645,2310.1209751349866,3
1902,1904,-0.00816583513853054,2,2337.3493791304386,2320.600318818443,2
1905,1909,0.0036957489272085864,4,2324.0531203436144,2334.9662902902437,4
1910,1915,-0.016935258656883594,5,2346.3315299705587,2308.9421301456764,5
1920,1921,0.00022144906030803252,1,2322.2113153574805,2325.0477781864606,1
1923,1927,-0.008496800667560485,4,2315.562367335334,2298.2030578341164,4
1929,1930,-0.0016992649293526556,1,2306.3307776110173,2304.7180413827473,1
1932,1943,-0.009662476618617612,11,2305.3538417347218,2285.3837679830544,11
1944,1946,-0.00014097731282565788,2,2298.5057533951585,2300.4802219839257,2
1947,1949,-0.0022720403482828708,2,2302.287311891928,2299.3587095378616,2
1950,1954,-0.012637531504320572,4,2292.2666933274586,2265.5903674675556,4
1955,1956,0.0012556827869222714,1,2255.0092570047636,2260.0958425701397,1
1960,1962,0.004333362403571226,2,2354.5754481478207,2367.133252319344,2
1964,1965,-0.0024024743546942943,1,2381.801915090457,2378.461498986581,1
1971,1976,0.0013223540782199969,5,2426.423922244964,2432.0589377362803,5
1977,1979,-0.0039829680252469425,2,2432.691121319385,2425.434481489187,2
1980,1981,-0.0006118456438216143,1,2420.8244117909467,2421.7640653319263,1
1982,1984,-0.003935155479349181,2,2418.6494361821387,2411.550324036904,2
1992,1995,-0.004275740226982875,3,2398.5590095751613,2390.7019533407038,3
1996,1998,-0.003317457577475065,2,2384.842111779299,2379.3153413562745,2
683,687,-0.0012815786052495935,4,1998.4034895651719,1997.8407818978542,4
688,689,-0.0009690153497293747,1,2004.8162618482806,2004.8783803790109,1
690,692,-4.7547557493102244e-05,2,2014.1063056726662,2016.0246461429726,2
693,694,-0.00153144700353787,1,2015.7321539290172,2014.6608991158766,1
695,697,-0.0015705142022972365,2,2016.2072753365564,2015.057000451202,2
699,700,-0.0030864562244975746,1,2025.877528381678,2021.6506236025164,1
703,704,-0.0026367612055437093,1,2029.942904907613,2026.6203731113915,1
708,710,-0.005614671006500748,2,2014.5697351345525,2005.2731585872532,2
716,719,-1.155682079982288e-05,3,1999.8028402178857,2001.7795316950442,3
720,722,0.008190064013643871,2,2006.7844565121447,2025.2269341290769,2
723,724,-0.000992905298969833,1,2027.908242562636,2027.9226299653335,1
725,728,0.0018418797990232619,3,2030.7465852670182,2036.517722964624,3
729,733,0.0002990013252372717,4,2046.2680911553987,2048.9261961176003,4
734,737,0.007785111977812517,3,2052.657598607813,2070.69042546369,3
738,741,-0.004082562233193506,3,2070.846570901404,2064.463057471205,3
742,744,-0.0010979682599232756,2,2066.5908604346955,2066.3884001241254,2
746,754,-0.0068971952606425935,8,2065.963651415147,2053.780260361362,8
755,758,-0.0033109172397323703,3,2054.1649210764153,2049.4179159470464,3
759,761,0.004395966067156907,2,2055.5916724293843,2066.6835753417436,2
763,769,0.006150447567404313,6,2076.793222865502,2091.643223913942,6
773,774,-0.002445618578870625,1,2083.732757428383,2080.7204746408433,1
775,776,-0.004156025291919434,1,2084.2917596458738,2077.713682136692,1
778,780,-0.006496927473833948,2,2084.2142203677927,2072.7574459584976,2
781,782,-0.0018828483420827388,1,2079.0803663103334,2077.2448536558795,1
784,786,-0.0014333752753515419,2,2075.0610038894215,2074.1617237554897,2
787,788,-0.001403157075816739,1,2079.829801098932,2078.9913029981244,1
795,798,-0.001475307585277103,3,2074.1198259463504,2073.1339810603044,3
800,801,-0.0019382088244515449,1,2072.586982458659,2070.642463062273,1
802,803,-0.0009289997535845689,1,2070.2620096796563,2070.408998792488,1
804,808,0.005555492579629051,4,2073.0965419662657,2086.68671096398,4
809,810,-0.0036972440528805586,1,2092.917449516891,2087.2723403730115,1
811,813,-0.0006762496497294788,2,2088.214221074476,2088.8902811599887,2
814,823,-0.006235000402237663,9,2085.118959263992,2074.2033606735317,9
829,839,0.001513420383110354,10,2066.248526936943,2071.441878101118,10
845,858,-0.006020376870920481,13,2080.624833851239,2070.1793130583096,13
859,862,-0.003302005603458353,3,2069.8787806514392,2065.1139080999,3
863,869,-0.0015034574506157439,6,2072.034054746965,2070.990873764173,6
870,872,0.00358044428899228,2,2084.088547452459,2093.6345989373917,2
876,878,0.002670362955203622,2,2126.2712413025347,2134.0754284993263,2
879,880,0.007216145873574597,1,2146.991032228739,2164.631023738787,1
881,883,0.0038942778339047367,2,2168.4763930900363,2179.0895190340825,2
884,890,-0.006721208305329528,6,2179.858218599329,2167.386795654638,6
893,894,-0.004937628099084158,1,2169.8317056428805,2161.2877153484574,1
895,897,5.37074341784309e-05,2,2165.1989018359177,2167.480388015257,2
899,900,-0.0018935878402131217,1,2165.993840782921,2164.0583350248207,1
901,902,0.00045159369945090727,1,2162.3193738425925,2165.458183021863,1
903,904,0.0006511064642723832,1,2165.478771748127,2169.054207746405,1
906,913,-0.005136809166982293,7,2168.964479107941,2159.991886967908,7
914,916,-0.005599009313238455,2,2153.75390560686,2143.8487713365503,2
918,919,-0.0018816558429787327,1,2151.595741376681,2149.698774419568,1
920,926,-0.0029666623965030566,6,2156.7883461771744,2152.5466716395317,6
928,930,-0.002374824294090509,2,2157.7369315500387,2154.7704223962874,2
931,936,-0.007143920530933965,5,2150.072431640782,2136.862557485029,5
937,938,-0.0018034627600749917,1,2138.0164337153647,2136.298617130446,1
940,941,-0.00027564617944012123,1,2132.0112400495273,2133.5555705367337,1
945,946,-0.004742118408136648,1,2126.3405244411783,2118.3835064227,1
948,950,0.0030848995268050582,2,2106.7991957104696,2115.4052587481006,2
953,954,-0.002263088570110022,1,2119.5255668549476,2116.848418337397,1
955,959,0.0070042027407069005,4,2117.81943197854,2134.7708880803048,4
960,961,-0.001788537423438456,1,2140.962863797055,2139.274634456759,1
962,963,-0.004328157076717083,1,2140.8133524744103,2133.688389365442,1
964,970,0.0018867695457201491,6,2140.634259519535,2146.8137773084413,6
972,973,-0.0017822992273334836,1,2146.8627333678564,2145.1832443103517,1
977,979,-0.00445382918947354,2,2133.151815756285,2125.7842737494475,2
980,983,-0.005685540904088251,3,2127.8106800494834,2117.8407360719557,3
987,988,-0.0026923742894116374,1,2128.9416696631097,2125.3387035177147,1
990,994,0.00234601451150126,4,2130.640770038356,2137.7699249737007,4
1001,1002,-0.005705839267008604,1,2151.3651919121367,2141.241213114361,1
1005,1007,-0.0018180881690517774,2,2147.2655446271765,2145.5088920893045,2
1009,1018,-0.0027221798951150063,9,2143.1345086380775,2139.443645474774,9
1022,1024,0.001013043803333672,2,2146.96243289665,2151.284362318183,2
1025,1029,-0.005676897606675943,4,2151.029006150016,2140.9688637392624,4
1033,1034,-0.003601977457346716,1,2152.375510381856,2146.7750778240975,1
1035,1039,-0.003347268469526875,4,2150.9884155680543,2145.939468281874,4
1044,1045,-0.0057094461296886305,1,2144.222458016391,2134.1243578602944,1
1047,1048,-0.000982796358298299,1,2137.5931661890872,2137.6299405760224,1
1051,1055,0.00024944996216588636,4,2144.4053765427216,2147.084703759311,4
1058,1060,0.0021914916862403955,2,2138.653148073166,2145.4786418149934,2
1061,1063,-0.0019409905546365048,2,2147.6449246904326,2145.624011101586,2
1064,1068,-0.0029410688214437384,4,2142.598581131933,2138.439649829228,4
1069,1075,0.003309544395043813,6,2144.081477734708,2153.321492049597,6
1080,1084,0.01577373868956328,4,2150.2650315424985,2186.333015294898,4
1089,1092,-0.005629760806669745,3,2187.7455873952836,2177.616848619796,3
1093,1099,-0.014302239873947898,6,2171.3017385204134,2142.418561955895,6
1102,1107,0.0007852967257753005,5,2151.9716606102857,2155.8135685699344,5
1109,1118,-0.01170732291200565,9,2155.544471535118,2132.464360827203,9
1120,1121,0.002993547494849618,1,2121.8777154310674,2130.3515348659043,1
1124,1130,0.0005728402778298518,6,2130.7959911013763,2134.147392860019,6
1131,1135,0.0021904843983142747,4,2137.7051060567537,2144.5254208458246,4
1138,1140,-0.003419378004040643,2,2147.368106677567,2142.172811513693,2
1142,1147,-0.0015338641041595903,5,2147.446060913975,2146.299616546434,5
1151,1153,0.003930799134373574,2,2146.7225485111244,2157.3076061950633,2
1154,1155,-0.0006395366427270643,1,2157.374129860473,2158.1517841822165,1
1157,1158,-0.0025866166319757733,1,2162.953972309806,2159.522193563141,1
1161,1163,0.002218755871779098,2,2163.895012427775,2170.8600622049403,2
1168,1169,-0.0021957426624998055,1,2169.0008907984807,2166.407323898353,1
1170,1175,-0.00036872910975726755,5,2167.079828427875,2168.4478428403936,5
1181,1184,0.003628397786730907,3,2162.879745431298,2172.8904132580174,3
1186,1190,-0.00201510473612753,4,2208.6827988334226,2206.4407544637234,4
1191,1200,0.005657022381887176,9,2211.7891381104314,2226.5130679068475,9
1203,1206,-0.0009919244055764374,3,2224.0339327959373,2224.051893191963,3
1207,1208,0.0005133239172403587,1,2234.921423006482,2238.3035830490708,1
1209,1212,0.003911424583234662,3,2245.7850890760915,2256.8150931712416,3
1213,1220,0.011175064808700175,7,2261.2763744645017,2288.8075608739896,7
1223,1224,-0.0009913616910523146,1,2303.4829496629586,2303.5028478603335,1
1226,1232,0.0005019074834535008,6,2292.5505011473465,2295.9936999012148,6
1233,1234,-0.001978264087850018,1,2294.20591021844,2291.96157096634,1
1235,1238,-0.005058321601162662,3,2296.2948327640315,2286.975729841587,3
1239,1244,-0.0007008332586308935,5,2283.192121232658,2283.8751763794867,5
1248,1251,-0.0020196364549523163,3,2297.5184349449983,2295.1758013928034,3
1254,1255,-0.0008971594046830741,1,2292.1096419993933,2292.345363919508,1
1256,1260,0.012403469027521052,4,2285.9326947213203,2316.5721227940153,4
1262,1263,-7.243638021159869e-06,1,2341.8402943719216,2344.1651712228977,1
1265,1268,0.003847184649106818,3,2361.993699144367,2373.4427187441465,3
1269,1271,-0.0013509813793740715,2,2377.1756772048375,2376.3413328066376,2
1279,1284,-0.014116329948919128,5,2375.4457110017365,2344.288581280493,5
1288,1294,0.013464012334565591,6,2351.0627404287425,2385.0685409056414,6
1302,1309,-0.0096971264883682,7,2363.8059468670863,2343.2476275532263,7
1313,1314,0.0010399102044891203,1,2370.4952192629958,2375.330816650463,1
1315,1316,-0.003832960518209234,1,2372.338951828918,2365.618209242577,1
1318,1319,-0.004210890918752198,1,2341.6160940894797,2334.097420237764,1
1320,1324,0.0004218476847019897,4,2338.476168513021,2341.801125438952,4
1326,1327,0.001001553809513933,1,2332.998361966036,2337.667983725019,1
1328,1329,0.004098879522265117,1,2342.787082193174,2354.732671271596,1
1333,1334,0.004139616311614381,1,2397.717270125472,2410.0406169176485,1
1335,1337,0.0025304241641683363,2,2419.8599620365985,2428.403094120476,2
1343,1348,-0.009382036997290795,5,2437.1868466541105,2416.758256336145,5
1350,1352,-0.0032874171713932338,2,2422.4769573575345,2416.9357419679704,2
1353,1354,0.0013949550649625985,1,2416.3197342165395,2422.1067114025705,1
1355,1356,0.0016295173441712024,1,2430.1912525193297,2436.5814825674825,1
1359,1361,-0.005929220806721426,2,2475.8857136229954,2463.6815262483406,2
1364,1365,-0.0033527787759466895,1,2459.5720725647093,2453.785243594468,1
1369,1370,-0.0024841648153412542,1,2469.745193229096,2466.079684310447,1
1373,1374,-0.0012642790493529019,1,2473.221058294393,2472.5674377842674,1
1376,1379,-0.009909324241266393,3,2466.0639585701156,2444.0929951635135,3
1380,1384,-0.0030712097535273487,4,2446.8930800058115,2441.825051192665,4
1385,1386,-0.003333543215686125,1,2433.558807071332,2427.8799924271175,1
1389,1390,0.0009039068389457932,1,2424.9705345050425,2429.5874524899286,1
1391,1392,-0.0008789977173102997,1,2435.305797283145,2435.6004748436635,1
1394,1396,0.0036157087757761027,2,2435.102195051302,2446.3419176229118,2
1401,1402,-0.0014936800634636918,1,2462.7260636675037,2461.5102649080986,1
1403,1404,-0.0013781907407047116,1,2461.7032764314563,2460.7722830459475,1
1407,1408,0.001143254183673342,1,2463.936184362198,2469.2170258976366,1
1410,1411,-0.005267145553122952,1,2460.0813111117336,2449.5837860847023,1
1419,1421,-0.0003218618030627642,2,2463.06071323413,2464.7310087851497,2
1425,1428,0.0012561046177043036,3,2490.7960349153395,2496.4155313514716,3
1429,1430,0.0007869580937114654,1,2492.8064005484034,2497.260941121919,1
1432,1433,0.0035013269604314895,1,2513.5714491355393,2524.885856066504,1
1438,1439,-0.00127017459119106,1,2516.0558783527117,2515.376103984364,1
1440,1445,-0.005070421727619661,5,2523.4017950985863,2513.1304856043025,5
1455,1460,-0.02371483365402322,5,2497.4304732499927,2440.7017554876306,5
1463,1465,-0.006923017049902207,2,2418.7593382344685,2404.4329854344955,2
1466,1467,-0.001126649244292093,1,2413.0680482509447,2412.7624350062083,1
1468,1469,0.0014003393628216204,1,2409.803019641036,2415.5873646857267,1
1474,1475,-0.007857052996165292,1,2431.552363001344,2414.879079585293,1
1478,1482,-0.006588851035545872,4,2385.2142582056854,2371.8836510287138,4
1485,1487,0.0016710141666686404,2,2369.769903329242,2376.0995923127794,2
1488,1489,0.0005450126288936354,1,2381.209852872676,2384.8888521674103,1
1490,1496,-0.003827338099090573,6,2386.607373527706,2379.8596275729606,6
1498,1499,-0.0017970512021310819,1,2406.161743673793,2404.243909563476,1
1500,1503,0.006257898428482733,3,2402.862620218943,2420.30235305409,3
1504,1507,0.0004754866271037114,3,2424.219949467742,2427.7968535843397,3
1511,1516,-0.003710449090017033,5,2424.0954056565024,2417.5250184701263,5
1518,1519,-0.000436881519952025,1,2428.293327842982,2429.6607446908674,1
1520,1521,0.0012707892288595498,1,2437.5873223542817,2443.1225693902884,1
1523,1524,-0.003208762067285845,1,2452.0473401620065,2446.6313510098676,1
1526,1528,-0.004323600697474772,2,2447.069164378391,2438.936083596894,2
1530,1532,-0.004503181260792109,2,2434.7289576062108,2426.199660746817,2
1533,1536,0.011698244895117539,3,2424.484228624613,2455.2709231040385,3
1539,1540,0.0023453242218928025,1,2463.5432007986897,2471.784551540001,1
1541,1544,0.00034545916170883035,3,2475.8676717753165,2479.1988506174853,3
1552,1559,-0.0033373788988920153,7,2482.0037894007382,2476.202406116423,7
1563,1569,-0.0023548334170226154,6,2470.8883632282677,2467.5407211040338,6
1570,1571,-0.0009008362705435458,1,2465.174289300963,2465.4187451772505,1
1572,1574,-0.005023304067429487,2,2454.5309420595654,2444.6556177367456,2
1575,1576,-0.0016107123212961752,1,2436.1001208873017,2434.6123645275648,1
1578,1581,-0.007139411987066313,3,2426.9479548390736,2412.0479214731486,3
1583,1584,-0.0034862050489317467,1,2409.703840618072,2403.712822763097,1
1585,1587,-0.0028455375023823185,2,2412.180881894433,2407.729111614367,2
1589,1590,0.000994256160665927,1,2401.909669549169,2406.6996927050304,1
1593,1594,-0.007646399193050053,1,2406.426458888142,2390.4323880136535,1
1596,1598,-0.009419210851010506,2,2373.959456549709,2353.972591333267,2
1601,1604,0.0033971386042602114,3,2353.7478750996734,2364.0976307459696,3
1605,1608,-6.503724562119146e-05,3,2358.7913576446717,2360.99673970942,3
1609,1613,0.0010110915685711932,4,2365.686387677045,2370.443999625186,4
1614,1618,0.0006401313947787467,4,2379.259054839459,2383.161352311613,4
1621,1623,-0.004519979687916923,2,2394.426757106219,2385.9984235570005,2
1626,1629,-0.009578559138720508,3,2373.553400450765,2353.191732236087,3
1637,1639,-0.004179307829707282,2,2292.732040621539,2285.44273969337,2
1642,1643,-0.010787207735316804,1,2262.02912143407,2239.8901725192586,1
1644,1649,-0.01839665580284484,5,2203.416271530704,2165.0841970644965,5
1652,1653,0.0007802828399386518,1,2171.524131824738,2175.3900589731384,1
1654,1658,0.0020935470580575218,4,2177.8765636132157,2184.613927249394,4
1662,1664,-0.012850248452681286,2,2214.865360304447,2188.618655495602,2
1668,1671,-0.005496828741089176,3,2129.9152151790295,2120.3373512233293,3
1673,1674,-0.0006537515384851841,1,2124.9561366182725,2125.691899411363,1
1675,1677,-0.01425002556818579,2,2119.628762264988,2091.543626969915,2
1678,1681,0.0046323720538206025,3,2070.75220981204,2082.4154566889724,3
1682,1683,-0.0009340570061351643,1,2100.8484394789425,2100.986975714698,1
1686,1689,0.008814134498650691,3,2115.875837926457,2136.6413279823123,3
1690,1692,-0.005189431651967084,2,2142.678371445996,2133.701766856675,2
1693,1695,0.004257201854293443,2,2138.66273524478,2149.906116942217,2
1697,1699,-0.002575024472945494,2,2163.7282491352685,2160.320324190077,2
1700,1703,-0.006922784722381255,3,2161.599794189324,2148.797103952397,3
1707,1711,0.009699963121976504,4,2167.713745418034,2190.9082025530083,4
1712,1713,-0.00030399715665510184,1,2201.6180392779575,2203.1503716932543,1
1714,1715,-0.000603959919703551,1,2218.4620378762957,2219.340637759911,1
1717,1718,-0.0036375331985428055,1,2216.681259103211,2210.8346886917384,1
1720,1722,0.004164817064358388,2,2222.706132875107,2234.1860034392344,2
1723,1724,-0.002176962333617748,1,2241.4692178581745,2238.831093016792,1
1726,1730,0.0018508081651456218,4,2238.8027402698535,2245.185137401965,4
1733,1735,-0.006699265004822416,2,2262.10407791637,2249.211747307835,2
1736,1738,0.0018325898624419338,2,2246.5349635876564,2252.898475751136,2
1739,1740,-0.0029054381238752276,1,2253.760575495011,2249.4661741723758,1
1742,1743,0.0001750263254393816,1,2264.4630639480633,2267.1238676611874,1
1744,1749,-0.008814004327350529,5,2264.820028641813,2247.122715137336,5
1750,1751,-0.003012321595579023,1,2249.549683189905,2245.022865782094,1
1752,1753,-0.0027409041108473753,1,2251.152359718102,2247.233319320925,1
1755,1756,0.0002863602595537013,1,2256.3033341206365,2259.2057530631478,1
1757,1758,-0.0008184198646534189,1,2259.4463100184944,2259.856580585276,1
1759,1760,-0.0048708731081384595,1,2266.2538316663217,2257.481450653109,1
1761,1762,-0.0024995140236941486,1,2248.78243998174,2245.4103591767503,1
1764,1766,-0.0015637608598172614,2,2238.1328957293636,2236.871124003682,2
1767,1768,-0.006441122911093774,1,2228.5628172493857,2216.4369330456384,1
1771,1775,0.006232851257244269,4,2221.738828161888,2237.808334638427,4
1777,1779,-0.010274420863890164,2,2241.7811435243852,2220.989921714607,2
1783,1785,-0.021478487509791765,2,2205.6484106999937,2160.480067270482,2
1786,1792,-0.01741671275492143,6,2148.955934028273,2113.677141736347,6
1793,1794,-0.004173721769124811,1,2127.0204928612065,2120.2699216196384,1
1797,1801,0.015199066938972213,4,2128.856279460211,2163.3417648346385,4
1803,1804,-0.002346440193533828,1,2170.5993255066833,2167.6767433307637,1
1811,1815,-0.004423336897173211,4,2203.021757499368,2195.480071831645,4
1818,1820,-0.005945604171168633,2,2194.105833120694,2183.254654160427,2
1824,1825,-0.009748394486524689,1,2138.253598804739,2119.547312810164,1
1832,1842,-0.01774007112197675,10,2121.377006034185,2085.8650040766465,10
1846,1847,0.003199984689421442,1,2120.5498044295637,2129.4560811413235,1
1848,1849,0.0007567716912962796,1,2133.9008979695986,2137.6496746591833,1
1852,1853,-0.0028266701621465383,1,2148.822965184626,2144.897774390388,1
1857,1858,-0.002157495722840382,1,2182.1748383141635,2179.648980272325,1
1859,1870,0.011211828969502222,11,2182.0812923622993,2208.728495902178,11
1873,1875,-0.007657828248380998,2,2178.3947883311316,2163.8914099732547,2
1876,1878,0.009944314469546939,2,2172.663374502501,2196.4416857095234,2
1879,1881,0.01132557141865359,2,2214.8765771243243,2242.176196559173,2
1883,1888,0.009348772443705078,5,2264.563547632962,2287.999000471725,5
1894,1895,-0.0007270527051212029,1,2319.980319832249,2320.613552184719,1
1896,1903,0.00730244527590948,7,2310.0670002604884,2329.2462051138355,7
1905,1907,-0.00020033753612606778,2,2324.669307800162,2326.52825858653,2
1909,1910,0.002743095341529919,1,2335.4383027104955,2344.1800709418017,1
1913,1914,0.0009983440616058892,1,2306.7879269653736,2311.397682920609,1
1915,1919,-0.00038517707656708525,4,2313.0160979543016,2314.4381932735932,4
1920,1922,-0.002597839955772786,2,2320.6426037576507,2316.934588282298,2
1923,1927,-0.008010683170315003,4,2315.4307073229947,2299.197956231135,4
1930,1935,0.0017490436395839518,5,2309.8713996178253,2316.2213368972016,5
1937,1938,-0.007578692817687454,1,2315.554007067444,2300.320688552182,1
1941,1942,-0.0019379557063505678,1,2291.1282828637372,2288.979306016844,1
1946,1952,-0.011470045706750746,6,2300.7302172584564,2276.6414667248578,6
1955,1956,-0.0004539225469394621,1,2259.880936269826,2261.1150062957245,1
1957,1959,0.01970406891905303,2,2279.6344694510376,2326.832178616801,2
1960,1961,0.00426931146571203,1,2349.6759673249644,2362.057141840298,1
1963,1967,0.0037386121845390157,4,2378.1202040984035,2389.3891934738426,4
1972,1982,-0.0056804360308643715,10,2433.4516956051825,2422.062080609704,10
1986,1989,8.878157751170492e-05,3,2417.837055746307,2420.469552190029,3
1993,1997,-0.009747504079524533,4,2398.5515019376217,2377.5701628894726,4
675,676,0.00039618686363583904,1,1983.7825443684117,1986.552275497169,1
681,683,-0.0012663403128715198,2,1992.2432050561667,1991.712590377616,2
687,688,-0.0019365410729143824,1,2001.1418132066292,1999.2676617058348,1
690,694,-0.0026219926990067527,4,2016.4051998442662,2013.1346053318796,4
700,702,-0.0036692669970384366,2,2025.5574051439685,2020.1506516118109,2
715,716,-0.0025686074074606486,1,2002.4730303931453,1999.3319363644305,1
718,720,0.0027370396012097674,2,2000.5678252559753,2008.044026443863,2
722,724,-0.0021075073815693193,2,2025.7517248877616,2023.5081898992216,2
727,728,0.0012891302330697001,1,2033.041606460002,2037.6955034664381,1
729,730,-0.0008309774027656859,1,2042.37833879237,2042.7235468837277,1
733,741,0.0065607321823768425,8,2048.6341575320935,2064.123331736863,8
745,747,-0.0005941364362634326,2,2067.2542715292043,2068.093294714997,2
748,750,-0.004462085264859686,2,2068.4323935507655,2061.271304239695,2
753,754,-0.004705375159269885,1,2063.4639606850797,2055.8180525831085,1
756,761,0.006777964691997991,5,2052.1023494306887,2068.0635290489267,5
763,765,-0.0006818344243270006,2,2074.7196843614715,2075.3797887442065,2
770,772,-0.0047640118455718715,2,2095.0014583630195,2087.115848057251,2
777,778,-0.0030415002748924785,1,2086.0630128207144,2081.804314606598,1
782,783,-0.0036778031864160713,1,2078.364855904968,2072.7994038712905,1
784,789,-0.005014801301829898,5,2079.779185497341,2071.4292853158877,5
790,791,-0.003608183079855908,1,2078.0834278276184,2072.6634057926294,1
792,793,-0.0009182017046271738,1,2077.0780420561723,2077.247943499369,1
794,795,-0.0008294525107148505,1,2076.1148471149036,2076.4689232895466,1
801,804,-0.0027864082949460604,3,2074.8213089787596,2071.114830981869,3
805,808,0.006107075867817676,3,2073.175737530726,2087.909954784676,3
810,825,-0.013406489546435689,15,2092.185047787376,2066.2283758627927,15
827,832,-0.0040069450625916415,5,2068.038578614649,2061.8201002214346,5
833,835,0.0010509103263376673,2,2062.2414311284024,2066.470903374905,2
836,846,0.0031508686081038228,10,2071.23099243755,2079.8284001441907,10
847,848,-0.0009863974047776862,1,2080.5560204880985,2080.5843214494826,1
851,855,-0.001263156537603977,4,2073.6882951101334,2073.1425904783223,4
857,868,-0.0037546005553213595,11,2076.25030373051,2070.531063490868,11
869,872,0.005035707209890977,3,2078.1284854942714,2090.671460577249,3
873,879,0.02621747336655483,6,2095.3468687640966,2152.3769163583775,6
880,881,0.002155077892694565,1,2164.4218273381457,2171.250746796046,1
883,885,-0.007589641727413548,2,2185.6485152758023,2171.2458746180814,2
887,889,-0.004645332605100151,2,2179.491218416482,2171.546248015459,2
892,896,-0.0029003158849494047,4,2168.9950707957464,2164.8732950083363,4
897,898,-0.003677840542261738,1,2170.605814991207,2164.7932787385544,1
899,903,-0.001659326131189731,4,2164.9068828320483,2163.4795031526046,4
905,910,-0.007492177984891891,5,2170.5260909722124,2156.434649268769,5
921,924,-0.0015904966987651764,3,2155.182942559113,2153.910314146297,3
926,929,-0.0003998260134648264,3,2154.2606480554264,2155.5535792566056,3
930,934,-0.0046400620215553325,4,2154.4418141669184,2146.5995123415187,4
936,939,0.0007233387809563142,3,2137.584526318157,2141.268308629933,3
942,943,-0.003270075493878404,1,2132.806009563563,2127.964378908056,1
947,949,0.002279130952937647,2,2103.5919592752593,2110.4899127812696,2
953,956,-0.0012364002231219655,3,2120.5063625376074,2120.005074360372,3
962,963,-0.002663876194043427,1,2141.099922139279,2137.537396949763,1
966,971,0.0014519163145580907,5,2143.7199176361737,2148.976139476069,5
973,983,-0.013540780762514776,10,2149.394053825148,2122.438974223874,10
984,987,0.003543736298463403,3,2119.8733178606662,2129.505463203174,3
990,991,-0.0016003820703382194,1,2131.89971382902,2130.619759465078,1
992,993,-0.0029645659151994143,1,2143.1560013206226,2138.945630089473,1
998,999,-0.0006340984973267471,1,2137.054420819067,2137.8363722429394,1
1006,1009,-0.004955793254688285,3,2146.0356421836495,2137.546368865979,3
1010,1011,-0.000820704628556749,1,2145.6307823908796,2146.0154840589885,1
1012,1013,-0.004657024120486318,1,2142.361653604225,2134.5269853621894,1
1014,1015,-0.003404544159146175,1,2133.172339408553,2128.043032319376,1
1016,1018,-0.00036252441618567644,2,2137.525311288177,2138.8879314839082,2
1019,1022,0.0031321445895688173,3,2139.8302244903666,2148.6723123750903,3
1023,1032,-0.0007523008921946823,9,2148.2375899919216,2148.7697065263164,9
1033,1034,-0.0007463966616655763,1,2147.953704531534,2148.498432761591,1
1035,1037,-0.0008643106413431064,2,2152.174805446692,2152.4668326657606,2
1038,1040,-0.0064669531355633315,2,2150.2368577011766,2138.4816135697633,2
1042,1044,-0.0019046945907391815,2,2144.0934035165114,2142.1536538123105,2
1046,1048,-0.0023277821032147107,2,2138.05948191423,2135.220604798536,2
1053,1054,-0.0022752232755682902,1,2146.5408316200187,2143.803512789579,1
1063,1067,-0.005630772367980528,4,2146.704369575654,2136.7634702988,4
1068,1075,0.006608850458757998,7,2143.2388404645503,2159.546424299047,7
1079,1081,0.0010611255676833712,2,2151.44883319148,2155.8832393891335,2
1090,1092,-0.006813972329302041,2,2187.889279638249,2175.1689519068555,2
1093,1097,-0.014923289576984144,4,2172.311608015241,2142.0658844454006,4
1099,1100,0.0003738869354563679,1,2142.0429312878873,2144.9858560863704,1
1103,1105,-0.0019021050743354617,2,2148.037563514486,2146.0998079285764,2
1107,1111,-0.004342464877746144,4,2159.402511148524,2152.184784098093,4
1114,1117,-0.006955242526228357,3,2141.656427881106,2128.902344445218,3
1119,1129,0.0009679276191372202,10,2125.221020838057,2129.4033019817352,10
1136,1137,-0.0020491168259271844,1,2145.949362562304,2143.698010978452,1
1140,1141,-0.003479236825273033,1,2150.940999782606,2145.6083076469554,1
1144,1153,0.0025862074482229536,9,2146.7957803139366,2154.494635331112,9
1156,1161,0.0007133428809034895,5,2157.973200025778,2161.670548045223,5
1164,1168,-0.0036473507157285803,4,2172.5894689686206,2166.837862682962,4
1174,1177,0.00779426983810252,3,2162.84291099031,2181.863535166986,3
1180,1182,0.001720553615739492,2,2159.5444666984276,2165.4196232056543,2
1184,1185,0.005188478812746574,1,2179.0075022475285,2192.492244008003,1
1186,1194,-0.00031851222393953214,8,2210.320335787668,2211.826642077685,8
1197,1198,0.0013674963988535853,1,2217.984690925012,2223.235761693489,1
1200,1201,-0.0034809259569363762,1,2229.3853220521523,2223.85438213866,1
1202,1204,-0.0015875748106404558,2,2222.746447062029,2221.4404172392947,2
1205,1208,0.005499916086840383,3,2224.505252334279,2238.9643498091873,3
1209,1210,-0.0014706059131847403,1,2247.9616337216935,2246.9037296842516,1
1214,1219,0.004970102851701874,5,2269.1405915586924,2282.6875942752695,5
1220,1221,0.0013212501068098205,1,2284.6041805733025,2289.9073182714765,1
1224,1227,-0.013757533981913022,3,2309.1250672343463,2279.666325720617,3
1229,1231,0.005578769071022664,2,2276.393536519694,2291.3694039112256,2
1232,1238,-0.006679881523250062,6,2295.3440505672656,2282.3067683049467,6
1239,1243,0.0004665401672872534,4,2281.453690738509,2284.799534215783,4
1248,1249,-0.0015712622560808676,1,2297.2126520457273,2295.900341163422,1
1251,1258,-0.0013636271350918638,7,2294.303349310765,2293.4690783568235,7
1262,1264,0.003566201127930266,2,2337.2892828445874,2347.9618158042117,2
1268,1274,0.002905038908707476,6,2376.392839218012,2385.672745717532,6
1276,1279,-0.006194508659620606,3,2387.017029531625,2374.6176489010613,3
1280,1285,-0.018180501410128475,5,2379.951891169555,2339.0631243472785,5
1290,1293,0.008398704742463865,3,2356.2846695401327,2378.4306934383344,3
1295,1297,-0.002320449053801027,2,2387.180645792307,2384.0284953673186,2
1298,1306,-0.023529667781779576,8,2383.051611418877,2329.3622503067754,8
1307,1311,0.008540137729572482,4,2331.317955385939,2353.5590497717462,4
1313,1314,-0.0013008758276347654,1,2373.5898222953524,2372.875666493104,1
1316,1320,-0.015330335104561037,4,2368.201045983368,2334.2639313994546,4
1322,1323,-0.003531328424746556,1,2341.1640794941068,2335.2378243126877,1
1324,1327,-0.005622142216270596,3,2348.4113778515357,2337.556686480798,3
1330,1332,0.00942908022804773,2,2360.776151980876,2385.3968758703463,2
1334,1336,0.004428068054604038,2,2411.1372969075437,2424.225114244152,2
1337,1338,-0.00026121627520779925,1,2427.4999222373235,2429.293319671807,1
1339,1342,0.00041217647292340486,3,2428.755611641778,2432.1854431750194,3
1343,1353,-0.010851949214624661,10,2436.179945271248,2412.1788241727486,10
1354,1358,0.015406987334876648,4,2422.3154117587796,2462.0583100405825,4
1359,1362,-0.006576693185064542,3,2474.994606512606,2461.1923209573956,3
1363,1364,-0.003588973279829109,1,2459.553064002146,2453.1853468391228,1
1365,1366,-0.00018431626574942888,1,2454.3831200939358,2456.3851204826155,1
1367,1368,-0.0006870289105796452,1,2466.8096842441296,2467.5817243584,1
1369,1373,-0.0005795834897180787,4,2472.3099672602443,2473.349367189015,4
1374,1375,-0.0027944047274775716,1,2472.067006116414,2467.6311173939976,1
1378,1381,-0.00396313565570623,3,2450.5137152555867,2443.2525106911157,3
1384,1385,-0.002847829713868522,1,2441.859220790777,2437.347080765516,1
1386,1393,0.0008281425237425379,7,2429.283286672558,2433.724362751141,7
1398,1400,-0.0019802131668062023,2,2461.1349183915677,2458.7224815392738,2
1401,1402,-0.0028130926645778273,1,2464.7027826091717,2460.2340480736584,1
1404,1407,-0.0008519044749599072,3,2460.9352425694833,2461.2996960663213,3
1410,1415,-0.0052757018490861545,5,2462.6786007699225,2452.1489213229056,5
1416,1418,0.0015846022998266145,2,2455.5123653810365,2461.858888287853,2
1421,1424,0.003857122304162487,3,2469.1713255108584,2481.1643926287957,3
1426,1427,-0.0001716974869592499,1,2491.5014526275854,2493.5651695420415,1
1429,1434,0.012054438175114292,5,2495.0940569780682,2527.6661080859835,5
1438,1440,-8.19968830661704e-05,2,2516.604056419596,2518.9143067874775,2
1444,1449,-0.007396501042262785,5,2520.9296266935407,2504.8044977089244,5
1452,1454,0.0007635179768501891,2,2494.1439570705784,2498.5424247757246,2
1455,1457,-0.010768011258885948,2,2496.1304118221237,2471.7481818557976,2
1461,1462,-0.003988440311024586,1,2440.101625719306,2432.8095276580098,1
1463,1466,-0.0042296189064890185,3,2420.537642865136,2412.7202287298705,3
1473,1476,-0.01445955837515123,3,2438.551248415575,2405.729425536728,3
1477,1478,-0.005741810567295936,1,2391.456818143461,2380.1169829319565,1
1479,1480,-0.0004934093133578571,1,2383.65534992427,2384.8628875247064,1
1483,1486,0.002116797807636798,3,2365.7961846524263,2373.1698930140665,3
1491,1495,-0.010623802646173006,4,2389.900494276175,2366.9005635752696,4
1497,1498,0.004155984024593257,1,2395.98072434796,2408.3343626859314,1
1501,1502,0.0004887904256514796,1,2411.1144788340125,2414.7041229852503,1
1503,1504,-0.0028543994321882536,1,2421.747531889718,2417.2566446416786,1
1510,1512,-0.008356745200989652,2,2433.5107708121377,2415.608052127409,2
1517,1518,0.0008677037927488224,1,2420.7679038432398,2425.2891812386124,1
1519,1526,0.009193411935360267,7,2426.9517092053106,2451.690627724467,7
1527,1528,-0.0051927004521805,1,2444.876098985726,2434.6254658599833,1
1529,1530,-0.0019894877709176304,1,2434.7312512363073,2432.322114437738,1
1531,1533,-0.00016849006549452656,2,2425.8853018727414,2427.9024496012194,2
1536,1539,-0.0007016426436280857,3,2455.9754431868487,2456.7082015273922,3
1540,1542,0.0026908645537670702,2,2469.7506930698382,2478.8662083595314,2
1544,1546,-0.0020462711209313696,2,2488.231440107665,2485.628075409687,2
1549,1551,-0.0015460122179502137,2,2480.509332895107,2479.154944492607,2
1554,1555,-0.0019770637221191443,1,2482.942220070927,2480.5162273035776,1
1557,1561,-0.003762267467891382,4,2476.7443040726325,2469.9028738552074,4
1563,1568,-0.001433277314070135,5,2466.7007777543163,2465.632012266716,5
1571,1574,-0.011523490884584282,3,2463.4603211059425,2437.536118872249,3
1576,1577,-0.0030962974759180897,1,2436.4914049686513,2431.3837941863194,1
1584,1585,-0.0020618899357997397,1,2407.606994341167,2405.050380704515,1
1586,1587,-0.004574379887431262,1,2413.9312541215986,2405.3029467972246,1
1589,1590,0.0009230508869724548,1,2401.517844199858,2406.1360852202265,1
1594,1597,-0.013995371652804012,3,2397.8711656328824,2366.7099386599407,3
1599,1601,0.002939037551758978,2,2348.511695000098,2357.7625707574484,2
1602,1603,-0.0029656102402614557,1,2363.0612215848446,2358.4163642493327,1
1609,1611,0.0005947836908788593,2,2363.2346003398475,2367.00344833819,2
1618,1619,-0.0003516218399941545,1,2387.5462816283834,2389.0943144933944,1
1622,1623,-0.00040111485926274044,1,2384.6089176506716,2386.037024497922,1
1628,1629,-0.007461273485193303,1,2363.626405162184,2348.3543685416066,1
1630,1633,-0.022238415886651583,3,2338.712555329867,2289.0420054404376,3
1636,1637,0.001015353639585786,1,2287.172644304553,2291.7821060176134,1
1639,1641,-0.006148450045371951,2,2288.2139679192683,2276.4332126123136,2
1643,1645,-0.03905139009351454,2,2239.710955063269,2154.4868398154385,2
1649,1660,0.01792773119955527,11,2166.721056765725,2207.732170512603,11
1671,1672,-0.0010783150994690368,1,2126.108830343204,2125.9423239186735,1
1674,1681,-0.018853744759067707,7,2125.6425036521905,2087.6918249429586,7
1689,1690,0.0001993597361651747,1,2135.88208612805,2138.4437771033486,1
1692,1695,0.001643223007766394,3,2137.207722453108,2142.856839077472,3
1698,1700,-0.0032893561582745855,2,2164.8754150823343,2159.9192442189183,2
1701,1702,-0.004931832363389981,1,2162.3260993832437,2153.824195645486,1
1703,1704,-0.0015786296245510717,1,2150.7610174480988,2149.5165234080737,1
1706,1707,0.004122284808147514,1,2159.0502110174425,2170.109481113365,1
1710,1715,0.01102405503973342,5,2193.850099360744,2220.2290737043822,5
1716,1718,-0.0021258409777539598,2,2216.6762576796727,2214.1806327143627,2
1726,1727,-0.0015033760891561706,1,2230.2759647794483,2229.1532971865586,1
1733,1734,-0.003459341677076242,1,2257.8977364366037,2252.344794430809,1
1737,1741,0.0044091630394278054,4,2243.7905431338545,2255.927572007992,4
1742,1745,-0.001558845285669371,3,2265.4525953829584,2264.186557880121,3
1746,1747,-0.002576357480450756,1,2261.988392801771,2258.4226904780853,1
1748,1753,-0.0053512357526077576,5,2255.178961300275,2245.3661459753366,5
1757,1759,-0.00026618632313756105,2,2257.794950049761,2259.4517508636586,2
1760,1770,-0.01865330582522159,10,2255.601443703195,2215.782621597691,10
1772,1773,-0.0009499593047760228,1,2229.4538821008096,2229.5654455230397,1
1775,1777,-0.002960870236102375,2,2241.8413008793027,2237.4453409983435,2
1779,1780,-0.007544582166494492,1,2226.792113773006,2212.2186898167165,1
1784,1785,-0.01209125316434986,1,2186.7044424663245,2162.451149899322,1
1788,1790,-0.012385209445996456,2,2140.5282191101855,2116.1578570105503,2
1792,1794,0.0008217956295608108,2,2114.915132327382,2118.768075472348,2
1799,1803,0.010151925132196205,4,2144.753908221579,2168.672043233051,4
1806,1808,0.005748687442636686,2,2172.123481229308,2186.7824636909363,2
1810,1811,-0.0018495439444637678,1,2203.5018988914007,2201.629927196583,1
1817,1818,-0.004244911572287902,1,2195.2172382359854,2188.0939524159476,1
1820,1822,-0.011845696321386556,2,2182.187713500604,2158.5203682437154,2
1826,1827,0.0014830062625434902,1,2095.7528991150302,2100.9566666882765,1
1828,1829,-0.00010070858522632739,1,2109.1581885653427,2111.054936416719,1
1830,1831,-0.0009853433322612316,1,2111.390927027766,2111.42187298305,1
1832,1833,0.0014490990609247745,1,2122.0424264799435,2127.239518593878,1
1841,1843,-0.0025122553221475262,2,2081.740006846528,2078.591884441847,2
1850,1851,-0.001133310102542827,1,2145.502784822949,2145.216767626698,1
1852,1854,-0.0025530110978613818,2,2155.6703719120305,2152.32259190112,2
1855,1857,0.0022146700434338903,2,2170.6451277788306,2177.623035646027,2
1859,1862,-0.002415881876099035,3,2181.0654716567406,2177.9773405848364,3
1864,1867,0.005899243072221785,3,2178.613509868657,2193.644294033667,3
1868,1872,-0.010052066419540102,4,2206.919322572975,2186.942142282478,4
1876,1879,0.01749897890626099,3,2169.6285219029423,2209.764434164047,3
1880,1881,0.0042981226173410625,1,2229.5408703028106,2241.353251214048,1
1882,1883,-9.793659435719656e-05,1,2259.4957657744653,2261.5339742199753,1
1884,1885,0.003793385121537025,1,2260.9657581283104,2271.8034377536273,1
1886,1892,0.009645763887889763,6,2284.8276944119743,2309.1514305711958,6
1895,1897,-0.002562425157659475,2,2322.444558407968,2318.815912602642,2
1898,1899,-0.001173718308649991,1,2324.395907544306,2323.9921174186143,1
1902,1905,-0.005903287795478991,3,2333.829055935278,2322.3856204085764,3
1908,1913,-0.011733521293250681,5,2332.109513668752,2307.0777665455958,5
1915,1920,0.001563545581714584,5,2312.3102437623584,2318.2379564713087,5
1922,1931,-0.006389005825648133,9,2319.5870051239035,2307.086737240193,9
1937,1940,-0.009577832543513538,3,2311.584323094064,2291.755939860352,3
1942,1947,0.0023931080105556207,5,2290.0768914556543,2297.8473697008408,5
1950,1952,-0.008165086538429558,2,2292.429941058987,2276.0044821480124,2
1953,1956,-0.0079610148490659,3,2275.1599549691846,2259.322532738644,3
1957,1962,0.03861099971267485,5,2278.2432105643543,2368.4867017234224,5
1963,1964,2.819073855665137e-05,1,2377.0708699016045,2379.51495215493,1
1974,1977,-0.009174670016243523,3,2448.6167784511254,2428.60014429105,3
1978,1982,-0.005592051336426434,4,2430.6052731182167,2419.443808925469,4
1988,1993,-0.016643258044190232,5,2436.1536740651004,2398.044293506398,5
1995,1997,-0.004066829774098191,2,2392.673703962851,2385.335781007836,2
1998,1999,-0.005441025975736659,1,2382.809739772833,2372.2276198232635,1
674,677,-0.0013634407329170322,3,1985.701941233333,1984.9802562644563,3
679,681,-0.004794977756576602,2,1992.4658819823883,1984.9045182795273,2
683,686,-0.0005991470503498692,3,1993.2239891123359,1994.022978827685,3
687,689,0.0037278916956091715,2,1997.4728794720452,2006.9167149111056,2
691,693,-0.00031663399189156257,2,2013.515198019598,2014.8911658627344,2
701,703,0.0009337287231384694,2,2021.4509288178372,2025.3598665413072,2
706,709,-0.005393151248192678,3,2015.3680231654237,2006.5142066188869,3
710,711,-0.004251252026270121,1,2006.701563142781,2000.1772706194936,1
712,715,-0.0017999071075991647,3,1999.2221548758919,1997.622962864537,3
718,722,0.010138696966311676,4,1997.331058521475,2019.5787239237482,4
724,725,-0.0010088388934418996,1,2026.9377728224713,2026.919856935484,1
727,729,0.004941398665424915,2,2029.031665710701,2041.0869517414594,2
734,735,0.004180793280454667,1,2051.9451504909443,2062.5758541384694,1
736,738,0.001467677845720881,2,2062.33631680288,2067.42549844228,2
739,740,-0.0014424262121893094,1,2066.932532511475,2066.018067380265,1
743,745,-0.0009170379926743285,2,2066.196923155282,2066.368338999557,2
746,748,-0.0025572132669144203,2,2068.0076406604735,2064.7873117263566,2
749,750,-0.0038399060689045974,1,2068.6803587264008,2062.80550082103,1
753,754,-0.0035970788662250076,1,2061.060215912906,2055.7074799841416,1
757,759,0.0018619505501905136,2,2050.915863076328,2056.785482859054,2
763,773,0.0032822102559904196,10,2078.6158411188417,2087.516911191945,10
775,781,-0.002962500238247734,6,2081.088890603952,2077.0047531603273,6
782,784,-0.0022173374203442505,2,2082.672143845347,2080.1368291103354,2
785,788,-0.001056368895312071,3,2077.9782299362582,2077.861096598954,3
793,795,-0.0012723250336669164,2,2077.606542950303,2077.0407586785473,2
797,800,-0.0005187890846526583,3,2073.5829778915095,2074.5808086543493,3
802,803,-0.0014994539742870794,1,2072.195723573594,2071.1607571839545,1
806,807,0.0036133148427193703,1,2074.0506868046523,2083.6189356226405,1
809,810,-0.0008582364906805049,1,2091.1098261328475,2091.4062692001726,1
813,815,-0.0036870751465579482,2,2090.484011899134,2084.8667242664833,2
816,817,-0.003756462694863726,1,2087.3053830646018,2081.551803643396,1
821,822,-0.0026063667875961573,1,2079.3493830896887,2076.009185300885,1
825,832,-0.005642896911146271,7,2068.529369827963,2058.9254012061733,7
833,836,0.0010229731875073121,3,2061.613623626646,2065.7842127102426,3
839,842,0.000852692561092748,3,2071.614810025579,2075.452875373563,3
845,849,-0.003800885813954415,4,2078.6394291492124,2072.817397459782,4
850,852,-0.0033600970810447025,2,2077.368574693428,2072.46578318404,2
853,854,-0.0022943202556965085,1,2078.4870582214035,2075.7968303207444,1
856,857,-0.00430594693361927,1,2076.031468727776,2069.1682188596383,1
861,863,0.0017119988262146893,2,2062.4730821825865,2068.066506760565,2
864,865,-0.0013107353658715992,1,2069.7570423165416,2069.113895604732,1
866,870,0.00306127740956553,4,2072.352211257821,2080.7686084780657,4
871,875,0.007405281463935323,4,2091.9531528653138,2109.5366079245136,4
876,878,0.006346237190546622,2,2120.3073522522677,2135.8836329787728,2
879,883,0.014209259487868092,4,2148.6957930849394,2181.3758649624588,4
884,886,-0.003296243906679462,2,2175.115313339498,2170.120718054917,2
888,889,-0.0014899471383718842,1,2172.3489850759515,2171.2846489071685,1
901,905,0.0022890523503245664,4,2159.860125894842,2166.9640189182887,4
909,911,-0.003259247341318687,2,2164.6989495982652,2159.80835925163,2
919,921,0.0015798348092974537,2,2153.3534039588176,2158.9087000270697,2
923,924,-0.0024362268586074712,1,2158.569563517669,2155.4693679343723,1
925,927,-0.0018813178450683568,2,2153.3812454439058,2151.4834321250605,2
928,929,-0.004417991421406597,1,2155.35701300259,2147.9900212220787,1
930,935,-0.006976821773757823,5,2156.4916987064817,2143.6027321667248,5
938,940,-0.000528451618172317,2,2133.2096053122896,2134.215516849774,2
943,944,-0.005357279758490175,1,2132.8620181454967,2123.568541646179,1
945,949,-0.008256441999167677,4,2125.722289463752,2110.2971089639204,4
951,958,0.006307000878555111,7,2116.4815554057923,2131.946687990588,7
959,965,-0.00037058772377836517,6,2139.1227541794924,2140.469144301318,6
968,969,-0.0017118106587234276,1,2150.572796425561,2149.041995786705,1
972,973,-0.002975141379731503,1,2149.337065880266,2145.091821302455,1
976,978,-0.004709535456963487,2,2139.530880795406,2131.5942151318272,2
979,985,-0.007724828415233449,6,2133.3835457956384,2119.0369075062804,6
991,992,-0.0006602695652323042,1,2134.9869107089644,2135.712230740363,1
997,1001,0.004509208591038818,4,2136.2272279505046,2147.9961493471405,4
1002,1006,0.000529753467792638,4,2144.2826206257096,2147.5628444005392,4
1009,1012,-0.0027239530609798846,3,2142.6508754545735,2138.9570459192223,3
1020,1024,0.0002614978730614353,4,2148.9442667069593,2151.6551553287377,4
1025,1027,-0.007174512897771843,2,2151.422919060965,2138.138930498661,2
1028,1029,-0.0006868162214705245,1,2142.755718058304,2143.426794390551,1
1031,1033,-0.0014665332924320778,2,2151.2351430905323,2150.2315202764307,2
1034,1035,-0.0005088289796487417,1,2150.272812848619,2151.3289645401396,1
1036,1037,-0.0023324195229065424,1,2153.5079619015974,2150.638585850425,1
1039,1046,-0.004877314975153133,7,2144.916193175885,2136.5996774996356,7
1052,1053,-0.0005118181099011629,1,2143.137858001297,2144.1840990915584,1
1055,1059,-0.00617421220623017,4,2150.260188210058,2139.1342856976507,4
1061,1062,-0.00028279294713840376,1,2144.8777394647964,2146.4160609070664,1
1064,1066,-0.0035409687651568986,2,2141.161562509035,2135.720937857545,2
1068,1073,0.0057465312637142016,5,2142.131816974567,2156.5837762487827,5
1075,1082,0.003688049232678012,7,2155.744442175182,2165.8506782531713,7
1083,1087,-0.0010064885827442273,4,2183.912312450964,2183.8981419552183,4
1088,1089,-0.0017219274226703196,1,2185.6240813661866,2184.0462194061997,1
1095,1097,-0.0035852117005507386,2,2151.9603129519187,2146.3970399717546,2
1101,1105,-0.0007868193190885983,4,2150.26505352764,2150.723448495891,4
1106,1109,-0.0006008841867293094,3,2155.2053125125312,2156.0654890336,3
1110,1111,-0.0028135004654019496,1,2156.0714039892514,2152.161367494677,1
1112,1113,-0.004229144113769547,1,2147.7989342765723,2140.8633819903926,1
1114,1115,-0.004720428243858127,1,2144.375029018565,2136.39703559518,1
1116,1117,-0.0027058677904586836,1,2131.042861810822,2127.407584432772,1
1118,1119,-0.002389185696913776,1,2130.4924843266126,2127.532834640004,1
1120,1121,0.0006812251181292912,1,2125.4080118872803,2128.9813012231384,1
1122,1123,0.00010388869055366016,1,2128.3641739185286,2130.713651059497,1
1125,1128,-0.0021591380293701926,3,2127.2178074685157,2124.7520684111255,3
1129,1137,0.004761578605032211,8,2132.43379404286,2144.719978967265,8
1141,1142,-1.7395974431456875e-06,1,2143.563932969578,2145.703767964211,1
1143,1144,-0.003635456134179617,1,2148.33171459779,2142.6698806023005,1
1148,1151,-0.0045831893096088564,3,2150.0166257163532,2142.312709127605,3
1152,1153,0.00020379159713548758,1,2154.191570406833,2156.7847681179087,1
1155,1162,0.0027631271306525107,7,2157.123563277344,2165.241093482483,7
1164,1167,-0.002784347467394147,3,2169.2918724021542,2165.4211019435947,3
1169,1170,-0.0026938981833777315,1,2167.5339417150844,2163.8623599088037,1
1171,1172,-0.0031262168158629876,1,2168.1191003887043,2163.509209098664,1
1173,1177,0.0031794567641191688,4,2170.0423532337454,2179.1119514253933,4
1178,1179,-0.00542667897862765,1,2169.791570075214,2160.1865993439587,1
1182,1183,0.0005535410166024484,1,2166.1104719538757,2169.475613418548,1
1185,1187,0.006354182703693397,2,2198.152714103587,2214.3183307737245,2
1188,1193,0.0022217754770763485,5,2211.651394283186,2218.7768385091294,5
1194,1198,0.0005043418213735217,4,2218.4030415744255,2221.740278046528,4
1199,1200,-0.002010012784104261,1,2229.791260010363,2227.539142331869,1
1203,1211,0.012984692101024788,8,2225.664365101994,2256.789595968168,8
1213,1219,0.006570187230714515,6,2262.1281074016288,2279.252840714521,6
1220,1228,-0.004314409415038637,8,2286.774924008136,2279.1956156699293,8
1229,1241,-0.002290617504165083,12,2277.657137936467,2274.7175537657595,12
1245,1247,0.0009093867637860803,2,2292.9467088770984,2297.3248309730952,2
1250,1252,-0.005653364409187087,2,2297.3307624726144,2286.6404452663937,2
1254,1256,-0.00561302687724272,2,2295.541808813877,2284.9524127519844,2
1257,1259,0.0021978308144260444,2,2294.930773368613,2302.2695737126655,2
1261,1262,-0.00019852958086208632,1,2333.0526562327345,2334.922528922996,1
1263,1266,0.009849741866632969,3,2340.707999982744,2366.1040775677193,3
1267,1268,-0.0007484776884113265,1,2375.132538999642,2375.7299378261805,1
1269,1271,-0.003935799105307001,2,2379.2994609521456,2372.314315723425,2
1272,1276,-0.004226587921746922,4,2392.9229344583036,2385.2019582203093,4
1277,1280,-0.005241204883867033,3,2386.3381755554506,2376.2172264307264,3
1281,1282,-0.00612237278099442,1,2375.3093764953155,2363.142156398715,1
1283,1284,-0.004307314779240318,1,2354.6149102214413,2346.8274575294463,1
1285,1286,-0.0014878031938204326,1,2340.594936241856,2339.4531865565173,1
1288,1289,-0.0014977288337887727,1,2348.9329144002336,2347.763782760101,1
1290,1292,0.00472562882061674,2,2361.3340722003327,2374.854194619227,2
1299,1301,-0.0013561264087764945,2,2368.336410695071,2367.4929835543558,2
1302,1313,0.002276150456013822,11,2360.8126858100677,2368.5470633672476,11
1314,1316,-0.0064537390125542745,2,2376.760594685275,2363.7983627065382,2
1321,1322,-0.0035747770832683613,1,2341.841541851134,2335.81182191653,1
1323,1326,-0.003982807789616757,3,2340.5565833354544,2333.5751529266427,3
1327,1331,0.014184900979639991,4,2335.202855237754,2370.662679361912,4
1333,1334,-0.001318136472405773,1,2407.8778824454967,2407.1118486699916,1
1335,1338,0.0027292127518614945,3,2418.283035862942,2427.3013277978926,3
1339,1345,-0.002853097523778039,6,2433.1054543105947,2428.596672618121,6
1346,1349,-0.003424485665333165,3,2424.4178655836668,2418.5398992217815,3
1355,1357,0.009088465223290265,2,2431.4811346989713,2456.0110475674683,2
1359,1362,-0.004906586093613827,3,2470.1661409438825,2460.5162242487554,3
1363,1365,-0.001459018423269351,2,2457.9270300183007,2456.7987962284706,2
1367,1369,-0.0018883002169650888,2,2468.8346376243726,2466.64157128012,2
1373,1374,-0.004584984599018402,1,2474.5527865389217,2465.6815529097216,1
1377,1379,-0.009030594063650053,2,2462.3014298975786,2442.527686651726,2
1381,1382,-0.004756062641974703,1,2451.7720990998578,2442.563089511793,1
1391,1393,0.0034238739951419107,2,2428.40818868379,2439.1511605192977,2
1394,1396,-0.00020506468100949416,2,2443.70641198125,2445.6490005173773,2
1398,1401,0.0002684842141535352,3,2460.045012041731,2463.165540305613,3
1404,1407,0.00030067107048792016,3,2462.827651734249,2466.030980412457,3
1408,1409,-0.0056510984548213735,1,2472.1830434805997,2460.6846767470315,1
1411,1413,-0.0048476048638112995,2,2457.361323946298,2447.9063685641404,2
1414,1423,0.00873451207125972,9,2449.5913780121573,2473.4369548510704,9
1424,1430,0.0055935416538289455,6,2482.992706676133,2499.3644225137555,6
1432,1433,0.0015136922629716129,1,2515.633600215418,2521.957128932751,1
1438,1447,-0.005465543719789756,9,2516.260899057446,2505.0244260023073,9
1449,1450,-0.005754887453494229,1,2506.738071338688,2494.818813934083,1
1451,1455,-0.0002056398992825103,4,2494.0030380655853,2495.984174570093,4
1458,1460,-0.008709070657066092,2,2458.042439858488,2439.0932170115516,2
1463,1468,-0.0046423517445132855,5,2421.799596441597,2412.978550456636,5
1472,1474,-0.0012630516316866499,2,2436.1460680483874,2435.5052358501603,2
1475,1480,-0.011542899259552951,5,2416.325485183325,2390.8504090147467,5
1483,1486,0.001431208799935176,3,2369.2605000087697,2375.02066698573,3
1487,1489,0.0004431555351613948,2,2380.019908051963,2383.4546469560623,2
1490,1491,-0.002173340152718086,1,2390.2806773173934,2387.4760650224307,1
1493,1495,-0.009267892204560035,2,2388.2763094813067,2368.530298399811,2
1496,1500,0.006633542711347367,4,2382.8546295682763,2401.0442521580176,4
1503,1504,-0.002007082088572464,1,2420.3504639491125,2417.9129723488013,1
1506,1508,0.0013410264176666547,2,2419.7402727791614,2425.4049486816293,2
1515,1518,-0.003508295347200416,3,2427.763826695672,2421.6742779850697,3
1520,1521,-0.0011367748359863068,1,2442.3392211631967,2442.005170616799,1
1522,1527,-0.0049033822550931415,5,2448.618127971344,2439.0602354211214,5
1529,1531,-0.005216670681405784,2,2434.323035876739,2424.058297302287,2
1534,1535,-0.0008354560934000946,1,2433.001726106174,2433.4020617149517,1
1536,1537,-0.00021024042800875603,1,2453.7545852943663,2455.69246146542,1
1538,1539,0.0019766330990052044,1,2452.808523597071,2460.1096346339323,1
1540,1541,0.0017022322115694734,1,2471.1792401860366,2477.856940329429,1
1543,1544,-0.0013070899174402626,1,2481.7849339614186,2481.022802830944,1
1545,1547,-0.0014973697243677786,2,2483.5900688328566,2482.3548063248786,2
1551,1553,-0.0019524457381263308,2,2485.4879148692758,2483.120622497594,2
1555,1557,-0.003644216234786618,2,2480.9802077397953,2474.4199595963055,2
1560,1561,-0.0012653121077737515,1,2474.7750393120377,2474.118451530092,1
1564,1565,-0.005393494574244327,1,2469.937457602248,2459.0858007835495,1
1566,1569,-0.0014301544317629408,3,2466.327836044587,2465.266934195732,3
1573,1577,-0.008758222357820583,4,2445.463588920575,2426.4911386297754,4
1578,1579,-0.002339408672618182,1,2423.050030099631,2419.8045758751277,1
1582,1583,-0.002510781940824187,1,2408.2886654174263,2404.650266393422,1
1589,1591,0.0012212866028391695,2,2400.7867889099134,2406.1196244403923,2
1594,1598,-0.01828425004426087,4,2391.4586584450312,2350.1240890219547,4
1608,1613,0.00671060455261986,5,2356.2912361175904,2374.459666050097,5
1617,1618,-0.0018547677364984573,1,2385.2069820133,2383.1681840402043,1
1619,1620,-0.0017702019271515124,1,2387.9988597667843,2386.1596184429563,1
1626,1627,-0.003439558317509167,1,2373.4039450499563,2367.6138877150006,1
1628,1631,-0.020146137902380984,3,2368.217592011894,2322.8753714123895,3
1635,1637,-0.0016013651767862755,2,2289.754033464906,2288.3770551257744,2
1640,1641,-0.0031919294177305984,1,2282.7964487785475,2277.792720087779,1
1642,1644,-0.027054396582057237,2,2259.8160820326,2200.937937628812,2
1646,1647,0.008349691746584259,1,2123.732645674386,2143.588891263599,1
1648,1652,0.00891075298274148,4,2148.3929766079327,2169.6851687089506,4
1664,1667,-0.02486652418182764,3,2193.75362368059,2141.396349772045,3
1669,1674,0.002447609882783869,5,2118.5265173507482,2125.8303703089064,5
1679,1680,0.0034052521301523534,1,2066.574969331486,2075.678753117253,1
1683,1689,0.013321286661160777,6,2106.703693883426,2136.8744013936566,6
1690,1691,-0.0038906432395031214,1,2139.0640652712727,2132.8807941921323,1
1693,1694,-0.004911764435574806,1,2147.4860738557486,2139.0856142061475,1
1695,1701,0.0008535478475443724,6,2152.7017764552506,2156.691912199404,6
1706,1709,0.010131727953787726,3,2157.0779538378124,2181.089958795048,3
1711,1714,0.006833934373094618,3,2197.1614690194965,2214.3738877748874,3
1715,1717,-0.0036748567839078074,2,2219.078500969642,2213.1427837872993,2
1719,1723,0.004820661159987702,4,2221.125922794687,2234.05434418494,4
1724,1726,-0.00041936327781663587,2,2236.184447279406,2237.4828580870717,2
1730,1732,0.004647805832645663,2,2246.6992682673995,2259.388189498921,2
1734,1738,-0.002418599628514019,4,2250.858754075409,2247.66568668304,4
1748,1750,-0.00522716764743946,2,2256.1530553565863,2246.615918153311,2
1751,1753,0.002138137009223709,2,2243.4243056119426,2250.4644784527754,2
1757,1758,-0.0006500739847151807,1,2263.143387236289,2263.935319983803,1
1760,1763,-0.007155122154840361,3,2258.177472373429,2244.2781141836617,3
1768,1770,-0.003579444191785573,2,2216.6033256858427,2210.88572111191,2
1774,1776,-0.0014682512234730025,2,2242.0569004511267,2241.0070545643944,2
1780,1782,-0.005002325459798738,2,2222.360694433118,2213.4660836449325,2
1784,1785,-0.010437666886804246,1,2184.8411663775973,2164.2213632487487,1
1788,1790,-0.015444655005092286,2,2142.184268451718,2111.2411557365967,2
1792,1793,-0.0014220672524235115,1,2118.9958390218976,2118.101480270225,1
1794,1795,-0.006672314838299959,1,2125.677133921204,2113.619623973028,1
1798,1799,0.0016216345822682048,1,2140.6204016521156,2146.2323261245956,1
1801,1802,0.002820486357105867,1,2161.408692984188,2169.666325407864,1
1806,1808,0.0028599307931022277,2,2173.9639971803103,2182.3553477561222,2
1811,1813,-0.007200884033169199,2,2206.418570519352,2192.7368248349308,2
1817,1823,-0.020859178918210493,6,2196.7058947497353,2153.0811193552126,6
1828,1829,-0.0008390734888991966,1,2111.290003387918,2111.6297659220854,1
1830,1833,0.007977743335264267,3,2110.360530986133,2129.3068061781987,3
1835,1839,-0.014899879779336846,4,2127.7877965087537,2098.211801941342,4
1840,1843,-0.005325808325121558,3,2088.311862613664,2079.2782257729195,3
1846,1853,0.008743769937676487,7,2122.568410181008,2143.2502284467914,7
1854,1859,0.007590345524428963,5,2157.6737147055483,2176.208877443847,5
1860,1868,0.007713501592304941,8,2187.0361413076707,2206.0928842073836,8
1872,1876,-0.009375642236051425,4,2187.707483424711,2169.384028226413,4
1878,1879,0.0032551225587991632,1,2202.1114809153423,2211.481735154776,1
1880,1881,0.005624771265161607,1,2228.269355986029,2243.0311307866054,1
1883,1884,-0.001953751759995629,1,2262.829522117395,2260.6713444781053,1
1886,1893,0.011335423571967946,7,2285.9642025217527,2314.1625392302144,7
1895,1899,0.0017501582988685392,4,2317.5496358356836,2323.923264199717,4
1901,1905,-0.006380907601021272,4,2336.7123489365213,2324.1387156967285,4
1908,1909,0.0023738382612579364,1,2328.1667808869515,2336.0216390508976,1
1911,1912,-0.008344556686597008,1,2338.9330805901895,2321.754653993638,1
1915,1919,-0.0008720133472802183,4,2313.189728875427,2313.4857862859317,4
1921,1922,0.000926491519973642,1,2320.0174096706783,2324.4869035366,1
1924,1928,-0.0016582370327916495,4,2306.224559384247,2304.706516973327,4
1932,1935,0.004703327101104535,3,2305.5563013790356,2318.705643115813,3
1937,1940,-0.011278566932302354,3,2314.805761142531,2291.0128751913485,3
1941,1946,0.0010762552681798819,5,2292.8313827991983,2297.5918860367833,5
1950,1959,0.015518114811994457,9,2291.878937439492,2329.7364568633093,9
1965,1967,0.0003103886259849503,2,2385.465708641305,2388.5915957735856,2
1972,1973,-7.0188068935226125e-06,1,2433.422502375241,2435.8388451549818,1
1974,1975,-0.00279459944861287,1,2448.5122113837356,2444.1181127192644,1
1977,1985,-0.0076605719028751415,8,2428.178212118959,2412.005156544146,8
1991,1994,-0.008601296548587949,3,2410.3967230993244,2392.074582807302,3
672,676,0.0007735487614896925,4,1981.8402631700794,1985.3551535142951,4
677,678,-0.0033261516318224475,1,1991.8613177070636,1987.2279462525153,1
685,686,-0.00248524815871,1,1996.6929888048955,1993.727404219764,1
692,693,-0.00286586639318748,1,2017.5627144582647,2013.798211993209,1
695,697,-9.681085092618034e-05,2,2012.7001391860344,2014.5179881120866,2
699,701,-0.0029416995551281777,2,2021.244510762163,2017.3198611948108,2
702,703,-0.00023355242467892922,1,2024.2248975472894,2025.776359811919,1
704,706,-0.010221170279807838,2,2033.3813947993176,2014.63123871408,2
707,709,-0.006624684412970463,2,2020.233135093714,2008.869961268186,2
712,713,-0.001947318358522012,1,1995.4795517324105,1993.5891973189991,1
714,715,-0.00030094688619802996,1,1996.4347517071553,1997.8303656368387,1
718,719,-0.002161801380224696,1,2001.8802251135605,1999.554437904979,1
723,726,-0.0013463448658360229,3,2026.4344878394245,2025.7326426586083,3
733,736,0.008232885600116261,3,2048.290403617105,2067.2020345895176,3
739,752,-0.005802560596430441,13,2071.096458621987,2061.1498923784025,13
756,757,-0.001688116817518974,1,2050.2281923803544,2048.817395881426,1
758,763,0.009584431855336976,5,2051.99325114253,2073.7124338768594,5
766,767,0.0024845054839453405,1,2079.4574789739563,2086.703359963072,1
769,771,-0.0038793178021178337,2,2093.4897194406835,2087.4618972229473,2
774,775,-0.003988582805340157,1,2085.8312573800463,2079.5975779493992,1
776,779,-0.0014824256392811275,3,2080.638419902279,2079.634666582445,3
781,786,-0.0046524576935415346,5,2077.342706978626,2069.7553006263997,5
787,788,-0.0021484623356268955,1,2078.094581334454,2075.707967977921,1
790,791,-0.0049716433872577384,1,2078.710431995615,2070.454535454356,1
793,794,-0.0003943183061556148,1,2077.498825516315,2078.7571285239133,1
795,800,7.465409654957168e-05,5,2071.5521099566076,2073.7783119177884,5
803,804,-0.0038152845971017157,1,2074.934263016234,2069.092732545566,1
810,812,-0.0064923283179025406,2,2094.557639277095,2083.0536410414143,2
813,818,-0.00425085045744112,5,2086.2471662120324,2079.465088657417,5
821,825,-0.008259612193145022,4,2079.8367982826335,2064.737989702069,4
826,827,-0.00262173514353341,1,2069.9832902981257,2066.6263256497223,1
828,829,-0.003889088390885957,1,2068.0503529182533,2062.0755726518696,1
833,835,0.0026586207453297233,2,2062.7905742581747,2070.3375426464263,2
837,838,-0.0006073338260187229,1,2073.214067448141,2074.02814848385,1
841,842,-0.0019177843463185334,1,2073.6450718351766,2071.7419128484257,1
844,846,-0.0017861554231155506,2,2080.100706788498,2078.4654243372297,2
847,850,-0.0007635041125674302,3,2077.037141677411,2077.5283524194624,3
851,854,-0.001295554234303711,3,2075.542313084705,2074.928877765596,3
856,859,-0.0075196985804164215,3,2078.50152408598,2064.950320650003,3
860,861,-0.002796001310577322,1,2067.5099126525706,2063.796662139815,1
865,869,0.0007937954679538295,4,2069.6581045404146,2073.370647868553,4
871,872,0.000826202148945465,1,2088.8574832594054,2092.6721592841745,1
873,876,0.011618381686775835,3,2095.03815108895,2121.4741421277477,3
879,881,0.01034306183240305,2,2148.720852157054,2173.0939256436454,2
884,886,-0.0024575125557838914,2,2175.4457765941747,2172.2750370603617,2
888,889,-0.000795174263566407,1,2172.237465398564,2172.682395537123,1
890,891,-0.002055731697491827,1,2169.665715497024,2167.3751306282124,1
899,900,-0.002262425556548363,1,2163.206410083935,2160.475523027756,1
901,905,0.0009881309198896725,4,2165.9987449105693,2170.305033987768,4
907,908,-0.0035133607309076756,1,2164.7285018986036,2159.287758288855,1
914,915,-0.006487397180484151,1,2155.3467264994624,2143.5194829495035,1
916,917,-0.002235494623857602,1,2143.5331068459463,2140.8847832163774,1
919,927,-0.001885519756055397,8,2154.5645147159807,2152.656605272504,8
928,942,-0.012132050899386692,14,2158.4935934375594,2134.4651328894124,14
947,950,0.0018478454658252125,3,2105.7790713632717,2111.776004743683,3
955,956,0.0009815094802727146,1,2117.9548841405717,2122.151631822286,1
962,963,-0.0027587923540070745,1,2139.380767313124,2135.618040777264,1
966,967,0.0006558770904174958,1,2145.2889272358507,2148.841262022787,1
969,974,-0.003405957769740377,5,2150.788558918408,2145.6138524740095,5
976,977,-0.004159485680910386,1,2141.1780388497355,2134.41301749571,1
978,979,-0.0027439358189038734,1,2133.6910016838015,2129.969981519492,1
982,986,-0.0011789474156937156,4,2126.832215330993,2126.4516242024456,4
991,996,0.0010942222023080628,5,2133.460536947191,2137.928477371414,5
998,1000,0.0015887853301526228,2,2138.7009529018474,2144.237590554303,2
1002,1007,0.004170416334952246,5,2140.326459610306,2151.3928384992055,5
1008,1013,-0.004526986117500808,5,2143.9575986689206,2136.395889981905,5
1014,1016,-0.0020393657142438273,2,2133.83108539065,2131.6132545205073,2
1017,1018,-0.0001789813193467007,1,2138.0675787246378,2139.82297214727,1
1019,1023,0.002452616903745947,4,2142.6594067567207,2150.0571888434592,4
1029,1032,0.00396579405433693,3,2140.3317208030408,2150.960167336513,3
1035,1036,-0.0013113883624441599,1,2153.0040133290345,2152.3335929349882,1
1037,1039,-0.004120863783222133,2,2151.7819880445218,2145.066569568644,2
1040,1042,-0.0035532343688643234,2,2146.8752333682796,2141.39375773678,2
1044,1047,-0.004639409208851393,3,2142.467123096448,2134.6698085189896,3
1050,1051,0.00045186038334186357,1,2141.8256581104597,2144.9352899314954,1
1053,1061,-0.00135623593243818,8,2144.554185280244,2143.7902180203864,8
1062,1064,-0.006085259680739322,2,2148.5015709726295,2137.5758825597572,2
1067,1068,-0.0032329598265652725,1,2139.457189863566,2134.6798679079443,1
1082,1084,0.007195576147979111,2,2163.5216998238525,2181.253006662564,2
1085,1092,-0.005331403916731926,7,2187.206905012495,2177.733228457421,7
1095,1097,-0.006371610535716495,2,2150.2024463812554,2138.6523962663505,2
1098,1099,-0.0003281407689962846,1,2137.800209978794,2139.23651078391,1
1100,1102,0.0009351971325509511,2,2145.2879149707815,2149.439469992329,2
1103,1105,-0.0008494440816265885,2,2148.9758021665007,2149.299343191958,2
1108,1110,-0.003078968591693092,2,2156.635195679427,2152.1516188438695,2
1112,1119,-0.011159153994797829,7,2146.5405335699493,2124.7334977333367,7
1120,1123,-0.00015886456163310405,3,2127.545414273103,2129.334968117783,3
1128,1130,0.002590864055819809,2,2127.216154992259,2134.85469902218,2
1131,1135,0.0033086570846947534,4,2133.502315606782,2142.6948454741337,4
1139,1142,-0.003839107104500331,3,2148.0548402257386,2141.9562824679974,3
1143,1144,-0.0029362557831274193,1,2147.2540341315666,2143.0964010901357,1
1145,1149,-0.0012986772331693218,4,2144.956816254067,2144.3161664869203,4
1150,1151,-0.002150049950012968,1,2146.589225661244,2144.120540829574,1
1155,1156,-0.002217903783980496,1,2161.397402610223,2158.765028534898,1
1161,1163,-0.0019131395378286348,2,2168.1991199677354,2166.2192516254077,2
1164,1167,-0.002859874371947458,3,2167.6132022268357,2163.581713983719,3
1174,1177,0.0036869165998051553,3,2164.8665200353284,2175.0130688644444,3
1178,1179,-0.0034355970820731177,1,2169.494982943968,2164.2109672939373,1
1180,1183,0.001506543446788466,3,2162.6655209531305,2168.086336042271,3
1184,1185,0.0036478159181818678,1,2183.2731263601922,2193.420577950628,1
1186,1190,-0.0016724873264513007,4,2209.7093076613933,2208.2233061568495,4
1191,1194,-0.001043705472038552,3,2214.501781572271,2214.404995726577,3
1195,1199,0.002961842910370248,4,2217.539550650428,2226.325093997638,4
1201,1204,-0.001634209220415457,3,2227.8327176330204,2226.4198055819543,3
1206,1209,0.007094231569771335,3,2228.632924755596,2246.6719957325845,3
1215,1216,0.0014536734012567097,1,2275.6225382132343,2281.2061727065484,1
1217,1218,-0.00576231320192849,1,2285.658460266796,2274.7734388063677,1
1219,1220,0.00260654870090476,1,2279.9169639539673,2288.139595518486,1
1222,1228,-0.00992937467010652,6,2297.6327974369087,2277.1163733342696,6
1229,1230,0.0018850095931335475,1,2275.592016241544,2282.157121038459,1
1231,1234,-0.0009263915982944473,3,2296.9449905252345,2297.1140649747927,3
1235,1240,-0.009882147397781087,5,2296.447673464828,2276.050286737822,5
1241,1243,0.0031891626328964676,2,2279.5304148598534,2289.0797384943353,2
1246,1247,0.0006779429947208887,1,2296.6523865791614,2300.506038362531,1
1249,1251,-0.0025700270819475858,2,2300.897938119933,2297.285466044287,2
1252,1254,-0.0013926688558514595,2,2289.6508592282985,2288.751784645106,2
1256,1257,-0.0019840599730848152,1,2292.087485564589,2289.831934015236,1
1260,1262,0.007126798876993248,2,2316.0921146453056,2334.914529441618,2
1263,1265,-0.0008527908673922322,2,2351.868096096943,2352.2143125593775,2
1268,1269,-0.004122908540396281,1,2378.4153982830717,2370.9878245231635,1
1272,1275,-0.004233618653548776,3,2387.994643115642,2380.2727790930885,3
1276,1277,-0.0013680410265428608,1,2386.3657145715915,2385.487434084294,1
1284,1289,0.0007368596681346386,5,2347.2947510233266,2351.371672605603,5
1293,1295,0.0014737515315874192,2,2379.419209795979,2385.3053017105003,2
1296,1298,-0.006168896509294053,2,2387.915750962168,2375.5728615725316,2
1300,1305,-0.023756780835008626,5,2374.222169898449,2320.1925163244514,5
1307,1310,0.0032608838992387625,3,2334.4855158805,2344.432487628121,3
1314,1315,-0.0010877797694291906,1,2370.2166638563995,2370.008606784149,1
1316,1319,-0.016154058290996837,3,2368.3679271223573,2332.4775415002177,3
1320,1321,-0.000651178006872293,1,2338.1824642213564,2338.9980736888224,1
1322,1327,-0.003761129045141717,5,2342.1670028839953,2335.69997754376,5
1332,1337,0.014042189736001739,5,2390.22097905102,2426.1751365288774,5
1339,1341,0.00043487322593005104,2,2433.0615228686097,2436.5526577048145,2
1346,1347,-0.006322668785091148,1,2430.67221805173,2417.7345549099177,1
1348,1357,0.010884557082689084,9,2420.6949015532086,2449.463788290492,9
1358,1360,0.0006285706559292135,2,2468.325078616135,2472.3449204084636,2
1363,1364,-0.0020595076979970568,1,2457.4483868047173,2454.8447013214673,1
1367,1368,-0.0013295155052295842,1,2468.976339821978,2468.1627738359616,1
1369,1370,-0.0034469714903713816,1,2473.117220843748,2467.0655735119967,1
1372,1373,-0.0008951717047645767,1,2471.0510905196866,2471.3101265929454,1
1375,1376,-0.004444074769937719,1,2472.1362842962935,2463.622062091701,1
1377,1378,-0.005287685701534253,1,2459.6147807657317,2449.06872563896,1
1384,1386,-0.005192785109976055,2,2443.765623207179,2433.5194390899246,2
1387,1388,-0.0016196485192100313,1,2421.8365338910944,2420.3358464691,1
1394,1397,0.0017799616894081326,3,2442.738366025656,2449.5290851004547,3
1399,1400,-0.0027202828922124295,1,2465.422697986053,2461.1814734966356,1
1401,1404,-0.0015103131084106,3,2462.478918235091,2461.222282963931,3
1406,1409,0.0017449063694544476,3,2456.393949549353,2463.13652094736,3
1412,1418,0.0022641604997443165,6,2451.9725170665897,2459.976148903257,6
1419,1422,0.0022862716936547997,3,2460.4252706116868,2468.510896532851,3
1426,1427,0.003092483298260668,1,2486.781355347149,2496.9584665103334,1
1428,1434,0.01327568326010757,6,2493.671007910381,2529.2698653742227,6
1436,1437,-0.005219783625364742,1,2529.726983512101,2519.0520830104333,1
1439,1442,0.0034312633251569746,3,2519.2314501527553,2530.3948280853992,3
1443,1448,-0.009824249402193331,5,2526.848445814293,2504.550904926883,5
1451,1452,-0.0011899323482049905,1,2497.5658704629654,2497.091501912392,1
1455,1458,-0.0190683676548383,3,2495.2795628817257,2450.1939343379745,3
1466,1470,0.0040674249435479716,4,2411.2175293390237,2423.4361931915164,4
1473,1476,-0.01834492995071586,3,2439.0961475486984,2396.7901957264053,3
1480,1481,-0.0026198073020410207,1,2391.196074950977,2387.3227980881597,1
1483,1485,-0.0010172006163155247,2,2370.440641511992,2370.3998684720186,2
1486,1487,0.0014073507559466997,1,2376.119814242806,2381.8399680738435,1
1489,1490,0.0016615318590517143,1,2382.03840184258,2388.3782729385684,1
1491,1492,0.0027609428667824437,1,2382.1057492201326,2391.0647128455835,1
1493,1494,-0.007895648573547956,1,2386.2641933008003,2369.809354020157,1
1495,1503,0.020157790272451723,8,2368.076816674949,2418.1800893112127,8
1505,1507,0.0032840105515891532,2,2413.6163951119297,2423.956353216078,2
1509,1511,-0.00026264970294156043,2,2426.6563455914265,2428.445641368707,2
1516,1520,0.005576083512360773,4,2421.1677293041885,2437.0895304895257,4
1521,1522,-0.0007800441284457854,1,2445.6197262780656,2446.1576546964493,1
1523,1529,-0.009267797201426422,6,2450.413989679732,2430.1544637535217,6
1534,1540,0.013174711354867367,6,2432.342767309083,2466.8205239517883,6
1541,1544,0.0013408729830975477,3,2476.456831094098,2482.2539019838136,3
1552,1554,-0.001770364299082225,2,2480.958017193097,2479.0467757091296,2
1555,1556,-0.005279277749577261,1,2484.624041161808,2473.9916447863993,1
1558,1559,0.00045310515216526854,1,2475.5179283444904,2479.1151162004453,1
1563,1564,-0.0031429810901719792,1,2466.574130990986,2461.288309270765,1
1567,1568,-0.001991201586614681,1,2464.637557798566,2462.194605140846,1
1572,1581,-0.020347105610625804,9,2457.520513508281,2409.974604593157,9
1582,1583,-0.0003218320482480096,1,2406.1644536887006,2407.796237307837,1
1586,1588,-0.006960170649081655,2,2413.8801484746227,2399.4930108632834,2
1596,1598,-0.009965941632615969,2,2374.265101962047,2352.9775796374984,2
1601,1602,-0.0028171644216339687,1,2356.5782040519516,2352.2959139827503,1
1607,1609,0.00565594650048198,2,2349.9683938894887,2365.6096577970407,2
1615,1616,-0.001336183944018793,1,2378.8507105574163,2378.050979143309,1
1621,1622,-0.0006118760935349375,1,2387.6860922694964,2388.6128103230403,1
1624,1625,-0.005824027451718588,1,2392.1425254851592,2380.6027642737954,1
1628,1631,-0.01901036303963528,3,2370.5834422882626,2327.8883738769027,3
1632,1633,-0.012129781220851312,1,2314.62033142204,2288.8591135239785,1
1635,1639,-0.0010198670696521161,4,2287.212079157261,2287.1666389555753,4
1642,1643,-0.009603272419186057,1,2262.1916122164603,2242.7293615121644,1
1645,1646,-0.01402434445924185,1,2151.8842156093974,2123.857334348895,1
1647,1651,0.005092106118069213,4,2144.887300031696,2157.9541810747883,4
1653,1654,0.0004978938355587796,1,2173.284998147565,2176.5403483492028,1
1655,1657,0.005976608374922405,2,2181.3750651493438,2196.5936646977116,2
1663,1670,-0.043575595493838236,7,2205.104537635477,2111.2208988194816,7
1671,1673,7.660465113278601e-05,2,2121.776206001484,2124.060520133528,2
1677,1680,-0.0103089992306402,3,2093.8691076961054,2074.377281783501,3
1682,1684,0.004220536669184101,2,2100.9101709574416,2111.8780495435867,2
1688,1689,0.0014376122407502032,1,2130.547443666079,2135.7408921942583,1
1690,1693,-0.003465505046428011,3,2141.0167701269647,2135.7380824757297,3
1694,1695,0.0008460440921138959,1,2141.293686647129,2145.246609206845,1
1698,1701,-0.005973956015292868,3,2166.006256624312,2155.2326367750134,3
1702,1714,0.023513150054588844,12,2155.679168801669,2208.521655736056,12
1719,1724,0.007701721180435173,5,2217.3619044114516,2236.656769459759,5
1726,1729,-0.0037492363775082985,3,2235.3968314229346,2229.25119713582,3
1733,1734,-0.003849151610227673,1,2256.3622964520114,2249.933578181818,1
1738,1739,0.0009619565404015932,1,2249.0833639933558,2253.495967809251,1
1741,1742,0.0013656835373191448,1,2254.7246863678783,2260.058651439606,1
1743,1745,-0.003041668439491878,2,2265.9977848486233,2261.3713686873393,2
1747,1750,-0.0055228558472715135,3,2257.6001329206565,2247.3893329586754,3
1751,1752,-0.001772916671337118,1,2247.8075711152333,2246.0702031695605,1
1753,1754,-0.0015276751070938813,1,2251.589474976707,2250.4013672593674,1
1756,1759,-0.002042989279006431,3,2265.348142522804,2262.985408696936,3
1764,1766,-0.0028478473052018193,2,2240.821367094151,2236.6806713695273,2
1767,1769,-0.008315271204112226,2,2232.859208073639,2216.525237405981,2
1773,1775,0.00407823681416251,2,2229.779861665195,2241.1032118461812,2
1777,1784,-0.025741022503405292,7,2239.377550571908,2183.973060199588,7
1785,1788,-0.015769843168376294,3,2167.2357280792753,2135.2259962666426,3
1793,1795,-0.00529653196983042,2,2122.963520573086,2113.84213993616,2
1798,1809,0.026775752278147127,11,2136.1286858585772,2195.461267071229,11
1815,1817,-0.004850878988615987,2,2201.2916101051733,2192.8147024960026,2
1820,1822,-0.012647673455274521,2,2181.063259370952,2155.6589467405024,2
1823,1826,-0.028069372515703333,3,2154.3171877003997,2096.001173229555,3
1827,1828,0.004159240631874419,1,2098.7105944167047,2109.5383473899647,1
1832,1833,0.0018691846535623452,1,2123.0841331540896,2129.175653567157,1
1836,1837,-0.000915310586299969,1,2117.7361755960546,2117.915525431137,1
1840,1844,-0.004350490269169427,4,2087.136609629879,2080.1436787288867,4
1847,1848,0.0017084349492462229,1,2124.5342909817537,2130.2884539063207,1
1852,1854,-0.0007561463067227533,2,2151.4755966278835,2152.000241898117,2
1864,1870,0.014585973180753043,6,2175.819634185907,2209.7319006504845,6
1876,1878,0.010187127331086603,2,2169.9782729608796,2194.2540962061844,2
1879,1880,0.0038054118290659833,1,2213.452484107185,2224.089034857389,1
1881,1886,0.013536254312051282,5,2245.7871714163166,2278.4325048707665,5
1889,1892,0.006163114777632321,3,2289.6164836123326,2306.0172692812066,3
1896,1897,-0.0020011775091085364,1,2313.801632610731,2311.4851064556224,1
1899,1902,0.0056580790187798395,3,2320.681129181845,2336.132407517329,3
1906,1907,-0.000709328551391505,1,2325.389999393973,2326.0659238736766,1
1908,1917,-0.007478152875034932,9,2329.964657613834,2314.870790368383,9
1919,1923,0.00021746259691116294,4,2314.4347240953725,2317.252461804951,4
1925,1929,0.0020935612280683453,4,2297.069293265265,2304.175417769097,4
1931,1932,-0.002484411362065086,1,2306.0379977760745,2302.614888770822,1
1943,1944,-0.004231206488799705,1,2294.6288082083984,2287.2143887139287,1
1951,1952,-0.0024346931795856653,1,2278.3662969923535,2275.0975404054607,1
1953,1956,-0.006039389911549687,3,2272.1437407491,2260.693522504378,3
1957,1964,0.04458301440547508,7,2276.3772181149325,2380.1413536405607,7
1969,1976,0.0009167984300813214,7,2431.7001004615986,2436.361179396592,7
1979,1980,-0.0041795117385693085,1,2424.709338306455,2416.999946502691,1
1981,1986,-0.0020887977247763916,5,2422.8413287981784,2420.2033446718888,5
1995,1999,-0.007494271942604218,4,2386.0825368334185,2370.5866679617234,4
672,675,0.0037468092706258015,3,1975.317600696927,1984.6940565963455,3
677,681,-0.0022751428495565254,4,1992.202082197053,1989.6617399570678,4
684,687,0.0037422476967561525,3,1991.3402269201688,2000.7836555247388,3
688,690,0.004353669405000132,2,2002.2407451790953,2012.9600801980052,2
693,694,-0.002567751552056654,1,2017.894803583696,2014.7312458734907,1
695,699,0.00015002324750529425,4,2018.8858891842397,2021.207654890862,4
700,702,-0.005992403099756325,2,2031.6496159711357,2021.5068021307427,2
703,710,-0.01126789357865108,7,2027.0578400826787,2006.2442259029394,7
712,715,-0.001775441487219855,3,1998.525531001079,1996.9757913910726,3
716,723,0.010922212503859219,7,2000.9525229898363,2024.8083041790544,7
724,725,-0.000493922304014984,1,2027.9471424228898,2028.9734412403066,1
727,728,0.0010906524580989192,1,2032.3058452120797,2036.5546904229811,1
731,737,0.011527426417732776,6,2046.1455146923868,2071.7784520676696,6
738,742,-0.007123520759176344,4,2074.711721986612,2062.0071816877203,4
743,744,-0.0013797693398394995,1,2063.0595167143347,2062.2760299636225,1
745,746,-0.0019129406969000226,1,2067.887541449637,2065.999682756435,1
748,750,-0.003141152159868183,2,2069.7594773460646,2065.3278073707374,2
753,758,-0.0057718218046284575,5,2060.6027058601962,2050.769876937696,5
759,762,0.004658760534651727,3,2059.2222803799086,2070.874926152198,3
763,764,-0.001079332768244456,1,2075.1357338108046,2074.9711075485584,1
766,775,-0.002119775958059902,9,2081.256596371337,2078.9260552721666,9
777,778,-0.0021037720179148066,1,2082.9897272177936,2080.6905814432866,1
779,780,-0.003068926634025022,1,2081.2192999017616,2076.913409860948,1
782,783,-0.0058953056584964145,1,2081.6055305966433,2071.415435263956,1
785,787,-0.0022555337154693783,2,2077.986399029396,2075.377417045128,2
789,790,-0.0030531426621348353,1,2079.5437453147233,2075.274145333442,1
794,796,-0.0063340534783901375,2,2081.0098739628665,2069.9096560060907,2
803,807,0.005369214526976222,4,2069.9833152395795,2083.167483041602,4
808,810,-0.0015037446344212222,2,2088.9747882265942,2087.922478385584,2
816,818,-0.006487780341107199,2,2085.1486522941545,2073.7058145118085,2
820,822,-0.00351272696646538,2,2081.3996650807217,2076.1696760142813,2
825,833,-0.005417428802269731,8,2069.8339943429537,2060.690650040426,8
836,838,0.0012253016268519786,2,2069.13772187319,2073.742177411855,2
841,842,-0.00190406713688825,1,2078.001423284815,2076.122770487616,1
844,846,0.00014736460238529148,2,2074.547107558061,2076.9273694752537,2
848,858,-0.006203033988475845,10,2078.8246903983504,2068.008494878125,10
859,865,9.338401100488728e-05,6,2068.5248986332585,2070.7865906837897,6
866,867,-0.00167320459969176,1,2069.282847686916,2067.8897969557897,1
870,874,0.006123269358206301,4,2082.965904160565,2097.8034313598605,4
878,880,0.009488765444232043,2,2135.440590661132,2157.838726136669,2
881,882,-0.002730138269131729,1,2175.1773647210202,2171.4140071201673,1
883,886,-0.009253431578060484,3,2183.952079161969,2165.9269801068426,3
894,899,-0.0013636649946282293,5,2164.717788440003,2163.9305563570983,5
903,904,-0.00022071035510218837,1,2164.9549734598336,2166.642100452321,1
913,915,-0.006564190658243329,2,2161.086683075269,2149.0619847416474,2
924,925,-0.0018509179784886181,1,2159.5969368758583,2157.7592970159817,1
926,929,-0.005466934001055215,3,2160.514261549284,2150.863386934605,3
930,932,-0.002310343553430865,2,2152.655680607646,2149.8349621138054,2
938,943,-0.004468867452736843,5,2137.0043132184906,2129.5913285100087,5
944,947,-0.011564233157104697,3,2128.0575504535054,2105.5762543187775,3
949,950,-0.0004183407524601775,1,2112.8305609886206,2114.0595084229044,1
952,956,0.002119083806697122,4,2117.520050007807,2124.124772506143,4
957,958,-0.0014577213087767086,1,2131.9044094180313,2130.9285913415656,1
960,962,0.0010973335273302019,2,2135.4705449107682,2139.9493388812357,2
967,970,-0.0014706863373689948,3,2150.5215572695943,2149.50933615437,3
971,976,-0.006538830203604841,5,2148.5349718508296,2136.634601455241,5
977,980,-0.003254262638003552,3,2130.691236093004,2125.888098446358,3
984,986,0.004176678899301846,2,2115.884469164857,2126.837723649743,2
987,988,0.0006439084808246439,1,2124.131296577165,2127.623174029993,1
990,992,-0.0005356373758508705,2,2132.015575975408,2133.0056043229947,2
995,996,-0.003797822831886037,1,2143.700960953994,2137.703265460701,1
997,1003,-0.0017358811081803157,6,2141.232997233666,2139.6573043227895,6
1007,1009,-0.0019434368914408276,2,2144.9612224956436,2142.937586947631,2
1012,1017,-0.004452257629030423,5,2142.8786512676365,2135.4808820957114,5
1019,1020,-0.0003180872681534452,1,2142.971366158179,2144.432685616745,1
1021,1022,-0.003429515684810271,1,2148.360217715875,2143.140742870312,1
1024,1025,-0.0037303996416347325,1,2152.293367087384,2146.416746049196,1
1026,1027,-0.003918217760944181,1,2145.800852774356,2139.5389386143406,1
1031,1034,-0.000535048761504896,3,2149.4666998374973,2150.466097041691,3
1038,1040,-0.0033782190255131593,2,2150.667725097506,2145.552966196122,2
1041,1042,-0.0020607720427132568,1,2147.6012200232103,2145.323104690113,1
1044,1047,-0.0015833734106030142,3,2138.635877969197,2137.388254663028,3
1051,1054,-0.002251518067670574,3,2147.6858758630733,2144.9980081857498,3
1055,1056,-0.001696255877903068,1,2149.831867438218,2148.335034364011,1
1060,1063,-0.0014738095468254647,3,2144.666278917727,2143.6501155600213,3
1067,1068,-0.0025926780802598103,1,2142.4773628469648,2139.0650861137055,1
1069,1070,0.0028426222310661492,1,2145.310064978884,2153.5536811271018,1
1071,1078,-0.001991613760258512,7,2154.2080132502715,2152.0718709418734,7
1079,1085,0.013877962985376777,6,2151.2326378350594,2183.238597393704,6
1086,1088,-0.004377407462907195,2,2192.4633364956558,2185.058494460825,2
1089,1090,-0.0016420721108054035,1,2184.5658001306297,2183.1631513561465,1
1091,1096,-0.016511304144139004,5,2180.9644518948326,2147.1348489539364,5
1099,1101,-0.0004933336369740413,2,2142.6398950772123,2143.7254986401254,2
1105,1112,-0.004931746326368803,7,2152.5793485361173,2144.115952590293,7
1116,1117,-0.0033162337984626394,1,2133.1742560291163,2128.2333257192913,1
1118,1119,-0.006431240304565635,1,2135.624204381769,2124.0251161275246,1
1121,1123,-0.0001307684855657009,2,2124.671403515915,2126.518234857668,2
1124,1127,-0.0063686433812896945,3,2132.359135884304,2120.9112601229062,3
1129,1130,-0.00040262574346179364,1,2131.1738386745346,2132.4469470619665,1
1131,1134,-0.001124030856150973,3,2135.2622599803167,2134.9974215741045,3
1137,1141,-0.0025722137574944823,4,2146.274099605169,2142.8996979384156,4
1146,1147,-0.0011790565107527382,1,2147.3877142834635,2147.0032105321106,1
1150,1153,0.0038250891173443923,3,2143.74694527527,2154.090715331258,3
1157,1161,0.002802784135365832,4,2158.2048731973136,2166.4120604499776,4
1164,1171,-0.004530343470928454,7,2172.527866802499,2164.8580972325226,7
1174,1177,0.0059265203151530055,3,2164.935644382062,2179.9311151038733,3
1183,1185,0.008318854923198369,2,2172.2752645344776,2192.518382577927,2
1187,1191,-0.0021197180286625476,4,2213.631739708622,2211.1530963408504,4
1192,1193,-0.0008658797589069896,1,2213.361872640737,2213.658729268722,1
1194,1195,-8.98009574312878e-05,1,2213.1460651417688,2215.1604685713255,1
1198,1200,-0.0027655954895715075,2,2230.2716672054617,2226.3339096093246,2
1201,1204,-0.002329562449357915,3,2228.7767344283766,2225.813436574278,3
1206,1208,0.0055779476385750424,2,2225.44176220957,2240.0806015940825,2
1210,1213,0.002985223018698092,3,2252.149160326177,2261.1244770014505,3
1215,1218,0.001691719515393803,3,2274.9711652535852,2281.0947495360565,3
1221,1223,0.004965090965842102,2,2292.958892751759,2306.6366011279597,2
1224,1226,-0.006906328711573032,2,2305.4432879019128,2291.8265820176744,2
1227,1232,0.005791656662812146,5,2281.395132806168,2296.8895852603982,5
1234,1235,-0.0017758731898129382,1,2295.0577503641994,2293.2770765866194,1
1237,1239,-0.004828872863650933,2,2291.5649907601164,2282.7908797517025,2
1241,1243,0.0012748504419686562,2,2276.829015838295,2282.008461331262,2
1246,1247,-0.0014510339813884315,1,2299.1109100156095,2298.0739328682116,1
1249,1252,-0.004258270956689802,3,2297.609945800195,2290.1237100439926,3
1254,1259,0.004638626204775672,5,2289.341638965828,2302.250380722985,5
1261,1262,0.002077220484294849,1,2331.443034339166,2338.617398602401,1
1263,1264,-0.0010728267536201127,1,2345.355603985826,2345.184799351103,1
1265,1267,0.004749535250819129,2,2356.475548740091,2370.0241879752657,2
1270,1275,0.005158502119588425,5,2373.84928754594,2388.4686434148753,5
1277,1281,-0.005438919484601023,4,2384.493049563075,2373.908476904474,4
1282,1286,-0.0123249116586042,4,2364.112699216323,2337.339331746714,4
1289,1290,0.0009030465848110004,1,2356.1301682725466,2360.613993742648,1
1294,1296,-0.0028112533099764105,2,2381.486607512349,2377.173132011828,2
1301,1302,-0.0050163126212960565,1,2370.4829033870324,2360.9623029835925,1
1307,1309,0.002836445363952557,2,2332.29136964888,2341.239078061356,2
1311,1312,0.0022962085906742345,1,2352.861113183964,2360.616634197904,1
1318,1321,-0.0027556953104217966,3,2343.5346359284313,2339.4201031583207,3
1323,1326,-0.004594445721626728,3,2341.716338730162,2333.29916645515,3
1328,1330,0.007452872682638397,2,2338.3854178792576,2358.151492099529,2
1334,1336,0.003725059843078286,2,2414.336791321894,2425.7446771422356,2
1339,1340,-0.0006123941591271387,1,2432.6441387948134,2433.5870458717754,1
1341,1345,-0.002635517004026715,4,2439.4909169452626,2435.50108806943,4
1349,1351,-0.0013542528098840197,2,2419.9752818904785,2419.117998847019,2
1352,1353,-0.003723252724782249,1,2420.09440657816,2413.503877891216,1
1357,1363,-0.003158831667243251,6,2455.6178631741245,2450.316597568456,6
1364,1369,0.003357440104604888,5,2458.654506878453,2469.367946630093,5
1371,1374,-0.0016777800622303045,3,2469.3673922410826,2467.6937042563,3
1381,1383,-0.0018974330165594752,2,2448.7204852320824,2446.5229226203096,2
1384,1394,-0.004737539672709495,10,2446.7365697133923,2437.5917947154194,10
1395,1398,0.007428140062266958,3,2443.1797910655505,2463.771252541951,3
1401,1403,6.020351286649536e-06,2,2459.6116755244934,2462.0860949263333,2
1404,1405,-0.0010335277693421495,1,2459.5673760608715,2459.4849122532055,1
1407,1408,0.0005935369589305198,1,2467.7908430993384,2471.7233590147275,1
1409,1410,-0.00569478557941804,1,2468.9738852578257,2457.3825822653575,1
1411,1414,-0.002405166818829319,3,2453.2512684313156,2449.804041150665,3
1415,1416,-0.002241074825276682,1,2455.98293945598,2452.9348808585123,1
1418,1427,0.008780072249955615,9,2466.529725645588,2490.652564569065,9
1428,1429,-0.0033397659027857344,1,2497.494292582254,2491.650740594068,1
1430,1441,0.008158925694599188,11,2497.6688878325804,2520.544851585951,11
1446,1447,0.0006691165934100509,1,2504.3906018533658,2508.5707217632994,1
1457,1458,-0.01361347760306509,1,2479.865080552887,2448.58535790071,1
1459,1461,-0.001100223179946239,2,2439.0321302948487,2438.7876827387595,2
1465,1466,-0.0008915830925602171,1,2406.6984046673756,2406.95933146555,1
1469,1471,0.003508457246370232,2,2415.485897340737,2426.376012238108,2
1473,1477,-0.018661620124036844,4,2433.721890932362,2390.738419407162,4
1481,1484,-0.011956263101724315,3,2393.8840781602366,2367.6560543648843,3
1489,1490,-0.0021467741852117294,1,2388.0969884067613,2385.3583804286745,1
1491,1498,0.005646898944319522,7,2389.976062564579,2405.8619919317885,7
1502,1506,-0.00030353478964312384,4,2413.214966539264,2414.895686808571,4
1513,1522,0.010360563982559603,9,2418.093058753656,2445.56395966341,9
1526,1527,-0.006188808425227353,1,2452.8257348476177,2440.098492009026,1
1528,1532,-0.0077519225860414025,4,2441.4029640197637,2424.91880020537,4
1533,1539,0.012960704453959498,6,2426.5625420628703,2460.4390645516587,6
1540,1544,0.004476875520966631,4,2465.8374393007293,2479.3425240107185,4
1546,1547,-0.0011962086919238444,1,2483.575407194741,2483.088108112801,1
1548,1549,-0.001199213334415311,1,2477.3658939764864,2476.8723696561806,1
1550,1552,-0.0014778721269987187,2,2481.3850832947796,2480.1992985271227,2
1554,1558,-0.002822011709520335,4,2480.6201447972126,2476.10042584652,4
1560,1566,-0.00487629920598501,6,2473.087636364423,2463.501208723252,6
1567,1570,-0.0002817921890805969,3,2463.739146766848,2465.508623466124,3
1574,1575,-0.00498195178316161,1,2448.0617052683997,2438.3136415958165,1
1576,1579,-0.007723184990661249,3,2434.688264178799,2418.319404584133,3
1584,1585,-0.0005550772499546429,1,2407.2208377403904,2408.2918650554843,1
1594,1596,-0.00888401485502105,2,2393.19577364224,2374.327782611871,2
1597,1599,-0.008775374905269116,2,2367.4701114719915,2349.0621437782775,2
1606,1608,-0.00017082179811459648,2,2353.350023505482,2355.3013700463794,2
1609,1614,0.0019709349906483447,5,2367.1823884828423,2374.2151334700325,5
1616,1620,0.0002727076606936546,4,2380.933696507188,2383.9639290623363,4
1623,1624,-0.004505660236988566,1,2393.534515553471,2385.1435967764355,1
1628,1633,-0.03008565275869965,5,2360.6381157613996,2291.9774152374125,5
1635,1636,-0.003162879664906476,1,2286.47562657781,2281.5302549407807,1
1637,1641,-0.011743937846151364,4,2291.0530188787116,2266.4380876416412,4
1642,1649,-0.04314815294649473,7,2262.745837662282,2167.375280017448,7
1650,1651,-0.0018898248453595521,1,2163.0081936549304,2161.0834952235,1
1652,1653,0.000929341183994387,1,2170.8507455820736,2175.03905732983,1
1654,1657,0.007313126391704326,3,2176.805133272053,2194.9011894750543,3
1658,1660,0.006662800103680081,2,2189.3801407591086,2206.1569231287126,2
1667,1668,-0.008686147513575194,1,2145.5752353668704,2129.084027606367,1
1669,1672,0.0017142912619396685,3,2119.684157094071,2125.4375972797434,3
1674,1675,-0.00899170451077752,1,2129.475929160918,2112.4577867722505,1
1680,1681,0.0035801144422339453,1,2075.4334425693696,2084.939165253577,1
1682,1696,0.02929273093198487,14,2093.6840303623567,2157.107437350717,14
1697,1699,-0.005331103700893116,2,2171.8862907969897,2162.479626045,2
1700,1701,-0.003360776783927069,1,2159.565363558537,2154.4671117848748,1
1702,1703,-0.004791942870635909,1,2153.2865996867476,2145.1214599166296,1
1704,1706,0.0006723976576326193,2,2153.4133197607985,2157.0146831526813,2
1708,1712,0.00692133446135331,4,2178.9718210618803,2196.2321856383755,4
1713,1714,0.0014016390627095026,1,2208.9668978480977,2214.272039038202,1
1716,1717,-0.0015960344787571868,1,2220.1401838931174,2218.816903795843,1
1718,1719,0.002475324822137296,1,2214.589973261289,2222.28639276622,1
1723,1724,-0.0008431979054431272,1,2235.8767752767167,2236.227365438251,1
1729,1731,0.009781893880318086,2,2226.860890149117,2250.8706679529355,2
1734,1738,-0.0006741982650698887,4,2252.158694315446,2252.892451525392,4
1743,1745,-0.003819447248674019,2,2269.0714696513514,2262.673942339198,2
1746,1747,-0.0008071609467505078,1,2257.780980549191,2258.216368895925,1
1751,1755,0.00420087163746671,4,2242.4410656022123,2254.1037137389935,4
1761,1764,-0.006015253834856421,3,2248.61882629325,2237.3414321015525,3
1765,1767,-0.004982306033371517,2,2235.993904925909,2227.089492907741,2
1771,1777,0.0032294612159728025,6,2228.249812035378,2237.6741081948803,6
1778,1779,-0.002773336935798448,1,2228.795441283752,2224.8430360053844,1
1782,1783,-0.007187532537875219,1,2216.773517654315,2203.057159384729,1
1784,1785,-0.011669946011209395,1,2185.260140916478,2161.9435331924515,1
1787,1788,-0.0034257693574537384,1,2142.2633916619498,2137.0667547708613,1
1789,1790,-0.009203565159429966,1,2132.703048213214,2115.207279791482,1
1794,1798,0.00550044583927091,4,2120.6968368466387,2134.4823117760734,4
1800,1801,0.0015787230395861878,1,2156.926597269457,2162.488713580532,1
1805,1806,-0.000548413759283269,1,2171.77273444428,2172.753477129119,1
1809,1810,0.0027630841048476755,1,2191.1056808138765,2199.3509957733886,1
1811,1813,-0.007521029841968747,2,2206.577638215396,2192.1884795879723,2
1814,1815,-0.002287307184451956,1,2203.462205645453,2200.6256729174575,1
1819,1821,-0.011852856602556437,2,2187.8359116410397,2164.091642222076,2
1823,1825,-0.02066709456231131,2,2155.6540384942286,2113.2585866755344,2
1829,1839,-0.011067859883337607,10,2114.9236280408536,2093.6308732897783,10
1855,1858,0.006816219837860806,3,2164.2899584053007,2181.206524513071,3
1859,1860,-3.808452685389197e-05,1,2181.6513450813504,2183.749909267194,1
1862,1863,-0.0047120018702366,1,2176.8390980001127,2168.758667197132,1
1864,1868,0.014296082288556358,4,2175.151667009767,2208.422965898439,4
1871,1877,-0.009024902112752843,6,2204.2751834603164,2186.586090883477,6
1885,1887,0.004562512147150605,2,2271.2635368280944,2283.897467841081,2
1889,1891,0.002050592849556641,2,2291.8706310588445,2298.8621952180615,2
1896,1900,0.006888119883743425,4,2311.7424872979655,2329.977789178115,4
1901,1906,-0.008153269917442411,5,2335.5535907281655,2318.846745487035,5
1907,1909,0.003314121298904133,2,2327.0489020097825,2337.0880732415344,2
1911,1912,-0.01156928579424079,1,2344.6806651373336,2319.8990650912665,1
1914,1917,0.0001724918742782521,3,2313.978083082878,2316.6912035825508,3
1923,1930,-0.0016189983202599641,7,2313.283065374301,2311.8511470425483,7
1931,1934,0.0030321640767942155,3,2304.419711563863,2313.7115099426874,3
1937,1938,-0.006033800368657082,1,2313.2019898994404,2301.5577928699063,1
1943,1948,0.00254055193656382,5,2292.2102442318005,2300.325933651027,5
1953,1957,-0.0003789188769629953,4,2269.2826053033073,2270.6920138922974,4
1963,1968,0.015988428657393406,5,2376.0492192933134,2416.414561941733,5
1969,1971,-0.003142366496262076,2,2433.1522028346562,2427.939499074997,2
1974,1978,-0.009510849298845745,4,2447.3797360380254,2426.550455927557,4
1980,1991,-0.005187260948926674,11,2420.8626263788037,2410.7258428406517,11
1994,1998,-0.0073439019564854645,4,2396.2395580600996,2381.0380492395143,4
1999,2000,-0.0017487645258470758,1,2374.6121303320947,2372.834105006256,1
672,676,0.005206378319703004,4,1976.647362612979,1988.9151839499982,4
677,678,-0.0018848025462321876,1,1991.7033364558322,1989.941072272397,1
680,682,-0.004214376783369099,2,1989.1841943279383,1982.7902068358458,2
688,691,0.004033570924219615,3,2002.4316949342108,2012.5110768915674,3
694,695,-0.0001149621270939953,1,2013.5168137080134,2015.298852345878,1
696,700,-0.0006182571028916751,4,2019.955986093117,2020.7270899432795,4
702,704,-0.0016105580125711206,2,2027.5861511300595,2026.3481921593088,2
712,717,0.0012265795958256065,5,1995.891567183251,2000.3355786222216,5
720,721,0.0016379619428721448,1,2007.3874782094726,2012.6828899815873,1
723,724,0.0014579562493143676,1,2024.7167346210003,2029.6933997719534,1
727,729,0.004222166043104488,2,2033.948249826484,2044.5698653101597,2
730,733,-0.00020866047875314525,3,2044.8571762144827,2046.4753525133265,3
734,736,0.00645843277651129,2,2051.8905736340685,2067.1944615422753,2
738,741,-0.0035853537488200376,3,2073.054472571426,2067.694893419255,3
743,746,-0.0011319605154341723,3,2063.5171971160853,2063.2448943231466,3
748,754,-0.0072613311982957065,6,2070.510434519399,2057.546282939346,6
755,759,-0.003275508686560708,4,2058.7861593621296,2054.10137357273,4
761,764,-0.00034500442391193127,3,2072.088149285647,2073.4453578566936,3
765,768,0.0035151282716347296,3,2076.6247843183896,2086.001011591643,3
770,771,-0.0005866171554238975,1,2092.8478711098332,2093.7130185160577,1
772,776,-0.005450082189107294,4,2090.7520207900643,2081.4480024605064,4
778,779,-0.005840096971842382,1,2083.933969808002,2073.847527311215,1
780,781,-0.002545822622274805,1,2079.682967796377,2076.4681468175977,1
782,784,-0.0003166287292452652,2,2074.9557028845275,2076.3736679999674,2
792,793,-0.001762542720209725,1,2076.5870991735064,2075.0036127981502,1
795,797,-0.0025734154219290714,2,2074.9548230078785,2071.690057089552,2
799,801,-0.0019592595523090944,2,2075.5598830502945,2073.568882406089,2
805,808,0.005829093122883806,3,2072.0655568548354,2086.215885499317,3
809,810,-0.0029727349232779804,1,2093.119620797162,2088.990450622617,1
811,813,-0.0015822890531567639,2,2089.7925157617665,2088.5756524564695,2
814,815,-0.00578497193751548,1,2090.9837035537757,2080.9784052104687,1
817,818,-0.005663769794373333,1,2086.6423090944486,2076.9106897216325,1
819,820,-0.002743234812417857,1,2081.4562957407516,2077.82782866549,1
823,824,-0.0011150489448292723,1,2075.6025491691494,2075.3637532859825,1
828,834,-0.005648511329466925,6,2070.7384034306215,2061.112552501912,6
836,840,-0.0005410970096060134,4,2072.0338977271613,2072.984760279026,4
841,844,-0.0020785519411878443,3,2079.007340684994,2076.765023281954,3
848,853,-0.0009724562824362907,5,2080.0253434720216,2080.0826351026076,5
859,860,-0.0026045014074334632,1,2068.1556388825256,2064.837280249147,1
861,862,-0.0027524123945531945,1,2069.0785393076408,2065.452660430054,1
865,869,0.0015243414914744196,4,2068.257370463946,2073.4783583592557,4
872,873,-0.0015074148351305774,1,2092.4978361704125,2091.436071725861,1
875,880,0.01977000512711078,5,2115.1246068829846,2159.0557558124224,5
883,886,-0.006504799083244524,3,2184.965857322458,2172.9380592741486,3
891,894,-0.004409759995618098,3,2165.9599451277604,2158.5745415547526,3
898,900,-0.0036931586648924993,2,2165.4412804764297,2159.6094035285987,2
903,905,-7.896542733212537e-05,2,2166.202735668216,2168.197883279174,2
906,908,-0.0010079024983234842,2,2164.376082761529,2164.3589787831634,2
909,911,-0.004048131308264974,2,2167.809974141784,2161.2022046892334,2
913,915,-0.007724264311800978,2,2160.735604086762,2146.206246776964,2
916,918,0.0016880401768739166,2,2143.868248043575,2149.6310520282404,2
922,924,0.000984166928474208,2,2152.720478534715,2156.9918353144726,2
925,926,0.001534000941476581,1,2153.5449906398862,2159.00207567368,1
928,931,-0.003217228882014487,3,2154.8101359491534,2150.0324286804694,3
935,938,-0.005062628073551404,3,2142.4888652224076,2133.784729811284,3
941,943,-0.0036449020674416796,2,2136.4950286855365,2130.844208567087,2
945,946,-0.006800421637383926,1,2125.313729870614,2112.9860141256436,1
948,950,0.0021991556392718793,2,2107.3895207286246,2114.131387798006,2
954,957,0.005475867702783968,3,2117.6881979556583,2131.402066561366,3
958,959,-0.0013498489489390715,1,2134.6640130597334,2133.9172030984264,1
962,964,-0.0032922309486112383,2,2140.5059887880575,2135.59945471487,2
966,971,0.0020264708233509216,5,2142.222819413584,2148.706194273656,5
974,984,-0.015034339416909834,10,2148.3007221832854,2118.1507406785727,10
992,995,0.0002938617021409169,3,2137.5793372993116,2140.345069339131,3
999,1001,-0.0015615469519925486,2,2142.6660741185765,2141.4628665155174,2
1002,1003,-0.003595572339306095,1,2144.316721554256,2138.7509923850785,1
1006,1009,-0.0034268222920563174,3,2146.7596418259377,2141.5498376714677,3
1019,1020,-0.0005452356050166789,1,2145.933669343038,2146.9095635698513,1
1022,1027,-0.00526157933209317,5,2148.860567066316,2139.703027286156,5
1029,1032,0.0009652478213744318,3,2143.4855480774095,2147.698028380916,3
1035,1039,-0.001785058080458638,4,2148.9458709229025,2147.2588236024662,4
1040,1042,-0.003082088353267399,2,2146.757447526187,2142.287708847403,2
1043,1046,-0.004269609203541193,3,2145.7566088743893,2138.740823317454,3
1048,1050,-0.0033986219426116165,2,2141.3717485072716,2136.2354072440135,2
1051,1056,7.321898177227947e-05,5,2144.8646000780313,2147.1665094801665,5
1060,1063,-0.0016539777955815057,3,2146.0954279385373,2144.6919291814665,3
1064,1065,-0.005928676292052095,1,2145.353354916488,2134.779602698037,1
1068,1071,0.0003069150486836652,3,2145.6408530792023,2148.445023399162,3
1072,1074,-0.0010839760657839871,2,2157.433385372635,2157.25221260474,2
1080,1082,0.0062841947659973835,2,2152.245118563709,2167.9224911914944,2
1087,1090,-0.0014812998067054901,3,2185.0959858246297,2184.0442995490193,3
1093,1094,-0.007602625607837597,1,2169.73866263066,2155.4126905744597,1
1095,1096,-0.004462750788815001,1,2151.856343952294,2144.4050016998567,1
1097,1098,-0.006320468389285259,1,2144.8913520711885,2133.4795254340424,1
1102,1105,-0.0032667701557514577,3,2152.336734077522,2147.4578814035876,3
1110,1115,-0.00973291075542683,5,2151.2833963869693,2132.4964304766904,5
1120,1123,-0.001586581608540076,3,2125.824150433431,2124.5771810837964,3
1126,1127,-0.0017747491762557775,1,2125.0566068535913,2123.4102209979346,1
1133,1134,0.0010953758680343718,1,2139.029762882953,2143.5118342291053,1
1135,1137,0.0012842830674488475,2,2143.3990424209865,2148.295172560375,2
1139,1142,-0.001772954798150247,3,2146.3533595430563,2144.6943254152716,3
1144,1151,0.0002950355235249698,7,2144.2349912184864,2147.0118517028995,7
1152,1156,0.0034898813306980664,4,2150.307458015085,2159.962083326088,4
1158,1159,0.0014924165029182763,1,2157.7318530049233,2163.109819484225,1
1161,1163,-0.00036841343128428676,2,2167.5233562291382,2168.89233486831,2
1164,1167,-0.0039412681885891716,3,2170.2565205571555,2163.8732140921625,3
1171,1172,-0.00205048824335629,1,2166.296718693917,2164.0210494593075,1
1175,1176,0.0016128338349581522,1,2170.7508287169044,2176.4226399294394,1
1179,1180,-0.0025560383554065736,1,2162.1021193371757,2158.7378055111813,1
1182,1183,0.0010829515433889536,1,2165.618439982687,2170.1293182546406,1
1185,1186,0.001888550568543468,1,2196.8287626157658,2203.174413587012,1
1187,1188,-0.004251438477018284,1,2216.4228699440155,2209.216307343336,1
1189,1191,-0.0007640341927262831,2,2210.573320932996,2211.0949406512077,2
1196,1198,0.0007501910169029882,2,2220.5209336264747,2224.407269417353,2
1199,1202,-0.0018312189876303537,3,2227.8097067628637,2225.957909033775,3
1203,1206,-0.0013654171886756433,3,2225.307536039626,2224.4943704158677,3
1208,1209,0.0013860911657061817,1,2238.946424638307,2244.2887549226257,1
1214,1215,0.00019480246490535032,1,2269.811840425088,2272.5238172068994,1
1216,1217,-0.0007312716545529862,1,2284.3460244593202,2284.9598929869017,1
1218,1219,-0.003946570981755014,1,2283.458488034762,2276.7301155158766,1
1220,1221,0.0019289848888088107,1,2287.8731084560286,2294.5742542182084,1
1222,1223,0.004813282913820119,1,2292.7455274221375,2306.073905822438,1
1224,1225,-0.0021473044409056428,1,2303.9112365707597,2301.2679489775896,1
1226,1228,-0.009219191685234763,2,2295.1274510242047,2276.2633585621925,2
1232,1233,-0.002650534061533218,1,2300.0161623108097,2296.219907292839,1
1235,1238,-0.006332324482102474,3,2299.245308159008,2286.9849861119524,3
1241,1243,0.001091204715236634,2,2278.990403230761,2283.756238707976,2
1244,1245,-0.001315526922994778,1,2290.8680303194515,2290.1451997788577,1
1252,1254,-0.005481955390621117,2,2295.6662580826924,2285.3771843222116,2
1257,1260,0.011513835295193859,3,2287.8819770938,2316.512155329994,3
1264,1270,0.010133162822146855,6,2348.258864381601,2374.402412667311,6
1271,1274,0.001810364450934155,3,2376.7945744524395,2383.474233431654,3
1278,1279,-0.005646779108068975,1,2383.0462463315957,2371.97275682058,1
1280,1283,-0.011226306472175665,3,2377.3073623490964,2352.996288683155,3
1292,1303,-0.014586702753866813,11,2377.1783527989533,2344.880337126547,11
1305,1306,0.002422495593361926,1,2321.719255714411,2329.665329636117,1
1307,1308,-0.00021791887563606517,1,2332.972390945653,2334.7969646162737,1
1316,1317,-0.0016419321927619106,1,2363.3066313363693,2361.7895487283467,1
1320,1321,0.0022132215283513115,1,2334.3989042448966,2341.899845059776,1
1327,1328,0.00024364377112839225,1,2338.1343657357825,2341.042171975791,1
1339,1345,-0.00044649433527557745,6,2432.3468329401576,2433.6931506907645,6
1346,1347,-0.005758202481624231,1,2428.354326372713,2416.7997247907033,1
1352,1353,-0.002608211398151938,1,2418.920679379626,2415.0305435718224,1
1355,1356,0.0028930762883500327,1,2428.37552314769,2437.8293743160657,1
1358,1359,0.00039806328890309604,1,2467.0727142580517,2470.5218380509104,1
1361,1362,-0.0030891150723893926,1,2465.6656071966736,2460.514548013207,1
1364,1366,0.0018593263709057446,2,2456.701316030363,2463.7258268887276,2
1367,1369,0.0007439682376013418,2,2469.310916126162,2473.617315932648,2
1371,1377,-0.00507270521052144,6,2469.825276082174,2459.7664058111964,6
1379,1381,-0.0002727418438214262,2,2443.2609444332143,2445.037825882726,2
1383,1385,-0.003917131247127418,2,2443.6620266602717,2436.5335438048824,2
1386,1391,-0.0021060298456938987,5,2433.148301307733,2430.4571666674874,5
1394,1398,0.006515795508431369,4,2441.5585291067964,2459.9087837334296,4
1399,1400,-0.003288451563854062,1,2460.893725928126,2455.262089832547,1
1401,1402,-0.0006785653464728503,1,2467.407336876614,2468.2004470990532,1
1403,1404,-0.001666998012968469,1,2463.7583533752236,2462.115031449088,1
1406,1413,-0.004967489480602497,7,2457.7781378711456,2448.026928963487,7
1420,1425,0.007025971673971866,5,2467.4309625079754,2487.2344935205456,5
1427,1429,-0.001225175804271422,2,2492.163026703967,2491.6018518900532,2
1433,1444,-0.0015445000560725404,11,2522.8320919524213,2521.4584097368916,11
1447,1451,-0.004099430566907423,4,2505.2962839257752,2497.531292044216,4
1453,1456,-0.00806961675889653,3,2503.227342847145,2485.5304848728247,3
1458,1471,-0.011789466680895592,13,2454.4121618422164,2427.930363600835,13
1472,1473,-0.0017176222365992094,1,2438.517855229577,2436.76792059232,1
1475,1476,-0.008434030359028174,1,2416.717017374342,2398.751069698001,1
1478,1480,0.0010757138990063783,2,2383.1553213483144,2388.102069972328,2
1483,1486,0.002690704259604126,3,2365.7227602409807,2374.4539433092446,3
1494,1495,-0.0028869027913953982,1,2371.9766350248497,2367.5009456910966,1
1497,1504,0.0053159629274232316,7,2399.559394747426,2414.7149229268007,7
1505,1508,0.002420770745433146,3,2416.4264337360164,2424.692474589032,3
1512,1517,-0.00032458027754441506,5,2416.3099661744877,2417.941989581208,5
1520,1526,0.005070283952035306,6,2437.2211240416045,2452.0157483184357,6
1527,1528,-0.004928582359403207,1,2445.1384696055547,2435.532541747564,1
1529,1540,0.009875855660966645,11,2439.3920255411144,2465.9225011114127,11
1543,1549,-0.004278311593501994,6,2481.365329848376,2473.23064111982,6
1552,1555,-0.0010761209838136014,3,2479.5690992073305,2479.380351968065,3
1556,1557,-0.0015969639652699463,1,2477.530552718095,2476.051556255267,1
1560,1565,-0.00857007944439207,5,2480.417219572038,2461.6402641646396,5
1569,1570,-0.002733980608412562,1,2467.171714798629,2462.8936868875444,1
1573,1576,-0.007201435671117688,3,2451.911028538755,2436.705660023968,3
1577,1578,-0.0057684856604883995,1,2431.4691315984683,2419.874705910521,1
1580,1581,-0.005592363696846331,1,2420.4110664172317,2409.295658504372,1
1584,1587,-0.0016095960515825206,3,2409.3529366623006,2407.8842046252425,3
1592,1593,-0.0037080233290725166,1,2408.7031194942006,2402.1802952538005,1
1595,1597,-0.00813654666031433,2,2380.9887411272484,2363.9967038785107,2
1599,1601,-0.00029387084238766234,2,2354.0349907472164,2355.6972434922227,2
1602,1603,-0.002788018480413721,1,2360.3756366199727,2356.155241360978,1
1606,1610,0.00037766203005562397,4,2357.3404526625695,2360.588071096117,4
1611,1614,-0.0001436338247173428,3,2372.52033764982,2374.5520838171533,3
1615,1620,0.0016592427595642895,5,2381.6394095368396,2387.9727668925434,5
1622,1624,-0.002749290990639278,2,2388.148080528989,2383.970514607407,2
1626,1630,-0.016072047464878315,4,2376.268574640167,2340.453341893892,4
1631,1636,-0.020773894287967973,5,2329.173439633705,2283.1166102600455,5
1637,1638,0.0002147061521914162,1,2288.5317442763876,2291.3116378656455,1
1640,1642,-0.012332195784815828,2,2285.388654295407,2259.4901826205346,2
1643,1645,-0.043316950065586834,2,2246.782788981093,2151.70579389156,2
1646,1647,0.007936235525287647,1,2123.401795279187,2142.3770138366203,1
1651,1659,0.01282934425085033,8,2162.574297454666,2192.4812818822074,8
1660,1661,8.470991740232173e-05,1,2210.5688022224504,2212.966628125321,1
1662,1668,-0.038768382897192304,6,2217.326125290837,2133.581303182905,6
1670,1674,0.0022649680410890124,4,2115.0866088307257,2121.9922990126934,4
1675,1677,-0.012698109481739307,2,2118.94591436134,2094.1582530692567,2
1678,1679,-0.002606196543333882,1,2068.275872540767,2064.953814983631,1
1681,1684,0.007166886050274795,3,2088.512816736971,2105.5694629258005,3
1685,1688,0.00610442521179287,3,2112.833015136222,2127.843479277264,3
1691,1692,-0.00267293520373639,1,2135.1466690426046,2131.5747070148227,1
1694,1712,0.025185289264040386,18,2142.599665138932,2198.704257147631,18
1713,1714,0.0036919850226335453,1,2201.3650768443836,2211.693848814286,1
1718,1720,0.003161065239752415,2,2213.0760618655713,2222.2848157395283,2
1722,1724,-0.0021164281279683313,2,2236.7126631820383,2234.215534250679,2
1725,1728,-0.00858860487665871,3,2236.5136875090857,2219.5416688333403,3
1729,1733,0.010559929852383826,4,2232.2143902961725,2258.018632063478,4
1734,1735,-0.004550165940300298,1,2250.7586276521815,2242.7680610324537,1
1738,1742,0.008293562456766938,4,2245.4776391762,2266.3461258611574,4
1746,1747,-0.002421997982284705,1,2259.9390716629305,2256.7254428629394,1
1751,1752,-0.0020127018961610447,1,2247.5185445101915,2245.242478218509,1
1755,1758,-0.0003460179257727549,3,2258.6923293067334,2260.1694736012946,3
1760,1761,-0.005506925441126719,1,2260.2476287350287,2250.0608611938364,1
1762,1763,-0.005354980238099286,1,2251.50980901395,2241.7045282898075,1
1764,1767,-0.007068577083384623,3,2239.3365736901164,2225.7469870770356,3
1769,1770,-0.0023552186424676083,1,2218.570003686221,2215.563356257606,1
1772,1775,0.002814915857063845,3,2230.800387580559,2239.310703353084,3
1778,1782,-0.009674452200613248,4,2232.250146376036,2212.886599181485,4
1787,1789,-0.008620800440941979,2,2149.7676098767183,2133.384659927447,2
1792,1794,-0.000915726276395935,2,2121.8831195261864,2122.0619385177215,2
1795,1797,0.0064740839749532,2,2116.4222957319107,2132.2406136966742,2
1798,1799,0.0031623903422376446,1,2136.116954771166,2145.0083073535957,1
1803,1807,0.006926482128001013,4,2167.0791108065,2184.256424648272,4
1810,1814,-0.002821713989621646,4,2206.1046217260705,2202.085730074103,4
1815,1817,-0.003967797157065772,2,2198.6695014281117,2192.144296332446,2
1822,1826,-0.031794552002014406,4,2160.385659457392,2093.8575509228253,4
1827,1838,0.002944668711362442,11,2099.054336138172,2107.334410101386,11
1839,1840,-0.00832367638701842,1,2100.138128924736,2084.757396900453,1
1843,1846,0.020101638383371517,3,2079.2673365979476,2123.1432840371936,3
1851,1860,0.013044881094180626,9,2148.9242779442666,2179.1056639083918,9
1863,1868,0.013332670154496774,5,2176.51506638182,2207.710338914563,5
1871,1873,-0.01371228482628949,2,2202.193527610595,2174.198616244998,2
1875,1876,0.00010873058194121529,1,2166.1620637429337,2168.5637538684464,1
1879,1884,0.021656436289151714,5,2213.6872192039345,2263.841482649938,5
1886,1888,0.00224264677061809,2,2280.2020942588188,2287.5959842161237,2
1889,1890,-0.0015969416818469038,1,2291.076864980742,2289.7092257037198,1
1892,1893,0.002400654228429713,1,2308.455423423752,2316.3056821205596,1
1894,1898,-0.0013787962388537214,4,2323.0714186406262,2322.1914479246566,4
1899,1900,0.0038439838435432618,1,2317.7076303992426,2328.9345687149535,1
1901,1902,-0.002599017775599034,1,2338.169823474829,2334.4310483647237,1
1912,1913,-0.011780905485204812,1,2328.119460706848,2303.0202248427013,1
1916,1917,-0.000820975384689181,1,2316.434242949133,2316.84894169837,1
1920,1922,0.00011210389570625776,2,2320.1283617669587,2322.7085855566183,2
1923,1925,-0.009099200449877679,2,2314.056122224571,2295.3141178384076,2
1926,1930,0.007088401923579966,4,2292.4119814751652,2310.9539309557667,4
1933,1935,0.004393462622064856,2,2304.464086513174,2316.893127427674,2
1940,1941,-0.0034532262449238466,1,2294.5034769076146,2288.874540758996,1
1950,1951,-0.004237525913435557,1,2290.7515674949354,2283.3351999339275,1
1956,1957,0.0017749245763635613,1,2267.4123298719514,2273.704228070863,1
1958,1962,0.02602718589380899,4,2301.5593154270937,2363.7639868907695,4
1963,1967,0.00622144523478105,4,2377.1906541974995,2394.35740631942,4
1968,1970,0.003467903179722254,2,2416.4670184941288,2427.2635591697526,2
1971,1976,0.005391795394757738,5,2425.810049556146,2441.315331059456,5
1978,1980,-0.007698921682858272,2,2433.4928253750854,2417.1910475221002,2
1982,1983,-0.003244772138968974,1,2426.0724604792963,2420.6264806128925,1
1984,1987,0.005473217972999583,3,2411.013894955593,2426.6209134335713,3
1990,2000,-0.019629636501050943,10,2416.2355565721514,2371.2219664522977,10
673,675,0.002362493842220992,2,1977.3569297624247,1984.0057802626238,2
677,679,-0.00033331791207232963,2,1988.1195042740662,1989.4449479362254,2
680,681,-0.005087864218530339,1,1992.3254442159582,1984.1810883208802,1
683,685,-0.0014457397477791354,2,1992.3666409838893,1991.4785639798536,2
691,698,0.0035739799383736866,7,2012.0363424767922,2021.2393563425599,7
699,703,0.0023744335523343185,4,2020.2684926611676,2027.0857544475273,4
705,706,-0.003947777719884884,1,2025.392125493559,2019.4217197119988,1
708,709,-0.004215865343754333,1,2015.254401480212,2008.7736146916434,1
710,711,-0.005517641571192876,1,2007.8591776484218,1998.7883895583761,1
714,718,-0.0005642955836688728,4,1998.4504398418258,1999.3211735242837,4
719,722,0.008443469787758184,3,2005.758460700363,2024.6997801255272,3
723,725,-0.0037691716381719584,2,2028.6017345625223,2022.9841881740253,2
728,733,0.004680499666245524,5,2040.3740320753745,2051.9643760835947,5
735,737,0.004697030400215805,2,2060.0221736441017,2071.758182592471,2
739,742,-0.004373231673068259,3,2068.0181535495963,2061.0422492135626,3
743,745,-0.0009069602244021385,2,2063.078749935191,2063.2706983191256,2
746,749,-0.005162446121945859,3,2068.288681712331,2059.679541510073,3
750,756,-0.007395159422653836,6,2063.9372818304278,2050.7380738747634,6
757,759,-8.984100004533061e-05,2,2053.656513320072,2055.525667278486,2
761,764,0.0037170751442058055,3,2065.430546810061,2075.173337904502,3
765,767,-0.0017170106446382032,2,2081.013593796976,2079.5214848985866,2
768,771,-0.00246569536866919,3,2088.5812174713465,2085.5199936538093,3
773,778,-0.003521675946938448,5,2088.5501471777966,2083.2835005076836,5
779,780,-0.002687753154729141,1,2078.4507891072876,2074.9428772310225,1
782,783,-0.002738215773483609,1,2076.6287175190355,2073.019088726575,1
785,787,-0.003422519804430994,2,2079.0094114882863,2073.9729700153575,2
788,790,-0.002586714123204109,2,2079.935265031725,2076.635002371349,2
791,792,-0.000960421537005996,1,2072.347456189407,2072.4294765165123,1
793,794,-0.0008577995601981086,1,2077.893018928511,2078.188496229664,1
795,796,-0.004595771019140728,1,2075.936712172324,2068.4721191051244,1
799,801,-0.00276247248577886,2,2075.2432000721246,2071.585641030698,2
805,809,0.005972983405808893,4,2076.3744265069577,2090.8529509272366,4
810,811,-0.0018748155238477284,1,2091.4873964146186,2089.6577307723032,1
812,816,-0.0004974609781281911,4,2084.6194590994,2085.667061723351,4
817,822,-0.0024921502315493702,5,2080.458229132853,2077.3538729045235,5
823,824,-0.0013203254859274257,1,2076.327950431073,2075.6628496714065,1
825,835,-0.0002778339807401123,10,2070.916929669025,2072.412475504342,10
836,844,0.0005956817037707743,8,2072.3298385809467,2075.6366173885485,8
849,853,-0.0028210394372574056,4,2078.4578216301493,2074.6728679682847,4
859,862,-0.0026119722032937453,3,2068.5767071954006,2065.2422190430207,3
864,867,-0.00274869488173331,3,2068.925852176674,2065.307932128287,3
871,878,0.01989152859505991,7,2093.0070425890576,2136.7331590689687,7
880,881,0.0005074738930346484,1,2164.6131090341432,2167.8762067845328,1
884,891,-0.006332033372996218,7,2180.2623547958033,2168.6371231581447,7
897,899,-0.004359051529694332,2,2169.669408845921,2162.3813774992063,2
902,904,0.0002028254562076563,2,2163.441333782495,2166.0435760917803,2
924,928,-0.0027190217678143918,4,2160.076386124046,2156.363167796157,4
930,931,-0.0005881321692585723,1,2152.729240344551,2153.615880266945,1
932,933,-0.0020435812151831266,1,2149.6252287935017,2147.381920285049,1
934,935,-0.004813263623745867,1,2147.0900878356724,2138.9026673068233,1
936,937,-0.0026628109256074434,1,2140.0587700385613,2136.500256934299,1
938,939,-0.0024092268220583107,1,2141.9104254941717,2138.891987872119,1
943,952,-0.010207424059829683,9,2131.466920515268,2111.841600708585,9
953,955,-0.001988042659921649,2,2117.1208774794195,2115.029071736259,2
957,959,0.002707438249971988,2,2131.7356873883828,2139.638965814637,2
960,964,-0.002145590163618689,4,2137.7538644852702,2135.304874685878,4
967,969,-0.001657375721515488,2,2148.068142173429,2146.656054328603,2
978,979,-0.0015636443976043178,1,2131.687412009897,2130.485898342674,1
982,984,-0.005017974987971182,2,2125.366614774796,2116.8269448763617,2
986,987,-0.001479320478413925,1,2127.996829759348,2126.9768373008446,1
994,999,-0.0012026758085662717,5,2144.5511081362083,2144.116459506355,5
1002,1005,0.00042731420927810877,3,2141.9949260591443,2145.05222585331,3
1006,1009,-0.0064469602137998275,3,2149.3652610756612,2137.6577540136586,3
1010,1013,-0.005190984095109488,3,2144.729611827247,2135.7410841357687,3
1014,1016,0.0006180910719112294,2,2134.5730295451444,2138.026963106594,2
1017,1020,0.003662888386428847,3,2134.0682816122817,2144.0192038184578,3
1021,1022,-0.004932553123850016,1,2147.315459241895,2138.871027124762,1
1024,1025,-0.002456236613641291,1,2152.854510767137,2149.719445204715,1
1027,1032,0.0021104347812831254,5,2142.128963258571,2148.7919156918842,5
1033,1035,-0.0019989458354209956,2,2150.986684478431,2148.8379652879253,2
1036,1037,-0.0037978158042630715,1,2155.9054941911277,2149.873667726982,1
1038,1048,-0.006833654449581288,10,2151.436483431934,2138.88574641737,10
1049,1052,-0.0006159951272077288,3,2140.8817375365443,2141.7038465558303,3
1055,1056,-0.0014484695354466306,1,2146.1435737189818,2145.1810937074742,1
1061,1062,0.0011647123458587258,1,2144.7605667369075,2149.403356414634,1
1063,1072,0.002899613088353739,9,2146.299969512312,2154.6697089649556,9
1077,1078,0.00010655656604028436,1,2152.3621509607856,2154.743861431428,1
1079,1083,0.010164544160677975,4,2152.9775652362473,2177.0145783402763,4
1084,1086,0.001766633626056556,2,2185.8784463809384,2191.925971193168,2
1088,1089,-0.002713327428853516,1,2186.638366989595,2182.891939498448,1
1090,1091,-0.002000840116828187,1,2182.981739395558,2180.7969236964677,1
1098,1101,0.0019174378909362017,3,2137.248600803408,2143.483890853742,3
1102,1105,-0.0011122548014619474,3,2148.0097211596994,2147.7685967549123,3
1107,1108,-0.0023755046617143657,1,2157.2163968326004,2154.2491356224305,1
1110,1111,-0.003297588469745618,1,2153.5263591740295,2148.578441841898,1
1114,1117,-0.005860692871183475,3,2142.909220914637,2132.493197340944,3
1120,1121,-0.001550656997480041,1,2124.971507123999,2123.8013766941554,1
1124,1126,-0.0034237896597722767,2,2127.990303843735,2122.832502949183,2
1127,1128,-0.003399699574026292,1,2129.6131441999974,2124.50271244502,1
1131,1134,-0.0032751226600054154,3,2142.398948785143,2137.5247283899903,3
1136,1138,0.0004391330562921855,2,2141.298016454647,2144.3796292135,2
1140,1144,-0.002655623715029455,4,2146.153615364369,2142.6003925426758,4
1145,1146,0.0007889762256112086,1,2142.2658185796263,2146.0982811980048,1
1150,1152,0.0001775135496145171,2,2147.2224628880376,2149.750846432125,2
1154,1156,-0.0019641408014996675,2,2158.1285443663232,2156.0478045818186,2
1158,1159,-0.00044278221433481754,1,2162.6593720294545,2163.864444295885,1
1162,1164,-0.0020955061728866564,2,2170.9390471014376,2168.5607699743773,2
1166,1167,-0.0016236489768652017,1,2166.3407555652516,2164.989719369502,1
1169,1171,-0.0010519781382171333,2,2166.5946432302644,2166.482027674438,2
1174,1177,0.004924425723569143,3,2165.0631451647396,2177.889900955105,3
1180,1181,-0.0028334652495890763,1,2160.6210495615965,2156.6596259496946,1
1182,1183,0.0012995600327565977,1,2167.4864639633915,2172.4707292074627,1
1187,1188,-0.0034461319841461954,1,2211.064011782028,2205.6554573838134,1
1189,1190,0.00034487028973036117,1,2204.6623927129667,2207.6273776638122,1
1197,1201,0.0013791194473434121,4,2216.543288682748,2221.8167099267316,4
1202,1203,4.294991492388993e-05,1,2226.5488150803053,2228.870993977567,1
1205,1206,-0.004490043449985088,1,2227.1846623390165,2219.411691096313,1
1207,1208,-0.0005759862872627411,1,2233.7488720083925,2234.6960121609354,1
1219,1221,0.006502047997117211,2,2278.8318258711665,2295.9277316062103,2
1224,1225,-0.0031316826574271164,1,2304.021311041867,2299.1098687707768,1
1228,1229,-0.0023124338500896103,1,2279.4129962451343,2276.421417470528,1
1231,1236,-0.002425011575066363,5,2296.768917554509,2293.495995261741,5
1237,1238,-0.003147626161628189,1,2291.6712918195763,2286.7496385994123,1
1239,1241,-0.0033282260993494615,2,2284.732956374027,2279.413581474953,2
1248,1251,-0.002038247282910988,3,2300.3189134486906,2297.930613586974,3
1255,1258,-0.0011385787398023723,3,2293.553100196676,2293.235262498381,3
1260,1262,0.010635744362928298,2,2311.6273704297464,2338.524875574415,2
1267,1269,0.0010013163032697417,2,2371.8835997436645,2376.6304890612896,2
1273,1277,-0.0034871614255557503,4,2389.6132831921313,2383.6699292121803,4
1278,1280,-0.004199694677476967,2,2381.3525935255575,2373.732992306858,2
1282,1283,-0.006140187272466466,1,2364.142322114669,2351.9901878402356,1
1288,1296,0.010968219261851361,8,2353.4119383070797,2381.5780883981975,8
1298,1299,-0.006688102285383397,1,2382.5204834130577,2368.968463206383,1
1300,1303,-0.01096121545865588,3,2369.355890538656,2345.7542260147648,3
1304,1309,0.005496267050572249,5,2326.465084740798,2341.5784232151063,5
1312,1315,0.0010510950491667143,3,2361.1877365227647,2366.0307569992997,3
1316,1319,-0.014405888677742867,3,2364.158450741512,2332.464805734326,3
1320,1324,0.0023422830061858605,4,2333.516345281431,2341.315617306922,4
1325,1326,0.0003748085597880613,1,2332.688161569573,2335.895161221415,1
1328,1329,0.003717225955216426,1,2338.7277164037982,2349.7600234898023,1
1331,1332,0.00524355274143897,1,2373.3473566978505,2388.1654760931483,1
1334,1336,0.0030122063162633826,2,2414.965884784472,2424.655226160965,2
1337,1340,0.000335605948176831,3,2425.8143332007817,2429.0542652533773,3
1342,1345,0.00017356236083023737,3,2434.8926970397365,2437.7501954616428,3
1348,1349,-0.0022144165150576375,1,2422.532716588512,2419.5907528492194,1
1354,1355,0.0001474492695170296,1,2424.562512589094,2427.3445750730625,1
1357,1360,0.00573875436587301,3,2450.859344461141,2467.3750835687692,3
1365,1368,0.004539588575047506,3,2457.0113094020257,2470.6221411803517,3
1369,1370,-0.002086254400703613,1,2466.8955892193567,2464.215913029491,1
1373,1378,-0.009499359367994602,5,2472.288253010553,2451.275386686945,5
1379,1382,0.000257139226363683,3,2445.499530873935,2448.5738642622505,3
1384,1385,-0.008326452630040084,1,2448.677879085978,2430.7377565986276,1
1389,1391,-0.00017577934515506234,2,2426.9331412445845,2428.933469667526,2
1394,1396,-0.0006465477238808725,2,2443.726678195276,2444.590418951897,2
1397,1398,0.0026635944322577817,1,2447.961462089204,2456.9298000720955,1
1399,1404,-0.003795833707830883,5,2463.736674748574,2456.8484767060927,5
1410,1415,-0.001685258695753648,5,2455.745721511588,2454.062900401362,5
1417,1419,0.002461359236962188,2,2457.3063615941724,2465.8119816669223,2
1420,1422,0.0017418333110013813,2,2464.1639125060033,2470.9202392050797,2
1424,1428,0.003596960371006928,4,2484.8730090990884,2496.2958718489017,4
1430,1431,0.0012767399413671377,1,2499.6375762750868,2505.3286009839344,1
1432,1438,0.0008176003903192276,6,2509.60465327282,2514.1661116701557,6
1440,1441,-0.0015868080563845011,1,2526.4244317480184,2524.941905537622,1
1443,1451,-0.01654737898794141,8,2529.2518044667695,2489.92856810679,8
1454,1459,-0.025416315027613563,5,2498.864301971288,2437.8512439630995,5
1462,1463,-0.008044587737750138,1,2434.177576934135,2417.029799424158,1
1466,1469,0.0030592386209612682,3,2413.425529386756,2423.2221995044565,3
1471,1480,-0.01713775655784323,9,2427.1579674232057,2387.9890830175004,9
1485,1486,-0.0008831657406189032,1,2371.1488455028534,2371.4258769221,1
1493,1496,-0.004638128165013339,3,2390.9408522501412,2382.242302994689,3
1497,1500,0.0026615502166354,3,2395.7949551664196,2404.5672787035232,3
1503,1506,-0.003670409918310801,3,2422.095411974,2415.6274243627695,3
1507,1508,-0.0032136238204261095,1,2430.8946560589484,2425.5135697433498,1
1509,1517,-0.004798896637106975,8,2426.3021690344835,2417.084897883933,8
1520,1522,0.001337990177081601,2,2441.7649192873787,2447.473741683415,2
1523,1529,-0.007710457217924383,6,2452.469503706308,2436.0123120234225,6
1532,1533,-0.004002902705926934,1,2432.245273840442,2424.9414779261488,1
1535,1537,0.005050529718576001,2,2435.3634662583336,2450.098705286464,2
1539,1550,0.004013322214323845,11,2460.9466183750587,2473.2841367252236,11
1553,1555,-0.0016765280761461086,2,2484.2412392150295,2482.5605802687805,2
1558,1561,-0.004192248101190921,3,2480.533814213566,2472.615334855203,3
1562,1564,-0.004133008312838078,2,2470.5379260887566,2462.797710229139,2
1565,1573,-0.009693632965916396,8,2464.157044964898,2442.734568045596,8
1574,1575,-0.004092742585646016,1,2443.2670371581944,2435.71064114427,1
1580,1589,-0.008148992121799948,9,2418.165917918952,2400.878468822544,9
1590,1593,-0.0038554835639961096,3,2407.677758914616,2400.802674646636,3
1594,1595,-0.005589335226164058,1,2393.9279186103513,2382.941380884575,1
1601,1602,-0.001022473169039234,1,2356.533183896423,2356.4802251278347,1
1606,1607,-0.006767593887746809,1,2356.5642274982015,2342.9725220636,1
1610,1611,-0.0050934987316360696,1,2374.55565587164,2364.83541530613,1
1612,1618,0.0026695490748113544,6,2377.104226659258,2385.8271272749257,6
1621,1623,-0.00030099301900511947,2,2389.5396028195505,2391.209907683285,2
1624,1625,-0.002734256782867942,1,2388.043405014143,2383.901924541214,1
1627,1628,-0.009207850650692163,1,2378.6772660919532,2359.1534383456737,1
1631,1636,-0.01924681036310488,5,2325.177944883698,2282.750863862931,5
1639,1640,-0.005148973581481844,1,2287.9833290345614,2278.490546647526,1
1642,1654,-0.03937529983626235,12,2264.4077141248727,2177.5103891437852,12
1655,1657,0.00914620241152989,2,2179.271436618534,2201.3827657241313,2
1663,1664,-0.008980209424668727,1,2206.485396399706,2188.8771808439633,1
1665,1666,-0.012006289354057776,1,2187.8113359380322,2163.7316513226106,1
1669,1674,0.004377247942761726,5,2116.8533820674234,2128.2362275612736,5
1675,1677,-0.011784815231007977,2,2117.0038455374674,2094.1723502200125,2
1680,1682,0.009093323330227582,2,2075.888970474525,2096.841589051178,2
1684,1685,-0.003041545329798411,1,2115.811766456874,2111.4922408263315,1
1686,1687,-0.0017833607414861519,1,2117.757811607885,2116.0988432782956,1
1690,1693,-0.0004983506571962501,3,2137.489138039714,2138.5614080610617,3
1697,1698,-0.0018543782378463638,1,2168.234646811851,2166.3821543150702,1
1699,1700,-0.0022395858995829855,1,2164.039499242412,2161.3569863930106,1
1704,1705,-0.0038575993414607995,1,2153.1993658548217,2147.046384764921,1
1716,1719,-0.00033800902038714977,3,2218.868006076508,2220.3368766814824,3
1723,1726,-0.004803318174535241,3,2241.7251200615633,2233.199126170121,3
1727,1733,0.01217767158612603,6,2231.1854885441603,2260.5873181599254,6
1734,1736,-0.004798751322669182,2,2251.4575851370964,2242.9048576576233,2
1737,1739,0.0005031183699918753,2,2246.0255757639097,2249.401618066312,2
1740,1741,0.0014738708906932903,1,2252.837642307933,2258.4108717726967,1
1742,1744,-0.003169705944312064,2,2266.12529971139,2261.2084741780504,2
1745,1746,-0.002879186303565591,1,2262.4083913438003,2258.156904481715,1
1750,1751,-0.003841958627407754,1,2248.3274780534502,2241.9378243799583,1
1760,1763,-0.010524044407844865,3,2262.145290151843,2240.6005179514395,3
1765,1768,-0.010640797193963387,3,2238.0309381115717,2216.4545357234224,3
1771,1776,0.004786398892671189,5,2223.2031974206866,2236.0675379404247,5
1777,1785,-0.036478968549882564,8,2243.616107529958,2164.0149222128925,8
1789,1790,-0.011260116914192615,1,2133.0643500448477,2111.1788604278913,1
1791,1794,0.0051658960755694636,3,2108.0864719985666,2121.0847141032236,3
1795,1807,0.02901309546887403,12,2115.4832029941167,2178.9754023283786,12
1812,1814,0.0016954203798318509,2,2198.3033969208236,2204.2287486979376,2
1816,1819,-0.006967922062022251,3,2194.770821858646,2181.672600649793,3
1826,1827,-0.0005623937203564334,1,2097.9311973365984,2098.849265202813,1
1832,1836,-0.0035454653633547675,4,2121.261890874522,2115.8622922046966,4
1837,1845,-0.008170425181367971,8,2115.934689944038,2100.762538561133,8
1848,1850,0.001655244230722323,2,2136.677117527365,2142.350517116596,2
1851,1852,-0.0033869207497364815,1,2153.1196170673793,2147.9802911767365,1
1856,1858,0.0021008748408328916,2,2174.9993806602747,2181.7437815185913,2
1859,1865,-0.001228576382348271,6,2180.945902226023,2180.447389501595,6
1870,1873,-0.015852997420423315,3,2212.8388617947744,2179.971571888724,3
1874,1877,0.006797845380202854,3,2169.6159079981876,2186.534237383186,3
1885,1886,0.0020912730934587944,1,2271.622936159062,2278.6451430200946,1
1891,1895,0.005546783461661341,4,2300.1792080265636,2315.237983224529,4
1896,1899,0.002008791547372724,3,2314.714240285131,2321.678732925884,3
1900,1901,0.0010484976878885688,1,2331.339737632594,2336.115481694817,1
1902,1905,-0.007977732805072198,3,2337.609922702104,2321.2987052590033,3
1907,1909,0.0006935445985116102,2,2326.309602109248,2330.2493111703657,2
1912,1915,-0.007452523388132052,3,2325.452724019606,2310.4476859298743,3
1916,1917,0.0025086550419178674,1,2309.7469545737986,2317.8510598715184,1
1922,1925,-0.014167436967929433,3,2326.248486855133,2295.6177565327266,3
1926,1930,0.007259636758333895,4,2291.1813756970614,2310.105701607779,4
1932,1935,0.005005368516006233,3,2305.734146213633,2319.5809294615847,3
1936,1939,-0.01112364310097165,3,2318.6682524091084,2295.194882552165,3
1940,1942,-0.002855314841172245,2,2290.507745682881,2286.2581326684954,2
1943,1946,0.0038082531898164743,3,2290.359703993452,2301.3723333460057,3
1951,1953,-0.007123938106027877,2,2281.6344454276727,2267.6618573032924,2
1954,1958,0.013991422921522289,4,2265.141074550921,2299.0987623764254,4
1959,1969,0.03951073121706882,10,2331.6064743038296,2426.0615574883295,10
1972,1977,-0.0026064380497028495,5,2433.6782173611487,2429.7686640720467,5
1978,1981,-0.005774935530135737,3,2429.531782103991,2417.930924476029,3
1984,1985,-0.0012954652592104994,1,2411.8883450714434,2411.17571585638,1
1987,1988,-0.002609265989814152,1,2431.8610125810833,2427.9475013615815,1
1989,1990,-0.004179201014885791,1,2424.6110648850668,2416.902738926881,1
1993,1995,-0.0075478548872557685,2,2399.170572216826,2383.4611514601756,2
673,675,0.0024738790612978136,2,1979.769410945424,1986.6468904483052,2
679,680,0.0010383444092077225,1,1989.0334724112515,1993.087807669468,1
683,686,0.0007628425493530391,3,1989.9501175382657,1993.4580862765522,3
687,689,0.004284752970164098,2,1997.2201509206743,2007.774966045324,2
693,695,-0.003160313220052931,2,2015.2812900839888,2010.927651270895,2
696,697,-0.0008078899950226923,1,2018.7717901041865,2019.1596163628315,1
702,703,-0.00030067228957996687,1,2024.2594909200434,2025.6751116751245,1
704,705,-0.003963082940485815,1,2029.1770601109176,2023.1644401808778,1
708,709,-0.003124767273777069,1,2011.5814005905004,2007.307258261987,1
710,713,-0.004732880493783909,3,2005.1716655038686,1997.686599307021,3
715,718,-0.0012767487674257346,3,2001.4163801377588,2000.86249062145,3
720,728,0.015206607897209845,8,2008.0811585681563,2040.6253425308453,8
729,734,0.0009247885600182507,5,2045.7957834720983,2049.733507792259,5
735,737,0.0034035685724446065,2,2063.397261652036,2072.483572985915,2
738,741,-0.003961545450546428,3,2070.566544138735,2064.4344672098873,3
744,747,-1.5357258520394242e-05,3,2063.188072114728,2065.219575274243,3
748,751,-0.0013231944359113124,3,2064.956740917989,2064.2893583889268,3
752,756,-0.006815065849399302,4,2063.0811327704596,2051.084180130746,4
759,761,0.0013582737946931439,2,2058.8535002017748,2063.708840458413,2
764,765,-0.0013921692786208095,1,2078.8508539378613,2078.0355924981122,1
767,769,2.396467516249342e-05,2,2084.6080105069755,2086.7425754712954,2
774,775,-0.0024591472008247215,1,2084.9299246252704,2081.8877049618377,1
776,778,-0.00218347073799827,2,2082.42816841782,2079.963675616514,2
780,784,-0.004657193727664922,4,2079.628977146277,2072.0233710951875,4
786,788,-0.002259795636052868,2,2077.8773859299586,2075.259685066911,2
792,794,-0.00018347806764263438,2,2076.7789903051753,2078.4747258994184,2
800,802,-0.005335126449442866,2,2078.114038357793,2069.1051512251497,2
811,814,-0.0035192612128226233,3,2089.76359876069,2084.4989383823636,3
816,817,-0.0016508335795048024,1,2083.4166757579346,2082.060718225251,1
822,823,-0.002764028949743493,1,2077.03469287808,2073.3707435502215,1
825,826,-0.0020762152941889572,1,2070.1690579017622,2067.9411103000916,1
827,828,-0.002063255258532901,1,2068.314225315293,2066.115079338928,1
834,835,-0.0014239372862551868,1,2069.1094502902856,2068.2322776449646,1
841,842,0.0008625293744777074,1,2073.8672584801006,2077.7298971677874,1
843,844,-0.0027534669727482196,1,2078.616682840895,2074.97189713853,1
845,846,-0.002885804620777559,1,2082.915301131309,2078.9873298317475,1
848,850,-0.005087341324036702,2,2080.70292005771,2072.198377029514,2
855,856,-0.0013834026438110103,1,2072.2064298060645,2071.4119403823547,1
857,858,-0.0031324174892704134,1,2073.0242809032566,2068.6037276709762,1
860,862,-0.0022728990471924506,2,2068.2929724976143,2065.6602443436072,2
865,871,0.009984909009008475,6,2068.5661527100633,2091.289163676698,6
874,875,0.005665036290316224,1,2097.3243139101255,2111.303056574899,1
882,884,-0.0011642816945158009,2,2178.933910209972,2178.575951254965,2
885,886,-0.0032960127368933255,1,2176.580385246088,2171.582928958691,1
889,890,-0.0035393073184611257,1,2172.862783244478,2167.3452168769736,1
902,904,0.0011135314912900907,2,2160.401116910792,2164.9671927052013,2
905,906,-0.004708214734391077,1,2170.290439644083,2162.242536657887,1
914,918,-0.0038609064830269725,4,2157.3700021599184,2151.197968334451,4
919,920,-0.0020351693719042564,1,2156.64462695359,2154.4121344896857,1
921,922,-0.0007511763382614125,1,2158.123441365289,2158.6604335424536,1
930,934,-0.0034248444071013997,4,2151.9512360196827,2146.7330891006654,4
937,938,-0.002590425153909897,1,2139.3493338238336,2135.94685883032,1
939,941,-0.0034656523493375355,2,2141.706416152286,2136.4257126957086,2
942,943,-0.0037296033034400896,1,2136.0428230709954,2130.2122735248513,1
949,952,0.0015762365437254166,3,2110.619486951128,2116.0569420033103,3
954,958,0.0045570529194068655,4,2118.9471444048695,2130.7222458197534,4
960,964,-0.0027405491261897875,4,2139.8894435409297,2136.164860839832,4
965,966,0.000783024459321717,1,2138.516681862645,2142.3297094130735,1
970,975,-0.006316548478751658,5,2151.2156189065104,2139.778576780346,5
980,981,-0.0024748632479314778,1,2129.1908538021635,2126.050588464059,1
984,987,0.001967846388130873,3,2120.877441597112,2127.1718800518242,3
989,992,0.0031159869479177914,3,2129.6947278861544,2138.460523589183,3
993,994,-0.0012681026083172099,1,2141.5818070462906,2141.007643377897,1
995,996,-0.0020398387504100743,1,2139.7312831186305,2137.506307614979,1
999,1000,0.0023652952991586947,1,2139.4844534609897,2146.684450434845,1
1001,1002,-9.300182314547778e-05,1,2139.7904011874202,2141.731187180148,1
1003,1006,0.0018019081987255769,3,2142.2892847594353,2148.2917826704447,3
1010,1011,-0.000466867066546778,1,2144.7899898671867,2145.9334480461257,1
1014,1017,-0.0012663586314756148,3,2134.4371567924695,2133.8686310324156,3
1018,1019,0.0012093955323195975,1,2137.232079769675,2141.954070778248,1
1021,1025,-0.0029075943107549143,4,2151.181300358509,2147.0777191485427,4
1026,1036,-0.0015495678749351993,10,2146.4385388789074,2145.2589252124167,10
1037,1038,-0.004044024185090523,1,2155.8123913724285,2149.250046314573,1
1040,1045,-0.0074926734418786,5,2149.0025251276843,2135.0497535062577,5
1046,1047,-0.003168052224510752,1,2138.5709747084475,2133.9344411494567,1
1051,1052,-0.0028971799204354793,1,2144.490466131457,2140.4219818795473,1
1055,1058,-0.0060075509147661695,3,2151.18226695735,2140.410112228619,3
1061,1062,-0.0028851115595491736,1,2149.670234360393,2145.6178661523813,1
1069,1077,-0.0017182896208464897,8,2148.389143339948,2146.8459777167477,8
1080,1081,0.0022307575860148823,1,2152.7765485892223,2159.731647754572,1
1082,1083,0.004235080163964488,1,2167.9673892168807,2179.316872292292,1
1087,1088,-0.002157747211993314,1,2186.6900899284333,2184.158455573325,1
1089,1092,-0.005431624436886955,3,2187.8631096574445,2178.167322036123,3
1093,1094,-0.008261021087584614,1,2169.7805553007556,2154.025732933286,1
1098,1099,0.00026214846493663024,1,2136.154159505906,2138.8503031991945,1
1101,1115,-0.009712050557402051,14,2149.8081579752484,2131.0789206142526,14
1116,1119,-0.0037834450373493587,3,2131.7310835512912,2125.797527245817,3
1120,1121,-0.00033594145604316,1,2125.0632402958486,2126.4744066970156,1
1122,1123,-0.003261579598460868,1,2132.40356448337,2127.580964086249,1
1129,1133,0.002080381192308293,4,2132.9277969760296,2139.498027646386,4
1134,1137,0.0005548343560013553,3,2138.4710326654636,2141.7960008963655,3
1139,1140,0.0006542359326498993,1,2143.1558737629443,2146.7011592185927,1
1141,1142,-0.002198985740291701,1,2145.7754305652934,2143.2026764221773,1
1146,1160,0.006914454692102519,14,2148.6914836002206,2165.697204994481,14
1162,1163,-0.0024521908938470926,1,2169.068177946198,2165.918276890051,1
1164,1166,-0.0020742377278178564,2,2168.3328092746015,2166.0035043644134,2
1170,1172,-0.0011731765687001852,2,2163.86624470646,2163.4915137750754,2
1173,1177,0.0025366785756631262,4,2170.356277711594,2178.0321302605325,4
1178,1183,-0.0017889366313646273,5,2170.542323506511,2168.8299031575693,5
1187,1189,-0.0067827546677779035,2,2217.0922323018635,2204.271331846626,2
1193,1194,-0.0018718331591711284,1,2213.879803608171,2211.9496697849663,1
1196,1198,0.0009197849345701941,2,2217.347335369195,2221.6041653783464,2
1201,1202,-0.0011342164472980486,1,2227.9382747311547,2227.639248771121,1
1203,1208,0.003706629480822673,5,2230.0376587079636,2240.5336196957833,5
1209,1211,0.0038025202976948985,2,2246.694571639431,2257.4843679224505,2
1212,1215,0.0062944720253107255,3,2260.389370373469,2276.877717401968,3
1220,1228,-0.006107932524406198,8,2291.605996594565,2279.9006277914355,8
1235,1236,-0.005489788320092087,1,2297.925213498191,2287.608015714182,1
1239,1240,-0.0036923937734506833,1,2280.365637322175,2274.225995079058,1
1241,1243,0.0007747495084723503,2,2279.2766513863926,2283.321796503113,2
1246,1247,-0.0026711326717734412,1,2298.8505981112144,2295.008913769185,1
1250,1251,-0.006472879149021968,1,2301.525763644787,2288.9297912819984,1
1252,1255,-0.001810680547051427,3,2292.10332746089,2290.2451638814855,3
1257,1258,-0.0022865933977750776,1,2295.2061526490897,2292.2531555665587,1
1259,1262,0.012313573568945357,3,2305.316388987724,2336.0083883322077,3
1263,1266,0.007202568743164452,3,2345.9056778995105,2365.148130487461,3
1269,1270,-0.0020191032817843788,1,2378.670875994363,2376.2467646983523,1
1271,1273,0.004982487454603795,2,2371.787235092829,2385.9764224717615,2
1275,1276,-0.001998340625013895,1,2388.1826371431966,2385.798417396584,1
1279,1283,-0.01419232528015208,4,2381.8369166830853,2350.4149493139275,4
1284,1294,0.01618951383832626,10,2344.950962549211,2385.259529570147,10
1299,1303,-0.010350682382572321,4,2368.200489984145,2346.056199384051,4
1304,1305,-0.0005617186648580379,1,2324.919321723183,2325.9382904676054,1
1311,1313,0.007446238951447738,2,2351.1757877403884,2371.034380260502,2
1317,1320,-0.015920625366092633,3,2365.0014840340414,2329.7141829005163,3
1324,1337,0.034210914993437425,13,2342.2129904596077,2424.684452963206,13
1338,1349,-0.004384612608918575,11,2426.0196212308997,2417.8084846313977,11
1350,1352,-0.0027653724425194585,2,2421.2628603875173,2416.9884296576934,2
1354,1356,0.00202941312010525,2,2426.0829244992415,2433.432531941183,2
1357,1359,0.0057681209159233865,2,2457.2848012675545,2473.916001927394,2
1361,1364,-0.004989174564290803,3,2465.8672095568622,2456.0304348055793,3
1365,1368,0.00415082570243534,3,2455.851392286969,2468.501054759722,3
1370,1371,-0.0009191022942631616,1,2467.8165885437825,2468.016229243975,1
1377,1379,-0.008648582450767247,2,2460.6046413024383,2441.784503824696,2
1384,1385,-0.003625887035516827,1,2441.5525320384468,2435.1412908980337,1
1387,1389,-0.0007265370300486877,2,2423.222714654257,2423.8853763346597,2
1390,1393,0.004052231361323912,3,2426.356542652056,2438.615057270596,3
1399,1403,0.0006468570665927535,4,2460.7921875198354,2464.8447605232686,4
1404,1409,-0.0003833374014891906,5,2460.697647396047,2462.21506760144,5
1410,1411,-0.002505696077855768,1,2455.882126886768,2452.1843148006387,1
1417,1418,-0.0007553722964828376,1,2460.4740244485483,2461.075924558713,1
1420,1421,-0.00026427500125719954,1,2464.2387556587787,2466.0517577141877,1
1428,1434,0.01167642466158621,6,2495.757515087421,2527.394797201014,6
1435,1436,-0.0012132641636820691,1,2527.6894212502075,2527.1503556797365,1
1437,1442,0.004697399265511927,5,2514.1230661514405,2528.4470290619383,5
1445,1453,-0.008634234275859558,8,2513.923163962787,2494.731285577585,8
1458,1466,-0.01717830302703032,8,2453.2741888971086,2413.584375660739,8
1467,1468,-0.0023219090686242166,1,2415.401320817755,2412.208379907399,1
1470,1475,-0.005333065566001931,5,2427.2548255263882,2416.737371221988,5
1480,1483,-0.017862805036733615,3,2399.0698471955634,2358.6148000927983,3
1485,1488,0.0041042088646938086,3,2369.544032773612,2381.6386804309773,3
1495,1497,0.01444600979785213,2,2361.629255023925,2398.1070036359188,2
1500,1501,0.0008174232955214006,1,2403.809547779628,2408.1782872497593,1
1504,1506,-0.0007271113553006716,2,2417.165902411858,2417.8255195389806,2
1509,1510,0.0002334124363173927,1,2428.0877108724903,2431.08254445155,1
1511,1513,-0.005335105788023943,2,2428.5447135570644,2418.016715312848,2
1514,1517,-0.003583083404925351,3,2423.41199082457,2417.1521155277737,3
1518,1523,0.007605094470421137,5,2425.1315984485864,2446.00008495644,5
1526,1532,-0.010142595804165568,6,2447.57957239477,2425.202341665832,6
1535,1539,0.009482355381282712,4,2437.6573822699747,2463.209773248736,4
1540,1542,0.0058173888343605075,2,2462.9393814866494,2479.7301969257032,2
1545,1550,-0.004624407794871795,5,2486.5358073200496,2477.523587557771,5
1551,1552,-0.001866998045918508,1,2483.111248608871,2480.958396008529,1
1555,1556,-0.004852675379658636,1,2480.567802320726,2471.010979821151,1
1562,1564,-0.0041349093476136575,2,2472.0487941518577,2464.299145279314,2
1569,1570,-0.002017338968137259,1,2468.0300685177203,2465.519245354483,1
1574,1576,-0.005562726231993156,2,2443.3040681631846,2432.155940598641,2
1583,1587,-0.001976910915874568,4,2411.5532375778193,2409.197364895817,4
1591,1594,-0.008051535490703076,3,2407.824148650724,2390.8452912111416,3
1596,1598,-0.009293714234942341,2,2371.6075895102626,2351.938153885444,2
1606,1608,0.0015663745711855365,2,2352.0248713944466,2358.061048215189,2
1613,1615,-0.0015955457577223869,2,2380.9703984908765,2379.5524216707927,2
1617,1620,0.00011529462120469396,3,2385.917667318879,2388.578668459877,3
1623,1624,-0.0029854330963625,1,2389.3218182557575,2384.5779796399315,1
1625,1626,-0.004011592176121823,1,2378.9188786157033,2371.7545451332358,1
1630,1631,-0.008051710960372889,1,2341.345785349027,2324.8352916124586,1
1634,1636,-0.005985926834673227,2,2296.462549851378,2285.0125555992518,2
1637,1639,-0.003963465110277161,2,2292.529342358414,2285.735511638048,2
1641,1643,-0.016433764114764087,2,2273.084933567473,2238.0026768899684,2
1644,1645,-0.027218301159048115,1,2207.355521059739,2149.4824092435074,1
1648,1653,0.00901779413097285,5,2150.900719317758,2172.447999920045,5
1654,1656,0.0059381149839333215,2,2177.1308232552756,2192.236007242086,2
1657,1659,-0.0012330624204283619,2,2194.510466760291,2193.9990088392524,2
1661,1665,-0.01756616226805395,4,2219.3981365013406,2182.631226834643,4
1666,1667,-0.012696884291714863,1,2167.23725537172,2141.8873319629433,1
1668,1674,-0.005798652207594985,6,2135.5664039545295,2125.3185635157274,6
1676,1678,-0.020832606247038653,2,2112.6381258925103,2070.7390057992025,2
1680,1683,0.010871793981100223,3,2077.6775749896597,2102.343335119089,3
1684,1690,0.009883387026383705,6,2114.7449945579788,2137.760582795861,6
1693,1696,0.004222220482883447,3,2142.372303356831,2153.560243881383,3
1697,1700,-0.00499790749334661,3,2167.7031028244733,2159.0368263463406,3
1704,1713,0.021670624551500293,9,2155.5027140456837,2204.3693067955533,9
1714,1716,0.00014018282539330707,2,2214.5118319605076,2217.0367803179392,2
1717,1718,-0.003987453483341244,1,2217.4312194635413,2210.8067468428853,1
1719,1722,0.008279423078732074,3,2217.1044648355473,2237.6779151745022,3
1726,1737,0.0015950569914657555,11,2237.686739862445,2243.493664481435,11
1738,1741,0.001528828867351209,3,2246.7319581062134,2252.413558739073,3
1742,1744,-0.0032923872057074996,2,2267.46692324632,2262.2690110821054,2
1745,1750,-0.007089918875212347,5,2261.5583878433213,2247.7856807297994,5
1751,1754,0.002289566974981106,3,2242.878000820082,2250.2560982204914,3
1757,1762,-0.005431721303891734,5,2263.713474308804,2253.681327078803,5
1766,1767,-0.0034703877314295395,1,2233.776630697167,2228.258336313939,1
1770,1773,0.006078657769534511,3,2215.502611810215,2231.1853965867294,3
1776,1779,-0.01021001992763208,3,2243.7180740491754,2223.053385875194,3
1782,1786,-0.032834746123699014,4,2213.7944248860776,2143.318841399769,4
1788,1794,-0.01028506286680949,6,2140.9324643417485,2121.053771816742,6
1795,1797,0.003949390710098043,2,2117.7814612657467,2128.263189156153,2
1800,1803,0.0018818652687836931,3,2160.612492400195,2166.8390865013434,3
1805,1806,-0.001017550934948263,1,2171.13084948738,2171.0927441110766,1
1809,1811,0.004976662573139039,2,2192.9620683233898,2206.0686626414517,2
1813,1826,-0.04504601724703038,13,2195.857291074291,2099.1385229596153,13
1829,1830,-0.0033954640853627286,1,2114.038880517738,2108.9747763043974,1
1831,1832,0.0018466816370929927,1,2115.8361404806083,2121.859252368812,1
1834,1838,-0.010944333539742286,4,2130.181366541001,2108.998132531973,4
1847,1855,0.01615554357855409,8,2130.819685671337,2167.3750556469126,8
1856,1857,-0.0004962134360367352,1,2177.3328642526526,2178.4297752949387,1
1860,1861,0.0015896064220752553,1,2183.339558050607,2188.993548191706,1
1862,1868,0.01389822268818399,6,2176.622580268514,2209.050388177484,6
1872,1875,-0.011228508182973024,3,2190.5279619396492,2168.1221287559183,3
1876,1879,0.01811197321214763,3,2169.983915760908,2211.4565902297218,3
1881,1884,0.009329850567755631,3,2240.2345683079775,2263.3758566353195,3
1885,1887,0.005792043341520312,2,2272.5517902202396,2287.987060475265,2
1889,1890,-9.120260040283192e-05,1,2289.8425573152135,2291.9235602767885,1
1893,1895,-0.0014844137122369543,2,2319.4855001396922,2318.36190955809,2
1896,1897,-0.0011617422324263235,1,2314.27623529956,2313.9019190948115,1
1898,1899,-0.0013152733480955446,1,2320.362742251378,2319.6311937208325,1
1902,1904,-0.0039073864469247425,2,2336.7437628337166,2329.949945687718,2
1909,1910,2.947998260943675e-05,1,2339.1239421694313,2341.532023444737,1
1911,1916,-0.013645681363501569,5,2338.433252723635,2308.8621709198756,5
1918,1919,-0.001798381370816979,1,2317.2166094940535,2315.3665869208858,1
1921,1922,-0.0029698324220987574,1,2323.8821821182137,2319.3045236507396,1
1924,1926,-0.01032331450531557,2,2310.2051947719115,2288.666425169239,2
1927,1930,0.0007057252184052547,3,2303.5213233610266,2307.4504977734177,3
1931,1933,-0.0009599677027969595,2,2304.9267416485036,2305.0190131608565,2
1934,1936,0.0045124938637159965,2,2309.2096593385268,2321.939163415664,2
1937,1938,-0.0068639187288447355,1,2314.7973674144105,2301.2235837781486,1
1940,1941,-0.0017074937069970248,1,2296.6871539156587,2295.0622622073224,1
1943,1945,-0.0007755593611744521,2,2294.808670455771,2295.3237187797504,2
1949,1950,-0.0033252840894941347,1,2295.3082675099113,2289.971023714986,1
1951,1952,-0.006383033068275539,1,2284.9873236583508,2272.6871613345074,1
1953,1954,-0.0038180051898372425,1,2269.4097985863414,2263.0145899960576,1
1955,1956,0.0006161044815288339,1,2259.4641847801345,2263.1157149750115,1
1957,1958,0.0076444959893385,1,2278.065560030385,2297.7582886275177,1
1960,1969,0.03088748814292426,9,2351.4092079672723,2426.3897412054916,9
1974,1977,-0.00782449486082304,3,2446.339396143442,2429.6443655066323,3
1979,1980,-0.004391088254817284,1,2426.0617903392917,2417.834800696611,1
1982,1984,-0.006785618154674091,2,2421.2298988773055,2407.221587217721,2
1992,1993,-0.0036518882916460314,1,2403.4054517640666,2397.031888986455,1
1995,1998,-0.006025252949822569,3,2392.978653544238,2380.9533305066525,3
1999,2000,-0.004079466361307561,1,2375.2824760918957,2367.9678736081673,1
673,674,-0.0014808557886483774,1,1980.2621094120586,1979.3098889137068,1
676,678,9.311331744344081e-05,2,1987.09462576036,1989.266745358799,2
682,686,0.0021639032372227527,4,1989.0680303455815,1995.3612491258482,4
696,697,-0.002491933162072482,1,2019.4879378871483,2016.474996862209,1
705,708,-0.006239487126214155,3,2024.9900476615917,2014.380138376157,3
710,711,-0.004086334557552289,1,2007.871744828547,2001.6747808753498,1
720,724,0.008638215606510184,4,2007.012609289429,2026.3566295427452,4
725,727,0.0028793116647209717,2,2025.5315584888963,2033.3892266910027,2
729,731,-0.0029296951655853436,2,2042.7121257767053,2038.7703140629114,2
733,740,0.005899107303074238,7,2050.52924218325,2064.676063453164,7
743,745,-0.00167733111692372,2,2065.3393608521314,2063.940442236019,2
753,760,-0.0017213832836276736,7,2063.611596844353,2062.122941934489,7
762,764,0.0012701911560909522,2,2072.7767282093605,2077.4823276062925,2
767,768,-0.0005374260751907288,1,2084.5342995518463,2085.4985507641895,1
772,776,-0.005275722975400024,4,2091.6432574468454,2082.6999703146394,4
781,782,0.0005803623149306326,1,2074.899421472295,2078.1785143252614,1
787,790,-0.007470347949838992,3,2081.535519801171,2068.0672607181086,3
795,796,-0.002478788197309562,1,2071.6408644452754,2068.5773463858695,1
799,806,-0.0028760985659476426,7,2080.346046968485,2076.4431127330927,7
807,810,0.00422820591029274,3,2083.154191342325,2094.045350397552,3
812,813,-0.0012166128691105196,1,2088.3063621760707,2087.854008143378,1
815,817,-0.0033506638630852728,2,2083.032360626749,2078.1358517309864,2
819,821,-0.004282101462440046,2,2080.2075287027665,2073.3800765306323,2
824,825,-0.0046038788870721055,1,2074.456933248255,2066.9808417043814,1
828,829,-0.0032390257004959165,1,2068.05794483714,2063.427509948535,1
830,832,-0.005344835837551369,2,2065.540358581567,2056.565924807693,2
833,834,0.0014929433109558622,1,2061.574463493843,2066.713851762647,1
838,839,-0.0012469454556998608,1,2073.6602104396393,2073.1481294740056,1
840,842,-0.003091976707659703,2,2076.644782206079,2072.300489691621,2
845,852,-0.004259467572793627,7,2078.2757151787696,2071.50164287782,7
853,855,0.000491370735068035,2,2074.3930420033744,2077.486731079247,2
857,859,-0.003609163650876039,2,2072.5043522204846,2067.0968491983886,2
860,867,-0.0009699067977398311,7,2066.8858189443176,2066.948018157316,7
869,872,0.007407461878073914,3,2074.523467814659,2091.9649447854804,3
875,876,0.004204742415059142,1,2113.7368248843372,2124.738280591085,1
877,880,0.013053588957963852,3,2131.242973629472,2161.1945863504093,3
881,882,-0.0006167622441381835,1,2175.3204847994216,2176.1541497402964,1
885,887,-0.0010362596005988134,2,2171.782771598962,2171.7040236230764,2
890,891,-0.0017387290585086207,1,2168.812293550367,2167.2101288866706,1
894,898,0.00024597376906471493,4,2166.2560159422997,2168.9551141152424,4
899,901,-0.00544820076635194,2,2168.313088953208,2158.6679970092355,2
902,906,0.002073110926348632,4,2158.090756576711,2164.722808860799,4
908,910,-0.0028330245029945427,2,2164.5161704322445,2160.5485592547143,2
911,915,-0.005092255092635173,4,2160.06430999267,2151.224775819683,4
919,923,0.0022847662523462517,4,2150.374139245626,2157.437615648138,4
925,926,-0.0010756346872814791,1,2154.6515371341125,2154.4885707389008,1
928,933,-0.003692669247695461,5,2155.8822100469397,2150.0771323182926,5
935,938,-0.004886321520070109,3,2144.275792996461,2135.9424478371734,3
940,942,-0.003919927300729483,2,2138.8290810950425,2132.583855669559,2
954,956,-0.0011551019321667834,2,2119.161697671149,2118.8330115972662,2
958,959,0.0012269526207677544,1,2129.693489474939,2134.436215972757,1
961,962,-0.003013392132044319,1,2140.731583614815,2136.421451487546,1
965,968,0.002885496988175044,3,2140.7732289131877,2149.0911968464957,3
971,974,-0.0020726520154504234,3,2150.0355711599946,2147.7293311712997,3
981,982,-0.0044344067351959095,1,2129.93131745143,2122.61626698927,1
983,984,-0.0016676985254756548,1,2119.2205716281032,2117.8055711772695,1
987,990,-0.0011883723493192708,3,2128.9515438291255,2128.5505082252275,3
993,994,-6.307496272670672e-05,1,2135.8236910805676,2137.8247977719425,1
997,1003,0.0021479471097700324,6,2136.8122905440778,2143.538862618217,6
1004,1009,-0.0020365636172265554,5,2145.9304854889797,2143.7060920226245,5
1010,1011,-0.003393217015045665,1,2143.3443822788763,2138.214894034104,1
1013,1017,-0.004612127163310612,4,2142.116097617247,2134.3785018740787,4
1018,1021,0.00011437529490597258,3,2143.597348262523,2145.986120189653,3
1025,1026,-0.005201251769879703,1,2150.3591004569093,2141.324900480238,1
1036,1037,-0.004576256672378586,1,2155.2933363686648,2147.5854541935432,1
1038,1039,-0.0023114985273475983,1,2148.779522508041,2145.961401328677,1
1040,1041,0.0002629183288798264,1,2143.1565002601674,2145.863131886004,1
1045,1046,-0.004467151784725617,1,2140.876427695484,2133.4536841683225,1
1047,1050,0.0006098112240288172,3,2137.311327613163,2140.7519953775986,3
1057,1059,-0.0015012423106454628,2,2143.12480541761,2142.0505805881407,2
1060,1061,-0.0016203022046392588,1,2145.274009605912,2143.943291408198,1
1066,1068,0.0004128222302881995,2,2136.937215841013,2139.956328244283,2
1071,1073,-0.001464092309769206,2,2155.0995364447895,2154.0993713231383,2
1075,1077,-0.0011324206132231533,2,2154.0323715799846,2153.7471332924374,2
1080,1084,0.01632011116354596,4,2148.9298411211103,2186.149544851989,4
1090,1091,-0.002382724263368957,1,2183.9624434486323,2180.9426255877893,1
1092,1094,-0.009979677920197171,2,2174.0025852347926,2154.480742221708,2
1096,1097,-0.0039219060317401515,1,2149.5334841419253,2143.2527492891836,1
1101,1102,1.4501655965059278e-05,1,2148.0515951493403,2150.2307970497177,1
1103,1105,0.0003717885305561184,2,2145.8066880236715,2148.750281027093,2
1108,1109,0.001959981446466043,1,2152.025437489324,2158.395392856615,1
1110,1117,-0.012983543199314093,7,2154.1538207450963,2128.33942537623,7
1118,1119,-0.002841951056664683,1,2131.711169640424,2127.784661999001,1
1120,1121,-0.0009264413382960012,1,2125.608304599405,2125.7646615015983,1
1122,1124,-0.00021439878321799684,2,2127.9932401038523,2129.6649941825817,2
1125,1131,0.0023406698783711628,6,2127.7700953153776,2134.8782727808966,6
1136,1137,-0.0007717600879329512,1,2145.9251987612756,2146.4149845399434,1
1139,1142,1.0829687781446773e-05,3,2143.924375986782,2146.0915183943875,3
1143,1145,-0.0003252865563375271,2,2142.717420889336,2144.16314113918,2
1146,1156,0.004148074108022627,10,2148.918963822978,2159.981757900874,10
1158,1159,-0.0017700006832616598,1,2164.0949644511993,2162.4286098499288,1
1164,1165,-0.0024112588405671397,1,2169.9259618597766,2166.863634662726,1
1166,1167,-0.0022415073906146884,1,2167.7061681317987,2165.014944903382,1
1169,1170,-0.004764887614880263,1,2169.6861412985722,2161.51751681702,1
1172,1175,0.00034528510148266653,3,2167.4294290804078,2170.3452395998647,3
1179,1183,-0.0018782362966791371,4,2164.3893368102886,2162.4884915345565,4
1184,1186,0.009500224143951744,2,2180.063915156667,2202.955074913953,2
1187,1189,-0.005582628662178632,2,2212.1853235415833,2202.0476996718708,2
1192,1193,-0.0027166129175842757,1,2216.9195257580454,2213.1139330628844,1
1194,1197,-0.00032091096939517664,3,2216.734297878139,2218.2396578235935,3
1199,1200,-0.0011799977047163208,1,2227.15897296371,2226.758089460538,1
1203,1204,-0.0013044648230773137,1,2225.949220943141,2225.2714977074074,1
1207,1212,0.007419806044348471,5,2236.358779878758,2255.188487050913,5
1217,1221,0.0010020741348631076,4,2287.9114226076035,2292.491990889664,4
1223,1227,-0.01206241844861294,4,2302.672228885355,2277.199105139425,4
1233,1235,-0.0022255629335810132,2,2297.6736247187446,2294.8576810908226,2
1237,1242,-0.004999183886275522,5,2287.9274032963835,2278.7775608921525,5
1250,1253,-0.0022789314515797446,3,2294.618390320846,2291.6837306920916,3
1254,1255,-0.0011555865252614304,1,2291.3061564432396,2290.9496600800485,1
1258,1259,0.003345956928883403,1,2292.5243666516712,2302.487578807555,1
1261,1263,0.0007811603897763465,2,2337.2890795648746,2341.4521662928523,2
1265,1269,0.007553034776932221,4,2353.945387889313,2374.0787646549297,4
1270,1271,-0.002877732143392215,1,2377.3113561088053,2372.8474021605884,1
1272,1273,-0.001493479128501876,1,2385.291471166749,2384.1143796103347,1
1279,1280,-0.0023124233659843315,1,2379.116235961534,2375.9938282230655,1
1284,1287,-0.0015003948550263598,3,2344.0882742544763,2342.915304542312,3
1293,1294,-5.247399289278962e-05,1,2380.9577781768044,2383.213797593451,1
1295,1300,-0.007942587741702156,5,2386.2332661817245,2369.6666323590894,5
1301,1308,-0.011733606512147415,7,2368.9751319906823,2343.547485086832,7
1309,1315,0.012494259527294913,6,2341.289222040719,2372.8831864313947,6
1317,1319,-0.012467041441973394,2,2360.946623600674,2333.8735508255577,2
1323,1332,0.019225854272667934,9,2339.5881217264746,2386.908290134579,9
1333,1334,0.0024805357384615166,1,2402.9731951289295,2411.336829213141,1
1337,1341,0.0031533586774478055,4,2422.9419717652854,2433.0053188286693,4
1345,1350,-0.0082511057142052,5,2439.431176607826,2421.7426032637145,5
1351,1353,-0.00415797979515297,2,2422.460772621947,2414.810690447456,2
1354,1359,0.01815857845931728,5,2423.342597148602,2469.7703964298794,5
1360,1365,-0.01024614912809597,5,2474.4388055562117,2451.5597753516913,5
1366,1368,0.001688930392869633,2,2459.866666995746,2466.481077239038,2
1369,1370,-0.003088885992741059,1,2469.86878741127,2464.7095130973385,1
1377,1378,-0.00320493483958134,1,2457.0156765184424,2451.5981170518894,1
1379,1382,0.0018999403557266527,3,2442.001129684942,2449.0827873096455,3
1384,1386,-0.010214895147967373,2,2445.7647675998587,2423.2273017098332,2
1391,1392,-0.0004534482057411799,1,2434.8461308976603,2436.1769004192465,1
1393,1396,0.0006343598148326863,3,2438.7071134917637,2442.6928383982013,3
1397,1401,0.002809286053548445,4,2450.112961061543,2459.446142193733,4
1407,1411,-0.007713093763850321,4,2466.877160077765,2450.316782398262,4
1413,1414,0.001501678891753626,1,2444.614162666119,2450.7298023153426,1
1416,1418,0.0022416812322411618,2,2455.4472946699184,2463.407072081807,2
1420,1422,0.0019762332319661147,2,2465.764462949149,2473.1031530859796,2
1424,1426,0.003912952639979737,2,2482.9258363401045,2495.1243333826255,2
1429,1431,0.0046073040217847975,2,2492.1904940394406,2506.164963819722,2
1432,1436,0.0019064005739979936,4,2514.9579254438,2522.2674006018906,4
1440,1441,0.0023173759519045617,1,2520.5020377712526,2528.8634906180814,1
1442,1454,-0.015511599297048213,12,2532.000048686308,2495.256678559666,12
1455,1456,-0.005053662426589563,1,2492.63019726328,2482.5259158892513,1
1457,1459,-0.01777094043356063,2,2477.126077171243,2435.5823432845846,2
1462,1465,-0.010293081205149334,3,2427.025070769134,2404.470529699543,3
1470,1471,-0.002482407402826362,1,2432.5802392308888,2428.974164276284,1
1472,1474,-0.0009062555545898384,2,2434.2052610562114,2434.4334542784236,2
1475,1476,-0.008662798085016452,1,2420.516407347212,2401.968478856241,1
1478,1479,-0.0005493115663771067,1,2382.655935809423,2383.7297712809955,1
1480,1481,-0.003167338997427045,1,2388.993233667006,2383.81547546709,1
1484,1495,-0.0027774205766059492,11,2369.552672007183,2365.340980330606,11
1498,1500,-0.0055129064024437525,2,2410.5551342825675,2399.67652458362,2
1501,1503,0.0041083151237018885,2,2410.043042326216,2422.3543016481035,2
1504,1505,-0.0026500240333451218,1,2419.5071090440138,2415.5148641652418,1
1506,1508,-0.0010516589328356221,2,2422.168357252923,2422.0432306204393,2
1510,1512,-0.006495641840062256,2,2431.666073650068,2418.302507834657,2
1513,1516,-0.0010057201239157606,3,2417.6733788102533,2417.6595494189387,3
1519,1523,0.007812396303004401,4,2428.100998969597,2449.498387236238,4
1524,1525,-0.003413048883113046,1,2451.0281544888867,2445.1137037382186,1
1526,1532,-0.010671619375342889,6,2454.067163465943,2430.332359939373,6
1534,1535,0.0009677455312399725,1,2430.4419430983617,2435.2244343708317,1
1536,1537,-0.0003208121371797892,1,2454.9238381991786,2456.5911926742315,1
1538,1540,0.004848048085463064,2,2450.381492240298,2464.711441034648,2
1541,1542,0.0020052560472519124,1,2469.9093018670496,2477.3320117326493,1
1543,1545,-0.002930083260237751,2,2486.712575012391,2481.913012698337,2
1546,1550,-0.004025418044261587,4,2489.849356210744,2482.316521040971,4
1552,1553,-0.001858113849534342,1,2483.010502370519,2480.8797966698958,1
1555,1556,-0.002656425905896294,1,2482.1215316192997,2478.0100812127425,1
1558,1561,-0.004810500380275664,3,2482.171179351569,2472.7128651287408,3
1563,1565,-0.0042297225667107165,2,2466.1521066930486,2458.187119581121,2
1568,1569,-0.0010505797521936176,1,2469.4672891033124,2469.3423840597793,1
1572,1573,-0.004959746516415758,1,2458.821057153805,2449.0847490382507,1
1577,1578,-0.0032834200760260964,1,2427.9271499232714,2422.3831723260078,1
1584,1585,-0.0023901178237140178,1,2410.0020514872367,2406.651864680277,1
1586,1587,-0.0007096384988335742,1,2410.254708778418,2410.954553953852,1
1588,1589,-0.003978186367692101,1,2405.0303503685486,2397.8677217651953,1
1593,1597,-0.017329731237273504,4,2403.789209914107,2364.5359781651514,4
1598,1602,-0.0007349342686306286,4,2355.923915725142,2356.548390420914,4
1603,1604,-0.0028147562176445737,1,2360.9061961788443,2356.621726980053,1
1607,1608,0.0028821147470186525,1,2348.092653365079,2357.208218482074,1
1609,1612,0.003387393649104809,3,2364.786357121532,2375.161605766257,3
1613,1621,0.003052214064055922,8,2377.815159002261,2387.4505750312956,8
1629,1632,-0.01797819513831608,3,2352.544423253398,2312.6024649638443,3
1633,1639,-0.004622560499581027,6,2291.883185880803,2283.5807003819773,6
1640,1643,-0.016456203508354486,3,2278.347970873526,2243.133360972858,3
1645,1646,-0.016319085510487715,1,2154.8610475352916,2121.8505468848793,1
1647,1651,0.0060773220343768855,4,2146.0342246816044,2161.2223999864705,4
1654,1659,0.005350789897666991,5,2181.1219094037256,2194.973756391547,5
1665,1675,-0.03079327603655802,10,2184.797719070622,2119.7054375423086,10
1676,1681,-0.012324060118839446,5,2108.200831620547,2084.3274386606886,5
1683,1686,0.0013618231186065138,3,2106.2938539872757,2111.2685475062017,3
1687,1688,0.004971720409676597,1,2115.618939082778,2128.252823880397,1
1690,1691,-0.00400375300015739,1,2138.824003688252,2132.399504670365,1
1692,1694,-0.00029700758476298224,2,2137.9520387386588,2139.4550028060326,2
1696,1705,-0.005392952254591691,9,2154.0928323278595,2144.630005363485,9
1706,1707,0.0019672705384774134,1,2159.5899597603816,2165.99804742317,1
1709,1711,0.0018052990039696725,2,2185.703350013552,2191.8349014443183,2
1713,1717,0.003114816324764869,4,2204.9619710367842,2214.034984550692,4
1718,1722,0.008866833805515863,4,2215.0554554529735,2236.9110395019293,4
1724,1731,0.006306203383665573,7,2239.071589832758,2255.4307022586636,7
1732,1735,-0.009133520040195742,3,2261.9221083700395,2243.52471957225,3
1739,1743,0.004734697496289747,4,2250.817928187572,2263.725688124953,4
1750,1753,-0.0022435382097364775,3,2251.3469608649852,2248.5473248957755,3
1754,1761,-0.002248596718562416,7,2252.513063835359,2249.700583415335,7
1770,1775,0.010238380638243883,5,2219.148512390301,2244.088148065336,5
1776,1778,-0.008384909975649179,2,2242.4365935470896,2225.876401177643,2
1781,1784,-0.014301721105401885,3,2211.8459732835827,2182.4246150188583,3
1786,1791,-0.01979608343196973,5,2150.70095760539,2110.276202969022,5
1793,1796,0.0018644745726384255,3,2120.3903462081407,2126.464150438922,3
1797,1799,0.005229657518147529,2,2134.127339993084,2147.4222224213563,2
1800,1805,0.0021557366543345424,5,2162.465338090681,2169.289509221822,5
1806,1808,0.005549532641834691,2,2173.3081591175237,2187.5423118464296,2
1813,1814,0.0007144079066192335,1,2195.631619112464,2199.3958273202934,1
1815,1816,-0.0036575744221577825,1,2202.2553013332736,2196.402643973389,1
1819,1822,-0.016447648752984944,3,2191.066761573105,2157.2199318459834,3
1824,1829,-0.013455447671109556,5,2140.246220286976,2113.5884954869016,5
1831,1835,0.006119609166952684,4,2110.477588355719,2125.5033639404246,4
1836,1840,-0.017716291108129275,4,2123.842575269798,2088.339804513749,4
1841,1842,-0.0015737106169004713,1,2084.8681466457683,2083.6720356552,1
1843,1847,0.020359262072680233,4,2080.7621021219156,2125.2056451720387,4
1848,1853,0.006659324033341396,5,2131.2855464781073,2147.6097530861603,5
1857,1859,-0.00018676013349094357,2,2179.596615723574,2181.3691505843885,2
1864,1865,0.0015372579219753266,1,2176.9618894660584,2182.4854032659446,1
1880,1882,0.009306909486684535,2,2229.726688020701,2252.7082791741755,2
1883,1884,-0.0041385814667056564,1,2266.590755387794,2259.4768756503277,1
1886,1888,0.001155316440014755,2,2280.89243082961,2285.8084757836823,2
1895,1897,-0.005858065879238154,2,2322.6042388379915,2311.3208744343187,2
1900,1901,-0.0006201706807647731,1,2334.2107232880403,2335.0973249580184,1
1902,1906,-0.008490562659672211,4,2334.0518200755187,2316.568458666321,4
1908,1910,0.0056891327524248685,2,2326.334493695292,2341.895653950165,2
1912,1913,-0.008769234360199413,1,2321.660180249889,2303.622658204785,1
1915,1922,0.0007233644074815637,7,2316.309158385121,2320.3010031454055,7
1924,1925,-0.007937427068497354,1,2308.033630537288,2292.0218155537964,1
1927,1928,7.034521621045349e-06,1,2301.42018268569,2303.73779225841,1
1936,1937,-0.001993990762394036,1,2319.668671880357,2317.362942648693,1
1939,1942,-0.006520236036014235,3,2297.981965958738,2285.2965631001416,3
1943,1945,0.0016321705812886197,2,2289.6397315094405,2295.666453852469,2
1946,1948,-0.00021446510757318327,2,2296.2788504268988,2298.082657586651,2
1951,1952,-0.005208241269897911,1,2286.049901361003,2276.4296518210494,1
1954,1955,-0.00788189695070645,1,2272.344836218286,2256.706793218962,1
1956,1958,0.013471142937126087,2,2263.6447677830074,2296.402294776473,2
1961,1963,0.005364225074315491,2,2364.110909661843,2379.1566435915756,2
1964,1968,0.010456520011387607,4,2379.661935652174,2406.9245802383107,4
1973,1975,-0.0013839143380250528,2,2441.9361890877876,2440.9986947722546,2
1977,1978,-0.004949694834759234,1,2434.195584099393,2424.5812543740817,1
1980,1981,-0.0032985495193730476,1,2424.4793952043838,2418.906609255807,1
1982,1983,-0.0026294989738646947,1,2420.5672617468736,2416.6229498776866,1
1987,1991,-0.01010593413776983,4,2426.7638281156137,2404.6658765288707,4
1992,1995,-0.006275712631659324,3,2400.286928908159,2387.6237048377116,3
1998,2000,-0.005489361432873499,2,2381.177807692958,2370.487839878287,2
672,673,0.002097694087198985,1,1975.3013525581289,1981.4202318783844,1
675,676,-0.003480719294205811,1,1986.9481097638743,1982.0190492513973,1
677,678,-0.0029536680402348445,1,1992.2651203783334,1988.3728956849757,1
682,687,0.002474165961803102,5,1989.2431006858042,1996.1540613559584,5
688,689,0.0010026007350755818,1,2003.1539843077312,2007.1655019491755,1
693,695,-0.0016580006791708582,2,2017.395751853088,2016.0683040782123,2
697,698,-0.003509536646826347,1,2024.9089597630407,2019.8273765220283,1
701,708,-0.003430094560324289,7,2022.7807339621731,2017.865185503843,7
711,720,-0.002831535115548901,9,2005.5532916064296,2001.8800503267478,9
722,723,-0.0002291413642616511,1,2021.595930803152,2023.154295484385,1
725,726,-0.0011770397037443934,1,2029.2697816909547,2028.9105203699867,1
728,729,0.0004970948756151481,1,2039.2594469441856,2042.3124118122555,1
731,732,-0.0017414780050446048,1,2045.4825367094252,2043.9658563987523,1
734,736,0.007274926579673176,2,2053.942968360448,2070.9391956224667,2
738,741,-0.0028703818317242415,3,2066.653151039301,2062.7877205331215,3
743,744,-0.00206124705548263,1,2063.7217919891236,2061.53167331404,1
747,750,-0.003963005160548209,3,2068.6466858254303,2062.5172750199786,3
759,761,0.004254477353269018,2,2054.483181303492,2065.2784166523234,2
766,767,0.0006302749207891746,1,2081.1669881559483,2084.5598625027133,1
773,777,-0.00499850739563382,4,2087.2283867235424,2078.8825885828514,4
778,781,-0.006325129001063992,3,2086.2590358835114,2075.1494373877963,3
783,784,-0.0024922174294953288,1,2080.460982627627,2077.356482487965,1
787,791,-0.0019621210225135477,4,2074.327276218547,2072.331522338524,4
792,793,-0.0006302589590277756,1,2074.5242916519155,2075.291328423033,1
797,798,0.0009991559609701071,1,2071.869368350933,2076.0113583490233,1
801,811,0.00497285965521432,10,2073.1263507504364,2085.5088434909953,10
815,816,-0.0038481989680558544,1,2088.033973030764,2082.0868368235124,1
824,825,-0.005859450121946933,1,2075.778418187596,2065.6912765001994,1
832,834,0.0011537221492031692,2,2061.2606467413025,2065.70002945147,2
836,837,-0.0011114483802900923,1,2071.623934348782,2071.3930552167285,1
839,842,0.0008211434704151019,3,2073.3134484376915,2077.0892496864376,3
843,845,-0.0014020645889695196,2,2076.9522526771507,2076.1171837233687,2
850,852,-0.0021806855110505993,2,2076.8139315031913,2074.3618673851174,2
857,858,-0.0053108337229463886,1,2078.5130896156343,2069.5529652953337,1
859,860,-0.005388093158787325,1,2070.3620674844833,2061.277125859942,1
861,862,-0.0010035831808630792,1,2066.8994841234935,2066.892078048816,1
865,867,-0.0012770289737325197,2,2068.980749218558,2068.4075816049294,2
868,869,0.0012619289881024985,1,2074.819579805074,2079.512674357718,1
871,874,0.0019146957801159303,3,2092.214345120916,2098.3125134437378,3
875,876,0.0027376599832036686,1,2114.3754093036505,2122.2782256604746,1
879,880,0.00518243724877132,1,2149.4009331960983,2162.6894695880337,1
881,882,-0.0004505581510711994,1,2171.2828268914236,2172.475820542378,1
883,884,-0.002720216162191841,1,2183.7182886297687,2179.961821135994,1
890,893,-0.0010372123987900971,3,2167.8845105179603,2167.803838335024,3
899,900,-0.003935058588810304,1,2167.1264337155167,2160.765790663202,1
904,905,0.00030639345817326394,1,2168.6204729161486,2171.453544515227,1
909,910,-0.002332262805057716,1,2164.529046959821,2161.645325420089,1
913,914,-0.006059162797742649,1,2164.2106162235223,2153.2615223874445,1
917,918,-0.0008881249012638138,1,2145.0508490351813,2145.290826810711,1
920,921,-0.0003796666533355869,1,2153.9326119689376,2155.26876819461,1
923,927,-0.0004389198300781934,4,2160.809830687056,2162.0222182340267,4
928,931,-0.003875882708248379,3,2157.662677720695,2151.457492935605,3
949,951,-0.0006215223486346983,2,2112.4835052133253,2113.2830330089264,2
952,954,-0.0039981665088203175,2,2121.7203341625104,2115.3590633155413,2
955,956,0.0008073845100378552,1,2116.882245923946,2120.708266104803,1
959,960,-0.0006740238688761902,1,2134.9743376358383,2135.6702883104695,1
965,966,-0.001248399604585453,1,2140.654046293484,2140.1223086748305,1
967,969,-0.00012802767353452054,2,2149.2803313014183,2151.1544442721297,2
972,973,-0.0014400617676922983,1,2148.3327931915096,2147.3873940649464,1
974,980,-0.008764399947867797,6,2143.1349295521873,2126.4947728168986,6
981,984,-0.006728324726923331,3,2128.392255983209,2116.2001339946682,3
987,991,-0.00041659789312885255,4,2130.8324258938615,2132.0755580205173,4
996,1000,0.0005085357783464872,4,2142.377054994685,2145.608907432853,4
1003,1006,-0.0005773862520241219,3,2141.169885855146,2142.07477368566,3
1009,1010,0.0008285058306398375,1,2142.545231324625,2146.4628877725117,1
1013,1014,-0.0037310169875281723,1,2138.2128180708205,2132.3733225417186,1
1016,1025,0.004054140539143861,9,2134.4781619562154,2145.2661145644756,9
1031,1033,-0.0010421437813607894,2,2149.176007585827,2149.0854331820574,2
1034,1037,-0.003420558278050868,3,2154.2845414519024,2149.069970171814,3
1039,1041,-0.004085968639565298,2,2148.301770623895,2141.6721787314273,2
1044,1046,-0.0011445697297872862,2,2140.76011668082,2140.450627569212,2
1049,1051,0.00103392239349518,2,2137.4732447906413,2141.8206994887178,2
1052,1053,0.00040865540638529516,1,2143.4872083098503,2146.5066431543537,1
1056,1058,-0.006684259922699895,2,2147.916939732244,2135.7076215544357,2
1059,1060,-0.004515646003560848,1,2146.5028620931816,2138.956517884432,1
1065,1066,-0.0027225670293910113,1,2142.0825843765642,2138.3927035424845,1
1071,1074,0.0005825963516127661,3,2153.849137389793,2157.2578111765506,3
1076,1077,-0.0015026237452899032,1,2154.047342523557,2152.964667180726,1
1078,1080,-0.002537298247708707,2,2152.8869038465546,2149.5772745817562,2
1083,1087,-0.00025611609665696837,4,2183.147012516614,2184.7710204378564,4
1088,1089,-2.0961821452110656e-05,1,2179.063462925896,2181.1968492495794,1
1091,1092,-0.0038008469491470297,1,2179.7812228755497,2173.6759892876507,1
1094,1095,-0.0036729033406829696,1,2155.9263018476718,2150.163719233197,1
1100,1104,0.003665275057713837,4,2144.0946691662116,2154.09746054765,4
1108,1111,-0.005059397574911329,3,2159.3021172604012,2150.5366514820935,3
1112,1113,-0.003992524582281224,1,2150.979449088972,2144.5425902115917,1
1124,1132,0.00326327515660372,8,2129.1801477857775,2138.2574286137665,8
1133,1135,0.0025834427989071644,2,2134.1304089175205,2141.777943163285,2
1138,1141,-0.003823844692772214,3,2145.3406711535313,2139.282562285106,3
1142,1144,-0.0034657877583572972,2,2146.5542230958586,2141.2612759698986,2
1148,1149,-0.003598179648446079,1,2150.761671981049,2145.17360677625,1
1151,1152,0.0031084752352468588,1,2143.72450455957,2152.531943597745,1
1154,1155,-0.0018844357307462296,1,2159.706307679911,2157.7961862534808,1
1156,1158,0.0010195471026557034,2,2157.2381636234854,2161.5948077065696,2
1161,1162,0.0007777708036387117,1,2161.307133595969,2165.149442315772,1
1163,1166,-0.003470430852736984,3,2171.6189474655653,2166.254113017358,3
1171,1172,-0.0028459355720098518,1,2167.6061996909116,2163.604938300793,1
1174,1175,-0.0017975312379954521,1,2168.4616554729623,2166.7322395643273,1
1177,1178,-0.007787253610539837,1,2183.851227014204,2169.02887488877,1
1179,1181,-0.004776082007291953,2,2167.0267907821803,2158.843919908188,2
1183,1187,0.015540664134021186,4,2171.8212081513307,2207.744573314506,4
1191,1199,0.005038562517988658,8,2213.214499131506,2226.5791332502304,8
1201,1204,-0.0007036309882125166,3,2223.8811201641206,2224.5402096140365,3
1205,1206,0.0003638355813083594,1,2220.919906785171,2223.9488763772806,1
1207,1209,0.005259892303303319,2,2233.9041643799,2247.888163864819,2
1211,1213,0.002430455346087602,2,2257.837229487768,2265.58263928226,2
1214,1222,0.011545607110604643,8,2268.425369905008,2296.8841433555644,8
1224,1226,-0.007244595578947053,2,2308.50873517222,2294.093031730603,2
1228,1231,0.0035438739915632806,3,2278.8440709108318,2289.1988512154717,3
1232,1233,-0.003155017164065219,1,2298.9445465327135,2293.9902815757014,1
1234,1236,-0.004869027852644795,2,2298.67384362922,2289.7802105040723,2
1237,1238,-0.0048734763064591236,1,2291.999724229391,2283.121717603178,1
1240,1241,-0.002485134174127035,1,2280.689374234728,2277.3022445044835,1
1243,1246,0.002316686670739753,3,2286.570316336645,2294.154153626548,3
1248,1251,-0.004312979796304832,3,2301.9759843808274,2294.349584452995,3
1253,1254,-0.0018444403584440636,1,2289.908275552901,2287.9745845878892,1
1255,1265,0.02567924502171027,10,2291.509109076405,2352.6448420669353,10
1266,1270,0.0003517561623308852,4,2367.7546187693606,2370.9552456661695,4
1271,1276,0.0016636368800447623,5,2377.1022516011035,2383.4339888261056,5
1278,1282,-0.008722243019007613,4,2383.605108394847,2365.198330486474,4
1283,1287,-0.005574115044275584,4,2353.564542056603,2342.7990670771082,4
1290,1298,0.006442997955238563,8,2359.392794054035,2376.953749795784,8
1302,1307,-0.015491237610723432,5,2365.6343909255393,2331.3534208665383,5
1308,1310,0.0027884093908272117,2,2336.573378696337,2345.425275226547,2
1312,1319,-0.014598651084805733,7,2364.7849357717987,2332.6270505396333,7
1322,1324,-0.0014925015530830902,2,2342.965552293371,2341.811638120046,2
1326,1327,-0.0017296561660357394,1,2335.480540506539,2333.776442729502,1
1330,1332,0.008747870618771702,2,2363.006480726144,2386.0407621715817,2
1336,1338,0.0004834424723357464,2,2428.6502849959616,2432.253047979175,2
1339,1341,0.002794466106778352,2,2427.629210463053,2436.84076722198,2
1342,1345,0.0009328403496442178,3,2434.9350410976263,2439.6413817938223,3
1349,1350,-0.0015092862480900015,1,2421.278793679381,2420.0456696869683,1
1353,1355,0.004163800440835065,2,2415.3740763149403,2427.846586034997,2
1358,1359,-0.00046992607816835836,1,2472.085041808663,2473.395429621876,1
1360,1367,-0.003002800192338519,7,2468.3293830655857,2463.385812502427,7
1368,1369,-0.002013753397172402,1,2470.3226991717347,2467.8184011433373,1
1376,1380,-0.01211486151218756,4,2467.024266850269,2439.6036337770224,4
1382,1389,-0.01215607438533756,7,2449.7047362931016,2422.375648032902,7
1391,1393,0.0023477042352145487,2,2435.639410995483,2443.793211367128,2
1398,1400,-0.001857237620987546,2,2464.339401057969,2462.2268766125003,2
1403,1408,0.0012159755001220382,5,2463.450004384308,2468.9089492397993,5
1412,1413,-0.003305882159914312,1,2450.674335439356,2445.0233692095067,1
1423,1426,0.0028368242151645922,3,2479.1418117432518,2488.6538430793753,3
1429,1432,0.0073318780779592025,3,2494.8987270406246,2515.6859190511827,3
1433,1440,-0.00473698774436819,7,2527.7877092601216,2518.341397570252,7
1441,1444,-0.003794452433626684,3,2529.123559578065,2522.0560440920594,3
1445,1449,-0.0057169189745558315,4,2516.5933136678136,2504.7227469153336,4
1453,1454,-0.005373734387158716,1,2504.1930074385564,2493.24033236984,1
1456,1459,-0.02000749120791354,3,2486.9243981600857,2439.6542045273122,3
1460,1461,-0.005489188075402629,1,2446.2585264501267,2435.276811843835,1
1465,1466,0.00019400783451282945,1,2409.966600500526,2412.844119502438,1
1467,1469,0.0011936030330626439,2,2416.322283798312,2421.622735688909,2
1473,1474,-0.003718132679962669,1,2439.259629840138,2432.629398525356,1
1477,1482,-0.010066736310840079,5,2394.0217144208805,2372.315750813801,5
1483,1496,0.004063095120637709,13,2364.788552685794,2376.7617020682374,13
1497,1498,0.0034569062407079684,1,2393.5458220101314,2404.213631321669,1
1499,1505,0.000580580436912127,6,2406.8192385735415,2410.6234099772146,6
1509,1510,-0.0023869740785730114,1,2429.949630258289,2426.5793531088825,1
1519,1520,-0.00219411768020917,1,2433.05385007125,2430.148497451979,1
1523,1525,-0.0030382310011563387,2,2454.159348642121,2449.157204975941,2
1526,1527,-0.0043908666133829505,1,2451.248226911928,2442.9363711381784,1
1529,1532,-0.0063265435935876465,3,2439.3031689454638,2426.3101142780993,3
1533,1535,0.0018563555354664946,2,2426.817440765471,2433.749294195968,2
1537,1538,-0.0014261440853577047,1,2451.023842961434,2449.9793536476855,1
1539,1541,0.005277228397853744,2,2459.3135924158096,2474.75126553735,2
1542,1546,-0.002105166851745237,4,2483.3257377962987,2480.5812485088004,4
1554,1555,-0.004150041860678269,1,2482.5000989982473,2474.680119767265,1
1556,1564,-0.0078450312637222,8,2479.477542369972,2462.5054410747525,8
1575,1577,-0.006518157837614473,2,2441.71238282276,2428.2386285002863,2
1584,1585,0.0022290586069479827,1,2404.624456059123,2412.3891293554384,1
1589,1593,0.0005503417432443608,4,2399.276183214469,2402.995881234878,4
1594,1598,-0.01885411498217517,4,2395.3293130415586,2352.56282806634,4
1600,1601,-0.00010283337147357888,1,2357.299022154718,2359.413912170853,1
1606,1608,-0.0009920056816848388,2,2355.435944861773,2355.454774966487,2
1615,1618,-0.00012064596372007375,3,2383.7475617528703,2385.84371979277,3
1624,1625,-0.004015424820633782,1,2389.239182244672,2382.0346111121007,1
1626,1628,-0.00426105655264865,2,2374.6828874224843,2366.9389122319926,2
1632,1636,-0.016550037610917893,4,2318.1756397791237,2282.1279213918447,4
1643,1650,-0.037028800209700515,7,2240.2580301343614,2159.5442211484733,7
1655,1664,0.0035290357853609722,9,2179.247702873149,2189.1175937046273,9
1665,1666,-0.00939838064347481,1,2181.452376249102,2163.1317088377496,1
1667,1671,-0.012348677420220232,4,2145.7046497665806,2121.353739857313,4
1672,1675,-0.005739716352871217,3,2128.703104383513,2118.613655469259,3
1678,1679,-0.0037216229200938917,1,2073.1238698639586,2067.481608423543,1
1680,1691,0.02308669515494332,11,2079.442368847581,2129.5292632782857,11
1692,1694,0.0008440513441178611,2,2134.5452139458794,2138.4814249167366,2
1695,1700,0.004640858091912458,5,2149.6690830453176,2161.795061287348,5
1703,1707,0.006107345419692615,4,2150.9270030818566,2166.2143842653036,4
1709,1714,0.014395218726754037,5,2185.1237313395595,2218.764189128553,5
1715,1719,0.0006499046920407277,4,2214.82907648955,2218.4833333749184,4
1720,1724,0.001776454665826991,4,2226.8764904483046,2233.05931207043,4
1725,1727,-0.006314214118190872,2,2239.3862148122557,2227.4856369734184,2
1728,1730,0.009373643399740002,2,2221.039610820879,2244.079883720232,2
1735,1737,-0.0012692036011040673,2,2246.5270074498635,2245.9222342894805,2
1738,1744,0.004609555081421568,6,2252.087479836899,2264.720688603224,6
1747,1749,-0.0054455013086724255,2,2257.5783492691453,2247.5422817630388,2
1751,1754,-0.0014565511067220018,3,2247.8150699265952,2246.788827468714,3
1756,1758,-0.0008447019389918535,2,2265.6786197388246,2266.0304752353377,2
1759,1763,-0.009906791879227328,4,2261.4692890078527,2241.3268527093956,4
1764,1766,-0.004567970748461624,2,2239.338702752034,2231.3488077647166,2
1768,1773,0.003569519534392447,5,2217.797232715494,2227.931500493709,5
1774,1775,0.0008549341053498546,1,2238.991327260601,2243.144508635119,1
1783,1784,-0.011375939509517586,1,2206.359103057713,2183.466054468113,1
1786,1787,-0.004971438810122236,1,2151.9445365112965,2143.398220461765,1
1792,1793,0.00532908844247672,1,2117.319878638322,2130.720583411238,1
1794,1796,0.0005947920531543893,2,2123.458310105154,2126.8447845433143,2
1797,1799,0.0034298760905680445,2,2134.6160836876697,2144.0721684393397,2
1800,1807,0.009609886418239361,7,2162.150745303872,2185.0909191306578,7
1808,1811,0.006753514842545011,3,2186.250950864222,2203.202080061276,3
1812,1814,-0.0008712801807232366,2,2201.2702912030313,2201.5536383170943,2
1815,1816,-0.006047014120205916,1,2200.164267351248,2189.0600072271536,1
1821,1827,-0.03362747377354886,6,2169.2012475665933,2098.425690752065,6
1829,1831,-0.004162571545917664,2,2113.279372505683,2106.595975293622,2
1832,1833,-0.0008294396514241615,1,2127.0317705329285,2127.3945578131425,1
1836,1847,0.004268520116485948,11,2118.2758438893607,2129.436022785158,11
1848,1850,0.0038028436219246023,2,2134.001054289312,2144.2503276420857,2
1851,1858,0.012683624164090815,7,2150.4429374582346,2179.8687904007365,7
1859,1860,-0.001955722419579358,1,2182.509101746482,2180.423228867007,1
1862,1863,-0.005484423099762817,1,2182.1806581338046,2172.3948367826138,1
1864,1865,-0.0005860856851437469,1,2176.992369293004,2177.893457597987,1
1867,1869,0.003954951972917618,2,2202.9459795840417,2213.8614711118125,2
1874,1875,-0.0048158331755290855,1,2170.514881833773,2162.232559139692,1
1877,1880,0.0188333884415375,3,2185.6591873256393,2229.008214988684,3
1881,1883,0.006207452300587347,2,2245.720072690737,2261.9059929951272,2
1887,1889,-0.002578280931399894,2,2290.674256089635,2287.0589285912,2
1890,1892,0.0039295920657951445,2,2298.119686644036,2309.448479217564,2
1893,1894,0.00012404847387114163,1,2317.9467520773687,2320.552236586556,1
1896,1898,0.0020426701087004192,2,2316.412674008184,2323.4607536108033,2
1900,1901,0.0019881330586634612,1,2333.1892351219526,2340.1611150075382,1
1902,1904,-0.007179147426346424,2,2334.3259451154604,2319.9018009594465,2
1905,1910,0.0061356016934252175,5,2325.3779873020494,2341.9709584060956,5
1918,1921,0.0015469166128494576,3,2314.633207452359,2320.5283852210723,3
1922,1923,-0.005251486803711487,1,2320.5708164757543,2310.7049402724297,1
1924,1930,-0.0032983400316327154,6,2312.0751019805098,2306.7611672174867,6
1931,1934,-0.00030649527231198996,3,2307.808901939618,2309.4093783237136,3
1935,1936,-0.0009142021713082983,1,2320.8216667084043,2321.0207881681886,1
1937,1939,-0.010144590838347803,2,2314.646792146114,2293.4802942966435,2
1943,1945,0.0009605361015788847,2,2292.470467944386,2296.9649390585946,2
1949,1953,-0.011939651724885696,4,2294.879250794356,2269.774071039999,4
1954,1956,-0.0048387736756394335,2,2269.578995070219,2260.8665949691595,2
1957,1960,0.030370060578662234,3,2277.356516097636,2348.79732796683,3
1961,1972,0.02701654251913143,11,2364.753416267276,2431.0056309013894,11
1974,1978,-0.008095987984540642,4,2446.244295288368,2428.8857751617506,4
1979,1984,-0.00682587184085298,5,2425.7134333708445,2411.5815377853905,5
1985,1987,0.006301794274531993,2,2415.219241646727,2432.8546756771225,2
1991,1992,-0.0032356620328685705,1,2405.1506411430646,2399.7735371713316,1
1994,1999,-0.011615287958338882,5,2399.247200604708,2373.7785006870504,5
672,681,0.0025059454012959347,9,1978.3742021126197,1985.310274048559,9
683,684,-0.0019051274925155895,1,1994.4806877570466,1992.6754284532662,1
686,688,-0.00013115071837354296,2,1998.239946832733,1999.976116175056,2
690,692,-0.0004152173049648435,2,2015.250746560303,2016.4292303230482,2
697,700,-0.00016738433400561583,3,2020.4354241257279,2022.117670311985,3
702,706,-0.005069992840339819,4,2027.5713217978762,2019.3191210348805,4
712,714,-0.0030319218603005464,2,1999.1336463669938,1995.0715630092784,2
717,722,0.011123616818276554,5,1999.2860538170753,2023.5246318436778,5
723,724,-0.0007890138718537454,1,2028.7703982107007,2029.198440621917,1
727,752,0.01341183249613949,25,2032.31546612577,2061.604856202888,25
753,762,0.002384827951513454,9,2063.4032673708753,2070.3875324255164,9
763,767,0.00582909089073278,4,2071.2042355413614,2085.348677519144,4
772,776,-0.004491810164715544,4,2088.313956540203,2081.0219606396386,4
779,780,-0.0021563970711228567,1,2080.6311877423454,2078.2251519307533,1
782,786,-0.004861436799331327,4,2080.770425474631,2072.735661982743,4
787,788,2.554641052315257e-05,1,2073.9040978528105,2076.0309827561327,1
789,791,-0.0046869049061475515,2,2079.9725521279684,2072.3038911208755,2
794,796,-0.004960960939732426,2,2079.427792921273,2071.191260656518,2
798,803,-0.005565534804898587,5,2075.400542749509,2065.9252293374807,5
807,809,0.0016458829325605843,2,2083.185441002893,2088.6973058066014,2
810,816,-0.004914617859858341,6,2092.434704475539,2084.2436222108117,6
820,824,-0.004145290353754829,4,2078.7129222690983,2072.1747665664598,4
825,826,-0.0020165715774235547,1,2070.838789809646,2068.7336339544995,1
829,831,-0.0032913051834987032,2,2066.161253453024,2061.427047463043,2
832,833,0.000748060387509876,1,2056.454618386584,2060.0494252436974,1
835,839,-0.002398313258412987,4,2074.180381374071,2071.2800274464557,4
841,849,0.000698345283986375,8,2074.665159465073,2078.1886572545013,8
850,851,-0.002498551444726579,1,2077.811741264352,2074.6980334776104,1
853,865,-0.004371612564128605,12,2075.694985863534,2068.6965465698977,12
866,880,0.046119206528729355,14,2065.3163191118474,2162.6323852992336,14
881,882,-0.0008392530525401864,1,2170.6417345407635,2170.99065857362,1
883,885,-0.005459895578102275,2,2183.328535512131,2173.591118231056,2
886,887,-0.0019277651238132985,1,2172.0824147271364,2170.0672324167044,1
888,893,-0.004020028743679105,5,2172.1474244459196,2165.5874767885844,5
901,903,0.0013592928670709877,2,2160.608744475976,2165.7062532753494,2
906,910,-0.004055650068355555,4,2165.289806819901,2158.6734388736822,4
912,914,-0.005128172568521568,2,2162.183244822467,2153.2573792630737,2
917,919,0.004727368655579953,2,2143.2542070269583,2155.5294139932244,2
922,924,-0.0007817435275241615,2,2156.2166016922706,2156.68720992165,2
927,931,-0.005021193304236588,4,2157.122829523206,2148.4486216447112,4
933,939,-0.005634804275884519,6,2152.1504218004,2142.175625823093,6
942,945,-0.004967897225350144,3,2135.1414963682023,2126.669474349033,3
946,947,-0.006089626934291499,1,2115.399944019995,2104.633347488112,1
949,950,-0.0004079353077624838,1,2112.242149407336,2113.492733405456,1
951,965,0.009359589145905779,14,2119.9320861175734,2141.8937115469744,14
969,970,-0.0010504402416442774,1,2151.4050535520973,2151.2965361613215,1
971,972,-0.004931046915940409,1,2151.9222090012204,2143.4629018381825,1
974,975,-0.0021904999402436592,1,2149.179677197373,2146.621078920097,1
977,978,-0.002452786787429827,1,2136.2190838478405,2133.115612987771,1
981,982,-0.0016403354599921038,1,2126.1541067475523,2124.792654879594,1
983,990,0.003259482819654611,7,2121.0908992386508,2130.1256494828835,7
992,996,-0.002552657517543579,4,2139.0325602728426,2135.7113752878645,4
997,1000,0.004767063217824599,3,2137.015355759151,2149.339658413276,3
1002,1003,-0.002213542545325277,1,2142.43282478491,2139.832891401532,1
1004,1007,-0.0024327183340992703,3,2146.6100646518134,2143.534577056025,3
1010,1018,-0.005257548068249299,8,2143.562778984457,2134.4364574156207,8
1021,1022,-0.0006022241932647457,1,2147.457396755086,2148.31160335351,1
1023,1027,-0.006852568353978428,4,2149.491837363767,2136.911789459277,4
1028,1029,-0.00021410875869052345,1,2141.617368838844,2143.3004471712507,1
1031,1032,-0.0006948621477007005,1,2147.3309177559627,2147.9861497003826,1
1034,1038,0.0010930187371412064,4,2151.070704116236,2155.5729354048667,4
1042,1045,-0.003507194657883983,3,2144.209873651049,2138.833922110449,3
1049,1050,-0.0030182108333421036,1,2143.7525435475754,2139.425998940183,1
1051,1055,0.0015533436048542522,4,2142.014267157593,2147.4835655881466,4
1058,1060,-0.0022518592647289477,2,2143.7026796274577,2141.0190655671418,2
1064,1065,-0.0048790330593176615,1,2147.568913095508,2139.2384222844476,1
1069,1070,-0.0007305304938257926,1,2146.466423793991,2147.0448310412303,1
1073,1074,-0.0003378844607671871,1,2155.6202341700605,2157.047503823789,1
1079,1080,-0.00200967010050145,1,2152.032258149821,2149.8594155234523,1
1082,1085,0.00706793549931821,3,2165.661362591172,2183.133778777923,3
1087,1088,-0.002133862864475147,1,2187.1480117102687,2184.66808580068,1
1089,1091,-0.0046925781407947224,2,2187.532950628832,2179.455314273072,2
1094,1095,-0.0036052137894165156,1,2155.7359996949367,2150.11984654219,1
1099,1101,0.0009165608178024701,2,2140.7982233268417,2144.901193320491,2
1103,1109,0.0017359608619191462,6,2148.6309260756134,2154.5094961960654,6
1113,1114,-0.00442350847263432,1,2148.274493420505,2140.919857490736,1
1115,1119,-0.003988294112347991,4,2131.601972536925,2125.2321189125237,4
1125,1126,-0.000541101723905602,1,2123.2895142915127,2124.2638881892703,1
1128,1129,-0.0023443401116347885,1,2127.941881524191,2125.0812038976305,1
1132,1133,-0.0017829844416651715,1,2136.824517586496,2135.151417234657,1
1134,1137,-0.0010484498862880962,3,2141.0984499997926,2140.9947140233585,3
1139,1140,-0.0015944777914310765,1,2147.860139828532,2146.5832846763037,1
1141,1145,-0.0009358748200333105,4,2145.843127394801,2145.9807299715253,4
1146,1147,0.00028566362986861583,1,2146.478208911071,2149.2378578765733,1
1148,1149,-0.0049856663871005995,1,2152.6093585775866,2144.0297758125457,1
1150,1151,-0.0014757562525406442,1,2145.1258375200355,2144.105280490349,1
1152,1153,0.0012770414755653276,1,2153.492030503705,2158.395621174461,1
1154,1155,-0.0031532730307495165,1,2161.1474591667015,2156.493918627405,1
1156,1157,-0.003041215519288363,1,2162.1190347422535,2157.705683813989,1
1159,1164,-0.0003805070133133116,5,2165.2393297887934,2166.5806803680957,5
1170,1171,-0.0020422729386711455,1,2164.665749097999,2162.409576566446,1
1172,1173,-0.000495999106279854,1,2164.4111020516657,2165.5019671814775,1
1174,1176,0.004066809708136519,2,2166.940969817656,2177.920447360487,2
1179,1182,-0.0007894018599565023,3,2165.564288438759,2166.0203522500487,3
1186,1187,0.0009182079558681638,1,2208.288203559747,2212.5241595606653,1
1190,1191,-0.0006843300048103237,1,2208.7203573741053,2209.417584118693,1
1192,1196,-0.003765123674364137,4,2217.914929383133,2211.78212030417,4
1198,1199,-0.0009657172088732577,1,2225.2523762988594,2225.3286641612804,1
1201,1204,0.0012137923616604568,3,2223.9127072258725,2228.835988190129,3
1205,1208,0.0030299613981137827,3,2226.091127802728,2235.0621891164565,3
1209,1211,0.0038742362691453047,2,2247.1109070057223,2258.0638564894416,2
1215,1219,-0.0013141356692848226,4,2279.639594242546,2278.9234781328805,4
1220,1223,0.003749553768342207,3,2290.479411376552,2301.3581664961657,3
1224,1230,-0.00861472039800485,6,2302.383291945163,2284.8512869279625,6
1233,1236,-0.00311200031356329,3,2294.3599501180643,2289.514261183988,3
1237,1240,-0.006146475279734347,3,2289.358571069752,2277.5764437772937,3
1241,1246,0.005131992113918316,5,2281.2952458805357,2295.2841303377945,5
1247,1249,-0.003055369859783447,2,2305.402377714702,2300.6639231528743,2
1250,1253,-0.004668036104390653,3,2296.929194473994,2288.5039752594344,3
1255,1256,-0.0011927913599863648,1,2289.0394573041317,2288.5981502740956,1
1258,1263,0.018753307485545,5,2294.4566226451757,2339.779729824531,5
1264,1271,0.008292093590488912,7,2347.4704799765996,2369.283395377452,7
1272,1291,-0.01138303271157691,19,2388.697692830769,2363.895766548039,19
1297,1300,-0.008816874818196412,3,2386.2718692493354,2367.61868076523,3
1302,1303,-0.006185769643878761,1,2363.3940309766194,2351.1380139542566,1
1309,1313,0.01070380062967612,4,2340.488651911875,2367.881264469871,4
1318,1320,-0.003255333909636065,2,2340.8309803811903,2335.55162489441,2
1322,1323,-0.004215486050516203,1,2345.0701147230507,2337.5295744816763,1
1327,1328,0.0023635632837192924,1,2335.1970175211945,2343.0516004695796,1
1329,1334,0.027036116279911232,5,2351.6337648576214,2417.564442536935,5
1336,1338,-0.002635998142167176,2,2430.828668941739,2426.8518377554237,2
1339,1347,-0.005863711305823239,8,2432.69023360505,2420.858330612299,8
1349,1350,-0.00041899096599058933,1,2421.400760714035,2422.8076164309673,1
1355,1356,0.0022999652145406597,1,2425.003069139542,2433.0054949128566,1
1359,1361,-0.0028417907566552388,2,2469.8666789746767,2465.3177013551704,2
1362,1365,-0.0022440162224354374,3,2461.741966835654,2458.67951989346,3
1367,1369,-0.00022714940160612255,2,2465.4404658766757,2467.345883016033,2
1371,1374,-0.0027174747329573486,3,2471.231362147559,2466.987084723779,3
1376,1377,-0.006273271249434646,1,2468.8791661366768,2455.86009661156,1
1378,1379,-0.0017091670169970244,1,2448.527371948428,2446.790957096028,1
1390,1391,-0.0011449786965429475,1,2431.492922050887,2431.1404073763947,1
1397,1399,0.004684317133268397,2,2453.1802572269266,2467.1249117940774,2
1404,1411,-0.004912517803035295,7,2462.5832891538894,2452.9483881936176,7
1415,1422,0.007264611003151907,7,2449.8690501241085,2470.1162648320455,7
1423,1424,0.00039101442001634166,1,2478.3030164084435,2481.7503716414376,1
1426,1428,-0.003254145753724512,2,2496.203000289862,2490.576194896324,2
1431,1434,0.009330227057694325,3,2502.239143818472,2528.0878423267673,3
1436,1437,-0.004389448711644632,1,2529.7196383031237,2521.145283334255,1
1438,1439,-0.0008659768421734416,1,2513.640734643305,2513.9776207122036,1
1441,1443,-0.0026218111941564586,2,2525.618578384009,2521.5225019014165,2
1447,1448,-0.0036889380925904255,1,2511.574621819268,2504.821153146275,1
1450,1451,-0.003883219404879873,1,2501.0152803344113,2493.80430454625,1
1452,1453,-0.0019351277595972102,1,2499.203867723651,2496.86679281005,1
1456,1457,-0.004869150543341544,1,2482.747111881417,2473.1409895445013,1
1461,1462,-0.002446025293516973,1,2436.103035613604,2432.580369006493,1
1463,1465,-0.009727723565829162,2,2423.7937284145587,2402.639526772366,2
1469,1471,0.003710292191445537,2,2419.934234530999,2431.3328318597223,2
1484,1486,0.00025462321835689294,2,2367.4066783986727,2370.376881784685,2
1487,1488,-0.0011889479795299455,1,2379.115963553101,2378.6664343987204,1
1490,1492,-0.0017093120459391897,2,2390.8679835928606,2389.172112131848,2
1498,1500,-0.0013000796074870166,2,2404.7159922471997,2403.9943860161284,2
1501,1503,0.0023853109214725353,2,2409.5463914093593,2417.703455123992,2
1506,1510,0.0028728739945412542,4,2422.16848402559,2431.54923735777,4
1512,1517,-0.003324558690207974,5,2424.1277058392216,2418.492678714439,5
1518,1521,0.0038179156943876497,3,2424.917388434035,2436.6004359773647,3
1528,1530,-0.004036730533709848,2,2438.091220297167,2430.687394244521,2
1532,1533,-0.001382740011400319,1,2426.954266981824,2426.025374478011,1
1536,1538,0.0008880953221338888,2,2452.7904202430304,2457.421522361666,2
1539,1540,0.00019705723154230166,1,2457.96625454956,2460.9085808294553,1
1542,1543,-0.003968171486721246,1,2484.8632032285755,2477.4877031203496,1
1548,1549,-0.0025272507982382116,1,2478.1656172341886,2474.380836817101,1
1550,1554,-0.0025738084268095074,4,2485.5791138648756,2481.6672885099733,4
1562,1563,-0.0029203106183664598,1,2468.528003745521,2463.7876632081934,1
1564,1568,-0.0015923574491839652,4,2468.7554207514,2467.2930350877045,4
1570,1572,-0.006171174425459609,2,2469.063833174212,2456.2958734252743,2
1582,1585,-0.002523714962122026,3,2408.109182510467,2404.439910518652,3
1586,1588,-0.005404856665365662,2,2410.638543517297,2400.0200262610974,2
1596,1597,-0.007480578156771598,1,2375.4206100802107,2360.02651116138,1
1599,1602,0.0025255760136141045,3,2352.962237811254,2361.257785037821,3
1607,1611,0.0100653745680397,4,2344.628558151587,2370.5727513704574,4
1615,1620,0.0014877616916198306,5,2381.43976045376,2387.364215060717,5
1621,1622,-0.00043463422217409134,1,2385.224577686897,2386.5731020355506,1
1624,1638,-0.04258629632503655,14,2388.3972154761027,2289.0726211314213,14
1642,1643,-0.011511038224499708,1,2263.223229550372,2239.434403673992,1
1647,1648,-0.00217904003717874,1,2146.4996833411724,2143.9688742747217,1
1649,1650,-0.0025314923327710587,1,2161.77990069708,2158.469151354024,1
1653,1654,-0.0012342203744006672,1,2174.1690892620545,2173.659854563957,1
1655,1660,0.009715852461262352,5,2181.034413252044,2204.406056237389,5
1661,1664,-0.0139497458848311,3,2218.3639762668354,2189.6367264941164,3
1665,1669,-0.03222891050374042,4,2182.647638314607,2114.4859305564796,4
1671,1672,0.0034920223085706074,1,2119.441138314519,2128.96171518953,1
1673,1675,-0.007643481764013927,2,2128.798008789156,2114.655378038496,2
1677,1678,-0.013344227828870917,1,2098.1578210936623,2072.2576829291547,1
1679,1681,0.009118428925306978,2,2065.704645925018,2086.606331565487,2
1683,1685,0.002051689521127896,2,2103.363849337568,2109.7826627557106,2
1686,1687,0.002518305245620841,1,2109.1266762381542,2116.547227686842,1
1688,1689,0.0021445037144541493,1,2130.9028667517623,2137.603498731404,1
1691,1697,0.013916661847188913,6,2132.1781678402335,2163.983148567865,6
1700,1705,-0.0069647774437016,5,2159.332571000756,2146.4526327878007,5
1710,1712,0.003544302001115586,2,2187.460881728014,2197.401364590213,2
1713,1719,0.004596381631817255,6,2206.2301975853,2218.577103738627,6
1720,1721,0.00020720719994288738,1,2225.4765763272776,2228.163187673524,1
1723,1726,-0.0006546925467607529,3,2238.8871279720966,2239.6602323843467,3
1727,1728,-0.005669534752092313,1,2230.2656632327144,2219.851360211851,1
1731,1735,-0.0022210890306001638,4,2248.5086089524166,2245.7629797548148,4
1737,1738,-0.0010859504344133443,1,2247.5616378365867,2247.368458937444,1
1740,1744,0.0033905616478172263,4,2254.3673983813046,2264.265337420727,4
1747,1755,-0.005009786850091717,8,2264.81282268018,2255.731406005878,8
1756,1757,-0.0016773500924031127,1,2261.8102283653884,2260.278190998207,1
1758,1760,-0.0013835356540585612,2,2261.860972495701,2260.9934681682253,2
1762,1763,-0.0036980835237746504,1,2248.591858622005,2242.524969976563,1
1764,1766,-0.004867094420440301,2,2241.2933928582397,2232.626099684148,2
1767,1770,-0.004586786746323634,3,2225.502473788236,2217.5200710113418,3
1773,1774,0.001623992943148991,1,2230.054817005441,2235.9064651080985,1
1776,1778,-0.005332505976172144,2,2238.4391007438226,2228.7410499625526,2
1790,1799,0.014559232401143367,9,2111.481283683587,2144.3343116870847,9
1803,1804,-0.0011976733814701118,1,2169.7312705162562,2169.302372399132,1
1808,1812,0.007692006414184224,4,2184.571861164798,2203.560173794289,4
1813,1815,-0.0009595583772317922,2,2195.7834166640077,2195.872217708625,2
1819,1826,-0.04263194956090047,7,2186.2789206599346,2095.2598669089602,7
1828,1830,-0.002405517766628314,2,2112.7089433620463,2109.7394934064364,2
1835,1842,-0.020387089632882712,7,2124.3947634577407,2083.208931762959,7
1843,1845,0.007756135841163089,2,2080.5565671542063,2098.7742030814325,2
1846,1849,0.008766724054201772,3,2117.6326162534237,2138.3149496645483,3
1851,1852,-0.0031641258186609024,1,2151.775750263517,2147.119036806403,1
1853,1854,0.0026338486969049103,1,2146.4807804329407,2154.2807668198484,1
1856,1862,7.560989045951334e-05,6,2175.6643432031797,2178.004509289049,6
1863,1869,0.014500629842580041,6,2177.3236911007825,2211.073579684016,6
1871,1872,-0.007821983553281182,1,2197.9931995671627,2182.9985261094916,1
1875,1878,0.014818771382158365,3,2164.4442643714347,2198.6831133589503,3
1879,1881,0.011861385821990523,2,2216.1477812904914,2244.6505129442166,2
1882,1886,0.009815794339131972,4,2258.859866458413,2283.291230214946,4
1887,1891,0.0018492212484292618,4,2292.6446771590913,2299.1769290883512,4
1893,1896,-0.003258583174669279,3,2317.5589904927215,2312.324590750491,3
1898,1903,0.003459745415928711,5,2321.3049416039235,2331.657370676214,5
1904,1905,-0.004314070770855299,1,2326.5661014629627,2318.8556967496415,1
1908,1909,0.0005611386993448538,1,2334.0698127228015,2337.7136194344157,1
1910,1911,-0.0024446717084315346,1,2343.1345719752626,2339.749511750082,1
1912,1913,-0.00956846390602089,1,2326.083216208669,2306.152256128184,1
1914,1917,-0.0015293876745237972,3,2316.5110478996667,2315.2847155030104,3
1919,1920,0.0009094939239373309,1,2318.2071184873544,2322.6337208945342,1
1922,1926,-0.013413544202923577,4,2322.826276041527,2293.991769388173,4
1927,1928,-0.0011132748907434868,1,2305.5253317615525,2305.264173631491,1
1933,1938,-0.0022545460578779074,5,2307.816425719934,2304.9211637207413,5
1948,1950,-0.009766558390360048,2,2304.461818298555,2284.2596192100855,2
1954,1962,0.04372514198242565,8,2268.922850654633,2370.4007472973312,8
1967,1968,0.008245939234263637,1,2393.5947208463085,2415.7257521867077,1
1973,1975,-0.0012103546659454527,2,2441.8613259791387,2441.347669055627,2
1978,1980,-0.005906297821956735,2,2429.3492904754357,2417.430179342804,2
1981,1988,-0.0012345251607805182,7,2423.1453260095986,2422.5770374624217,7
1991,1992,-0.006262825810317531,1,2409.7769225914676,2397.0946864061457,1
1995,1999,-0.007881613800958198,4,2391.069786934827,2374.615368090002,4
673,674,0.001315543513880231,1,1981.3416142790154,1985.9294970027402,1
676,677,0.0019012064858464476,1,1983.3621921836832,1989.1163354394291,1
679,681,-0.0036112702874906487,2,1991.6455622105143,1986.4448373307014,2
683,686,0.0033389890733606566,3,1989.0632277292689,1997.6937513406097,3
687,689,0.00042621907790812486,2,2003.7454030213635,2006.6031829424232,2
691,693,5.1412868722928474e-05,2,2012.334890922346,2014.4506857228419,2
694,696,0.0017750031172207668,2,2011.1261593243644,2016.7070406856137,2
698,699,-0.0023097040361735825,1,2020.3653357953613,2017.7192551605249,1
702,703,-0.0020165997475723573,1,2027.9866490403977,2025.924998324903,1
705,710,-0.011380660375210093,5,2027.0831694865292,2006.040707551785,5
711,714,-0.003703839120847756,3,2002.890941504647,1997.475446622215,3
715,716,-0.0014305419116568145,1,1999.091851211974,1998.2311583847757,1
718,719,-0.0011578705574239049,1,2001.6360699181232,2001.3200705160054,1
720,721,0.003468220283423978,1,2007.1226049391064,2016.090870873814,1
723,740,0.017194513461627894,17,2025.7391669763115,2062.596505519609,17
743,748,-0.0032043091510831605,5,2067.479621200905,2062.922256952214,5
750,751,-0.004194215350998906,1,2067.37175846899,2060.7681278618666,1
752,753,-0.004290272188657889,1,2068.832597279455,2062.0255749216376,1
756,757,-0.000835037972815625,1,2051.278497241796,2051.6168803010205,1
758,759,-4.361404069958344e-05,1,2051.092598118069,2053.054234280134,1
760,762,0.002801396407024551,2,2061.9309472124733,2069.7691641067395,2
763,764,0.0004465066245883599,1,2073.9657337945605,2076.9657389676636,1
765,767,0.0010244156597374087,2,2077.6884811980904,2081.894586295484,2
774,779,-0.002524922719832055,5,2080.3355327020886,2077.1631817833972,5
782,784,-0.003164665746359725,2,2079.5639104797233,2075.062349715342,2
787,790,-0.0025173902714908407,3,2077.4153131153575,2074.26306332939,3
793,799,-0.0033842311241688594,6,2079.884753938036,2074.9258279730125,6
800,801,-0.0013258805753403767,1,2072.982607394602,2072.3070626298336,1
804,807,0.002639328451404277,3,2071.4274812197973,2078.966086187221,3
811,813,-0.0034182853526534066,2,2090.8046340097126,2085.748471788027,2
815,816,-0.0012619995465195373,1,2083.3708749267917,2082.825032702329,1
817,819,-0.002383146261305071,2,2082.346102526551,2079.4659133000982,2
822,828,-0.006804110235284224,6,2075.2322189375373,2063.1873423750103,6
830,831,-0.006491114395791192,1,2065.9410425753194,2054.5967239755782,1
832,838,0.003892135651100039,6,2060.5519648830314,2070.63246461138,6
841,843,-0.001094685801921807,2,2074.366446601656,2074.17003355118,2
848,852,-0.003963527564274063,4,2080.069629458244,2073.905285775735,4
857,859,-0.002371487783754773,2,2072.100758488309,2069.2588976113334,2
864,871,0.008830107293641462,7,2069.980505660065,2090.3286361264495,7
874,876,0.01039090028101097,2,2101.367079737355,2125.3035425964426,2
877,879,0.004334795425518688,2,2133.677783576098,2145.0605180554508,2
880,882,0.0032603592175856205,2,2160.030940890255,2169.233448619547,2
884,886,-0.007693648485536907,2,2184.250244505813,2169.629641164643,2
889,892,-0.0004716106853945954,3,2168.781106533034,2169.927067295444,3
896,898,-0.0049984852874457855,2,2171.200936896334,2162.5194218940655,2
907,909,-0.002537669782146717,2,2166.9370739297324,2163.605040271337,2
910,913,-0.0015078823977555198,3,2160.825454948567,2159.7280097353764,3
916,922,0.003991283841289257,6,2147.4098389960245,2158.128171026031,6
923,924,-0.003497023607675198,1,2160.1796944633747,2154.785674769479,1
928,929,-0.0034659680508781487,1,2158.616189177928,2153.293110621307,1
932,938,-0.005764824302515937,6,2147.769286045397,2137.5355427550508,6
942,943,-0.0019058136787131223,1,2131.519724802789,2129.5889650796157,1
946,947,-0.006966131845465046,1,2117.5624531588946,2104.9287963723423,1
948,950,0.002556908992647514,2,2107.542281970454,2115.0386180655796,2
955,957,0.004088902552517741,2,2114.740954684294,2125.502665326501,2
960,966,-0.0016985958169730908,6,2141.633658886211,2140.1375225706242,6
968,969,-0.002257441956299371,1,2149.3165732792763,2146.6139324426654,1
970,972,-0.005349086044946223,2,2154.5065976792216,2145.1364631015103,2
975,976,-0.0023478772821953846,1,2139.0670066216794,2136.1838067983604,1
978,979,-0.0012611805253617157,1,2128.8251320494783,2128.2691243830864,1
981,983,-0.001136484892122345,2,2122.9024125156325,2122.612668408874,2
988,992,0.0046531809412661985,4,2122.498000926241,2134.4968661729527,4
993,997,-0.001662354864926511,4,2141.239007184189,2139.8207471108103,4
1005,1008,-0.003763805768842962,3,2145.45322457036,2139.5236085715096,3
1013,1015,-0.005418367774398132,2,2140.0665089776217,2130.610908079286,2
1018,1021,0.0008439143755572252,3,2141.224750622609,2145.172985721581,3
1022,1023,-5.4813708576437995e-05,1,2149.2255829489077,2151.257001507088,1
1025,1026,-0.004740364116603821,1,2151.395903926682,2143.348899887026,1
1027,1029,-0.004782691937209937,2,2148.4222087835806,2140.295389416692,2
1032,1034,1.7118289380359296e-05,2,2150.191680952571,2152.3786802369414,2
1038,1039,-0.0026788315791545373,1,2148.6474576824103,2145.040240477983,1
1040,1041,-0.003656700404820891,1,2147.0564851093727,2141.3523992762093,1
1048,1050,-0.0017306662102293106,2,2138.7155169601656,2137.1528297986297,2
1053,1058,-0.002906499733390467,5,2146.5315242293586,2142.439162450701,5
1060,1061,-0.000712204891120223,1,2143.4038581296254,2144.020719276349,1
1068,1069,-0.0025533948697886045,1,2146.6049041165406,2143.270379071023,1
1073,1074,-0.002426572403068823,1,2157.9592402197654,2154.8807551207206,1
1076,1080,-0.000923671930872817,4,2150.0545352179274,2150.2186447291188,4
1083,1089,0.001478314302225888,6,2179.2107450694875,2184.6115142265576,6
1090,1091,-0.0005606026193368534,1,2181.2812389973656,2182.2396882602707,1
1096,1100,-0.0038999764546332346,4,2147.192667144733,2140.9658589664523,4
1101,1103,0.0016226639417969775,2,2143.6170225039523,2149.2390095738956,2
1106,1107,0.0025378466339400084,1,2151.604696738398,2159.2167441723236,1
1111,1112,-0.004163329168644012,1,2152.247884962192,2145.439616449539,1
1116,1117,-0.000836836240726353,1,2130.5741636977605,2130.9217961877207,1
1122,1127,-0.004799142384055594,5,2128.3657592380046,2120.279794673311,5
1133,1135,-0.0011499152110482653,2,2140.238406120257,2139.91755182791,2
1136,1137,0.001695747567215996,1,2143.276633244941,2149.054366014882,1
1139,1140,-0.0032681283934358953,1,2148.8230142177504,2143.9492077267346,1
1141,1144,-0.0013100937942366645,3,2144.164656979274,2143.499764825323,3
1146,1148,-0.0006836673088856558,2,2145.066586942383,2145.74514162845,2
1149,1152,0.003673351085794468,3,2145.5427372748395,2155.5696117557013,3
1154,1155,-0.001900649118158135,1,2157.74337932045,2155.8000096486535,1
1157,1158,0.0001886086222051891,1,2159.092407124292,2161.658722975538,1
1163,1165,-0.0023650674503920403,2,2170.83027054864,2167.866940805988,2
1168,1171,-0.0019942326017774433,3,2167.926412220977,2165.7709891036925,3
1173,1174,0.001867072729030837,1,2164.6120524151142,2170.818152599525,1
1177,1178,-0.006314423821311177,1,2180.001359052478,2168.415907899439,1
1180,1187,0.022296040623939656,7,2163.686120671732,2214.0914404363552,7
1188,1189,-0.006516831640566235,1,2218.169176408252,2205.9319105117142,1
1191,1192,0.0007799487462852202,1,2208.7968103596445,2212.728355473043,1
1200,1208,0.004098586615276819,8,2229.794181703713,2241.1629804733698,8
1213,1214,0.0009402845417051627,1,2261.7509001105386,2266.139340419211,1
1217,1225,0.00398135876308644,8,2285.415220165108,2296.7996932993688,8
1226,1229,-0.006372562612122584,3,2292.425583940565,2280.1093839572127,3
1231,1232,-0.0012213393659952598,1,2294.268339621645,2293.76052772193,1
1233,1234,-0.00033100684838708997,1,2293.516371387037,2295.050718132607,1
1237,1242,-0.008490026408305165,5,2293.0942382395947,2275.9189018384477,5
1243,1247,0.002338756627139478,4,2290.2657855868774,2297.9124256564164,4
1248,1251,-0.001605897841207543,3,2297.7545881993983,2296.3623836547836,3
1252,1255,-0.0034755923109997546,3,2295.3305851823247,2289.648282434445,3
1256,1257,-0.0025466726457353405,1,2293.509208816354,2289.961900860336,1
1259,1264,0.017235230718156868,5,2303.3938048209584,2345.3967222866418,5
1265,1273,0.0105255736580349,8,2353.3242519312826,2380.4476639381564,8
1275,1282,-0.010966279292538319,7,2388.2721128087915,2364.4699259059585,7
1290,1294,0.009584795956642363,4,2358.6753472368837,2383.6414445153487,4
1295,1297,-0.0043972497756487134,2,2390.2181676352147,2382.0979995014645,2
1299,1301,-0.0016882211142359165,2,2371.937935091262,2370.305517322675,2
1306,1307,-0.002199684016052095,1,2334.546761436431,2331.7460430020096,1
1309,1310,0.0002546705595648591,1,2342.1229308810925,2345.061523569351,1
1311,1312,0.003399709299061221,1,2348.707577575594,2359.0412081454288,1
1313,1315,-0.0009200498454693959,2,2370.1643686058424,2370.3538636133753,2
1316,1321,-0.01096799658209598,5,2367.939981663451,2344.336364019621,5
1323,1326,-0.005031003494257972,3,2342.693126574068,2333.249722394874,3
1328,1335,0.03353539757899846,7,2340.4891645757375,2421.3188884036986,7
1337,1338,-0.001920577824302577,1,2427.1294136432657,2424.895052128353,1
1344,1345,-0.0017095427526960662,1,2436.3182140055933,2434.589542073584,1
1351,1353,-0.0002195683510004731,2,2417.3010604905794,2419.1875987433464,2
1354,1355,0.0013180264016228196,1,2422.838242978993,2428.45444599308,1
1357,1360,0.005304113974629611,3,2452.22613651774,2467.6852495739136,3
1362,1363,-0.006189192692843274,1,2467.3153594972828,2454.5119846628395,1
1364,1367,0.003610731370947703,3,2455.7696288642355,2467.0925229318605,3
1368,1370,-0.0011660118088840407,2,2470.290549750642,2469.880452348009,2
1371,1372,0.00023582718629932284,1,2473.0262719858197,2476.082505085172,1
1374,1376,-0.0041173688861189115,2,2471.1854823453964,2463.481885610904,2
1377,1379,-0.008582877154922095,2,2461.829742543792,2443.1619900297487,2
1380,1382,-0.0010905073739672,2,2445.0685071280914,2444.8472103983413,2
1384,1386,-0.00728085562042699,2,2446.392506654776,2431.0270685295827,2
1387,1389,-0.0003289437901545597,2,2421.233396495226,2422.858180201429,2
1392,1393,-0.0003931597408449751,1,2438.6339484329396,2440.113809690191,1
1400,1404,-0.004062654975783472,4,2465.180169729294,2457.63017341627,4
1407,1409,-0.002415930053662924,2,2463.7406678142024,2460.2521833582127,2
1411,1412,-0.0040434802389494005,1,2457.437095128774,2449.9579338912886,1
1413,1417,0.0013196233655999512,4,2448.639593419006,2454.319515033834,4
1429,1430,0.0004709679887300855,1,2489.1335703214872,2492.7950061231036,1
1431,1432,0.0028412431947829,1,2502.686493871647,2512.2999213349067,1
1433,1434,-0.0008881783058242627,1,2529.765452583869,2530.048335242644,1
1436,1437,-0.007945370491676311,1,2533.46239675859,2515.866561786371,1
1439,1441,0.0014228709034901006,2,2520.9919428376106,2527.099980863845,2
1446,1447,0.0009238475049333076,1,2502.7647709802245,2507.57970874031,1
1448,1452,-0.008140823623416213,4,2508.6886246681634,2490.7745216733374,4
1454,1459,-0.025729660343262357,5,2495.547338022488,2433.8332999826594,5
1460,1461,-0.002306984621310626,1,2442.822654786963,2439.6299231445673,1
1462,1465,-0.010407386800165456,3,2428.9006632689916,2406.0510552304418,3
1466,1467,-0.0015654244579641832,1,2413.2429216047353,2411.878415033851,1
1469,1470,0.0013976516051145173,1,2421.414376606576,2427.220084673294,1
1471,1472,-0.0007754100086164066,1,2431.2791453980376,2431.8251863603537,1
1474,1476,-0.0145504762516564,2,2433.992159120622,2401.01040617174,2
1478,1480,0.00204591911747069,2,2383.586321273712,2390.8465324178214,2
1485,1486,0.0025881304072567115,1,2367.6904062039507,2376.185988145421,1
1492,1494,-0.007696311385910158,2,2388.756349355006,2372.760493014655,2
1496,1500,0.009127576409234207,4,2380.4228010714637,2404.5307148755983,4
1501,1502,0.001045236527919888,1,2407.2040864662717,2412.1273881940706,1
1505,1508,0.0031113740759711236,3,2414.410847735112,2424.3373939032335,3
1513,1516,0.00025837611724187576,3,2418.7997555428783,2421.843515387644,3
1519,1521,0.0030131495660187264,2,2432.88165553942,2442.645173499523,2
1528,1529,-0.0032460032660893683,1,2439.652017819964,2434.172551419819,1
1536,1541,0.010039073749243559,5,2452.6125283365795,2479.6870989152058,5
1544,1545,-0.004413084511476834,1,2489.2816135386574,2480.7854850187846,1
1546,1549,-0.0044686773821541684,3,2481.5185985922562,2472.9110111559244,3
1551,1552,-0.006262961603958675,1,2487.8832649334,2474.789630834924,1
1555,1557,-0.0027957586156055064,2,2481.5768264095937,2477.1205134432817,2
1558,1559,-0.0032123858137560963,1,2481.0303411651107,2475.5413448348186,1
1562,1567,-0.003219301440632377,5,2470.321713359372,2464.839324822088,5
1568,1576,-0.015373050413566399,8,2469.631950052399,2434.1358055313417,8
1580,1581,-0.00457602230369788,1,2421.4382988893854,2412.7791815255287,1
1582,1591,-0.004151111104592029,9,2410.416016405072,2402.8205277290913,9
1592,1593,-0.003178614798676314,1,2407.8245394392734,2402.578817265035,1
1596,1600,-0.010897450986869318,4,2374.3340511040888,2350.834196206831,4
1602,1603,-0.0035852488203367222,1,2359.29669857939,2353.1973295725634,1
1606,1607,-0.005925372847782079,1,2354.814987432413,2343.216645631763,1
1608,1615,0.008385347255974472,7,2357.07443025731,2379.196392293453,7
1618,1621,0.0014394167833771468,3,2382.2182939828513,2388.029517270861,3
1623,1631,-0.02725481454329264,8,2387.1250316956034,2324.451506696784,8
1634,1642,-0.014540653638463522,8,2292.562362694667,2261.519569796841,8
1648,1654,0.010141046117228908,6,2151.7586224338856,2175.7314644795665,6
1655,1657,0.003193164967278326,2,2181.618568537108,2190.7664550906616,2
1658,1659,0.001775521155850742,1,2188.4208260777277,2194.494834378411,1
1662,1665,-0.016536166499499325,3,2216.599745824643,2182.1622831107634,3
1666,1670,-0.026712006163990495,4,2169.8687757943962,2114.07709645612,4
1671,1672,0.002736650016296471,1,2121.819006993834,2129.747502020896,1
1676,1677,-0.00740194477607174,1,2109.388210101977,2095.8840232696075,1
1680,1681,0.004782522601160365,1,2073.521110104579,2085.5112927877417,1
1682,1685,0.007021038993157457,3,2095.3825004090604,2112.1896451504213,3
1689,1690,-0.0016588826728504338,1,2138.1958219144067,2136.787001736186,1
1691,1695,0.002675949643016035,4,2134.3509278720476,2142.19669440343,4
1696,1699,0.00019649558695136933,3,2157.8768203385534,2160.458710431273,3
1700,1704,-0.006906620937749542,4,2161.3068851599182,2148.5408646591304,4
1707,1708,0.0002863728995483577,1,2169.3071023616612,2172.097640228937,1
1710,1714,0.009416801450441752,4,2189.772339467361,2212.5827631492616,4
1715,1718,-0.006491002421580031,3,2223.342467411306,2211.134088538749,3
1719,1727,0.0025770484423521473,8,2222.416515367129,2230.3662069016805,8
1730,1735,-0.002845326112890456,5,2248.65341399267,2244.503915128989,5
1736,1738,0.00011206811351982776,2,2241.967974910615,2244.4611960070456,2
1739,1741,-0.0006247039170360652,2,2255.5455386978583,2256.3920361034784,2
1744,1745,-1.542407795320595e-05,1,2260.4715829789166,2262.6971888719886,1
1748,1750,-0.003575782643909633,2,2252.1174422713575,2246.316477251509,2
1753,1758,0.003500739829611444,5,2253.1918752768197,2263.332905693635,5
1759,1761,-0.006576670662613273,2,2262.506589594169,2249.88933547201,2
1765,1769,-0.01395653465386068,4,2241.060971703802,2212.024587562507,4
1774,1775,0.0007636508982800916,1,2236.5729094047565,2240.517443225497,1
1777,1778,-0.005724390639749275,1,2243.660502223623,2233.0605735481427,1
1781,1783,-0.003742346952469911,2,2213.182754367077,2207.1134393853795,2
1786,1790,-0.01340112890842109,4,2142.5635878985004,2115.993380650482,4
1795,1796,0.002896853225189705,1,2117.6084258110145,2125.860435034825,1
1797,1798,0.001055460481206623,1,2131.7082228639174,2136.0898648734774,1
1800,1806,0.0057189205704145174,6,2156.2300630925315,2170.71760161799,6
1807,1808,-0.0005915321537756349,1,2183.889537867238,2184.7815865231623,1
1810,1813,-0.0034031722600485464,3,2197.4619463179615,2192.181066726058,3
1815,1819,-0.008927498069343294,4,2202.223299681922,2184.765178725431,4
1820,1829,-0.03128938659635774,9,2176.8201309604856,2110.8855844630893,9
1833,1838,-0.01039199873439257,5,2129.4637131635736,2109.4637926646064,5
1839,1840,-0.007736733048766393,1,2101.5898664133956,2087.432016505376,1
1842,1844,-0.001209008579083338,2,2082.4096071685817,2081.974365695518,2
1846,1847,0.0005301920425946733,1,2121.9894334817245,2125.2364848273082,1
1849,1853,0.0015303976863989244,4,2141.06922557973,2146.4869821945567,4
1854,1856,0.007678595123987082,2,2156.6043986647933,2175.3206950834146,2
1857,1870,0.012635565443008576,13,2179.7591458749107,2209.4813943584845,13
1872,1874,-0.010991385007332457,2,2188.4696663367276,2166.603823323489,2
1875,1876,0.0008391938675780749,1,2163.764299787354,2167.7438818184073,1
1882,1883,0.0007261232007309843,1,2255.1200090130455,2259.0126239810356,1
1888,1894,0.011473907189423139,6,2287.7618015607572,2316.2991299449336,6
1895,1897,-0.0031517791066635126,2,2317.3103796779524,2312.324039619307,2
1898,1899,-0.003654027260168574,1,2325.2809860522448,2319.1096269277105,1
1904,1910,0.005062153253594865,6,2326.9468491015646,2341.053157513788,6
1912,1913,-0.009726548627475087,1,2326.785865027291,2306.4810550304087,1
1914,1918,0.0009489473027829206,4,2309.815257518505,2314.3169657345725,4
1921,1923,-0.004422610351677149,2,2320.4469081212906,2312.5049225130374,2
1924,1926,-0.006432422384217782,2,2306.725618148214,2294.194510265937,2
1927,1928,-0.0014480452300321028,1,2303.1142672975607,2302.082367935879,1
1932,1934,0.0037550352078341105,2,2301.6506568705445,2312.5950867800984,2
1937,1938,-0.006794101519733688,1,2316.2612688308286,2302.8406158929956,1
1939,1940,-0.0018053505419412738,1,2294.9162132250744,2293.068001209044,1
1941,1946,0.0025461373314872946,5,2291.191151972874,2299.3160304504586,5
1949,1950,-0.004850642265018414,1,2296.162468857999,2287.3207686080655,1
1951,1955,-0.011006335784392415,4,2282.729212659204,2259.8874576524945,4
1958,1960,0.021534736669024276,2,2297.3354922236613,2349.1053425813247,2
1961,1962,0.0019620979473222275,1,2364.453157640631,2371.456899485418,1
1963,1966,0.002965085997747103,3,2376.7280732456748,2386.1520044493536,3
1967,1973,0.01999466133848355,6,2391.1232342009175,2441.3240567215453,6
1974,1975,-0.004072605668760257,1,2447.5681066956013,2440.0476950562916,1
1977,1978,-0.0038420480981030593,1,2433.0632707008667,2426.148387859807,1
1979,1990,-0.004463245297574846,11,2424.4830010338815,2416.0864216815007,11
1997,2000,-0.0035203584529751616,3,2380.047524842153,2374.0489519444345,3
674,677,-0.000426432813746568,3,1984.6429500056388,1985.7812760781912,3
680,683,-0.0023295607623967296,3,1990.8618280810017,1988.2148563110318,3
684,685,0.0023524263993299366,1,1990.668168503764,1997.3417370241618,1
690,702,0.0005321425449888097,12,2017.1605950568583,2020.2511726246198,12
710,712,-0.008128281580587537,2,2009.0661282959945,1994.7449392194799,2
714,720,0.0008826485345617171,6,1998.6745737894344,2002.4373755468448,6
721,725,0.006303302226462151,4,2014.272387830321,2028.9832278450633,4
726,728,0.003019163559429592,2,2028.4477301048378,2036.6003933038828,2
730,731,-0.0005579113696467927,1,2042.4207725377812,2043.3237035397174,1
732,736,0.005599286481487567,4,2051.0999110956623,2064.635707011136,4
738,739,-0.005077599523705992,1,2073.7181142186278,2065.2623222237894,1
743,744,-0.0007890206613035256,1,2066.6608149693566,2067.0968377014087,1
746,748,-0.005046899034965789,2,2072.1643106181587,2063.7784708692275,2
753,764,0.005310336452278885,11,2061.223542609235,2074.2305566664577,11
766,771,0.0041013994082427134,5,2080.177957001257,2090.7897756001425,5
775,780,-0.004409773233991941,5,2083.1537430676035,2076.0506611922015,5
781,787,-0.003367276916841743,6,2080.4037773131754,2075.4788854734315,6
788,792,-0.0012097833044760007,4,2075.7760831798464,2075.3406200137647,4
794,800,-0.00511378113703616,6,2079.099217568201,2070.546258424942,6
802,807,0.004168404101973472,5,2073.2719783230036,2083.987485720275,5
810,813,-0.003184021248140784,3,2091.3373878384937,2086.769862546423,3
814,820,-0.006343258282480949,6,2085.1819913207896,2074.0403253751847,6
821,830,-0.01160144277227064,9,2079.4398672365837,2057.394804485697,9
831,841,0.006371712451159663,10,2063.971952262348,2079.186960001685,10
845,858,-0.0018409783522026178,13,2075.591231449824,2073.8457041561533,13
859,860,0.00020108785260056087,1,2065.1562468098296,2067.636680891595,1
861,862,-0.0011477870454272244,1,2067.538347529681,2067.232792145992,1
865,870,0.005055248801975047,5,2069.5284029142244,2082.059912296624,5
872,875,0.004624158751891021,3,2099.8555392783455,2111.6654601872847,3
881,882,-0.000745875007378853,1,2172.35577107393,2172.9078209682248,1
884,885,-0.003517616016365104,1,2177.0846404533972,2171.6035772936093,1
889,891,-0.006314949239774688,2,2174.263006702909,2162.706909188363,2
892,897,-0.0010157359450479369,5,2170.978040748336,2170.9438783571863,5
901,903,0.001616949884980982,2,2162.0508287503008,2167.708807417922,2
904,905,0.0005866412417560838,1,2167.6067405850763,2171.045954835597,1
911,917,-0.008941225248194167,6,2159.288717535494,2142.1413194536603,6
918,920,0.002444367488129459,2,2147.1997096663954,2154.5954545368913,2
921,925,-0.0015767053550813522,4,2155.2797385097456,2154.0367771428487,4
928,934,-0.007715485059700103,6,2156.8177066943067,2142.3336296085045,6
936,937,-0.0016752743388951997,1,2135.2005123212134,2133.758666206847,1
942,943,-0.0043563870637395976,1,2139.664363664699,2132.4828218737503,1
944,948,-0.01193396196472116,4,2130.038457828513,2106.7486983472227,4
949,952,0.0024556832715780215,3,2109.660364849884,2116.950682881407,3
959,962,-0.002027426198840683,3,2134.49242839177,2132.299394949613,3
964,970,0.002665223926161129,6,2136.083235725649,2143.9124591095024,6
972,974,-0.0031152860543599524,2,2149.860438706174,2145.312868901359,2
977,980,-0.0031114613170693064,3,2132.145198984372,2127.6432568743417,3
985,992,0.004013812849309685,7,2120.60373727538,2131.2360475416253,7
995,996,-0.004293605806581523,1,2141.287907884966,2134.2353495979933,1
998,1001,0.003049661755872385,3,2135.5011186597194,2144.1491758695784,3
1006,1008,-0.002172114769194336,2,2147.7546769077403,2145.2372619303305,2
1009,1011,-0.002661307589790782,2,2144.3181427460127,2140.7557707405426,2
1015,1017,0.00036186668697429426,2,2132.028644103797,2134.932182889877,2
1021,1022,-0.0015818716310961466,1,2147.4090920942836,2146.159575663236,1
1023,1025,-0.0015731877034285738,2,2150.501241895522,2149.2686010274597,2
1027,1029,-0.002814885535123203,2,2143.6921295013985,2139.801573663809,2
1032,1039,-0.0018909742714883302,7,2150.6716432916737,2148.7554501910813,7
1046,1047,-0.0025360515735062127,1,2139.154494161829,2135.868642535099,1
1049,1051,-0.000983873309923682,2,2141.620363354723,2141.654900602584,2
1052,1055,-0.0009769131427089222,3,2146.1809675154773,2146.230516089195,3
1067,1072,0.007556241606772421,5,2139.7002095815715,2158.008001540813,5
1077,1078,-0.004416953652844756,1,2154.80238744135,2147.439527552424,1
1079,1080,-0.0013721245195131857,1,2150.881360937616,2150.0809652446474,1
1081,1082,0.0035471162369585,1,2156.8673556757544,2166.6748822497134,1
1083,1086,0.0020041048861722858,3,2180.9636490947555,2187.515492649565,3
1088,1089,-0.0019438102750838002,1,2186.771974067982,2184.708076209591,1
1094,1098,-0.01175794875612289,4,2159.41002771605,2136.179205294423,4
1099,1100,-0.0001484742083497306,1,2140.2854705226314,2142.1079788022757,1
1101,1108,0.0024086040305875693,7,2147.31747853887,2154.636833551169,7
1109,1112,-0.0043199317474511695,3,2155.313081573017,2148.157589247806,3
1118,1119,-0.0025766218867213806,1,2129.5025774313754,2126.1451570599675,1
1120,1126,-0.002928368349284524,6,2127.623616526244,2123.5207744849445,6
1128,1131,0.0054327793592482505,3,2125.414316337181,2139.0866376811655,3
1133,1134,0.000780164798662951,1,2139.8385879343796,2143.647853263441,1
1135,1138,-0.0008254523876417845,3,2147.9654555130364,2148.340377754724,3
1142,1144,-0.0024838221595976247,2,2146.131771572322,2142.9472936922466,2
1147,1148,-0.005167545528720444,1,2151.9268533363297,2142.9586002005744,1
1150,1153,0.004763549938518404,3,2143.6924577401714,2156.047736273182,3
1154,1155,-0.0013964038527113155,1,2159.4189435475178,2158.5629415586777,1
1158,1163,0.003962435332385748,5,2160.2931897711082,2171.0135050243407,5
1169,1170,-0.0016194644033490405,1,2167.6548276344784,2166.312042630011,1
1171,1173,0.00012583204192498213,2,2166.444461977305,2168.88351456965,2
1174,1180,-0.0032331608791155604,6,2167.659201575211,2162.818469846998,6
1182,1184,0.004834533595618288,2,2166.346879206311,2178.986502852803,2
1186,1189,-0.0015332626214119263,3,2205.779164395218,2204.6029048157566,3
1192,1193,-0.002398177702051492,1,2218.2094318149784,2215.1079808489344,1
1194,1200,0.0029077751680846083,6,2214.2586640966742,2222.9114891199474,6
1203,1207,0.0006171626896270611,4,2225.5830750257915,2229.1822049373886,4
1208,1210,0.0019968165085940274,2,2242.2623949122617,2248.9820438739343,2
1211,1213,0.0007655925110769998,2,2255.4503755509077,2259.432581843086,2
1216,1223,0.006506113607793784,7,2284.1629252785847,2301.3081116944363,7
1225,1231,-0.003737406797297276,6,2302.3913555014665,2296.0887737548783,6
1233,1234,4.2041482818237904e-05,1,2293.0833841639715,2295.4728721738315,1
1235,1243,-0.008498634885438321,8,2296.8494361221033,2279.6262008137987,8
1249,1251,-0.0026464101479653883,2,2298.8447836703895,2295.0599422899572,2
1253,1262,0.0177748127581831,9,2290.3081579596815,2333.3082647839137,9
1264,1265,0.003568219268527604,1,2344.050124765305,2354.7582597116525,1
1268,1276,0.001642446320075174,8,2376.59984474676,2382.8798822608023,8
1278,1280,-0.004960461869250612,2,2383.301419363208,2373.862444968889,2
1282,1284,-0.009353932444337389,2,2365.601555435619,2345.8394798512904,2
1285,1288,0.0026124406157443697,3,2340.462608071829,2348.9173902568587,3
1289,1290,0.001535777394224586,1,2351.2394961107225,2357.201716073368,1
1291,1295,0.004845059613973815,4,2366.7882267277705,2380.6222450066457,4
1296,1298,-0.0031239912044364947,2,2383.453783942153,2378.391349068879,2
1300,1302,-0.006691185191650203,2,2372.9474775529156,2359.442594008103,2
1306,1311,0.004956914186340844,5,2333.575825826887,2347.4767367686572,5
1316,1322,-0.012646380063283249,6,2370.585578895398,2342.976838271044,6
1324,1327,-0.004916329109390609,3,2343.082302938557,2333.9060215098607,3
1328,1334,0.025024827898402602,6,2347.4656382689955,2408.55802750236,6
1336,1339,-0.0017715875978466678,3,2428.0114624254575,2426.1380388936204,3
1342,1343,-0.0009563701143557204,1,2434.820051695546,2434.926282615966,1
1345,1346,-0.007830474710256318,1,2437.8856525633832,2421.2337362670523,1
1348,1349,0.00014685892389332657,1,2417.762204085791,2420.5350362453987,1
1350,1352,-0.004871045683865436,2,2425.1604754084224,2415.7725684174115,2
1353,1356,0.007463603894388282,3,2415.920541621103,2436.3679361257,3
1357,1358,0.0012238842469246506,1,2456.656862442319,2462.1201829388037,1
1359,1367,-0.005323277478523843,8,2475.607565348506,2464.9048269155714,8
1369,1373,0.0013662920397112103,4,2463.4113710271095,2469.240521744905,4
1374,1379,-0.014041796079829125,5,2475.376274677531,2443.0929220823396,5
1380,1382,-0.0017837596778783724,2,2447.4832542490203,2445.5650155620574,2
1384,1385,-0.005264326791022349,1,2444.1050699498865,2433.6826072200256,1
1386,1387,-0.006594391968879386,1,2434.7857215281683,2421.164575841709,1
1388,1391,0.0031586792727969753,3,2424.1157424312173,2434.196862324127,3
1392,1393,0.0005229588744684434,1,2437.6097095170694,2441.322088856669,1
1397,1398,0.003371552164525674,1,2448.836670757882,2459.5418880065035,1
1401,1403,-0.0001414095434029112,2,2461.5106594946237,2463.624089055678,2
1405,1410,-0.001740656078512917,5,2459.5989796946983,2457.7772627596833,5
1411,1413,-0.005307495763655953,2,2453.4260320216304,2442.857909782254,2
1415,1417,-0.0031325834898730384,2,2457.107190925013,2451.867204696798,2
1423,1424,-0.0002910914217751294,1,2480.303023612275,2482.061331702311,1
1425,1426,0.0026446913577068036,1,2489.030120375727,2498.1018669445325,1
1428,1431,0.00038275389187357586,3,2499.526587539095,2502.9828176558563,3
1432,1433,0.0023666375774568254,1,2516.6502541900313,2525.1229035051037,1
1443,1447,-0.01058483795195286,4,2526.6581147948336,2502.4405062045385,4
1453,1458,-0.020960994257789353,5,2502.958581912747,2452.997040031702,5
1463,1466,-0.005481516442502868,3,2421.3416593853676,2410.490376925915,3
1470,1473,0.001479635753887953,3,2431.166405836529,2437.1948129800926,3
1475,1476,-0.00608428392159154,1,2419.8883750412833,2407.5849754840146,1
1477,1481,-0.002695099699559806,4,2392.01802061928,2387.9633115911865,4
1483,1490,0.007183542659135986,7,2364.9308843138847,2384.2843970915756,7
1493,1495,-0.013153913559190648,2,2395.0209953099666,2365.9121171605225,2
1497,1498,0.0009825372907928966,1,2399.601451980785,2404.3587513423777,1
1504,1506,-0.0016703291040139334,2,2420.9777704903067,2419.3549186305763,2
1510,1513,-0.007162515043181263,3,2429.66809068558,2414.6952245267926,3
1515,1517,-0.006320897580953172,2,2427.836109110195,2414.91784183028,2
1519,1520,0.0014762525309955552,1,2428.304791988639,2434.3178878758295,1
1521,1523,0.0019540211074743595,2,2445.0096042212936,2452.232214200141,2
1524,1526,-0.0014743386858722385,2,2451.6627130551215,2450.499794585609,2
1528,1530,-0.003056274520154717,2,2442.532694398346,2437.5101766542098,2
1532,1533,-0.0018575407215440133,1,2431.688790388074,2429.603518228194,1
1536,1537,-0.004410724933715568,1,2460.9827374196725,2452.5890022357116,1
1539,1540,0.0013205661046312468,1,2459.9031753284066,2465.6115432577485,1
1541,1543,-0.0011485712318388779,2,2480.2692082735357,2479.9007116219705,2
1546,1547,-0.001930742634255554,1,2486.149579414067,2483.8356140053697,1
1548,1549,-0.00385805865051518,1,2480.526716736915,2473.4372258963112,1
1554,1556,-0.002933228732963209,2,2478.844602407847,2474.0524287979215,2
1560,1562,-0.0032733406870739273,2,2473.334544346382,2467.7118122939737,2
1563,1565,-0.005975871975817181,2,2468.0517089591863,2455.7709996257086,2
1570,1571,-0.004567641895398706,1,2469.6437775475733,2460.832972940084,1
1573,1576,-0.00833964581392575,3,2448.4587086136053,2430.4878889023594,3
1584,1586,-0.0013126334426304446,2,2409.345542733223,2408.592300741712,2
1587,1598,-0.024651259574157723,11,2408.676578097007,2351.708343118241,11
1601,1602,-0.0010731562577211099,1,2358.4271219017496,2358.2545881994033,1
1607,1610,0.005224358311615126,3,2350.5082442131716,2365.1386497395597,3
1611,1612,0.0022539816723521544,1,2368.625833267193,2376.333298317304,1
1626,1628,-0.00762101457328199,2,2377.3945820980152,2361.6538179235026,2
1637,1640,-0.005767954412146277,3,2287.9422303223055,2277.0334260705044,3
1647,1648,-0.00023869221619269025,1,2144.6153792803725,2146.2480916618915,1
1652,1657,0.010227776741447717,5,2171.1909295589066,2195.5685765790504,5
1659,1665,-0.007076532695725443,6,2200.045222775002,2186.676576046735,6
1667,1668,-0.005831018941132507,1,2144.7678638160955,2134.4064496416677,1
1670,1671,0.001334106775666415,1,2115.066526173581,2120.003317283308,1
1673,1674,0.001557366668667232,1,2123.7699980375924,2129.201256642489,1
1675,1680,-0.02186197960005089,5,2119.0845575100543,2074.8762587004967,5
1681,1683,0.004095891641741621,2,2090.709140372404,2101.3631676061405,2
1685,1686,-0.003997349059991558,1,2116.500018440326,2110.156129099582,1
1689,1690,-0.003781960497157503,1,2143.7413555349754,2137.777551767754,1
1691,1693,-0.0007395163344759069,2,2135.9583749267445,2136.5147571936523,2
1694,1697,0.010753144586604157,3,2142.3015819462244,2167.480362186949,3
1698,1705,-0.009926052844993236,7,2166.246331769718,2146.9103025370687,7
1708,1717,0.014624022086599443,9,2181.0594974274877,2215.1364191874823,9
1719,1725,0.00525614745677305,6,2220.6536694523907,2234.546406258909,6
1732,1733,-0.0034973866214416194,1,2262.3129876841044,2256.6631174951485,1
1734,1735,-0.007551593388766705,1,2254.647742208274,2239.8762069664244,1
1737,1739,-0.0009054425065209985,2,2247.9712627570702,2248.1838252850894,2
1740,1742,0.004085647799219417,2,2252.5438325157825,2263.9994771002616,2
1747,1748,-0.002925896777399962,1,2256.045328649792,2251.700418221677,1
1749,1751,-0.0038245953344671463,2,2250.2404294792304,2243.884410860694,2
1752,1756,0.005240376156333743,4,2247.0087076158916,2261.030887177972,4
1757,1759,0.000647674643238595,2,2259.510128178936,2263.2330657232774,2
1762,1763,-0.0055100435649282275,1,2254.316723619746,2244.1496569870746,1
1766,1767,-0.0048158692585663476,1,2235.3911961213043,2226.861235575155,1
1771,1773,0.002880098506400343,2,2222.6855110503757,2231.309749782,2
1778,1784,-0.021515217211259357,6,2230.78217147975,2185.017190680838,6
1786,1788,-0.005988687635210469,2,2148.1920192164594,2137.4753602521364,2
1790,1791,-0.004190764788641249,1,2117.244427984264,2110.488799014505,1
1793,1801,0.01774541879470992,8,2125.27863318421,2165.1178712186966,8
1802,1803,-2.1341506994356245e-05,1,2167.3499893098247,2169.4710847841784,1
1805,1806,-0.00194003845884044,1,2173.6002675629134,2171.5569997172583,1
1807,1812,0.004607202611849374,5,2186.24443481154,2198.5031503165565,5
1813,1814,0.002934016271927042,1,2195.32105528559,2203.9574840391874,1
1816,1819,-0.005627951397712323,3,2193.9623163014217,2183.8087653331663,3
1822,1825,-0.020904815430045468,3,2159.2071894245173,2116.228568843795,3
1826,1836,0.009756319494224532,10,2097.9727618641073,2120.5392271808983,10
1838,1840,-0.010990154326065697,2,2108.8865947395097,2087.818492201891,2
1841,1853,0.030660382479725502,12,2083.8248514802954,2149.7995432989187,12
1854,1863,0.008694176541423855,9,2154.613771346126,2175.5009776241386,9
1864,1866,0.0035522129053828675,2,2178.9264176206216,2188.845354578794,2
1868,1871,-0.005468109104384371,3,2207.4910301157074,2197.6277193462006,3
1873,1874,-0.0054956772897626046,1,2177.6707942632925,2167.8806891289437,1
1875,1877,0.008713235274967406,2,2162.9905580061823,2184.0001941936293,2
1878,1885,0.031124426226897123,7,2201.793299590086,2272.524646009644,7
1887,1889,-0.004928174922311876,2,2292.227601476263,2283.2233304959127,2
1892,1893,4.205475358783637e-05,1,2316.2972737570317,2318.7109823418728,1
1894,1895,-0.002365392262857104,1,2322.0967903242995,2318.9262173331854,1
1896,1897,-0.00415009607485186,1,2317.2264390894757,2309.926953179157,1
1899,1901,0.0036019122952716445,2,2323.820631109437,2334.5146498437452,2
1902,1904,-0.007487938171552156,2,2337.4455426310215,2322.280340471061,2
1905,1906,-0.0022881362944808144,1,2322.755066218879,2319.7630411148934,1
1907,1909,0.0010890211602803735,2,2327.6106577143337,2332.473085631193,2
1910,1913,-0.015415729529084606,3,2344.24695795191,2310.452927856696,3
1920,1925,-0.00977112756103576,5,2318.5105037549065,2298.174552374871,5
1931,1934,0.00012887792761193746,3,2307.8662534340133,2310.4715527073954,3
1938,1939,-0.005923281894042071,1,2304.7230232392326,2293.376222108137,1
1940,1941,-0.0030616757804106474,1,2296.305666719055,2291.5714289415605,1
1943,1944,0.0005374365659835184,1,2291.936903167399,2295.4606107692557,1
1951,1952,-0.0039014638178275327,1,2282.4249035450007,2275.8025302704564,1
1957,1958,0.009011027654178383,1,2276.7219043013843,2299.514230246219,1
1961,1962,-0.0006447512593535883,1,2363.534301639362,2364.373944223494,1
1963,1967,0.0036776897169578313,4,2376.1023868793936,2387.2170565809383,4
1969,1971,-0.00330550181009879,2,2428.2614951824335,2422.663133909897,2
1972,1975,0.0009673387987209612,3,2435.213388775797,2440.0042785587,3
1976,1977,-0.005272005657227959,1,2439.4773540690803,2429.0558930118177,1
1978,1980,-0.0061977065411475095,2,2429.318625931688,2416.6917406191515,2
1984,1995,-0.011314899500633604,11,2413.096536419822,2388.2056881613244,11
1996,2000,-0.006037581425009618,4,2383.8401221799622,2371.831333460276,4
672,676,0.0039717901715064004,4,1975.5199472865202,1985.3418179440541,4
677,678,-0.0011815076601048929,1,1989.6303870804534,1989.2692539244208,1
681,684,0.0016673257539715023,3,1987.012301870686,1992.312310956924,3
686,689,0.005158487831266057,3,1997.4898310095732,2009.7913478269234,3
690,692,-0.0005802529365248645,2,2016.4708138963413,2017.3172215990576,2
698,704,0.0016346078491821401,6,2020.6607685222875,2025.9844172435708,6
705,708,-0.004914187237411819,3,2024.353320248356,2016.4296223182278,3
709,715,-0.007682391360504086,6,2012.996039113786,1999.5444117732832,6
716,721,0.009131426112996704,5,1998.3693297482785,2018.615660959102,5
725,728,0.00033990156586091616,3,2030.0733711881169,2032.7934696769844,3
733,743,0.006807573467199926,10,2046.543358048737,2062.5218956705125,10
746,747,0.00024062130977648495,1,2064.0071262913657,2066.5677775157733,1
750,765,0.0051888294780630985,15,2067.7592922337813,2080.5563018950966,15
766,768,-0.00025199453160034834,2,2084.767782874306,2086.327200576239,2
772,774,-0.006155141418635883,2,2092.409677430127,2081.6230096372524,2
777,779,-0.0024803051019339772,2,2079.7901390693128,2076.7114151154965,2
780,781,-0.003638349851083045,1,2079.6366178775493,2074.149808916465,1
783,787,-0.0011610531608862169,4,2075.13358508216,2074.7993782590215,4
791,792,-0.0017544191464956866,1,2074.545576115978,2072.980499213078,1
793,795,-0.004269614851895857,2,2079.485211595178,2072.6860958630486,2
796,798,-0.001087720771422805,2,2076.1698763604013,2075.987753137242,2
799,808,0.004163393642378131,9,2077.6075721049015,2088.3350778340646,9
811,815,-0.00479365855739807,4,2089.5431736677047,2081.6161603258674,4
817,819,-0.004790038924850009,2,2085.6746662572014,2077.769878087513,2
822,823,-0.003256427732597867,1,2078.9863591302105,2074.2952766537765,1
825,826,-0.00039207996765505573,1,2068.0016888758573,2069.258868529448,1
829,830,-0.002985207643548128,1,2066.8461769492287,2062.743058120711,1
834,835,-0.0019225177729028336,1,2066.7465467491675,2064.839936327706,1
841,842,-0.002729122160232488,1,2076.7391543184776,2073.148218625723,1
843,850,-0.004946809656368633,7,2080.177892322562,2071.9678261301788,7
857,859,-0.0006735130370905365,2,2072.9549314590895,2073.6317242189098,2
862,863,0.000326046977522755,1,2066.0104348807636,2068.7500617734677,1
868,869,0.0002776960902145663,1,2070.7747911193837,2073.420611973712,1
871,883,0.04148848307661044,12,2092.1360442244045,2181.0277311334,12
888,890,-0.005349860986008136,2,2174.5302316130546,2165.071327395666,2
893,897,-0.0006027134063820978,4,2165.5260629356285,2166.386397408563,4
898,904,-0.00032375761775159796,6,2165.0845861209186,2166.5487080792063,6
906,909,-0.004668810036750315,3,2170.5547520492287,2162.5913989895944,3
911,914,-0.0053378183224068124,3,2164.8145353202867,2155.423963164362,3
915,920,-0.0008007426649252935,5,2151.937951633157,2152.3667410546454,5
923,925,-0.003129993370775868,2,2160.2743254080174,2155.672955415841,2
928,929,-0.00171511246806151,1,2156.4176128794743,2154.8755317581567,1
936,938,-0.0009833181244674187,2,2135.682218569056,2135.7178457540035,2
945,947,-0.008638702796038743,2,2122.7417846541907,2106.5267910484845,2
948,950,0.0024713258614893876,2,2104.383848330381,2111.688850405591,2
951,952,-0.0005987510693103242,1,2111.9306670129854,2112.778076934815,1
957,958,-0.0012514075494353054,1,2128.1838372163024,2127.64879573304,1
960,961,-0.0008141951553181415,1,2140.4036908491394,2140.801388224474,1
964,965,-0.00028400621570521774,1,2135.813900275847,2137.343129752855,1
967,969,-0.003534256051050826,2,2150.7704716160497,2145.3198685339353,2
972,976,-0.005664166351927364,4,2151.077179175239,2141.044197375731,4
978,984,-0.0066099184744832775,6,2131.8032405433955,2119.843998160308,6
988,990,0.002138103255664466,2,2123.129112715495,2129.7917110963035,2
992,997,-0.0006312638828394158,5,2138.1636148567904,2138.952033005987,5
1001,1002,-0.0004346995926958352,1,2142.835212928835,2144.0465585474894,1
1003,1005,-0.0004863211349212548,2,2144.0279899539823,2145.129331818559,2
1006,1010,-0.005929324687407985,4,2149.2990464061613,2138.704453556089,4
1013,1017,-0.0018613714941240647,4,2136.9515288250045,2135.11081969375,4
1018,1022,0.0027548146222401964,4,2138.565098563241,2146.595014065939,4
1024,1027,-0.00561082905931511,3,2150.625833205001,2140.7096651175457,3
1036,1042,-0.0077764010449075495,6,2154.9274480035206,2140.3247953931696,6
1043,1049,-0.004255464075681482,6,2144.0945752704047,2137.1145524057483,6
1050,1052,-0.002360194434078526,2,2144.684354585405,2141.7671668634425,2
1053,1055,2.236032389087042e-05,2,2141.793064834667,2143.9827490861385,2
1060,1061,-0.0015871182845662022,1,2143.0540119237858,2141.7957857285724,1
1065,1069,-0.0005925795513022213,4,2143.712125182089,2144.5855173380096,4
1070,1071,0.0010443108776508289,1,2148.6604676430784,2153.0529976094595,1
1074,1077,-0.004413782614014635,3,2160.236421411297,2152.861843873722,3
1080,1081,0.0046113861505346024,1,2146.7029585972446,2158.748937848429,1
1085,1089,-0.003936485436309217,4,2186.507129509854,2180.086483167662,4
1091,1092,-0.00405397461105623,1,2178.60343241644,2171.95003284628,1
1098,1102,0.0052900866805441135,4,2135.592965999944,2149.026030870444,4
1103,1104,-0.00024186141767906387,1,2147.865206823731,2149.493586306649,1
1111,1113,-0.0026785757830610343,2,2148.2189353137387,2144.612987032208,2
1115,1116,-0.003842683994492168,1,2133.3430528383005,2127.278632687236,1
1119,1121,0.0014127009937472184,2,2125.179286521366,2130.306708697847,2
1124,1126,-0.00329585551294719,2,2131.2724670486036,2126.3793734055375,2
1127,1129,0.0006547837819780022,2,2124.5125909343324,2128.0281999144186,2
1133,1134,-0.0018204817083642246,1,2141.081637794444,2139.324919474519,1
1137,1139,-3.026416766651295e-08,2,2142.3661321573986,2144.508433452628,2
1140,1144,-0.0036259665075207208,4,2146.8892615005834,2141.251602204527,4
1146,1147,3.7485039023106006e-05,1,2147.230560844512,2149.4582804267216,1
1148,1149,-0.004314356835038722,1,2151.93381367398,2144.8015371300785,1
1156,1163,0.005043669801070789,7,2157.7750783425677,2170.81595842105,7
1164,1165,-0.003241576299820444,1,2170.492768722757,2165.6274435734563,1
1167,1168,-0.000733838402055026,1,2166.746412491553,2167.3231171790435,1
1173,1177,0.005166787490205946,4,2165.5310154406015,2178.8853850162736,4
1178,1181,-0.00598405577367517,3,2171.440834690997,2160.618252461661,3
1182,1186,0.01699431523774132,4,2165.31463741983,2204.277991594458,4
1188,1189,-0.0016380197182712677,1,2209.6276008549976,2208.2178148756157,1
1190,1193,0.0014093600966152732,3,2209.1562908838036,2214.4789438982457,3
1194,1195,-0.001173031234299771,1,2214.49500643273,2214.111829628416,1
1198,1200,-0.0005432155315286272,2,2223.598167659494,2224.613872766602,2
1201,1202,-0.0043622072004217425,1,2232.021959239613,2224.517438936758,1
1204,1208,0.0028042360486410763,4,2228.852292383602,2237.331372621384,4
1209,1210,-0.0015834625212858152,1,2246.9936520787205,2245.6826154971654,1
1211,1216,0.0076191381319174285,5,2261.196729145097,2280.6862960970384,5
1218,1219,-0.0025437645450041386,1,2282.811870219433,2279.2877461912735,1
1220,1223,0.007898858582001785,3,2288.644264429481,2309.0105860831486,3
1224,1228,-0.012370457509855104,4,2304.320649908306,2278.119469869442,4
1229,1232,0.004770288839524093,3,2280.7382850229874,2293.898803694931,3
1233,1235,-0.001164231649608534,2,2297.3322558407017,2296.954961174626,2
1236,1238,-0.005197309755067767,2,2295.173050892899,2285.5394986568176,2
1239,1240,-0.003702361641197498,1,2281.2356981779617,2275.070974332675,1
1243,1247,0.003117958202554157,4,2287.185356954454,2296.6038906558865,4
1252,1257,-0.005600481755787446,5,2296.1669053484293,2285.603431392131,5
1260,1261,0.005718478301246736,1,2318.012188707534,2333.585703299391,1
1263,1265,0.0026458942402802703,2,2345.8033674025764,2354.3559183886196,2
1268,1270,0.00017342584665796233,2,2373.3627672822536,2376.1477324968782,2
1271,1274,0.001633525754292718,3,2374.429771133071,2380.6828930871093,3
1279,1285,-0.01811094477730072,6,2375.7551439720573,2335.1037288991633,6
1288,1290,0.0030893466991488757,2,2348.1796189199936,2357.7821394936327,2
1293,1296,-0.000888010252707697,3,2379.2149149286674,2379.4813626057444,3
1297,1300,-0.0048829806139794,3,2381.0845571875916,2371.8388520117865,3
1301,1302,-0.004143321028877633,1,2372.4380339321583,2364.9806995703902,1
1304,1305,0.0008656482025334808,1,2324.216248839445,2328.5524187063916,1
1306,1307,-0.0004421681662127769,1,2331.627335596437,2332.9279915487614,1
1309,1310,0.0014259882692642047,1,2340.566081122475,2346.244266978716,1
1311,1312,0.0029781141923176857,1,2356.1736545443596,2365.5467823990675,1
1313,1314,-0.0008563851255444393,1,2368.659445753896,2368.999620482826,1
1315,1316,-0.0026902320781025733,1,2369.653771802143,2365.6485069830464,1
1318,1320,-0.003435673091523223,2,2338.2684069501224,2332.573149510555,2
1321,1322,-0.0022272325772381574,1,2343.0759499688534,2340.2004508321083,1
1323,1324,0.00010700867627952654,1,2341.01220296174,2343.603723781695,1
1325,1327,0.000220579576263543,2,2335.4899331376064,2338.3405844505633,2
1329,1331,0.008070199496104349,2,2353.067641647363,2374.4104345849323,2
1332,1340,0.014209975209572706,8,2392.613556690754,2429.005149574108,8
1342,1347,-0.008824678873947129,5,2435.224695849551,2416.169844618623,5
1351,1352,-0.001695643158708792,1,2419.663197395273,2417.9799752456256,1
1355,1356,0.0013813158044985578,1,2428.7007771504004,2434.4842806954266,1
1357,1358,0.0015105581069821002,1,2455.812384666633,2461.977844358185,1
1359,1363,-0.007656880865208475,4,2475.2587373635006,2458.7812348383054,4
1365,1368,0.003951815152581425,3,2456.9114654916043,2469.0776369149767,3
1370,1372,0.00015829768085451963,2,2467.9950822778014,2470.853755257964,2
1373,1374,-0.003771294552697763,1,2474.8137463117973,2467.955308457702,1
1380,1384,-0.002281126108907302,4,2443.7888381178286,2440.6580364326596,4
1385,1390,-0.0048917463510355355,5,2439.090190728835,2429.5978703792193,5
1394,1395,-0.00175092521518571,1,2442.156109783969,2440.3222331817124,1
1396,1397,0.003215460359160035,1,2444.0292748403895,2454.3319833651058,1
1398,1403,0.0002755859814741568,5,2461.991984344874,2465.132466806606,5
1405,1408,0.004625783916487777,3,2460.4070497561074,2474.2487681646385,3
1409,1411,-0.006076045285466517,2,2466.445537149335,2453.925747908628,2
1419,1425,0.006228846943696314,6,2465.286630368257,2483.10781009153,6
1427,1432,0.005734146924065801,5,2496.075978653003,2512.8849210268836,5
1433,1434,0.00011881691364757198,1,2524.105476831387,2526.9294887306964,1
1437,1439,-0.0037404739005670166,2,2520.095447406842,2513.189191606286,2
1444,1445,-0.0033645110663762436,1,2522.314566909429,2516.3505262030894,1
1448,1453,-0.004306222166437872,5,2507.620182191379,2499.329432760011,5
1454,1456,-0.007658983742509576,2,2498.0459821319264,2481.4115345488685,2
1457,1458,-0.011412915859188986,1,2474.519301305821,2448.7523400293844,1
1459,1465,-0.01710923951369902,6,2445.89629461704,2406.494765381385,6
1467,1469,0.00038304009368988557,2,2417.4655994046025,2420.809051253695,2
1470,1471,0.0005335041962296161,1,2427.3121703090846,2431.034463707813,1
1473,1476,-0.018407616899501312,3,2439.168258189093,2396.7081515971136,3
1477,1478,-0.0072521955151621294,1,2393.3432538279135,2378.379603870087,1
1479,1486,-0.006609438244167469,7,2386.0320968044434,2372.6477971088175,7
1491,1493,0.0015378965168121668,2,2380.673506734019,2386.7154097344264,2
1496,1499,0.009142833188767307,3,2383.6717682452504,2407.848953367336,3
1507,1513,-0.0052126664038050045,6,2424.736926218953,2414.522318431805,6
1516,1517,-0.00033721607826992265,1,2419.004287096419,2420.6075642445026,1
1520,1521,0.0038690835385659867,1,2434.8833484250895,2446.7389988552345,1
1537,1538,-0.0011596033484865013,1,2454.5054046540013,2454.1136573725403,1
1539,1540,4.1612169761136254e-05,1,2464.624196727353,2467.191379284552,1
1543,1545,-0.0015649512164860272,2,2481.3569782062086,2479.955132562835,2
1549,1551,0.00026745460184110764,2,2474.2792943101244,2477.415330987938,2
1552,1553,0.000811850454212076,1,2476.0345816459694,2480.5207860273695,1
1559,1560,-0.001567678623692104,1,2477.074692085318,2475.6685097333325,1
1565,1566,-0.00010359236655329293,1,2460.7408891833315,2462.94671610033,1
1569,1571,-0.0019504742710821472,2,2466.055667259898,2463.7117447971114,2
1573,1575,-0.00531933458679172,2,2450.1230305702948,2439.5401294224575,2
1578,1582,-0.007848453205075098,4,2426.5498912521666,2409.931777872146,4
1593,1595,-0.007164015534126156,2,2399.0312081192874,2384.2435424855867,2
1599,1601,-0.003244303060435339,2,2358.5989875899377,2353.30557666375,2
1605,1612,0.005122824337449037,7,2357.4202040078926,2371.854273806586,7
1614,1616,0.0014107776289746837,2,2373.4227069274193,2379.1445012933805,2
1623,1625,-0.0036325700459736154,2,2385.7800871788854,2379.499353985098,2
1628,1629,-0.004346539061489371,1,2359.546483018525,2351.6501685457038,1
1635,1636,-0.002379669376909431,1,2287.1224315888785,2283.9669588087727,1
1641,1642,-0.005352626099193213,1,2270.1457246330237,2260.264629103014,1
1647,1648,0.002273663932201316,1,2141.942114322515,2148.9541129670356,1
1650,1656,0.012398991973984978,6,2161.8249547383853,2190.7912299560853,6
1658,1663,0.005911254249085789,5,2189.2879966255314,2204.418722594682,5
1664,1668,-0.02958557042708428,4,2193.838697309435,2131.126566721833,4
1669,1672,0.00291466568851977,3,2118.6461746026735,2126.939966088504,3
1676,1677,-0.006834412071705108,1,2110.698026223166,2098.3833441792453,1
1680,1681,0.0035654087714535217,1,2075.4673648507155,2084.9427217630705,1
1687,1692,0.006714963468427121,5,2118.316255561151,2134.6589880873807,5
1693,1695,0.0006163873447709804,2,2143.4973370997463,2146.9620590689847,2
1696,1698,0.002416122502392052,2,2157.3115198143564,2164.681160241864,2
1699,1702,-0.005270808600499999,3,2159.2258056880055,2150.0041655466516,3
1704,1705,-0.0013439945765512788,1,2147.0920286099204,2146.353440596722,1
1710,1711,-0.0014893055826398977,1,2190.6502512323586,2189.578353834819,1
1714,1717,-0.0016647909432658632,3,2215.5687611355615,2214.095871088976,3
1718,1719,0.0022836434827717416,1,2211.4839571333578,2218.745682016453,1
1726,1730,0.004759257129360105,4,2235.522078197005,2248.397024663703,4
1734,1736,-0.005463733705277857,2,2253.444973644339,2243.3861953624937,2
1739,1740,-0.003863879745366817,1,2252.113847293248,2245.6640640617247,1
1741,1746,-0.002197738764977454,5,2258.6979400898877,2255.9926100086673,5
1747,1750,-0.00901788146835076,3,2261.756482151125,2243.6219867669633,3
1751,1752,-0.0034885698872480523,1,2248.508927643057,2242.9133560345163,1
1756,1757,-0.0016717965473040802,1,2258.2381923881167,2256.72111576748,1
1762,1764,-0.009446055698651548,2,2251.681743031633,2232.663913614351,2
1768,1769,-0.0026511516745551266,1,2221.7338404516154,2218.065420900538,1
1778,1781,-0.007851834185421217,3,2231.1905448949956,2215.9027972452955,3
1785,1789,-0.016290961060684152,4,2167.767220883894,2134.619976720731,4
1793,1795,-0.006941147713516846,2,2127.1232032003695,2114.485650045307,2
1798,1801,0.011166638861142691,3,2136.3288390260254,2162.3207804990993,3
1803,1804,-0.0011330963009466657,1,2170.350973947179,2170.062108260791,1
1808,1815,0.0033845678835911323,7,2189.7614369851176,2199.362594654449,7
1816,1819,-0.0030323199926536363,3,2192.569096995937,2188.1130949848375,3
1821,1832,-0.02137158514987208,11,2167.204337956872,2123.0549502490117,11
1837,1839,-0.010725335969568539,2,2119.6268069097855,2099.012724082484,2
1840,1845,0.005529768826772292,5,2087.246776240357,2100.8760151736324,5
1846,1847,0.0019428546887773298,1,2122.275369589446,2128.520917611719,1
1848,1854,0.007462618169959208,6,2133.6600288971576,2151.7163790262184,6
1856,1861,0.0016897731393743184,5,2178.273242938721,2184.1323037977954,5
1864,1866,0.003883550077727127,2,2176.9339578323015,2187.5651238312803,2
1868,1873,-0.017427985684086322,5,2212.9358913992187,2176.5818122555115,5
1875,1877,0.008157718221768077,2,2161.762041525308,2181.558849164111,2
1882,1883,-0.001385087662831049,1,2256.629944438362,2255.760944087184,1
1884,1885,0.0010646358830915452,1,2262.139864392405,2266.8103595290013,1
1887,1891,0.0009178333232595854,4,2293.457074162795,2297.8555425650898,4
1894,1895,-0.005668965925110079,1,2325.1856969480764,2314.3294841594725,1
1896,1897,-0.0014854077420686533,1,2312.074647168528,2310.9523482345517,1
1899,1900,-0.001535127654192483,1,2329.1248765370638,2327.878497405561,1
1902,1907,-0.007036802984320615,5,2339.1337204272845,2325.012831003084,5
1908,1909,0.0003720689226316251,1,2331.3893808176713,2334.5882077336446,1
1912,1917,-0.0038311249237303786,5,2322.384813017191,2315.809851490565,5
1921,1922,0.000438498444260158,1,2321.9903121546895,2325.330491606311,1
1925,1926,-0.0026979590600828486,1,2296.6592643088984,2292.759630903142,1
1929,1931,-0.00276925428775126,2,2308.3081912108773,2304.224207046126,2
1936,1938,-0.010542854542965139,2,2325.4963539365463,2303.304480490734,2
1942,1945,0.0003088593464451821,3,2292.678844019449,2295.679638152841,3
1947,1949,-0.002347006329356886,2,2298.5380971320496,2295.441951766945,2
1953,1958,0.01090629426672201,5,2269.8917988777885,2296.9177985888464,5
1960,1962,0.00797049495377753,2,2345.4562536453277,2366.496157132959,2
1963,1964,-0.0016168766148464877,1,2375.9722959872515,2374.506614240334,1
1965,1966,-0.0005769278088491897,1,2382.078429971614,2383.086221112475,1
1969,1973,0.0041064812720182885,4,2427.3602853054454,2439.7555551427986,4
1974,1976,-0.00611090695211541,2,2450.3661402878156,2437.8425469461904,2
1977,1980,-0.0065450370460454635,3,2427.312261314169,2413.8527249028616,3
1984,1987,0.006512251649355812,3,2414.737417683662,2432.8775328324173,3
1988,1991,-0.007537122924299882,3,2426.789141578774,2410.9249226489173,3
1993,1994,-0.0023338067784272588,1,2401.2191219086917,2398.0163595674007,1
674,680,-0.0006762077566649547,6,1987.4682454157623,1988.1117722175027,6
681,684,0.00017473418807505028,3,1987.8550480348072,1990.1902493206712,3
686,689,0.003034293182731792,3,1995.979042484176,2004.0314071281455,3
694,697,-0.0006066448340654981,3,2012.4745083136445,2013.2661255578012,3
700,701,-0.0031697695918114495,1,2027.9455363026311,2023.545361744112,1
707,710,-0.00672493290321631,3,2017.0532404210064,2005.5057459573811,3
713,718,0.0036907890409617295,5,1994.1335804297794,2003.4876403750732,5
719,723,0.013779653578794578,4,1998.276019597269,2027.809846921729,4
724,725,-0.001762614423240195,1,2032.278910829257,2030.7290656198118,1
731,732,-0.001443269323595158,1,2048.52375340926,2047.6157056707175,1
733,742,0.0050237772054634025,9,2049.285833951891,2061.6302752459296,9
743,757,-0.008076611377781364,14,2063.453683153226,2048.851423341499,14
758,760,0.005032714563877752,2,2050.9662088463606,2063.339102564489,2
764,765,-0.0010071849306240869,1,2078.670100313541,2078.6551652130797,1
771,772,-0.0019932936686253215,1,2091.7269750454316,2089.649275884626,1
775,779,-0.006274256791028718,4,2083.4575679892805,2072.468877762493,4
781,786,-0.004152561807910169,5,2080.4148060147404,2073.8561697526875,5
792,798,-0.0033471997094763222,6,2074.8700233197815,2069.999889003844,6
801,802,-0.0018967958678477595,1,2074.9051668393518,2073.0444004595543,1
806,807,0.0017551662972220845,1,2077.4094424789746,2083.1330509604236,1
808,809,-0.0016556935805879794,1,2090.0090109622,2088.638605470341,1
811,814,-0.002213261576520095,3,2089.897875378151,2087.362282587104,3
818,820,-0.0016024175951003846,2,2074.9492792651395,2073.6992933103693,2
828,830,-0.0026258789398164485,2,2066.066853748771,2062.707679163008,2
842,843,-0.001338505614382928,1,2077.4572203792677,2076.753989446529,1
844,847,-0.0027466203270648352,3,2076.588610119707,2072.9615982423206,3
852,854,0.0008265069172028443,2,2072.733205991372,2076.5190675296312,2
858,863,-0.0017716011582944828,5,2070.2872274955484,2068.6897914728106,5
865,866,-0.004478302040073334,1,2069.3197117215336,2062.1219927466886,1
868,870,0.0015863189484780628,2,2073.4565392213176,2078.8191591575514,2
872,874,0.002376463177514778,2,2091.0533298244154,2098.113694394787,2
875,888,0.028123159321970577,13,2112.3857010492247,2173.905046370334,13
889,896,-0.004347600775380269,7,2171.183441210446,2163.915185839157,7
897,900,-0.00558201133499121,3,2168.9060254874157,2158.9680734941016,3
901,902,-0.0030413796189551878,1,2166.6095718109623,2162.186699188834,1
906,924,-0.005401514868677499,18,2167.3802020784806,2157.840445892955,18
926,930,-0.004218872579981703,4,2158.6884480642334,2151.739905010036,4
932,939,-0.005960609321281995,7,2150.2390077727237,2139.572512107782,7
947,948,-0.0023156085728286086,1,2106.173293452066,2103.402393811338,1
949,955,0.0033255967408888105,6,2111.4065594954527,2120.5396528278975,6
961,962,-0.0009489348709988333,1,2138.7088016071293,2138.8180150479793,1
965,971,0.003664925007585751,6,2137.372203816367,2147.3428848604685,6
975,982,-0.010638212492419617,7,2144.8891458232983,2124.216248463169,7
986,988,-0.0010959766820357179,2,2126.5597115681917,2126.3556114229245,2
989,998,0.001796556972446366,9,2130.9087532940757,2136.8679610257473,9
1006,1010,-0.0037096535672502687,4,2146.7089877746157,2140.892150108044,4
1012,1013,-0.004230810997592895,1,2143.282384247264,2136.357843949291,1
1014,1018,0.003055711213936746,4,2131.15624619204,2139.799600478372,4
1020,1022,0.0003591504563022873,2,2146.511568131377,2149.4290003086608,2
1024,1025,-0.0004984714769770509,1,2148.8414152849364,2149.9191205461548,1
1029,1030,-0.003539365208572762,1,2147.342641850345,2141.8897546547455,1
1033,1040,-0.00533683869677585,7,2152.77395504109,2143.437721647457,7
1041,1042,-0.0018189154227583213,1,2146.042350170285,2144.284922991838,1
1043,1050,-0.005175043476079635,7,2147.298260639988,2138.3331970457057,7
1055,1056,-0.0023350263376854833,1,2144.802212370711,2141.93884492807,1
1057,1060,-0.003207139236089485,3,2145.8080141718533,2141.0719171106593,3
1063,1064,-0.0038502730312774437,1,2145.909259286201,2139.792831996889,1
1066,1067,-0.00029454649421087624,1,2139.250142731768,2140.759284244718,1
1068,1070,0.0005365751170093133,2,2141.93384559979,2145.2250878492187,2
1071,1075,0.00032597759779845383,4,2151.6606357354676,2154.5136895365176,4
1079,1083,0.011187372539252775,4,2152.1791012070457,2178.40850968465,4
1085,1088,-0.0021723881167744112,3,2189.086683287711,2186.5202240736353,3
1089,1090,-0.003980439720308367,1,2186.689585380621,2180.172288884368,1
1091,1095,-0.016977775419635965,4,2181.348553811408,2146.4954565066614,4
1096,1098,-0.006391101620615347,2,2148.6073632358725,2137.0240025978655,2
1099,1100,0.0009469621707350871,1,2139.3753321914132,2143.5406150321937,1
1105,1109,0.0013977835704422088,4,2148.8471327645243,2153.999603114859,4
1111,1113,-0.0065020585253993375,2,2154.7412143237316,2142.8857020554324,2
1116,1118,-0.00108791114905524,2,2133.3592936611744,2133.171747594321,2
1127,1128,0.0007937892643922256,1,2122.6911793776553,2126.498840026843,1
1130,1133,-0.000611654399505498,3,2132.8821299268784,2133.710425318409,3
1136,1139,-0.0018089677240656233,3,2146.3968794814245,2144.660513682889,3
1141,1142,-0.0021530383065517227,1,2146.2479800830984,2143.7732739467033,1
1143,1153,0.005381152206766195,10,2145.8552055977716,2159.5482342783725,10
1156,1158,-0.0021058761254156826,2,2158.657462858008,2156.270255106883,2
1162,1169,-0.0028446228741912647,7,2165.878315654465,2161.883086970694,7
1172,1174,-0.00015721513115865733,2,2166.087516047018,2167.9130618301288,2
1176,1178,-0.003158843709689037,2,2175.8440295953033,2171.146722398747,2
1179,1181,-0.0012904730254825333,2,2161.360857821413,2160.733040793882,2
1182,1183,-0.002669587588937601,1,2170.3922117996935,2166.768551899746,1
1185,1188,0.006167890618027739,3,2196.1620547378566,2211.9039041256806,3
1189,1190,-0.00011898313960526379,1,2205.24848953319,2207.1913506338287,1
1194,1195,-0.0028587784365444605,1,2217.7703072531967,2213.647963628866,1
1199,1201,-0.005280627838753027,2,2231.5421487495496,2221.9897473042615,2
1202,1207,0.0006114933922666066,5,2226.3584420875636,2229.9462040058047,5
1208,1209,0.0003568365272227322,1,2241.436776664869,2244.478039956908,1
1214,1215,-0.00021524414970667584,1,2271.612289041676,2273.3949500750996,1
1216,1218,-0.005043575042772825,2,2286.493582037802,2277.2479736540135,2
1223,1227,-0.014004397933659006,4,2307.7874818258547,2277.7760950658744,4
1228,1232,0.005959734581696697,4,2281.2559708681415,2297.1329069382946,4
1235,1238,-0.007230745885306272,3,2299.3459066701794,2285.0192666232983,3
1239,1244,0.0017870948773529324,5,2284.976068453246,2291.3445135485063,5
1245,1249,-0.0021916404295438336,4,2298.049675101069,2295.3112261991187,4
1250,1251,-0.004168464922092876,1,2303.6057298981427,2296.3068359486283,1
1253,1254,-0.003056258153237091,1,2293.1116890392586,2288.3964594323884,1
1256,1266,0.03214826484188426,10,2288.421252685127,2364.27844643893,10
1267,1270,0.0007806442614730767,3,2371.293288258216,2375.5157180442225,3
1271,1272,0.002708959197472249,1,2377.7730998212905,2386.592163229375,1
1276,1281,-0.003817657042338502,5,2382.6571151781436,2375.943604578084,5
1282,1286,-0.011648799358698333,4,2365.129113990188,2339.9433285978907,4
1287,1293,0.012950067492943605,6,2345.6322910687695,2378.354019842807,6
1298,1300,-0.004839690394457951,2,2380.3126493670484,2371.172985751467,2
1303,1307,-0.007672978200444993,4,2345.984895263179,2330.3301891985147,4
1310,1311,0.0007023443057478048,1,2349.3281394180003,2353.3275047984716,1
1321,1323,-0.0031880179207180305,2,2344.4013736472043,2339.2717814283083,2
1328,1331,0.011612818886521829,3,2343.4461463342027,2373.0036081482335,3
1340,1342,-0.0026446819409552307,2,2436.807330038235,2432.7995570289336,2
1346,1347,-0.004609409282615434,1,2426.519815360414,2417.761512214402,1
1349,1350,-0.0027731617921097464,1,2425.50697520493,2421.206158910001,1
1353,1354,0.0013363626684980276,1,2416.34603263616,2421.9914933009845,1
1355,1356,0.0009326468015572263,1,2432.86382263695,2437.5656891223935,1
1357,1360,0.005084561664534385,3,2455.378892203669,2470.318796483078,3
1363,1368,0.00454268856400234,5,2455.713344042581,2469.3245983110737,5
1369,1372,0.0022747767449349996,3,2464.7490721015215,2472.8205750449397,3
1373,1375,-0.00189579069874736,2,2472.307151368312,2470.09248161767,2
1376,1377,-0.005026117433123559,1,2467.6590470423434,2457.723961934041,1
1381,1385,-0.006394566064482363,4,2448.776555928159,2435.5664690200488,4
1386,1387,-0.005217776173527802,1,2430.179290647325,2419.929338337832,1
1388,1394,0.0075896664999182606,6,2422.688894360854,2443.4989839964696,6
1395,1396,0.0009175547197400938,1,2442.555989371261,2447.2397241369094,1
1400,1407,-3.553666783776249e-05,7,2462.134577835127,2464.5092163542977,7
1409,1411,-0.00429502658953629,2,2461.1739224848675,2453.0642889688065,2
1416,1417,-0.0033157157960174775,1,2459.525703588135,2453.830141065625,1
1418,1419,0.0002399986156741893,1,2462.09059259383,2465.143581520311,1
1421,1423,0.0005481182592276836,2,2472.022926371711,2475.8499102012565,2
1426,1430,0.0011368265468469753,4,2488.650674906338,2493.9684897343063,4
1433,1436,0.0012625273084551744,3,2522.111879394761,2527.818226396871,3
1440,1441,0.00034066727787554593,1,2522.5716501773863,2525.9535794448757,1
1443,1450,-0.014093785346586504,7,2530.7259008496108,2497.589119132839,7
1451,1455,-0.00045967039120528444,4,2494.8361244518364,2496.1841582789684,4
1456,1459,-0.02074998789530963,3,2485.845693093905,2436.750270745693,3
1469,1477,-0.013970371149534075,8,2421.8759339340095,2390.463304192761,8
1483,1484,0.002314752881757291,1,2362.0338645928277,2369.863423152295,1
1487,1488,-0.0019575444710046167,1,2381.4411965608597,2379.16086071007,1
1491,1492,0.0008954915365793348,1,2385.671207980148,2390.1932275639356,1
1493,1495,-0.012142118349258522,2,2394.1508899511405,2367.4749773893222,2
1497,1498,0.002217550937909243,1,2401.390311829387,2409.1169074795,1
1506,1511,-0.0002380059010095595,5,2420.8059912962094,2422.650631176378,5
1527,1534,-0.008292329727087759,7,2447.7106930274886,2429.8611795774136,7
1541,1542,-0.00028326568403768055,1,2475.714619465348,2477.4890490896482,1
1544,1550,-0.0019049213062006238,6,2481.2675123616677,2479.0221605233482,6
1552,1557,-0.0032612895829491465,5,2479.819320850655,2474.2117312528194,5
1567,1568,-0.0006521413531127426,1,2465.752652644993,2466.6103860263006,1
1569,1572,-0.007726935544904031,3,2471.9989346043785,2455.3699571042234,3
1574,1576,-0.0031358500197996107,2,2443.333079642979,2438.1144866364466,2
1578,1579,-0.002887384941452076,1,2424.959541603618,2420.382709481165,1
1580,1581,-0.005996775674471614,1,2423.2448654545533,2411.1364544575617,1
1583,1587,-3.488119103798096e-05,4,2404.933929067982,2407.2549760372362,4
1595,1601,-0.011818959670932168,6,2380.0131868323165,2354.263920147691,6
1604,1606,-0.0038008644025452894,2,2360.941564834393,2354.3288876489587,2
1608,1611,0.0018998321989963157,3,2361.1880497278185,2368.0350988623045,3
1612,1615,-0.0002839731352713642,3,2375.5938375099563,2377.294826517297,3
1617,1618,0.00022238262897498204,1,2382.3143681464353,2385.226467846815,1
1620,1621,0.0004325843788753102,1,2389.274159345532,2392.696996183061,1
1630,1635,-0.02252982472169151,5,2335.924152986454,2285.63211540949,5
1638,1639,-0.0009060463678008463,1,2291.866051155633,2292.081380295653,1
1641,1642,-0.007806288212172072,1,2276.0665185387397,2260.57495382349,1
1643,1644,-0.019084603575314326,1,2241.2162145742163,2200.684707807075,1
1645,1647,-0.004604670481120815,2,2150.060675281573,2142.3104150327667,2
1648,1651,0.005101962451242349,3,2147.855893392741,2160.962029404903,3
1653,1655,0.00206606864699883,2,2174.4212052345742,2181.0881299173134,2
1656,1658,-0.0033320325982293983,2,2192.8004279685597,2187.6867458891256,2
1660,1662,-8.092054975191777e-05,2,2210.109762691714,2212.1410291573966,2
1663,1666,-0.01989467915941646,3,2208.1343282151415,2166.412338542623,3
1668,1671,-0.006924521863695461,3,2133.095967240864,2120.458393545585,3
1673,1674,-0.001305075040218366,1,2123.3685347602886,2122.7207480191482,1
1681,1683,0.006240300817278534,2,2086.992358388705,2102.1028108668006,2
1684,1686,-0.001342455387146359,2,2113.192906190387,2112.4692318955827,2
1687,1688,0.005853810329607864,1,2117.891799778654,2132.4074284729686,1
1690,1691,-0.0018881128458300665,1,2135.847247868968,2133.950374491405,1
1693,1701,0.003587135931658018,8,2144.3687235254074,2154.2052343478144,8
1703,1704,-0.004279536285551467,1,2155.9313891763286,2148.8609339563654,1
1707,1709,0.004485021973793752,2,2169.0066207491436,2180.903669725257,2
1711,1712,-0.002050339292902149,1,2198.013990132604,2195.705329672419,1
1713,1714,0.0021800860415230163,1,2206.8293539139495,2213.8472611383545,1
1717,1718,-0.004737540452812866,1,2222.156621215378,2213.8512209510995,1
1721,1725,-0.0008427607178197669,4,2235.0590823231946,2235.4105214089295,4
1726,1727,-6.656737991681406e-05,1,2231.1687611492853,2233.2514068518526,1
1733,1734,-0.006300497647861642,1,2259.71004865256,2247.732460854828,1
1737,1741,0.0014615498686806326,4,2247.6607097379,2253.193438662794,4
1742,1744,-0.00016379494522607892,2,2263.2769467924572,2265.1695104157184,2
1746,1748,-0.006112909811686692,2,2260.995727790146,2249.435460549346,2
1749,1750,0.00015276387304617115,1,2249.457196814636,2252.0502898050877,1
1756,1757,-0.0026202073926491778,1,2263.274545787634,2259.607571636954,1
1758,1762,-0.008164054694963363,4,2266.817251647451,2250.577648873162,4
1766,1775,-0.0006431878281591809,9,2241.846331575854,2242.646249634357,9
1777,1778,-0.006636879524766192,1,2239.9676604470324,2227.34123260572,1
1779,1781,-0.006383206516055903,2,2219.244379012476,2207.297728210656,2
1784,1788,-0.022569073846275874,4,2184.8601939124414,2137.7347830461554,4
1789,1792,-0.007877818612963793,3,2132.9119271675786,2118.242145815093,3
1793,1805,0.017786636539705046,12,2127.8807341820434,2167.856456134962,12
1808,1811,0.0076335170267138415,3,2183.88676695049,2202.741390537372,3
1812,1816,-0.007037968127070914,4,2204.521566391711,2191.2107354383975,4
1818,1822,-0.015425718406989423,4,2191.352405318524,2159.74057258892,4
1824,1825,-0.012575627284172889,1,2137.8972642385097,2113.149762335832,1
1827,1829,0.007287151689687524,2,2097.91599286362,2115.301740928702,2
1830,1833,0.008696127743498868,3,2107.850426179084,2128.288413175505,3
1834,1848,0.00036768310447666923,14,2128.727524419102,2131.6389490882843,14
1852,1858,0.015920915497249447,6,2149.4226203657568,2185.792818892842,6
1859,1863,-0.004259561892718376,4,2180.4054714972344,2173.2983049116674,4
1864,1875,-0.007610991867364376,11,2178.2263554528995,2163.8261187317216,11
1877,1878,0.003976493269249572,1,2188.596923161542,2199.4884610187555,1
1879,1881,0.012865600619251894,2,2212.9772074915336,2243.6614656301185,2
1884,1885,0.002184004113209568,1,2264.205902118162,2271.4151430236598,1
1886,1887,0.001695019704856028,1,2285.948955335696,2292.109632814621,1
1890,1892,0.006647350490029854,2,2293.5763902527847,2311.116172784705,2
1894,1898,-0.0002277085465314649,4,2319.814296232142,2321.6058689867564,4
1899,1900,0.0018122145227446435,1,2322.7803393728227,2329.3124959763527,1
1904,1907,0.00018385294073398005,3,2322.25958240087,2325.008796236643,3
1913,1915,-0.0005833910613282403,2,2305.9035725900376,2306.8642326300937,2
1916,1917,0.0009817756567632222,1,2313.307103437375,2317.891559141585,1
1921,1922,-0.0022571466387009435,1,2326.2709221907203,2323.3464585201805,1
1923,1927,-0.010022475478426583,4,2318.2699806223227,2297.3534465697853,4
1930,1931,-0.003193986297528071,1,2310.6738922039212,2305.60430534637,1
1934,1935,0.0015369866076339828,1,2314.0071413629407,2319.877746490548,1
1936,1937,-0.006362207359828439,1,2324.5925622461873,2312.1276149003083,1
1943,1945,9.36525999769395e-05,2,2294.7911055940426,2297.3008098530795,2
1948,1954,-0.015917456105126574,6,2300.016412773897,2265.706018895272,6
1955,1959,0.030563942266943596,4,2260.3667758329184,2331.712862247426,4
1961,1968,0.020343957688707816,7,2361.2237996560116,2411.6216605294394,7
1971,1973,0.0031462216189541564,2,2427.5829617286427,2437.6482586863667,2
1974,1982,-0.011942995213458329,8,2451.6115389944275,2424.7835656579523,8
1984,1985,-0.0019153700469867157,1,2413.498594467212,2411.2893501453923,1
1986,1988,0.0014152917889169326,2,2421.9737824322297,2427.8235558219103,2
1989,1991,-0.01096930738361257,2,2430.438346972846,2406.2085600149544,2
1994,1995,-0.005666128560897787,1,2397.7949821843927,2386.6065625348447,1
1996,1997,-0.005085942964044889,1,2385.121511088999,2375.3760406323727,1
1999,2000,-0.0030604486114100783,1,2373.6620390751887,2368.7712304228194,1
672,675,0.004081312749541211,3,1976.0331097426397,1986.0739519766905,3
680,681,-0.004727727191440729,1,1994.2144638472384,1986.7805763647907,1
682,684,-0.0018669168295082702,2,1991.4490060592216,1989.7225854007613,2
685,687,0.0023899876122041395,2,1994.025998487047,2000.785721920331,2
688,695,0.004171926695510039,7,2002.668435745272,2013.0260900903584,7
697,701,0.0017465332057114706,4,2015.1846612884115,2020.7194328762805,4
703,704,-0.0010503109654535969,1,2028.385904523077,2028.283854469908,1
711,718,-0.00013490377402017816,7,1998.8392763866273,2000.5684647009696,7
724,728,0.005451966233115285,4,2026.4255567854634,2039.499986051765,4
730,735,0.004602028254775375,5,2043.8982877183055,2055.3482636759904,5
737,739,-0.0006660628944996818,2,2069.461215458056,2070.152285346291,2
745,746,-0.000266226195023178,1,2065.944045677113,2067.459981300379,1
747,750,-0.0013095556682399146,3,2064.782406181766,2064.1432410842503,3
755,759,-0.0030459660284674153,4,2056.737171353024,2052.5291569709498,4
760,763,0.004504248089555192,3,2059.4033136816925,2070.7387804366485,3
765,766,0.00039918737089842077,1,2078.7920901931893,2081.700709832511,1
767,768,-0.0007872367069238174,1,2087.3355876987257,2087.7796960921196,1
770,773,-0.005306211213391644,3,2094.298382447038,2085.2798912683566,3
774,776,-0.0006970113686550994,2,2083.9111783365643,2084.542579732333,2
781,782,-0.0004233023483198329,1,2074.9070495966553,2076.1036436196123,1
785,788,-0.0013137232927109483,3,2078.2798461084003,2077.6278413119044,3
789,790,-0.0041397425578708034,1,2081.6174694428937,2075.0817264848765,1
792,795,-0.002320398446439123,3,2078.3740952765615,2075.629813350039,3
800,804,-0.0015319558158680205,4,2074.26795275741,2073.164533856272,4
805,806,-0.0008444504863004958,1,2074.623055540735,2074.9457621481342,1
809,810,-0.002610642433190364,1,2090.3868617327907,2087.0199959515003,1
811,812,-0.0021384848423029665,1,2090.2122324201177,2087.832557476311,1
814,817,-0.006258083006924913,3,2088.3094631152385,2077.3289586140318,3
818,823,-0.0017433204624991983,5,2076.769456062002,2075.225750829418,5
826,828,-0.0008022949084930125,2,2067.82947304847,2068.23829346366,2
829,832,-0.006220379715732875,3,2065.4283381170553,2054.646017916449,3
836,837,-0.0020297516187345456,1,2071.898324437692,2069.7647837842487,1
844,846,0.000971693566908175,2,2075.002054317839,2079.0933225196586,2
851,853,-0.0003647714561450932,2,2075.585520094263,2076.9039912618387,2
865,867,-0.0008175368709203804,2,2067.3704850655736,2067.7477039532455,2
870,873,0.0022614107240719467,3,2086.401672223495,2093.2062850120064,3
877,880,0.013103601385050435,3,2130.8265699311255,2160.8788984941084,3
881,889,-0.004665781103994479,8,2174.7162255495186,2166.744191903349,8
891,894,-0.0033415232733552047,3,2165.5776711501026,2160.5069206328462,3
896,897,-0.004271033850371121,1,2173.974458012574,2166.8633139705726,1
898,899,-0.0056059365191723515,1,2172.02669838209,2162.022481291395,1
900,901,-0.003903469229002834,1,2168.396797498919,2162.1009241211127,1
903,906,-0.0030209864103113095,3,2166.9265535913723,2162.5472244744215,3
909,910,-0.0006506829829791675,1,2164.164913310396,2164.920892942255,1
911,912,-0.00024456195661676087,1,2160.429534025174,2162.061604685225,1
917,918,-0.0007555722493848212,1,2146.0545405598205,2146.579095843867,1
921,922,-0.00038150493626763196,1,2157.356070962294,2158.690385042897,1
924,925,-0.003742635898712105,1,2159.9373394145014,2154.0134177284544,1
927,938,-0.014398917293416597,11,2163.4896473645776,2134.5012285143766,11
941,942,-0.003974272496397135,1,2139.1504680190687,2132.7880516163846,1
947,949,-0.0006367021740380974,2,2109.3669616479465,2110.133290079269,2
950,953,-0.0016088008901229294,3,2119.4514990914017,2118.1611751321825,3
954,955,-0.0035141166227396665,1,2121.4686965431156,2116.1350768285147,1
961,963,-0.005493185122382126,2,2143.318083515357,2133.6877585899733,2
973,974,-0.0032950294937427386,1,2150.3918728193084,2145.4566600480834,1
979,980,-0.0024463056474322313,1,2131.2482006861865,2128.1657643774543,1
982,987,-0.002485649604106012,5,2124.515075196634,2121.358790216251,5
989,990,-0.0029074772662034017,1,2130.776080037718,2126.7116731056763,1
998,999,0.0024112333990719895,1,2134.629761989511,2141.9114823282625,1
1003,1005,-0.0019636673127673117,2,2145.2031625104923,2143.135900343536,2
1007,1023,-0.0009207838897669813,16,2149.2575449710703,2149.427800793672,16
1024,1026,-0.0065217564239712965,2,2152.2433426677308,2140.3591791644058,2
1028,1029,-0.0011093709608487635,1,2141.5612359183815,2141.3270113082926,1
1034,1036,0.00133699741336951,2,2149.5469586777895,2154.5704443601358,2
1037,1044,-0.008243388445363639,7,2152.898576983861,2137.304296307296,7
1045,1047,-0.004150219793145228,2,2140.129142799999,2133.3872656144636,2
1050,1055,-8.620492364977341e-05,5,2143.7153357138336,2145.6742522327054,5
1056,1063,-0.006529882962848826,7,2153.0494295051803,2141.1433181467883,7
1068,1071,0.0032178597091742462,3,2140.805508939871,2149.8351262412066,3
1081,1082,-0.0002509782092520557,1,2160.0479800067424,2161.6659030128285,1
1083,1084,-0.0006633006298517965,1,2182.43802867176,2183.1728541814014,1
1085,1087,-0.0029918486883233264,2,2186.1254251977093,2181.770994137019,2
1088,1091,-0.004590763617160406,3,2190.3387491180165,2182.473760428427,3
1094,1095,-0.00421868070992267,1,2160.8993167748813,2153.944071827893,1
1097,1099,-0.0023449976904063594,2,2142.373420844432,2139.4919335414083,2
1100,1105,-9.206964727227762e-05,5,2145.26042526881,2147.2081723234173,5
1106,1107,0.0003235462545234419,1,2155.7817708128186,2158.635047701148,1
1108,1109,-0.004274469355900291,1,2160.5484808556657,2153.473831063167,1
1113,1114,-0.0037003866590949687,1,2145.0619472451654,2139.2694505798922,1
1119,1121,-0.0009182620820864841,2,2123.9151464496267,2124.0887508515225,2
1126,1129,-0.0005748606568895072,3,2125.5826525005864,2126.4863213131975,3
1135,1136,-0.0018747125967640446,1,2142.385974944019,2140.512002944605,1
1137,1138,-0.0006705111097607397,1,2146.5345121590703,2147.241771433342,1
1140,1148,0.0009398946383317322,8,2146.615323701083,2150.7795312580915,8
1150,1156,0.004483644068144373,6,2145.905836669575,2157.6732204816244,6
1157,1159,0.000723311668751644,2,2157.8280208521865,2161.5466310596803,2
1161,1163,-0.002579224309866017,2,2169.2878619003473,2165.862069773737,2
1164,1167,-0.0052593761049345945,3,2172.289806560296,2163.03720726524,3
1168,1171,-0.0031246937069951955,3,2166.990156458089,2162.385966109542,3
1172,1178,-0.0012878718834461078,6,2166.8088480285355,2166.185084684386,6
1180,1182,-0.0018219107024707152,2,2164.852340815735,2163.0730255075496,2
1183,1186,0.01674874758612072,3,2170.7068766412654,2209.2342050782277,3
1187,1191,-0.0002244413542376501,4,2210.679074831645,2212.3935861011364,4
1192,1193,-0.00012523481585971334,1,2214.1436442435875,2216.0805000162572,1
1194,1195,-0.0038745928379334844,1,2217.8120249749404,2211.4367184120647,1
1196,1200,0.003449749080978129,4,2215.765363994007,2225.6249638861027,4
1203,1208,0.004772018873181204,5,2222.314425482044,2235.1416662880692,5
1219,1222,0.002771687848631064,3,2282.665697378386,2291.275199851675,3
1228,1231,0.004646089698578459,3,2279.100357747667,2291.968362799573,3
1232,1234,-0.002436732709380353,2,2298.368863250546,2295.0667215264925,2
1235,1236,-0.00482753826610068,1,2299.0082050081646,2290.2086631294164,1
1237,1239,-0.0044753264725586415,2,2290.2756460722953,2282.316190490044,2
1240,1241,0.0005313438649640239,1,2276.0158050805962,2279.5011679202676,1
1244,1245,0.0008519200085945621,1,2287.2313788892443,2291.4671484440946,1
1246,1249,-0.0023337260680664673,3,2299.265436442936,2296.1988461929477,3
1250,1255,-0.006171754991206285,5,2301.1267450030873,2289.2258812742193,5
1257,1260,0.008914985811035961,3,2295.4177710671006,2318.1768056976307,3
1263,1265,0.002586398756318818,2,2345.0381106678824,2353.448352431502,2
1266,1267,-0.00044120723063070637,1,2369.135288339164,2370.4591440079457,1
1268,1271,-0.002937657435748425,3,2377.833660046291,2373.226232973929,3
1272,1276,-0.003569976392765298,4,2391.2373255294656,2385.0919020533556,4
1277,1282,-0.010227469521378804,5,2388.023164007058,2365.987753044836,5
1287,1288,3.1012359133580697e-05,1,2347.5267594820357,2349.9470885844585,1
1289,1292,0.006396278815818869,3,2352.283830174794,2369.681977236709,3
1294,1296,-0.001938031933608354,2,2386.755099162776,2384.5162466620586,2
1301,1302,-0.0027081566046200344,1,2369.361512389883,2365.3142718737618,1
1304,1305,-0.0003065891074583353,1,2325.638088678518,2327.2507114613177,1
1308,1310,0.0004208126168992099,2,2344.772821906743,2348.1043047158705,2
1312,1314,0.0029481341292135546,2,2362.943465719452,2372.272683461861,2
1315,1316,-0.003254817813282822,1,2370.49226923886,2365.147241043931,1
1320,1322,0.0004928401168287169,2,2334.980345851045,2338.466098183338,2
1323,1324,-0.0006618704949702166,1,2341.0707630343804,2341.862348132725,1
1326,1328,0.0006682661559355707,2,2334.392434422456,2338.286822315475,2
1330,1335,0.023394696814453886,5,2361.665541292072,2419.277656149035,5
1336,1339,-1.4068847943637507e-05,3,2430.221038393712,2432.6170690218473,3
1340,1341,-0.0006028125153231898,1,2434.495578320517,2435.462529495727,1
1342,1349,-0.006935595363072142,7,2435.617229184476,2421.16039085271,7
1350,1356,0.005807474236781332,6,2422.6202802366192,2439.112205379834,6
1359,1362,-0.005869592816073577,3,2471.9207868004733,2459.8835390951667,3
1363,1364,-0.002060329640924319,1,2459.5355316694777,2456.927613242342,1
1368,1370,-0.0028570008551680915,2,2471.3038738548544,2466.7146604477257,2
1373,1374,-0.0028589825777932806,1,2472.609959958771,2468.0134211215295,1
1375,1379,-0.011253789267714753,4,2471.341716417581,2446.001099248923,4
1380,1383,0.0016380449052789438,3,2441.943158388741,2448.385114096709,3
1384,1385,-0.00541386317310551,1,2446.1889207404297,2435.391777548715,1
1386,1388,-0.006629329457779034,2,2436.267501662479,2422.5529492483406,2
1390,1391,-0.003455949310787737,1,2439.363033945893,2433.3720819839127,1
1392,1396,0.0030856822206148486,4,2437.8362287970867,2447.7964529338537,4
1398,1402,-0.0038285573777055155,4,2463.5415296514398,2456.5732610824602,4
1406,1407,-0.00014868424921481334,1,2459.862691915979,2461.956811770376,1
1408,1409,-0.0024758181663332443,1,2470.8557273254887,2467.209193556713,1
1413,1416,0.003690943124291881,3,2444.3701454259644,2455.8365467528747,3
1418,1419,0.0013526374290203091,1,2457.0859163473237,2462.866548640441,1
1423,1424,0.001035552909906587,1,2474.905174211784,2479.9429746408937,1
1425,1426,-0.001199568251526569,1,2491.3877938155924,2490.890591909706,1
1427,1429,-0.004571505712498914,2,2502.0186956896046,2493.08272162517,2
1431,1433,0.00668847340782115,2,2507.5136644556637,2526.7926165845793,2
1435,1437,-0.0054240702214829045,2,2532.5569313229,2521.352721618824,2
1440,1442,0.0003542108044244524,2,2524.706158314462,2528.1251426720482,2
1444,1450,-0.010586936387884806,6,2523.303067384472,2499.1123213901024,6
1452,1454,0.0014395252504176056,2,2492.480774873803,2498.561244660288,2
1456,1457,-0.007496322959355805,1,2483.2499895891474,2467.1179956679593,1
1460,1464,-0.013476693581862095,4,2440.5172166346697,2410.06763114146,4
1470,1472,-0.0011133233698514817,2,2434.2782114287356,2434.0023508186605,2
1475,1476,-0.007704533754199116,1,2417.824345395425,2401.613960459997,1
1477,1479,-0.005367378640238073,2,2396.9490592558254,2386.480675132693,2
1482,1485,-0.003480940302130836,3,2375.5737294428022,2369.6800728367443,3
1486,1490,0.0034282743950140825,4,2374.7202041616224,2385.236116837034,4
1492,1494,-0.009680061995685173,2,2390.6508989262834,2369.8999009135628,2
1497,1499,0.0013247069372957902,2,2397.7422266653793,2403.3162746535554,2
1500,1502,0.0018045739183145293,2,2408.2305566241707,2414.984617232567,2
1503,1506,-0.0028756234133153094,3,2420.658457850289,2416.118214171105,3
1507,1515,-0.0036978849085281735,8,2427.8611060704948,2421.3110162324247,8
1522,1523,-0.0005455020279886277,1,2448.49040976503,2449.6032436907576,1
1525,1529,-0.006403566011653285,4,2449.146645832182,2435.9125202592086,4
1531,1537,0.007986987271663037,6,2431.05381912786,2452.90166885709,6
1538,1539,-0.0008255303782242257,1,2454.0236964314827,2454.451849017628,1
1541,1544,-0.0006806417506270547,3,2480.4072373928543,2481.19937590592,3
1548,1551,-0.002401470468958957,3,2482.434456999407,2478.955398416796,3
1555,1557,-0.002916296293960053,2,2484.1330955330045,2479.372760488331,2
1565,1566,-0.0011138879517391582,1,2461.0212311604228,2460.7409504932193,1
1568,1572,-0.006047124455492438,4,2466.605462084824,2454.1561973350845,4
1574,1575,-0.003949121621850347,1,2442.09867694839,2434.8966309375096,1
1581,1583,-0.0036607782500759456,2,2414.508526798662,2408.084055025933,2
1587,1590,-0.0031864780841565532,3,2410.0117297550496,2404.74229192538,3
1591,1594,-0.008814474388910077,3,2409.7335240364546,2390.9027231287737,3
1598,1600,-0.0013181725075876011,2,2353.733831470534,2352.984938075181,2
1601,1602,-0.0016497446156892215,1,2358.5431229034252,2357.010672208448,1
1606,1607,-0.004182557247938485,1,2354.690793242293,2347.1968549916055,1
1610,1611,-0.003479654381738179,1,2372.1417183171134,2366.2596267111844,1
1612,1613,-0.001434956233380633,1,2372.674090233792,2371.642080848464,1
1614,1617,-1.763181066005877e-05,3,2375.4457480524866,2377.779310390876,3
1618,1620,-0.0016947791519795617,2,2390.913817386993,2389.2526603124925,2
1622,1624,-0.000643237405915235,2,2386.8075160885796,2387.6590397296004,2
1626,1627,-0.005245735520228307,1,2377.6495237312397,2367.55465269368,1
1628,1632,-0.02103029830203471,4,2365.821371579184,2318.433263777124,4
1634,1636,-0.004976167518057992,2,2292.7111517821254,2283.59494817212,2
1645,1646,-0.013227694674674006,1,2150.079486273255,2123.7889707888257,1
1648,1652,0.007099235100219659,4,2151.1709095513434,2168.593748488553,4
1655,1660,0.011248236180396758,5,2181.129838183926,2207.8448315821133,5
1662,1665,-0.015881378052229625,3,2215.0359752936615,2182.0731875460274,3
1667,1668,-0.006766866910620121,1,2144.5848918761876,2132.217356226211,1
1669,1670,-0.002155203223086365,1,2115.256408567586,2112.8128575467545,1
1671,1674,-0.0005542917690864644,3,2122.7121032905443,2123.6582135468407,3
1675,1679,-0.02598932231008867,4,2120.8564563587875,2067.857690797405,4
1682,1686,0.003992102065196457,4,2102.5086602465053,2113.0045980714153,4
1688,1692,-0.0005272406905238487,4,2133.646072444977,2134.6547734888527,4
1693,1694,-0.001565416389789366,1,2140.5369917273797,2139.3266970293066,1
1695,1698,0.007950391949020794,3,2145.403414943788,2164.6056163963026,3
1701,1703,-0.004962320664277075,2,2158.845951807895,2150.2919118820555,2
1704,1706,0.0026235209724296948,2,2147.8082273209184,2155.5908554773728,2
1707,1708,0.0037489205539112547,1,2167.918482385199,2178.213755025402,1
1709,1715,0.014620127331143446,6,2182.9759097363462,2217.0742714072467,6
1717,1720,0.0036891821034727478,3,2217.3365741254865,2227.7340691062514,3
1722,1725,-0.0016990561206192145,3,2237.191032276294,2235.627110192187,3
1726,1729,-0.003171847963300168,3,2236.5268312043786,2231.669434961161,3
1732,1734,-0.006245217795701162,2,2265.1771345332177,2253.2957871167487,2
1735,1739,0.00201102645533087,4,2243.209600947577,2249.9639644008826,4
1742,1743,-0.001857099326852651,1,2265.852369612321,2263.910309071579,1
1746,1747,-0.003576929311904248,1,2259.1932518321987,2253.371470520296,1
1748,1756,-0.002379782963348791,8,2261.1337850766163,2258.013911202115,8
1758,1763,-0.009126283704759562,5,2261.123028787869,2242.7485015645734,5
1764,1766,-0.004051125969741753,2,2241.434604079122,2234.5957047491383,2
1767,1769,-0.006783089497581571,2,2230.6588926321137,2217.758792617446,2
1770,1773,0.0029159755315547355,3,2218.4067354923914,2227.093961987616,3
1777,1781,-0.014299079148647545,4,2238.9009205739217,2209.1256000252292,4
1785,1786,-0.008031220427558007,1,2164.377754532866,2149.1595374522426,1
1787,1790,-0.014690378550817139,3,2145.8042490337953,2116.4273765685707,3
1791,1802,0.025979617461189083,11,2112.500750457869,2169.495212591697,11
1803,1804,-0.002856986512436765,1,2169.5184211712863,2165.489654724688,1
1805,1810,0.01178662413269916,5,2175.734580301039,2203.5548805918643,5
1812,1815,-0.003997393126930287,3,2204.29131394879,2197.684186314608,3
1816,1819,-0.006430353971640952,3,2198.3592981084844,2186.421428962907,3
1821,1824,-0.01433252222571756,3,2164.8989780385778,2136.035414297445,3
1825,1828,-0.003795253677335358,3,2118.276802229438,2112.355681208392,3
1829,1838,-0.00411789221775925,9,2113.3118016039025,2106.722723183983,9
1839,1841,-0.011788055522998796,2,2103.1175562086096,2080.4290072408376,2
1843,1846,0.016444059111951265,3,2081.2626320444733,2117.5683004253524,3
1847,1848,0.0027809897107738957,1,2127.485868322702,2135.529870500647,1
1852,1864,0.011962717181381744,12,2150.856559660411,2178.737504941009,12
1867,1868,0.003714704461708713,1,2197.4215948461992,2207.7817882436757,1
1869,1870,-0.0048317076281486505,1,2214.36188215475,2205.8770948394163,1
1874,1876,-0.0008462115140216004,2,2167.9280713823523,2168.2614737581603,2
1878,1882,0.023655716340642834,4,2198.6466330284447,2252.8558407457035,4
1887,1892,0.007342814644353755,5,2288.304724471644,2307.39562663771,5
1893,1894,0.0025885519427418387,1,2311.6695990689304,2319.9651454996465,1
1896,1900,0.002966507043097859,4,2322.1447909072513,2331.355594575478,4
1901,1902,-0.002642484940450662,1,2339.882646573706,2336.039424564287,1
1906,1908,0.0005674450671107533,2,2321.6544768485246,2325.2935427057964,2
1910,1913,-0.015022279008554448,3,2341.786788997938,2308.949601264062,3
1915,1918,-0.0024214079877415257,3,2314.135355943393,2310.84602546374,3
1919,1923,-0.0035037169389201504,4,2320.753590339303,2314.943080264111,4
1924,1925,-0.005320462477126646,1,2307.189472976205,2297.2213474305895,1
1926,1927,0.0018382521969045745,1,2293.507674662183,2300.0172278584105,1
1931,1933,-0.0010029574626873796,2,2308.5753757707957,2308.568548245261,2
1935,1937,-0.004303744976238975,2,2320.5453732885358,2312.878883169399,2
1939,1940,-0.0011845911710165284,1,2296.360734858577,2295.936846941453,1
1941,1944,-0.0015400965301977346,3,2294.644356024098,2293.405026569372,3
1946,1947,-0.0016082524909913432,1,2299.057115664724,2297.6587084471894,1
1950,1952,-0.007621816423659836,2,2291.91831498801,2276.7416526481356,2
1956,1960,0.03772070451326567,4,2259.759324909583,2347.2587980005037,4
1961,1963,0.003572495688204838,2,2363.6172912274096,2374.4249211001134,2
1964,1966,0.0015193163403272609,2,2379.4106832151847,2385.405171429758,2
1968,1971,0.0027151696644925846,3,2417.218541516891,2426.1989185147836,3
1972,1979,-0.004867547085733334,7,2438.339582282087,2428.909189136604,7
1987,1988,-0.0038163916318084195,1,2429.8799982057612,2423.036504512516,1
1996,2000,-0.008108104242092113,4,2386.501396128153,2369.5378954305756,4
673,675,0.0014741247980675927,2,1979.610055408971,1984.5078577375623,2
676,677,0.001309080800308361,1,1986.3913931248865,1990.978131352649,1
683,686,0.003076721563367836,3,1988.3859624595154,1996.492058388972,3
693,694,-0.003944938295693779,1,2019.5607420987249,2013.6132603288386,1
695,697,-0.0009080121809701283,2,2019.097163360597,2019.282895705064,2
698,699,6.424639121540296e-06,1,2019.1501352158243,2021.1822576619911,1
700,702,-0.0027120987705610724,2,2023.4857874133238,2020.0213798844457,2
708,710,-0.005687303139878086,2,2017.9154072143522,2008.456825990108,2
711,712,-0.0038825572334902133,1,2001.828854578388,1996.0584683334137,1
717,721,0.00434753297453684,4,2003.381386027297,2014.0945340496512,4
726,730,0.005152341644249012,4,2029.3525298498553,2041.8377999301126,4
735,737,0.0007217845072422235,2,2060.4269410368943,2063.974552222276,2
742,747,-0.0011188897452226194,5,2065.649076181601,2065.403491689214,5
753,754,-0.003674575920512041,1,2059.834718122529,2054.325533785204,1
755,757,-0.004712303556803483,2,2054.0668715427287,2046.4415517895884,2
758,764,0.01073790697901791,6,2053.0812139885543,2077.180090298721,6
768,770,0.0008962510684687127,2,2088.099024312257,2092.0585843181775,2
774,779,-0.005472224775932423,5,2085.851373086879,2076.522976897247,5
780,787,-0.003008665305172574,7,2078.1020311827992,2073.9278197321537,7
788,790,-0.0010373309326157192,2,2078.6043590320583,2078.5267627927965,2
793,794,-0.0028108921399440322,1,2077.2640683755417,2073.5023672015323,1
797,800,-0.00228871257574284,3,2074.5828024435477,2071.909261496619,3
801,808,0.007705156278919348,7,2072.294402354744,2090.3340489831717,7
809,813,-0.0038993595633071833,4,2093.8912285986507,2087.820285040488,4
817,819,-0.0024955328014333138,2,2081.0373130089947,2077.925053446383,2
821,824,-0.005780557784384613,3,2081.541832179442,2071.590901170094,3
827,830,-0.0068607659965067855,3,2068.7882890424976,2056.663604984106,3
835,836,-0.003053784090168762,1,2070.4719413726434,2066.2196390403114,1
837,841,0.00041657720149190216,4,2072.2068814685836,2075.1423224936466,4
843,844,-0.004235686188117859,1,2080.3291043753416,2073.5978122255747,1
846,849,-0.0017669522952405863,3,2079.2091349274847,2077.614480709167,3
850,853,-0.0021174845958040686,3,2075.604998889048,2073.2855422758157,3
857,869,-0.0011137670423209587,12,2072.547253226247,2072.311465655177,12
870,871,0.002945537706283711,1,2081.559204029584,2089.772074356945,1
873,875,0.008258712975992042,2,2096.38384700708,2115.7936633340246,2
876,878,0.0063251134502083145,2,2121.273135310747,2136.8117016857773,2
879,880,0.00369159768090248,1,2149.275177216032,2159.35871165308,1
890,896,-0.0011305229555376892,6,2170.782682061086,2170.499345089593,6
904,905,-0.0012113610211960382,1,2166.0037638196386,2165.545955052203,1
907,910,-0.0024658707461661846,3,2166.8183188526523,2163.642043266789,3
915,916,-0.005539055735895414,1,2152.3301371754656,2142.5605907207787,1
917,918,0.0008923694818908756,1,2141.9611006990767,2146.014482517437,1
919,920,-0.0005104119506052105,1,2155.5969006410155,2156.652255122882,1
923,926,-0.0011476086360617279,3,2158.891941373183,2158.573270278312,3
927,928,-0.0006112055482282284,1,2157.5245859203296,2158.3634195088966,1
936,938,-0.00021667976344947313,2,2137.5206791302267,2139.1950423342346,2
939,942,-0.003691426466967367,3,2138.8342018357775,2133.0776868565017,3
953,954,-0.002244821090352942,1,2121.768634002288,2119.1274116578325,1
955,957,0.0028935016262949913,2,2118.176823240269,2126.4239481463355,2
958,962,0.0019938407546364386,4,2132.8143173019694,2139.19962372718,4
963,967,0.004346841031326544,4,2136.5455575672595,2147.9693270197586,4
971,973,-0.0032315934654404436,2,2149.2617472964694,2144.4654688256815,2
977,979,-0.0049041459694913175,2,2134.6642201542045,2126.330179442872,2
982,984,-0.003633812596321069,2,2122.0713893971733,2116.4822510414865,2
991,993,0.004021038612132697,2,2130.496734792246,2141.1940411606606,2
995,1000,0.0002736098675222532,5,2142.782182669644,2145.511251201443,5
1005,1006,-0.0032724952981156284,1,2148.487965205828,2143.6055364068397,1
1007,1008,-0.006638144406235524,1,2153.835637881171,2141.6920015275005,1
1010,1013,-0.005855722530208055,3,2141.668249687608,2131.2689029153685,3
1014,1018,0.001146206523916744,4,2130.762059643573,2135.3351150768945,4
1020,1024,0.0011659936688010182,4,2146.187953308567,2150.8365828274905,4
1025,1030,-0.0054961745032132015,5,2151.842936443683,2142.1678750979254,5
1046,1048,-0.00227737040780044,2,2140.4297643823425,2137.695642741345,2
1055,1056,-0.005186972646657124,1,2150.630270840262,2141.625640723181,1
1060,1061,-0.0021482922693051984,1,2146.219436277877,2143.7549490909664,1
1064,1065,-0.001482144496886889,1,2139.668458067848,2138.636828695628,1
1066,1067,-0.0022251884625991746,1,2139.119983423528,2136.4991582997222,1
1071,1075,-0.0010203195083799427,4,2152.7308325704057,2152.6870901382135,4
1084,1085,-0.001530648664418978,1,2186.0031766119723,2184.8431769458875,1
1086,1091,-0.005192526039615092,5,2188.629228206858,2179.453343176538,5
1092,1093,-0.004256595082442291,1,2176.5382135576656,2169.450109914646,1
1097,1098,-0.004416855757714352,1,2140.9843259124013,2133.6688912912314,1
1102,1103,-0.0010809510034528876,1,2146.698515322458,2146.524737923532,1
1104,1106,-0.0026168648352706313,2,2153.120292076045,2149.63898758968,2
1109,1110,-0.002046429343043968,1,2156.147635761985,2153.8913796079887,1
1112,1116,-0.009622094634531751,4,2144.897846447679,2126.404334234204,4
1122,1125,-0.0040184559913245595,3,2129.8138678538617,2123.385118424032,3
1126,1128,-0.0001547778278247439,2,2125.4262609391803,2127.2227183402497,2
1130,1131,0.0036706640244009697,1,2129.7832565786334,2139.730758614907,1
1132,1135,0.0008538737906372451,3,2137.6709724474554,2141.6339446362817,3
1136,1138,-0.002526497445564164,2,2149.1687318742675,2145.888031294975,2
1143,1146,-0.001525372334980622,3,2148.390543407335,2147.2618384510947,3
1147,1150,-0.0036147905146145065,3,2145.4586611055647,2139.8487361490083,3
1153,1155,-0.0011500746772783318,2,2159.194320760996,2158.8702803701267,2
1156,1157,-0.0031736263480572767,1,2161.074470298297,2156.3771018895427,1
1159,1161,-0.003590442643445698,2,2164.7463089302237,2159.138657779329,2
1162,1163,-0.0023817958725083953,1,2167.3077439924314,2164.312967097327,1
1165,1169,-0.002658569607750091,4,2169.2580551435153,2165.660189661887,4
1176,1177,-0.002372279196100823,1,2181.689829387558,2178.6959418223446,1
1178,1181,-0.007303868967483276,3,2172.6625153761697,2158.9663355686757,3
1182,1186,0.01485397116248919,4,2167.803488550687,2202.171782544113,4
1189,1190,-0.0018102169966739082,1,2209.793899666738,2208.0034870900818,1
1192,1195,0.00022628814518300087,3,2209.9723631832967,2212.6824260934504,3
1197,1201,0.0012498619175667523,4,2218.696207619731,2223.6879677239044,4
1202,1203,-0.00280239950054035,1,2228.961418440208,2224.9439394928877,1
1206,1207,-0.0018069394044252598,1,2233.6360792939204,2231.833670326392,1
1208,1213,0.012898004856812036,5,2233.7893407872675,2264.834555894624,5
1214,1216,0.005034839965759656,2,2268.6370593873303,2282.3279209811244,2
1219,1220,0.0014793462676416388,1,2279.7547505507855,2285.407051982702,1
1221,1223,0.00314107250254788,2,2294.246668865174,2303.7473106596735,2
1225,1226,-0.004076767580913865,1,2299.827277787884,2292.751243777885,1
1228,1231,0.003981706385185471,3,2279.813388149224,2291.1707490619983,3
1232,1234,-0.002920044487224158,2,2300.2080341648434,2295.7915324093765,2
1235,1241,-0.010380086433755136,6,2298.7281830334364,2277.165913988874,6
1243,1246,0.002679888349976156,3,2287.7734057795487,2296.192156482862,3
1249,1254,-0.004266851226700872,5,2295.11427064233,2287.6164737718636,5
1255,1260,0.008302855835528644,5,2291.5027224628943,2312.820241936688,5
1263,1265,0.0015278938976221535,2,2347.210894208264,2353.1443943041654,2
1267,1273,0.004630769534378748,6,2373.6857192179446,2387.051396449907,6
1277,1279,-0.006267693131140297,2,2384.7278660510283,2372.1658514513924,2
1280,1286,-0.01580212973314317,6,2375.039151865605,2339.883514218396,6
1287,1288,0.0006053527880411534,1,2344.473144809133,2348.23685130864,1
1289,1291,0.006436787501146332,2,2347.0192304977663,2364.473513776082,2
1292,1296,-0.002176299261038111,4,2380.6429624267644,2377.842613869266,4
1302,1305,-0.017430737170295717,3,2362.094187392131,2323.2832386276077,3
1306,1307,0.0002195913562535875,1,2330.728012452024,2333.5705481897885,1
1309,1314,0.009669278624257746,5,2343.448383811121,2368.4512875595683,5
1315,1316,-0.0024909820273579337,1,2368.7076772340065,2365.175976659186,1
1317,1319,-0.01153484986778252,2,2359.7409318576147,2334.8814154136335,2
1324,1326,-0.0025954509941080606,2,2339.266809247103,2335.534623690806,2
1328,1330,0.0055729030223329,2,2344.0300814200746,2359.43716382668,2
1334,1335,0.0032142497434793976,1,2411.5699816426322,2421.7329398191523,1
1338,1340,0.00039352400000814466,2,2427.7194359700857,2431.102521269396,2
1341,1342,-0.00214475325783803,1,2435.655149887723,2432.866925719919,1
1344,1349,-0.00923310698319637,5,2438.5362328377305,2418.459503150377,5
1350,1351,-0.0033815783528912255,1,2423.7431393038996,2417.970805110365,1
1353,1359,0.021494024790872972,6,2418.3235229117163,2472.7213521884437,6
1366,1367,0.00393622726212296,1,2456.337857970497,2468.462899869996,1
1368,1380,-0.014023410646511698,12,2469.509667576725,2437.3482290803427,12
1381,1383,-0.003101375922886133,2,2449.2043682566127,2444.0576691669307,2
1386,1387,-0.007565620268613839,1,2435.38119631429,2419.3914081699677,1
1390,1394,0.0013091523108591822,4,2435.0347419018835,2440.6576080031687,4
1399,1400,-0.001636572955218834,1,2461.293100243049,2459.7263076205677,1
1405,1406,-0.0008873969816539528,1,2455.8627387760143,2456.139276333044,1
1408,1410,-0.007290678611239147,2,2474.711252340818,2459.143639196725,2
1411,1412,-0.0034884860333702986,1,2454.164674219097,2448.057519703712,1
1414,1418,0.004589048611615682,4,2447.1191030758246,2460.7961707013287,4
1420,1421,-9.406274674478667e-05,1,2466.2580841691247,2468.4923592437153,1
1422,1425,0.0058722264658985675,3,2472.1207577705227,2489.1097314689705,3
1427,1432,0.005034399154494081,5,2496.1802314616575,2511.2431793398546,5
1434,1435,-0.0016646737149685767,1,2529.194010073521,2527.512921294969,1
1439,1440,0.0002815688248625481,1,2519.6324996994304,2522.8615821611556,1
1442,1443,-0.0049305575207786705,1,2530.651735519324,2520.704863307807,1
1447,1448,-0.002669549849177717,1,2509.8568474327462,2505.6665163116572,1
1451,1452,-4.3796104308631637e-05,1,2498.283667095602,2500.672535670621,1
1455,1458,-0.016816695126724845,3,2491.595635581669,2452.1868270345954,3
1461,1463,-0.007694202545438977,2,2437.9638529489634,2421.6436291188643,2
1464,1466,4.8657063530535343e-05,2,2410.3414570954924,2412.869078689996,2
1468,1469,0.0008181725087880681,1,2413.9719283100335,2418.360945707073,1
1473,1475,-0.010002592251897962,2,2440.170086123548,2418.202229812899,2
1481,1485,-0.009443994395656189,4,2389.2272192776313,2369.052598028102,4
1486,1487,0.0010470790636967248,1,2374.9187937950114,2379.780440335769,1
1493,1494,-0.00964770186871864,1,2391.077269422805,2370.3999460517666,1
1497,1499,0.002919691174001735,2,2399.299622927221,2408.7041364829947,2
1500,1504,0.0008342345044212993,4,2408.617312730153,2413.0352817131093,4
1505,1506,0.0009665436368285316,1,2413.802814804189,2418.549663370201,1
1507,1509,-0.00031840815548080234,2,2425.752853388631,2427.40622675032,2
1518,1520,0.002161843619756669,2,2426.464711817739,2434.1368137853647,2
1522,1525,-0.004497406806013746,3,2451.6534942503667,2443.079064633588,3
1526,1528,-0.006732376025409944,2,2452.267963852462,2438.210641768593,2
1529,1531,-0.0036873520545758257,2,2436.73114037466,2430.182785938125,2
1532,1533,-0.0023589143224381857,1,2432.356492005917,2429.0511279316547,1
1538,1539,0.0019591930100542956,1,2452.6462767147004,2459.9041304328903,1
1540,1541,0.002140900850393664,1,2470.1686628252355,2477.927217678919,1
1547,1551,-0.0031336370516976656,4,2485.6833877276067,2480.3798415527617,4
1552,1566,-0.005520182055044193,14,2479.7457283570793,2468.536826214687,14
1568,1578,-0.017297743040370496,10,2467.92217535888,2427.7006139012487,10
1579,1580,-0.005793506877704218,1,2426.5073990980395,2414.875919191663,1
1586,1587,-0.002640921022838174,1,2412.0842043480075,2408.126164668237,1
1589,1595,-0.011357049846618984,6,2402.923159954252,2378.0359650090104,6
1597,1599,-0.006631844414988028,2,2365.3041053402676,2351.9830806248588,2
1600,1601,-0.0011639253541733795,1,2354.728567496762,2354.342567782353,1
1602,1605,-0.002488283579101551,3,2360.4921385214393,2356.9790568330795,3
1608,1609,0.002000965067796812,1,2357.1016507425693,2364.175230457694,1
1610,1611,-0.002641787397001057,1,2369.722221862527,2365.83164178428,1
1612,1613,-0.0008470843969074532,1,2371.779593870302,2372.1422759773013,1
1630,1636,-0.0243647856228211,6,2339.414907018055,2284.7549792327463,6
1647,1649,0.007630312091151372,2,2142.651345408839,2161.1430952222427,2
1650,1654,0.0028716086203296534,4,2166.154462667925,2174.540964958556,4
1656,1657,-0.0038568668230392045,1,2194.114311949889,2187.8460195661237,1
1660,1661,0.003313721528062314,1,2207.874091107009,2217.3982451050683,1
1671,1684,-0.007990070825562719,13,2122.8398217940803,2108.0010210884147,13
1689,1692,0.0011698852805656027,3,2134.8185720298798,2139.4508834260055,3
1695,1696,0.005161421347253484,1,2146.9819245265417,2160.210384788487,1
1697,1699,-0.003948631393810159,2,2169.4583472822014,2163.0614142918416,2
1702,1703,-0.0051956487151255115,1,2156.1786149789027,2147.1320469433854,1
1706,1707,0.00416547303224748,1,2157.4820684770393,2168.626483919315,1
1709,1711,0.0015626997574467822,2,2185.134220179248,2190.73406311529,2
1714,1717,-0.0020409086196447592,3,2217.7345686807353,2215.4261096521113,3
1719,1723,0.006830019989544027,4,2218.238287375659,2235.6071375073825,4
1725,1729,-0.008212090633999108,4,2237.6874124019146,2221.549007973113,4
1733,1736,-0.010689955982436855,3,2261.786153304043,2239.869545036842,3
1741,1744,0.0010832945872284658,3,2256.4273684694317,2261.1281713926383,3
1746,1752,-0.009245125898623446,6,2264.234455822149,2245.565557669894,6
1757,1758,0.0003589379005218324,1,2260.896495449648,2263.9689133864713,1
1760,1762,-0.0033789078256734662,2,2257.3528967650936,2251.9828622936725,2
1763,1766,-0.005411647451311722,3,2245.5653327815726,2235.658690204453,3
1767,1768,-0.007402947978381222,1,2229.8012650465485,2215.5239635443268,1
1770,1771,0.0019357418000265653,1,2216.5982570243796,2223.105617181392,1
1773,1774,-0.0004397042364806432,1,2234.331321043828,2235.5832074173077,1
1775,1776,-0.001469965473767302,1,2242.196602927956,2241.1428479391816,1
1778,1780,-0.011248612260120406,2,2234.70826163846,2211.8056031504398,2
1783,1789,-0.0322200365112222,6,2202.5995317709653,2133.834293969475,6
1790,1791,-0.004281462905381027,1,2115.127182210209,2108.186470821623,1
1792,1793,0.0008154077895865834,1,2120.839028947578,2124.6892166411885,1
1794,1795,-0.00025858921790282517,1,2120.7900912388213,2122.3624678790306,1
1798,1802,0.013818586767374061,4,2139.6158512977477,2171.3219344390523,4
1803,1806,0.0015030122212172934,3,2167.163926827128,2172.5883646213574,3
1807,1809,0.0024202943151042447,2,2184.91512306315,2192.3881758375483,2
1810,1811,-0.0008667256579395152,1,2204.699761161503,2204.9935910716126,1
1813,1817,-0.0022219931030847693,4,2196.068430998901,2193.384850522318,4
1819,1825,-0.03611962446020202,6,2190.13049349692,2113.213933046471,6
1830,1831,-0.004271993672571599,1,2110.41457776235,2103.5093146174086,1
1836,1837,-0.004680592729641384,1,2120.5879088111997,2112.7828883714637,1
1840,1841,-0.004092686728486649,1,2088.064195725447,2081.6064672990988,1
1842,1843,-0.005381688458064918,1,2087.8848267337708,2078.7363658867025,1
1847,1851,0.010443189046526111,4,2127.5317011127204,2151.8774485710305,4
1859,1860,-0.0018161262350617471,1,2181.3448475238733,2179.5645947660923,1
1862,1864,-0.003454937884099006,2,2182.6879356750615,2177.329572372607,2
1867,1870,0.0022722102607468935,3,2201.9443714019653,2209.1495963676607,3
1873,1876,-0.004112198000695729,3,2177.1243157288354,2170.348673786158,3
1877,1878,0.003296533731480344,1,2187.129960715229,2196.5270383665734,1
1882,1887,0.010901201894352681,5,2256.3131434336715,2283.165981690557,5
1890,1891,-0.00011026429136131637,1,2295.268172485074,2297.310354539036,1
1892,1893,-0.0004890831821346343,1,2314.8781966411348,2316.0609068431086,1
1895,1899,-9.393049078351408e-05,4,2320.522602367598,2322.625157143051,4
1901,1905,-0.012450591936070579,4,2343.6715950809403,2316.835168013509,4
1906,1916,-0.006524845244165786,10,2323.79449971972,2310.955894729525,10
1918,1920,8.098430420067472e-05,2,2316.8155458941524,2319.319987134992,2
1922,1924,-0.0048550259046525445,2,2318.5950392560408,2309.65679531731,2
1929,1933,-0.0024041150599639414,4,2309.423805487186,2306.1811087420624,4
1934,1937,-0.002494819282916243,3,2313.8049855077043,2310.3462651984596,3
1942,1943,-0.0027262205639514347,1,2290.162346496866,2286.209021159556,1
1944,1948,-0.002183938233464384,4,2298.9406260187993,2296.218822315191,4
1951,1953,-0.008031675677079813,2,2285.729958480798,2269.657446727376,2
1956,1957,0.005132481919769782,1,2259.8963619406877,2273.7551355208425,1
1958,1961,0.027323941286116496,3,2301.2955869351586,2366.477348021509,3
1963,1965,0.0035075137230890386,2,2371.2629476994052,2381.951447977213,2
1971,1972,-0.000632915597123232,1,2426.420444525108,2427.3111456251145,1
1975,1976,-0.0036817198235917455,1,2441.1630780155833,2434.6165625966487,1
1977,1979,-0.004980726105633617,2,2432.5619922109313,2422.878629184965,2
1980,1986,-0.0013839521735246585,6,2419.3964531660845,2418.4675206392735,6
1988,1989,-0.0020182369597768817,1,2431.2411574497883,2428.765577845142,1
1994,1995,-0.005479494078138745,1,2396.2264845132754,2385.492602166019,1
1996,1997,-0.0034558740054847757,1,2385.1536389216512,2379.296002100736,1
674,675,-0.0018374055284724091,1,1988.627516507022,1986.9622288306266,1
676,677,0.000968742078231557,1,1983.9119710317675,1987.817782008645,1
681,689,0.010656731225878614,8,1986.2467648125569,2009.3999094982478,8
690,691,-0.0017726744907553588,1,2014.6750610270194,2013.1183730002028,1
693,696,-0.000119163948975755,3,2016.994671669625,2018.7713132911554,3
697,702,-0.00042915607119705485,5,2019.9840739600127,2021.1371696049114,5
708,711,-0.00911134394618636,3,2017.2983336374475,2000.9353330112456,3
713,715,6.744944195368656e-05,2,1996.9087168059332,1999.0403159013201,2
716,721,0.006857173042812695,5,1996.717309750637,2012.4058631709272,5
722,723,-0.003212564334621069,1,2026.24457249208,2021.7613760177644,1
728,732,0.0022848573528117594,4,2038.5368219588186,2045.2331246274075,4
734,736,0.0059428978727031475,2,2052.0316647259165,2066.2787110056615,2
738,739,-0.0039021255387115803,1,2070.7730966812433,2064.7634531924878,1
741,742,-0.002149415999586856,1,2065.4649406271005,2063.090862177758,1
745,746,-0.0016013116982911565,1,2068.5438284227807,2067.299988820322,1
747,750,-0.0015738435223381353,3,2065.039482386984,2063.854472856644,3
751,752,-0.0016635547740318545,1,2061.1871299638783,2059.8194194036178,1
754,757,-0.006525281362715627,3,2058.5845908443607,2047.2103317709948,3
760,761,0.00021906560047798423,1,2063.884899157789,2066.400910241698,1
762,763,0.0006144879217409942,1,2070.570577045462,2073.913488233214,1
764,765,0.0008789935954645616,1,2074.1031586662502,2078.000385217717,1
766,769,0.00277992527302154,3,2081.5541467178937,2089.4222658442354,3
773,778,-0.002358110315377484,5,2084.7781996297886,2081.9468408515972,5
780,781,-0.0021838904234111585,1,2080.5013071912445,2078.0382216177663,1
782,785,-0.003993920362501555,3,2077.4663683036615,2071.246599441185,3
791,796,-0.0030671599414867218,5,2074.9367845621655,2070.6475583600013,5
797,801,0.0007021689673976934,4,2069.5563537583307,2073.079088359979,4
802,803,-0.002904174349262317,1,2074.4557112091484,2070.505585855183,1
804,806,0.00026308887661433003,2,2073.2748127489276,2075.8935431030754,2
811,812,-0.004293500311382767,1,2087.5747050202854,2080.6992770792663,1
816,821,-0.008361266278851816,5,2087.217686734916,2071.853121560931,5
822,825,-0.006142388260114078,3,2078.7390327602134,2068.0493495623064,3
830,831,-0.0006124812143259563,1,2061.7644421772047,2062.563414630183,1
839,840,-0.0017345128829531387,1,2076.411301171,2074.8861503199805,1
841,844,-0.001743685958066835,3,2078.427817956573,2076.8821203735033,3
848,849,-0.0031487250955373873,1,2081.5687208089785,2077.0960018604906,1
853,854,-0.0025300661252885374,1,2077.013737177859,2073.8357688168444,1
855,859,-0.004901534703807829,4,2075.2684013211633,2067.171669633693,4
860,862,-0.0004914215340246361,2,2065.2573631613473,2066.307708582948,2
863,866,-0.0016634954032838226,3,2066.9681659750568,2065.5967420981983,3
887,889,-0.002512190012308657,2,2173.7625048791574,2170.475362930148,2
893,894,-0.005424245008499866,1,2169.3481444168197,2159.750416717185,1
896,906,-0.003436303554088259,10,2169.264767572037,2163.9797801090426,10
910,913,-0.00039527726938459024,3,2163.55704098293,2164.8653931045956,3
917,921,0.0029079605269596194,4,2145.4299685541305,2153.8142241845962,4
926,928,-0.0003200771891353814,2,2153.626413632409,2155.090713357118,2
935,936,-0.005143963555747815,1,2144.4793701809294,2135.5927258248466,1
950,952,0.000265268339020444,2,2114.90647789443,2117.582402100899,2
954,956,-0.0009636407304133739,2,2119.990690013398,2120.067771326417,2
957,959,0.0010731498256608095,2,2127.500792641374,2131.911420538732,2
964,968,0.005089096906712323,4,2138.3312825038774,2151.351788901698,4
969,973,-0.0032103647239039353,4,2150.67032418807,2145.9165583707377,4
975,978,-0.00789700824012099,3,2143.3637931006647,2128.5809953580724,3
984,987,3.6778340460586704e-06,3,2121.6840302403957,2123.8135174723975,3
995,997,-0.004907064474278725,2,2145.858577549455,2137.474569734285,2
1000,1001,-0.0031391168265097837,1,2147.3640058163332,2142.77054333885,1
1003,1004,-0.00086097341439261,1,2140.0617126577185,2140.3592381306185,1
1008,1011,-0.004246929842220739,3,2149.0796803370563,2142.1017693896597,3
1012,1016,-0.005352212789546283,4,2142.283966758035,2132.960291079071,4
1020,1022,0.00019222434389186177,2,2144.4772070247323,2147.0339049558684,2
1024,1025,-0.002353154324854553,1,2150.7370664912332,2147.8267873280856,1
1033,1036,-0.0021205223797071365,3,2150.469453675365,2148.059804525645,3
1042,1046,-0.004510159346609572,4,2146.3186090640997,2138.7846887376913,4
1049,1051,-0.0007038458460525026,2,2138.7131175723275,2139.3465063461986,2
1056,1057,-0.0031863250065130525,1,2145.88967198975,2141.1980597386605,1
1058,1061,-4.322376061264774e-06,3,2143.989421757167,2146.124144050372,3
1062,1064,-0.004426964074289823,2,2148.6850578462127,2141.3215913460103,2
1065,1073,0.008002246609508455,8,2137.2825236481185,2156.5228680001915,8
1074,1081,-0.0012633707791845478,7,2158.039870183888,2157.4715055417664,7
1083,1085,0.0003475243294161622,2,2181.705375463358,2184.645276536413,2
1086,1088,-0.0036636054308023993,2,2188.401558821782,2182.572520544928,2
1092,1094,-0.011638615618689008,2,2178.8791097390636,2155.6988524109584,2
1097,1102,0.0007662868295360338,5,2149.1314366633956,2152.927419214916,5
1104,1110,-2.197673048328361e-05,6,2152.198292141934,2154.303192152263,6
1112,1118,-0.011873436625277095,6,2146.711474965917,2123.36934379012,6
1119,1120,-0.004002491288845854,1,2129.127747510837,2122.7350599960955,1
1122,1123,-0.0032362819611494527,1,2131.3353736507324,2126.5691068014776,1
1124,1128,-0.0005577900873349388,4,2126.7618165285244,2127.702291685671,4
1134,1135,-0.000374679823406157,1,2137.500878323728,2138.837500750431,1
1136,1137,-0.0003374186471137718,1,2144.3248089803665,2145.745598613328,1
1138,1139,-0.0003620076279799994,1,2145.6172749855955,2146.9861624403106,1
1144,1148,0.00030174962827769053,4,2145.2792591027182,2148.071875580807,4
1157,1161,-0.0012006298113830373,4,2161.567740210434,2161.1340652824238,4
1163,1164,0.0004063644572063667,1,2165.7661251856503,2168.811981686733,1
1166,1167,-0.004218108806617066,1,2169.516442056189,2162.5347020879076,1
1168,1171,-0.002924701861088665,3,2167.3158547447924,2163.144417885598,3
1172,1177,0.003517233357109447,5,2165.705422504567,2175.4884192807776,5
1178,1179,-0.0055685546787040095,1,2169.570744032145,2159.6589414587174,1
1184,1186,0.00868374091112686,2,2180.9996425377767,2202.119878003373,2
1188,1193,-0.00037235106940241994,5,2212.367523048474,2213.7561131584043,5
1196,1202,0.004445044792844081,6,2211.944203590432,2223.988338858254,6
1204,1205,-0.003336010364118354,1,2228.391221355161,2223.185676366765,1
1209,1213,0.007035711078237718,4,2247.9328233458205,2265.9965620375147,4
1215,1219,-8.308223373756636e-05,4,2274.4691304900816,2276.5546316446435,4
1220,1242,-0.006114291266086164,22,2291.2204094328013,2279.5024409041607,22
1243,1247,0.0019858729467232645,4,2287.66598392632,2294.496663898865,4
1248,1249,-0.001707702631226119,1,2294.4818183945,2292.8580075743216,1
1252,1254,-0.002341297342161209,2,2294.415820088874,2291.3383262475763,2
1255,1260,0.007055338376234129,5,2293.1222085521467,2311.5940838800916,5
1262,1264,0.00144436143434347,2,2341.113863550021,2346.8363919914896,2
1265,1269,0.006595371897197126,4,2354.1789594078537,2372.059824117113,4
1270,1276,0.003756358452288674,6,2374.0272283858258,2385.318952859522,6
1281,1282,-0.00520990425514971,1,2375.848160942363,2365.846067660022,1
1285,1289,0.004457893219805952,4,2341.4042255833174,2354.1833598309536,4
1291,1296,0.004531705671059892,5,2367.5909364654945,2380.6877526754906,5
1300,1301,-0.004774263126949429,1,2373.6184190142635,2364.65975853793,1
1302,1305,-0.018357644009467097,3,2366.4220157471814,2325.3465048216763,3
1306,1314,0.014126954621600723,8,2336.309201662794,2371.650444938375,8
1315,1316,-0.00511570534470312,1,2371.29729553271,2361.537734579606,1
1320,1323,0.0006959378860693279,3,2334.22432098553,2338.183020446074,3
1326,1327,-0.0014889828785391137,1,2338.266732282557,2337.123359885013,1
1329,1330,0.0011770558667006607,1,2350.354088056877,2355.470940213105,1
1333,1338,0.010759408259729267,5,2399.771279774103,2427.9911699829395,5
1341,1343,-0.0033208322658341335,2,2440.058474954019,2434.3955085148236,2
1345,1349,-0.007401934206589387,4,2434.384274822886,2418.799506861914,4
1350,1351,-0.0020859312910246368,1,2422.9167656665354,2420.28564453515,1
1357,1358,0.0029828056781380143,1,2453.3084306993655,2463.079481447379,1
1362,1363,-0.0031458033998371365,1,2461.704942929005,2456.422608093072,1
1366,1369,0.0019440651137059362,3,2460.8809206461433,2468.125914313602,3
1373,1374,-0.001410781406620603,1,2474.5332181607228,2473.5167259246373,1
1381,1384,-0.0026718540610062742,3,2451.7277636583017,2447.6288326401477,3
1386,1389,-0.001773933029458641,3,2429.8892922145465,2428.0087206333737,3
1390,1391,-0.0012182616160964018,1,2431.8795445322485,2431.348758572707,1
1397,1398,0.0022939476239773665,1,2451.5377678418245,2459.613004847298,1
1402,1404,-0.003323202659015513,2,2464.9452899965177,2459.21872254447,2
1406,1408,0.0027119306691047716,2,2458.1223102330855,2467.2466898248504,2
1409,1410,-0.004390859875688881,1,2466.033734499045,2457.671759656637,1
1414,1415,0.002233500077460332,1,2446.8057774212934,2454.7175240921156,1
1418,1422,0.0036672380969610674,4,2459.753795415702,2471.2340520388107,4
1423,1427,0.007534778560981572,4,2475.9508147645065,2497.0825066964035,4
1429,1430,-0.0034759074361670242,1,2498.244249516934,2492.0588280021934,1
1453,1456,-0.007480636223754517,3,2495.6870149814054,2479.513375308963,3
1464,1466,-0.005248822169452867,2,2416.3335692823844,2406.066997644424,2
1472,1474,-0.002968441111918398,2,2436.975223931373,2432.17818171186,2
1475,1476,-0.006895933536385826,1,2417.746427353011,2403.491555109503,1
1478,1480,0.0038345510549913113,2,2378.693766351449,2390.1936828090647,2
1481,1485,-0.00868487067857315,4,2389.6409493313818,2371.2768676675473,4
1486,1488,0.0019296330768275968,2,2374.8979823797977,2381.8555620630686,2
1489,1490,-0.001481741908162647,1,2384.845298362467,2383.696418437761,1
1495,1497,0.007300333402776349,2,2371.79779673715,2391.4845092140386,2
1498,1499,-0.0012242602635619884,1,2407.6406776650606,2407.100739532125,1
1501,1502,0.0014857810433523346,1,2405.0096509812215,2410.98797838071,1
1503,1504,-0.00306618154455807,1,2422.7956931243516,2417.7897573769833,1
1512,1514,-0.0028629058798949588,2,2419.1422496899622,2414.6356153687125,2
1515,1517,-0.004264756895268221,2,2425.4215724563533,2417.503160653744,2
1526,1528,-0.005823877255772046,2,2454.0465756508916,2442.208556190004,2
1531,1539,0.013114820593063025,8,2429.1205132949485,2463.407113539036,8
1541,1547,0.0005718619449443902,6,2476.3780676958436,2480.2705921417496,6
1552,1556,-0.00010870661764742688,4,2477.59513406147,2479.803398208608,4
1559,1561,-0.0023548296402156593,2,2477.745765944437,2474.388842539817,2
1563,1565,-0.0018987506113145223,2,2467.558901050068,2465.3411809792947,2
1566,1569,-0.004653206749330598,3,2470.3426970973046,2461.318024483109,3
1571,1573,-0.00834108241532628,2,2464.3598547731617,2446.2687859782504,2
1574,1579,-0.008964370397823159,5,2440.3016696203617,2420.866203241079,5
1582,1592,-0.00044091312046013907,10,2408.854267279362,2410.2010260949214,10
1593,1596,-0.013954680570980402,3,2403.008618857224,2371.878409790616,3
1599,1602,0.0011559640902953578,3,2349.461947656532,2354.527303247195,3
1604,1607,-0.009240411583138174,3,2364.6448390619735,2345.1591923401593,3
1608,1609,-0.00010751633553124124,1,2359.047540116966,2361.1529515102256,1
1611,1612,0.0022105138253682537,1,2371.063430462579,2378.6757623869044,1
1615,1617,0.0003842942845466578,2,2377.4846585289033,2380.7757969533022,2
1620,1622,-0.003568144057276008,2,2390.5005284966605,2384.3613787704867,2
1629,1633,-0.028075338755847806,4,2355.370925674024,2291.598459965725,4
1635,1637,1.4553722590391e-05,2,2287.0659554785443,2289.386306757485,2
1651,1654,0.0042609459575571,3,2161.5431085286705,2172.91487000757,3
1663,1666,-0.021091463510401375,3,2211.3711270197687,2166.941444713296,3
1667,1671,-0.01187605737068648,4,2146.1872782230457,2122.8452222568544,4
1672,1674,-0.00024230938668488443,2,2125.271161524257,2126.881459534093,2
1680,1684,0.012517036414871865,4,2079.9189729424397,2108.0333134396856,4
1687,1688,0.002068388592817696,1,2119.472030301101,2125.975394101673,1
1693,1696,0.007462694038160088,3,2139.9589970630436,2158.068815309396,3
1697,1698,-0.004223969971683301,1,2173.2184220066856,2166.212031072227,1
1701,1703,-0.006190934528761454,2,2161.353587700506,2150.134142733249,2
1704,1705,-0.0021569756230586275,1,2149.5602950776065,2147.073306215907,1
1706,1707,-6.260634185120662e-05,1,2161.582351765739,2163.6086053538506,1
1708,1710,0.001573639656543295,2,2180.3214315991418,2185.9327932995166,2
1711,1712,-0.0005644377274514646,1,2195.3796187819066,2196.33584331777,1
1714,1717,-0.0011226891154015148,3,2216.374913121277,2216.102988043788,3
1718,1726,0.006096736256345022,8,2216.825175158631,2232.5573987531575,8
1728,1730,0.010963551135910951,2,2221.072982848178,2247.6449030550725,2
1732,1734,-0.0050719925155769015,2,2255.9077561635504,2246.7217166646205,2
1735,1741,0.002694501245317708,6,2247.7077357460316,2256.0118947748556,6
1742,1743,-0.0006566987916521809,1,2264.1218512043492,2264.8991269717144,1
1744,1749,-0.009109460448172974,5,2268.20850088145,2249.8145537553423,5
1750,1751,-0.0036711401901932694,1,2248.23229476436,2242.2269511249247,1
1753,1754,-0.0009394721993958573,1,2251.710945919586,2251.8472370307386,1
1757,1758,-0.00023119837548617444,1,2260.3726074487226,2262.110385581336,1
1759,1762,-0.010359414754862972,3,2267.7684716480917,2246.5434859539355,3
1763,1767,-0.007605533829738799,4,2244.078869429531,2229.2555305409123,4
1769,1773,0.0027911631747645446,4,2220.1599945492662,2228.576983362687,4
1774,1782,-0.013139267242479064,8,2239.8759659777897,2212.6855130367794,8
1783,1784,-0.010444355629363092,1,2206.828279245187,2185.98620816306,1
1787,1788,-0.0024932378145701567,1,2142.656821702032,2139.45732551222,1
1789,1790,-0.007498887044603718,1,2132.765353543875,2118.904752418549,1
1793,1795,-0.0028223580576196023,2,2121.942324990688,2118.0753862969373,2
1796,1797,0.0007232893887608709,1,2126.651355620182,2130.3161913349163,1
1801,1810,0.01729688551634747,9,2163.0863829103682,2202.6641268204494,9
1812,1817,-0.0010461122928325391,5,2195.479424746979,2195.3781861568373,5
1819,1821,-0.012079117510590882,2,2187.6950154909914,2163.4572853370328,2
1822,1825,-0.020802593067424432,3,2158.9033255846875,2116.1514415562247,3
1826,1828,0.004731397312385862,2,2094.085088432627,2106.087122080377,2
1831,1834,0.009482083922859048,3,2111.0948594741308,2133.223532960255,3
1836,1842,-0.016789669205814213,6,2116.946848140552,2083.5209576821217,6
1843,1845,0.007386584788356724,2,2080.010095480285,2097.4542765066685,2
1846,1856,0.022904933547265405,10,2125.6723070183557,2176.486362260892,10
1863,1864,0.0006171681160334771,1,2174.933553646842,2178.450786844291,1
1865,1866,0.0012627851115050155,1,2186.0792312387266,2191.025858775744,1
1868,1869,0.002189750477084911,1,2209.419752166001,2216.4672498745535,1
1871,1873,-0.011918503386144533,2,2202.7096754263152,2178.6593823764797,2
1874,1875,-0.0039326935306890475,1,2170.094806051609,2163.7305830529194,1
1879,1881,0.010716851073699997,2,2215.4242814934632,2241.382077864781,2
1885,1888,0.005040604661025154,3,2271.4828075626424,2285.203937197444,3
1892,1896,-0.001185224448442053,4,2314.433314241896,2314.0046246078095,4
1897,1902,0.008279073903894017,5,2316.1111019730083,2337.6024680578453,5
1904,1905,-0.0016663926889468605,1,2323.421213584731,2321.872902674654,1
1907,1909,-1.4761172249302783e-05,2,2329.5714610493565,2331.866645304802,2
1911,1913,-0.016744586880658767,2,2341.6738208430493,2304.8051339246217,2
1914,1915,0.000184668091727096,1,2309.7591834748046,2312.495481479041,1
1917,1926,-0.009144020321034538,9,2312.3522710011225,2293.520427116699,9
1927,1928,0.00032972314238846395,1,2302.3331250220067,2305.394590659836,1
1932,1939,-0.0065361087295130425,7,2306.2134983867913,2293.4460497062514,7
1940,1945,0.0014813097528290713,5,2290.315314300249,2295.998296026676,5
1947,1948,-0.0019127342657914524,1,2301.749013900616,2299.648128704377,1
1951,1962,0.03600027966055113,11,2281.490221678952,2365.905997923886,11
1963,1965,0.0025874816847910077,2,2374.2042209023584,2382.721635060799,2
1970,1974,0.0038887561758796964,4,2431.2464624793315,2443.132233637863,4
1978,1979,-0.0013674235490028224,1,2428.9872091888838,2428.094742088001,1
1990,1991,-0.0050577991773757165,1,2415.8092072036566,2406.006338589969,1
1993,1994,-0.002215607046508682,1,2397.191027782608,2394.2769854774083,1
1995,1997,-0.006775633673297703,2,2390.6240213704677,2376.816652772446,2
1998,1999,-0.006376310704861097,1,2381.331079975135,2368.528304198046,1
675,678,0.00012689239342381607,3,1990.0130332861452,1992.2555638361696,3
679,681,-0.004659129308145233,2,1994.689585448363,1987.3907583255968,2
691,695,-0.0034083708025250095,4,2016.8095563676598,2011.9523311178505,4
698,701,-0.0016217517672940376,3,2021.5423463583752,2020.2854488318671,3
708,715,-0.010288591099760106,7,2016.7410402721118,1998.0083573949194,7
721,724,0.004518802292916492,3,2014.2795042486118,2025.3959145952338,3
725,727,-0.0013513420448577923,2,2031.1981257279376,2030.484480424933,2
728,729,0.001963874178031712,1,2037.0871684334875,2043.1248384904072,1
732,733,-0.0026744660226181143,1,2047.6578349558802,2044.2291014852988,1
735,739,0.0017032126639528974,4,2062.957283184805,2068.533895437904,4
741,744,-0.0028729828382795465,3,2066.7983403877893,2062.9272625660583,3
745,746,-0.0006271550912285678,1,2069.704961885517,2070.476640843215,1
747,755,-0.004387232163586632,8,2063.9409842817054,2056.9499369960017,8
760,761,0.0007038621422291468,1,2064.427077918355,2067.9445770618127,1
765,766,-0.0006458103462307185,1,2075.863886130866,2076.5991356419668,1
770,774,-0.006766271517636628,4,2096.5468823165943,2084.4576237437022,4
775,776,-0.0023720984262252027,1,2083.4976364452987,2080.638872617288,1
777,781,-0.00672667677043488,4,2087.2673087703333,2075.31420355951,4
782,783,-0.002128509365646703,1,2076.142456801751,2073.7995105948335,1
785,792,0.0011053926797790106,7,2072.0497101932965,2076.4121884852757,7
793,794,-0.0045656046055360475,1,2079.2142484795877,2071.8005925793127,1
800,803,-0.001948230725245243,3,2072.2916975318476,2070.3266868725773,3
805,808,0.005856994021605615,3,2073.9007255799684,2088.1214504566738,3
811,814,-0.004262942275172069,3,2091.0509892103937,2084.2280105381587,3
816,819,-0.004713764482802091,3,2085.024166677871,2077.280877981879,3
825,831,-0.004600073284891065,6,2069.2520225454186,2061.802563619346,6
833,841,0.005243546143620998,8,2060.0070302046292,2072.8687791538955,8
843,849,-0.003203561576577099,6,2077.9962406797945,2073.417248007561,6
850,851,-0.0034605722621416576,1,2076.464662783782,2071.355371431219,1
854,858,-0.004869582783629405,4,2074.416771257693,2066.3896438335623,4
860,868,0.0018727700391498892,8,2064.7883309842177,2070.7199930386555,8
871,875,0.009322186923421176,4,2089.607625162376,2111.176945665908,4
876,880,0.014615966296896581,4,2124.8201546112714,2158.0012745326476,4
881,882,-0.0029823854435442297,1,2174.463371502384,2170.1527469671973,1
883,884,-0.004441411151105587,1,2184.9796743621328,2177.460260945844,1
885,888,-0.0005966448918801963,3,2171.300115115098,2172.1759201077907,3
889,891,-0.001018359904655314,2,2170.098425902584,2170.058583102392,2
893,894,-0.0030846911483610197,1,2165.7082555341167,2161.1934227038723,1
898,899,-0.0023487174159540283,1,2169.909577978931,2166.9829831400652,1
900,903,0.0001155612626818044,3,2163.962929441625,2166.3769626595895,3
904,905,-0.001035093378936456,1,2170.257256286904,2170.1810946266196,1
907,910,-0.001937902170614458,3,2161.935052349044,2159.907368770718,3
914,915,-0.006296552156479529,1,2157.350118404933,2145.923600983014,1
919,921,-0.0009309515212082019,2,2156.912200022872,2157.0611315291712,2
923,926,-0.000803647373047664,3,2158.331924736255,2158.755718879512,3
931,934,-0.004637381801249768,3,2153.156866283088,2145.325012682434,3
936,937,-0.005124885069355762,1,2139.7824149644125,2130.956058429256,1
939,942,-0.0001619226133497627,3,2136.740391460798,2138.5311452640235,3
944,950,-0.00809474580404181,6,2128.9017928526073,2113.797775790549,6
951,953,-0.0027684334281790446,2,2120.1092566567645,2116.359984575901,2
960,961,-0.0020979994188116196,1,2142.4779904969773,2140.125550908595,1
978,982,-0.0039037871637738865,4,2131.068609585212,2124.880439911577,4
986,988,-0.004290792255268556,2,2127.989395343201,2120.986624321712,2
990,991,0.00048634928848615886,1,2128.81475809278,2131.97892039379,1
992,993,-0.002070191700054786,1,2137.612074460179,2135.324419760155,1
997,998,-0.0018788010342676818,1,2139.1608328365483,2137.2809360841866,1
999,1002,0.0014772347872689627,3,2139.851462892234,2145.152377375699,3
1004,1005,-0.0018019177752095592,1,2145.488046849833,2143.7675418485646,1
1010,1017,-0.004698179524842156,7,2144.534426835413,2136.603553527771,7
1018,1022,0.0017319168082621404,4,2141.3216014684454,2147.171513943392,4
1024,1027,-0.007854668085514294,3,2152.6644016069904,2137.9086016344722,3
1031,1032,-0.0013857110109636271,1,2149.0939559801645,2148.2650267777476,1
1036,1037,-0.0048390300761202145,1,2154.8029208309426,2146.530567609761,1
1050,1052,-0.0016618290790890952,2,2144.0740729999184,2142.655062430686,2
1055,1059,-0.004075008909981023,4,2144.243478977378,2137.6499111743537,4
1060,1062,-5.113865594320031e-05,2,2142.9793972397338,2145.0127875508847,2
1063,1073,0.004101703286881364,10,2146.5575918575137,2157.5086917793733,10
1074,1080,-0.0072582711316321645,6,2160.6552008238295,2147.133234755103,6
1087,1091,-0.003608475829765624,4,2187.302485666202,2181.5969599999553,4
1098,1101,0.003725744514501224,3,2136.704516529062,2146.802036177159,3
1113,1115,-0.007613490519902712,2,2144.245098497199,2130.0641538659397,2
1116,1117,-0.0030314203771894714,1,2131.122681139766,2126.793475099008,1
1127,1128,0.0010059154118015647,1,2122.0956007442246,2126.3523450150738,1
1129,1132,0.0043945701332370945,3,2127.814660088891,2139.2933055032704,3
1137,1139,-0.002866805443596422,2,2149.1983032192998,2145.186168127482,2
1141,1142,-0.001899875996870285,1,2145.4817803819587,2143.5511128260705,1
1143,1145,-0.003936111027624434,2,2146.6707745118647,2140.3679107781413,2
1146,1148,-0.0013490392477636922,2,2147.568508831373,2146.8189231345295,2
1156,1157,-0.004195720932204167,1,2159.8884462369842,2152.9860455181188,1
1158,1160,0.0022854836093460225,2,2161.1542745291017,2168.254711475335,2
1162,1164,-0.0026105655153887764,2,2171.3671708816332,2167.870041794964,2
1169,1170,-0.004599490861462224,1,2170.641549141109,2162.8283447214653,1
1171,1173,-0.00017827625567346818,2,2165.1453983939814,2166.924549777761,2
1174,1175,0.00026110009040659996,1,2167.0556674172985,2169.7885415153946,1
1180,1182,0.00030135936339526956,2,2165.0451861820156,2167.8626880072275,2
1183,1184,0.003574700244624825,1,2171.803313023628,2181.7386621709943,1
1185,1187,0.00942442079890644,2,2193.043026133303,2215.904229467824,2
1189,1191,0.0005547588453408932,2,2206.259806155554,2209.6900081042945,2
1194,1195,-0.001952139057616156,1,2215.5748371448567,2213.4653018073395,1
1199,1200,-0.0030245643305877507,1,2231.605443884176,2227.0874151025428,1
1206,1210,0.008291056995498959,4,2229.5130856507512,2250.227618801743,4
1212,1213,0.00045359993944616914,1,2260.7225020667997,2264.0086881589086,1
1215,1216,0.00136134110702204,1,2279.8313872092235,2285.2148467809197,1
1218,1219,-0.0025882954835834407,1,2284.6735706753448,2281.0448339615787,1
1221,1224,0.0019228144138180654,3,2295.5328208031074,2302.242237219143,3
1225,1226,-0.0027925981970164013,1,2298.2404708416734,2294.1206491173325,1
1229,1230,0.003020013839238593,1,2275.919283853282,2285.0685108713624,1
1231,1232,-0.0007005790193629021,1,2295.3773763259273,2296.064660470879,1
1236,1238,-0.005990227854750025,2,2296.222881323966,2284.7642059408686,2
1239,1241,-0.00302213242615513,2,2283.707455874667,2279.089496976291,2
1242,1243,-0.0019217063561388992,1,2284.405123146416,2282.2995724244156,1
1244,1245,0.0018853135018729126,1,2288.550968015994,2295.154155023735,1
1246,1248,-0.0006576457973009829,2,2294.9313826514885,2295.717062055245,2
1250,1252,-0.005275948136702803,2,2298.6802493404975,2288.8512118114545,2
1253,1262,0.016627348012182686,9,2294.6743768862,2335.1234007022117,9
1263,1272,0.014865698038552214,9,2343.255259482661,2380.4326398568624,9
1273,1276,-0.0020733947633274526,3,2386.4106204931422,2383.849059829956,3
1280,1281,-0.0046451131178740085,1,2381.3921164556077,2372.7116728131136,1
1284,1286,-0.004697730231094672,2,2347.464596687939,2338.7843058823414,2
1288,1290,0.0006420465677967201,2,2351.266061392693,2355.1269497587796,2
1298,1299,-0.00596433351680789,1,2380.3577207240337,2368.540831109051,1
1303,1305,-0.00926439042364837,2,2346.208193921601,2326.81821339187,2
1308,1311,0.0028930172679982034,3,2344.3465137448798,2353.47309520506,3
1313,1315,-0.0022990841623575604,2,2373.7381087774697,2370.6544231947723,2
1317,1320,-0.01331841130872135,3,2363.9523543787395,2334.832216963282,3
1321,1322,-0.0032383560906129134,1,2347.5031497521027,2342.248601779122,1
1323,1324,-0.0028148393402465458,1,2346.450703264426,2342.1922722181926,1
1325,1326,-0.000994953352317057,1,2334.4613421774,2334.4731233813236,1
1328,1331,0.011540450118354705,3,2341.624251051651,2370.9892731678938,3
1333,1335,0.005736646781579413,2,2401.3601107856994,2417.537225647437,2
1336,1338,-0.0031967381962195087,2,2428.994187814867,2423.658323504099,2
1339,1343,-0.0014252574222561414,4,2431.3849568038304,2430.3509923045876,4
1344,1345,-0.002358138136975825,1,2435.7313273982722,2432.423267791106,1
1347,1348,-0.004422535002702817,1,2424.252099428684,2415.9550117630133,1
1349,1352,-0.0021322237102123108,3,2419.4280332176895,2416.688699433328,3
1354,1358,0.016020822026749527,4,2421.6911542422863,2462.910328382398,4
1365,1367,0.0042219195762035824,2,2456.916690127642,2469.746511488921,2
1372,1374,-0.0011744543810624467,2,2474.019869978041,2473.5882663728876,2
1377,1380,-0.009103888337558041,3,2458.5921858497013,2438.6680293079826,3
1381,1383,-0.0024570880421845532,2,2448.1955224234607,2444.6282860028077,2
1388,1390,0.002710226711250231,2,2421.718936052343,2430.704062336025,2
1391,1392,-0.0002802650619816424,1,2433.910501483081,2435.6622719070083,1
1393,1399,0.009512538032440003,6,2438.1570937053643,2463.7883128820054,6
1404,1405,-0.0029192570148574015,1,2463.0072751832663,2458.280131192726,1
1407,1409,-0.0007713344495685779,2,2469.00757411927,2469.5721510952253,2
1412,1415,-0.0004482154635550785,3,2450.0543625680893,2451.406264678804,3
1419,1420,-0.0024417944332289316,1,2466.0355828881115,2462.480066512559,1
1423,1424,-0.0012410578973753453,1,2481.319525662911,2480.7213839953383,1
1425,1429,-0.0009710859911243225,4,2494.6784928175084,2494.7506239735917,4
1433,1436,-0.0030892185075991714,3,2523.687246466314,2518.4147123636044,3
1439,1445,-0.0032883017025867613,6,2519.976862038785,2514.2103946949023,6
1450,1451,-0.004831678522276753,1,2502.3316639738005,2492.743533481339,1
1453,1454,-0.0018560026364972913,1,2498.147636813778,2496.0092158503057,1
1455,1456,-0.007293039290274294,1,2496.411790106443,2480.701772626599,1
1458,1460,-0.0046097472120332356,2,2453.2795762162505,2444.423857105666,2
1464,1465,-0.0061947591039350275,1,2412.743355645287,2400.20973513309,1
1467,1468,0.0005820639049740795,1,2409.2333943649073,2413.0449555567902,1
1469,1471,0.0024823128186682985,2,2419.2444503369516,2427.669016297852,2
1473,1476,-0.017792950747750558,3,2437.6829023450337,2396.74701342732,3
1482,1485,-0.0026542522119136405,3,2374.556958436734,2370.628842335925,3
1487,1490,0.0005336245704685037,3,2382.5383164351774,2386.192235737345,3
1493,1495,-0.01016910706125558,2,2387.954061790489,2366.058655340572,2
1496,1498,0.008853449143576324,2,2378.3998619622585,2401.8353040451925,2
1501,1502,0.0009620592026447937,1,2412.193093829321,2416.925959487625,1
1506,1507,0.0009087573412284867,1,2419.9528958840506,2424.5719987394964,1
1511,1512,-0.00560632438133439,1,2428.824128936653,2417.6361771335587,1
1515,1516,-0.0033020859796182487,1,2424.3661630039624,2418.78506365065,1
1525,1527,-0.004553754094984527,2,2449.202891973869,2440.499027167069,2
1528,1538,0.007282076576095046,10,2437.9309065231514,2458.122036978205,10
1540,1542,0.0009228208771911281,2,2474.8774614502986,2479.636207501665,2
1545,1546,-0.0017829422777508404,1,2483.7606383064235,2481.81599709488,1
1547,1548,-0.004756743408519688,1,2483.019729429904,2473.691661428144,1
1549,1550,-0.0002252017465041062,1,2475.473179108473,2477.391171404222,1
1553,1555,-0.003688527461251763,2,2486.3143165560396,2479.6297922386752,2
1557,1564,-0.004694457380727199,7,2477.7218771137314,2468.5680392374393,7
1571,1572,-0.005122163803639016,1,2468.883295537625,2458.706154181351,1
1578,1587,-0.005073795917101314,9,2422.044115627979,2412.1772021986944,9
1589,1592,0.0009813873694200378,3,2405.1202118096744,2409.885686619291,3
1595,1596,-0.0052966243725664315,1,2379.000284480427,2368.778613875786,1
1600,1602,0.0010009789092049848,2,2353.124392836914,2357.8329451177165,2
1603,1604,-0.0011940184301609254,1,2358.8957161153176,2358.4380468715635,1
1612,1614,-0.0019252362672978027,2,2374.5387606625454,2372.341751283076,2
1615,1616,-0.002482879123739351,1,2381.397753753191,2377.8664287388306,1
1618,1619,-0.0023378023874219946,1,2385.8070273927774,2382.615289055603,1
1620,1623,-0.0013066375869205708,3,2387.777806152084,2387.045623727503,3
1625,1626,-0.0076036100022027035,1,2387.715471069126,2371.94792930196,1
1637,1641,-0.007582390486360061,4,2290.56849080332,2275.4910745611,4
1642,1643,-0.013105190436800786,1,2265.0357794023103,2237.617089946478,1
1646,1650,0.01710865145615588,4,2122.871805741551,2161.314151357825,4
1651,1654,0.006320852797125479,3,2161.7034581253997,2177.528970933373,3
1656,1660,0.008114788522444707,4,2189.038410099593,2208.9910322751593,4
1662,1667,-0.0337267943793262,5,2215.915004777418,2143.3952100540037,5
1670,1674,0.004560995136412395,4,2114.6035861695927,2126.362886427722,4
1679,1683,0.0145562498070523,4,2068.539947363956,2100.7186715210164,4
1684,1686,-0.0018846620024842685,2,2114.1338539374315,2112.2635600486874,2
1687,1692,0.006346913938474516,5,2118.271548105126,2133.8343068673735,5
1693,1698,0.009769465167448085,5,2142.219398203769,2165.289955393756,5
1699,1705,-0.009215857582429522,6,2162.6319061131135,2144.86403036927,6
1707,1712,0.012511536433893963,5,2168.1556138231317,2197.4507273936547,5
1714,1718,-0.003873519073022116,4,2216.5075686356486,2210.138391861676,4
1720,1726,0.0035254609205568437,6,2223.591653166383,2233.6544302960638,6
1732,1735,-0.00985999672493559,3,2265.6081249346635,2245.534844367755,3
1737,1738,0.000696355835846115,1,2249.500460427114,2253.316413660898,1
1740,1744,0.0044534440775690414,4,2250.535131741254,2262.8082992268096,4
1745,1747,-0.0019774443210995958,2,2262.4380105095893,2260.226603324377,2
1750,1752,-0.0035507750815443146,2,2248.4727826777275,2242.7374343321426,2
1755,1756,-0.0015128562889698007,1,2260.7708112719783,2259.611360743498,1
1757,1761,-0.004055023115040326,4,2261.1268306613233,2254.219035927615,4
1762,1764,-0.005559043307521293,2,2248.850634477614,2238.598027042884,2
1766,1770,-0.010795382458342152,4,2238.2865087796763,2216.361636374832,4
1772,1773,-0.0017497727490012182,1,2232.3525489302647,2230.6787918229134,1
1775,1777,-0.0032340247482614904,2,2244.4945061496414,2239.480249875566,2
1781,1794,-0.044152002381984856,13,2216.903040812375,2121.23923551461,13
1796,1797,-0.002822690254692903,1,2130.230582826561,2126.3478323029944,1
1798,1803,0.015189725218889904,5,2134.276680182629,2168.8300331758705,5
1805,1808,0.007245600458013957,3,2168.705748942184,2186.5880300589592,3
1810,1820,-0.015127964406389846,10,2206.8709004157417,2175.6923068851706,10
1823,1827,-0.028352570394200985,4,2155.722586731825,2096.7580329278735,4
1828,1831,-0.002279676898823855,3,2112.7484117710464,2110.0447764354763,3
1838,1840,-0.0130957187641129,2,2109.5958067536485,2084.0787291692045,2
1842,1844,-0.0019220022418973666,2,2083.3892162232505,2081.468326695148,2
1845,1846,0.009660257211670596,1,2096.7849491240136,2119.137215999235,1
1858,1860,-0.003073402450353521,2,2186.252268902501,2181.7192880910675,2
1862,1864,-0.00185221398176182,2,2177.2933779592895,2175.437858100195,2
1870,1873,-0.016976158731398353,3,2211.636573761003,2176.3031168024313,3
1881,1884,0.003350400384174516,3,2249.5739844577015,2259.3605319839153,3
1885,1886,0.0010468155860451109,1,2274.2721429430994,2278.9271586121836,1
1889,1891,0.0028893048800356217,2,2287.845643383543,2296.743772609123,2
1892,1893,0.0025205948871526254,1,2311.1620174976592,2319.298682679843,1
1894,1895,-0.0024505179504659513,1,2321.4458558619594,2318.078556976997,1
1897,1898,0.003345075784716268,1,2314.127705021536,2324.182765275366,1
1899,1902,0.0028038353758265667,3,2326.758289709588,2335.608895202983,3
1904,1907,-0.0013167291522237085,3,2327.409232322669,2326.672073969638,3
1909,1921,-0.006900597711637608,12,2335.585870905751,2321.8045182605515,12
1922,1925,-0.015113402502529037,3,2323.984500019295,2291.185171360884,3
1926,1927,0.0005167247697740749,1,2294.7415677488893,2298.2220591249243,1
1928,1930,0.0007918612553090797,2,2303.3130794895146,2307.4402969554985,2
1931,1933,-0.0016724296813989945,2,2308.169975874071,2306.6178938725793,2
1935,1941,-0.014827813254163203,6,2320.123463277607,2288.0412293008017,6
1948,1952,-0.010705572755802539,4,2298.2806893996153,2275.9745589553913,4
1957,1966,0.047145855233575354,9,2274.631526757306,2384.1456069542896,9
1969,1970,-0.0008237101936062938,1,2429.3951493101154,2429.823426910641,1
1971,1974,0.007296931700608591,3,2425.2193898892297,2445.3412695261322,3
1976,1977,-0.006126705029010325,1,2443.670534110609,2431.1425560941398,1
1984,1989,0.0045114832978704646,5,2415.1805001162015,2428.4917271039344,5
1992,1993,-0.0025702055425626275,1,2401.666383692146,2397.8952738250864,1
672,675,0.004030513010380904,3,1974.9598156618274,1984.8948767094937,3
678,682,-0.005824006396554127,4,1994.9797428294523,1985.3559477890471,4
683,684,-0.0005631581023061098,1,1991.580064709103,1992.4500703239798,1
686,687,-0.001978331468592469,1,1998.6008017580493,1996.6455077005353,1
695,697,0.0015688788335248911,2,2013.8257433745762,2018.9990177011387,2
700,702,-0.002099466497751873,2,2022.5389215003875,2020.3152077157986,2
706,707,-0.0008474372825394051,1,2014.8402106214578,2015.147600119239,1
708,713,-0.010837341026383392,5,2014.8443111079964,1995.0236005045585,5
715,717,-0.0034878695180520273,2,1999.5126564099805,1994.538129821139,2
718,728,0.016830235133101435,10,2001.1909787949255,2036.8726844930804,10
730,731,-0.0009281772327413969,1,2042.8251058316548,2042.971827183781,1
732,734,-0.0033133926707741637,2,2049.667069303059,2044.9253845274063,2
735,737,0.003977870507882736,2,2061.1125019872757,2071.3724531243465,2
745,746,0.0007619348773685996,1,2063.7000909218855,2067.3361960885095,1
748,749,-0.003893010441846924,1,2071.1674694195626,2065.175560303718,1
752,754,-0.0029437964060031177,2,2063.2611998703783,2059.2506401654246,2
755,758,-0.004361901335126157,3,2058.421300330512,2051.501091012679,3
760,761,0.00048729999432605493,1,2062.7082179570475,2065.7760838779113,1
764,767,0.0019313788037729914,3,2076.3968004857697,2082.483506054936,3
769,770,-0.0026414656774879294,1,2091.5937799863,2088.160500585205,1
771,772,-0.006487836918481376,1,2096.1995535664387,2084.6959522678726,1
774,775,-0.0031725340982993594,1,2083.304231109588,2078.778181630371,1
779,780,-0.0026170860449939316,1,2077.913440874053,2074.55327604611,1
784,785,-0.004822842124671537,1,2080.2003103151987,2072.248032941171,1
787,790,-0.0013910348856053336,3,2076.7759851860874,2075.9638933262922,3
791,792,-0.0023761112497532964,1,2075.696608355921,2072.8402189020876,1
794,797,-0.004195823040524526,3,2080.7646112444872,2074.114855757964,3
799,802,-0.005116181108856451,3,2078.5376591115805,2069.9820216650987,3
804,806,0.0006923756679244756,2,2072.2587190215727,2075.765759255289,2
809,810,-0.001672224066677731,1,2092.5648392570242,2091.158166810992,1
813,815,-0.004556088158334866,2,2087.4519669017,2080.028803681108,2
816,818,-0.004396060854189707,2,2088.416538852485,2081.3241491976455,2
825,826,-0.0009257088983091478,1,2068.244120533171,2068.397772667451,1
827,828,-0.002471740853175521,1,2067.5545760682194,2064.51167153245,1
829,831,-0.003843551359751372,2,2065.7200562808125,2059.8460752059095,2
833,834,0.0012846646165206228,1,2057.9243034388046,2062.625970278349,1
835,837,0.0010571031557503334,2,2068.3805552398903,2072.635427407367,2
842,846,-0.0017263635517490452,4,2079.8792732890115,2078.368524792856,4
858,862,-0.0038320358018017666,4,2074.1407018454224,2068.266661119822,4
866,868,-0.0014452073163664016,2,2068.952845470336,2068.0317325263154,2
870,871,0.00024318388056234755,1,2086.26983914613,2088.86345618066,1
873,875,0.009416411916233255,2,2090.4305177506885,2112.2053031058445,2
877,884,0.01975791939482716,7,2131.5762674104317,2175.823355753264,7
885,886,-0.001157275137516818,1,2175.3980302390473,2175.0558942146877,1
889,896,-0.003094393928733301,7,2173.563893021223,2169.0115939999655,7
897,899,-0.0027696362458169625,2,2168.3677214338923,2164.5304993197833,2
900,904,0.0041628145027792695,4,2161.6663829976146,2172.826665549925,4
906,909,-0.0014352867846514597,3,2165.412020653042,2164.4694454171263,3
910,911,-0.0040619194309777775,1,2169.8721875575093,2163.2282137436887,1
912,915,-0.010010509537372987,3,2163.025882335038,2143.5359169926737,3
916,918,-0.0005226233452346925,2,2146.4406965091503,2147.465357188502,2
920,921,-0.001834653822157598,1,2157.516225678788,2155.715446514658,1
927,928,-0.004251677689674211,1,2157.838336851772,2150.8217420739074,1
929,932,-0.0040378111079579955,3,2154.471571868451,2147.9266941956494,3
933,936,-0.00889361436068976,3,2151.772449345045,2134.7871874379584,3
940,941,-0.00025417584647021677,1,2134.493386784144,2136.0853435075574,1
948,950,-0.00010498051371697615,2,2111.605065327416,2113.494993008218,2
952,955,-1.7501086517599787e-05,3,2115.3474236605075,2117.4257502058917,3
966,970,-0.000769020724472799,4,2144.974919053948,2145.470363806775,4
973,974,-0.003107852632894148,1,2150.305082415862,2145.7725561863663,1
976,978,-0.004294112223096095,2,2138.305732876957,2131.2619138255704,2
980,984,-0.006696007510232964,4,2131.2362977374346,2119.096759779441,4
986,988,-0.0016336550065216972,2,2126.299749537815,2124.9524090561545,2
991,994,0.001722919890668511,3,2135.873031482826,2141.688842644193,3
996,997,-0.005867327464264195,1,2142.6135263385713,2132.1847246765196,1
1002,1003,-0.003021010840852303,1,2146.1505274712113,2141.813133989091,1
1005,1009,-0.003065705088797646,4,2149.758147162177,2145.3173808179,4
1013,1014,-0.0038446747045934536,1,2138.0175506354394,2131.93558619117,1
1015,1017,0.003585309739392451,2,2131.1263013143916,2140.898175499684,2
1018,1021,0.00303070270409014,3,2136.1180087038506,2144.728065337789,3
1025,1026,-0.004572899021050594,1,2149.3861931181764,2141.706653292925,1
1027,1028,0.001019614190939198,1,2138.7079119868004,2143.027276836123,1
1029,1030,-0.001638710035552579,1,2145.309266590709,2143.9390360327734,1
1041,1044,-0.005076769110747358,3,2149.235130836044,2140.4731954429185,3
1045,1048,0.000620299066605393,3,2134.4637626272925,2137.9222322695805,3
1049,1050,-0.0036592565390185087,1,2142.5504827570703,2136.8528913756213,1
1051,1055,-0.00042014570357044,4,2144.494868506888,2145.738363070063,4
1059,1061,-0.0003261476490994461,2,2143.6619283462023,2145.1064399761544,2
1063,1071,0.0016323755482036454,8,2143.5582083447284,2149.2008585585263,8
1072,1073,-0.004603330048088261,1,2160.5669306372724,2152.7816948952013,1
1075,1079,-0.001990309087221551,4,2154.2058621063093,2152.0725324653195,4
1089,1092,-0.004666820703285484,3,2182.579684977695,2174.5765566022483,3
1094,1096,-0.0037906857409208206,2,2152.9719762506033,2146.9637080558787,2
1097,1098,-0.0047069567554935375,1,2146.3174058550026,2138.361100047935,1
1099,1100,-0.000857556187216812,1,2142.0615117503485,2142.3666351592983,1
1101,1105,-0.00016708634650851556,4,2149.0937795214036,2150.8837890730006,4
1106,1107,-0.001888249023701549,1,2155.357776264815,2153.4432818243204,1
1117,1118,-0.003250135362902196,1,2131.1661852993125,2126.370772901549,1
1119,1120,-0.0036138353279582553,1,2128.3815350932177,2122.818296245417,1
1124,1126,-0.005177267178773093,2,2129.825893964269,2120.929042160911,2
1127,1129,0.0009986854670265143,2,2123.9940867390387,2128.2392828522543,2
1131,1133,-0.00035471308250707234,2,2139.622904848526,2141.003575517393,2
1134,1135,-0.001146761479719752,1,2138.430122707853,2138.116283538767,1
1136,1137,0.0021141313569910942,1,2141.2491590875475,2147.917290236993,1
1138,1139,-0.0018595318400717506,1,2148.9109474629013,2147.063890082078,1
1140,1142,-0.002696159101226707,2,2146.591390837703,2142.9504303135186,2
1146,1147,-9.790170946295286e-05,1,2144.192488569807,2146.1267609483284,1
1152,1155,0.000789185598665521,3,2154.483579096055,2158.338350088335,3
1157,1162,0.00398927589419746,5,2158.564199106004,2169.333871430681,5
1164,1165,-0.002221752465964647,1,2168.688096049635,2166.0384960203783,1
1166,1169,-0.00472144246546083,3,2169.120476363539,2161.0482193100993,3
1170,1171,-0.0009261802526068654,1,2165.0490592202727,2165.208882594918,1
1172,1174,0.0007498635329385723,2,2164.830101210522,2168.618258459638,2
1177,1180,-0.01131111957411671,3,2183.4272313839233,2160.913652119741,3
1181,1182,-0.0006637348845849177,1,2164.117460132491,2164.8451773399943,1
1184,1188,0.012420989467830323,4,2182.4102772114516,2211.700382556391,4
1191,1192,-0.0012088875240957337,1,2212.513266006187,2212.051099588022,1
1198,1199,0.0001838542336567812,1,2222.4369674113236,2225.068008824229,1
1201,1202,-0.001987745901834568,1,2227.4675778247893,2225.2674058533235,1
1203,1204,-0.0012067556479627127,1,2224.601662938175,2224.1417139798955,1
1206,1209,0.00754716720828453,3,2224.9662493936785,2243.983407960036,3
1210,1211,0.001505123495477711,1,2252.648797761035,2258.2919611913658,1
1214,1215,0.0011503467065103303,1,2269.226512796446,2274.106136554564,1
1216,1217,-0.005195512830631182,1,2289.015608775755,2279.4120144196213,1
1218,1221,0.003973485101334055,3,2283.7810543812634,2295.1394054299376,3
1222,1224,0.002046065727958482,2,2297.1775378690477,2304.1748916381866,2
1225,1226,-0.005151661020109574,1,2300.5985522224432,2291.047246890261,1
1227,1228,-2.2559679599669195e-05,1,2278.7018380280424,2280.9291330827014,1
1231,1232,0.0029795415514866225,1,2293.7661006362423,2302.8942381431157,1
1235,1236,-0.003920223160119926,1,2297.0839241582357,2290.3759264821697,1
1237,1242,-0.005185164195809061,5,2291.3556447714654,2281.765945167103,5
1254,1255,-0.003518344035084175,1,2294.7810741763515,2289.0020259463754,1
1257,1258,0.0009717744408177542,1,2290.7806240771306,2295.2975267612064,1
1264,1272,0.015374754133134078,8,2346.0048110642924,2384.42006304062,8
1274,1275,-0.0029037655695089114,1,2389.494396726152,2384.9453595651303,1
1277,1281,-0.0046769578600842875,4,2385.7322621446533,2376.960025151304,4
1286,1293,0.012894936959415439,7,2341.786710476393,2374.3256891908595,7
1296,1297,-0.004339330100856154,1,2387.2415262584823,2379.2697387718335,1
1303,1304,-0.01269432807484273,1,2348.252513274395,2320.79127798159,1
1305,1306,0.0006966332520386,1,2327.484854146176,2331.4337423433367,1
1308,1311,0.0030608934823711216,3,2340.0513805963346,2349.554079996212,3
1315,1318,-0.015641039010195885,3,2372.7418717826854,2338.00246547679,3
1321,1326,-0.006967581510396469,5,2346.745586454045,2332.7411908827175,5
1327,1328,0.0001436548595504664,1,2340.6720819420075,2343.3490029431346,1
1331,1338,0.01931341362202726,7,2375.542039210262,2423.797407229254,7
1340,1342,-0.003467169814333367,2,2438.700695996956,2432.6840072535983,2
1345,1347,-0.006469785141353216,2,2434.4548790468307,2421.1389339221255,2
1351,1352,-0.003921533052562348,1,2423.51709542148,2416.4367101237563,1
1353,1354,0.00037733304291694657,1,2416.4361961253176,2419.7644335443415,1
1356,1358,0.007602267904196258,2,2438.568674110798,2459.5458951482797,2
1361,1362,-0.0053319314066291425,1,2469.5392203525266,2458.841345843979,1
1363,1364,-0.0036202028696223267,1,2461.1212829660876,2454.6726459179713,1
1366,1367,-0.00038998069258750954,1,2463.6969031109743,2465.1998057894843,1
1368,1370,-0.0034061598681880915,2,2475.0416397224503,2469.0862938568557,2
1371,1378,-0.008328128400619389,7,2467.9441429789067,2449.8587314136007,7
1381,1392,-0.004886029962148534,11,2446.4867911748456,2436.9796702023395,11
1396,1397,-0.000129369090361443,1,2449.0052716499995,2451.1374513373657,1
1400,1401,0.00029207446604622247,1,2460.1082995989086,2463.2869427165288,1
1404,1405,-0.0004905325174776021,1,2459.445908350586,2460.698916065913,1
1406,1408,0.0012153652802323785,2,2463.203473341334,2468.660368794322,2
1412,1415,0.0006147226745047312,3,2450.0773194205985,2454.0335148225568,3
1417,1422,0.003594677617835611,5,2457.7739123890447,2469.066591173999,5
1430,1433,0.010673928246116068,3,2492.4697240899823,2521.5666368046254,3
1436,1437,-0.0026743466349990683,1,2525.6492022239677,2521.420389981036,1
1440,1443,0.0010388980828085989,3,2519.131553488724,2524.267805983475,3
1451,1456,-0.006129359064958067,5,2493.579606830104,2480.789141669615,5
1457,1458,-0.010547742564790904,1,2472.3460088813,2448.740685657413,1
1461,1464,-0.010950664950449388,3,2436.5176952532674,2412.272724021961,3
1465,1466,-0.0001455761188268079,1,2405.176449207702,2407.23148940434,1
1468,1470,0.001919009794530191,2,2421.0501637166235,2428.1172328575612,2
1471,1475,-0.005117416492391328,4,2429.288338470737,2419.2859466011437,4
1477,1483,-0.012662751939054955,6,2391.3626985980636,2363.4728286480054,6
1485,1486,0.0023237862647286145,1,2368.7115732050934,2376.584664197216,1
1487,1498,0.009662494917938465,11,2381.6249474306687,2407.0190113290837,11
1499,1500,-0.0007383835324412634,1,2406.5742453939934,2407.203844846991,1
1503,1504,-0.002677920880910659,1,2420.0976404180224,2416.0369080533223,1
1507,1508,-0.0004848097328553217,1,2424.5273929873615,2425.7764859026543,1
1511,1513,-0.0038611116026023157,2,2423.6522174335973,2416.7178779536252,2
1519,1520,-0.0007580394016007847,1,2433.050007352428,2433.6387095881423,1
1522,1523,0.001886151541066543,1,2446.470991613781,2453.5318776364015,1
1524,1525,-0.005416079851945624,1,2455.760672521271,2444.9158372941492,1
1526,1527,-0.007404171359617175,1,2455.2725565521223,2439.548570365397,1
1529,1530,-0.002214296289198776,1,2435.7418218688617,2432.78410961312,1
1538,1540,0.00498651924058691,2,2451.0712826974172,2465.7446680913354,2
1542,1545,-0.0001502484798891619,3,2480.101698114751,2482.2091683027534,3
1546,1548,-0.0043817753685803755,2,2484.1281578176167,2475.727394401112,2
1552,1562,-0.006153398782564089,10,2478.6563511195473,2465.882846497293,10
1564,1570,-0.0011423428764368994,6,2464.9390029356523,2464.588136427733,6
1574,1575,-0.0013200415346149548,1,2441.218183287333,2440.4368920736238,1
1576,1577,-0.005178581520219457,1,2437.115734755363,2426.9320479834782,1
1583,1584,-0.002583535106761834,1,2410.3852210242994,2406.5682914059876,1
1585,1592,-0.0013740925256352787,7,2410.439678612806,2409.537951145542,7
1593,1595,-0.009252064077522985,2,2405.514083161491,2385.6636268078582,2
1596,1597,-0.005443914444302985,1,2374.437264403575,2363.885468347201,1
1598,1605,0.003321530976765733,7,2350.6851117023066,2360.84367022915,7
1606,1607,-0.0038106070974492307,1,2355.658367792204,2349.0375376645216,1
1608,1610,0.004311891477030368,2,2356.021354416259,2368.536284168484,2
1613,1614,-0.0010354309160982725,1,2372.6968092865536,2372.612742464977,1
1615,1616,-0.0010670000391615748,1,2376.919075274967,2376.7598216038396,1
1617,1618,-0.001079584292994403,1,2386.6147522305455,2386.424815182839,1
1621,1623,-0.002268070398771927,2,2389.630320455628,2386.6001009822503,2
1625,1628,-0.01063856879194814,3,2385.2127713463565,2362.2227339663013,3
1632,1633,-0.012557038984812245,1,2318.361031367076,2291.5676425466972,1
1638,1639,-0.0022799421492225194,1,2290.160453157101,2287.2291802646228,1
1641,1642,-0.0071737524099891965,1,2274.5675720216977,2260.5249549922455,1
1654,1655,-0.00024688863450723507,1,2180.5968356031995,2182.23906786365,1
1656,1658,-0.0034572821171062595,2,2192.335937101343,2186.9487492084145,2
1660,1661,0.001540573081780587,1,2206.6969927593273,2212.303267738778,1
1662,1663,-0.008057477363674324,1,2219.185629102799,2203.5237767596145,1
1671,1672,0.003096756472214434,1,2120.0242655995103,2128.7094887308567,1
1677,1679,-0.014190652418239778,2,2095.344634455914,2067.705671686382,2
1681,1683,0.0076706537348787815,2,2086.1465277779407,2104.234781960523,2
1688,1689,0.0014142588211051486,1,2129.455618242374,2134.5966752528675,1
1694,1698,0.010479808040179353,4,2140.2214756917847,2164.7908073961958,4
1702,1703,-0.004719396574192901,1,2156.868037544702,2148.845789954872,1
1704,1707,0.00916275383574416,3,2149.4812893750554,2171.325938593512,3
1709,1710,0.0006177708490088993,1,2186.4727966208056,2190.0100085733297,1
1714,1715,0.002058185466717991,1,2216.258266120442,2223.035994940385,1
1716,1721,0.003262823601582543,5,2222.186813546491,2231.6596039424026,5
1723,1729,-0.006934372861585512,6,2237.199471771761,2223.9230959405254,6
1730,1732,0.007208719813125353,2,2244.121686797464,2262.5430529509426,2
1734,1736,-0.006683548315676498,2,2253.6768078287546,2240.8679268035403,2
1743,1746,-0.004175223733308458,3,2265.0731199743886,2257.881006046167,3
1750,1752,-0.003837063560129151,2,2253.2942212250477,2246.9014822997606,2
1759,1762,-0.009658219534075575,3,2263.9858918943437,2244.3838050202726,3
1764,1766,-0.0031897239029565956,2,2238.5670813129113,2233.6652374665887,2
1767,1769,-0.0050930237755372,2,2224.212074204557,2215.108321303001,2
1774,1778,-0.002923847017598814,4,2234.055424728467,2229.757443862453,4
1780,1781,-0.0013944321551137412,1,2213.0893395553035,2212.2164259576434,1
1787,1788,-0.00226433463267191,1,2144.619788309845,2141.908271237571,1
1792,1797,0.004133230288916694,5,2120.9753801854695,2131.862835249084,5
1798,1800,0.00857141738937148,2,2136.835727720604,2157.2882743631394,2
1801,1802,-0.001667758078127293,1,2166.7892883254444,2165.3423972745654,1
1804,1805,-0.0009042031059565796,1,2169.777567385277,2169.9854253369977,1
1807,1809,0.0018507658145013482,2,2187.931840356233,2194.1691216511795,2
1810,1811,-0.002724950421900049,1,2204.521351997943,2200.7186619617264,1
1812,1815,-0.0011004631553915996,3,2199.808470302042,2199.5874706018585,3
1816,1825,-0.0370156603915216,9,2194.2498857002406,2115.2225270027257,9
1826,1829,0.006158573109792902,3,2095.6245171846053,2110.626198501546,3
1832,1834,0.0043757139590365115,2,2122.6799643617287,2134.090884676715,2
1835,1836,-0.00625537158525606,1,2126.990126798788,2115.8120033242894,1
1837,1844,-0.015237283087956948,7,2116.049128875018,2085.9223383992,7
1846,1849,0.011117181941634843,3,2118.604326030557,2144.275840111404,3
1850,1851,-0.001654910900629561,1,2150.0587283827945,2148.650631484583,1
1856,1857,0.0017950253681872667,1,2173.7984691313336,2179.8742909978823,1
1858,1861,-0.0006211072182049868,3,2183.4434504908095,2184.270741453658,3
1862,1868,0.011941732229339926,6,2179.8441875603157,2208.0551473374044,6
1869,1870,-0.002533678149776314,1,2217.1438436086614,2213.7434585408078,1
1872,1882,0.030491761065015242,10,2188.3378871569516,2257.2525010288186,10
1883,1893,0.02275222826466058,10,2264.4036981900963,2318.188331712849,10
1894,1896,-0.005056374216490979,2,2324.9218581543696,2315.491105073596,2
1900,1903,-0.00039157675448189323,3,2328.8380268897117,2330.254946080318,3
1904,1905,-0.003324198626327799,1,2330.0081301685454,2324.592728473075,1
1906,1908,0.0016782589347339566,2,2323.7643064383788,2329.987948954313,2
1909,1911,6.528280885853164e-05,2,2336.968405096097,2339.4579373628912,2
1912,1914,-0.0076549199321182,2,2325.465327917146,2309.9895423549406,2
1927,1928,0.0003660100311465358,1,2302.014143346288,2305.1587177579404,1
1929,1931,-0.004512129251116047,2,2312.7439244168695,2304.621268829584,2
1938,1943,-0.009162835718877507,5,2307.548387732445,2288.7122493300244,5
1948,1952,-0.012322640569399867,4,2304.153142003276,2278.0640441595197,4
1953,1955,-0.005555498393107953,2,2267.7792040427553,2257.448339522815,2
1956,1962,0.042488373190396854,6,2265.4062526341295,2363.925085176541,6
1963,1966,0.0015324348650836341,3,2378.6574435522443,2384.6812385943867,3
1968,1971,0.005857792591804831,3,2411.5252597627987,2428.06299982415,3
1975,1980,-0.01013189268258249,5,2444.5257855749146,2422.202638441239,5
1982,1987,0.0017050063519964782,5,2422.714498660296,2429.267956768246,5
1991,1995,-0.008829386649004331,4,2409.7917446836846,2390.9245533709773,4
672,676,0.005394739666231465,4,1974.2002956688061,1986.8247926086053,4
682,684,-0.0012823755866229558,2,1989.2713361250708,1988.7096144645802,2
685,694,0.005545414165706079,9,1997.8172117962733,2010.893752874856,9
696,697,-0.0027157544596576448,1,2016.475535066425,2013.0157581743442,1
700,701,-5.180885308676375e-05,1,2020.7415265680067,2022.6575757936985,1
703,706,-0.008025494149572307,3,2029.6699542405088,2015.4105198514294,3
707,708,-0.0020733126282599197,1,2018.0743834835064,2015.9083587629457,1
710,713,-0.006928760496768952,3,2008.2488339743552,1996.3424076198057,3
714,715,-0.002155296309331685,1,2000.5112699785566,1998.200086691574,1
719,726,0.014259232528456865,7,2000.7195011493975,2031.2489452416544,7
729,734,0.004289916303342091,5,2040.6916914940275,2051.4867797429565,5
735,736,0.0033289575927227706,1,2058.2345898205626,2067.144600075771,1
737,742,-0.0032541444818497897,5,2068.7881879450524,2064.12484046708,5
743,745,-0.001641138612522916,2,2066.526186351005,2065.2012566191456,2
746,749,-0.0008070872990217613,3,2068.0799694150296,2068.4789283077685,3
751,753,-0.0010677028901666615,2,2062.4286434022656,2062.2890110223448,2
756,757,-0.003282439060194993,1,2052.1591788511605,2047.475250583613,1
761,766,0.007362450354473536,5,2064.359676292926,2081.6227815997026,5
769,772,-0.0009351119824326016,3,2088.9449386349297,2089.080486130805,3
774,775,-0.0014488061577840124,1,2083.803735722252,2082.8685117740465,1
777,779,-0.0027735917634505404,2,2081.9798238236094,2078.2872415564057,2
780,781,-0.003658677145506684,1,2079.9564931031155,2074.426560311254,1
782,788,-0.0014647582636714879,6,2078.032960456941,2077.067177466387,6
790,791,-0.0020484595501724496,1,2075.155474659444,2072.9797580839445,1
797,798,-0.00014855959091401437,1,2072.2684633061085,2074.032876414242,1
800,802,-0.0027945146505212832,2,2076.9544964078045,2073.2273711355347,2
804,808,0.00778990418588217,4,2069.2264272689117,2087.4147293035007,4
809,810,-0.0051445391972571594,1,2095.0317486504664,2086.3488074486863,1
814,818,-0.008505011874461791,4,2087.6969580970094,2072.0287676362136,4
819,821,0.0004377939571981286,2,2076.1773436008243,2079.1624588395252,2
822,823,-0.002762466569140527,1,2080.799496483112,2077.132156933476,1
826,831,-0.006641896795355345,5,2070.453874987692,2058.772587905468,5
834,839,0.0013966921359451732,5,2070.7388744337,2075.701798009651,5
843,845,-0.002323559570459511,2,2075.3546208080284,2072.6077653375605,2
847,849,-0.004454950804661441,2,2077.699736576055,2070.5213861993266,2
850,851,-0.0027851960119332163,1,2078.56248441238,2074.851842954653,1
853,854,-0.0015796479358348072,1,2076.201275273301,2074.997809489711,1
855,857,-0.0020663607703870043,2,2074.5573335447316,2072.345106988321,2
858,864,-0.0026270642154801486,6,2075.04878275092,2071.6725451311304,6
867,877,0.028562165002977192,10,2067.5266628601266,2128.6472272156525,10
884,886,-0.005362508642564158,2,2181.901246545047,2172.3826834997726,2
893,897,0.00021541981573719102,4,2165.1450740188498,2167.776634245758,4
899,901,-0.002312311254837097,2,2164.2741444630315,2161.4339431446997,2
904,908,-0.004454090786203225,4,2169.7804794270546,2162.285860664982,4
910,911,-0.0015136854729720663,1,2164.6621559719315,2163.5502004685163,1
912,915,-0.00626567576649292,3,2158.1458560101346,2146.781759675585,3
916,917,2.4022363032854058e-05,1,2143.53509708927,2145.7301249646353,1
921,923,-0.003925596545278673,2,2161.019235552283,2154.6969651424706,2
926,927,-0.00011498155237254126,1,2153.6363103510052,2155.542318215146,1
930,931,-0.005000781825174535,1,2155.664810221188,2147.0404656272867,1
936,937,-0.0009561140940044052,1,2135.369975462275,2135.463688108284,1
940,941,-0.0015334619854765802,1,2133.2592610701604,2132.1212483492136,1
942,946,-0.011052835286055253,4,2132.86480720535,2111.423468611091,4
949,951,-0.0010581435614085428,2,2113.8225299132664,2113.6996247431916,2
952,957,0.0025959405955631367,5,2116.3048718554223,2123.9149784567153,5
958,961,0.0025157603013611163,3,2132.525806926578,2140.0232565001984,3
963,966,0.00471303944456427,3,2135.155782278059,2147.354011482503,3
969,970,-0.004433930977461622,1,2153.4237278244227,2146.0290193778455,1
973,974,-0.0003365917562045323,1,2145.6952304162305,2147.1187023207613,1
979,980,-0.002548203201347456,1,2130.079527065333,2126.7817311224057,1
981,982,-0.0031323255352145338,1,2126.846233807857,2122.3111052740337,1
984,989,0.0036564695036547844,5,2121.496795141882,2131.3754802705616,5
990,991,-0.0016799324492695672,1,2134.628807325177,2133.177403931931,1
992,993,-0.0008214096995670098,1,2139.2674284564446,2139.649480869199,1
995,996,0.00031084361143447216,1,2137.6036974676003,2140.4057616182045,1
1000,1002,-0.0013440717955623138,2,2143.1898454666175,2142.452434288257,2
1006,1008,-0.002621317965360505,2,2147.7892746110792,2144.3070252743437,2
1009,1011,0.0011831020545250781,2,2140.48180819196,2145.1546984250976,2
1012,1017,-0.0025460227748777694,5,2138.255011858223,2134.9492209113937,5
1024,1025,-0.00309261849837021,1,2152.810124703125,2148.3051144126925,1
1028,1032,0.0007278872339647421,4,2142.3853038860357,2146.087104102854,4
1036,1040,-0.00855427866424983,4,2156.7058898873142,2140.4135325982766,4
1042,1043,-0.0010741364066363204,1,2142.487107526746,2142.3282712313294,1
1045,1047,-0.003269088746752527,2,2140.098836721524,2135.242762534181,2
1049,1051,-0.0012107187681389027,2,2141.868647531359,2141.4173156084357,2
1053,1055,0.001296281260891779,2,2143.865038556634,2148.7879556705525,2
1056,1057,-0.002258679322885386,1,2146.8007867288957,2144.098652968286,1
1060,1061,-3.914732802795702e-05,1,2142.2042337288813,2144.2625763907695,1
1067,1071,0.0034004657815987667,4,2141.086047961761,2150.507823851275,4
1076,1077,-0.00159924721076834,1,2151.3506837521554,2150.0614928555324,1
1083,1092,-0.0055538080131169966,9,2177.674548251272,2167.7578364434844,9
1095,1098,-0.009963362509084032,3,2153.174695851295,2133.875010506993,3
1100,1106,0.001973314865195325,6,2146.41351208449,2152.795475286827,6
1107,1109,-0.0029036957103211504,2,2157.7556509195674,2153.6479407429906,2
1112,1113,-0.00316934652558656,1,2147.9839873520473,2143.3242657520696,1
1116,1119,-0.0020114349274915864,3,2129.7998297324493,2127.6456757960923,3
1120,1121,0.002215739491336808,1,2122.2381101879455,2129.062675088897,1
1122,1125,-0.004474744279454728,3,2135.043416841718,2127.62468694266,3
1134,1135,-0.0003328961773819639,1,2140.1159403097927,2141.543619834419,1
1137,1138,-0.0004305300192074138,1,2145.0539262172347,2146.2754700353967,1
1140,1141,-0.0014124686989420666,1,2148.81032390599,2147.9240069074153,1
1154,1157,-0.0029815648396220125,3,2160.6613306955205,2156.3798401722834,3
1159,1162,-0.0013231574643973608,3,2168.746378366395,2168.0455317858414,3
1163,1164,-0.00011767859670619549,1,2169.757631321232,2171.672054919307,1
1165,1167,-0.003262605830369432,2,2167.13871576712,2162.235335073606,2
1168,1170,-0.003916932906098712,2,2168.2526969839505,2161.9280493433807,2
1171,1172,-0.002099553343087773,1,2166.247997247069,2163.866092019739,1
1174,1175,0.00020531704068832272,1,2167.91207227683,2170.525093640259,1
1176,1178,-0.004043833970650329,2,2177.939117233442,2171.309832162399,2
1182,1184,0.006149136563161816,2,2164.449023449051,2179.9229651016904,2
1185,1187,0.007102285075878655,2,2193.019995000242,2210.788468176836,2
1189,1193,0.0020716784338805105,4,2206.483407081548,2213.261014577796,4
1194,1201,0.004901137338369245,7,2213.011812359783,2226.0710989959516,7
1206,1207,0.0018614166110878729,1,2226.307514097848,2232.6779074000774,1
1208,1213,0.006899632959842844,5,2243.931002317644,2261.6572336231657,5
1215,1216,0.0020095126071834083,1,2280.2346614053195,2287.0970563661554,1
1225,1229,-0.011937823607668863,4,2302.9970208727914,2277.807245689498,4
1231,1235,0.002423925584829526,4,2289.358372104086,2297.1969648071768,4
1236,1238,-0.005387699893400884,2,2291.4601463573345,2281.40590691743,2
1239,1241,-0.003908266331645005,2,2285.1885598747267,2278.5426229245827,2
1245,1248,0.00022108980371425644,3,2292.84867744581,2295.648451587299,3
1249,1250,-0.0023709033926083683,1,2297.4706095870815,2294.3209993339806,1
1252,1253,-0.0038631554008131284,1,2295.191038208765,2288.6195495918196,1
1256,1261,0.01765379355486577,5,2286.376452229446,2329.0260465580404,5
1264,1267,0.006998773727830609,3,2351.6267443711813,2370.4368745917213,3
1269,1270,2.0481809472668727e-06,1,2373.9701770143574,2376.3490095118577,1
1277,1278,-0.0009299833374891706,1,2383.9202489724084,2384.0871631119335,1
1279,1280,-0.001066844843363464,1,2376.952812398311,2376.793925359884,1
1282,1284,-0.010468353175570131,2,2366.848474255827,2344.4383169885136,2
1285,1294,0.019657128785110573,9,2335.9788027138907,2384.23341768084,9
1298,1301,-0.007178001912198288,3,2379.4785939833673,2364.778170679703,3
1306,1312,0.010995265525343849,6,2334.4103347750097,2362.4122065857428,6
1315,1316,-0.002987972618972027,1,2374.2741141714428,2369.554122242536,1
1317,1319,-0.01549675673446953,2,2363.5475662770637,2329.2837921783976,2
1323,1326,-0.0019559329779749767,3,2337.8129274602825,2335.578134986587,3
1327,1332,0.019778990742136623,5,2337.6449176242522,2386.2188197259693,5
1334,1338,0.00693552702123307,4,2410.3326774757425,2429.4599375680123,4
1339,1340,0.0006107399232093101,1,2429.8925490556094,2433.806473993482,1
1343,1346,-0.004706330852168889,3,2435.0540266283074,2426.028910762717,3
1348,1349,-0.0008952967479910817,1,2416.1387752104692,2416.3917527975386,1
1350,1351,0.0008428477731582539,1,2415.8746103999783,2420.3266995459835,1
1354,1360,0.016843580275459475,6,2428.95658879005,2472.2978706677313,6
1361,1364,-0.006041159719833108,3,2467.62574572822,2455.1860502152317,3
1365,1371,0.00206740886264669,6,2458.73029901908,2466.272230129149,6
1373,1374,-0.005332322930766613,1,2477.7111440987665,2466.9768992933714,1
1376,1377,-0.003715898999198245,1,2466.9329520308283,2460.2330112953186,1
1378,1380,-0.007285255020444512,2,2452.097002736015,2436.6849477389515,2
1381,1382,-0.003831334022546284,1,2446.198871805965,2439.2728657143066,1
1383,1384,-0.0007894720425528827,1,2444.3946911026687,2444.909304524181,1
1393,1396,0.0002998028920269361,3,2441.491165513917,2444.6646227917104,3
1397,1400,0.0026090530367277043,3,2451.0476732012535,2459.893634249385,3
1402,1403,-0.0024286620563613885,1,2464.43789399433,2460.917045084921,1
1405,1406,-0.0017993950568526576,1,2459.9350356448977,2457.9685757372245,1
1408,1409,-0.002356033593183678,1,2472.1131837611997,2468.7609152378673,1
1411,1413,-0.004956332646928759,2,2458.3315252867264,2448.6055480162604,2
1416,1417,-6.91823495295701e-05,1,2453.6793597716623,2455.963287828333,1
1419,1422,0.000994089439541233,3,2466.930904380917,2471.850185245421,3
1424,1426,0.003211120928141008,2,2482.422720291257,2492.8765025611683,2
1428,1430,-0.00036706407708823777,2,2495.6644536821755,2497.244049366445,2
1433,1436,-0.00126114068119861,3,2524.2748596635574,2523.6156688071724,3
1446,1448,-0.0007350614036077505,2,2502.8089972242055,2503.472087926968,2
1449,1453,-0.0029902830479639924,4,2502.901404169239,2497.9199219337956,4
1456,1457,-0.004930426438475437,1,2481.725336492078,2471.971097616495,1
1459,1460,-0.0017024084510715676,1,2441.818240059808,2440.1030862920093,1
1464,1467,-0.0027280122927782523,3,2415.7831257162725,2411.6086227783485,3
1474,1476,-0.014908273036876914,2,2435.6052045043198,2401.7301423100353,2
1480,1485,-0.010616607321230136,5,2393.35129176085,2370.335372206227,5
1487,1488,-0.001567637705306978,1,2378.796721376335,2377.446426664021,1
1493,1494,-0.0077303912446884185,1,2388.733452954628,2372.6563422369677,1
1495,1497,0.011114937364012912,2,2368.159869663991,2396.849978152939,2
1500,1501,-0.0014185400857309929,1,2407.651035611862,2406.6433371410067,1
1503,1508,-0.0011264366897776122,5,2422.335606996699,2422.02933490102,5
1511,1512,-0.002192520341795876,1,2422.9350200390695,2420.0456207408233,1
1514,1515,0.000733949129184218,1,2422.5936518828757,2426.7943060359253,1
1516,1519,0.003230034446101776,3,2419.833938371512,2430.0699192846696,3
1524,1525,-0.003912081398253034,1,2449.504162987149,2442.3710074791707,1
1526,1527,-0.0038744714449128054,1,2454.1955922304705,2447.141077080373,1
1529,1538,0.005342182332405888,9,2434.5336390461935,2449.9738952794,9
1541,1542,0.001523779557526014,1,2475.8336853262713,2482.082143769132,1
1545,1546,-0.001723620893662224,1,2484.787952939076,2482.9899084600092,1
1548,1551,0.00046773573260897017,3,2478.2023372140447,2481.839683337009,3
1556,1558,-0.0025598898064059118,2,2478.3290185202345,2474.463098347325,2
1563,1568,-0.00048795049030792763,5,2465.022004659749,2466.2842179686154,5
1573,1574,-0.0023072842250657388,1,2444.829668366463,2441.633581108035,1
1575,1577,-0.005361098547143625,2,2438.0530590567405,2427.420469403029,2
1579,1584,-0.005774806266264723,5,2420.130221897162,2408.5745689484706,5
1585,1586,-9.821532543014054e-05,1,2408.6728171919026,2410.8449214244993,1
1588,1590,0.00020028407129879348,2,2404.8595560251892,2407.746070643997,2
1592,1595,-0.012513446781316145,3,2410.824833312982,2383.0679298955574,3
1601,1602,-0.0011284988795577872,1,2359.593152522087,2359.289947445776,1
1605,1607,-0.00949308331742207,2,2363.056193378965,2342.986560244847,2
1609,1612,0.00268599608558602,3,2364.2059562269037,2372.9204101270752,3
1621,1622,-0.002433245628857079,1,2391.811507331074,2388.383453943142,1
1625,1626,-0.005311813150743663,1,2382.940401794423,2372.6656080325274,1
1636,1637,-0.0008660157978027945,1,2287.0106797506146,2287.3171030519575,1
1638,1640,-0.005173103630945008,2,2293.1134007824903,2283.5440009235163,2
1648,1649,0.0046362133695427975,1,2148.631210799166,2160.7413547556894,1
1650,1656,0.00902890284461266,6,2164.718218019748,2186.427966714231,6
1663,1666,-0.019600475231162852,3,2205.8311945621736,2164.8016860635935,3
1669,1673,0.003326568061259785,4,2118.059822947051,2127.2237529288514,4
1679,1682,0.01344797028184044,3,2068.6404396428115,2098.5280952385842,3
1686,1687,0.0022537732209987767,1,2114.326379119156,2121.2059176719854,1
1690,1691,-0.0007884838474749522,1,2132.90311991199,2133.3542633736224,1
1695,1703,-0.00034456001866365,8,2148.4299780935953,2149.8381449983394,8
1707,1708,0.00484113389326316,1,2166.809623173017,2179.4662483031816,1
1709,1711,0.00192603159150925,2,2186.015400480929,2192.411750602262,2
1712,1714,0.007517656073137097,2,2197.2661040097723,2215.9816609848895,2
1719,1721,-0.00099691864289243,2,2226.577630379303,2226.58449126011,2
1722,1724,-0.0022144358393798545,2,2237.834289965613,2235.1165838012857,2
1727,1728,-0.0058217308338830475,1,2232.323443026517,2221.559780250076,1
1730,1732,0.004275084656003821,2,2247.2251697212114,2259.0794727325933,2
1734,1736,-0.0072962683310038405,2,2251.585948292789,2237.40935899202,2
1737,1738,-0.0018437588022927292,1,2247.571260270768,2245.6748522361345,1
1741,1743,-0.0009484485296543178,2,2260.4827722651326,2260.599303475734,2
1744,1745,-0.00013855211979679663,1,2259.3118134126444,2261.2580927850267,1
1749,1752,-0.0063161043747603255,3,2253.5879482447594,2241.6076394941883,3
1755,1759,0.0007313909113512637,4,2257.0204122159134,2260.9281968443584,4
1762,1765,-0.007078631876123153,3,2251.1621126855666,2237.4781269090754,3
1766,1767,-0.005902080047660975,1,2237.2445419031355,2226.2773900725338,1
1775,1776,-0.0038570382315577228,1,2245.3935995256584,2238.9784241669186,1
1779,1781,-0.008498906656264474,2,2224.348797486803,2207.6686134834754,2
1785,1788,-0.012665625932796572,3,2165.760331978649,2140.4953820856967,3
1790,1799,0.011449739865704071,9,2118.3291753235712,2144.701822506281,9
1801,1812,0.014452881685024684,11,2167.2621914727497,2200.7526376980054,11
1813,1816,-0.0035443651176692162,3,2194.2077419961565,2188.6248763565018,3
1821,1823,-0.006890327887022512,2,2166.6136592354396,2153.851594378041,2
1824,1825,-0.01045718093531365,1,2136.489492834828,2116.2843251346926,1
1826,1830,0.0042851172191470145,4,2097.070270355293,2108.153532550909,4
1831,1836,0.0018359105215024797,5,2111.9574059191887,2117.9467281476,5
1837,1841,-0.017838079635320466,4,2117.925984597786,2082.264178207414,4
1842,1845,0.008533347606947121,3,2082.917132998006,2102.7743060633416,3
1848,1850,0.001490012774607048,2,2138.42444005828,2143.7491442315572,2
1852,1854,0.0006730019527472701,2,2150.5302137628237,2154.128055009891,2
1857,1859,-0.004720684753440566,2,2184.295203141051,2176.1681292817107,2
1860,1864,-0.00512033917904759,4,2186.023190403639,2177.0160334059124,4
1866,1868,0.008948888850142465,2,2186.5026906633766,2208.255962903324,2
1869,1871,-0.006528913540172537,2,2212.7119071978213,2200.4780143736143,2
1872,1873,-0.005365306658377739,1,2188.849208907408,2179.2942108815796,1
1874,1882,0.03587287079284407,8,2173.001645253284,2253.126454151346,8
1886,1887,-0.00254072939981598,1,2289.7339819625477,2286.2061214987802,1
1889,1890,0.002623208447753825,1,2283.33825037569,2291.611260813531,1
1896,1899,0.0015116767830007415,3,2314.976130555554,2320.790602355871,3
1902,1903,-0.0028133630526213467,1,2335.0195775088914,2330.7853392798893,1
1911,1915,-0.015499922388154536,4,2342.1079436082837,2308.1475602012833,4
1916,1917,-0.0010311892027424483,1,2315.4831587873878,2315.4109407137016,1
1918,1919,-0.0030024376530031656,1,2317.8219120298672,2313.180618160263,1
1920,1922,-0.004259867946108042,2,2321.7557549584785,2314.1871377941975,2
1923,1925,-0.00899660931966522,2,2311.920432145735,2293.432907671714,2
1927,1928,0.0015629750754130398,1,2297.287289156106,2303.1751792192763,1
1932,1933,0.0003104740305312401,1,2303.0015232364804,2306.0195469249556,1
1935,1936,-0.0001762310517992487,1,2320.917176094729,2322.8290755957414,1
1942,1943,-0.003168258462260694,1,2293.9277121036794,2288.9538839300963,1
1949,1950,-0.003921126736216678,1,2294.8020118723703,2288.098604361166,1
1953,1955,-0.008083376244223145,2,2270.0583712351086,2253.978693695302,2
1959,1960,0.00581099633087196,1,2332.0200393860264,2347.9034193178045,1
1962,1965,0.00441210392334593,3,2372.4566385145527,2385.2966203958254,3
1966,1967,0.000986263081413113,1,2385.986651249315,2390.725848447436,1
1970,1972,-0.00112435479341433,2,2428.3345694783934,2428.032594434665,2
1976,1977,-0.00399574423785416,1,2434.7199071196924,2427.4261089871497,1
1978,1979,-0.003788193012959173,1,2428.187579432254,2421.417323789127,1
1992,1995,-0.003398963671084929,3,2398.76217584871,2393.007632533276,3
1996,1998,-0.0018265930235356865,2,2383.7376378379695,2381.767256936593,2
673,678,0.006049703359381371,5,1980.8951995461096,1994.8599230889322,5
679,680,-0.002969895580299329,1,1992.0234271071834,1988.0993489622722,1
681,684,0.001398985173117206,3,1988.3112016508735,1993.0811307431768,3
685,686,0.0009130892570679381,1,1993.709020931717,1997.523164241381,1
687,688,-0.001213997269353487,1,2000.1701061378662,1999.7420751969103,1
689,692,0.0032758508045955988,3,2007.0495767535672,2015.6314213011922,3
693,698,1.818446354283484e-05,5,2015.4301581750062,2017.4822378494157,5
699,703,0.003538324222644664,4,2021.2521859680785,2030.425283723731,4
704,705,-0.005507235008817927,1,2031.2807113828776,2022.125251847796,1
706,709,-0.003903463342441308,3,2018.8451819332197,2012.9835389534123,3
712,716,0.0010122535888894848,4,1994.5878016698869,1998.6014181321523,4
719,721,0.0050201206069155156,2,2001.15900965048,2013.2062282421914,2
722,728,0.0032739994826902095,6,2026.766551781549,2035.4289509753971,6
733,736,0.00876075182606113,3,2047.4989594995538,2067.4840887073474,3
739,741,-0.003265520049251842,2,2067.2842033169113,2062.6007295067952,2
743,746,-0.0013927285113976202,3,2066.4778618750483,2065.666297100518,3
748,751,-0.004652022220113607,3,2069.3969581181686,2061.8394744448856,3
753,754,-0.0012071928316151105,1,2055.615023883235,2055.189115185726,1
756,758,-0.002509469557775901,2,2052.6462014539425,2049.5477944999634,2
764,765,-0.000672505583256015,1,2076.1307345972746,2076.8106558212858,1
766,767,-8.628153454484774e-05,1,2080.307473735517,2082.2082890880934,1
775,777,-0.0020635284196901544,2,2083.7441722288113,2081.528051082282,2
778,780,-0.005659909553957097,2,2084.126284399365,2074.4144444150393,2
785,786,-0.0034603321454165495,1,2078.0243940260993,2072.911763810517,1
788,791,-0.0011502450916208897,3,2076.610783156253,2076.298782578877,3
793,794,-0.0020734129583829565,1,2076.8175527219005,2074.5882698486116,1
796,797,0.0007128053468055545,1,2068.9090623122847,2072.4527008162677,1
799,805,-0.0029620423019827927,6,2077.9621848097318,2073.8851351012145,6
810,812,-0.006014588743156335,2,2091.265867813822,2080.7790295341356,2
814,819,-0.005426596347060053,5,2087.6331810184315,2078.392071605334,5
820,821,-0.0004777875357600804,1,2079.8483935091012,2080.934516263921,1
827,830,-0.0036405581154549177,3,2067.3301059132464,2061.871200624753,3
832,834,-0.0009555381381033753,2,2061.2270690439786,2061.31871503726,2
835,838,0.0007112336787366343,3,2068.6681129962335,2072.208087541321,3
839,842,-0.0029294749424617584,3,2078.427636636435,2074.417362591825,3
846,850,-0.004063918983638467,4,2081.014997348629,2074.6389359930163,4
854,861,-0.004533114795249396,7,2077.6816351583316,2070.3409474333357,7
862,863,-0.0010733856563941838,1,2066.3075181187205,2066.155880785191,1
867,868,0.001991210507990914,1,2066.114690713538,2072.2948746871148,1
869,873,0.011545594306806833,4,2072.1746604621217,2098.1713230851246,4
874,882,0.032210374695309275,8,2102.0674104730642,2171.877856809673,8
883,884,-0.0034349776199630875,1,2184.1808848958553,2178.8624533231828,1
886,887,-0.0023196401500794753,1,2174.634617886069,2171.764882732554,1
888,894,-0.007912961920074613,6,2177.8357445404586,2162.780448970273,6
895,896,0.0012208975798356277,1,2164.527142525887,2169.3343356182113,1
898,899,-0.0023077736753463816,1,2167.7087211755816,2164.8738487742094,1
905,908,-0.002869290241708672,3,2165.537960497473,2161.489941519865,3
909,914,-0.008866896549416754,5,2167.068361160944,2150.0202585481766,5
916,917,-0.0015515607808436983,1,2146.2138019242043,2145.0300345637575,1
921,922,-0.0019619819696948143,1,2157.7903066998483,2155.714551330421,1
925,926,-0.0014572477952753014,1,2154.3410570636593,2153.355989365046,1
927,934,-0.006214527673103191,7,2159.0928054151022,2147.834156232467,7
935,936,-0.005009467229255452,1,2146.528260541061,2137.921825823751,1
940,942,-0.004701836434406269,2,2140.760866766339,2132.836120192392,2
944,945,-0.005833781974998891,1,2132.5994328321485,2122.2909121338316,1
948,951,0.0030688284519750815,3,2103.8690798124485,2112.42936218362,3
953,954,-0.0014695249092619384,1,2120.699607694038,2119.703886403164,1
955,956,0.0009126017344294806,1,2119.3176431159027,2123.371053715933,1
958,959,-0.004038162723220537,1,2137.704202789347,2131.2095095671607,1
961,963,-0.0016097079876393311,2,2137.8430435955543,2136.539583615555,2
964,965,-0.0003132509041447303,1,2137.119866434512,2138.5875315705202,1
968,972,-0.003645891367239616,4,2155.412311313603,2149.7093244862563,4
973,978,-0.010503725481211076,5,2150.95401724669,2130.5119407440693,5
980,981,-0.0019156476733909115,1,2128.1298943920337,2126.18127720556,1
982,986,0.0005938152280438932,4,2120.491465442951,2123.871137031511,4
989,991,0.00035068895708124286,2,2129.8142707449283,2132.6909873610575,2
992,993,-0.0005936992247935005,1,2137.5935521476276,2138.4620580649416,1
1000,1008,-0.00473821661987419,8,2149.5739374173563,2141.5383643988544,8
1010,1015,-0.00456332625618102,5,2141.4496244254287,2133.8189407524246,5
1016,1022,0.004115729878829175,6,2135.628848520062,2146.5541488305257,6
1023,1024,-0.002567616999517949,1,2151.589270456634,2148.216402540286,1
1029,1033,0.0010146794019170588,4,2143.818312831053,2148.1374194273662,4
1044,1045,-0.005696440940640774,1,2146.0170387483995,2135.938396468309,1
1046,1047,-0.001963668804873926,1,2137.1039813947136,2135.0445209550717,1
1050,1051,-0.0013879119968784766,1,2141.4823670395517,2140.6516603382734,1
1052,1053,-0.00013885840384682572,1,2141.7057465282314,2143.550058433287,1
1061,1063,-0.0034553733345698335,2,2146.7372075375933,2141.4661662418766,2
1065,1068,-0.0010523450163279608,3,2140.3313808171797,2140.2193451361036,3
1072,1074,-0.002582952770904576,2,2155.8900153015525,2152.4773432280654,2
1078,1085,0.01582582460905843,7,2151.9270590722344,2188.135006339671,7
1088,1089,-0.001098727370480875,1,2183.413539903437,2183.19797722597,1
1090,1094,-0.01224487196570568,4,2181.0908549417477,2156.564767532356,4
1097,1099,-0.002184735195524634,2,2143.0096159805016,2140.470717064102,2
1101,1105,0.0008933424571833585,4,2145.8527793794024,2149.9156135534663,4
1112,1114,-0.0028251460184306803,2,2146.509333830912,2142.5916408667463,2
1116,1121,-0.003860380100691317,5,2132.501376893177,2126.401612390015,5
1124,1126,-0.004418436667862347,2,2128.6957933455074,2121.4189815908107,2
1130,1131,0.0018321379295115122,1,2133.0200470425325,2139.06105402217,1
1132,1134,0.0020101606293045013,2,2135.7512286019946,2142.180182864321,2
1140,1145,-0.004176746775298647,5,2150.116579752967,2143.2862038417206,5
1148,1149,-0.0027435176868248123,1,2148.199552098499,2144.4541281845864,1
1150,1153,0.004520949663885703,3,2142.128388523589,2153.9549715302082,3
1154,1155,-0.0012876573866310859,1,2156.9320318564737,2156.311574425049,1
1158,1159,-0.0018159468992033395,1,2162.4961218767958,2160.731639871611,1
1168,1169,-0.002337004616952349,1,2166.5506864677172,2163.6539981970486,1
1171,1174,-0.003599126922622027,3,2165.8083067142147,2160.1790960349954,3
1175,1176,0.002174119047766066,1,2168.0614345811955,2174.9431196774267,1
1177,1181,-0.01070275951202163,4,2178.4317018022452,2157.294902886294,4
1186,1187,0.003211863671029753,1,2206.62640777074,2215.9204173731646,1
1189,1195,0.0024118460805711028,6,2207.066492777087,2214.5966639400285,6
1199,1201,-0.004177729315023257,2,2232.3361957005873,2225.242435530522,2
1203,1204,-0.0010462229217699185,1,2226.285434668272,2226.182529250788,1
1206,1210,0.009210090376339557,4,2226.963269761181,2249.7007660102313,4
1212,1213,-0.00033841230274020125,1,2255.8169805592074,2257.309401320815,1
1214,1215,0.00383185571939367,1,2267.748764296833,2278.7061991337487,1
1218,1220,-0.002119753675818863,2,2286.2114421766787,2283.651448510602,2
1226,1228,-0.007335140007589357,2,2290.3160237396164,2275.8065510676006,2
1229,1233,0.006520059708825437,4,2277.4110772867725,2294.5373445695095,4
1234,1235,0.0002132707836303596,1,2292.489994583198,2295.2714057153908,1
1240,1241,0.0003744182028162669,1,2274.497909710414,2277.6240210397877,1
1242,1245,0.003812788364223156,3,2285.5737462870457,2296.57372901875,3
1247,1249,-0.0037723861918461323,2,2298.7407331071945,2292.367736040094,2
1250,1254,-0.006310027444437616,4,2300.2794354333732,2288.0648885013466,4
1255,1264,0.02428215785114744,9,2292.1995320459732,2350.151282441486,9
1267,1270,0.002632592697853489,3,2369.838834201565,2378.4474934457753,3
1274,1279,-0.004671162219801681,5,2384.3751123551842,2375.6216845248705,5
1280,1285,-0.01845095145379656,5,2381.055225609858,2339.503546458932,5
1289,1290,0.0008283945224898802,1,2351.0338098541974,2355.3324271943234,1
1292,1294,0.003913399425717157,2,2373.889548469756,2385.553416013923,2
1295,1296,-0.0035852456663198126,1,2386.436537502386,2380.2670127858605,1
1297,1298,-0.0020252833060355946,1,2384.6217260431745,2382.1768131962526,1
1301,1303,-0.013654522493575221,2,2371.90155686958,2341.886275265628,2
1306,1308,0.0016263013602308622,2,2334.576177985347,2340.7074785771524,2
1316,1317,-0.003842312923922016,1,2365.981315878746,2359.256456606866,1
1318,1321,-0.0002552068070058107,3,2339.1929643337444,2340.93517933068,3
1335,1336,0.00027934929113557086,1,2418.167157856733,2421.2608382959843,1
1337,1339,-0.00198433321657524,2,2429.3197111971676,2426.9284511117553,2
1344,1345,-0.0020596744730226003,1,2435.4879556781857,2432.9071312621995,1
1346,1347,-0.003234369430651168,1,2425.160273467174,2419.7415694877095,1
1348,1354,0.001482024941981169,6,2414.9113273573385,2420.905197504512,6
1356,1357,0.0036043936280283403,1,2438.377145413685,2449.6043936047577,1
1359,1360,-0.0018801630481206947,1,2465.9191540948373,2463.74874317575,1
1364,1366,-0.0017098255815298053,2,2459.63337233236,2457.887461643494,2
1367,1370,-0.002073701362973511,3,2469.1269513090815,2466.4758463361063,3
1371,1372,0.0014643042870396616,1,2466.4212601616496,2472.4992726467117,1
1374,1375,-0.001108908156927252,1,2470.7333589962273,2470.4642759798403,1
1376,1380,-0.010654847736594412,4,2470.4792762566008,2446.6271750079313,4
1382,1384,-0.003511789919126265,2,2449.8357960399194,2443.6823231839116,2
1386,1388,-0.005977885784127853,2,2433.291515233138,2421.17886799082,2
1389,1390,-0.00039613262141011574,1,2427.8869995398873,2429.353121297812,1
1391,1392,-0.0012020275658653331,1,2435.782818595951,2435.2907233221335,1
1393,1404,0.008135380488088113,11,2440.3698625756756,2462.6635698019677,11
1408,1409,-0.003954764853365311,1,2470.4492251131546,2463.1496285707667,1
1416,1418,0.002617993920057937,2,2454.8583537516347,2463.7400163501115,2
1419,1421,-0.00014605214952315843,2,2466.557337023077,2468.6636483591055,2
1422,1423,-0.00014871273167231145,1,2473.8800640056584,2475.986046607516,1
1424,1425,0.0004467912297952605,1,2481.6197451269063,2485.2101308098427,1
1428,1430,0.0009373887807607806,2,2496.2666847758765,2501.102923844748,2
1432,1435,0.0057835172520102245,3,2513.111324348175,2530.159058373113,3
1438,1440,0.001348535128580056,2,2516.138571563698,2522.0478113873905,2
1441,1442,-1.2558634818431082e-05,1,2527.1446623984643,2529.6400695739144,1
1445,1446,-0.0048328910803137545,1,2513.8126039213957,2504.177434014245,1
1449,1450,-0.007075769720443913,1,2508.138464437477,2492.899592700567,1
1453,1454,-0.00247490140898448,1,2496.1010247795316,2492.4195218611167,1
1456,1459,-0.021134076031142802,3,2485.4899380264105,2435.4468946395464,3
1464,1467,-0.0016981696588561253,3,2416.8803211439013,2415.192928634592,3
1472,1474,-0.004858113375611591,2,2439.3690067867915,2429.957644593655,2
1476,1479,-0.007707116141768957,3,2403.511908213813,2387.3912746972983,3
1481,1484,-0.011926129891457169,3,2390.3454477638747,2364.2282229161533,3
1485,1487,0.002966084604893956,2,2371.8442214957845,2381.2511563478656,2
1488,1489,-0.001658356866489772,1,2382.0890670092904,2380.5208023154346,1
1491,1492,0.0021999446213902246,1,2386.4845714808016,2394.1211899493424,1
1495,1497,0.010668373399052487,2,2368.242475856692,2395.8760133644846,2
1499,1501,4.014088827345558e-05,2,2411.6282829532574,2414.136716137674,2
1502,1503,0.0018508515586410307,1,2412.858175016168,2419.7368755051925,1
1504,1506,-0.0016431333460590171,2,2420.6539781850693,2419.097174892428,2
1507,1508,0.002111181393455682,1,2417.782337063629,2425.304496484127,1
1510,1511,-0.00195286401213825,1,2429.2127147098404,2426.8980053361647,1
1513,1518,8.925040921434115e-06,5,2420.293848548178,2422.7357436183665,5
1530,1531,-0.0014232968463073748,1,2430.7052032847632,2429.67629343791,1
1532,1539,0.009936675894615051,7,2430.5487758258896,2457.1309000331507,7
1540,1542,0.0022660201191550084,2,2473.0943841968397,2481.171560212196,2
1547,1550,-0.005783890443616945,3,2485.2592112432417,2473.370003452664,3
1556,1558,-7.160397961443184e-05,2,2475.4455267773096,2477.743720553051,2
1561,1564,-0.0053640607591575835,3,2471.400540879747,2460.615198759133,3
1566,1568,-0.002782877055481068,2,2470.8566690575362,2466.451435394891,2
1569,1573,-0.009904211938423488,4,2466.5517325558867,2444.5890331721234,4
1579,1582,-0.007559931490400129,3,2423.5984411542363,2407.699801420024,3
1584,1593,-0.0036153841859713656,9,2405.314212622448,2399.023391868463,9
1595,1598,-0.015702179577957612,3,2385.786660577912,2350.7103966593995,3
1600,1601,-0.0013251517658814656,1,2354.9134300791134,2354.147725818825,1
1606,1607,-0.0034767880855613993,1,2350.318472300195,2344.497231510727,1
1608,1610,0.0025436269154720443,2,2359.5607607809125,2367.9221638015074,2
1615,1617,0.0007856685201619686,2,2377.11808426675,2381.362829198533,2
1620,1621,-0.0029817130378057364,1,2389.0176648349393,2384.2833173809877,1
1629,1632,-0.018840083049233368,3,2354.8127334501355,2312.802678719993,3
1637,1639,-0.003661120764995284,2,2290.3562437736864,2284.2613292141436,2
1643,1645,-0.04040327025120374,2,2243.1583533881826,2154.770578573383,2
1647,1648,-0.0009763728093563567,1,2146.6893467106725,2146.74006694912,1
1654,1655,-0.00020205816249250098,1,2176.220845881707,2177.957343542292,1
1656,1657,0.0008994697056723437,1,2189.8804760579537,2194.040087681269,1
1663,1664,-0.006752282964653571,1,2203.7115588008633,2191.035186342163,1
1665,1667,-0.018074970968632146,2,2182.667144345754,2145.398166221863,2
1681,1683,0.004419696035242148,2,2088.7389311683214,2100.0592612722303,2
1687,1694,0.009170549762941797,7,2120.0468962781433,2141.6089387365105,7
1703,1705,-0.0020758488408107074,2,2149.4037681957843,2147.0913346433367,2
1713,1715,0.0046903457307717,2,2206.190563631721,2218.7445506867516,2
1719,1720,-0.0012296167340078454,1,2221.903320305392,2221.393134121702,1
1724,1725,-0.0025878577318089978,1,2238.6161205573576,2235.0615166417783,1
1727,1733,0.011732903983834173,6,2228.304004071497,2256.6767850021324,6
1734,1735,-0.006796280019037305,1,2254.88860867693,2241.818642889301,1
1738,1739,-0.003882714317873692,1,2254.1726950352263,2247.6745591322883,1
1740,1741,-0.0017698824822241625,1,2255.610328415576,2253.873773537005,1
1745,1746,-0.003480929437970261,1,2262.196276352767,2256.583927016297,1
1749,1758,0.0049956613113501655,9,2247.3679311112783,2260.842388068211,9
1760,1763,-0.008456132456858272,3,2260.011561735343,2243.1606161770133,3
1772,1774,0.0023442550011117252,2,2230.330727164507,2237.78952185296,2
1780,1784,-0.015068358890240982,4,2216.8969036805042,2185.708802416863,4
1785,1788,-0.013155856172236403,3,2164.7161000227375,2138.4021224571366,3
1790,1792,0.00015067328248150047,2,2112.9113001575183,2115.342570738863,2
1793,1797,0.004081340636817023,4,2122.012680109987,2132.7953493732707,4
1800,1801,-0.000272077347101546,1,2160.7212524144957,2162.2940903607273,1
1802,1807,0.006772215384134145,5,2166.3411889989284,2183.1784593153493,5
1814,1816,-0.004459304559374772,2,2203.891473628575,2196.2675418054846,2
1817,1819,-0.008219582226765347,2,2198.414782146905,2182.543145858659,2
1820,1821,-0.009138940947335649,1,2182.064851936521,2164.305154963353,1
1823,1825,-0.018197231008824942,2,2152.543029263942,2115.5252495332543,2
1828,1829,-0.0011155316465885651,1,2110.781224011751,2110.5373619813527,1
1831,1832,0.006147362692084151,1,2105.3593362968404,2120.4071030705195,1
1833,1838,-0.011614261654723023,5,2129.897444132252,2107.2901553625065,5
1840,1843,-0.0033217131921622007,3,2085.4612840009445,2080.619441026136,3
1845,1847,0.011449013338827928,2,2101.9506021430093,2128.117813226645,2
1848,1850,0.004920334406811381,2,2135.5539607709093,2148.1971543624636,2
1853,1858,0.014243424526224149,5,2147.9858493736074,2180.7285095519314,5
1861,1862,-0.005757679555284825,1,2185.5275555656694,2175.129515797043,1
1864,1866,0.003742842768444562,2,2177.4009785928097,2187.7280490781327,2
1869,1870,-0.005359645641741686,1,2217.546398621717,2207.8786821296057,1
1873,1877,0.00029453525079150373,4,2180.390536366948,2183.213128776767,4
1878,1879,0.00532244531672715,1,2197.9989168802927,2211.895644838494,1
1881,1882,0.002767839605654267,1,2247.2638384826414,2255.731168177631,1
1883,1886,0.009357462539049354,3,2258.47615340862,2281.868235562886,3
1888,1890,-0.0009514931515753747,2,2286.834996209984,2286.9459233685175,2
1893,1897,-0.002640725587977363,4,2315.20545934812,2311.4068425095425,4
1898,1900,0.0016729157716134468,2,2321.5651318057635,2327.770479861395,2
1902,1903,-0.00601606902224456,1,2338.5541909242174,2326.8238416902823,1
1904,1905,-0.0033623537331101605,1,2328.407194988798,2322.9066735595156,1
1910,1912,-0.007373149425404107,2,2341.07812327231,2326.158082576151,2
1913,1915,-0.002308136453806904,2,2312.644808630269,2309.6195536513924,2
1918,1919,0.0012117829884055456,1,2312.23022288387,2317.3443743561215,1
1920,1924,-0.005773308614510293,4,2322.309061489252,2311.22396364049,4
1925,1928,0.001747770091990865,3,2298.7685446908645,2305.0850321463754,3
1932,1937,0.004980432579488295,5,2303.5410395067815,2317.3172113876362,5
1938,1941,-0.006199273066739725,3,2304.4619798471967,2292.4804527420515,3
1942,1943,0.00027228013090168485,1,2288.155521801659,2291.06669660846,1
1946,1947,-0.002065207445452095,1,2299.8397454178225,2297.389938997657,1
1951,1953,-0.007089872872987699,2,2283.8202745669987,2269.912099430134,2
1954,1959,0.026487220537680583,5,2266.067441476901,2328.355336994034,5
1962,1965,0.0053391196537959235,3,2370.645728498671,2385.673535428384,3
1966,1969,0.013928807695597928,3,2391.7537231883716,2427.459754577081,3
1974,1985,-0.01673263826608901,11,2448.5972954875115,2410.0743999782826,11
1987,1988,0.0008927613559884602,1,2426.3021861878697,2430.8945972038364,1
1992,1993,-0.002859735947551373,1,2398.5123111444123,2394.0517115787325,1
1995,1996,-0.0016067668929450802,1,2386.5618869954938,2385.1138002545003,1
1997,1998,-0.0011001382456482587,1,2379.0933500013202,2378.8551117670177,1
677,678,-0.0007930331937173472,1,1992.7410163870622,1993.1534476309723,1
680,681,-0.00244814246082586,1,1990.626501397703,1987.7437906373837,1
682,687,0.0025557950006295832,5,1990.9548354274316,1998.0342626777237,5
688,690,0.002643744897344972,2,2003.3414726038573,2010.6411378722971,2
691,696,-0.0010394554455019605,5,2015.2343080769344,2015.1547961095184,5
698,699,-0.0032603262028441053,1,2020.8963562934566,2016.3284713060943,1
700,703,-0.0009485737545559344,3,2025.891624441163,2025.9958084410846,3
704,706,-0.00742212729697347,2,2028.5044461024088,2015.4771323270625,2
709,712,-0.005978740886544742,3,2008.4751590145736,1998.4754816207783,3
717,720,0.0024134503453982414,3,1998.9056663842036,2005.7288316215413,3
722,725,0.0006962828355585539,3,2024.759380506758,2028.1939450900477,3
726,727,8.889187597226262e-05,1,2031.168337662164,2033.3800603637765,1
730,732,-0.0037934721544666964,2,2048.4287625164147,2042.7065338079165,2
735,736,0.0032837548095657103,1,2059.3596804763474,2068.1814724122137,1
738,740,-0.0010052718852526245,2,2067.9492472380166,2067.938345246877,2
741,745,-0.0006902194640259824,4,2064.5584177932665,2065.19797780648,4
750,756,-0.009185061126078916,6,2067.943858436058,2051.017611549459,6
760,762,-0.001978509685585581,2,2068.1059095867486,2066.082247923401,2
765,766,0.0006587835410973332,1,2076.5353464312584,2079.9798690864254,1
767,768,-0.0030939819182692055,1,2086.4230699505924,2082.054137768256,1
770,771,-0.0031916423426859367,1,2094.1935261452227,2089.603802939544,1
779,780,-0.002404529739176495,1,2080.0661369092386,2077.1446221604956,1
782,783,-0.002945060926286381,1,2079.9780315674916,2075.9323475707556,1
786,787,-0.003128843060023179,1,2077.5178169958917,2073.0951076091055,1
788,794,-0.0009003908543822888,6,2077.6106271960984,2077.8175762155997,6
796,797,-0.0005478618352705415,1,2069.889943382687,2070.82581962288,1
799,800,-0.0007050332510723926,1,2074.833372328875,2075.4453791832775,1
801,804,-0.005274454425785142,3,2077.670167434839,2068.7892609923256,3
810,811,-0.003245568190312804,1,2089.463158392356,2084.7711263890396,1
815,817,-0.0033504073514620605,2,2085.301226800979,2080.399919467493,2
818,822,-0.0029211583806026927,4,2077.3187839796997,2073.3279255886737,4
826,830,-0.0032293066054425606,4,2065.5285546666505,2060.923858216002,4
841,842,-0.0015466983757619214,1,2079.3288969381993,2078.1921312075683,1
846,853,-0.0033565236420647656,7,2077.9312379389667,2073.0345438501786,7
854,858,-0.006879869216400863,4,2080.3299920713234,2068.097923790988,4
861,862,-0.000764308944906366,1,2065.7014406143217,2066.1883079663685,1
864,865,-0.0021404394671799224,1,2071.222288058245,2068.8601844156406,1
866,867,-0.0007765663887188455,1,2067.3543515548813,2067.816268003447,1
868,869,-0.0010311145578945696,1,2071.1824081352015,2071.1179642102534,1
870,871,0.0022875582472854537,1,2081.911166148949,2088.755570373338,1
876,878,0.005446973929058467,2,2122.45394124701,2136.1373464718567,2
885,886,-0.0026842424540416583,1,2173.3348950504396,2169.6744721533455,1
891,894,-0.004660006802355067,3,2169.71093041111,2161.769773646661,3
896,899,-0.0023347472413132366,3,2169.5323342562774,2166.636556958189,3
901,904,-0.00017657205091955064,3,2165.561847837766,2167.345031988738,3
905,911,-0.003824408631067504,6,2168.54331518315,2162.418462726903,6
912,913,-0.0027917516050322017,1,2163.5467062526895,2159.670167969199,1
916,918,0.0022703398085123978,2,2142.3245987653795,2149.3307281834773,2
922,929,-0.006029496131800525,7,2161.046477872423,2150.1775029713226,7
933,934,-0.0027571517934792834,1,2149.9879271498703,2146.21007200772,1
937,938,-0.0005359672123344641,1,2138.4786202985324,2139.4709444940727,1
944,945,-0.00397927043838563,1,2129.0043842754676,2122.6615044502023,1
949,951,-0.0015690683344665689,2,2113.709687552638,2112.5068423011967,2
952,956,0.00023929473095277414,4,2119.5597226516256,2122.1864818478475,4
960,964,-0.0034506228786388114,4,2138.866604854259,2133.6250494180467,4
965,966,0.00026288808122184367,1,2142.4917181626656,2145.1974454176498,1
967,969,0.00013925703969929815,2,2147.7571461054335,2150.2039935536986,2
976,980,-0.007685026682043811,4,2140.0250185835234,2125.7188942340513,4
981,982,-0.0021130137158633603,1,2128.855625272171,2126.48617976215,1
987,989,-0.0013960489997963212,2,2126.3225947990795,2125.480466862165,2
990,991,-0.0008952066835963117,1,2131.676277026853,2131.8996624534216,1
672,768,0.05424429618628999,96,1977.9575167052124,2087.2283876019737,96
769,865,-0.011283541182041772,96,2090.855855588939,2069.354453292277,96
866,962,0.03236870450552729,96,2069.7625634635424,2138.82785884036,96
963,1059,0.0007487217542195171,96,2139.119301615114,2142.8600260727194,96
1060,1156,0.0036611718452509573,96,2145.986883617771,2155.989697259968,96
1157,1253,0.060597954214885286,96,2157.3740872274257,2290.2639174768406,96
1254,1350,0.053980931746558186,96,2293.059635663439,2419.1341909826383,96
1351,1447,0.035298524686745145,96,2420.0594676255505,2507.904055954548,96
1448,1456,-0.011995110847309896,8,2509.656983652968,2482.063026928978,8
1459,1555,0.013111433051103776,96,2443.7016646778425,2478.1857971158147,96
1556,1609,-0.04785402451274925,53,2479.3697674639716,2363.2013156030453,53
1647,1743,0.052289574013234905,96,2147.0641138306055,2261.480245835742,96
1744,1840,-0.08211230670781243,96,2266.888080009496,2083.015558791482,96
1841,1937,0.10789509817317962,96,2088.263819408267,2315.665513034229,96
1938,2000,0.028531163004841275,62,2300.7626222949093,2368.7068183293463,62
672,768,0.05448443378244334,96,1974.2881025218262,2083.830360013664,96
769,865,-0.012673696654760237,96,2092.483485474863,2068.056468010334,96
866,962,0.031501221968827396,96,2069.50208585909,2136.7634325165477,96
963,1059,0.0009546735962806647,96,2134.9823675420125,2139.1555612043717,96
1060,1156,0.0048512581662937156,96,2143.390301503609,2155.9318315088367,96
1157,1253,0.06210225877208721,96,2156.713024001217,2292.8064873388726,96
1254,1350,0.05301633869417609,96,2293.7886097676937,2417.690672205749,96
1351,1447,0.03431809043794645,96,2420.5631377014447,2506.0528055095438,96
1448,1456,-0.012691538729698547,8,2508.2300421018813,2478.9049734216537,8
1459,1555,0.01627526748539619,96,2434.0225567048005,2476.070947437364,96
1556,1609,-0.046574528140649094,53,2476.791806371897,2363.913188493872,53
1647,1743,0.054289414486301306,96,2144.8465528875063,2263.433862959618,96
1744,1840,-0.08171086455410734,96,2267.64024676358,2084.617041949602,96
1841,1937,0.1093390529471016,96,2081.904242579139,2311.619585031874,96
1938,2000,0.02845324716107655,62,2306.1573949619615,2374.0812187081206,62
672,768,0.055845919654894105,96,1976.5402562984186,2088.8985049026223,96
769,865,-0.009381688012429494,96,2087.798694520376,2070.2994172301487,96
866,962,0.03128269608228292,96,2067.490674325341,2134.23484741754,96
963,1059,1.4700796541139774e-05,96,2140.71383198402,2142.886016014501,96
1060,1156,0.005839773739449619,96,2145.638341641051,2160.3140224245635,96
1157,1253,0.05763971663623056,96,2158.9768283865887,2285.578617827366,96
1254,1350,0.05499605236643335,96,2292.605606369602,2420.982469959453,96
1351,1447,0.03298727572476102,96,2424.6408392322596,2507.0477759687624,96
1448,1456,-0.010908858938968747,8,2507.823359543376,2482.9736916298098,8
1459,1555,0.013212288934749832,96,2442.8092310740653,2477.527141678564,96
1556,1609,-0.04696491442578087,53,2478.5731562181763,2364.6457531945703,53
1647,1743,0.055309038238010436,96,2144.5217920183663,2265.277751607375,96
1744,1840,-0.08203637868053677,96,2265.7322222945254,2082.125487939972,96
1841,1937,0.1106953019256953,96,2083.3575072848407,2316.058753080185,96
1938,2000,0.027893815369408295,62,2307.6211111946304,2374.297089524037,62
672,768,0.054776777501582836,96,1976.3462564617168,2086.580481874468,96
769,865,-0.010208055764793444,96,2088.9896344656913,2069.7541014194558,96
866,962,0.03324180377021966,96,2067.083382210327,2137.864045760655,96
963,1059,-0.0021458122293715317,96,2144.0740007085383,2141.617294497849,96
1060,1156,0.004768604306318376,96,2147.8067542630074,2160.1966015547887,96
1157,1253,0.061139504802972096,96,2157.2930584953674,2291.3461808651587,96
1254,1350,0.05373621017651876,96,2291.1954784054415,2416.606835666931,96
1351,1447,0.03421636301988005,96,2420.489147172699,2505.729971665213,96
1448,1456,-0.010885738332355486,8,2509.247088296205,2484.441328170084,8
1459,1555,0.013343232885135576,96,2446.9950102954936,2482.0928295969265,96
1556,1609,-0.050003663911082186,53,2484.4603098427965,2362.712651818837,53
1647,1743,0.05617313617746628,96,2139.228010115496,2261.5343844524796,96
1744,1840,-0.08099680372510595,96,2265.748809051955,2084.4961462838332,96
1841,1937,0.10851785094678673,96,2086.671656187282,2315.1994516044856,96
1938,2000,0.029260634333494663,62,2305.3335989496895,2375.0944560042253,62
672,768,0.053314186097616394,96,1977.3160320558345,2084.7123429947155,96
769,865,-0.009060920927491448,96,2087.1160059032018,2070.2919288131143,96
866,962,0.03451807438770996,96,2066.3207151252027,2139.7124479938857,96
963,1059,-0.003590444706203703,96,2142.180335428235,2136.6311357185914,96
1060,1156,0.003824083887501325,96,2145.2450324594406,2155.5938744552705,96
1157,1253,0.05957347303623589,96,2157.7987902681143,2288.5041571080424,96
1254,1350,0.05597373001322023,96,2289.8151789107433,2420.2744906941775,96
1351,1447,0.035164669196221805,96,2418.127458838269,2505.5782384614554,96
1448,1456,-0.012778479753877955,8,2510.078152060539,2480.5132473658427,8
1459,1555,0.013680963372491854,96,2441.688023332139,2477.53435576973,96
1556,1609,-0.04828464991948669,53,2476.9673658182733,2359.844831063563,53
1647,1743,0.052579042339486376,96,2146.094217032801,2261.0798899517285,96
1744,1840,-0.08016741191432145,96,2260.357370027797,2081.410727041234,96
1841,1937,0.10843140936118544,96,2085.631699404748,2313.8653156789737,96
1938,2000,0.027923440505710877,62,2305.8637102770604,2372.5572221155367,62
672,768,0.05221167891938725,96,1977.8634464145232,2083.1088810715255,96
769,865,-0.01294721396179099,96,2090.700925090176,2065.7228738080094,96
866,962,0.035072415933780646,96,2068.412674674489,2143.025316998051,96
963,1059,-0.0005020051204803015,96,2137.5195488266204,2138.5840226168093,96
1060,1156,0.003727862230460075,96,2146.515063975817,2156.663491473902,96
1157,1253,0.05897937130883624,96,2162.4119518702228,2292.112061254112,96
1254,1350,0.05882793166575999,96,2289.0773181113564,2426.0280794769637,96
1351,1447,0.03535967164127748,96,2420.1161126778507,2508.110739868582,96
1448,1456,-0.011321212109265129,8,2511.69811883191,2485.7743497930037,8
1459,1555,0.017927896481647335,96,2441.217404934059,2487.4245152638464,96
1556,1609,-0.04687238544083357,53,2475.995432512892,2362.415615682917,53
1647,1743,0.05608575424035769,96,2142.3782286180785,2264.677505666863,96
1744,1840,-0.07848116806772515,96,2264.005334473189,2088.5875566466457,96
1841,1937,0.11054656239565364,96,2081.069611120772,2313.205772347354,96
1938,2000,0.028232191054775604,62,2306.6191484777773,2374.0466801166835,62
672,768,0.05405397045641512,96,1977.7225976937134,2086.6040791581277,96
769,865,-0.01224089857368969,96,2089.662056861265,2066.1723776267995,96
866,962,0.03603539444076126,96,2064.2039020151574,2140.6525077324472,96
963,1059,0.0007396707680784884,96,2136.791860074061,2140.5091744105,96
1060,1156,0.005216287037097503,96,2143.6762970500504,2157.002004227136,96
1157,1253,0.06271007154771135,96,2153.886207756984,2291.11045215881,96
1254,1350,0.0549672034606061,96,2292.293619184313,2420.5868825606503,96
1351,1447,0.03367821301910016,96,2424.238550046506,2508.3068108941334,96
1448,1456,-0.012707778032769432,8,2510.401426845608,2481.010204166952,8
1459,1555,0.0141654605659048,96,2441.0039528024013,2478.022901989844,96
1556,1609,-0.04732692326415482,53,2478.5229919319177,2363.7006474762443,53
1647,1743,0.05380986580500342,96,2145.0416587994646,2262.611104264405,96
1744,1840,-0.07794430257381321,96,2264.1016825543456,2089.8919576340045,96
1841,1937,0.10875542345311644,96,2086.442832295757,2315.4412488650974,96
1938,2000,0.02979145068728257,62,2303.064500100615,2373.9791970850943,62
672,768,0.05158282115060312,96,1978.511178921651,2082.546878387357,96
769,865,-0.011004063392298372,96,2090.0848041863874,2069.175463310027,96
866,962,0.03239598436416864,96,2070.2682302423973,2139.4068756892075,96
963,1059,-0.0016204202568290671,96,2138.6182584286175,2137.291416339464,96
1060,1156,0.0033122615175663573,96,2146.3960859886765,2155.6519072317406,96
1157,1253,0.05872243760966483,96,2161.897812096036,2291.0116192974124,96
1254,1350,0.055092504741942785,96,2291.48218163244,2420.0171567717352,96
1351,1447,0.03297391906970499,96,2423.2666950662924,2505.594561648786,96
1448,1456,-0.012966728683063065,8,2512.114435324823,2482.0526434564845,8
1459,1555,0.013970811383032841,96,2439.4305889787674,2475.9508442083693,96
1556,1609,-0.045360260965181906,53,2475.8981883243155,2366.0666985670277,53
1647,1743,0.05349480433639846,96,2146.127735279111,2263.0805462940643,96
1744,1840,-0.08006890386237993,96,2260.27216778511,2081.554925047696,96
1841,1937,0.11200455993266167,96,2086.951766360637,2322.786832318912,96
1938,2000,0.027136261744543613,62,2306.2801390476766,2371.1702406961645,62
672,768,0.054708478947166704,96,1979.2159754630823,2089.4750869640634,96
769,865,-0.01106511942395174,96,2088.9027347116476,2067.8776792217554,96
866,962,0.035616385707233474,96,2064.390339431687,2139.9808523506044,96
963,1059,0.000610555341241083,96,2136.989736822426,2140.431477057243,96
1060,1156,0.004086177197817525,96,2146.639541662647,2157.557730751385,96
1157,1253,0.05817251532215503,96,2159.3799780400436,2287.155922876973,96
1254,1350,0.054816464410365376,96,2291.278598882046,2419.1696692507776,96
1351,1447,0.0335937844546458,96,2420.72771397443,2504.469846735049,96
1448,1456,-0.011214119984904444,8,2509.8822094458587,2484.2459714106017,8
1459,1555,0.012052832902640052,96,2445.6742524757456,2477.5972298276006,96
1556,1609,-0.045442325315780636,53,2478.571829818585,2368.4183342392575,53
1647,1743,0.0547768789047963,96,2145.4063123501323,2265.0703804356713,96
1744,1840,-0.08005697931918078,96,2267.163725454647,2087.9286096981823,96
1841,1937,0.10872146754309069,96,2083.6968932569202,2312.3231743000483,96
1938,2000,0.029422404211485932,62,2303.8678006315913,2373.9569981122327,62
672,768,0.053719800419873544,96,1978.891452723153,2087.1759980687575,96
769,865,-0.012143800741873479,96,2088.4612235420686,2065.1878278097865,96
866,962,0.034803230152861096,96,2067.3574793965927,2141.3755550396677,96
963,1059,-0.0006050022916353629,96,2140.7091631910084,2141.554738404744,96
1060,1156,0.005610631514476807,96,2142.0242425039505,2156.1843754662204,96
1157,1253,0.060059685636894254,96,2156.818495178525,2288.5131544699652,96
1254,1350,0.052826715744347705,96,2293.8731136255306,2417.344769666254,96
1351,1447,0.03243999767549891,96,2418.6954071311134,2499.5765759233177,96
1448,1456,-0.012238106122025218,8,2510.876110624952,2482.658618434491,8
1459,1555,0.015537644666569598,96,2442.3340917895903,2482.7245451566555,96
1556,1609,-0.04720095992786057,53,2477.4914894004714,2363.0290043770647,53
1647,1743,0.05599647343356425,96,2140.969253314935,2262.9969504835776,96
1744,1840,-0.08093516869767792,96,2266.9974271556207,2085.7846053787343,96
1841,1937,0.10951344980260908,96,2084.7547487735055,2315.148188052837,96
1938,2000,0.02978897122225295,62,2300.458157535889,2371.2868975462584,62
