entry_step,exit_step,profit,holding,entry_price,exit_price,duration
673,674,0.003487056824923152,1,26.968476889717316,27.089485978003104,1
675,676,-0.005409806056413074,1,27.07261233803412,26.953227368182933,1
678,681,-0.016479475251170928,3,26.704701041549303,26.291326282686722,3
686,688,0.004167460301754005,2,26.085414580735307,26.220209925036052,2
691,693,0.006776523392243918,2,26.471979316957828,26.677839283355148,2
694,697,0.010271487364292335,3,26.790424869102342,27.092392804498452,3
699,702,-0.006742792304310554,3,27.130010888989915,26.974208871240762,3
703,709,0.018456188176449638,6,27.125693349864846,27.653455944096486,6
713,714,0.004299099957413935,1,27.276821389020913,27.42136399208186,1
717,718,-0.005041658538865706,1,26.899200270055367,26.79048288759524,1
719,720,-0.0024448887658535734,1,26.679126138294066,26.640577768654055,1
721,722,0.0005735028388446403,1,26.77954512057188,26.821682810842066,1
724,727,-0.012399365481374793,3,26.6349653509471,26.3313436463279,3
731,735,0.009425285336867859,4,25.975491504180283,26.24629341487675,4
736,742,-0.014003743129187368,6,26.52365380754646,26.178747026585633,6
744,746,0.0018829053857347521,2,26.280561479908787,26.35632585213935,2
749,752,-0.0063545816094271994,3,26.398380281821353,26.257028000245647,3
757,758,-0.0018350902603535527,1,26.353742641606193,26.331734887802323,1
761,765,0.004727351147969082,4,26.776256026636034,26.929613047328502,4
769,773,0.00822918102864937,4,26.989243556919828,27.23833217153295,4
778,781,0.007885354946252355,3,27.490749685419324,27.73501475411285,3
782,784,0.0024549461271207345,2,27.829935394561122,27.92608632207058,2
785,788,0.005960188191708395,3,28.00784493620133,28.20278480780148,3
790,791,-0.009825856274223742,1,28.050619423676313,27.803048688239997,1
792,794,-0.004032135939505513,2,27.834669728622554,27.75027122617413,2
798,799,-0.0021364789236175763,1,28.071605987506892,28.039703198949994,1
800,802,0.00033810296945961725,2,28.1265624194615,28.164198656155673,2
807,810,0.001707761814903634,3,28.5503363350464,28.627643845577094,3
812,819,-0.007395254272003269,7,28.63978473491377,28.45662602923856,7
826,827,-0.003090940648746229,1,28.509094036963287,28.44948321338247,1
831,834,-0.005305473752582608,3,28.14428625328231,28.02311176753363,3
838,840,0.0015232677642656226,2,28.62820721095257,28.700443843356684,2
842,844,-0.002575073584352186,2,28.70465698091593,28.6594450339574,2
845,846,-0.004460825439716125,1,28.683570286493044,28.584301456743663,1
847,852,-0.01876942645270698,5,28.627308665992263,28.118617810112973,5
853,864,-0.009486037622591589,11,28.119255645489186,27.880634584162294,11
871,873,-0.002569256038254546,2,27.913818602000223,27.870014673608292,2
874,879,-0.01743308589559081,5,27.871974510954853,27.413951959736615,5
883,885,-0.0037904015180110972,2,27.19017755669775,27.11430604396855,2
887,893,-0.007882911724702719,6,27.185589475737594,26.998473463192084,6
894,896,0.00861299983552697,2,27.025189858259598,27.284983003922132,2
898,915,0.006675474057469283,17,27.351888571077783,27.56182728222788,17
916,919,-0.007578877492223033,3,27.503965198143064,27.323019980554115,3
925,926,-0.00029241008907447176,1,27.067707386457347,27.086860223115888,1
931,936,-0.0022000652884317136,5,27.259349883142523,27.22663688356255,5
938,939,-0.0028626916184329608,1,27.19388862124619,27.143234792838797,1
942,943,-0.0071709786864372444,1,26.878119962673733,26.71225565725257,1
944,946,-0.011490806171166039,2,26.632940646241103,26.353539628153218,2
947,949,0.010235437246975697,2,26.31880441985754,26.614507695332275,2
956,957,0.0025938279051691236,1,26.703734947923973,26.799703575752062,1
965,971,-0.007954002445541078,6,26.4933346169832,26.309099903266162,6
976,989,-0.004079968588956042,13,26.155251097689405,26.074693745872263,13
991,992,-0.0016953795947531995,1,26.338606102118373,26.320290772880718,1
994,995,-0.0024813716821570284,1,26.325647871427105,26.286649802155935,1
999,1001,-0.008369679084241504,2,26.237965992959424,26.04460060376807,2
1002,1003,-0.0022913653029536726,1,25.999240900655074,25.965666383052834,1
1006,1010,0.00018948830319206306,4,26.087173989307953,26.11820437763157,4
1012,1013,0.004212335007504201,1,26.363924643113567,26.50134225046607,1
1015,1020,0.018280425558987116,5,26.810596435856215,27.327516144629787,5
1031,1032,0.004513918114218374,1,27.776098988645874,27.92925412400169,1
1035,1036,-0.0007000769784794832,1,28.255627974157715,28.264102487474684,1
1038,1039,-0.0017533415033536858,1,28.423884364349817,28.402471472571627,1
1042,1043,-0.0044653604027352165,1,28.49359950434858,28.394858912894815,1
1044,1051,-0.02282698333581815,7,28.419313495997987,27.799005613905447,7
1052,1053,-0.0010350610410249,1,27.814344360019202,27.813369160150515,1
1054,1055,-0.000149396260923331,1,27.872628265941202,27.896336827762106,1
1061,1064,0.01145209463671672,3,29.106067393760977,29.468498899450744,3
1067,1070,-0.009261158725157662,3,29.31426175666808,29.072091987385427,3
1072,1073,-0.0052735174302799325,1,28.80767517989693,28.684565077889797,1
1074,1082,0.018589505704465523,8,28.654535368630114,29.215863552692703,8
1085,1088,-0.011730546798770163,3,28.731499339073185,28.423194640816426,3
1094,1095,-0.0036402044932636133,1,28.059001497890048,27.984919996058828,1
1098,1100,0.002193966435446311,2,27.716878685322058,27.805405465538314,2
1103,1111,0.004070646282250662,8,28.009363572030786,28.15138914729551,8
1113,1115,-0.022797726435292858,2,27.868520225026305,27.261049845004756,2
1128,1129,-0.0021469964194037253,1,27.633256651729457,27.60156140529346,1
1134,1135,-0.0026692572545999973,1,27.5457491031148,27.499768161591035,1
1136,1138,0.003999102768694245,2,27.634388671039456,27.772535819956023,2
1139,1142,0.002917879400789511,3,27.893725880272726,28.003010134310315,3
1143,1144,0.0003811661636988885,1,28.109083764347318,28.147907079735212,1
1150,1151,-3.260587428221152e-05,1,28.516728724143817,28.544315639996242,1
1152,1162,-0.018440258846553693,10,28.683574573309034,28.1833256081061,10
1164,1168,-0.008054635326848605,4,28.041682332045838,27.84385848924192,4
1169,1170,-0.003113458918625354,1,27.790597000570287,27.73186271548551,1
1172,1174,-0.010751076222166478,2,27.736723021514116,27.466260121178212,2
1175,1178,-0.013886911054878284,3,27.29185725607069,26.94014951908927,3
1180,1186,-0.0074086786315312155,6,26.848717435785193,26.676652634070457,6
1187,1193,0.011363548866977682,6,26.793829714233144,27.125096537238544,6
1196,1197,-0.00461270659800056,1,26.9834849174014,26.886001503403257,1
1198,1201,0.00011309851699188708,3,26.868787872412973,26.898695480347126,3
1203,1205,-0.0004541590428451647,2,26.92688003801762,26.941577831990767,2
1214,1216,-0.006173155253374191,2,27.601493735073202,27.458706922756633,2
1218,1219,0.004495697845973684,1,27.583290326650793,27.734879755883835,1
1222,1226,-0.00967475825417808,4,28.007580612576724,27.764621621478216,4
1228,1229,-0.0038548166359091553,1,27.65107580682295,27.572137055608845,1
1238,1239,-0.0032891121220014366,1,27.527733991680407,27.46471992210882,1
1240,1241,-0.00016756529985896822,1,27.414517233088933,27.43733802852137,1
1243,1247,-0.01026410328168266,4,27.607095070873065,27.351340090829265,4
1249,1250,-0.005623522879508736,1,26.985017723429948,26.86025187658172,1
1251,1260,-0.012660376224486767,9,26.749283567274947,26.43737685714504,9
1265,1266,-0.0019602142323153415,1,26.925360301684304,26.899506187512408,1
1270,1276,-0.019217237147820414,6,27.07639328764355,26.583136210014896,6
1277,1278,-0.0003862044275363981,1,26.55081005709053,26.567106826748894,1
1281,1287,-0.022033633539268002,6,26.56111539667803,26.002438629030095,6
1291,1294,-0.0027247484702601177,3,26.162650782833314,26.117526790917672,3
1300,1306,-0.029441243188850635,6,25.965659507813026,25.227163871192424,6
1308,1309,0.0003865706269882104,1,25.520676769204552,25.556062989993592,1
1313,1321,-0.017336717951362934,8,26.11483344501576,25.688202776677716,8
1325,1329,-0.0026794741874862113,4,25.35887415490997,25.316284580343087,4
1332,1333,0.003031626240112893,1,25.823641044211413,25.927752313060513,1
1335,1339,0.005007286208135065,4,26.01051772709451,26.166770351502937,4
1345,1349,-0.006915251457446965,4,26.429526020933977,26.273188728619015,4
1350,1352,-0.009975298593185532,2,26.248317624791206,26.01273113653993,2
1362,1367,0.0041046944250342,5,25.820135507280863,25.951939409058507,5
1373,1375,0.0030522903605201468,2,26.609259526445545,26.71708797232514,2
1384,1387,-0.009418101651741857,3,26.715713456549715,26.49081786497367,3
1388,1393,0.01727189351972929,5,26.489498770425293,26.973512071349504,5
1394,1395,0.00038195048058809367,1,27.197551573210976,27.235137242678395,1
1401,1406,0.0022432539751964585,5,27.36286879780051,27.451613530801755,5
1407,1409,-0.004180821028504259,2,27.32209504339579,27.235188348938966,2
1416,1417,-0.003002547839684382,1,27.17616871016366,27.121747132222225,1
1425,1427,0.010574226898605044,2,27.45999756253499,27.777825804958912,2
1438,1442,0.005022053318418098,4,27.827389743914207,27.99496776866446,4
1444,1452,-0.018305025168880995,8,28.092207723204886,27.606071361505393,8
1454,1455,0.0007699307779878044,1,27.83657364889551,27.885842457350414,1
1456,1457,-0.002675280963508506,1,27.9005746125461,27.853833311026754,1
1458,1460,-0.007061230941178306,2,27.648337498283386,27.48075453956665,2
1461,1465,-0.020585185914563382,4,27.413308795984,26.87641404668132,4
1469,1471,-0.0031491672495001606,2,27.075178767622372,27.016989680140636,2
1475,1476,-0.008680648181843532,1,26.801103825179318,26.595253975813055,1
1481,1482,-0.012029764563025524,1,26.38869251547767,26.097631449905876,1
1485,1488,0.00198897808392225,3,25.933535745825637,26.011050515808524,3
1495,1503,0.015770665832633694,8,25.399358183501317,25.825322331960187,8
1504,1505,-0.004086128828371832,1,25.715240755521556,25.63588020969742,1
1517,1526,0.006434096959247733,9,25.70041896417935,25.891478370652347,9
1527,1529,-0.00835027119911734,2,25.788943744084452,25.59938801362665,2
1536,1538,-0.0015346104834541396,2,25.28123334730247,25.267717734920353,2
1539,1542,0.006232051345973983,3,25.413345914680683,25.59713653720865,3
1543,1545,-0.006074400445729662,2,25.764538072675624,25.63379848919562,2
1547,1552,0.004320157484105941,5,25.692403214881217,25.829090846129535,5
1553,1554,-0.00318749073008555,1,25.94575427576437,25.888998178801057,1
1559,1561,-0.0017916340210001485,2,25.752785538257807,25.732398757090202,2
1569,1570,0.0005347821768248158,1,26.22417503353189,26.264423429975288,1
1572,1573,-0.0030937271451577115,1,26.39247493632592,26.33721629512384,1
1579,1588,-0.009513903735557987,9,26.306503897170863,26.08253285537127,9
1589,1590,0.004135300917736536,1,26.187958392169804,26.32244143893476,1
1591,1593,0.00041514333568572464,2,26.384805107043853,26.422143388154453,2
1594,1596,-0.00555877650446524,2,26.42641819439794,26.305946060036145,2
1599,1601,0.0024136739014713666,2,25.988562106370367,26.07727858256965,2
1603,1606,-0.007767309885997657,3,26.250069218322878,26.0724268653936,3
1608,1612,-0.01945825336478762,4,25.81847404205704,25.34191010669656,4
1616,1624,-0.0005780799988488637,8,25.403802228857945,25.414520601123588,8
1625,1631,-0.025378806335625635,6,25.41537367009953,24.795777197448615,6
1636,1637,-0.005771070904344314,1,23.79690433572986,23.683367617840194,1
1644,1651,0.054459652728049625,7,22.6767180997082,23.934361010529894,7
1653,1654,-0.002369761312221258,1,24.291219789094114,24.25794661600035,1
1663,1666,0.022573880072476155,3,27.15040343439019,27.790443788871848,3
1667,1668,-0.010880502247930367,1,27.555479482852494,27.28321750587937,1
1669,1675,-0.00804660813644886,6,26.840741673931163,26.651605485263318,6
1679,1682,0.021753381150259044,3,25.693203210061082,26.27781045567066,3
1685,1686,-0.006122124129080153,1,26.53623331713594,26.40031143616734,1
1688,1694,0.04016872927282299,6,26.579053652115995,27.673279516247796,6
1698,1700,-0.00784460297704817,2,27.985341076762957,27.793792527915237,2
1703,1705,0.01892091797176756,2,27.586214068931522,28.135756776550327,2
1708,1712,0.022205428078011222,4,29.8196465891462,30.511624253382344,4
1714,1715,0.00573738907883054,1,30.681841919034134,30.88855742569784,1
1717,1719,-0.0002817347833748236,2,30.45332132757278,30.475194889013085,2
1721,1726,0.03364740024831495,5,31.38147443822053,32.46876094346382,5
1728,1733,-0.023412735754844934,5,31.863895028162354,31.149737968776034,5
1734,1735,-0.006283400041956425,1,31.147573201870944,30.98300811230934,1
1738,1740,-0.012247300518898638,2,31.321925306054258,30.96963819930657,2
1741,1742,0.006190769443813548,1,31.00663727281602,31.229598852672794,1
1746,1747,-0.003966733076087043,1,30.538642315694986,30.448042315438222,1
1748,1750,-0.006914778308399792,2,30.382855887937755,30.203148030984543,2
1751,1757,-0.0013185363599803944,6,30.312097173567416,30.302441668470376,6
1758,1761,0.02620537837494553,3,30.498921766915977,31.32865647361279,3
1762,1763,-0.007059182514184732,1,31.441014359309193,31.250507514875036,1
1767,1768,-0.004952950215223911,1,30.46252116712084,30.342104337517007,1
1774,1775,-0.009698853729808703,1,34.11451310278568,33.817755943240904,1
1776,1779,0.0029125593634385686,3,33.52072677146821,33.651878604867186,3
1782,1785,-0.04284374273273177,3,34.08409936262626,32.65789307761966,3
1788,1789,-0.011299286745089874,1,32.14243378795531,31.811389645688095,1
1801,1807,-0.017784276982047577,6,34.999423977913125,34.411983951655714,6
1809,1810,-0.00796884286855323,1,33.89109097793031,33.65490929026127,1
1818,1825,-0.06901416828827042,7,32.80651736550432,30.575209372454843,7
1839,1840,-0.012809777423941838,1,30.442222379433943,30.082706508842687,1
1844,1846,0.00784716706058312,2,29.882556833405694,30.146932805908204,2
1849,1854,0.004830725516189911,5,30.191267593877313,30.36730458820305,5
1855,1859,-0.01065011547804488,4,30.8952118398799,30.5970694779064,4
1860,1861,0.0022392981396047182,1,30.76298613743047,30.862636621194135,1
1862,1863,-0.0014664048026141819,1,30.795631374521676,30.781268144149063,1
1865,1866,-0.003965960801183993,1,30.802165896522155,30.710807879881504,1
1867,1869,-0.0034921544294802304,2,30.50848295315906,30.432451102230623,2
1871,1874,-0.017612071927937404,3,30.14683517460765,29.646033780287393,3
1878,1880,0.003940210166593329,2,29.81115106050156,29.9584244120485,2
1882,1885,-0.01006555071064472,3,30.61080820253682,30.333304368482903,3
1890,1894,0.021004967104843723,4,31.28387631709164,31.97227698636124,4
1896,1899,-0.012299713017605265,3,32.002483435198165,31.64086455652976,3
1901,1902,0.0026663831761100133,1,31.709299253423453,31.825557694732442,1
1904,1905,-0.0016113266528441396,1,31.8879453285298,31.868451377646032,1
1906,1907,0.006639758541458029,1,31.849034897771812,32.09235383416926,1
1913,1914,0.004901638849240724,1,31.047765616882508,31.230998316629222,1
1916,1921,0.02881583969567217,5,31.564161399973518,32.50527337640345,5
1922,1924,-0.0017690656343743226,2,33.14050352008782,33.11501629772466,2
1927,1933,-0.002674073973696087,6,32.582184512053125,32.52763952495533,6
1935,1936,-0.007269744232809818,1,32.463382488918,32.25984538378061,1
1939,1946,-0.009653978959103752,7,31.69214532583949,31.417882167020817,7
1947,1952,-0.020970860859606602,5,31.35950290041516,30.733226631364538,5
1956,1958,0.007005804614148288,2,30.662757152352892,30.908237195045707,2
1961,1962,0.007717725105316904,1,32.05767446146753,32.33714445493834,1
1964,1968,0.029381140485084053,4,33.1259874038953,34.13239268092017,4
1970,1972,-0.005574002808178623,2,34.33642788429818,34.17937296673258,2
1974,1976,-0.009188087950922557,2,34.08956070716802,33.81043238588941,2
1981,1985,-0.016533700006073876,4,33.650952895475996,33.12822908827915,4
1996,2000,-0.023158729486947978,4,33.90573429734656,33.154426302995326,4
678,681,-0.016702169054601614,3,26.72335230854858,26.303737712894073,3
682,684,-0.005543220757703683,2,26.291765795442693,26.172316499324154,2
695,696,0.0029176826551602433,1,26.82806181860675,26.93316565106507,1
698,700,-0.008757339537060139,2,27.151898583613896,26.94127208722498,2
702,703,0.005034399790232306,1,26.994130673097356,27.157024049568598,1
704,706,0.003359257069572353,2,27.3659223433613,27.485217433801967,2
710,711,-0.01012293585363509,1,27.669771466939803,27.41734191676217,1
712,714,0.005438638508848692,2,27.264017389627597,27.439560541898373,2
716,723,-0.01154288120739409,7,27.09613409993769,26.810462776942426,7
727,735,-0.004813711435250082,8,26.32717934052384,26.226775075615006,8
741,744,-0.00417280213357623,3,26.29452107967756,26.211093767094592,3
745,749,0.0004791358706665125,4,26.288627069235275,26.327511520523956,4
753,755,-0.00280844672287052,2,26.283325694277835,26.23579370005988,2
762,772,0.00999355989554188,10,26.871535367419895,27.166949200966798,10
773,775,-0.005055497930670015,2,27.276876805141015,27.166255487702625,2
783,784,0.003151431678566145,1,27.82008307152446,27.93557624568793,1
791,793,-0.008710019692482016,2,27.92018848899039,27.704923285922465,2
798,799,0.0024975717446754806,1,27.948484674056143,28.046236504358617,1
803,804,0.0065711864572066785,1,28.209504389992006,28.423083807594026,1
806,808,-0.0006746108909484376,2,28.54792034787102,28.55720953023829,2
809,811,-0.0016266762809787234,2,28.595524534840106,28.577604397871976,2
812,813,-0.003722301075890931,1,28.662094307794998,28.5840674576236,1
814,815,0.0024721228793000974,1,28.52764099905004,28.6266924740553,1
816,818,-0.00403734458606092,2,28.506260119681052,28.419676784837694,2
823,829,-0.00521269785601345,6,28.459304618006584,28.339414166458674,6
835,837,0.007146709557905514,2,28.254326862401157,28.484506657103267,2
842,844,-0.005566310202533756,2,28.782409849402136,28.650980437653303,2
850,852,-0.0059631410586364385,2,28.28804867556451,28.14765109971411,2
855,857,-0.006433650105418892,2,28.198120631799465,28.044901910655874,2
859,860,-0.005751394913303987,1,27.944352425990655,27.81157777201823,1
864,867,-0.009947657201542767,3,27.92526281290595,27.675397133993076,3
875,882,-0.023404686381706636,7,27.807278879326322,27.18426551690636,7
885,886,-0.0004898590159834379,1,27.15487958662426,27.168732403617433,1
889,891,-0.005826294127761636,2,27.209407163665084,27.07808656165121,2
893,897,0.011703663647352307,4,27.07760660673308,27.421591413440343,4
898,907,0.009094246703867884,9,27.36683577130184,27.643083363081598,9
910,912,0.0004419625290412062,2,27.82458445161337,27.864706459778738,2
913,915,-0.011959959515090539,2,27.872693981854933,27.567210384237296,2
916,919,-0.010227819373008134,3,27.50197889919912,27.24819560551703,3
921,922,-0.006201121877105275,1,27.360351602857317,27.218047079570404,1
923,925,-0.0074405520918178585,2,27.241513973105672,27.0660635833019,2
926,939,-0.0018082787221280127,13,27.126856560238636,27.104930499282776,13
940,942,-0.0074349243621511935,2,27.102142181050006,26.92774194606268,2
943,952,-0.008884630406924571,9,26.769325682165686,26.558259442919216,9
953,956,0.000607382471952066,3,26.65473085315906,26.697575200327027,3
963,968,-0.009873128391794765,5,26.66351996204338,26.426931126042987,5
969,974,-0.011265834979010559,5,26.46833302884209,26.1966134897985,5
975,976,-0.0034409991677214415,1,26.20172781372045,26.137769417934294,1
978,985,-0.01882313817141176,7,26.210929059506405,25.74376804927775,7
987,990,0.00727439389583795,3,25.988478453536747,26.203517361014807,3
991,992,-0.00011120712914256415,1,26.310512060219963,26.333896655767695,1
994,996,-0.006083568201166555,2,26.335341955577043,26.201464448644824,2
999,1000,-0.006491752374175717,1,26.296376430080443,26.15196324238833,1
1002,1004,-0.0017486674288462528,2,26.0019488633265,25.982482051126002,2
1012,1013,0.0011485964354854845,1,26.368697009731513,26.42535269813502,1
1017,1020,0.013264680808967682,3,26.954428122494107,27.338924436049748,3
1024,1027,-0.008022566936326754,3,27.71944046939138,27.524778843257554,3
1037,1039,0.002271459007371814,2,28.28883304306307,28.381378800729838,2
1044,1051,-0.021058763704911,7,28.431491564286933,27.86119099322073,7
1058,1061,0.026323447737547048,3,28.329849419906083,29.103918579943464,3
1067,1069,-0.003007301143979465,2,29.35272090287566,29.293801152628408,2
1072,1073,-0.006175566803011676,1,28.79825750064743,28.649210195142498,1
1075,1077,0.004894058771486107,2,28.639298597574598,28.808100306682842,2
1080,1082,-0.000502407385444209,2,29.16520286335459,29.179715252901417,2
1083,1084,-0.008961025537189755,1,29.069096381950693,28.837676563310954,1
1086,1093,-0.012573881848622594,7,28.58268595954291,28.251873329330877,7
1094,1095,-0.005875216389749463,1,28.120349843988873,27.98325705354397,1
1097,1098,-0.00921179066254351,1,27.931278458937825,27.701912647295817,1
1100,1101,-0.002741190735746902,1,27.85536522161183,27.806863717747113,1
1104,1105,-0.004426854971475505,1,28.016259962470656,27.920252302736113,1
1107,1111,0.0020570480379244523,4,28.06675447158844,28.152555888276716,4
1112,1113,-0.0071670775824019765,1,27.99429590788428,27.82165291315564,1
1115,1116,-0.008180343145379174,1,27.277904304846672,27.082039591651057,1
1120,1124,0.010703092234108508,4,27.19305076332605,27.51129354453605,4
1127,1129,0.0016264282347882783,2,27.56032488235648,27.632710097787438,2
1130,1131,-0.00328539753102513,1,27.65172389228253,27.588528710770518,1
1133,1141,0.011382341289870965,8,27.562201676533615,27.903486264392708,8
1142,1143,0.0033336773958624255,1,28.005127250865108,28.126492437800433,1
1144,1145,-0.00032109415099897457,1,28.243294238481628,28.26246877613519,1
1148,1149,0.0029174690954459574,1,28.400267719911202,28.511524891006346,1
1151,1153,0.003326953462652653,2,28.580071931091776,28.703736572296876,2
1158,1170,-0.028372413199482485,12,28.451123763534742,27.672347847889654,12
1171,1174,-0.011357559942072448,3,27.722273966907196,27.4351388525644,3
1177,1184,-0.019020700506323106,7,27.124073920160395,26.635279107533815,7
1188,1190,0.005090182659494272,2,26.804979955167042,26.96822717927809,2
1191,1192,0.00039792051945718187,1,27.04550903329446,27.08331650533127,1
1194,1198,-0.008563412139772868,4,27.051067607512092,26.84646923437562,4
1199,1200,-0.0002909274150102127,1,26.84297946881434,26.86201308965512,1
1201,1204,0.003999799398642757,3,26.87662405220819,27.011001780981967,3
1206,1207,-0.0002003554964235257,1,26.93466444111901,26.95620259749503,1
1208,1209,0.002440471558230394,1,27.1148034522938,27.208091162378423,1
1210,1216,-0.0012625285991740899,6,27.455526165400688,27.448318304576897,6
1217,1220,0.007311970584288586,3,27.503635931858376,27.732245344684966,3
1222,1223,0.0006313983739339021,1,27.98462819650506,28.030282273439983,1
1230,1231,-0.0011602113519704777,1,27.669957964296568,27.665524922922142,1
1234,1236,-0.004977526528589854,2,27.789823618658964,27.679288857990915,2
1239,1248,-0.01762138411346453,9,27.485108772899917,27.028268222585194,9
1253,1258,-0.010781452260096504,5,26.60611950752134,26.345873019732096,5
1264,1267,0.0016366178224924911,3,26.893782734643608,26.96469136151601,3
1271,1273,-0.002520285945611135,2,26.945032543370168,26.904068389090448,2
1277,1283,-0.011690388273659515,6,26.537453624568634,26.253757941527763,6
1285,1286,-0.0018527406556400738,1,25.97910685346412,25.956953412852954,1
1287,1297,-0.0017585768531707484,10,26.032927286329883,26.013179310270196,10
1299,1301,-0.007304312040179695,2,25.959899510812857,25.796240203764984,2
1302,1303,-0.012431807516589278,1,25.718402089928876,25.424394267602562,1
1305,1313,0.03405267094222551,8,25.136216462460528,26.01730798685171,8
1314,1315,0.00022618355606529952,1,26.312251092398025,26.344514742010585,1
1316,1317,-0.0090117630159301,1,26.52828239619439,26.31574408441641,1
1320,1321,0.00021066179122685032,1,25.69465296294803,25.725760497529105,1
1322,1323,-0.00600771278623453,1,25.676680970846185,25.548099527240414,1
1325,1327,-0.0018108967891164577,2,25.355808751909777,25.335247808007402,2
1328,1334,0.022101331530670915,6,25.295879492725284,25.88024799124663,6
1336,1340,0.0020860174135912753,4,26.12761284865408,26.2082431168806,4
1342,1347,-0.002442030141771422,5,26.414458489186433,26.376368043866457,5
1348,1351,-0.010865875252940964,3,26.38436508690894,26.124060232333445,3
1354,1358,0.0015926793768909092,4,25.634850258035613,25.701313205629308,4
1359,1362,0.0030797103313109798,3,25.746088417873956,25.851125000783203,3
1368,1371,0.002647559831471075,3,26.108411075995228,26.203643067499563,3
1374,1376,0.0005644447718892954,2,26.661514172962182,26.703224639420725,2
1378,1379,-0.004755823239839616,1,26.649135614794837,26.549046171931153,1
1384,1395,0.023201761125629432,11,26.64512396786397,27.289982893296997,11
1396,1404,0.008451975423024342,8,27.299135736897906,27.55716649695287,8
1406,1410,-0.012356225751360281,4,27.440899618751658,27.129274567860698,4
1413,1414,-0.000864058164862493,1,26.95653780477059,26.960202325988725,1
1415,1418,-0.0004954801897808962,3,27.057751397757226,27.071402569357378,3
1419,1423,0.00915556947995674,4,26.960850286556347,27.234653074880182,4
1429,1430,-0.00039256135465745654,1,27.872306337374198,27.889237053378345,1
1431,1432,0.0018255519063760267,1,27.941692199000407,28.020642900660665,1
1433,1435,-0.0038667700255628867,2,28.0392789506215,27.958896786187463,2
1436,1442,-0.0006328484248516461,6,27.982490161769014,27.99276397710848,6
1466,1469,-0.0003536223691938742,3,27.037344984073286,27.05482131906738,3
1475,1476,-0.007794246645329842,1,26.771181281472145,26.589291272858986,1
1480,1483,-0.020282631379433657,3,26.411439802661693,25.902157744746866,3
1486,1488,0.003883929806986143,2,25.913437750990713,26.039997162024257,2
1493,1495,-0.017266124862822838,2,25.733390067828775,25.314807531841748,2
1496,1498,0.0036399820963384146,2,25.41377175109739,25.531691197022912,2
1503,1505,-0.008587377292196744,2,25.802979741541474,25.60720279897949,2
1506,1507,0.002385569803988606,1,25.597265088485155,25.683926416233422,1
1509,1511,-0.003578639354168703,2,25.795214921754024,25.72869836540755,2
1512,1514,-3.639031725164387e-05,2,25.7348144480826,25.759612764468503,2
1516,1517,-0.008752531657948637,1,25.86277425077518,25.662272274633665,1
1519,1526,0.002582462017659673,7,25.76202713470721,25.854318618415217,7
1527,1529,-0.01242695994509918,2,25.833287250177708,25.538091311519686,2
1530,1538,-0.009185979588482832,8,25.4974718853107,25.28875010089963,8
1539,1540,0.00284639988745139,1,25.38554848324083,25.483191454069658,1
1541,1542,0.001429781184305346,1,25.62507551461844,25.687338840950265,1
1544,1548,-0.004704191604241892,4,25.749473733665237,25.654092749247347,4
1549,1561,-0.002554598974908478,12,25.716828039178413,25.67684868467081,12
1563,1565,0.0019406023853667602,2,25.863776126793855,25.939831208566897,2
1568,1569,-0.0005498713049403337,1,26.20328421206762,26.215079062196274,1
1570,1571,-0.0022194523417846442,1,26.344181319531405,26.312055845928903,1
1573,1579,-0.0038511535570958876,6,26.380534936183118,26.305319980161727,6
1581,1582,-0.004457509232751218,1,25.988799772849777,25.898943257687026,1
1584,1588,0.005271429535977316,4,25.926735841894253,26.08933353882459,4
1593,1601,-0.015148872705106401,8,26.47383000562057,26.09925515485442,8
1602,1604,0.0016155926739827384,2,26.114493328764414,26.1827982061999,2
1607,1608,-0.0046184664329943,1,25.88799991093795,25.79432505224286,1
1614,1615,-0.0006348401788318805,1,25.320881964434253,25.330128133164205,1
1617,1619,0.003105057045258641,2,25.484228375419605,25.5888425866551,2
1624,1626,-0.009991056429326663,2,25.464529064984617,25.235576047215112,2
1630,1632,-0.012231453673887296,2,24.96670792451904,24.686295501075328,2
1633,1636,-0.026902496947557336,3,24.37220529345666,23.740904320237657,3
1637,1638,-0.0009439918653078534,1,23.73727346393526,23.738602944344652,1
1639,1640,-0.01221925487230175,1,23.61072762808404,23.345832857104067,1
1646,1647,0.010787506264755397,1,21.989751518971715,22.24895585276201,1
1650,1652,0.013275401295223518,2,23.773209024160646,24.11258112305577,2
1654,1655,0.0037325436668107555,1,24.276375682164318,24.391264690152063,1
1661,1663,0.015654239723506,2,26.67620615502232,27.12047808724173,2
1667,1671,-0.020443076052303635,4,27.56331455971265,27.02739893847459,4
1672,1673,-0.009738801828407969,1,27.1393323732457,26.90216712588061,1
1676,1677,-0.009330979849206177,1,26.368943184423422,26.149264050109128,1
1679,1682,0.02152604432758619,3,25.641428611435067,26.21902856895889,3
1685,1686,-0.0036412666444287085,1,26.487546302887644,26.417585630345066,1
1687,1694,0.04547231529246897,7,26.488312387416684,27.719285592250124,7
1696,1697,0.0014735308774293451,1,27.98262821526688,28.05184411018897,1
1700,1701,-0.0020189874095879468,1,27.827588203759024,27.799232241740196,1
1702,1703,-0.001532171861382018,1,27.70019546246111,27.685454197881207,1
1708,1709,0.007093522356456589,1,29.83419593197834,30.075659663740712,1
1710,1711,0.00512382312047998,1,30.118102691261225,30.30254062486696,1
1712,1714,0.0020061005480724787,2,30.54256155919597,30.634375570238607,2
1715,1719,-0.014200283325826665,4,30.891864237224976,30.484082876830634,4
1722,1724,0.004444806330382419,2,32.04548492165822,32.21996638081984,2
1725,1726,-0.00040579720958580385,1,32.41012195830621,32.4293801432115,1
1729,1730,-7.369304909026527e-05,1,31.89089204019193,31.92043279515947,1
1733,1734,-0.004902934025475652,1,31.21253210249169,31.090711648927623,1
1735,1736,-0.0071255239876634865,1,31.003131169439023,30.813220745767946,1
1741,1742,0.0020500511087445565,1,31.02941467241405,31.12405597303934,1
1752,1753,-0.0015559105438380859,1,30.46939994672508,30.452461686030276,1
1758,1760,0.01314654153693226,2,30.545410565092006,30.97752248441373,2
1769,1776,0.09434350498261793,7,30.6465433426836,33.56849220057677,7
1777,1780,-0.00147415176417328,3,33.50549948242172,33.48961279073262,3
1786,1789,-0.005314691378991432,3,31.97487759677425,31.83691586806314,3
1790,1794,0.04400163815629431,4,31.132706675860838,32.533729476513976,4
1796,1801,0.05163430788338621,5,33.201716146401246,34.949265496307724,5
1807,1811,-0.02928264756011208,4,34.4055984826984,33.432517066717516,4
1815,1819,-0.03210089580116339,4,33.47592361644476,32.43479240420201,4
1820,1827,-0.07381667416771992,7,32.24872983317687,29.9004845805916,7
1828,1829,0.00511262387818432,1,30.522085446262135,30.70865547457294,1
1840,1842,-0.0054843176522767325,2,30.081905363531455,29.947008544295652,2
1843,1845,0.0033001568230010573,2,29.83554227591167,29.96383978659737,2
1847,1853,-0.001980300394356184,6,30.232803349465833,30.20316612041986,6
1856,1859,-0.014791028647359265,3,31.091376287401218,30.66259422633584,3
1860,1861,0.0021811804602574207,1,30.730216092431075,30.827974455403805,1
1862,1864,-0.0003853025780925139,2,30.807258264564805,30.82619540679607,2
1866,1870,-0.013055667831757614,4,30.734718329289457,30.36419077420891,4
1875,1882,0.03564763534608065,7,29.46252546350641,30.54225735306761,7
1883,1884,-0.005233513789025925,1,30.519296326334544,30.39009246450564,1
1887,1890,0.017279118158064946,3,30.70826345858428,31.26958343477273,3
1891,1892,0.007635253906232564,1,31.39405442554168,31.665150056652315,1
1893,1898,-0.0024329199091113656,5,31.819270910066976,31.773676443286533,5
1911,1914,-0.009121968335413212,3,31.517024074502928,31.26104380294336,3
1916,1918,-0.004547470880648779,2,31.46681400365916,31.355186397274387,2
1922,1932,-0.020656955781344098,10,33.120793992578314,32.469740009623195,10
1934,1942,-0.028819461079508123,8,32.43881493513516,31.536384585581803,8
1945,1953,-0.025929173989633642,8,31.4710171202911,30.686470658868625,8
1954,1959,0.01507106397957702,5,30.79046604737033,31.285301597178613,5
1960,1963,0.039547535236332865,3,31.697452075359386,32.98270563028699,3
1964,1965,-0.0016443295961709827,1,33.16610259617107,33.144732694678716,1
1970,1973,-0.004337665414013295,3,34.321505777311955,34.206952074522164,3
1981,1982,-0.007247276225373545,1,33.757041014792144,33.54615145502147,1
1986,1987,0.0010992295437869384,1,33.26416602646665,33.33399514653884,1
1994,1998,0.002059860446109364,4,33.650997272840215,33.75396462836751,4
672,680,-0.02272057152792532,8,27.046803432304774,26.459331403751662,8
681,686,-0.009061608398206657,5,26.32942020641923,26.117162731363248,5
687,688,0.004682293166574871,1,26.083778527863096,26.231994204350425,1
693,694,-0.00024682186875546225,1,26.71645872092764,26.73658097338054,1
695,697,0.007961104507520293,2,26.80532601467697,27.045531342452644,2
698,703,-0.002219176618046828,5,27.16191227714237,27.12879710879264,5
706,714,-0.005777804897289182,8,27.545309100356274,27.413702987639248,8
716,717,-0.006990569881274176,1,27.06510477643463,26.90296937492739,1
719,722,0.007488150704885535,3,26.6685424982602,26.89490910606508,3
723,727,-0.017527986629969357,4,26.798580591442107,26.355654009724596,4
728,729,-0.004285731684927263,1,26.24964311026147,26.16339382617605,1
736,737,-0.001663657425208381,1,26.565739590016783,26.548109039681716,1
738,741,-0.01764623918461718,3,26.671141886691338,26.22716767951861,3
758,760,0.0019563153853944214,2,26.39684612364053,26.474883525961737,2
761,767,0.006867678666047094,6,26.695655991771638,26.90568883489423,6
770,776,0.005751190991745467,6,26.98726542561126,27.16946160884449,6
777,780,0.01602830560945198,3,27.260086114604636,27.724279191904103,3
784,785,0.005001822868253231,1,27.899945784473204,28.06739631710548,1
786,787,0.00027989891932466695,1,28.222574876751505,28.25869691983682,1
790,791,-0.004607877116338414,1,27.954473834045693,27.85361752760056,1
793,794,-0.004008815039526275,1,27.76648455907489,27.68294034273877,1
798,810,0.02103378451773169,12,27.9811112676879,28.59764104392681,12
813,814,-0.0039882172587279476,1,28.607037405087336,28.52155336219238,1
815,817,-0.008082412180263059,2,28.606251295547185,28.403650032939936,2
826,829,-0.009191697753143654,3,28.55777869746382,28.323842005873033,3
831,832,-0.009150379670164743,1,28.157263337979046,27.927770951301707,1
834,837,0.016292337160266786,3,28.02656380070742,28.511208591392982,3
839,840,-0.001433976032161102,1,28.661259082639244,28.64882078314582,1
851,858,-0.007944986628237866,7,28.18503881877839,27.98929410106561,7
862,868,-0.007466968859342147,6,27.777694955251583,27.598057466991666,6
869,871,0.009253265463631127,2,27.679915656119586,27.9637251793527,2
872,875,-0.00609070467200197,3,27.944961420660867,27.802701874997794,3
876,877,-0.006545876378146819,1,27.752827477933636,27.59891372759698,1
879,881,-0.009192542530634739,2,27.421473495470913,27.196821907606594,2
882,883,-0.0007063230513603216,1,27.158035256743915,27.166010945669164,1
884,887,0.0007668928681810363,3,27.13730182964806,27.18525053471254,3
888,890,-0.007139553292644581,2,27.251499575838555,27.084187541888213,2
892,895,-0.0005955004947887554,3,27.08241417847488,27.09336900161,3
896,897,0.0006817046198180677,1,27.317240902408535,27.3631804326348,1
902,903,-0.001712160119700544,1,27.447162357860556,27.42761558343034,1
911,913,-0.002395839409921541,2,27.890922675914247,27.85199142686413,2
915,919,-0.012574935280166587,4,27.63485192116192,27.314980298697485,4
920,924,-0.00738235678091469,4,27.32137071767982,27.14699598201595,4
927,931,0.002866869543694674,4,27.13419648349103,27.23912088146567,4
936,941,-0.008893548988932166,5,27.243158502143217,27.028113295893306,5
947,948,0.0026075610966407327,1,26.37665242905016,26.471807814212816,1
949,953,-0.002226749381287975,4,26.63051426135936,26.597845294465856,4
960,966,-0.01787071652641063,6,26.849217177295124,26.396251645340943,6
968,970,-0.004493580557195763,2,26.46453685841862,26.372080866994857,2
971,977,-0.006303452315405238,6,26.29304044907199,26.153596562823317,6
979,985,-0.016496170671438132,6,26.133560063416883,25.728589956421896,6
987,990,0.005788693707744495,3,26.000049355241405,26.17655572670038,3
991,992,0.0007082935160992766,1,26.328554707449612,26.373531606744613,1
993,994,0.001227170282971785,1,26.312954741709973,26.37155817256789,1
999,1000,-0.002149800678652163,1,26.197089681839618,26.166968250344727,1
1002,1005,-0.0012493355251969054,3,26.0139074778549,26.007421286571486,3
1006,1012,0.005740440386817012,6,26.10397556817835,26.279927859354583,6
1015,1020,0.020619162113862236,5,26.798581684584793,27.37794456644541,5
1024,1026,-0.005644187038595709,2,27.704516125107848,27.575851170409056,2
1031,1032,0.004023012264574938,1,27.781544163773685,27.92109120083715,1
1033,1038,0.010071544750620467,5,28.080568563901892,28.391463835379998,5
1042,1049,-0.014916782475165796,7,28.46438479777916,28.068252146259052,7
1058,1063,0.04335794852059537,5,28.285700326308532,29.540395965251914,5
1064,1067,-0.006532889537072761,3,29.44037020157898,29.277479885323114,3
1069,1070,-0.006819695461027551,1,29.27860587348273,29.108213303775607,1
1072,1074,-0.00841163542658055,2,28.826271123627766,28.61262131135167,2
1075,1077,0.0025840852012868464,2,28.675018375050776,28.777792084055424,2
1079,1080,0.00017124490956221382,1,29.124431801487795,29.15854364397918,1
1081,1087,-0.0287305608116647,6,29.22976970626958,28.419211799918916,6
1091,1093,-0.007889760885797792,2,28.466699514915774,28.27057076205015,2
1101,1103,0.005384353727035764,2,27.80192715898563,27.979424496261878,2
1106,1107,-0.0022117592667112895,1,28.02167071237846,27.987715193224002,1
1108,1109,-0.0007678436938401993,1,28.195443790025372,28.2019895401062,1
1114,1120,-0.018403662776177675,6,27.65501333826269,27.17371481205287,6
1125,1126,-0.0021148061476764174,1,27.577535232210742,27.54679162639611,1
1128,1129,-0.0007359930180636711,1,27.601907087410563,27.609194183596397,1
1130,1133,-0.004400504557183603,3,27.656175201583185,27.562130251775933,3
1134,1137,0.003786686211094446,3,27.597947055672293,27.730049768298194,3
1138,1139,0.0013150833871489725,1,27.81084480512026,27.875229229911174,1
1140,1141,-0.002578670999759598,1,27.89553242433167,27.851494556270524,1
1144,1156,0.013501876960248873,12,28.216746375620872,28.625942159778674,12
1162,1163,-0.003725999768886037,1,28.230214727280796,28.153259168458625,1
1169,1172,-0.004849597979321408,3,27.810664763234428,27.703604884358295,3
1175,1178,-0.011639493152079867,3,27.258411816395583,26.96839613053847,3
1183,1189,0.004295047533366895,6,26.693099806836507,26.834441039126613,6
1190,1192,0.0023315739066446578,2,26.987520275838026,27.07743119419405,2
1196,1197,-0.00379730408193801,1,26.98407139988578,26.908588746811574,1
1199,1216,0.020232371877034555,17,26.835347581394043,27.40512566069168,17
1219,1222,0.00845794703019604,3,27.734394453625175,27.996704887282124,3
1225,1231,-0.012981156786339543,6,27.923329876794394,27.58877608354384,6
1240,1243,0.005877482534775521,3,27.407293039386143,27.595786218589996,3
1250,1256,-0.016532587423161986,6,26.870095463882798,26.45273335702133,6
1262,1269,0.012894526041468728,7,26.69950987491875,27.07048691017026,7
1270,1275,-0.0206121111627484,5,27.156494832324984,26.623898636882824,5
1276,1277,-0.0004935447274665849,1,26.54747074893694,26.560915855470167,1
1278,1279,-0.003328529353151694,1,26.5566645528736,26.49482657994043,1
1280,1281,-0.00338175225300922,1,26.62441357301529,26.56100081600271,1
1288,1291,0.001656390715885755,3,26.075966150150965,26.145234104539977,3
1295,1296,-0.0029804100056065232,1,25.98343274076699,25.93197489058717,1
1298,1302,-0.013644667456086609,4,26.038810993421535,25.709558887457828,4
1305,1307,0.007084064538384504,2,25.137120808292398,25.3403309152158,2
1308,1309,0.00022372856862062094,1,25.603047682679936,25.634378863572987,1
1311,1312,0.0019104056757084675,1,25.82436488933945,25.89952426748495,1
1314,1316,0.006079027610390078,2,26.31200475649976,26.498268164655737,2
1317,1319,-0.024692660514246813,2,26.37632174420509,25.751396507505092,2
1321,1322,-0.005699372993609929,1,25.727389790261068,25.60648718948464,1
1325,1326,-0.004535269645780637,1,25.367772021585726,25.27809010717673,1
1329,1330,0.004731310247256261,1,25.347601273412025,25.492876240333697,1
1331,1336,0.013111843395833003,5,25.702858367939356,26.065573080052992,5
1338,1339,-0.004469985011226254,1,26.28465177998728,26.19344443228542,1
1342,1344,-0.001217302831075262,2,26.429319991672262,26.423576825614678,2
1346,1348,-0.0023695064978979867,2,26.387202386365253,26.351064941235776,2
1349,1355,-0.03023963782332481,6,26.376857330034518,25.6056075747868,6
1356,1357,0.0009507348790198094,1,25.674216128121223,25.724299717013842,1
1358,1363,0.0012714134326296624,5,25.770788620704817,25.829324736147345,5
1369,1373,0.01492052217640932,4,26.11609619155015,26.531878080128962,4
1379,1382,0.0017240643963674133,3,26.546830522399624,26.619145798262092,3
1383,1387,-0.007759051171133275,4,26.653499277274683,26.47334691176982,4
1389,1391,0.0034244891749771267,2,26.528482814583747,26.64585779962544,2
1392,1395,0.014689299899392955,3,26.82884273684813,27.24976849650019,3
1397,1398,-0.00010746044184712397,1,27.283767679242015,27.30811952119119,1
1401,1404,0.005182013337688296,3,27.343287686236998,27.512324255409563,3
1407,1414,-0.01641975302480115,7,27.34748738036205,26.925795879108,7
1419,1423,0.006874341173229797,4,27.028375213781292,27.241205861572674,4
1424,1426,0.011204127290349218,2,27.306952006855887,27.640209525059014,2
1431,1434,-0.0010535198633088824,3,27.92297218988991,27.92147775623513,3
1438,1440,0.003213123751368698,2,27.820257267185355,27.93746745384692,2
1448,1449,-0.0018894010982706154,1,27.623029014845205,27.59846106250184,1
1455,1456,-0.004283872397844596,1,27.963750422517762,27.87192103436504,1
1458,1461,-0.008161315251954508,3,27.55507414051575,27.357743567804537,3
1464,1466,-0.005472129734395119,2,27.062361853294394,26.941335460167316,2
1467,1468,-0.00275631113278636,1,27.05286903241308,27.005355777357643,1
1470,1471,-0.003892734693911507,1,27.047908713618067,26.969666289684433,1
1473,1480,-0.025959941084944885,7,27.089278133364736,26.413131347122267,7
1481,1482,-0.012117697014361661,1,26.37188151133035,26.078686922988734,1
1489,1493,-0.015020908704033564,4,26.03195623087594,25.666964549175432,4
1495,1496,-0.0007146234296752259,1,25.350742597673012,25.357977105650722,1
1497,1499,0.002256953266611826,2,25.498432900388213,25.581480104716615,2
1500,1504,-0.0009018358138027871,4,25.72281110303284,25.725336161851473,4
1505,1511,0.004016629008668836,6,25.61767560826524,25.746189982856333,6
1512,1514,-0.001488123363190715,2,25.722780128280675,25.710224238333844,2
1518,1523,0.004861068576625251,5,25.739246011261038,25.890105497243667,5
1525,1540,-0.01916769189984719,15,25.94936285229985,25.477922823001926,15
1543,1544,-1.3458313121525716e-05,1,25.70462015066501,25.72997882998902,1
1547,1550,-0.004574850147657577,3,25.775488483011298,25.68334497420186,3
1555,1556,-0.002551214069752384,1,25.87528293901159,25.835144836057772,1
1558,1563,0.003617791193540802,5,25.713339000610063,25.83207783100361,5
1564,1569,0.012573071121741483,5,25.883040972802547,26.234353328773345,5
1574,1580,-0.008576615468683851,6,26.380294749062664,26.180421399798476,6
1581,1583,-0.004315693543150144,2,25.975180917064467,25.8890551774156,2
1586,1587,0.000813210515242153,1,25.97918431908283,26.026290049267605,1
1590,1594,0.003658837934259672,4,26.31429335795,26.436887386059254,4
1597,1602,-0.005136703646537124,5,26.169526199890424,26.061270625431188,5
1603,1608,-0.01785742740192261,5,26.212584437705583,25.770707698530195,5
1612,1617,0.005539405565200285,5,25.301349258520172,25.466805042668415,5
1618,1619,0.0013573090463304019,1,25.54238418910644,25.602595482420266,1
1623,1627,-0.011868035991996533,4,25.5321129877089,25.254629064806757,4
1629,1630,-0.005373274542731339,1,25.078679828512676,24.969003876453332,1
1631,1637,-0.04823825227286446,6,24.863105458319712,23.688615810392772,6
1642,1644,-0.022069827970190175,2,23.11344706096205,22.62645070758948,2
1653,1655,0.005183861398997651,2,24.253755814728024,24.403737679091435,2
1656,1658,0.014768840113679987,2,24.645775920964976,25.034411220940257,2
1662,1664,0.004410515006879653,2,27.05398920776976,27.20036522237436,2
1668,1672,-0.008345463255270011,4,27.341663511845766,27.140826327181546,4
1673,1675,-0.012087283016666,2,26.908012791838306,26.609676038599126,2
1681,1694,0.0633162583849745,13,26.046231021494577,27.72142714582776,13
1696,1697,0.0005263525407268534,1,27.99982594343834,28.042563548907015,1
1699,1706,0.03415615786956215,7,27.87539059583249,28.855382228295284,7
1707,1709,0.017863266855845213,2,29.48962989404356,30.045900652215014,2
1720,1721,0.0173132539033029,1,30.768534138311843,31.33200611621919,1
1724,1726,0.0017268567725923314,2,32.32178577688722,32.4099226573352,2
1728,1731,-0.010702872818791394,3,31.930610116491874,31.62079146750514,3
1732,1734,-0.008973341013033573,2,31.36363011847339,31.113557200132153,2
1739,1744,-0.0008762673507233693,5,31.14474427755956,31.148597899280066,5
1746,1747,-0.007200629494616373,1,30.5698408332891,30.38028857657248,1
1748,1752,-0.0005223550123913085,4,30.394601618189984,30.409119447303276,4
1754,1755,-0.0012078505862355214,1,30.49035248652371,30.48401504888486,1
1758,1762,0.03061272390388771,4,30.480412583699923,31.443981451185014,4
1764,1766,-0.01490446004795399,2,31.12962424054001,30.696783623979602,2
1767,1769,0.005485796892684966,2,30.42188281551829,30.619192968552806,2
1771,1772,0.025249897142342867,1,32.60726226868017,33.46319954932642,1
1773,1774,0.0059091274985952555,1,33.904628125491875,34.13887952400336,1
1777,1780,0.0004312994774248529,3,33.49090606255773,33.53884157890355,3
1787,1788,0.004515639550651655,1,31.95919066536282,32.13546604140351,1
1789,1790,-0.022500429869738905,1,31.81662556012994,31.132554433582623,1
1795,1799,0.06969720818589073,4,32.753771337160366,35.06937152825665,4
1800,1803,-0.0008259592690017266,3,35.07922586432975,35.08533107844203,3
1807,1810,-0.023551792154954277,3,34.4237401656082,33.647423132197254,3
1813,1815,0.011357437032851903,2,33.187151528014574,33.59725966332173,2
1819,1823,-0.03668687247544365,4,32.474973991661635,31.316043736177857,4
1826,1827,2.770891413983608e-05,1,29.874974527961434,29.90567730559352,1
1832,1833,0.006551550024830923,1,31.24575583592334,31.481709724181968,1
1837,1841,-0.043037406991309375,4,31.279769095147582,29.964848711100682,4
1846,1853,-0.004450949210155863,7,30.20724402821421,30.103000363294058,7
1854,1855,0.014680429086860843,1,30.424734721253035,30.901807616536196,1
1860,1862,-0.0022018525738717746,2,30.819602668211715,30.78256204941922,2
1864,1865,-0.0001275227034670713,1,30.767969715310077,30.794814070347098,1
1866,1880,-0.027508592042854035,14,30.725257177401406,29.9107738694739,14
1883,1884,-0.005745531293287883,1,30.536085214380595,30.391175266421246,1
1885,1886,4.1041311333974134e-05,1,30.32013506122813,30.351699574392093,1
1889,1890,0.0015858630976177041,1,31.191553162862885,31.272210249144113,1
1897,1898,-0.006790096528101624,1,31.87648733090199,31.69191939227926,1
1899,1901,0.00020115985530433107,2,31.683188855898404,31.721245430440135,2
1902,1907,0.0036897576879477588,5,31.871657571654236,32.02112792277854,5
1910,1916,-0.00566217176107555,6,31.624545643662138,31.47710658000541,6
1919,1920,0.008692680519942052,1,31.622948700135403,31.929459838984332,1
1921,1922,0.013822271600618708,1,32.53747524484836,33.01975454012591,1
1928,1931,-0.0032677435619915185,3,32.62882901018567,32.5548351932625,3
1935,1936,-0.007178572097851616,1,32.4767474978204,32.27608757190139,1
1937,1941,-0.017176239358363883,4,32.11739003660274,31.597851447804725,4
1942,1944,-0.00021253800296195562,2,31.521018384507506,31.545839988593244,2
1945,1948,-0.005751832078466698,3,31.509055383357655,31.359329643224832,3
1956,1958,0.006724520502083048,2,30.67002345063109,30.906934675574856,2
1965,1969,0.03479299356803179,4,33.20061798508443,34.388967491079235,4
1972,1973,-0.0019271602522457124,1,34.24442172581168,34.212671659126364,1
1976,1978,-0.001449476141581901,2,33.895851891799175,33.88061651507522,2
1979,1984,-0.02221534117931493,5,33.874045578029545,33.155396143967984,5
1986,1989,0.005489400787178395,3,33.25294377612048,33.46873545563724,3
1991,1993,-0.0007726146966360055,2,33.376909892339974,33.384499311121196,2
1998,1999,-0.021686688150303886,1,33.84947882778325,33.149245215222585,1
673,675,0.0018428590279855007,2,27.017370081870016,27.094176656319686,2
676,678,-0.010186952999911087,2,26.967947845472075,26.72019457611167,2
679,683,-0.016073101774646013,4,26.65565125880519,26.253867914511748,4
685,687,-0.006755624585180779,2,26.20907734240293,26.058227732496093,2
689,690,0.0036197097663527725,1,26.283424876901023,26.404846671498042,1
691,692,0.002358484176763241,1,26.49866484085672,26.58766018743009,1
693,694,-0.002065604345136183,1,26.744297155146512,26.715798315890375,1
696,701,-0.0030258923008707767,5,26.960897234313638,26.906277360182074,5
705,707,0.002935880877410665,2,27.528629764171864,27.636979171641986,2
709,712,-0.016878804784149798,3,27.68639782800154,27.246770921714393,3
715,717,-0.015369378390380838,2,27.270888886485082,26.879023165033146,2
720,721,0.00269801303340635,1,26.61003785674828,26.708442123561973,1
724,725,-0.008169186138408745,1,26.61635827796094,26.425540651139663,1
729,730,-0.005295840215472643,1,26.14143816414778,26.02913872279194,1
737,739,-0.002008591027754257,2,26.606481018370623,26.57964596033538,2
741,746,0.004888247020687983,5,26.23264548199569,26.387109778599815,5
747,750,0.0002634421940364033,3,26.371330272487086,26.404648923866215,3
757,758,0.0005325992154183311,1,26.304938828414354,26.34525375702441,1
759,763,0.014648397131318842,4,26.468433260308085,26.882621815409195,4
765,768,-1.9537075160546e-05,3,26.94781919889329,26.97424053652308,3
769,773,0.008622056835553303,4,26.95332445378502,27.212670873586447,4
774,784,0.024387414359134836,10,27.1972330676391,27.887700492949218,10
786,787,-0.0005841804777904691,1,28.201041723931194,28.21276826762665,1
796,797,0.0028290016451974057,1,27.723422509133908,27.829575539531884,1
798,801,0.0052417588969778444,3,27.97307112593852,28.147672291514642,3
802,804,0.00729740547277809,2,28.12230590594244,28.355648080873546,2
805,807,-0.0011284649579472894,2,28.51888991059093,28.51522623259786,2
808,812,0.00357322195976148,4,28.48210096191034,28.612355931489493,4
815,816,-0.006077203446358085,1,28.639262669973725,28.49385530684458,1
818,819,0.00017595137256497706,1,28.400882867437158,28.434280924627178,1
827,828,-0.0041297605222833,1,28.489492236447415,28.400326948345885,1
830,831,-0.005423926339313698,1,28.19290634341773,28.06818300246328,1
833,834,0.002747331855057833,1,27.914709863409403,28.019315544905254,1
836,838,0.006049383631639277,2,28.348757999088342,28.548599269704418,2
841,843,-0.0019176432071404364,2,28.686532405524407,28.660208403926063,2
854,855,0.0011259921185523035,1,28.098109958878094,28.157846319196885,1
863,869,-0.007352221499611108,6,27.777997828299053,27.60154583327798,6
870,871,0.003574747063194634,1,27.791221246723286,27.918359054504325,1
873,874,-0.00044139511788010837,1,27.896529257580475,27.91211239501796,1
877,878,-0.008708838574926176,1,27.71792785758054,27.504254826095003,1
880,881,-0.0037935756471494976,1,27.267547885328035,27.1913739275981,1
884,887,0.0030641863899568593,3,27.126926312984498,27.237175197707092,3
892,894,-0.006134512946982874,2,27.0494453353501,26.91055960806704,2
898,899,-0.002876123614983453,1,27.33357094336955,27.28228978544087,1
901,904,0.005198823750822394,3,27.35175943320845,27.521308169209803,3
905,906,-0.002397229894314678,1,27.642641734544164,27.604018609154828,1
907,908,0.0011763801789240387,1,27.64322643253481,27.703388602624088,1
910,917,-0.01848693249841463,7,27.805581223145403,27.319346901217074,7
921,922,-0.003663022911566918,1,27.327941920173664,27.255166984714272,1
928,929,-0.0023383432865229795,1,27.235623012066196,27.199172398853726,1
931,938,-0.003385943321033976,7,27.264993309880776,27.19994058119503,7
941,942,-0.006834065199281097,1,27.046780566089094,26.88898788483588,1
943,944,-0.0034619178175835084,1,26.706932663759233,26.64118239038132,1
947,948,0.005184168185071928,1,26.308839418115188,26.471537705830862,1
952,956,0.0003390256673686397,4,26.641430939206288,26.677104499049314,4
960,961,-0.001447366664042265,1,26.789652921328315,26.77766812367005,1
962,965,-0.01142749161693235,3,26.707031488117863,26.428544141162366,3
967,971,-0.008907323983662438,4,26.46079377480936,26.251559705567065,4
972,974,-0.00166785111793361,2,26.243955279318882,26.22642822444659,2
984,986,-0.0004184144206250142,2,25.807208394154525,25.82221749440049,2
987,999,0.009908968817485861,12,25.938988348032556,26.221955963078372,12
1000,1001,-0.0026032561448039527,1,26.127212695732705,26.085324081431672,1
1006,1007,0.0012600816876997475,1,26.058587649114862,26.117482185867946,1
1008,1010,0.0038455516729408645,2,25.997918773564013,26.123893032370237,2
1011,1015,0.017386573164391367,4,26.269506086487073,26.752512282138692,4
1016,1017,-0.0005078741852025706,1,26.907149524567867,26.92039122745152,1
1019,1021,0.006592435087414506,2,27.19425474003026,27.400725353894554,2
1022,1027,-0.006897225405288318,5,27.648175990241135,27.485128464381603,5
1029,1031,0.00047169212148706445,2,27.64661598584204,27.687303292774182,2
1034,1036,0.0020495372439517895,2,28.127805675003493,28.213582466000055,2
1042,1046,-0.0074976402808398625,4,28.49207526174123,28.30694400583582,4
1049,1051,-0.011886579197398866,2,28.057894853000153,27.752440358570677,2
1054,1055,0.0015818849402657485,1,27.842007578002182,27.91389243807459,1
1058,1059,0.0010333914622454436,1,28.341018206511855,28.39864659096432,1
1066,1069,-0.0019895246169194985,3,29.32402189103752,29.295005049509253,3
1070,1075,-0.018771864837141168,5,29.12299397519148,28.6054240626115,5
1077,1080,0.012367185658777757,3,28.772592089847297,29.157200670196566,3
1081,1082,-0.004341873358946071,1,29.259683370014564,29.161901213669115,1
1084,1086,-0.011492989826495669,2,28.859577260427784,28.55675400983715,2
1089,1093,-0.011816066236055935,4,28.49611603788857,28.18790015935243,4
1094,1096,-0.0017689658265851761,2,28.077532736413144,28.055942073244015,2
1097,1100,-0.005580621016177172,3,27.927429481115002,27.799504510706,3
1101,1102,0.0003572697628308572,1,27.842038457262586,27.879827614196202,1
1103,1108,0.002393527758743593,5,28.028869637026585,28.12398638418604,5
1114,1118,-0.016327888398553102,4,27.626666089003642,27.203207634367303,4
1120,1121,0.002385757164234972,1,27.23236087486048,27.32456303579157,1
1123,1124,-0.002031364006924017,1,27.525539983473944,27.49715113226384,1
1125,1126,-0.0018431601684904138,1,27.553409765565387,27.530177827944968,1
1128,1129,-0.00021754076678206352,1,27.63309019137066,27.65471195793324,1
1130,1131,-0.0035047034195105947,1,27.650521081283483,27.581264726579942,1
1132,1134,-0.004320814130152889,2,27.576822325489367,27.485244824246166,2
1136,1140,0.006042828415612997,4,27.668684789842807,27.86355058930335,4
1143,1146,0.0032011848214128173,3,28.126617105125323,28.244782221985066,3
1154,1156,-0.0025957510466939567,2,28.657475939967377,28.611745742740567,2
1161,1164,-0.007831693355805976,3,28.23082703972538,28.03796268620918,3
1165,1171,-0.010018711155071261,6,27.97578441084883,27.72347889191084,6
1173,1174,-0.0071081343632810184,1,27.679819422832654,27.510747366646637,1
1175,1178,-0.010478618638887344,3,27.23148036613322,26.973363548770294,3
1184,1185,-0.0007078939469945541,1,26.672328140321028,26.680119288818563,1
1188,1194,0.007902488678791033,6,26.831610897896365,27.070479010148613,6
1195,1198,-0.010521777673836965,3,27.113037099619614,26.854872788294543,3
1199,1201,0.0016253477769910016,2,26.83120959384073,26.9016508503019,2
1204,1212,0.021059447612255443,8,27.068278738751008,27.665390015542414,8
1217,1219,0.004643333990368002,2,27.507602289595656,27.662836876590056,2
1220,1221,0.0037449497447697095,1,27.779607774292156,27.911420617110586,1
1226,1230,-0.007548266076331001,4,27.793009662791,27.611013640457006,4
1231,1233,-0.00022843977784190058,2,27.651663613582507,27.672998537303243,2
1235,1236,-0.003916366150935972,1,27.73224440507361,27.65136702620117,1
1240,1242,0.0018413001188541528,2,27.445154151309133,27.523134071061218,2
1243,1252,-0.034463937798729714,9,27.607353184877255,26.68350243511096,9
1253,1257,-0.009394639145800344,4,26.62095343779722,26.39748013996976,4
1262,1265,0.0030490519305662192,3,26.76203967902279,26.87040056745103,3
1267,1268,-0.0004901855823315389,1,27.02997106345085,27.04375133240816,1
1271,1275,-0.013647882915546868,4,26.951194472312554,26.61031892019261,4
1276,1277,-0.0018040500853046858,1,26.54812898880155,26.526782963423425,1
1281,1283,-0.014952431695881396,2,26.574555851676966,26.203776176308057,2
1285,1286,-0.00299703810186005,1,26.021049588390827,25.96908456091242,1
1287,1290,0.003882678301720936,3,26.028159533762867,26.155246663552102,3
1294,1295,-0.005516589372865906,1,26.07782563427387,25.96004280414666,1
1299,1300,-0.002665583410680118,1,25.970931546987895,25.927674794243323,1
1303,1304,-0.01758042769986706,1,25.510865172241935,25.08788411669252,1
1306,1319,0.01846748138796009,13,25.262121461039204,25.75391134040237,13
1324,1330,-0.001319466445629498,6,25.51506859788689,25.50691738961193,6
1332,1333,0.0020230756847866953,1,25.85043641422874,25.928584239993718,1
1334,1336,0.005486974077090752,2,25.920674131893993,26.088820873048306,2
1338,1339,-0.006194648492874157,1,26.28573713604816,26.1491919712503,1
1344,1345,-0.0023158881367671587,1,26.473493307097336,26.43865715131574,1
1346,1351,-0.01054182953837449,5,26.363317185655653,26.111762907004028,5
1352,1353,-0.007925865913743464,1,25.978377549208712,25.79845478964629,1
1355,1356,-0.001931339678273802,1,25.63040369753319,25.6065330855995,1
1357,1361,0.005770083242010599,4,25.72114290961844,25.895277188196207,4
1362,1364,-0.0037339130718369667,2,25.867555297243513,25.796835649679913,2
1368,1370,0.003505008840932965,2,26.025998463227065,26.14324581639801,2
1375,1380,-0.0075900575940417835,5,26.686750138651902,26.510882918240384,5
1383,1384,-0.0031528012277100654,1,26.681068166057603,26.6236291297531,1
1386,1388,-0.007558921229575695,2,26.638865261901145,26.464143043003055,2
1390,1395,0.02491090007568035,5,26.589036769725062,27.277982644574,5
1396,1402,0.0029036439231799444,6,27.29311405236114,27.399656651176297,6
1403,1408,-0.006282999670403717,5,27.432919700168537,27.287991594434335,5
1412,1414,-0.006436954265960789,2,27.072422757295314,26.925231232895143,2
1415,1417,0.002544225525175473,2,27.030569504090984,27.126371938487413,2
1418,1419,-0.005894422741908156,1,27.160227100381118,27.027293467185622,1
1420,1421,-0.0029395757135759187,1,26.94028194951708,26.888029232930908,1
1422,1424,0.006241871107952321,2,27.085913765727184,27.282066462059692,2
1426,1428,0.006628917133194781,2,27.650534373831388,27.8614780092579,2
1429,1431,0.0007442716744013402,2,27.87517477099403,27.92379664876606,2
1432,1433,-0.00323833322175704,1,28.014899397414485,27.95219271738907,1
1434,1436,-0.0021247339237819287,2,27.932351248703792,27.900934785683383,2
1437,1438,-0.0019946301030517918,1,27.882671546604183,27.854938602130424,1
1440,1441,-0.002357384619561702,1,28.006503431160773,27.968487834155614,1
1447,1448,-0.00459905668205959,1,27.62371832937056,27.524299001333908,1
1450,1452,0.0025930625190177994,2,27.55103254509847,27.6500251274965,2
1455,1461,-0.021598125992032955,6,27.97906031467263,27.402744105172314,6
1465,1466,-0.002094848651565147,1,26.993285841716794,26.963732279111678,1
1468,1471,-0.0017281674517799148,3,27.029355611641382,27.0096737146424,3
1474,1478,-0.02762988094323669,4,27.004606130111775,26.2854766839479,4
1479,1482,-0.011774860916464978,3,26.367589562436926,26.083482452199235,3
1483,1486,-0.0027058887074275437,3,25.925828256774317,25.88160167912038,3
1488,1489,-0.003278273238714371,1,26.075955865745858,26.016547713323032,1
1490,1495,-0.027553893374441113,5,25.98818694815448,25.298099402938142,5
1500,1503,0.005377264617245028,3,25.666748316481726,25.83043196236016,3
1505,1507,6.104863458709074e-05,2,25.649869708832348,25.67708546806424,2
1512,1514,-0.001446872615205721,2,25.680108122597332,25.66863238552182,2
1515,1519,-0.005938770821954338,4,25.876320144404744,25.74852292949601,4
1523,1525,-0.0026878018075806786,2,25.904615057958402,25.8608932018389,2
1526,1535,-0.023586408306768336,9,25.860402043645955,25.27630844411098,9
1536,1542,0.014129937740884401,6,25.280816221227397,25.663313396693308,6
1543,1545,-0.0033639148500129016,2,25.756328628446,25.695442860719403,2
1547,1548,-0.004739079135068709,1,25.7478554879909,25.65158221876299,1
1549,1550,0.000504838870065946,1,25.72342256234031,25.76213216848325,1
1552,1553,0.0018094548856807885,1,25.840986273828296,25.913585358966113,1
1555,1557,-0.004885606739458,2,25.858107549571425,25.75763311260718,2
1561,1563,0.0031852461026535914,2,25.728043019041518,25.835721210815866,2
1568,1569,-0.001978953421019709,1,26.211863529725143,26.186203336251417,1
1570,1573,0.0014090721317147753,3,26.28463282586204,26.34795440229518,3
1579,1580,-0.006071251932844653,1,26.351362066775195,26.217727670960972,1
1585,1586,0.0014033233045112688,1,25.92364928409196,25.985952194554397,1
1591,1592,-0.0032725705356230015,1,26.40152039004417,26.341521072710105,1
1594,1595,-0.003232469413714913,1,26.436580355873428,26.377561498825724,1
1602,1603,0.004006436131770428,1,26.10791206880649,26.238619663112846,1
1604,1606,-0.007799218781760008,2,26.234589092398625,26.056214381509832,2
1610,1620,0.0014692502592335197,10,25.474352270761223,25.537254821709606,10
1621,1624,-0.009532562450995579,3,25.631200092956725,25.412500277469608,3
1625,1626,-0.006432405783635176,1,25.37477615132426,25.236930070601357,1
1628,1629,-0.007281010557539351,1,25.205421859015782,25.04710633821207,1
1631,1633,-0.01857026681123081,2,24.826873472460864,24.39065868146106,2
1634,1635,-0.010417654449343828,1,24.197254168031787,23.96937278965432,1
1636,1640,-0.019903491592154637,4,23.828773061574317,23.378326050353486,4
1642,1643,-0.01055382211454154,1,23.134910118812535,22.913883302901493,1
1644,1645,-0.016946096441045173,1,22.642949807289174,22.281883145952396,1
1650,1655,0.022924101475166957,5,23.823103786721912,24.39305013916888,5
1656,1658,0.01391002496385834,2,24.70068173565857,25.06896951696156,2
1659,1664,0.06622554967233804,5,25.432388974366066,27.142095302648535,5
1666,1668,-0.0190986720351193,2,27.837090606084256,27.333276232792837,2
1669,1672,0.010935149386905586,3,26.81798314744028,27.138059782560497,3
1676,1683,-0.0026843551723908106,7,26.39446626885741,26.350008613074966,7
1685,1687,-0.0023376919404697514,2,26.514414159959387,26.478946041831332,2
1688,1689,0.006260012978665462,1,26.52299069540399,26.715547952085647,1
1690,1692,0.010760693545788767,2,26.98021614316866,27.29752219702761,2
1693,1694,0.003839737292302613,1,27.552553269211554,27.68590038876671,1
1696,1699,-0.006971990063764634,3,28.00108958164845,27.833867352892263,3
1700,1707,0.061331882530004746,7,27.78198545990863,29.513688914045954,7
1713,1717,-0.008983090832233726,4,30.614871200833452,30.370469903220062,4
1718,1720,0.015513394326098072,2,30.282204044831754,30.782266021287423,2
1722,1726,0.009624984195376492,4,32.08157679043782,32.42244303679898,4
1728,1732,-0.018409447617256904,4,31.916561294927,31.36091159294,4
1733,1734,-0.0037617910944913314,1,31.204921025268774,31.11873955227688,1
1743,1745,-0.02060452866519504,2,31.423932760349796,30.807881369776357,2
1750,1751,-0.0022996521610282403,1,30.29016581114673,30.250799131692368,1
1752,1753,-0.000431368577203762,1,30.452987756124312,30.470304281880473,1
1754,1755,-0.0042192123666817734,1,30.498856978298093,30.400674680743897,1
1757,1758,0.002084569932589778,1,30.375068045790083,30.468762067384496,1
1759,1762,0.02104957151181733,3,30.77698985040596,31.455609289030964,3
1771,1776,0.02763070887378008,5,32.571570697900135,33.50411785611346,5
1777,1781,0.000492642552050221,4,33.509014217706365,33.55903119820497,4
1782,1784,-0.02233076948097892,2,34.08971226273387,33.36255246878459,2
1786,1790,-0.027109894755829655,4,32.00174045461605,31.166178379342647,4
1796,1797,0.022633155842229174,1,33.2782894616364,34.06476046264606,1
1806,1808,-0.013678836648976948,2,34.60419941059404,34.165458418898496,2
1812,1813,-0.005361259150665365,1,33.29401692853116,33.14881309253919,1
1818,1819,-0.012494783527465893,1,32.825328985261734,32.4480089343583,1
1820,1822,-0.020178011533876012,2,32.26335974276393,31.644612657495614,2
1829,1833,0.0267719404666404,4,30.69220601196202,31.544588130116093,4
1836,1840,-0.048645017472391215,4,31.593417292695985,30.08814837377294,4
1843,1844,-0.004041853176038561,1,29.894848803590794,29.8039130628104,1
1849,1850,0.007011790920953174,1,30.171128128666602,30.41285289908277,1
1851,1858,0.005944102331143339,7,30.526345413614006,30.73832347996197,7
1862,1863,-0.001282678088979277,1,30.793197925976834,30.78449336363356,1
1864,1865,-0.0024080364816495446,1,30.851434285064354,30.80799434007977,1
1867,1872,-0.023147995960274847,5,30.602541812492852,29.92475684005562,5
1879,1883,0.023458023851547494,4,29.76857551184849,30.496656041743872,4
1888,1890,0.00742073267124235,2,31.03680985829119,31.29816253707604,2
1891,1900,0.009279614995078015,9,31.369126092524176,31.69158863148738,9
1904,1915,-0.01918201359130385,11,31.907068184001353,31.326933436621182,11
1919,1920,0.011835566103274488,1,31.555804746343085,31.960841364106795,1
1924,1925,-0.010397048647609073,1,33.07661213965117,32.76578960627677,1
1926,1929,0.0024889298833389996,3,32.487551664430676,32.60089845426923,3
1933,1934,-0.007444259424460047,1,32.56599590876483,32.35613218271285,1
1935,1938,-0.018059458639086565,3,32.462900742649495,31.909101230125493,3
1939,1942,-0.008905524182068567,3,31.75393292745487,31.50290144282109,3
1943,1946,-0.006179859835624258,3,31.528029123412956,31.364718351660198,3
1947,1953,-0.022860675094328285,6,31.36370776050042,30.67807593539466,6
1957,1958,0.005001729934298803,1,30.724879983959887,30.909282415887358,1
1960,1961,0.0074878620519617965,1,31.688822059218932,31.957792409446746,1
1962,1964,0.022247018063540663,2,32.406142381747294,33.159488559065444,2
1968,1970,0.0008730552906103595,2,34.153590617156546,34.21756218075535,2
1972,1974,-0.005124982434731555,2,34.26697294110888,34.12562227963539,2
1977,1978,0.0007242740288253204,1,33.768931936631176,33.82715882895068,1
1980,1981,-0.005517907924969264,1,33.785170624681854,33.632532334570165,1
1983,1987,-0.003255612312048378,4,33.44218569831955,33.36675309251661,4
1988,1990,-0.007428203107816015,2,33.54101503563247,33.32540657854111,2
1991,1994,0.006582600901111975,3,33.30854291862439,33.56110830617388,3
1996,1998,-0.002491927874437174,2,33.85690077201648,33.806388718012656,2
1999,2000,-0.002085515667847986,1,33.25395055406905,33.217852869724766,1
672,677,-0.00587303045199697,5,27.003385719066358,26.871797398150328,5
678,680,-0.013167984690423275,2,26.80263376651376,26.4764997291798,2
684,685,-0.0030169103981783846,1,26.24648609809607,26.193549287369176,1
687,690,0.01153761817362016,3,26.079676510099716,26.406653536274877,3
696,700,-0.0007490315461390369,4,26.945578430040165,26.95234092019714,4
702,705,0.017801303970809357,3,27.019422595147432,27.527422972474554,3
707,708,-0.0003432550749272394,1,27.75891139342175,27.777141917604926,1
715,716,-0.007187153251800504,1,27.245755629027418,27.07718196348952,1
722,723,-0.00021511030905104573,1,26.830032248919345,26.85109086463935,1
725,729,-0.015175318123862563,4,26.46841316387496,26.0932149870432,4
734,735,0.0020838593341842267,1,26.1814160577946,26.26215586208659,1
737,742,-0.016256204203777106,5,26.615355666753153,26.20930636574501,5
744,745,0.0007562041086196499,1,26.313550101301548,26.359762066101823,1
746,748,-0.0037668936831069624,2,26.439343995386107,26.36618914149978,2
751,752,-0.0019045781096793234,1,26.29783482963856,26.274046383919707,1
762,765,0.003703764616357367,3,26.840673694036955,26.96692590523816,3
768,770,-0.0012305595932277074,2,26.992811976101077,26.986588524351795,2
774,778,0.007127877663624342,4,27.249128206181613,27.470605786681872,4
779,782,0.004703852119560955,3,27.5920795034817,27.749460644640727,3
786,787,-0.0010050994622298843,1,28.177377448605743,28.177233759133706,1
796,797,0.006370515204099007,1,27.685745184515138,27.889803390334418,1
805,813,0.003222982050882007,8,28.449976372847253,28.570120112417804,8
814,817,-0.004298234456249521,3,28.50864662717157,28.41461842656479,3
818,820,0.0007444899302087471,2,28.415966303152036,28.465537670225036,2
821,826,0.0015553765134965172,5,28.478106809133852,28.550879094422758,5
827,838,0.0019017717354963956,11,28.531105455517167,28.613896210910454,11
840,841,-0.0023082415726803566,1,28.740982415666224,28.703382267630374,1
843,845,-0.003382003107751892,2,28.714761811835597,28.64636315996145,2
847,849,-0.009618341642973822,2,28.612819276057547,28.366224224167816,2
852,853,-0.003225470914494499,1,28.13016870016167,28.067565827899635,1
855,857,-0.004967617961360085,2,28.135196797142942,28.023567084984197,2
859,864,-0.0013208252532150614,5,27.906217882333912,27.897264862915538,5
865,867,-0.007251756547341748,2,27.8342374095514,27.66022453358597,2
871,872,-0.0033826211194420406,1,27.955087963324413,27.888481580347136,1
873,874,-0.0037364193751461437,1,27.882467350886326,27.80616922700048,1
875,880,-0.02140291653252148,5,27.840400742793864,27.272375370206692,5
886,894,-0.006832735050281783,8,27.14892044070058,26.990567980868793,8
898,905,0.007275280889327722,7,27.339480302914374,27.565722181789234,7
908,911,0.004078622920980391,3,27.70155583333356,27.842241589735547,3
913,917,-0.020058763203014984,4,27.901652339337982,27.36988135442969,4
919,920,-0.00506075527207619,1,27.343780332825496,27.23274393268048,1
922,925,-0.009474166579462616,3,27.2975597328502,27.066235664461196,3
928,929,-0.00014249429657713542,1,27.224695634679335,27.248040966460024,1
932,934,0.0001442490148279719,2,27.286275687850853,27.317497981925,2
937,938,-0.003950289450464918,1,27.258587672059196,27.178166948415747,1
940,948,-0.021759913256606922,8,27.03248438765314,26.47129235665488,8
951,952,-0.0033067177852152043,1,26.69231427274629,26.630742636684793,1
955,957,0.0043363924529624025,2,26.65093068303182,26.793150508393175,2
959,961,-0.00524445857138018,2,26.804795976485835,26.691024130449343,2
962,963,-0.00449524630363101,1,26.71188418009743,26.618519565653926,1
964,966,-0.004556908030725164,2,26.54593213227967,26.45151069309528,2
967,970,-0.005964478425690838,3,26.471161277956654,26.339745768889255,3
971,975,-0.004243035882786024,4,26.269985073566477,26.184790569332648,4
977,979,-0.0038837468899073774,2,26.20266699356665,26.127105134116672,2
983,985,-0.00794089033329975,2,25.918719565356138,25.73882057527345,2
986,992,0.01958288491582637,6,25.834965806929098,26.36672393493743,6
995,997,-0.0033870494455470524,2,26.34361570810596,26.280732194836222,2
1002,1005,0.0006453151824250551,3,26.040544614648248,26.083389518061345,3
1006,1011,0.0050548312524210225,5,26.080203555521003,26.238114787078473,5
1012,1013,0.0006271510654365443,1,26.417489819097234,26.460475065802537,1
1016,1017,-0.0024045687409239994,1,26.92370021946094,26.885884031742677,1
1020,1021,0.0029283704384517224,1,27.331964924556885,27.439335007591314,1
1022,1024,0.000751902304459266,2,27.667746487378537,27.71621767620897,2
1027,1032,0.013194581363167417,5,27.575329399933935,27.96674965671744,5
1035,1039,0.006946382973957023,4,28.246830974221915,28.471291110943714,4
1040,1043,-0.0006572284176143447,3,28.422156982635602,28.431899290359354,3
1046,1050,-0.017226354279219633,4,28.36795943846525,27.90765087843818,4
1053,1055,0.002572713548245554,2,27.868750204143133,27.968317265570146,2
1057,1058,-0.0008820252974410354,1,28.308286171039416,28.3116258326804,1
1059,1061,0.020805525160649076,2,28.433309691682414,29.053312941564922,2
1062,1064,0.0007379018997115206,2,29.42949807084494,29.480643651449817,2
1065,1066,-0.008144941066725819,1,29.4553783106383,29.244921368510674,1
1080,1081,-0.000781121907915609,1,29.237789705087742,29.244189216715156,1
1083,1087,-0.023227263495218163,4,29.046580570844995,28.40095457086174,4
1088,1090,-0.0015469652202574707,2,28.50781634937055,28.492223565321957,2
1092,1093,-0.008823791561992509,1,28.412050301984866,28.18976034257329,1
1097,1103,0.0003336199329723533,6,27.962055866659966,27.99934662173063,6
1104,1105,-0.002289696511376559,1,28.010535431626803,27.974410341798844,1
1106,1108,0.006007638426669069,2,27.956597726571413,28.152507455079064,2
1111,1116,-0.04179298464906641,5,28.186721875510226,27.036901362735033,5
1117,1122,0.013444490886455496,5,27.08899360569106,27.480280326951714,5
1123,1127,-0.0002289232573415283,4,27.508417561492593,27.529628662501597,4
1128,1130,-0.0010038205192267526,2,27.636890367160927,27.63678477988991,2
1131,1136,-0.002323684359688832,5,27.64821759654727,27.611620083341446,5
1138,1145,0.013518416331690375,7,27.829360901483778,28.233399149296385,7
1147,1154,0.012067197188398798,7,28.2801213078306,28.649663229471862,7
1157,1158,-0.00472899460539621,1,28.53600577911481,28.429595167504935,1
1159,1160,-0.005226256603774293,1,28.40274599808469,28.28270870524496,1
1162,1164,-0.004981216476163936,2,28.16421043645569,28.052082617827924,2
1169,1177,-0.02620042710913316,8,27.78391092959649,27.083744507408547,8
1179,1181,-0.008965930808577455,2,26.934771368496563,26.720210843430266,2
1183,1193,0.015599239046810858,10,26.643741819053233,27.08600765860921,10
1198,1203,0.00020365818168543927,5,26.863039854203638,26.895373771909092,5
1208,1214,0.017193426337822795,6,27.08128102170546,27.573982313107738,6
1217,1218,0.0013652124526196078,1,27.54166832253873,27.606810219421117,1
1219,1220,0.0018480553586072593,1,27.70013405793036,27.779025573168187,1
1226,1229,-0.013612967762610062,3,27.82599802183217,27.47502960582035,3
1230,1234,0.0018507800248780807,4,27.611117285758393,27.6898305073812,4
1235,1242,-0.009002514009399169,7,27.737796498329576,27.51582439326183,7
1244,1247,-0.011982604965767089,3,27.616614561990705,27.31331219376451,3
1251,1252,-0.005213739715497988,1,26.741527171582547,26.62884533648658,1
1256,1258,-0.0037615786241795893,2,26.478894346288996,26.405770797670375,2
1260,1263,0.00868238688734808,3,26.482388797434876,26.738801531472813,3
1264,1267,0.004767575486612453,3,26.866287276174056,27.021240616084405,3
1268,1270,0.0009538593635919812,2,27.047713979450094,27.1005614086726,2
1271,1272,-0.0027536620143958704,1,26.955313650528748,26.90804314089369,1
1276,1277,-0.002874171916930574,1,26.606318846439592,26.556454030844694,1
1279,1280,0.0022895599161209617,1,26.475128179551493,26.56221969998511,1
1282,1284,-0.01445611152829629,2,26.43410651841029,26.078406232947696,2
1286,1288,0.002049174648787804,2,26.008471493867496,26.087775865800317,2
1291,1294,-0.004927643919449083,3,26.20796418999393,26.10502863880196,3
1295,1297,-0.0013933648776626797,2,26.025104343334927,26.014866981348753,2
1303,1305,-0.014656120807895804,2,25.515878435819516,25.16743051738038,2
1308,1309,0.0014131724644645947,1,25.539262352083536,25.60089299675432,1
1314,1318,-0.012597036139567079,4,26.316544149074474,26.011350235509145,4
1320,1321,0.002903387991603381,1,25.620415223651463,25.720421644775357,1
1322,1324,-0.00681116536703551,2,25.6316278700221,25.482678241843086,2
1333,1337,0.0036804224479731187,4,25.943731544229934,26.065159167733736,4
1339,1344,0.007478807739437613,5,26.210196173018282,26.432427387182248,5
1348,1354,-0.027664494563923572,6,26.34440839259308,25.641948058219,6
1357,1359,-0.0012969727420629083,2,25.73803811034191,25.730394614588963,2
1360,1361,0.0004234631072699128,1,25.843641756076607,25.880429226673883,1
1363,1365,-0.002425280822994585,2,25.86048826734181,25.823629809341092,2
1366,1370,0.011188156589918879,4,25.86035454513925,26.175544595806226,4
1373,1374,0.004173054021564532,1,26.554768957004885,26.692138211349636,1
1376,1379,-0.008134542402690093,3,26.742969149367763,26.552170301997766,3
1380,1384,0.002034405822678329,4,26.56749247619803,26.648109030061768,4
1386,1388,-0.005800920538346791,2,26.61867373550235,26.490879598062026,2
1390,1395,0.023795666717622812,5,26.641043393230937,27.30162582621922,5
1399,1405,0.005004634939143626,6,27.298558043020478,27.46247591843384,6
1408,1410,-0.005228196797260097,2,27.29658250730664,27.1811671845731,2
1415,1420,-0.009005674531573606,5,27.09703535010542,26.88010530432193,5
1423,1432,0.02644855908719785,9,27.28876986820314,28.037807280347458,9
1434,1439,-0.0023147156891729654,5,27.848234081562794,27.8116215713,5
1441,1442,0.0017232115562627777,1,27.95125216819637,28.027369341112816,1
1443,1446,-0.012675360858917486,3,28.08127756607966,27.753418517116256,3
1447,1451,-0.006802242850548235,4,27.707564568373876,27.546798549950925,4
1452,1454,0.004201375411680167,2,27.665141118845373,27.809037903621597,2
1458,1465,-0.023557999729898964,7,27.58743000189459,26.965112763363244,7
1473,1477,-0.02227820530851364,4,27.053182886427713,26.477539706721537,4
1478,1479,-0.0005719349220004797,1,26.343708328160243,26.354985149720534,1
1480,1481,-0.004191504048839971,1,26.440242742640056,26.35585860087461,1
1484,1491,-0.0024831703301266134,7,25.93484859698095,25.89638279902558,7
1492,1495,-0.018418751261867553,3,25.82845662263693,25.378557161249283,3
1496,1497,0.0010710447472353749,1,25.39814858381219,25.4507492860262,1
1499,1501,-0.0026956270228470462,2,25.649111794839285,25.60562046776793,2
1506,1520,0.0016854553707162183,14,25.676188649391218,25.74514090809925,14
1521,1524,0.0008255870551372576,3,25.78046326008221,25.82752774008526,3
1528,1530,-0.008603775941487528,2,25.692362992764807,25.497004021160457,2
1531,1537,-0.0070784681571463655,6,25.406921273629965,25.25248611169708,6
1538,1539,4.117287934406991e-05,1,25.31513044543822,25.34148787269507,1
1541,1542,0.0009509698267363661,1,25.589655771324512,25.639580417610937,1
1543,1546,-0.0015742061274387372,3,25.754079820106575,25.739291669667324,3
1547,1548,-0.0019088714434086517,1,25.69383295208377,25.67048056104191,1
1554,1561,-0.007148391377496941,7,25.899642541787102,25.740401402902926,7
1563,1569,0.012757916940102879,6,25.817359969625567,26.172553063700413,6
1572,1578,0.00013207409679083819,6,26.401485186147315,26.43137362364336,6
1580,1583,-0.013521082077512219,3,26.236455280441216,25.907946470451833,3
1584,1587,0.0013122470797159716,3,25.932656321762437,25.99261903061171,3
1589,1591,0.0036869737647175485,2,26.207259051676353,26.330091787296716,2
1598,1604,0.005107385347787779,6,26.017840181738,26.17674115764503,6
1605,1606,-0.006311185575079041,1,26.208909457925763,26.069709076074275,1
1607,1609,-0.014102472258187403,2,25.92543063433325,25.585743398665336,2
1610,1612,-0.006635377003460674,2,25.480976100517754,25.337381193775165,2
1614,1615,0.0006871512376877185,1,25.282789991695033,25.32544588212172,1
1620,1621,-0.0026774365488108232,1,25.60963013968587,25.566671610088033,1
1629,1630,-0.004459812536386969,1,25.040500191534907,24.953864755054834,1
1633,1634,-0.01190914139967221,1,24.41611686453286,24.14975799322675,1
1637,1642,-0.02608158423439573,5,23.75222524556691,23.15648180731588,5
1644,1645,-0.015005459514791916,1,22.650745771272675,22.33351166839327,1
1646,1647,0.013676466560654216,1,21.934222269551487,22.256139149224516,1
1649,1652,0.02390917704981327,3,23.525437999881362,24.11143730019481,3
1655,1658,0.023173812032461764,3,24.43042848535765,25.021005071435184,3
1659,1661,0.043763281540062184,2,25.463187846960757,26.60300369346175,2
1664,1668,0.004069109226112994,4,27.216715232429234,27.35467973471843,4
1674,1677,-0.024843695347266735,3,26.78344913927465,26.144832737648773,3
1678,1679,-0.007393692057402838,1,25.801908432967686,25.636938975953985,1
1680,1683,0.016228488200022956,3,25.88510576274648,26.331067001936304,3
1684,1688,0.0033012970780587157,4,26.41204433711607,26.525650386248863,4
1689,1695,0.04465132074702834,6,26.73564845212101,27.956166114988577,6
1701,1702,-0.0052200426124063394,1,27.77781284762014,27.660589293723735,1
1703,1706,0.042651181292977125,3,27.66440123338496,28.871985026985108,3
1708,1711,0.015197274504411752,3,29.80545712942664,30.28822430028144,3
1717,1723,0.06123471214031841,6,30.427710307370614,32.32137009943882,6
1724,1726,0.004418339875707598,2,32.25526960453644,32.430039618036396,2
1727,1728,-0.012336600122915098,1,32.280815321532096,31.914860626590215,1
1734,1740,-0.005334133178376345,6,31.13080625655018,30.99588119628406,6
1741,1751,-0.02552770336198545,10,31.019170470306978,30.25834145847643,10
1752,1753,0.001552794954882491,1,30.383858800981393,30.4614225624384,1
1758,1760,0.019143570540380794,2,30.45043354035385,31.063813996359144,2
1761,1768,-0.0332068567332613,7,31.327170589072768,30.318220894052065,7
1771,1779,0.03119214828579485,8,32.54555354281446,33.59326482850802,8
1782,1783,-0.007751238162030076,1,34.068100540291994,33.8380986798165,1
1785,1787,-0.026098694135714272,2,32.68383052080422,31.863509055379033,2
1789,1793,0.01959254832270752,4,31.884215408484533,32.540792655015366,4
1801,1802,-0.004744618762916506,1,35.01259804075383,34.88148920919197,1
1803,1805,-0.006602648125812188,2,35.12470444912237,34.92791308957079,2
1809,1810,-0.007867697586543182,1,33.83226926981742,33.59991947580581,1
1815,1820,-0.04313749495744316,5,33.583472826911404,32.168349410013995,5
1821,1822,-0.008509897242727233,1,31.839875765102327,31.600761569885208,1
1824,1826,-0.03417875430743464,2,30.95357703637839,29.92657590895214,2
1827,1829,0.023939071359137056,2,29.94696995220013,30.693819572827984,2
1830,1837,0.021253274537499627,7,30.606449274835004,31.287542993165964,7
1840,1843,-0.009243123923277932,3,30.08988108646842,29.841846467835964,3
1848,1849,-0.0020091037524489395,1,30.13677399116604,30.10636285944485,1
1850,1851,0.0002449078478183463,1,30.39453148562305,30.432369876400266,1
1854,1856,0.019907013518277745,2,30.42080853291313,31.056816788147685,2
1863,1864,-0.001375478662246838,1,30.80191601231413,30.790350550095187,1
1865,1867,-0.011744490497507278,2,30.783299344299614,30.452548477012865,2
1871,1874,-0.015104211429766364,3,30.132761087461756,29.70776225412156,3
1875,1879,0.00710997830109416,4,29.543970651817816,29.78357161273222,4
1880,1881,0.010699872960089493,1,29.945000416646142,30.29535311731073,1
1883,1886,-0.006061776262273088,3,30.517287090311008,30.3628154109283,3
1887,1891,0.019257773435499205,4,30.70297510985219,31.324949023423347,4
1892,1893,0.002942506486519136,1,31.631868041451646,31.756576886385787,1
1894,1898,-0.009706922511033146,4,32.02055705936216,31.74175655028618,4
1899,1900,-0.004024295912402804,1,31.741586524117363,31.645590573739295,1
1902,1904,-0.0006573380731233295,2,31.825937388327354,31.836842925357494,2
1909,1910,-0.008056707239360184,1,31.792106159356347,31.56775857366711,1
1912,1914,-0.003305161526158381,2,31.2293781069934,31.157389346095307,2
1916,1922,0.04790634782284534,6,31.542181386517974,33.0847942804983,6
1923,1926,-0.021428234413717,3,33.15414763651579,32.47686693681006,3
1929,1930,0.0010106863733074386,1,32.62610931453258,32.69171018794535,1
1931,1932,-0.00532451761093175,1,32.600371575027054,32.45939069402793,1
1943,1951,-0.0196942636233425,8,31.508532609623693,30.919503794634704,8
1954,1957,-0.0023416030276633176,3,30.736547734442574,30.695311488942128,3
1958,1961,0.03296460451621026,3,30.9336644869111,31.984314167446172,3
1963,1973,0.03620002442567963,10,32.99684258554487,34.22432593569744,10
1975,1977,-0.005215561093342491,2,33.90993059790337,33.7669812137969,2
1978,1982,-0.011355729700283895,4,33.91588102508755,33.564657328644756,4
1986,1987,0.0006838644383701735,1,33.2495164665573,33.30550414492834,1
1989,1990,-0.00775716229932655,1,33.471117269149445,33.24494749742201,1
1992,1994,0.007331137297656116,2,33.344241649085966,33.622037104350724,2
1996,1999,-0.018279143081454598,3,33.799155075613974,33.21513463903017,3
672,676,-0.00391794380686701,4,27.045726615887023,26.966808705405978,4
678,680,-0.01318248168279755,2,26.781994298389453,26.455723143420535,2
682,683,-0.00279173686312817,1,26.284543214603566,26.237448229595476,1
695,699,0.009454971246026584,4,26.823337975025108,27.10377520227645,4
702,705,0.015571582341612284,3,27.00450350804513,27.452010861523057,3
706,709,0.003057862189231508,3,27.59333465309391,27.70530460245751,3
712,715,-0.0047879826939236075,3,27.300647389172102,27.197233009329008,3
721,724,-0.00741042676887323,3,26.747178459585747,26.57571763079659,3
729,731,-0.007606378392717849,2,26.179268012007203,26.00631786147551,2
734,737,0.013292681738943934,3,26.17902941924548,26.553197954969207,3
741,743,0.0023603450389839543,2,26.225607293438085,26.31373438280093,2
745,750,-0.0002468947708265596,5,26.319921646962985,26.33974331758675,5
751,752,-0.004352963494922605,1,26.34931610959783,26.260967814566172,1
754,756,0.0039099710200608,2,26.230677010964072,26.35946887492448,2
761,765,0.008839678512574868,4,26.69155356015641,26.954189866189523,4
766,768,-0.00033975452341987976,2,26.915209087756644,26.932979732808043,2
770,773,0.0068458179702253425,3,27.031154973831484,27.243236495281117,3
776,780,0.0198971013295483,4,27.1750024388271,27.742881218421992,4
781,786,0.011692548330657911,5,27.80033662068278,28.153193736849357,5
792,794,-0.006914044682456094,2,27.83959373290201,27.674949131624203,2
798,804,0.012598479085588532,6,27.966568272431914,28.346871066180263,6
805,806,0.00205238732413022,1,28.45488161543269,28.541736935385263,1
807,809,-3.993518971801696e-05,2,28.529334126457584,28.556724136213173,2
815,817,-0.0053153753050574,2,28.5950696326971,28.471671175357763,2
820,822,-0.004654528376303762,2,28.527312553303297,28.423058680077563,2
826,828,-0.003974641830803484,2,28.565272070027227,28.48030061681944,2
831,838,0.015596715803384727,7,28.132244044003397,28.599146903313184,7
839,840,-0.0011332029613023498,1,28.723514374202356,28.7196883170287,1
841,842,-0.00500567333123864,1,28.73740791973451,28.6222952512215,1
843,844,-0.0028282670851315127,1,28.70036268105101,28.64789075262991,1
849,854,-0.011933750009059305,5,28.41007411053836,28.099445462474886,5
855,858,-0.009604797013484996,3,28.22023182764547,27.977402461095092,3
860,864,0.0005070256064123207,4,27.839330330124476,27.881284913797344,4
867,868,-0.007256136485228579,1,27.752069517080812,27.578448782434403,1
870,873,0.0021819702156896078,3,27.785020549443136,27.873431657273787,3
879,881,-0.010487296603857516,2,27.419868728883692,27.159728301413935,2
886,895,-0.005837535434478873,9,27.204694453389283,27.073090779986842,9
898,901,-0.00463777743359818,3,27.405623342361977,27.30592778421344,3
902,908,0.008764007564085442,6,27.44253719050877,27.710486331214593,6
909,910,-0.0009030872086756462,1,27.80325348882835,27.80594797973185,1
912,915,-0.012994560745276568,3,27.87641671693426,27.542051343262347,3
916,921,-0.009912473779064415,5,27.500800099831867,27.255699940038824,5
923,930,0.0015635286411861513,7,27.218196499429833,27.287971125717554,7
931,932,-0.0030551680746402025,1,27.277146929130858,27.221087807594838,1
933,934,-0.003216990593187163,1,27.372432095767252,27.31174767129828,1
935,941,-0.013060213990303098,6,27.363430168228728,27.033421344891174,6
944,946,-0.012114200757964357,2,26.634267133659062,26.338248541694323,2
949,950,0.0013597826770067037,1,26.645061803745048,26.707938359017298,1
951,953,-0.0027082719546563,2,26.650270696561194,26.60474478654626,2
956,958,0.0017019313267460836,2,26.70645065843381,26.77860965409403,2
960,967,-0.013009389681255108,7,26.78557240973759,26.463894032833576,7
968,969,-0.002521297805810552,1,26.450392907943915,26.410153983250233,1
973,977,-0.0031010077155191064,4,26.215433144772856,26.160354317470013,4
979,983,-0.010362748197674885,4,26.105248675915423,25.86083180592514,4
984,986,0.0009010452442363842,2,25.81028514950644,25.859351669342296,2
987,989,0.0038426511904780837,2,25.96343314508522,26.089164995514164,2
992,993,-0.002562990161424428,1,26.366924878030584,26.325713633859205,1
996,997,0.00027000913418318527,1,26.217496333181586,26.25079279300014,1
999,1002,-0.0086024857113681,3,26.23895922345584,26.039477910878347,3
1003,1004,-0.0007939615986679129,1,26.008903467453607,26.01426230034444,1
1005,1007,0.0002575797307263583,2,26.05512461134779,26.08789100794057,2
1008,1009,-0.0006112969354862732,1,26.05215795096039,26.062284504593123,1
1010,1011,0.0036663111169197215,1,26.125673618983623,26.247584140228902,1
1014,1018,0.01393824042258316,4,26.62883450818588,27.02662244024234,4
1021,1025,0.010195828423922082,4,27.45184807943684,27.75919426045379,4
1026,1027,-0.004768446699253419,1,27.670596661408457,27.5663214927534,1
1028,1031,0.004706040844193607,3,27.555163441775314,27.712394329842514,3
1032,1035,0.011454837084256472,3,27.911794919820718,28.259431778276262,3
1037,1040,0.004704400427909098,3,28.269127575539027,28.43038599897755,3
1046,1047,-0.0060957635899395925,1,28.31022434165597,28.16596213123274,1
1050,1054,-0.002419859110376946,4,27.860867048256473,27.821308542355005,4
1058,1060,0.008604111906464953,2,28.341379701564236,28.613573483801673,2
1061,1062,0.011500962054585843,1,29.079843770510223,29.443369794038656,1
1067,1069,-0.004065238997362539,2,29.364340582588333,29.27433186070275,2
1071,1074,-0.010989569894065632,3,28.92789121792479,28.6389140267154,3
1078,1082,0.007145556698274652,4,28.94074702709117,29.176485522890765,4
1084,1085,-0.008090094768828535,1,28.890140876815984,28.68530704011455,1
1088,1095,-0.017186494017812158,7,28.431488438797764,27.97128232126567,7
1098,1100,0.001068692143921923,2,27.76197241905989,27.819403393302977,2
1101,1102,0.0018002042447549799,1,27.751752930652817,27.829463507008622,1
1105,1106,-0.0016175922293356713,1,27.968860149118544,27.951586798427073,1
1109,1111,-0.006949451450475559,2,28.29595374919905,28.12760834612329,2
1112,1119,-0.0320972129941412,7,28.032540876659276,27.160806982250833,7
1122,1125,0.0020981394039699948,3,27.465727630868145,27.550820283900045,3
1127,1128,-0.001440318500502124,1,27.61341026999357,27.601251574589735,1
1129,1130,-0.0011902011435169619,1,27.653402624557312,27.648142915755987,1
1131,1132,-0.005831274877858379,1,27.660610846874647,27.526974832583925,1
1137,1139,0.0027908965317262795,2,27.747564962093954,27.852753109872605,2
1140,1141,0.00037028932318342923,1,27.849105287444207,27.887266619079803,1
1142,1143,0.0037436833868000705,1,27.97709369739564,28.109808171978926,1
1151,1153,0.0018174712873815359,2,28.564805894777187,28.64528641521535,2
1157,1158,-0.006179592132737712,1,28.535066938552458,28.387266930330387,1
1162,1164,-0.006768990479978674,2,28.22944945747999,28.06659403230475,2
1165,1166,-0.0023344739993289227,1,27.980389186117215,27.943050084257237,1
1168,1171,-0.006299103916452037,3,27.880437478062362,27.732696142629965,3
1172,1173,-0.005080212241876644,1,27.741441664031985,27.628250694147095,1
1175,1179,-0.016022228337533386,4,27.290338277391783,26.880376584380276,4
1181,1186,-0.006007094224718833,5,26.756814568619372,26.622840676920966,5
1192,1193,0.0013963393968638438,1,27.09516752429059,27.160096741693675,1
1194,1195,-0.005049483160666602,1,27.11102113052437,27.001235506987836,1
1196,1198,-0.005717862488973524,2,26.964978549115934,26.837761488303084,2
1203,1208,0.0030919861348523486,5,26.996390600329175,27.10685945635678,5
1212,1215,-0.010927642599610328,3,27.732243348067907,27.45692754762287,3
1222,1227,-0.015080775121653088,5,28.016478944358962,27.621985204642915,5
1228,1232,-0.0012470752553882512,4,27.667543292054972,27.660707326730122,4
1236,1238,-0.006238589841791806,2,27.622533729953105,27.47783060535082,2
1239,1240,-0.006853323411974626,1,27.500344068214908,27.339375660443068,1
1242,1243,-6.278298587725402e-05,1,27.554896260272365,27.58072117786988,1
1247,1249,-0.0154281826397198,2,27.298688510075877,26.904818046427682,2
1252,1253,-0.00761278546624664,1,26.710881422500087,26.53424809403874,1
1258,1259,-0.0016141228019052507,1,26.38587968108279,26.36967551072231,1
1260,1263,0.013172538966071491,3,26.45682545074029,26.83178584035946,3
1264,1265,-0.000798646544836168,1,26.90121500488801,26.906631657477348,1
1267,1268,-0.0010161891711406399,1,27.028443867716636,27.028006299613196,1
1270,1273,-0.009375985675971955,3,27.0976452688604,26.870675780235857,3
1283,1291,-0.005663164939424243,8,26.249731495330153,26.12732466775183,8
1293,1296,-0.00959594467156323,3,26.128108182434318,25.903512410125494,3
1298,1299,-0.0032585551306461395,1,26.02337644684035,25.9646012164496,1
1302,1305,-0.024717953225014095,3,25.762934884342013,25.151890799816105,3
1309,1310,-0.0002752934988361651,1,25.63517139475916,25.65374937012739,1
1315,1324,-0.03448523967815062,9,26.40118618169654,25.517136134614955,9
1327,1328,-0.0024027752239863085,1,25.3465188046669,25.31096333607341,1
1329,1332,0.017313457699969233,3,25.38334384312112,25.848200636875895,3
1340,1342,0.006194260072753381,2,26.209201777565195,26.39775759145227,2
1343,1344,-0.0034354769055616467,1,26.460961299109005,26.396516238966065,1
1347,1349,-0.006866286995697306,2,26.414533369694727,26.259578136090674,2
1352,1353,-0.011939217468263739,1,26.0700511059292,25.78486514747269,1
1354,1355,-0.00499751345748345,1,25.696040860787328,25.593320591642286,1
1357,1358,-0.0014250261591744846,1,25.74228767103536,25.731346525378175,1
1359,1364,0.0007994631638453325,5,25.78402552507125,25.830422929219264,5
1366,1373,0.024450796720130983,7,25.90455205082882,26.563843539200516,7
1374,1378,-0.0035071864675954,4,26.676612060110212,26.609728819351812,4
1381,1386,-0.002290603235606451,5,26.60656809104836,26.57222956818167,5
1387,1388,-0.002269015710117994,1,26.50786255863183,26.47422366460328,1
1392,1395,0.01595632042524418,3,26.815946947502905,27.270646736451113,3
1396,1399,0.002187873757546792,3,27.21651430223628,27.303277113952277,3
1401,1402,0.002457907580326723,1,27.317792739672022,27.41225514226433,1
1405,1410,-0.015344768894386566,5,27.537126039518572,27.142112330466084,5
1411,1415,-0.006823131140756365,4,27.202886837647046,27.044480860184272,4
1418,1426,0.019022652695326277,8,27.095779513041148,27.638308895739907,8
1431,1432,0.00013421424519133762,1,27.98743744927412,28.019181199515486,1
1437,1440,0.0026953250315049537,3,27.85974327559071,27.9626940822883,3
1441,1447,-0.013528884807691436,6,27.985357002317215,27.634731688133062,6
1451,1452,0.0023149208687614064,1,27.559760889793377,27.651119316305028,1
1455,1459,-0.018189848679933427,4,27.89053293284093,27.411098892122695,4
1460,1470,-0.017136595477792387,10,27.497491483670125,27.0537755869441,10
1471,1472,0.0004615200585228001,1,26.97905346947603,27.018483897281627,1
1473,1475,-0.010968529733415475,2,27.05422500032151,26.78453415399129,2
1477,1479,-0.0055531550447597096,2,26.45908718601447,26.338614859713733,2
1489,1492,-0.00939737963951029,3,26.05337472389848,25.83459464545148,3
1494,1499,-0.0013472205118553267,5,25.592864512264246,25.583978144748453,5
1501,1502,0.003547563528528327,1,25.6369183101221,25.75350382481307,1
1503,1508,-0.004376851386567906,5,25.839190572713864,25.751935466200603,5
1511,1517,-0.00446579669717556,6,25.776221513447457,25.686886370060485,6
1518,1520,-0.002103767884746431,2,25.732803356237316,25.704400314308206,2
1526,1527,-0.006657742351002286,1,25.90572869908476,25.759160760690374,1
1530,1533,-0.00658672861411008,3,25.458276286190713,25.31604780559673,3
1535,1539,0.0013508674538457248,4,25.313305756438265,25.37281398309032,4
1540,1541,0.0033341671577304874,1,25.479293941293935,25.589725460296453,1
1542,1544,0.0024326166649147555,2,25.644003239032077,25.732029271905507,2
1545,1546,-0.00021673252248042294,1,25.73263721885024,25.752792756694575,1
1547,1550,-0.0007307556351663226,3,25.725193567192246,25.732119930594468,3
1553,1555,-0.00564545338668834,2,25.991716206050768,25.870972899975527,2
1566,1569,0.00613008890045654,3,26.01383313042078,26.199314073282324,3
1571,1576,0.003259807427700211,5,26.330583663976725,26.442746879844215,5
1578,1581,-0.017069905788943494,3,26.44061998166943,26.015721709562744,3
1587,1588,0.002392383267392584,1,26.042930295717017,26.13127789668608,1
1589,1593,0.009192366497275898,4,26.200618287000488,26.467664591036826,4
1596,1601,-0.007407541192510719,5,26.23063788266965,26.062563989930613,5
1602,1609,-0.02192550806190054,7,26.138442499474863,25.591482310226578,7
1610,1611,-0.0051454128418869285,1,25.44546947243672,25.33998749651784,1
1616,1618,0.0038098392501274767,2,25.440770142312815,25.563136157096782,2
1620,1623,-0.0028919545235266955,3,25.600941839035606,25.5525060213167,3
1630,1632,-0.012951323690835483,2,24.969452223324115,24.671034217420317,2
1635,1636,-0.007472692515106971,1,23.944546929765828,23.789561240075905,1
1637,1639,-0.007602820284204086,2,23.72562030577269,23.56896429876241,2
1641,1643,-0.01676683942259917,2,23.33792936497537,22.96996398022184,2
1644,1649,0.03582282419581808,5,22.68688196839607,23.522277034669592,5
1653,1657,0.026361204414836727,4,24.26609652969817,24.930046157197403,4
1666,1671,-0.03238693452571395,5,27.871319113713106,26.996523845545713,5
1672,1676,-0.029291771522635606,4,27.143552069744324,26.375612896274355,4
1680,1681,0.004968373854840445,1,25.9040736612822,26.05867885725606,1
1683,1693,0.042396744979559385,10,26.362327542671817,27.50636674810876,10
1695,1696,-0.002098472988509601,1,27.958788339212987,27.928076365430904,1
1698,1713,0.09076474274743594,15,27.985862969351363,30.553978485298884,15
1715,1716,-0.0032700249952103406,1,30.882667298149315,30.81256287146375,1
1720,1723,0.047066062181494596,3,30.838472105730418,32.32075602354674,3
1724,1725,0.003619101209726178,1,32.249840852537275,32.39880613143271,1
1729,1731,-0.006580610111209737,2,31.923967321237367,31.74581210641454,2
1738,1744,-0.0072686249063370085,6,31.336868042386392,31.140428970889293,6
1747,1750,-0.007388289910114782,3,30.407347273294768,30.213096323515423,3
1751,1753,0.003869292548126577,2,30.334980877097223,30.482690773429635,2
1756,1757,-0.002834228684434882,1,30.3866613727393,30.330925286825213,1
1758,1760,0.014022607502013076,2,30.516833582875297,30.975275995995084,2
1762,1769,-0.027737634322058797,7,31.428190488514264,30.587875023828364,7
1779,1781,-0.00572517566812145,2,33.68190558136418,33.52275266065515,2
1782,1786,-0.06635911351202735,4,34.128775096716716,31.898148611143956,4
1788,1789,-0.01178679663228905,1,32.166519235287026,31.81954553392737,1
1796,1797,0.02172042245178767,1,33.20510378054517,33.95953776599461,1
1798,1799,0.004274964138992112,1,34.8203336386946,35.004009649946454,1
1809,1810,-0.0071417754061484495,1,33.84549273720979,33.63762132230742,1
1814,1815,0.006445946361511995,1,33.31640015943581,33.56447228798164,1
1821,1824,-0.030424031397241712,3,31.856806530292296,30.91945085472912,3
1826,1829,0.027135705258419313,3,29.82923594587226,30.668502536529168,3
1830,1831,0.006019314094955693,1,30.541151677160915,30.75552961360459,1
1832,1835,0.013288697459835644,3,31.359429426741684,31.807514826333463,3
1836,1837,-0.013119459139940011,1,31.607316029563602,31.224252454420135,1
1843,1845,0.0011160426340785816,2,29.822276491602995,29.885381700104507,2
1852,1853,-0.005184378802661833,1,30.333119923520464,30.206194659493885,1
1854,1857,0.018490536738687686,3,30.385080534123464,30.97730206258178,3
1858,1859,-0.005273280033944036,1,30.78660071593037,30.655040949777977,1
1860,1862,-0.001908380656724498,2,30.79384491174745,30.765872378683444,2
1864,1867,-0.012555670236208072,3,30.791084374280228,30.435272757035786,3
1871,1876,-0.02315192788031262,5,30.191009997736696,29.522220921633036,5
1879,1885,0.015190014271375389,6,29.853386016139343,30.336712761789517,6
1887,1888,0.010405409913435065,1,30.672410839781534,31.02224225844253,1
1891,1892,0.008435480868069289,1,31.370134207227267,31.666126508368325,1
1896,1910,-0.01217028130453289,14,31.98005013094538,31.622823974849656,14
1916,1917,0.0013566680401894664,1,31.442690164662668,31.51679014767131,1
1919,1921,0.026956863718049465,2,31.598621073987644,32.4820194170314,2
1922,1925,-0.012943480069935065,3,33.14991985026505,32.753994443213465,3
1926,1927,-0.0009000972967605546,1,32.545708154144094,32.548959558367535,1
1929,1930,0.00024906476480634,1,32.65335041327186,32.69413656272595,1
1931,1935,-0.008872060737500381,4,32.63908040412559,32.38214358076816,4
1938,1939,-0.007616704281949654,1,31.916152474088776,31.704972731350114,1
1940,1941,0.0003277588925196602,1,31.601625696072983,31.64358503560902,1
1944,1947,-0.011302109899856055,3,31.617648902329687,31.291920408562824,3
1952,1953,-0.004839577133406617,1,30.805020194142894,30.686741943011334,1
1954,1958,0.0022463909281004515,4,30.814624969919905,30.91466128887507,4
1959,1960,0.011320910591625495,1,31.329565123373076,31.715573894132664,1
1963,1965,0.0013433222383020206,2,33.052158937685086,33.129610796747656,2
1966,1968,0.01846334942195602,2,33.45965785537907,34.11089486775741,2
1971,1973,-0.0010163210048989085,2,34.195705392254624,34.195147283979395,2
1978,1982,-0.011273884542056176,4,33.90314396459298,33.55482697788804,4
1983,1985,-0.009979588554720076,2,33.437601767385495,33.13734586125779,2
1987,1989,0.0018367657538914776,2,33.369364558963454,33.46402562957344,2
1990,1991,-0.00165913102700388,1,33.2976808195497,33.27573328499426,1
1995,1996,-0.0004302437775419726,1,33.795372256653025,33.81462738028654,1
1998,2000,-0.01857894358429803,2,33.814146682600324,33.219729705715714,2
678,679,-0.008240800945918173,1,26.781595031120762,26.587674832486226,1
680,681,-0.00724964058500938,1,26.49606463737248,26.330473756471726,1
687,695,0.02582893808457162,8,26.14801509898481,26.849538577109918,8
697,698,-0.001219213635850618,1,27.104045528970747,27.09810395260408,1
704,707,0.010222247294966298,3,27.393341905053813,27.70075676214789,3
712,715,-0.0052922705344538145,3,27.28696159438253,27.169838573156188,3
719,726,-0.013317767313797295,7,26.67938291733806,26.35075248648659,7
729,733,-0.008713537777444394,4,26.14174218523445,25.94009686932043,4
736,737,-0.00044310473963167106,1,26.53248091412695,26.54725672699384,1
738,739,-0.006451468560978095,1,26.647103279053546,26.50183743328665,1
742,746,0.002804009724945446,4,26.230839015805955,26.33062138251556,4
751,754,-0.005035122067847918,3,26.290534939932403,26.184449422220755,3
759,760,0.0019349653148815656,1,26.47034309493999,26.548032633796655,1
764,766,-0.003816336954622713,2,26.9644750566997,26.888534009135515,2
769,770,7.785609511150923e-07,1,26.964021532428177,26.991006547094855,1
779,781,0.005143724494216241,2,27.609704023484795,27.77933043837194,2
783,786,0.009952501101676076,3,27.85875600915624,28.16387906503785,3
789,791,-0.013538362180078197,2,28.160698226265264,27.807609192660465,2
792,794,-0.0024131610234606176,2,27.781112627320155,27.741853441766857,2
797,799,0.007486437426206233,2,27.8382782159931,28.074526022126445,2
801,803,0.002386936388145047,2,28.107740267408552,28.202939395708768,2
806,808,-0.004555986132456384,2,28.59220094560268,28.49052747554371,2
809,810,-0.002360731806353983,1,28.648387067793905,28.609404296310018,1
814,818,-0.008710706200850349,4,28.5692948161638,28.349005377470885,4
820,823,-0.0028378608918796034,3,28.491023417175466,28.438660879467413,3
824,826,-0.006344204641353805,2,28.683880123650194,28.530587598361347,2
833,835,0.008244180373896043,2,27.92796031426719,28.186131416887285,2
838,850,-0.012274572439696731,12,28.611122680344447,28.288544505103854,12
851,853,-0.006446399083773018,2,28.21935672887028,28.065662850237498,2
855,857,-0.006669224912825535,2,28.17080171805515,28.011095107140882,2
858,859,-0.002656801460801145,1,27.98756349751601,27.94119366142906,1
862,863,-0.004808461581094961,1,27.82389288430587,27.71792665721949,1
864,868,-0.013379329831991242,4,27.957309770266054,27.61121701140478,4
869,871,0.005108652587145674,2,27.704220950581224,27.873456411565847,2
872,878,-0.013843721916293353,6,27.906927152859875,27.548498340970287,6
879,883,-0.01052171537691993,4,27.44426732422528,27.182950822035902,4
886,887,0.0017385816466450443,1,27.142140903703915,27.216471872633452,1
888,889,-0.003480282361913327,1,27.247103643141468,27.17952313256216,1
891,894,-0.004442071446430879,3,27.060074876598424,26.966932165527403,3
899,902,0.002569323048268933,3,27.316113022815866,27.413613054617322,3
905,908,-0.0011658334466576263,3,27.662799423971986,27.65821200659931,3
911,917,-0.022617580848729467,6,27.964281452401355,27.359761337227443,6
918,919,-0.0006080795495569896,1,27.308373672347216,27.319076382457748,1
922,925,-0.00953374932469471,3,27.27247719108937,27.039740707277158,3
927,928,0.002162124822856604,1,27.124491098353666,27.210262124963123,1
930,932,-0.002796481133089837,2,27.348764366467037,27.29963282726936,2
934,947,-0.038244926718967204,13,27.37379323420261,26.354258311174572,13
949,950,0.0027520273401494605,1,26.611883053998934,26.711731566790398,1
952,956,-5.878061609256068e-05,4,26.647691699629412,26.672773023593493,4
958,967,-0.016024845776044884,9,26.827166500948607,26.424092461663577,9
969,974,-0.009358948610885258,5,26.438296569394065,26.217300207011156,5
975,976,-0.00061614117105005,1,26.161464387697443,26.17150669678092,1
978,979,-0.0016125709028783723,1,26.088931578852854,26.072950258480464,1
980,982,-0.0028400984753817774,2,26.137200484092244,26.089105461330718,2
985,994,0.022322872971464777,9,25.741758603286904,26.342130369253475,9
995,996,-0.006017910253806232,1,26.35818576472812,26.22592275410756,1
998,1002,-0.011834720873144144,4,26.26895768165866,25.98434085754945,4
1003,1012,0.011388527197853705,9,25.974808201865116,26.296597819732956,9
1014,1017,0.00882461293642937,3,26.65219087827517,26.914038337562058,3
1019,1020,0.004734385149450046,1,27.142237717750834,27.297881762642348,1
1021,1022,0.003750913574694383,1,27.454175377627518,27.58460779211113,1
1025,1027,-0.011319853310252224,2,27.792056839142383,27.50524688937224,2
1028,1029,0.0005630369246947221,1,27.597527829380578,27.64066378440819,1
1031,1037,0.01571018768015443,6,27.782409689658042,28.24665896977917,6
1038,1046,-0.00620758732534107,8,28.400944841670352,28.25304444128516,8
1048,1053,-0.009208895763661192,5,28.069028363919386,27.838612635892723,5
1054,1055,-0.0002480927014987211,1,27.843668687490645,27.86460454519382,1
1057,1062,0.04102120172388545,5,28.23054458775675,29.41682599665402,5
1063,1067,-0.01011792439660781,4,29.547184911304722,29.277775913150855,4
1068,1069,-0.00033930722223826616,1,29.307370601279775,29.326733769371227,1
1070,1072,-0.013329054788008794,2,29.128047477353267,28.768926184137257,2
1078,1079,0.0008115682419117857,1,28.97829714227888,29.030793305086515,1
1081,1084,-0.01684981958354371,3,29.281908394327232,28.81779542921529,3
1086,1087,-0.0046084689764497155,1,28.520725933821623,28.417809779103603,1
1091,1099,-0.02815337648074679,8,28.46985028648954,27.69679772330999,8
1100,1101,-0.003515661088782899,1,27.859884667394038,27.789798639598295,1
1103,1104,-0.0023575016779698024,1,27.982227659828077,27.944241738826527,1
1105,1106,-0.0003934827123915121,1,27.944887937145893,27.961836994780054,1
1108,1109,0.0006481954681341704,1,28.19024388982956,28.236706922054374,1
1110,1127,-0.02743812466196732,17,28.284898467978113,27.53709879623062,17
1128,1129,-0.0011024173068047947,1,27.603164971721394,27.600337929905702,1
1130,1133,-0.004435558652806483,3,27.634819606194142,27.539878562577336,3
1135,1140,0.005687634030721675,5,27.62548490787983,27.810234040864955,5
1144,1146,-0.002382220904888116,2,28.270231321480907,28.231155616762333,2
1149,1153,0.005070061725708205,4,28.492558109011988,28.66550969545702,4
1154,1155,-0.004205109366357696,1,28.680201735349808,28.58827855213881,1
1157,1159,-0.00980896173320512,2,28.603205340371172,28.351240799080834,2
1161,1162,-0.004213733555491176,1,28.276535253060477,28.185662002884687,1
1166,1167,-0.0025623630645403035,1,27.93898856475204,27.89533772095786,1
1168,1171,-0.007061938885093975,3,27.88408770288834,27.71505606736683,3
1173,1174,-0.008003186498420925,1,27.680371535504808,27.486520731296086,1
1178,1184,-0.01432371470962571,6,26.996183290024877,26.63649384561982,6
1185,1188,-0.0004254377105554414,3,26.730259296687592,26.745617495666544,3
1189,1191,0.006300834269561145,2,26.815824426968387,27.011602316911333,2
1192,1193,-0.0028037038854477185,1,27.154258361518625,27.105280120205503,1
1196,1198,-0.00370280643414627,2,26.929315023245525,26.856530297333546,2
1201,1202,0.0006105105763641199,1,26.869046352812468,26.91231923614049,1
1204,1205,-0.0027931218870414247,1,27.010607241637675,26.962173930610415,1
1211,1213,0.0039198118713419895,2,27.533218200577885,27.668676454337337,2
1214,1215,-0.0039408121061379866,1,27.58709793074912,27.50596945918116,1
1222,1224,-0.0025628318369343194,2,27.983313291521902,27.939580078607005,2
1226,1228,-0.007653586094112865,2,27.768800541511098,27.584038436377906,2
1229,1230,0.0005530381359848289,1,27.592295175257906,27.63514706192443,1
1232,1234,-0.0004312936064656274,2,27.69568147025247,27.711432181377894,2
1238,1240,-0.007817898945468624,2,27.56536729831274,27.37742940967812,2
1241,1244,0.004357646555891699,3,27.43767680175986,27.58467817637848,3
1245,1257,-0.04503913690815814,12,27.594254829313222,26.379027663006493,12
1258,1260,0.0004637741705450422,2,26.365035359682125,26.403627817447134,2
1261,1269,0.016225262672068676,8,26.61731882852758,27.075809136975167,8
1270,1274,-0.01822620439429291,4,27.150422785187953,26.682724052898838,4
1276,1278,-0.004209766239499011,2,26.62061990508526,26.53517393803938,2
1279,1281,-0.0022520436507982296,2,26.51805474811404,26.484852986035143,2
1284,1287,-0.006075471905083048,3,26.13609653907257,26.00344351537997,3
1288,1290,0.0013179114612460172,2,26.13240825733007,26.192980865939695,2
1292,1293,-0.0024892087273517597,1,26.12225168536487,26.083350200176945,1
1295,1299,-0.006201592627636153,4,26.065101797536833,25.92952175618818,4
1300,1311,-0.0064313964953475735,11,25.949186061119384,25.8082457428899,11
1314,1316,0.004903448811823889,2,26.36259502997747,26.518225260283785,2
1317,1319,-0.025220431471608597,2,26.34867321365726,25.710496979718066,2
1323,1324,-0.00411446197907688,1,25.561218322238386,25.48160887963489,1
1325,1331,0.011185499663884685,6,25.342536979928354,25.651348455779257,6
1332,1339,0.009291225609197457,7,25.89484636628325,26.161336072354178,7
1342,1343,-0.0014577744467815135,1,26.4380608626587,26.42595819397332,1
1346,1349,-0.004471893014946625,3,26.39924408017063,26.307588729048813,3
1351,1353,-0.015086874326614506,2,26.157639671883672,25.78916028914498,2
1355,1356,-0.0018507845304427443,1,25.63159297163147,25.6097860088406,1
1358,1360,-0.0006018252504209473,2,25.772725556501914,25.782987605046344,2
1362,1363,-0.003079770702064276,1,25.87317047335876,25.819360211438752,1
1364,1366,0.0002971786090592767,2,25.839018048902417,25.87253587039455,2
1367,1370,0.00244258481153377,3,26.038437501838843,26.128077031298744,3
1373,1375,0.00493781420854206,2,26.58023398547523,26.738062476500556,2
1378,1379,-0.005814848245209949,1,26.65133045326024,26.52300834159485,1
1381,1383,0.0010186082620491704,2,26.595390675152917,26.649076350502206,2
1384,1390,-0.004785794277241469,6,26.692479579018965,26.59142734258333,6
1391,1401,0.02427119572120029,10,26.665268762698187,27.33913198855874,10
1402,1403,0.0007063604756936009,1,27.438553229531347,27.485373292272435,1
1406,1410,-0.009672535141375133,4,27.43963242015953,27.20166124372928,4
1412,1413,-0.005827954105182775,1,27.047458464579105,26.91687457645028,1
1414,1416,0.00294412991015245,2,26.996127485980946,27.102603719856692,2
1420,1421,-0.004023570992584774,1,26.990154553105484,26.908547904713334,1
1422,1425,0.014680023662747406,3,27.02026449271746,27.443942879336962,3
1426,1435,0.008337627964961458,9,27.67115266275687,27.929535591683347,9
1440,1444,-0.0016530872872217146,4,27.989194935728996,27.9709155483369,4
1445,1448,-0.0160299682493325,3,27.992791852332896,27.57206107958216,3
1451,1456,0.010067005576405389,5,27.574283979205596,27.87944873376885,5
1457,1460,-0.018276510103972014,3,27.898859014266375,27.41686409461711,3
1463,1466,-0.007518521726601344,3,27.169588107917917,26.992482557533645,3
1467,1469,-0.0009091208865501447,2,27.021307950360264,27.023763622871048,2
1470,1475,-0.009858502229344056,5,27.04840041250911,26.808792097154708,5
1476,1479,-0.01025796621353784,3,26.5773159846277,26.331264091195496,3
1483,1484,-0.00395193933657278,1,25.95736740676471,25.88074283284281,1
1487,1489,-0.000699023004949356,2,25.999578361997305,26.007403636965282,2
1490,1491,-0.006549130649676622,1,25.992899850546724,25.84866185331208,1
1493,1497,-0.009243033365813592,4,25.70357875991265,25.49170330257387,4
1502,1504,-0.004400435428972491,2,25.786286678694918,25.698602075891042,2
1512,1519,-0.000264570458434464,7,25.706632356589868,25.72553777343907,7
1520,1522,0.002258082224188381,2,25.746909509412248,25.83079505761265,2
1523,1524,-0.0007264866076453597,1,25.843244351562888,25.850312824994933,1
1526,1528,-0.00961921119126075,2,25.855244462958623,25.632392650530708,2
1531,1532,0.0005832351143143883,1,25.323770473827455,25.363863956468457,1
1539,1542,0.010154338367476128,3,25.363584201987415,25.646498202388354,3
1543,1545,0.0004163739553367249,2,25.695443937507,25.7318382950709,2
1547,1550,-0.002703734480280757,3,25.739623409350774,25.69576992543882,3
1551,1554,0.001219221092487561,3,25.826671706720287,25.883986801320592,3
1555,1556,-0.005227301488667941,1,25.907295802768793,25.797777852654388,1
1558,1560,-0.0075505002587529756,2,25.786241731598427,25.617328948463324,2
1565,1566,0.0005552011402637105,1,25.965565674604218,26.005947351948954,1
1569,1572,0.0041642568594933696,3,26.222973116620263,26.35839528541408,3
1575,1577,0.0014985269407695526,2,26.391649685915606,26.45758993366722,2
1583,1586,-0.0008164086000173449,3,25.965088632011344,25.96985559898397,3
1591,1595,-0.0010755335874541728,4,26.370777598531642,26.36878571909567,4
1596,1598,-0.009184179490349317,2,26.2759563942691,26.06090925085781,2
1601,1602,0.0029811548361133016,1,26.086349696401022,26.190203493651392,1
1604,1606,-0.008532572233003232,2,26.234926286363624,26.037309809084075,2
1607,1611,-0.021822928732689036,4,25.891924944081225,25.35277923621849,4
1612,1613,-0.002142992727543312,1,25.30955595109181,25.28062731270236,1
1614,1615,-0.00024686872666868987,1,25.280069277781635,25.299108488546715,1
1618,1632,-0.035824703308246504,14,25.58838160694424,24.697273809344214,14
1633,1636,-0.02489575241071195,3,24.38485527619113,23.802160811940222,3
1637,1641,-0.018017841877736883,4,23.69728095705739,23.294004376797883,4
1642,1645,-0.03730000347869961,3,23.158030415021717,22.317393830396597,3
1646,1649,0.06882525252858765,3,21.964123747365118,23.497774234594036,3
1650,1652,0.011148758896076163,2,23.84461409586417,24.134296563484803,2
1654,1655,0.0047401796921250315,1,24.283807080084063,24.423200496332644,1
1657,1658,0.004315135308602894,1,24.876720048507348,25.0089431815994,1
1660,1662,0.03661003029917605,2,26.05006355298029,27.02980723250334,2
1666,1668,-0.021021646526338755,2,27.8302810666219,27.27307301637734,2
1669,1675,-0.008850262724604166,6,26.860931642614258,26.650066272192102,6
1678,1682,0.014517929896883951,4,25.82921234970496,26.23002825623941,4
1686,1688,0.004065603230205269,2,26.41676964042743,26.550586514049566,2
1692,1693,0.006983742762550939,1,27.268872613173542,27.48658027754189,1
1698,1702,-0.015081354554127284,4,27.991273836255473,27.597118784945494,4
1704,1705,0.011026334588275129,1,27.832407271514402,28.167129113758776,1
1706,1708,0.029179546292190755,2,28.908296264069204,29.780735529399045,2
1709,1710,-0.0024639039177548347,1,30.13862423568748,30.094504185593117,1
1712,1714,0.0027758565705322405,2,30.550162941374804,30.665515974847825,2
1717,1730,0.0458478160760799,13,30.428815719636304,31.854339281882755,13
1733,1737,-0.005211848625996533,4,31.230840303278605,31.099300731458523,4
1738,1739,-0.005586470350353406,1,31.288248852113128,31.144746226438432,1
1745,1752,-0.013836124563552155,7,30.821401745125062,30.425774393101353,7
1753,1754,-0.0019276322204724054,1,30.54719366334958,30.518857102262448,1
1758,1759,0.005720137261060945,1,30.510608522645445,30.715643999836118,1
1760,1762,0.010359741833212123,2,31.04026524681427,31.392874646452505,2
1764,1771,0.04244372145027579,7,31.128568891741942,32.4809097678205,7
1773,1774,0.005828734437553319,1,33.84602776133374,34.07715329668194,1
1776,1780,-0.002905943485006295,4,33.51483955911263,33.45096216900391,4
1782,1784,-0.022500007739463628,2,34.11358455324851,33.38014222133282,2
1789,1791,-0.024756504531156392,2,31.83981598182369,31.08341324918031,2
1792,1793,0.022114032313580032,1,31.770452596906487,32.50479586484845,1
1794,1798,0.06713684584364317,4,32.54144487168472,34.75871628443611,4
1799,1804,0.0068413416040253,5,35.07793038655696,35.35298842148017,5
1805,1809,-0.03166366089928011,4,34.901699024944236,33.83148516123461,4
1810,1819,-0.037672661370896886,9,33.63481178974257,32.40133372670349,9
1820,1825,-0.05313783191723023,5,32.273113579505186,30.590463408251264,5
1830,1832,0.02039716598484392,2,30.624225071537577,31.279496698550485,2
1835,1841,-0.06104401212753726,6,31.828961747880005,29.917823182683378,6
1842,1847,0.004681415910619354,5,30.02919336872482,30.199801705712957,5
1851,1859,0.0047663151045709284,8,30.48779358411537,30.663595808764494,8
1863,1864,-0.0010655199460775395,1,30.775402039803442,30.77338563712128,1
1868,1871,-0.006762071330692447,3,30.31139200774138,30.136735604860192,3
1872,1873,-0.0077757186168755,1,29.939056979625313,29.73619835387677,1
1875,1878,0.006125461691813017,3,29.499601543235798,29.709799823955873,3
1879,1880,0.0027376872651999977,1,29.81772208629196,29.929171406411164,1
1881,1891,0.031937658693855786,10,30.2946648347599,31.292500165331976,10
1892,1895,0.00885289906888877,3,31.710417541434087,32.02285708490216,3
1899,1900,-0.0008005506139648295,1,31.678307522944706,31.68462574193079,1
1901,1907,0.01003845552258716,6,31.682701186011432,32.03242927388864,6
1910,1911,-0.004999577483264782,1,31.60798983084234,31.48157122642364,1
1912,1914,-0.002384170415674865,2,31.313866197794372,31.270522470602984,2
1918,1919,0.0021994025790970984,1,31.43206591767845,31.53262975044182,1
1922,1923,0.0020524374642372353,1,33.118645937878114,33.2197385335037,1
1924,1926,-0.019283040580904964,2,33.085111820972365,32.48021537892575,2
1928,1929,-0.0010002118335942082,1,32.56427091161546,32.56426401340891,1
1930,1933,-0.003839196179955876,3,32.66172097346497,32.56898794004633,3
1934,1937,-0.009930325517581204,3,32.37849159440698,32.08934112470066,3
1940,1941,2.95961063014247e-05,1,31.617341707711567,31.64989479962543,1
1942,1945,-0.0012439569270312222,3,31.522019504083584,31.51432948907155,3
1949,1951,-0.01590752792177398,2,31.33773331516879,30.870565180767805,2
1953,1957,0.00047059608908171856,4,30.739002707120488,30.78420736428385,4
1959,1960,0.01214353422382617,1,31.257204275200966,31.668034409333195,1
1961,1964,0.033796650850397375,3,32.011544904312686,33.12543945552987,3
1965,1967,0.012832433805693655,2,33.22403624855785,33.683605530723995,2
1970,1974,-0.009217076895147752,4,34.323666096463775,34.041625892825756,4
1976,1977,-0.0027941301096004456,1,33.8725681480397,33.811796353635806,1
1980,1983,-0.011225580459200673,3,33.74173779869292,33.39670894399913,3
1984,1993,0.00372836449251069,9,33.248626944091626,33.4058385711588,9
1995,2000,-0.016354711323462917,5,33.75358369934468,33.2353071655089,5
676,681,-0.02525443081973146,5,26.990452338126293,26.33581427909795,5
684,686,-0.004955835285440359,2,26.233350453813443,26.129575640432925,2
687,695,0.02622456280138126,8,26.101707303484936,26.812314873191934,8
696,700,-0.0015589964272774487,4,26.97664821083968,26.9615683608699,4
701,706,0.020958401098790293,5,26.92789820639888,27.51919179596238,5
713,715,-0.003760766399965379,2,27.316598600913807,27.241183853335063,2
724,726,-0.007803845817410717,2,26.590632546909482,26.409713982872887,2
730,731,-0.0032337534966006406,1,26.042104871977813,25.98393322916119,1
736,737,-0.0008985398671782621,1,26.54871422728902,26.55140786336077,1
739,743,-0.00975274407349196,4,26.521405908738448,26.289270830350063,4
753,755,0.0004422215698914084,2,26.223610515422198,26.26143077214797,2
756,757,-0.0019757666380606116,1,26.369524787606192,26.343794285056934,1
759,762,0.01259911382109585,3,26.433386184466993,26.792856811866542,3
763,772,0.007790802986301046,9,26.91968412711465,27.15632976672957,9
778,779,0.002813450644969186,1,27.47204609831395,27.576809390226188,1
781,782,0.0003490111293972349,1,27.755598896103862,27.793041507917792,1
783,795,-0.008070821651191168,12,27.83509654406322,27.63827954075646,12
797,798,0.0008381473825441687,1,27.847102982879225,27.898290062338642,1
799,804,0.00990675066155871,5,28.098943764808475,28.4054119383044,5
807,809,0.001957391960128351,2,28.524717138990454,28.60907590812224,2
811,814,-0.005014817385707125,3,28.68617918030727,28.571009409404663,3
815,819,-0.005169224380035529,4,28.589147120382293,28.469952551203573,4
820,824,0.005277133948329385,4,28.474425371121225,28.65316315327746,4
827,828,-0.003964631251715724,1,28.533608909923444,28.44901728122485,1
830,831,-0.00512153288410008,1,28.147848800938515,28.03183651648877,1
832,834,0.0007885602272569069,2,27.93842461973347,27.98839417482054,2
835,836,0.00597321853199186,1,28.192523739042024,28.389116368042732,1
837,838,0.0006905409852463315,1,28.530358674770927,28.578590415434405,1
840,841,-0.004658571981937773,1,28.714500258387964,28.60944619226728,1
842,849,-0.013284680249661777,7,28.689002393666946,28.336567172578967,7
852,853,-0.005482592486251355,1,28.156012612745478,28.029800682164787,1
856,857,-0.006011641843961074,1,28.167038361455724,28.025875253382996,1
861,863,-0.0003171781623029918,2,27.722889173082027,27.74181896721346,2
865,866,-0.005911198479871964,1,27.812218885627473,27.675627558514513,1
867,869,-0.003234742013653724,2,27.72792336408434,27.66595860879125,2
871,874,-0.0026728962373024877,3,27.922218372007933,27.875507397956262,3
875,879,-0.01642881132731225,4,27.798317356185432,27.369422362480098,4
882,886,0.0005880232776914773,4,27.153585060921305,27.196705586070824,4
893,895,-0.0011998932091575028,2,27.08975184259847,27.084336785167373,2
896,907,0.010299238602698529,11,27.310696039269693,27.619286110223175,11
909,910,0.0010016311006667933,1,27.75367966980545,27.809232298190476,1
913,916,-0.016760811162044587,3,27.924344266472126,27.484233949664336,3
922,925,-0.008242944223810441,3,27.266364090206498,27.068875335915024,3
932,933,-0.0006025826048438256,1,27.291810849151037,27.302657089527802,1
940,941,-0.0033739340111422324,1,27.059569164710066,26.995331533143105,1
943,948,-0.011241006764652069,5,26.74952563692829,26.475583563929273,5
949,950,0.0016934139920401253,1,26.6089829518629,26.680651958859404,1
953,954,-0.004798548347741899,1,26.65426198930416,26.55301448646441,1
955,956,0.0012370699404808398,1,26.673857953138693,26.733529238962316,1
959,965,-0.013655359123296247,6,26.795811052488617,26.456700440619382,6
966,967,-0.002325116148659976,1,26.448333932710618,26.41328681831123,1
969,970,-0.0057254716789322925,1,26.459070784843405,26.334039195198763,1
973,977,-0.0043393823799885625,4,26.241210186883848,26.15358075195619,4
978,980,-0.0007549411295260295,2,26.10969626255887,26.11609467523339,2
981,988,-0.005095765667470421,7,26.125307202094188,26.018304065803733,7
991,997,-0.003995082520239471,6,26.328191216903193,26.249336111599924,6
998,1001,-0.008416041398847914,3,26.269588705828934,26.0747723484558,3
1005,1014,0.019229555740091397,9,26.064966056778374,26.592248740487562,9
1016,1017,-0.00045310903546849255,1,26.904324791634767,26.919038523770134,1
1018,1020,0.00936859784654983,2,27.03545420384497,27.315773956083454,2
1021,1028,0.0034830164271551474,7,27.46834612153505,27.591487168424674,7
1029,1032,0.008659796229106287,3,27.645999187445263,27.913053906146022,3
1035,1040,0.0013828702301246069,5,28.31049597032684,28.377956208374595,5
1041,1044,-0.002103260943231658,3,28.481088874552142,28.44966680157614,3
1046,1047,-0.005421178522767105,1,28.29255329460057,28.167466865620238,1
1048,1050,-0.00729041164487321,2,28.10487320556441,27.928081983874442,2
1052,1055,0.0010203905586944036,3,27.86349147176869,27.919786606870513,3
1057,1058,0.000424415830668977,1,28.266632958684372,28.306896398150432,1
1060,1062,0.0234373299835942,2,28.71827994767318,29.420078031315708,2
1064,1065,-0.006621058587474252,1,29.52044427514575,29.354508128346886,1
1069,1070,-0.007971816458604855,1,29.31778433361686,29.113386122269922,1
1072,1073,-0.0013986516700660425,1,28.742354140837463,28.73089595335759,1
1074,1082,0.018000444587914586,8,28.614110488111326,29.15779130887315,8
1084,1087,-0.016266863667303143,3,28.87221863473862,28.431430409069495,3
1089,1092,-0.0045532853402372965,3,28.475684918901703,28.374502685126153,3
1099,1101,0.0011657935444991862,2,27.75619546993385,27.81630965890249,2
1103,1104,-0.00414430255223318,1,28.05440950161356,27.96619795021624,1
1106,1110,0.007843581405094373,4,27.996973101429948,28.24456661214868,4
1111,1114,-0.020598408309161424,3,28.167924860120344,27.615878367489927,3
1120,1122,0.007188895233674396,2,27.221185745634745,27.44409718384214,2
1128,1129,-0.0007808021609700242,1,27.62585188135509,27.631907408388845,1
1130,1132,-0.0031612314493332638,2,27.644896080846753,27.585149062023277,2
1135,1137,0.00639190052516661,2,27.56158388610469,27.76531637250681,2
1139,1143,0.00971073548925504,4,27.875875981704528,28.174447115875843,4
1144,1146,-0.0029118161711526895,2,28.251415972427477,28.19740445851343,2
1148,1149,0.0007815680330996672,1,28.391186096363175,28.44176692593424,1
1150,1154,0.004323830533961624,4,28.472351443830263,28.623933417820613,4
1157,1158,-0.008069796156091106,1,28.67190237428219,28.46919786908867,1
1160,1161,-0.003083235144194866,1,28.312279634281218,28.25329849833481,1
1165,1174,-0.018555355385028068,9,28.01070189004589,27.518964063782057,9
1177,1179,-0.008428747576690564,2,27.082643900415007,26.881453775169426,2
1180,1181,-0.008786775203027052,1,26.90832975518238,26.69880064028985,1
1187,1190,0.003358496703818258,3,26.8214579250562,26.93835916101416,3
1192,1198,-0.010572608089611087,6,27.115080967219516,26.85551892380225,6
1200,1203,-0.0013966380708437078,3,26.939824473775598,26.92913911376745,3
1205,1207,-0.002174907997849897,2,27.01038791437004,26.978653193584417,2
1208,1209,0.0037743438787237304,1,27.181889229795207,27.311664916251626,1
1210,1215,0.003455466942160009,5,27.417190100868048,27.539346485009382,5
1218,1220,0.002819895432643563,2,27.61440788406709,27.719892034618596,2
1221,1222,0.00024484757689896834,1,27.93991198647296,27.974692918208092,1
1224,1225,-0.0038873687054853403,1,28.00988011453438,27.929005263247277,1
1228,1230,-0.0018254215488238514,2,27.641032760508487,27.618217256436218,2
1235,1236,-0.005043606644982966,1,27.774211974153783,27.66190398605593,1
1239,1241,-0.0045104655924228096,2,27.477875063115157,27.381414928153198,2
1242,1243,0.0011672078464376387,1,27.503497564077115,27.56310335980246,1
1249,1252,-0.011438283925803358,3,26.978190217345105,26.696584208052126,3
1253,1259,-0.009763971986375158,6,26.59991676041649,26.36679583508829,6
1263,1271,0.005613617083411281,8,26.78165912711327,26.958782765438443,8
1272,1273,-0.0029801725301592547,1,26.926097840259384,26.872779520971722,1
1275,1278,-0.007602594810239527,3,26.690930800172715,26.514701398991033,3
1279,1283,-0.012937707942630172,4,26.559829714284227,26.24276622414911,4
1288,1290,0.00143596473303364,2,26.085022998039467,26.148565194123062,2
1292,1294,-0.0028445218330554207,2,26.156191726275416,26.107946059566718,2
1295,1298,-0.0017757721379906756,3,26.029638455377604,26.00944538710195,3
1299,1302,-0.011993020832759466,3,25.974082500389322,25.68854887035073,3
1303,1305,-0.01439494145700252,2,25.46009638751512,25.119059886914712,2
1307,1308,0.005370743508262559,1,25.37440224553847,25.536056053920277,1
1310,1314,0.01958977279446543,4,25.747633940421874,26.277771873250227,4
1315,1319,-0.02612136215418303,4,26.41073699707635,25.747263308213913,4
1322,1324,-0.0057784252235717586,2,25.647013422994846,25.524461087145124,2
1326,1328,-0.0009251498900084178,2,25.317313564554585,25.319208568259583,2
1329,1331,0.009705187433500066,2,25.373230176228116,25.644855361057978,2
1333,1335,0.003435585396051488,2,25.91375555349044,26.02869822918035,2
1338,1339,-0.004032616523242204,1,26.24716765805089,26.167570063722778,1
1340,1344,0.006688640059244558,4,26.263025613091944,26.46495256389773,4
1345,1350,-0.010095963980801096,5,26.468860391087144,26.228100590356963,5
1351,1352,-0.008729376249918343,1,26.189456117533677,25.987027957420533,1
1357,1361,0.004735087900660125,4,25.709829764606923,25.85727789821795,4
1366,1380,0.023136779038864894,14,25.894707401135083,26.51972223195234,14
1381,1383,-0.00023569305044142386,2,26.624484116595394,26.64483339483412,2
1386,1388,-0.005495770738299132,2,26.604350937707075,26.48474387524989,2
1389,1392,0.007596029778067633,3,26.577313426608477,26.80577280424464,3
1393,1394,0.0044424597738628255,1,26.988147124646954,27.135029029743936,1
1396,1400,0.0013930045912490473,4,27.231213325341944,27.29637774385477,4
1403,1405,-0.003175238280846126,2,27.510994290665924,27.451151322740728,2
1406,1407,-0.006235109107081757,1,27.42168715187179,27.27813162773148,1
1409,1414,-0.009607561668702708,5,27.24975036434407,27.015196457626224,5
1418,1424,0.007967501635477353,6,27.091793343382303,27.3347390444971,6
1425,1428,0.013470436851129166,3,27.45603308192645,27.85333387482098,3
1431,1433,0.0007139083134470254,2,27.944613124453454,27.992507629203516,2
1435,1441,0.00045088813016491984,6,27.94644553891071,27.986992705023415,6
1442,1447,-0.014016942851601155,5,27.99969639098555,27.63522594320191,5
1453,1455,0.004068398331529162,2,27.727833664103798,27.86836936998386,2
1456,1459,-0.018686058377623334,3,27.937688232148314,27.4435806471387,3
1464,1469,-0.003621034936012186,5,27.066158489921367,26.99521714293564,5
1472,1473,-0.0035658480824947484,1,27.07217555443625,27.002712464700938,1
1474,1476,-0.014917790392330463,2,26.963502439306172,26.588230064112818,2
1478,1491,-0.018081619434911017,13,26.35906509378734,25.908809575195217,13
1493,1494,-0.00703383529555056,1,25.691238651618487,25.53622194905594,1
1496,1498,0.003357970577946635,2,25.4107907116099,25.521530189893454,2
1507,1515,0.002475629194352208,8,25.680052513532672,25.769306853761204,8
1518,1523,0.004014106427490746,5,25.71965341283254,25.848614492322657,5
1525,1526,-0.0039895593421788635,1,25.9478106323539,25.870238112668858,1
1527,1535,-0.021264132471968678,8,25.80267646238712,25.279807608421958,8
1538,1539,0.002750990138908186,1,25.289536009095862,25.384396809283544,1
1541,1545,0.007559651496533862,4,25.5364560368979,25.755039201030304,4
1546,1547,-0.005128027533469214,1,25.787380952779568,25.680929934190434,1
1548,1553,0.006098943706978307,5,25.73703669893065,25.91974247364079,5
1554,1557,-0.0032477138545266627,3,25.884408161633836,25.82622741879271,3
1558,1564,0.006322486032784672,6,25.69296548292765,25.881101863817207,6
1565,1567,0.0017863903519131554,2,25.979674526645788,26.052064041092677,2
1568,1569,0.0013114661150085494,1,26.13354042943257,26.19394722260041,1
1570,1572,0.005908151167728229,2,26.245219755370215,26.42652570087056,2
1574,1575,-0.002823835848368908,1,26.466247759798502,26.41797766836237,1
1578,1579,-0.0062528050876292035,1,26.468273046919204,26.32924036759759,1
1580,1582,-0.014258328187619615,2,26.24267113815499,25.894737191685557,2
1583,1584,-0.0021927000801761926,1,25.926412750644147,25.895490316077773,1
1586,1593,0.015601768134709815,7,26.045284741434802,26.477682519714598,7
1595,1597,-0.008898852061395752,2,26.315298193702723,26.10743754631915,2
1598,1600,-0.0023215580415171136,2,26.03720636389751,26.00279668444866,2
1603,1607,-0.013938516742751879,4,26.243501046463273,25.90394906878518,4
1612,1620,0.006925855181397823,8,25.358520981102846,25.559508946013505,8
1625,1626,-0.005712433580091159,1,25.367518832169875,25.247976084581563,1
1628,1629,-0.005210818571713921,1,25.185148078305453,25.07909798904596,1
1631,1632,-0.007645697723871079,1,24.83580208589503,24.670750852502284,1
1633,1635,-0.020912131141172734,2,24.425876340441178,23.939505087512245,2
1639,1640,-0.01078765969618464,1,23.587401076842546,23.356535621984992,1
1642,1643,-0.0108700589752673,1,23.107144531897784,22.879075652617928,1
1647,1648,0.020583012796173885,1,22.331541770152462,22.813523721935955,1
1649,1654,0.030988973563365968,5,23.513837425387667,24.26602094916168,5
1655,1656,0.007856626818783925,1,24.42819362396404,24.644545018748488,1
1657,1658,0.005119038850415472,1,24.901757255539053,25.05413207562931,1
1659,1661,0.04036322336488289,2,25.470451284131215,26.523991249801103,2
1662,1664,0.0008991213123064326,2,27.061989190061873,27.113383190486125,2
1665,1666,0.009156579034452664,1,27.519149057556394,27.79864946992035,1
1667,1669,-0.0312557232236236,2,27.620168989493855,26.784500801158018,2
1670,1674,0.0009357442290171792,4,26.749599768749604,26.80138015213048,4
1675,1677,-0.015972982329579576,2,26.60888213269156,26.210467810708902,2
1679,1681,0.013242469104062002,2,25.690770861129042,26.05667087137821,2
1683,1689,0.010993624945006695,6,26.376967716702016,26.69332317468269,6
1693,1698,0.013818874419168434,5,27.50974184104818,27.917405250694415,5
1699,1705,0.012214150654821024,6,27.863939086315114,28.232137375238437,6
1706,1711,0.0466793332208386,5,28.93328922639223,30.312809164592284,5
1713,1715,0.00446078092123513,2,30.659047666267472,30.826470008826664,2
1716,1719,-0.009305287004451393,3,30.75599746170697,30.500560075679314,3
1720,1728,0.03559145476841689,8,30.76049204747809,31.88606320088763,8
1729,1731,-0.007629898243983029,2,31.93122171434845,31.719520963576258,2
1733,1738,0.0024781530770965807,5,31.180526859387783,31.288977504829255,5
1742,1745,-0.011867368043445185,3,31.201580689846352,30.86250162895254,3
1746,1748,-0.0028920400753223137,2,30.4817212699064,30.424048631698934,2
1750,1754,0.005985486823470006,4,30.270617002081753,30.482071998288102,4
1755,1760,0.01788830641210544,5,30.455854282009863,31.0311137897309,5
1761,1766,-0.02227535854763673,5,31.324467523493983,30.658028245617846,5
1769,1771,0.061666039291513555,2,30.600854168512786,32.518488498190685,2
1772,1774,0.0171423351096885,2,33.43626381049537,34.042875713361326,2
1781,1782,0.012766041363144395,1,33.5829273180972,34.045231284653596,1
1783,1785,-0.03840614794220479,2,33.91055823848833,32.64209488021668,2
1789,1790,-0.024229445510891515,1,31.861158541248315,31.12104149500051,1
1791,1798,0.11688102772965421,7,31.063676568416966,34.725494687363536,7
1799,1801,-0.0033315341558629256,2,35.08240940420601,35.00061356841014,2
1803,1807,-0.0202181196623187,4,35.183603563941105,34.5074408604977,4
1808,1812,-0.029148202082600796,4,34.248396718704335,33.28436592686116,4
1815,1818,-0.024424630253951175,3,33.54820106534525,32.76234685970433,3
1819,1824,-0.04765905232814132,5,32.43416005933838,30.9208128879104,5
1825,1827,-0.02261045275760456,2,30.57845787701795,29.917643557666253,2
1830,1831,0.006057816605186541,1,30.560934636413435,30.776628108360335,1
1834,1836,-0.014535178322492192,2,31.993535976916704,31.560497762302067,2
1837,1840,-0.04077949827889389,3,31.276632175356507,30.032463439567316,3
1841,1847,0.0071217903726695,6,29.980692506324388,30.224189406088218,6
1849,1850,0.004743321538642542,1,30.25034958555701,30.424087069883207,1
1851,1852,-0.008287080832481442,1,30.53641086680169,30.31388957248144,1
1853,1857,0.022517011369870676,4,30.24543625320167,30.956718521454913,4
1860,1870,-0.018674432118781368,10,30.824616727323935,30.279809131389396,10
1871,1873,-0.01872480565691662,2,30.173097791579195,29.638285497156314,2
1874,1876,-0.006912161246995854,2,29.631583206439124,29.456396508518882,2
1878,1879,0.0007161995709235578,1,29.785321501190218,29.83643905717038,1
1880,1888,0.032839992483036276,8,29.985792432836146,31.000511423361207,8
1890,1899,0.011782129035025086,9,31.2835453144421,31.683415627324354,9
1900,1905,0.003833612612613499,5,31.70308704361329,31.856327485006084,5
1907,1908,-0.00774313467578578,1,32.105259111574824,31.888769025584477,1
1914,1916,0.0036572336284749294,2,31.30549506844577,31.45129207283459,2
1918,1921,0.03187277161834602,3,31.449840167917735,32.48368358119118,3
1923,1927,-0.021098637364087184,4,33.18882857888246,32.521778348736646,4
1931,1932,-0.0065808045068411454,1,32.67268681135679,32.49034693354936,1
1933,1936,-0.009578056984422743,3,32.543581841988534,32.26442114247073,3
1937,1941,-0.01877834444578748,4,32.152216216527634,31.580603041934772,4
1942,1946,-0.005369472093661637,4,31.547241165927606,31.40939637602107,4
1951,1953,-0.009855227472272216,2,30.992371999685552,30.717927495723057,2
1960,1965,0.04735353903325585,5,31.68861070163303,33.22086717610409,5
1968,1973,0.0020405703801133625,5,34.143864406996094,34.247681229774614,5
1975,1976,-0.003588061521640605,1,33.93287055342724,33.845050196829106,1
1977,1979,-0.0005907754024547785,2,33.81041886647129,33.824254921524755,2
1980,1981,-0.0029357683022856232,1,33.78622081611177,33.72081852080192,1
1986,1988,0.006802790241638563,2,33.230579509776824,33.489870751299705,2
1992,1994,0.005587142025078651,2,33.369561697105745,33.589371739319205,2
1997,1999,-0.01977815040527972,2,33.85542918886553,33.219686847521714,2
674,676,-0.006158488919882023,2,27.131606829856484,26.991648736646074,2
678,680,-0.011494742165688476,2,26.763243631396897,26.482370289967882,2
687,688,0.003842083740660941,1,26.13178852584147,26.258320834176835,1
694,697,0.011506114320170235,3,26.76615826256168,27.100898897705047,3
700,702,-0.0021688069171488366,2,26.998120992213103,26.966565401647383,2
704,705,0.003597546792328746,1,27.402870745508515,27.528856726005127,1
706,707,0.005021985687152551,1,27.556748860486906,27.722695207709215,1
711,719,-0.028438778509286656,8,27.40759004164897,26.655559249022833,8
722,728,-0.024782054871787546,6,26.835695280431462,26.19748730274967,6
729,731,-0.009757147994642099,2,26.166919208473217,25.937771624400774,2
733,737,0.022040675420458525,4,25.955863736460028,26.553904368069453,4
740,746,-0.0014422230438614985,6,26.368871198866096,26.35721027638134,6
751,752,-0.0032625318504651162,1,26.33732469100719,26.277735655037745,1
753,754,-0.002252640579221285,1,26.25757572080775,26.22468441594789,1
756,761,0.011816479582495418,5,26.35482876755451,26.692604892354034,5
763,765,0.0013480319382303632,2,26.893825280557092,26.956972841257027,2
766,767,-0.0005850101110551321,1,26.95463528018565,26.965821181287122,1
768,771,0.0017306075856236116,3,26.988497138603467,27.06219213361472,3
773,774,-0.0027555873391863855,1,27.270528032938504,27.22265223919095,1
777,779,0.01237938134855679,2,27.189938979169284,27.55372354161558,2
780,786,0.01409437736141483,6,27.73889718299149,28.15759856466105,6
787,788,-0.0022340881724471394,1,28.242357117925,28.20750355904374,1
791,793,-0.004054983925605101,2,27.829506158442435,27.744487464470865,2
795,800,0.017165454226728445,5,27.607400362326896,28.10890132992771,5
801,805,0.01376256616646596,4,28.063647383675878,28.477938835049763,4
806,810,0.0023208536892120445,4,28.55247948311108,28.647298089938722,4
811,821,-0.0068264784340809565,10,28.6369542684424,28.470101671979556,10
827,830,-0.010792824680884511,3,28.44632292059463,28.16775306741742,3
834,839,0.019976718086388873,5,28.051652076151054,28.64008367360994,5
843,846,-0.00452269535530426,3,28.66651233825941,28.56552894839265,3
848,851,-0.016735542782755904,3,28.59610572684666,28.146130481761652,3
852,859,-0.009998091431937722,7,28.16082190963551,27.907428259294093,7
860,861,-0.0034835347114497268,1,27.84319341734567,27.774043880016084,1
863,866,-0.0061365216841037535,3,27.80037943124348,27.657582179468587,3
869,875,0.0020228155425738924,6,27.665057184748477,27.74868354959273,6
877,882,-0.01946101013009505,5,27.66434464498272,27.153632898249253,5
883,887,5.1575411512238666e-05,4,27.170822641224124,27.199394810224195,4
888,893,-0.010258638870489629,5,27.275023613165132,27.02249401934676,5
895,897,0.006912042701603464,2,27.147665750267432,27.362459240932406,2
901,910,0.016394715431524036,9,27.379837135666296,27.856101611202686,9
911,912,0.0029256550806150763,1,27.826577351540873,27.935814896297078,1
913,921,-0.02211243117230892,8,27.929354647092,27.339698069418265,8
923,926,-0.005869078615827179,3,27.213090115895262,27.08058744074138,3
929,931,-0.0012506608288776165,2,27.218476363458514,27.211653757612464,2
932,937,-0.00471053430621415,5,27.288847138819165,27.187590935333542,5
939,940,-0.006191474999757136,1,27.174157946609917,27.03308398499064,1
942,945,-0.016580802520732515,3,26.933356955549947,26.513713639605125,3
947,952,0.008435999077555292,5,26.388479899577014,26.63748157156751,5
954,961,0.003134244674933123,7,26.636812768199313,26.74693586954343,7
962,963,-0.0048381379014606875,1,26.73940870900397,26.636779170975295,1
965,966,-0.0036498612975092905,1,26.47639214470182,26.406233377859895,1
967,969,-0.002388853796503727,2,26.4837102533784,26.446928251847492,2
970,971,-0.009300297667113766,1,26.416530275940065,26.19726521131744,1
976,982,-0.007856297962198833,6,26.166521599610142,25.987116130888904,6
986,989,0.007386747429761485,3,25.88651545334146,26.103619120285252,3
992,993,-0.002434798364391504,1,26.376764765503488,26.338919426560004,1
994,995,-0.0009158019580947184,1,26.328218801080627,26.330435585550532,1
996,999,-0.002776764887208555,3,26.281217814781012,26.23452226977463,3
1000,1005,-0.004848009163965392,5,26.155548448437095,26.05490165831897,5
1006,1009,-0.005538613193652989,3,26.139578188671287,26.02094075422766,3
1010,1013,0.01280432306451933,3,26.132173232520078,26.49291019419977,3
1014,1015,0.0015148350662240813,1,26.666786552226863,26.733849122151916,1
1018,1021,0.013291202067825327,3,27.027966935692195,27.414229072652674,3
1022,1029,0.00022954989449919423,7,27.637457804646854,27.671439437974783,7
1031,1033,0.009975679676857398,2,27.782669460353382,28.08760314091823,2
1034,1036,-0.00035607112041714166,2,28.245132913182864,28.26332076997332,2
1038,1040,-0.0036647248033814814,2,28.46461502105104,28.38876465538574,2
1042,1044,-0.0023559815661333148,2,28.473374426545565,28.434765055697557,2
1045,1046,-0.00646589981954524,1,28.41759373050433,28.262266010060856,1
1052,1053,0.000614475300471371,1,27.77233389325629,27.817171640363398,1
1054,1056,0.004525225113124274,2,27.905143797021786,28.059325998314435,2
1057,1059,0.004125534082402176,2,28.26250692240114,28.407367364886035,2
1060,1062,0.023355091348856005,2,28.69018917586893,29.388941354063178,2
1064,1066,-0.0072890714255564116,2,29.47210356171042,29.286751397349427,2
1067,1069,-0.0006964190732909039,2,29.333089961489204,29.341994928122954,2
1074,1075,-0.0021556198640765604,1,28.71614219294902,28.682957248611203,1
1080,1081,-0.0005926624802232538,1,29.23933354708276,29.251243824689755,1
1085,1089,-0.007204481023744123,4,28.694244634766168,28.51621173843909,4
1090,1092,-0.007689081500138645,2,28.534268945359184,28.3434008948368,2
1095,1099,-0.011381487755088626,4,28.024098483366306,27.73316664811384,4
1101,1102,-0.00046499641287808216,1,27.82574541152834,27.84063228513785,1
1110,1111,-0.004951187411988021,1,28.29875738557407,28.186943691617287,1
1114,1117,-0.022324938507141293,3,27.652261676179133,27.062578896351233,3
1123,1124,0.001097924538659,1,27.475193450897418,27.53283433344246,1
1126,1127,-0.003307657670889703,1,27.607873074034295,27.54416355395805,1
1129,1133,-0.0039169246378872175,4,27.654219136994136,27.573553863851906,4
1137,1140,0.0007091541735746486,3,27.754487268475092,27.80192396622543,3
1141,1146,0.0106050049682693,5,27.880406073372935,28.203958324371794,5
1147,1151,0.007823841908302417,4,28.301341919448078,28.5510684863381,4
1154,1155,-0.0039945160738685155,1,28.723332121626278,28.637319641893004,1
1157,1161,-0.013364533918965353,4,28.587490076027123,28.234019085324,4
1162,1163,-0.0037982623365867825,1,28.19820499349008,28.119299018497443,1
1164,1167,-0.0072828516367063586,3,28.06255998009206,27.88624707919097,3
1168,1170,-0.005323729642280421,2,27.869219925846913,27.748720953546297,2
1173,1176,-0.021183168990541634,3,27.713521979716297,27.154175282276594,3
1181,1184,-0.0002797051423192844,3,26.687208392184065,26.70643105115481,3
1189,1190,0.001454461959815025,1,26.874092537751675,26.940053975590136,1
1191,1192,-0.002204035466824306,1,27.09915241474343,27.0665240741152,1
1193,1195,-0.005221126166392914,2,27.11118178055737,26.996742061741624,2
1196,1199,-0.006371409215252818,3,26.9735962111471,26.828709987890036,3
1200,1210,0.0173250048529051,10,26.9056368292703,27.39868275473718,10
1213,1214,-0.0062093459988647485,1,27.721667832843735,27.577256073436853,1
1216,1220,0.008114629908051847,4,27.4636920394035,27.714013428251373,4
1222,1223,0.0004714094739553807,1,27.967882180179423,28.009034386985807,1
1225,1227,-0.01453134662876078,2,27.985221441744336,27.606543709933465,2
1228,1229,-0.0029527392513502447,1,27.6375467916508,27.583577869219713,1
1230,1238,-0.007179355899448025,8,27.637293925280147,27.46651325001819,8
1239,1240,-0.0041310110537585,1,27.48244200986919,27.39639418015201,1
1243,1246,-0.004851050417914194,3,27.61957168646274,27.513207323376978,3
1247,1250,-0.02044712900449563,3,27.35264448806107,26.82071408208764,3
1252,1255,-0.006512396232830799,3,26.713181042741507,26.56592740419457,3
1260,1262,0.006709431293762907,2,26.46462122826534,26.66864840734011,2
1267,1271,-0.004135239558694668,4,26.978312656916245,26.893729183847448,4
1275,1276,-0.004054595326502327,1,26.673229281446314,26.591753359940483,1
1277,1281,-0.00039745489420622674,4,26.54624144534544,26.562236753205553,4
1287,1289,0.0025084169439835726,2,25.99708372549542,26.088292334532106,2
1292,1293,-0.0031168082720154896,1,26.131377061779418,26.076061946655887,1
1296,1303,-0.0186754323381102,7,25.940267640656185,25.481762195141297,7
1305,1307,0.007771285501825831,2,25.156683569942647,25.377340023813705,2
1308,1315,0.034090755260024926,7,25.530589836082253,26.426477515664295,7
1316,1317,-0.009621548428598439,1,26.516341551043148,26.287729628211572,1
1318,1321,-0.012276032247272039,3,25.997734452018655,25.704583159981677,3
1323,1324,-0.003318325212494367,1,25.595813435768008,25.536474016145565,1
1325,1328,-0.003274561259764073,3,25.37426332251233,25.31654800616389,3
1329,1334,0.01977818718133038,5,25.368577280590678,25.895690327850836,5
1339,1340,-0.002013209945812882,1,26.21878249722608,26.192217366032786,1
1342,1343,-0.0018370348734884205,1,26.394975613461742,26.3728820983884,1
1344,1345,-0.0012910137128872925,1,26.431306288355966,26.42361441577653,1
1347,1350,-0.006065719853575388,3,26.385855158711927,26.252191808380875,3
1356,1362,0.006824899977026626,6,25.674915773416544,25.87581942126211,6
1363,1364,-0.001524856468340146,1,25.827779295125097,25.81422341809919,1
1366,1369,0.006612724209289279,3,25.864075360641838,26.06097143329068,3
1370,1372,0.00806133899805312,2,26.129667006433124,26.366436777084658,2
1373,1378,0.0008078616945412077,5,26.55762782528747,26.605640343330688,5
1379,1381,-0.0007956848270173443,2,26.58193604750029,26.587367140362048,2
1382,1383,-0.0026746531886484718,1,26.697835687625886,26.65312607196159,1
1385,1397,0.024167163569160897,12,26.601979897860208,27.271476277213186,12
1398,1399,-0.0005015173933945354,1,27.30383678861682,27.31744727634954,1
1400,1401,-0.0011763406770970413,1,27.327614649805263,27.32279567973447,1
1403,1405,-0.0031633260450905994,2,27.521249413966515,27.461711978315847,2
1406,1407,-0.007387812472586194,1,27.47941552930799,27.303882176050497,1
1413,1415,0.0002811532039838508,2,26.98313403137573,27.017703559993553,2
1416,1419,-0.0040615461285127335,3,27.106867912579315,27.02387898606545,3
1421,1425,0.013839382350544882,4,26.993975415106714,27.39454933745269,4
1427,1428,-0.00017729942875960563,1,27.851626973491626,27.874540522912692,1
1429,1430,-0.002509030722488496,1,27.85396742467824,27.811934932091205,1
1431,1433,-0.00031384782672129897,2,27.941440682138904,27.96061276238749,2
1441,1443,0.0005235775427920089,2,27.984147763386694,28.026783782473164,2
1444,1449,-0.017645900474987035,5,28.03936857500629,27.572628036325256,5
1450,1462,-0.009923137418199814,12,27.547749451551024,27.301937097632695,12
1464,1467,-0.0019172839773692694,3,27.058237045210912,27.03341695791348,3
1470,1472,-0.003912048794825339,2,27.06732001956654,26.98849866292441,2
1480,1491,-0.019034619406151466,11,26.40300592967133,25.926837766551348,11
1493,1498,-0.01228190457629208,5,25.76727726183798,25.476573298579062,5
1501,1513,0.0009202644252780555,12,25.647568417840645,25.69681853106831,12
1515,1522,-0.0006254069316725779,7,25.834459322852886,25.844136732239214,7
1524,1527,-0.0021172080802041855,3,25.84640200648762,25.817526197321765,3
1528,1530,-0.007992009865083173,2,25.65767375662272,25.47827504860133,2
1531,1532,-0.002488982635758077,1,25.43062021526548,25.392754463348393,1
1535,1536,-0.002139180077031607,1,25.313049032616636,25.284212911469755,1
1538,1540,0.008941959624377202,2,25.298483245672035,25.54999974465849,2
1543,1548,-0.0024473267715156974,5,25.739758953424772,25.70250511119912,5
1549,1554,0.0040145318759127035,5,25.743758510915832,25.87285140857462,5
1555,1556,-0.00572735290384517,1,25.881910279273576,25.759557355557792,1
1559,1562,0.00010852102653512359,3,25.73243286815612,25.760957811054375,3
1566,1569,0.005634862469750659,3,26.01591416531603,26.18852617782774,3
1572,1573,-0.0023335777879367704,1,26.389480321537913,26.354287896745916,1
1574,1581,-0.017218568260882684,7,26.4033163303253,25.97509234210824,7
1583,1587,0.0019438518890818484,4,25.90685687728398,25.983122826842344,4
1588,1591,0.00763034756613598,3,26.12431323432971,26.34977513746858,3
1605,1609,-0.024972664543364807,4,26.202602225060144,25.574456031755552,4
1610,1611,-0.0073470352293917626,1,25.476534012814643,25.31483355391251,1
1612,1617,0.0040733680707891375,5,25.351671641343234,25.480290002789555,5
1628,1629,-0.005917616972855085,1,25.20792444105415,25.083961523972373,1
1631,1635,-0.03592274930924888,4,24.840597597246784,23.973095634666205,4
1636,1638,-0.005050330386287164,2,23.811371628141774,23.714927706097136,2
1640,1643,-0.02216845588013818,3,23.39886313747998,22.903545335508845,3
1645,1646,-0.016889997860616547,1,22.328290636596627,21.973494146149882,1
1648,1657,0.08744493361841837,9,22.833809879408747,24.85334467844864,9
1659,1662,0.060944157771792365,3,25.451498600545225,27.02807024538595,3
1663,1673,-0.012539284304780542,10,27.177384346908507,26.863776782269237,10
1677,1678,-0.01902659134166683,1,26.207558688603168,25.73512573806097,1
1681,1694,0.06277266563458224,13,26.055010254168558,27.71660771121326,13
1696,1697,0.0012257543418220987,1,28.014107136556625,28.076459657148085,1
1699,1704,-0.0024308043818470878,5,27.84157578823755,27.80173993960221,5
1705,1706,0.025019980689225983,1,28.157527612707188,28.890185937446176,1
1707,1709,0.01865654011453231,2,29.498558136717847,30.078397728053105,2
1710,1712,0.010606417535489618,2,30.181931498199912,30.532235597195566,2
1713,1727,0.05053861882857418,14,30.64073785562033,32.21991916458741,14
1729,1732,-0.020107017836455954,3,31.952318523300644,31.341805003359816,3
1737,1740,-0.005063412707257325,3,31.12998130813701,31.00348734651284,3
1741,1745,-0.006625365757895049,4,30.97116451230188,30.79694038397224,4
1747,1749,-0.005516872394194822,2,30.457013716420096,30.319443271954786,2
1751,1752,0.0015160596939019608,1,30.331864619896564,30.408181401907576,1
1753,1755,-0.0005110310674914512,2,30.438741870588625,30.45362546970799,2
1756,1758,0.001646969276764922,2,30.379185842649765,30.45959861422839,2
1759,1764,0.00933698592760377,5,30.775573914683374,31.093700589153386,5
1765,1767,-0.013794089519298579,2,30.831204250791593,30.436747063619187,2
1768,1778,0.10768684966497945,10,30.31775543431261,33.61289676138136,10
1779,1780,-0.005480609711751714,1,33.659351607191766,33.50853718948932,1
1785,1786,-0.022468950824131882,1,32.597375297477726,31.897543850220405,1
1788,1793,0.011040704994425957,5,32.14234878417952,32.52936532371777,5
1798,1800,0.005666210062754361,2,34.801970098676314,35.03396734195179,2
1801,1802,-0.00507959973729765,1,35.04725565419847,34.9042768792386,1
1806,1809,-0.023717265086782877,3,34.63972577518505,33.852805942216705,3
1810,1816,-0.009370594251712109,6,33.64899575068937,33.36733366028277,6
1818,1819,-0.011427708808882692,1,32.76101679171325,32.41939444832635,1
1828,1830,0.0011126607931265168,2,30.477829419757875,30.542218735032595,2
1831,1833,0.020242312917554232,2,30.783570917491588,31.437485163640666,2
1837,1847,-0.03476946868618861,10,31.27975847255678,30.22345764830623,10
1851,1854,-0.0016971942336103721,3,30.472527431261906,30.451282160853296,3
1855,1856,0.003496552586628671,1,30.903982669674768,31.042944052885222,1
1859,1861,0.006485576948523685,2,30.70305203677323,30.932882095349022,2
1866,1868,-0.016516000633448977,2,30.780065243480845,30.302481731665395,2
1873,1882,0.02064519497934647,9,29.770624319539092,30.41501528759239,9
1883,1887,0.003320986555432571,4,30.50561241833326,30.637426759458116,4
1891,1892,0.01064614760399139,1,31.325706588466364,31.69053039119497,1
1895,1896,-0.003218688468575626,1,32.06014322771336,31.98901175763315,1
1898,1899,-0.005208612694916981,1,31.786881072618502,31.653102401404464,1
1900,1910,-0.0020192005826891635,10,31.671347014827283,31.63906755949522,10
1911,1917,-0.0034263166324725357,6,31.545243885308803,31.468705135394476,6
1918,1919,0.001142723588984585,1,31.45702877855863,31.524432496161815,1
1921,1924,0.013585874121033029,3,32.58721885266172,33.0625319248012,3
1925,1931,-0.005577621312348182,6,32.72716620751447,32.57735363399019,6
1935,1939,-0.025544067696760674,4,32.4489159826947,31.652487592128942,4
1940,1942,-0.006193039141165864,2,31.653446827749566,31.48906923942025,2
1945,1952,-0.02447964152693195,7,31.523186590857964,30.78303346991803,7
1954,1955,-0.008446194939459275,1,30.812879800823996,30.583441091180934,1
1957,1964,0.07388494104088023,7,30.830866425527176,33.13963404004203,7
1967,1969,0.016163261914243866,2,33.781802753182355,34.36160868177055,2
1970,1974,-0.009819251856910523,4,34.286631809938704,33.984249368681695,4
1976,1977,-0.004486749611349956,1,33.8903683955674,33.77220116673565,1
1978,1980,-0.005233910424271631,2,33.91152115222873,33.7679428093194,2
1981,1983,-0.010748996437824794,2,33.70779180692083,33.37917466466822,2
1990,1999,-0.004987501679196667,9,33.32827831700627,33.19538175125248,9
677,683,-0.025026920289343273,6,26.869354966858,26.223767116843234,6
684,685,-0.0006776486096090712,1,26.179754466830257,26.188193547082733,1
687,688,0.0031432461743143127,1,26.120253301234218,26.228475940796677,1
689,695,0.01785576669331836,6,26.363557699442214,26.860662792628734,6
696,698,0.004001669995391804,2,26.992443121952302,27.12745041481769,2
699,702,-0.004278610366757047,3,27.093571147667433,27.00474188443022,3
704,706,0.003637101787400677,2,27.349128821372172,27.47594951551361,2
712,714,0.0035432760117691036,2,27.283107863470093,27.407062552952706,2
715,719,-0.023359030618266195,4,27.256818511401374,26.647382471748426,4
724,728,-0.014759578823716462,4,26.594167593113774,26.2282430478652,4
731,732,-0.004292044829080147,1,25.99507548460626,25.909498530775615,1
735,736,0.008350304542881493,1,26.25938712228585,26.504920388988644,1
739,741,-0.014332492907861153,2,26.584059922544935,26.22962813216545,2
742,743,-0.0018977844903223496,1,26.223607548487117,26.200064400349785,1
744,747,0.004114052466540525,3,26.23978122500468,26.3739728428999,3
750,751,-0.004555037949578449,1,26.375990200886694,26.282222554764832,1
753,759,0.00430217208896998,6,26.290463967691117,26.42986053194668,6
761,764,0.006210104448987898,3,26.752017654959875,26.944902496473304,3
765,767,-0.0015671678093792467,2,26.93879761940104,26.923518800567933,2
768,769,-0.0012298617383395163,1,26.959495090802665,26.953298134396338,1
777,784,0.023076166940430385,7,27.262071378698085,27.91843756035355,7
785,787,0.005651660054442259,2,28.04106038790475,28.22757998917118,2
790,791,-0.006281804519617499,1,27.95877730440552,27.81110450807613,1
795,799,0.012182424718955143,4,27.69165918902822,28.056702401630545,4
800,802,0.00018662651520102622,2,28.081292541775888,28.114614548087076,2
803,805,0.006556518121773544,2,28.246891071532772,28.460339215798573,2
808,820,-0.0008379062137059325,12,28.526992565944607,28.531616614181203,12
821,823,0.0009712941090283889,2,28.451704375506186,28.507791052733438,2
824,826,-0.003859502657498782,2,28.6395533848961,28.55765850588241,2
827,828,-0.0020726999513396016,1,28.479614317947192,28.44906423705416,1
833,835,0.007572939217609423,2,27.925213410813683,28.16461456802336,2
836,837,0.002966190799607261,1,28.42734568720262,28.54009396412446,1
838,845,-0.0014873684173264813,7,28.622540174293825,28.608590452189215,7
846,849,-0.008972731078099788,3,28.621442520697425,28.393251456412614,3
851,855,-0.00426368134704104,4,28.225858950854356,28.13373874149224,4
860,869,-0.009790558273279317,9,27.881234432466282,27.636142816456726,9
870,871,0.0016033362723198974,1,27.821243193414595,27.893671244961045,1
873,875,-0.002840798966256242,2,27.889398437313737,27.83805966150082,2
877,880,-0.015107941656193016,3,27.662273312205897,27.27201557423963,3
881,884,-0.003056795982831087,3,27.198891473956987,27.142948903235894,3
886,887,-0.0006495681025626454,1,27.17726885562373,27.18679263751597,1
888,889,-0.0019859867659826527,1,27.268654029661327,27.24176749766192,1
892,895,-0.0006542637566821833,3,27.081833210009442,27.09119638128563,3
900,908,0.013403383499552342,8,27.322641432784458,27.71617991556161,8
909,913,0.003430693941447306,4,27.753271484395526,27.87623773621678,4
914,915,-0.005738000358294108,1,27.717016567808738,27.585693333379616,1
917,918,-0.003200415353265341,1,27.39468151496035,27.334401837157017,1
919,922,-0.0037831264436786905,3,27.314176573775256,27.238157766665474,3
924,931,0.00405415682682341,7,27.114033468509593,27.25107204586718,7
932,934,-0.00031079256322158856,2,27.30890242070384,27.327723919342446,2
938,939,-0.0036554664704164914,1,27.201702030673694,27.12946882299298,1
942,943,-0.00994100903784955,1,26.91972396901502,26.679034473711642,1
945,947,-0.008074670989374269,2,26.535238127536996,26.34751004815997,2
948,949,0.005668121365103888,1,26.451925404023036,26.628310052957737,1
950,951,-0.0064883540871043,1,26.770100742840878,26.623176951016713,1
953,959,0.003070369898333665,6,26.641244971818544,26.749684693405968,6
963,965,-0.005826676643513613,2,26.602796811819914,26.474393713796164,2
966,969,-0.002232972766299783,3,26.45407251145616,26.421455360491816,3
973,974,-0.00019701402417359132,1,26.190275070288127,26.211305493872604,1
976,983,-0.013168355044833591,7,26.172312747225153,25.853838753372493,7
984,985,-0.002524253527093913,1,25.740846143781464,25.701610568256424,1
989,995,0.004140605239284893,6,26.151169477124967,26.285602315952502,6
997,999,-0.007182609985696491,2,26.327384864712702,26.164612912150854,2
1001,1002,-0.004663652199346941,1,26.07852028438342,25.982977656187824,1
1005,1009,-0.003706032070319119,4,26.111305037950302,26.040647009119724,4
1011,1023,0.051901197945067604,12,26.256487224556377,27.645486852564773,12
1029,1034,0.01731019054322349,5,27.64884136883065,28.155096922593298,5
1035,1036,0.0008489396858837946,1,28.231730484062997,28.283929250956156,1
1037,1040,-0.00024834297226306056,3,28.349315050106675,28.370624011995616,3
1042,1056,-0.01486301158593513,14,28.506605303623523,28.11141790402371,14
1065,1073,-0.02354547520696164,8,29.40754367303531,28.74453662625725,8
1074,1075,-0.003017308299592544,1,28.687701863078935,28.62982992401431,1
1079,1080,0.0017800367711568836,1,29.084177784572752,29.16503286827273,1
1081,1083,-0.007028153663679554,2,29.200113271535013,29.02409050173735,2
1084,1089,-0.01382398594892112,5,28.85001292104967,28.480040760723938,5
1092,1100,-0.019876604025919866,8,28.37288238525774,27.837298719397232,8
1107,1108,0.004286085512813278,1,28.03868083226237,28.186895696808186,1
1109,1112,-0.008686630814813186,3,28.256082471279345,28.038888397049707,3
1117,1120,0.0015303806419354866,3,27.122772619453894,27.191403558245778,3
1125,1129,-4.087930020222328e-05,4,27.616317183324973,27.64280456478768,4
1130,1131,-0.003480699140848964,1,27.665066404351016,27.596437697890213,1
1135,1137,0.006688646401017117,2,27.550952185882814,27.762781715251396,2
1139,1155,0.02530077382777906,16,27.876164037868474,28.60932872341452,16
1156,1157,-0.0036195687370982874,1,28.647946293673552,28.572901029180574,1
1158,1159,-0.010082511055984796,1,28.529394454921285,28.27027591436391,1
1160,1161,-0.0028360999894158105,1,28.27805242349758,28.226131091742097,1
1162,1163,-0.0060501740458487364,1,28.268738741971813,28.125976691268228,1
1164,1165,-0.002753291095970991,1,28.05811769105234,28.008923643134914,1
1171,1172,-0.0018590335653178196,1,27.72615575049301,27.702338052066107,1
1173,1175,-0.01739656530516719,2,27.673202548213546,27.219457075428643,2
1176,1178,-0.009777798646158194,2,27.204652236778667,26.965855277205467,2
1180,1183,-0.0060737926794820814,3,26.82178532078635,26.685697142775105,3
1184,1189,0.005584054948079537,5,26.701311543135905,26.877114445521702,5
1190,1193,0.00380992819794924,3,27.002828801862705,27.13271046954118,3
1196,1199,-0.004656385475030247,3,26.94711922758598,26.848590172248326,3
1200,1202,-0.0009778942589820715,2,26.909837292810533,26.910432154704562,2
1204,1211,0.017888868937655632,7,27.006383370562435,27.516503406529072,7
1214,1217,-0.005124388874335992,3,27.627618985248148,27.513671940880997,3
1218,1220,0.0031203820404124647,2,27.631458018005887,27.74531018137369,2
1225,1226,-0.006293438008165727,1,27.952046571711133,27.80408414598242,1
1227,1230,-0.0017509438304021603,3,27.60887701310168,27.58814429724436,3
1233,1234,-0.0007965458581224787,1,27.734552761670358,27.74019547130284,1
1235,1236,-0.004954123763926013,1,27.729411060709634,27.61976553747481,1
1237,1239,-0.004955067048063218,2,27.59072937708889,27.481606192497537,2
1240,1253,-0.032511965649872805,13,27.417208504036495,26.553238371441896,13
1257,1261,0.003978836528315142,4,26.386094247502836,26.51746629738187,4
1262,1263,-0.000442529736526225,1,26.72724921743787,26.742148864101043,1
1267,1268,0.0012935840156966657,1,26.995329814512026,27.05724587147305,1
1275,1281,-0.007387320141144235,6,26.66812438995123,26.497786541908756,6
1282,1295,-0.014344096810437745,13,26.37414260390876,26.02220349170991,13
1298,1300,-0.0038808328862140404,2,26.033885600835035,25.958886327040215,2
1301,1304,-0.032181324011052226,3,25.902478449003407,25.094804875795734,3
1305,1306,0.0009712618107359265,1,25.152466478482744,25.202048575097592,1
1309,1310,0.0017106421172165295,1,25.64180223260501,25.711307981698045,1
1311,1318,0.006383197295767345,7,25.79168341657047,25.982108503824982,7
1321,1324,-0.009103515271089251,3,25.710157169493264,25.50181451824817,3
1325,1327,-0.00036044779112867826,2,25.295250852492373,25.31142848604904,2
1328,1331,0.011018589706323457,3,25.35416764715257,25.658888985449035,3
1333,1337,0.007307786187034798,4,25.9094878760692,26.124738361559153,4
1340,1344,0.006182289733154414,4,26.219373434555855,26.407688571184607,4
1345,1346,-0.005949174178904895,1,26.479327640582074,26.348276835948543,1
1351,1355,-0.02360648747283025,4,26.16330547706603,25.571845039550904,4
1357,1358,-0.002304232916613672,1,25.734934069073148,25.70136972095338,1
1359,1363,0.0024751709300467597,4,25.771243363585725,25.86080283935402,4
1368,1369,0.0006875997152931044,1,26.02931904139842,26.073246112801957,1
1377,1379,-0.006629117262464268,2,26.726242152429087,26.57579700136805,2
1382,1383,-0.0035608019443453044,1,26.71147598232987,26.643073182697986,1
1390,1395,0.023077545254994114,5,26.600140032600766,27.240606108024892,5
1396,1398,0.001705235543232974,2,27.259838455632977,27.333582739525944,2
1399,1403,0.0016553783998476106,4,27.35109492661943,27.42372243329976,4
1404,1405,-0.002761145135244101,1,27.509177275014654,27.460729621282194,1
1409,1410,-0.0031665814964376027,1,27.228364939539706,27.16937246788345,1
1411,1414,-0.00806866145220426,3,27.172192104383008,26.980121077482867,3
1415,1417,-0.0013344166504147613,2,27.111010901321013,27.101944527866035,2
1418,1421,-0.006576355871931119,3,27.059761346196744,26.908866487120825,3
1422,1425,0.012181871888606612,3,27.10270897290861,27.45997341042368,3
1429,1434,0.0021826507600001105,5,27.872690666088786,27.961399706220462,5
1436,1440,0.0006496859110786291,4,27.914407352946082,27.960457357472347,4
1442,1446,-0.010279777107734995,4,28.06699226636521,27.80653683404882,4
1447,1449,-0.002838650617075681,2,27.660987905452604,27.61012901297132,2
1457,1468,-0.031018880814904788,11,27.88762195068797,27.050466751139144,11
1470,1471,-0.00448533685827002,1,27.058817237844085,26.964508144783835,1
1476,1477,-0.007560132789968926,1,26.587629560542506,26.413211180054844,1
1478,1480,0.0026941924444695863,2,26.29495671467695,26.392095345099964,2
1481,1482,-0.012395138306299111,1,26.414813324989666,26.113812873816336,1
1486,1490,0.0014429152080491065,4,25.930251219843424,25.993596624896913,4
1491,1495,-0.022549923249918266,4,25.882804887977954,25.32503242914942,4
1499,1504,0.001277488896943704,5,25.639411437643805,25.69780491251721,5
1505,1507,-0.0018051076464775315,2,25.636723373797967,25.616083051779093,2
1509,1510,-0.00275390617488519,1,25.807128270404398,25.76186498877488,1
1513,1515,0.004582378330727714,2,25.684331188120865,25.827710841984665,2
1517,1519,0.0002515252005958267,2,25.68126809160473,25.71340884580463,2
1522,1529,-0.013691470031966645,7,25.88203669093177,25.553555597902548,7
1530,1532,-0.006485460905444168,2,25.505482260948035,25.365572935131105,2
1533,1535,-0.004498058237526538,2,25.407183201402642,25.31830739491263,2
1536,1537,-0.002634328910318641,1,25.32900743917815,25.287611510050624,1
1541,1542,0.0005578010460520152,1,25.593837512927607,25.63370761977773,1
1543,1554,0.005852321104588362,11,25.710622493878308,25.886799935005214,11
1555,1557,-0.004041101794010733,2,25.83267670115948,25.754116901699483,2
1558,1559,-0.006236570515333146,1,25.837182488655717,25.70188426063634,1
1561,1562,0.0004081536526061233,1,25.734314099004333,25.77055196740016,1
1568,1575,0.007055367980609638,7,26.172768292617487,26.383599572285753,7
1581,1582,-0.004714771348578126,1,25.986781256553716,25.890246306100103,1
1583,1586,0.002498788729002807,3,25.922230921854975,26.01292733123497,3
1593,1595,-0.0035876672967622768,2,26.437458306824407,26.36904696055432,2
1599,1600,-0.0020986790504164124,1,26.00678695177741,25.97821383978485,1
1604,1609,-0.027064338829550352,5,26.235262715491196,25.551457938792364,5
1613,1619,0.01058824358308258,6,25.283102969167384,25.576089724910254,6
1620,1622,-0.0006608072574527872,2,25.573822064018525,25.582496518861834,2
1628,1631,-0.017070740229127218,3,25.208205813028997,24.803091285765433,3
1632,1633,-0.014624529652890298,1,24.712556791480726,24.37585982867646,1
1636,1637,-0.006680368610882037,1,23.829549289391743,23.694188665596815,1
1638,1639,-0.01072927885934449,1,23.764352893156744,23.533142876947352,1
1640,1645,-0.04764410371436632,5,23.42426671935297,22.331662793062492,5
1646,1650,0.08821464280552144,4,21.904031572683127,23.858191925440916,4
1654,1655,0.00614529215042082,1,24.276148294906342,24.449608466760388,1
1657,1660,0.04271762340618629,3,24.920576588265874,26.010044970616704,3
1662,1670,-0.015051756183711587,8,27.087974941351117,26.707341321964762,8
1671,1674,-0.010003872610859364,3,27.037925477697204,26.79447944103411,3
1679,1680,0.004994879807329767,1,25.714903787057153,25.86906154451761,1
1682,1684,0.005061510493051618,2,26.287223492019436,26.446563773049505,2
1688,1694,0.04175089553824694,6,26.554667034067105,27.689902830493438,6
1695,1701,-0.0076025338331030595,6,27.963609252242584,27.77897857605898,6
1708,1715,0.03413127915820323,7,29.813853057866186,30.861251852423734,7
1717,1720,0.009987375170749966,3,30.449285274324676,30.783842995314874,3
1728,1731,-0.007758082734120763,3,31.916718880738127,31.701023053940425,3
1733,1735,-0.009098834725081585,2,31.208490368275367,30.955737962763404,2
1737,1738,0.004024135363222546,1,31.048086995416973,31.204076787251058,1
1748,1753,0.002734392611149409,5,30.3789096672306,30.492356443026683,5
1754,1757,-0.004904761726426133,3,30.47664256998335,30.35763854252611,3
1758,1761,0.026522185535683647,3,30.460121284117093,31.29845039353799,3
1764,1766,-0.016065353707312286,2,31.14375483289698,30.67456315056557,2
1767,1769,0.005490126488400411,2,30.382564002894043,30.579750686314746,2
1770,1771,0.03290407792845496,1,31.42822794912538,32.49377303866577,1
1772,1773,0.010424450740599375,1,33.483680839701314,33.86621350206843,1
1774,1775,-0.012172757074335534,1,34.15336586279467,33.77177860273876,1
1778,1780,-0.007841170595367833,2,33.71822455183304,33.48755242550103,2
1786,1787,0.0012264572991331911,1,31.93335276265738,32.00445100900159,1
1794,1795,0.00267398195671492,1,32.533921881889285,32.65345092386452,1
1796,1802,0.05016445412325993,6,33.22828168205025,34.92838857576627,6
1804,1805,-0.01029256219892474,1,35.303163852661655,34.975107006741965,1
1806,1811,-0.03814427875782952,5,34.642034915116966,33.3552815134914,5
1816,1819,-0.029680038402204217,3,33.3881238998619,32.43055122423631,3
1822,1826,-0.056024617559554554,4,31.64971724535407,29.908203658060422,4
1829,1833,0.026514236576462194,4,30.677722256111362,31.52179636389301,4
1835,1836,-0.007952998978940395,1,31.821048810582255,31.599797090693464,1
1838,1842,-0.03151622973074946,4,30.8553458792181,29.913757055946146,4
1845,1848,0.0039049253800903716,3,29.995214433117756,30.142338721672008,3
1850,1851,0.0014673664489624457,1,30.4154568114936,30.490502889160144,1
1863,1866,-0.0039314548592209765,3,30.8212948236047,30.73094358912656,3
1867,1870,-0.009396488712157692,3,30.548957031318547,30.29245305843689,3
1872,1884,0.010676850077304283,12,29.961834162443658,30.311694007999566,12
1887,1894,0.0404998007120476,7,30.662292290776254,31.93477131021802,7
1896,1897,-0.0052954933599525696,1,31.984589991114238,31.8472003971866,1
1902,1907,0.002143228756834525,5,31.875279965627065,31.975471262247176,5
1908,1913,-0.029450549298285365,5,31.94764030680355,31.038712391290947,5
1914,1915,-5.242081349803897e-05,1,31.287457907033343,31.317105250944604,1
1917,1920,0.01233635529787971,3,31.532787978068303,31.95332044207653,3
1921,1927,-0.0011429487362086864,6,32.55012958226056,32.54547658237335,6
1931,1935,-0.00833819627356392,4,32.606897356131455,32.36762154346021,4
1939,1940,-0.00434987470862532,1,31.742657883865057,31.63632395703535,1
1942,1947,-0.007559668557578519,5,31.48376456875283,31.277241508236976,5
1949,1951,-0.013296314125257058,2,31.341254296645666,30.955872388734548,2
1953,1958,0.004420144019839447,5,30.698859024884147,30.865251262043767,5
1959,1961,0.02111942998679478,2,31.318619258074644,32.01136926403671,2
1962,1965,0.026379900733938106,3,32.347264376730514,33.23292926437985,3
1970,1975,-0.013841076453110831,5,34.3019399799838,33.86146614621081,5
1976,1980,-0.003988047539942084,4,33.87110187617879,33.76989341354255,4
1981,1983,-0.010793333330021353,2,33.71054293753266,33.3804043538094,2
1984,1985,-0.005298148228768201,1,33.23948682524264,33.09661858381956,1
1986,1989,0.00658593201483944,3,33.251778936739605,33.50402467112618,3
1991,1996,0.013487749320464874,5,33.34220081393671,33.82525426112162,5
1998,1999,-0.021439095233627133,1,33.851102033562135,33.15921613533493,1
672,674,0.005174584944278546,2,26.94183501611518,27.108189664976923,2
675,678,-0.01593234899145378,3,27.098715471129225,26.694067994494215,3
680,681,-0.007375350990396307,1,26.472709107215646,26.303936294990486,1
682,684,-0.004725995856195864,2,26.23422163599265,26.136473034886418,2
685,686,-0.005272027826042791,1,26.210162112784225,26.09819157091332,1
687,688,0.0005586413623408339,1,26.15454321059693,26.195308763458097,1
691,692,0.0030762892242717516,1,26.476995479743046,26.584923371108214,1
695,696,0.00541239229857124,1,26.810608092002763,26.982528228851933,1
700,702,-0.0016449402098608324,2,26.99307259647815,26.97566367857299,2
704,706,0.004928920127410468,2,27.35810617532398,27.52031020167469,2
707,709,-0.00417788319158488,2,27.7662688843178,27.6780309251373,2
713,714,0.0002182851475270285,1,27.359650515502757,27.392982371367324,1
718,721,-0.007886156913745527,3,26.857541469575548,26.672596224698623,3
723,728,-0.02218126517817425,5,26.804726828162643,26.23696880118681,5
729,736,0.013308842814693016,7,26.154129629439584,26.52836495926234,7
738,746,-0.013482044462514008,8,26.659139717772923,26.32637915048331,8
750,752,-0.004018439444875423,2,26.335074371527217,26.25558354426047,2
753,754,-0.0028189366545314683,1,26.21385296646939,26.16617162845218,1
756,758,0.00126962559635209,2,26.31255649173069,26.37227614344978,2
760,761,0.00454228255984518,1,26.572135637321857,26.719405921242426,1
762,769,0.003149596845674873,7,26.86158082996497,26.973045561046835,7
777,780,0.0162460334801788,3,27.242374641583304,27.712197546731623,3
782,783,-0.0024314612386385007,1,27.808244901572692,27.768438476881524,1
790,792,-0.0049008120920354895,2,27.96229424513682,27.853218589624337,2
793,803,0.01481349473042973,10,27.742480005203152,28.181185566574484,10
811,815,-0.0007160612525066972,4,28.604736165771378,28.612858158730663,4
817,820,-0.0011111425003344844,3,28.4747158661367,28.471551115019025,3
823,824,0.00021143700018208186,1,28.55986467619823,28.59446315298717,1
825,826,-0.0012101804595720936,1,28.54807902270177,28.54207877433288,1
830,833,-0.008815909674129208,3,28.160698769473115,27.94059729153055,3
834,835,0.003514933469830603,1,28.043523380996607,28.170138023321446,1
842,849,-0.01336765214713653,7,28.73595024118991,28.38055400448945,7
850,852,-0.007075230832098022,2,28.291302631633634,28.119426437605718,2
856,857,-0.004647523860424099,1,28.11003653317215,28.00750450420001,1
858,859,-0.003071495309066037,1,27.969239805093256,27.911301656038862,1
862,865,-0.0014730324130421812,3,27.82050829348693,27.807348291316803,3
866,869,-0.0032631568846652487,3,27.730516606399547,27.66775809682645,3
874,875,-0.005923694944905234,1,27.887542746949745,27.75023299370076,1
876,889,-0.022804517408680613,13,27.798134592339125,27.19200968269162,13
892,893,-0.005367786909658393,1,27.105590183398903,26.987198741417288,1
895,905,0.018136357812648482,10,27.130723812904296,27.649907051504176,10
906,907,-0.0038970349590730603,1,27.651641710005627,27.57153393729598,1
914,916,-0.010806192486780414,2,27.73302440576252,27.461069030199035,2
919,922,-0.003108802649328065,3,27.331813069077793,27.274175669266782,3
923,924,-0.003052177312345164,1,27.18115287699694,27.12537233173938,1
926,927,-0.0035415950116743523,1,27.183067746564756,27.11397939717808,1
929,930,0.002971688815313847,1,27.220702660823466,27.328814821126443,1
931,935,0.003803482650523244,4,27.225072298509794,27.355847460954926,4
939,943,-0.017993707862324095,4,27.173003899327707,26.71123380932074,4
946,948,0.0012678197821604236,2,26.385822816336734,26.445661107288203,2
949,951,-0.0016545259022836274,2,26.610713815817196,26.593296414346487,2
954,957,0.00459105097300427,3,26.60870058229162,26.75747118357262,3
958,960,-0.0007202673389993821,2,26.799933053751207,26.80742987033897,2
963,964,-0.004987964745488699,1,26.615261371865284,26.509120647822318,1
965,975,-0.012689862497738139,10,26.43489007154442,26.125869841465242,10
976,977,-0.0006671808158555976,1,26.167433805868246,26.176142829838668,1
979,985,-0.011854229003790673,6,26.08615690071765,25.803011779888447,6
986,992,0.015596048531731133,6,25.945488987546582,26.3760815819634,6
993,997,-0.005977407805633694,4,26.37553437686087,26.244252586175723,4
1000,1002,-0.008574013984270944,2,26.16468511714989,25.96651342617855,2
1003,1004,-0.0023281728890594254,1,25.993982645054587,25.959458142026744,1
1006,1012,0.006436280512266868,6,26.136668089330538,26.331027684898814,6
1014,1019,0.0199694601201327,5,26.60449869597365,27.16238067039499,5
1022,1023,0.0006214223672601959,1,27.61180992139636,27.65658032760345,1
1024,1026,-0.004020256230529012,2,27.721509619369034,27.637783557221464,2
1027,1041,0.030719877154900023,14,27.568968125299026,28.443452407520866,14
1049,1051,-0.012015987550571983,2,28.07699055207486,27.767694773695677,2
1056,1062,0.042866526404326144,6,28.124962883656934,29.358707310613564,6
1063,1064,-0.004918402890575443,1,29.572809825362956,29.456931641860816,1
1065,1069,-0.008596823887153167,4,29.46694546653438,29.243090271332772,4
1074,1075,-0.002238796842674952,1,28.65323745929069,28.617741919193705,1
1078,1083,0.0025583654100694753,5,28.958165224089033,29.061208957561508,5
1085,1086,-0.0043848758263290545,1,28.668390744239225,28.571351801429294,1
1087,1088,-0.0014672169340096588,1,28.452210538133325,28.4389171835599,1
1092,1093,-0.007038949696373588,1,28.436218653521276,28.26449375951758,1
1095,1099,-0.010341796758959923,4,28.04548586857467,27.783490639584162,4
1102,1105,0.00031561825596979347,3,27.890172728078284,27.926865548481494,3
1106,1110,0.010157767120008609,4,27.97008137348539,28.28216502777843,4
1111,1112,-0.004953946803937598,1,28.151312419080124,28.040003627314054,1
1113,1114,-0.008897630144917078,1,27.839332715695498,27.619467962425645,1
1120,1124,0.011425023487569977,4,27.214744140261104,27.552887975412055,4
1125,1128,-0.00033561231822322153,3,27.552050533867845,27.57035577685024,3
1129,1142,0.011311515623186122,13,27.646059702251055,27.986424598194855,13
1143,1150,0.011155248593207101,7,28.1560608544207,28.498304773511652,7
1151,1156,0.001134176637881326,5,28.568969225507395,28.629940452196823,5
1157,1160,-0.013512419637376025,3,28.617391038327924,28.25931823272948,3
1162,1168,-0.014229029734748513,6,28.20908220301604,27.835903415762377,6
1170,1173,-0.0023175792278835065,3,27.712618381268605,27.676104810939183,3
1176,1177,-0.0059974883312185895,1,27.206592538661543,27.070627909917363,1
1179,1185,-0.009357420706762373,6,26.941201115940057,26.71604216386865,6
1192,1193,-0.0019636042778798123,1,27.14352169853374,27.11736608490831,1
1194,1195,-0.005847761418412743,1,27.126777121838153,26.995272978301024,1
1197,1200,-0.0009733906104430686,3,26.8878913983621,26.888606868738684,3
1206,1208,0.003140027968755091,2,26.973271300156647,27.084941397748114,2
1211,1212,0.0018914148156431638,1,27.553083746570177,27.632751141131667,1
1215,1217,-0.0009435928357199924,2,27.49037892340741,27.49192957772746,2
1219,1222,0.004801007810649028,3,27.751847334662752,27.91283601781107,3
1226,1228,-0.0052505879143097366,2,27.737329746841784,27.619429788244634,2
1230,1233,0.0005505342483103036,3,27.63606415658722,27.67891482055051,3
1234,1240,-0.01701572866067267,6,27.758824610119934,27.31424680722505,6
1248,1253,-0.01853305203427429,5,27.06797859762191,26.59339432040718,5
1254,1259,-0.007880595879649722,5,26.586745526515124,26.403812874792088,5
1260,1261,0.0007682558669183366,1,26.440328485888045,26.487081751856465,1
1263,1265,0.004107693802953243,2,26.769314787066993,26.9060442503142,2
1269,1275,-0.02089019942637301,6,27.1300412792959,26.59041934780497,6
1276,1279,-0.005159162559503673,3,26.574943339363745,26.464413830005732,3
1283,1286,-0.013610303539258992,3,26.24906879574629,25.918060070609037,3
1287,1288,0.0002516177436266394,1,26.026337300209992,26.058912325776546,1
1290,1292,-0.001712356762585201,2,26.142275661249837,26.12365303439318,2
1296,1297,0.0005107611420604732,1,25.97724801032174,26.016493427193403,1
1300,1301,-0.005791166969728509,1,25.915998137282795,25.7918302630199,1
1302,1303,-0.012334374762932959,1,25.72866066360571,25.43704238149607,1
1309,1310,0.0017906524847836856,1,25.6154137542119,25.686897472253854,1
1313,1314,0.002345213557266015,1,26.11949512812061,26.206870417332144,1
1315,1318,-0.017424093573030253,3,26.438969919182227,26.004733803255046,3
1319,1321,-0.005710282434331602,2,25.83329129271232,25.711609194515287,2
1325,1330,0.007752428438548914,5,25.338930459796362,25.560707635355097,5
1331,1334,0.01103477869594912,3,25.65853285935595,25.96732762398104,3
1340,1341,0.0028531736146750948,1,26.24690843238296,26.34804232742141,1
1343,1347,-0.0025789081569939634,4,26.38868099306202,26.347015689389764,4
1349,1350,-0.0049545716599927875,1,26.3182054721941,26.214128242691896,1
1351,1353,-0.016178359712742025,2,26.181329043514882,25.783939413534753,2
1357,1359,-0.002314703199909015,2,25.784644324359853,25.7507451699581,2
1362,1368,0.00319217354200784,6,25.892802096168797,26.0013492160448,6
1369,1382,0.020462961389159488,13,26.097475868665715,26.65760498558941,13
1387,1391,0.0038478946222062233,4,26.549614698764522,26.67832443308431,4
1395,1403,0.006348080614030368,8,27.249508451416336,27.449740036210045,8
1405,1411,-0.014738471288746419,6,27.477051684154002,27.09955899849185,6
1413,1414,-0.002529117441734053,1,26.970366235652733,26.92912537823184,1
1417,1418,-0.0037171714497358636,1,27.15605663419011,27.08226897241628,1
1422,1427,0.025148197159186245,5,27.107117296088443,27.81591954356375,5
1428,1431,0.0027175317452796926,3,27.852803086007683,27.95634676567494,3
1435,1437,-0.0022823890012230053,2,27.898027254362333,27.86225113105552,2
1438,1440,0.004138649356444559,2,27.834611696818673,27.977644006301414,2
1446,1452,-0.006638677419632274,6,27.823701370210305,27.66681249356351,6
1453,1454,0.002303864206178145,1,27.75447246169684,27.846169469824396,1
1456,1463,-0.02860833692246478,7,27.911206568776443,27.14062457391315,7
1466,1467,-0.00030625058454914497,1,27.00429600598838,27.023030220557196,1
1468,1472,-0.0025662147274960233,4,27.027335988392284,26.98500537672228,4
1474,1475,-0.007665797878630434,1,26.927321464359004,26.74782938206468,1
1479,1480,-0.0014885719329948664,1,26.403667336616543,26.39076724582774,1
1482,1488,-0.003495300145557478,6,26.089739098032343,26.024637368263466,6
1489,1492,-0.011401687560364068,3,26.07394040457182,25.802727423015913,3
1494,1496,-0.007286698318905132,2,25.563463976895992,25.40275419088705,2
1500,1503,0.0033027161261758777,3,25.690577874372764,25.801117138083605,3
1506,1508,0.004200503276359465,2,25.598884341132457,25.732011423019664,2
1514,1517,-0.0012180245904851402,3,25.71547741453279,25.709870808100355,3
1519,1523,0.002631467261745991,4,25.760245560616884,25.8537930490248,4
1524,1532,-0.020627260749568797,8,25.89863877077498,25.390319434562088,8
1535,1536,-0.0024414865461074276,1,25.323764706368266,25.287260840247246,1
1538,1542,0.011155153700864333,4,25.304952066729186,25.612537648493284,4
1543,1544,-0.002981396754828149,1,25.759846784018176,25.708806307195452,1
1547,1549,-0.0022377389481364448,2,25.725687579455744,25.693845893971062,2
1555,1556,-0.0012119295315226335,1,25.79965600885588,25.79418829984448,1
1557,1564,0.0018158932755101866,7,25.83097800812286,25.903715285395783,7
1566,1574,0.013638588522529537,8,26.05123521312161,26.43258852591013,8
1575,1577,0.0010560861675213127,2,26.420905680636828,26.47522933934017,2
1578,1581,-0.01835752206961242,3,26.44889310104032,25.989805855322192,3
1583,1584,-0.0013293353287970584,1,25.92420554263756,25.91566778588137,1
1589,1590,0.0013790155490777012,1,26.20236099198662,26.264696816209103,1
1591,1592,0.0005574465058051715,1,26.392377737255103,26.43348245374188,1
1593,1599,-0.01696572640585732,6,26.433692890286288,26.01165978170352,6
1600,1601,0.000603415310844347,1,26.012916009932077,26.05462551774211,1
1604,1607,-0.01527181665982999,3,26.212173198166678,25.838077868026733,3
1609,1613,-0.015194803964835635,4,25.604586635601418,25.241134547708405,4
1615,1617,0.0029544494511153487,2,25.356309715608226,25.456579960645424,2
1618,1620,0.0008321617981757498,2,25.55849508379504,25.605322382106433,2
1621,1631,-0.030279611792888416,10,25.604389338166943,24.854702758151443,10
1633,1634,-0.009387393080646143,1,24.410780934122716,24.206038119022686,1
1636,1637,-0.0025410949820620795,1,23.74716119619692,23.710564565239242,1
1638,1648,-0.03829060513782432,10,23.72342032707562,22.838759627140007,10
1653,1654,-0.0009676600706537317,1,24.258379710854477,24.25916422514038,1
1658,1662,0.07877453027345699,4,25.05730188349533,27.05623637117138,4
1663,1669,-0.015402883554653357,6,27.196709621568527,26.804998579819355,6
1676,1677,-0.01165170836661747,1,26.423992813806066,26.14253214847181,1
1679,1684,0.027694572835550327,5,25.71851845784171,26.456500358952695,5
1685,1689,0.0094405549707711,4,26.466478970069243,26.74280369863901,4
1690,1692,0.0080957877119079,2,27.013303033229175,27.259010303016865,2
1696,1697,0.0005748824681507741,1,27.98567769128856,28.02975184444389,1
1698,1699,-0.008726029838531688,1,28.004129166727907,27.78776842918367,1
1704,1706,0.03834031481741576,2,27.825030104253667,28.919675548359077,2
1713,1714,0.00041104246586014877,1,30.640043814140462,30.68327821711803,1
1718,1719,0.0038240209078855445,1,30.292772080968664,30.43890504684507,1
1720,1725,0.04753363337510612,5,30.871459579686626,32.369763680681544,5
1727,1729,-0.014072970613204765,2,32.30389423042845,31.88158637046198,2
1730,1733,-0.02526861007306499,3,31.958134608223578,31.182555100754076,3
1734,1735,-0.0053411811247383294,1,31.113152935091197,30.978085102838282,1
1736,1741,0.000650139037615389,5,30.852028892704546,30.902939029970035,5
1742,1749,-0.030858669740946598,7,31.18789246570298,30.256663484653398,7
1755,1757,-0.006794567409151686,2,30.49322735471929,30.316532293289782,2
1760,1763,0.007271816321976594,3,31.022171814606104,31.278781521765325,3
1765,1773,0.09925600275660712,8,30.813396955155152,33.90262496523162,8
1776,1782,0.016097246446280845,6,33.517371980851856,34.09042674984015,6
1783,1785,-0.03779960440537426,2,33.932040924766376,32.683355242068004,2
1786,1790,-0.027410678203144776,4,31.93851640091102,31.094998521960697,4
1791,1792,0.019969611269589228,1,31.094971107637864,31.74702056420414,1
1793,1794,0.0014180674353962423,1,32.504251968432065,32.582849441628845,1
1796,1798,0.043686792116312385,2,33.27551690629502,34.76249301284946,2
1799,1808,-0.026473193607080395,9,35.133385407291684,34.23842587873957,9
1811,1816,-0.006591580533678185,5,33.44957757444245,33.26254156761744,5
1817,1819,-0.0190348856649141,2,33.003888085736506,32.40866673761263,2
1827,1831,0.026859930897796466,4,29.911833662661408,30.745175281529537,4
1833,1835,0.009558679847048338,2,31.47588650098712,31.808230309453073,2
1837,1847,-0.03555862779346532,10,31.26182925706143,30.18146333562378,10
1848,1849,-0.0022061168526081956,1,30.19535479560204,30.15893566931258,1
1851,1862,0.009147283566524583,11,30.46942995837985,30.778611904277888,11
1864,1866,-0.005161899992601427,2,30.833597357855496,30.70527100923996,2
1868,1870,-0.002206774148964706,2,30.353354224206377,30.316724580994237,2
1873,1876,-0.00657930842439572,3,29.671374126482462,29.50582837885518,3
1878,1881,0.013884097042730106,3,29.780362249993303,30.22361605168986,3
1882,1884,-0.006129298999358023,2,30.533793429710265,30.377176473624647,2
1885,1893,0.04571412326150022,8,30.372485727779612,31.791309769825265,8
1896,1899,-0.013881931145173613,3,32.01936391777199,31.606892676470995,3
1901,1902,0.004830737812893555,1,31.708742613020327,31.893627977573374,1
1910,1916,-0.0061872605566199715,6,31.64506971076345,31.48091848884132,6
1917,1919,0.001844825835854158,2,31.47299610903967,31.562531301502403,2
1922,1925,-0.012710882127800069,3,33.13104979653739,32.743055977599866,3
1929,1930,0.001306550725960531,1,32.60236431829664,32.67756332538303,1
1931,1933,-0.005096220226433127,2,32.598881030275244,32.46534883443994,2
1934,1938,-0.01622774058083324,4,32.395665651053264,31.902352858575615,4
1941,1948,-0.009747646162930546,7,31.638751258725335,31.361986657677033,7
1949,1951,-0.015111107484708938,2,31.352614265445915,30.91019415561959,2
1954,1955,-0.004994574523258852,1,30.736003150006237,30.613225894876418,1
1956,1965,0.08282439948004476,9,30.673279239582147,33.244448451923844,9
1967,1969,0.017226986374115804,2,33.75233810874409,34.36754151554672,2
1971,1973,-0.0005616625439118668,2,34.1646129364717,34.17958856599451,2
1978,1980,-0.005582237573453853,2,33.90944533843412,33.754064203909365,2
1981,1982,-0.005701771862462013,1,33.69110142011605,33.53269354744359,1
1983,1984,-0.006856904025346744,1,33.43091883323485,33.235117150149435,1
1985,1988,0.009459226843568029,3,33.13568933676885,33.48226302816011,3
1990,1992,-0.003483471037458973,2,33.31622865454982,33.23348876560888,2
1993,1995,0.008726853914531582,2,33.44988948632777,33.775251674818506,2
674,676,-0.007298596859720233,2,27.097620221734942,26.92694323610043,2
678,679,-0.007473004012545943,1,26.768573381076767,26.595300298170926,1
684,687,-0.005345468953882018,3,26.196806158500298,26.08296875064767,3
689,692,0.009705079876724667,3,26.30016648006524,26.581711863005495,3
694,695,-3.96014053203128e-05,1,26.76495059590916,26.79065561684814,1
697,700,-0.0057391815597452375,3,27.081508450952693,26.953164265491854,3
707,709,0.00012944356229492191,2,27.674237973329678,27.705494463250073,2
711,712,-0.00743625431184303,1,27.46898061765786,27.292183272715526,1
719,720,-0.0041099539441876365,1,26.68518011819691,26.602190437036967,1
723,728,-0.024113954626958374,5,26.811710760984578,26.19198609498405,5
730,736,0.017646105511510565,6,26.005140816923713,26.490035416437763,6
737,738,-0.002328274110334508,1,26.629846570224004,26.594474834462595,1
740,741,-0.00412204407729822,1,26.33681984707139,26.25459513465297,1
742,749,0.0017718142091479906,7,26.226455018747664,26.29914987942421,7
750,755,-0.005136740249326161,5,26.40180305582497,26.292585654469157,5
759,767,0.019209478655410134,8,26.439101911325526,26.973422377070673,8
769,770,-0.0025959907455342856,1,26.97707242534845,26.934017267415985,1
771,772,0.0012687736760033427,1,27.135801964224314,27.197366957397985,1
778,789,0.02498361749184031,11,27.44656404467446,28.15972506627658,11
791,793,-0.0014648910103952151,2,27.786457259932845,27.773539585741972,2
794,795,-0.004703179452755399,1,27.688644499934828,27.58610848054802,1
797,799,0.007421750494772149,2,27.840280502032595,28.074744398125183,2
801,803,0.0036237367600111346,2,28.060075888356803,28.1898182927305,2
804,805,0.0033338820013774145,1,28.37268788437504,28.495651765727832,1
811,814,-0.0037284473735418777,3,28.651808157676427,28.57363320696139,3
816,819,-0.0022481348314369208,3,28.520575691258394,28.4849781673255,3
822,824,0.0035008730728883705,2,28.494844762846473,28.623096442355703,2
825,826,-0.0033219199032962017,1,28.59465947223028,28.52826496327373,1
827,828,-0.0019043817119949258,1,28.49963635748818,28.47386180756796,1
829,833,-0.016043553626222326,4,28.34675086146322,27.920314994749635,4
835,841,0.01620039433202706,6,28.215408124138964,28.700724270113234,6
843,844,-0.0010081476267461633,1,28.686857989218122,28.686624259406706,1
845,846,-0.0034944332914794377,1,28.60477191573345,28.53341922037167,1
847,849,-0.011622064637544484,2,28.646371277483045,28.342087670142522,2
855,859,-0.010303757399827012,4,28.179668292354602,27.917491494954938,4
861,869,-0.004570204557866932,8,27.76897483137257,27.669833910862312,8
870,871,0.0033378968930109524,1,27.788169329068033,27.90871154246306,1
872,875,-0.006308192828799454,3,27.934826997592864,27.78654354925049,3
876,877,-0.005091232357435331,1,27.777641399922352,27.663996614613755,1
880,882,-0.0033351537961912904,2,27.252032303440966,27.18839461675366,2
883,885,-0.0025027005663780734,2,27.182716842973146,27.141869358977516,2
886,887,0.0008801154133347441,1,27.1402344262712,27.19126119933755,1
888,894,-0.011324730330291043,6,27.254803807594513,26.97340530807611,6
897,898,-0.0076134434640711115,1,27.483957841922024,27.30219424056556,1
899,912,0.020830836545027577,13,27.310841490350164,27.907060006833156,13
914,921,-0.017943199409712094,7,27.78176215075068,27.31105021467732,7
922,923,-0.003644206666013858,1,27.27045893096144,27.198350201670934,1
927,933,0.005886361613341359,6,27.149718440239013,27.3366812191189,6
935,946,-0.03655834658854091,11,27.353722949497232,26.381069788372084,11
949,950,0.004880413682488861,1,26.58269742401995,26.73901468166962,1
957,958,-0.0022182666321845053,1,26.763866824394853,26.731261298494463,1
960,963,-0.009512990927052288,3,26.852295661142875,26.62370231180904,3
965,971,-0.009137607619436619,6,26.48974369556052,26.274180555426604,6
974,976,-0.006655232049584568,2,26.241802574216763,26.09339909126018,2
978,984,-0.016692390832667898,6,26.193585813540853,25.782545827645745,6
985,986,0.0014213727083185442,1,25.740404027233275,25.80273113904591,1
988,990,0.0066577316872840605,2,26.04113308679604,26.24054909680758,2
992,996,-0.005853939902237811,4,26.398837103581197,26.27069873479145,4
999,1000,-0.00470028313714939,1,26.26388256831402,26.166698766530416,1
1001,1003,-0.006661469548930504,2,26.075306268894945,25.92768171647456,2
1004,1008,0.0010751911448296822,4,25.97465779951229,26.02856017936782,4
1010,1014,0.017350694233518316,4,26.13683087167218,26.61645986323142,4
1015,1018,0.005733108541453936,3,26.82808525497494,27.008721664956067,3
1019,1021,0.010663267448287772,2,27.14976771616326,27.466422718195762,2
1024,1025,0.0028949246551963326,1,27.681585697099013,27.789403387725574,1
1028,1030,0.001929617366916448,2,27.612251436491196,27.693144767839204,2
1031,1035,0.01421271279769917,4,27.798962378102868,28.22186000883499,4
1036,1042,0.003369529540393745,6,28.283961752364593,28.407549358760917,6
1043,1044,-0.001179025168939592,1,28.422150743749917,28.41706246341139,1
1048,1051,-0.010070141332346069,3,28.061674558451518,27.807151204184063,3
1061,1063,0.015589269552140014,2,29.068653929057568,29.550881664604578,2
1066,1067,-0.00264937743954927,1,29.324733292960023,29.276365739445815,1
1068,1070,-0.007763486685889173,2,29.30351895964552,29.105324999312256,2
1072,1073,-0.0026339258046911658,1,28.752576790591966,28.705597213422454,1
1075,1081,0.016789060614545104,6,28.694489157046085,29.204937163964185,6
1083,1084,-0.0105441230311809,1,29.078946852883522,28.80141380650243,1
1086,1088,-0.007649020671399375,2,28.59053722040815,28.400438147423245,2
1089,1090,0.00079516980027079,1,28.46145801955238,28.512551169460757,1
1093,1094,-0.006905718650905414,1,28.266964037031272,28.100027300313304,1
1096,1098,-0.012123350524262801,2,28.043801512699943,27.73186047844133,2
1102,1112,0.0024738277711998627,10,27.875486212465134,27.972320850605694,10
1116,1118,0.0018344676565388539,2,27.095743239739065,27.172545247581986,2
1120,1122,0.007742586563219282,2,27.219589287928233,27.457558903493222,2
1124,1126,-0.0025540504552472006,2,27.596253315843253,27.55336734581465,2
1131,1134,-0.00477560097829134,3,27.63935783962052,27.535002653121904,3
1137,1138,-0.0007618015105979203,1,27.805320586895892,27.81194377225703,1
1139,1142,0.004506350579356896,3,27.842000291450535,27.99530810588582,3
1143,1144,0.0015307088677030426,1,28.15745349330844,28.228711810555893,1
1148,1152,0.005801918381902518,4,28.4567245708261,28.65028488877314,4
1154,1155,-0.005669497551054293,1,28.74751919518912,28.6132827247083,1
1156,1164,-0.02311649699949992,8,28.60197992458598,27.969404321404117,8
1167,1177,-0.03206490078923589,10,27.915274719596024,27.04808947992751,10
1179,1190,-0.0015303647265290717,11,26.91315382472228,26.898880037253996,11
1192,1195,-0.005033358250825658,3,27.106447385794592,26.997117372580526,3
1197,1198,-0.002033037771418023,1,26.888972701905463,26.861195377469766,1
1203,1204,0.0015790353072550273,1,26.94531458141465,27.01480749908521,1
1205,1218,0.022615376904728354,13,26.96942048902499,27.60631351877542,13
1219,1221,0.00525368483678927,2,27.72460985146246,27.89799082369645,2
1222,1226,-0.008802164614563426,4,27.97776457957407,27.759477454776732,4
1230,1235,0.001983414625842913,5,27.626774783315096,27.709196907268506,5
1238,1240,-0.00609566808236765,2,27.517161301710683,27.376942981148193,2
1242,1243,-0.0010443574874775372,1,27.55113138742851,27.549909288463,1
1245,1249,-0.02695156563372423,4,27.628276670511024,26.911279635149565,4
1253,1256,-0.006584488188515524,3,26.550318636564157,26.40204869573694,3
1257,1258,-0.0027893936077673627,1,26.39070486323742,26.34348150465067,1
1263,1265,0.0020011943800582804,2,26.76738918894493,26.847723326947623,2
1269,1272,-0.007806174908129144,3,27.10469959175419,26.920220265500415,3
1274,1276,-0.007785825805503403,2,26.765160418100223,26.58353670184664,2
1280,1285,-0.022961669088854213,5,26.555962690913223,25.972749425959428,5
1286,1289,0.0017978713231939633,3,26.000079374995206,26.072824251479272,3
1292,1295,-0.00574017729020131,3,26.151099589713777,26.027138741324823,3
1296,1307,-0.026322353022673186,11,25.97840409773973,25.320569778211105,11
1308,1311,0.007185615068725869,3,25.55402920108686,25.763204647581937,3
1317,1322,-0.028258720758302325,5,26.316345080637607,25.598995178705383,5
1323,1336,0.019454659497098025,13,25.569576754241943,26.092593740234875,13
1338,1346,0.003455388830023839,8,26.241990090519106,26.358908360046,8
1347,1349,-0.004897997396323069,2,26.404308978677143,26.30138505102655,2
1350,1353,-0.01820901518035075,3,26.25426037874267,25.802450413336008,3
1354,1356,-0.0002770498698040502,2,25.634153139280418,25.652685353629924,2
1361,1362,0.0003450862097914159,1,25.889228013064642,25.92405125664716,1
1363,1366,0.001330194534724782,3,25.839363735397892,25.899574479554882,3
1371,1378,0.015822455976435633,7,26.188598646010632,26.629155193817688,7
1380,1382,0.002277538322548189,2,26.56272359289057,26.649783937417524,2
1388,1389,-0.0008167801172613471,1,26.496240133910355,26.501094771920705,1
1390,1391,0.0023598814815894136,1,26.589663738933417,26.67900185773155,1
1399,1401,-0.0031943623505439013,2,27.37908482322273,27.319005190294302,2
1404,1405,-0.005325625624913808,1,27.519386192238443,27.400347630143397,1
1407,1410,-0.008107136688634293,3,27.357768936921133,27.16333353359036,3
1411,1414,-0.009375639862595264,3,27.151499899860237,26.924088714969717,3
1415,1417,-0.002356843433120438,2,27.161362623658416,27.124508907147902,2
1418,1419,-0.004195410663654652,1,27.13099811500653,27.044303434314244,1
1421,1422,0.002200936185572627,1,26.976136125095287,27.062485015365038,1
1423,1426,0.012041790758815871,3,27.24977610956975,27.60516198781534,3
1428,1430,-0.003773840990558469,2,27.919586830977895,27.842142336586672,2
1432,1435,-0.005378783338476024,3,28.055274319037615,27.93242635129304,3
1436,1440,-0.00024957418098066515,4,27.878339485437092,27.89926011117835,4
1441,1442,0.00034492814772461335,1,28.023430619178118,28.06112011981366,1
1443,1445,-0.0010015702983951695,2,28.05209481799765,28.052050767838175,2
1446,1449,-0.009196527510777524,3,27.830120494293435,27.602010146033706,3
1450,1454,0.008113256556504939,4,27.589273532974488,27.840701660888076,4
1455,1457,-0.0059836814116549725,2,27.965803512689895,27.826430857561707,2
1458,1459,-0.006981488071986661,1,27.62186526804622,27.45664541041938,1
1460,1462,-0.011079079695240433,2,27.487058006617033,27.210013758380644,2
1463,1464,-0.006230274313977826,1,27.17991327872923,27.03775487645135,1
1467,1470,-0.000309375340335012,3,27.04502935394583,27.063707318139027,3
1472,1476,-0.01832636184512212,4,27.06245979788045,26.593565827003303,4
1479,1481,0.000766557330566104,2,26.354216720748713,26.40077295548808,2
1482,1483,-0.010848713357278265,1,26.13465000282418,25.877257326253574,1
1487,1491,-0.007879643584236085,4,26.04682219793072,25.867629344706987,4
1492,1500,-0.009657221987706192,8,25.857124730472194,25.633273861716688,8
1501,1504,0.00018402766996394935,3,25.67672005914856,25.70712200617251,3
1513,1522,0.004440314689236808,9,25.64907383583255,25.78861286898695,9
1523,1524,-0.0013643437875532451,1,25.87509494067635,25.865667510582366,1
1526,1527,-0.0047045937742975575,1,25.87048740477873,25.774647758200942,1
1528,1530,-0.008180170512921282,2,25.674475306579126,25.4901281960481,2
1531,1532,0.0017060916199975462,1,25.356314934947353,25.424931446306832,1
1534,1535,-0.0036077086062801266,1,25.363239622019204,25.29709968377372,1
1541,1546,0.005935352570675552,5,25.53337085526183,25.71045378446088,5
1555,1556,-0.004280173298434289,1,25.856408253371704,25.77159475342558,1
1558,1563,0.0025116214854975162,5,25.72582007210538,25.816159414602627,5
1566,1568,0.00013967447961071725,2,26.100498317223973,26.130244389061236,2
1570,1571,0.00034971242923254584,1,26.308823406032424,26.34433275198203,1
1575,1578,-0.00024966485589159634,3,26.401457625053908,26.421267566565675,3
1583,1584,-0.0013273285730761386,1,25.9357629239085,25.927273407638975,1
1585,1592,0.017909390879383792,7,25.926542196935575,26.416797317488268,7
1594,1603,-0.010134313259197864,9,26.420150433324633,26.178820502911513,9
1604,1606,-0.003574811127517843,2,26.163858982710074,26.096491987462585,2
1611,1612,-0.002017675471996252,1,25.327761618682217,25.301986176922316,1
1613,1618,0.010382827152971758,5,25.258642194071687,25.546156952285564,5
1619,1624,-0.008841775994139402,5,25.65922336363393,25.458009481832725,5
1625,1627,-0.006254613328854215,2,25.354768293629757,25.22153879020404,2
1631,1632,-0.006577392363658914,1,24.848146457334643,24.709558595032426,1
1638,1641,-0.020380940677470285,3,23.76219555520486,23.301661852782985,3
1642,1653,0.048312244794840316,11,23.089464050806285,24.22805735426131,11
1654,1655,0.0033085166154408615,1,24.28384006200578,24.38846739039964,1
1661,1662,0.012507176855350598,1,26.647961556568337,27.00790028614749,1
1665,1666,0.009184745996959679,1,27.506565514101503,27.786712897111357,1
1667,1670,-0.03485070793549007,3,27.590263361011388,26.65631341411454,3
1671,1672,-0.001054192196300327,1,27.056637591126904,27.05517133251134,1
1675,1678,-0.03269010530381666,3,26.615459978792515,25.772013249355062,3
1679,1680,0.005406310702313481,1,25.66992167882548,25.83437117280409,1
1684,1687,0.00338724768475709,3,26.392940800735293,26.50873316915725,3
1688,1693,0.0331139227318268,5,26.57874324703315,27.4854484404715,5
1696,1697,0.002874966533538651,1,27.971289041456032,28.07967685039161,1
1701,1705,0.009899548518419798,4,27.830029580514005,28.133364338195875,4
1707,1709,0.01786381469178553,2,29.51978678729219,30.07664257498869,2
1715,1717,-0.018132983073905824,2,30.8837290985618,30.35459869065705,2
1720,1721,0.017210452139051993,1,30.804733450904635,31.365701575068588,1
1722,1726,0.009340552012675217,4,32.084047116562694,32.41581387454863,4
1729,1731,-0.007261610441755513,2,31.875510246210208,31.675918218416253,2
1733,1734,-0.0041043085203834075,1,31.20767580688081,31.110797552972148,1
1738,1740,-0.011469981638668778,2,31.271772245396846,30.94435736417891,2
1742,1746,-0.02127608500857452,4,31.148026805129454,30.516466765779292,4
1747,1750,-0.008961207798457504,3,30.46087622038837,30.218370855074767,3
1752,1767,-0.003192239146768832,15,30.420432627557176,30.3537437642894,15
1771,1772,0.021665743321653063,1,32.645838868134746,33.38578107243993,1
1774,1780,-0.021888293515316726,6,34.152141620216675,33.438761661876924,6
1782,1784,-0.022422186521733185,2,34.09219603382961,33.36186665145742,2
1785,1786,-0.02358226315629168,1,32.682770560854934,31.944719635373005,1
1787,1791,-0.027508483924952937,4,31.908452998943847,31.062608285551228,4
1795,1807,0.05073473060576347,12,32.73670822537372,34.43033300633291,12
1808,1809,-0.013085199137285796,1,34.26149723889321,33.84744022201962,1
1810,1813,-0.013939417833054905,3,33.61689987619598,33.18191676244591,3
1814,1819,-0.028137385011582777,5,33.322065027261424,32.41779131923563,5
1821,1822,-0.009105112806234824,1,31.869459650024716,31.611154084487517,1
1823,1831,-0.019667564768654184,8,31.376977758518358,30.791245993966594,8
1832,1834,0.019309421503863305,2,31.272685281086943,31.9078154280182,2
1848,1853,0.0018834610138004858,5,30.151866994272766,30.23880872724405,5
1854,1859,0.008000836945497986,5,30.434429652616537,30.708364991448967,5
1860,1861,0.004778196969681472,1,30.759257268680724,30.936990315820267,1
1862,1863,0.0010730050769601216,1,30.752121214060782,30.815870517464823,1
1864,1865,-0.000646793516573307,1,30.8287578165888,30.839646733725612,1
1869,1873,-0.02387510877837295,4,30.43408912484368,29.737906025542184,4
1875,1877,0.00422868582121616,2,29.514614310915384,29.66893695628153,2
1879,1880,0.0028640308186087655,1,29.832925965314587,29.948201310653836,1
1881,1884,0.0016505630344333627,3,30.317086074481313,30.397443422142068,3
1885,1887,0.00912672292927898,2,30.343701467678667,30.650983725090605,2
1888,1890,0.006760917194992913,2,31.03472884650138,31.275586807248136,2
1892,1896,0.009085296390091275,4,31.64022087287338,31.95932187822426,4
1897,1898,-0.005781031690590623,1,31.93877716703836,31.786076861244037,1
1899,1900,-0.004522292660817136,1,31.75086096715523,31.639025142595994,1
1902,1903,0.0007371431896862318,1,31.860702904593808,31.91604950766314,1
1905,1908,0.003426358867322581,3,31.81817012427685,31.95900876374842,3
1913,1915,0.009626886213105229,2,31.02946241467977,31.359208981014397,2
1918,1924,0.05116289253798938,6,31.412346937842322,33.05090581552703,6
1927,1929,-0.0010374482461483706,2,32.62382981604472,32.622608110835465,2
1932,1936,-0.008400792504179355,4,32.51725665148841,32.2766031822056,4
1938,1942,-0.011040333405843782,4,31.866397574448825,31.546448318358188,4
1943,1945,-0.0031305682918095503,2,31.530903982120368,31.46372523788397,2
1947,1949,-0.002506085455044821,2,31.328417888747946,31.281234614236137,2
1952,1953,-0.004925839191232631,1,30.794216044677235,30.673322904465756,1
1954,1959,0.014572686286408603,5,30.84657699273377,31.326941059251162,5
1960,1961,0.007723956683423375,1,31.734665173473967,32.0115170178103,1
1962,1967,0.04147343134464469,5,32.35809166932083,33.732450854281446,5
1968,1974,-0.0013957731102030087,6,34.157045552971276,34.14352711281743,6
1981,1984,-0.015864840207614306,3,33.70921808496661,33.20813594460996,3
1986,1992,0.0028792448794244803,6,33.16861667605435,33.297285862452526,6
1994,1995,0.0037866296358152066,1,33.67959536599989,33.84080711530105,1
1998,1999,-0.01653761237540995,1,33.77823844367247,33.25340526801052,1
672,675,0.0015408673794818583,3,26.972787376797992,27.0413216523774,3
676,682,-0.02781004046916393,6,26.93446956471021,26.212355345664864,6
687,692,0.017417545726611007,5,26.123734887453004,26.604869969292533,5
693,694,-0.0015256004360762795,1,26.764963138449442,26.750895462152307,1
696,698,0.003602435109465154,2,27.002463270627025,27.126740355625802,2
699,701,-0.008623477276817539,2,27.13948090145064,26.932583685493807,2
702,706,0.018067961498684563,4,26.999444655997106,27.514269027183524,4
707,708,-0.001307901150488955,1,27.712938999326834,27.70440615352551,1
710,714,-0.008698036082811535,4,27.61992231664268,27.407303158044712,4
716,720,-0.01960220447697112,4,27.086202685549107,26.58233960468784,4
722,725,-0.014480063860014106,3,26.828198580976043,26.466552750855346,3
726,736,0.0035734733618423484,10,26.428859806363622,26.549731492671892,10
741,744,-0.0020619398123273326,3,26.25166324511318,26.223785558773383,3
748,757,-0.0005035100682816881,9,26.33153839848031,26.344611742181808,9
760,762,0.008219955393401271,2,26.5509134410246,26.795711678604906,2
763,770,0.003611260227588623,7,26.898598554938676,27.022634992632938,7
771,774,0.005511078031598154,3,27.07204210015896,27.248310278747805,3
776,780,0.020093991569025874,4,27.166038890676017,27.739079085999766,4
783,785,0.007883270069758933,2,27.8110900504058,28.05814347425794,2
794,795,-0.003316155276553462,1,27.71730785091254,27.653110262081793,1
796,797,0.0021190047899344784,1,27.711349444032244,27.79778127568373,1
799,803,0.00309820291315422,4,28.04319573292405,28.158122439370874,4
804,808,0.0010862050299871818,4,28.434843919601597,28.49416483401357,4
809,812,-0.0013988975953819773,3,28.640033392066712,28.628608951614957,3
814,817,-0.005245942876893814,3,28.543799029846955,28.422603689676688,3
818,821,-0.002704415574298348,3,28.5040544898481,28.455471735444956,3
825,826,-0.004096819333914715,1,28.604105256111048,28.51552350992459,1
827,828,-0.0007969225201595551,1,28.473508571902133,28.47929090026513,1
831,834,-0.005838814085703865,3,28.158641498198822,28.022387067083052,3
835,837,0.006510623030683768,2,28.243145516700437,28.45526913587712,2
843,846,-0.005612388445273968,3,28.674780875404053,28.542521647423577,3
848,850,-0.013779886051514114,2,28.634600631978067,28.268653698770773,2
851,853,-0.0054493514923027704,2,28.205549224353735,28.080052821821138,2
854,857,-0.0008480026409698759,3,28.076213886090816,28.080481396453067,3
859,860,-0.005458811785989568,1,27.921116022034507,27.796621020837478,1
861,864,0.0019233429117585707,3,27.842679574924503,27.924073274904224,3
869,871,0.0075507765228660815,2,27.663223104495525,27.899765143164252,2
873,875,-0.004205978605745859,2,27.88833361026357,27.79892420935916,2
876,877,-0.0051228385573231965,1,27.764551883594564,27.65008311856208,1
878,879,-0.005278039179205163,1,27.5329733424136,27.415186203734745,1
881,882,-0.0053243082877458565,1,27.24583266107571,27.128013281092883,1
883,884,-0.0015814533090464122,1,27.2011677578814,27.185351548878653,1
886,891,-0.007097261811372186,5,27.216153679450514,27.050209664968364,5
892,894,-0.002960204866692907,2,27.0815490257061,27.028463641508328,2
895,898,0.004885925972156722,3,27.149701015466214,27.309502145809436,3
899,903,0.006582391548118081,4,27.299059261821775,27.506051418040187,4
906,909,0.003403218310140306,3,27.61243285666319,27.73401642660517,3
912,913,-0.004762622528685317,1,27.988394315603248,27.88308455260963,1
914,919,-0.01904135189776613,5,27.7589573053134,27.258148188253177,5
921,941,-0.013409028575757344,20,27.353726640382273,27.014293464848315,20
944,947,-0.012256368427518215,3,26.612495043491858,26.31293499450681,3
951,955,-0.0020096580567172838,4,26.670964060850253,26.644035507105798,4
957,958,-0.0009370466761497909,1,26.749902758249718,26.75158675354102,1
959,962,-0.006431753392429693,3,26.84685828487993,26.701032771314953,3
971,973,-0.007414904223075439,2,26.305510759362576,26.136763427302185,2
975,976,-0.003200436775492926,1,26.219528389270604,26.161833974766772,1
978,983,-0.012179542635312377,5,26.155931432004113,25.863520081393716,5
987,991,0.010660722945288876,4,25.969891763145508,26.272719475914688,4
993,995,-0.004529380956604111,2,26.378382083016366,26.28528272362654,2
996,997,-0.00022927806408496853,1,26.244100815609237,26.264327719796192,1
998,999,-0.001969706170133113,1,26.25734531602726,26.23188340626299,1
1002,1008,-0.0003095410813281249,6,25.95791494650701,25.975837820391952,6
1009,1016,0.029196502203544465,7,26.096497707471187,26.884520657999634,7
1017,1022,0.027681045666037015,5,26.859804500070023,27.630171779517358,5
1024,1025,-0.00010205927746223466,1,27.68627730656482,27.711137942413856,1
1026,1030,-0.0003372018866460147,4,27.72794343040711,27.74632145899997,4
1031,1032,0.0033927745518595558,1,27.786064592636382,27.90812251007524,1
1035,1043,0.006396111210481657,8,28.21166024340717,28.420316819999734,8
1045,1052,-0.02443486622727995,7,28.455246597401306,27.788401699926943,7
1053,1054,-0.0026878248287029475,1,27.835395953571542,27.788414681164326,1
1056,1060,0.01765338930886134,4,28.16941621752611,28.694871304834976,4
1064,1078,-0.020713227097412495,14,29.487520351312412,28.906226166087418,14
1079,1080,0.0014330094730242793,1,29.091748866162327,29.162529366740543,1
1088,1090,0.0004916328027506028,2,28.47704498947735,28.51952228390906,2
1091,1092,-0.005433130884480089,1,28.513036998655647,28.386634973726583,1
1096,1100,-0.009067528998944151,4,28.08080505367549,27.854262344591266,4
1102,1103,0.002297417129769751,1,27.887760349603916,27.979717928291613,1
1106,1112,0.0009243632765690896,6,28.000023023832238,28.05390523988239,6
1118,1119,-0.0040477980101260615,1,27.221160913678652,27.13819631361262,1
1121,1122,0.004843863551904252,1,27.334345035391568,27.494083218059068,1
1123,1125,0.0018466207906682438,2,27.45600707940795,27.534163919988927,2
1126,1129,0.0018970930314006424,3,27.574067973304594,27.653952613477422,3
1133,1137,0.0013937781249445868,4,27.61209011586444,27.678187333167795,4
1139,1142,0.0025498428968383597,3,27.89551988366486,27.9945445967775,3
1144,1152,0.01352512498060095,8,28.214948844911532,28.624774503205135,8
1153,1156,-0.00419254174577352,3,28.712026501048854,28.6203621578385,3
1157,1158,-0.005770517097813123,1,28.58762391656325,28.451246167883433,1
1159,1160,-0.004009821113479445,1,28.405659337658445,28.320163384441656,1
1161,1164,-0.010301183314766,3,28.210825234767064,27.94843117779767,3
1165,1166,-0.0012600883085053245,1,27.9508883939666,27.943618694682993,1
1167,1171,-0.0074577260027507445,4,27.909335810105045,27.729104966524627,4
1174,1175,-0.009985110361845847,1,27.50438897747358,27.257259007075845,1
1177,1179,-0.007284527820811518,2,27.07386342891147,26.903716980975624,2
1180,1181,-0.006189557717445532,1,26.87486929974437,26.73540061436454,1
1183,1184,-0.004371237767755356,1,26.75050462162969,26.66032231014274,1
1186,1187,0.0016222240449595368,1,26.706106316444686,26.776135710574913,1
1188,1191,0.00800084956269586,3,26.777814094851678,27.018837171137275,3
1194,1196,-0.006907960279253816,2,27.13004010389187,26.969756904583512,2
1199,1200,8.080575925598662e-05,1,26.82218330541817,26.851172875610487,1
1201,1202,0.0006529584205185598,1,26.86720335956702,26.911613729596002,1
1203,1205,0.0007205162348782057,2,26.970059380641665,27.016461805661688,2
1209,1210,0.004026120542306551,1,27.320566387183796,27.45788284712987,1
1211,1212,-0.0006799583025840885,1,27.60598001850445,27.614815083208402,1
1217,1219,0.003544622086372195,2,27.525280770184967,27.650372769106745,2
1223,1224,-0.004754951876316815,1,28.05817643775261,27.952819335491643,1
1229,1231,0.0040505764485294525,2,27.543026514813022,27.68213467584996,2
1232,1234,0.00023417550082994727,2,27.697597905894035,27.73178160266133,2
1235,1236,-0.004477345311168077,1,27.736360737833287,27.639911833872716,1
1237,1243,-0.00033785883742052996,6,27.544852104640782,27.56309068503643,6
1247,1249,-0.01505028536203543,2,27.322954138630656,26.93905883604909,2
1250,1252,-0.006617338906093993,2,26.86381872850647,26.712915554396574,2
1254,1255,-0.0007151518474245421,1,26.588763286401587,26.596337046502985,1
1256,1257,-0.004932837977376201,1,26.477016553097588,26.372886736869948,1
1258,1260,-0.001999365837467241,2,26.403193873251755,26.376807423294803,2
1262,1264,0.003267330446879005,2,26.72561532599132,26.8396623579835,2
1270,1274,-0.01473365789723385,4,27.146912869440783,26.774086455125868,4
1275,1283,-0.01737190998677347,8,26.62747861039004,26.191535927405997,8
1284,1285,-0.00923669613436643,1,26.144511229746943,25.929166835165987,1
1288,1289,0.0015570350093970934,1,26.052285609461176,26.11890221583938,1
1290,1292,-0.00325178942935109,2,26.199176022467864,26.140180994842762,2
1294,1298,-0.004965394600945582,4,26.14932291684413,26.045630532931295,4
1299,1304,-0.03631333215823434,5,26.015349080157225,25.096660416877217,5
1306,1308,0.009396811727454824,2,25.264323621151654,25.526992037262257,2
1310,1312,0.009140984919642277,2,25.707697463846465,25.968398836146058,2
1314,1325,-0.03882810181678906,11,26.33272146575653,25.336604597036747,11
1327,1333,0.020113244720848227,6,25.37294734772215,25.908652594363804,6
1334,1335,-0.0017673955709276404,1,25.97062387237697,25.95069413064308,1
1337,1339,0.00015544861318717539,2,26.155474267363743,26.18569557383322,2
1341,1342,0.0021279542883664675,1,26.306327915577878,26.388612906792584,1
1344,1347,-0.0052745368109671995,3,26.476750447544138,26.363574603121318,3
1349,1352,-0.01379880306228166,3,26.337046864906824,25.9999641888408,3
1353,1360,-0.0025560382153999757,7,25.81633147370011,25.7761602753456,7
1363,1366,-0.00045467418091064374,3,25.86618518891347,25.88029068753833,3
1367,1368,0.0005122712596441219,1,26.00836969041063,26.047701400403636,1
1374,1377,-0.0030065559847336377,3,26.65099265591569,26.59751594710287,3
1383,1394,0.013191885106058104,11,26.723512435060904,27.102769453169604,11
1397,1398,0.0003538178053490025,1,27.2644340923129,27.301345168639838,1
1400,1401,0.001207064126899833,1,27.30966835361335,27.369942542954142,1
1402,1405,-0.0038869487716324783,3,27.500026036719262,27.420634870332695,3
1406,1411,-0.012684015302933883,5,27.479184789060675,27.15811757347314,5
1413,1418,0.0033459870325119774,5,26.96048046502492,27.07765036351621,5
1426,1430,0.006425189724420315,4,27.639562206780173,27.844791200065433,4
1431,1440,-0.0005112361769339851,9,27.979889699757646,27.993565257616265,9
1442,1443,-0.0030495932874367846,1,28.037270994884544,27.979805992455383,1
1445,1446,-0.00914655541449146,1,27.988489643517607,27.76047986166877,1
1447,1449,-0.0071189162466363505,2,27.7015744211526,27.532070807369603,2
1451,1453,0.006512147572884893,2,27.548474046128785,27.755422248571094,2
1462,1467,-0.009484715930322414,5,27.275453391993565,27.04402891809175,5
1469,1471,-0.004330370406767477,2,27.069040230005452,26.978890299483844,2
1476,1477,-0.0076330709749725,1,26.62458825472926,26.447985471156223,1
1478,1479,-0.0017094512234258944,1,26.369943541657424,26.351235352950123,1
1484,1492,-0.003722891930627883,8,25.913572897145723,25.843013038610348,8
1493,1499,-0.004681059035279506,6,25.712253704024793,25.617605380210193,6
1503,1504,-0.004952523051043436,1,25.811072857779305,25.70905399733677,1
1507,1509,0.004096507275436295,2,25.683572065636607,25.814468577528316,2
1511,1520,-0.0039046814384152383,9,25.755435259806337,25.680623925068872,9
1534,1536,-0.0033492550392157316,2,25.331776717476604,25.272265913370784,2
1537,1546,0.016290754094829562,9,25.30224228225761,25.739737131607924,9
1547,1548,-0.00417744581907785,1,25.71096719007112,25.62927198486858,1
1549,1554,0.0069547455157614345,5,25.728804409729797,25.933470501233998,5
1555,1560,-0.010852881998338126,5,25.92154322415268,25.66614131755028,5
1563,1565,0.002032984301480508,2,25.836821004538415,25.91518367704534,2
1567,1574,0.00887915220642907,7,26.14546195180159,26.403756949930838,7
1578,1579,-0.0075793587670192775,1,26.4636053596221,26.289491805692332,1
1584,1590,0.012149540906995361,6,25.929997259290975,26.2709648189703,6
1592,1593,-3.610751448525969e-05,1,26.402481163719067,26.42793031691172,1
1600,1603,0.006615569637972773,3,26.02509467427655,26.223290595103336,3
1606,1607,-0.008120424450977087,1,26.107963430201796,25.92206364902817,1
1608,1609,-0.008936155509492661,1,25.810205317137275,25.60537151400854,1
1610,1616,-0.007151236240120289,6,25.518853528630757,25.361881031999122,6
1619,1621,-0.0017957176991636311,2,25.591758230406754,25.571394415430102,2
1622,1623,-0.005612659649539665,1,25.56891734533297,25.450976632011738,1
1626,1628,-0.006934540696597723,2,25.31081032105173,25.160602287137582,2
1629,1631,-0.009809976617317424,2,25.061613405745334,24.84082117764847,2
1632,1635,-0.03155005836546732,3,24.711051785408575,23.956127711092257,3
1636,1640,-0.019728893809660572,4,23.8303384894901,23.384022610472172,4
1641,1643,-0.017707389466465044,2,23.30001287237811,22.91073048274564,2
1647,1649,0.0530841290367983,2,22.279393451004147,23.484355041269854,2
1653,1654,-0.0008648170841419629,1,24.26028885846371,24.263568435051155,1
1657,1658,0.0027626578669219786,1,24.92558099465136,25.019367428068485,1
1661,1667,0.03651535781410865,6,26.57052446487365,27.567327197481912,6
1668,1669,-0.01968065714431868,1,27.34812244540794,26.83724154646443,1
1674,1683,-0.01802942670978003,9,26.820123145339988,26.363391823889145,9
1688,1691,0.02178796987464784,3,26.51736577790006,27.121642710401865,3
1692,1693,0.0064397136300928725,1,27.28832461881492,27.491341939423915,1
1697,1707,0.04806757401461259,10,28.09066021556538,29.469000764811966,10
1708,1709,0.006098671645314611,1,29.828628759452364,30.040372400645705,1
1716,1718,-0.01782943494198708,2,30.81798902866158,30.299339687260847,2
1721,1724,0.025755310305216505,3,31.376877081202732,32.21637516391895,3
1729,1730,-0.000500377683910449,1,31.87210122441399,31.88802523744637,1
1732,1734,-0.009724347082864578,2,31.39511972656929,31.121217805366612,2
1736,1737,0.006471659930427576,1,30.942772908065812,31.173966784539328,1
1740,1745,-0.006074709144156584,5,30.98268577581234,30.825457656995294,5
1746,1747,-0.007697534027590308,1,30.58798903771754,30.38312494030187,1
1748,1756,-0.0022224997358001423,8,30.386003548297705,30.34885666698789,8
1761,1766,-0.0205454747583852,5,31.32636917651777,30.714080418506285,5
1767,1771,0.06718590015577115,4,30.476299866587357,32.554353806407825,4
1772,1774,0.018056032993796402,2,33.48690555351066,34.1250331305985,2
1775,1779,-0.005460809706264247,4,33.770616287813446,33.61997199489024,4
1780,1782,0.01545120175326678,2,33.558220670479486,34.11029372921019,2
1785,1789,-0.026566547456323697,4,32.62909024015027,31.7948770560688,4
1791,1792,0.017043569149315117,1,31.1501167162874,31.71217600126697,1
1793,1797,0.044161764750447245,4,32.52100573618852,33.98971174669421,4
1798,1802,7.813574737311631e-05,4,34.82545602433543,34.86300259339384,4
1806,1808,-0.014271647497072118,2,34.70329406441239,34.24272417860227,2
1821,1830,-0.04070833966142873,9,31.85796045443173,30.59293373978679,9
1831,1832,0.015254836546790468,1,30.75802746065488,31.257994169529518,1
1834,1840,-0.060365197394802464,6,31.954674707024875,30.05767913535564,6
1846,1851,0.004676285836109195,5,30.267361554073318,30.4391677497591,5
1856,1859,-0.016036696689598336,3,31.145280733245407,30.676958593547205,3
1861,1862,-0.006197886829717561,1,30.940591858242204,30.77976616331858,1
1865,1866,-0.005269650352357326,1,30.833771227996063,30.702121805807945,1
1867,1868,-0.005282191334870461,1,30.50707791588231,30.3764407711787,1
1869,1873,-0.025004529150517037,4,30.490476176134365,29.758566651951202,4
1877,1882,0.02717087738144394,5,29.684119513458217,30.520347204447976,5
1884,1890,0.02750358371798309,6,30.39442562086725,31.26077567611165,6
1894,1896,-0.0018435379463941513,2,32.02629307444259,31.99927768095196,2
1897,1898,-0.00776917290555616,1,31.877607269182917,31.661822233762404,1
1899,1900,0.0006184206435762339,1,31.636794087314716,31.687995727962196,1
1901,1902,0.001086054186511515,1,31.767637900016943,31.833906914053856,1
1906,1907,0.003189332580558495,1,31.862429168030317,31.995911480639684,1
1908,1909,-0.00675511549174245,1,31.919687499944867,31.735986011922357,1
1911,1912,-0.01362667679637761,1,31.550539238677143,31.152160776958937,1
1917,1921,0.03278101506411566,4,31.443810911779835,32.506014761863874,4
1923,1924,-0.0018800208751066955,1,33.16706438806341,33.137876679035905,1
1925,1926,-0.0084454860845854,1,32.75691402872353,32.51302288114871,1
1927,1931,-0.0013558626805637189,4,32.555010233463406,32.54342512025595,4
1937,1940,-0.01801171007451871,3,32.16556757917686,31.618376269137563,3
1944,1948,-0.005100823330428205,4,31.46430066829842,31.335271130042255,4
1949,1952,-0.0209792183838666,3,31.420554570439066,30.792796448934066,3
1953,1958,0.008857549150232055,5,30.662076501209732,30.964329427368583,5
1960,1962,0.019690129021862526,2,31.667865867144993,32.32307809778326,2
1963,1964,0.005882947495826286,1,32.94865171979926,33.1754355596449,1
1965,1966,0.006649775296975067,1,33.238479107701274,33.49274600408839,1
1967,1976,-0.0008610489687499118,9,33.78092647353883,33.78562036810891,9
1977,1979,-0.001422554322495211,2,33.81351605936639,33.799228011996746,2
1983,1986,-0.008281627728845636,3,33.430580304960415,33.187151264420415,3
1990,1991,-0.0035475523424544865,1,33.353388396616566,33.26841889387797,1
1992,1994,0.008239021492419295,2,33.363256895884646,33.67150074340283,2
1999,2000,-0.002620260174023614,1,33.26428989096765,33.21039308684014,1
672,673,-0.0010686736560747148,1,27.0274715810377,27.025615505749776,1
674,678,-0.016213360361825142,4,27.145044853626928,26.732077504230794,4
683,690,0.003785016964330014,7,26.243105872919738,26.368679579718368,7
693,699,0.013616162244962576,6,26.727689426700138,27.118345671793758,6
705,707,0.0034788140948010327,2,27.52997900592979,27.653280663931124,2
712,718,-0.01949014220862043,6,27.312880974729367,26.807861921379498,6
719,722,0.005540357647514607,3,26.68090228471596,26.85540492801639,3
729,733,-0.010188679507656152,4,26.160272344201676,25.919893985797806,4
735,736,0.007164231152411884,1,26.275594986863084,26.49011501800299,1
737,738,0.00010069087078087434,1,26.62465019088923,26.653955700292077,1
740,743,-0.00316798819313752,3,26.373796552609104,26.316618473074836,3
744,754,-0.003906822967927957,10,26.281247195847904,26.20485226287322,10
757,758,0.0024970427925138485,1,26.31697214833588,26.409003726108004,1
760,763,0.013124942270069197,3,26.546264170415903,26.921228619309034,3
765,767,-0.0028483167592691224,2,26.95348945982013,26.90367087353076,2
768,770,0.0014051146025628246,2,26.92158728867892,26.986336791391093,2
771,779,0.016527913716483156,8,27.111658881888676,27.586869699481145,8
780,783,0.000520701858797893,3,27.74481288801809,27.787004476548898,3
786,788,-0.001177192544400699,2,28.215553090188397,28.210553504544674,2
792,795,-0.009022553565479183,3,27.788761554556856,27.565824726467095,3
796,797,0.005357983328738508,1,27.695958838389462,27.87204928295737,1
798,800,0.004231747517796115,2,27.969950010120794,28.116281726659125,2
801,810,0.0201226406167513,9,28.04093352391266,28.63323208529648,9
813,816,-0.0016029932153099002,3,28.58513194713113,28.567895306508273,3
818,824,0.005296900273618121,6,28.473619900332285,28.652915445273585,6
825,826,-0.003560556582725893,1,28.57758123006332,28.504406716326297,1
829,833,-0.015760375411211912,4,28.318402352910365,27.90041210313566,4
834,838,0.018667260889144634,4,28.06830531804163,28.62033200144772,4
842,843,-0.004186468835495671,1,28.751698357476343,28.660081966692672,1
850,854,-0.009851944304848047,4,28.34786465373904,28.096930934662772,4
859,861,-0.007479573311943278,2,27.931814072205313,27.75082783518889,2
863,864,0.003320968575947966,1,27.79403717208838,27.914134333307704,1
865,869,-0.007227157629176689,4,27.85816964423836,27.68469243060334,4
870,874,0.004913779616831821,4,27.711345334679077,27.87522412387429,4
878,883,-0.013831561290079241,5,27.567094286917882,27.213365426985902,5
886,887,-0.0011435825693963207,1,27.182332517199683,27.178429608054678,1
888,890,-0.006833519661976505,2,27.27164470149343,27.11255502591283,2
892,895,-9.454986653379218e-05,3,27.081504008847457,27.106024960266733,3
898,901,-0.0016911856294317996,3,27.336796246690298,27.31790144596988,3
902,903,-0.002800882495781725,1,27.48454292014759,27.435046487898134,1
905,908,-0.000758034478093113,3,27.64304124038965,27.649729903290474,3
909,910,-0.00058475769868478,1,27.75192592484462,27.763449698431582,1
913,915,-0.013418865972768368,2,27.937390691601205,27.590439980973343,2
920,922,-0.003395381035392825,2,27.273123975553045,27.207794451606087,2
924,925,-0.004106244577003511,1,27.12137281763178,27.03712720039612,1
926,929,0.0021863730621126984,3,27.164098461810276,27.250653413405566,3
930,931,-0.0021168479798664474,1,27.293205908030448,27.262723546147985,1
932,937,-0.0030680775484831805,5,27.321373013410454,27.264870295287686,5
938,939,-0.003440124753481876,1,27.175245030291503,27.108934042211153,1
940,943,-0.013631554834582702,3,27.05685650804664,26.715086341413812,3
945,946,-0.0028871168331282837,1,26.513585561971038,26.463551328350455,1
947,948,0.0027827140160573017,1,26.36471711005529,26.464447294996884,1
955,958,0.002531588179048485,3,26.67944592837079,26.773666744234987,3
959,960,5.062396878516978e-05,1,26.78662239715867,26.814765064691922,1
962,964,-0.007930426267669776,2,26.741100812289506,26.55577358479361,2
967,968,-0.004197126838738097,1,26.477153259471418,26.39250244217218,1
973,978,-0.004249468547772313,5,26.19361907149861,26.108503730173446,5
980,981,-0.0007092227390381879,1,26.11328906018317,26.120882210850795,1
983,984,-0.005247519698488433,1,25.903406426787758,25.793381197732025,1
985,988,0.008736129549230042,3,25.768494117421277,26.019379514437063,3
992,993,-0.0030821357971079918,1,26.383069486306685,26.328136352891658,1
998,999,0.0005350629807269599,1,26.237571514985127,26.277847839721957,1
1000,1003,-0.00926283185220974,3,26.195523342675568,25.979074138014404,3
1004,1005,-0.0005799579461219925,1,26.01589196823187,26.026819736927674,1
1006,1012,0.008414391951427489,6,26.06196857951171,26.30732616674502,6
1014,1018,0.012704055300128306,4,26.655093238919346,27.020376110695572,4
1024,1025,-0.0007936840972308723,1,27.727837150867096,27.733557844620712,1
1028,1036,0.021466515032447696,8,27.647564395567038,28.26870881667061,8
1038,1040,-0.001905096943931448,2,28.43354086478454,28.407805753842673,2
1045,1050,-0.020571652458877706,5,28.437283521190682,27.88071889123937,5
1053,1055,0.0016028680723965925,2,27.847282246526007,27.919765048388506,2
1056,1058,0.006235434447570934,2,28.079628427026424,28.282796737822324,2
1059,1063,0.039386408516102624,4,28.378502319176096,29.524608106913508,4
1066,1069,-0.001079932307144519,3,29.328982131335472,29.326637798127514,3
1071,1072,-0.008978185656275617,1,28.949983439265875,28.719015096641307,1
1074,1075,-0.004986734794476519,1,28.68179591565722,28.567449201912194,1
1078,1079,0.002094497121723911,1,28.97045096584789,29.06009994297675,1
1080,1082,-7.375765558658397e-05,2,29.165004487995073,29.19201835012686,2
1087,1089,-0.0007879039903224275,2,28.415417518374046,28.421444315043015,2
1096,1103,-0.0029769774448728525,7,28.04392759316858,27.988485380851237,7
1105,1111,0.008106000334617825,6,27.929064250948315,28.183386319363013,6
1116,1118,0.0005744614138969097,2,27.07681531420786,27.119446715131293,2
1124,1125,-0.0003946948365880905,1,27.521323993848114,27.537982793365522,1
1129,1130,-0.0040718390364519,1,27.71434540340378,27.629211395323892,1
1136,1141,0.00823618180539756,5,27.660651583116692,27.916130389994116,5
1142,1147,0.008670318993791719,5,27.973566956870307,28.244080272737435,5
1149,1150,-0.0015778804266733527,1,28.453228692153154,28.436786128216298,1
1151,1159,-0.01002926255988023,8,28.583329432365325,28.325243046084946,8
1166,1169,-0.007910653096745303,3,27.991489697371854,27.798050222412197,3
1172,1174,-0.009153441366593143,2,27.682798584334762,27.45708850921418,2
1175,1183,-0.02149383691378205,8,27.259881785902586,26.70122221429332,8
1189,1192,0.009286615204730984,3,26.87221387494994,27.14863799878078,3
1193,1194,-0.005980031627034357,1,27.170012882858604,27.034705359395037,1
1197,1200,-0.0004136606997478928,3,26.884983991674048,26.900747714375015,3
1202,1204,0.000738365960281998,2,26.9349887843999,26.981811652043277,2
1214,1215,-0.006012407376656069,1,27.638094021318373,27.499560634969203,1
1217,1218,3.191065520559639e-05,1,27.53969826938987,27.5681167774752,1
1220,1221,0.004934278675874214,1,27.75389689775002,27.91859625628275,1
1222,1225,-0.0072081474997161225,3,28.012289652945384,27.838385226975127,3
1229,1230,-0.0005864164290376361,1,27.591032130500995,27.602443328096065,1
1231,1233,-0.004598623974972729,2,27.727946260197417,27.628163808008715,2
1235,1237,-0.00799506642523054,2,27.743555480931388,27.549487467470204,2
1239,1240,-0.004274533166000012,1,27.472591738943716,27.382631826138567,1
1243,1244,0.0005611744148873424,1,27.537297417131963,27.580287941314733,1
1248,1251,-0.011003364959931539,3,27.02147198584388,26.75116633981492,3
1252,1257,-0.012971820086017775,5,26.71107220169946,26.391292050996082,5
1263,1275,-0.010640834319036702,12,26.889303971434362,26.630068646891548,12
1278,1283,-0.015300167602269217,5,26.611894990587814,26.23134043200842,5
1284,1286,-0.0072273962130271555,2,26.15347446741126,25.9906064195554,2
1288,1289,0.0003480699189155833,1,26.049780372890773,26.084897298205824,1
1290,1291,0.00019215582454719642,1,26.17362197373929,26.20482500962478,1
1293,1294,-0.00017115577490930533,1,26.092965647288864,26.11459265118111,1
1296,1300,-0.0013266187229714124,4,25.89281163734234,25.884354560271213,4
1301,1303,-0.017098187226533213,2,25.861589857266956,25.44526514176886,2
1308,1311,0.008333006576094242,3,25.564501176158245,25.8030948337499,3
1322,1323,-0.00675615650948854,1,25.65292547594848,25.505263221982673,1
1326,1327,0.0012190378540377178,1,25.304324206326736,25.36047545961142,1
1331,1334,0.011519572364172396,3,25.649185496673155,25.970302330580836,3
1338,1339,-0.0041249799383693735,1,26.271025546008268,26.188929118216603,1
1344,1345,-0.003159824941568862,1,26.474555884159674,26.417375478044107,1
1347,1349,-0.0049877139801004335,2,26.384728917540542,26.279514165174906,2
1351,1352,-0.006042665660768682,1,26.133576264237792,26.00179337661704,1
1356,1357,0.0007445879507108691,1,25.66124126231629,25.706009554622813,1
1366,1367,0.004892067982257397,1,25.843647547726246,25.995920075986948,1
1377,1379,-0.007775039042360838,2,26.691785789782585,26.510947898946476,2
1384,1387,-0.006849167596950972,3,26.64897543113394,26.49310110755021,3
1389,1391,0.0030377382694551326,2,26.546924417923808,26.654113950582392,2
1394,1396,0.0015511967747050036,2,27.130095127745292,27.199309338932636,2
1398,1399,-0.0018562134951051767,1,27.349488468321855,27.326071467211055,1
1403,1406,-0.00331555462857114,3,27.47096175593141,27.40735124328616,3
1410,1412,-0.006142772091628671,2,27.1700626505806,27.030333210653392,2
1413,1416,0.0010844312471446804,3,26.97917740783226,27.035413648243406,3
1417,1418,-0.0015942232457731229,1,27.10414927757816,27.088043362020517,1
1423,1429,0.018900693822371344,6,27.290521704125425,27.833622020812005,6
1431,1432,0.001755953883293695,1,27.937927575551342,28.01492321554436,1
1434,1436,-0.0021604822893960592,2,27.92025564222206,27.88785468003385,2
1438,1441,0.0016912706645274517,3,27.821599614085766,27.896475068967383,3
1453,1454,0.0027260286202462577,1,27.76887536161278,27.8723429859622,1
1456,1457,-0.002737076346668849,1,27.927288109864303,27.878776278262052,1
1459,1465,-0.02091184688765564,6,27.436260210755734,26.889953598269287,6
1468,1469,0.0008756877407175524,1,27.00219301629477,27.05284069870792,1
1473,1474,-0.0050094309323768585,1,27.0549921465787,26.946517024190996,1
1479,1482,-0.012574222316152565,3,26.38108581058891,26.075745258475656,3
1484,1486,-0.001413931020271346,2,25.89993825030979,25.889217462444876,2
1492,1498,-0.012993249335929529,6,25.850370313997157,25.540340377395278,6
1500,1505,-0.004345944480995347,5,25.662895777468446,25.577029152975467,5
1506,1508,0.003592587016755004,2,25.615501184443715,25.733142602611064,2
1510,1513,-0.0071502607268867655,3,25.81271997707385,25.653965019144728,3
1517,1518,-0.002067188483322567,1,25.702109983192575,25.67468098742142,1
1520,1521,-0.0007658413902417929,1,25.74681290785556,25.752841745771768,1
1522,1526,0.000324804805144955,4,25.832631451521124,25.866854645797638,4
1528,1536,-0.015382823718165423,8,25.645899249660733,25.27703880165903,8
1539,1542,0.008682534810939696,3,25.39362323827431,25.639497879254787,3
1546,1551,-3.6592981453678316e-05,5,25.805600469718193,25.830461766328522,5
1552,1554,-0.0004740959996809987,2,25.854416635296076,25.868013576430492,2
1557,1563,-0.0008612249318130721,6,25.77842969814056,25.78200710147967,6
1566,1567,0.0006426525586988377,1,26.063423661803117,26.10623681136963,1
1568,1571,0.005017657136798986,3,26.17008715805367,26.32756976981098,3
1573,1575,0.0010413188037433282,2,26.341980964806446,26.395753345877754,2
1578,1580,-0.010675464535767142,2,26.46278201562801,26.206742306718066,2
1581,1582,-0.0026228962640204166,1,25.974299951865127,25.9321463575127,1
1585,1592,0.015958725600797866,7,25.94156675355572,26.38150266578405,7
1595,1597,-0.013086216602686128,2,26.413742375430935,26.094500163793928,2
1598,1600,-0.0021752731539127395,2,26.019188691353808,25.98860903739827,2
1601,1602,0.000582208866788806,1,26.071332673720978,26.11258296744634,1
1608,1609,-0.010006976392753792,1,25.845919825672762,25.61312623595392,1
1610,1612,-0.005627818239135803,2,25.44246549148279,25.32472238563272,2
1613,1614,-0.001285722004506538,1,25.274329335657775,25.267107903617433,1
1616,1617,-0.00019382315114125357,1,25.464235251414948,25.48476392834853,1
1619,1623,-0.00723037371007493,4,25.652200786872722,25.492377989484627,4
1624,1627,-0.011650030850613932,3,25.478998147338995,25.2076460310271,3
1632,1634,-0.02177561265834996,2,24.73530615088561,24.22141501130911,2
1635,1636,-0.009964175026354317,1,23.95787450406221,23.743111923748366,1
1648,1649,0.029923651497999734,1,22.82827028400427,23.53420375856896,1
1650,1652,0.011100769295327852,2,23.822025148541165,24.11028997901116,2
1658,1662,0.07692887724511788,4,25.078260295192802,27.032580963257995,4
1664,1665,0.011754108941937454,1,27.155708126113787,27.502054985949698,1
1666,1667,-0.011263698880685232,1,27.80903528817656,27.523611723816366,1
1668,1669,-0.020138809111681852,1,27.359807858898726,26.83617371895497,1
1672,1674,-0.015669472832369958,2,27.16606714230976,26.76755525840331,2
1677,1679,-0.020741893754272923,2,26.1834581623384,25.666547113178066,2
1680,1681,0.003660876661751554,1,25.920575038736768,26.041387641993996,1
1682,1683,0.0021586204464503155,1,26.27956862490192,26.36257580768443,1
1684,1688,0.005579836875149464,4,26.416212191977955,26.590026559060504,4
1689,1690,0.007476115237867381,1,26.766329149401162,26.993203639766175,1
1693,1696,0.013031186534086601,3,27.54770884869496,27.934235890137707,3
1697,1700,-0.013011085499478287,3,28.080369164677283,27.74309344978343,3
1701,1706,0.0356334399422995,5,27.843601942670663,28.863608862214782,5
1712,1715,0.009072701755893808,3,30.589636381152154,30.89775666524074,3
1720,1724,0.045151501835477136,4,30.80523714782767,32.226945106597945,4
1726,1727,-0.010539239974617805,1,32.51169140157329,32.20155457531296,1
1728,1733,-0.022100785296704457,5,31.93530242445497,31.26144246461122,5
1734,1742,-0.0025896703199041835,8,31.151702516393286,31.10218157948849,8
1743,1745,-0.01978594405290882,2,31.443436441358088,30.85274180353954,2
1747,1749,-0.005557469090558185,2,30.414601188842205,30.275987584022403,2
1752,1762,0.030011487560233367,10,30.533051120179675,31.479926455169096,10
1764,1773,0.08731087418147152,9,31.144102520371767,33.89446543954317,9
1776,1781,-0.00011503873355789252,5,33.499712880781175,33.5293588291176,5
1782,1784,-0.022345625333619317,2,34.061792815790206,33.33472254815298,2
1786,1787,-0.0009126916275441441,1,31.990119209417973,31.992912214660816,1
1788,1791,-0.03566490440673054,3,32.19290150242904,31.076937649272043,3
1796,1798,0.04388508412764095,2,33.25118745192412,34.74366979804769,2
1799,1802,-0.006739354165826725,3,35.0874638690801,34.886084487154804,3
1807,1812,-0.03757217845213651,5,34.41788220708552,33.159145277063374,5
1813,1815,0.011786598996670818,2,33.102344225135745,33.52561062659232,2
1816,1817,-0.011851328396350655,1,33.35676538151558,32.99480016612073,1
1820,1821,-0.01419395898418821,1,32.23042972620585,31.805182758355528,1
1825,1826,-0.026362829439939697,1,30.639779726276828,29.862668219001947,1
1834,1835,-0.003534786635824811,1,31.89416921202867,31.813324298149286,1
1838,1845,-0.028374676614150045,7,30.815096872511205,29.971543560792504,7
1846,1851,0.0043563135789939375,5,30.288772151958007,30.451008313526593,5
1853,1854,0.006278157473350526,1,30.16240702521151,30.381933773316295,1
1855,1860,-0.006466799999969565,5,30.914224453860033,30.745222571616612,5
1861,1864,-0.00497991088435482,3,30.936527114081688,30.813402493096216,3
1868,1870,-0.0031838428339960078,2,30.332895889445457,30.266653612122944,2
1871,1881,0.00417417327873899,10,30.126832058235188,30.282713507643965,10
1883,1884,-0.007885334432274196,1,30.594223921954644,30.383572458556102,1
1887,1888,0.013710197746968932,1,30.590060472878964,31.04004631152675,1
1889,1892,0.016580373338937113,3,31.177625095249294,31.72573938424519,3
1895,1897,-0.006872243349129984,2,32.097524774206896,31.909040297828025,2
1900,1905,0.0013881298195662505,5,31.695722458678546,31.77141595863481,5
1908,1910,-0.01293178054286729,2,31.934130222602164,31.55309918895873,2
1916,1921,0.03477381429369049,5,31.438777718092638,32.5634627138003,5
1922,1926,-0.018587578312525145,4,33.08560410958585,32.50370845629131,4
1928,1929,-0.004345511350707159,1,32.63513992873581,32.52595869767231,1
1930,1931,-0.00650172687507241,1,32.751861916272986,32.57167011735957,1
1932,1939,-0.03022071271073828,7,32.60155768345944,31.64891693246851,7
1941,1943,-0.005456842202532493,2,31.641677351272786,31.500655388294717,2
1944,1950,-0.012874219130191614,6,31.55317824530194,31.17850889256323,6
1951,1954,-0.007703601293868999,3,30.921618252040922,30.714332051918017,3
1957,1961,0.03603058715775087,4,30.836564542301552,31.97846063323086,4
1962,1965,0.02650330102636572,3,32.304523706072516,33.193004746073996,3
1967,1968,0.009589249872868823,1,33.73566262771904,34.09289798891076,1
1969,1976,-0.018206205435772584,7,34.378901932855086,33.7873714835421,7
1980,1985,-0.02440990486994358,5,33.8314861498316,33.039494277455226,5
1987,1988,-8.312071497036634e-05,1,33.42052107227087,33.451163655736934,1
1989,1993,-0.0051843390144338565,4,33.50103150622633,33.36085183307105,4
1996,2000,-0.02051280345359956,4,33.885057808635935,33.22386533560216,4
673,677,-0.009446721809619241,4,27.03231304107487,26.80397861294637,4
679,680,-0.009087103060215037,1,26.659367956602903,26.44377090041766,1
681,683,-0.004113687683967016,2,26.338654266780416,26.256643923377677,2
687,692,0.018318939352156987,5,26.121878335346818,26.626525318671806,5
693,695,0.002685874701560563,2,26.719085490213928,26.81756869147114,2
696,698,0.00435904871805674,2,26.954675853113997,27.099127274190263,2
699,704,0.008745875998166317,5,27.081957198965355,27.34589459561412,5
705,706,-0.0008365868964790121,1,27.515767754026772,27.52026419103122,1
711,717,-0.020041334318843574,6,27.42696586419834,26.90471983782663,6
720,722,0.006141408779699535,2,26.67329124884395,26.863776125151926,2
724,727,-0.01453103141527469,3,26.678191228151245,26.317207784540425,3
728,736,0.008376057791045197,8,26.252421617613166,26.49856583985479,8
739,740,-0.006888592724850322,1,26.50568791202807,26.349606711022147,1
742,743,0.002376264073381981,1,26.198783581062834,26.287237592833886,1
746,747,-0.002743759972177902,1,26.390496408401148,26.344477717118274,1
751,754,-0.008111720645228512,3,26.360454532273142,26.172986343558367,3
755,757,-7.634722410253692e-05,2,26.301339644602788,26.325632949975347,2
758,763,0.01662266676478482,5,26.417226950861412,26.882768938266135,5
764,765,-0.002592086288595558,1,26.97123033812116,26.928289812113285,1
769,771,0.005475455146315331,2,26.95275229563128,27.12728363419139,2
772,786,0.033853549939183665,14,27.190723260621755,28.13841649166836,14
792,795,-0.008742219804428606,3,27.82438182867547,27.608959348635516,3
796,800,0.013220675418450088,4,27.703413663867515,28.09737491756443,4
802,807,0.01348432773955002,5,28.13628107521237,28.543816191677845,5
808,810,0.0021714790231496936,2,28.54802693455759,28.638566403132852,2
812,814,-0.005708350997758713,2,28.6659091670297,28.530940005001455,2
815,818,-0.0076795088747018195,3,28.604897301014407,28.413830635632348,3
819,821,-0.0017806890228318983,2,28.514015611482925,28.491755032498183,2
829,830,-0.007224882573146864,1,28.37156797004167,28.194958291012107,1
831,832,-0.007862308775081678,1,28.094807323650038,27.902012080818725,1
833,839,0.021986889621934336,6,27.951325135325483,28.59383916099801,6
840,845,-0.0068600579802868085,5,28.73269431539284,28.564319060774782,5
846,847,0.00038219258073915745,1,28.573586331814838,28.613080530847782,1
848,860,-0.02668364008304779,12,28.576815163088725,27.84285852772017,12
861,868,-0.004834465351827024,7,27.770740712264896,27.664254769209144,7
870,877,-0.00418004842495358,7,27.77392813096674,27.685605694559086,7
879,884,-0.011419251254276036,5,27.422875809402726,27.13714997622975,5
886,887,-0.0002533671472682089,1,27.167026091393648,27.187309885584504,1
890,892,-0.007191147098007225,2,27.150774282584358,26.982679845176087,2
895,896,0.005896270061928383,1,27.125866946778856,27.31293425090778,1
897,907,0.008172860721134729,10,27.392216196683936,27.64348118069933,10
909,910,-0.0015992797594389114,1,27.783594014761682,27.766943869224168,1
911,913,0.0009696703296427538,2,27.860517204173075,27.915393238278636,2
915,916,-0.006469752306667601,1,27.6206718228229,27.469593589408305,1
917,921,-0.0018838842969948317,4,27.358601370908335,27.334419532768848,4
925,929,0.004647353514827609,4,27.095854459817417,27.248874328738324,4
933,934,-0.0020106129538727466,1,27.36767014329828,27.340012021334147,1
937,941,-0.012783427547863765,4,27.289585163694515,26.968020314106862,4
945,947,-0.008891322989785996,2,26.519356766143783,26.310083956420776,2
949,953,-0.002179212219002505,4,26.62650249024163,26.595104193155837,4
954,957,0.004346629155198616,3,26.60556395733747,26.747814041282272,3
958,960,0.0033695875387532775,2,26.709145039005673,26.825852986338866,2
962,966,-0.011834461024962668,4,26.73614660113928,26.446474862831547,4
968,969,0.0013775671219902457,1,26.428649583339677,26.491485471667627,1
979,980,-0.00033458805675494127,1,26.13277300750446,26.150162066773767,1
986,987,0.001402776518956254,1,25.85745321457313,25.919582895997117,1
989,997,0.003202656660432679,8,26.175972817639728,26.285981444145087,8
1005,1007,-0.0022263613111492787,2,26.05654318859821,26.02458845212942,2
1008,1009,6.859065872120876e-05,1,26.04302281428113,26.070852145185334,1
1019,1020,0.00838784449088657,1,27.134243298435315,27.388975354898907,1
1022,1029,0.001511219324931036,7,27.56648438656727,27.63570987487923,7
1031,1032,0.001720935487950331,1,27.835320574176233,27.911058685744983,1
1035,1040,0.002758101060303175,5,28.261767972813484,28.367978552998157,5
1041,1045,-0.0036915010976801854,4,28.47032046618748,28.39369256740143,4
1049,1050,-0.007587647861867866,1,28.034231930315627,27.849552282280776,1
1056,1057,0.0012307461506384531,1,28.153694395088852,28.216498140486948,1
1059,1061,0.023188643623903795,2,28.409047512340038,29.096223838310582,2
1063,1064,-0.004486927012236271,1,29.545295224564345,29.442272936561316,1
1066,1069,-0.001212482821369048,3,29.29420824047262,29.287983724455913,3
1070,1073,-0.013619372825709547,3,29.121759426875116,28.754261087326757,3
1074,1075,-0.0044737843496273945,1,28.702662288798713,28.602955429747244,1
1076,1082,0.017051267511111995,6,28.71933950947045,29.23775998969835,6
1083,1092,-0.023728557391885542,9,29.080077427082472,28.419129218320553,9
1093,1094,-0.006779776826184013,1,28.24201904723266,28.078786480018817,1
1095,1097,-0.001619490617897446,2,27.936847796052497,27.919541180949214,2
1100,1101,-0.003376303550555951,1,27.833759916653324,27.76761845413806,1
1102,1105,-0.0022548179781704753,3,27.877882655933625,27.842900987583633,3
1108,1109,-0.0019048197871699148,1,28.240160124219003,28.214607868545762,1
1110,1113,-0.017264195378412044,3,28.297879800504383,27.83763755463416,3
1117,1119,0.0005732455871649499,2,27.080405289062586,27.123009417182242,2
1120,1122,0.005993214755530913,2,27.24564302459435,27.436177657417872,2
1124,1127,-0.0013477783553347284,3,27.539370296253033,27.529792699344448,3
1131,1135,-0.001079900695800631,4,27.59125455581557,27.58904999537855,4
1137,1139,0.004730008416634836,2,27.690374814054206,27.84904089479851,2
1140,1144,0.009983951209926217,4,27.884625618705936,28.19090898600886,4
1146,1149,0.004674462801579945,3,28.2455318293349,28.405810049011304,3
1156,1159,-0.009582858875799995,3,28.60501084922963,28.359498077969963,3
1169,1170,-0.0034378139871154216,1,27.77362343963493,27.705916511940913,1
1174,1176,-0.014668199907057963,2,27.540499543726135,27.164070490422247,2
1179,1180,-0.0031850358030317367,1,26.93158378320869,26.87273730841003,1
1187,1193,0.01145273748656676,6,26.774442869073543,27.107857977471195,6
1194,1197,-0.009094499282101421,3,27.114698848336996,26.895218937974736,3
1198,1199,3.986481744412793e-05,1,26.83303353350042,26.860936261017205,1
1202,1203,-0.0006794220435581309,1,26.90329398813752,26.911918591145792,1
1208,1214,0.018600109050282348,6,27.06549940267462,27.595986142467396,6
1218,1219,0.0018607150103624273,1,27.648047423392587,27.727140607663898,1
1220,1221,0.0049936340609916755,1,27.74682403502124,27.913128344641887,1
1223,1225,-0.0058044782604761355,2,28.023983992084588,27.889343370222687,2
1226,1228,-0.008580551248783649,2,27.786414267941797,27.57577793056373,2
1230,1232,0.004310192429706416,2,27.577187250671326,27.723627421642437,2
1235,1236,-0.004897121790283788,1,27.744243105012874,27.636120410653398,1
1238,1243,6.870981879655846e-05,5,27.556643264279895,27.586093319509505,5
1245,1247,-0.010198307518463005,2,27.59015062863386,27.33636793867097,2
1253,1260,-0.006073145659197234,7,26.540714701156404,26.40606978957824,7
1262,1263,-0.0005206410078187309,1,26.73782728515954,26.75064430310007,1
1266,1273,-0.005687611961053237,7,26.96966505292011,26.843241728432442,7
1276,1284,-0.02101850237780709,8,26.56518961453734,26.033394303071827,8
1288,1293,0.0028937744339381463,5,26.041479034343446,26.14287867962931,5
1294,1297,-0.0022051953424668718,3,26.07931806273724,26.047887390073317,3
1299,1301,-0.003317628547386437,2,25.93009380366993,25.869997478034136,2
1302,1310,-0.0032703035587349793,8,25.77613717231771,25.717617516364957,8
1311,1312,0.0029017828699321726,1,25.81368827519784,25.914407681919776,1
1315,1318,-0.018403945899197433,3,26.400112276910665,25.940646151110574,3
1319,1320,-0.007420544424317939,1,25.798924622785496,25.63328148114527,1
1326,1328,-0.0028894594411099685,2,25.344565592208284,25.296678063469255,2
1331,1338,0.020938716425833045,7,25.656689130256183,26.219563957510626,7
1339,1342,0.003302770840408048,3,26.213407471504706,26.32619775680083,3
1345,1348,-0.0038870154500207127,3,26.399297531938522,26.323082352094122,3
1351,1352,-0.007385860294249804,1,26.15761187357623,25.99057301852036,1
1354,1355,-0.003786286630083043,1,25.6600098207615,25.58851367847011,1
1357,1358,0.00021527496164805882,1,25.71952793074022,25.750784229059857,1
1359,1364,0.0005512153100079638,5,25.76988086630928,25.80985550004618,5
1366,1369,0.006858716198178475,3,25.869190153973243,26.07248877767003,3
1370,1371,0.0010138592772292146,1,26.130396344377846,26.183019285473648,1
1376,1381,-0.0053183835796821385,5,26.70148922222996,26.586181949619622,5
1383,1385,-0.003521086570090049,2,26.65533445354301,26.588134047830923,2
1387,1388,-0.001299570330644752,1,26.495963532352096,26.48802612779596,1
1389,1390,0.00018645170448158615,1,26.526271682687643,26.55774382293911,1
1391,1394,0.014927194870131125,3,26.67372610162809,27.098563735161225,3
1395,1400,-0.0015310101694663986,5,27.293409703935797,27.278916625823594,5
1401,1402,-0.0003716331894691849,1,27.345052870231935,27.3622355938878,1
1403,1411,-0.013368093125054901,8,27.461168641286342,27.121526350208075,8
1416,1427,0.02351256177287069,11,27.1057638900221,27.770195601777115,11
1433,1437,-0.005195258218969206,4,27.943138212518086,27.825909532268227,4
1442,1444,-0.002955173652166101,2,28.07176463105736,28.016879456480908,2
1450,1457,0.009048058457743705,7,27.54698573729151,27.823779460314448,7
1460,1465,-0.020230444040849806,5,27.4491879004423,26.921327828556073,5
1466,1467,-0.0005453763975039195,1,27.024252420853767,27.0365382838441,1
1468,1469,-0.0036179297803253002,1,27.080704882477114,27.009809498693077,1
1470,1472,-0.0038392948795183336,2,27.103071854944453,27.02611824180749,2
1473,1475,-0.010887025709787706,2,27.067954485445224,26.800332923536264,2
1476,1477,-0.005521345945751554,1,26.562807581720982,26.44270793935359,1
1480,1483,-0.020518080353200817,3,26.442979653744583,25.926863452084742,3
1484,1485,-0.002935779039216292,1,25.939200507695734,25.888987947058908,1
1488,1501,-0.015942429195501793,13,26.042574279965898,25.65343495771891,13
1503,1506,-0.011429535111714611,3,25.840293320782823,25.570791074296714,3
1510,1512,-0.0047952671895839395,2,25.791280843490053,25.69339604152741,2
1515,1516,-0.0013779014042797943,1,25.840548504941832,25.830783325374455,1
1518,1524,0.0040460434730223375,6,25.761988019297974,25.89198413079483,6
1531,1539,-0.004296799009300127,8,25.434229410509282,25.350377868186403,8
1541,1549,0.0019919412635301718,8,25.603506253069366,25.680110439918977,8
1551,1552,-0.0012245621783350438,1,25.765825660998086,25.76003963106105,1
1555,1562,-0.005972582529905708,7,25.871961725328788,25.74331126043903,7
1564,1576,0.020857831996891976,12,25.8822475387117,26.44797735711483,12
1584,1585,-0.0032680009433663105,1,25.9795715081334,25.9206498154447,1
1588,1593,0.012756378547174908,5,26.0933476941167,26.452297662560024,5
1594,1595,-0.004804948372675642,1,26.44022567674274,26.339621983080843,1
1601,1602,-5.7875733941356784e-05,1,26.11348424894149,26.138086396123757,1
1603,1604,-0.001357497494648395,1,26.183922352880895,26.174561666239672,1
1606,1607,-0.008299032465348043,1,26.06458643325749,25.874340170685272,1
1611,1613,-0.003919511041047267,2,25.308469591274584,25.23458123487085,2
1615,1617,0.000543512709630385,2,25.381857935709217,25.421035156027017,2
1625,1626,-0.006192040401933811,1,25.39855810438615,25.266687764557314,1
1628,1629,-0.006806717332831203,1,25.188300096862836,25.04203875810583,1
1632,1635,-0.031058195231192007,3,24.711914203101223,23.96911866144794,3
1642,1645,-0.03464234952583482,3,23.11489147014344,22.337252212053137,3
1646,1650,0.08108278968111471,4,21.98570265848308,23.790350465790873,4
1653,1655,0.005610980916266971,2,24.215399490611805,24.37548703452402,2
1656,1657,0.005492559907916505,1,24.70859717684428,24.869019224255517,1
1660,1661,0.017846294850087353,1,26.055829784658936,26.546885635344307,1
1673,1675,-0.010014369252689309,2,26.87887246159723,26.63657638013245,2
1678,1681,0.009275930255364842,3,25.781051215732795,26.045975499935654,3
1683,1685,0.004209923854173109,2,26.354515560963762,26.491820580250003,2
1687,1688,-0.0015458643902816183,1,26.547190662081732,26.532699496037285,1
1689,1692,0.01983787551050213,3,26.723656304863557,27.28052052812975,3
1693,1697,0.019994310575102373,4,27.47888289388615,28.055783095617265,4
1700,1701,-0.0015709285210963558,1,27.783982308166763,27.768119640237394,1
1707,1708,0.010418969868395439,1,29.448392796787033,29.784663106806217,1
1710,1712,0.012993786926024226,2,30.15274547680464,30.574696572241685,2
1714,1716,-0.00019902466140606697,2,30.69938811932054,30.723977572114038,2
1721,1722,0.022210156268701865,1,31.31386436880594,32.04066405418286,1
1725,1731,-0.02054873180104811,6,32.380967470107244,31.747960621575654,6
1735,1736,-0.005337147304108977,1,31.003350747236777,30.868884648125054,1
1741,1749,-0.022511702046795073,8,30.962993724809284,30.2969270293244,8
1751,1754,0.006154049800596033,3,30.278311604074197,30.49492415316771,3
1755,1757,-0.007231893965310704,2,30.509686697214395,30.319553564802504,2
1761,1767,-0.02659440053438952,6,31.310986810288238,30.509600872738734,6
1769,1781,0.09183856455709735,12,30.641279290855135,33.48597167641124,12
1785,1792,-0.03186192473532738,7,32.648489351975684,31.640894130872873,7
1793,1794,-0.0001443697077853247,1,32.494400137270176,32.52220333035497,1
1797,1798,0.02142060564026672,1,34.01303019146217,34.77562292801543,1
1799,1802,-0.004268480029195262,3,35.03180545226739,34.91730469576,3
1804,1809,-0.04472172057170085,5,35.3752083858695,33.828543409656824,5
1810,1815,-0.004058992293365425,5,33.67380874345943,33.57080082202493,5
1816,1824,-0.07249415501078987,8,33.33202058356356,30.94897593713943,8
1825,1827,-0.021689850378878175,2,30.575735388187336,29.94312799778157,2
1830,1831,0.00468776593905768,1,30.60942100070488,30.783520222886967,1
1842,1843,-0.011186299608291043,1,30.085836195784285,29.77937285432806,1
1844,1845,0.0008340714513733625,1,29.87198057010562,29.92676791686523,1
1847,1849,-0.003380825826201276,2,30.259062830136724,30.187021271874087,2
1855,1856,0.0026808411919040757,1,30.94636783023495,31.060276495684295,1
1858,1860,-0.0011849100099696327,2,30.781755435680104,30.77606358097561,2
1863,1866,-0.0046704448820179024,3,30.808628945712613,30.695547571276833,3
1869,1876,-0.029734419030629133,7,30.382945136936893,29.509908859987533,7
1878,1879,0.0011852728714611934,1,29.73353928941739,29.79851518619908,1
1885,1886,-4.78033501811598e-05,1,30.342064472125895,30.37095608426484,1
1889,1892,0.013518492616452847,3,31.200696169183733,31.653683246144215,3
1894,1895,-0.0008132150962063501,1,32.03871213974671,32.0446964875114,1
1897,1899,-0.008496330363876863,2,31.90022532159861,31.6610906939058,2
1903,1904,-0.004062825014350409,1,31.94463855763862,31.8467977195899,1
1905,1906,-0.0017581048091528627,1,31.835633028172488,31.811498281671405,1
1909,1910,-0.0071436661040718205,1,31.779935606586633,31.584690293410862,1
1914,1918,0.0032189617457036033,4,31.27549872808802,31.407448860799626,4
1925,1933,-0.007390545135632033,8,32.71638522244735,32.507309686008576,8
1935,1945,-0.029862423422496842,10,32.424290591782785,31.48844698754867,10
1946,1947,-0.003683690581878008,1,31.419602748287353,31.335282256305426,1
1948,1950,-0.007126692605219462,2,31.363557088834767,31.171402215545225,2
1952,1954,-0.0019840417800384962,2,30.78894011178358,30.758642508350484,2
1958,1967,0.08703109389906173,9,30.964614035180354,33.69046288085952,9
1969,1973,-0.00715835783793243,4,34.43136772074163,34.21932703746787,4
1978,1979,-0.00326075639785538,1,33.93782045819266,33.861095313462535,1
1980,1983,-0.011093577378600238,3,33.74998154665996,33.40932349639242,3
1985,1989,0.008749199523144562,4,33.19471044280892,33.518332298028874,4
1990,1991,-0.0025845582092743962,1,33.372211791193536,33.319331579038156,1
1995,1996,-0.00019338195727143547,1,33.839722337968794,33.867018068567525,1
1997,1998,-0.002257579678150968,1,33.84816421211,33.80559744865413,1
673,674,0.0032368536670239045,1,27.026824595989734,27.141333296887264,1
676,678,-0.009423470055532842,2,26.954569076021016,26.727518070549362,2
681,682,-0.004182324194346564,1,26.314512520020603,26.230771210165706,1
683,685,-0.006033184048194169,2,26.2673892319544,26.13518062748442,2
686,687,-0.0007355859575157743,1,26.102878165523094,26.109780133059314,1
689,691,0.0018715654271329756,2,26.36129952541919,26.436997721750682,2
694,696,0.00411215265235167,2,26.776246198835228,26.913130456860625,2
697,700,-0.007885645301301404,3,27.122980473002922,26.9362212499517,3
701,704,0.014544829222224762,3,26.922481858125483,27.340987240848488,3
708,715,-0.019331744448327685,7,27.750820921636237,27.242099964269496,7
717,721,-0.00420822445014791,4,26.850573412899585,26.76443074677583,4
722,723,-0.0008319588013893109,1,26.78619968690902,26.790700872010632,1
727,728,-0.0064177084912723035,1,26.347577056910055,26.20483356496438,1
729,730,-0.005275548469165499,1,26.13616127051002,26.024414846200028,1
735,736,0.009091874328242718,1,26.274993416491522,26.54015734802616,1
739,750,-0.00826850219745091,11,26.522637306604217,26.32985745905897,11
752,753,-0.0029499243835380265,1,26.275978962438618,26.224742790358427,1
756,758,-0.0016714535386186868,2,26.380011090029317,26.362298138234117,2
759,765,0.019174270368116676,6,26.39101274676774,26.923432173209445,6
769,770,-0.001976708910612595,1,27.001116608799638,26.974744377611334,1
772,773,0.0021083419420406617,1,27.191678135175316,27.27619916879735,1
779,780,0.00483789294208421,1,27.590808230131685,27.75188041476477,1
781,782,-0.0014772879505569893,1,27.7860635898035,27.772801636458677,1
784,790,-0.0019578521809651135,6,27.969819803669903,27.943028850769757,6
791,800,0.011003297684133401,9,27.777713652010426,28.111137817960124,9
804,811,0.005976674008279297,7,28.401228419441697,28.59937453155882,7
812,814,-0.005155707482056942,2,28.700798873596003,28.58152674897599,2
816,818,-0.008224354870749486,2,28.594815365385553,28.388236271722448,2
819,822,-0.0024362594317972586,3,28.468163888571077,28.427276219680166,3
824,826,-0.006479773439715994,2,28.70723224177615,28.549923113009907,2
832,837,0.019064932057640725,5,27.926101170633302,28.48643649325686,5
838,843,0.0002861732359412455,5,28.63914631697176,28.675981220464855,5
850,852,-0.0021591821521986763,2,28.230316206719316,28.19759212802156,2
854,858,-0.004016986798120372,4,28.05585641688012,27.97121226846043,4
860,866,-0.006889544971764703,6,27.827444265724843,27.66355328127258,6
868,869,-0.0018052781263302722,1,27.653420381523674,27.631151686972217,1
873,876,-0.006267946037156491,3,27.860058249387457,27.713292965937647,3
877,878,-0.005795890057316891,1,27.670600394938475,27.5378952376244,1
880,881,-0.005537836500308511,1,27.295735266557088,27.171871682761747,1
886,887,0.0009296728714401595,1,27.177443139979992,27.22988671472232,1
889,890,-0.009761382503852542,1,27.26201901826361,27.0231660418173,1
894,895,0.002559497385448591,1,27.01619400606048,27.112358077989825,1
901,902,0.0022772767377931312,1,27.34312946325655,27.432740465384946,1
907,908,-0.0016266172300548973,1,27.690934024833602,27.673582408457328,1
911,913,-0.0017699088977366937,2,27.894982379592488,27.87350578445623,2
914,918,-0.012601219865048453,4,27.69412049595291,27.372834915110214,4
920,923,-0.004714724523747017,3,27.26464285303027,27.163362215592915,3
932,934,0.0029176150606300168,2,27.24548218294978,27.35221949428383,2
940,943,-0.014375492944699544,3,27.08701935982588,26.72471712348559,3
945,946,-0.0058088206139789815,1,26.500187305369725,26.37275265838136,1
947,952,0.007858372634983214,5,26.331906276069414,26.56516411405229,5
956,959,0.0017679316221278362,3,26.697376307678095,26.771272819787963,3
961,966,-0.015460206558102877,5,26.77422322246493,26.38706242423533,5
968,973,-0.011452490222391129,5,26.448629346885635,26.172175307241666,5
975,978,-0.005412127902284656,3,26.231629553387187,26.115892248712292,3
979,982,-0.0040852509842558855,3,26.0998402439831,26.01931568618143,3
984,985,-0.0037889091209815304,1,25.807084385810676,25.735110772781148,1
990,991,0.00290377451350391,1,26.192967206638908,26.29521864445323,1
994,995,-0.001101617039578647,1,26.34403291268262,26.341355910047472,1
997,1000,-0.006178433297498642,3,26.308616247305135,26.172378832918977,3
1006,1007,-0.0034441406454852838,1,26.09472165886707,26.030942489028007,1
1008,1011,0.008213441828468285,3,26.00464582163626,26.244238113183826,3
1013,1015,0.00917084174986953,2,26.50476307549861,26.77433882635729,2
1016,1017,-0.0021382726775685413,1,26.91668159290609,26.886043069678074,1
1023,1027,-0.0053061982973796745,4,27.67889264754861,27.559701847156383,4
1028,1033,0.015595633831415129,5,27.600322507391887,28.05836735335353,5
1034,1036,0.002258875110949356,2,28.19300851235983,28.284886006103545,2
1037,1040,0.004243488147031035,3,28.24717581818055,28.395289549770283,3
1043,1044,-0.003379469454596251,1,28.486247796662877,28.418465640154658,1
1046,1051,-0.019117858089194473,5,28.293007993081783,27.780399289346683,5
1053,1058,0.01728373240940379,5,27.81045904705896,28.318938038458068,5
1060,1063,0.026134656012021217,3,28.724281332655274,29.503704825809397,3
1065,1071,-0.014515277758992196,6,29.382007675380684,28.984901680531074,6
1072,1077,-0.0007527250746911013,5,28.73707098519432,28.74417694227578,5
1079,1082,0.003012137023175798,3,29.062440571214193,29.179043065013808,3
1083,1085,-0.014479276069160218,2,29.08017840852769,28.688198655618713,2
1086,1089,-0.0049200437339310555,3,28.57376284624504,28.461752446244784,3
1091,1092,-0.00545416211161249,1,28.453010186896705,28.326275866960906,1
1097,1098,-0.009445676663534748,1,27.967009806771603,27.730809484697705,1
1099,1100,0.0032406317489682814,1,27.710547669417373,27.828057897645603,1
1101,1102,0.0008435333167001325,1,27.79216245497524,27.84339823240413,1
1105,1106,0.001670159912941077,1,27.91109679771671,27.98562388951219,1
1108,1109,-0.0021497058339744086,1,28.234777018429252,28.202315330570197,1
1111,1114,-0.021883320420115374,3,28.143756967202293,27.556021872630353,3
1116,1122,0.012845865016700122,6,27.083115432521122,27.458104593031518,6
1127,1131,0.0008481881635215797,4,27.550641759719017,27.601560529716753,4
1136,1140,0.0059961947376525986,4,27.620430123270772,27.8136680311509,4
1144,1147,0.0007434767867084682,3,28.228716945810014,28.277933058523598,3
1152,1155,-0.0007841316863798464,3,28.60420993974957,28.6103846823117,3
1158,1159,-0.002286007182732313,1,28.44971409499111,28.41312755831827,1
1160,1161,-0.0009433154964194499,1,28.28202883429635,28.283631987061074,1
1164,1166,-0.005748054819774408,2,28.05011886720251,27.916935365119844,2
1168,1170,-0.006227916947432639,2,27.89535329592717,27.74951870567677,2
1174,1179,-0.023536825882045927,5,27.553320820231576,26.932356426433866,5
1181,1183,-0.004304917515757075,2,26.756305699976252,26.66787831661145,2
1184,1185,-0.0009101575783653996,1,26.7229212890157,26.725322140977458,1
1189,1192,0.008262090917242337,3,26.893259141822323,27.14234695305484,3
1195,1198,-0.009692714061261088,3,27.043955891100094,26.808870515453403,3
1201,1202,-5.733649821803167e-05,1,26.878662931124182,26.904000465646053,1
1203,1207,0.0010118589251865194,4,26.958560013837438,27.012796833411453,4
1208,1214,0.016617018025776174,6,27.075120695724692,27.55210358507134,6
1215,1216,-0.002873795365127018,1,27.4679580472234,27.41648871474501,1
1221,1223,3.431882627634767e-05,2,27.94963333454419,27.97854216648963,2
1224,1225,-0.005232144576761571,1,28.021220913898055,27.902631055773064,1
1233,1234,-0.00119092866347831,1,27.712120667934016,27.706829629772738,1
1235,1240,-0.012903367714294026,5,27.679863030748407,27.350379442812116,5
1245,1248,-0.02291401645004653,3,27.604868795090976,26.999935246213976,3
1249,1255,-0.012781595448633366,6,26.93865927227603,26.6212788868015,6
1257,1258,-0.002796773448635665,1,26.401264945399316,26.353827853535027,1
1259,1262,0.008976153122227794,3,26.419699188547487,26.683266153095634,3
1263,1267,0.007120176621560138,4,26.766338005559934,26.98368539767746,4
1268,1270,-0.0007499600128679084,2,27.05786618610164,27.064631734614636,2
1271,1277,-0.015599459128627598,6,26.96685992969207,26.573158360321106,6
1279,1281,-0.0009659930691377375,2,26.517094625700867,26.51799639070447,2
1282,1283,-0.010265819727598307,1,26.4441189239223,26.199092485118065,1
1284,1286,-0.004874840329476712,2,26.109420844244116,26.00825100737756,2
1290,1293,-0.004400768108083314,3,26.202323254008952,26.11321522872903,3
1295,1302,-0.013119372835564223,7,26.02519826277693,25.709789181910857,7
1305,1306,0.0009733522196521088,1,25.157439607985708,25.20708409727689,1
1307,1316,0.04468723223232713,9,25.361359211793584,26.520049519830266,9
1317,1320,-0.028463175675254547,3,26.33050021366926,25.607381060683934,3
1321,1323,-0.008467155368643887,2,25.727663274555137,25.53555081561188,2
1329,1330,0.0037916206069656894,1,25.410832285654987,25.53259135327508,1
1331,1332,0.0038854547298026263,1,25.708133465885833,25.833729388121142,1
1336,1341,0.006021249422580448,5,26.122850970995113,26.306266023291368,5
1343,1344,0.0022945186057837285,1,26.387226301392854,26.47415950939782,1
1347,1355,-0.03364758348808653,8,26.41911060020819,25.5565904812069,8
1356,1361,0.006806031241733995,5,25.654405559869417,25.854664651157872,5
1363,1368,0.004581430301262009,5,25.85257772652128,25.996872087209816,5
1374,1375,0.0026454276164399903,1,26.670938912085802,26.768165889352304,1
1383,1385,-0.0029456106592623344,2,26.687308089094017,26.635384978008858,2
1387,1389,-0.00025208028867768106,2,26.551465374127325,26.571323738445127,2
1393,1395,0.006861128765825539,2,27.024339630832607,27.236781444481984,2
1397,1403,0.004951174426731155,6,27.29041556759017,27.45282559081088,6
1405,1407,-0.006907682629302397,2,27.424502000283713,27.262486746199368,2
1408,1413,-0.013607441862696246,5,27.277895338241425,26.933990858627833,5
1417,1419,-0.004838403470919951,2,27.166309911542907,27.062034653286354,2
1422,1426,0.018624963282014982,4,27.07798271430847,27.60938713082781,4
1429,1432,0.003258744193740533,3,27.877049702745268,27.99577092630545,3
1433,1438,-0.005840324569681722,5,27.976010750687312,27.84059777848908,5
1440,1442,-0.00011614839056998656,2,27.983748371659395,28.00848185269557,2
1446,1455,0.0003959302596767604,9,27.8285353777444,27.86738207236068,9
1458,1461,-0.008820912391305117,3,27.585994015971615,27.370246373545633,3
1464,1466,-0.005502748512617777,2,27.06526332283023,26.943395248659748,2
1469,1471,-0.0034251781903300543,2,27.053126978175367,26.987518324647667,2
1478,1479,-0.0015500645271241528,1,26.355485075065133,26.34098785763019,1
1481,1482,-0.010699190862402865,1,26.35852201349365,26.10286567763393,1
1484,1486,-0.00117637392376311,2,25.947100931950178,25.942524539948533,2
1487,1494,-0.021603526455852767,7,26.072650925435404,25.53546237231898,7
1497,1498,0.0005484574629443858,1,25.486627489051415,25.52609244759212,1
1499,1506,-0.0030361038110539606,7,25.66711569695212,25.614854784862793,7
1509,1512,-0.0074572367400054145,3,25.830186044042474,25.663394417717708,3
1513,1517,-0.003958922274104026,4,25.6857799198711,25.609777693538458,4
1518,1520,-0.0015614319961364794,2,25.755489104109138,25.741029148449947,2
1522,1524,-0.0001893698866079498,2,25.837571689329117,25.858516402997413,2
1526,1528,-0.012833880080532909,2,25.959112962130813,25.65191593233995,2
1530,1537,-0.008704580539781053,7,25.450897672039147,25.254809181115196,7
1542,1544,0.00017042023616401078,2,25.66779590320932,25.697838010952164,2
1545,1546,-0.0009624710111508649,1,25.73689439821472,25.7378602778376,1
1550,1551,0.0011837364913427247,1,25.73746967439147,25.793673526114265,1
1553,1554,-0.0038726377242784293,1,25.94566284125499,25.87113035139579,1
1557,1559,-0.003977065862739655,2,25.78201286734584,25.70525811696575,2
1569,1572,0.0051346699277554485,3,26.231899840218862,26.392823887316545,3
1582,1587,0.0026867119087121125,5,25.91527173628521,26.010813877212883,5
1588,1589,0.0008250663523410658,1,26.133605331123483,26.181300894878678,1
1592,1593,-0.00014939539680176286,1,26.374105395874487,26.396539331329453,1
1599,1602,0.003677075805283198,3,26.016724553698527,26.138406746641348,3
1603,1608,-0.01711573596622203,5,26.248760870767544,25.825742771133754,5
1609,1612,-0.010892874320033514,3,25.57395910698902,25.3209591436779,3
1616,1617,0.0023332793288385572,1,25.396214045021626,25.480866720328656,1
1619,1622,-0.0020712628727865986,3,25.60219884587396,25.574772160788676,3
1625,1627,-0.007134890549438524,2,25.394924338745472,25.239129257415996,2
1630,1631,-0.004880231839270862,1,24.96235949930668,24.865499757194144,1
1633,1638,-0.027215894228610697,5,24.373363473480698,23.734393954664444,5
1644,1649,0.03588296978606942,5,22.666165544976906,23.502161043938337,5
1650,1654,0.017959938687928174,4,23.80539696719002,24.256745834129735,4
1655,1658,0.025757086783073462,3,24.393061684234993,25.045748952624933,3
1662,1665,0.015478155551456527,3,27.05174844738023,27.497511366235035,3
1666,1669,-0.03709171188295664,3,27.801185348510003,26.797792976906905,3
1670,1673,0.004112067447236981,3,26.716260013724053,26.85283533685213,3
1674,1675,-0.005224148595052041,1,26.755929249520054,26.642908228571383,1
1676,1677,-0.009721430301553511,1,26.384864876881448,26.15475111684182,1
1679,1682,0.019690264530792503,3,25.67962575304971,26.21094400293206,3
1685,1688,-0.0003231593923272902,3,26.496500487236236,26.514434394727218,3
1689,1694,0.0351860156839474,5,26.7186562754809,27.68549799051945,5
1702,1708,0.07286605929369223,6,27.70813392448699,29.75482458787071,6
1710,1711,0.005663240370118142,1,30.06724890530995,30.2675942120342,1
1715,1718,-0.021394893173787725,3,30.904690044784235,30.27439219275184,3
1723,1724,-0.005499437058164637,1,32.36698980349765,32.22135657011456,1
1726,1727,-0.008456945940552255,1,32.50068523754753,32.25832938470023,1
1728,1729,-0.0029007653734215615,1,31.97462329514802,31.913847038360405,1
1732,1737,-0.011761472500301389,5,31.3999723809139,31.062062441626473,5
1742,1743,0.006119900366909287,1,31.179619927554207,31.401615714916492,1
1747,1748,-0.0038187555864397935,1,30.47637980658012,30.39047434074586,1
1755,1756,-0.001112795688502495,1,30.454507880472864,30.45107274328848,1
1757,1765,0.013977685489990413,8,30.389823699353215,30.844992920818385,8
1766,1767,-0.009538311781924765,1,30.685122020303304,30.42312288142755,1
1768,1769,0.006363052231263538,1,30.336562808515318,30.559932504991423,1
1771,1779,0.03172778983617295,8,32.55020852364189,33.61550490732725,8
1783,1786,-0.05966608910628647,3,33.938836086693975,31.947777304668335,3
1787,1790,-0.02796463302649969,3,31.950848236356723,31.08930533877798,3
1794,1800,0.07590524359394445,6,32.55667989259124,35.06045929034104,6
1802,1804,0.011429274398194845,2,34.95899264594946,35.39350755823044,2
1808,1815,-0.02018954477211867,7,34.22812024394897,33.57129819806225,7
1819,1821,-0.01902772334018367,2,32.43133471436607,31.846671584582587,2
1827,1828,0.015489215135076537,1,29.963601526446837,30.457677798238127,1
1829,1831,0.0013187037217195553,2,30.729469155551296,30.80072169004874,2
1833,1840,-0.04464148385698745,7,31.48165414624505,30.107748045030434,7
1847,1849,-0.0036310768607079116,2,30.25693965837849,30.177331324567493,2
1852,1855,0.018979024611557208,3,30.34035140781753,30.94652203531761,3
1856,1860,-0.012165921772722448,4,31.141967855630913,30.7942390787063,4
1862,1868,-0.017250781317184983,6,30.785679156803795,30.285387817125557,6
1870,1874,-0.023796452046143408,4,30.333612037217865,29.64211330502511,4
1876,1878,0.008049660989355025,2,29.51038710831108,29.777446107305927,2
1882,1883,-0.0025277122071799022,1,30.567118279005918,30.52042051927277,1
1884,1886,-0.0008380274259240108,2,30.39473773364353,30.399660847552614,2
1891,1894,0.01959065810841501,3,31.320517092401175,31.965427151629576,3
1896,1898,-0.008393895488169927,2,31.99444198722725,31.757878426971377,2
1899,1900,-0.0002949835185180142,1,31.666555264536644,31.688880707909902,1
1901,1902,0.0012671480342141403,1,31.72685606280664,31.798785542161227,1
1906,1911,-0.012090798406761895,5,31.87020651871032,31.516740483029434,5
1914,1917,0.00577916228560538,3,31.22795526347862,31.439654640057366,3
1919,1921,0.027104523715007316,2,31.600947124235606,32.48907669210538,2
1922,1923,-0.00028008495902412,1,33.11785549465854,33.14169753695401,1
1924,1925,-0.011488271332700313,1,33.11157084262075,32.764287703371416,1
1927,1928,-0.0018810064547553711,1,32.534622135317406,32.505958923213164,1
1929,1937,-0.015424899753668925,8,32.61787208781595,32.147362552771206,8
1938,1942,-0.01345224446942541,4,31.896344872487983,31.49916378845466,4
1944,1946,-0.0055381540010114045,2,31.517725026889163,31.37469273695561,2
1951,1954,-0.007398990331937081,3,30.94996938237794,30.751920827526355,3
1959,1961,0.01917245916687226,2,31.325329185229275,31.957238109107145,2
1963,1965,0.004730736090975043,2,33.03273845739207,33.22204036385359,2
1967,1969,0.01928869245168912,2,33.71589254076376,34.399943915257516,2
1972,1975,-0.011311373247009544,3,34.273400864873,33.91999503611091,3
1976,1979,-0.002760862840774817,3,33.873704662683345,33.814057714863445,3
1980,1986,-0.020046428386781296,6,33.769672346326836,33.12648070033745,6
1989,1990,-0.0067002694665294175,1,33.510185019259445,33.31916793477641,1
1993,1997,0.009764114527194601,4,33.43947752459041,33.79942389039465,4
1999,2000,-0.005130567242585368,1,33.30187928109301,33.16432362941799,1
678,679,-0.006880375523253951,1,26.740548309653107,26.583303843894633,1
681,687,-0.008414629844284495,6,26.29660171721307,26.101622149317357,6
689,691,0.0032024867156700172,2,26.376917659591744,26.4877663056565,2
693,699,0.011399417433361033,6,26.7213600242047,27.05268932153194,6
705,706,-0.00458654575553085,1,27.589993605217813,27.491040830757896,1
709,710,-0.005015471281214397,1,27.73090275509435,27.619550111479118,1
711,713,-0.006660547745386742,2,27.459559164760538,27.30412301904114,2
715,730,-0.048077106225612426,15,27.27880046627241,25.99459347901442,15
733,734,0.005856103201673874,1,25.93601209351073,26.1138320690637,1
736,737,-0.0004953543398532891,1,26.569029366598947,26.582437311963112,1
740,744,-0.0056639116565091715,4,26.366343318973897,26.24337302302901,4
745,751,-0.002731161135261739,6,26.32971377625853,26.284132799066505,6
754,755,0.0005627154800665207,1,26.25430922774657,26.295337243195224,1
756,761,0.011663681962862337,5,26.353907679340818,26.687645184670625,5
764,769,-0.003201413716113656,5,26.97643479210687,26.91704849854368,5
773,778,0.005179557727504393,5,27.239207532273166,27.40753378767032,5
781,784,0.005419391301894991,3,27.780932618876637,27.959269296088785,3
785,788,0.0052230977173813205,3,28.0428573680935,28.217370809769733,3
789,793,-0.018464713937535127,4,28.19422273689696,27.701818702105907,4
794,798,0.007270855164301635,4,27.658948901862928,27.887712062227056,4
801,804,0.012091769520877486,3,28.050088092206426,28.417313380549903,3
805,806,0.002966649924816725,1,28.47895254200727,28.591918576966883,1
807,812,0.003267311283699918,5,28.508612379847044,28.630267503138192,5
816,818,-0.007186950493289492,2,28.571786932961874,28.395014701702824,2
823,824,0.004555844065174257,1,28.49475568452164,28.65306810378008,1
826,827,-0.0021997153753597416,1,28.551750258535865,28.517496284757268,1
830,833,-0.011038158422819314,3,28.201530212135488,27.918438784100147,3
835,838,0.01324041236241131,3,28.206461294450143,28.608132934567507,3
840,842,-0.001910181576519319,2,28.70665096703084,28.680522702197077,2
843,846,-0.005785298123884467,3,28.732632083603225,28.595137873199295,3
849,855,-0.008087558916525208,6,28.36233410370323,28.16131438973306,6
857,859,-0.006093194189363933,2,28.057182236316173,27.914281558780242,2
861,864,0.005268557200780759,3,27.792456410424496,27.966675013183448,3
867,870,0.001539627584032173,3,27.67602149422281,27.746308281825804,3
872,873,-0.003712350839848591,1,27.90635249983634,27.8306606811963,1
876,880,-0.01731812016150928,4,27.73904319423843,27.28639415422955,4
881,898,0.005265073248732781,17,27.160631641072854,27.330794987786025,17
899,900,-0.0036435514274946418,1,27.348975640300434,27.276677216706002,1
905,906,-0.0028748310920151034,1,27.6249609411727,27.573168805484485,1
907,908,-0.003606438908559408,1,27.702220056429223,27.63001591222067,1
910,912,0.002598837772392121,2,27.824253157683746,27.92438813093622,2
913,915,-0.01373653636860575,2,27.935250636648302,27.579452300948514,2
926,928,0.002943591932250954,2,27.085018949710108,27.19183121192505,2
930,935,-0.0005961278760744088,5,27.32019887644409,27.331232743190387,5
938,939,-0.004523130589579436,1,27.24709149881503,27.151096437278486,1
940,943,-0.014109342801892282,3,27.07491187169784,26.71997757064073,3
946,947,-0.005337169302918768,1,26.38481388362029,26.270378478781026,1
948,952,0.004965450598406887,4,26.447854150439554,26.60562751780787,4
953,955,-0.0004336502429662896,2,26.62423669050166,26.639315320482535,2
958,960,-0.0007836829603931438,2,26.76627556526514,26.77206556675672,2
961,962,-0.0019950797927790666,1,26.712665541453283,26.686084307761718,1
970,973,-0.00793810553509633,3,26.402605665797665,26.21942160128683,3
978,980,-0.001081969431957442,2,26.11847318271637,26.11633226630599,2
981,988,-0.006084282329012829,7,26.141157568606832,26.008248543120825,7
989,992,0.009185695504849375,3,26.0929162743345,26.3586907743384,3
993,995,-0.0020283257625224693,2,26.3401150725747,26.313028853657766,2
996,1002,-0.00989737204716527,6,26.232415285954318,25.999015727459437,6
1006,1009,-0.0035545053194348288,3,26.11190055716945,26.045197568295606,3
1017,1020,0.011337334109553458,3,26.95457856721368,27.287126208779604,3
1021,1025,0.009910156280454115,4,27.436576041290806,27.73591337370185,4
1030,1032,0.004875651317297133,2,27.748852492603472,27.91189507430512,2
1033,1034,-0.0006792583785353591,1,28.171859913461432,28.18089580148975,1
1035,1036,0.0010730321522831095,1,28.22408140619633,28.28259083442003,1
1037,1040,0.0028903670506621073,3,28.299800964280927,28.40989757749266,3
1047,1048,-0.006408644812207815,1,28.203291996977228,28.050750408030595,1
1052,1054,0.0006558942515332705,2,27.824087727730213,27.87016147465272,2
1058,1062,0.03595274826595712,4,28.331040706434674,29.37795052177214,4
1069,1076,-0.02147964341072388,7,29.294086621942032,28.694154173881802,7
1078,1080,0.005709846580706853,2,28.971975164608363,29.166372673102934,2
1081,1088,-0.028941726779579853,7,29.26750539647384,28.44972075716569,7
1089,1095,-0.017083036164472418,6,28.479418426985458,28.02138291048111,6
1096,1099,-0.012556273145045871,3,28.089119479729263,27.764513942617683,3
1100,1104,0.003061001542648943,4,27.845725477674517,27.958807011795532,4
1107,1108,0.0031407844298411217,1,28.017327285450683,28.13334099804004,1
1111,1114,-0.022119799896075425,3,28.211197597594225,27.61538274950439,3
1115,1118,-0.008225565446987099,3,27.354909910752383,27.157255218895806,3
1119,1122,0.009816403912525595,3,27.16960228035942,27.463479672766464,3
1125,1130,-0.0027385241143578266,5,27.619972449699592,27.57195446155789,5
1134,1139,0.008435515240277091,5,27.58204017488071,27.842290935308732,5
1141,1142,-0.000253797729591751,1,27.932521423785726,27.953364734690382,1
1143,1147,0.0036778080796184224,4,28.134301584630514,28.26590844789752,4
1149,1150,-0.0005161407032594935,1,28.4631116186361,28.476883759806938,1
1158,1162,-0.00601881626039702,4,28.396157754642225,28.253642656370427,4
1165,1166,-0.0028059627270121497,1,28.023205159341117,27.972596295331932,1
1170,1171,-0.004356987058313364,1,27.79604397268899,27.702733012800365,1
1172,1179,-0.031358462061249044,7,27.78044428057137,26.937072716835,7
1184,1186,-0.0020393814939076416,2,26.701647010203878,26.673893812444618,2
1191,1193,0.00032810802371239156,2,27.098793455637335,27.13478358065869,2
1194,1196,-0.00675052061313514,2,27.06808294305374,26.912427374131656,2
1197,1199,-0.005831396568236611,2,26.91626287828198,26.786219738182094,2
1200,1201,-0.0030974295268670713,1,26.9369032784611,26.880405022162492,1
1203,1207,0.0011406216845165182,4,26.972433012103515,27.030170787093393,4
1209,1211,0.009396067570596023,2,27.265490878410784,27.548944763928212,2
1217,1218,0.0014762265547320803,1,27.519841623498444,27.58798698610857,1
1219,1223,0.007356687223292679,4,27.761025531921884,27.993015739289998,4
1224,1227,-0.017507298731396344,3,28.003265615947907,27.541007344970815,3
1228,1246,-0.00568534280788225,18,27.56851710317734,27.439349149843988,18
1247,1261,-0.03151502196972686,14,27.330311558965857,26.496326501304534,14
1262,1266,0.00534082925860449,4,26.708238100992105,26.87759047858865,4
1267,1270,0.001113304590483746,3,27.048909616032955,27.106072200892097,3
1275,1282,-0.007257103442826456,7,26.583761341568014,26.417423996954412,7
1283,1286,-0.010091881665439176,3,26.213987242888848,25.97565277289717,3
1288,1291,0.002215606141831554,3,26.102914602436076,26.186851294951374,3
1295,1296,-0.003180133235059449,1,25.996305488644936,25.939630079060382,1
1301,1305,-0.028537266113555875,4,25.8518481763622,25.13995895360247,4
1306,1307,0.0030438688888457,1,25.26828274391293,25.370464366375597,1
1308,1314,0.027873105406280154,6,25.55259579700844,26.290378588859536,6
1317,1323,-0.03005015877318556,6,26.351403459907452,25.58589100550087,6
1329,1331,0.012075719856652983,2,25.336216243658313,25.66750550948797,2
1335,1342,0.012753063210558035,7,26.013575924069126,26.3713422780855,7
1343,1349,-0.004804217722779558,6,26.409571655325337,26.30910389478313,6
1351,1355,-0.022302302612643772,4,26.14025385806661,25.583406260010747,4
1356,1372,0.02522958153467728,16,25.678729846319133,26.35227218453011,16
1373,1379,-0.002368078422179959,6,26.613715251773694,26.5773056022037,6
1380,1384,0.0016214556273418087,4,26.571832657221336,26.641489537469393,4
1389,1390,0.0018580118345603623,1,26.49255899739491,26.568275044537252,1
1391,1398,0.02590491755164088,7,26.6337794170256,27.350359056329264,7
1400,1402,0.0006964552462168276,2,27.364130662454116,27.4105526854746,2
1403,1409,-0.011697192399843105,6,27.46126884730538,27.167510370901937,6
1411,1418,-0.00314398912057307,7,27.149190135716996,27.09098256743365,7
1419,1420,-0.004218814234521801,1,27.014663072421286,26.927707890382965,1
1423,1427,0.018018716788059604,4,27.266194796670547,27.78476283339649,4
1429,1432,0.005473750525744989,3,27.828501041915413,28.008655815166208,3
1433,1439,-0.003712942544972462,6,27.950917731299363,27.875088497415096,6
1442,1443,-0.0028318153345745192,1,28.07355247813924,28.022126914213803,1
1446,1454,0.0010264306825335415,8,27.785752416396445,27.84205831763031,8
1455,1459,-0.019946652087234805,4,27.94274575638734,27.41332427417901,4
1460,1474,-0.02156213529808995,14,27.472464804927867,26.907572266636926,14
1475,1476,-0.010749985373299655,1,26.825874902149987,26.56432301422806,1
1485,1488,0.0025336676666605114,3,25.8887001441093,25.98018220674041,3
1490,1491,-0.0053996119276021465,1,26.01114859841613,25.896709638791908,1
1494,1495,-0.014435500233657295,1,25.602771611275372,25.258785567309808,1
1496,1498,0.0015858128805877458,2,25.430955490803143,25.496715183076915,2
1501,1506,-0.0028461728160501082,5,25.672711221712383,25.625314960140553,5
1507,1510,0.0026149752648713244,3,25.693468148202612,25.786349400027124,3
1511,1514,-0.0033053728981522683,3,25.79251159905307,25.733050241837336,3
1515,1517,-0.006557225791783378,2,25.850552014608798,25.706894660221376,2
1519,1521,0.00028918185820991536,2,25.710433291191656,25.743578715357376,2
1524,1526,-0.0015007755799784704,2,25.873615330027615,25.86065845530458,2
1527,1528,-0.006516404213399585,1,25.77729272943291,25.635094763210233,1
1531,1532,-0.0019378223284020632,1,25.431760482752928,25.40791000992163,1
1533,1534,-0.003913985366376639,1,25.400550293773865,25.326533461919894,1
1535,1539,-0.0014411655801669135,4,25.346062481719365,25.33488067135967,4
1540,1543,0.006531198520712083,3,25.497366164988815,25.689391891332633,3
1546,1550,-0.002969014843692248,4,25.78114974288003,25.730386276348845,4
1551,1552,0.0010489165865600566,1,25.800892428230192,25.853756304674445,1
1554,1559,-0.009332249558063565,5,25.91576724425075,25.699830604082962,5
1560,1566,0.013242268228832267,6,25.678614702329664,26.04433642066508,6
1569,1571,0.0030170876902258833,2,26.215195876494423,26.32050461714675,2
1572,1581,-0.01691823380266449,9,26.427517121945854,26.0068377255748,9
1582,1584,-0.001142129770999976,2,25.933843136976975,25.930157165790767,2
1586,1591,0.014166739510952417,5,25.988911477646838,26.38307852820151,5
1593,1594,-0.001056474905394194,1,26.41009046103122,26.40859895367098,1
1596,1597,-0.008304693035705081,1,26.298649179093484,26.10654561958651,1
1598,1600,-0.000737037975509689,2,26.03818319856868,26.045030251936627,2
1605,1606,-0.007947774233111906,1,26.23439108610528,26.052120459695857,1
1607,1610,-0.018126733269766142,3,25.89691881850987,25.453389197396465,3
1611,1612,-0.003590352272903277,1,25.356916204427932,25.291232858903975,1
1614,1618,0.006331668954213588,4,25.357043896974336,25.542953348484414,4
1622,1625,-0.00765283171181884,3,25.542323067472577,25.372394290575773,3
1630,1631,-0.008124857761970855,1,24.984179232410902,24.80617050908039,1
1639,1645,-0.056109931554345086,6,23.616527838713715,22.315022605970917,6
1647,1650,0.06697920552226735,3,22.286688597221982,23.801719981783307,3
1651,1655,0.0192350826404186,4,23.923607174714437,24.407703342951695,4
1657,1663,0.08881027267719056,6,24.923774080831848,27.16218502717605,6
1665,1667,-0.003481014758610987,2,27.552299430949514,27.48394176942766,2
1668,1672,-0.010001084097772166,4,27.34446302646298,27.098333215153364,4
1673,1674,-0.007144561157078435,1,26.89917655139649,26.733892916001384,1
1677,1686,0.008306018081865468,9,26.15589346754693,26.39930068510327,9
1691,1693,0.012497767862783348,2,27.10871743178147,27.474624606733446,2
1695,1696,-0.0016443276486590701,1,27.988575609631166,27.970541796519296,1
1702,1703,-0.004176672975327771,1,27.66596414389344,27.578078423261147,1
1704,1706,0.03803631914739911,2,27.785041151869795,28.869666885797802,2
1707,1714,0.038513156584890115,7,29.469286175653487,30.63371069475702,7
1716,1719,-0.011839426931224271,3,30.780824916116494,30.44717841355544,3
1720,1721,0.013991796988213328,1,30.85932824673516,31.32196503100285,1
1722,1732,-0.02362036828363992,10,32.0879250601429,31.36208437782463,10
1737,1738,0.0050307665964272556,1,31.081984022065157,31.269432213056113,1
1741,1742,0.005494600523011936,1,30.93574369458764,31.13665899176627,1
1743,1748,-0.03379842121342375,5,31.376947794638912,30.347833444478738,5
1750,1758,0.006375572018377415,8,30.238916087714784,30.461945391077396,8
1759,1764,0.00946515190680135,5,30.839347623253932,31.162086080837938,5
1766,1768,-0.015521057568297192,2,30.750275251525782,30.30374873435739,2
1769,1771,0.06168681625311444,2,30.59599179543189,32.513957111193925,2
1776,1785,-0.029477180524142974,9,33.52885021164921,32.57404309140512,9
1786,1795,0.02156238013519385,9,31.932162313887027,32.65262789855166,9
1798,1802,0.0017325430840410116,4,34.82757091992256,34.92273875797374,4
1808,1809,-0.012033525761952626,1,34.199513496279934,33.82217228307248,1
1811,1816,-0.0029156690425890964,5,33.396247260710155,33.33227110369416,5
1818,1819,-0.012044285974287396,1,32.73576754615639,32.37422436778884,1
1820,1821,-0.012773282213679633,1,32.21775897724956,31.83845020851809,1
1823,1829,-0.022141075600981,6,31.39414589775911,30.730439885906357,6
1831,1840,-0.02831773394076716,9,30.834690761678335,29.992356883304975,9
1843,1846,0.013062979879904731,3,29.784118302675594,30.202971759106823,3
1849,1850,0.0060753987086179856,1,30.20184909894028,30.415539223052797,1
1851,1857,0.015438336621317019,6,30.461921136237677,30.962664450007164,6
1864,1865,-0.00393738077059916,1,30.864582151194703,30.773921121091206,1
1866,1867,-0.006828868158496065,1,30.670358566737377,30.491585090278065,1
1875,1878,0.0068534007140987,3,29.547443077743658,29.7794909883102,3
1879,1881,0.013375849477261881,2,29.834510442604714,30.263406873955397,2
1882,1883,-0.0015348988739225626,1,30.562193262583406,30.545845579822647,1
1884,1886,-0.002256234589647667,2,30.372630387064362,30.334475238193548,2
1890,1894,0.01983392261225737,4,31.312590026772032,31.964954104179142,4
1902,1904,-0.002552281896315639,2,31.89174574336495,31.842240763805624,2
1907,1910,-0.014151089908260018,3,32.036755077445015,31.61543683105263,3
1911,1913,-0.017714112030769693,2,31.513770246667978,30.987045560253232,2
1915,1917,-0.0004562736545310097,2,31.43054731070782,31.44763692733316,2
1922,1923,-0.0003817541732126839,1,33.14197936809735,33.16246925853315,1
1926,1929,0.0008780495067148824,3,32.49738301657707,32.558414710720875,3
1931,1932,-0.002126706056246227,1,32.55070847688708,32.51403339651107,1
1933,1937,-0.015358906810845504,4,32.49658668758073,32.0299712276632,4
1939,1942,-0.004779027733777173,3,31.698438624692955,31.578649346012806,3
1946,1958,-0.0157325349059447,12,31.423573577225024,30.960624682629035,12
1961,1962,0.005662904924452638,1,32.078751081373284,32.292488749923656,1
1963,1974,0.030831715136684937,11,33.00941013977305,34.06015628017231,11
1979,1983,-0.015740479756133886,4,33.84776896015342,33.34883660700598,4
1984,1986,-0.004835705581806614,2,33.27069716704631,33.14308056821207,2
1987,1995,0.009477447974227532,8,33.39460768257636,33.74449794719029,8
1996,1997,-0.0015757696166749163,1,33.849276118869994,33.82978673413431,1
1998,2000,-0.01937977414977353,2,33.823992362860174,33.20231502238714,2
675,676,-0.008261254913616244,1,27.075917998202055,26.87931285559694,1
677,678,-0.002260233688561472,1,26.82607516885823,26.792268045198554,1
679,681,-0.012550130068043452,2,26.656904336691497,26.34901362439132,2
683,689,0.0034777765293911083,6,26.239487679980755,26.35698224205742,6
690,695,0.018398639438634744,5,26.33700403389457,26.84790607904196,5
696,704,0.015335083270740194,8,26.94754033617321,27.387730651506228,8
705,706,-0.0003218209148334335,1,27.520099689076133,27.538763245106963,1
708,710,-0.006154718178396342,2,27.76297844077061,27.619868111115544,2
712,716,-0.011037210604618222,4,27.303793715476854,27.02973978764956,4
717,721,-0.007360058923046582,4,26.90805109777791,26.736914307291695,4
723,725,-0.013803053002424775,2,26.83337722062474,26.489828069835024,2
728,729,-0.006817460773772556,1,26.255562804306827,26.10282209759945,1
730,732,-0.0054189911501739225,2,26.058757669228605,25.943604249703757,2
738,739,-0.006675670926808243,1,26.600950482731115,26.449972241450812,1
741,743,0.0012687977791490685,2,26.220000751938265,26.27948863141355,2
750,751,-0.005666581073510485,1,26.340311044303775,26.217391847314047,1
752,756,0.00021240934912987626,4,26.2885409321973,26.32041340499848,4
761,767,0.009253887684941873,6,26.691070407642506,26.964757645793348,6
769,771,0.0035435912484631524,2,26.94941524324252,27.071862370492916,2
772,778,0.008156011981241582,6,27.193391715512334,27.44237473587016,6
780,782,-0.000617127829955044,2,27.724383359477848,27.73499825429785,2
783,786,0.009994995395874263,3,27.863806970359462,28.170169399710094,3
789,791,-0.015152336478181004,2,28.208495668314555,27.809279546073256,2
795,796,0.0018582364311976493,1,27.63135448440298,27.710331428433637,1
799,803,0.00344422931041725,4,28.063618537449596,28.1883396935101,4
816,820,-0.0023791754011384266,4,28.54747746016594,28.508105481488325,4
829,832,-0.01830859488160188,3,28.387975204234753,27.896619241915694,3
833,835,0.007208268747946697,2,27.95287736684361,28.182322096549058,2
837,838,0.0005166325764473091,1,28.556356060048646,28.599665559913944,1
841,844,-0.00294017183428821,3,28.71064100715673,28.654937430130285,3
845,846,-0.00398778361587903,1,28.66711348292979,28.581462350950947,1
848,849,-0.010434407623737232,1,28.63485533865902,28.36470244114736,1
850,852,-0.005394825026127806,2,28.294992518852684,28.17064097761673,2
854,855,0.0003850636492940399,1,28.11564761534084,28.15458957682921,1
858,860,-0.010541345207437429,2,28.055446160296018,27.78775946353196,2
861,862,0.0020597777565787,1,27.76151081387661,27.846454867153927,1
868,874,0.006896391883041129,6,27.625195867677004,27.84333524009395,6
880,882,-0.0019510160992386428,2,27.243523755464622,27.217614725773185,2
883,886,-0.002648416978498457,3,27.21399627630023,27.16913626278558,3
887,891,-0.007180821070804461,4,27.236134543985127,27.0677928697084,4
892,895,0.0008490805241370169,3,27.038214219987985,27.08821005530961,3
897,904,0.00157196682067135,7,27.454205163584597,27.52481646835324,7
905,906,-0.00043922269455767295,1,27.58895433413583,27.6044255936073,1
907,910,0.005415892334665768,3,27.65824114222999,27.83569343956476,3
912,913,-0.002957874798562358,1,27.936752959317246,27.882056294744537,1
915,916,-0.003357848057160577,1,27.57332882751988,27.508315107714463,1
917,925,-0.011175220300238722,8,27.377279451265927,27.098709601628098,8
927,935,0.0073479258282208885,8,27.12002423809154,27.34642018889068,8
939,942,-0.011904287328128777,3,27.182960860436374,26.886550044784897,3
943,947,-0.019137858182609744,4,26.760903043444067,26.27551757920351,4
949,954,-0.0023280923163863827,5,26.654687906689592,26.61928802048504,5
958,960,-0.001460243818915193,2,26.844106917226902,26.83175208294395,2
961,969,-0.014675242828597085,8,26.774139176383965,26.40799632162026,8
970,971,-0.008982806464515655,1,26.453494942156702,26.24232181172342,1
974,976,-0.004437140904072923,2,26.235105918575865,26.144932162900442,2
979,980,-0.0013584494527116263,1,26.088600797825816,26.079249353147823,1
981,985,-0.015336375793232992,4,26.11591607143468,25.74150848445006,4
986,987,-0.0001953031708269306,1,25.914584672690705,25.935438056806156,1
988,989,0.0012946967326442531,1,26.00872538035335,26.06840751750389,1
994,999,-0.005272351507689847,5,26.336199834327658,26.223682331258647,5
1002,1003,-0.0023287440134197707,1,26.022543029945904,25.987965731680905,1
1006,1009,-0.0008442628076419407,3,26.04361928812996,26.047675248276736,3
1010,1011,0.0007856626816960615,1,26.19284829365531,26.239619885380616,1
1013,1015,0.006597401023829404,2,26.533952303579298,26.735541379976752,2
1016,1017,-0.0014960481169325453,1,26.8752332652144,26.86190185636107,1
1019,1020,0.005820587944135241,1,27.174957505654586,27.36030669320004,1
1021,1022,0.005017546351356434,1,27.43758344932598,27.60269037950151,1
1026,1031,0.0026934144176961206,5,27.645968635951807,27.748076655103006,5
1032,1037,0.01120677411065234,5,27.9225699527304,28.263414456732267,5
1038,1044,-0.0011146816893457874,6,28.44214787363875,28.438886080071978,6
1045,1046,-0.005327627744406291,1,28.459098972112443,28.335938585819925,1
1048,1061,0.03674994484595047,13,28.007793646992045,29.065086312422757,13
1062,1065,-0.001900176447720002,3,29.415085034609532,29.388606267853696,3
1069,1073,-0.022982400094240914,4,29.33630200664793,28.691419678652313,4
1075,1077,0.004212638764942601,2,28.675821617979924,28.825298317362385,2
1079,1082,0.00409454521519211,3,29.04968528868176,29.19768022387205,3
1085,1087,-0.01230471095712838,2,28.698360037856524,28.373933372684952,2
1088,1090,0.000630855608902617,2,28.468538610507395,28.5149666863776,2
1095,1097,-0.00561000697338723,2,28.00296772641469,27.87387384992038,2
1099,1104,0.005733378384721036,5,27.76388751372997,27.950832273790745,5
1105,1108,0.007751780451912614,3,27.929752254552017,28.174187314360168,3
1109,1111,-0.004105611729462329,2,28.272659236533848,28.184855334385777,2
1112,1113,-0.007253890666620548,1,28.05574699040687,27.880289416158497,1
1114,1115,-0.014388259175905107,1,27.653417568338696,27.28318644683425,1
1117,1124,0.011085396634460749,7,27.174978787943473,27.503399185128828,7
1126,1129,0.004174183727906906,3,27.551768043022545,27.694325952905817,3
1130,1134,-0.004770700273086558,4,27.65203069706931,27.547763177368473,4
1135,1137,0.005346093693331121,2,27.52404652787096,27.698716705956436,2
1144,1150,0.008183499300999073,6,28.205752103645516,28.464779608373497,6
1152,1162,-0.016343265238354443,10,28.657241774108485,28.217546112568687,10
1168,1180,-0.03532427703728796,12,27.81710446468422,26.86230246466322,12
1182,1184,-0.002071335197220494,2,26.68898528904895,26.660392439730693,2
1186,1190,0.01071010485778158,4,26.677825369833815,26.990225502292155,4
1191,1192,-0.0011121488512081561,1,27.09039318401217,27.087355027537807,1
1193,1196,-0.007836308587028091,3,27.123167355594163,26.937745013693714,3
1197,1202,-0.0017984086953296184,5,26.925973306039904,26.904475374822148,5
1204,1211,0.019320106721508135,7,27.000879889278824,27.549540650203593,7
1214,1215,-0.0033029876675714034,1,27.564307623741275,27.500827363218654,1
1218,1223,0.012538417333552251,5,27.604114287932326,27.977830307285426,5
1226,1228,-0.005404407769620455,2,27.73053029778606,27.608393734686796,2
1229,1230,-0.0004917835074966873,1,27.586825300114963,27.60084537970829,1
1231,1234,0.0022807934656028303,3,27.664556828820643,27.755318526093436,3
1238,1241,-0.007216748432610004,3,27.549919804852525,27.378648884087177,3
1243,1247,-0.013813300340964639,4,27.700190155750803,27.345259299783336,4
1250,1254,-0.010450353865370368,4,26.875625731264606,26.621641557750902,4
1255,1256,-0.006721101887441488,1,26.640637850720836,26.488224047230432,1
1259,1261,0.006787364314274245,2,26.350102563267583,26.55530041164624,2
1266,1268,0.003736913505353345,2,26.892973931146212,27.020363622559774,2
1269,1270,-0.0019203235060326208,1,27.093314058884534,27.06837944509982,1
1272,1275,-0.01329503458101149,3,26.947531043088023,26.616210217040376,3
1276,1284,-0.017734833497675854,8,26.541208096863137,26.097045398534966,8
1285,1291,0.005208203218392615,6,25.98717444687529,26.14850810691331,6
1292,1296,-0.00983306388825348,4,26.12711958434778,25.8963370678432,4
1299,1302,-0.01075282277004665,3,25.979908289210652,25.726530848083915,3
1305,1310,0.019863504142719354,5,25.18887859924404,25.71440687224982,5
1312,1316,0.022712169094823483,4,25.936849458243973,26.551868418384835,4
1321,1323,-0.006200995528407705,2,25.693703404888463,25.560070568371405,2
1326,1331,0.013748484238571085,5,25.29158718123576,25.66459975614666,5
1332,1333,-0.002632956317235627,1,25.901149783182802,25.858854337020688,1
1334,1339,0.009062692504086374,5,25.986049041522854,26.247538662423807,5
1340,1342,0.0029000604374312044,2,26.277048449694348,26.379530526765464,2
1344,1358,-0.030812008618586552,14,26.47382717910557,25.684589215075103,14
1359,1360,0.003076913450050992,1,25.713701041559908,25.818533575186834,1
1361,1367,0.004036081817617453,6,25.84817882546193,25.978352368863362,6
1369,1372,0.00535472405438195,3,26.162137807153325,26.328390973590498,3
1373,1376,0.0024681858730044594,3,26.595799939822772,26.688039117455318,3
1377,1386,-0.005140181780879508,9,26.66086283363276,26.550482015066425,9
1387,1389,-0.0012982868613737426,2,26.506900792614047,26.498994132371873,2
1394,1397,0.005710726581001336,3,27.115919349844393,27.297886870593683,3
1399,1400,-0.005684170730266647,1,27.432037185476972,27.303540839821174,1
1402,1407,-0.006403082425172551,5,27.42047369909667,27.272318619563176,5
1409,1410,-0.004437351557426198,1,27.25055778140101,27.15688803417038,1
1412,1414,-0.0028702767004131,2,27.02855141040814,26.978000540459337,2
1415,1416,-0.0021649737016309198,1,27.102066058578682,27.070492864360574,1
1418,1421,-0.006083407887271605,3,27.097821147889228,26.960071870138172,3
1433,1435,-0.004593981361625981,2,28.025851069047793,27.92512668266193,2
1436,1443,0.0028064989963059116,7,27.886557039940897,27.99270719132386,7
1444,1448,-0.01694290072247758,4,28.047602040866323,27.60044190602523,4
1451,1452,0.001437920773602312,1,27.549084909030878,27.616247395424338,1
1454,1457,0.0010427956477050836,3,27.85779051997211,27.91469829320099,3
1462,1463,-0.005886517795120963,1,27.24694004467648,27.113797387285576,1
1465,1466,-0.0011660057246393818,1,26.942230046191778,26.93775748176956,1
1467,1471,-0.003142176447751345,4,27.022650928525202,26.96476364215031,4
1476,1478,-0.012495730021641057,2,26.636191719617067,26.329989250803678,2
1480,1481,-0.0036194290502417755,1,26.38738814810578,26.318268257030628,1
1482,1485,-0.008359665388364593,3,26.115434967594762,25.92323410476167,3
1486,1487,0.0002641386461549771,1,25.969706132913302,26.002535442065206,1
1493,1498,-0.006969985262703428,5,25.716555788083568,25.56302832902122,5
1500,1502,-0.0008561084834056747,2,25.69836077645103,25.70205855255714,2
1503,1506,-0.011207175861004583,3,25.861007520339676,25.597039668636807,3
1508,1512,-0.002184386530021863,4,25.70393964061647,25.673496240737627,4
1513,1514,-0.00044461852659501253,1,25.701030757516936,25.715304633847072,1
1517,1519,0.0022416153152961045,2,25.693422337454653,25.776710528806117,2
1520,1527,-0.003314108217926459,7,25.801946509430476,25.742238012974504,7
1530,1531,-0.004769593003152023,1,25.51305624372466,25.41688240541929,1
1532,1536,-0.006895307392352211,4,25.402470299461392,25.25271492852097,4
1539,1540,0.0012545219552164678,1,25.423998839437914,25.481317803010825,1
1541,1544,0.006323961899793896,3,25.571695364816918,25.758981487381973,3
1545,1567,0.013713023562481868,22,25.72186126089961,26.100307611702114,22
1576,1577,-0.00257658693497834,1,26.501384064266105,26.45960232839154,1
1578,1585,-0.023289216980888264,7,26.487758408509425,25.89736701400481,7
1594,1597,-0.012082375655456487,3,26.455327137030157,26.162139263609596,3
1598,1601,0.0017417126797989882,3,25.98574466252351,26.056990108158768,3
1602,1605,-0.002610525011155616,3,26.178012020138034,26.13585167703727,3
1606,1608,-0.011733649732446953,2,26.076117537577616,25.79622562554714,2
1610,1613,-0.009359863908683472,3,25.483126963788855,25.27009149040388,3
1614,1616,0.002725072305235859,2,25.29872619042172,25.392965774711406,2
1617,1619,0.0016270335845435082,2,25.49163594082595,25.558603324567457,2
1622,1623,-0.003657732823377214,1,25.599796635352586,25.531759215563028,1
1624,1628,-0.010985753670790271,4,25.466640604493872,25.21233700459485,4
1637,1640,-0.016031843749465955,3,23.741190903352955,23.38431703126751,3
1641,1642,-0.009483456844009166,1,23.320531656045837,23.122692932162423,1
1643,1645,-0.02848193976526893,2,22.936898746594988,22.306548276838992,2
1646,1652,0.10000954336759153,6,21.90908106217934,24.122107335873622,6
1654,1663,0.11787110083795037,9,24.271197960002862,27.156341980164218,9
1666,1672,-0.029281607301062,6,27.877656808921266,27.089231866577578,6
1673,1674,-0.0074694032962378904,1,26.898761469137273,26.72474253302412,1
1678,1682,0.015750533429881627,4,25.77194889663772,26.20364278818405,4
1683,1685,0.003912395009029365,2,26.3493694964776,26.478808007683167,2
1687,1694,0.04412116261033324,7,26.51630722576308,27.71275383592229,7
1697,1699,-0.01111296421184882,2,28.122315196691456,27.837915229552983,2
1700,1706,0.03728183929829732,6,27.840865050840836,28.906664572642708,6
1709,1711,0.007244860757013171,2,30.085515377116696,30.333566262204002,2
1712,1713,0.0011828203796701493,1,30.570481517204772,30.637211387276857,1
1716,1717,-0.012362297096585768,1,30.753051804745983,30.403626493513766,1
1728,1729,-0.002770164064758081,1,31.924680860902924,31.868168938064084,1
1731,1733,-0.01883580869104431,2,31.765085137194994,31.19852915563325,2
1735,1739,0.0006882980613472276,4,31.051165291117567,31.103588913281133,4
1741,1745,-0.006692095212725493,4,30.985959532351444,30.80958450043564,4
1748,1752,-0.0023987029045840075,4,30.42366167060671,30.38110800665995,4
1755,1764,0.01950944234972828,9,30.49454382597753,31.11996991455768,9
1767,1770,0.03014026695738107,3,30.394627860419885,31.341124686063612,3
1772,1783,0.014375028746183308,11,33.42671930214045,33.94065607230146,11
1784,1786,-0.043674357460414294,2,33.3773310075307,31.952974853040764,2
1787,1793,0.018033114095760968,6,31.897703987525432,32.50481662691281,6
1796,1797,0.024297065406688627,1,33.218745494011465,34.059082271501616,1
1800,1801,-0.0037309392801454224,1,35.05466857368416,34.95893640232381,1
1802,1803,0.004521033313580767,1,34.905980351148735,35.09869743151062,1
1806,1808,-0.016361214447086908,2,34.701462462471966,34.1684058559584,2
1813,1815,0.011201358457576922,2,33.171677573363404,33.576417102075176,2
1816,1819,-0.0273803443653194,3,33.326936367262995,32.44776030925351,3
1820,1821,-0.014499444464624943,1,32.24184215378654,31.806595196194298,1
1823,1824,-0.01531182193972172,1,31.358925104958,30.910121752634772,1
1826,1827,-0.0002781566436405911,1,29.83173898451188,29.853272827106498,1
1828,1833,0.03139828608811614,5,30.477891874450734,31.46532333476186,5
1837,1839,-0.02828427568265377,2,31.269918415975628,30.416741341340057,2
1840,1843,-0.007697348934183424,3,30.039172994698788,29.83799017145899,3
1844,1845,0.0005976828134019682,1,29.849840006137764,29.89753058249837,1
1846,1850,0.0012561804267562041,4,30.241686746690338,30.309917448400313,4
1861,1872,-0.03477093877074505,11,30.92443929559206,29.880091949620997,11
1873,1874,-0.005514133956224672,1,29.772747304017884,29.63834913444272,1
1875,1878,0.005554032453593038,3,29.57011418661568,29.76391767465121,3
1879,1881,0.014005622322040688,2,29.840849132971474,30.28862964482984,2
1883,1887,0.0032473193185418962,4,30.48080311775471,30.610264821681422,4
1889,1890,-0.00024923215711344666,1,31.21392415381797,31.237358564322957,1
1898,1899,-0.005830411592321931,1,31.75704730459156,31.603647695153544,1
1907,1911,-0.018967750227625722,4,32.07040550121675,31.49417246547221,4
1913,1918,0.009894029940681202,5,31.066467353041908,31.40490637853714,5
1922,1923,0.003914094706002243,1,33.04933513898586,33.211742701829245,1
1924,1926,-0.022490132040498156,2,33.160017084412054,32.447403938802864,2
1928,1929,-0.00042023411740349276,1,32.59601107533158,32.6149091304618,1
1932,1933,0.0010449472405987315,1,32.484789618686555,32.55121929957872,1
1934,1940,-0.02474814891734714,6,32.41603087917748,31.646210150549447,6
1943,1946,-0.005131776064813168,3,31.490294790923826,31.360183944632777,3
1948,1953,-0.024007807645649304,5,31.410814278037844,30.688120305135534,5
1957,1958,0.0024969106730302454,1,30.844602839486747,30.952463660361527,1
1960,1962,0.01646627239276098,2,31.743455692768716,32.297895536586154,2
1966,1968,0.019428309399276884,2,33.40256104935565,34.08491890120012,2
1969,1971,-0.00709931890359213,2,34.39561234986765,34.18582254126147,2
1972,1977,-0.014246399117599888,5,34.24942615807595,33.79574458963731,5
1979,1981,-0.007456205891627038,2,33.88956090196779,33.67076291920785,2
1982,1983,-0.009085651730441312,1,33.57303843905779,33.30157854270685,1
1985,1986,0.0005864460034335399,1,33.149937835993775,33.20252842238776,1
1987,1990,-0.0016197017310359582,3,33.37151426317865,33.35083387802247,3
1996,1999,-0.01942317700137573,3,33.80993422806895,33.18704782538036,3
672,674,0.002834172107442045,2,26.984496168633132,27.087959371176282,2
675,676,-0.003362316211152991,1,27.01287887437667,26.94906591270182,1
680,681,-0.008727427235769792,1,26.45440357335125,26.24997909467249,1
683,684,-0.0041074737260610224,1,26.25865317612778,26.177055101301214,1
694,695,0.004712386208553087,1,26.734026158987152,26.886741241316848,1
696,698,0.0030965391810267723,2,26.980959166245622,27.09148772261183,2
700,703,0.0030947686467751997,3,27.005767043564628,27.11634941173673,3
707,713,-0.017668217750948297,6,27.742498328611724,27.280080325515105,6
717,723,-0.003934462717767194,6,26.907461497050814,26.828502554457963,6
724,725,-0.008890538047755574,1,26.654249484667584,26.443933114974445,1
726,729,-0.01326480377696012,3,26.43918057301153,26.114909211259928,3
731,735,0.01005893882036155,4,26.00792708219054,26.29554715663691,4
738,744,-0.01715094155045252,6,26.65423376081333,26.223742789270336,6
745,746,-0.0010296088228451345,1,26.338608172511933,26.337828317328565,1
747,749,-0.0015611820542398036,2,26.361579038981034,26.346785393902934,2
751,754,-0.004308805931798635,3,26.309945013403713,26.222890511278067,3
755,757,0.0001832663521330847,2,26.274602608261727,26.30569246144375,2
758,760,0.0038543664546776147,2,26.393342852036874,26.521465810204607,2
765,768,-0.0010388805222729257,3,26.944186630770144,26.94313902672172,3
770,773,0.0048559777501844285,3,27.094555543856586,27.253220658272546,3
778,785,0.017840483304330232,7,27.440286116167513,27.957274368605212,7
786,793,-0.017295579609583445,7,28.17076376001455,27.711704836500466,7
795,797,0.006009872393015986,2,27.626653532961104,27.820312848873225,2
798,802,0.006399670996151763,4,27.945423328339587,28.152210266817484,4
803,804,0.006830910592352696,1,28.169877662803763,28.390473456178693,1
814,820,-0.0029175426868100793,6,28.54901860468916,28.494274642848133,6
821,824,0.005187526623749226,3,28.473212122051123,28.649390880119974,3
828,829,-0.008197049645204424,1,28.51872082100349,28.313470171437004,1
831,832,-0.006247181169087383,1,28.05185369309109,27.904660534634708,1
834,835,0.004248168206715815,1,28.02858940097497,28.175688152748258,1
837,839,0.00206912258230236,2,28.53885485414177,28.626444098047667,2
842,844,-0.005420808608770951,2,28.738410445051283,28.611363432753407,2
847,850,-0.013747187150648807,3,28.61185912207053,28.2471383991135,3
852,853,-0.004698508686410733,1,28.165542811969665,28.061372307222122,1
856,858,-0.004133044391846499,2,28.100859439309772,28.012818199237376,2
863,866,-0.003646504152491744,3,27.779536819411724,27.706018159864854,3
875,877,-0.008253211668805596,2,27.78888398813456,27.58732533052874,2
879,886,-0.013788294522703626,7,27.43995601218827,27.089045773014373,7
887,894,-0.009135173800447892,7,27.188912203348984,26.96772567712962,7
895,896,0.003814991935568583,1,27.147066768899588,27.27777967646618,1
897,899,-0.003982751143972292,2,27.409292823255925,27.327537723731886,2
901,902,0.0007014673917360827,1,27.363626565994526,27.41018488431621,1
903,904,0.001376658425069263,1,27.47126280868596,27.536552616887516,1
908,910,0.0027852336687350537,2,27.71159107305511,27.816485920599057,2
911,912,-0.000608250714066655,1,27.92708063826538,27.938021052163624,1
919,920,-0.0021084703165449863,1,27.33286625031974,27.302568579415166,1
926,928,0.004086553309658175,2,27.06392953961014,27.2015916599822,2
930,932,-0.004371421173130772,2,27.330684561803434,27.23854131319561,2
937,945,-0.028745224884348934,8,27.3051540577832,26.54756641794821,8
946,951,0.007795690720866322,5,26.432484876706802,26.66497683866629,5
952,959,0.0015039505696737379,7,26.708143403642104,26.775019274532582,7
962,968,-0.011799194845316125,6,26.731329025916317,26.442652195291192,6
970,971,-0.004292504735760424,1,26.401849705680505,26.314921490491717,1
977,982,-0.005868691763114241,5,26.15071439418232,26.02339462641181,5
983,984,-0.006331939381890947,1,25.878961004722942,25.74097595337944,1
986,987,0.0035630963347423198,1,25.857586730759078,25.975577389995486,1
988,996,0.007367002335526149,8,26.008225697449543,26.225836582602994,8
1004,1005,0.0015344007344094798,1,26.015514410654138,26.08144814948254,1
1009,1013,0.014013570537032803,4,26.087876106744357,26.479548274834336,4
1015,1016,0.0025978809809124037,1,26.796811527556965,26.893223266101057,1
1017,1018,0.0015246841930649253,1,26.91155298536192,26.97949615779489,1
1019,1029,0.017540909769638846,10,27.152137890047666,27.65556322871983,10
1030,1036,0.01675036231288081,6,27.77441104798812,28.26741690711679,6
1039,1044,-0.005847464836859283,5,28.53186822607754,28.393560998121725,5
1045,1048,-0.015126995448478904,3,28.414957112739053,28.013539142938665,3
1050,1051,-0.007564731265184294,1,27.975648810799605,27.791996194387533,1
1053,1058,0.017893736459040833,5,27.80182060728235,28.327100878917875,5
1059,1060,0.00491658345660615,1,28.455611862835923,28.623971865231184,1
1061,1063,0.015450473355425327,2,29.101493288680857,29.58022662862939,2
1064,1066,-0.008220301089940088,2,29.523170616036612,29.310004435059156,2
1067,1070,-0.006114989371441258,3,29.254584436287846,29.104947547830303,3
1071,1074,-0.010172617198689067,3,28.92438009188123,28.65906782558902,3
1080,1082,-0.0009914896794552442,2,29.18178933269706,29.182037679078352,2
1085,1087,-0.010480905587290146,2,28.67759075522922,28.40570122480795,2
1089,1090,0.0002991878734413351,1,28.44505295962999,28.482008427494538,1
1093,1112,-0.010752554013936086,19,28.2489311886625,27.973431961409105,19
1121,1124,0.008213521301756337,3,27.303357650937066,27.554917718263447,3
1129,1130,-0.002649015040971197,1,27.665110234920977,27.619490052033466,1
1133,1137,0.004637406097814059,4,27.5655700103635,27.720968322829645,4
1139,1140,-0.002386350529032581,1,27.87669005406637,27.838043190062237,1
1141,1148,0.015169826224547517,7,27.928893620830706,28.380498977323413,7
1149,1155,-0.0006647434674161415,6,28.53945755474097,28.549025594322597,6
1159,1161,-0.003721909176794111,2,28.383637420993153,28.306379737826155,2
1177,1178,-0.008356148142189393,1,27.128226876933088,26.928667621191444,1
1179,1182,-0.011631371950927952,3,26.955648162705213,26.669072640909146,3
1183,1190,0.009254517924074338,7,26.690869426224452,26.9645714251648,7
1199,1201,0.0014110178265474998,2,26.811707389019006,26.876350893494106,2
1202,1207,0.000541430576514435,5,26.922134274400513,26.9636328753561,5
1210,1211,0.004119674613718989,1,27.410298074470496,27.550629881676834,1
1212,1217,-0.011261900859398377,5,27.698660683910557,27.41441977403415,5
1218,1219,0.0019932042617273986,1,27.618881740741603,27.701550695272136,1
1222,1228,-0.016233991109759423,6,27.999641930725623,27.573095634476502,6
1229,1232,0.004391385982090198,3,27.56140841605131,27.710002607032273,3
1235,1237,-0.00660107960847748,2,27.74181251622747,27.586428415840622,2
1239,1241,-0.001469253143032389,2,27.446762741040033,27.433883261357735,2
1242,1245,0.0018100764528904212,3,27.483660296165546,27.56089148280304,3
1246,1248,-0.01800250975050994,2,27.49596593404097,27.02846550514775,2
1249,1250,-0.006114621700734781,1,26.999202576641828,26.8611118692408,1
1251,1254,-0.00842832333181857,3,26.747812344611145,26.549120946096565,3
1261,1264,0.010594517832207984,3,26.563815697554432,26.871810332351213,3
1266,1268,0.0008345124253822964,2,26.913017233738486,26.962389498258307,2
1271,1272,-0.000599507732368477,1,26.932165166360576,26.94295129026028,1
1275,1276,-0.006246950450210082,1,26.678035922338836,26.5380575897454,1
1281,1283,-0.01464723066376833,2,26.579863514564845,26.2171219861701,2
1284,1285,-0.006978783442728498,1,26.09931229789415,25.9432701616609,1
1287,1288,6.312548571510033e-05,1,26.012081782824268,26.039735889904094,1
1289,1291,0.0009863805934913223,2,26.126384377584085,26.178281320489813,2
1294,1298,-0.003655759585073526,4,26.122334747573063,26.052960106682697,4
1300,1302,-0.008861972643959149,2,25.895238758582284,25.69165109985352,2
1305,1306,0.0013106200985972842,1,25.172135241725037,25.230298483339176,1
1309,1310,0.0017909841661349168,1,25.6265740228397,25.69809738516973,1
1313,1315,0.010988395259973728,2,26.09922539682874,26.412113226865067,2
1316,1319,-0.029809818777015336,3,26.50738589340447,25.743712909563076,3
1321,1324,-0.01017441523275519,3,25.736900550719838,25.50077953826341,3
1325,1332,0.016912510344305784,7,25.391122512429778,25.845941257087212,7
1337,1338,0.0031494636383533475,1,26.126123681962692,26.23453308219212,1
1341,1343,0.0013540927610570918,2,26.370311689669727,26.432389849525197,2
1353,1354,-0.007441819876084919,1,25.8033004216586,25.63708020813377,1
1356,1357,-0.0006501209074320159,1,25.680666699219778,25.68965182758104,1
1358,1359,-0.0009319398719459025,1,25.750164092311767,25.751916651777304,1
1361,1365,-0.0034269236663418746,4,25.876836365244316,25.814035258659448,4
1367,1372,0.013129007333196874,5,25.949420913445092,26.31606047182337,5
1380,1382,0.000614326772954825,2,26.564302340662618,26.607185805136016,2
1384,1386,-0.0031770468060664456,2,26.653577099642508,26.595551014747485,2
1387,1391,0.005514999868945684,4,26.50613517560513,26.678822642800455,4
1395,1396,-0.001771283632584194,1,27.24144712615732,27.220436243861005,1
1397,1400,0.0008632182608318331,3,27.259657314498387,27.31044800579078,3
1408,1411,-0.008439009288406527,3,27.320446377446785,27.117209323081546,3
1412,1416,-0.0007026067669081642,4,27.052343933526238,27.060389117551342,4
1420,1423,0.011995688616790207,3,26.924760340166678,27.274666141629186,3
1425,1431,0.017661831704398397,6,27.446586426055205,27.958790002798473,6
1436,1439,-0.003027720306840641,3,27.91492091087969,27.85831725888485,3
1440,1441,-0.0019416913916193864,1,27.977668470522598,27.951322140966326,1
1442,1444,-0.0018542718879719475,2,28.059306876169597,28.035336599109307,2
1450,1451,-0.0015788605714522892,1,27.519422943484514,27.50349303459341,1
1453,1455,0.003358975696516415,2,27.802160817364783,27.923349760678317,2
1459,1460,-0.0019916013258768238,1,27.451099382216313,27.42387883567213,1
1464,1465,-0.005933439681644153,1,27.042713392204053,26.909299796855624,1
1468,1469,-0.00307038703046194,1,27.059732784073493,27.00370866426958,1
1472,1478,-0.029484936175831235,6,27.05004019087246,26.279521522481787,6
1479,1480,-4.614523885894948e-05,1,26.370666554621945,26.395820340469534,1
1481,1486,-0.019057056290565148,5,26.36884247758827,25.892698804653413,5
1492,1493,-0.0048557112166800805,1,25.805050481834837,25.70555365924503,1
1498,1502,0.004452600845578091,4,25.597314620027895,25.736886559369587,4
1506,1508,0.0039888310038071915,2,25.59759905224556,25.725301148020428,2
1509,1513,-0.008677815457640493,4,25.79186026469211,25.593835121270555,4
1516,1519,-0.003306847989788754,3,25.7659241414459,25.706486071135156,3
1522,1523,-0.003451571712258252,1,25.88746295021128,25.823997978340408,1
1524,1525,0.0013758971117640226,1,25.89888079246195,25.96041386853468,1
1528,1535,-0.015660649526972936,7,25.672827782126383,25.296447451646294,7
1545,1548,-0.003675782296245352,3,25.798902415106554,25.72987016876165,3
1553,1561,-0.0116364356548799,8,26.019204904421315,25.742453305664302,8
1562,1563,-0.003520415864416379,1,25.821208459261562,25.756128275822437,1
1565,1566,0.0042295673245782185,1,25.91614643369736,26.051676666266008,1
1568,1569,-0.0021982207793508823,1,26.17415705592624,26.142794637059836,1
1571,1577,0.0053798925494654174,6,26.3457814968579,26.513864751939547,6
1579,1580,-0.004612063349717038,1,26.301269952872143,26.20626809962436,1
1581,1584,-0.002030618977058622,3,25.955830925613,25.92908035369574,3
1587,1590,0.008590383323125679,3,26.056968032913346,26.306864344587417,3
1598,1599,-0.0022733318091528103,1,26.0697359624739,26.036540538416666,1
1602,1603,0.0003317398605221663,1,26.146972984067286,26.181793950222165,1
1604,1605,-0.00047141612308307195,1,26.166882238785426,26.180713630846032,1
1607,1608,-0.004759219072453384,1,25.89942802186108,25.802066398075667,1
1609,1612,-0.012826880778425202,3,25.597029646978182,25.294296629061556,3
1613,1615,0.0011952192014062653,2,25.27366809118099,25.32914933266472,2
1617,1618,-0.0004773542642897056,1,25.504631896818807,25.51796178392054,1
1620,1621,-0.002131796950369768,1,25.60218531418058,25.57320883891919,1
1625,1627,-0.00546039935107132,2,25.361626348744295,25.248503367036243,2
1628,1630,-0.010666320544736544,2,25.174783929274078,24.931436398169232,2
1632,1634,-0.02335572857456281,2,24.766531654134084,24.212857794740945,2
1635,1639,-0.017126457830579724,4,23.967553914813646,23.581042167304258,4
1647,1650,0.06371068453992694,3,22.300067335064227,23.743119957602698,3
1653,1654,0.0012056669749508377,1,24.238475864623226,24.291937870360968,1
1656,1658,0.011797982286773031,2,24.663998001461778,24.97964741100549,2
1660,1661,0.016580754920641264,1,26.095247919997874,26.55402207827273,1
1662,1663,0.0028198696637541055,1,27.047497947118423,27.150815864007072,1
1664,1665,0.010746303046683111,1,27.168514159508508,27.487643760154196,1
1666,1672,-0.027927280775149776,6,27.833234296830682,27.083760982039394,6
1676,1677,-0.009220841586061918,1,26.403138667224564,26.186082646866485,1
1678,1686,0.022143486764112402,8,25.803771489972206,26.40096073391456,8
1687,1688,0.0008343455106090106,1,26.516008981024587,26.564648503058198,1
1691,1697,0.0358500076600576,6,27.06357297263043,28.060865843980388,6
1698,1701,-0.010201381389890761,3,28.023080051559123,27.76522900428529,3
1703,1705,0.017440438009271173,2,27.642470104401333,28.152209360784678,2
1710,1714,0.01738328883891809,4,30.09099174563751,30.644163138347064,4
1717,1723,0.062396043311421415,6,30.45176371437616,32.38228504572192,6
1725,1728,-0.015808117505830353,3,32.391387090486596,31.911731624273834,3
1729,1731,-0.010116726270091851,2,31.923603089029324,31.632564338111585,2
1739,1746,-0.020104016525980376,7,31.129726420221576,30.535023612240416,7
1750,1755,0.006881666519712584,5,30.201066355704867,30.439101089260244,5
1758,1759,0.01105706717481908,1,30.41887661436258,30.785639053084484,1
1761,1765,-0.014337206002876586,4,31.31095979550884,30.89335907456835,4
1767,1770,0.03020999398374189,3,30.41152502414033,31.360668537180167,3
1772,1776,-0.0009447214182166049,4,33.52156531239524,33.52341833698487,4
1780,1781,-0.0008470649901379774,1,33.5149226651432,33.52004827017152,1
1782,1788,-0.06076131371344685,6,34.134517702922814,32.09459408202124,6
1789,1792,-0.0058586622177326745,3,31.855710965900595,31.70093482661156,3
1794,1796,0.014685194397147092,2,32.62876749670573,33.14055605783087,2
1798,1799,0.007159564108890419,1,34.764661616640176,35.04832610182503,1
1801,1802,-0.002779648933793806,1,34.989135152687,34.92686677561815,1
1803,1805,-0.007513157789347546,2,35.16323294058846,34.93420925606282,2
1806,1809,-0.0245784509287841,3,34.66727848234442,33.84987775781397,3
1811,1817,-0.014370721158901041,6,33.438416893496196,32.99132114521817,6
1818,1821,-0.03299898601800801,3,32.80642278649223,31.756650522446403,3
1822,1825,-0.035030444076124705,3,31.646516684425034,30.56957166819156,3
1826,1827,0.00029342411549004356,1,29.907709576398737,29.946392929203924,1
1829,1830,-0.00672769650653746,1,30.6970679973617,30.521244508232268,1
1831,1835,0.031439469427125416,4,30.818169083917333,31.81789413771505,4
1837,1841,-0.042909134004595104,4,31.24975720191011,29.9401069397242,4
1843,1846,0.008423823368489295,3,29.87653739211047,30.158088603355786,3
1848,1849,-0.0024851475758120383,1,30.233905515436135,30.189003703952555,1
1857,1858,-0.00728512874547157,1,31.02194707026741,30.826970138995573,1
1860,1861,0.005539184614020115,1,30.745011194540343,30.946058498701557,1
1865,1872,-0.03157143609986621,7,30.807360230159706,29.86553498547782,7
1873,1877,-0.0047108814272687986,4,29.764640288642017,29.65418723780556,4
1879,1881,0.014693751687307653,2,29.80548075129184,30.27324056512344,2
1882,1888,0.015574828101662934,6,30.515346057159025,31.021132672519194,6
1889,1890,0.0008777775717491551,1,31.199416802991298,31.25800236811561,1
1891,1897,0.01596283538279305,6,31.352547067983473,31.884375162728947,6
1898,1900,-0.0039920698980643095,2,31.744346485588967,31.649365182035712,2
1904,1905,-0.0031256443054581643,1,31.860557671785198,31.792833458801447,1
1906,1909,-0.0037186487733343572,3,31.818342516485338,31.731839618633362,3
1911,1925,0.03922185949304692,14,31.485536764899884,32.75194360072085,14
1931,1933,-0.005573284915571616,2,32.66293938865482,32.513562460650455,2
1934,1937,-0.011930406384868995,3,32.40806099047285,32.05382771370136,3
1940,1943,-0.004364411228229372,3,31.63182310342926,31.525400642610716,3
1946,1947,-0.0034104550155098353,1,31.407635145303242,31.331928453641943,1
1948,1953,-0.023137604074417988,5,31.39491305747014,30.699904902253092,5
1955,1960,0.03298871850691478,5,30.66339105664507,31.70560042373683,5
1961,1962,0.008730196585068965,1,32.041684689122384,32.35345658006434,1
1963,1964,0.002119460134127989,1,33.03319487983924,33.13624061436978,1
1966,1968,0.01806708232204483,2,33.476571299143174,34.11487183996374,2
1976,1981,-0.006895397592392974,5,33.86588457870276,33.66623172429322,5
1989,1994,-0.0016991638129606919,5,33.53176606804004,33.508321870620605,5
1996,1999,-0.02120429021764693,3,33.86366553304572,33.179474206782736,3
673,674,0.0037536261386260364,1,27.005072324046967,27.133444341722043,1
675,676,-0.004860942550393006,1,27.044787956003727,26.940369583418036,1
677,678,-0.005778769102435272,1,26.904103662890602,26.775535163577665,1
685,686,-0.0021367337739555004,1,26.14406390557536,26.114345065145443,1
689,692,0.006402881907966058,3,26.384505402072367,26.579826779764,3
697,698,-0.001353513558986359,1,27.092405858766494,27.08282832594986,1
699,701,-0.007428821289458954,2,27.081782566085394,26.907678625768046,2
703,717,-0.009131803614741123,14,27.128313969880413,26.907711848278307,14
718,719,-0.0071514052378892,1,26.832734177622193,26.66767515605508,1
721,722,0.0010088517329770643,1,26.808319621325722,26.862173560655226,1
723,727,-0.02165706363567196,4,26.850930533049986,26.296269152351766,4
728,729,-0.004593434319473947,1,26.24069797849255,26.146403753809683,1
731,736,0.021529200831741823,5,25.959816591754013,26.544670513304823,5
737,738,0.0007641156766331298,1,26.59539912414575,26.64231648466697,1
739,743,-0.012584517866932834,4,26.567249684062183,26.2594809054219,4
744,745,-0.00016001109506586257,1,26.26554060236039,26.28760336504847,1
746,747,-0.003085427986538343,1,26.412358220517792,26.357277149494248,1
751,754,-0.0052245149126885545,3,26.313336216787885,26.202175135537477,3
755,758,0.0007784767142769863,3,26.290395650663683,26.337152507137517,3
761,763,0.00531042910721895,2,26.737328915876024,26.906052934516055,2
768,770,-0.0018085424155619154,2,27.029554933670795,27.00770039203316,2
772,774,0.0018568705552432408,2,27.15519380391453,27.232772677514856,2
776,777,-0.0006861377671368526,1,27.18855369303472,27.197087153205135,1
782,784,0.0019486163656724479,2,27.8258369825186,27.907884700833787,2
792,797,-0.0009145471408355534,5,27.789247291314606,27.791621961949676,5
798,801,0.0025797413238019175,3,27.95629176191338,28.056368054793765,3
811,817,-0.005944663666244787,6,28.586410994595703,28.445060806802385,6
820,821,-0.003068615782076826,1,28.528629875480444,28.469615101478997,1
824,828,-0.005145335741678078,4,28.605209750110564,28.486631551735233,4
830,835,0.0008922233433062764,5,28.095578788917912,28.148741898946003,5
840,841,-0.003168939465402531,1,28.74421609513273,28.68187163044194,1
843,844,-0.0007958805765882462,1,28.678104554747236,28.683958312913493,1
847,848,-0.0034138658421966634,1,28.602184495861962,28.533142659695194,1
849,851,-0.01040437033536036,2,28.44593377754109,28.178417681761957,2
852,853,-0.002016257787459258,1,28.101954727559384,28.073395897224675,1
855,856,-0.002574506696996489,1,28.16545322983876,28.12110653510444,1
861,862,-0.004212463943526205,1,27.837738652142136,27.748310920452823,1
863,868,-0.006084858734614539,5,27.77813671128584,27.63688881019814,5
869,871,0.008730491059625884,2,27.672581227612127,27.94184903184418,2
872,873,-0.0038078173142033467,1,27.92557126312525,27.847161360623627,1
875,878,-0.01069912817278857,3,27.820475445225906,27.550641088054743,3
882,885,-0.003954154172064832,3,27.180121872484168,27.09982760205734,3
887,892,-0.007729367644527451,5,27.22803237493323,27.044804934845207,5
893,898,0.0060682914718239705,5,27.097626952704996,27.289160878201468,5
899,900,-0.001310792508461949,1,27.30799332277563,27.299506203029782,1
904,910,0.007799585990990346,6,27.54272950471786,27.785094121421213,6
914,920,-0.01673252259169455,6,27.712976700557682,27.276981668533054,6
923,927,-0.005772132381500409,4,27.265553567730286,27.135438736650187,4
931,934,0.0013529910028328182,3,27.260951660569308,27.325096434555288,3
942,943,-0.011010865660059575,1,26.95554566733469,26.6856973208654,1
944,947,-0.014400394348983749,3,26.67609986031424,26.318629602493157,3
948,950,0.006739920774709428,2,26.460505599687313,26.665307816687648,2
951,953,-0.0005994377117116648,2,26.66473904458286,26.67541993347117,2
957,959,0.002361462219545079,2,26.757391834705707,26.847335796451635,2
965,968,-0.0013088720085923935,3,26.48911809763745,26.480936350524793,3
969,970,-0.004132960773012901,1,26.44662953518324,26.363773282271108,1
972,977,-0.003971218601152324,5,26.224787709586252,26.14686813253226,5
981,982,-0.004780763615549766,1,26.161542744577456,26.062632135642108,1
983,984,-0.006246517133976851,1,25.89967316177612,25.763790082768462,1
985,988,0.0096154328922174,3,25.770332109104626,26.04389534021898,3
989,991,0.003428857732538695,2,26.172515714369155,26.28843006297073,2
994,995,-0.0031824031967276046,1,26.364035369644736,26.306498414575383,1
1000,1004,-0.00964016365928114,4,26.17805059811124,25.951867956662618,4
1006,1009,-0.0033291093690635608,3,26.08345821145057,26.022706984552702,3
1014,1015,0.0062660574287697005,1,26.61375239673422,26.80712945004395,1
1016,1017,-0.002626318597881497,1,26.899342525248,26.855595624228403,1
1021,1025,0.006384569096377945,4,27.464449110637407,27.667262232788865,4
1027,1029,0.0009524075381845125,2,27.582782276426528,27.636635108467125,2
1032,1034,0.0075627149590063595,2,27.920970659273763,28.160049972407904,2
1038,1041,0.0007724517448280529,3,28.414231262117347,28.464594115895835,3
1045,1047,-0.01036492850593873,2,28.416798482786067,28.150677196627107,2
1048,1052,-0.012173858848973231,4,28.08893780572018,27.775075979461477,4
1055,1056,0.005413031561861516,1,27.896386904232454,28.075287313911197,1
1057,1066,0.03668920037808689,9,28.27840323382942,29.344193639681556,9
1067,1068,-0.0025524360152386493,1,29.330055290824987,29.28452225666257,1
1069,1073,-0.022386092348890295,4,29.309715455712347,28.682895174256785,4
1078,1080,0.007933751316552103,2,28.971745523237356,29.23057189294839,2
1082,1083,-0.006178746189308339,1,29.18505327052625,29.03391128711675,1
1089,1090,0.001029251080081409,1,28.466104816756737,28.52386969070185,1
1093,1095,-0.009993702072812707,2,28.264851057668903,28.010645408123803,2
1097,1099,-0.007335199189512399,2,27.885504164041457,27.708843940662277,2
1103,1110,0.007150197541960169,7,27.98043043232096,28.20847646765345,7
1112,1113,-0.007878635743125166,1,28.023308324468474,27.830546194187168,1
1115,1124,0.007907063835875743,9,27.32274393905594,27.566109363492398,9
1131,1132,-0.0024533102046811256,1,27.596141226950536,27.556035473295587,1
1135,1136,0.00036757607069979746,1,27.54195421914273,27.57961993667314,1
1138,1139,-0.0005116778312427103,1,27.817866545725465,27.831450626647275,1
1141,1148,0.017479695294809274,7,27.90728365639784,28.423001754873884,7
1149,1152,0.003053711580886868,3,28.523939804295864,28.639567629413058,3
1153,1156,-0.004445725114313031,3,28.702791643963504,28.603889713945005,3
1157,1158,-0.004322812994472484,1,28.523169115356783,28.42839195837674,1
1159,1164,-0.016182005042075266,5,28.404603964941312,27.973365124327422,5
1168,1169,-0.003943046938391455,1,27.882470202168435,27.80041078360515,1
1172,1175,-0.018492014428315152,3,27.715795683587068,27.230990585597528,3
1180,1181,-0.008591307414156143,1,26.882382044943533,26.678309618815575,1
1185,1186,-0.0013758970558108217,1,26.70198020524844,26.691943009504968,1
1187,1190,0.005042893167482127,3,26.787780421678058,26.949656116960227,3
1195,1196,-0.005928656382748979,1,27.017051656825444,26.883893892733973,1
1197,1199,-0.0010301716021226428,2,26.867586548517117,26.86677591038578,2
1206,1207,-0.0018912221343858303,1,27.006224902013287,26.98215635661441,1
1208,1213,0.02173296690368962,5,27.088009158895026,27.70379997459103,5
1214,1215,-0.007544368854378184,1,27.616381767604942,27.43564997889441,1
1217,1218,0.0032086977122223245,1,27.48428698403006,27.59996003978181,1
1220,1225,0.005849964573345627,5,27.756676147945214,27.946808396232466,5
1230,1234,0.004641151947674008,4,27.58885665513504,27.744489587589253,4
1240,1244,0.005714808478111618,4,27.369998999291347,27.553783300617695,4
1247,1251,-0.02416676399580348,4,27.34346258142344,26.71000303697152,4
1252,1253,-0.007486274893370282,1,26.726558764083556,26.553202956985896,1
1254,1255,-0.001220000548962229,1,26.61526934070032,26.609413966834587,1
1261,1270,0.01815675515379203,9,26.55741208655137,27.06616592741179,9
1272,1275,-0.012538991353418842,3,26.938813143402413,26.627966411469327,3
1277,1278,-0.001973237861710825,1,26.56155887488436,26.53570816012126,1
1281,1283,-0.01262404248805133,2,26.54130535007185,26.23278808899427,2
1284,1287,-0.0036215774224953243,3,26.09402883834064,26.025621321476105,3
1289,1293,-0.0008689090243371633,4,26.093711701022485,26.097132351148037,4
1294,1301,-0.010332931976620961,7,26.07790206834769,25.834518782250818,7
1302,1305,-0.021711284466851916,3,25.712287783958164,25.179753277371045,3
1307,1309,0.00797670655458637,2,25.362772166749743,25.590446329901486,2
1311,1312,0.004605960538852853,1,25.80554906387719,25.950213953612717,1
1315,1316,0.0032957149061417475,1,26.42846526182862,26.541994414000307,1
1326,1333,0.01965003060720798,7,25.35688433967566,25.880504777393394,7
1338,1341,0.0009653961224525848,3,26.253078722563053,26.30467642168682,3
1342,1347,-0.0018211701116228073,5,26.340900541415703,26.319270181177863,5
1353,1354,-0.007895400038906788,1,25.790466436379827,25.61263085311099,1
1355,1358,0.003112621302905152,3,25.62839543712478,25.733795322158777,3
1359,1360,0.00019045162247977336,1,25.73667761403727,25.76731588366014,1
1362,1367,0.00032806562798858084,5,25.91547896083489,25.949896417675635,5
1368,1374,0.02209613484838726,6,26.048985854276626,26.65061674423073,6
1379,1384,-0.0016014744325388674,5,26.588372652174687,26.57238042582159,5
1386,1387,-0.00462097415806258,1,26.565982453010015,26.469787717064122,1
1392,1398,0.017621090373617608,6,26.832272867024518,27.33191904501095,6
1399,1405,-0.0008280283820882028,6,27.40047605571851,27.405188159917365,6
1408,1410,-0.006250924366576561,2,27.26256117683116,27.119407530052452,2
1411,1414,-0.010185739148962907,3,27.178843141236637,26.929185377770658,3
1415,1416,0.0008610640389283871,1,27.06913179652048,27.119509184271998,1
1418,1421,-0.007461051640448283,3,27.110728013851862,26.935564200144217,3
1422,1424,0.00789317408060465,2,27.06741937274031,27.30813464513482,2
1426,1431,0.00667913425542495,5,27.66697180834209,27.879430199299406,5
1432,1435,-0.006050058629552498,3,28.04190103855658,27.90028779422776,3
1436,1439,-0.004024110951065656,3,27.929857053279896,27.845394066703374,3
1441,1442,0.0018137269636852513,1,27.969288613194827,28.047986554720868,1
1446,1450,-0.010635357283224595,4,27.811145650225026,27.54317532542931,4
1452,1453,0.0014900254763021044,1,27.6821536749007,27.751082942790113,1
1462,1463,-0.007015144635405033,1,27.2520573724001,27.088132305692756,1
1465,1467,-0.00023202217391250237,2,26.951015541731703,26.971713324058292,2
1469,1470,-0.004982091110098309,1,27.071930167459904,26.96412727500686,1
1471,1472,-0.000586164187154195,1,27.0127958371959,27.023974699518423,1
1474,1476,-0.015450164271233663,2,26.94400243714452,26.55465717580326,2
1477,1480,-0.0033995697490544208,3,26.493289924520926,26.429717427465118,3
1481,1486,-0.01844671154261975,5,26.424015847554042,25.963003665264154,5
1491,1493,-0.009915244665952946,2,25.905240054897746,25.674288501678088,2
1496,1497,0.0006490032659004301,1,25.425749305206587,25.467676448848838,1
1498,1502,0.004912781197308745,4,25.567257824010632,25.718431425339187,4
1503,1505,-0.00893817931640985,2,25.788070086617406,25.583359762045692,2
1506,1508,0.002584844432281791,2,25.620750471953823,25.712596876634088,2
1509,1513,-0.008731151253610743,4,25.834053602196338,25.63432662630387,4
1515,1516,-0.0033940550170179647,1,25.82635274868574,25.764523039316472,1
1520,1522,0.0028561702823124767,2,25.731905434541243,25.831132043585196,2
1524,1526,-0.0018879348491854249,2,25.884507174042174,25.86152341806835,2
1527,1528,-0.005773047214363758,1,25.780793435141476,25.657740490851786,1
1529,1530,-0.004725915287602817,1,25.567306783217674,25.472045164011252,1
1534,1542,0.01078908547157148,8,25.380603675784016,25.679817781837915,8
1543,1545,-0.001528631624377634,2,25.717061880879395,25.703467028683086,2
1551,1554,0.002566362458174818,3,25.7756575343595,25.86758287172481,3
1556,1568,0.011341471994989354,12,25.835225540766565,26.15407025326217,12
1569,1570,6.2770975422709804e-06,1,26.213014524996982,26.23939208117103,1
1571,1573,-0.0009981933671380343,2,26.373229348896437,26.373276995639255,2
1575,1577,0.0043940936783651565,2,26.38567464985376,26.528001450681938,2
1586,1589,0.00442269459502026,3,25.992733431633013,26.133684086722532,3
1590,1591,-0.0003127776675429354,1,26.29653580767144,26.314607374344728,1
1594,1598,-0.01569014896175573,4,26.432240930233327,26.043947373575183,4
1603,1605,-0.0021888893596010645,2,26.224726404126272,26.193548105945958,2
1608,1611,-0.022554197564637547,3,25.830180008767904,25.27343120572877,3
1612,1619,0.00958470741544427,7,25.34646462659188,25.614749538680265,7
1621,1622,-0.003059332005698808,1,25.625476955460105,25.57270559060443,1
1624,1625,-0.004492971630030188,1,25.437643357715082,25.348790391131757,1
1626,1628,-0.0064150269455820075,2,25.35193017915688,25.214648794114233,2
1632,1637,-0.03978859388160617,5,24.649755791392483,23.69362642471939,5
1640,1643,-0.0226367897628168,3,23.376515825128084,22.87072306683263,3
1646,1649,0.0712293448913656,3,21.974491379511104,23.56169449617415,3
1651,1653,0.009881335659850846,2,23.94523516987392,24.205791311211385,2
1654,1656,0.01517645759557474,2,24.27715588834446,24.66987427111342,2
1659,1663,0.06530357549229593,4,25.44465090510657,27.13172223726842,4
1666,1667,-0.010093948095562695,1,27.79448344292549,27.54172185315255,1
1669,1670,-0.005910724906709776,1,26.85351221180168,26.72164200055055,1
1671,1672,-0.0006905929346179529,1,27.063800837471824,27.07217456866703,1
1674,1676,-0.015189353759986958,2,26.729985933096003,26.35070470669183,2
1678,1683,0.020872631748490075,5,25.791385337885988,26.355510811664974,5
1684,1687,1.4491257628355004e-05,3,26.45844495588614,26.485286816984328,3
1692,1693,0.003443789848360047,1,27.344405505426515,27.46591829702097,1
1695,1698,0.0009585475235815823,3,27.934340593100902,27.989051326692405,3
1702,1703,-0.004186045626989482,1,27.698637838478444,27.610388714519594,1
1711,1712,0.0072281578769180345,1,30.27913223357257,30.528273713966485,1
1714,1717,-0.012291131040254206,3,30.684117890494967,30.33765949453878,3
1721,1728,0.01637679561866025,7,31.352514609720476,31.89732084822465,7
1729,1733,-0.021806397915951098,4,31.886983376350486,31.22353011188282,4
1734,1735,-0.007640991737316357,1,31.177428593054888,30.97037954737764,1
1738,1742,-0.005066347414906885,4,31.246527121225345,31.119467886441132,4
1743,1749,-0.03698309402713539,6,31.40751674807041,30.277377119765763,6
1750,1751,-0.0036208428775468156,1,30.27118846083947,30.191852432167,1
1752,1755,-0.0017605762682374791,3,30.45703959108022,30.433874689566476,3
1757,1759,0.009600304559409321,2,30.441523285191213,30.76421270326659,2
1762,1765,-0.01904433289149005,3,31.475515464201028,30.90756078523374,3
1767,1768,-0.005719241399371043,1,30.434769360783175,30.291140337235458,1
1769,1770,0.023356420645215654,1,30.624852061925168,31.370763840942917,1
1773,1774,0.0049110330924434075,1,33.89450042138029,34.09485193502291,1
1777,1778,0.0038985038439179522,1,33.491038301448654,33.655094281305104,1
1782,1788,-0.05709959037213869,6,34.06253265097099,32.151638522213915,6
1789,1790,-0.023884447282185337,1,31.862602957843382,31.133444900181413,1
1793,1795,0.0018718528504582913,2,32.56742463421234,32.660953485480185,2
1799,1804,0.005816281191263517,5,35.130354207431985,35.36981258005853,5
1810,1815,-0.004301708626219676,5,33.69020083867933,33.57896561195119,5
1821,1827,-0.06339193566130662,6,31.851222092599002,29.863962693063577,6
1828,1829,0.006639411285338718,1,30.442360821500092,30.674922536312213,1
1832,1834,0.019869617306425308,2,31.278648465863895,31.931421889208682,2
1835,1840,-0.05896317069523194,5,31.847712002895122,30.001717635818725,5
1841,1843,-0.006180441326398219,2,29.95318785851252,29.798017126272914,2
1844,1851,0.0153273145582381,7,29.899097125659463,30.387269089437417,7
1852,1855,0.016571523802232258,3,30.335778246173806,30.86882409568569,3
1861,1867,-0.014445449569718875,6,30.926458767110976,30.510638625387795,6
1868,1869,0.0011897265959809086,1,30.332909018733133,30.399329796344922,1
1873,1876,-0.0112707855083031,3,29.76852270450177,29.46277659290478,3
1877,1880,0.009621152174192234,3,29.713383891571986,30.028974263494565,3
1886,1890,0.028685703440119024,4,30.35339814054692,31.254460116147055,4
1891,1893,0.01438132579252768,2,31.365304200754622,31.847744163248166,2
1899,1902,0.0035884124663022477,3,31.68171900129168,31.82708779571109,3
1908,1910,-0.010695092706924453,2,31.886879940396696,31.57773368323998,2
1911,1914,-0.008661270556391466,3,31.47721432143166,31.236058866153652,3
1915,1929,0.03619470048686517,14,31.35433238556543,32.520547387612154,14
1930,1933,-0.00852832805977048,3,32.70760206029705,32.46136850193871,3
1937,1942,-0.021405576457919163,5,32.1302098128768,31.474574359931157,5
1944,1947,-0.007796117201235908,3,31.550612272163757,31.33619061339138,3
1950,1951,-0.008857501454876644,1,31.165608476282802,30.920724662338294,1
1956,1957,0.0017301566895950768,1,30.688402972900978,30.772187121570433,1
1967,1968,0.00944211049239754,1,33.80804299812804,34.16107031864622,1
1970,1972,-0.0033402205465222633,2,34.28215446198844,34.201926659737445,2
1975,1982,-0.01564325323334594,7,33.97838180883072,33.480827759544695,7
1983,1988,0.000441082335486043,5,33.405897250893595,33.45403789932292,5
1989,1990,-0.006404688337052447,1,33.48666666808537,33.305681671297606,1
1991,1992,-0.003879326408437277,1,33.35391386246187,33.257877057452944,1
674,675,-0.002271069579500304,1,27.162390761106664,27.12786547250372,1
678,681,-0.017087636163474536,3,26.729548920825497,26.299533662973463,3
683,693,0.013372251266698738,10,26.2730994606126,26.65070304761549,10
698,700,-0.004697493242648023,2,27.12851726435709,27.02820975508907,2
702,704,0.012685357050824412,2,26.979849210342245,27.34907807996318,2
705,707,0.003768715453371067,2,27.53353538071695,27.664834976372912,2
709,716,-0.024688325736097836,7,27.70924966441282,27.05286393245935,7
719,720,-0.005709068187874757,1,26.72465374523,26.59880552844637,1
727,730,-0.013072627119359942,3,26.332138035039083,26.01423995128654,3
731,732,-0.0053555099589382,1,26.00998254689107,25.896695808876277,1
733,734,0.008127467113287087,1,25.929472656127047,26.166143065060723,1
738,739,-0.005110131672332091,1,26.60491760282199,26.495567888342844,1
740,741,-0.0055984764481498694,1,26.37078414014902,26.2495187103613,1
742,743,-0.002272904028568233,1,26.24907232074112,26.21565977083787,1
744,754,-0.006429858900019958,10,26.31318322030369,26.170306348207067,10
755,764,0.023067814794373805,9,26.28581943939707,26.91846167338283,9
766,772,0.007769816518194133,6,26.975178638238233,27.211746005441093,6
777,778,0.006567826563834844,1,27.230298306691353,27.43637248155788,1
779,783,0.004596458805910267,4,27.627670815058156,27.78228793667788,4
784,785,0.0014230665185778696,1,27.947610618305827,28.015329537869295,1
788,789,-0.00429501731818097,1,28.22005638002693,28.127070805534697,1
792,793,-0.0041906681526166735,1,27.846269843675955,27.75742163731657,1
798,800,0.004671036608731357,2,27.959691146963863,28.118251579027117,2
803,806,0.011861750996902818,3,28.181876887400005,28.544345170551114,3
808,815,-0.0015390947865991426,7,28.574508160788724,28.55910379240961,7
819,821,-0.0015012182939412144,2,28.513593855155225,28.49930232028901,2
825,829,-0.011569487835362154,4,28.613032877495698,28.31060777456419,4
830,833,-0.010674974419665067,3,28.14036549691977,27.868108180577046,3
836,847,0.008789778112950387,11,28.357723752845327,28.635339576174026,11
849,851,-0.007486608087198618,2,28.392539095512603,28.20836782179955,2
853,854,-0.0006937858332854251,1,28.080608873638838,28.089207553885917,1
856,862,-0.012657166311758034,6,28.079655081304686,27.752325872045116,6
864,865,-0.008872015532748016,1,27.974614975426466,27.754398371817263,1
870,872,0.00400502893494488,2,27.750289768259744,27.88918077150299,2
876,878,-0.00877267173305665,2,27.757632108455645,27.541881145989667,2
879,883,-0.010748085515995428,4,27.444165313085833,27.176637242698757,4
887,892,-0.010839194992295704,5,27.288678756658992,27.020180125290107,5
893,894,-0.0013104057262516545,1,26.990720120726422,26.982342046645293,1
895,897,0.008477723805100954,2,27.120459606588042,27.37749983220668,2
899,900,0.0012226749143957201,1,27.26798957690078,27.328597453299363,1
911,914,-0.007194328233605411,3,27.8579460075731,27.685384746088136,3
915,917,-0.011187020947333062,2,27.619489199038323,27.33812888401308,2
918,935,-0.0005342846954641376,17,27.324709435259074,27.33743497063507,17
936,939,-0.005299323583454548,3,27.256476694999595,27.139292281942904,3
940,941,-0.0034695544444061964,1,27.090117070249082,27.023216551238765,1
949,952,-0.0017485868671966564,3,26.627848774335906,26.60791551644174,3
955,957,0.0037113686566470055,2,26.631801400936162,26.75727363532658,2
959,961,-0.004295095218729231,2,26.84551897529646,26.757060434076656,2
964,970,-0.006835041856750884,6,26.52634941400658,26.371567054869054,6
971,973,-0.005132117668126301,2,26.259035945916256,26.150530519536172,2
981,984,-0.01693704998940089,3,26.15639350615833,25.739537755308245,3
986,987,0.001480497761860365,1,25.882646549228006,25.94684839606439,1
988,989,0.0010565548634752795,1,26.022210589180972,26.07572669292653,1
990,992,0.0033888529796955048,2,26.240391671270043,26.355556892444874,2
994,1000,-0.006350519506000521,6,26.33626970655661,26.19535698177639,6
1004,1012,0.011307251401073446,8,25.987974067009144,26.307814597256403,8
1019,1021,0.009286664775395772,2,27.162353934642216,27.441763964078532,2
1024,1025,0.0006066481146981466,1,27.721931112038597,27.766470500395545,1
1028,1030,0.003547818072001237,2,27.620942047484558,27.746557066893807,2
1033,1035,0.003613491854090865,2,28.120874829748107,28.25061025670506,2
1036,1042,0.0045639148536356314,6,28.303442306033848,28.46092024908941,6
1044,1046,-0.007947471184319557,2,28.490703345982688,28.292765005465476,2
1047,1050,-0.012921478091127318,3,28.233946670755547,27.897356294094077,3
1051,1052,-0.004534957718509957,1,27.868229836392725,27.76971682223136,1
1053,1054,-0.0014176324718989466,1,27.808574929653812,27.796961165765953,1
1058,1061,0.024780194209740553,3,28.350059426818422,29.080929464699487,3
1067,1068,-0.00307200771430275,1,29.363516527402165,29.30267509463833,1
1071,1074,-0.013084710171511124,3,28.96778403162479,28.617716757291678,3
1080,1081,0.0011620097519729551,1,29.19315351360694,29.256269396194202,1
1086,1087,-0.007409487190949379,1,28.589852258814577,28.40660596697057,1
1088,1089,-0.003152632462934699,1,28.465646582723007,28.40437050781061,1
1090,1092,-0.009559814220325171,2,28.57505274725206,28.33045560439959,2
1093,1098,-0.02045904506691583,5,28.2574973111585,27.707633397502413,5
1099,1100,-0.0015346125724446371,1,27.798236036567634,27.7833747500907,1
1101,1102,0.0007551443631099008,1,27.79875388300696,27.8475447091862,1
1105,1107,-0.0022420406542599386,2,27.983329869256476,27.948573435917293,2
1108,1109,0.0007780680826601966,1,28.157926469148578,28.207993179477263,1
1111,1113,-0.013526534965636171,2,28.200971902072304,27.847711441476072,2
1118,1119,-0.003547979687472157,1,27.241932978800417,27.172521086922956,1
1126,1127,-0.0006719964811206209,1,27.557063875629584,27.566102689550775,1
1128,1131,-0.002407704759444864,3,27.630577896398094,27.591682200387122,3
1132,1141,0.010736465264356732,9,27.56227648134379,27.885760181873678,9
1142,1144,0.006956758317080101,2,27.951450664746634,28.17385360229781,2
1145,1148,0.002783370635775447,3,28.310225011592422,28.417333085593476,3
1149,1151,0.0006179768043848908,2,28.48825859306501,28.534351934665906,2
1153,1157,-0.006734384745673129,4,28.735054377422617,28.570276519934637,4
1158,1163,-0.009070124177014222,5,28.396031522205103,28.166872021686498,5
1165,1166,-0.001210795401499289,1,27.962640261751503,27.956745865770547,1
1168,1170,-0.005328312093535618,2,27.827391910327137,27.706946273390113,2
1171,1174,-0.009376241409523138,3,27.742478844120726,27.510101144023782,3
1176,1178,-0.01195853820447879,2,27.25291515079844,26.954263038934997,2
1179,1180,-0.0021144248587380773,1,26.897304393267223,26.86732936861832,1
1184,1185,-0.0012047748814551311,1,26.730240443049297,26.724766761231304,1
1187,1191,0.01016084190799622,4,26.740904207440277,27.03935521177639,4
1193,1197,-0.007922089956990069,4,27.12201555554375,26.934274524053393,4
1198,1200,-0.004776764377255657,2,26.944331755663327,26.84256936331958,2
1206,1207,0.0014634004434434353,1,26.938197214714517,27.00455678167881,1
1212,1214,-0.0037403729522463977,2,27.639778055790952,27.56403475560077,2
1215,1217,-0.0033307870670112906,2,27.495818406690542,27.431731508751337,2
1219,1220,0.0023258866836265153,1,27.693067624582426,27.785171629423793,1
1223,1225,-0.005656091765887684,2,28.036726635914018,27.906185063882095,2
1226,1227,-0.006947689449840894,1,27.775959948645554,27.61075716469979,1
1228,1229,-0.004301917682845076,1,27.627816884787045,27.53659210767676,1
1230,1231,0.0010021519113529,1,27.593700671424575,27.648947451965167,1
1233,1234,0.0002846356173257475,1,27.699038980804737,27.734622152845173,1
1237,1239,-0.006818711083684379,2,27.61111069159424,27.450449615780226,2
1240,1249,-0.017612597062376358,9,27.368199479286254,26.913542609014133,9
1251,1253,-0.009746744340168326,2,26.784265974390163,26.549990847573103,2
1254,1255,-0.0025873622818042633,1,26.6248532925364,26.582590004661256,1
1256,1261,0.0013048352682313931,5,26.4866116004268,26.547658876979412,5
1265,1267,0.0013265108679930081,2,26.92782181747987,26.990469687589616,2
1268,1269,-0.00029038700772523606,1,27.037319180978898,27.056505213946,1
1271,1274,-0.013040553109359115,3,26.990941967490183,26.665956097258988,3
1275,1278,-0.0061932686099390585,3,26.647370760243938,26.508983806137355,3
1279,1280,0.00039420474660004003,1,26.506291405680404,26.543246602972967,1
1281,1286,-0.023411807175816896,5,26.558340546320796,25.963120139086975,5
1289,1296,-0.008672498946565703,7,26.101634287962675,25.901369526384638,7
1301,1304,-0.029647757500707448,3,25.836287697775596,25.09613599309121,3
1307,1308,0.006053303041982376,1,25.37645754725769,25.5554453924705,1
1309,1310,0.0010054493995055435,1,25.622743473557183,25.674128589069912,1
1312,1313,0.0037889673973185867,1,25.95322909409544,26.077518262082204,1
1315,1316,0.0027190362069652863,1,26.438719521989462,26.53704607715754,1
1320,1322,-0.005807684224198344,2,25.70332254937912,25.57974909104899,2
1324,1325,-0.00758174741045244,1,25.51616292237174,25.34822198313274,1
1328,1331,0.011966910347665331,3,25.341717188359244,25.670320963196588,3
1332,1336,0.010013798451366272,4,25.807252871679776,26.0914887533919,4
1337,1344,0.008155440943474094,7,26.183186802931573,26.422905423417763,7
1347,1348,-0.004441919955488047,1,26.39174223553038,26.30090397126981,1
1350,1353,-0.01873769728979555,3,26.27044794514385,25.804470691825557,3
1355,1356,0.00047863612204586316,1,25.59677401160198,25.63462232626338,1
1357,1361,0.004327453755665831,4,25.747138085945693,25.88430477343931,4
1362,1366,-0.0007994442662695044,4,25.87609002292811,25.881279621148735,4
1376,1380,-0.008902344452313225,4,26.7299989134682,26.518769254844017,4
1384,1385,-0.004911052532122899,1,26.667917355588617,26.5636177298886,1
1386,1387,-0.005768013400847417,1,26.587843477667963,26.46107228366681,1
1388,1389,0.001108129903798992,1,26.461824968652458,26.51760993317797,1
1390,1393,0.010769974601380721,3,26.637540900310444,26.95106408015034,3
1396,1398,0.004589905081648643,2,27.241617686642055,27.393895743780945,2
1399,1400,-0.0041231275837858485,1,27.3371663157464,27.251788857563152,1
1402,1403,-0.0016061079971382767,1,27.47368559189098,27.457033571342873,1
1404,1405,-0.0049375597906214505,1,27.553913583062656,27.44541840086373,1
1406,1407,-0.006986337822687799,1,27.47241323834869,27.307954091899454,1
1408,1410,-0.005146564642688549,2,27.28220703301954,27.16907959796191,2
1411,1412,-0.008218737381156164,1,27.169708723723303,26.973577731724237,1
1414,1424,0.011547267611676626,10,26.96611363907026,27.30446468334656,10
1425,1426,0.00607017655687481,1,27.468496005246912,27.66270312175582,1
1436,1438,-0.003729229527487304,2,27.87483748754722,27.798760658002298,2
1442,1444,-0.0019809299324103475,2,28.063389053296234,28.03586083496898,2
1447,1448,-0.005636620373711027,1,27.704708720525897,27.576252503624577,1
1452,1454,0.007211668364530496,2,27.649820609475466,27.87687176665924,2
1458,1462,-0.012787948678962203,4,27.568368846247047,27.243394329124786,4
1464,1468,-0.005287265730487863,4,27.082323515581294,26.966214398070957,4
1469,1471,5.770399567529014e-05,2,26.976824976659955,27.0053584722284,2
1478,1479,-0.000999436380687126,1,26.323245310158843,26.323260146448277,1
1485,1488,0.0034573177741263348,3,25.935618434838364,26.051221727870928,3
1491,1493,-0.010197853023162874,2,25.953800849137373,25.715081603534568,2
1498,1506,0.0026936527159548097,8,25.50397230771263,25.59817512429465,8
1507,1515,0.003677713736186922,8,25.683945705093105,25.8040878507173,8
1517,1518,-0.0008030582957102223,1,25.709631873801985,25.714695172519875,1
1520,1521,0.001806724000973911,1,25.71850442479589,25.790689168434117,1
1523,1524,-0.0012186218421106087,1,25.844793484395762,25.839143248035235,1
1525,1529,-0.01710194257046194,4,25.92712424822793,25.509647182565732,4
1532,1533,-0.0013234151587588848,1,25.364625161705384,25.35642185743185,1
1537,1538,-0.0019933221059726183,1,25.265503501636758,25.240406718490053,1
1539,1541,0.00851858131943009,2,25.356176357929204,25.597531184541964,2
1542,1545,0.0022966657426029863,3,25.64580469985139,25.730350345646876,3
1549,1550,-0.0009547685861452466,1,25.722285684906982,25.723449140256086,1
1553,1554,-0.005277678057760971,1,25.965726847121328,25.854653827133582,1
1558,1559,-0.0025522536565706602,1,25.749649829147472,25.709679841044764,1
1562,1564,0.002020294342980107,2,25.80085002757921,25.878776188961584,2
1565,1567,0.004341112031767414,2,25.938769590485414,26.0773114648344,2
1574,1578,-0.00042124460678168033,4,26.41924169682252,26.434531975439295,4
1580,1581,-0.010110747659857991,1,26.21394610742701,25.975117459273125,1
1583,1585,0.0014930763442749834,2,25.879200976949214,25.943719800713584,2
1589,1591,0.005967569011775217,2,26.18124240566424,26.36366201893972,2
1592,1596,-0.0070367793245280155,4,26.37622414632236,26.216996701736726,4
1600,1606,0.0004235527748773164,6,26.025399329276823,26.062447858709305,6
1608,1609,-0.010728303844949754,1,25.857379122409334,25.605830681672476,1
1612,1615,-0.00038054085799193917,3,25.285291847307743,25.3009550525009,3
1617,1623,0.0004027327582436849,6,25.493552498607475,25.529313139821276,6
1626,1631,-0.018647841865215193,5,25.26228130288129,24.81645655729346,5
1632,1635,-0.0327812561710471,3,24.7274281946819,23.94155946477554,3
1636,1639,-0.011200596470739437,3,23.813862986960892,23.570947380221426,3
1643,1645,-0.02621618565126827,2,22.91125498885196,22.333520529549524,2
1646,1651,0.0875243265525974,5,21.991892897316447,23.938710405668235,5
1654,1658,0.02965471439507803,4,24.269018088458623,25.012977906609304,4
1659,1662,0.06047503729226169,3,25.473438008503646,27.039418560038524,3
1664,1665,0.009716858432134257,1,27.187234234266803,27.478595974716715,1
1666,1671,-0.0288809429522782,5,27.79648525104311,27.021493031484933,5
1672,1675,-0.01621809862223156,3,27.064598231337804,26.65272650628223,3
1676,1681,-0.01598726182236321,5,26.407926577986366,26.01214406817634,5
1682,1689,0.014307641249380273,7,26.275009992410745,26.67721841919845,7
1690,1693,0.017455315522957593,3,26.989807758372137,27.487913176456864,3
1701,1703,-0.00833419925217841,2,27.802912854047296,27.59900075138476,2
1705,1709,0.0677928043270188,4,28.145413527866037,30.081615453391553,4
1715,1716,-0.003191367062689004,1,30.86929808661448,30.801652123539146,1
1721,1722,0.021344660340732468,1,31.39238011088634,32.09383218175126,1
1725,1726,-0.0002017013391832573,1,32.44025619956646,32.46615321264713,1
1730,1734,-0.028286975229996937,4,31.94294618453405,31.071319803223545,4
1737,1738,0.003452345575106131,1,31.07489246703593,31.213248627008436,1
1748,1749,-0.006810708569766632,1,30.394289468365297,30.2176771100795,1
1754,1756,-0.006850257377716259,2,30.56406568503029,30.385258034263437,2
1757,1759,0.011874740172396814,2,30.360270513245514,30.75115110766723,2
1760,1767,-0.020670533087079185,7,31.038329257306884,30.42778877468337,7
1768,1770,0.03325425994938237,2,30.314149824262017,31.352538592486813,2
1771,1772,0.025378862396677263,1,32.56168520005792,33.42062541335417,1
1773,1783,0.0008753212676609443,10,33.8767059591155,33.94023566627892,10
1791,1792,0.020149334402380186,1,31.12460532554344,31.78287001171546,1
1794,1796,0.017387171737233274,2,32.57990226077852,33.17895451882973,2
1797,1798,0.025591025379276915,1,33.893108218065976,34.79436071887515,1
1799,1803,-0.00251758346463988,4,35.119626451521356,35.0663294871342,4
1805,1808,-0.022056045471139926,3,34.89094637773965,34.15628102427886,3
1811,1812,-0.007159537720499362,1,33.450139782434384,33.2441023846885,1
1820,1824,-0.04354122842773852,4,32.2665276150719,30.893869893229194,4
1825,1827,-0.024267576763511794,2,30.63083221969004,29.91812697968815,2
1828,1832,0.023014876898396864,4,30.489993405951825,31.22220684422869,4
1835,1836,-0.005799458497293847,1,31.773198043224287,31.620703897889534,1
1838,1839,-0.01548159348485351,1,30.83393928090649,30.387414706703744,1
1840,1841,-0.006808809206036903,1,30.085281531083766,29.910521870759794,1
1845,1846,0.005344874362678994,1,29.98633463017424,30.176594155999947,1
1852,1857,0.018198558379537624,5,30.351436877832874,30.9341407106348,5
1859,1860,-0.0002346427458053505,1,30.748408339583992,30.771941856961632,1
1864,1872,-0.0330443973820388,8,30.886981879525063,29.89722715824573,8
1876,1879,0.008782195931277211,3,29.50622174785596,29.7948573901852,3
1880,1889,0.037491882993857556,9,30.017185590940827,31.172603586512228,9
1891,1893,0.013484877068441616,2,31.351224480966792,31.805343113518713,2
1895,1897,-0.006950082000624732,2,32.054997721311146,31.864267856339506,2
1899,1903,0.0073174067036773085,4,31.699660606818416,31.963319576453863,4
1906,1912,-0.024525524021757433,6,31.9287472031909,31.17760669387761,6
1915,1917,0.001379046370342401,2,31.3416350695383,31.41619827269108,2
1918,1924,0.05208552721646114,6,31.453979364124244,33.12373044172447,6
1926,1934,-0.005479959832102782,8,32.57208178770902,32.426160169652114,8
1936,1940,-0.02212061771330613,4,32.28091117920721,31.599118394753983,4
1941,1946,-0.009236878419016631,5,31.65554267875539,31.39479982242249,5
1947,1950,-0.007488791080166505,3,31.33211524647141,31.128807696537358,3
1951,1962,0.04276595032827875,11,30.972410903453007,32.32794790060057,11
1965,1971,0.026727137845713768,6,33.22330566029186,34.14449283602505,6
1972,1973,-0.004332909210596691,1,34.29735883217512,34.183048849024225,1
1975,1979,-0.0036704393539115617,4,33.92064671877729,33.83006368886934,4
1980,1982,-0.007617676260264891,2,33.79041380657588,33.56679978730357,2
1985,1987,0.0026157740532247176,2,33.157929420664715,33.27782100152261,2
1988,1989,-0.0013448503322450863,1,33.48068455063106,33.46913872543998,1
1991,1995,0.012308148878172241,4,33.31922503351677,33.76264224076814,4
672,674,0.0010875419301868065,2,27.038127573105463,27.09457079812806,2
678,680,-0.011386325992222484,2,26.74806126813197,26.47024718414121,2
683,684,-0.001094722376819931,1,26.263343084533663,26.26085535825346,1
695,696,0.0036712741913287788,1,26.85592688116416,26.981378279288354,1
698,703,-0.00011264827058110084,5,27.107830660693857,27.131884841111418,5
706,708,0.004425218986969874,2,27.609614095424465,27.759402298037873,2
710,715,-0.015984087684128255,5,27.634638872891934,27.2205590209013,5
717,718,-0.0037815380248881836,1,26.889284847143472,26.814491278879093,1
719,720,-0.0017378749033038236,1,26.651255427214878,26.631590134693596,1
726,727,-0.003853055181430081,1,26.377167104738678,26.301911591459056,1
730,732,-0.009172054289191121,2,26.111147351600007,25.897765637889663,2
736,738,0.002815409762057823,2,26.509318949755528,26.61046286406193,2
740,746,-0.0014780251940322304,6,26.3793712733562,26.366761269284805,6
750,751,-0.004849724899872837,1,26.387954690423317,26.28636832419488,1
754,759,0.00633210822042287,5,26.260022349360785,26.45256367509702,5
765,767,-0.0027797295350369287,2,26.985439567443702,26.93741278362957,2
770,771,0.0025056061545663797,1,27.047713955679342,27.142532588189322,1
772,773,-0.0018489207748103866,1,27.1635842956166,27.14052456458974,1
778,779,0.0038226500121659795,1,27.44588517955218,27.578247078047255,1
780,784,0.004189719563987573,4,27.782937609256308,27.92712326411211,4
786,789,-0.000952278636575431,3,28.176451604249728,28.17779622293675,3
790,791,-0.006840958071695491,1,27.996545410051937,27.833018762159504,1
792,795,-0.007756046201626621,3,27.798612238331746,27.610803529708473,3
798,799,0.0019474711173289557,1,27.94500880975294,28.02737591609319,1
801,802,-0.0011152240631849284,1,28.12485039643069,28.121609736891546,1
808,809,0.0021535202410207063,1,28.52458335070809,28.614536201671232,1
812,816,-0.00561505560547859,4,28.69143550061416,28.55902293037782,4
817,820,0.0007017684322317011,3,28.44684456216589,28.495254504238385,3
826,828,-0.004708999750402388,2,28.546789172832618,28.440909138915792,2
830,836,0.004388198794333733,6,28.205464021331423,28.357440668564784,6
837,841,0.006669761345944672,4,28.48783654649515,28.706331454069048,4
843,844,-0.001996025030811129,1,28.68006220192415,28.651496142085815,1
845,847,-0.00034384906399394547,2,28.595969687199194,28.61473295947545,2
848,851,-0.014832901239136657,3,28.555336839833345,28.16033368547765,3
854,855,0.0005143902987173026,1,28.09269647977432,28.1352397867881,1
857,859,-0.0055856535437913205,2,28.049387011766537,27.920762240814856,2
861,863,-0.003268169753689455,2,27.808469242943936,27.745394914110687,2
865,866,-0.005269463486171269,1,27.807574184785008,27.68885076216407,1
872,873,-0.0016554025292686916,1,27.91486255781184,27.896567086287263,1
874,877,-0.011305042920695303,3,27.89863433554168,27.61113771128514,3
878,879,-0.006498722164431359,1,27.57454890460389,27.42292412136795,1
881,883,-0.0020974476965557997,2,27.182544347888694,27.152712927207578,2
884,886,-0.002296849651340904,2,27.187609409644878,27.152351167861188,2
888,894,-0.01320290126286269,6,27.27041484583406,26.937636666073043,6
895,896,0.004970039296115503,1,27.146688513683202,27.308755310869298,1
899,900,-0.003498613440653843,1,27.30364082726509,27.235419583315302,1
901,903,0.001793614703145578,2,27.364521785735555,27.440967716140733,2
904,905,0.00033826640054360115,1,27.55029139556112,27.587161024860986,1
906,907,-6.875897059211247e-05,1,27.59007195081473,27.615764957819643,1
911,912,-0.0002445086740516298,1,27.896444938662114,27.91752046083807,1
913,915,-0.013753107025375997,2,27.920182983956373,27.564113902193895,2
917,918,-0.002019980149959146,1,27.39654480775646,27.36860087587508,1
921,922,-0.002650696212911724,1,27.31844859322122,27.273354133585766,1
923,927,-0.00520363072099656,4,27.212991732365627,27.09859836430923,4
928,929,0.00167080543043315,1,27.177037446138293,27.249622025332524,1
930,933,-0.002825238620346519,3,27.327679767538037,27.277800231021864,3
937,945,-0.027466543851220472,8,27.251278496658045,26.530031339324424,8
950,952,-0.0050698601678863175,2,26.73319974922796,26.62439936440843,2
954,955,0.0004382981628988801,1,26.57216717458189,26.610385873813332,1
961,966,-0.016197084583336272,5,26.822045724129563,26.414428826561853,5
967,970,-0.003839822328781618,3,26.450747764006596,26.3756323398934,3
972,976,-0.005181512584411129,4,26.226857595376774,26.117189660292148,4
980,984,-0.015035775553884464,4,26.1445641268736,25.777604892834663,4
986,991,0.013840909589645435,5,25.898321644460157,26.282676294509148,5
993,997,-0.003399662341080236,4,26.406109025292626,26.342743279890172,4
998,1005,-0.008023261433017756,7,26.24120971876993,26.056910842596363,7
1006,1009,-0.003021650521725002,3,26.093181065146478,26.04042977203266,3
1011,1014,0.010889789904099115,3,26.268489292749766,26.58081611153864,3
1016,1017,-0.00010361486675751052,1,26.896933066308023,26.92104307723848,1
1018,1019,0.003849633554426234,1,27.010217342661484,27.1412069989988,1
1023,1025,0.002663894942546912,2,27.647403484228565,27.748700666028984,2
1026,1027,-0.0035225605115728927,1,27.63278261315606,27.563077246911234,1
1030,1033,0.010451668224032751,3,27.75339156955213,28.071214201898307,3
1034,1038,0.007311366072896332,4,28.1469723798097,28.380912171102,4
1039,1040,-0.0018438838569959258,1,28.437620970657115,28.41362292138861,1
1045,1054,-0.020253821997776984,9,28.406785941908147,27.859846741853694,9
1055,1060,0.024525566204418144,5,27.95577256881237,28.669359492313248,5
1064,1073,-0.027101076381912295,9,29.48286627102587,28.713331726528118,9
1074,1080,0.015867420579079822,6,28.673634074972124,29.157284320445314,6
1081,1085,-0.019972174959722134,4,29.253316523036386,28.69831748380921,4
1087,1092,-0.003835036084631485,5,28.45974332499408,28.37905892570837,5
1093,1094,-0.008792416988466993,1,28.27611402665361,28.055774755344483,1
1100,1102,0.0013730299075110381,2,27.859489931058068,27.92560133387247,2
1103,1104,-0.0009882081043605352,1,27.973978077499527,27.974307943729638,1
1108,1109,-0.0001515805048906986,1,28.198033169777624,28.2219569308426,1
1111,1112,-0.0061952078248666284,1,28.173605138975482,28.027237405102774,1
1113,1114,-0.009370090567620518,1,27.82960652752078,27.59667020042419,1
1117,1119,0.0024124122326131736,2,27.06908347118122,27.161454342743905,2
1121,1122,0.0007583518772024006,1,27.34771594984869,27.395802857526306,1
1124,1126,-0.0027478618629047805,2,27.58806539004946,27.53984526268287,2
1129,1131,-0.0034292518355267714,2,27.70216444500551,27.634868911179417,2
1134,1138,0.009301146897430414,4,27.54667096383192,27.830433267965535,4
1139,1141,-0.0005711692379627997,2,27.872463659307233,27.884416229138107,2
1142,1143,0.003699278966925462,1,27.992926654632473,28.124473226083275,1
1152,1153,-0.001906375745868191,1,28.683219542225686,28.6572217677192,1
1155,1156,-0.0010035337883957949,1,28.608131174481667,28.608030079399697,1
1159,1162,-0.009067604551117086,3,28.39888860401625,28.16977760106782,3
1163,1164,-0.009312014874657527,1,28.21223697537492,27.97773644198824,1
1169,1172,-0.005747963885906561,3,27.78891285267106,27.656972098017974,3
1174,1176,-0.014222950328733185,2,27.477965710093557,27.114625934374356,2
1180,1181,-0.005954512614781915,1,26.876936965191717,26.743774841950977,1
1183,1186,-0.00364922206998072,3,26.742955125608574,26.672107098673308,3
1187,1188,-0.0009277823670827963,1,26.75201707641712,26.753949043766138,1
1191,1193,0.0018850247360645733,2,27.071637400543032,27.14973974408937,2
1197,1204,0.002735499295934759,7,26.870550765575768,26.970925689041955,7
1205,1206,-0.003337197018963429,1,26.983288924537323,26.920223662101066,1
1208,1209,0.0025864802235363417,1,27.130661936319346,27.227965518805405,1
1210,1212,0.004309545692727317,2,27.47172096747646,27.617583325211132,2
1214,1217,-0.004990971465282599,3,27.57365597558606,27.463610301393977,3
1219,1221,0.008422969113789504,2,27.694780403448632,27.95574746380351,2
1223,1228,-0.0163578011852925,5,28.042761296830086,27.612086144146755,5
1235,1239,-0.010671783938629036,4,27.75084748537703,27.482447284384616,4
1242,1244,-0.00021259042360439746,2,27.53618684495135,27.557869102170482,2
1245,1248,-0.02268105587198727,3,27.62904750141697,27.03002057884896,3
1249,1250,-0.0047329793041058065,1,26.92455062996148,26.824041839687485,1
1251,1252,-0.004226972440202889,1,26.744502507005876,26.65819873448883,1
1253,1255,0.00042253966078962765,2,26.59431465603796,26.63214612338769,2
1259,1261,0.005895645641276946,2,26.401263582766568,26.583317340915276,2
1267,1269,0.0036795144588859015,2,26.989032571714596,27.115328139865277,2
1270,1272,-0.009020483986738846,2,27.113902081751686,26.89643546428699,2
1273,1282,-0.021616654626554876,9,26.921207147862802,26.366181917965374,9
1285,1286,-0.0006205559396780004,1,25.986206436786155,25.996066748468895,1
1287,1288,0.000534727124932354,1,26.00739760792231,26.04731186648009,1
1290,1292,-0.0030857897672869365,2,26.159212681926387,26.104650063794143,2
1293,1294,-0.0032742521345627334,1,26.130958023003423,26.071529635941438,1
1295,1303,-0.02388810326193631,8,26.031834079325204,25.436014772820016,8
1307,1308,0.005643285243541412,1,25.373431712294007,25.541994656766295,1
1309,1313,0.018401156361924183,4,25.59113479253203,26.087632400121024,4
1314,1318,-0.013625370525074437,4,26.351957455751688,26.019254228811825,4
1319,1321,-0.005950737805856361,2,25.789280005734778,25.66160404222457,2
1324,1325,-0.008843309846577139,1,25.53436804092032,25.334094080638845,1
1328,1333,0.022802877476811773,5,25.329674426910465,25.932593563821747,5
1334,1336,0.004158918876748757,2,25.963712035664393,26.09765671979565,2
1337,1342,0.004689301478587192,5,26.161748839767483,26.310590916124,5
1348,1356,-0.03130115216633808,8,26.385085720078663,25.585587222752686,8
1357,1364,0.0020721384481260942,7,25.73245981482963,25.81151349399163,7
1365,1366,-0.0048442990653743655,1,25.90780054767985,25.8082032142485,1
1370,1376,0.017073159737552947,6,26.18245438374745,26.655654064146113,6
1378,1379,-0.00515882566413246,1,26.686378477189226,26.57539448149554,1
1380,1386,0.0007573200417592097,6,26.52493380905269,26.571546606841675,6
1387,1390,0.0035031677635165605,3,26.48153549242161,26.600786289379503,3
1398,1402,0.00030206178270561056,4,27.384435020302156,27.420091246583077,4
1404,1405,-0.0015516085338014834,1,27.500619320365775,27.485449744063835,1
1406,1409,-0.011126860127035943,3,27.476892050220844,27.19863740770259,3
1410,1414,-0.009126364730835747,4,27.16429116327935,26.943544225631925,4
1415,1416,-0.0005467528069656169,1,27.07647894523386,27.08875128331304,1
1418,1419,-0.003957656003604713,1,27.12651432177226,27.0462834238316,1
1422,1423,0.004596988323202035,1,27.077804764130246,27.229358921213027,1
1426,1429,0.006355281873216977,3,27.64590134028101,27.849244737277925,3
1432,1433,-0.0030722137036710445,1,27.987916341998524,27.929919398217436,1
1441,1442,-0.0011865027476055988,1,28.007930555136912,28.002706999133633,1
1444,1446,-0.009419871157102935,2,28.04365005671691,27.80752613646447,2
1447,1449,-0.0029971800901162607,2,27.652401867900757,27.59717504144629,2
1450,1457,0.011426332954478646,7,27.559662275342927,27.902127814889322,7
1460,1461,-0.003977184849960071,1,27.470333309775476,27.38854904962226,1
1463,1465,-0.005868528718801716,2,27.146400784453174,27.014237752621963,2
1466,1469,-0.0009295946534444981,3,27.034681743702944,27.036585129840127,3
1470,1471,-0.0011320950205034003,1,27.037919091455183,27.03434751697843,1
1472,1474,-0.003504701290254073,2,27.03156630976247,26.96386031074882,2
1475,1483,-0.03473713425729335,8,26.781679557582404,25.878142438712437,8
1485,1487,0.0013694736119549103,2,25.91826884703253,25.979681501133125,2
1489,1493,-0.012978417194647485,4,26.008608887063065,25.697066919161408,4
1495,1505,0.008561993684262734,10,25.379605168821396,25.622284793154748,10
1509,1512,-0.006523575717865741,3,25.864129115827495,25.721266640279566,3
1513,1515,0.006216779142874318,2,25.63441914974946,25.81941709120907,2
1517,1518,-0.001625997047555275,1,25.708128259907117,25.692035047518242,1
1520,1521,-0.00335521917543154,1,25.75777427452005,25.697109070632262,1
1523,1524,-0.001023977917763837,1,25.862313993179626,25.861693868741515,1
1525,1532,-0.02182333034768576,7,25.909427460275023,25.369906893150315,7
1533,1539,-0.0011569409624424788,6,25.394201898954936,25.390216508468455,6
1540,1547,0.004561493364148142,7,25.520942516803807,25.662877069257817,7
1548,1549,-0.0014106525968306314,1,25.692939744313087,25.68238887188687,1
1552,1555,-0.0022952920808688207,3,25.863341503102138,25.829840921668364,3
1556,1558,-0.005041452140622261,2,25.825384453691147,25.721012398408384,2
1559,1561,-0.0019500680949149014,2,25.7039001416661,25.679479686226625,2
1562,1566,0.006491135855032915,4,25.830276971445294,26.02377508541152,4
1567,1569,-0.0011332360482659383,2,26.197176145927898,26.193685737702488,2
1570,1571,0.00030329659802285367,1,26.25504883591745,26.289266951746225,1
1572,1574,-0.0010486643868483103,2,26.42832453120278,26.42703841299404,2
1577,1578,-0.0005082981884085841,1,26.503738830392262,26.51677076678911,1
1592,1603,-0.012234612647843746,11,26.436129152963222,26.13912948202131,11
1604,1607,-0.013658721567328159,3,26.186575278546595,25.855086713293595,3
1611,1613,-0.0025768269396605316,2,25.345753463556676,25.305787596689346,2
1616,1624,3.9503436432898695e-05,8,25.39976827617268,25.42617142258036,8
1626,1629,-0.010986481190911987,3,25.27327118073792,25.02088013345866,3
1630,1635,-0.04338717551156546,5,24.986103806189274,23.927013438806135,5
1636,1637,-0.004313109621104899,1,23.78896189399441,23.71014645546732,1
1640,1642,-0.015177114300694634,2,23.435258009021993,23.10301367756182,2
1645,1646,-0.018103999273174912,1,22.346985656703055,21.964762830273155,1
1651,1652,0.0059403334848539,1,23.95032169451091,24.11654491414035,1
1653,1654,4.75976234183724e-06,1,24.2269348263956,24.25127707567404,1
1658,1659,0.014959447135275142,1,25.06223675771882,25.462216200345384,1
1662,1663,0.0019338327049392505,1,27.043207995913058,27.122548243977942,1
1665,1669,-0.027105340623137637,4,27.517066525023687,26.798724130438405,4
1675,1685,-0.0073921911828534435,10,26.659826999131738,26.48941228805149,10
1686,1687,0.004869855110689807,1,26.40091472660569,26.555884270840544,1
1691,1698,0.02866731405319148,7,27.110633560011053,27.914933240016893,7
1701,1702,-0.009965858817624414,1,27.86701686386062,27.617165124990887,1
1714,1717,-0.01132752341308985,3,30.685931359475187,30.36902168490774,3
1719,1723,0.06103109971432431,4,30.49493152980358,32.38656566831032,4
1724,1731,-0.02051354479941633,7,32.29990236004054,31.669616768321116,7
1736,1737,0.006055652488345206,1,30.911796841956086,31.129899738263255,1
1744,1746,-0.02299122705386784,2,31.18614397522391,30.50032240213015,2
1747,1750,-0.00697644716808562,3,30.400810806622662,30.219121966969915,3
1753,1754,-0.003942014062675608,1,30.552196968053043,30.462311974927395,1
1755,1756,-0.0023053010911437306,1,30.444267308385854,30.404528373049146,1
1757,1758,0.0019161012206420293,1,30.37712232640779,30.46570508990342,1
1770,1772,0.0636355425937211,2,31.404448381434268,33.43429194242478,2
1775,1779,-0.0076786321285078315,4,33.86964876800245,33.64344584355919,4
1781,1786,-0.04913784085962499,5,33.56070812495276,31.94516809809746,5
1788,1791,-0.03519790068317612,3,32.164438610857374,31.06448233371316,3
1794,1800,0.07464489370844139,6,32.530852144824365,34.99164499756463,6
1803,1807,-0.01914154184276872,4,35.05529302638228,34.41933596113365,4
1809,1811,-0.014959021912307954,2,33.90260083773841,33.42935368976019,2
1812,1816,-0.001346807118406789,4,33.328304703479695,33.3167462101641,4
1824,1828,-0.01618815193576176,4,30.995043332706974,30.5242859053143,4
1831,1832,0.012683432238305307,1,30.82782424270892,31.249654686788414,1
1833,1834,0.012563256284189306,1,31.514440545195406,31.941878978962738,1
1835,1841,-0.061044796196016236,6,31.86367679676985,29.950428817452075,6
1842,1844,-0.003890781240713989,2,29.954596145046,29.868003960436738,2
1845,1847,0.005830103945349836,2,30.005384255642788,30.21032414902899,2
1858,1863,-0.0017336727275352975,5,30.815693041248224,30.79308440768376,5
1866,1873,-0.03398416123593848,7,30.74576402366668,29.731640785787942,7
1874,1879,0.001431394008325136,5,29.72267473396786,29.794942267227427,5
1881,1884,0.002682323165816323,3,30.298675802159448,30.410245317959298,3
1888,1890,0.007488214672368537,2,31.0328517479773,31.29626525550992,2
1892,1896,0.005929793271837516,4,31.723321155576222,31.943157213080475,4
1898,1899,-0.003417805331937181,1,31.782037800354022,31.705195019900497,1
1901,1908,0.005731874855282097,7,31.775817450166656,31.989728276665467,7
1909,1914,-0.01759497372851621,5,31.759787204094298,31.232734369819088,5
1917,1918,-0.003784551830745034,1,31.51245434846316,31.424706286015876,1
1919,1922,0.04446477435200324,3,31.633093237180773,33.07128468326508,3
1923,1924,-0.0038992406449024643,1,33.18748989886351,33.091271379246436,1
1927,1930,0.003476452223451015,3,32.58440270906127,32.73026523101807,3
1931,1932,-0.004819421488210671,1,32.649685176715295,32.524982267568035,1
1934,1935,5.60784441346919e-06,1,32.358244617618055,32.39078432223698,1
1940,1941,-0.0005393468252113984,1,31.63662268488988,31.651196195569263,1
1943,1944,0.0004743244431539061,1,31.481337075113633,31.52775077986664,1
1945,1951,-0.0175863899298445,6,31.45153768198696,30.929870214100326,6
1954,1956,-0.004752423772442742,2,30.761405648602185,30.645975818772616,2
1958,1960,0.0239907341989197,2,30.930769896038978,31.703752545078835,2
1964,1965,-0.0004517686099437502,1,33.19620366853006,33.21440286941185,1
1967,1968,0.010154041699818272,1,33.76075870281985,34.137327613208605,1
1972,1975,-0.013812451745369946,3,34.29904736779722,33.85959247848516,3
1980,1981,-0.0026278826442853705,1,33.73896717422869,33.68404409512965,1
1982,1989,-0.004435832209852277,7,33.555396400169826,33.44010568840376,7
1991,1992,0.0008855478771654271,1,33.276438491225626,33.33918280918238,1
1995,1998,-0.0005728230782169653,3,33.821643469535225,33.836091295082184,3
673,675,-0.0029008266375654137,2,27.0452141459824,26.993805882515055,2
676,677,-0.006246657617011726,1,26.97836936854576,26.836823101403724,1
679,680,-0.006868003838734687,1,26.621073937649932,26.464861373592562,1
681,683,-0.004013792912603558,2,26.312688297222117,26.233387303720402,2
684,687,-0.005052869562794216,3,26.221094419421764,26.114823743946136,3
689,691,0.0036519324807602624,2,26.388324399839185,26.511081103227635,2
692,693,0.0010645101380434814,1,26.648540638742784,26.703556821055532,1
697,701,-0.008109406044936967,4,27.132281472031437,26.939387066121245,4
711,713,-0.00251720031998397,2,27.38494932628439,27.343400872403805,2
719,721,0.002023449101367098,2,26.65029737986008,26.730873197524385,2
724,725,-0.010001180284394496,1,26.674093418613754,26.43399509483003,1
728,733,-0.011734360773868871,5,26.24170021364669,25.960012336233696,5
735,740,-0.00018667565137842805,5,26.306796218457407,26.328192176356104,5
744,747,0.002359753836335134,3,26.241547921308545,26.329713062608533,3
750,751,-0.005101554842625504,1,26.368684214627272,26.260531610193105,1
753,754,-0.0013622191239947084,1,26.214884821668356,26.20538928905263,1
758,763,0.016973160606516803,5,26.412837528102642,26.887559699069065,5
765,767,0.00038559380133630964,2,26.892528501957752,26.929790622752325,2
768,774,0.004455037652095599,6,27.04180306025658,27.189317114130834,6
779,780,0.004769254334384939,1,27.556076729273176,27.71505474438218,1
784,785,0.0029188302446445736,1,27.88754452163886,27.99683107455913,1
789,792,-0.012949049825726627,3,28.17891328236373,27.842202043517936,3
793,796,-0.002725753690715213,3,27.730845450065267,27.682988841183164,3
799,805,0.012877715096191414,6,28.10761944867865,28.497688983419582,6
808,816,0.001581150409922934,8,28.529850008491096,28.603489842535552,8
820,823,-0.0028226652854036953,3,28.504666244566835,28.452711778930844,3
824,825,-0.006699351516925546,1,28.68215408729923,28.51868440889309,1
829,831,-0.010519808125913934,2,28.33808037553374,28.06830728770193,2
832,834,0.0027390020479336127,2,27.899502910743333,28.003819209262932,2
835,847,0.012775137214876702,12,28.20142009482415,28.589898526284735,12
854,855,-0.0006907844381414741,1,28.10035005732112,28.109039122852515,1
860,862,-0.004861554531109273,2,27.84532467037731,27.737798430726205,2
864,873,-0.0032736882810888656,9,27.938924066140768,27.87539966190535,9
875,878,-0.0101909450532821,3,27.800190850023167,27.54468082344985,3
882,883,-0.005272702461490446,1,27.241146441886972,27.1247531284309,1
885,886,0.0002664011409401995,1,27.130251528305156,27.164609309794596,1
893,896,0.0074510999638689015,3,27.07172827094255,27.30051415275498,3
898,903,0.001417366395011633,5,27.366522966340824,27.43267787930797,5
910,911,0.0011129472775216918,1,27.817418569373217,27.876195308207055,1
913,914,-0.007394845221035311,1,27.855034689614836,27.67690605414818,1
917,921,-0.006573507897631693,4,27.45066630037968,27.297669794959262,4
922,925,-0.009792319085146748,3,27.312405126638808,27.0722657457826,3
926,927,-0.0010816697164921464,1,27.07910442020455,27.076892877423692,1
928,929,-0.0022440252167600754,1,27.255041094889368,27.221135136483493,1
930,931,-0.004671907494047513,1,27.341479439022674,27.24108405577218,1
932,937,-0.0014519258929865688,5,27.21174550696182,27.199447814573862,5
939,942,-0.009011704350493144,3,27.11080399513926,26.893600248826036,3
946,947,-0.001999403569750729,1,26.356773007844687,26.330431954813537,1
951,955,-0.0026425877657501656,4,26.67938572385706,26.635562491269322,4
958,959,-0.0022808621180281843,1,26.814940595017596,26.780594353412262,1
965,966,-0.00165971454250971,1,26.490314317299813,26.472838271709037,1
968,970,-0.0032135811562001943,2,26.444813045404825,26.38627530556828,2
971,977,-0.004708942134174075,6,26.24178701955349,26.144457750000647,6
979,980,-0.0017999403246174873,1,26.1575526255916,26.136628144453084,1
981,982,-0.0051554993225584895,1,26.159122129064727,26.050417914778674,1
983,985,-0.007775823791325509,2,25.899580673926852,25.724089679011104,2
987,995,0.01353445217035746,8,25.969341315513308,26.346791464759324,8
996,1000,-0.005283165061110345,4,26.250564573362198,26.13812907234715,4
1001,1003,-0.005623235118880337,2,26.059820166631457,25.93933949084538,2
1004,1007,0.001278541300463125,3,25.975654106752046,26.034840707440825,3
1008,1012,0.011046926489349684,4,25.992410489661594,26.30553914811155,4
1015,1018,0.006722738969063817,3,26.785822754231432,26.992682671433972,3
1019,1020,0.004744018984265481,1,27.14534896796342,27.301272367769915,1
1022,1029,-0.0024425153258877206,7,27.631265705807298,27.591407181552995,7
1032,1034,0.007450139405877367,2,27.937955520469547,28.174035139332716,2
1037,1041,0.0020000547185851226,4,28.272474407905875,28.35729337815939,4
1043,1050,-0.02203518407788654,7,28.51990881669217,27.91998728484851,7
1052,1053,-0.0025843144780384325,1,27.805400666405312,27.761348167561867,1
1055,1058,0.012936861185650458,3,27.913589621220346,28.302617444964508,3
1059,1064,0.03583079744124851,5,28.442674718280397,29.490241109516703,5
1065,1067,-0.005136149303063672,2,29.37821788432019,29.256705188892706,2
1072,1082,0.012121252464515331,10,28.82150799712514,29.199682279963465,10
1088,1089,0.0006179669556767374,1,28.426523045167226,28.47251622011909,1
1095,1096,-0.00011923126198955085,1,28.00125932528053,28.02592195911916,1
1101,1113,0.000779870727349291,12,27.80318857686753,27.85267465834247,12
1117,1118,-0.0003095608028282368,1,27.12474604220622,27.143474030087088,1
1121,1122,0.0027252645801915235,1,27.322347611457285,27.424130585261928,1
1124,1131,0.0011168248065813883,7,27.545986286852752,27.604296313946513,7
1132,1133,-0.00127209773953708,1,27.543499153952087,27.536004630093355,1
1137,1138,0.0036031632422745047,1,27.714932314437178,27.84250867212912,1
1139,1147,0.012623454191960752,8,27.850959899966455,28.230386176365784,8
1149,1153,0.0047092980494954344,4,28.50541940783963,28.668165343264857,4
1155,1158,-0.01014842028884769,3,28.638776184916996,28.376776623819133,3
1159,1161,-0.004326800926222176,2,28.389359538088065,28.2949137904819,2
1162,1163,-0.004208674758435532,1,28.203219113317314,28.112724156041786,1
1165,1168,-0.0030554228240303703,3,27.91439767956396,27.857021789454325,3
1171,1173,-0.003735064079687264,2,27.7163448646093,27.640538885349883,2
1182,1185,-0.0032057171040214844,3,26.738604845164605,26.679627047119954,3
1190,1192,0.005242354078140323,2,26.971479479551466,27.13984500447412,2
1201,1205,0.0016162802332972594,4,26.871723309426038,26.942027267955122,4
1206,1207,0.0009295533234298407,1,26.948043023379537,27.00004070935523,1
1208,1211,0.011330110822428432,3,27.126065444258078,27.460532837362226,3
1212,1215,-0.009165815094021826,3,27.72379213875684,27.497404778446654,3
1217,1220,0.009444672575135728,3,27.43999944816426,27.726601257862242,3
1231,1232,-0.002283937825984869,1,27.692162848273494,27.656607832909263,1
1234,1239,-0.010058594416629804,5,27.72765094880138,27.476477404730307,5
1241,1244,0.005126223035429936,3,27.459644070077434,27.62786797412425,3
1245,1248,-0.023386689826883904,3,27.59412726383052,26.976386095731584,3
1249,1253,-0.01684311176653157,4,27.00624315446207,26.5783802257718,4
1254,1255,-0.003125165968772856,1,26.639149302016698,26.582536688482993,1
1256,1257,-0.0053855287200280915,1,26.518059678436842,26.401763966117638,1
1258,1264,0.019334391651923154,6,26.354010108248836,26.88990287138871,6
1267,1272,-0.003762700469194586,5,27.012850913739065,26.938222497845395,5
1274,1283,-0.019721330374721246,9,26.71249602329192,26.212402560106444,9
1284,1285,-0.0053414504330145775,1,26.08503684707219,25.971789952557266,1
1289,1290,-0.0014691482687154132,1,26.125531191792255,26.113274444064356,1
1291,1296,-0.00988971370683956,5,26.173671697187487,25.94099524914268,5
1297,1299,-0.005803583583565167,2,26.03695765696748,25.91188695460049,2
1300,1301,-0.0061290126660369995,1,25.97157566079375,25.8383671202726,1
1304,1306,0.001621784408794005,2,25.14961213006618,25.215548991036005,2
1307,1309,0.008501677673824284,2,25.357302485431617,25.598239400325852,2
1313,1314,0.005348702007551256,1,26.106639026303167,26.272382297899874,1
1315,1317,-0.0047549826746767585,2,26.45250061086582,26.35317192937014,2
1322,1323,-0.003459105282353868,1,25.618573648212696,25.555574878428004,1
1324,1327,-0.006871753368583712,3,25.567155760680834,25.41703172771795,3
1328,1330,0.004751632937724743,2,25.341055952317618,25.486808404409693,2
1332,1333,7.989300654118766e-05,1,25.85973527310625,25.887661020378683,1
1337,1342,0.008190224331603595,5,26.109712312432418,26.349666425817304,5
1343,1344,-0.0018648155091389616,1,26.449259212497186,26.42638548292498,1
1345,1351,-0.013182228532640314,6,26.444325552174632,26.1221747349065,6
1354,1355,-0.0030207265460058387,1,25.644135897033934,25.592316110877416,1
1363,1366,6.288058658677066e-05,3,25.836991340055512,25.864452976566668,3
1369,1370,0.001932661234328606,1,26.099251362907278,26.175791625624274,1
1372,1374,0.011950545439619775,2,26.34537256138699,26.686559505866946,2
1378,1379,-0.005292411543084837,1,26.6535587648708,26.53915072156418,1
1381,1398,0.02394034261870642,17,26.650648884036098,27.315325198214804,17
1402,1406,-0.004243455146767168,4,27.47444972720126,27.385337581828974,4
1408,1409,-0.003562696447166262,1,27.328998792153588,27.258962864044324,1
1411,1413,-0.007616118658446308,2,27.127605567503803,26.94812611014967,2
1414,1423,0.007720886754712382,9,26.981000766772063,27.21629901898789,9
1425,1426,0.0059037731408059435,1,27.45365422354211,27.643188024187573,1
1429,1438,-0.0016949645759067936,9,27.85570551451429,27.836346785944812,9
1439,1442,0.007318309265503998,3,27.86859970289059,28.10041933401577,3
1443,1451,-0.01709830496871995,8,28.00852507339349,27.55763529503796,8
1452,1453,-0.0010823959381747426,1,27.718863455703286,27.716579533943715,1
1454,1457,-9.674948720164408e-05,3,27.82447348638483,27.84960595632975,3
1458,1462,-0.016621777572624036,4,27.636255516151603,27.20452807953808,4
1463,1464,-0.006630193823002925,1,27.18658740927692,27.03352165277668,1
1465,1466,0.002981200471561283,1,26.881325913277504,26.988345860679637,1
1467,1469,-0.0017787175343055854,2,27.00189945288221,26.980872600318694,2
1470,1473,-0.0018509704149672897,3,27.04178569138688,27.018773931795625,3
1478,1479,-0.0003332259931780832,1,26.379725854216318,26.397315169722997,1
1480,1483,-0.019366972521991554,3,26.445981492755607,25.960248877361067,3
1485,1488,0.0017594792755368472,3,25.892007869800736,25.963456328919488,3
1495,1496,-0.002473157318521724,1,25.415515086289883,25.378074034236516,1
1497,1499,0.004214564060573921,2,25.476589707704594,25.609439016780378,2
1507,1509,0.004424445596048851,2,25.658287419481145,25.797469403675905,2
1515,1516,-0.0027031343307751077,1,25.846391204638525,25.80237132845126,1
1526,1527,-0.005299034397001061,1,25.904740735950078,25.793375364480834,1
1528,1530,-0.00764987823633086,2,25.65535190242367,25.484746936162335,2
1531,1532,0.001080439014545799,1,25.3759971991409,25.428790413747,1
1534,1535,-0.004409716355678426,1,25.376163300921874,25.289637781870354,1
1539,1542,0.007927508578532257,3,25.396125557786426,25.622849686565047,3
1546,1548,-0.0071139636507406385,2,25.777621712177794,25.620018270026996,2
1550,1553,0.005473394666248089,3,25.735198420694033,25.90179251688539,3
1556,1557,-0.006096554220376817,1,25.827771942683054,25.696139302585642,1
1558,1561,-0.003436746007300905,3,25.74649861871422,25.68376094100309,3
1563,1580,0.010551838077584481,17,25.881431572806427,26.18040967955157,17
1581,1586,-0.0015875110022681854,5,25.981917782464404,25.96665311990718,5
1587,1591,0.010881873459409722,4,26.058944470833232,26.368573551521457,4
1592,1595,-0.003137959401519811,3,26.42675618758782,26.370256855744895,3
1597,1599,-0.00864226421575885,2,26.17722510218811,25.977171831521794,2
1601,1603,0.00372409695598434,2,26.105674004602456,26.228999739701518,2
1605,1606,-0.0018540901459884829,1,26.126990194611757,26.1046753897422,1
1608,1612,-0.02069576013528345,4,25.787259924041756,25.27936023803162,4
1616,1618,0.004025737636567126,2,25.40907976317643,25.53677913165276,2
1620,1621,0.0036627495714126393,1,25.534343265258475,25.65340351337486,1
1622,1626,-0.01003488396047594,4,25.518889977453686,25.28832976770724,4
1630,1637,-0.05292290588244604,7,24.934747010844124,23.64006248859746,7
1639,1642,-0.020410864614275902,3,23.58378258927404,23.126000978341125,3
1643,1652,0.04710576475859311,9,22.964930736517413,24.069676292225704,9
1653,1659,0.05095987184481992,6,24.246915340036992,25.506781953737512,6
1660,1662,0.036279833769506525,2,26.03493954329466,27.005517761667836,2
1663,1664,-0.001019088000644508,1,27.151384804693603,27.15086653904295,1
1665,1670,-0.03085898761634037,5,27.54277827358868,26.720378798197988,5
1675,1677,-0.019987860876400795,2,26.648904113439585,26.14289842962505,2
1678,1680,0.00213440090632308,2,25.806382501800353,25.887270050502917,2
1684,1685,6.111217772581637e-05,1,26.44292386941332,26.47098277794583,1
1686,1687,0.001146597299078368,1,26.403490405112176,26.46016806630203,1
1688,1690,0.011859105515574064,2,26.625524600371484,26.967905030615174,2
1691,1692,0.0058891456188218455,1,27.076070128130056,27.262601118028176,1
1696,1700,-0.00932166544914461,4,28.008597864130497,27.775519683005577,4
1706,1708,0.028208493336118592,2,28.96239746704103,29.808345460455115,2
1712,1715,0.007577286553885366,3,30.576062169028198,30.838321815941367,3
1718,1719,-0.0003094037104051481,1,30.40243230808037,30.42342811502699,1
1720,1723,0.048599728128613455,3,30.828321906456875,32.357398291678514,3
1724,1736,-0.042974372938486945,12,32.24044409874154,30.887171674438523,12
1739,1743,0.00718211827505007,4,31.105551417845298,31.36006071855676,4
1744,1746,-0.02254183027035861,2,31.158717444450296,30.487501641819886,2
1748,1749,-0.005374699211999532,1,30.372360295311577,30.23949035466111,1
1753,1756,-0.004717246953539201,3,30.518248967756477,30.404805099753734,3
1759,1765,0.0010025351750734932,6,30.77206877316215,30.833690923290188,6
1767,1770,0.02822154348904159,3,30.412928448463035,31.301641159748907,3
1776,1779,-0.0014088293718283029,3,33.58146979547314,33.567740704271586,3
1784,1787,-0.04485541694237186,3,33.385879193486474,31.921727541468467,3
1790,1792,0.01814041216013536,2,31.131191481843242,31.727055317841817,2
1794,1795,0.0037060941063245855,1,32.5295099569472,32.68259689203722,1
1801,1803,0.0018109641827109718,2,35.00696926968146,35.1053726064438,2
1806,1807,-0.0103592195202774,1,34.70194392448201,34.377160813512425,1
1813,1814,0.0035561337292769205,1,33.105726783431415,33.25656090186163,1
1815,1816,-0.007714730784639316,1,33.569918897201354,33.34450592934447,1
1817,1822,-0.04432915894915771,5,33.046440585517324,31.614566108683547,5
1823,1824,-0.014160115483733783,1,31.30802265766697,30.89600546392472,1
1825,1830,-0.002276942016495756,5,30.58354093456315,30.544487526130588,5
1833,1834,0.013723315044577456,1,31.507895383092155,31.971796053209008,1
1838,1840,-0.028833526641379722,2,30.868281896082753,30.009108749554514,2
1844,1846,0.011353607767884695,2,29.84369829990039,30.212375643040446,2
1850,1853,-0.00946563116308181,3,30.44015941336847,30.18246425122948,3
1854,1855,0.01456843267770476,1,30.41737956526351,30.890930491257507,1
1856,1859,-0.014232727923364028,3,31.074361307681322,30.663162739104465,3
1860,1863,0.001001127117651999,3,30.731218269040134,30.792715343276793,3
1864,1866,-0.004646433040963932,2,30.807191270446083,30.694854910298233,2
1867,1872,-0.021924555420966885,5,30.495027087572556,29.856932203214757,5
1875,1876,-0.0017523645299541508,1,29.54407770428909,29.521849788154174,1
1879,1881,0.012346054379203678,2,29.875900060656644,30.274625447493822,2
1884,1886,-0.0009426065191461892,2,30.368025077406674,30.369768004072522,2
1889,1890,0.0012941168843728177,1,31.20053595056736,31.272113626893038,1
1893,1894,0.0017592748949922252,1,31.850279288944957,31.938162964985434,1
1897,1899,-0.007495716684438285,2,31.870699168200705,31.66367613586911,2
1903,1904,-0.0023262698646042993,1,31.880311728242635,31.838029831523276,1
1908,1910,-0.01231899999036102,2,31.937716091316965,31.576213083187195,2
1912,1914,-0.002113638450415225,2,31.266095218160515,31.23127609233123,2
1915,1916,0.0016266232374616157,1,31.378325684286224,31.46074472368121,1
1920,1923,0.037098043732419296,3,31.941867304049126,33.15878996149392,3
1926,1927,-0.00010389281292844154,1,32.514317934030785,32.5434542480142,1
1929,1930,0.00037738003705695524,1,32.66455235956305,32.70954386190251,1
1933,1940,-0.029819691175129337,7,32.53066670834767,31.593142940092026,7
1941,1945,-0.0065326913759513406,4,31.639087776658037,31.464038468573154,4
1946,1947,-0.0032278720795618416,1,31.423696942934743,31.353688965878966,1
1948,1950,-0.009856507856993685,2,31.407445163359597,31.129284878502204,2
1952,1953,-0.006340101811277686,1,30.83037516169308,30.665737819449753,1
1955,1956,-0.0013468765840339834,1,30.69680580694446,30.686157803805393,1
1958,1964,0.07115454577526431,6,30.900781370158633,33.13041321402318,6
1966,1967,0.00570741997791782,1,33.522051728725046,33.74689820819109,1
1968,1972,0.0014337720583995407,4,34.15720340466315,34.24033425190249,4
1974,1982,-0.017528163534995932,8,34.09455428703112,33.531033918122276,8
1987,1991,-0.0013437644205433858,4,33.37175635332093,33.36028433083562,4
1992,1993,-6.048697946105675e-05,1,33.31833423605319,33.34963724489063,1
1997,2000,-0.018749562518567832,3,33.86283792890621,33.26178737003096,3
675,676,-0.005056385545952939,1,27.065489566848388,26.955701506175284,1
679,680,-0.006967821066091683,1,26.65919931609139,26.50010198480768,1
682,683,-0.001840302964699194,1,26.293863379807032,26.271768568455585,1
684,690,0.006214628212128133,6,26.182177513235878,26.371072189777816,6
691,693,0.007716460778152938,2,26.487405530753954,26.7182819621778,2
694,695,-0.0014737988623428598,1,26.77504401924051,26.762358033845015,1
696,697,0.0018106905941198972,1,26.981143693791406,27.056979340590143,1
699,702,-0.0066765210427882455,3,27.115897906740685,26.961973941678973,3
704,705,0.003690903596592251,1,27.385853861984828,27.514318262361762,1
708,710,-0.005293706563825605,2,27.752797298017118,27.6336349300941,2
711,713,-0.006518033223922497,2,27.460974880100515,27.30944430835082,2
714,715,-0.006268223904633013,1,27.410168637732692,27.265765732085367,1
718,719,-0.007230434419375465,1,26.833473139452007,26.666288944812578,1
730,731,-0.005183210299164759,1,26.079341416952744,25.970246047341913,1
733,740,0.015229825718757369,7,25.904490216980896,26.32491557853575,7
746,749,-0.00446821478677256,3,26.4279604460035,26.33630260280043,3
753,755,0.0017919204398433963,2,26.215990814005966,26.289183774610336,2
759,760,-9.01197859641546e-05,1,26.448886425049107,26.47295174349054,1
763,770,0.0020333409025034433,7,26.930253102649687,27.011941740900724,7
777,779,0.009650381835831973,2,27.26328560313024,27.553650004902916,2
780,782,-0.0020961375773093024,2,27.784982747883024,27.75452658420818,2
784,787,0.009268760549846083,3,27.95829821699,28.245395286761457,3
789,793,-0.015375223219410528,4,28.141101157775985,27.736566546992943,4
794,796,-0.0035758341097343704,2,27.727364104882522,27.65594301464814,2
798,808,0.016238155654481536,10,28.003701270012773,28.486433431406855,10
809,810,0.0010085034414838538,1,28.60850803679004,28.665968323637653,1
811,812,0.0014539153877630084,1,28.594324594924043,28.664492648050217,1
816,818,-0.005626787104913727,2,28.529702824813185,28.39770196367632,2
820,827,-0.0012765056454708509,7,28.472413010632998,28.46454022769538,7
828,829,-0.007950807964718209,1,28.47884434569625,28.280893367592213,1
831,832,-0.005567883350998236,1,28.109744829874288,27.981342794465096,1
833,836,0.013782331341279448,3,27.943777152515256,28.35685132531061,3
838,843,0.0002304685861347802,5,28.636932970332893,28.672169816756135,5
848,851,-0.01569220277738146,3,28.604375155386897,28.18411387528366,3
852,853,-0.0032497988658701737,1,28.195900928111552,28.1324658221813,1
856,867,-0.016470252117515016,11,28.104292850507758,27.669512354525928,11
868,870,0.002452127510816827,2,27.6881246294352,27.7837075661914,2
871,876,-0.009583193984738333,5,27.92694675928179,27.687244357845415,5
878,880,-0.009997413074744749,2,27.51818383294717,27.27059136593538,2
882,887,-0.0001140394576043687,5,27.182480883394483,27.206563488901594,5
888,889,-0.0039055331088037504,1,27.28743617481726,27.208151625556958,1
893,901,0.011563326296267076,8,27.041292608535283,27.381021191049147,8
902,903,-0.0015325480184686657,1,27.4638062767881,27.44918048117579,1
904,909,0.005891801448721967,5,27.589264461544275,27.77940419432952,5
910,911,1.1167409664651889e-05,1,27.8328795238466,27.861023224538236,1
913,914,-0.00808133660284431,1,27.908640821464918,27.711010341680243,1
916,920,-0.008700454527251711,4,27.516081206898022,27.30419487479614,4
924,925,-0.0017314550438491758,1,27.09543466359592,27.075615571245947,1
926,934,0.0083397451128179,8,27.111763569080754,27.36498053037495,8
937,938,-0.0028866190965549524,1,27.23371810158873,27.18233844894808,1
939,947,-0.03250367003057381,8,27.165651965081185,26.30983422940786,8
949,952,-0.00269562518465252,3,26.61566904679059,26.570538848048475,3
955,957,0.005683347022184323,2,26.604075708221366,26.781879978383873,2
958,961,0.0003181304690405703,3,26.7588007830668,26.794072373693947,3
963,965,-0.007555113960287525,2,26.609696620026387,26.435267026233436,2
966,972,-0.009858640426054017,6,26.428203572109776,26.1940856195579,6
975,985,-0.020564827832326125,10,26.218159491733825,25.705205715197586,10
988,991,0.010696586137318765,3,26.012712135449288,26.316972063606848,3
997,998,-0.006634560122935187,1,26.350377466630544,26.201904680532778,1
999,1001,-0.006192114226156496,2,26.24739432153197,26.111114852075605,2
1002,1016,0.034972080216010705,14,25.989719408110236,26.924623679450388,14
1019,1021,0.008535641425926974,2,27.20934367173698,27.46880221642548,2
1022,1025,0.004009524976767096,3,27.613822317094662,27.752154449696157,3
1026,1030,0.002433941662569149,4,27.60294527452465,27.697732178312457,4
1031,1032,0.0024046000685281183,1,27.779934110111608,27.8745136756866,1
1036,1041,0.0032347265246086103,5,28.265009015415984,28.384703598811868,5
1043,1047,-0.013103927237113174,4,28.450322775026983,28.105962138285673,4
1048,1049,-0.003216614270175917,1,28.083883138816756,28.0216320026893,1
1050,1060,0.02523467797195551,10,27.895753078416128,28.62758917721356,10
1064,1070,-0.012140252888153881,6,29.482664891191398,29.15422054848683,6
1076,1079,0.013363828067536433,3,28.682199966138715,29.09418615505103,3
1081,1083,-0.009899183589413104,2,29.30200169221552,29.0412377996192,2
1084,1091,-0.015514675242126637,7,28.874603670001626,28.455498174986435,7
1093,1098,-0.023170083442976133,5,28.280354413420675,27.6533765962782,5
1099,1102,0.0006962478934419533,3,27.787840246560837,27.834975312042367,3
1105,1107,0.0021530130397227026,2,27.900961152498482,27.988933246833106,2
1108,1115,-0.03321764841304333,7,28.159655923557953,27.25241802958049,7
1116,1118,0.0001828463489468577,2,27.11290589923228,27.144976300984528,2
1121,1123,0.004380195859705377,2,27.322670832842885,27.46967215333384,2
1126,1141,0.008985393598461039,15,27.54530294719669,27.820353638913296,15
1145,1146,-0.0019024555147528093,1,28.242717423404162,28.217229627313806,1
1147,1148,0.0027256431081447087,1,28.317428026812678,28.422928657381156,1
1150,1153,0.0051392756874912475,3,28.50382040884896,28.678813220485623,3
1154,1155,-0.005580429361238868,1,28.700274012234786,28.568814434473545,1
1158,1160,-0.0071486183997701794,2,28.434937275460943,28.260101696932733,2
1162,1170,-0.017747088863439228,8,28.210550108604327,27.738105519049025,8
1171,1172,-0.0007414028791638656,1,27.700066841950182,27.70722999948248,1
1175,1183,-0.02277720750365319,8,27.286506411503964,26.69228249933088,8
1184,1186,-0.0028998157472449764,2,26.741691535688975,26.690887249001506,2
1189,1190,0.00218700919727478,1,26.86562103514702,26.95124201647653,1
1194,1199,-0.013522891485499011,5,27.127829454597165,26.78811059010012,5
1202,1203,-0.0036682586642111234,1,26.977753012164083,26.90576938894843,1
1208,1214,0.014329539990325171,6,27.170608470434026,27.587121399543012,6
1215,1218,-0.0003923279605966884,3,27.57661311528236,27.59337065201396,3
1219,1221,0.0071351686116468875,2,27.712050231930625,27.93749243314181,2
1222,1226,-0.011310914341756743,4,28.0539889782254,27.76472670092633,4
1227,1229,-0.0027070539979538047,2,27.628759699684576,27.581595914980724,2
1230,1233,0.00123745068173957,3,27.607041756196836,27.66881115059505,3
1240,1243,0.008012599941875986,3,27.371288313197194,27.617974784657786,3
1250,1257,-0.017982809083798304,7,26.848370952647784,26.39241019454797,7
1258,1261,0.005543888112584034,3,26.379986714901186,26.552614396374953,3
1262,1265,0.006105560655430528,3,26.686410246337093,26.876032153018144,3
1269,1272,-0.005640852755968668,3,27.077458631357047,26.951796132843086,3
1273,1277,-0.01202249843799075,4,26.870204064192745,26.574027281866687,4
1279,1280,0.0013249500215417906,1,26.509966414970005,26.571600761957562,1
1282,1286,-0.018898042791549937,4,26.415651096253015,25.942862642565625,4
1287,1289,0.0015791357364649452,2,26.031443836456415,26.0985824635268,2
1290,1291,-0.0011572297324073735,1,26.17333197711751,26.169216751134538,1
1292,1294,-0.0020793206471663725,2,26.144475287327857,26.116257015340913,2
1295,1304,-0.03694228285976755,9,26.011619800991603,25.076702804463633,9
1307,1312,0.024338391553418524,5,25.366265378697715,26.009005743111082,5
1313,1316,0.017271088874537065,3,26.04107554090285,26.51687434649922,3
1319,1325,-0.016673316721576986,6,25.753450847948482,25.34980885613502,6
1326,1329,-0.0015210306882374167,3,25.346092058333117,25.332885966543834,3
1331,1334,0.009354716552363505,3,25.667294041322396,25.93307159578646,3
1335,1336,0.0015907649781458093,1,25.99933787249952,26.066696046514572,1
1338,1344,0.004367893914246152,6,26.24780109371146,26.388696505464736,6
1345,1350,-0.009147240146700621,5,26.460740786633767,26.245158776985466,5
1351,1352,-0.006423838694054962,1,26.111885686928485,25.970259030964982,1
1353,1355,-0.011148836969044933,2,25.86109403311873,25.598634005935466,2
1356,1357,3.777387569079598e-05,1,25.672464055116876,25.699106267637887,1
1358,1365,-0.0011719976437189377,7,25.79177659115209,25.787340466351086,7
1366,1368,0.003657498498173494,2,25.89260209791734,26.013196853302194,2
1369,1376,0.018673218642283454,7,26.12716848625844,26.64117398439238,7
1381,1382,-0.0006637461730688582,1,26.61940591560059,26.628356792710346,1
1386,1393,0.011734695424329988,7,26.57452252055625,26.912940970902532,7
1396,1399,0.0049800037254273165,3,27.19768366279145,27.360325912417938,3
1403,1409,-0.010526108471253865,6,27.480097627797093,27.218319236994052,6
1416,1418,-0.002305005115901705,2,27.12914849913204,27.093744821550615,2
1426,1428,0.006529375864735192,2,27.67465490711688,27.883027785839403,2
1429,1433,0.0017592809939483678,4,27.833852203864197,27.910653623238687,4
1435,1438,-0.006651058409051334,3,27.964662704114918,27.806632761784545,3
1439,1441,0.00251382085371752,2,27.878353738053995,27.976313278786083,2
1444,1445,-0.0021398397875092004,1,28.043858925660178,28.011893419461416,1
1446,1447,-0.007464364355062098,1,27.790990484459932,27.61133939618032,1
1448,1452,0.0030046521158525966,4,27.59629752540693,27.706811096681747,4
1457,1458,-0.01179181690524397,1,27.881128909150185,27.58024087085113,1
1462,1463,-0.0035255280514793564,1,27.22529719175258,27.156538939984948,1
1464,1465,-0.004002226174895584,1,27.053537199581374,26.97231636207728,1
1466,1471,0.00028751957569274106,5,26.992818498530927,27.027572280750906,5
1478,1479,-0.0013225600000986923,1,26.361395270402433,26.35289213874141,1
1483,1484,-0.0035202726333001524,1,25.96474303819795,25.899304806888107,1
1487,1492,-0.009719303802997632,5,26.063786278006564,25.836528207192224,5
1495,1497,0.0028141867724259745,2,25.368830809822466,25.465592268729203,2
1502,1504,-0.0030394632372871297,2,25.74615717633352,25.69364883527097,2
1505,1508,0.0028412425992497274,3,25.632215015894417,25.7306745721266,3
1511,1515,0.000854605943541967,4,25.784330863546803,25.83215063681659,4
1516,1519,-0.0038505660020406824,3,25.80193984523947,25.728389712729932,3
1524,1527,-0.004337409863785927,3,25.857346795214443,25.77105023096876,3
1528,1532,-0.012269635665410103,4,25.701617051703536,25.411969191518946,4
1535,1537,-0.0005997812177393904,2,25.313414038042218,25.323544941783382,2
1538,1539,-0.0007164513210974656,1,25.355575387918105,25.362764927822163,1
1540,1543,0.005166349346458053,3,25.490099964669447,25.647280825927737,3
1544,1546,-0.0016244493509954883,2,25.76291994439873,25.7468323057597,2
1547,1548,-0.004804974681904278,1,25.77062157369835,25.67256501107349,1
1549,1552,-0.0008107662864660275,3,25.784100015736986,25.788979236733095,3
1554,1557,-0.007578594297025361,3,25.940146702290495,25.769497001130805,3
1559,1561,-0.0004425056057681552,2,25.704090512318356,25.7184203986878,2
1564,1567,0.008381290314247988,3,25.896503194609576,26.13944580920206,3
1568,1569,-0.0002500834702808977,1,26.189285891897693,26.208925670289567,1
1570,1579,-0.0009263003574815361,9,26.331076743874647,26.333017334817796,9
1582,1586,0.000527582250473122,4,25.90896203465792,25.948540105190247,4
1587,1588,0.0034920772463525596,1,26.026311823048516,26.14322402619531,1
1589,1590,0.0026297826527103825,1,26.16565540172023,26.26063104379419,1
1592,1598,-0.016423500865030707,6,26.39088467748557,25.983844844833445,6
1601,1604,0.003534592919677907,3,26.085313196062877,26.203599472589325,3
1605,1607,-0.012638187669539322,2,26.15820688098757,25.853772760208003,2
1610,1614,-0.008249274584206706,4,25.44726589904114,25.26279168112167,4
1619,1621,-0.0031285444357802327,2,25.636873379090257,25.582304154908392,2
1622,1624,-0.004964580790046739,2,25.548614560921703,25.447325014421164,2
1627,1628,-0.004707870611105773,1,25.280480439460387,25.186743689004278,1
1631,1636,-0.04365811713253247,5,24.844107713217745,23.78430485633405,5
1638,1647,-0.06524458118567916,9,23.78523551733481,22.257163023120896,9
1649,1653,0.031879290376409714,4,23.50899744254548,24.281956595917205,4
1654,1656,0.013968905963765616,2,24.28536569933915,24.648891054788216,2
1658,1661,0.06124422061886653,3,25.058472471509546,26.61821756039798,3
1666,1667,-0.011962020306376268,1,27.81931184586704,27.514355984503233,1
1669,1672,0.010632318616966868,3,26.81922748821747,27.131197287421333,3
1673,1674,-0.004908615564668085,1,26.879535920927836,26.774474148456243,1
1675,1678,-0.03572720082206663,3,26.678002436953413,25.75155008879375,3
1679,1680,0.007589127654746523,1,25.689395238361403,25.910044733436926,1
1686,1687,0.0016590930147606627,1,26.413148986963925,26.483384006932994,1
1688,1690,0.013006379346571346,2,26.56108952707327,26.933114222847703,2
1691,1704,0.022409935067634973,13,27.110088565017584,27.74473397800248,13
1706,1708,0.029241643920357836,2,28.943930911049478,29.819242963316874,2
1711,1724,0.06279000480844556,13,30.301240330799416,32.234156597202976,13
1726,1730,-0.018001724659138525,4,32.45725237678662,31.905423108684325,4
1737,1743,0.007910699282722072,6,31.079710448402334,31.356652402002123,6
1745,1748,-0.018422112452778864,3,30.891132042380352,30.35294326614436,3
1749,1756,0.0004314311271675555,7,30.347075030447336,30.390514778264407,7
1757,1760,0.018727026970108914,3,30.406809761656678,31.00664571789985,3
1761,1764,-0.007413800189020456,3,31.310943766969615,31.110121629918616,3
1766,1778,0.09639763134017794,12,30.695867913721827,33.6855727404493,12
1784,1785,-0.02135968014778537,1,33.34087172723118,32.662062243016415,1
1786,1787,-0.0032276610494984914,1,31.975520778195325,31.90429015602031,1
1790,1792,0.01636678435481731,2,31.153989428390478,31.695034044585594,2
1796,1798,0.04566370506071707,2,33.183955572915345,34.732441888517805,2
1799,1802,-0.007946608210503917,3,35.157570098023584,34.913344232919286,3
1808,1809,-0.010670143825795057,1,34.21111392159359,33.880287529531124,1
1810,1812,-0.014400403220334371,2,33.70126291814309,33.24965240600547,2
1814,1815,0.005785216082754828,1,33.31002525503153,33.53604097410894,1
1817,1819,-0.01995123303938928,2,32.98516250585503,32.360053004364445,2
1820,1823,-0.029332659989728654,3,32.276578478310846,31.36209715465307,3
1824,1826,-0.035823230400247444,2,30.924379223862037,29.847492441164864,2
1827,1834,0.06490897116365109,7,29.912282797838053,31.883770582199737,7
1835,1836,-0.010667411144546259,1,31.851547228415484,31.54362522576846,1
1837,1839,-0.029320218497175813,2,31.249707225109542,30.364708688521667,2
1842,1843,-0.010269421931353499,1,29.99950150202925,29.72142346487667,1
1847,1853,-0.0019937269011094712,6,30.196741449141026,30.166734134837167,6
1858,1859,-0.005747071997078103,1,30.795567394225845,30.649378618614584,1
1860,1867,-0.01018368208053018,7,30.79238012890859,30.50959269930186,7
1872,1873,-0.007449038741176212,1,29.89525678414235,29.702461114964006,1
1874,1889,0.05107090198656665,15,29.6313581273845,31.174289672164395,15
1891,1893,0.01617341611823615,2,31.31240553833781,31.850146508310647,2
1895,1897,-0.006651881543036116,2,32.064586418091146,31.88336117392965,2
1899,1903,0.008711527138098817,4,31.651465883704816,31.958849953595024,4
1906,1909,-0.005784670316361439,3,31.898893424795514,31.746267736301117,3
1911,1914,-0.00903144757035275,3,31.464585641472524,31.211879471570164,3
1915,1917,0.0009825734194167063,2,31.38898162361838,31.451212584247926,2
1921,1923,0.01879622481445491,2,32.55072411931199,33.19510557185119,2
1924,1928,-0.01717873581685208,4,33.148013069089565,32.611720122791205,4
1929,1933,-0.0026040643063044468,4,32.62593837243366,32.57360426923075,4
1940,1952,-0.027546937050607272,12,31.655164899549778,30.814817229634837,12
1953,1954,-0.00028702735970084737,1,30.726541223829706,30.74844840705332,1
1955,1962,0.05375807427846831,7,30.64634028306281,32.32447486064598,7
1965,1970,0.029458564903490206,5,33.281895660423345,34.29561443950754,5
1974,1975,-0.008169662665369018,1,34.139220691679256,33.89445399566133,1
1980,1983,-0.011711076730836836,3,33.73762627393064,33.37625997019427,3
1987,1989,0.00453172294500509,2,33.31736992193701,33.50167238160141,2
1990,1998,0.012841535095314733,8,33.28310236398804,33.743791593440136,8
677,680,-0.015353907985449382,3,26.84017278513623,26.45491141466482,3
684,685,-0.0012153686165749583,1,26.160549001693195,26.15491484044586,1
688,694,0.018966739892437162,6,26.241099636131512,26.765048847057678,6
699,708,0.022564707812608706,9,27.10608609928115,27.744833098154125,9
710,711,-0.00865760612517309,1,27.60874813102455,27.397331212228057,1
716,717,-0.005417991561980776,1,27.023070327170664,26.90368263048641,1
720,723,0.005927489544703849,3,26.62804724901746,26.812512767930908,3
726,728,-0.007917405508613664,2,26.3866565608584,26.20412935741042,2
729,732,-0.008932711172375703,3,26.14950880042247,25.942072299809222,3
735,736,0.008654128970365327,1,26.26925513320676,26.522861910218168,1
749,751,-0.0034567634637064346,2,26.374751575619637,26.30995504958432,2
756,761,0.01194546611629102,5,26.362900447311844,26.704180481779673,5
767,768,-0.003406445782178883,1,26.992585496843052,26.92762930332407,1
769,770,0.0006988107846038561,1,26.94702607776672,26.99280397628063,1
775,778,0.009273352355359223,3,27.218841509046918,27.498470258574034,3
782,783,-0.002476305011347147,1,27.827092974565833,27.78601169775626,1
788,789,-0.00206125933411873,1,28.19918453469575,28.169257886893767,1
790,792,-0.007546987210969332,2,28.000719224713595,27.817398874051452,2
797,802,0.011047157851873945,5,27.877601041744022,28.213446902025478,5
803,804,0.004520827740143526,1,28.17980335481878,28.335379194891853,1
805,807,-0.0015032845812263627,2,28.516358482249817,28.502006638712977,2
808,809,0.001040301515087317,1,28.521905727445805,28.58009901491469,1
811,814,-0.0025593700409180828,3,28.62593547975065,28.58129705357027,3
816,828,-0.00435275311480161,12,28.53459673829604,28.438927280202112,12
830,835,-0.0008015207932908008,5,28.172477812984635,28.17806946403199,5
837,838,6.562916219589993e-05,1,28.554622416913645,28.5850510552766,1
841,842,-0.003717676381825236,1,28.718042447777993,28.639996102085412,1
856,860,-0.00947689708952363,4,28.08271944937682,27.84466512661049,4
862,871,0.0036599630307898867,9,27.79319808452384,27.922713360105142,9
878,886,-0.016505636934096197,8,27.56052319613722,27.133179729744178,8
887,888,-0.0019392903641462164,1,27.220488726518855,27.194920783750685,1
889,891,-0.006641979111556101,2,27.227034710207743,27.073420349103138,2
892,894,-0.00480443187050511,2,27.075959370005286,26.972950727253536,2
895,900,0.00644072945737781,5,27.087254375253153,27.288803306802585,5
903,909,0.008757963874026897,6,27.48388864893799,27.752075441492106,6
910,911,0.002210094834235378,1,27.788235572699,27.877438444163438,1
916,917,-0.008793739447691224,1,27.55077416509121,27.336050609666305,1
926,929,0.005477466338034109,3,27.054053080189064,27.229294798323377,3
930,933,-0.0016997645285671205,3,27.325006043508708,27.30588497353658,3
935,936,-0.003931150367684303,1,27.35463238052087,27.274451839760836,1
942,944,-0.010879422794208584,2,26.91447058720633,26.64857115299303,2
949,950,-0.00030110635892891967,1,26.642048526346816,26.660668484646987,1
952,955,-0.0036313913722247305,3,26.696982943770106,26.62673273318744,3
957,964,-0.010698528049497648,7,26.76886147019712,26.509242916375296,7
965,967,-0.0015787211819359968,2,26.479284242882322,26.463960120208462,2
969,971,-0.007376579863096147,2,26.46187441264397,26.293138157124524,2
974,978,-0.005035092362863637,4,26.250026795967113,26.14410551331774,4
981,987,-0.008059737330146635,6,26.12096160514425,25.936554477401085,6
992,997,-0.007151024275762675,5,26.430293162792445,26.267719787932585,5
998,1001,-0.00741448887213967,3,26.253397094797187,26.084994971276746,3
1004,1005,0.0024534557841000616,1,25.951420624773693,26.04104270843593,1
1006,1009,-0.003665757094523934,3,26.116515652345882,26.046895365461395,3
1011,1014,0.013176806016007514,3,26.250344492012264,26.622490533728893,3
1017,1019,0.007058055855216321,2,26.91076670186899,27.127615163059346,2
1023,1025,0.004271683121537252,2,27.655945582159326,27.801738963694948,2
1028,1029,0.0018472795589834497,1,27.573808447419726,27.65231878857539,1
1033,1038,0.007210309539253353,5,28.147976051228408,28.379079647512484,5
1039,1041,-0.0006331054037647696,2,28.41416497504326,28.42458997862914,2
1046,1048,-0.010215639425854139,2,28.306166886901156,28.045307459343423,2
1051,1056,0.011211732446007788,5,27.82204983301418,28.161805261674445,5
1057,1058,0.0020081340399820324,1,28.222244434091852,28.307140728258737,1
1059,1065,0.03214035012332241,6,28.424943098927415,29.366955665461386,6
1066,1072,-0.02179087865182696,6,29.34742298594274,28.737264275898166,6
1075,1078,0.009650528477957335,3,28.637679839827943,28.942686264504655,3
1082,1084,-0.013595623995264119,2,29.16959100076912,28.802181800427793,2
1085,1095,-0.025266235631731238,10,28.699606587192417,28.00317517120962,10
1096,1097,-0.005374822233004562,1,28.022738705182487,27.900144204865377,1
1101,1103,0.0038305243381530256,2,27.842318055415262,27.976811050412543,2
1106,1111,0.0052234861285414,5,27.973417262190058,28.147509436489198,5
1112,1117,-0.03493433525260114,5,28.01841365585328,27.067627413609497,5
1122,1123,0.001815427583825694,1,27.406189843444515,27.483349986297313,1
1127,1128,0.0020580882186454342,1,27.558814259272886,27.643091544479006,1
1136,1137,0.0024729261948191446,1,27.644169258035596,27.740175417585842,1
1138,1144,0.013283949351588394,6,27.849000368708353,28.24679407946735,6
1149,1153,0.0065751596064329,4,28.488090745114842,28.70389257939163,4
1154,1155,-0.0016780691459587654,1,28.636907523850038,28.61748972042244,1
1156,1157,-0.003687343980928863,1,28.60995760380819,28.533072806446967,1
1158,1160,-0.005666783290879048,2,28.456887404534154,28.324085277884247,2
1162,1168,-0.012113503545593936,6,28.170423565755215,27.85735146357631,6
1169,1176,-0.025161556187038296,7,27.826346432094105,27.15401859929507,7
1178,1180,-0.00487703960637738,2,26.922761153531752,26.81838054222647,2
1181,1183,-0.002477037515970072,2,26.741084379665143,26.701586794818656,2
1184,1185,-0.0037407158043249902,1,26.70386174840819,26.63067405247782,1
1187,1188,-2.594885461228982e-05,1,26.791266450155884,26.817362513928046,1
1195,1203,-0.003089981196559026,8,27.04766214375135,26.991133038460028,8
1205,1207,0.0004948300503387368,2,26.93186738249802,26.972125947173115,2
1209,1214,0.00806788197287861,5,27.2946907166242,27.542195750528773,5
1217,1218,0.004558174231105517,1,27.505622593170095,27.658503635877967,1
1219,1220,-0.0009046457494650693,1,27.707538478195026,27.710180509760782,1
1221,1222,-0.00045789191282086163,1,27.965251239569845,27.980411428426812,1
1225,1229,-0.015395428050495735,4,27.940895066662286,27.538673922063698,4
1230,1232,0.002601270842717984,2,27.654580055967635,27.7541716887908,2
1240,1244,0.0059990251811061915,4,27.378283921048183,27.569905219627074,4
1248,1254,-0.017160920085143076,6,27.026109144943227,26.589342354839445,6
1255,1259,-0.010104796235543181,4,26.606300218185236,26.36405527611697,4
1262,1264,0.0034862313186846978,2,26.727635438323354,26.847541793501147,2
1269,1271,-0.009625710023476175,2,27.15938438914871,26.925115414991787,2
1275,1277,-0.005480591375154526,2,26.663432361987308,26.54396441691417,2
1283,1285,-0.012049330247944981,2,26.26774446589906,25.977503482426712,2
1288,1289,0.0008300817116334448,1,26.083202433084935,26.130936824838557,1
1291,1296,-0.009996048153572183,5,26.170819678573775,25.93538572452687,5
1298,1300,-0.007367953316289072,2,26.079705824078736,25.91363147488845,2
1302,1303,-0.01232441748749704,1,25.724358766537687,25.43304538826726,1
1304,1312,0.029456439095547352,8,25.13052697575259,25.89591334002861,8
1313,1320,-0.018236734636148815,7,26.094728154278176,25.64494024968044,7
1323,1325,-0.010964770323995777,2,25.57228922133988,25.317467232590435,2
1326,1329,0.0010409311754685673,3,25.29745783278084,25.349088203131863,3
1330,1334,0.01599769751527133,4,25.45874901884101,25.891489133780482,4
1337,1339,-0.0020507434033093805,2,26.14871999478186,26.12124439974236,2
1340,1341,0.004822911585950129,1,26.215055616801106,26.367703567878504,1
1342,1345,0.002095781972729101,3,26.409007660364395,26.490764190197016,3
1346,1356,-0.028799923424528355,10,26.3644865694991,25.63155586174002,10
1358,1361,0.002247252503073801,3,25.805389669591353,25.88918628578873,3
1369,1372,0.00647512956314715,3,26.121924245335222,26.317189013507818,3
1374,1389,-0.005376298435975894,15,26.669897297617048,26.55318186778585,15
1394,1402,0.0073727057034457975,8,27.168829944159548,27.39630656158896,8
1404,1408,-0.01134301927821581,4,27.564767146392125,27.27966422839746,4
1414,1415,0.0010087907935620202,1,27.033920838953676,27.08822633024885,1
1417,1419,-0.00813441719540495,2,27.130541392059243,26.93698079103109,2
1420,1424,0.014545103777224917,4,26.939927305440218,27.35871127115418,4
1426,1430,0.003579592815416046,4,27.681192518320117,27.807961108699164,4
1432,1433,-0.0017913252968450573,1,27.980805422112557,27.95866350295594,1
1434,1435,-0.003782488208483887,1,27.978276826883988,27.900427601519485,1
1436,1440,0.0009735482504899659,4,27.8951549161477,27.95020735032961,4
1443,1444,-0.002160549100340505,1,28.064161389874307,28.031591552621478,1
1451,1456,0.01241812875690227,5,27.520416113471338,27.889688600325425,5
1457,1464,-0.028466592157211264,7,27.83525180620254,27.070712297248296,7
1466,1468,-0.0011129376861859833,2,27.02410412196904,27.021052082178254,2
1471,1476,-0.01870864308939146,5,27.042354710944064,26.563471303071232,5
1477,1483,-0.0212580730838512,6,26.441283163077745,25.905633716329312,6
1485,1490,0.0025873874147159274,5,25.909075611930437,26.0020215037076,5
1491,1498,-0.015699513754044585,7,25.91606780854889,25.53511421334637,7
1501,1515,0.004762305343961436,14,25.661313245762862,25.80918156821199,14
1516,1518,-0.004862584049543293,2,25.85154269418885,25.75168893772219,2
1520,1521,0.00028983534816429514,1,25.750004136335605,25.783217401886027,1
1522,1525,-0.0005495237510200351,3,25.869252059591783,25.880905543223506,3
1526,1528,-0.008776652184190336,2,25.82630551406116,25.62546331887567,2
1529,1532,-0.009395813993827495,3,25.598891271515487,25.38396774195163,3
1536,1537,-0.0019548208775069867,1,25.307060983081545,25.282897272906556,1
1538,1539,0.0022710491626897304,1,25.2716317240907,25.35429647388159,1
1540,1542,0.005803233075237782,2,25.486696959872642,25.66008889960861,2
1547,1551,-0.002073111467061668,4,25.77127220386287,25.74361675614014,4
1556,1557,-0.003731335314641174,1,25.857481402647423,25.786855950544695,1
1558,1560,-0.002473287920134818,2,25.70650115883572,25.668628081209476,2
1561,1562,-0.0001530284249885933,1,25.734501828753263,25.756298220299296,1
1563,1565,0.0019534094431795544,2,25.833880963599558,25.91017899159143,2
1566,1571,0.010237916805335812,5,26.029925409953634,26.32244754615979,5
1573,1577,0.0046637257481823265,4,26.36227072473878,26.511579396223038,4
1579,1580,-0.006628994465448744,1,26.299897564780018,26.151855586946002,1
1583,1586,0.0006233113770864748,3,25.94091137063114,25.98302154719108,3
1588,1589,0.0006894085445801783,1,26.148354570206216,26.192529823843834,1
1592,1594,-0.0003238366395286585,2,26.42506934792621,26.442937011617193,2
1597,1601,-0.006842744141469713,4,26.18478652913775,26.031795521048995,4
1609,1613,-0.014552920549350035,4,25.568304864796154,25.221779660382012,4
1616,1618,0.0032007951957198338,2,25.455572444092713,25.562506090520156,2
1619,1621,-0.0038704182402496423,2,25.622278953513888,25.548732296648957,2
1622,1629,-0.019327056046768862,7,25.562256088891786,25.093775188868808,7
1630,1635,-0.04314462210993386,5,25.009261633441493,23.955255752651635,5
1636,1639,-0.013005843405589631,3,23.852839111962677,23.56646566080573,3
1644,1646,-0.031590968496393916,2,22.649719648059605,21.95684278785366,2
1648,1649,0.029566977914654097,1,22.826850583025116,23.524598420657554,1
1652,1653,0.00159812834499533,1,24.168785188478516,24.231578794340805,1
1656,1660,0.053696750120075076,4,24.665560589523572,26.014686593660315,4
1665,1669,-0.02970619585934647,4,27.55786750230562,26.766785960318515,4
1671,1673,-0.007516765315842449,2,26.98564690492039,26.809787777144834,2
1675,1677,-0.01891894617623885,2,26.642057620244397,26.164660023722984,2
1685,1686,-0.004347899587963744,1,26.501076970179163,26.412354025510105,1
1687,1699,0.04676363120403858,12,26.526668884525577,27.793678914197702,12
1706,1724,0.11391220613391241,18,28.905697456972135,32.227314921592225,18
1726,1727,-0.007899405279775711,1,32.49864613905098,32.27442480829365,1
1729,1730,-0.001163927657522385,1,31.873122930981722,31.867898044601723,1
1734,1736,-0.008879078050644362,2,31.181089666169783,30.93541142698589,2
1737,1743,0.0060129806591299635,6,31.10696009525139,31.325112604763717,6
1745,1748,-0.01830046574584454,3,30.83297100320848,30.299546244524855,3
1750,1752,0.0038152242479710255,2,30.262185819462765,30.407905030417247,2
1757,1759,0.010921611504940608,2,30.376499911132044,30.738636741952423,2
1761,1763,-0.0005403978150071415,2,31.306762810496473,31.32115146708923,2
1766,1770,0.020381100427217896,4,30.70821484785901,31.36479027346167,4
1772,1777,-0.001375369361083902,5,33.4796487468624,33.46708151250298,5
1806,1809,-0.02697988828547349,3,34.700541044840406,33.799024865049965,3
1821,1822,-0.0068692315339362285,1,31.8438363547341,31.65693750623939,1
1826,1827,0.0032755300841898405,1,29.823907515082354,29.951420528891184,1
1828,1839,-0.002908969330885718,11,30.49251127082561,30.434302001987916,11
1841,1850,0.014850459863881865,9,29.958735108115714,30.43359483651957,9
1852,1853,-0.006440398176792869,1,30.374540545255893,30.209290950252562,1
1856,1858,-0.013360344098103796,2,31.1450506039473,30.760087061529656,2
1859,1863,0.0007069629025770496,4,30.723742605890383,30.776186894746964,4
1864,1868,-0.015834482420018885,4,30.790101675001267,30.333346452992867,4
1870,1871,-0.00905717806301242,1,30.363285954549283,30.118643553035316,1
1875,1886,0.027367503788990943,11,29.5378059257284,30.37571974724498,11
1887,1889,0.01822457643798293,2,30.667473265607363,31.25704244956183,2
1893,1896,0.0013144277328117362,3,31.879095114531093,31.952876976361107,3
1899,1901,0.0011540520629290721,2,31.67536244287949,31.7435928226936,2
1902,1904,-0.003538619079357456,2,31.892080615403604,31.811118771072934,2
1905,1909,-0.0033834872001854443,4,31.82536159708102,31.749506255073104,4
1910,1912,-0.015149758843346857,2,31.662952252816705,31.214929114170943,2
1914,1915,0.0016057969891312544,1,31.261542395392574,31.343003628442087,1
1916,1917,-0.004356106895272834,1,31.528040381841592,31.422228908121653,1
1918,1921,0.035776590432907145,3,31.442837563209654,32.59919792232024,3
1923,1925,-0.014112859051316762,2,33.1787796270419,32.7437109662978,2
1928,1935,-0.007134777715105065,7,32.61105592743105,32.410994348261404,7
1939,1942,-0.00688542778205759,3,31.70779095358467,31.52117703979877,3
1943,1944,0.0004103904894923575,1,31.4929751122374,31.53739250482152,1
1947,1948,-0.0011612492851762336,1,31.336438487701287,31.331385509395176,1
1951,1955,-0.00904721044681215,4,30.94895720536423,30.69990443362328,4
1957,1958,0.0048258521726200375,1,30.773687133480898,30.952970085527017,1
1959,1963,0.05009752286644151,4,31.351499233373612,32.953483182348144,4
1965,1966,0.004699816864144232,1,33.25185325311259,33.44138272704873,1
1970,1971,-0.003715419036287137,1,34.209002836653475,34.116111059138426,1
1973,1975,-0.012069540168985125,2,34.27901746168464,33.89956450093918,2
1977,1983,-0.013863445116204968,6,33.855977166097134,33.420472661965555,6
1985,1991,0.004010437111635107,6,33.15539208566107,33.32151509261788,6
1992,1995,0.013637408126324805,3,33.28620517185727,33.77342894193433,3
1998,2000,-0.020754581105779157,2,33.84354767367959,33.17498256625258,2
672,673,-0.0025834544505456527,1,27.021618356293203,26.978830854445984,1
675,676,-0.005252169149516906,1,27.06263578404119,26.94756087905568,1
678,680,-0.012928645867703842,2,26.773424786533216,26.454054083589057,2
681,683,-0.0027476533217913406,2,26.287025992435133,26.24108538413944,2
685,686,-0.001955992129711058,1,26.171363405161024,26.146343787721882,1
691,692,0.0006751316249975375,1,26.53086119883733,26.57530388346992,1
693,696,0.008495083863404754,3,26.680022084741964,26.93335113191408,3
698,708,0.023499431734167766,10,27.090718409923483,27.754425616236965,10
711,715,-0.006190901698983983,4,27.412845952291363,27.270548563663628,4
716,717,-0.006228933965842575,1,27.05568026038764,26.91420789490512,1
719,720,-0.0016683949199500106,1,26.646235866688798,26.628425657999713,1
721,725,-0.012707125392835816,4,26.76703013636414,26.45366515816391,4
730,731,-0.00263189796067486,1,26.046741510023825,26.00423588567139,1
735,736,0.006590234811276954,1,26.309139756443933,26.508832304878045,1
738,741,-0.015939595294210983,3,26.637023422832378,26.239077073052844,3
742,748,-0.00037182751809765097,6,26.245519843711513,26.262006557050555,6
752,755,0.0006222060301181965,3,26.250490758807477,26.293074463209976,3
757,763,0.01648064736787125,6,26.41827712066499,26.880085707078035,6
766,774,0.009886297208979142,8,26.94711037222549,27.240464624660703,8
776,782,0.019570665463654293,6,27.199859040845883,27.759378241833677,6
785,786,0.004674977347312709,1,28.03546342602367,28.19456404588777,1
787,788,-0.002737104406122586,1,28.231884628964245,28.182842897782127,1
789,790,-0.00682396907606661,1,28.15537697498518,27.99140093015787,1
791,796,-0.007694321109637277,5,27.825563378828765,27.63929012251432,5
798,805,0.0174793873943542,7,27.95807484029248,28.47472293606659,7
808,809,0.0012936222988788695,1,28.523706161721925,28.58912877022112,1
813,815,-0.003916857078169168,2,28.651568946465883,28.56799641478373,2
816,824,0.0010614979601602766,8,28.561008347973008,28.619886808422475,8
825,828,-0.003885022922331196,3,28.57005903518689,28.48763375997802,3
830,833,-0.008242464130818972,3,28.135289302927553,27.931520479340886,3
834,836,0.011485140725014074,2,27.98941873748514,28.338870569233986,2
838,839,-0.0011221857970804632,1,28.644832307201835,28.641332315534143,1
841,842,-0.00014890517144231592,1,28.704158791678264,28.72858875278396,1
845,849,-0.010788562029509233,4,28.640961621239416,28.36060779182512,4
850,852,-0.007161397997356013,2,28.30093313741653,28.126559824660344,2
855,859,-0.010341791459614495,4,28.149681286430077,27.886712834197635,4
860,861,-0.0046295930227834795,1,27.83398330015475,27.732957268572235,1
867,868,-0.001157106571054352,1,27.674245145929913,27.669897340168518,1
871,872,-0.0021004708430594566,1,27.96961326877328,27.938833524879346,1
874,875,-0.0047092160781688555,1,27.892409689598985,27.78895071511945,1
881,884,-0.005643816033921974,3,27.258341326691195,27.131758604180188,3
889,890,-0.005410486665118578,1,27.228450724808308,27.108360005974703,1
894,895,0.003745656197943352,1,26.994193805781475,27.122298968924365,1
900,902,0.0015045151172062778,2,27.33874669596206,27.407217000347572,2
906,912,0.008414104545604623,6,27.64044273861636,27.900652756244494,6
913,914,-0.010284969654295251,1,27.946218928520945,27.686739133817337,1
921,922,-0.005456299542699889,1,27.331255665244065,27.209459403121624,1
923,925,-0.007852393101835352,2,27.22041925107864,27.03389423797348,2
928,929,-0.0020960815126541657,1,27.245021005889754,27.215158242053324,1
930,935,-0.0009422816415658314,5,27.34234979148787,27.343927947033567,5
937,946,-0.032704894353104565,9,27.23638177842291,26.37285517157719,9
947,953,0.01041339949533393,6,26.31533159467548,26.615678987017695,6
959,962,-0.00497699624308675,3,26.809468260202017,26.70284710565204,3
964,965,-0.004471033564499863,1,26.55143381858114,26.459272900611246,1
968,969,-0.0025406516430310977,1,26.478319606783586,26.437525740176692,1
979,981,0.0001609675444420517,2,26.095186440099486,26.125482104622606,2
984,991,0.020869327252061334,7,25.770835270941628,26.334426101040815,7
996,1000,-0.0020662893022502194,4,26.22505252603854,26.197089033079074,4
1001,1007,-0.005212833418762792,6,26.14387947280637,26.033739663667223,6
1013,1015,0.008817313499364408,2,26.481738378706954,26.74171790637887,2
1017,1018,0.0021638496172584195,1,26.9527165039383,27.03799084573336,1
1020,1024,0.013204211716085972,4,27.338689381739812,27.727013913758356,4
1026,1027,-0.009504286605682907,1,27.689882562639564,27.454399865249176,1
1029,1031,0.003179272071250824,2,27.65125258848187,27.766814696160015,2
1032,1033,0.004240675563450361,1,27.979130932135728,28.12576047989835,1
1035,1038,0.0020127235675108787,3,28.272613508855667,28.357791077888923,3
1040,1043,0.00022302898163144855,3,28.42653747987681,28.461303959062132,3
1045,1047,-0.011372226018646583,2,28.43084515879878,28.135954006910573,2
1050,1051,-0.004234978864515244,1,27.915652239527066,27.82534569454304,1
1053,1054,0.0003312487354266945,1,27.812675760450738,27.84970134988567,1
1058,1061,0.024399956335406345,3,28.30781058096572,29.026827733673205,3
1065,1070,-0.009809823201801057,5,29.403428805438914,29.144389796136252,5
1072,1073,-0.003502474629149444,1,28.759300191486638,28.68733077240535,1
1079,1085,-0.013541976360079807,6,29.081217546559856,28.716481603568564,6
1088,1089,0.0011488858360160824,1,28.450686577306648,28.511823854717555,1
1093,1094,-0.00872717483287791,1,28.308888082299703,28.0901403547634,1
1101,1102,0.0006336507239765195,1,27.827194126548235,27.872654042379306,1
1105,1106,-0.0005205150710016835,1,27.96006680829393,27.973473238942294,1
1108,1111,-0.004537469149390998,3,28.209705525346777,28.109914562337458,3
1121,1123,0.001489729313717989,2,27.38622894033848,27.454413237323433,2
1124,1125,-0.0012032608455181128,1,27.546186071445018,27.540587010373336,1
1128,1130,0.0002414298081015345,2,27.60699247861249,27.641264621987474,2
1133,1134,-0.00011847388260743756,1,27.540982618460045,27.565260713936873,1
1138,1140,-0.0004478275884016263,2,27.834189995370384,27.849559267185015,2
1146,1152,0.011590622923908615,6,28.25052254093618,28.60621421765249,6
1154,1159,-0.01189996178572671,5,28.67363348000328,28.36109197081331,5
1164,1165,-0.005618383619811438,1,28.07779831374079,27.94812426992824,1
1168,1169,-0.005316384620823266,1,27.88076670236708,27.76042258975622,1
1174,1177,-0.01707992451758852,3,27.48738995598585,27.045394800308078,3
1178,1180,-0.005059581280128285,2,26.991292749220896,26.881719402449697,2
1183,1186,-0.003398316210050091,3,26.732771033352375,26.668657395243528,3
1190,1195,-0.0007159016051447203,5,26.970832361109398,26.9784947312911,5
1201,1207,0.0025995207397242824,6,26.925672475122774,27.022591991628,6
1208,1209,0.006073205063238615,1,27.141172693028054,27.333147773142613,1
1212,1215,-0.007966406102488168,3,27.69671667054878,27.503770094516184,3
1219,1222,0.010855365622865279,3,27.688974356551753,28.017237271270815,3
1225,1226,-0.009150438421302101,1,27.983762662681748,27.755682728303228,1
1230,1231,0.001996942997092018,1,27.597617391060655,27.68032587723722,1
1236,1237,-0.007795248669133622,1,27.700193284072448,27.51196358252411,1
1240,1245,0.00329408923188729,5,27.38578550880978,27.503382515469934,5
1247,1250,-0.020067967424735315,3,27.342549598124734,26.82118275307848,3
1255,1257,-0.0073386923572158575,2,26.60793735987158,26.439277830687285,2
1258,1259,-0.00013493681416727385,1,26.346941052509656,26.369732821273487,1
1262,1264,0.005814494359259609,2,26.72750239301572,26.909636807310022,2
1266,1269,0.004801542207497724,3,26.91535359181513,27.07150415170777,3
1270,1272,-0.007590074375855544,2,27.14473781948814,26.965851978344613,2
1278,1281,-0.0009894588634897766,3,26.518609755423842,26.518889291709336,3
1282,1285,-0.019613818357375724,3,26.434462765561598,25.942416477268623,3
1288,1289,0.00015570799018816707,1,26.110633824489632,26.140810092629472,1
1291,1292,-0.0025611375486676285,1,26.20214561600673,26.161240462629927,1
1294,1303,-0.02803329407167606,9,26.145157442490948,25.43836771279782,9
1305,1308,0.01436350486104565,3,25.17306437870816,25.559810875657856,3
1309,1311,0.006390501778596677,2,25.643504845018263,25.833023213184823,2
1312,1313,0.003927781574472957,1,25.978179051386974,26.106193843454758,1
1316,1318,-0.021273324519440927,2,26.517842386850074,25.980237562586076,2
1319,1322,-0.008092502676116591,3,25.789699010762472,25.606785501512398,3
1324,1326,-0.008178627636423352,2,25.504368709454155,25.321282343386937,2
1327,1329,-0.0017324165237743339,2,25.349559402515254,25.330992966338453,2
1332,1334,0.0035848522255194065,2,25.860371657287875,25.97893763983355,2
1338,1343,0.004961709253841489,5,26.265280244905725,26.42186620919652,5
1346,1349,-0.002847715744199105,3,26.344299780776748,26.295623003301905,3
1352,1353,-0.009792731078214566,1,26.01306239922512,25.78433653702792,1
1354,1356,-0.002976055095823058,2,25.72690139407927,25.676063619479763,2
1357,1359,-0.0005866503464451308,2,25.711979361569263,25.722607399330577,2
1360,1366,0.0021015890484968607,6,25.787605431725098,25.867587986319094,6
1370,1375,0.020251463633084582,5,26.16689422426512,26.722979025262863,5
1377,1378,-0.0018764304157894707,1,26.646236230158344,26.622882658259922,1
1379,1380,-0.0027180541701076364,1,26.59632900854472,26.550635074582036,1
1382,1390,-0.0059577476205352345,8,26.725854943182984,26.59335489943165,8
1391,1393,0.011447544372172318,2,26.691903364806816,27.024152016317984,2
1397,1400,0.0020762119755087937,3,27.214998131091455,27.29871723425577,3
1402,1404,0.0022777517614688235,2,27.46541445410762,27.555439264714042,2
1405,1406,-0.00227300708298425,1,27.47073346443344,27.435763026158444,1
1408,1411,-0.008661204191458037,3,27.354874094927844,27.145302818854976,3
1412,1414,-0.005594256039145722,2,27.081642562493787,26.957222562601064,2
1415,1421,-0.005220917494049929,6,27.056046856569996,26.941845515073265,6
1423,1426,0.010619553765379163,3,27.27980919559126,27.596788405248716,3
1427,1430,0.0011411615939421207,3,27.81223886062542,27.871789358315336,3
1432,1438,-0.010284361516862541,6,28.07311836456715,27.812477384764836,6
1441,1442,-1.3480062549706693e-05,1,27.994259677182814,28.021876572488516,1
1443,1448,-0.01793696789793772,5,28.099629452348317,27.62370693036995,5
1451,1454,0.007070805939786613,3,27.587623379326942,27.81027773396141,3
1456,1460,-0.016879018519213307,4,27.930231956260563,27.48672728578118,4
1462,1467,-0.009395313705098982,5,27.253510895390985,27.024709121858844,5
1470,1481,-0.026021012816326156,11,27.053625718321346,26.376716602495136,11
1485,1486,0.00030397564660612927,1,25.90875111159521,25.942535492078708,1
1487,1496,-0.02651460081106172,9,26.054078327512332,25.38931891948572,9
1497,1498,-0.001336284199051757,1,25.507812630677034,25.499234756336964,1
1499,1502,0.0033909221966483436,3,25.626489312902514,25.73901323364871,3
1503,1504,-0.0065034983846903064,1,25.868057749404638,25.725692935365714,1
1506,1509,0.008388026324748506,3,25.581606916552815,25.82176771571478,3
1512,1513,-0.0027588804045221927,1,25.72525074333853,25.680003103904653,1
1517,1520,-0.0010896825691445067,3,25.691820410953586,25.689516302493132,3
1521,1522,0.001288362928639709,1,25.754837581633165,25.81377399718811,1
1524,1526,-0.0029166289554591568,2,25.88491067867287,25.835298909356652,2
1527,1528,-0.005506831073861855,1,25.810787070513786,25.694462213303563,1
1529,1531,-0.008391453296866434,2,25.55130895677012,25.36244764994235,2
1533,1537,-0.004544638555405888,4,25.370414087088797,25.28048513914909,4
1540,1543,0.006914316018153436,3,25.468177375379085,25.66974057953422,3
1546,1553,0.0036808922376174585,7,25.817748788519342,25.93859888841628,7
1556,1561,-0.004402530236497789,5,25.803744539327752,25.715946518317825,5
1562,1563,0.0012764174721034754,1,25.761523112484465,25.820167093805722,1
1566,1567,0.0006900898155729593,1,26.031130160624794,26.07512510859712,1
1568,1571,0.004817222086828486,3,26.187652486689185,26.339991877136942,3
1573,1574,-0.00034022890417989744,1,26.367763579684638,26.385160267955932,1
1577,1578,-0.003906369509566222,1,26.530301383756484,26.45319452473513,1
1585,1591,0.01811807729755326,6,25.916678037325806,26.4121550913392,6
1596,1601,-0.009943448169268228,5,26.281727564412876,26.04667829614172,5
1605,1606,-0.007467122633458117,1,26.233434406309552,26.06377956890717,1
1607,1608,-0.006807919406298538,1,25.9107913130297,25.760303525330205,1
1610,1613,-0.00864004513049908,3,25.47129207630859,25.27669025531347,3
1620,1621,0.001562913768748962,1,25.566009272953902,25.63153275013152,1
1623,1627,-0.010089386585423563,4,25.553628546932437,25.321361738409053,4
1631,1632,-0.007032533561501537,1,24.829358799178078,24.679574858911472,1
1640,1644,-0.03522790038091874,4,23.418642463077546,22.617071501794975,4
1646,1649,0.06959014248027368,3,21.941540498806113,23.49039696885353,3
1655,1656,0.009062802194127681,1,24.408833244607898,24.654454505337835,1
1657,1659,0.02108370401002415,2,24.91036079801793,25.460473832664267,2
1662,1663,8.228736842553499e-05,1,27.092850930000377,27.122173180336553,1
1664,1665,0.00959554890792473,1,27.17247087142375,27.460378115491082,1
1667,1674,-0.03267450484113599,7,27.62164457350245,26.74674265873891,7
1675,1676,-0.012666211231616847,1,26.64943129083306,26.338533396191742,1
1679,1685,0.03224520424878199,6,25.66846127059612,26.521814508289037,6
1689,1692,0.016581782436156513,3,26.763862622021758,27.234419031793326,3
1693,1694,0.0058296103906925745,1,27.52425565410894,27.712235596520323,1
1695,1698,-0.0007612292304951405,3,27.929266321416957,27.935935013828228,3
1699,1701,-0.001428602539379621,2,27.792338203383622,27.780426336654354,2
1703,1708,0.0802151889692763,5,27.600144680595573,29.84169564640951,5
1709,1710,-0.001551580736854813,1,30.11560875683293,30.098997567164005,1
1711,1714,0.009559818366847286,3,30.300469092233875,30.620436542278135,3
1717,1721,0.028215291262012998,4,30.425910817028857,31.314812663460387,4
1731,1735,-0.024001383811782063,4,31.702237582070218,30.97304224775272,4
1736,1737,0.004367456714741005,1,30.907056123740368,31.072948409664615,1
1738,1742,-0.005039079663835019,4,31.291834943849477,31.165444729683692,4
1744,1750,-0.02905127241038075,6,31.131851026626062,30.258562992838783,6
1751,1754,0.005934158034075924,3,30.26423746728776,30.474094472666735,3
1757,1759,0.009492068186071453,2,30.418680438465614,30.737835307756313,2
1762,1764,-0.013824857975253159,2,31.51277410677331,31.108627254447708,2
1770,1772,0.0622707185653527,2,31.41501174965829,33.40266211679817,2
1776,1778,0.005130786258005992,2,33.54047105678409,33.74610051582607,2
1782,1783,-0.0065523189934906445,1,34.10217766361661,33.91283149485552,1
1785,1788,-0.016504035796684448,3,32.64282448447375,32.13672896516158,3
1791,1799,0.12921165825659292,8,31.042704302307843,35.08482630628042,8
1802,1804,0.007576762928855267,2,34.98246744031395,35.28250377021592,2
1806,1810,-0.03180559094230843,4,34.73160185013429,33.66167433076793,4
1811,1815,0.002452431023241237,4,33.404588450853076,33.51991548833941,4
1816,1817,-0.011453221299461636,1,33.34772321163441,32.99913208107,1
1818,1821,-0.031610253123812854,3,32.805019778357575,31.800849819210363,3
1824,1825,-0.01469229789953783,1,30.970988008511338,30.546924014455787,1
1826,1828,0.019749622933597874,2,29.856254919346906,30.47576095113273,2
1835,1837,-0.01919027076035984,2,31.813101574956924,31.234412643581628,2
1842,1843,-0.009184269630065751,1,30.005685827760626,29.76011120451119,1
1847,1853,-0.0021580677979777594,6,30.227592041138713,30.192586440185462,6
1857,1858,-0.008557398701207128,1,30.996217442425333,30.761966668983614,1
1859,1860,-0.0021028013692243864,1,30.719879604181983,30.686001678892083,1
1864,1865,-0.003354253359975007,1,30.873620891313248,30.80093656559528,1
1866,1867,-0.009285146767354507,1,30.717969601051564,30.463466714511718,1
1874,1875,-0.010807876154646429,1,29.734671111532617,29.443037139771562,1
1878,1879,-0.0013671622566649366,1,29.789053815192094,29.778116398969395,1
1880,1883,0.016086435106518936,3,30.007535465535973,30.52025727297442,3
1886,1887,0.007382195417113379,1,30.36436156458495,30.618881576935188,1
1894,1900,-0.012095301323566041,6,32.01639029489572,31.661158797280958,6
1901,1904,0.004116635531462036,3,31.707243568256892,31.869477977302957,3
1915,1917,6.579992414155024e-05,2,31.410744799753882,31.44422236917869,2
1919,1921,0.028914181231820303,2,31.5523200379343,32.49618185783346,2
1922,1923,0.0009786049763729951,1,33.11888441762345,33.18441360714408,1
1924,1925,-0.013416887464741446,1,33.17915939944926,32.76717751101158,1
1930,1932,-0.00881341876376687,2,32.75629528644666,32.50035663422405,2
1933,1936,-0.010879940013408133,3,32.56776276762341,32.24599522510838,3
1937,1940,-0.017417445780722483,3,32.13982115106991,31.612167379920102,3
1942,1947,-0.0059851060272587955,5,31.519215279488925,31.362088649424678,5
1949,1950,-0.00841807575541274,1,31.333070776897337,31.100639684224603,1
1952,1956,-0.007146862031604183,4,30.800784333263344,30.61145616150158,4
1962,1963,0.018311054129577266,1,32.34638608667108,32.97102889928699,1
1970,1973,-0.003558081971515326,3,34.29535367925471,34.20762335330107,3
1975,1977,-0.005989088131144396,2,33.949400711804756,33.780024159654026,2
1978,1982,-0.010133513207528956,4,33.83011799629362,33.52113016676221,4
1984,1986,-0.002324139979854219,2,33.25956999328603,33.21552966694516,2
1987,1988,0.00030606584583827085,1,33.35929846105634,33.40286790141745,1
1990,1994,0.00802114657798901,4,33.31321899700149,33.61374242855809,4
1995,2000,-0.019822125238293332,5,33.860840560528395,33.22350757882425,5
675,677,-0.009395428152392759,2,27.04771012870305,26.820633021630776,2
678,684,-0.021177433758927208,6,26.71610142551699,26.17703905870684,6
686,688,0.0036200342714947965,2,26.128310800303865,26.249024491657536,2
692,693,-0.0011935588030643758,1,26.68778303707809,26.682617381736993,1
694,696,0.005590622156029073,2,26.7720852851584,26.948529983601865,2
697,699,-0.0009453301758277817,2,27.089564184067374,27.09104516577822,2
705,708,0.004341026169558952,3,27.567391276171694,27.7146294344042,3
709,716,-0.025747346890979142,7,27.717118356804864,27.03119321401069,7
718,723,-0.001352379419474186,5,26.820030417827187,26.810579591078273,5
724,726,-0.010998587591759045,2,26.60222154405206,26.336236901808476,2
728,730,-0.010535391727783928,2,26.26164975791505,26.011234640055466,2
735,737,0.013109387626074994,2,26.250202586423992,26.620576869978844,2
741,744,-0.003033189629090968,3,26.26893557659672,26.215525849215126,3
745,746,0.0032544933649752365,1,26.27558932132623,26.387378641754626,1
751,752,-0.003364012176644282,1,26.343539972636098,26.28126352336487,1
754,759,0.004848803464999562,5,26.229605959053313,26.383017769272197,5
760,763,0.012422103295568483,3,26.53880981717022,26.895016463877724,3
764,766,-0.005282794227296872,2,27.01195607448233,26.89626942493854,2
767,772,0.00898413987002078,5,26.935706926954964,27.20463679241157,5
774,778,0.005717048789622125,4,27.26869655047584,27.451861715634788,4
781,782,-0.0020407866690884168,1,27.831234735198976,27.80226835710231,1
784,789,0.00704766384641979,5,27.981271600319047,28.206455468153788,5
790,791,-0.008133141412717773,1,28.003492022977632,27.80373915432782,1
792,796,-0.008022596609983461,4,27.841129698704947,27.64561267566471,4
798,810,0.021592980480061613,12,27.98230083077129,28.614504407228118,12
813,816,-0.002555155539636707,3,28.55635144155672,28.51194187342057,3
817,821,0.001093563083803486,4,28.41890273772895,28.47839950338286,4
822,823,0.00011795473161684911,1,28.45229088598005,28.484099259201372,1
825,826,-0.00386944838347203,1,28.60746074250338,28.525373110520565,1
827,828,-0.003839189628631056,1,28.5156201147952,28.43465886191129,1
829,830,-0.008316401657233853,1,28.320012372239095,28.11281178678596,1
832,834,-0.0004373109380829891,2,27.94695968993026,27.96268513846162,2
835,839,0.017906384307523445,4,28.156923826456843,28.6892694492375,4
841,843,-0.000843073729439322,2,28.666414281978128,28.670912795461746,2
845,848,-0.0003330057422178161,3,28.59073192302976,28.60980177704821,3
849,851,-0.009771758604006673,2,28.420931802516275,28.171630249443666,2
854,856,-0.0006614182212400514,2,28.107546334524276,28.117063037558797,2
859,862,-0.007742870149567808,3,27.95767914073141,27.76916414060218,3
863,871,0.0036836779310478853,8,27.79448008872802,27.924660481724544,8
875,878,-0.01072678165425256,3,27.784713117650945,27.514457279829507,3
882,885,-0.005341830299586796,3,27.223655603360946,27.105455110596758,3
887,888,0.00015179846354012282,1,27.18165377114289,27.212961558192973,1
892,895,0.0019418672633076534,3,27.050345822692275,27.129924349529205,3
897,898,-0.005903723742815315,1,27.42927994324349,27.29477433193748,1
901,905,0.007980333667361311,4,27.340067152681335,27.58559007820048,4
909,910,0.0002163056112041155,1,27.77282460282679,27.806604845230197,1
913,916,-0.017747182632841658,3,27.96867250684607,27.50027604037578,3
921,925,-0.010032425564095365,4,27.338312332276235,27.09138106108696,4
930,931,-0.004833712545129697,1,27.345882300312816,27.241046048280467,1
932,933,0.002324064906885112,1,27.2544830640423,27.34507873475078,1
934,935,-0.003532764197901138,1,27.37760279959864,27.30826178740346,1
937,938,-0.004015207684127663,1,27.265227708102895,27.183017384007933,1
939,940,-0.005784848587387812,1,27.190733535073527,27.06062999212819,1
942,944,-0.011898577316750873,2,26.926945277175548,26.63347988216833,2
947,952,0.009851539319314356,5,26.32059113906043,26.60621006871354,5
955,959,0.0054058446169218555,4,26.6526126892525,26.82334518477485,4
967,970,-0.0054127734612829425,3,26.496646826355516,26.379723126427187,3
972,973,-0.002301383716862957,1,26.15424670307076,26.12020999228457,1
979,982,-0.0037549578164537698,3,26.107688053880622,26.035762474607047,3
985,1001,0.011612804259530977,16,25.722595427467787,26.047029488641545,16
1003,1004,-0.002984255408117472,1,26.015532172281983,25.963910711874078,1
1005,1007,-0.0012757011825544693,2,26.063398897609183,26.056213187711723,2
1009,1011,0.006081186549448909,2,26.079163958565676,26.263835383609944,2
1013,1019,0.023876491362272587,6,26.512941979166637,27.17249095129981,6
1025,1029,-0.007932436320780844,4,27.764407403514365,27.571932417205286,4
1034,1037,0.0003299437593107144,3,28.18395132509418,28.221434395271707,3
1039,1041,-0.0005814299608590712,2,28.42191928415384,28.43381584802107,2
1046,1052,-0.020599677048137595,6,28.315281717050464,27.76031133986924,6
1059,1062,0.03353867261346515,3,28.43068996324686,29.412648256062372,3
1063,1067,-0.009997783385375058,4,29.516898639229073,29.251311979065218,4
1068,1072,-0.018374370813521463,4,29.28330216011971,28.774523209745396,4
1073,1078,0.007004067697040408,5,28.738046292229907,28.968067560233596,5
1079,1080,0.0035867160437526857,1,29.111989110905835,29.24551753842638,1
1081,1082,-0.003904940194837324,1,29.267822131278432,29.182800858353932,1
1084,1085,-0.005770516929443619,1,28.830432113454055,28.692896048973648,1
1086,1087,-0.0070179741893933575,1,28.578656867394656,28.406671247999146,1
1090,1097,-0.01978388182013013,7,28.469507781527923,27.934739911882428,7
1101,1103,0.004894569772260522,2,27.79429914292008,27.958134578489105,2
1104,1105,-0.0025611239983178748,1,27.999121683324507,27.955411582532847,1
1108,1109,0.0011532011002206221,1,28.189035730809685,28.249732393559423,1
1114,1121,-0.012129839933921638,7,27.61479070817884,27.307442507788064,7
1129,1131,-0.003660584956213374,2,27.684497518075748,27.61084056045883,2
1136,1137,-0.0005776637095114661,1,27.661050169102943,27.67273243442238,1
1145,1146,-0.0029102320748425224,1,28.26350573430946,28.209515879108288,1
1148,1149,0.002651905631342692,1,28.375950512522515,28.479576805993897,1
1150,1151,0.0011318141589880437,1,28.474341037631866,28.535043041023744,1
1154,1155,-0.005110612208517732,1,28.70233443573947,28.58435026939496,1
1156,1160,-0.010379342946049759,4,28.589850061812495,28.321696053306614,4
1161,1163,-0.006413297791578779,2,28.29537118114897,28.142199910822153,2
1167,1168,-0.0038762180326049234,1,27.943683685575866,27.863311558662005,1
1170,1174,-0.007460918925303509,4,27.72674409026362,27.547603844633787,4
1175,1180,-0.01594708118129839,5,27.269140340692932,26.861546286276376,5
1182,1184,-0.004011533265647673,2,26.71220174085277,26.6317570567115,2
1185,1186,-0.0041798742436732605,1,26.730393605983288,26.645394315832373,1
1188,1189,-0.0012293325632098076,1,26.838886994251144,26.832731963503054,1
1191,1192,0.001371458882923835,1,27.033601301209803,27.097710375152978,1
1194,1200,-0.009640542695354262,6,27.10926184565081,26.875023111233926,6
1202,1203,-0.002150326480301434,1,26.90898455485812,26.878030437366643,1
1206,1209,0.01153096716851255,3,26.926124656656235,27.26353504070407,3
1215,1227,0.0004449415532278595,12,27.559531805516112,27.599353718209407,12
1228,1229,-0.004932047044464393,1,27.693805423713155,27.58491207794687,1
1232,1235,0.0007746112595537896,3,27.661783644726988,27.71087255744226,3
1241,1242,0.00042065067775647774,1,27.468590682417485,27.507613954387477,1
1245,1246,-0.002210783478236939,1,27.596482975201116,27.563069609557296,1
1248,1253,-0.019887435686579778,5,27.054094257838713,26.543111792485117,5
1255,1256,-0.0063665182343945,1,26.63949666216227,26.496535317569684,1
1260,1261,0.0016515453944225852,1,26.47346520761398,26.543660802359636,1
1263,1265,0.0050404601981568625,2,26.759287458031793,26.92092586885307,2
1267,1269,0.0035782337231759775,2,26.981472590101717,27.10500007781467,2
1271,1273,-0.0021359078180789256,2,26.945606115790138,26.914998391140337,2
1276,1277,0.0002754333054123409,1,26.549895741652662,26.58375836293679,1
1279,1281,0.0017547103823012133,2,26.47745861151708,26.550396341651176,2
1284,1285,-0.006938344766841856,1,26.084474659510466,25.929576055920343,1
1291,1294,-0.0052771595770712216,3,26.167653004023926,26.05572977636829,3
1299,1302,-0.009684907916826808,3,25.95216724641167,25.726775063634495,3
1305,1306,0.0038298176940795925,1,25.159580711368548,25.28109689946394,1
1311,1312,0.004621349568203022,1,25.783034430148277,25.927969879609154,1
1313,1316,0.011724989470257751,3,26.179265177376042,26.512396051097237,3
1317,1318,-0.012700934313187154,1,26.302571745163007,25.994807080904963,1
1324,1325,-0.008796073499194338,1,25.50651162747365,25.30766098811781,1
1327,1335,0.021594313698866018,8,25.381222068852548,25.954693362336783,8
1338,1339,-0.0034882205752515484,1,26.2385094888831,26.173222289708928,1
1340,1344,0.007856312553752569,4,26.2036018158107,26.435669103525598,4
1346,1349,-0.002389233669779818,3,26.355408494677587,26.31879467381598,3
1354,1356,-0.0016348689675517345,2,25.6587816897871,25.64249172554707,2
1357,1359,-0.0015297538140442949,2,25.756303498112405,25.742658998098598,2
1361,1371,0.011559479869369841,10,25.90134159952151,26.22664897793037,10
1373,1377,0.002484112741678795,4,26.57801900577548,26.670619820442084,4
1381,1383,-0.0005780268676355655,2,26.614673634588552,26.625904311788997,2
1385,1386,-0.0018392421335782436,1,26.549064538806185,26.52678344523813,1
1392,1393,0.0037469467258902855,1,26.825209188326188,26.952547027254035,1
1394,1397,0.00273128415110438,3,27.158046170052412,27.25938055730169,3
1403,1407,-0.00783747202379576,4,27.504683883541045,27.316621376963987,4
1410,1412,-0.0032347657583138866,2,27.126113520503054,27.0654930108513,2
1414,1416,0.004231976283610213,2,26.992468481433065,27.13369243636402,2
1417,1419,-0.005551295547854743,2,27.119035014381783,26.99560827105871,2
1420,1423,0.00733399776983791,3,26.95367479305581,27.178306658670074,3
1424,1426,0.010033216000861801,2,27.33365833012009,27.63523648657006,2
1427,1429,-0.0011328776663009875,2,27.789900533139285,27.786207876009705,2
1431,1433,-0.0011136842240194482,2,27.937159443528483,27.933983429235838,2
1439,1441,0.0024051059685951466,2,27.838616579761844,27.933410019235023,2
1445,1448,-0.016126135406582483,3,28.030353184286756,27.606362266526904,3
1451,1455,0.009697671571547689,4,27.570241792472267,27.865179184316293,4
1457,1463,-0.027988190136745045,6,27.899829465325592,27.146863562932623,6
1471,1473,-0.0015133085361013479,2,27.05274206862692,27.038855665198145,2
1475,1476,-0.012827931489265476,1,26.863816935926717,26.546073549668407,1
1480,1485,-0.023668162625659243,5,26.46239184692728,25.862538045077212,5
1487,1489,-0.0007304257874149369,2,26.017001266960357,26.024014779590722,2
1490,1492,-0.010139008461182975,2,26.02925652405567,25.79137492844402,2
1493,1495,-0.016866149436327523,2,25.719886179538825,25.311810621928927,2
1504,1506,-0.00496337481127761,2,25.685238209409388,25.58343798326855,2
1508,1513,-0.003023327207385216,5,25.745451852928124,25.693360379727668,5
1514,1517,-0.00297189042943668,3,25.73793835277451,25.687185958463242,3
1518,1519,-0.0031454132503668493,1,25.760973737234966,25.70570580283675,1
1526,1528,-0.009952347482199805,2,25.84935196519862,25.617939584216476,2
1533,1534,-0.0029598758351044776,1,25.40074908587642,25.35096677154946,1
1541,1546,0.00426091363004715,5,25.575942827169424,25.710495653390186,5
1547,1548,-0.0007036118595197685,1,25.687067213238592,25.694680555324314,1
1549,1555,0.004925296180584737,6,25.716777451330397,25.869156974539713,6
1559,1565,0.007876098218328836,6,25.73372941420013,25.96214452400447,6
1582,1584,0.0008431500561447973,2,25.928250771675593,25.976040428541143,2
1587,1591,0.011821629136656579,4,26.029291388255796,26.36302930912598,4
1593,1605,-0.01297213847345488,12,26.474344909438685,26.15739038618888,12
1608,1611,-0.01986434017862216,3,25.82524080693552,25.338064679158652,3
1612,1614,-0.004559477315254436,2,25.347994704200495,25.257769092063704,2
1615,1619,0.006742718509294691,4,25.391718178502245,25.58831910482573,4
1623,1624,-0.004956682062382594,1,25.534968441705516,25.433934690108714,1
1626,1628,-0.0054785479339275285,2,25.279355130490327,25.16614032679965,2
1629,1632,-0.017058806337408954,3,25.079090018167836,24.676349768447633,3
1636,1637,-0.006070157013515069,1,23.842065704684746,23.72118268803545,1
1638,1641,-0.021148189881873232,3,23.752960821471234,23.274381656583536,3
1646,1651,0.0876661366842697,5,21.983732997857047,23.93294567267553,5
1653,1658,0.030496777960446003,5,24.261145718671436,25.025293638438455,5
1663,1665,0.009819590462269639,2,27.134287023341738,27.427868896419973,2
1669,1674,-0.005099301325304075,5,26.85091224850267,26.74084226833676,5
1676,1682,-0.00791795145284778,6,26.427178015202387,26.24435608065745,6
1685,1689,0.006555605959555468,4,26.505532134759537,26.705797491318116,4
1690,1696,0.03464446288586547,6,27.00437507905002,27.96693152431121,6
1698,1700,-0.006036970773848241,2,27.963248903017337,27.822398835550995,2
1703,1704,0.006112498441253942,1,27.65083110247483,27.847497595590557,1
1708,1710,0.006129724084953103,2,29.836182511479336,30.048906260534487,2
1713,1718,-0.009808626786941572,5,30.634353909488254,30.364507319040488,5
1719,1723,0.058332026148377354,4,30.553383993063452,32.36617817106131,4
1725,1726,-0.0013990633605578133,1,32.42059382979276,32.40765595866776,1
1728,1729,-0.0014251566238914408,1,31.90264245504448,31.889078835285076,1
1731,1732,-0.010818270239763606,1,31.683341020238046,31.37226541600276,1
1733,1736,-0.0101870089016395,3,31.193373892352643,30.90680008873143,3
1737,1738,0.0029526537738329174,1,31.100082581629025,31.223010440411816,1
1741,1743,0.011915052168074855,2,30.972322576594593,31.372331738437754,2
1746,1747,-0.005523437616917791,1,30.54839708247904,30.41021331397961,1
1748,1749,-0.003582457366354738,1,30.36189646752958,30.283488164340508,1
1751,1754,0.004388511442704729,3,30.284357488993976,30.44754509585838,3
1759,1768,-0.016019206878001423,9,30.721942987736213,30.260523770309238,9
1769,1770,0.024541558097573503,1,30.608220790607223,31.390002440193875,1
1778,1779,-0.00328501070551595,1,33.7214626827793,33.64440877954349,1
1780,1783,0.011652990491047968,3,33.47009983399841,33.89359668893242,3
1784,1787,-0.04604955635123004,3,33.35352933666763,31.850967637303015,3
1789,1792,-0.005368063993415636,3,31.82648069494123,31.68746059058052,3
1797,1803,0.028430162612293884,6,34.03063786773367,35.032165073981155,6
1805,1808,-0.021592051642267168,3,34.93146012899011,34.21214969807415,3
1812,1813,-0.006349316231989084,1,33.28964157678182,33.11156475673804,1
1816,1819,-0.03258036039871668,3,33.401302341352334,32.34647717562593,3
1821,1826,-0.06078370684885016,5,31.8047189179525,29.90331492575155,5
1832,1833,0.006019296842472835,1,31.29468764297112,31.5143543451296,1
1837,1838,-0.01507456153921084,1,31.25731113756992,30.817378188413933,1
1839,1840,-0.014844105672585765,1,30.386498537917657,29.965824641138852,1
1842,1843,-0.0058067928867459725,1,29.977652565509903,29.833556198396668,1
1845,1846,0.0067796836411188385,1,29.947355973972112,30.180336929337585,1
1847,1848,-0.0028422745856030987,1,30.18211236118695,30.126508622644117,1
1850,1851,0.002024662948925434,1,30.38445165296429,30.476354378102428,1
1852,1854,-0.0015491118413287382,2,30.357771534802183,30.34110172297607,2
1855,1859,-0.010416977000335573,4,30.958572629536995,30.667036463121427,4
1866,1869,-0.011642694274820183,3,30.70894940329221,30.38212344329205,3
1881,1884,0.002680081168998272,3,30.308263739998075,30.419800610652675,3
1898,1899,-0.007218946949800144,1,31.846773190052147,31.648719797060895,1
1902,1905,-0.004990647939049249,3,31.886646348913455,31.75939796937797,3
1916,1918,-0.005111309305880966,2,31.44801694375926,31.31872441904688,2
1920,1921,0.013321314486262205,1,32.03385450481852,32.492621409389194,1
1922,1927,-0.018294891957400233,5,33.17020905837319,32.596533876504246,5
1929,1930,-0.00033365138179152875,1,32.61915311602356,32.640888843629554,1
1934,1935,-0.0015171388018994517,1,32.35350894973166,32.336777694876154,1
1944,1947,-0.007880054536017813,3,31.57026385775626,31.353058720698424,3
1949,1956,-0.023897419443836537,7,31.298720753647807,30.58206081649602,7
1959,1967,0.0762996892287977,8,31.279536893360824,33.69743537443833,8
1977,1981,-0.0027740296835315967,4,33.758538940624845,33.69865029047152,4
1983,1986,-0.007416179780069136,3,33.381899325276066,33.16771505780493,3
1989,1992,-0.007226005182515486,3,33.4996232986752,33.291054470405335,3
1993,1994,0.005647475456834729,1,33.43953796336853,33.661826471267915,1
1995,1999,-0.016901003512721762,4,33.75085254088754,33.214180116077536,4
673,675,-6.0129907056856186e-05,2,27.01905580201926,27.04445020450714,2
677,678,-0.008800675443257962,1,26.898690228602426,26.688862276280364,1
682,683,-0.0022985532133390873,1,26.26777795041373,26.233667842948943,1
684,685,-0.002186650974825574,1,26.21635731701429,26.18524765104768,1
686,692,0.014739830934604639,6,26.114245856232596,26.525279670994397,6
693,694,-0.0005927235087290727,1,26.73603070931467,26.74691966609247,1
696,697,0.001402862796574126,1,27.01316923168895,27.078078171053335,1
698,699,-0.0024563747780371784,1,27.137154466830395,27.097632599517205,1
702,706,0.020365560856139945,4,26.95675074640088,27.532696844956902,4
707,708,-0.00043201470569748796,1,27.73624177895236,27.751995556402022,1
716,717,-0.00790447494786524,1,27.07144392979569,26.88452982337988,1
719,723,0.005155589682868921,4,26.652535375972366,26.816597447755,4
725,726,-0.0082794520862608,1,26.51653085287928,26.32350503704189,1
728,730,-0.008711820625499425,2,26.229498803759604,26.02722161388826,2
731,733,-0.003593208018410089,2,26.017949267214963,25.950479312552634,2
740,745,-0.0021704286191807304,5,26.36419088496852,26.333333481435208,5
746,749,-0.0031277571237082026,3,26.40904990948268,26.35285786540741,3
751,753,-0.0010639634524443014,2,26.268168470500743,26.26648826775598,2
759,761,0.007974005416158114,2,26.45497970937509,26.692386840571373,2
762,765,0.0006256656049780853,3,26.857497850768734,26.9011591612605,3
766,767,-0.0030624242113453668,1,26.956524984446634,26.900929194664975,1
769,770,0.00010615200486577747,1,26.936923550184734,26.966719882174687,1
771,775,0.00048108042255676003,4,27.127317818581325,27.1674955579189,4
777,781,0.020195786490886963,4,27.174083661729508,27.750059737109027,4
786,788,0.0004018758344628442,2,28.16295762473107,28.202438594452182,2
789,791,-0.012864792657785395,2,28.15530503570627,27.821248179240914,2
794,795,-0.004332853345059384,1,27.73183095146988,27.639404825918653,1
796,802,0.016370569649396177,6,27.67234042234526,28.15302473901341,6
813,815,-0.0013820231847309016,2,28.632735614188647,28.621797245341757,2
816,820,-0.00581747961925268,4,28.553815108223194,28.41625768588742,4
821,823,0.0003427899397874664,2,28.436731189146695,28.47491574570792,2
828,829,-0.009261837794446361,1,28.497794637275096,28.262350480482485,1
836,837,0.005850895781677254,1,28.347981129256382,28.54219019359387,1
838,842,-0.00036793309177876664,4,28.64608503747458,28.66419127987686,4
847,848,-0.0020140439805325155,1,28.63419495514446,28.6051586221128,1
851,853,-0.006617528284883471,2,28.23284432023057,28.074245518698962,2
855,859,-0.009688487107640944,4,28.151319818356296,27.90672743905143,4
864,865,-0.00560862769822422,1,27.937618575948864,27.808864493157323,1
868,869,-0.0013016968781351529,1,27.657807057446213,27.649462783400917,1
872,873,-0.004521777549039992,1,27.935915651289974,27.837531570737386,1
874,876,-0.005513740077046021,2,27.858351910183565,27.732606550686118,2
877,882,-0.020261603690286303,5,27.672548506715852,27.139530844279268,5
884,885,0.00030370402020413797,1,27.133412074113338,27.168786012516215,1
891,895,-0.001890738218584027,4,27.120963418984132,27.096805740342024,4
900,902,0.001609914074272177,2,27.330266597239916,27.401596244685663,2
903,909,0.014089433157455106,6,27.365925480038854,27.778861783361798,6
910,911,0.002054243268858519,1,27.794417985004163,27.879308899046702,1
921,922,-0.00394141778912323,1,27.292846690018315,27.212567025248482,1
923,926,-0.006005248950831711,3,27.201177882921886,27.065029215862005,3
929,936,-0.002861947292024895,7,27.272316528824796,27.221536912916704,7
938,940,-0.007993018762127865,2,27.2098325623136,27.019553692690984,2
941,942,-0.008486666790582638,1,27.06416342517742,26.861543051647242,1
946,951,0.011017192893308277,5,26.357891238621637,26.674639101896993,5
957,958,1.3011262604356935e-06,1,26.775084712664622,26.80189463514313,1
959,962,-0.004805024710503838,3,26.780633357286185,26.678732385598767,3
965,966,-0.0020372658759689553,1,26.43310983674532,26.405691673915925,1
967,972,-0.009337330038203973,5,26.45512735116332,26.234562223233954,5
974,978,-0.005645780701070142,4,26.241855753120785,26.11994184610267,4
979,981,-0.0035294615830112133,2,26.109077947722703,26.043036038086093,2
983,987,0.0005192911076141746,4,25.902979452423033,25.94233361876581,4
988,996,0.0078020934932468726,8,26.027160360496552,26.25625385935337,8
1003,1006,0.00356468710276404,3,25.976204367211707,26.09477761226548,3
1008,1009,0.0006518156585100998,1,26.0373035969333,26.080312422720095,1
1010,1012,0.006284740656687636,2,26.09615227141823,26.286255972852942,2
1013,1017,0.01200899051275536,4,26.53461597331056,26.879804540766965,4
1022,1024,0.0016421232722098364,2,27.601241488682994,27.674167371162127,2
1026,1033,0.01603005167373964,7,27.63605618909223,28.106699654050843,7
1037,1038,0.004165223515079142,1,28.22730812795993,28.373108483669853,1
1039,1041,-0.0031924281400984864,2,28.464782669346977,28.402375678820913,2
1045,1047,-0.012243240169027867,2,28.411329044906296,28.091893648933137,2
1053,1057,0.014023866691112073,4,27.809814207931492,28.22762514929605,4
1059,1065,0.03453090466225994,6,28.36785233499855,29.37578779178645,6
1070,1077,-0.015892693283646186,7,29.212022727068902,28.776977032399763,7
1080,1081,0.0025883198748934207,1,29.17241561819379,29.277095576955205,1
1088,1090,0.001613287716612695,2,28.429778390165048,28.504073580818087,2
1091,1097,-0.020954268148784434,6,28.474844805641016,27.906650116894234,6
1098,1099,-0.0005137001220597917,1,27.71445367885713,27.727931214298337,1
1103,1108,0.004985971720052894,5,27.9893721694012,28.15691575966927,5
1109,1111,-0.00509065809971632,2,28.323160140996556,28.207299776556226,2
1117,1118,-0.001142358532924822,1,27.11088434950086,27.10702488377857,1
1129,1130,-0.0022222232391325225,1,27.663710038084727,27.629898808795556,1
1131,1136,-0.0009391797257960751,5,27.63802851723702,27.639709469709896,5
1137,1140,0.003162263670003043,3,27.754600379921094,27.870122344757892,3
1142,1143,0.002427659293644266,1,28.04333395140576,28.139456945649066,1
1149,1156,0.003639178211468766,7,28.49075071312305,28.622924383059758,7
1158,1164,-0.01636797155661551,6,28.47574717189298,28.038132699301954,6
1165,1166,-0.0031042155877671496,1,27.991113667558835,27.932214329860596,1
1170,1171,-0.0032559048366891242,1,27.744702582631973,27.682113173883312,1
1174,1178,-0.022702653316766665,4,27.52105791048049,26.923777931738673,4
1179,1184,-0.00959500245077155,5,26.912747411165043,26.681432281209084,5
1186,1188,0.004231179963977104,2,26.65523286644162,26.794671186547692,2
1191,1198,-0.008202478211296525,7,27.03196012929924,26.837263025459325,7
1200,1202,-0.00036243335543839595,2,26.909573853331665,26.926730500039916,2
1203,1206,-0.0016453514915329543,3,26.943165152944886,26.925777341126814,3
1207,1209,0.0076566501197370814,2,27.01694402785758,27.250820259611263,2
1211,1213,0.004178206976634642,2,27.49370715364958,27.63607525984616,2
1214,1221,0.01109343500163983,7,27.588616031365664,27.922257166126183,7
1233,1234,-0.001237452969585913,1,27.72667097738819,27.720087197027876,1
1235,1236,-0.0034046750632000726,1,27.690446461084562,27.623859934990715,1
1237,1239,-0.0060461722174246215,2,27.54628587875956,27.407282576264926,2
1240,1244,0.003453758477295985,4,27.406450223213856,27.528511933228085,4
1246,1247,-0.009085500262500278,1,27.56210638721888,27.33925296878996,1
1249,1250,-0.003469215684337799,1,26.933037702929973,26.866534223807037,1
1251,1252,-0.006556378147715809,1,26.822592929404177,26.67355646018616,1
1256,1257,-0.0008787962390535474,1,26.433396154129554,26.43659998115802,1
1261,1268,0.01589570921553804,7,26.590535291023404,27.039801243186037,7
1269,1278,-0.022985397590934268,9,27.127718762963934,26.531305080225124,9
1281,1283,-0.014347366607191329,2,26.560787280197243,26.206270714992826,2
1284,1289,0.0016643949064756905,5,26.089064052438967,26.158575621815004,5
1293,1299,-0.008625427260139151,6,26.13712464773042,25.937817904939962,6
1301,1302,-0.005089345681267618,1,25.855620392108097,25.749887822521135,1
1308,1310,0.0025169888429776442,2,25.570698228955703,25.660630089334088,2
1311,1312,0.00614099011929638,1,25.779498391165166,25.963589534456894,1
1314,1316,0.008019650834304129,2,26.312024476591436,26.549349750113954,2
1319,1320,-0.004013268601596509,1,25.736492068052215,25.658941104588315,1
1322,1323,-0.0021775711180081992,1,25.609761891136877,25.579604575194807,1
1325,1332,0.018573284378236177,7,25.337421945212974,25.83335851035799,7
1335,1340,0.008771668765019607,5,25.990027577870194,26.243993518554866,5
1345,1347,-0.004661010789648359,2,26.44817561447802,26.351348558186903,2
1351,1352,-0.007595785176908074,1,26.157280300138517,25.984752498466634,1
1353,1355,-0.009593476429119605,2,25.808838855808233,25.5870512074379,2
1356,1357,0.0007841962740473747,1,25.64994711730606,25.69571165738227,1
1358,1364,0.00345183904405923,6,25.740426408259026,25.855018643554047,6
1365,1366,0.00102505232495472,1,25.8236067204772,25.87590087530522,1
1368,1369,0.0013856534942539704,1,26.045240373681075,26.107375292387232,1
1384,1387,-0.0069916544473750605,3,26.640800597627287,26.48117812624488,3
1389,1390,0.0032382572871174796,1,26.511595523731376,26.623958486652942,1
1392,1397,0.012878236837084788,5,26.85389001718355,27.22657466283905,5
1398,1400,-0.003648506480950416,2,27.35564100880985,27.283189416307465,2
1406,1408,-0.006471235698369027,2,27.45565466325747,27.305438305341763,2
1412,1413,-0.0038877127942809164,1,27.025928459510805,26.947885340120955,1
1414,1419,0.0006435855324588245,5,26.930610441147284,26.974873202848638,5
1421,1423,0.011526681389030676,2,26.889438884938738,27.226274318580177,2
1427,1434,0.004301699187929405,7,27.7707938868566,27.918026282254704,7
1435,1437,-0.004994203686788404,2,27.91807367578845,27.806563202984584,2
1438,1441,0.003940086815490615,3,27.852631150624052,27.990225566547974,3
1445,1446,-0.010145951827433292,1,28.04156292519736,27.785096141517567,1
1451,1453,0.003808180787871691,2,27.578631316220566,27.711234361471014,2
1460,1461,-0.005762806089638862,1,27.45995630259842,27.329169855499188,1
1468,1469,-0.0018086849640525874,1,27.007525576589217,26.985684996739163,1
1472,1474,-0.005358227888059836,2,27.047789263728003,26.929908834248458,2
1475,1476,-0.011797833375335971,1,26.819537225214532,26.529944331053045,1
1477,1481,-0.005255336318724695,4,26.45571333470426,26.343135376913324,4
1487,1488,-0.0015768897599327393,1,26.043514729929743,26.02849049296939,1
1491,1497,-0.018422843424414016,6,25.912864324654315,25.46138854684778,6
1498,1500,0.003254293026131132,2,25.551621229999952,25.660325314005085,2
1503,1506,-0.012330037109274605,3,25.8515515631119,25.558652524569517,3
1507,1510,0.004351144032499606,3,25.629595281417714,25.766742937263253,3
1517,1518,-0.0032886179137611897,1,25.7304899458584,25.671602685638458,1
1521,1523,0.002935185964269502,2,25.745560090709215,25.84687365742043,2
1526,1530,-0.01802601828875461,4,25.88297731471971,25.44229326959187,4
1531,1532,-0.0010912785704783642,1,25.39999770789086,25.39767923240993,1
1534,1538,-0.00315858153885323,4,25.37315976737674,25.318389733120508,4
1540,1543,0.007285280161591775,3,25.484812212394157,25.6959610214394,3
1547,1550,-0.0023396187542077387,3,25.783463705363882,25.748923693835742,3
1557,1562,-0.002069394440621598,5,25.773911912868357,25.746349434755665,5
1565,1566,0.002915644915170241,1,25.922914335790413,26.024419263495744,1
1567,1568,0.001780304047653398,1,26.097965150193314,26.170525428335914,1
1572,1574,-0.001202172879258149,2,26.420213343112405,26.414871892510213,2
1577,1578,-0.004295200308427512,1,26.539133043449507,26.451681284059333,1
1580,1587,-0.010166504491291847,7,26.231250536575704,25.99080166071998,7
1589,1590,0.004026893531098018,1,26.167106722483904,26.29864598199471,1
1591,1593,0.00029113126250632075,2,26.397102297317232,26.431184421332876,2
1599,1601,0.0008646630655681528,2,26.003987437549867,26.052476112482164,2
1605,1606,-0.0037825668588530033,1,26.14856282495767,26.075802700634306,1
1607,1608,-0.004355532220512066,1,25.87248060890096,25.78566466659322,1
1609,1618,-0.0025572000759904834,9,25.56254530271155,25.522739305223656,9
1619,1621,-5.498214847991258e-05,2,25.553143079653324,25.577291256026044,2
1622,1625,-0.0072924122302522685,3,25.55974698946437,25.39891452490571,3
1632,1634,-0.02208176160274205,2,24.700415998075453,24.17968771651547,2
1635,1636,-0.010444721181138008,1,23.98796312841564,23.761403504964335,1
1637,1644,-0.047351978236791284,7,23.7167454189937,22.617427351484984,7
1645,1648,0.019980506844297464,3,22.313782418032456,22.78193688277615,3
1650,1655,0.024427510786340183,5,23.797258100808747,24.402363137852383,5
1656,1657,0.008318671261643013,1,24.676796495410866,24.906751449742064,1
1659,1660,0.018891107987521905,1,25.484063158685903,25.990969410936152,1
1664,1665,0.012186886434247653,1,27.15749694260382,27.515619770624365,1
1669,1672,0.009805284786956733,3,26.808057142514564,27.097725834524443,3
1673,1677,-0.028630650959628003,4,26.880196858322556,26.137479521204156,4
1682,1685,0.006028560824921197,3,26.27915512554616,26.463859765773602,3
1689,1694,0.03451356831632182,5,26.730772705945405,27.680077828586068,5
1695,1696,-0.0008733861492750645,1,27.92322955936238,27.926765026981567,1
1703,1706,0.04156853094512385,3,27.69904828062071,28.87815607450479,3
1708,1710,0.008137180859581719,2,29.823999114639143,30.096506388505606,2
1712,1716,0.003353127825399817,4,30.58933971177547,30.722499017635407,4
1720,1721,0.014341976267032156,1,30.86542425043134,31.338960856753335,1
1728,1729,-0.0014316454910719737,1,31.907947040642437,31.89417411917298,1
1730,1732,-0.016364717967085045,2,31.86109704444337,31.37156027423357,2
1736,1740,0.001973577840789932,4,30.928801571220486,31.020770770214856,4
1741,1745,-0.009678264416566072,4,31.014085638074107,30.744937202268876,4
1749,1758,0.0017121408889892876,9,30.32594346783868,30.408191699114983,9
1760,1761,0.005525272401745743,1,31.01652971613793,31.218921021492573,1
1762,1763,-0.004898768878870752,1,31.430594268502716,31.308053645724264,1
1766,1772,0.08732124750029292,6,30.727082755449636,33.440937036455686,6
1773,1774,0.005745778016031712,1,33.86157393831581,34.08999659937713,1
1778,1784,-0.013572789095220545,6,33.731249655219884,33.30715376738657,6
1792,1799,0.10418127446202324,7,31.73911993502481,35.07748102009373,7
1800,1801,-0.004789426759561944,1,35.08294666430254,34.95000240740855,1
1803,1805,-0.007866500396684815,2,35.12038528471177,34.879231145222576,2
1808,1810,-0.017950128927584,2,34.19746937044409,33.61781785561796,2
1815,1816,-0.00931270464651733,1,33.58504475659033,33.30586219898873,1
1821,1824,-0.030708323126239643,3,31.896499818135286,30.94890829494208,3
1828,1831,0.007608776115778278,3,30.511768334202532,30.774437316688175,3
1832,1833,0.0037548417749691688,1,31.33323841048057,31.48222300141979,1
1835,1836,-0.009226044723247992,1,31.872231246566272,31.610048846902316,1
1837,1838,-0.017753730033224994,1,31.322393685280808,30.797626757483222,1
1844,1845,0.0014827331689786258,1,29.817002299191735,29.89102995979945,1
1846,1849,-0.003439339650418661,3,30.250386086990144,30.176595120767676,3
1851,1853,-0.00967352664407774,2,30.44183016851747,30.177792143456344,2
1854,1856,0.020996460302125666,2,30.403218057957385,31.071981237026115,2
1859,1860,5.191037749022924e-05,1,30.701751433153795,30.734046924093455,1
1867,1871,-0.01202915171436865,4,30.47162149380209,30.13554535736413,4
1872,1873,-0.006457616310193008,1,29.886041353308595,29.722934806571676,1
1875,1877,0.0033840588512305224,2,29.56952994180296,29.699164501271046,2
1879,1883,0.0216476971503448,4,29.821334586218104,30.496719140545874,4
1886,1890,0.02826595790483542,4,30.401368884801126,31.29109406683309,4
1894,1899,-0.011084117177509952,5,31.989046934265573,31.666465636583574,5
1903,1907,0.004338742380568536,4,31.928303136101984,32.09876012119433,4
1910,1914,-0.012882057235434282,4,31.61163365076183,31.2360224104179,4
1922,1926,-0.018285523738324788,4,33.116891441376374,32.54444862822694,4
1934,1941,-0.024642600851493716,7,32.3944099735857,31.62852186876057,7
1942,1944,-0.0044370460815992396,2,31.576309914525826,31.46778068226274,2
1945,1947,-0.005726500868344857,2,31.461559072449298,31.312855986173883,2
1950,1955,-0.01792478687485103,5,31.126828808712336,30.600013865034907,5
1959,1964,0.05523571319362846,5,31.330318234848047,33.09220102536807,5
1965,1966,0.007277642669766954,1,33.21088088416922,33.48578868887657,1
1967,1977,-0.003410323704632978,10,33.80810016339601,33.72661169816357,10
1980,1983,-0.013934047192181925,3,33.76808230251997,33.331324332429695,3
1987,1990,-0.00236482477787168,3,33.35394765559392,33.30842536139373,3
1994,1997,0.004084028689878558,3,33.63186291775214,33.80284827372005,3
672,673,-0.004448463520652684,1,27.051429679203906,26.95814381077367,1
679,682,-0.017361761185153108,3,26.648567847261063,26.212550344217828,3
685,686,-0.003291542770496298,1,26.17978174086147,26.119789651280026,1
688,690,0.00366542736258763,2,26.247532253056026,26.369988208229834,2
691,694,0.008824589574413018,3,26.515604732160387,26.776109665971227,3
697,702,-0.0025047047608359636,5,27.050830706967943,27.0101271932186,5
703,705,0.011477909407668348,2,27.157230666178872,27.496096130194605,2
708,709,-0.005406773300964566,1,27.784283013225707,27.66184397665658,1
710,711,-0.009129794587249416,1,27.659462396996126,27.4345966493148,1
712,714,0.002518755510112643,2,27.338116903482486,27.43431305297272,2
718,720,-0.01009995034599068,2,26.866021867242843,26.621542402256633,2
723,728,-0.02309844167601467,5,26.821631038641357,26.228914789478356,5
729,733,-0.010397687641396675,4,26.160221295316248,25.914375706953052,4
734,735,0.0003622990623969517,1,26.188622032020778,26.224298767260468,1
736,737,9.270237554180475e-05,1,26.52941392141677,26.558402675030433,1
744,748,-0.001966910195564645,4,26.29935751144121,26.2739283945266,4
756,761,0.009669731036914944,5,26.381700805703325,26.66318645759654,5
762,764,0.00332993575192758,2,26.839205518659668,26.955417554188244,2
766,767,-0.001468320786838991,1,26.944332374233365,26.931713783295013,1
771,776,9.789580166421111e-05,5,27.145177287633715,27.17497986381324,5
778,779,0.004727719857847286,1,27.419236769120126,27.57628647604963,1
786,792,-0.014709475933151812,6,28.204152299640413,27.817488152473544,6
796,800,0.012675305510719291,4,27.710188173180853,28.089133462208622,4
802,803,-0.0004282549381404581,1,28.182730619765618,28.198843956827186,1
806,808,-0.004798987292310059,2,28.613989358118285,28.5052851761645,2
810,812,-0.0026066980071890035,2,28.70925074765636,28.66312365169221,2
813,818,-0.007969067475420161,5,28.584811413401066,28.385601933888914,5
819,821,5.0813246924711394e-05,2,28.491866107737152,28.521805738072768,2
824,825,-0.004242884294180096,1,28.69593695649134,28.602879353228353,1
827,831,-0.01537975764281091,4,28.51668408367332,28.106621077773493,4
835,838,0.01348917309031607,3,28.20721068616634,28.61590984419322,3
843,844,-0.0019336663902385378,1,28.72014928153634,28.693334243429536,1
845,849,-0.008232879979809487,4,28.583864453861892,28.377120792907967,4
851,853,-0.00845205265016193,2,28.21423986846285,28.003985867478768,2
855,858,-0.008778453740985922,3,28.214947121328713,27.995478460341094,3
859,863,-0.00914132217433716,4,27.960123360085383,27.732490987776718,4
867,868,-0.0018598925102909863,1,27.688672420100033,27.66486313806609,1
869,872,0.005836490081305244,3,27.7144558068476,27.903925409079886,3
878,880,-0.011924963398362593,2,27.576322062846113,27.27505175364806,2
884,890,-0.003154082314027873,6,27.185650780675576,27.127090651133585,6
891,894,-0.003449890989181227,3,27.077464226054875,27.011127390437586,3
895,896,0.005445569197192354,1,27.14477066181855,27.31973415946122,1
898,901,0.000763925103712396,3,27.32203424048208,27.370228262563355,3
902,906,0.0019505206124398196,4,27.463223579325938,27.544254386580782,4
909,911,0.001908475447371217,2,27.753500038985578,27.834220412427584,2
912,915,-0.01233183397954454,3,27.89530855621423,27.57920355084704,3
916,917,-0.0075912151548039675,1,27.55210846604196,27.370506591173783,1
919,921,0.0003177307124212917,2,27.2905777941594,27.326539426678487,2
924,926,-0.004008808013035697,2,27.162141146976435,27.080415479042205,2
930,931,-0.0021527426821946532,1,27.31851856080545,27.287027338446084,1
940,941,-0.004120786923086277,1,27.080361989702045,26.99584995013214,1
943,950,-0.0024686226034701247,7,26.724754512877734,26.68550593432793,7
951,955,-0.002529490547849352,4,26.69012309380479,26.64930080281188,4
957,959,0.003634399141672009,2,26.70996874241599,26.83375339862993,2
961,962,-0.001795127624854188,1,26.736919242851982,26.715659979758495,1
964,966,-0.0050444445485898935,2,26.521762834113467,26.414497035000043,2
968,969,-0.0023215705427850186,1,26.46561241815159,26.430636244382995,1
971,975,-0.002208985025613334,4,26.254102679851623,26.222361862850768,4
978,979,-0.0027865684787932153,1,26.135046899219653,26.088354848237724,1
982,990,0.004587556506554605,8,26.06673127333371,26.212380607264635,8
995,996,-0.005137364290648413,1,26.313298409372166,26.204430708164054,1
997,999,-0.0013533460998835694,2,26.259273212038867,26.249994600263616,2
1003,1004,-0.0019160176753543565,1,26.010812012744843,25.98698564919085,1
1005,1007,0.0007950419960735479,2,26.02320499228422,26.0699177381178,2
1010,1013,0.011819820685150525,3,26.13032862886483,26.465314756330933,3
1015,1016,0.0021798738995865486,1,26.836954260073895,26.922292390469902,1
1017,1027,0.021500749454546882,10,26.942350822348928,27.548573907919106,10
1031,1032,0.005843669155297781,1,27.724403621969103,27.9141402678858,1
1033,1035,0.004291272973760646,2,28.09254427479959,28.24118959508501,2
1036,1041,0.004522357365205236,5,28.3099836532034,28.466321499939507,5
1042,1043,-0.0037035603756682372,1,28.510494174419332,28.43341433207865,1
1044,1045,-0.0025513934051367587,1,28.44901554205588,28.4048799269613,1
1046,1047,-0.007152309688584224,1,28.348925483649314,28.174514114735306,1
1048,1053,-0.010759173266923616,5,28.0777496367472,27.803734013096882,5
1055,1056,0.006730382978218289,1,27.901324674898127,28.117012600234702,1
1059,1061,0.01837278573804835,2,28.47624730265832,29.027911540276396,2
1066,1068,-0.0012849386875834331,2,29.331878555124767,29.323520768144913,2
1072,1074,-0.0038299091547352357,2,28.72482406622861,28.64353542363543,2
1079,1088,-0.02166486342168415,9,29.060428668755595,28.459898879340166,9
1090,1092,-0.00808205498703704,2,28.53809094132914,28.335982612057585,2
1101,1104,0.005005579644693768,3,27.82456101093634,27.991663628166158,3
1110,1113,-0.016411131550487762,3,28.240154984197744,27.80494224073011,3
1118,1121,0.005983198157546077,3,27.17696564227421,27.366747778675034,3
1122,1129,0.005462600618797625,7,27.435758361171796,27.613064710133887,7
1130,1144,0.02005570462727254,14,27.61774010749151,28.19925108566763,14
1145,1152,0.011972023308132906,7,28.30931084715543,28.67653988730191,7
1154,1156,-0.0029940793638220755,2,28.680112527255943,28.622922106713247,2
1158,1160,-0.008553514050447731,2,28.510329547027112,28.294976372210748,2
1161,1164,-0.010190712324466982,3,28.289727196965632,28.02972445256067,3
1169,1179,-0.033856684555746294,10,27.83409653333884,26.919560403648735,10
1182,1187,0.002242027629166526,5,26.654900478539023,26.74131640234313,5
1189,1191,0.004539091972615097,2,26.85900621833045,27.007780724066823,2
1193,1194,-0.0014924762108774541,1,27.126621877195657,27.11326266123967,1
1196,1197,-0.003295906528180229,1,26.951798294933788,26.889919485282253,1
1198,1201,0.0003918677319174938,3,26.823967076856533,26.861302491072827,3
1203,1205,-0.0012134840892578948,2,26.963429349721213,26.95767308656322,2
1206,1209,0.009796665322438596,3,26.94295793434189,27.23385203395552,3
1212,1215,-0.007230573927269826,3,27.635373995804784,27.463189755116172,3
1218,1221,0.009501957297963201,3,27.61882949395125,27.908881261916452,3
1222,1223,-9.421396977206582e-05,1,27.99407597831382,28.019432621264116,1
1225,1229,-0.014428743829816095,4,27.91285351945875,27.538018959986758,4
1230,1231,0.0011938527309459748,1,27.599056702319277,27.659604968237193,1
1233,1234,0.0026457328388103272,1,27.672988749361537,27.773877073193113,1
1242,1246,-0.0010550165993215856,4,27.46693585437871,27.46542471697422,4
1252,1253,-0.004748177875940601,1,26.731199722667192,26.63100643126934,1
1258,1261,0.005560120929403293,3,26.34935468727354,26.522209640433793,3
1262,1263,-3.652721293959278e-06,1,26.740125868456836,26.76676832009813,1
1264,1266,-0.0010742065153307888,2,26.90927291805391,26.907276074680578,2
1267,1271,-0.0033878647623796377,4,26.9943196459926,26.929860861325523,4
1272,1276,-0.015545454199315998,4,26.90440645551704,26.513069643658536,4
1279,1281,-0.0010874807992201367,2,26.52652194943854,26.52420138809787,2
1285,1292,0.00215904660767918,7,25.98719289025484,26.069287643797903,7
1293,1296,-0.010290366326564035,3,26.15510029920855,25.912109836120877,3
1297,1306,-0.032690142273897306,9,26.055578557392092,25.22987356587963,9
1307,1314,0.03637668669103397,7,25.382414690098184,26.33112525143188,7
1321,1322,-0.006648650325638025,1,25.743385363735406,25.597969981617517,1
1324,1325,-0.006522103488051508,1,25.506941257956417,25.36608928866633,1
1326,1329,-0.0006479941431672014,3,25.338019287156524,25.346938418346145,3
1336,1345,0.009090062344221835,9,26.115209119023636,26.378713207166975,9
1346,1354,-0.03122577163870409,8,26.434393621343936,25.63539367633758,8
1355,1356,-1.2776516133985527e-05,1,25.61843711978621,25.64372824253081,1
1357,1360,2.5820107558916817e-05,3,25.75884376729713,25.78526770718109,3
1365,1368,0.00580456781627405,3,25.857841453158155,26.033792888908632,3
1369,1374,0.01859283988896204,5,26.120464910295354,26.632238997108022,5
1375,1378,-0.005184222678773134,3,26.69555011353244,26.583849987325074,3
1382,1383,-0.002712913699452402,1,26.6916303434442,26.645909884168194,1
1385,1391,0.0010799002873031508,6,26.598966685972844,26.654289884424966,6
1396,1405,0.006544384412891303,9,27.226187107838673,27.431591929477513,9
1407,1411,-0.011370742724278234,4,27.389341268506538,27.1052934568234,4
1413,1415,0.0034485272182444276,2,26.934497102824707,27.05431594629635,2
1417,1418,-0.0017576868901669441,1,27.119597286748345,27.09904912341757,1
1420,1422,0.004585842484543177,2,26.927605842128603,27.078019206848598,2
1423,1425,0.00402251142661628,2,27.27228065642977,27.409255997656576,2
1426,1428,0.005276239269211931,2,27.68135210072466,27.85508688980411,2
1430,1439,-0.0012041379188668197,9,27.864842683786247,27.859154412791227,9
1442,1445,-0.004117380961427172,3,28.060419306061238,27.97294428914686,3
1446,1447,-0.006806567013844096,1,27.812697932989444,27.651201638605738,1
1450,1452,0.000954938474577284,2,27.58096658199266,27.634885674729826,2
1453,1461,-0.013354037755078464,8,27.760604782224142,27.417649222640733,8
1463,1468,-0.005390662323254273,5,27.153194304977543,27.033973797786675,5
1469,1473,-0.0015428226761933438,4,27.049702681562096,27.035019489562256,4
1474,1476,-0.016314020271062917,2,26.96225300144312,26.549352512425493,2
1481,1482,-0.01243647244035969,1,26.372546448744973,26.070937548101796,1
1484,1487,0.0036277091907969943,3,25.9062651818491,26.026151843330368,3
1488,1489,-0.000598313079350464,1,26.032871621435685,26.043328685472964,1
1491,1505,-0.011990784969314761,14,25.922927494371645,25.63801417250587,14
1516,1520,-0.0053674066327785075,4,25.821626403186727,25.70885286076432,4
1522,1523,-0.003024920470984262,1,25.877912407085454,25.82551169250601,1
1524,1525,-2.6679292218751197e-05,1,25.873977041088235,25.899160718734983,1
1527,1528,-0.006435068623912002,1,25.776459168905664,25.636362344441196,1
1529,1537,-0.011103674076365522,8,25.566911671151082,25.308591928486546,8
1539,1542,0.010407634068085803,3,25.3503926102648,25.63958061264501,3
1544,1545,-0.0044555121608952294,1,25.787253117795718,25.69814495105109,1
1548,1553,0.007410152436899125,5,25.701527879227854,25.917681646553373,5
1558,1560,-0.0037563284462961404,2,25.74091418130288,25.669963767311287,2
1561,1566,0.009803932092185497,5,25.7518732895528,26.030094779819695,5
1567,1568,0.00048153807831418705,1,26.09133136465738,26.12998666558803,1
1575,1577,0.0016331370216149197,2,26.409963479280663,26.479504531857454,2
1582,1587,5.4082488249720386e-05,5,25.939060055261148,25.966401964227057,5
1588,1591,0.006212041863910081,3,26.13930239320833,26.327820136361552,3
1593,1595,-0.0058386048526441,2,26.43856199735784,26.310636242980493,2
1597,1601,-0.007004403913270983,4,26.19017080036443,26.032914436321487,4
1603,1604,-0.004033729739451469,1,26.261864925641213,26.182193525002837,1
1605,1606,-0.004749406790157635,1,26.209682029270212,26.111411269501794,1
1608,1612,-0.020980632461335844,4,25.821422689600425,25.30549433321072,4
1613,1614,-0.0016806440599187967,1,25.324878352470456,25.30764112445168,1
1615,1616,1.4809270948571915e-05,1,25.38015114664346,25.40590715932515,1
1622,1625,-0.009491500729714764,3,25.57212204415836,25.354976351160033,3
1630,1631,-0.008913968331664059,1,24.99469378680573,24.79688657171731,1
1632,1635,-0.03313394524891276,3,24.778452619877736,23.982223180037806,3
1636,1639,-0.01046607125310195,3,23.795216272876974,23.56996906015495,3
1640,1641,-0.006753944461721916,1,23.393988182052258,23.25938047331455,1
1642,1645,-0.03506353912494619,3,23.119132843248693,22.331613357107862,3
1646,1649,0.06843211897920609,3,21.970544962403174,23.49600645427075,3
1650,1664,0.13791716125034137,14,23.813915814760286,27.122077398001394,14
1665,1669,-0.026815154612152652,4,27.504884581792624,26.794841733724233,4
1673,1684,-0.02034610422378284,11,26.907990106743814,26.38742532568623,11
1695,1703,-0.010866089325280288,8,27.907666241336997,27.632326713339857,8
1710,1712,0.012972311457678888,2,30.13324704230933,30.554278155215655,2
1715,1716,-0.004360430068500443,1,30.875929691831125,30.77217328930179,1
1721,1733,-0.006566085716129205,12,31.387683672041128,31.212977134291798,12
1737,1738,0.0063507344452647385,1,31.03298037061337,31.26109556836286,1
1739,1741,-0.007015619842199886,2,31.12749175447738,30.940240597441232,2
1747,1750,-0.010930319788919049,3,30.50056427796316,30.197683920940506,3
1755,1765,0.01093725542125426,10,30.483875768654322,30.847769579934532,10
1766,1769,-0.003405415876359497,3,30.66068275468762,30.586931061609473,3
1771,1777,0.028254200849467483,6,32.50407880908855,33.45495965899654,6
1780,1781,-0.003584735704616732,1,33.55966458230287,33.47292171902203,1
1782,1784,-0.0266623419285438,2,34.20042867783458,33.322765583001214,2
1786,1787,0.00012200074113316041,1,31.932106020138804,31.967933866759342,1
1788,1793,0.01128543619283916,5,32.12396942450132,32.518626401126745,5
1795,1797,0.036739941215427875,2,32.709380626845665,33.943830728895875,2
1799,1803,-0.001191793161522104,4,35.089311746231495,35.08258185619605,4
1806,1807,-0.008118195036876382,1,34.67244824317498,34.42564299417406,1
1809,1819,-0.04537361869770251,10,33.90174165197537,32.3973986947226,10
1820,1822,-0.017469315917116687,2,32.16539079230603,31.635648809750023,2
1824,1830,-0.014301464021248177,6,31.011247877071693,30.598752879180815,6
1831,1833,0.024279393753980565,2,30.752917268674498,31.53033237339291,2
1834,1836,-0.010643269149987079,2,31.90960666151769,31.601893736010453,2
1841,1843,-0.006939646872884502,2,29.954590856004174,29.776671164097774,2
1845,1846,0.00748419229679943,1,29.942924747781618,30.19696627927039,1
1847,1848,-0.004147178115516701,1,30.224236677899896,30.129115621669012,1
1851,1852,-0.007400442379423602,1,30.52594859449038,30.330569019434098,1
1858,1859,-0.006914243014040007,1,30.78972038878985,30.607622500076204,1
1864,1866,-0.003037573577441634,2,30.819586822149965,30.756789646373484,2
1867,1868,-0.008808583987117587,1,30.554220648194853,30.3156354501025,1
1870,1876,-0.027500871165324656,6,30.327965139378584,29.524247642513455,6
1882,1883,-0.0043597492265587,1,30.609706049049496,30.506865112826013,1
1888,1893,0.02398360875554663,5,31.05995552225065,31.83594529898324,5
1894,1897,-0.0049045048115500325,3,31.979619033239263,31.854754456852444,3
1898,1899,-0.004107043812998567,1,31.72529137467422,31.626719504392963,1
1900,1901,-0.003232274052751879,1,31.763583207247535,31.69267818463157,1
1902,1906,-0.0002658248357781921,4,31.831589337201503,31.854959299530584,4
1913,1915,0.008136174545463316,2,31.059037011517596,31.342797794868826,2
1918,1921,0.03515185768252758,3,31.379565408653,32.51399499144619,3
1922,1927,-0.020239059881133146,5,33.133968140213156,32.49650174306404,5
1930,1931,-0.006207357368444085,1,32.72506442233568,32.55465331698322,1
1934,1935,-0.00017348631751959323,1,32.400389845066194,32.42716921059084,1
1938,1942,-0.013838007853486479,4,31.88129308557276,31.472000794560874,4
1944,1945,-0.007124257109131623,1,31.612318515427102,31.418716549022864,1
1947,1951,-0.014659122983351806,4,31.371258193189757,30.942754319386495,4
1953,1957,-0.0012684367917135983,4,30.71554268815117,30.70729750641622,4
1958,1967,0.08936256942003656,9,30.955018782479414,33.752193816109745,9
1969,1974,-0.01039194771448599,5,34.3700997853421,34.0472976052165,5
1975,1983,-0.01273514973304072,8,33.81499416860021,33.418170148809786,8
1985,1986,-0.0015020609959580065,1,33.18664706308622,33.16998534200922,1
1988,1994,0.0022350666983924124,6,33.488877662155716,33.59721641504709,6
1995,1997,-0.00015300545661727264,2,33.78547741233195,33.814093527345776,2
1998,2000,-0.018143217944262248,2,33.846625376310875,33.26638530080698,2
674,675,-0.0017450735117968284,1,27.09262288106858,27.072436885394794,1
676,679,-0.012884468437712477,3,26.964492716689005,26.644034054058586,3
681,683,-0.00510100417366143,2,26.30806532618816,26.200175840484505,2
685,686,-0.0032704420565660003,1,26.167151301755162,26.10774030093913,1
695,698,0.01014513692186865,3,26.83308630989136,27.13214473085142,3
701,703,0.004604390912945008,2,26.939378836129105,27.09035764607869,2
713,714,0.0007726748167817211,1,27.36132525239112,27.409827984619806,1
719,732,-0.029695674910666676,13,26.65412127387033,25.889263274765863,13
734,738,0.01742382559673178,4,26.15059879611722,26.632392867586987,4
740,741,-0.006574285737968443,1,26.39193458531115,26.244818400754856,1
748,758,0.0006295667574892131,10,26.33779722461211,26.38071642343483,10
763,764,0.0015444442167432287,1,26.883272407124792,26.951675394128234,1
765,773,0.009564373542473085,8,26.920023460048544,27.204416643652635,8
780,789,0.011283021216535589,9,27.779250227011964,28.120463346929803,9
790,791,-0.005153697725243268,1,27.940848956332758,27.824791115581473,1
792,796,-0.005174293455650205,4,27.799826623490432,27.683781989147786,4
797,799,0.0049235908977807484,2,27.855404520404083,28.02040854107515,2
800,801,-0.005342598816297319,1,28.14893674094699,28.026697201575725,1
802,806,0.014754274104940034,4,28.146003448584892,28.589423301872486,4
808,815,0.0020834030483381036,7,28.503540261022316,28.59142816395158,7
816,817,-0.0054550888290531094,1,28.59183909338274,28.46445991043573,1
820,824,0.0053113644983384814,4,28.46400282994,28.64364952688149,4
829,830,-0.0066557714327337356,1,28.319340042743377,28.159172328335757,1
832,835,0.007696240132381575,3,27.985797029292097,28.229168240554912,3
836,844,0.0075570468515582185,8,28.403692569199638,28.646744297271535,8
845,846,-0.004387998812386759,1,28.635928960437912,28.538910467128357,1
847,850,-0.010096640500008244,3,28.573552711330283,28.313629374507276,3
852,853,-0.0014922075172457388,1,28.15454812567216,28.140690245440048,1
859,867,-0.008502988348477585,8,27.889255796350543,27.680003035062814,8
870,872,0.004474929096115086,2,27.75578885407905,27.907749830061874,2
875,878,-0.010881912404171645,3,27.826283918128297,27.551307017915743,3
880,883,-0.004662211599140384,3,27.3102552356314,27.210239302131985,3
886,887,0.0010708173686019666,1,27.138403628462395,27.194602306052346,1
888,892,-0.00741490007781489,4,27.23785768991729,27.06312955450273,4
894,900,0.008626243147336846,6,27.03659423218284,27.296855062137716,6
907,908,0.0011940303019804472,1,27.697380346852327,27.7581492386188,1
916,917,-0.004327910402961696,1,27.446161600207308,27.35482323349661,1
922,923,-0.005414780866568841,1,27.25535479650963,27.135028377642453,1
925,927,-0.0017751349013244125,2,27.07351336406289,27.052527738952932,2
928,932,0.0008284848118695919,4,27.19024163582431,27.23995857968648,4
935,937,-0.006536694166398294,2,27.383340634335454,27.23172745198883,2
938,945,-0.028210858754571043,7,27.230444619304823,26.48948083694475,7
949,952,0.0003491767998332015,3,26.58323844022743,26.61910392879542,3
955,963,-0.004596480866229064,8,26.64501092114848,26.549182649190104,8
967,981,-0.015885405205948704,14,26.4821780375941,26.087980086768436,14
983,984,-0.007612833441498699,1,25.901797615862783,25.730513342393674,1
992,994,-0.003496778028394467,2,26.382357161035152,26.316486271338224,2
995,997,-0.003969850826006004,2,26.326711528030668,26.248525122053124,2
999,1002,-0.008936107307954185,3,26.21091990181182,26.00290722883085,3
1003,1005,0.0003535955433750142,2,25.974070395145333,26.00922878107551,2
1007,1015,0.02638452091081051,8,26.091497341906525,26.80600049646032,8
1017,1020,0.013965841904315133,3,26.92277307598872,27.325695041469718,3
1022,1025,0.006246240477092002,3,27.59383956536842,27.793791162545375,3
1028,1036,0.022674240157605132,8,27.63272962473422,28.28691350208035,8
1037,1039,0.006199709724169704,2,28.278817782817928,28.482417062196905,2
1040,1042,-0.002508552992008151,2,28.448580019383165,28.40566382887654,2
1046,1048,-0.010035209839231778,2,28.330221734018227,28.074252235859408,2
1051,1053,-0.0004641405339824324,2,27.80778881695951,27.822689883826094,2
1056,1061,0.029449271150676772,5,28.11315331118112,28.96917833925382,5
1062,1066,-0.002858678453311,4,29.369579311706758,29.31499070745728,4
1071,1073,-0.01093575743149271,2,28.976691954696342,28.688786572267393,2
1075,1077,0.003659139670887529,2,28.652958789237505,28.786456926220747,2
1080,1084,-0.01495677838547264,4,29.21576007934393,28.80800219055339,4
1085,1089,-0.010022829824784443,4,28.726281406468747,28.46708905783931,4
1091,1094,-0.01527015196967016,3,28.471805799293538,28.065508803686683,3
1097,1102,-0.003380757089892207,5,27.91972982328208,27.853259728557425,5
1103,1104,-0.0030992578876170717,1,27.993795405452182,27.93502920964295,1
1111,1114,-0.018807790570236124,3,28.10236768267344,27.60192660445262,3
1118,1120,0.001097074556479493,2,27.208689247279352,27.26574789721498,2
1133,1134,-0.003971652499922699,1,27.56126697610304,27.47936446819247,1
1138,1141,-0.0003241889871196204,3,27.861659028329125,27.880488244337588,3
1144,1146,-0.0016015898585570354,2,28.203399970773315,28.18643309137407,2
1147,1149,0.0056716923899790255,2,28.293824551309623,28.482592245251997,2
1156,1162,-0.016348014246386086,6,28.678073581135905,28.237922099253723,6
1163,1166,-0.01043409493932516,3,28.15747832961492,27.891838005801343,3
1171,1174,-0.009369991341982159,3,27.73139663877581,27.499285089008183,3
1175,1178,-0.014004661495117119,3,27.281318895137854,26.926534577766244,3
1179,1182,-0.011113701410478193,3,26.88022135102402,26.6083628184322,3
1183,1185,-0.00015817819206351258,2,26.675874959555234,26.698331292841974,2
1188,1190,0.002323259051466204,2,26.85894034180154,26.94819955840522,2
1194,1196,-0.00843340409429557,2,27.125103736644267,26.923471879470103,2
1198,1204,0.0010865837456671798,6,26.929096260857506,26.985286075400918,6
1211,1212,-0.0001437435250145905,1,27.601543802243288,27.625177802843552,1
1213,1215,-0.010128146749658975,2,27.71871290673478,27.46569242761044,2
1225,1226,-0.007882140569075092,1,27.981192975164753,27.788622471819252,1
1227,1228,-0.0028249142290612513,1,27.63270034167156,27.582273033630656,1
1229,1231,0.001688101461065278,2,27.564141347649095,27.63823655627872,2
1232,1233,-0.0003640772012577213,1,27.662722508875806,27.68031386479448,1
1236,1238,-0.0033603366199833422,2,27.62817388861791,27.562962098045336,2
1242,1244,0.0018858171914206286,2,27.515078438997445,27.59448192537999,2
1245,1246,-0.0056060320506089775,1,27.567095313522177,27.4401203889659,1
1250,1254,-0.01307605200301639,4,26.884540808450087,26.559881695570027,4
1265,1266,0.0005457106016378435,1,26.903716204164915,26.94530156352515,1
1270,1275,-0.022723267194093826,5,27.157893936989854,26.567935750567763,5
1276,1280,-0.002665876468362772,4,26.589876026203562,26.545580577434826,4
1284,1286,-0.0046173313655788846,2,26.088407463765698,25.994037049169016,2
1287,1288,-0.0019190751889247733,1,26.015608051507243,25.99169775162231,1
1294,1296,-0.008552614589550091,2,26.13975573741345,25.942332236863784,2
1302,1303,-0.009555651277711293,1,25.682187869509182,25.462460026048994,1
1305,1307,0.0064552337436950295,2,25.169755435673682,25.357401845718268,2
1312,1315,0.0161088922737816,3,25.945276405364122,26.389171344396985,3
1319,1326,-0.018479436875971953,7,25.742531039173137,25.29256609284616,7
1327,1329,-0.0012894051182741624,2,25.34340754452968,25.336073032671784,2
1332,1334,0.0032319245235365576,2,25.8365234733177,25.945861690607362,2
1339,1340,-2.7253373417178125e-05,1,26.18482880278223,26.210300006667786,1
1344,1345,-0.0023410688652876436,1,26.459907561370052,26.42442300316111,1
1346,1353,-0.019491237339420684,7,26.333128557042958,25.8461964270052,7
1354,1356,-0.0023522707496301505,2,25.64133077078411,25.606656749201186,2
1357,1359,0.0003341138702452706,2,25.75802213678122,25.792386271383986,2
1360,1361,-0.0024351172564710324,1,25.859335277297284,25.822224098999964,1
1363,1367,0.00420335666023349,4,25.834780696675885,25.969208274879605,4
1369,1372,0.007221721697034754,3,26.132814651667047,26.347671380893246,3
1375,1376,0.001780906220062146,1,26.658189180312,26.732323104419123,1
1377,1386,-0.004860824655936498,9,26.685989406964676,26.582959481094207,9
1387,1389,-0.0013292950242834096,2,26.52276391930962,26.51403010512075,2
1404,1405,-0.00484741081688257,1,27.56018362356674,27.45414827497816,1
1408,1409,-0.0028764290425355808,1,27.262081446693017,27.210926085306472,1
1415,1416,-0.0007492462676217115,1,27.0799533377549,27.086743737126973,1
1419,1421,-0.0037772122924246416,2,27.028756672396906,26.95369207711737,2
1422,1423,0.004262784656267511,1,27.096174724214997,27.23877605679714,1
1425,1426,0.003551748496143825,1,27.459479314494835,27.58446795816948,1
1427,1431,0.004531300893172615,4,27.788853204935126,27.942561713487827,4
1436,1440,0.0018947518151768536,4,27.866044271971095,27.946709554209182,4
1442,1443,-0.005765498086747938,1,28.129549682076345,27.99549836688533,1
1444,1445,-0.001288067383106048,1,28.006215945434953,27.99814826809685,1
1450,1453,0.005779417905308793,3,27.577697133245284,27.76465786697759,3
1454,1456,0.0006027424798972887,2,27.868543816121154,27.91320991514813,2
1459,1462,-0.010879709286506244,3,27.483529382772,27.21200010230306,3
1463,1469,-0.007599871567621379,6,27.18498344317841,27.00556604388552,6
1473,1483,-0.044253164322097416,10,27.12288035664468,25.949729955690138,10
1486,1487,0.001585834453314931,1,25.937056442850924,26.004125377018422,1
1489,1492,-0.008941065246167983,3,26.047878127223765,25.84103022749125,3
1494,1496,-0.008181333962667417,2,25.554349015315452,25.37083470083791,2
1499,1500,-0.0007414217082129038,1,25.614706621478405,25.621330028561214,1
1501,1503,0.0017594130830018676,2,25.667623620733547,25.738451197162167,2
1505,1507,-0.000686634160801871,2,25.630122630313718,25.638154235200517,2
1513,1514,-0.0001245894802312194,1,25.679758346495028,25.70223867709667,1
1517,1520,-0.00037544803986839983,3,25.69283608987139,25.708882601012657,3
1521,1522,0.0012999720487711745,1,25.75717408605598,25.81641486650924,1
1525,1526,-0.004079582077423981,1,25.985803210232604,25.905777796398905,1
1532,1536,-0.006315003809571174,4,25.419995306581765,25.284887934688,4
1539,1541,0.00662423381017489,2,25.38528855096451,25.57883192621582,2
1549,1552,0.0021809954521005742,3,25.717526456457264,25.79933379115453,3
1553,1554,-0.003971765431976423,1,25.951957006542663,25.87483387781848,1
1557,1561,-0.005559629514271079,4,25.839682898292594,25.721863517510133,4
1562,1567,0.01022752354013608,5,25.798763686346934,26.088419912941802,5
1568,1569,-0.0009053894719387576,1,26.17347952855145,26.175955815270846,1
1571,1576,0.004387719983429719,5,26.304410101290316,26.446130897245368,5
1581,1582,-0.0070153962131499995,1,26.04088668115067,25.88424043002181,1
1583,1584,-0.001107709522923024,1,25.9474734608154,25.944678670827876,1
1587,1590,0.009108733693686342,3,26.036722711855525,26.299921008006027,3
1593,1598,-0.01599644522237616,5,26.456398537695673,26.059646606243767,5
1601,1602,-0.00180274951898166,1,26.11159563226743,26.090634561433784,1
1603,1605,-0.001865047868567784,2,26.196207891542763,26.173546917741625,2
1607,1612,-0.021508556791440907,5,25.857757316829204,25.327452032397716,5
1614,1615,-0.001849809791671767,1,25.340922514061425,25.31938754997898,1
1616,1618,0.0029545291070742366,2,25.430423188098878,25.53098853680143,2
1621,1629,-0.022046127129271387,8,25.627859383283532,25.088492196651856,8
1630,1634,-0.029439902679590627,4,24.953945076660872,24.244257307208787,4
1635,1641,-0.02780696097025991,6,23.94979723926847,23.30777595942976,6
1642,1643,-0.010274306972211149,1,23.119639294004,22.90522066210461,1
1644,1645,-0.012036049765190075,1,22.59301417088922,22.34367654215364,1
1646,1647,0.009894874360121115,1,21.9965440758711,22.23619365993458,1
1650,1651,0.002494996871680876,1,23.834810013159128,23.918112599592227,1
1655,1661,0.08653471109166196,6,24.43399029606044,26.572812577442562,6
1665,1672,-0.015219172329530906,7,27.47333429845294,27.082686223596426,7
1674,1682,-0.0212367568559266,8,26.78446156601909,26.24243092979065,8
1683,1685,0.003482154971526828,2,26.386962765787285,26.50523322213145,2
1686,1689,0.013884222928142592,3,26.382352580916262,26.775033398099477,3
1690,1691,0.0014916787563770515,1,27.01122230930564,27.078525598117515,1
1692,1694,0.0131104443090765,2,27.27369489436088,27.658538847270503,2
1698,1704,-0.007956006443130341,6,27.970834407151315,27.77626910279544,6
1705,1708,0.05589651141382681,3,28.158824857783912,29.760963757704765,3
1709,1711,0.004452527216142417,2,30.115080123703997,30.279283417694803,2
1713,1716,0.0014522750582493024,3,30.667867515388746,30.743073561986428,3
1718,1722,0.054388613676277855,4,30.348289514436576,32.02923919808754,4
1724,1726,0.004575891615019556,2,32.260402939804,32.44028345005321,2
1729,1732,-0.019939989685684383,3,31.95872775065577,31.353429776690753,3
1736,1747,-0.01918319680791893,11,30.92509964755224,30.362782474356294,11
1750,1756,0.0014381271261051242,6,30.218586927111115,30.29226368361067,6
1757,1760,0.016577744070676772,3,30.42332463673996,30.95809805098369,3
1762,1764,-0.008705275729046093,2,31.412098768685684,31.170059886444932,2
1765,1769,-0.011085042606498154,4,30.895343986341572,30.5837631258969,4
1772,1785,-0.0240385414211744,13,33.43430726121477,32.664029588489,13
1786,1788,0.007309374576408922,2,31.926420900839364,32.19170949098853,2
1790,1791,-0.00226954247689516,1,31.110647269838065,31.071150981645303,1
1793,1796,0.016551418026522144,3,32.60211537024186,33.17432872565388,3
1798,1800,0.006465975606457413,2,34.83771520092637,35.097812732801195,2
1801,1802,-0.005244697051801798,1,35.03904986999076,34.89031971830968,1
1803,1809,-0.03792734213475943,6,35.13336437636197,33.83598260969088,6
1810,1816,-0.011161281608888077,6,33.69807407593469,33.35565845557195,6
1821,1824,-0.029544224273831313,3,31.851579369533553,30.94240074453385,3
1826,1829,0.027208934321584707,3,29.829081541921045,30.67052814401029,3
1835,1836,-0.008358521354004247,1,31.820022292409075,31.58587397888549,1
1841,1843,-0.004890134519801018,2,29.9266685516515,29.810249785256076,2
1845,1846,0.007785976293809514,1,29.932739483976942,30.19572782349194,1
1849,1852,0.004779707023070235,3,30.179327132044627,30.35375480102124,3
1856,1860,-0.010924666998608768,4,31.121967522102015,30.813092358103635,4
1863,1864,-0.0012826559643707694,1,30.802767952267846,30.79406136618701,1
1866,1867,-0.009313322648031697,1,30.75092710648974,30.495284727727388,1
1868,1872,-0.01711400417126014,4,30.359036026426924,29.869830393261644,4
1873,1876,-0.00720975865757865,3,29.746954010117552,29.56223260491663,3
1882,1884,-0.006130070081639006,2,30.545703394537277,30.389001795430342,2
1886,1888,0.021314662965554978,2,30.33854527787467,31.01553969061567,2
1889,1892,0.01446963522175904,3,31.221523060120738,31.704508632928544,3
1893,1903,-0.0009231898819883179,10,31.88640899756473,31.8888581964028,10
1906,1907,0.0022168630505668583,1,31.900767269287126,32.00338766880043,1
1911,1914,-0.00932355278326236,3,31.53270782953162,31.270243671513324,3
1917,1920,0.013756627515709961,3,31.504898226499172,31.969804274547972,3
1921,1925,0.004349548531818896,4,32.612278554995314,32.78673952185846,4
1927,1930,0.0018786133258833458,3,32.58335862361147,32.67715351394743,3
1936,1937,-0.0077089969789379395,1,32.310399611966474,32.093629238581514,1
1946,1959,-0.001992616370870336,13,31.379551209255343,31.348403353014472,13
1960,1962,0.020053041290340946,2,31.69397074891614,32.36122522374793,2
1964,1965,-0.002244081626440511,1,33.21213453626023,33.1708159299088,1
1967,1968,0.007967595587854502,1,33.75222184909949,34.05489812483376,1
1969,1976,-0.01714479510373283,7,34.38844376300651,33.83324938451653,7
1978,1983,-0.016967202513971144,5,33.950345982317636,33.40825393259858,5
1984,1985,-0.005282584254858083,1,33.2629462660621,33.120494896112874,1
1989,1991,-0.006525626396365799,2,33.49524177055599,33.310159578475954,2
1993,1994,0.0037952009252255666,1,33.44849250660834,33.60888474882343,1
1997,2000,-0.01816142285128298,3,33.80426843597279,33.22413909116478,3
674,675,-0.0016721174586037239,1,27.090363630109092,27.072155723753372,1
678,679,-0.006003441923911965,1,26.766302047431513,26.632378409619303,1
684,686,-0.009461330921182724,2,26.281222003185018,26.058847886803,2
690,695,0.014942805148539847,5,26.40585039491302,26.826833722540613,5
696,697,0.002043084314623039,1,27.00943276431789,27.09162474550985,1
699,700,-0.005949864168275221,1,27.099514565948237,26.965375649820597,1
708,709,-0.0023184438046634616,1,27.74655695866689,27.709974682543994,1
710,712,-0.015973994164630224,2,27.688351152933333,27.273745944341076,2
721,728,-0.021732720196044046,7,26.75629984072651,26.20156896264727,7
730,732,-0.006026641948306688,2,26.102291835073416,25.971084959988293,2
733,736,0.020694301639664132,3,25.93195924217421,26.494534988081412,3
738,747,-0.011918295318481171,9,26.653655698037635,26.362643213809342,9
748,757,-0.003525568392471911,9,26.406075399607037,26.33938505020856,9
758,763,0.01491715042258784,5,26.462833006879134,26.88404590045745,5
766,778,0.021392873155984826,12,26.909776793887765,27.512364012289158,12
780,782,-0.0004179167020102653,2,27.72408561728812,27.740223344477982,2
783,785,0.006937297987863282,2,27.796839114343747,28.017470909514987,2
786,790,-0.00902327591936462,4,28.167834038939898,27.941835734394612,4
792,793,-0.005277975287800917,1,27.83725740316609,27.718170303915194,1
797,798,0.0021329592809804774,1,27.827844424368337,27.915027927827342,1
799,800,0.0013295243078175548,1,28.07297343369276,28.138370107699263,1
801,802,-0.0004996920098727342,1,28.11168125902982,28.125745757779622,1
806,807,-0.0034849996678888713,1,28.61401395901385,28.542908143828733,1
810,812,-0.003254687143826514,2,28.722381613635672,28.65762162907133,2
814,816,-0.002751491391917123,2,28.574857302097247,28.524808685507363,2
817,819,-0.0017160494253978336,2,28.44711748279694,28.42674794066916,2
821,826,0.0007790455504256741,5,28.472701506507835,28.523355739431587,5
834,835,0.00616691004346211,1,28.013199440625655,28.213967521046182,1
840,841,-0.003023062583921757,1,28.733977142903427,28.675846508858356,1
843,845,-0.0026206813417176617,2,28.658044549620445,28.611598991528762,2
847,853,-0.02040660519950839,6,28.59306386950288,28.03816956754311,6
855,858,-0.004290927038905235,3,28.11495387175454,28.02242960986041,3
860,862,-0.004493229159247772,2,27.866425951064354,27.769082139368077,2
865,866,-0.00797904263006623,1,27.85818117039082,27.663757736406556,1
877,880,-0.014241785674882653,3,27.612164152451637,27.246529792725195,3
885,887,0.002728990584950523,2,27.1117293955606,27.212828779218373,2
888,891,-0.0059574965634678016,3,27.251275995970797,27.11617788887066,3
892,894,-0.004205152804616169,2,27.08394203872952,26.997133865944026,2
898,901,-0.0012471045940439778,3,27.359319194400523,27.35255858093767,3
904,909,0.006316710491113329,5,27.5674131439448,27.769115924907958,5
910,912,0.0034799610609785366,2,27.834889370096608,27.959588590611286,2
921,923,-0.007129667856404124,2,27.334590368705307,27.16703840875428,2
927,932,0.005578552348141617,5,27.114910269921115,27.293287126546954,5
934,935,-0.001723246937919494,1,27.367526496064098,27.34773301632739,1
938,941,-0.005686330899417029,3,27.185191048159457,27.05779224734391,3
948,949,0.006586585784742136,1,26.41572379229527,26.616128946911573,1
952,958,0.005626604990880664,6,26.587298514374872,26.763482039404263,6
959,967,-0.014034162422699607,8,26.812829808953396,26.463347030211295,8
971,979,-0.010605525017225614,8,26.332136002243377,26.07920201111684,8
980,984,-0.018221262930278707,4,26.172819554318963,25.722090547147296,4
986,988,0.004392715061914269,2,25.894478372850756,26.03411991639244,2
990,993,-0.0003474134050401729,3,26.25144057367909,26.268571911895858,3
995,996,-0.004944089264130504,1,26.31545318508311,26.211662688695096,1
998,1003,-0.012370074761292024,5,26.248769946781703,25.95031947009484,5
1005,1006,7.695955865087527e-05,1,26.043217745679815,26.07126523796905,1
1007,1016,0.030452781369959,9,26.057590321610792,26.877174013024376,9
1022,1023,-0.0033367930610687076,1,27.662251902372272,27.597610944073274,1
1026,1031,0.0013859380302385176,5,27.67109240879543,27.73711392051182,5
1035,1036,0.0020012640209139516,1,28.223402309678743,28.30810819157856,1
1037,1038,0.0027747201419057376,1,28.277869764771136,28.384610809342405,1
1042,1045,-0.003477965534803034,3,28.479873295363827,28.40930115090236,3
1047,1052,-0.014334709367552066,5,28.158085642478444,27.782605754089353,5
1053,1054,-0.0004501247560635543,1,27.82230516291118,27.83760395974951,1
1055,1059,0.01459636696345585,4,27.920050921779065,28.355502281593505,4
1062,1065,0.00016792846061601074,3,29.365900320290137,29.400197591045817,3
1067,1070,-0.0048560939341268945,3,29.28494427665844,29.172018780671973,3
1072,1073,-0.0033606842339328103,1,28.762671897514146,28.694772311439902,1
1075,1084,0.004995609485032039,9,28.628937945803997,28.800585877698254,9
1085,1091,-0.009552671769524214,6,28.733310969576994,28.487564392002533,6
1092,1099,-0.021967273463555505,7,28.35407651871133,27.759568842536932,7
1100,1103,0.0028561717216726086,3,27.837854074249062,27.94520161992223,3
1104,1105,-0.0018675434992635816,1,27.958173915075715,27.93391898304441,1
1113,1116,-0.029651966154542797,3,27.889643408453377,27.090550289452104,3
1117,1136,0.018336409101395997,19,27.112465842029255,27.636723573298358,19
1142,1145,0.00723127873096733,3,28.03084383433017,28.26157352299476,3
1151,1157,-0.0015866696162249764,6,28.581637146540245,28.564869168444403,6
1158,1159,-0.005334620938186434,1,28.473598122188665,28.35017586758272,1
1160,1164,-0.011909849167692829,4,28.32718491400928,28.018139599252095,4
1169,1173,-0.005854829365697185,4,27.811168320696936,27.67614984403927,4
1175,1176,-0.005570349730723586,1,27.265257442391047,27.140645680381105,1
1178,1180,-0.00452851760276218,2,26.961904969252995,26.866769412964985,2
1181,1182,-0.006087745264267181,1,26.731404756420627,26.59540217846394,1
1183,1189,0.003315079924377208,6,26.729641870705773,26.844982411727848,6
1190,1191,0.001539993772594785,1,26.98610668484181,27.054651227767888,1
1198,1201,-0.0011886950663281832,3,26.879104914954276,26.874032960469506,3
1205,1207,-0.0030215474138079327,2,27.02046915790497,26.96584599835893,2
1209,1223,0.02648512994796234,14,27.272473762035595,28.022061247387537,14
1225,1226,-0.005167275910806897,1,27.914980438907843,27.798651013374137,1
1227,1229,-0.004554834442609232,2,27.612830477115722,27.51467143627774,2
1231,1238,-0.004829673741724832,7,27.650573949825677,27.54468127282641,7
1242,1244,0.0027950779864232525,2,27.51928975618332,27.623727606939013,2
1245,1252,-0.033399369483064247,7,27.60622421558713,26.711799957194007,7
1256,1261,-0.0014634705479488945,5,26.509906095138767,26.49761953443478,5
1262,1264,0.003440624707667799,2,26.73130738344476,26.85001108747995,2
1265,1267,0.0010529654725904428,2,26.903415663012684,26.958647446463598,2
1269,1274,-0.014483094065188353,5,27.094359358403505,26.729043562538134,5
1277,1279,-0.005678954085104447,2,26.582195626400203,26.457818753583012,2
1282,1286,-0.018405666847452748,4,26.44300018671645,25.982742135019333,4
1288,1293,-0.0004933621145959044,5,26.084402348342287,26.09761769479008,5
1297,1299,-0.007822475901270384,2,26.08963162801703,25.911635744961863,2
1303,1310,0.007176779794307219,7,25.48063307063398,25.688982596272098,7
1312,1314,0.013242231452116192,2,25.93713346379818,26.30653612179402,2
1316,1319,-0.032265628168711265,3,26.583549392114247,25.752398021415832,3
1320,1323,-0.005727063425466207,3,25.701349707213097,25.579857797027014,3
1324,1329,-0.009215922891694161,5,25.52019348962355,25.31052154773169,5
1330,1332,0.009498028428706107,2,25.52950663537707,25.7975161218061,2
1334,1335,-0.00044733950192962454,1,25.93676631147278,25.951100537660814,1
1336,1339,0.0011701605101333934,3,26.139084117456346,26.195810125579104,3
1342,1345,-0.00013194625214445318,3,26.426018284825602,26.448957489038644,3
1346,1351,-0.012120018380423099,5,26.404223800985974,26.110608346998205,5
1357,1363,0.004234213055515218,6,25.738747338434543,25.873469425785984,6
1364,1369,0.00918141380796491,5,25.843743144056297,26.10686898735269,5
1371,1373,0.010411211933609433,2,26.22545156572919,26.524715751600336,2
1376,1383,-0.005376397101556827,7,26.76611871074499,26.64897954639936,7
1386,1389,-0.006165885970613605,3,26.609628220530507,26.472165915422824,3
1390,1391,0.00044480262570877234,1,26.60057036714488,26.63900294105668,1
1392,1400,0.01733821835799267,8,26.8285348886922,27.320522419706062,8
1403,1406,-0.002906378954615895,3,27.491084001132517,27.43867557715318,3
1408,1409,-0.007072039377932178,1,27.32384630590109,27.15793483517509,1
1410,1411,-0.005620200994601547,1,27.22909368403559,27.10328979831451,1
1414,1419,0.0001057495346095717,5,26.990322081114797,27.020166617194953,5
1421,1422,0.0054949385900133,1,26.907564478317234,27.082327457210727,1
1423,1428,0.02187143354739557,5,27.27251573062901,27.89627726183239,5
1434,1436,-0.0034942173218295448,2,27.96504342955498,27.89529253382727,2
1437,1438,-0.003057102890585605,1,27.861979008957842,27.80466405140108,1
1439,1442,0.005612029591150191,3,27.889669725234832,28.07407704674549,3
1443,1444,-0.0031452398770655714,1,28.05295160623603,27.99277129578094,1
1445,1450,-0.01856422205559167,5,28.043455389734746,27.550893912063366,5
1451,1455,0.011457314408486508,4,27.558535110286094,27.901840446792242,4
1459,1470,-0.016348153524030587,11,27.43633628281892,27.015239181413286,11
1471,1472,-0.003436343176600061,1,27.074146689356315,27.008184776807433,1
1478,1481,-0.0011691465723136835,3,26.310563508804908,26.306113167171752,3
1482,1485,-0.00917643732113653,3,26.081754560643272,25.868498729252906,3
1486,1487,-0.0006128227885077641,1,25.96321455295255,25.973266917964537,1
1488,1489,-0.001364426997774374,1,26.025343053455934,26.015858715820915,1
1490,1491,-0.0042970099019898015,1,26.02852090736608,25.942704616200345,1
1494,1496,-0.006466833285319349,2,25.520743275433457,25.381225626629227,2
1498,1499,0.0032769363174261577,1,25.519195142424493,25.628339114920614,1
1500,1502,-0.0013987050111758503,2,25.75559806385435,25.74532917784046,2
1503,1505,-0.008396879840891432,2,25.808168104109004,25.617268185729383,2
1506,1507,0.002444649936778304,1,25.62916862834191,25.717452142437207,1
1508,1511,-0.0013432429643818484,3,25.729895384188833,25.72106377862393,3
1513,1514,0.001347939145830329,1,25.687815790614344,25.748129218880006,1
1519,1523,0.004043349290576375,4,25.7356295418956,25.865423310888257,4
1525,1527,-0.0056316496465885395,2,25.908963835639998,25.78896259244718,2
1530,1537,-0.00975804128884412,7,25.47780704728228,25.254671361212978,7
1538,1545,0.015480719378558234,7,25.333963430671723,25.75148537271928,7
1552,1560,-0.008449988798822167,8,25.840445967006875,25.647934933996105,8
1564,1570,0.011902128567143976,6,25.913416582271424,26.24775481462985,6
1572,1575,-0.0005356265778698943,3,26.399388224506563,26.411647398758518,3
1580,1586,-0.010755994878454647,6,26.191806724312244,25.93627959205238,6
1591,1592,-0.0023124742264245433,1,26.370750261912487,26.33613933186225,1
1594,1595,-0.0005092519829194193,1,26.407447864753177,26.420407267428963,1
1597,1602,-0.00397452106073601,5,26.191099900499875,26.113193922241997,5
1606,1610,-0.02409194680686089,4,26.081895309260286,25.479613570156733,4
1611,1612,-0.002530952174921375,1,25.351324506148654,25.312512840758828,1
1617,1622,0.0028200914108005627,5,25.496654350699266,25.594053900988524,5
1623,1629,-0.019294504391317826,6,25.511880372980546,25.045153165466278,6
1631,1635,-0.03757773429349703,4,24.856707657102376,23.947505609009752,4
1636,1639,-0.012546329681499779,3,23.81386437651029,23.538901647428577,3
1641,1646,-0.06045590195357053,5,23.329900706861473,21.94280041784778,5
1647,1649,0.053607226652510984,2,22.259198685382955,23.474711793098937,2
1650,1657,0.043771989059321545,7,23.84529874800538,24.91290020266733,7
1658,1659,0.015181516844514749,1,25.01349254637345,25.418248797352735,1
1664,1665,0.009657603815162553,1,27.196438353567544,27.48628721872336,1
1667,1675,-0.033920752836107536,8,27.590032544908052,26.68174790275697,8
1678,1680,0.0025924655548779157,2,25.80531248291633,25.89801717914407,2
1681,1684,0.011681152269921675,3,26.086377428907788,26.417182753254416,3
1686,1693,0.03906466779697642,7,26.482898173832115,27.543926691467853,7
1701,1702,-0.008389859255926281,1,27.85577246830302,27.649922230297154,1
1704,1707,0.06115056525609916,3,27.768415292514824,29.49423799921073,3
1711,1712,0.008341990826881276,1,30.286965097476106,30.5699056475908,1
1716,1720,0.0021714495282211797,4,30.775152382081938,30.872754224585027,4
1721,1724,0.027483409376434655,3,31.36523846602982,32.25862739344724,3
1726,1727,-0.009054821908447704,1,32.49176227383243,32.23004691522509,1
1731,1733,-0.01659910423824857,2,31.704779092366294,31.21021293845383,2
1735,1737,0.0027273353134250056,2,30.98241245978641,31.09789429984287,2
1738,1741,-0.01069850639726921,3,31.290648157974637,30.98717560663982,3
1744,1746,-0.023024955726622005,2,31.16815924117073,30.48168191380364,2
1748,1751,-0.00491492013522635,3,30.36621438091349,30.247333076803052,3
1753,1763,0.02600006408569079,10,30.448154319840782,31.270256437767486,10
1767,1769,0.008323370177111742,2,30.395810271502594,30.679201662497068,2
1770,1784,0.060010698162379486,14,31.419493676276076,33.33641892137415,14
1785,1788,-0.018599812754758464,3,32.646067736443165,32.0715030571026,3
1798,1805,0.003565266857723337,7,34.76254278886407,34.92124307334826,7
1808,1809,-0.011540126867481768,1,34.184104726053114,33.82379992538923,1
1810,1812,-0.012466784268619864,2,33.65029097753177,33.264430350316125,2
1813,1816,0.0018768874717071484,3,33.152849580699,33.2482265983091,3
1817,1819,-0.01946131921312465,2,33.00983999901384,32.40043480561788,2
1824,1827,-0.032581718761816016,3,30.906088250401705,29.930020863249652,3
1829,1831,0.001965296622321855,2,30.67904468005566,30.77001714762149,2
1837,1843,-0.04707701633346028,6,31.21363424853159,29.775403113435345,6
1845,1848,0.005095991314015535,3,29.924940238051875,30.107362413815473,3
1849,1851,0.007926857110245995,2,30.176938641986407,30.44632386126808,2
1852,1855,0.01615373730607432,3,30.366332493363725,30.887228583903795,3
1856,1857,-0.005137253128914998,1,31.10793794562883,30.979236532029184,1
1858,1859,-0.0049048480992255825,1,30.7931304911736,30.672887994105935,1
1865,1870,-0.02041154347713981,5,30.874107248198367,30.274793173032087,5
1871,1873,-0.01673164109059865,2,30.179280295094227,29.70451068911923,2
1875,1884,0.025344273352474446,9,29.55162356607948,30.330139615313705,9
1891,1895,0.022598600255214506,4,31.318806452812066,32.05788644676241,4
1898,1900,-0.004310935507244141,2,31.743691009255617,31.638589695562086,2
1902,1905,-0.0028233066656845225,3,31.89299296408,31.834842257419965,3
1908,1911,-0.01533764549172189,3,31.919426147494242,31.46177673109227,3
1912,1918,0.0038352465029511725,6,31.230259611318814,31.3812656148907,6
1920,1923,0.035714734898363285,3,32.00233514288571,33.177292393785336,3
1937,1939,-0.01223841666613916,2,32.080911456050025,31.720372806077417,2
1940,1942,-0.003643694296970323,2,31.578919253561835,31.495434244826708,2
1945,1947,-0.006852918356083968,2,31.493794697747653,31.309464088658466,2
1951,1954,-0.008525309831979556,3,30.961742754706368,30.728746047539154,3
1955,1956,-0.0008904288173415538,1,30.639795693867537,30.643152932518127,1
1958,1959,0.010954769144906885,1,30.924811670615107,31.294510654987032,1
1964,1966,0.006661442244289641,2,33.167838399406286,33.42195187767127,2
1967,1970,0.012251057642049566,3,33.79631644257486,34.24415337984437,3
1971,1973,-0.0009273391969726973,2,34.23388625179892,34.23637371346472,2
1974,1975,-0.006750706286855114,1,34.056397181336,33.86054884395766,1
1976,1977,-0.004709184538626732,1,33.85148303518309,33.7259216376994,1
1980,1992,-0.018342704400126746,12,33.85277350572973,33.265674861695416,12
1993,1997,0.008223983021175517,4,33.478267851283235,33.78707082552184,4
1998,2000,-0.01951116009917216,2,33.808408318485114,33.18257545940345,2
674,677,-0.009486285834995598,3,27.09567724834781,26.865735586325542,3
678,680,-0.013396270384139097,2,26.789563256293903,26.457472586695886,2
682,683,-0.0011889896532131846,1,26.236920965552898,26.231962458958236,1
685,686,-0.0032553959114178734,1,26.14787836275539,26.08890454480378,1
687,693,0.021619424169198962,6,26.1098843929357,26.70047494302826,6
698,704,0.006946097047389536,6,27.15532615310435,27.371105010070433,6
705,707,0.0038499611191278116,2,27.54755466904954,27.681159238121477,2
711,715,-0.007558097892237493,4,27.41917599187492,27.239358351595715,4
718,719,-0.006517242932510331,1,26.787470601288103,26.639677618433318,1
720,721,0.005936929103060185,1,26.57881216813114,26.76318750378502,1
722,723,-0.0029471424757196345,1,26.84861308666144,26.79633501170624,1
726,727,-0.002432578566002596,1,26.383926034396275,26.3461289874724,1
728,729,-0.004809510547709045,1,26.25040927183392,26.15040806083119,1
730,738,0.020337275937970207,8,26.04387705107522,26.599582442208582,8
740,742,-0.0042708284050945455,2,26.35074722332673,26.264558450813208,2
744,746,0.0026622231306672366,2,26.26699618808519,26.363191789098344,2
756,757,-0.002074013468526374,1,26.353919109662062,26.32561464558983,1
758,759,0.0001530497493572086,1,26.412184742393077,26.44263930539027,1
761,765,0.006415121354360758,4,26.707868979756125,26.905911069357384,4
767,769,-0.002808565809174264,2,26.971431762855676,26.9226521535449,2
772,781,0.0206141234422107,9,27.164729388167498,27.7518712024376,9
785,786,0.005404364377325465,1,28.00110486204248,28.1804341405467,1
791,796,-0.008415497799960744,5,27.859474090750087,27.652882221922066,5
798,799,5.0372885179536574e-05,1,27.978611106623035,28.007999081094415,1
801,804,0.008887619186263403,3,28.083920621238036,28.361603733598088,3
805,811,0.003339883697616795,6,28.522622887910188,28.6464077539947,6
814,818,-0.0066651536450757455,4,28.56696390075709,28.40512766108597,4
820,821,-0.0019612622104040194,1,28.468348686205868,28.440983138421213,1
822,823,-0.002875493838730995,1,28.47563018700969,28.42222431803997,1
826,828,-0.002296188368550405,2,28.50623832166668,28.46928886712301,2
831,834,-0.0039844141629489,3,28.086487337391343,28.002665626794148,3
840,842,-0.0030062938178229085,2,28.73426333201554,28.676613957132822,2
844,848,-0.002846839497584859,4,28.64813000003248,28.595221502016475,4
850,852,-0.0067552779488722955,2,28.3235453391415,28.160535463217254,2
853,858,-0.006306167292643921,5,28.117485822115928,27.968289738495237,5
860,866,-0.006451899860563046,6,27.846523179477558,27.6947067236382,6
870,874,0.0009809996388260751,4,27.747203162726212,27.802170362170006,4
875,876,-0.003869513417196438,1,27.82190572627353,27.742070394500015,1
878,883,-0.016986099569676793,5,27.586757756810282,27.14575310050536,5
884,886,-0.002276859400319635,2,27.159682384504162,27.125003288741812,2
887,889,-0.0025457537769320543,2,27.201767473763116,27.15972023895132,2
890,894,-0.007575483024995806,4,27.132557344730294,26.954147674485295,4
897,898,-0.004029667886156978,1,27.404152374789962,27.32112689439271,1
901,902,-0.00013904914707487694,1,27.380755848913125,27.40432933401498,1
906,914,0.0020056646606181135,8,27.612256691622687,27.695249875760613,8
916,919,-0.007195916805132332,3,27.472357538051615,27.302141096304997,3
920,922,-0.0015692281816384085,2,27.251143083289946,27.235630964665077,2
923,926,-0.007642550744623796,3,27.213955686423567,27.033185604814555,3
927,928,0.0035407971178622296,1,27.08864308909664,27.211647121562407,1
932,934,0.003045011490720161,2,27.218998754145346,27.329099916871762,2
937,938,-0.0031194577480432146,1,27.2305977979598,27.172883696473065,1
941,942,-0.006668579167737416,1,27.04928438863747,26.895953378649835,1
943,948,-0.011747391769070123,5,26.699506447318942,26.412556391488792,5
949,952,-0.001073448498450777,3,26.69009648104238,26.688136133532343,3
957,958,8.153670002608408e-06,1,26.775074900546585,26.802068290572166,1
961,964,-0.008273131942972453,3,26.72825686368521,26.53385872490997,3
966,971,-0.007987426219554582,5,26.44002210421188,26.255274400515308,5
972,981,-0.004958141742632037,9,26.234263836682263,26.13042490190307,9
982,986,-0.008883439322630114,4,26.057244261426828,25.851823557376918,4
989,991,0.008423253119772673,2,26.112618075397567,26.35868388514199,2
996,998,-0.0042121504509154955,2,26.276387699759592,26.19198398916138,2
1001,1002,-0.0027299387548637855,1,26.102667726307494,26.057511709802423,1
1005,1010,0.003265292632104136,5,26.02829081636626,26.13930909341157,5
1013,1019,0.02600362115268881,6,26.445040988068016,27.15915285627713,6
1021,1022,0.004775287541527153,1,27.45267850184505,27.611225613978306,1
1023,1028,-0.003559310363376991,5,27.66081066637208,27.590018066974224,5
1030,1033,0.011497408959230966,3,27.75785248272773,28.104753717034384,3
1035,1037,0.0015028155240952158,2,28.21770449369404,28.28832820255519,2
1040,1041,-0.0016439855787202975,1,28.443348054485018,28.425030948527407,1
1042,1046,-0.006626938444199118,4,28.46355044240084,28.303387796158095,4
1048,1052,-0.008990223124053898,4,28.02847828299825,27.804524487689395,4
1053,1056,0.009887172787423109,3,27.78699974421147,28.089521611670783,3
1062,1067,-0.006188472437543342,5,29.42665627807074,29.27397688304291,5
1070,1071,-0.009553157261996514,1,29.194880578808608,28.94517217397285,1
1079,1081,0.004091699453788517,2,29.07071110922501,29.218730433101094,2
1082,1083,-0.00646253652157956,1,29.229615635521387,29.06994779260062,1
1085,1088,-0.010554484995108047,3,28.73768309508684,28.463109333160663,3
1089,1092,-0.00651887940700651,3,28.501211038068604,28.34391629139586,3
1097,1098,-0.009374864698399734,1,27.936695442580312,27.7027293981283,1
1100,1101,-0.0012381530388542758,1,27.83440754198237,27.827778693241537,1
1102,1103,0.003726446584608926,1,27.864736083288545,27.996437269980433,1
1105,1114,-0.014198356772737415,9,27.958235172365544,27.589232409824568,9
1116,1121,0.004365742532159601,5,27.160802623387536,27.30654049723144,5
1130,1133,-0.0031758232908646196,3,27.60800265801085,27.547932522813298,3
1134,1138,0.006518512915605572,4,27.625888219681155,27.833593817065903,4
1139,1141,-0.0012762126747344663,2,27.865132027179957,27.8574353245309,2
1145,1147,7.591729097933199e-05,2,28.256908494475717,28.287310590914544,2
1151,1155,0.0017232941391011887,4,28.509371621426542,28.58701102607263,4
1158,1159,-0.004833009379481883,1,28.44412322944527,28.33509663831567,1
1161,1177,-0.04494173200118255,16,28.271965397638148,27.029646270988426,16
1178,1179,-0.0010169775242634108,1,26.963766995337902,26.963309217329506,1
1180,1183,-0.006138566776880251,3,26.837091060783266,26.699186876270215,3
1184,1185,0.00030010118985447274,1,26.644861011131113,26.67950202663519,1
1186,1187,0.000494812431751283,1,26.736270207963294,26.77623591704882,1
1188,1190,0.0033708179865920285,2,26.850959378756688,26.96832003496661,2
1192,1200,-0.010027710559636794,8,27.15020840750993,26.905104184373112,8
1202,1204,0.0017998973532188755,2,26.914021885165976,26.989378383806727,2
1205,1206,-0.0057408100912801265,1,27.025263488554792,26.897141846688747,1
1212,1213,0.000708993968735884,1,27.629641567927067,27.67686045872499,1
1216,1220,0.008156064377334328,4,27.482732679431734,27.73436634910968,4
1222,1224,0.0009243690723473503,2,27.965032611939336,28.018847655804937,2
1227,1228,-0.0049158696001414485,1,27.69180636137072,27.583368858667225,1
1230,1231,-0.000445423649430314,1,27.634514244175012,27.649839692234313,1
1234,1237,-0.009003989327687346,3,27.796267900207006,27.57378686858421,3
1239,1241,-0.0014160196082386406,2,27.43145293049128,27.42004090818972,2
1244,1245,-0.002032507244648851,1,27.608230588954523,27.57972489085949,1
1246,1247,-0.00739711445645464,1,27.480254965202604,27.304460628897647,1
1251,1252,-0.004372264689132004,1,26.77916228276653,26.688855859395822,1
1256,1262,0.003908625247532061,6,26.50579668756556,26.635903710392096,6
1263,1265,0.004122278455103086,2,26.78595871694033,26.923163856175393,2
1266,1270,0.007152517644548267,4,26.916794072405626,27.136233711015585,4
1272,1273,-0.007724069763106312,1,26.99150786632392,26.810015084419327,1
1276,1280,-0.0009740001039106648,4,26.562373030137294,26.563063649075964,4
1282,1285,-0.019362198808299168,3,26.4281948022052,25.94291503510265,3
1286,1289,0.003230048763143631,3,25.990232777164216,26.100172729177075,3
1291,1299,-0.010871085154523393,8,26.20392739403633,25.94526619534685,8
1303,1307,-0.0048629981005131225,4,25.46172482108611,25.363366226466468,4
1310,1314,0.0206681706983804,4,25.764748045737075,26.32302300439287,4
1315,1317,-0.0047622084569723415,2,26.44763477170764,26.348133256502607,2
1321,1325,-0.016390784496282777,4,25.720441457893514,25.324583686265818,4
1326,1329,-0.001046428931723802,3,25.359731555454598,25.358554130209676,3
1330,1331,0.0028689836799080403,1,25.554153355072554,25.653021957357197,1
1339,1347,0.0036771910224262976,8,26.203672769050648,26.32623235208065,8
1350,1352,-0.012314913269196981,2,26.26037537544485,25.963241505655134,2
1355,1356,0.0010749680532602937,1,25.570930513734524,25.623989377642662,1
1360,1364,-0.003059236057469793,4,25.84192662234554,25.788711995250317,4
1366,1371,0.010446866636354048,5,25.870786074631823,26.16692551260578,5
1373,1376,0.001212057081332226,3,26.59356119669999,26.652387672062993,3
1377,1378,-0.002750322077670955,1,26.639861144664714,26.59323280755712,1
1379,1380,-0.0032248695419901195,1,26.558224004917115,26.499135421239224,1
1381,1384,0.0034611280560320236,3,26.578986177249526,26.69755843818574,3
1385,1395,0.021137086491838323,10,26.631376533505147,27.220917619224064,10
1397,1398,0.0024847594015288722,1,27.26206768491419,27.35706943158431,1
1399,1406,0.0011749138953802956,7,27.362890854289322,27.42240278582609,7
1411,1413,-0.00936447998938485,2,27.14991079531736,26.922815909756345,2
1422,1423,0.004744175664996885,1,27.062373116674518,27.217824141768386,1
1426,1427,0.004923240800964945,1,27.63816587078562,27.801873382535295,1
1428,1429,-0.005194339902620797,1,27.910348206738163,27.7932827195586,1
1433,1437,-0.0076006317170258025,4,27.988148771885403,27.80340930940086,4
1439,1447,-0.0095486766268639,8,27.903789539443213,27.665249066006446,8
1451,1456,0.013872193795208074,5,27.541727993361473,27.951333909533652,5
1457,1458,-0.010918032686417247,1,27.857971192741765,27.581674923874882,1
1459,1462,-0.010244319719454935,3,27.49816058015705,27.243958792057168,3
1463,1466,-0.009036795429161262,3,27.161948393215628,26.94365337052192,3
1467,1468,0.0009509094857036101,1,26.999240256907132,27.051913330831123,1
1469,1471,-0.0020136907812772402,2,27.02819187366274,27.000793644725814,2
1472,1480,-0.02374843023017772,8,27.01293106523293,26.39842928758288,8
1485,1488,0.0010322480562734667,3,25.952175397242225,26.00491665524934,3
1489,1492,-0.009908619919352962,3,26.067105171962805,25.834883239587988,3
1495,1497,0.00522958566539413,2,25.302515346054022,25.460139532952216,2
1499,1500,0.001131654638731569,1,25.5979944905334,25.65256057423137,1
1502,1503,0.0026346847854300777,1,25.72797249287819,25.82148556305802,1
1509,1510,-0.002237660241537943,1,25.816616033936825,25.78466383470057,1
1514,1516,0.00025191973917228065,2,25.74663585979117,25.778868581441323,2
1521,1524,0.004794938707797715,3,25.740015495879963,25.88917730801635,3
1526,1527,-0.003506285639393198,1,25.865392684512724,25.800566622270264,1
1533,1535,-0.00528203952561055,2,25.37580669059619,25.267146483352803,2
1537,1545,0.014547307246308858,8,25.27682197393647,25.669808491375512,8
1547,1548,-0.004535711380432071,1,25.77522186966788,25.684088124370135,1
1549,1551,-0.001438530055338565,2,25.75581129644285,25.74451659908973,2
1556,1558,-0.0042600710303413135,2,25.83761157497233,25.75337912598355,2
1561,1564,0.0024951061911535795,3,25.771789213894955,25.861864353933544,3
1566,1567,0.00224961031542996,1,26.013926464877382,26.098461588662484,1
1571,1572,0.001559814388427333,1,26.33962662890886,26.407051184139345,1
1578,1579,-0.0039006086327152277,1,26.406306325475136,26.32971196538934,1
1586,1587,-0.001540832608931791,1,26.043400533019646,26.029315412763918,1
1588,1593,0.011463223966981607,5,26.100664493677762,26.425962920949512,5
1594,1596,-0.007636800358359926,2,26.41469625370989,26.2393871881473,2
1599,1600,-0.003219973847176908,1,26.042150313819977,25.984337421199047,1
1602,1604,0.00037284555585278124,2,26.188537818701917,26.224490636460605,2
1614,1617,0.007149010839277826,3,25.300741722459502,25.506917740997594,3
1620,1625,-0.010785551807040775,5,25.580933058883833,25.330609513163683,5
1626,1630,-0.014717211035732487,4,25.333405549891044,24.98590187970939,4
1634,1639,-0.026233182072295236,5,24.223857286738625,23.612612285329053,5
1640,1642,-0.014042094149384232,2,23.419507011530673,23.114067596154126,2
1643,1649,0.023223788401016885,6,22.932174157308292,23.487678291670196,6
1650,1653,0.01583766174590763,3,23.82196532975606,24.223071524101233,3
1656,1657,0.006137422862476511,1,24.70590502587633,24.882241517246193,1
1659,1662,0.059109952779415276,3,25.447846298902647,26.977515138267503,3
1663,1665,0.011646824533827885,2,27.166311365026484,27.50987893809131,2
1666,1668,-0.019889793335119896,2,27.84371410038071,27.317752095342353,2
1671,1672,0.0022473885712209997,1,27.040140516844165,27.127950360122774,1
1676,1678,-0.02694508706033072,2,26.44270816663946,25.75664980114508,2
1682,1690,0.02528642238841068,8,26.259873931835777,26.950152069874427,8
1691,1694,0.02161876478882526,3,27.083276114143757,27.695866366280384,3
1698,1700,-0.007451854734261802,2,27.9683794619838,27.78793154054237,2
1705,1709,0.06842795058799138,4,28.139646471097517,30.093324455856422,4
1710,1713,0.01749353304290035,3,30.08861197429321,30.64505671405481,3
1715,1718,-0.01918247363848748,3,30.84831297634968,30.28741433886539,3
1720,1721,0.017591934029205628,1,30.79185764162495,31.364337827534733,1
1724,1727,-0.003359644042004222,3,32.2341476668263,32.15808655233519,3
1728,1730,-0.0009431196638994281,2,31.91054532906086,31.91236041160433,2
1734,1736,-0.007814136569084628,2,31.1231855291909,30.911107892530033,2
1737,1738,0.0035121820321390596,1,31.10285249207655,31.24319422423957,1
1741,1749,-0.023461964340211843,8,30.996488510913515,30.30024649130959,8
1751,1752,0.0015232744968098405,1,30.356283727046613,30.432880963592993,1
1754,1756,-0.004908484308349696,2,30.495168422475253,30.375978535215527,2
1758,1759,0.0077795907229597635,1,30.482487170762873,30.750110932340043,1
1771,1772,0.023696370231483885,1,32.52470193215492,33.327944012740076,1
1773,1775,-0.0012943655653975253,2,33.85193655736821,33.8419717129237,2
1777,1783,0.011950602079498471,6,33.4701386352067,33.90359708221691,6
1784,1787,-0.045661066975958065,3,33.38258710052147,31.891685142194326,3
1789,1791,-0.025412072796256242,2,31.870157597922805,31.092140990614155,2
1794,1795,0.0037017907443531364,1,32.53236710315545,32.685327485692966,1
1799,1800,-0.00244089337814185,1,35.09853199556253,35.047958753227626,1
1804,1805,-0.013842490024751467,1,35.286005615806694,34.83284544067237,1
1806,1809,-0.02429303163677871,3,34.66078684049889,33.85343203606751,3
1810,1811,-0.008945029362441459,1,33.68713782562493,33.41949252646373,1
1813,1815,0.012082529629405519,2,33.11164659804446,33.54483069574178,2
1819,1820,-0.009075493710531339,1,32.425233169031685,32.16338340251266,1
1822,1825,-0.03474084027105078,3,31.655207053354214,30.58713376841995,3
1829,1838,0.001867262918145294,9,30.77841053132753,30.86666032652346,9
1842,1845,-0.0007997820688492585,3,29.964206574494927,29.970205945943846,3
1846,1847,0.0010117118363918466,1,30.18105767491796,30.241773265877416,1
1848,1849,3.8542369045851954e-05,1,30.17270468981207,30.204040322021147,1
1852,1854,0.003030182492062901,2,30.325681553690085,30.447899584547642,2
1857,1858,-0.010971409326545969,1,31.050999878455816,30.741377648669204,1
1864,1867,-0.01153947544287074,3,30.82349147715698,30.49862804566995,3
1869,1872,-0.02087451229093141,3,30.470231230709107,29.864650245606857,3
1876,1880,0.012856232672820257,4,29.5307520627988,29.939937034384307,4
1881,1884,0.0006702746222364538,3,30.348013146613496,30.398702662807583,3
1890,1892,0.01227398510388628,2,31.267401844157614,31.68244487047419,2
1895,1899,-0.01694131284235471,4,32.12223409951085,31.61016351653519,4
1900,1902,0.0018412279944411956,2,31.721916283404163,31.81204547998589,2
1903,1904,-0.0033197019834055905,1,31.95003647764175,31.875921914654683,1
1906,1908,-0.0008612993061484542,2,31.89145358294752,31.89587694968741,2
1909,1911,-0.008168795154907623,2,31.705872377529325,31.478579473247173,2
1919,1922,0.04553242867461015,3,31.605732835282385,33.07642434414895,3
1925,1927,-0.005727791905620398,2,32.710432602763575,32.55578448427489,2
1928,1929,-0.0010410434107185446,1,32.60808996409785,32.606751616868706,1
1930,1932,-0.006459017447248448,2,32.68864391558484,32.51019603812277,2
1934,1935,-0.0019479212460709087,1,32.4387677122374,32.40801831512661,1
1938,1939,-0.0074777874782828956,1,31.939077749953437,31.732183192036885,1
1943,1946,-0.0043512292378508665,3,31.54696999395295,31.44124886574361,3
1953,1955,-0.006549205931196025,2,30.750608859663593,30.57996739859166,2
1956,1958,0.006487836060696883,2,30.660429564335963,30.890009834464255,2
1959,1961,0.019834770159855998,2,31.318082644300812,31.970587698042195,2
1962,1967,0.044472131677168264,5,32.310142541914935,33.77935359808897,5
1969,1971,-0.008880874633547538,2,34.445101223903904,34.17364369941846,2
1974,1979,-0.007930007275527276,5,34.08481774333253,33.84860970838621,5
1980,1982,-0.008473155914267734,2,33.774917882095316,33.52251265477083,2
1984,1985,-0.0033537732651885595,1,33.22243861218598,33.14424052437625,1
1988,1989,0.0005535664455793958,1,33.418880423751645,33.470798875026816,1
1991,1997,0.013703102290842963,6,33.34501188634245,33.835287006996715,6
1998,1999,-0.015344272939279233,1,33.74186451803172,33.25786200390489,1
672,673,-0.001929494082141601,1,27.009290063598034,26.984185088321073,1
676,679,-0.013032989806591306,3,26.988858618509283,26.664101957861227,3
684,686,-0.005979020695664331,2,26.232785211610437,26.102171631136912,2
689,691,0.0030566135479569434,2,26.36397994829859,26.470928426534922,2
692,697,0.016139466466647625,5,26.616736371298312,27.07293303178578,5
701,703,0.003988653067122281,2,26.950625299443853,27.085072619004787,2
706,712,-0.011148060051079302,6,27.573104860320697,27.293291336403456,6
715,716,-0.00712470271217337,1,27.22931546814947,27.06254400585107,1
719,720,-0.0038698919499776233,1,26.693584287272063,26.616976584609972,1
722,723,-0.0034644923801754428,1,26.855784864083223,26.78959898692206,1
724,727,-0.011903285428124799,3,26.62674650139071,26.336427484263723,3
728,735,0.0013498713881375957,7,26.252202654301538,26.31389195419447,7
736,741,-0.015071856917308495,5,26.569993867188305,26.196104715195467,5
749,750,-0.0025346217126023703,1,26.354958645648164,26.314513753875815,1
753,755,0.0009638458517114597,2,26.200152962598057,26.25160602430786,2
758,759,0.0007609768969073158,1,26.38590753545904,26.432372509032916,1
764,766,-0.0017955545948146524,2,26.952603699565312,26.931161431849905,2
767,772,0.007140597971631497,5,26.964024539704344,27.183527823179283,5
773,786,0.032064795164638414,13,27.248609161411583,28.149578841854947,13
787,791,-0.0190554743939559,4,28.310142173808323,27.798989126699876,4
792,793,-0.004349373441871298,1,27.801902830343106,27.70878387536967,1
794,801,0.011096328371095046,7,27.745445603426006,28.081063624247403,7
802,804,0.007806751925397635,2,28.134277792410845,28.38204939752883,2
805,806,0.0012922202082341606,1,28.50852739809471,28.57387522070362,1
807,809,-0.0015744088440086915,2,28.577849854235666,28.56143448453664,2
814,815,-0.0016406666106249762,1,28.5761309253394,28.557823152394686,1
817,825,0.0017678198574269236,8,28.473627898777668,28.55243777148889,8
831,832,-0.007333238076480919,1,28.07956545242347,27.901730879329143,1
834,835,0.004707925534684166,1,28.01705787640418,28.176977156463632,1
836,837,0.002946615930253196,1,28.370523492163336,28.48249105212713,1
838,842,-0.0013788629320701344,4,28.67960768215844,28.668742041901357,4
845,846,-0.00379405494932618,1,28.64195630131041,28.56192910154835,1
848,849,-0.007499412304236679,1,28.593983772356335,28.40813968239914,1
853,856,-0.004795272913727302,3,28.12448203605939,28.017741951175324,3
858,863,-0.011049503643406067,5,28.003396414395976,27.72197618010176,5
864,866,-0.0092807047107266,2,27.911616976632036,27.680489118449643,2
868,876,-0.0016201429986427542,8,27.6977768474951,27.680600265105156,8
878,879,-0.004928781422259245,1,27.576883497804953,27.46853995023497,1
881,882,-0.002067039113213993,1,27.199612814189603,27.170589763452586,1
883,888,0.0009625384921832549,5,27.22284157639089,27.276267450851165,5
890,891,-0.003725883456564968,1,27.1469934253553,27.072993885081647,1
892,893,-0.003179505409520145,1,27.068319298577777,27.009323750239908,1
896,899,-0.0005137684139401922,3,27.322963175938778,27.33624846365967,3
900,901,0.0011275352762847952,1,27.293268524871266,27.351335916463043,1
904,910,0.009262379661559923,6,27.55107708857544,27.833816701743306,6
912,922,-0.02736261597897397,10,27.95348389540453,27.216556934195548,10
924,925,-0.0016550211536830693,1,27.100472083168388,27.082720700679115,1
928,929,-0.002051131898041626,1,27.25606467580005,27.227414956804232,1
932,933,0.0013336264069160218,1,27.2309642643936,27.294511161686774,1
935,937,-0.007918523019413126,2,27.398214254173514,27.2086590781652,2
949,950,0.002168761036293907,1,26.636364032955203,26.720768305451372,1
951,952,-0.003351467173988199,1,26.670391725910704,26.60767717524982,1
959,960,-0.0020617300586838524,1,26.822137350608273,26.793659481144985,1
961,964,-0.009576538489464579,3,26.770816859307658,26.5412159181194,3
968,969,-0.004431664976411641,1,26.47126513223309,26.3804246187975,1
970,973,-0.009357007209661369,3,26.409066518830862,26.188365759532566,3
977,980,-0.003114818903664384,3,26.157148961755848,26.10183132866556,3
981,982,-0.004308004708515778,1,26.127298452074992,26.04086922577473,1
983,985,-0.006662823106976483,2,25.903040296287074,25.756355961156316,2
986,989,0.00351083082207252,3,25.914973544033863,26.031871605449485,3
990,992,0.005227067977895153,2,26.202106621126127,26.365268920219936,2
993,997,-0.003198949124137124,4,26.365414680289422,26.307438474770688,4
1000,1001,-0.0066219620557957624,1,26.216754667975515,26.06936506800605,1
1004,1006,0.00019328837706687925,2,26.02047649329634,26.05152642546153,2
1012,1017,0.019056668295473294,5,26.370994897023248,26.899909194294462,5
1018,1024,0.02371808732802973,6,27.018165085157406,27.68600244917545,6
1026,1030,0.00040445417326331196,4,27.64905108879697,27.6878829139854,4
1033,1034,0.00035537333993630586,1,28.12983468951853,28.167961117513517,1
1036,1041,0.004111664227291257,5,28.2816622721928,28.4262286335179,5
1047,1050,-0.013492290245295552,3,28.219646540971954,27.867118525762482,3
1051,1053,-0.0025316306785524456,2,27.794303340388662,27.75173273270353,2
1057,1059,0.003988750643079233,2,28.24994883289027,28.390880783297305,2
1064,1072,-0.02478561053917871,8,29.455464681170067,28.754848470013222,8
1076,1078,0.007409199743608816,2,28.72447494926119,28.966024796639815,2
1081,1085,-0.022068964153476173,4,29.2855648459038,28.66854832995115,4
1089,1092,-0.0042715915032896495,3,28.494142599311658,28.400921404490227,3
1093,1095,-0.011837391999868559,2,28.282833055201984,27.97632090651592,2
1097,1099,-0.00776224124205824,2,27.963809221524038,27.7747111975212,2
1100,1101,-0.002862725820155633,1,27.855227776234894,27.803341124229785,1
1103,1106,-0.00013772719932117386,3,27.923995772848734,27.948073874889932,3
1110,1112,-0.011277038199991679,2,28.26173352335015,27.971286608332694,2
1117,1120,0.002300424815627093,3,27.105837131078395,27.195297908594153,3
1121,1125,0.0062816773363327675,4,27.345218117237305,27.54433717225867,4
1126,1128,0.0017485578096935262,2,27.57686332765254,27.65265993071861,2
1130,1133,-0.004151136077627288,3,27.647577786706083,27.560456506883387,3
1135,1136,-0.000717344025376297,1,27.612649800370427,27.620454680811694,1
1142,1144,0.007292096004115181,2,27.961563096242706,28.193423061861875,2
1146,1149,0.006238464362030556,3,28.21945571372529,28.42372123822499,3
1151,1152,0.0007019627731129497,1,28.58209837048454,28.630744037888558,1
1156,1159,-0.008531635338603296,3,28.606282728370285,28.390830638467214,3
1162,1163,-0.002200154449624363,1,28.181553440771754,28.147731224012485,1
1172,1174,-0.007914991749571396,2,27.678942493956768,27.487542834974196,2
1175,1183,-0.023060001831210795,8,27.296783270374924,26.69461618144429,8
1184,1185,-0.0018252947319193245,1,26.715488351442293,26.693440199645195,1
1189,1192,0.006484953806790116,3,26.891264767618495,27.09254464221028,3
1195,1202,-0.006539581082673192,7,27.045430937521882,26.89561057992764,7
1215,1218,-0.00013369062887622508,3,27.532921518527218,27.556773546453133,3
1219,1227,-0.005154350536773941,8,27.712073764160298,27.59694809564304,8
1230,1231,0.0012120986090416123,1,27.60719932870034,27.668269175934892,1
1232,1233,-0.003716541827161525,1,27.7575987297821,27.68219405181108,1
1234,1236,-0.003966841719453456,2,27.72252141039537,27.640273077306567,2
1237,1239,-0.004693442893528539,2,27.547081850158882,27.445338276461964,2
1246,1251,-0.029622840476769184,5,27.512982057067088,26.725482360607444,5
1254,1258,-0.009504450414964703,4,26.616818914550965,26.39045749788807,4
1259,1261,0.004844371320104599,2,26.411920204303563,26.566281273254486,2
1263,1266,0.002752459647410042,3,26.79998982283685,26.900555703198044,3
1268,1272,-0.004393105361664023,4,27.02957655805782,26.937862356915165,4
1273,1274,-0.007004521993852995,1,26.851166541343236,26.68993812128513,1
1275,1279,-0.007600974234000852,4,26.655944361398344,26.479989159485793,4
1281,1282,-0.005326921422063011,1,26.538178881544063,26.42335026683897,1
1284,1285,-0.006571480374200803,1,26.113441654086785,25.967951126408202,1
1286,1287,-0.000945667662378309,1,26.0103992010642,26.011812406855267,1
1288,1289,-0.002086499963983986,1,26.102779042686297,26.074418374196537,1
1294,1296,-0.010899194159395172,2,26.15003528662485,25.891171010047515,2
1298,1301,-0.0094909432290355,3,26.076733898458514,25.855317831328037,3
1303,1304,-0.016593184041634502,1,25.496238145187775,25.09867061142052,1
1306,1307,0.003197749705319425,1,25.264416406953845,25.370470103481203,1
1314,1319,-0.02082201449001219,5,26.318495930163383,25.796810322480358,5
1320,1321,0.00013408372712817333,1,25.669434986337865,25.698546274840446,1
1322,1323,-0.006957087079946517,1,25.64100698903038,25.48826127757921,1
1331,1338,0.02074517506087224,7,25.66790542285124,26.226058519717053,7
1342,1348,-0.004036181041939262,6,26.42029829214364,26.340081483346655,6
1351,1352,-0.005855160876101798,1,26.140373688314583,26.013457968696397,1
1354,1357,0.0018004084501544036,3,25.66482826739631,25.736700269348088,3
1358,1360,0.0032011775262539757,2,25.70162133470379,25.80959840864344,2
1364,1369,0.006458757032642119,5,25.89442760772694,26.087567851752315,5
1370,1371,-0.002457664306706642,1,26.24645047352921,26.208191959496205,1
1374,1375,-0.0001882411659887797,1,26.709568100609065,26.73124982846736,1
1376,1378,-0.004522164998770843,2,26.70664484090645,26.612579631213205,2
1379,1382,0.0025105702483069563,3,26.563198827921966,26.65645080342713,3
1383,1388,-0.010440307079825056,5,26.705365064815492,26.4532582179248,5
1391,1393,0.011378116038741792,2,26.665856236197953,26.995929298962018,2
1395,1399,0.002871607453329263,4,27.223689678185142,27.329089118050327,4
1400,1401,0.0006771276651054469,1,27.292094346292593,27.33786667275943,1
1402,1410,-0.011522624803007503,8,27.440774197657504,27.152025226471505,8
1411,1412,-0.0040385962554402195,1,27.12612279396394,27.04369745881759,1
1415,1417,0.0006397166058789785,2,27.062550619421565,27.10692553306967,2
1421,1423,0.010511588807250637,2,26.964310166081052,27.274712217184145,2
1424,1426,0.01064702168427253,2,27.31681727846956,27.634976841657206,2
1428,1429,-0.004344760776341847,1,27.88171664135438,27.7884589691553,1
1430,1432,0.006078008491970673,2,27.836896790335306,28.03392658220741,2
1433,1435,-0.003251521831591207,2,27.949413597880746,27.886484882984945,2
1438,1440,0.0009972082509504582,2,27.91634990793141,27.97210467230395,2
1447,1448,-0.004047412843587896,1,27.657818906212825,27.573534113652403,1
1449,1453,0.002176089764588153,4,27.620959612523407,27.708686259636846,4
1466,1468,0.0012616976048533597,2,26.960849704512167,27.021826993713674,2
1469,1473,-0.0005591148245644936,4,27.002896572961284,27.01480174975412,4
1474,1476,-0.017280705807578747,2,27.011537072692143,26.571770184201135,2
1478,1488,-0.013616520009082703,10,26.338212068698716,26.005915489130516,10
1489,1490,-0.002470852696180526,1,26.065110085387275,26.02677214794194,1
1496,1498,0.0034565035465797256,2,25.399588360044447,25.51278171565265,2
1503,1505,-0.010923483178562007,2,25.8280507310889,25.571746504123894,2
1507,1510,0.0035981954676903858,3,25.668666490450363,25.786696036368408,3
1516,1517,-0.007808214524905577,1,25.858802543247794,25.68275026817619,1
1522,1526,-0.0010927883847551107,4,25.843074268541713,25.84067633142323,4
1527,1528,-0.005814029896450003,1,25.776984366212968,25.652893192833695,1
1529,1531,-0.006696388362911766,2,25.554333622283423,25.408766213615483,2
1534,1535,-0.004350292174196396,1,25.397157547379365,25.312069649201547,1
1540,1541,0.0026442525051628882,1,25.50125444667316,25.594187457075243,1
1545,1548,-0.004626323941333493,3,25.762048283345027,25.668626750877344,3
1549,1552,0.002486647822014679,3,25.734104881130584,25.823830641865875,3
1553,1558,-0.0084509751830509,5,25.931373709134476,25.738159687165297,5
1560,1563,0.0028494776776304834,3,25.71245322981341,25.811432744558694,3
1564,1570,0.01113032235163237,6,25.899134138923234,26.21329898465654,6
1578,1580,-0.01278480277955325,2,26.48690005317204,26.17475715980367,2
1585,1586,-0.0012893920754915324,1,25.965876117068863,25.958361798287388,1
1588,1593,0.011077175109978302,5,26.111529388938852,26.42688290175841,5
1601,1608,-0.013087332994577754,7,26.08425761732767,25.768968509590678,7
1609,1611,-0.011523244454250858,2,25.618146098113478,25.348560084258317,2
1613,1616,0.005474087947789263,3,25.244114166054594,25.407546781329664,3
1624,1625,-0.00388940395220439,1,25.44130822810468,25.367798011561145,1
1627,1635,-0.05330985641855775,8,25.234317865026924,23.91431432068712,8
1638,1640,-0.015903390084449614,2,23.708519856103724,23.35518253636329,2
1643,1644,-0.014840123099867611,1,22.902399444757627,22.585427417159842,1
1646,1647,0.012748653831790937,1,21.942641744595143,22.244323530096587,1
1648,1650,0.043638640729926334,2,22.81656832927377,23.83506892561404,2
1655,1656,0.006842727430835094,1,24.4625516364877,24.6544047612354,1
1657,1660,0.04456637320038644,3,24.888864477197878,26.022959764499717,3
1663,1664,-0.0012515722436975013,1,27.169174756122295,27.162339745869488,1
1665,1670,-0.026640442830991515,5,27.490028633870487,26.78517212626141,5
1673,1674,-0.005464882028639048,1,26.83978389799448,26.719947429215768,1
1678,1679,-0.006431117984990539,1,25.817295913630986,25.67707913347064,1
1684,1687,0.0010786102467568687,3,26.43600507736758,26.49095522840471,3
1688,1691,0.018505424843560055,3,26.602091712928146,27.120976813516158,3
1692,1693,0.006860414516725884,1,27.308553147654518,27.52320969524712,1
1696,1697,0.0025386219315819704,1,27.998576726959328,28.097653104618427,1
1698,1702,-0.012432237083327444,4,27.950398978773922,27.630863391074985,4
1705,1709,0.06814622479216094,4,28.159526477129226,30.10665142495761,4
1711,1714,0.009934697463587962,3,30.282309001458312,30.613436888888145,3
1718,1720,0.01476610304304208,2,30.313947863113192,30.79188068876444,2
1724,1725,0.005277483971116475,1,32.203232098778585,32.40538737209681,1
1726,1728,-0.017889246615909644,2,32.43364345950543,31.88586365646536,2
1730,1732,-0.019116830128175548,2,31.985158986027717,31.405689294055165,2
1733,1736,-0.011315393228451362,3,31.229484712580238,30.907340297448062,3
1737,1739,-0.000975393618060203,2,31.1120418934878,31.112807448273557,2
1742,1743,0.0041881488768108445,1,31.18707567400718,31.348878865636294,1
1747,1749,-0.006484819208195605,2,30.446222343353295,30.279230318227476,2
1750,1753,0.0058659073988043256,3,30.259392894178404,30.46715108373387,3
1754,1755,-0.002320865765070756,1,30.544416497289372,30.50407142322404,1
1765,1766,-0.008098360627969151,1,30.936736933801885,30.717136818393147,1
1771,1773,0.04121045898595355,2,32.54976066894193,33.923701006660906,2
1775,1781,-0.012481480441118728,6,33.838201365324615,33.449688718186,6
1782,1783,-0.009039860031393017,1,34.12474259571155,33.850384441634716,1
1784,1785,-0.02653952750760457,1,33.454547961647584,32.60013461372661,1
1788,1793,0.011220642431081843,5,32.12105449105751,32.513594412502016,5
1795,1796,0.012251948919433368,1,32.722598334632465,33.15623653627415,1
1800,1801,-0.003726431574443928,1,35.0543924597701,34.95881905734483,1
1802,1803,0.0029089316824056433,1,34.97756874497824,35.11429367161901,1
1808,1809,-0.011628165348162495,1,34.22239558078249,33.85867430193971,1
1812,1813,-0.0036151857352721807,1,33.20966023458342,33.1228108048647,1
1814,1817,-0.010285352467945402,3,33.305688857762554,32.99643379753051,3
1820,1823,-0.027274981647512405,3,32.14825336643401,31.30355859923138,3
1826,1830,0.02072010388481093,4,29.881959081691406,30.530998337227413,4
1831,1833,0.02139464565740497,2,30.7908346659527,31.480384497792453,2
1834,1835,-0.00842764195977819,1,32.03947502965029,31.801497280550794,1
1844,1846,0.009547654918104689,2,29.883735722998594,30.19893905506862,2
1847,1851,0.007825233068412527,4,30.219828106443966,30.486525132770698,4
1854,1857,0.0166151131108891,3,30.435804099759824,30.971934231597956,3
1858,1860,-0.001653083044721215,2,30.763840539895977,30.743749197248864,2
1861,1865,-0.007505187297011581,4,30.954051559739433,30.752689656741975,4
1868,1873,-0.02276160622646605,5,30.36185842392996,29.701135616604684,5
1875,1885,0.025151465263941863,10,29.509610284003415,30.281329832297992,10
1886,1887,0.007640170093163039,1,30.356353791579014,30.61863785174649,1
1894,1895,-0.0005117282952268954,1,32.03972947755723,32.05537357088971,1
1900,1901,-0.001933773083392523,1,31.721018833440915,31.69139859987646,1
1906,1907,0.003816444599731777,1,31.906543721620604,32.06021982182471,1
1908,1909,-0.006440397821763627,1,31.902364188622947,31.728802635982053,1
1912,1914,-0.000295821817062932,2,31.25503646590617,31.277045580692363,2
1915,1918,0.0008016109934327667,3,31.36721570960413,31.42372723025993,3
1919,1920,0.010799369408824411,1,31.578778765088362,31.95138844121718,1
1923,1926,-0.022098449664568573,3,33.21332639328381,32.51257669818222,3
1928,1929,-1.2699295496094087e-05,1,32.54383272740703,32.575963276386055,1
1932,1934,-0.006021415645424354,2,32.53614117622089,32.372763687876876,2
1943,1945,-0.002842867710094131,2,31.505940672686584,31.44787939194475,2
1946,1947,-0.005480542575510289,1,31.445790597036144,31.304896393445542,1
1951,1952,-0.0036661003992911455,1,30.849482499203372,30.76723468159432,1
1955,1957,0.0023718786738341903,2,30.68402962764045,30.787492452769186,2
1968,1969,0.004342154846954034,1,34.137275250606635,34.31964186104847,1
1970,1972,-0.003481152109433768,2,34.29300371052708,34.20791755203189,2
1974,1980,-0.010326009834317688,6,34.07525578949003,33.757469618890354,6
1984,1988,0.0036559328125815365,4,33.25386639171409,33.408694159392475,4
1995,2000,-0.017713420491440878,5,33.78729912580694,33.222597788247235,5
674,677,-0.010238368876921863,3,27.11178417912737,26.861315515969096,3
678,693,-0.003253451472299027,15,26.74872198767991,26.688445040734656,15
697,701,-0.007974229328972763,4,27.102975308751965,26.913952943451243,4
702,706,0.017625414502641473,4,26.991075318706322,27.493795284389243,4
709,710,-0.003195001628089419,1,27.70470186176434,27.643889996072037,1
711,713,-0.0043816461187931935,2,27.395724507629314,27.303081862176562,2
714,720,-0.031506982186716354,6,27.40995069951038,26.573755821781642,6
721,722,0.004285884469785198,1,26.757306231934876,26.898742261399548,1
723,724,-0.008032098660890104,1,26.797871340783324,26.609426065613096,1
727,729,-0.008064170291961038,2,26.32834907274234,26.142361131386295,2
730,732,-0.004549462209392948,2,26.022594119349343,25.93022790493234,2
733,750,0.016329498359023985,17,25.922275855864545,26.371495892770916,17
751,759,0.0012834906000209084,8,26.351263111740387,26.411435973354724,8
760,762,0.010131306209364165,2,26.52297415362941,26.81820950051651,2
769,770,2.887796842896231e-05,1,26.986554251107112,27.01432012221989,1
771,776,-0.000998656810839015,5,27.156650630941574,27.15668710746035,5
777,778,0.006919167261957134,1,27.23509109902959,27.450770340837444,1
781,782,0.00013704344857397494,1,27.745981939869395,27.777530326858376,1
783,785,0.007253580130781446,2,27.78279982948693,28.01210739413706,2
788,789,-0.00286681006995472,1,28.232766608387173,28.180061395379955,1
791,796,-0.00835168820777328,5,27.848598090571368,27.643863880385897,5
798,799,0.0023959234638537786,1,28.022473437728685,28.117635612791087,1
800,802,0.001422315225005129,2,28.072277903626947,28.140277809793478,2
805,807,-0.0008453043831054388,2,28.511853861880788,28.51626452070276,2
808,809,0.0026858724876992887,1,28.500327277183814,28.60537584938521,1
812,813,-0.005343052295206546,1,28.685716690435445,28.561133122723405,1
814,817,-0.005681416486023503,3,28.58576429469988,28.45194242646509,3
821,824,0.0029574951848562164,3,28.510710006245205,28.623541003811752,3
825,828,-0.004319649889119894,3,28.5819692040272,28.487087073128222,3
832,834,0.0017338894405008803,2,27.95516887309136,28.031595214080923,2
836,841,0.01208032173680042,5,28.351067513563578,28.72190859822274,5
842,844,-0.0016546854975142207,2,28.683479522967783,28.66470086490585,2
847,849,-0.01049793904176444,2,28.621085731616795,28.349244404028784,2
852,855,-0.0016137977097866948,3,28.167742953383907,28.15045365726926,3
858,859,-0.0022356451239142275,1,27.96558438305028,27.931028845069953,1
871,872,-0.0030269563367224563,1,27.97303081600487,27.916330703935035,1
873,874,-0.0008246883558094638,1,27.894087224828063,27.89897738312264,1
875,878,-0.010300256914059759,3,27.796807352242396,27.538289902475917,3
883,884,-0.0017450389549926012,1,27.156859416931738,27.136626498770866,1
887,891,-0.006989558735560004,4,27.214292521454148,27.051290917950187,4
894,895,0.0013978458296249776,1,26.998618118597093,27.06335664245841,1
898,900,-0.001923202757640509,2,27.338989276499806,27.313749846208637,2
903,906,0.004892442219871907,3,27.48401226715383,27.645960221408284,3
909,915,-0.00754263340836745,6,27.74876131457073,27.567211341753204,6
919,920,-0.005119202073803192,1,27.342529010844306,27.229899608639812,1
923,932,0.00015640806297363545,9,27.231831390104237,27.26332249949329,9
939,948,-0.03045265505710001,9,27.205929212947957,26.40464236433112,9
950,951,-0.004644205411536008,1,26.708656251023083,26.61132442137825,1
953,954,-0.0001153994313410632,1,26.615299745360815,26.63884365465059,1
955,959,0.0061779957909787004,4,26.597158144688386,26.788072433902954,4
961,963,-0.005334438732171637,2,26.75555980614994,26.63958947142523,2
965,966,-0.0036218302668412014,1,26.51309751387259,26.443584672343007,1
969,973,-0.01173943426641097,4,26.47956481802834,26.195189272261956,4
975,976,-0.0023134116185010815,1,26.200154439089058,26.165742851842236,1
977,979,-0.004579474997498506,2,26.186336997864284,26.09260365930436,2
981,983,-0.01173018052091707,2,26.156187645224318,25.87552703005208,2
989,990,0.0013261104498438745,1,26.11600966962969,26.17675839263044,1
992,996,-0.0075709451074095395,4,26.409414880120977,26.235880064624897,4
998,1004,-0.011538663277336839,6,26.264997710216413,25.98819974336842,6
1005,1007,-0.00022550227169361827,2,26.030905132060084,26.051066008950624,2
1008,1009,-0.0004095885194026727,1,26.018555574992163,26.0339172289122,1
1012,1017,0.018299726367884912,5,26.351362555460664,26.859936642201983,5
1018,1019,0.002748488374756727,1,27.02077018377047,27.122057226681306,1
1020,1025,0.012297211414760308,5,27.385191380577496,27.749338059998706,5
1031,1033,0.009578975721032328,2,27.773290379189575,28.067103343804202,2
1038,1039,-0.002953651231530555,1,28.474801674566788,28.419171843207682,1
1040,1045,-0.002249491876217434,5,28.474772701291826,28.439193704124424,5
1046,1049,-0.011964524046137945,3,28.34443055025514,28.03364735991278,3
1052,1054,-0.0011515219222563815,2,27.80754759827018,27.803334145204854,2
1056,1057,0.0009520793068282074,1,28.143206091092036,28.19814386133026,1
1060,1061,0.012058860464856679,1,28.669777358791645,29.044171980878613,1
1062,1063,0.005682854622897079,1,29.372796486352367,29.569090615138602,1
1069,1070,-0.00895323586865747,1,29.3171866337328,29.08402013342927,1
1072,1082,0.013682551415532113,10,28.78163452858706,29.204222357376093,10
1084,1086,-0.00942014131978007,2,28.813492024632726,28.570878349868963,2
1089,1090,0.000351954810040405,1,28.487813298423323,28.52632753463966,1
1091,1094,-0.016152000727480832,3,28.491298445334348,28.059598270563768,3
1098,1102,0.003234836043992666,4,27.727941302110843,27.845364587362734,4
1104,1106,-0.0022055362425437595,2,27.9823042877138,27.948570605745072,2
1109,1110,0.00034722099443701133,1,28.22822574340654,28.266255401763765,1
1112,1113,-0.008097901992138104,1,28.051201993546037,27.85209731103418,1
1114,1120,-0.017900747788292082,6,27.66083325810984,27.193344491600524,6
1121,1122,0.0006927802348702427,1,27.34804029449656,27.39433451656952,1
1123,1124,0.0010066078802239177,1,27.52316554105736,27.578393741920753,1
1128,1131,-0.002746950391245467,3,27.643302103259302,27.595010625834696,3
1132,1133,-0.0011006387719876946,1,27.57434027037729,27.57156522263411,1
1139,1143,0.010229678897587847,4,27.844874816450254,28.15756381958252,4
1148,1152,0.00656930727021847,4,28.440877578090788,28.656155319514024,4
1157,1159,-0.008700572728866526,2,28.555438276709395,28.335545047454936,2
1161,1162,-0.005794916602211781,1,28.304263103015014,28.168546521948997,1
1163,1166,-0.009293610016462478,3,28.159867476576583,27.92632051761059,3
1171,1174,-0.007459638997674336,3,27.696164779435918,27.51725755334066,3
1175,1176,-0.005682823229405032,1,27.274394694317014,27.146673525274505,1
1177,1179,-0.008358563498981585,2,27.074998332528875,26.87576523806414,2
1180,1182,-0.009806624046834647,2,26.86366422634063,26.62708603497885,2
1183,1188,0.003960280563186601,5,26.681641146154004,26.81398957212519,5
1195,1200,-0.0032284711395403074,5,26.970748704427418,26.910645169327807,5
1204,1210,0.011595974522100993,6,27.092629788518224,27.433887863071114,6
1211,1213,0.003958835407800396,2,27.558875535223358,27.695535463026587,2
1214,1219,0.001634943085653301,5,27.595314839838153,27.66802692387181,5
1221,1224,-0.0016014296422754795,3,27.976027766608315,27.959202154236355,3
1225,1226,-0.004274709010169319,1,27.906471612157134,27.81508603812677,1
1228,1234,0.002806838589054916,6,27.649167512999842,27.754423430843573,6
1236,1237,-0.005345250759829775,1,27.667782960749207,27.547559505816206,1
1239,1240,-0.005221794443725554,1,27.508938232967605,27.392801150382873,1
1248,1250,-0.008127902038016676,2,27.029907272093112,26.837240740960958,2
1252,1253,-0.006338757346932688,1,26.710651063590795,26.568049378983694,1
1255,1258,-0.008984254516812083,3,26.597554122509496,26.385192480870696,3
1260,1266,0.014385315717524477,6,26.468464545423824,26.875690229013273,6
1270,1271,-0.006844110392897905,1,27.11750124056649,26.959023569737074,1
1272,1275,-0.013133148118508822,3,26.9883685986744,26.66091472498977,3
1276,1284,-0.018225718934605534,8,26.54692570506365,26.08963582429037,8
1288,1296,-0.007586612570602534,8,26.073509935602516,25.901773827300946,8
1298,1301,-0.01166271579813077,3,26.095064942419416,25.816820681204632,3
1303,1307,-0.00886394543728226,4,25.49696152405698,25.296454809815312,4
1310,1314,0.019607777071143365,4,25.726298413083462,26.256460235645996,4
1317,1322,-0.029907315948266573,5,26.355733029025174,25.59385952730698,5
1325,1326,-0.0033852056084611973,1,25.36742262078105,25.306916102073757,1
1327,1328,-0.003937254792390665,1,25.394076127331957,25.319487255528617,1
1329,1331,0.00956606273829676,2,25.396161165864928,25.664498598055353,2
1333,1337,0.004784488357767552,4,25.951481217118353,26.101597258085597,4
1339,1342,0.005159632642513544,3,26.21708626591981,26.378573886274964,3
1343,1346,-0.002599777103496121,3,26.410826825169945,26.368575389130637,3
1349,1352,-0.016439533751153524,3,26.3311583558926,25.92461754774983,3
1354,1357,0.0009457925133944233,3,25.65288008062025,25.702795262628126,3
1359,1365,0.0024227342843053485,6,25.74399698585595,25.832111846954493,6
1368,1375,0.02169832184654029,7,26.086821996004815,26.67894907762354,7
1376,1378,-0.004403717398707308,2,26.713599361771067,26.62267381884131,2
1383,1393,0.009191937969862292,10,26.67356082461024,26.945416101970018,10
1398,1400,-0.002356013781738758,2,27.368648206518777,27.33153594236318,2
1402,1410,-0.007795772217938801,8,27.396607979551163,27.21042687217797,8
1418,1419,-0.006614147365620851,1,27.100096837381003,26.94795290011335,1
1421,1422,0.005078014143316147,1,26.93832644256228,27.10205797167744,1
1427,1429,0.0004891260988222615,2,27.795827716193234,27.837219208683784,2
1434,1436,-0.003358945065153412,2,27.96176603709656,27.895805767090376,2
1438,1439,0.0003991604835453112,1,27.8210211936943,27.859947267160393,1
1440,1443,0.00024502508684400427,3,27.97974795378243,28.01458344190846,3
1446,1449,-0.00831900620608227,3,27.779139489981116,27.57582379565432,3
1450,1452,0.0062906025287543365,2,27.515241159874336,27.7158438466538,2
1453,1456,0.006644061058208664,3,27.7469853386614,27.959084988771348,3
1459,1462,-0.0059977674078620985,3,27.415432633274683,27.278416677587664,3
1464,1466,-0.0019516459976305466,2,27.011078226652543,26.985373242166464,2
1468,1477,-0.020583769746918862,9,26.939778962993973,26.41219653474981,9
1481,1488,-0.016315396214042658,7,26.382491468846926,25.978433158887935,7
1490,1493,-0.017154966358100203,3,26.034911221327434,25.614318106410764,3
1494,1498,-0.0035096379834799853,4,25.58043066737881,25.51623304694218,4
1502,1504,-0.002212058530600084,2,25.7280799151269,25.69689597638981,2
1506,1507,0.0013503040320162096,1,25.610995707351318,25.671189333826256,1
1510,1514,-0.002494392261999293,4,25.771421482579974,25.732908869735684,4
1516,1518,-0.00567610426477374,2,25.820397206885655,25.699658337388385,2
1522,1525,0.0002182602223934477,3,25.86376380957763,25.895272604228218,3
1528,1529,-0.007580181478055515,1,25.691100632599003,25.522048528065515,1
1531,1537,-0.005670710574170029,6,25.37199679918667,25.253491545448902,6
1538,1539,0.0012197556239735372,1,25.296989442638605,25.3531425772235,1
1540,1546,0.007407445595235385,6,25.5076306840885,25.72208470132833,6
1547,1552,0.004041394795674183,5,25.70826558258181,25.837871098895647,5
1553,1554,-0.00246296777688422,1,25.926256453111762,25.888327175345623,1
1556,1563,-0.006477531250240959,7,25.87616821833851,25.73443069828607,7
1569,1572,0.0061481556960599456,3,26.218329400077117,26.405742100719454,3
1573,1575,0.0013413262252460075,2,26.363234263367737,26.424959195130864,2
1577,1580,-0.01071615610297948,3,26.481086726869048,26.22379235445425,3
1582,1583,-0.0014914476330246645,1,25.91867856267243,25.905940889441677,1
1584,1585,-0.0012814664779744478,1,25.908779844632107,25.901487391620623,1
1596,1598,-0.010012019040511206,2,26.256764855345487,26.02013839052689,2
1599,1604,0.0023003804151437036,5,26.08234174655051,26.168423396431912,5
1606,1609,-0.021801411368060127,3,26.07845234500592,25.5359837299351,3
1611,1618,0.005903577208927518,7,25.357741253108017,25.532800377692855,7
1624,1628,-0.011972166740912078,4,25.45668280545774,25.177367837045747,4
1629,1631,-0.010697549502530341,2,25.080709393135297,24.83748797223679,2
1632,1637,-0.04209058815816273,5,24.713526813577523,23.698033461345098,5
1638,1641,-0.02238295850941111,3,23.806523052576583,23.29746915789,3
1650,1652,0.011343879499611003,2,23.85336607505956,24.147809151550206,2
1654,1656,0.013270335644499365,2,24.315161893174377,24.662147414640316,2
1660,1667,0.05814809547907413,7,26.014213634414038,27.55290482627539,7
1670,1675,-0.005974225701809914,5,26.760755588934238,26.627641550683908,5
1677,1680,-0.01330317702912803,3,26.16256312840913,25.840680482704574,3
1688,1689,0.0027823688923017103,1,26.597851228312212,26.69845411340025,1
1694,1695,0.006942787045511568,1,27.686735064860848,27.906644905466536,1
1700,1702,-0.006889368129734303,2,27.811452064064973,27.647660184637235,2
1703,1706,0.04585471765187244,3,27.596520069235446,28.889547225253704,3
1707,1708,0.006439647781615998,1,29.51684137041157,29.736436273833263,1
1710,1712,0.01423592799252723,2,30.11040508724035,30.569165050975368,2
1713,1718,-0.013423166256188692,5,30.656209156415553,30.27536197328091,5
1721,1726,0.03404739476770646,5,31.352580479355794,32.451406744402064,5
1732,1737,-0.011325295638901875,5,31.384201396100767,31.06015023829519,5
1738,1740,-0.008842454520503206,2,31.246347331340484,31.0012992734626,2
1742,1743,0.006578318358943773,1,31.202136667905286,31.438596393053945,1
1746,1750,-0.010393536654412387,4,30.523506733360442,30.236783054039417,4
1758,1760,0.015822549285783468,2,30.48533758955981,30.998178683653926,2
1766,1767,-0.010033734858352534,1,30.68821514255745,30.410985943683507,1
1768,1772,0.10062717100138895,4,30.344215433808216,33.42801220460283,4
1774,1779,-0.016073727331155845,5,34.158661613535784,33.643763262376126,5
1782,1784,-0.022864559094512498,2,34.11310923130203,33.36724113861667,2
1793,1797,0.044515001984229245,4,32.55023757490494,34.03176170271387,4
1799,1801,-0.0023442680034643695,2,35.08844895204241,35.04128067282499,2
1804,1806,-0.020196314051830835,2,35.300960412471014,34.62331209006197,2
1810,1812,-0.012112564106101155,2,33.63620031301176,33.26241588074776,2
1816,1818,-0.0199498131147984,2,33.371649968513125,32.739263438277334,2
1821,1823,-0.018404333298211457,2,31.876272889827348,31.32148761214805,2
1824,1825,-0.013661318746997237,1,30.982130119635844,30.58985549473019,1
1834,1836,-0.012471655554224213,2,31.95064699355375,31.584120176509092,2
1837,1840,-0.037901418423247034,3,31.215824446438813,30.06391624711415,3
1842,1847,0.006268463562836196,5,29.995364742577074,30.213384958262477,5
1851,1852,-0.005523179398393833,1,30.47221292060319,30.334381634897248,1
1853,1863,0.017881220237680795,10,30.203962143712896,30.774249804998913,10
1864,1865,-0.0016217118857570847,1,30.882240419647093,30.86304056371939,1
1870,1871,-0.008158725489850265,1,30.38244961478995,30.164949998288463,1
1872,1874,-0.009594055800700729,2,29.90055563700912,29.643588593392707,2
1877,1879,0.0046483857616361705,2,29.63765806997089,29.805062995821554,2
1886,1890,0.028986025464823678,4,30.357590143113825,31.267893614195916,4
1893,1894,0.0037660716083985097,1,31.839933999242547,31.99168540468962,1
1897,1900,-0.006511031767876171,3,31.87801028828853,31.702329560893087,3
1902,1903,-0.0026062169869825614,1,31.93280841543717,31.881517396118234,1
1905,1910,-0.009135095740876922,5,31.841963019398612,31.582925601658342,5
1911,1913,-0.016012902094871186,2,31.466456892652726,30.994054056050846,2
1915,1918,0.0003702155837292476,3,31.395016910826634,31.43803485224929,3
1919,1922,0.0467360577151624,3,31.571906003147657,33.079024330291595,3
1924,1928,-0.01792297782189009,4,33.131116746686835,32.5704395927682,4
1930,1935,-0.009568290781860236,5,32.65760497904599,32.3777851233464,5
1937,1938,-0.007300732504073403,1,32.11536512106433,31.913014796165854,1
1941,1943,-0.005133367808531844,2,31.654744258272956,31.523903557368502,2
1946,1948,-0.0005679257446258876,2,31.376075251214047,31.389632045564777,2
1952,1953,-0.0036888041349002975,1,30.825621017869924,30.742736960616206,1
1959,1960,0.009665162464225802,1,31.349636648712668,31.683985616765636,1
1962,1963,0.017221165556794777,1,32.3439846385475,32.9333297374129,1
1965,1968,0.024481324384151945,3,33.22783119179368,34.07452033697362,3
1969,1970,-0.005987619375529934,1,34.36972087941792,34.19829779362818,1
1980,1981,-0.005075898032626373,1,33.78469911582668,33.64699612716761,1
1982,1983,-0.0046745905083604156,1,33.60677051454652,33.48327939459712,1
1985,1987,0.004762781867632059,2,33.174509564717724,33.365687026904865,2
1993,1996,0.00949023378126258,3,33.488152841004364,33.83945139320915,3
676,678,-0.0111797336119202,2,26.974358294497367,26.699766512706894,2
679,680,-0.009976477918541535,1,26.655431210798024,26.416159321125093,1
681,684,-0.005727422870690024,3,26.339339895983155,26.214822698160006,3
686,688,0.0019317683757235416,2,26.155790065061126,26.232472783215936,2
689,692,0.010435630895195988,3,26.30827279071383,26.60912448783856,3
695,700,0.005271159779291284,5,26.83219214873394,27.000461112927297,5
703,706,0.010438667534551256,3,27.17456416823181,27.485404973148544,3
709,711,-0.011870370628227132,2,27.718233888870405,27.416926413338498,2
713,714,0.00022621468305775378,1,27.320067472122112,27.353567739998557,1
715,717,-0.01428333929533461,2,27.241189256777187,26.87933529707099,2
722,725,-0.016076929219494763,3,26.862037373664705,26.45704033749054,3
729,730,-0.004054734422873986,1,26.14079038754175,26.06093721530379,1
731,733,-0.003969547856848051,2,25.96808679536548,25.890973318875858,2
735,737,0.009601581805034887,2,26.289008677621204,26.567713753690278,2
744,745,-0.0015420319964306135,1,26.31695698633834,26.302692353603057,1
754,756,0.0033124471022652887,2,26.253793759003184,26.367011855822668,2
760,761,0.006957837860093523,1,26.51669216945846,26.72770770632902,1
762,770,0.005089282786746323,8,26.834636121960393,26.998039809786448,8
772,775,-0.0017374602584128633,3,27.17568345444297,27.155642467900112,3
777,780,0.019243423236820663,3,27.206663949462495,27.757419962653415,3
781,782,-0.0024269519307667476,1,27.803714589724375,27.76404002550808,1
787,789,-0.00522989045431734,2,28.255082156661285,28.13556625436087,2
790,791,-0.003672581493500153,1,27.906671784548504,27.832088929991937,1
792,799,0.006227911654890706,7,27.816450684392606,28.01750553249202,7
805,806,-0.0003838609339918607,1,28.53357778795103,28.55115843991917,1
812,818,-0.010120565947289172,6,28.650298261922714,28.388991327215344,6
819,820,0.0008263442982318846,1,28.412094739295245,28.46398500652318,1
821,826,0.0028585119771902625,5,28.42885678770714,28.538549872120335,5
827,830,-0.01109678550000437,3,28.45213618412896,28.164861068060898,3
831,835,0.0046222441594790135,4,28.0835660703202,28.2414587356364,4
836,839,0.010055446625346947,3,28.342396813264905,28.65573466846836,3
855,856,-0.0012735462643455214,1,28.156417092351873,28.148715009638906,1
857,864,-0.003967271090018904,7,28.028205698594057,27.945038414119516,7
868,872,0.00866195587167853,4,27.63946530885068,27.906516602981586,4
874,875,-0.0036393200959347156,1,27.880284004843343,27.806699010988993,1
878,879,-0.007031940334206127,1,27.55163440917457,27.38544459430857,1
881,886,-0.005753973721507328,5,27.242521715669632,27.113011483325746,5
887,888,0.0007569286395270043,1,27.212123223477324,27.25993298211099,1
892,893,-0.005129971731695659,1,27.1059120941492,26.993965443438537,1
896,898,-1.636189158874977e-05,2,27.293384696286562,27.320231509581358,2
901,907,0.00835719253475135,6,27.385732225230743,27.641985794367372,6
909,910,-0.000613583435364531,1,27.777909551210865,27.7886433955924,1
912,917,-0.02167562761046593,5,27.89948642422084,27.3226470323904,5
918,921,-0.005371939557650345,3,27.356565521597204,27.23696427063188,3
924,926,-5.506395252590358e-05,2,27.085054250922486,27.110647895031974,2
927,930,0.004764906322406646,3,27.14098583070495,27.29745107151673,3
933,934,-0.0016092071079989276,1,27.334168395351167,27.31751622567348,1
936,939,-0.007366160509219521,3,27.289225071758192,27.115497484779162,3
947,948,0.003121960485457667,1,26.37467379687422,26.48338916008177,1
953,954,-0.0020883115955747187,1,26.66815868349642,26.639135417168543,1
955,956,0.0011081506727734064,1,26.618867249839287,26.6749838327405,1
962,965,-0.011354344440149742,3,26.720069779279807,26.44340097332031,3
966,967,0.0016145512892007563,1,26.39361608337918,26.462623546336648,1
968,971,-0.006741703385157615,3,26.436694784243798,26.284903124308727,3
976,977,-0.003924999457706333,1,26.166186309114302,26.0896502283499,1
978,979,-0.0032348328763252485,1,26.141586125168235,26.08316404905642,1
982,983,-0.006686720053302542,1,26.05704225042968,25.90886314573441,1
986,992,0.018763565264866573,6,25.87477757908154,26.386155434479626,6
998,1001,-0.009315308391835312,3,26.273188584436596,26.05471891892016,3
1002,1004,-0.005088635231419063,2,26.051798098052764,25.94528179850725,2
1005,1006,-0.0012585482164540925,1,26.06698646122086,26.06024688836298,1
1008,1016,0.03345108477431524,8,26.02328560402662,26.919816022477157,8
1017,1018,0.0009230450098250537,1,26.964679369320013,27.016533661422717,1
1024,1025,-0.0022398633957562844,1,27.778699179477407,27.744257387183048,1
1032,1036,0.008718895209784402,4,27.956632414190647,28.228339995042628,4
1037,1038,-2.0996854232845606e-05,1,28.357112044159518,28.38487374605562,1
1042,1043,-0.003685772636803809,1,28.54486564030132,28.46820062124336,1
1044,1046,-0.01005838940828856,2,28.48913842663407,28.231072716858982,2
1047,1050,-0.01293226074551053,3,28.24002496634305,27.903057624984918,3
1059,1062,0.032137075288831925,3,28.432677158502802,29.37485292216716,3
1063,1064,-0.006366371542509918,1,29.59260765591409,29.43380272832073,1
1067,1069,-0.0015474908551334696,2,29.301966997746216,29.285924438777528,2
1071,1072,-0.0090559885916566,1,28.947906889271835,28.714702881619523,1
1078,1082,0.007272950765872339,4,28.97361508687129,29.213312377994313,4
1090,1091,-0.0016160417497003716,1,28.522914876497676,28.505343570110604,1
1094,1096,-0.006237263156325476,2,28.126108819103184,27.978804985654094,2
1099,1109,0.015321970600026526,10,27.779308842198954,28.232721904410383,10
1111,1115,-0.030885250214227996,4,28.149091771941485,27.307849121033748,4
1116,1120,0.0027054774282275693,4,27.09399129597757,27.19438746916541,4
1123,1125,0.0015550720413271871,2,27.50691094524076,27.577193084340223,2
1128,1130,-0.002352757643518562,2,27.64755604321762,27.61015560045555,2
1135,1137,0.003286843639735585,2,27.585042745727684,27.70329551077404,2
1138,1139,7.423782524966136e-05,1,27.82343833147407,27.85332732135824,1
1141,1143,0.005613204185411339,2,27.91085044682944,28.0954305998228,2
1144,1150,0.008233715325713539,6,28.187820897800943,28.448099211623436,6
1162,1163,-0.00365225500323327,1,28.19535061103917,28.120569351313126,1
1165,1166,-0.004876591921440616,1,28.00825635562277,27.899679775300925,1
1169,1173,-0.006907023603258463,4,27.798022687317214,27.633819111179317,4
1177,1181,-0.01719287393104594,4,27.128914005814938,26.68961892143259,4
1182,1183,0.0007685441439661397,1,26.64662909613906,26.693754835983473,1
1185,1190,0.007938961049056246,5,26.68036634507084,26.91886110060398,5
1191,1192,0.0009746091877239223,1,27.040266198799706,27.093660156874357,1
1194,1195,-0.003930515739800053,1,27.06964228764012,26.990314274845435,1
1196,1207,0.00013473120174303387,11,26.938205103746395,26.96877272559657,11
1210,1211,0.0010654561460656038,1,27.45124111155222,27.507940446223206,1
1213,1216,-0.00906584521934422,3,27.704615172841592,27.481154034995956,3
1220,1221,0.006166452178763196,1,27.76744792179394,27.966442009451775,1
1222,1223,0.0013759706692267723,1,28.02013882534897,28.08671385334566,1
1227,1231,0.0027983565580202846,4,27.584209042954914,27.688983704271024,4
1234,1239,-0.013587989710135251,5,27.771769163690234,27.42217841922545,5
1250,1251,-0.005313928830734647,1,26.889619853894022,26.773619947558814,1
1257,1261,0.0006754365755351972,4,26.426335839599904,26.470611489222946,4
1264,1265,0.0031938405430268282,1,26.81801034308292,26.930480802143055,1
1268,1269,-0.0029215967009232,1,27.099757160195846,27.047682356240994,1
1279,1283,-0.01037664081756403,4,26.483791581663436,26.23546258051495,4
1284,1286,-0.007112589396795125,2,26.13734393192466,25.97757708054599,2
1287,1288,0.0009659458724755781,1,26.000515454128863,26.051631060168145,1
1289,1295,-0.004400459772421039,6,26.10857293151299,26.01979177954406,6
1301,1303,-0.017230235292904867,2,25.848737576674562,25.429206483780582,2
1307,1309,0.008751605409782894,2,25.356777609050354,25.60404689875743,2
1311,1314,0.015116935132184008,3,25.82047777527095,26.23662474065699,3
1315,1319,-0.027735338366284248,4,26.442995708979605,25.736033271281833,4
1322,1324,-0.00829394182627484,2,25.672230662326413,25.484978905324695,2
1326,1327,0.00026445288421263766,1,25.32201302951722,25.354031521926462,1
1329,1331,0.010979291994681454,2,25.384156665191988,25.688240889923062,2
1332,1335,0.006089521739573702,3,25.81709895364188,26.00012983792645,3
1336,1338,0.004776204130326739,2,26.09602068694805,26.246756629425093,2
1339,1340,-0.0014764385643739116,1,26.25413489467665,26.24162641233855,1
1346,1348,-0.004906063678867553,2,26.414930240439308,26.311751840847307,2
1349,1356,-0.02754289288666403,7,26.29970619053667,25.60163590617052,7
1362,1367,0.0008942448728296935,5,25.913713313273544,25.96280023185319,5
1370,1376,0.018667024445145456,6,26.21507818351756,26.730650766984198,6
1377,1378,-0.004156728475572098,1,26.67154090293858,26.58734609028289,1
1379,1380,-0.005184684161716117,1,26.589281357022433,26.478013612456287,1
1382,1383,-0.003441012883098151,1,26.72199641637491,26.656767678860437,1
1388,1390,0.0029032122035153587,2,26.494923162147252,26.598338469564947,2
1398,1400,-0.003274481261008856,2,27.35484907481282,27.29263098319443,2
1403,1405,-0.0019981397008651766,2,27.468170055015705,27.440752983973677,2
1409,1410,-0.004678865975928046,1,27.262695923552997,27.162400119107765,1
1412,1416,-0.0012132651421302557,4,27.113910538167044,27.108128086182415,4
1417,1422,-0.003164667108906142,5,27.122361759333074,27.063650874916792,5
1423,1424,0.0014248044531636906,1,27.247288437823,27.313357784163667,1
1434,1435,-0.001745314752680532,1,27.935221151249703,27.914400618806283,1
1437,1439,-0.00028195828158877857,2,27.865907313528904,27.8859161975014,2
1444,1445,-0.004913199681009032,1,28.0979475222048,27.9879946429239,1
1446,1448,-0.0066429313453343465,2,27.755539651014388,27.59891704631101,2
1453,1455,0.0033032987435360718,2,27.75211319287739,27.87153882671077,2
1457,1461,-0.01969807943820231,4,27.88518917028173,27.363789688026504,4
1466,1467,-0.0008062723605762832,1,26.976608106043763,26.981834220651805,1
1470,1475,-0.012458858585763462,5,27.095213426760036,26.784733207751714,5
1477,1483,-0.021503104641313685,6,26.491127675016752,25.947977312229483,6
1486,1489,0.004716347190238859,3,25.919893318805798,26.068060428150044,3
1492,1493,-0.005134906427272646,1,25.830102474045383,25.72329741730834,1
1495,1497,0.003308457646528433,2,25.372054166667116,25.481368587449627,2
1499,1500,-0.0028862143709980958,1,25.682510764661433,25.634068043773816,1
1501,1503,0.0023616307772617302,2,25.702584617737912,25.788987217244074,2
1504,1506,-0.006080610930357137,2,25.72892658900724,25.598207923352774,2
1507,1509,0.005343449331362831,2,25.669458132038933,25.832291039063062,2
1511,1519,-0.003319609087651138,8,25.791391620914816,25.731565674527772,8
1524,1528,-0.010518195986108116,4,25.89089889875775,25.644464248782864,4
1531,1533,-0.0035297023261008542,2,25.420701806628845,25.3563949981375,2
1539,1542,0.010430671578480745,3,25.353180960037083,25.642984845061058,3
1545,1549,-0.005337166460014542,4,25.75680127276345,25.64508973816596,4
1550,1551,5.026342860397592e-05,1,25.75916151984677,25.78621542514257,1
1559,1560,-0.005397547490244727,1,25.764566541496507,25.651265636564705,1
1562,1565,0.005317399619179551,3,25.79228919116524,25.955229389079275,3
1566,1567,0.0026889756840295857,1,26.040027074801298,26.136088101491712,1
1570,1571,0.0012154195363866301,1,26.27720078598496,26.335415809967785,1
1574,1575,-0.0030247813798966795,1,26.461654453550484,26.408075388331675,1
1576,1579,-0.005761781234602012,3,26.48009640839342,26.35400398222548,3
1582,1584,-0.0006018091538501286,2,25.917103937411067,25.92742389095766,2
1585,1587,0.002148707593430197,2,25.903712770078293,25.985275987175473,2
1588,1590,0.007118897079507378,2,26.081841733391755,26.293597522069163,2
1594,1597,-0.013811497407542138,3,26.436850506265408,26.09815486454081,3
1598,1602,0.0018799674591672521,4,26.039246950731812,26.11423913461114,4
1603,1607,-0.017903066817274584,4,26.290087515292964,25.84570440938997,4
1623,1624,-0.004351315655769433,1,25.541660737617676,25.456062570113346,1
1625,1626,-0.002698143723195882,1,25.311003150736386,25.268021429608172,1
1631,1633,-0.019376934115324835,2,24.834456548933083,24.378075377143443,2
1636,1637,-0.0076085095355203115,1,23.831556287821705,23.674065220847346,1
1641,1644,-0.026334214329618286,3,23.251613008808615,22.662551661334117,3
1648,1650,0.03964890648823233,2,22.85111206650041,23.7799847840437,2
1652,1654,0.0010849219222758039,2,24.14449118893687,24.194830567918878,2
1657,1659,0.022737430394159572,2,24.943960459840234,25.53606598501036,2
1660,1661,0.02215203698278211,1,26.004921185869613,26.6069880828992,1
1665,1667,0.00270220444293495,2,27.506639364264263,27.60847456672885,2
1668,1676,-0.03469833315259321,8,27.32010157121978,26.39945968671013,8
1684,1685,0.0035377740122086486,1,26.405829968496615,26.52565365749846,1
1687,1688,0.0003018636500620596,1,26.53222843701846,26.566769780775758,1
1690,1691,0.0044929548010091015,1,26.957260329309836,27.10533534185777,1
1692,1693,0.007367856038715937,1,27.28012871108408,27.508404900856075,1
1695,1696,-0.0016340547270753407,1,27.93768317867686,27.919969158593887,1
1698,1701,-0.008194918486483311,3,27.95047917067002,27.7493777513789,3
1702,1703,-0.0023987028817361393,1,27.709061865862278,27.67030512118029,1
1708,1710,0.009747839280715351,2,29.8534337414793,30.174293649310204,2
1718,1723,0.06612384752535302,5,30.30974445575779,32.34425112113849,5
1724,1725,0.001324694239145878,1,32.29565536377325,32.370732887746854,1
1728,1729,-0.002881780585223202,1,31.903570626730396,31.843535106925717,1
1735,1744,0.003517016586714757,9,30.978079968712546,31.118008469755797,9
1749,1753,0.0032212846882730666,4,30.33309917137971,30.461143818459725,4
1768,1769,0.0024643967658531636,1,30.415497956303753,30.520869309055385,1
1772,1774,0.01600313569899135,2,33.51438777961963,34.08423746290512,2
1776,1777,-0.004244893741422779,1,33.545033270682474,33.43618320216662,1
1778,1779,-0.002779940589441733,1,33.6586002775896,33.59868996877172,1
1784,1785,-0.023384836816816048,1,33.39827367535347,32.65065876916732,1
1787,1789,-0.003453271036448305,2,31.93811812542126,31.859765265265498,2
1792,1794,0.02377008074625076,2,31.723917532620355,32.50972153149076,2
1795,1796,0.012215842265774178,1,32.74812684935004,33.18092092829061,1
1799,1800,-0.0023433563560648555,1,35.075757057169966,35.02863781598343,1
1802,1803,0.004428955268030115,1,34.920294156984696,35.10987487190942,1
1807,1808,-0.007251063208590853,1,34.43070949894209,34.21548095754758,1
1809,1811,-0.014575928295586897,2,33.866457284886806,33.406688689161626,2
1814,1816,0.00101072747008189,2,33.25467599021449,33.321542080736684,2
1817,1819,-0.017774226389056583,2,33.02018166889366,32.466293666171865,2
1828,1830,-0.000709319362940798,2,30.52275787272749,30.531630247430737,2
1838,1843,-0.034174239866355614,5,30.8452292738561,29.821962239192462,5
1857,1861,-0.0016250871931236034,4,30.96514621860129,30.945790302266843,4
1864,1865,-0.001370421917727997,1,30.858202423841696,30.846771869322218,1
1869,1871,-0.009973403445170604,2,30.430565747858832,30.157500004338505,2
1879,1881,0.013027344688458817,2,29.845302100993,30.263952440894812,2
1882,1883,-0.0010551731394411366,1,30.542043563701018,30.54035846327266,1
1885,1890,0.030833526006387238,5,30.321256008231337,31.286488499915695,5
1896,1897,-0.0033395303246414646,1,32.02489509479294,31.94997188157521,1
1902,1903,0.0006292575790106134,1,31.83653798713573,31.88840790794073,1
1904,1909,-0.004906796245092319,5,31.894815445516265,31.77020890029581,5
1911,1914,-0.010906212362366129,3,31.53012998368278,31.21778582025141,3
1915,1917,-0.0007130952788503857,2,31.43209841540049,31.441116432831507,2
1922,1924,-0.004533673636616562,2,33.16020633222189,33.04302898532095,2
1925,1926,-0.010332908345236948,1,32.760327500892956,32.454578366967176,1
1930,1931,-0.005247482256410998,1,32.72858319209243,32.589569115706546,1
1936,1937,-0.00681468754680163,1,32.283563630226155,32.0958447948191,1
1939,1940,-0.0027253225859380182,1,31.70834049126698,31.653633375254785,1
1944,1945,-0.0036211976341495285,1,31.5364661675988,31.453802857090853,1
1948,1949,-0.003136101092554713,1,31.378117351557886,31.311090520800914,1
1952,1953,-0.0034276185804289366,1,30.770223143600287,30.69552477817294,1
1955,1956,-0.00212932895427793,1,30.686882270557632,30.652226685892973,1
1958,1961,0.03301585130979278,3,30.93050654242047,31.982634053904018,3
1964,1966,0.0073058521367872645,2,33.18445625464382,33.46008144153458,2
1968,1969,0.00468282808256929,1,34.13719860195911,34.33119443283457,1
1971,1976,-0.011643174111780286,5,34.162344507563965,33.79874872690334,5
1980,1981,-0.0022343438552977673,1,33.7281712020909,33.686539041217166,1
1982,1984,-0.01010006330786713,2,33.50673283623254,33.20181944618303,2
1985,1988,0.01027872569723361,3,33.09544598860872,33.468720445741845,3
1989,1992,-0.007855368580016836,3,33.51922919350141,33.2894425228619,3
1994,1996,0.003795946568612027,2,33.687826329989825,33.84939134508114,2
1997,1998,-0.0021531134564602254,1,33.87118375486066,33.83212643708669,1
672,673,-0.0007039422686048837,1,27.02383303347362,27.03183364817511,1
674,675,-0.003992359259800866,1,27.135376848463697,27.05417805228301,1
676,677,-0.00768728359471938,1,26.99974026517694,26.819185345039937,1
679,680,-0.008078265746619812,1,26.622647716358028,26.434205540943005,1
681,682,-0.004727523719292117,1,26.331239357100603,26.233089037838653,1
683,692,0.014330270905186331,9,26.23126383189834,26.633396212626756,9
693,695,0.0062899840595175525,2,26.673947794322903,26.86840044854792,2
696,700,-0.0017720856094337524,4,27.01469442768823,26.993836770877362,4
702,708,0.02644478954229334,6,26.989634552451392,27.73035939256683,6
709,710,-0.005159716344368272,1,27.751057700958935,27.63562117266675,1
711,712,-0.0063191076145526015,1,27.436584080160834,27.290645936862738,1
713,714,0.004709111043948489,1,27.290101396165483,27.445903615436805,1
720,721,-0.0002057147714774135,1,26.67098596574373,26.692170335926452,1
725,731,-0.022787030220952444,6,26.48451854349198,25.907499537597545,6
734,737,0.0163684273137316,3,26.119491487132695,26.57314597649859,3
745,750,0.0006611928905341331,5,26.304932569523512,26.348630136493984,5
757,767,0.023539882359275014,10,26.333078749480205,26.979289404149974,10
768,771,0.006091613386056459,3,26.957064288888535,27.1482333668484,3
775,779,0.012467914702335253,4,27.226611275286487,27.593296953575685,4
780,786,0.013092722797065252,6,27.769769332679342,28.161120994023236,6
797,798,0.004527099780189914,1,27.77191302968632,27.925411164088153,1
802,810,0.013977112839396628,8,28.193199719832972,28.615452453340556,8
813,815,-0.0014047498498604052,2,28.580299050516707,28.568731178767045,2
820,821,-0.0016139249508244648,1,28.531073002194887,28.513557064605045,1
822,823,-0.003338665407256824,1,28.525838238217133,28.45912584711641,1
828,835,-0.015309358096817795,7,28.551853765129213,28.143295065276003,7
837,841,0.004634170302830309,4,28.525508246916395,28.686225818354313,4
842,843,-0.0036768235084611253,1,28.741832845807572,28.664896031969654,1
847,851,-0.016133431794924595,4,28.64185623127735,28.20840665352128,4
852,853,-0.001066426430797288,1,28.126455207159268,28.124586867128876,1
856,857,-0.006502543599335831,1,28.14527767191104,27.990407054405935,1
858,859,-0.0035900458871820345,1,27.993069123977225,27.920565790423066,1
862,866,-0.0036697875768620623,4,27.786679089857767,27.712494559221412,4
867,868,-0.0022622436026750715,1,27.690075609691895,27.655123988895973,1
869,876,-1.82253758312669e-05,7,27.670086174914683,27.697251963369776,7
880,881,-0.00598829363884358,1,27.289928429583462,27.153798253193674,1
885,886,0.00048081404581220037,1,27.099788406469923,27.139918153780762,1
887,890,-0.007029102371227389,3,27.27606552403357,27.111615332704865,3
896,898,0.0017407587482475466,2,27.31733276498546,27.39220298373988,2
902,904,0.001568837100123786,2,27.443671760467527,27.514170082649436,2
905,907,-0.00013639242638433685,2,27.61604175087858,27.639891173687925,2
911,912,-0.0017880706726422593,1,27.901875344590838,27.879886694920046,1
917,918,-0.003021482690997575,1,27.362538072404462,27.307225175309334,1
923,924,-0.00573853089341962,1,27.23515366243501,27.10609904541853,1
930,933,-0.0032376553662674785,3,27.37802949607107,27.316766901451356,3
934,937,-0.007411559978379173,3,27.351489250194163,27.17612353636855,3
938,940,-0.004803391969245197,2,27.15857397873918,27.055279276572293,2
941,942,-0.007230432015817647,1,27.04112850333324,26.872650590562234,1
944,947,-0.01228930913947493,3,26.619722160813957,26.319203888133597,3
949,956,0.0034758956109698976,7,26.610247902492667,26.729352594286254,7
962,964,-0.009374671247629831,2,26.761729414252304,26.537608728389916,2
965,970,-0.0063794282889785316,5,26.47638144825284,26.333953652900323,5
971,972,-0.0017782762149383556,1,26.232964970863826,26.21254847817969,1
983,986,-0.002339041911363777,3,25.924797271829053,25.890082881738465,3
987,988,0.001353433256258895,1,26.00016479377725,26.06135444627114,1
998,999,-0.003066795967704793,1,26.259151353724846,26.204879045591618,1
1004,1008,-0.002661727277861404,4,26.03085666243378,25.987600477851714,4
1011,1013,0.004992443109206928,2,26.32026580058863,26.47798849601786,2
1020,1025,0.011995246153621665,5,27.3864074121363,27.74230051772038,5
1026,1029,-0.0013624650494544212,3,27.601286877544947,27.591282375731872,3
1031,1032,0.0038399396992869934,1,27.766802863828943,27.901192515331864,1
1036,1037,-0.0029637154173593853,1,28.269509646512425,28.21399637457838,1
1038,1043,-0.0006619953344701101,5,28.458072769751737,28.467691731119903,5
1044,1047,-0.009418692306317557,3,28.409733892235053,28.170561084091965,3
1048,1054,-0.008679195295503865,6,28.028890759639715,27.813651433580098,6
1055,1061,0.042037928024271025,6,27.907206482828116,29.108274826794542,6
1063,1065,-0.007388083758732821,2,29.546596022349878,29.357849892173665,2
1068,1078,-0.017624831015325648,10,29.355698541929407,28.86766501433299,10
1080,1085,-0.017444247512590712,5,29.18459977541378,28.704680993150976,5
1088,1091,0.0025773238348043206,3,28.38493725567048,28.486479368264614,3
1093,1097,-0.015259921125903107,4,28.281470006199807,27.878178474586804,4
1100,1102,-0.002769062135293743,2,27.876571036397095,27.82725565011478,2
1104,1107,-0.0013576841356161408,3,27.990694155340268,27.98068232809602,3
1108,1115,-0.03207362210306906,7,28.159712350370587,27.284688090264044,7
1116,1118,0.004651389875910296,2,27.051507213266806,27.204385827259976,2
1120,1121,0.0003512021757211435,1,27.24683550381025,27.283651487224514,1
1124,1125,-0.0024565921620196426,1,27.571143472437903,27.53098356095803,1
1127,1128,0.0036570394838854377,1,27.53903738340297,27.667287767845675,1
1131,1136,0.00044009823361683756,5,27.600604692978216,27.64035227504333,5
1138,1139,-0.0018226624522833077,1,27.887980782837005,27.865038388176966,1
1140,1142,0.003302898903518088,2,27.879176723555908,27.999138002510684,2
1144,1145,-0.0027664073252992903,1,28.25649419880181,28.20658172046177,1
1146,1150,0.0063037243718940175,4,28.232820426619472,28.43902516525668,4
1151,1152,6.178972329938547e-05,1,28.614561674937622,28.644944322460788,1
1153,1154,-0.0029226359593489057,1,28.73244370980659,28.677201680330146,1
1158,1164,-0.016115289180173954,6,28.44524304815306,28.015284973679893,6
1165,1169,-0.008881852263364708,4,27.983182330900704,27.762623021909747,4
1170,1171,-0.002619920056696229,1,27.69698326363106,27.652116364932326,1
1174,1178,-0.020001229024971357,4,27.528757007524593,27.005676790851833,4
1186,1189,0.0031194506112862353,3,26.75676426088182,26.86698742977235,3
1193,1194,-0.005016117789552001,1,27.144047869120417,27.03503417559279,1
1204,1209,0.006783729439722964,5,27.050988277378142,27.26154585120637,5
1211,1217,-0.0027746447268009607,6,27.55420342750513,27.505304505691306,6
1220,1222,0.007111624066090105,2,27.781734426626358,28.007089412199104,2
1224,1225,-0.0026877276676119367,1,27.99617170225756,27.948921788688445,1
1230,1235,0.003224558762126935,5,27.61144359858676,27.728089764576143,5
1236,1237,-0.00486700915633588,1,27.669192154620063,27.56219513520973,1
1248,1251,-0.011369440651729911,3,27.00973979187858,26.729663898088027,3
1252,1253,-0.006443422715830062,1,26.686783270503238,26.541515828236147,1
1255,1256,-0.0068116935695611575,1,26.639534161426948,26.484713352044878,1
1257,1258,-0.0049204666434739365,1,26.435142308704926,26.33150421506816,1
1268,1273,-0.009475023077387363,5,27.07427416618725,26.844819067825302,5
1275,1276,-0.002030283811744254,1,26.632056019888655,26.604617443697897,1
1280,1285,-0.026513971209025964,5,26.62345071830198,25.944180763190303,5
1286,1289,0.0018158592241198372,3,26.01593305458334,26.089190259649172,3
1295,1296,-0.006118384566644989,1,26.0572640844097,25.923892986071063,1
1299,1302,-0.00687582870040589,3,25.911836650382085,25.75958313691154,3
1304,1306,0.0043672059684827,2,25.152820127408592,25.28782049372059,2
1307,1311,0.01559763459778907,4,25.37505729604638,25.796223224944118,4
1312,1313,0.004768723433987967,1,25.918749064536485,26.06826715964473,1
1314,1316,0.010279198387205705,2,26.27088580990859,26.567200342766178,2
1319,1322,-0.006550829860175229,3,25.763948208575776,25.620936915543606,3
1325,1326,-0.00393570389391287,1,25.378155960028828,25.303653208756643,1
1334,1335,-0.0013338974926317435,1,25.952862420702093,25.944196825013204,1
1336,1339,0.001830311262472655,3,26.112319992784407,26.186225986149275,3
1340,1344,0.008265349760221152,4,26.208559284345704,26.451390752826658,4
1345,1355,-0.03383978252113759,10,26.45988762594562,25.590950670775825,10
1357,1358,-0.00035234063210226,1,25.734608221302533,25.751275481396238,1
1364,1366,0.0014793031747481985,2,25.82646462653272,25.890496262273803,2
1367,1369,0.0025816732030329026,2,25.959264344793983,26.05224194626818,2
1372,1375,0.011663497570946715,3,26.351627599805017,26.68533137190564,3
1376,1377,-0.002237534695049265,1,26.715481027375148,26.68241969270884,1
1379,1383,0.00042251407966670154,4,26.605553803390052,26.643400578272704,4
1384,1385,-0.0037088292568116512,1,26.646069165737387,26.57388951400221,1
1390,1391,-0.001136547965038312,1,26.65597068536262,26.652330866809415,1
1395,1400,0.0016511527957119134,5,27.289781737887566,27.362131119036334,5
1405,1406,-0.003282988415668463,1,27.511546180787803,27.448737639559937,1
1408,1409,-0.004154232354601023,1,27.30057247579453,27.21446012679225,1
1421,1424,0.011469179704470065,3,26.965037444181338,27.3012693418106,3
1425,1426,0.006026147901744595,1,27.45660101717453,27.64951515680039,1
1427,1428,0.0012649604294310262,1,27.816698654132775,27.879702375861793,1
1429,1430,-0.002385503905142177,1,27.848710268271176,27.810125771441314,1
1435,1438,-0.005680320337058765,3,27.953134581315894,27.82230495705042,3
1439,1440,0.0010765299391295646,1,27.88494619228652,27.94285011790582,1
1450,1452,-0.0005188430065624604,2,27.61791293751361,27.631201489467642,2
1453,1458,-0.010156623366665164,5,27.78810571305042,27.53366049496294,5
1461,1463,-0.01249143063502263,2,27.42935341969396,27.114150907508026,2
1467,1473,-3.058038512432403e-06,6,26.985406201221192,27.012309085010976,6
1477,1478,-0.006380550018822943,1,26.460790882940497,26.31841727405722,1
1480,1481,-0.0030885258231980444,1,26.43999333678275,26.384772727933694,1
1483,1485,-0.002091910545961658,2,25.912880203425413,25.88458565625505,2
1488,1489,-0.0003518368430143851,1,26.04803996971515,26.064923349535206,1
1490,1492,-0.01017243295667273,2,26.02128444236536,25.782605955371253,2
1496,1499,0.006688037774400846,3,25.423023680224677,25.61847684661773,3
1500,1504,0.0003867752251214844,4,25.64824342122058,25.683811769765015,4
1506,1510,0.0054379146775180446,4,25.67233357747215,25.837609870616696,4
1517,1519,-0.0011083214431530462,2,25.73362192418596,25.73083442112158,2
1520,1522,0.0027649946219675363,2,25.743563525341195,25.840487903564384,2
1524,1526,-0.004904599815768368,2,25.889438279311154,25.78835038337541,2
1528,1535,-0.015354581737715357,7,25.655677852931454,25.287401328155056,7
1539,1540,0.0017146871265184705,1,25.35861872369542,25.427459439490928,1
1542,1559,-0.00027395910158719975,17,25.686171814275436,25.70482102553626,17
1560,1561,0.0009509346552906996,1,25.664154770254992,25.714223859195027,1
1569,1570,0.0026224074905067604,1,26.213010806719854,26.30796501341485,1
1579,1581,-0.013335935318756067,2,26.301939696903318,25.977480670044496,2
1582,1583,-0.002948752228444724,1,25.93356765687486,25.883029559112003,1
1589,1590,0.00049844120995813,1,26.223660461581137,26.26295507509272,1
1595,1598,-0.01549551737474563,3,26.36048609012375,25.97837720599762,3
1599,1602,0.004225150957515483,3,25.961209705490297,26.0968609452412,3
1604,1607,-0.012975234613411945,3,26.166229650930948,25.852882911912634,3
1611,1613,-0.0056823667738557385,2,25.385040229314658,25.266178160391924,2
1614,1622,0.004127285183803374,8,25.385067912025082,25.51522439462025,8
1629,1633,-0.03126172084637677,4,25.08944289590036,24.33019317879351,4
1634,1636,-0.021457935320913737,2,24.258730273760143,23.762446738852066,2
1637,1638,-0.003902459954557854,1,23.793226815984664,23.724167927961556,1
1640,1641,-0.008488743129493104,1,23.434304117215824,23.258810633263572,1
1645,1657,0.11280132098004678,12,22.331115457543852,24.872425895570284,12
1659,1660,0.020692018349599165,1,25.46352361978538,26.015878841391217,1
1665,1666,0.011358055582011237,1,27.520255191851806,27.860352035143844,1
1672,1678,-0.050507336785096404,6,27.127737346822062,25.784715317775305,6
1679,1684,0.02640974098686462,5,25.697351950529647,26.401709711541965,5
1689,1690,0.006579577425509575,1,26.778560736161047,26.98153091060449,1
1693,1695,0.011400939950996693,2,27.51988613439438,27.86115858980527,2
1696,1699,-0.009421446786109976,3,28.027470763694218,27.791438910108514,3
1701,1703,-0.006371294062993371,2,27.808069293036187,27.658703975539193,2
1706,1715,0.06571115953190124,9,28.922559136472543,30.85201659309661,9
1717,1719,0.0008100734169707853,2,30.407413178818572,30.4624528290924,2
1721,1722,0.02165716965133826,1,31.346380641416342,32.05660090556434,1
1732,1733,-0.005637349758774823,1,31.38208594990099,31.236556241191366,1
1734,1735,-0.0061872120542368035,1,31.130861827516213,30.96937944578574,1
1737,1738,0.0053813086893046,1,31.068664949040514,31.26692369064492,1
1739,1741,-0.006380136060458652,2,31.156122810879697,30.988498631040805,2
1743,1749,-0.03664405042185743,6,31.421818564252003,30.30181767900135,6
1754,1755,-0.0030661292118189655,1,30.493806007779956,30.43080186440774,1
1760,1763,0.008080708446812458,3,31.013805090599632,31.295432412453636,3
1770,1773,0.07735914126534121,3,31.40230920348524,33.86296718641906,3
1777,1778,0.0036808164370205057,1,33.53099564049696,33.68794807604066,1
1781,1783,0.012159392602691468,2,33.48929195729576,33.929990698147975,2
1785,1786,-0.024535206294058018,1,32.690298927659384,31.920925998582497,1
1796,1798,0.04696907847227845,2,33.2286423902216,34.82258974456542,2
1801,1802,-0.005596595081948962,1,35.036497833213055,34.87544923958419,1
1807,1808,-0.008396027684504977,1,34.4279294263113,34.17329950715412,1
1809,1811,-0.01499429006366856,2,33.887059885319,33.412834539878936,2
1812,1818,-0.015348497161412202,6,33.24294220074832,32.76595593894389,6
1820,1821,-0.013117593284223263,1,32.21880664174415,31.828392246756465,1
1822,1825,-0.035593020085442725,3,31.633280832533593,30.53899011332531,3
1827,1829,0.02569514392833068,2,29.914835056222223,30.713415883640348,2
1831,1832,0.014635869353259178,1,30.807331016230908,31.289030419123304,1
1837,1841,-0.041599864329424086,4,31.22845365749579,29.960582675783755,4
1843,1844,0.0020512453903522433,1,29.740007504806243,29.830751565614325,1
1845,1846,0.006618108217087746,1,29.943015227326924,30.171124357674607,1
1848,1853,-0.0010473786825775954,5,30.197111104603916,30.19568040526213,5
1855,1856,0.004612592721306348,1,30.95987963518468,31.13364483027764,1
1864,1868,-0.016758625115522795,4,30.813872001496758,30.328287744267467,4
1869,1873,-0.022273176559148032,4,30.404033645427806,29.757243269578343,4
1876,1878,0.006354040945678853,2,29.50770923240359,29.724710134311874,2
1879,1881,0.014055315671634441,2,29.834735667758704,30.283907031216582,2
1882,1885,-0.00896330159852888,3,30.56474946412117,30.3213531458549,3
1886,1887,0.005644964510972257,1,30.367966511587454,30.569760571327347,1
1890,1891,-0.0010780825044072841,1,31.28286249077385,31.280419846525543,1
1893,1894,0.004405738173858142,1,31.828044812681824,32.000098889525006,1
1899,1900,-0.0015158220445389019,1,31.657676957073694,31.641347229420344,1
1901,1906,0.0031228630932346483,5,31.741620223096536,31.87248657763381,5
1909,1913,-0.02464820995312834,4,31.77601589788605,31.024570002458898,4
1915,1920,0.01589016483408666,5,31.425962451774943,31.95675213765524,5
1921,1924,0.015803319355377116,3,32.50456214764399,33.05074668591755,3
1926,1928,-0.0016410804889044686,2,32.58584703863454,32.564956887883646,2
1932,1937,-0.015934217397656547,5,32.526754632990354,32.040993008061044,5
1939,1943,-0.00741773428628406,4,31.717797512708792,31.514241116126065,4
1944,1946,-0.006202586889921964,2,31.52550853188591,31.3614943344998,2
1947,1949,-0.0011603994134002267,2,31.3298500153734,31.324824725809016,2
1961,1965,0.03720086658813894,4,31.983211260882836,33.204997647320084,4
1967,1969,0.015501407200432426,2,33.77436392129249,34.33168845329333,2
1970,1971,-0.005904392004804672,1,34.3089406355813,34.14067614143484,1
1976,1977,-0.004088167226032712,1,33.87594809148319,33.771333498836285,1
1978,1980,-0.006877531503925074,2,33.881322403438254,33.682183863617404,2
1988,1991,-0.006041150530692553,3,33.43684053830283,33.268280391878484,3
1992,1995,0.012221168794486207,3,33.3689003092858,33.81007617276125,3
1996,1998,-0.002166271774127546,2,33.83782419482452,33.798360095568206,2
672,674,0.002612614439233224,2,27.00712695835408,27.104693295166033,2
676,679,-0.013198215457045897,3,26.933045515267548,26.60451042315789,3
680,682,-0.009872087377767125,2,26.46554469572825,26.23074007068755,2
683,685,-0.003614101015782929,2,26.239061235668018,26.170469679038668,2
691,692,0.004503732753344891,1,26.454796356596226,26.600396485787094,1
694,696,0.007331815197935487,2,26.733449888352,26.956188052425016,2
698,700,-0.008823240671742966,2,27.160638081127704,26.948153872620935,2
706,708,0.0058513417723430996,2,27.55715013832601,27.745953592195452,2
712,713,-0.0005321851981327781,1,27.308135061131228,27.320910210924215,1
714,716,-0.015396023537025218,2,27.424773775438204,27.029966086669404,2
719,721,0.002598561408783228,2,26.627330517253174,26.723150601271477,2
723,727,-0.02154153144329055,4,26.86275714883632,26.31095497821002,4
728,729,-0.0043668071532131526,1,26.222488090327346,26.134202029849785,1
730,733,-0.005213027285519071,3,26.0366010022967,25.92690809185185,3
735,737,0.009097663976421335,2,26.282502201693585,26.54789407738584,2
739,743,-0.011543431981201245,4,26.52578758185823,26.246114744741114,4
748,754,-0.005106099124656492,6,26.33123985571776,26.22312117479508,6
757,758,6.600555777647784e-05,1,26.307254200953842,26.335297880141898,1
759,760,0.001392431890911886,1,26.442373174011713,26.505634750864612,1
763,764,-0.00019141254083322084,1,26.87079092453628,26.892518309095752,1
765,767,-0.0016626962252687006,2,26.948066022215766,26.930207640584552,2
771,772,7.384001237723784e-05,1,27.116101806190905,27.145220161290087,1
773,774,-0.0029838304137583924,1,27.260344305580475,27.20626440545754,1
775,777,-0.0008161607539929525,2,27.214139117494003,27.219142144310094,2
781,784,0.004774044058120481,3,27.776588262566886,27.93697150697922,3
785,787,0.006616268705980298,2,28.02935481343506,28.242833911349443,2
789,790,-0.010652655474992972,1,28.212869058913856,27.940539953927072,1
792,794,-0.007223663104988339,2,27.86554088852,27.692115149791576,2
798,799,0.003214437795529797,1,27.953864893928714,28.07167471866882,1
801,802,0.0018508983646920263,1,28.058138854339642,28.13812975651578,1
806,808,-0.005437390971107392,2,28.580265451351995,28.453443639486313,2
811,812,-0.0028601452706334468,1,28.63861255762831,28.585340577921734,1
813,818,-0.007397378738795151,5,28.55110292507297,28.368450706250957,5
821,830,-0.013350584459677496,9,28.512976832617458,28.160824904049388,9
832,833,-0.00399040556712124,1,27.964226983503067,27.880602603451358,1
836,840,0.010320111779498483,4,28.369208337520575,28.69035094699719,4
841,844,-0.004903569964788291,3,28.70957386861878,28.59750403836337,3
847,848,-0.00010683808862888044,1,28.585382861747902,28.610914236941976,1
853,855,-0.0008344154050585471,2,28.116243232831557,28.12089884957854,2
861,863,-0.002352053732936712,2,27.8128284801119,27.775224041541836,2
864,870,-0.007244036057177647,6,27.968095379512203,27.793461583511945,6
871,874,-0.003374874197365619,3,27.9274775021678,27.861153256450393,3
876,879,-0.011938115526472323,3,27.76836214698364,27.464628593839013,3
881,884,-0.005525201865097129,3,27.203274497611776,27.080174189118434,3
890,894,-0.007041515191675893,4,27.138535739632974,26.974577863682143,4
900,909,0.013717328986245704,9,27.340679654279185,27.743061431458766,9
917,918,-0.005595549425369957,1,27.409824197213442,27.283860995374447,1
920,922,-0.004797983775281714,2,27.34940241265099,27.24552982602409,2
927,931,0.002516344350620032,4,27.136562776740703,27.23198427595594,4
933,934,-0.0017169593795991174,1,27.34528165198242,27.32567619581425,1
939,942,-0.011604441608435729,3,27.14280555076798,26.854971254215737,3
947,955,0.00913427581571738,8,26.37480345311739,26.642092985896618,8
963,965,-0.007648273534078203,2,26.613976416278526,26.4370394212336,2
967,972,-0.01009639442693058,5,26.459183738267235,26.21850056676933,5
973,976,-0.004378679222416904,3,26.23054317412614,26.14191858291101,3
977,978,-0.0005680006641427257,1,26.145038615372012,26.156333254689816,1
979,980,-0.0015283935392564076,1,26.12377363837232,26.109970005160807,1
981,985,-0.017579699001271317,4,26.182571697569873,25.74847253974496,4
990,991,0.0019980481867632716,1,26.233209108627406,26.31185753362851,1
992,994,-0.004265737557930675,2,26.389858571071464,26.303676218787437,2
1002,1005,0.00034353682993622475,3,26.025236826074366,26.06020269025801,3
1006,1010,0.002027852524000625,4,26.05919626849455,26.138099671689538,4
1012,1015,0.01540021772114051,3,26.35527556501682,26.787507822383752,3
1016,1017,-0.0010764075005829956,1,26.935170587626644,26.933112538564266,1
1020,1022,0.008922590515964713,2,27.337208228555777,27.608464151657397,2
1023,1024,0.0017996132862229297,1,27.64459260663257,27.72198677538632,1
1027,1032,0.011143163313780707,5,27.57773573766175,27.912616686548464,5
1033,1035,0.0037767509055564898,2,28.088958194393342,28.22313215088455,2
1037,1039,0.005876864240092259,2,28.27739002331487,28.471849795569344,2
1040,1046,-0.003650612394628282,6,28.426662832969413,28.351314768126425,6
1048,1056,-0.0006741903328700985,8,28.062674614435384,28.071817705110288,8
1058,1061,0.02363223525918699,3,28.376659584169527,29.075640138916654,3
1063,1069,-0.010268787301860503,6,29.54745803161783,29.273588927812114,6
1070,1071,-0.008948795530292281,1,29.14992794651968,28.91822112955004,1
1072,1073,-0.0032265450945835727,1,28.762828017385512,28.69878628375705,1
1075,1078,0.009760278780050965,3,28.657299464076832,28.965659995393704,3
1082,1083,-0.01085632948035396,1,29.280905556892844,28.99230330424098,1
1092,1097,-0.017618279868116156,5,28.404994090474087,27.932951949026403,5
1099,1100,0.0018515253610913037,1,27.738099435833064,27.817195329842814,1
1101,1105,0.003772732671433899,4,27.817074808485074,27.949838270247252,4
1108,1111,-0.0010720359793553293,3,28.132995118657508,28.130968530801937,3
1112,1115,-0.026547160438817614,3,28.00545375157252,27.28999393141921,3
1119,1121,0.0055777438830295805,2,27.163189824541256,27.341862330253203,2
1123,1124,0.0013840142178121314,1,27.468312178659843,27.53379702543307,1
1126,1131,0.0023685731599876097,5,27.547190591068844,27.639985317926982,5
1132,1134,-0.004026291752754015,2,27.583167010370374,27.499692299532054,2
1135,1136,-0.00027761975777305817,1,27.584668158642828,27.604594777909018,1
1137,1139,0.004925166372672378,2,27.733221483736866,27.89754543507818,2
1148,1157,0.0033656509972828244,9,28.44842860617506,28.572624516890738,9
1165,1166,-0.001989632954669393,1,27.992319166289594,27.96461704476501,1
1167,1168,-0.003036350585367939,1,27.929037974204164,27.87216466137663,1
1170,1172,-0.0027775714090523982,2,27.741114736816368,27.69180292440496,2
1181,1187,-0.0015343275349103203,6,26.737836561972777,26.723549799673783,6
1189,1192,0.0072126735186107465,3,26.86415087572406,27.084777376221084,3
1196,1198,-0.005099285061426019,2,26.95305802755506,26.842569759422954,2
1202,1203,-0.002769102706028628,1,26.957184134560013,26.90949410716065,1
1206,1208,0.004320589245840525,2,26.94029795236337,27.083636211928454,2
1209,1210,0.0029804855780917955,1,27.28649061632977,27.395104098704806,1
1214,1222,0.012600198964869632,8,27.621194097901324,27.996847833280064,8
1223,1225,-0.005711903529822906,2,28.04822647379163,27.9160659364645,2
1229,1233,0.00341654426715266,4,27.571063134143028,27.69283195496743,4
1236,1238,-0.005324337023044303,2,27.637253589708752,27.51774079079551,2
1240,1241,-0.0008967632048309197,1,27.444347332614125,27.44718059907825,1
1242,1244,0.004869055426798286,2,27.466645240970866,27.62784850427833,2
1245,1248,-0.023986440113073982,3,27.622334367869993,26.987395233139644,3
1249,1250,-0.004216714260424845,1,26.957942778884266,26.871226779915713,1
1252,1253,-0.005168347796522572,1,26.69641575864122,26.585135812838637,1
1255,1256,-0.005547116857008917,1,26.599017025110626,26.47806818641588,1
1258,1260,-0.0013187746450915156,2,26.439452316108927,26.431024089080445,2
1261,1264,0.007290795584008937,3,26.61154110218011,26.832171949633736,3
1268,1270,0.0018052908136980171,2,27.025317548141114,27.101131423196186,2
1279,1280,0.0012781936219295542,1,26.52305986641581,26.583484532237534,1
1281,1282,-0.009066904321134807,1,26.592683864324595,26.378163227948903,1
1283,1284,-0.006746927996739713,1,26.233281330720043,26.08252055179418,1
1288,1293,0.0026826183325232905,5,26.048966587865078,26.144894989764836,5
1294,1299,-0.006795274648959521,5,26.105716213423253,25.95442641805867,5
1304,1305,-0.0002363137248779407,1,25.15665421038274,25.1758660019312,1
1307,1309,0.006118372447238089,2,25.387260086953088,25.567976059666922,2
1317,1319,-0.02461253953110043,2,26.35414305520777,25.731854810508402,2
1320,1324,-0.007867907474648862,4,25.693937321334715,25.51747373715236,4
1325,1331,0.0115763410184711,6,25.34759742186519,25.666377451041484,6
1337,1341,0.006246784649426359,4,26.141006082711463,26.330444324312218,4
1346,1347,-0.00027046533834457404,1,26.33706142366172,26.35627522285643,1
1349,1350,-0.003419900108502703,1,26.28143535296093,26.217836904698693,1
1355,1356,-0.002017186107379031,1,25.639487693893628,25.613407563211084,1
1358,1361,0.001056210154482482,3,25.76954221808079,25.822529812465973,3
1363,1364,-0.002118574529275123,1,25.84349520672151,25.814587331235828,1
1369,1370,0.0007819511916428085,1,26.118699616492474,26.165241864398244,1
1372,1378,0.009043432833327654,6,26.377897296435375,26.64282193621654,6
1380,1381,0.0006779301385191317,1,26.54067409477692,26.58520749173716,1
1384,1385,-0.004587700354360784,1,26.70952795394175,26.613702171036582,1
1395,1396,-0.004281646314239744,1,27.291353642446236,27.20179307235489,1
1397,1399,-0.0009510178782572993,2,27.315640418651505,27.31697839667597,2
1401,1403,0.0035528672715550522,2,27.34790087633535,27.472412239180947,2
1405,1407,-0.005139783063501872,2,27.450103777469163,27.336466302759828,2
1408,1411,-0.007592351589147438,3,27.282792700115984,27.102934938302994,3
1412,1413,-0.006884495448749427,1,27.077368025847445,26.918031376935232,1
1415,1422,-0.004509004670036534,7,27.12025837928303,27.025093265977528,7
1423,1424,0.0012347455123654602,1,27.276271499446846,27.337227024774297,1
1429,1430,-6.379783992461162e-07,1,27.83123236898602,27.85904584562993,1
1434,1436,-0.005012587753417711,2,27.968313747961822,27.856088434733007,2
1440,1443,0.0004200140246452646,3,27.959618042433785,27.999321092177766,3
1445,1446,-0.010406947064213246,1,28.048366918313903,27.784517415475694,1
1447,1448,-0.003267077793419218,1,27.63722407469859,27.57456833772709,1
1449,1451,-0.0031976710913289657,2,27.60214167719735,27.541481248374605,2
1454,1456,-0.0004847698816147784,2,27.86239925912331,27.876754806392086,2
1457,1459,-0.016139090596892832,2,27.8466659025439,27.425092704623882,2
1460,1462,-0.011035756684281868,2,27.479436020564904,27.203659086841224,2
1468,1470,0.0010883004066511966,2,26.975987092719432,27.032321057534975,2
1472,1475,-0.01120726887382172,3,27.040708079013264,26.764696301112252,3
1477,1478,-0.005154057127698252,1,26.45433566789888,26.344442846259124,1
1479,1483,-0.01732794985582691,4,26.365932210700667,25.935430591662215,4
1486,1489,0.004010323790504664,3,25.91959982702573,26.04946541467944,3
1490,1491,-0.008006253524128499,1,26.034493732391287,25.85208946892982,1
1497,1499,0.002805344775770941,2,25.51118308701922,25.608261934303144,2
1510,1513,-0.009127649988699055,3,25.827940555100323,25.618020094339542,3
1518,1523,0.0035864144105205798,5,25.746321569277974,25.864404869541207,5
1524,1527,-0.0038288697673686885,3,25.85451417380945,25.781375120313154,3
1529,1530,-0.0035639067567508525,1,25.5985221749367,25.532889950969544,1
1535,1537,-0.003093841579175268,2,25.321428351151617,25.26840929162587,2
1544,1546,-0.0005616747171698893,2,25.75458524411206,25.76587412997336,2
1549,1550,-0.003035745558822122,1,25.7102059787008,25.657866541063257,1
1551,1561,-0.004375920903252771,10,25.80635565046333,25.719235434986157,10
1564,1566,0.002764651831238942,2,25.909900996403422,26.007442752636752,2
1570,1574,0.004607837053730588,4,26.283221159758856,26.430613181269948,4
1577,1579,-0.00662598464191777,2,26.481440213613368,26.332456037675716,2
1581,1585,-0.006225870431726773,4,26.044491745139208,25.908386605818933,4
1592,1594,-0.0016829784881217463,2,26.40727579211135,26.38924019081544,2
1601,1602,-0.0009785532362931962,1,26.107966889313136,26.108526820709876,1
1603,1604,-0.0005233212591768586,1,26.21818037852071,26.230678027730217,1
1605,1608,-0.015061789142037499,3,26.162304489275638,25.794415680077663,3
1610,1617,-0.0016906602971603854,7,25.48448321981331,25.466882099059735,7
1620,1622,-0.0017878993201291761,2,25.592556362420048,25.57239200466173,2
1626,1627,-0.0019740064884868637,1,25.28414561080104,25.259518688920274,1
1631,1632,-0.00844417268837051,1,24.876937871474315,24.691749650001196,1
1634,1636,-0.020064328884240888,2,24.23780618989903,23.775728681262304,2
1638,1639,-0.010665568657074832,1,23.7802469621864,23.550397352491192,1
1642,1645,-0.03750029167980202,3,23.143757079086765,22.299003195133615,3
1649,1650,0.011233501189605474,1,23.51535255762225,23.803027651109915,1
1653,1658,0.029301708778956916,5,24.264437420828898,24.99969133724008,5
1672,1678,-0.050804264931650356,6,27.136759660388176,25.78523329287568,6
1679,1680,0.0068648977306444816,1,25.672606163014752,25.874518584965976,1
1681,1682,0.009355842176759985,1,26.01059534434994,26.279956964659597,1
1687,1688,0.0013843588825427507,1,26.51718209781742,26.580408576492356,1
1689,1690,0.007505541495646467,1,26.736364224500697,26.963771479854906,1
1692,1698,0.022965754082515347,6,27.287345327148564,27.94130713482368,6
1699,1704,-0.003907880878295227,5,27.851924858850463,27.770934779129696,5
1706,1708,0.029859435030432813,2,28.917648738177807,29.810031040646482,2
1709,1715,0.021673376698744393,6,30.18194102286532,30.866267541176033,6
1718,1719,0.004123666339866842,1,30.271670387715723,30.426772326332806,1
1721,1725,0.03515878768930184,4,31.31570286798055,32.44804071932512,4
1726,1727,-0.008506786297807406,1,32.46236595532475,32.21867791137691,1
1735,1736,-0.006022286934097787,1,31.032703386848567,30.876848246099065,1
1737,1738,0.0005523401650801411,1,31.157730465178403,31.20609786163224,1
1742,1744,-0.0015233081392064464,2,31.133728523649562,31.117435990109293,2
1745,1746,-0.013152573805131473,1,30.834218137085475,30.45950302545102,1
1749,1751,-0.0013711576119414867,2,30.274651867320742,30.263415199831307,2
1753,1756,-0.004610823509652792,3,30.473665105055133,30.363630078668514,3
1759,1762,0.02111519561325498,3,30.78725245214812,31.46811856252204,3
1764,1767,-0.022595328426009312,3,31.118146736428827,30.446140137646896,3
1769,1770,0.022688257442749632,1,30.636143400760286,31.36186025269049,1
1771,1772,0.024108207546464276,1,32.54793634463856,33.36515668558885,1
1773,1776,-0.012207781562184248,3,33.89591596856607,33.51601794654023,3
1780,1788,-0.04106678329643007,8,33.50286920347959,32.16051700329513,8
1802,1803,0.004212867466909838,1,34.887124293630855,35.06898624887516,1
1808,1810,-0.01949882262316006,2,34.269795785198134,33.635844911635836,2
1811,1817,-0.01599372619417725,6,33.47899760913446,32.97702268572758,6
1818,1822,-0.035114782307018755,4,32.785514613685365,31.667043919815907,4
1826,1827,-0.0005036427353263167,1,29.884358584876992,29.89919190336071,1
1830,1831,0.007463677982082302,1,30.59081497630038,30.849725783469246,1
1833,1836,0.0021049310333363064,3,31.510621468812975,31.608459775291205,3
1838,1839,-0.014429986565005992,1,30.82413531385234,30.410167590709378,1
1843,1844,0.0006184215591764897,1,29.81678623230995,29.86504236197368,1
1845,1846,0.005255582047505341,1,29.97532528910197,30.16283839584861,1
1850,1853,-0.006129021153372596,3,30.343306404506183,30.187674944094205,3
1854,1859,0.006995983989496545,5,30.453045761752662,30.696547828095042,5
1860,1861,0.0031758893547459022,1,30.802166717546882,30.930793157645795,1
1866,1869,-0.011692990185944264,3,30.760492870401023,30.431571222023017,3
1873,1874,-0.0014123979474570632,1,29.67560828075545,29.663370120810928,1
1878,1880,0.0026924342052516608,2,29.750067967921975,29.859918136495292,2
1881,1882,0.005388218974230325,1,30.320329038408612,30.51402193967668,1
1893,1894,0.005604510270745125,1,31.755891582199318,31.965623694310622,1
1898,1902,0.0026689082370972696,4,31.725318741993565,31.8417160252506,4
1907,1910,-0.016068515846989744,3,32.05668579060994,31.573639112772163,3
1911,1914,-0.008652747723117618,3,31.497074421560367,31.256035256995904,3
1918,1919,-0.00038142976016191537,1,31.513251451379027,31.532744610887384,1
1921,1925,0.0029429088700386186,4,32.59171574351879,32.72022190861369,4
1927,1931,-0.0010394584260673913,4,32.55796090787428,32.556676221980894,4
1934,1941,-0.024654853032668404,7,32.35244119935976,31.587148957540858,7
1943,1944,-0.0029368379717040435,1,31.527814647178893,31.46675037860539,1
1948,1949,-0.002046796862724275,1,31.388827315097892,31.355969589139853,1
1951,1956,-0.010057717695208947,5,30.913066602383946,30.63306477200636,5
1967,1968,0.01034375998184241,1,33.758877730577076,34.14183033680911,1
1969,1970,-0.007490152400068918,1,34.45403679665144,34.23042484704359,1
1971,1974,-0.00474616498970342,3,34.15489545694127,34.026945583353495,3
1975,1976,-0.0023511354006762256,1,33.90619655296797,33.86038469050297,1
1979,1983,-0.014704262639849055,4,33.85718306968217,33.3931953406498,4
1986,1990,0.001872876541879754,4,33.22149526106372,33.3169365154854,4
1995,1996,0.0017601346582710644,1,33.77919061057006,33.87242572530264,1
1999,2000,-0.0017126392063805504,1,33.27714609793286,33.253431498947016,1
676,679,-0.015891448795044578,3,26.98614544725262,26.584282644149233,3
681,682,-0.005221575107478433,1,26.31871043245783,26.207604019635234,1
683,684,-0.0060658260163419875,1,26.2699504273667,26.136871429043733,1
685,690,0.007527306379612671,5,26.140077448173432,26.36298189736081,5
693,694,0.001049068835476355,1,26.679031397748027,26.733698569545847,1
695,696,0.0027455819693439193,1,26.8418295861238,26.94236785904579,1
698,702,-0.008254768038845802,4,27.16960441677305,26.972495239022162,4
703,704,0.0035560800487666865,1,27.183273988409148,27.307123160687897,1
706,709,0.005011613101265252,3,27.541058268000256,27.706624454706876,3
711,714,-0.001261847106159225,3,27.40115083832831,27.39397592627586,3
718,720,-0.006939477471063342,2,26.830664675123806,26.671304546752253,2
721,722,0.0021578213783601803,1,26.766287153137412,26.850810306928917,1
724,726,-0.011265073094779563,2,26.6202770699326,26.34701798000646,2
727,730,-0.01338261829860355,3,26.31815938270388,25.992271660746045,3
731,732,-0.0016324023505056937,1,25.970221708341565,25.953798079090056,1
733,737,0.020017711568299932,4,25.997172715070942,26.54357379278758,4
738,743,-0.015003116747135808,5,26.62416377014873,26.251342496580474,5
746,748,-0.00396458156031498,2,26.373631612931636,26.2954448309734,2
749,750,-0.0004805971353460664,1,26.36083161921923,26.374523510676912,1
757,758,-0.0006385251163709842,1,26.3490351749436,26.3585596893672,1
761,767,0.003970941030077681,6,26.73149587424126,26.86437656387788,6
770,771,0.0008157873631356553,1,27.061087710095357,27.110224891192054,1
772,776,-0.0006566033936703013,4,27.184098506228448,27.19343343340162,4
779,780,0.003432377772092427,1,27.575781575559578,27.698007856863164,1
782,784,0.0020731500524810887,2,27.806330281886876,27.891783307251963,2
789,792,-0.015369165249930143,3,28.184073013366497,27.779091410821337,3
796,798,0.008669543578104708,2,27.71863084681353,27.98665735571219,2
799,800,-0.0012041148632518626,1,28.06699300274741,28.061264112308763,1
807,809,0.0016617513684145974,2,28.561214995854318,28.637237848953117,2
810,811,-0.0035813002139662656,1,28.711747181510773,28.637633542367794,1
812,813,-0.006389598325684696,1,28.68758064872292,28.53296611209062,1
819,821,6.59513294177952e-05,2,28.437343945136583,28.467656769720012,2
822,823,-0.0013604344504947893,1,28.46611041956552,28.45585025269872,1
826,838,0.00034912916033779935,12,28.536591180444688,28.575090727742865,12
839,841,-0.00030851637292996447,2,28.68392799510532,28.703762461673993,2
842,843,-0.0017167007338859015,1,28.719522408400287,28.698939105613334,1
851,853,-0.008331815998970964,2,28.236970977976043,28.02994270239724,2
854,855,0.0032355561810292104,1,28.073005734415254,28.191910527373725,1
858,859,-0.0022829462065085925,1,27.938398996807237,27.90255553379836,1
862,865,-0.001865876811893318,3,27.808892667766813,27.784813592441363,3
867,868,-0.0027653048653200176,1,27.677936569403826,27.62907657331584,1
869,871,0.006957045806626496,2,27.65623370216238,27.876295620569252,2
872,873,-0.00317402527370385,1,27.92511738213148,27.864407471171578,1
874,878,-0.012931435736591824,4,27.865626378595238,27.53314944819915,4
882,885,-0.0056347478311889075,3,27.232510211309524,27.106294393669828,3
886,891,-0.005248744526354522,5,27.164422956600177,27.049008263251743,5
901,910,0.014893403067784701,9,27.362652470527213,27.797538135245016,9
912,920,-0.02617029045950034,8,27.949170065645998,27.245681336991716,8
921,925,-0.01200897908195062,4,27.343795432395314,27.042768160458937,4
928,929,-0.003328707417057,1,27.24061484260272,27.17717942077356,1
930,937,-0.0021871979008001663,7,27.282807692233742,27.250417600213588,7
938,949,-0.020456731633126727,11,27.20963212212292,26.68022161208667,11
952,954,-0.00032640000666658657,2,26.61682800737896,26.634757102547287,2
955,956,1.6304130504413237e-05,1,26.69736778935091,26.724500434508823,1
958,960,-0.0006085854157203015,2,26.79504878671389,26.805536759595494,2
962,963,-0.00753670914540166,1,26.72792012689195,26.55320748696093,1
965,967,-0.0006724963159093179,2,26.438095528724794,26.446754102410793,2
978,979,-0.0030287096000710923,1,26.13412601076918,26.081107458441664,1
980,981,-0.002647766846137542,1,26.139608774001708,26.096536793292902,1
983,985,-0.0070983404582367635,2,25.91419151274291,25.756157950198254,2
986,999,0.014131518423939435,13,25.842217225656807,26.233249211722278,13
1000,1003,-0.009388366098246975,3,26.176705560672644,25.957125771183705,3
1006,1009,-0.0018339414249171936,3,26.104445211790818,26.082675633554224,3
1010,1011,0.004853135257816179,1,26.129186063363672,26.282123723569185,1
1012,1013,0.003171943647833386,1,26.369151131434194,26.47916174399574,1
1014,1016,0.008374420084984381,2,26.658462008603355,26.9083696302916,2
1017,1020,0.013957064079955936,3,26.90246361125557,27.304845483397802,3
1021,1024,0.006450134022303102,3,27.5033832500695,27.708287141349285,3
1026,1027,-0.005075886584248537,1,27.643045666998802,27.530375748016912,1
1028,1030,0.004255167869108379,2,27.586125664747325,27.73109538597389,2
1033,1037,0.004977852950514732,4,28.09172896719451,28.259657192086113,4
1039,1040,-0.0026828871705719508,1,28.497699412632425,28.44974099990009,1
1041,1042,0.001257896375460863,1,28.419975966524596,28.484145327250097,1
1046,1049,-0.012360788656694509,3,28.296546343249553,27.975075260529533,3
1050,1052,-0.004919608714473107,2,27.942072096332396,27.832550107043176,2
1055,1063,0.0554757457299491,8,27.987244360861336,29.567844857067293,8
1064,1065,-0.004206369174656334,1,29.4831205063072,29.388586737543097,1
1069,1071,-0.01535813883540424,2,29.337112585773735,28.91588625023731,2
1072,1081,0.01597760488676685,9,28.777183952267723,29.265751611163132,9
1083,1092,-0.026565768517507183,9,29.09473017537703,28.35090103863401,9
1096,1097,-0.005752151767180162,1,28.057577755367976,27.92424388765501,1
1103,1108,0.0050755165093463355,5,27.955748394118594,28.125594005018193,5
1109,1110,-2.984740381806758e-05,1,28.241283544101776,28.268681898651597,1
1113,1120,-0.026811597482588444,7,27.868730884463847,27.149394420523485,7
1121,1122,0.0023282875664977845,1,27.34590919711319,27.43692424668852,1
1123,1130,0.003933152606719993,7,27.48128160622436,27.616850962216112,7
1140,1144,0.011801711583771454,4,27.844248783951798,28.200702826150728,4
1148,1156,0.004014639702798948,8,28.42860523582263,28.571164448333384,8
1160,1166,-0.013977101195772893,6,28.321553159436792,27.95402149806532,6
1170,1171,-0.0031498214905758925,1,27.79031299941173,27.730568787295763,1
1172,1176,-0.01970081903718744,4,27.69221476360045,27.174347666567428,4
1181,1182,-0.00429012767014791,1,26.750688374192208,26.662675194176774,1
1187,1188,0.0025124253917213116,1,26.754429412047408,26.8484023492553,1
1189,1190,0.001918329209169929,1,26.85952444768871,26.937909382428813,1
1191,1193,0.0012208822480168162,2,27.05680483257755,27.11689481011828,2
1197,1198,-0.005008194297072306,1,26.91864042417597,26.810745283142847,1
1200,1203,0.0010939804446850197,3,26.883072340097737,26.939364967870954,3
1205,1206,-0.0025739340147428137,1,26.9958430311499,26.953353355546515,1
1207,1212,0.02416134816935985,5,26.936593014346712,27.614354009677037,5
1214,1217,-0.007312513261477845,3,27.598183927493935,27.423970025458924,3
1219,1220,0.004045232961774128,1,27.6525745229121,27.792088203373012,1
1223,1224,-0.0013568736155025536,1,28.002725474746168,27.99273204086207,1
1227,1229,-0.0035619555078476224,2,27.634554827332,27.5637563273852,2
1231,1233,-0.0009785675727326264,2,27.673930504766634,27.67452362426938,2
1234,1236,-0.007416920281574807,2,27.73669416291294,27.558710007595106,2
1237,1239,-0.005103133980806746,2,27.616281883570128,27.502968578950114,2
1240,1244,0.007115554356006409,4,27.384357053850533,27.606596292025344,4
1245,1247,-0.009730703842303918,2,27.552761792201164,27.31220678895591,2
1249,1250,-0.004874023713686551,1,26.938327568415097,26.833967848608,1
1253,1257,-0.0070002839909193895,4,26.589340743293576,26.42979714770249,4
1258,1260,0.0018853760735880144,2,26.366057541155282,26.442133532739376,2
1263,1264,0.0002363277689750253,1,26.79866856232019,26.831800500435346,1
1265,1270,0.006481744145637849,5,26.92089888768914,27.122314165337418,5
1272,1273,-0.0009627183999884083,1,26.85234099978148,26.853342098018008,1
1274,1275,-0.007520782917640215,1,26.763684291634096,26.589164116292093,1
1278,1285,-0.0210435423962989,7,26.540094726757477,26.008137212899925,7
1288,1290,0.0007023739704355731,2,26.115089246471253,26.159546894640048,2
1292,1298,-0.004209085855331971,6,26.136292547302634,26.052418940578267,6
1300,1301,-0.003495078261395044,1,25.908423906999875,25.843780361722512,1
1302,1305,-0.022393801482662127,3,25.74656561934973,25.19574870562903,3
1306,1307,0.003150207491540165,1,25.275420242510275,25.380318480952567,1
1311,1315,0.021752589230288284,4,25.817607227237126,26.405024639387374,4
1317,1319,-0.022064842867885008,2,26.360765547371226,25.805480163238695,2
1321,1323,-0.008506817138837162,2,25.75148822648312,25.55817651331399,2
1324,1326,-0.010109149396388357,2,25.52300870687539,25.290515807519142,2
1327,1328,-0.0020979846096229084,1,25.383460670958105,25.355590021802424,1
1332,1334,0.0019103700061248968,2,25.88616989644079,25.961508228880845,2
1337,1339,0.0009642223204661122,2,26.151685022798066,26.203052746237645,2
1348,1349,-0.0038232651318787967,1,26.36872878149752,26.29428286895675,1
1352,1356,-0.01775284897869715,4,26.044355613398743,25.60803845705999,4
1357,1360,0.0009962769964692226,3,25.722286623319974,25.773635432402695,3
1372,1377,0.010023742430895051,5,26.355697128046398,26.64623554477266,5
1378,1379,-0.00681741386583936,1,26.677607518419006,26.522412834533935,1
1380,1381,0.001477378798188658,1,26.511929546064174,26.577609638220665,1
1386,1387,-0.007754061466130688,1,26.651492500840874,26.471486682326073,1
1395,1397,-0.002267835070165699,2,27.291317054410296,27.256716165537703,2
1398,1400,-0.002592536229006146,2,27.320053275479076,27.276545100859497,2
1401,1402,0.0017116240124576253,1,27.305489007473355,27.379531227137917,1
1404,1405,-0.0037460729821682205,1,27.529589701755643,27.453991439265476,1
1406,1408,-0.007755028286454818,2,27.463961642005632,27.278441804255774,2
1412,1413,-0.004672577442005655,1,27.030608982303725,26.93133697751164,1
1416,1422,-0.0034818078400091178,6,27.156176821721896,27.088780409181073,6
1423,1426,0.013911065092415353,3,27.21693800190193,27.622771536064523,3
1431,1433,-0.0025487407916796262,2,28.00646803049082,27.963093271021126,2
1437,1443,0.004957791497413147,6,27.89802972184566,28.06424036611705,6
1444,1446,-0.011887298049631914,2,28.076861897110163,27.77118073333797,2
1447,1454,0.0032928377902441963,7,27.724111094609682,27.84312620641755,7
1455,1456,-0.0020867913485184786,1,27.92797316294978,27.89762128333463,1
1463,1465,-0.00897109590978469,2,27.16376059991668,26.947235658904315,2
1468,1469,-0.0022386623063287833,1,27.016331998710353,26.982867886608286,1
1472,1473,-0.0031964165511757306,1,27.08932457228567,27.02982513143493,1
1478,1480,0.0026846144207292957,2,26.343050857524275,26.440114842599915,2
1481,1484,-0.01697063236601866,3,26.35441477926149,25.933518109600335,3
1486,1492,-0.007352367606446551,6,25.949857915082497,25.785014878270836,6
1493,1495,-0.01590785564934282,2,25.72870033578309,25.345140585132036,2
1498,1499,0.005812528130086041,1,25.508826092472734,25.682605687793178,1
1513,1515,0.005621515945325073,2,25.693623201809903,25.86375393753386,2
1519,1520,-0.0018655082376672792,1,25.746263725515888,25.7239801221723,1
1529,1531,-0.007990532039801317,2,25.571895139801665,25.393133987508442,2
1535,1538,-0.0009787970819277307,3,25.28629887133094,25.286835014654258,3
1541,1543,0.002748476200672523,2,25.57586504872726,25.671735570174025,2
1545,1555,0.006287995759116541,10,25.687424459780186,25.87463430030569,10
1557,1559,-0.005016159234734459,2,25.769589714934565,25.666094939225612,2
1560,1563,0.0031530484448824333,3,25.691815674172187,25.798515029304014,3
1564,1567,0.007641830444513301,3,25.912116286791434,26.136044402200397,3
1569,1571,0.0035321497706244775,2,26.197140714112717,26.3158700793912,2
1572,1575,0.00012532862706720726,3,26.37788147938448,26.407565264534618,3
1578,1579,-0.005517243642976073,1,26.44510210119564,26.32564313184116,1
1580,1584,-0.012770049687222118,4,26.23306970921219,25.924305175286403,4
1586,1587,-0.0005874410825168851,1,26.013636509235056,26.024368666953105,1
1588,1589,-0.0005569711629126468,1,26.155202054516632,26.16678956326663,1
1592,1596,-0.007434111702618364,4,26.43532504465311,26.265237210420786,4
1597,1599,-0.008326465032523472,2,26.165732538691195,25.974030214196112,2
1605,1607,-0.01332230260157918,2,26.213224611803284,25.89021732597348,2
1608,1609,-0.009415126587760923,1,25.82291810918991,25.605614984435693,1
1611,1615,-0.0021708849931143096,4,25.36266371726312,25.332966954931173,4
1617,1618,-1.3091048009833753e-05,1,25.51576307255886,25.540944807552027,1
1622,1626,-0.014251307480658795,4,25.577399270993123,25.238465288697615,4
1627,1631,-0.01892268848498896,4,25.30003027343797,24.84658571218635,4
1632,1633,-0.01370856623785617,1,24.697229114383216,24.383362742291567,1
1636,1637,-0.007720279429244212,1,23.84786182753861,23.687597532267542,1
1638,1642,-0.0275114640829276,4,23.73482773697265,23.105582703909427,4
1644,1647,-0.017954484250329545,3,22.66296243134813,22.27872359174003,3
1651,1652,0.007213787032566559,1,23.933973826197715,24.130562390049125,1
1660,1661,0.023507928684722366,1,25.976676224871586,26.61331075325686,1
1665,1670,-0.027855884086722706,5,27.49420677366506,26.755825543495124,5
1671,1672,0.0012209092125749846,1,27.036618969993594,27.096664846140932,1
1673,1676,-0.01870184768914281,3,26.894076940086777,26.418002086353273,3
1678,1686,0.02451896352484189,8,25.77704843906316,26.434851997957697,8
1691,1692,0.006329829968358002,1,27.07506861190981,27.273524261216735,1
1693,1696,0.0148944059933654,3,27.537299771214432,27.974988793739122,3
1700,1702,-0.0060379386114876145,2,27.77920596267617,27.639256028360336,2
1704,1705,0.009693904176267722,1,27.820444244718875,28.117953409613097,1
1714,1716,0.0008173326112248373,2,30.672453191456587,30.728195240907688,2
1717,1723,0.06390684807492845,6,30.395984297693577,32.368891832591885,6
1725,1726,-3.613932685668519e-05,1,32.4161761361822,32.447420813533554,1
1727,1728,-0.010018294735964484,1,32.2347934817812,31.944090613409553,1
1729,1741,-0.02988692237245444,12,31.851118637467565,30.931037845911202,12
1742,1744,-0.003188448798153235,2,31.206688976906737,31.138394735920883,2
1745,1750,-0.022527462135890543,5,30.8842770642114,30.219416959117236,5
1757,1758,0.0017533157260500427,1,30.383966232364212,30.467622884411554,1
1759,1760,0.00619929374763114,1,30.774894708344114,30.996452215401902,1
1763,1765,-0.01568955694331327,2,31.308084350518026,30.848182462665036,2
1770,1772,0.06517902320974588,2,31.3903514937621,33.467734293829864,2
1774,1775,-0.012648940348589453,1,34.14634661642894,33.7485778615719,1
1776,1778,0.003049940800677689,2,33.50907459041784,33.644784358794524,2
1781,1783,0.00995550002980174,2,33.57144932183917,33.939241335885065,2
1784,1786,-0.044633088355324285,2,33.342470196061704,31.887635248012177,2
1790,1791,-0.00314003329728292,1,31.16941897397898,31.102715379517704,1
1792,1796,0.043523737575752064,4,31.723547759656604,33.13599867507939,4
1799,1801,-0.004833213894102862,2,35.11611257536519,34.98150500473442,2
1804,1809,-0.041761865101949854,5,35.267444346089285,33.82987753716347,5
1810,1814,-0.013236331215815089,4,33.664955954368764,33.25302040294528,4
1816,1823,-0.061341475740470525,7,33.357429209688746,31.34459270426785,7
1828,1830,-0.00045830052751905017,2,30.513822964907835,30.530352286711302,2
1832,1839,-0.031112076448226715,7,31.338200625284635,30.394542332306198,7
1845,1849,0.007426804934643019,4,29.941585561833918,30.193897462797416,4
1852,1858,0.011500927467835452,6,30.37703497430325,30.756776085204915,6
1862,1865,-1.771184140439484e-05,3,30.753017932302058,30.783226257658036,3
1866,1869,-0.010806462443958425,3,30.759698404052582,30.458054576865752,3
1870,1871,-0.005772721650992779,1,30.341540353343063,30.196728626774192,1
1875,1876,0.00032377006129614906,1,29.51336586282844,29.552434772965732,1
1877,1881,0.016572292722636574,4,29.69251723137604,30.21428283583771,4
1882,1887,0.002548608656111666,5,30.556218122845724,30.66465018297449,5
1888,1889,0.004401375693794009,1,31.05182096005405,31.21954351103573,1
1894,1897,-0.00770442539007026,3,32.044734129776366,31.829892600658642,3
1901,1905,-0.0019441744122620137,4,31.790973075502123,31.760956852183323,4
1909,1910,-0.003912067476861784,1,31.753712678769244,31.661243724807786,1
1913,1916,0.014332912532408724,3,31.03222154095603,31.50803587952984,3
1917,1921,0.03185238048418499,4,31.472247188514125,32.50618542784351,4
1925,1929,-0.00605770598976839,4,32.7998488648265,32.63395687275937,4
1930,1933,-0.006810984198629701,3,32.73368254908263,32.54346763702695,3
1935,1937,-0.009985571272587652,2,32.46516922253837,32.173451130612634,2
1941,1943,-0.005433027344438678,2,31.662463307556294,31.52210274192161,2
1944,1945,-0.0016845599914446043,1,31.51599103539067,31.494416448837114,1
1947,1954,-0.01874545109816806,7,31.343700209713045,30.787492110405942,7
1956,1959,0.019879414458782576,3,30.65354762906199,31.293575754641207,3
1962,1965,0.02639331761222577,3,32.34722174220168,33.23331946125891,3
1969,1971,-0.009564819526105394,2,34.43508532378301,34.140155032618765,2
1972,1979,-0.013776455430287094,7,34.22936598806623,33.792036019112714,7
1980,1984,-0.019436835794841314,4,33.80580286873415,33.18253083233052,4
1986,1988,0.006030383379142631,2,33.216232454414076,33.44975530297933,2
1989,2000,-0.013922288580348916,11,33.583532972795425,33.1495568681733,11
676,677,-0.003232886804181168,1,26.95843133129425,26.89823620571318,1
679,681,-0.015950610007008575,2,26.707863285834833,26.308564437727814,2
682,684,-0.003808243150828882,2,26.278795024458066,26.204997778318596,2
686,688,0.003651866046174194,2,26.128209687246358,26.24975461873778,2
690,696,0.021902965455185806,6,26.371910281161142,26.975905231317835,6
697,700,-0.005585759920715619,3,27.05756786386756,26.933488353605394,3
704,706,0.004459617167528786,2,27.39819156929193,27.54777520634288,2
710,711,-0.008694316261990912,1,27.615256871439307,27.402776351414335,1
713,715,-0.005718362246400127,2,27.380579100939944,27.251387610225496,2
718,720,-0.010625878294540293,2,26.8371843456685,26.578852875388954,2
723,733,-0.03608854658567214,10,26.832294925898797,25.890788695390903,10
736,741,-0.013284732862244603,5,26.524964363689016,26.199112262300538,5
743,745,0.002047336665955933,2,26.274152512272572,26.35421870059014,2
749,751,-0.00494236002690919,2,26.364933424388965,26.260993364744532,2
753,756,0.0011283794298801541,3,26.26029549978331,26.316187372547624,3
759,761,0.007538351204958739,2,26.454478920634426,26.68035655260298,2
762,764,0.0023368663296357956,2,26.82409233364692,26.913600744178108,2
768,769,-0.002338862798403344,1,26.952684901094365,26.916598953963202,1
771,773,0.004271250187457355,2,27.116909439417093,27.259849453382884,2
774,777,-0.004015708011707088,3,27.268267855088997,27.18603472125303,3
780,781,-0.0015972835468031845,1,27.769292281211108,27.75270613982517,1
782,784,0.0038278819056561412,2,27.79513546257871,27.929327094143755,2
791,795,-0.0049824671467401565,4,27.759248518498392,27.648698223255277,4
797,798,0.0020102416688924604,1,27.835682825450878,27.919474957774124,1
800,807,0.014212257265072616,7,28.10931712470985,28.536923288356448,7
811,815,-0.0042821929806151045,4,28.600434138925237,28.506561994751912,4
817,820,-0.00027741009709849425,3,28.38280134484311,28.403310470510952,3
821,825,0.0005972693650236709,4,28.47870778018179,28.524195947674535,4
827,830,-0.013318503115801118,3,28.503514686668566,28.152394052189557,3
835,837,0.009254182725715699,2,28.220605931122464,28.50998518097061,2
840,842,-0.0013087758351711743,2,28.71876876724755,28.709901105436355,2
843,844,-0.0015142098228016296,1,28.637302401549306,28.62257681935589,1
845,846,-0.002426044160750172,1,28.64225900279857,28.601413876596936,1
847,849,-0.009330496615770206,2,28.598015645554057,28.359779973001025,2
856,858,-0.010196913037997787,2,28.18522492834705,27.926007865724635,2
859,860,-0.007016537583706796,1,27.963235092536813,27.794993237640536,1
862,865,-0.002849063862192509,3,27.799784403846406,27.74838082712851,3
866,869,-0.005983790492394168,3,27.779036650881306,27.640591752132774,3
872,875,-0.00705137304993817,3,27.95726079244023,27.788080977930765,3
877,878,-0.00722041383571593,1,27.669082340564096,27.496969197951287,1
880,883,-0.003092014479479083,3,27.263636908206227,27.206600985031,3
885,887,0.0017218383222557848,2,27.07940828403223,27.15311405524372,2
888,890,-0.007396715797788177,2,27.25535165295033,27.08100691445763,2
895,896,0.006089812381109135,1,27.115870136933875,27.308116568755256,1
897,898,-0.003749352475790595,1,27.42096552159368,27.345575622148317,1
901,904,0.003961356590240157,3,27.420107529171382,27.55614846036633,3
905,906,-0.0030318939740404584,1,27.595219130162288,27.539148570699385,1
909,920,-0.019105786687749454,11,27.753434560885726,27.250936794873915,11
922,926,-0.008351237005668085,4,27.265602561772432,27.065166655238492,4
928,931,4.021735052707996e-05,3,27.21584362383649,27.244154016583238,3
932,938,-0.005516041284120844,6,27.289750924115957,27.166509282309274,6
940,942,-0.005538026190613605,2,27.06864440839487,26.94580619112517,2
943,945,-0.012828193664281017,2,26.792487489521537,26.47558075874765,2
946,948,0.00041263700635768195,2,26.392469104038096,26.42975208258361,2
952,953,-0.0036092661211821367,1,26.674669163456226,26.605067852914278,1
956,962,0.00011897617440563687,6,26.70661554523594,26.73649961173007,6
963,964,-0.004814175196103323,1,26.61976937887928,26.518236914788368,1
965,966,-0.004186937850367851,1,26.48785032680279,26.403435194021423,1
968,969,-0.004292300585327245,1,26.489710095884114,26.402498007830285,1
973,974,-0.0023472015797130043,1,26.254724232368737,26.21935382640796,1
976,980,-0.0015949320032430175,4,26.139496247304248,26.123945024438076,4
981,986,-0.010674030221966696,5,26.118422469843974,25.86575206152061,5
988,995,0.009850832677903487,7,26.027474839735532,26.309894614249846,7
996,1001,-0.005421885148758508,5,26.23183465289441,26.115840492818087,5
1003,1005,0.0011565092294987945,2,25.98556694629548,26.041605061248926,2
1007,1008,-0.004666102974090425,1,26.071197621534825,25.975617926396417,1
1013,1014,0.003538808712834524,1,26.505945327406224,26.62625074300017,1
1020,1022,0.005388012577562036,2,27.375875007629368,27.55075244149987,2
1024,1025,-0.0009953250028256594,1,27.77414985039026,27.77427969446233,1
1027,1029,0.0004567354814809352,2,27.56236704018635,27.60251811820739,2
1032,1040,0.01473385623407526,8,27.906865081328714,28.345947684462075,8
1041,1042,0.0022837940889704764,1,28.42499653575211,28.51833837135522,1
1043,1046,-0.006922085310662322,3,28.423479176207678,28.255152907700342,3
1047,1048,-0.006021347556035654,1,28.177603491252302,28.03611395082656,1
1050,1054,-0.003382525877751236,4,27.87593045013092,27.80951532446709,4
1055,1060,0.024932374151977615,5,27.93856796936369,28.663081367215685,5
1061,1063,0.0153177459742997,2,29.099972884067565,29.57481884944879,2
1066,1067,-0.0008137669041740084,1,29.305344312371663,29.310801937367202,1
1069,1076,-0.022207312896394424,7,29.25911943772595,28.63861213673712,7
1078,1081,0.011090082269548645,3,28.891447194697786,29.240747168168003,3
1082,1088,-0.0283501941548216,6,29.220619143295,28.421429536401785,6
1090,1091,-0.003116861029422778,1,28.557298680286404,28.49684684760452,1
1095,1098,-0.012229841930134714,3,28.069239546504065,27.754026423297738,3
1099,1105,0.005059628597388131,6,27.791769101861995,27.960176900683646,6
1110,1112,-0.013420296137190105,2,28.276109668259732,27.924912012572282,2
1113,1119,-0.02758950896317391,6,27.87849612391135,27.1372206013448,6
1120,1122,0.008453804001878461,2,27.19527520959582,27.452374011204483,2
1123,1124,0.0003195914405699149,1,27.51584356546107,27.55215323711011,1
1126,1127,-0.00046253283819491103,1,27.536602077640886,27.55140209700531,1
1129,1133,-0.0035405539033232535,4,27.642181138138252,27.571954686951386,4
1136,1139,0.006702395316752496,3,27.63924063386026,27.8521289914771,3
1142,1143,0.004852154854036536,1,28.01256885087166,28.17650274164632,1
1145,1147,-0.002147264388409527,2,28.326681819052137,28.29418362575933,2
1150,1153,0.006394139260599319,3,28.488392598083138,28.69903974026399,3
1155,1156,-0.0010000464154568585,1,28.65218540555516,28.652184075650883,1
1164,1165,-0.004572135456107509,1,28.079688352891093,27.979383902529282,1
1170,1172,-0.0036333413757646056,2,27.778365836934405,27.70521591682488,2
1176,1177,-0.004039131334405265,1,27.16838125021276,27.08581297145017,1
1178,1181,-0.011737153677345829,3,27.010912298937733,26.720891982618728,3
1183,1186,0.00023793787400662133,3,26.67451140156112,26.707532789495733,3
1187,1189,0.004520691734285684,2,26.7507017758007,26.898384153980704,2
1191,1193,0.0043677309957339296,2,26.994405420275775,27.139304126961598,2
1198,1201,-0.0007040368599565948,3,26.848005296248452,26.855951316199832,3
1202,1203,0.001024790242708469,1,26.938065079107247,26.99260901043687,1
1204,1205,-0.0040723975443636255,1,27.01631500234681,26.933310142475847,1
1206,1207,-0.001596156981398529,1,26.95241965799935,26.93635178485465,1
1216,1217,-0.0021788245858114456,1,27.45648496667989,27.424118587161207,1
1219,1220,-0.0026661178848758505,1,27.731802151006438,27.685597699462807,1
1221,1223,0.0025700629142040685,2,27.92239190614365,28.022076601963644,2
1228,1241,-0.008859617456858402,13,27.635467071893427,27.418262872466737,13
1242,1246,-0.0010849091166317663,4,27.54247340899554,27.54013480190853,4
1249,1251,-0.007934202113888535,2,26.932770889119865,26.746013612287655,2
1258,1261,0.004976100169520128,3,26.3829537205147,26.54062089471631,3
1265,1267,0.00010323034601619568,2,26.899674995248755,26.929351533001487,2
1270,1271,-0.006494284007371948,1,27.101478258936872,26.952575040362657,1
1275,1284,-0.02000147206951866,9,26.603982142978406,26.09846731935063,9
1285,1286,-0.0005007227466607286,1,25.957238857676117,25.97019871659725,1
1289,1291,0.00021790567400114288,2,26.14513715262055,26.176979463506264,2
1293,1299,-0.005714471793952829,6,26.08939992020356,25.966402180158607,6
1302,1305,-0.02075416857423304,3,25.709783048552683,25.201907660204615,3
1306,1310,0.01553895937690826,4,25.26287968667801,25.680701427559697,4
1313,1315,0.011604676105163237,2,26.11212864500842,26.441263568995105,2
1320,1323,-0.005420672852969629,3,25.676596371845218,25.563088539307543,3
1325,1329,0.0006710030656619924,4,25.320526959071735,25.36283763724452,4
1330,1331,0.006953406193884566,1,25.497631218090987,25.700424236150337,1
1334,1336,0.0033077894368476104,2,25.97912553366284,26.091038136215293,2
1337,1340,0.000748837971454132,3,26.158310636792145,26.20405728370286,3
1341,1343,-0.000641292881304576,2,26.394263654136385,26.403731464401847,2
1344,1348,-0.006896555980064284,4,26.484246247527636,26.328080406939282,4
1349,1352,-0.01601209240092554,3,26.365272161980293,25.969474260109095,3
1353,1355,-0.011916339010703037,2,25.860173310334712,25.577874891603564,2
1356,1360,0.0028692376223940857,4,25.665552470100252,25.764858591317093,4
1363,1366,0.0005122722045950425,3,25.829977895985028,25.86903985360243,3
1373,1374,0.0038273680448908474,1,26.55946026217295,26.687672551932113,1
1376,1377,-0.003155634408655233,1,26.715113735637072,26.657525717237395,1
1379,1380,-0.0026677650406977445,1,26.54971738871744,26.505438698216132,1
1386,1390,-0.0032338904315330676,4,26.65284660645677,26.593307067449487,4
1391,1394,0.015390694354180941,3,26.710143229995953,27.147941023835212,3
1396,1401,0.001770742568421559,5,27.221592573793412,27.29701659911785,5
1405,1406,-0.0035587633128002045,1,27.449542019013652,27.379305137942232,1
1407,1411,-0.007954441742177057,4,27.30437389537636,27.114487217814347,4
1420,1421,-0.002123609887454166,1,26.946187572446664,26.91591056966107,1
1427,1433,0.0032998508818388762,6,27.81532032144586,27.93492205105866,6
1435,1436,-0.0047579085295566936,1,27.95389989090146,27.84885169206707,1
1439,1440,0.0008255446099320095,1,27.89538157426362,27.946305837738514,1
1442,1452,-0.014399046930080792,10,28.092557720880176,27.7161442215921,10
1453,1456,0.004460063903594606,3,27.80656256942828,27.95838817799666,3
1458,1464,-0.020660531705680496,6,27.582314396181708,27.04003142947953,6
1466,1467,-0.0021399990922675903,1,26.999703357785446,26.968923720466076,1
1468,1473,-0.003468704642164173,5,27.078216151312,27.01136803339773,5
1476,1477,-0.0058981636412873155,1,26.61430605411551,26.483944827863148,1
1482,1486,-0.006675698574138235,4,26.119001816857278,25.970758235487427,4
1487,1493,-0.013524375858903714,6,26.056157677578224,25.729820565385374,6
1494,1497,-0.0038022603087952238,3,25.546482405727502,25.474894512052597,3
1503,1510,-0.004247580138296942,7,25.881489013099394,25.7974368034309,7
1511,1513,-0.002540452840907437,2,25.714124278833285,25.67451288303651,2
1517,1525,0.006505709798550958,8,25.68136231205913,25.87411916480489,8
1528,1529,-0.0046757542889141164,1,25.655668977526524,25.56136504224742,1
1530,1532,-0.003134832745840829,2,25.49253212481575,25.438109832461294,2
1534,1544,0.017205901003746887,10,25.324450575074593,25.785505015218682,10
1546,1547,-0.0029109755973230848,1,25.755272258751674,25.706054561962787,1
1560,1561,0.0007151058184998594,1,25.656111060837674,25.700114006198195,1
1562,1564,0.0031959347492579795,2,25.754325934418347,25.86238940555029,2
1567,1568,-0.0012911806589044283,1,26.165523218775437,26.157904324484015,1
1570,1572,0.004247979728459024,2,26.260819106615763,26.398635352940012,2
1573,1576,0.00477224274923542,3,26.327790313591812,26.479760710332833,3
1577,1578,-0.006253217812911895,1,26.53173576421486,26.392358777290816,1
1581,1582,-0.004418460089161876,1,25.955074034773425,25.86634765007431,1
1583,1587,0.002519644592207037,4,25.91678115599844,26.007999014641562,4
1588,1592,0.009448543471144998,4,26.116391324639594,26.389269574704525,4
1593,1594,-0.003825454425184924,1,26.51946506841151,26.44453552848043,1
1595,1599,-0.013389699422937384,4,26.382570032485702,26.05569791977861,4
1607,1608,-0.0062489830092883145,1,25.91768146619602,25.78163999653981,1
1609,1619,-0.0009319382988618682,10,25.565930368866837,25.56767042957892,10
1620,1622,-0.0012053627422466298,2,25.5633640856999,25.55811432315021,2
1624,1625,-0.0031241170691619136,1,25.448485301486688,25.394429739473484,1
1627,1634,-0.04307406638291789,7,25.268077683115642,24.20494690530751,7
1637,1638,-0.003661970824977167,1,23.75864372714504,23.69539891070235,1
1640,1642,-0.014634285955429701,2,23.403291529202182,23.084204360194754,2
1643,1645,-0.026284665455875673,2,22.918673666285578,22.33918266994116,2
1646,1647,0.012842406193843553,1,21.955797642113566,22.259718711385535,1
1650,1653,0.015406138389306906,3,23.850089587663767,24.241377458036347,3
1655,1659,0.04270830927945555,4,24.382835959055832,25.448568494264475,4
1660,1661,0.01955310129454657,1,26.05485261502516,26.590360640036252,1
1662,1666,0.026718709825466196,4,27.069135279614766,27.819456785656698,4
1667,1675,-0.034459269999022143,8,27.564225660292713,26.641946791611005,8
1681,1682,0.0037521517111719707,1,26.08294436571969,26.20689447441965,1
1685,1686,-0.006162886653820596,1,26.521415680030078,26.384488616975222,1
1687,1688,0.0034067490105503685,1,26.477181916558568,26.593860211771524,1
1692,1693,0.00644959934643588,1,27.313673119100457,27.51714904051727,1
1695,1696,-0.0010752395320343063,1,27.97374728935938,27.971642557704083,1
1700,1701,-0.0011114776034112915,1,27.836698400045133,27.833595231620613,1
1702,1703,-0.002308557727504334,1,27.660426950165284,27.624231684733576,1
1705,1714,0.08853861886142647,9,28.17403987452885,30.696704492640922,9
1715,1718,-0.018601661962251072,3,30.871537040339494,30.328146681100325,3
1720,1721,0.017355930821823018,1,30.800633093722162,31.36600738405888,1
1725,1728,-0.017095774375059526,3,32.4225394022898,31.900673523404066,3
1729,1730,-0.0033062630549943748,1,31.939440773717436,31.86578002146383,1
1731,1735,-0.024815807714287832,4,31.752805502760122,30.996586792517206,4
1737,1743,0.007552727575353473,6,31.0800152116559,31.345834114799036,6
1745,1747,-0.015387351123857612,2,30.881652316860077,30.43734714169252,2
1748,1749,-0.0029142180347763134,1,30.34951042534905,30.291414845146214,1
1750,1754,0.00590234534615621,4,30.263512106289248,30.472401318234436,4
1756,1757,-0.003470798702072929,1,30.414716796892442,30.339568154106765,1
1758,1762,0.03156565080443164,4,30.490394861652124,31.483334413605924,4
1763,1765,-0.015329793009283495,2,31.284428283876043,30.836128902154325,2
1766,1768,-0.013471691389909658,2,30.679142978228334,30.296522174896957,2
1769,1771,0.06220405150002975,2,30.576753126063267,32.509327805346665,2
1774,1776,-0.017840029138289967,2,34.10519946040576,33.53086690772533,2
1779,1785,-0.0329398382238469,6,33.71453837346374,32.63770147202363,6
1787,1791,-0.028966841688903785,4,31.952611026147608,31.058997412032216,4
1792,1794,0.02252003539518946,2,31.751939857472525,32.498746606786206,2
1805,1806,-0.00787865638159058,1,34.91333780498917,34.67318095109425,1
1809,1813,-0.022497392918733344,4,33.845830254160376,33.11823314252594,4
1814,1815,0.008460817278189231,1,33.299288583936274,33.61432706872259,1
1816,1818,-0.017279636841070853,2,33.28169016491278,32.73987633557096,2
1819,1821,-0.019874500750282735,2,32.44905037116633,31.83659074558979,2
1823,1825,-0.028316512020867997,2,31.41116135029074,30.5531179836761,2
1826,1828,0.018672552266137076,2,29.903173383955043,30.491445125274257,2
1830,1833,0.02661486416162645,3,30.64482824215013,31.49108101131348,3
1835,1837,-0.020209826330824462,2,31.787147060988573,31.176521486394606,2
1838,1839,-0.01627756709937178,1,30.84142712611004,30.37024515375051,1
1843,1845,0.0016022953316345372,2,29.791282793860255,29.86880850999812,2
1846,1850,0.0028507799100394543,4,30.26310856025921,30.379645130718398,4
1851,1853,-0.012923726985275847,2,30.56249908378459,30.1980801887218,2
1854,1858,0.010458505522356599,4,30.427219812480057,30.77587027873132,4
1860,1863,-0.002043527038991231,3,30.786518486828268,30.75439192235086,3
1865,1869,-0.01454205598054436,4,30.834935392899578,30.417366971652463,4
1870,1873,-0.021989349753532457,3,30.357424730881082,29.720242125588083,3
1874,1875,-0.009872148499417442,1,29.71997338454614,29.456293367279713,1
1877,1880,0.0048571596590277055,3,29.726139623089068,29.90025036890805,3
1887,1888,0.01137928898658628,1,30.613379168894042,30.992351036481722,1
1889,1890,0.0011539232207960254,1,31.227939226435204,31.29520180987263,1
1891,1894,0.020155236968098345,3,31.340666984067887,32.0036862208541,3
1895,1899,-0.014006225501365294,4,32.07405778103617,31.65689535279219,4
1900,1901,-0.0008936687866699713,1,31.730255590789092,31.733629507365333,1
1904,1905,-0.0011475180104737167,1,31.855794250532053,31.851094947142155,1
1906,1908,0.000864172150783972,2,31.854958328773254,31.914341454954137,2
1910,1913,-0.021149327257583464,3,31.65933493981047,31.021420639350783,3
1917,1919,0.002151792150042961,2,31.457090717265945,31.556236928851813,2
1922,1923,-0.0006441728029279275,1,33.15373142878112,33.165528428107905,1
1925,1928,-0.006393698496069387,3,32.79025316461458,32.61339242543487,3
1931,1934,-0.010035791088199065,3,32.630998293717774,32.33615141013636,3
1937,1938,-0.009684952485105463,1,32.16125898535233,31.881939979203377,1
1939,1941,-0.003412691481612921,2,31.704955892585556,31.6284616155786,2
1943,1944,-0.002837556308642665,1,31.551756149914645,31.493778021352615,1
1947,1949,-0.0019864134825798,2,31.34971987035032,31.318796083995107,2
1950,1951,-0.006371326008819721,1,31.091545634664833,30.924542806942952,1
1952,1954,-0.004354925711690294,2,30.812586480970566,30.709212542341877,2
1955,1956,-0.001713829214992625,1,30.662703041936435,30.640815108694458,1
1958,1959,0.010206889732301994,1,30.920851176485105,31.267377746048894,1
1960,1961,0.009017417582364486,1,31.66577959859833,31.982988935908608,1
1962,1965,0.026880666915518117,3,32.316618752499664,33.217627635773894,3
1967,1968,0.010508337820625734,1,33.7306946650639,34.118878894193834,1
1969,1971,-0.0070466326752523295,2,34.3582525195309,34.150500787181734,2
1972,1995,-0.01665522758339386,23,34.25143908935608,33.71522501535346,23
673,680,-0.021862915119838386,7,26.993674155738155,26.430507423054415,7
681,684,-0.007453304606753024,3,26.353209400207973,26.183144112582884,3
686,688,0.0044654066043033685,2,26.100362040486413,26.243011131557196,2
690,696,0.02105846831673488,6,26.360413836383024,26.9418841898089,6
697,698,0.0017519559852447759,1,27.054878388438294,27.129332222949426,1
702,703,0.0023210784865598712,1,27.003990116849906,27.09367248747825,1
705,707,0.0043861587557369,2,27.529824757484988,27.67810476414642,2
709,717,-0.030339558720833413,8,27.713482564142208,26.900381215092764,8
719,721,0.0008622674124866342,2,26.69967221722033,26.749394146714533,2
722,723,-0.0033335294651248132,1,26.852682899258358,26.790021372495286,1
727,728,-0.0069354436245473656,1,26.3713826655875,26.21485681047454,1
729,730,-0.0060680914112210636,1,26.138353331863037,26.00588176783836,1
731,737,0.0191536941878834,6,26.035458506696525,26.560169175481814,6
740,742,-0.008499898215043478,2,26.362132076351614,26.164418769047444,2
748,749,-0.0008793504916400254,1,26.344230072338462,26.34740849074481,1
751,753,-0.003799190574476927,2,26.31062770230251,26.236979241229655,2
754,755,0.003478198355230406,1,26.17813501981034,26.295365900999055,1
756,758,0.0016207596484553721,2,26.332480168801307,26.401491270271453,2
760,767,0.014768525696989696,7,26.508134275662997,26.926128472168042,7
772,775,0.0003586648727758042,3,27.153730945476944,27.19062376587737,3
779,782,0.005637379971631545,3,27.60951230676955,27.792767130781016,3
784,790,0.0005169307133404339,6,27.928645057089806,27.97101087655889,6
791,792,-0.0032329727611234127,1,27.847020414381962,27.7848387763182,1
796,798,0.006297739794162212,2,27.67962651567591,27.881625227586905,2
799,802,0.002888443022607732,3,28.108363842475935,28.21766161373613,3
803,806,0.011289900004631086,3,28.200461373841748,28.547042224210724,3
807,809,-0.0010590522351168288,2,28.570164198128833,28.56847706607528,2
810,821,-0.00930615501277103,11,28.702502039087253,28.464094607896218,11
822,826,0.0010298545940085118,4,28.466863232077966,28.52464682518661,4
828,833,-0.022057233368946823,5,28.487494908415826,27.88762708003263,5
835,837,0.008504745625307668,2,28.19072095497544,28.458666586646512,2
843,845,-0.003680288298903642,2,28.690614228812404,28.61371511120656,2
847,848,-0.004174295812208951,1,28.615510444354502,28.524676349386766,1
856,857,-0.003962447087902243,1,28.14263922459767,28.059268144980877,1
859,867,-0.009284485191654358,8,27.89608136070841,27.664976687770437,8
870,873,0.0006441378643693475,3,27.79936145042991,27.84506743319585,3
874,882,-0.027265866471843966,8,27.895905796635326,27.163195659869764,8
884,887,0.003304371716518815,3,27.108638843547517,27.225324501859006,3
888,900,0.0017956504093663596,12,27.216376600996988,27.292464075383034,12
907,908,-0.0011583632778000698,1,27.658084759329324,27.653704734369164,1
909,914,-0.0023263174303847422,5,27.74119635243317,27.704402720171213,5
916,920,-0.008412243450316787,4,27.475802238681517,27.27214490349565,4
921,924,-0.011081668642028707,3,27.380239503987152,27.10420100196857,3
928,931,0.001194318847404376,3,27.207048509214143,27.266749448540157,3
932,937,-0.0018424815419988577,5,27.245051491684965,27.222098038692412,5
942,947,-0.021941205526190038,5,26.910880557211044,26.347334276571736,5
948,951,0.004520981902996573,3,26.47041356438974,26.61655623864357,3
952,954,-0.002681593848092239,2,26.65016994342827,26.60535518160079,2
955,957,0.00374580372800201,2,26.60381950101064,26.73007600677763,2
962,964,-0.0077095763912996725,2,26.70430440206655,26.525129831704366,2
967,975,-0.011323282828454257,8,26.425316851437863,26.15252083174895,8
976,978,-0.004720775372750309,2,26.198788988648946,26.1013091797841,2
984,988,0.00812717702525306,4,25.789975688531317,26.025365362117515,4
989,994,0.007657790160624165,5,26.082222657193633,26.308037067882292,5
995,996,-0.006641546358964366,1,26.35756260874886,26.2088651973823,1
1002,1003,-0.0010949559011891883,1,25.95511005849295,25.95264546762688,1
1005,1006,-0.0006971749429407269,1,26.0463818477079,26.05426934477712,1
1010,1013,0.012885232847014289,3,26.143479634715806,26.50648793687501,3
1014,1018,0.013363349352762392,4,26.658181591856216,27.041082367169427,4
1020,1023,0.006875580869176283,3,27.39081796647057,27.606536568438397,3
1030,1031,-0.0008847161846761615,1,27.760333186487728,27.763533503612127,1
1032,1035,0.008714096723909229,3,27.94723977948908,28.21872196987332,3
1040,1043,-0.0007004635623964572,3,28.418506027548577,28.427018405606084,3
1046,1047,-0.006503665023983555,1,28.323865426343048,28.167980358852066,1
1049,1051,-0.01075792739489698,2,28.053290576379837,27.779548603747575,2
1054,1057,0.013416429531182494,3,27.84531097990386,28.246740943419507,3
1062,1064,0.0018825494392794395,2,29.394868911121378,29.479601074018824,2
1065,1066,-0.0058236082010761836,1,29.434172519326115,29.292193603370002,1
1068,1075,-0.02615547282961771,7,29.347050675061244,28.608811739175326,7
1077,1082,0.015284679599213084,5,28.773636851682003,29.242206308715755,5
1084,1085,-0.008539272824629969,1,28.860831230652146,28.643241550058658,1
1086,1089,-0.006362832517762586,3,28.60812128588539,28.454700722781347,3
1092,1102,-0.02149048066203921,10,28.398491755955874,27.81659300979938,10
1103,1109,0.005875877166073624,6,27.995353472867965,28.187846084568218,6
1110,1112,-0.010087291735858418,2,28.243383068626677,27.986727207074463,2
1117,1125,0.015512452527184858,8,27.08113130222947,27.528307197239993,8
1128,1129,-0.0028677843137340214,1,27.677283758147105,27.625588561696873,1
1131,1133,-0.005854253697667067,2,27.609410949491885,27.475387864299904,2
1139,1142,0.004121268939323964,3,27.890130827517133,28.03296368823778,3
1143,1151,0.013207960240544173,8,28.15631320777494,28.556356986351314,8
1153,1155,-0.0034237498139989353,2,28.67600011618116,28.606496666233333,2
1157,1158,-0.008980220594131515,1,28.596062210191555,28.367859325630718,1
1159,1161,-0.005032149600908231,2,28.362120672019536,28.24776035847094,2
1162,1167,-0.012210711433463247,5,28.231238528890245,27.914746260333587,5
1168,1174,-0.01284015496338627,6,27.860338994591427,27.53046826356299,6
1176,1177,-0.007368916470334992,1,27.210949090106453,27.037644828273027,1
1178,1179,-0.005397531903864855,1,27.00255852027814,26.88381390769924,1
1184,1186,-0.0008079354125349989,2,26.676743920221472,26.68186757803742,2
1187,1195,0.00692426547044482,8,26.75704862679694,26.96907858332128,8
1201,1203,0.0007711912362350767,2,26.862391309132285,26.909969741203337,2
1205,1216,0.016725367089834436,11,26.988094969322784,27.466468859709344,11
1218,1219,0.003159917091711503,1,27.59995855679456,27.7147720961255,1
1220,1224,0.00983065929459058,4,27.718987846328112,28.01920275968259,4
1225,1226,-0.008932660745913954,1,27.966481369807322,27.744632760843718,1
1229,1230,0.0006005839809527928,1,27.55507247293991,27.59917668053409,1
1231,1232,-0.0013742034394757742,1,27.68070040730362,27.670342194004107,1
1236,1239,-0.008413179839249472,3,27.677494809919295,27.47231656339347,3
1241,1244,0.003410531053392476,3,27.47892977661441,27.60012644970816,3
1247,1250,-0.01906672907328044,3,27.329556691392835,26.835800994956582,3
1251,1263,-0.003549627239610274,12,26.80161860578496,26.733284468922005,12
1264,1267,-0.0007824144807985122,3,26.913169018354054,26.91902493420827,3
1269,1274,-0.015862022392391886,5,27.122155692583163,26.719065607350053,5
1276,1277,-0.0008304432554966588,1,26.581927546237488,26.58643469133485,1
1279,1280,3.150316699175723e-05,1,26.52187093193327,26.549228325794108,1
1284,1285,-0.005871141617532476,1,26.11416425457343,25.9869584622659,1
1291,1292,-0.003487586765562737,1,26.1912565693543,26.126103546138918,1
1293,1294,-0.0011879486140928004,1,26.098539467005587,26.093634282682917,1
1295,1298,-0.0004889526459594302,3,26.00450187172253,26.017791403597215,3
1299,1303,-0.0197169013513806,4,25.97677890897315,25.490574100707274,4
1304,1307,0.00694914887209427,3,25.164907132065213,25.364946725210427,3
1309,1310,0.0033952986477145414,1,25.576173243713438,25.688588163385244,1
1311,1312,0.0025250209831158333,1,25.813891348868026,25.904885857528658,1
1313,1314,0.005540627116875075,1,26.122514043260743,26.293371666973044,1
1319,1321,-0.0019083050045345384,2,25.763322132371346,25.739921177945078,2
1322,1330,-0.0070327111263428525,8,25.65853617836374,25.503745641674854,8
1332,1336,0.008507356883435978,4,25.85475965597586,26.100570083160687,4
1337,1338,0.0014876532991624516,1,26.169042009595337,26.234141513286428,1
1353,1354,-0.006085327630382265,1,25.818496493036633,25.687200979445667,1
1360,1361,-0.00030109049417874356,1,25.855099363604616,25.873169738323792,1
1363,1366,-0.0016199977644521168,3,25.84468309672696,25.828659450984016,3
1367,1368,-0.00016416827765746496,1,26.00123009391449,26.02296274684691,1
1369,1375,0.020975986529796486,6,26.099996719453788,26.673569895788237,6
1376,1378,-0.005656504214685197,2,26.770451624005627,26.64579490318942,2
1380,1382,0.0034356116141283635,2,26.563882809310073,26.681709876415393,2
1386,1389,-0.004350598478654849,3,26.61109779187259,26.521934688095808,3
1392,1400,0.016972726206798867,8,26.808571325079512,27.290394437500606,8
1401,1405,0.0019641584162768786,4,27.348400234048068,27.42946522477353,4
1407,1412,-0.013100771641274933,5,27.344700719344843,27.013808740341045,5
1414,1419,-0.0007199697193668226,5,26.984088108149216,26.99164446991477,5
1420,1421,-0.001263199784537884,1,26.939017808737532,26.93192746505461,1
1422,1425,0.011728887980370223,3,27.107680796515147,27.45273142878162,3
1429,1432,0.0035312294341920637,3,27.89143298111806,28.0178154632039,3
1443,1445,-0.003138516400390628,2,28.06515529907409,28.00513750418751,2
1447,1449,-0.0029720201550354885,2,27.660987830817273,27.60643980530671,2
1453,1457,0.0035557402986444286,4,27.761099181696192,27.88757153997291,4
1458,1459,-0.0064703979381129815,1,27.624761390178968,27.47364295242927,1
1462,1471,-0.011870271782444201,9,27.3184635048448,27.021504381868354,9
1472,1473,-0.0025255082714234715,1,27.043948135724367,27.002692369151372,1
1477,1482,-0.016824451734123964,5,26.45652895520955,26.037868889705383,5
1483,1484,-0.001833017784093195,1,25.945932303873313,25.92431888083931,1
1487,1488,0.0013446134987445423,1,25.987913313686185,26.048844926045657,1
1490,1492,-0.008547635766545436,2,26.047148478234526,25.850554088763683,2
1494,1496,-0.009250153957399067,2,25.590214927883206,25.379091714925238,2
1501,1502,0.0013515640454850346,1,25.672217700298944,25.73258756441083,1
1504,1507,-0.0027484474024420504,3,25.69592246366572,25.65099449478077,3
1509,1510,-0.0019653677122792707,1,25.800613286235233,25.775706207211698,1
1512,1514,-0.0016932666517475972,2,25.723739305834137,25.705905895215153,2
1515,1516,-0.0024244478628722716,1,25.816854389818285,25.780079626756624,1
1517,1522,0.001581118176913632,5,25.72326570266102,25.789660491335738,5
1523,1532,-0.017656632124304607,9,25.848735856394704,25.418182972356416,9
1535,1536,-0.004054132499993998,1,25.339009180471347,25.261620489015623,1
1537,1549,0.013085770991282136,12,25.28777892316827,25.643976785958188,12
1551,1552,0.0009273532296270044,1,25.746693158324412,25.796316130535324,1
1559,1560,-0.004015796455150477,1,25.71735182423211,25.639793525764734,1
1563,1569,0.013906636458937083,6,25.77786706415236,26.162128357164487,6
1573,1578,0.0005430204360903073,5,26.396196073628143,26.4369259436048,5
1579,1583,-0.016333254671230545,4,26.32316063934372,25.91954091350895,4
1587,1594,0.012181683496557565,7,26.101810327230183,26.44587612965091,7
1598,1602,0.0008189881296500963,4,26.067082168384577,26.114497881423482,4
1610,1611,-0.0078106966382365485,1,25.483699670485088,25.310137922809485,1
1612,1620,0.01086236073652172,8,25.285223149812282,25.585165588118805,8
1623,1626,-0.01328539387395845,3,25.573152688702155,25.25897643532257,3
1627,1628,-0.0040485477896420805,1,25.266935395898795,25.1899079358466,1
1629,1631,-0.014269011522687648,2,25.124497921392308,24.79112066897161,2
1633,1635,-0.019205444458497294,2,24.403606068836215,23.95932757396297,2
1638,1639,-0.010969893767137709,1,23.76182824195662,23.52492533867134,1
1641,1644,-0.029036970384453686,3,23.29231879407116,22.639272741856534,3
1647,1648,0.02255190308801692,1,22.26086323834973,22.785148931994943,1
1653,1654,-0.0011361835348665137,1,24.238548668188706,24.235247776951038,1
1655,1656,0.007960601742100823,1,24.460078203897865,24.679255223263635,1
1660,1661,0.019234740535909168,1,26.070828866246828,26.598365323911423,1
1663,1667,0.01204186060865877,4,27.18651143127415,27.541074123796534,4
1670,1674,-0.00035885497562382406,4,26.748470631563624,26.765620280418723,4
1677,1678,-0.015386854002154456,1,26.182227866481195,25.80554797671499,1
1679,1681,0.01290184266304924,2,25.66072970226992,26.01746112920991,2
1683,1684,0.0035106251163746624,1,26.361418007264128,26.480324481430944,1
1686,1691,0.021842467174215688,5,26.466761174309013,27.071327297640973,5
1692,1696,0.023672759942008004,4,27.297044321162108,27.970537742824494,4
1697,1698,-0.005815202241716471,1,28.071564966312856,27.936394703758577,1
1700,1701,0.00010610236038798753,1,27.792120024166408,27.822860953725325,1
1703,1705,0.018308151176421854,2,27.647183397756184,28.18099939440232,2
1706,1709,0.04245022285908498,3,28.898011324776945,30.153636357022865,3
1712,1713,0.0004457876547462379,1,30.555852367799453,30.600029641933066,1
1715,1718,-0.020708101148361056,3,30.88092113733703,30.27231682000783,3
1719,1720,0.01111382102923842,1,30.43236074246428,30.801012913995713,1
1722,1731,-0.013765062611232809,9,32.061144318186926,31.6518818035775,9
1733,1734,-0.003109700055977393,1,31.197619521302244,31.13180190165179,1
1735,1740,-0.0005006654715878846,5,30.98390117454953,30.99937250623089,5
1746,1747,-0.00551454025735978,1,30.544323504865925,30.406429926769388,1
1748,1749,-0.003969959975784842,1,30.361768922152237,30.271595683659417,1
1753,1754,0.00011867818878448771,1,30.46331508551101,30.49739373165524,1
1757,1758,0.001562280790598754,1,30.36990249394389,30.44771871171648,1
1760,1763,0.007843922989930547,3,30.98433014488542,31.25835317458137,3
1767,1771,0.06489194108201755,4,30.491199512831752,32.500323834651304,4
1773,1778,-0.0059028099128767275,5,33.86856930901049,33.70251815166732,5
1783,1785,-0.03923288451199639,2,33.928643377613476,32.63145347370847,2
1786,1789,-0.005718675996873615,3,31.96406826991091,31.813240188203253,3
1792,1797,0.07158173398612339,5,31.702407183235724,34.00342286812911,5
1800,1802,-0.006509604679780374,2,35.116916016541865,34.92343569171767,2
1805,1809,-0.030631452922884893,4,34.91685295112352,33.88221586668701,4
1813,1814,0.003926355598188387,1,33.127555891104784,33.29075401152323,1
1826,1829,0.02480976136923898,3,29.919668732973822,30.691888243218557,3
1836,1840,-0.05132011810488382,4,31.59943521627617,30.009347904145528,4
1843,1844,-0.0008600267508470909,1,29.800277918331588,29.804449160057477,1
1848,1853,-0.0007649125852544256,5,30.179111852938846,30.18620658232367,5
1856,1860,-0.013866178873639539,4,31.136208558987388,30.73560453022051,4
1861,1870,-0.022243491258077275,9,30.97900571629039,30.32090347917245,9
1871,1872,-0.010552394264205064,1,30.159779291130192,29.87168118841991,1
1873,1874,-0.005676437235351049,1,29.780991526545794,29.64172258886538,1
1875,1879,0.010107130957427941,4,29.482390730203573,29.809855504982004,4
1880,1885,0.008154673664628513,5,30.02238604397729,30.297231190843398,5
1888,1892,0.018414316365855794,4,31.044524909364593,31.64723313738269,4
1893,1898,-0.0038147988596795974,5,31.857341313531553,31.7676693055298,5
1901,1904,0.0008635976866037624,3,31.74043822188484,31.799589629126935,3
1907,1908,-0.008836939980014374,1,32.07793601680794,31.826543157561474,1
1914,1915,0.001719409152574442,1,31.28255052986603,31.36762058409282,1
1918,1920,0.012239533848542771,2,31.463610340843616,31.880173874948575,2
1922,1927,-0.017951324917719138,5,33.12410944352845,32.56261190174111,5
1930,1933,-0.007310857511238807,3,32.77158373302592,32.56476693766916,3
1934,1935,-0.0020470581331495053,1,32.43532780516777,32.401366131388,1
1937,1939,-0.016200418296790312,2,32.153376537527464,31.664631764502843,2
1941,1942,-0.0041947499727072995,1,31.61429286084098,31.513293099586647,1
1944,1948,-0.0048389941534684264,4,31.51777181532643,31.39677527359704,4
1953,1954,-0.0006423068233370808,1,30.715041121883313,30.726027682513532,1
1959,1960,0.009564847440855749,1,31.355012746969756,31.68627367314758,1
1961,1962,0.008544008267473903,1,32.038175841505115,32.34394845661122,1
1963,1964,0.0011208732773190324,1,32.99919675909058,33.06918387366993,1
1966,1967,0.00638643129175707,1,33.469397687487294,33.71661709388241,1
1974,1976,-0.00996953048700415,2,34.15758773659604,33.851210212030125,2
1982,1984,-0.012396970532507105,2,33.567662912501966,33.18509324744305,2
1988,1989,-0.0009457168009109695,1,33.47090354931578,33.472720457036836,1
1992,1998,0.011454703954667928,6,33.338859871673336,33.754085501561185,6
1999,2000,-0.001457305023734851,1,33.20436783269959,33.189183308479755,1
676,682,-0.027855447485550706,6,26.921921946941083,26.198921685884912,6
683,689,-0.0023667287464568016,6,26.33430965972999,26.29831780169994,6
691,697,0.018762958719654516,6,26.529111370438752,27.05340510332185,6
700,702,-0.0022444261647469443,2,26.962580335858334,26.9290273954193,2
705,708,0.005912941450067089,3,27.581190735903974,27.77185789258441,3
709,712,-0.017577430560152426,3,27.738141109600516,27.278314001488404,3
714,716,-0.013337944032856777,2,27.440038080065474,27.101484425974167,2
719,721,0.0019022199174318923,2,26.65630313911783,26.73366559301328,2
722,730,-0.03259268972853926,8,26.87769729446918,26.028558543227415,8
733,734,0.006358629439349813,1,25.945346718948464,26.136268911128656,1
735,736,0.0072411841663327535,1,26.31732127420291,26.534207165588164,1
742,746,0.004020508886921407,4,26.258268941503694,26.390098814079685,4
749,750,-0.003403587978430173,1,26.405733528030268,26.342265024360664,1
751,752,-0.004647951921590843,1,26.325504720281998,26.229470544750797,1
754,758,0.0028830851980737636,4,26.26425712522962,26.366243473311002,4
759,764,0.017904614209360778,5,26.43129739596333,26.9309708762869,5
770,772,0.004344326977866362,2,27.003175677598673,27.14748947786053,2
778,781,0.010485992956848055,3,27.44688285265806,27.762137555791124,3
783,788,0.01366993900102171,5,27.813142970751244,28.22116008155886,5
789,792,-0.012492846797672406,3,28.12692887953678,27.803670395035237,3
794,795,-0.00255335564177502,1,27.69433975642102,27.65132059751515,1
797,799,0.00793066182639969,2,27.839196564576156,28.087819014613054,2
801,806,0.016032709285542648,5,28.077912047957206,28.556154961215096,5
808,809,0.0023458651502682075,1,28.525005143207036,28.620445963826914,1
810,811,-0.005140224458481418,1,28.7018475951452,28.583015503728173,1
813,816,-0.00508230878706336,3,28.636820264629826,28.519915921629973,3
821,827,-0.0036568946775908267,6,28.53119714229895,28.45539275646628,6
831,833,-0.005930953041858192,2,28.056877076766366,27.918529933399643,2
836,837,0.003368461865590767,1,28.352104610206247,28.475959698005173,1
841,843,-0.0034879137840392017,2,28.70266168681227,28.631251939163036,2
844,845,-0.0027107399866937113,1,28.632278173417898,28.583295790236495,1
852,855,-0.0025518955269421897,3,28.205278300825203,28.161506655593993,3
862,863,-0.0006980506496641446,1,27.769962281524393,27.77834740359415,1
869,874,0.00694124191665649,5,27.659465251427417,27.879115756274356,5
879,880,-0.006832342596437388,1,27.41326453479516,27.25338098434147,1
881,888,-0.0018463386785542856,7,27.26982444754638,27.246744940359036,7
893,894,-0.0031075759010120918,1,27.043010846630548,26.98601564867938,1
896,897,-0.00021146916226996487,1,27.40884046127665,27.43045317720679,1
899,902,0.0024944365897422815,3,27.338328734619235,27.43386079085189,3
904,912,0.013337311921947415,8,27.51214793106875,27.906598177599243,8
915,917,-0.01125956138991457,2,27.599210614795933,27.316054819180252,2
928,931,0.0017392898823089488,3,27.233624866354194,27.308225659409196,3
933,936,-0.006433796180607689,3,27.359925421826798,27.211257163567964,3
940,943,-0.015961642198993764,3,27.14165054029179,26.735566876217817,3
947,948,0.0031635274135065443,1,26.31626394607273,26.42583243243328,1
950,952,-0.003521713365667908,2,26.740604149292473,26.673172010403167,2
956,958,-2.7464749891060753e-05,2,26.72434864477364,26.750339015866885,2
961,966,-0.014715192786344887,5,26.757225370851668,26.39024486646276,5
970,971,-0.006018984991968902,1,26.362590695376163,26.23027724832665,1
973,976,-0.004019807409500488,3,26.224217976050085,26.145025888297653,3
979,980,0.0003996932618709856,1,26.082175146760136,26.118682191567995,1
981,983,-0.010097523906239199,2,26.115360835498166,25.877775715977158,2
985,986,0.006221807771987458,1,25.7016705094085,25.88728303324641,1
989,991,0.003999093061509569,2,26.15829855502486,26.28906632383218,2
992,996,-0.004509837473040377,4,26.334048113769843,26.241619884883285,4
998,1000,-0.0056834688886707365,2,26.24232673215954,26.11942161134314,2
1001,1002,-0.0032406575441168615,1,26.049558320249517,25.991190180878338,1
1006,1007,-0.003157185948819961,1,26.0735321619772,26.01728670476128,1
1016,1019,0.005674460505846017,3,26.955445180540064,27.135358234815076,3
1020,1025,0.013351970858054136,5,27.356394678147883,27.74901285735009,5
1026,1029,-0.002488982856993766,3,27.662435416683785,27.621246524565645,3
1030,1033,0.009627914367138807,3,27.772945494037543,28.068113980471388,3
1035,1038,0.0035618100517824693,3,28.274981798853933,28.40396689503791,3
1042,1048,-0.01500199810306034,6,28.403595482766285,28.005888392696498,6
1051,1052,-0.001575919987897007,1,27.836336854012043,27.820305351227983,1
1053,1054,-0.0016772469353286321,1,27.838471378979033,27.819617859553386,1
1055,1058,0.015100878143325547,3,27.88770158972833,28.336718074721972,3
1061,1065,0.007453017240534556,4,29.083010330724864,29.328849518457126,4
1068,1070,-0.00809900467089767,2,29.311685723594096,29.103601929730416,2
1072,1075,-0.006836725325948999,3,28.787131581482438,28.619109001519373,3
1084,1086,-0.01232389453496684,2,28.859236423724955,28.53243747410302,2
1087,1090,0.002151295756341563,3,28.444356041238212,28.533992619722834,3
1095,1096,-0.0008433951256277012,1,27.987902582071687,27.992285624039496,1
1097,1100,-0.005707768984192595,3,27.962596775635383,27.830955329817563,3
1105,1108,0.005446358943379542,3,27.97771274724811,28.158067126031636,3
1110,1111,-0.005065702065908366,1,28.25343029984562,28.138560269906538,1
1114,1118,-0.019830484637069365,4,27.661091156560172,27.14021940449199,4
1119,1122,0.005327852717928731,3,27.23368916794462,27.406019941965223,3
1127,1128,0.0025778947137209927,1,27.55450761727827,27.653094744421313,1
1129,1130,-0.0026820269931056556,1,27.67096888299186,27.624425566405282,1
1131,1136,-0.0024081406071220276,5,27.634605362338696,27.595691952366195,5
1138,1140,-0.0005982280948363811,2,27.804074557196845,27.815245453203,2
1142,1143,0.005007828535085968,1,28.00218088173993,28.170413183085884,1
1144,1145,0.0012828788108583686,1,28.21687646884341,28.28129217824274,1
1148,1149,0.000956419228485412,1,28.410561495842053,28.466144464644586,1
1156,1159,-0.00990502788197321,3,28.621561749439252,28.366685944034877,3
1160,1165,-0.015098992682086903,5,28.33146379748263,27.932018696729113,5
1167,1168,-0.002753171282745426,1,27.919547912638038,27.870600163010366,1
1175,1176,-0.004104176800278904,1,27.272144462436586,27.187486904302435,1
1177,1178,-0.00546141045230178,1,27.093216012721648,26.97234205561602,1
1179,1180,-0.00423871836929789,1,26.940108763009825,26.85285733788818,1
1184,1186,-0.001908476550398556,2,26.703570168217826,26.679310600908078,2
1187,1190,0.004172804630033287,3,26.792851432671753,26.93144561861447,3
1197,1198,-0.004219704144086607,1,26.911237382142414,26.82459115962063,1
1202,1219,0.029965033546919154,17,26.87368492495912,27.705829480189816,17
1220,1221,0.0041191261574483815,1,27.783156248386195,27.925381730273784,1
1223,1226,-0.010113791236271569,3,28.0508193674481,27.795170055726814,3
1230,1231,-0.0003361859767551915,1,27.624982378905926,27.643320229600935,1
1233,1238,-0.00863141221638321,5,27.71917811888494,27.50764164436038,5
1239,1240,-0.003771549781350527,1,27.44532764970657,27.369261557859932,1
1241,1243,0.0024865507723909074,2,27.462993052211534,27.558744171849888,2
1244,1246,-0.0024233430740361883,2,27.586124427690358,27.546859908546704,2
1252,1255,-0.006006376534293099,3,26.692968127249582,26.559333077986686,3
1261,1264,0.010383144964069151,3,26.58194785435921,26.88453402021271,3
1267,1268,0.001663089943570067,1,26.998242442019045,27.070141189960452,1
1269,1270,-0.002405637712036211,1,27.124628394800666,27.086500994203966,1
1271,1272,-0.003095120405958649,1,26.979208614378066,26.922683923873468,1
1274,1276,-0.007887056058756914,2,26.7473040845337,26.563093901882898,2
1277,1278,-0.0018291646756331407,1,26.53526881472646,26.51326670716686,1
1281,1282,-0.008128218220132983,1,26.584404360730947,26.3949049251954,1
1283,1286,-0.010835248934809274,3,26.26158816071633,26.003298903732244,3
1287,1290,0.0032149445101586124,3,26.04899059166784,26.158785641557365,3
1296,1297,0.00039601459146481883,1,25.926537089360092,25.962730913442993,1
1326,1329,0.000928815836388813,3,25.32507652579905,25.37392393445977,3
1334,1338,0.008837582637945433,4,25.968571274899766,26.22403924080597,4
1340,1342,0.005997203818186916,2,26.220614233941784,26.404085215974728,2
1344,1348,-0.007303340646312788,4,26.474475423853058,26.307597786824076,4
1353,1354,-0.0063322601861316085,1,25.8023332318787,25.66474847767705,1
1356,1362,0.008902498474668005,6,25.605445273969536,25.859003156738215,6
1374,1375,0.002199269569141471,1,26.638428659789266,26.723652173970276,1
1376,1378,-0.001240171342979801,2,26.60818711867716,26.60179659464261,2
1384,1388,-0.009593619159371517,4,26.65693934645203,26.427859761754156,4
1389,1391,0.004610960832549748,2,26.515377090846293,26.66415383316332,2
1392,1400,0.017335452530126423,8,26.81619341110878,27.307880452436855,8
1405,1410,-0.012272332853240309,5,27.470778082502417,27.16111832821895,5
1412,1414,-0.00541252798476073,2,27.086491670079425,26.96697176757621,2
1423,1425,0.007476939882801019,2,27.214111543388427,27.44480393090557,2
1428,1431,0.0006982976130076859,3,27.8987461769279,27.946126550966085,3
1434,1435,-0.0019416316861017575,1,27.930480402845703,27.90418017749034,1
1439,1443,0.002625573850079479,4,27.905686741062503,28.00686086917941,4
1444,1446,-0.011990917097828159,2,28.056742388758742,27.748373059128774,2
1449,1450,-0.001591072456182304,1,27.603785207687544,27.587469370564907,1
1459,1462,-0.009329793097873993,3,27.464773798607148,27.23599791538484,3
1466,1471,-0.0001579970225004466,5,26.98184300590543,27.004561798054826,5
1476,1478,-0.011011769995861388,2,26.613920941043283,26.34746848589352,2
1479,1480,0.0007714227125152375,1,26.3370267504949,26.383680757860848,1
1482,1483,-0.010147916308903177,1,26.19140599399612,25.95180920395054,1
1484,1486,-0.0012719645267371409,2,25.932903314009888,25.925850484233173,2
1499,1500,-0.00024974768806066826,1,25.611412887385857,25.63062790911665,1
1503,1506,-0.007457816650824405,3,25.760652599128743,25.594295027837987,3
1511,1512,-0.004591977781501749,1,25.75715003517314,25.66463092453199,1
1513,1518,0.003051237433931873,5,25.647908658968298,25.751814426629576,5
1520,1522,0.00196254709469915,2,25.744593001998147,25.82086257120043,2
1528,1529,-0.0063476039070802116,1,25.67205990436323,25.53477589651586,1
1535,1537,-0.0007141613226426373,2,25.29691442763156,25.304145264192776,2
1538,1543,0.015978246225987494,5,25.275973630640003,25.705115334542576,5
1545,1555,0.0047180642101040185,10,25.712128884426182,25.8591524883658,10
1558,1560,-0.0039276921046255955,2,25.724933537360773,25.649618852551423,2
1564,1565,-0.0011543385381562552,1,25.920722687374848,25.916722120927325,1
1574,1575,-0.00025687775296355823,1,26.421071070870827,26.440705156574122,1
1576,1577,-0.00044407500748744246,1,26.485195269152474,26.49991905113417,1
1579,1587,-0.011273481892821895,8,26.320780072832232,26.050374015349043,8
1590,1592,0.004227302221669181,2,26.297935896059855,26.435403154794642,2
1593,1598,-0.017697539030311814,5,26.466107070675964,26.02418821488294,5
1599,1602,0.0039004206235166462,3,26.01195610229481,26.139425628436506,3
1607,1609,-0.012989539236825706,2,25.91050724021598,25.599852197013355,2
1616,1620,0.006726672642475929,4,25.4171599487743,25.61355002319993,4
1622,1624,-0.006391018683183974,2,25.577722142603992,25.439832164659926,2
1626,1627,-0.0015007665765652913,1,25.251590852069953,25.238945699366134,1
1630,1631,-0.006086309374836856,1,24.98468591249214,24.857606070308076,1
1633,1640,-0.042242209387034296,7,24.393674624129023,23.38762558756151,7
1641,1645,-0.04252945834211443,4,23.29909787715583,22.33149896245764,4
1648,1649,0.029297066399033504,1,22.808836778475683,23.49987762083788,1
1653,1655,0.004877314259463959,2,24.259684444705503,24.402266234022466,2
1656,1658,0.01284455691254718,2,24.69958116217047,25.04153591928622,2
1662,1666,0.02682356830469953,4,27.058177436209085,27.81103248430613,4
1669,1673,0.0006292500812617415,4,26.846960996823675,26.89070141020938,4
1677,1679,-0.02403602142521236,2,26.244221595318095,25.639659144360326,2
1681,1685,0.013624235401400637,4,26.126020011313106,26.508093078060252,4
1688,1689,0.003169748865202676,1,26.559005974564702,26.669750359588054,1
1690,1694,0.024573085817923092,4,26.97902215763997,27.668959006560947,4
1695,1697,0.0032546593615509394,2,27.980146932569617,28.099192926653846,2
1698,1699,-0.00795116017343068,1,28.027514714172817,27.832690970131416,1
1706,1710,0.04174409567657073,4,28.887831322666745,30.12261554861145,4
1713,1715,0.005937430656271776,2,30.66900134967433,30.8817654198348,2
1717,1721,0.028211096795666784,4,30.458380732833707,31.348103440659784,4
1723,1724,-0.0047105611262560345,1,32.378348435986304,32.25820659494736,1
1727,1733,-0.033523729980571,6,32.26433052914857,31.21497415501465,6
1737,1738,0.003867607093075544,1,31.059037673631998,31.21022086571627,1
1741,1742,0.006550645489919439,1,30.952980232193024,31.186695212782798,1
1745,1747,-0.01321830154573149,2,30.838455189934265,30.46166164521912,2
1748,1750,-0.007985183111569833,2,30.433462964646235,30.220879653119002,2
1752,1754,-0.0023535194917329474,2,30.482890283054022,30.441631096891552,2
1759,1760,0.005243645670414681,1,30.749774019793936,30.941764713218852,1
1761,1763,-0.000335921018312282,2,31.262955937476516,31.283717009420023,2
1764,1766,-0.014157098971094288,2,31.118681117338095,30.709249550027355,2
1767,1769,0.004287590111255934,2,30.43257399075946,30.593488968053066,2
1771,1775,0.03762492232537446,4,32.58431125659769,33.8428777479096,4
1777,1785,-0.02693109792099261,8,33.48091515096257,32.61271826169852,8
1787,1788,0.0024183838052077946,1,31.956307452482353,32.06554637635216,1
1790,1791,-0.003275618323282797,1,31.153521430098046,31.08262790589693,1
1793,1796,0.019537147171089866,3,32.544113494029475,33.21247674240901,3
1800,1801,-0.004884763832767954,1,35.15451901770499,35.01795201366666,1
1802,1805,-0.0004896571619471088,3,34.89041898992064,34.90822506536881,3
1808,1811,-0.023919640409521138,3,34.209486335801984,33.425417210390975,3
1814,1815,0.008168963537845367,1,33.24961905661666,33.554483601394026,1
1822,1823,-0.01277187433574102,1,31.687380044173576,31.314360188264697,1
1830,1834,0.04395077492482759,4,30.557271221684978,31.93084424268785,4
1836,1838,-0.027837543136137368,2,31.661936761405805,30.812208167797923,2
1841,1842,-0.0008318101771860301,1,29.959922230583338,29.96496118459482,1
1843,1844,-0.0028431169234521786,1,29.843722377974974,29.78871690820132,1
1856,1857,-0.003614371260187645,1,31.065362093033013,30.984145703189665,1
1859,1869,-0.01030005778816185,10,30.730382377807533,30.444588045841613,10
1870,1871,-0.008219434723658225,1,30.342443354762224,30.12338806560622,1
1873,1875,-0.00820311012891819,2,29.74697184643947,29.53270113222774,2
1879,1880,0.0032341893391723987,1,29.859823505210297,29.986255651565628,1
1881,1882,0.0058755038808117705,1,30.30017648497624,30.508505465987977,1
1885,1888,0.022059589587833675,3,30.301840022032835,31.000588016697105,3
1898,1899,-0.005099681315831108,1,31.762076209226027,31.63186181883906,1
1900,1904,0.003416695961044663,4,31.661977376469025,31.801818704066363,4
1913,1915,0.009801225670491385,2,31.034729305472652,31.369942420323675,2
1921,1922,0.017423077183000776,1,32.52202930320332,33.121185159204046,1
1923,1924,-0.006729127636092749,1,33.216730371445216,33.02642748349353,1
1925,1928,-0.005300126653485032,3,32.72455888384024,32.5838391359603,3
1929,1930,0.002109391791072053,1,32.56879641972937,32.67006556796197,1
1935,1937,-0.01240877122785803,2,32.42121613499133,32.05132989717828,2
1938,1939,-0.008490273649476547,1,31.905277518025233,31.666298258552732,1
1941,1942,-0.00554446264810904,1,31.61526968208177,31.471595269901655,1
1943,1944,-0.0016885616733672705,1,31.52419610214746,31.502489748927808,1
1947,1953,-0.020970520386380476,6,31.355885885956106,30.7296925276376,6
1957,1959,0.01714829968301761,2,30.763239885468078,31.321540382130113,2
1965,1972,0.026796071759480785,7,33.219061767948716,34.14242119263324,7
1975,1977,-0.004640111527023941,2,33.91626501976045,33.79280603250842,2
1978,1980,-0.005738750570970913,2,33.918254957356346,33.75752480731084,2
1987,1988,0.0015977917034258552,1,33.35138622726906,33.43802618170801,1
1993,1997,0.009721725440930137,4,33.46981414162448,33.82866829940994,4
1998,2000,-0.021140957421096004,2,33.884126918019135,33.2016681605123,2
678,680,-0.01205885163184723,2,26.718628016297217,26.42315067325847,2
682,683,-0.0008453063835130262,1,26.27263114285716,26.276695351183278,1
688,691,0.010692377676035057,3,26.236485347610806,26.54325224318683,3
692,701,0.011336110174545232,9,26.591575668028593,26.91961227518415,9
702,703,0.0030330424286141248,1,27.03311219467805,27.142137883136673,1
704,712,-0.003848860400598196,8,27.37849501811645,27.300497507831363,8
717,718,-0.005046364975038418,1,26.929767183281008,26.82079951656464,1
725,726,-0.004915528187582409,1,26.470925344935914,26.367277690596428,1
727,728,-0.007049853692826558,1,26.379655366260003,26.220062310826943,1
730,736,0.017175425340523427,6,26.06664699085453,26.540419387114586,6
739,744,-0.014448119047213891,5,26.572777749362213,26.215423870773634,5
745,746,0.001188031705417581,1,26.299606191120493,26.35715056330666,1
747,751,-0.004364001910707641,4,26.404527027653206,26.31570214828085,4
752,754,-0.004493805084434046,2,26.282011412565474,26.1901871874631,2
755,757,0.0002436349494496263,2,26.26811598660791,26.300783933705052,2
758,763,0.016820856555203382,5,26.419545564975287,26.89036449674237,5
765,766,-0.002009501049951322,1,26.941716660880004,26.914518969623355,1
769,771,0.0031469480706713977,2,26.978274050082618,27.090151551604652,2
772,774,-2.7778526911814098e-05,2,27.193556112274752,27.219994271456734,2
780,785,0.006901844427732313,5,27.764831854347907,27.98422523622311,5
786,790,-0.00964396235824692,4,28.186816711761438,27.943170929106167,4
797,798,0.002309511384342724,1,27.848011288494835,27.940174598885413,1
801,805,0.013291856195546625,4,28.063154917725022,28.464229492202495,4
811,814,-0.003218003979995096,3,28.63363701088784,28.570127490035954,3
817,818,-0.0033784790880956417,1,28.466576867691256,28.398869709901785,1
820,821,0.0006209994569686271,1,28.445903479947507,28.492014274041484,1
822,823,-0.0007591041980525707,1,28.486225021748655,28.493087233769725,1
824,825,-0.003369499613324095,1,28.64053403453675,28.57267030021652,1
826,827,-0.001697012380031085,1,28.512303261050384,28.49242983269423,1
835,837,0.011778502232918237,2,28.170777338623544,28.530757679748188,2
839,843,0.0004044817379827638,4,28.588262756551696,28.628414449513926,4
844,845,-0.002371445030315383,1,28.637087647602833,28.597813456065822,1
848,849,-0.007645259377645409,1,28.58725713601997,28.397287397455674,1
850,851,-0.007336406591174492,1,28.33770014107057,28.158140951117964,1
853,854,-0.0031425782648892985,1,28.102958452955026,28.042745664994637,1
855,858,-0.007808055158652274,3,28.181416212368497,27.989555576345754,3
860,864,0.003130613707009385,4,27.803175704301857,27.918019882964437,4
865,867,-0.007670534614810023,2,27.8277772535172,27.64215110209439,2
869,870,-0.0020945986851481427,1,27.719148529541904,27.68880718600804,1
873,876,-0.0052403751393996665,3,27.864570606708046,27.746414374237315,3
882,884,-0.0014246525999393619,2,27.153704404471213,27.14217351329787,2
885,887,0.000915888456338327,2,27.10985649039303,27.161795951495964,2
889,892,-0.007441955518977029,3,27.1930542250423,27.017877779299447,3
901,902,0.000594593737504382,1,27.376994703762296,27.420649888068606,1
905,907,-0.0017791564640612383,2,27.610229565032277,27.588716876192468,2
909,912,0.004309502789399067,3,27.782889818025016,27.930403149011386,3
913,916,-0.015565061180618681,3,27.920289172811245,27.513628452828684,3
919,922,-0.004461313706287431,3,27.328510853898518,27.233918304707494,3
923,927,-0.006107845193158036,4,27.218932028954466,27.079901937827476,4
928,929,-0.0030259620724757364,1,27.22436237759695,27.169206851972604,1
930,931,-0.002070895751673886,1,27.323105654114112,27.293845456346585,1
933,934,-0.0016456082298693386,1,27.33987170102137,27.322220854847618,1
935,938,-0.009451853649925325,3,27.354189038492475,27.122995436026745,3
940,941,-0.003279000351239538,1,27.05188618608556,26.99023492796578,1
944,946,-0.011052903264729998,2,26.594034809520746,26.326687550161772,2
953,959,0.0030398848190293943,6,26.6521256235571,26.759797141258574,6
960,967,-0.014074707387912107,7,26.801467629724808,26.451046282899558,7
973,974,0.000983983931558424,1,26.185213804485244,26.237164847917764,1
977,978,-0.0014728714018997857,1,26.13930553579782,26.12694500574442,1
989,992,0.009641522151821926,3,26.08145530140098,26.35900168574259,3
997,1008,-0.012490304264057884,11,26.319300242491718,26.016883474688395,11
1009,1011,0.008900460807665246,2,26.01349025312263,26.271035793844252,2
1014,1015,0.0038846931717513395,1,26.635208961629733,26.765313784972776,1
1030,1037,0.018659452686484508,7,27.740248138989223,28.28560623478902,7
1040,1042,-0.0006184854578843996,2,28.43333116539123,28.444178894711616,2
1043,1045,-0.002425569290410772,2,28.445610329650396,28.405059141117455,2
1051,1055,-0.0009776536321711895,4,27.847606865657887,27.84822915852406,4
1062,1063,0.005616760502749827,1,29.36544270799373,29.559746809449745,1
1070,1071,-0.009410594923332603,1,29.168605351344137,28.92328002725543,1
1072,1074,-0.0031446047724477864,2,28.73356873595597,28.671946587315382,2
1076,1077,-0.0013325293789577504,1,28.742030226985325,28.73247265752396,1
1081,1086,-0.025279567467448513,5,29.234812392987823,28.525003793094076,5
1088,1091,-0.0003837608115829907,3,28.492969002262086,28.51052748635563,3
1093,1094,-0.01101201645002784,1,28.31056469504677,28.027118855610386,1
1098,1103,0.009431988733063505,5,27.702191669498756,27.991180620876133,5
1107,1108,0.004107303334377032,1,28.027641355600622,28.170787021750805,1
1109,1113,-0.014914171647966872,4,28.24736863536434,27.854329899568484,4
1117,1119,0.00163384573653832,2,27.0589944593554,27.130263676547187,2
1123,1126,0.0008223261970950317,3,27.474927181053793,27.524995460619106,3
1128,1129,0.0004739098102381999,1,27.58364664499738,27.624302452389585,1
1131,1133,-0.0027127932403471504,2,27.609549275047954,27.56225982568062,2
1134,1140,0.01030566748969165,6,27.549970596804616,27.86144140372287,6
1141,1142,-0.00024387363371986936,1,27.917071785490887,27.93818061953723,1
1144,1146,-0.00389571341314822,2,28.223837375431764,28.14210923097321,2
1149,1151,0.0019151670062879551,2,28.5049888702838,28.588085673353056,2
1152,1154,-0.002964589706410885,2,28.64897132250841,28.592687848348948,2
1155,1161,-0.013473770107691765,6,28.65110671338445,28.29371939491075,6
1167,1169,-0.007774549739142009,2,27.935725448051617,27.746473486504776,2
1170,1171,-0.002645365263771882,1,27.735028552922543,27.689394300351843,1
1173,1176,-0.021158778584466558,3,27.71905293638032,27.16027068566472,3
1178,1181,-0.01150427197772172,3,27.018813401105874,26.735000436625345,3
1187,1191,0.008205200422697446,4,26.785197627381837,27.031760739903447,4
1195,1196,-0.0010298883163896914,1,26.99964369395949,26.998836720066357,1
1199,1201,-0.000983030792766005,2,26.872135277485235,26.87259127631758,2
1206,1207,-0.001038141195032997,1,26.952900999407955,26.95187298355423,1
1211,1212,0.001453030546482984,1,27.585174146645976,27.65284142145775,1
1215,1217,-0.003021489227972664,2,27.531245731747305,27.47559161506791,2
1222,1224,-0.000979522635564419,2,28.01690706508941,28.01748077750574,2
1225,1226,-0.008761176924756219,1,27.94984259634425,27.732918922934935,1
1229,1232,0.003877402241632892,3,27.554123485926777,27.688516029583266,3
1236,1238,-0.0062722949121855045,2,27.66097870191032,27.515141864634167,2
1239,1244,0.002710942554947441,5,27.467732230676933,27.569663407099654,5
1245,1251,-0.03341660954901388,6,27.620955877323134,26.72557813527741,6
1253,1254,-0.002921301558178506,1,26.620494242930473,26.56934824586205,1
1261,1263,0.005048445824989974,2,26.63465333086813,26.795751588607274,2
1266,1268,0.00042750312526042234,2,26.941997897695472,26.980457683895192,2
1271,1279,-0.0198388046263228,8,26.98810843683848,26.479684734762866,8
1282,1283,-0.009015011434972412,1,26.445351064359787,26.233391273177084,1
1286,1287,0.0012020061122138348,1,25.949710920700884,26.00685234275845,1
1288,1294,-0.0018052161009849501,6,26.121030859024003,26.099997784401992,6
1295,1296,-0.005652589944203718,1,26.020610118979988,25.899546889998376,1
1298,1300,-0.005152969158692913,2,26.02060766875841,25.912544887619607,2
1302,1305,-0.024961606385173835,3,25.75665955280174,25.139488614800577,3
1307,1314,0.03439315139675942,7,25.349837607065904,26.247048247376053,7
1317,1320,-0.02656635479641895,3,26.31588376716193,25.643082545989348,3
1321,1325,-0.016292818662260407,4,25.70700182490928,25.313869307650545,4
1327,1328,-0.001565823356716691,1,25.379414493178206,25.365054227678172,1
1330,1333,0.013995220489874425,3,25.50981218867009,25.892337447094484,3
1334,1336,0.0043745035024670515,2,25.95076126365354,26.090233720956732,2
1337,1340,0.0027847715669691584,3,26.11471641547037,26.213554651639104,3
1341,1345,0.0013060498784007663,4,26.34029335955715,26.401035389856,4
1347,1349,-0.004245587978202458,2,26.37446931901507,26.288868658461805,2
1351,1354,-0.019792979267709867,3,26.14912592523231,25.657705943850683,3
1358,1359,-0.0015952181087238566,1,25.781929604239103,25.766583732860816,1
1361,1363,-0.002875802522035167,2,25.83664224344387,25.788177804762697,2
1364,1366,0.00016610738979425306,2,25.84335734191684,25.87349347189034,2
1367,1368,-0.0007653865998530477,1,25.986743720401698,25.99284055870469,1
1377,1378,-0.004875274958706224,1,26.709595158011112,26.60608813273809,1
1380,1382,0.002926217843046931,2,26.559292277691686,26.663569844931057,2
1383,1384,-0.003507795611848531,1,26.704706534398237,26.63773658853557,1
1385,1386,-0.0018282667358544037,1,26.600711294906585,26.578678810590947,1
1387,1395,0.028468209351624665,8,26.477642718595437,27.257891437364528,8
1399,1401,-0.004783557353660477,2,27.369088270818683,27.265535755628644,2
1403,1404,-0.0003937710061345963,1,27.44840054500587,27.465040561251485,1
1405,1406,-0.00397269187235373,1,27.510620793780863,27.428840194943785,1
1407,1410,-0.009831861092977755,3,27.396064786951957,27.154106548259378,3
1413,1415,0.0030255251632442396,2,26.926445448134842,27.034838531843032,2
1418,1424,0.0065823265846295005,6,27.13475221203084,27.340496765095455,6
1426,1429,0.005447879997347043,3,27.62427453814715,27.802392545382894,3
1431,1433,-0.0015566159850761113,2,27.98061448607525,27.96504002878005,2
1434,1436,-0.004777848624630949,2,27.976908988720417,27.871216461575955,2
1437,1439,-0.0018632097597509356,2,27.894022547268833,27.869944154767317,2
1441,1443,-0.0018272112257797014,2,28.022011641670645,27.998831519071725,2
1445,1447,-0.01450895577534407,2,27.992716748939984,27.61456437634682,2
1451,1452,0.0019479934243789312,1,27.554073710895736,27.63530293901031,1
1453,1456,0.0027875587037374254,3,27.750546492641668,27.855653316543343,3
1471,1474,-0.0040383457745697205,3,27.015020942413962,26.932939967683666,3
1475,1476,-0.011504743613895307,1,26.8186730161832,26.536949732083304,1
1477,1482,-0.01500040897527993,5,26.426430012454404,26.05644918452343,5
1484,1486,0.0012135399279376768,2,25.88536176504498,25.94266004686102,2
1489,1490,-0.0043217343741745904,1,26.091829630163755,26.005159502796133,1
1491,1494,-0.01400765328271266,3,25.89647131270055,25.559618992619228,3
1496,1499,0.006352714253869669,3,25.421160108535908,25.608074634815843,3
1502,1505,-0.0035163563333405787,3,25.715569811637497,25.65086027467652,3
1507,1509,0.002485955810479049,2,25.702306918885753,25.79190402503236,2
1511,1515,0.00081898257489359,4,25.766107659267465,25.812975760122505,4
1517,1519,0.001620076039844427,2,25.67947392365583,25.74675609799901,2
1521,1523,0.0012341284859825226,2,25.805949350752336,25.863603157304674,2
1524,1527,-0.003801788922343767,3,25.864775886611945,25.79230824405393,3
1532,1537,-0.0055896638464123785,5,25.394236067922858,25.27768506073465,5
1539,1540,0.001131796899131139,1,25.380185453880518,25.434290854530474,1
1541,1542,0.0017744490865904635,1,25.581876568033636,25.652852182111086,1
1543,1544,0.00036526482578893584,1,25.729357367113735,25.76448475371721,1
1545,1546,-0.0014309240459907382,1,25.749907335940126,25.738811081687036,1
1547,1552,0.0019995464682598203,5,25.751286121792138,25.828528301131907,5
1553,1563,-0.006086477433482547,10,25.932283314406885,25.800379340529478,10
1565,1567,0.0055757459182138504,2,25.906123463973778,26.076475549598747,2
1571,1575,-0.00030815823473341814,4,26.392669651287946,26.41092920244959,4
1579,1580,-0.007271998259266746,1,26.33223368205049,26.167077958234064,1
1581,1584,-0.0030201280931306507,3,25.970852131444566,25.918387683451293,3
1599,1601,-0.0030542598074716465,2,26.093549949026052,26.039947018131514,2
1605,1606,-0.007888786878627953,1,26.209923761989014,26.029369183087585,1
1608,1609,-0.010718539559314216,1,25.811358997229483,25.560510283735248,1
1610,1612,-0.008344960977298616,2,25.503280350859207,25.31595975188904,2
1614,1615,-0.0025400648456627064,1,25.323716968091993,25.284716801827923,1
1617,1621,0.002460840113347358,4,25.503389559590154,25.591652713204308,4
1622,1623,-0.00274608003648499,1,25.571532598497676,25.526882655925114,1
1624,1626,-0.007302785577672217,2,25.46389657315986,25.303403093087212,2
1632,1634,-0.020640860747543493,2,24.709744189335954,24.224423544605784,2
1635,1639,-0.015598686948920151,4,23.928187480547447,23.578867362263864,4
1641,1643,-0.018349810273230027,2,23.318217974486682,22.913651316719516,2
1647,1650,0.06693404370938134,3,22.278745143392833,23.79223038975425,3
1652,1653,0.003482524803537921,1,24.143724617715602,24.2519494621643,1
1655,1657,0.018747787095839456,2,24.418437969975415,24.90064808421945,2
1661,1664,0.01861797686368574,3,26.60752915343075,27.1295150447626,3
1666,1669,-0.038742243625097005,3,27.85395977636472,26.802688840561512,3
1674,1676,-0.016541963451305222,2,26.779702139257267,26.36349298737209,2
1678,1680,0.0019025725663159984,2,25.811818408142166,25.88673908414037,2
1681,1682,0.008482708966135084,1,26.037215239819133,26.284118574226955,1
1684,1687,0.00042976594758945864,3,26.453669474639018,26.491492030442643,3
1690,1696,0.03351615903206947,6,27.01847002059692,27.951043828631043,6
1702,1703,-0.0026885305276311416,1,27.67871340197876,27.631977049433967,1
1705,1707,0.04517850355347238,2,28.146244053804956,29.44599548486049,2
1708,1710,0.006752750363822533,2,29.83507448709093,30.0663783716754,2
1711,1712,0.00908608810749046,1,30.294943953516334,30.600501427442985,1
1713,1714,-0.0008091170413382497,1,30.597489018552707,30.60332955778419,1
1717,1718,-0.00597151744498301,1,30.418922242032863,30.267694039449015,1
1719,1720,0.0074532494796947435,1,30.5335044002766,30.791611730461494,1
1722,1723,0.008419712614149536,1,32.04034708496697,32.34215794656496,1
1725,1726,-0.0016024954403312216,1,32.47044479962261,32.45088150468531,1
1729,1732,-0.01690206631219762,3,31.89843061947253,31.391179660506644,3
1733,1734,-0.006649191177988194,1,31.241604471301553,31.06511467493608,1
1737,1738,0.0032913699176502376,1,31.083726003849964,31.21711777055137,1
1740,1744,0.006585780165092301,4,30.941912624278782,31.176631171334055,4
1746,1748,-0.006903083063214426,2,30.536189248452676,30.355931586885024,2
1754,1755,-0.00164145918040117,1,30.469558963176222,30.45001398485652,1
1759,1760,0.006312665479935194,1,30.78934491189548,31.014497091582516,1
1765,1766,-0.009444844891313059,1,30.901278934041567,30.640322426500386,1
1769,1772,0.09019745182592839,3,30.65442199266333,33.450027165590924,3
1776,1779,-0.001735893306058613,3,33.59735230771402,33.57262824104948,3
1782,1784,-0.024567338628778055,2,34.12981238090587,33.3254635351884,2
1785,1787,-0.023541670835211668,2,32.66192976926728,31.925675299565658,2
1791,1793,0.04305197085473287,2,31.11181114268514,32.48234774038066,2
1796,1797,0.022811145501854497,1,33.19617914180748,33.98661819345868,1
1799,1801,-0.0049975860508774785,2,35.13596730280619,34.99550825003241,2
1806,1808,-0.0157210754197893,2,34.63272456253156,34.12289361225374,2
1810,1814,-0.011196206708432889,4,33.646045022698274,33.3029829927256,4
1816,1820,-0.03520971119882962,4,33.36495980553577,32.22355416642783,4
1822,1825,-0.03703565472960164,3,31.691870747419777,30.549833435430596,3
1830,1834,0.04406558883562682,4,30.55932217631854,31.936496024611962,4
1838,1840,-0.032003708895103324,2,30.93517425479808,29.976069117583027,2
1841,1842,-0.0014778226071209266,1,29.936540981938982,29.92223662587881,1
1845,1850,0.013868192014571585,5,29.961196038104454,30.406664853785212,5
1857,1858,-0.0074011376431838815,1,30.982246245467866,30.78392462275561,1
1862,1863,-0.0009325506632072532,1,30.748433628333167,30.750507589788814,1
1864,1867,-0.010473334037062326,3,30.836117006332927,30.543996169525997,3
1873,1878,0.00037665464356238364,5,29.75068929228656,29.791645716849967,5
1879,1883,0.01947420117505364,4,29.830402568560224,30.441156231881763,4
1884,1885,-0.0004769937736411932,1,30.35235445081657,30.368228921178996,1
1888,1890,0.005575352545694924,2,31.052827543444984,31.2570108320838,2
1891,1892,0.007316783866290804,1,31.36892711981275,31.62981570678566,1
1893,1895,0.005274966804390387,2,31.84243344167164,32.04224365448914,2
1898,1900,-0.005944294448030254,2,31.757736083524712,31.60071648532493,2
1903,1905,-0.0065693598385878306,2,31.995986454738862,31.81778929278184,2
1906,1907,0.0014702399882180906,1,31.920865862943756,31.999718062256946,1
1910,1912,-0.013096727041784429,2,31.630149132884362,31.247527852532926,2
1915,1917,-0.0005748802013092008,2,31.43125931212363,31.444621362754997,2
1918,1921,0.0336085587475359,3,31.45793608973033,32.546649918967994,3
1922,1923,-0.00017344904195871818,1,33.15174086105873,33.17914246422817,1
1929,1930,-0.0008766197518776092,1,32.62730597762935,32.63133154273643,1
1932,1934,-0.007171030276502701,2,32.58940677324492,32.38829655735396,2
1936,1938,-0.013444081814593466,2,32.31201089237008,31.909917585231394,2
1940,1942,-0.003840112309870731,2,31.606775391941657,31.517008600075684,2
1947,1949,-0.0013821879323335654,2,31.328003610757865,31.31603042583373,2
1952,1953,-0.0038220519719071836,1,30.814375720712995,30.727415950947268,1
1954,1956,-0.003951652863374432,2,30.741563695737096,30.650825271229966,2
1960,1961,0.00887268275584771,1,31.65849470049165,31.97104897519729,1
1962,1964,0.024305946287174023,2,32.293197741569955,33.110407669059214,2
1965,1970,0.028369704012774333,5,33.265100269587776,34.24208641846083,5
1976,1979,-0.0030923142474217507,3,33.87526237938508,33.80438468527354,3
1980,1984,-0.02007003085415358,4,33.8487846774799,33.203287309304756,4
1985,1991,0.004766290057563471,6,33.157971532476424,33.349170014053115,6
1992,1994,0.011338721194074038,2,33.22261502493212,33.63253960906281,2
1997,1998,-0.0030149763553659033,1,33.859437751198996,33.79121178472435,1
673,674,0.0005817831754405345,1,27.023053947007245,27.065798559089643,1
675,680,-0.02303448905424297,5,27.08305120484427,26.486290009515628,5
684,687,-0.006363986169089988,3,26.249008236388352,26.108208919256036,3
689,690,0.0017397841764275417,1,26.298307045259882,26.37035873076932,1
701,702,0.0003423000200673055,1,26.95772537643305,26.993910731746805,1
704,705,0.0029596320218671065,1,27.371446423326574,27.479827279069198,1
706,708,0.004754517959946034,2,27.586799199528606,27.74554793097972,2
716,724,-0.018791102378404784,8,27.087571244669757,26.605653491473504,8
727,729,-0.010488387636246037,2,26.365635264136483,26.115467896474478,2
731,735,0.01156714408023182,4,25.97705732377327,26.30351474594157,4
739,742,-0.011447994170699229,3,26.510800328301386,26.23381564101072,3
747,750,-0.0005467554110960016,3,26.389115488771694,26.401076212572942,3
751,754,-0.004263666487943234,3,26.337563189263456,26.25160616690857,3
757,762,0.01610610563566855,5,26.324484692427838,26.774794108381048,5
763,766,-0.00017927084818399974,3,26.883692264548372,26.905756494498338,3
767,770,0.0015105635134414507,3,26.938369501908365,27.00599998949146,3
772,773,0.003460373893457989,1,27.158619669462507,27.279757267618532,1
777,781,0.01758420662513043,4,27.24730848573525,27.753678096612823,4
782,784,-0.000389052700010866,2,27.82699730866329,27.843998137535824,2
787,794,-0.020139009869525323,7,28.199874357446312,27.660156683799773,7
803,809,0.010983904494838864,6,28.24760810143012,28.586124739125296,6
812,814,-0.006872803695756069,2,28.6973283238193,28.528794547980848,2
816,819,-0.0058860206788504624,3,28.535367463463142,28.395943067958065,3
821,825,0.0020932654903092697,4,28.488477332435668,28.57659975623955,4
826,827,9.165938124187293e-05,1,28.475835709145244,28.506921622335835,1
831,833,-0.00952548909842731,2,28.12608793763336,27.88629928153966,2
836,837,0.002340530768717824,1,28.365062599175143,28.459816963544295,1
839,840,0.001303308022959377,1,28.65385848963818,28.719857151786105,1
843,846,-0.005627069619349434,3,28.693074265444995,28.560309413225617,3
848,849,-0.01133481359626045,1,28.623143646417756,28.32732879229304,1
851,853,-0.006635408249235576,2,28.21843630227854,28.05941389356015,2
854,857,-0.00549595053462455,3,28.17793825968292,28.051251643099683,3
860,864,0.0015941796204759426,4,27.853623108931743,27.92588041035735,4
865,869,-0.008334809677463327,4,27.81908152960015,27.6150338611787,4
871,872,-0.0024555445702233603,1,27.935478459940093,27.894817125951135,1
874,879,-0.019414837003465,5,27.92004844033258,27.405905299175007,5
886,887,-0.004654794101209702,1,27.235644748247278,27.13610407447874,1
888,897,0.003243541440896707,9,27.246211157288815,27.361831583442193,9
902,907,0.00334702224511128,5,27.489419635808193,27.60891675447025,5
911,913,-0.0026985040163024013,2,27.90934565916509,27.861941523470627,2
914,919,-0.014172046138529872,5,27.69062030653584,27.32587817825364,5
921,923,-0.00909544507411245,2,27.351176000214167,27.12975605719205,2
924,925,-0.0012123406586187345,1,27.105096998096034,27.099341483947534,1
931,934,0.002493783404691219,3,27.266659892616282,27.361923696450464,3
942,943,-0.005227637966298041,1,26.891908074764167,26.778218823201097,1
945,950,0.005476129912860533,5,26.51585568568362,26.687575811854767,5
954,956,0.004139457785019933,2,26.583883045926857,26.720509790603305,2
960,961,-0.0022513657166699113,1,26.809032401076735,26.775484497032934,1
962,964,-0.008829546771429844,2,26.714841103327313,26.505676005417495,2
966,968,-0.0014059980614812358,2,26.426442938465105,26.415713853860243,2
971,985,-0.02255529455674922,14,26.300014077905573,25.733109527609667,14
988,989,0.0011017221323416605,1,26.06801218232616,26.122799900475908,1
997,998,-0.002882352667388749,1,26.300441346682426,26.250934640759997,1
1006,1008,-0.0061438493764747635,2,26.103603252071892,25.969330248759977,2
1017,1018,0.0018907235470128794,1,26.90473972392419,26.98251388857039,1
1019,1021,0.006880770044095691,2,27.194148156799976,27.408458984968785,2
1024,1025,0.001319800124342681,1,27.71434835283624,27.778640101591225,1
1026,1028,-0.005741696145085339,2,27.661242795174456,27.530081586844307,2
1031,1032,0.0036112300240176845,1,27.79967466804262,27.927865362529822,1
1033,1034,-0.0008611880208985223,1,28.13803466407988,28.141940560359625,1
1035,1036,-0.001484930088151656,1,28.283728521665672,28.270012890700404,1
1038,1040,-0.001033097874405316,2,28.421298774245148,28.420358089667882,2
1042,1043,-0.004791283753682963,1,28.516738854139373,28.408623805413654,1
1044,1045,-0.002469275007723434,1,28.434965350641157,28.393186566705978,1
1050,1052,-0.005114753851587146,2,27.9036665040933,27.78884978487218,2
1053,1054,-0.001945560193199048,1,27.83720928112846,27.810887524142473,1
1055,1057,0.01170479017272796,2,27.927251008532593,28.282060872697105,2
1059,1060,0.008152024490125982,1,28.4125586304113,28.672591062823965,1
1062,1064,-0.001936530833138609,2,29.457074887044605,29.429487428158815,2
1067,1069,0.00025176698022476036,2,29.298722294216237,29.335397467346912,2
1071,1072,-0.01045360207752219,1,28.977722377344076,28.703778520875755,1
1075,1078,0.007856644121837009,3,28.67051262962117,28.92443715677236,3
1081,1083,-0.0066809151081812495,2,29.203823504526444,29.03791906236292,2
1084,1085,-0.005824176732007259,1,28.837927437971732,28.698808179426155,1
1089,1090,0.0005082168682803768,1,28.475680605961802,28.518628107787478,1
1092,1096,-0.014310422585271106,4,28.371183125513376,27.99355068886868,4
1100,1102,-0.0004634175303909878,2,27.853616389463074,27.868562151732874,2
1103,1105,-0.004247561828161895,2,28.03678298657768,27.945731800366012,2
1107,1108,0.0036735436273635695,1,28.053015510519273,28.184122502386792,1
1117,1121,0.008261975808970496,4,27.076759920811885,27.327544216183746,4
1126,1127,-0.0029546906513022953,1,27.598914219763213,27.544966880151748,1
1129,1132,-0.006270643929724654,3,27.680918119919014,27.535021856861057,3
1135,1136,-0.0021070114939619133,1,27.635684410445165,27.6050913901593,1
1148,1149,-0.00018555317207480122,1,28.429904710559576,28.453059356269307,1
1150,1152,0.0025553211671133103,2,28.539877769241432,28.641346200781243,2
1156,1159,-0.009577434139799668,3,28.615581971212652,28.370133701482537,3
1160,1161,-0.004532538208590994,1,28.32652916959706,28.22646462298869,1
1162,1170,-0.01934094818647682,8,28.200622931473198,27.68339676746068,8
1172,1173,-0.001667884513713414,1,27.677750153575836,27.659264612873834,1
1174,1176,-0.014833225825633293,2,27.51247122014881,27.131884992739256,2
1184,1185,-0.0004974291319614742,1,26.69325696372682,26.706672217049856,1
1190,1192,0.004803711044789242,2,26.943041511341562,27.09941113894115,2
1194,1195,-0.004451218775617098,1,27.086680589857973,26.993198529237112,1
1197,1200,-0.003067092640783724,3,26.914222825902996,26.85858863396716,3
1202,1205,0.0005508510235002558,3,26.937304079571618,26.97907982517376,3
1206,1207,0.0008583546088569666,1,26.95761966110737,27.0077164778484,1
1210,1213,0.0057791687313855635,3,27.45884021966482,27.644988330682082,3
1217,1218,0.0014410494994901947,1,27.518771666251443,27.58594635005393,1
1219,1220,-0.0008882160951768948,1,27.752744218438135,27.75584652855643,1
1223,1226,-0.012140413932059394,3,28.065452821867034,27.75279206024075,3
1227,1231,0.000856122933900309,4,27.629401669676273,27.680685235765303,4
1232,1233,-0.0011808003014141828,1,27.69421437695505,27.689207254648267,1
1236,1238,-0.007296122349866125,2,27.657317632191365,27.48318377650998,2
1239,1240,-0.0038172313308904846,1,27.471105295999568,27.393712837465486,1
1241,1246,-0.003110740603810011,5,27.534519294321463,27.47640106644055,5
1248,1250,-0.005721887922729526,2,27.007191620272252,26.879666688333646,2
1254,1256,-0.0056900241942588956,2,26.634584811551942,26.509667964381723,2
1257,1258,0.0008497208379637995,1,26.33000068589688,26.378703836829185,1
1263,1267,0.006271298853279232,4,26.76436787246574,26.958979589885544,4
1271,1273,-0.005669152652051282,2,26.98609822369169,26.860096011602025,2
1285,1286,-0.002072476094255259,1,26.0097414500633,25.981846624140346,1
1288,1292,-0.0002892355464473972,4,26.09140236286437,26.10994720420723,4
1294,1296,-0.007852764655868046,2,26.108237237064117,25.929323631698946,2
1301,1302,-0.00746530226932589,1,25.88473325035417,25.71738062572976,1
1306,1307,0.0028001993508266414,1,25.264533394289057,25.360543657692972,1
1310,1312,0.0073327265848281776,2,25.713769780362092,25.928035593407067,2
1314,1318,-0.013314052502871848,4,26.263563646463354,25.940152744808287,4
1320,1322,-0.0034408633326794553,2,25.65375976986858,25.59114244830094,2
1327,1328,-0.0022335414460140195,1,25.39000519383208,25.35868557011098,1
1329,1330,0.0018837175241450568,1,25.4130955324941,25.486379721423926,1
1332,1334,0.0034821030830493585,2,25.85571978619049,25.971607787558636,2
1335,1336,0.0021713842715600355,1,25.999080668557863,26.081533744065148,1
1339,1340,0.0002506746867586998,1,26.17635625668364,26.209094362845452,1
1349,1353,-0.020510132396119485,4,26.316029165851607,25.8025999526857,4
1354,1357,0.0018529298531158264,3,25.652196027641654,25.725379943486892,3
1360,1366,0.0013488563117906253,6,25.815759860958767,25.87639737145185,6
1371,1372,0.003631047525003441,1,26.22528126661788,26.34673179052017,1
1387,1391,0.004003948745537564,4,26.516703760771804,26.64939198729131,4
1393,1398,0.011675489347973383,5,26.99173679803369,27.333870270300466,5
1401,1402,0.0036586711738486226,1,27.314544209263342,27.44179368899785,1
1403,1404,-0.001618450677107187,1,27.53874191490996,27.521710561326003,1
1407,1410,-0.007877205630865546,3,27.331881790234842,27.143914818884888,3
1415,1417,-0.003238229708438846,2,27.146002117290404,27.08524312888614,2
1418,1422,-0.0015827838822817506,4,27.087156038387636,27.071370080431613,4
1424,1426,0.007909347847431959,2,27.322857038373463,27.566285875913987,2
1427,1428,-0.000920064903077881,1,27.80977350372053,27.81199648066093,1
1429,1430,-0.0028200380610421245,1,27.885964569780697,27.835211052894824,1
1432,1434,-0.0064097149288746946,2,28.048047038648594,27.896315099857837,2
1435,1438,-0.006322961925244457,3,27.918890944540294,27.770279751047454,3
1442,1446,-0.014124615592899823,4,28.098119230210802,27.72934221643082,4
1448,1453,0.004122455866580038,5,27.611693113721905,27.753132793098498,5
1455,1456,-0.0024632259193319277,1,27.86294992826705,27.82218013774296,1
1459,1460,-0.0006000714006360386,1,27.453156342058897,27.464135644422896,1
1470,1473,0.0007742828162528366,3,27.049029041911222,27.09702166933661,3
1484,1485,0.00027359602882691034,1,25.847584644064842,25.88050402522229,1
1486,1488,0.002126631251806463,2,25.9333032661642,26.014387142618762,2
1492,1493,-0.0064587085614793115,1,25.849419804271978,25.708315355077126,1
1497,1498,-0.00016451741463406307,1,25.517502576645256,25.538822005670074,1
1501,1502,0.0015304179955191654,1,25.684504158685595,25.74949669021472,1
1504,1505,-0.0078069418371116365,1,25.76979317649607,25.594379693189264,1
1507,1509,0.003148359666956908,2,25.67760348639971,25.784123421046804,2
1519,1520,-0.0008396761296757099,1,25.71713763808148,25.721260709121278,1
1528,1532,-0.011103722409977958,4,25.658834240426586,25.399584501897678,4
1533,1535,-0.005766783854348566,2,25.41563388377433,25.29448305052912,2
1537,1538,-0.0008863208873176731,1,25.279141038940374,25.282014749263052,1
1540,1542,0.004542700840471587,2,25.504378023164247,25.645741160668944,2
1547,1548,-0.0001354015655523976,1,25.728813194700898,25.75105828630923,1
1549,1550,0.0005288414208778863,1,25.685715688973307,25.724985075043502,1
1555,1556,-0.005308732691202882,1,25.878210954963908,25.76670866143241,1
1559,1560,-0.0029081805489067146,1,25.708851060269048,25.659793930741102,1
1561,1562,0.0007327546683367472,1,25.74378958412108,25.788397255703646,1
1563,1565,0.00468042647463517,2,25.797491622962532,25.944032377356788,2
1566,1567,0.0005802962056811055,1,26.04436114215503,26.085518947247365,1
1569,1571,0.0023401953207180764,2,26.198198899994544,26.285706001371548,2
1578,1590,-0.007621040734901135,12,26.45567519657268,26.28051109342686,12
1591,1593,0.0011824800676824739,2,26.378616271469692,26.43618707569522,2
1606,1608,-0.011576528897767991,2,26.077628158803787,25.80181737099695,2
1614,1615,-0.0036529017641276362,1,25.349879549629176,25.28262880945154,1
1616,1618,0.006520803959964793,2,25.353398544765877,25.544076484939918,2
1620,1628,-0.019192667128638055,8,25.607710034983914,25.141837490390767,8
1629,1633,-0.028334037464284412,4,25.05969460136824,24.374711970290914,4
1637,1640,-0.016466814264366046,3,23.719703212941113,23.352834968940666,3
1647,1652,0.08409788401784468,5,22.248354400398945,24.141642282752,5
1653,1654,0.000123344251228468,1,24.232506780471216,24.259728227655913,1
1655,1663,0.10952847238736119,8,24.437923054106403,27.13900935759666,8
1667,1673,-0.02671792572345126,6,27.5711745465126,26.86210112741708,6
1674,1677,-0.022416303673009032,3,26.741118753708125,26.168422833922715,3
1688,1689,0.005946776898747916,1,26.527661166624807,26.711942910394928,1
1690,1692,0.009632468670175174,2,27.012128959509386,27.2993345743861,2
1694,1696,0.004965279827155417,2,27.767891891850386,27.933535137195474,2
1703,1710,0.08501103131321724,7,27.691697078050204,30.073488502546507,7
1713,1714,0.0026168892098702903,1,30.586244724357396,30.696871782871376,1
1715,1716,-0.004116751951494486,1,30.89300887346533,30.79672302777142,1
1723,1731,-0.021610449960886985,8,32.39619141876344,31.728491336603703,8
1732,1734,-0.009260094277949795,2,31.403655883920486,31.14425872564701,2
1737,1740,-0.004088910614776309,3,31.115146737645375,31.01903483060714,3
1742,1744,-0.0007576137372056747,2,31.152325011709934,31.159875907346876,2
1748,1751,-0.004518717976224799,3,30.332997854031824,30.226264589210054,3
1752,1753,0.0015472997711556162,1,30.407623657948854,30.485080990734133,1
1767,1768,-0.004065502451292229,1,30.409511558228647,30.316291126004298,1
1773,1779,-0.010190986141322727,6,33.90947326857798,33.59781176970693,6
1782,1783,-0.006061555916120458,1,34.08418030632898,33.911661321853366,1
1791,1794,0.04626432963238608,3,31.102207410307376,32.572232393642985,3
1795,1799,0.06954751961578806,4,32.70480082648212,35.01204340431881,4
1802,1804,0.00907805328292428,2,34.95144241457789,35.303684913547066,2
1808,1812,-0.03020052885267221,4,34.238353454333016,33.238575426421775,4
1813,1814,0.0030669538344999343,1,33.15477695240818,33.289615899666764,1
1816,1819,-0.02989650965048296,3,33.378380944641535,32.413862237557204,3
1820,1824,-0.04311465678598349,4,32.224852398559584,30.86771379981527,4
1826,1827,-0.0014944112911579018,1,29.91244746846026,29.897658416685687,1
1830,1831,0.005329701341006192,1,30.58230184461427,30.775878681611182,1
1833,1834,0.013351627596282448,1,31.49218474057478,31.944148848164836,1
1840,1841,-0.003411129080887828,1,30.032050325829978,29.959639175930683,1
1843,1848,0.008691379604246704,5,29.84983690574302,30.13912300632143,5
1850,1853,-0.008176410196023859,3,30.418714635471975,30.200417461612034,3
1855,1856,0.0038469216357204543,1,30.92805018895814,31.077956024569648,1
1861,1864,-0.004022247014347969,3,30.9549828883122,30.861429283698804,3
1867,1868,-0.005572692970356672,1,30.490255842541078,30.350833263985514,1
1875,1876,-0.003727280850795962,1,29.57916331350434,29.49849262781685,1
1878,1880,0.002768096931507888,2,29.83963825904217,29.952076908403374,2
1884,1886,-0.0026424487413448062,2,30.410383623494067,30.360436127187846,2
1887,1893,0.03781008233562389,6,30.61985378737119,31.808212833963832,6
1896,1897,-0.003941148614112186,1,31.996048922025093,31.901943787081013,1
1899,1902,0.0036933257427146406,3,31.708674972927497,31.85749411344531,3
1905,1908,0.0025760980475798556,3,31.840292909314524,31.954156918621894,3
1909,1911,-0.010509211268505535,2,31.784917444411832,31.482667949280913,2
1913,1916,0.01261250698306551,3,31.04776600825936,31.470403939855373,3
1918,1919,0.002346572278394054,1,31.453019060671313,31.558278862331555,1
1921,1924,0.013983157464956458,3,32.59098043379625,33.07929622557313,3
1926,1930,0.0022836016553573657,4,32.55968021902276,32.66659323888785,4
1933,1935,-0.0049755759539477605,2,32.54776520394426,32.41836909124472,2
1937,1938,-0.008942371549989017,1,32.12760842703936,31.872439023899258,1
1942,1946,-0.006785178232018849,4,31.54988399256955,31.367362290473018,4
1950,1952,-0.015195404294867383,2,31.194228980135094,30.751414288095408,2
1954,1957,-0.0023922546819111993,3,30.757244864131454,30.714422945966678,3
1958,1959,0.01381395795292533,1,30.899234448662426,31.356974408562493,1
1964,1965,0.0011259341172823738,1,33.15588891399572,33.226376149426805,1
1968,1969,0.004858187363732989,1,34.168758106377474,34.368925093350704,1
1973,1974,-0.005289356723186436,1,34.2161459907663,34.06938073491928,1
1981,1982,-0.00760842127789005,1,33.71131259489949,33.48853403944175,1
1986,1995,0.013988854752141431,9,33.25959899285335,33.7581222912717,9
1996,1997,-0.002033253762910963,1,33.84748019173534,33.81250715546218,1
1999,2000,-0.0018546230712723738,1,33.235858641915506,33.20745451032658,1
672,674,0.0021963644408899098,2,27.010452615654575,27.096787865927595,2
678,679,-0.002501094149733071,1,26.65618946613789,26.616176016076093,1
681,682,-0.0054700204831693265,1,26.3356420106405,26.21792115141552,1
683,684,-0.006021054213891344,1,26.30806463102442,26.175970412249487,1
687,689,0.0059206865145194345,2,26.141706374728383,26.322624929502492,2
693,697,0.011911921024162789,4,26.728330849808597,27.07344494684902,4
700,704,0.014526191472606857,4,26.962578787944715,27.381204948801592,4
711,713,-0.004682705112941531,2,27.43134093032634,27.330319390827384,2
716,717,-0.009835004090224038,1,27.111132288447493,26.871605323788454,1
720,723,0.006759268406245199,3,26.626133134718426,26.832732448331125,3
724,725,-0.006582798986341057,1,26.628879655100107,26.480215972754216,1
728,729,-0.0049252492352279825,1,26.257365882540704,26.15429917719116,1
732,736,0.020761317729174583,4,25.946811284099123,26.511448088511337,4
740,741,-0.005577730411096563,1,26.391158218863218,26.270346611300667,1
747,751,-0.0026968967790673487,4,26.339591900651026,26.294896331992863,4
755,761,0.015089825309824823,6,26.300467279799445,26.723637203898182,6
765,768,0.0017656031239047724,3,26.920070836682342,26.99452106868401,3
770,771,0.0015938785576419148,1,27.04923576479943,27.119398197450344,1
772,774,0.00014045900493013302,2,27.229423005956647,27.260477046622842,2
777,778,0.006264857314875146,1,27.255564228557073,27.453572013713956,1
780,781,0.0007736256174220868,1,27.708926308106555,27.758071569637874,1
786,788,-0.0022393136874902307,2,28.21129361660704,28.176330974286174,2
790,795,-0.014691111607104256,5,27.989528770053525,27.606321007832467,5
797,798,0.0033371181893750226,1,27.82762845345278,27.948320166985418,1
800,801,-0.001951977117404501,1,28.102380928227518,28.07562810463926,1
803,804,0.0049468401848534365,1,28.20485782949394,28.37258761144245,1
807,808,-0.0010767995478477006,1,28.533013573020675,28.530822250479535,1
809,813,-0.002558868587446083,4,28.60511963015268,28.560528007721096,4
814,822,-0.003959012664168327,8,28.527064873321926,28.442652927090215,8
824,826,-0.007110537928264568,2,28.67577296453073,28.50054856620866,2
827,828,-0.0008262344906405005,1,28.47603475633147,28.48098290901544,1
832,833,-0.0014549323437617356,1,27.89532339316599,27.882632908314747,1
837,839,0.003742335128477307,2,28.551169690851328,28.68656890583537,2
845,848,-0.005469464102612284,3,28.674932382841487,28.546770801911542,3
849,851,-0.008648145547465371,2,28.433950734639115,28.216483740931135,2
853,854,-0.00011783314114231943,1,28.079432258707914,28.104203003262086,1
856,857,-0.0030818403853237098,1,28.094403084620907,28.03591502167778,1
861,866,-0.005165866663613515,5,27.798874823182622,27.68306841727076,5
868,869,0.0006061446650236927,1,27.620141682774616,27.664503625985603,1
872,873,-0.006508147063302157,1,27.99319463296216,27.839004000152165,1
874,879,-0.020361281872316065,5,27.886915354172196,27.34698892545065,5
881,882,-0.002868748009353583,1,27.184394345586238,27.13359356276744,1
883,884,-0.004967166197664459,1,27.186443358375705,27.078590219249637,1
888,892,-0.010150246357226268,4,27.293554811412335,27.043812060923454,4
893,894,-0.0016443258524754156,1,26.992704616696987,26.975312519284216,1
895,896,0.004260682354929815,1,27.12663477113927,27.269339380028427,1
899,901,0.0009136623079384037,2,27.290810600219185,27.34303599581791,2
906,907,-0.0013689311215135,1,27.618416100254688,27.608226807028394,1
910,911,-0.0019721019578287395,1,27.890946530195723,27.863833686468023,1
912,919,-0.02103315875810931,7,27.89910959663728,27.340202304877955,7
920,925,-0.008875442938932925,5,27.272377039084105,27.057594989903734,5
926,927,-0.00249497304780922,1,27.102591891561413,27.062074247157756,1
928,930,0.0029872500358739474,2,27.207284276239115,27.315766521445582,2
939,940,-0.004452600053021368,1,27.125555154581495,27.031901461416552,1
944,945,-0.005548621537323696,1,26.680327013401826,26.558968303325827,1
950,951,-0.005032481884844968,1,26.74320684428533,26.635365347143086,1
952,953,-0.0029640292728495537,1,26.594944871715235,26.542711621477366,1
954,955,-0.0022073535443671525,1,26.63386138397108,26.60170489702896,1
957,959,-0.00019262362565178944,2,26.773548871277125,26.79516520209325,2
960,961,-0.00816199082546383,1,26.873456966821585,26.680989514576712,1
962,963,-0.005636186138619949,1,26.702744005059294,26.57894511343992,1
964,969,-0.004740211054811098,5,26.529923058997927,26.430695547489375,5
970,971,-0.007107691321325366,1,26.372103149614283,26.211030484082286,1
975,976,-0.005844617614903064,1,26.24779289727828,26.1206323774558,1
977,979,-0.004514441019049796,2,26.187266514206016,26.0952329105917,2
980,987,-0.009531141165026558,7,26.17541178667932,25.952105653674458,7
990,993,0.00600326669029603,3,26.198785511015792,26.3822625929113,3
995,997,-0.0019100606530395507,2,26.338991655013416,26.31502157506745,2
998,999,-0.003390205104446473,1,26.264587085720237,26.20180933560177,1
1006,1008,-0.005904742801858737,2,26.112189994626316,25.984116418709405,2
1011,1018,0.02517843271581923,7,26.32576721088002,27.014934536502363,7
1021,1026,0.006145480623180596,5,27.44072036872648,27.636797504407333,5
1030,1031,8.865079837254495e-05,1,27.724234792880583,27.75441680322212,1
1035,1038,0.004889492535436844,3,28.249074077488306,28.415446788400676,3
1040,1041,-0.002390049107273591,1,28.412807637190735,28.37331243929952,1
1044,1045,-0.0005331959458332802,1,28.463431289135755,28.47671813425702,1
1046,1047,-0.006824144609555469,1,28.337935903892287,28.172891667251704,1
1048,1049,-0.00044512015410494725,1,28.03973377459358,28.055292457749363,1
1050,1051,-0.005839446402411839,1,27.92940922042613,27.79424634145285,1
1053,1057,0.011170484218661823,4,27.81894858590756,28.157518660652112,4
1066,1070,-0.006950759953463559,4,29.32404383589226,29.149543490160024,4
1071,1072,-0.008182883099815444,1,28.9366097668565,28.72876148159619,1
1074,1075,-0.0045599940885986,1,28.734855925851118,28.632560008618356,1
1080,1084,-0.012854640037611269,4,29.159740013568452,28.81406179211727,4
1086,1087,-0.004814076154314163,1,28.533722745890998,28.424892954372083,1
1089,1090,-0.0017963313918967765,1,28.50804276093181,28.485340911559746,1
1092,1097,-0.017443168003747813,5,28.3642262671312,27.897828529324446,5
1102,1103,0.001348523713794928,1,27.876921222289244,27.942390832847384,1
1106,1108,0.00778094964794646,2,27.98274031382389,28.22845534753114,2
1118,1121,0.0037010363891772863,3,27.207242514420766,27.33514475153023,3
1126,1131,0.003208394196877608,5,27.50549504042873,27.621249006139116,5
1132,1135,-0.0018945222878321518,3,27.586861287043867,27.562184224771272,3
1136,1138,0.005609950436335733,2,27.634806024541785,27.817470722681758,2
1139,1142,0.002734313939975992,3,27.885133224599976,27.989265066318687,3
1146,1150,0.006930006383507439,4,28.224847531194726,28.448670752290624,4
1152,1153,-0.0008800004015081599,1,28.70163185542331,28.705076039722023,1
1156,1157,-0.004152066059151617,1,28.66623217081811,28.575874313348713,1
1158,1159,-0.0034116022645147175,1,28.40971543454656,28.341202500470388,1
1162,1163,-0.004514546168138497,1,28.203085844066717,28.10396479678377,1
1166,1167,-0.005135881571812425,1,28.014357744427386,27.898493678486048,1
1170,1172,-0.004082517358247542,2,27.770288736429375,27.684686339355785,2
1178,1179,-0.004361816091431863,1,27.01026268512147,26.91945914939283,1
1181,1185,-0.004732645602892988,4,26.7557190498123,26.655849432748777,4
1187,1188,-0.0009284735573631031,1,26.751901731267004,26.753815199631614,1
1189,1191,0.0033750338730489677,2,26.884426606225546,27.00204688328528,2
1197,1199,-0.004387153046714307,2,26.89397191298559,26.802877914082273,2
1203,1206,-0.001724064523679584,3,26.941144725142614,26.92163759801982,3
1207,1208,0.0014101662504179776,1,27.021348081196454,27.08647402238255,1
1209,1213,0.012240865828224364,4,27.320509128332827,27.68225632405986,4
1215,1216,-0.004199094258860937,1,27.531186106723776,27.443111247310124,1
1219,1221,0.006473772157076701,2,27.722954030310113,27.930149072253762,2
1224,1225,-0.004635493123250287,1,27.99211072610008,27.890345600050082,1
1227,1240,-0.006589290030342054,13,27.579698824447707,27.425547888768385,13
1244,1246,-0.0052176282640338315,2,27.595360015454904,27.478973045097533,2
1250,1252,-0.006843197200138109,2,26.8496450640092,26.692757293146478,2
1254,1255,-0.0017446855050200047,1,26.606605490957513,26.58679193751061,1
1256,1259,-0.005414356172268082,3,26.507135847587357,26.39012390884941,3
1264,1271,0.0010766429027876659,7,26.862793452816433,26.918577882189275,7
1273,1279,-0.016024157048819824,6,26.894996130894974,26.490921485197006,6
1281,1284,-0.016816741472088902,3,26.51697268209928,26.09756058056407,3
1286,1287,-0.002655460783766371,1,26.038579559998414,25.995473712671856,1
1292,1296,-0.010510718943946645,4,26.185880944041738,25.93683439008331,4
1297,1300,-0.005604746719570452,3,26.04165551565456,25.921740287846667,3
1303,1304,-0.016317519630484185,1,25.506832045233573,25.116130644669244,1
1305,1308,0.012526261450292044,3,25.169840873256955,25.510294721570876,3
1311,1312,0.0035557873497345984,1,25.83341402264763,25.951105563452465,1
1313,1320,-0.01987593379949316,7,26.11519149413246,25.62224286832813,7
1321,1324,-0.012231486333651374,3,25.73869648243976,25.449612664651237,3
1325,1332,0.01985367208623833,7,25.323385307655478,25.85147088097479,7
1333,1344,0.01996730861670447,11,25.940390499269284,26.484290672505292,11
1347,1348,-0.005637012084603973,1,26.447106729941545,26.324471176431995,1
1349,1351,-0.00832300832531092,2,26.32552182456329,26.132739809073858,2
1354,1356,-0.0033356849095096453,2,25.642507899588885,25.582615080845834,2
1357,1360,-0.0017237005242448028,3,25.759734273394958,25.741091940196895,3
1362,1377,0.026277619304525088,15,25.912528445767787,26.619360531929118,15
1378,1380,-0.00216178645136265,2,26.578287355854187,26.547409061703732,2
1381,1386,-0.0017910434479383886,5,26.585100754482994,26.56407078471838,5
1387,1390,0.001580441212182379,3,26.51093983016389,26.57934975187533,3
1391,1396,0.018832844154849353,5,26.66511769648603,27.19396282013115,5
1398,1402,0.002495202542130029,4,27.306357614379785,27.401798864929876,4
1403,1405,-0.0022545803064897537,2,27.47878280900689,27.4443084692484,2
1410,1411,-0.0005025046414105675,1,27.178912975996152,27.192434359053216,1
1415,1416,0.001514398966645227,1,27.048864058986616,27.11687569482546,1
1418,1421,-0.006303926096115494,3,27.077955120140697,26.93433564734954,3
1422,1429,0.028400145073409516,7,27.061804110080175,27.857425076864722,7
1432,1438,-0.007974825417291893,6,28.02634679410147,27.830867918128135,6
1439,1440,0.004720949920779493,1,27.859591475367843,28.018974803011798,1
1441,1443,0.005123506227323966,2,27.889595503309145,28.060377615051205,2
1445,1446,-0.008334505974921282,1,27.995423395976513,27.790090795808272,1
1448,1451,-0.0034178521088338546,3,27.595870589679652,27.52914785577929,3
1458,1460,-0.010966843258712285,2,27.637887894169708,27.362425397526657,2
1464,1467,-0.0028426437891090426,3,27.06815906128737,27.018282086110474,3
1468,1473,-0.0006975149625547351,5,27.029659984122482,27.037836051834912,5
1474,1479,-0.024095194635229817,5,26.94062154699984,26.318422648777812,5
1482,1483,-0.011227330165012976,1,26.112811230828125,25.845746888833787,1
1487,1488,-0.0035627750726427293,1,26.072543029870204,26.005724966512847,1
1491,1500,-0.011976491192921053,9,25.935655087566317,25.650972597915008,9
1501,1502,0.002264177964652574,1,25.593801293354858,25.677344015568323,1
1503,1511,-0.0042520676883874365,8,25.83001293323087,25.74601198278008,8
1514,1516,0.002212428292318035,2,25.712740119962575,25.795340453796964,2
1517,1524,0.004784636537888708,7,25.692064109680608,25.840683362463245,7
1525,1526,-0.00452270929043653,1,25.942227644722173,25.85084071838349,1
1527,1532,-0.018437160518386037,5,25.799463627831738,25.349594239264974,5
1533,1537,-0.0072053268995848066,4,25.408712348709518,25.251042982488258,4
1539,1541,0.0055720390826668915,2,25.37996226934612,25.546760373296873,2
1542,1545,0.002558941917900399,3,25.622138848795903,25.713326552771147,3
1546,1549,-0.004847659939754001,3,25.776373244789234,25.67719452606311,3
1551,1552,-0.0008642441577864238,1,25.836013401822104,25.83952079158091,1
1553,1555,-0.006038187256037248,2,25.959497051363833,25.828708244146515,2
1557,1558,-0.0031225745548779976,1,25.819989972258167,25.765185118535847,1
1559,1561,-0.0005901184274129795,2,25.71717050675632,25.72771150104612,2
1562,1564,0.002011182891855594,2,25.801386175462298,25.87907886810001,2
1568,1569,0.001414935994043591,1,26.18152631787441,26.244753028158446,1
1570,1572,0.0014237345794178811,2,26.3065591266883,26.370319243709154,2
1573,1575,-0.0012494808658265267,2,26.401595501479207,26.395008808574296,2
1576,1577,-0.00101210207918012,1,26.49020106992608,26.489880483415234,1
1578,1584,-0.02228787240180167,6,26.468484216774268,25.905026502098476,6
1587,1590,0.007856970153346046,3,26.018602619823096,26.24904860665864,3
1591,1595,-0.0004216242284474582,4,26.360046419851713,26.375292432037956,4
1598,1600,-0.0030641918005517004,2,26.06729887820952,26.01349097360259,2
1605,1608,-0.016806660233155978,3,26.22124690954375,25.806776568754902,3
1610,1613,-0.006236538492922159,3,25.440409203837003,25.30718952176542,3
1617,1618,-0.00032785524827164494,1,25.504569604226333,25.521712366830904,1
1619,1621,-0.002650275648305821,2,25.613817371701394,25.571547512632723,2
1626,1630,-0.01509989409991824,4,25.26905554943183,24.91276454217989,4
1632,1634,-0.018362284909206654,2,24.660566526771767,24.23240274471151,2
1639,1643,-0.030363106615204336,4,23.582791068224548,22.890327059804182,4
1644,1646,-0.03363163485579012,2,22.672514475347423,21.93267326172527,2
1648,1650,0.04353492232737562,2,22.78337003625902,23.79802565117967,2
1653,1656,0.014055731450995985,3,24.27641073194484,24.641909852519078,3
1657,1658,0.004256468101949532,1,24.880423527620447,25.01120668025638,1
1660,1662,0.03555612596960214,2,26.059238878189635,27.01186369729269,2
1663,1669,-0.013897792746901373,6,27.153510539292885,26.803290188006283,6
1670,1671,0.00958370484984641,1,26.739845628012507,27.022852261869847,1
1672,1674,-0.014135852434986731,2,27.07395565594628,26.718316169618394,2
1675,1676,-0.012315043872080628,1,26.66012205747146,26.358461606756148,1
1677,1681,-0.008134822287749715,4,26.197626252547106,26.010710844874296,4
1685,1690,0.016867392681511318,5,26.49496419064073,26.968360119917488,5
1691,1692,0.005992848014066204,1,27.09938730389479,27.288889200585242,1
1697,1699,-0.01176018848659954,2,28.116389642751056,27.81385199063238,2
1701,1703,-0.006172805108544299,2,27.77453682083123,27.630864554876982,2
1704,1705,0.010920290102047307,1,27.833659526701066,28.165444822860955,1
1706,1709,0.03780069992834971,3,28.97685284553433,30.101175017661856,3
1711,1712,0.00627712516428639,1,30.330920596289076,30.551642501816303,1
1713,1719,-0.006094368267751435,6,30.63392645549806,30.47786595264654,6
1721,1722,0.018981436239617865,1,31.361492570396297,31.98814023457092,1
1727,1729,-0.015841162795486047,2,32.293147282026105,31.813879426034948,2
1731,1732,-0.010985452822337576,1,31.723729708384333,31.406953902032672,1
1735,1739,0.0033802300065438728,4,31.007575333005317,31.143395644909116,4
1740,1741,-0.005215500232881236,1,31.067485420114895,30.936520428091367,1
1753,1754,-0.002056681017575955,1,30.517523428410325,30.485276140700094,1
1757,1760,0.020201394553095522,3,30.3541041321623,30.99765347017402,3
1761,1769,-0.022951464869007312,8,31.27671282064816,30.590143157947672,8
1770,1771,0.03542857283058668,1,31.40692976861384,32.55103939707491,1
1773,1775,-0.0036633212072435693,2,33.93713522099436,33.84674972904719,2
1779,1780,-0.005141160710280438,1,33.678402566469636,33.538934888976364,1
1781,1783,0.009827608856388167,2,33.54762951694622,33.91087012741474,2
1786,1788,0.0036756275253702576,2,31.941041836326725,32.09038625072566,2
1791,1798,0.11679850956156003,7,31.116958473567774,34.78248980384301,7
1801,1802,-0.002596529585106082,1,35.00502026270289,34.94913371222625,1
1806,1810,-0.03243632109283299,4,34.743893856128444,33.65167365285188,4
1812,1820,-0.032214494322937666,8,33.22640618672881,32.18926071944154,8
1824,1825,-0.011623416944467578,1,30.93056143711941,30.601973186646422,1
1826,1830,0.02193725889674142,4,29.889488472683215,30.57507140807232,4
1831,1838,-0.0004508789086052552,7,30.793952236166422,30.810861844826704,7
1847,1851,0.00936241218757074,4,30.185720469038678,30.498517346717648,4
1852,1854,-0.00013069794573255925,2,30.336234242599307,30.362605593345137,2
1856,1859,-0.014229504152964714,3,31.130807259231048,30.718962115309907,3
1860,1862,-0.002316758952166785,2,30.802159300285105,30.761600281280387,2
1864,1866,-0.005926573888296453,2,30.845561863574968,30.693598923928047,2
1867,1868,-0.009486245040979634,1,30.562533441418307,30.303172293561296,1
1870,1878,-0.022678542832144637,8,30.383810241796855,29.725133510066307,8
1883,1886,-0.00956233041726099,3,30.564657204463852,30.302952510388916,3
1891,1893,0.01598418802510643,2,31.29210494956032,31.823575943725015,2
1895,1896,-0.0054619175915798165,1,32.13699071655076,31.993598112332148,1
1899,1901,-5.107191873002671e-05,2,31.679604853903722,31.709666520553128,2
1902,1904,-0.00096092112009691,2,31.829162039604938,31.8304058876057,2
1905,1906,-0.0013747818978745742,1,31.868712916210573,31.856769099501015,1
1909,1915,-0.013628194776726905,6,31.756891496278804,31.355859284960413,6
1916,1920,0.015638391978080247,4,31.470146774823164,31.99375941247039,4
1921,1924,0.014824436261034787,3,32.547524994799,33.06257122953363,3
1926,1927,0.00019843233542146481,1,32.509748979288354,32.54870971368157,1
1930,1934,-0.013333667582541103,4,32.7278122415161,32.32415828462542,4
1935,1940,-0.025762555903148354,5,32.45594864630942,31.652256403565474,5
1943,1948,-0.006679745275352359,5,31.51632095133801,31.33731627631816,5
1953,1955,-0.005258643406892705,2,30.74478449811441,30.613853424315177,2
1959,1960,0.007992448956786212,1,31.325275372863718,31.606966312711467,1
1961,1966,0.04558162724566197,5,31.981783202021028,33.471546705789144,5
1970,1972,-0.003261211381256792,2,34.259452279373846,34.1819844159641,2
1973,1979,-0.011849307174053358,6,34.167557530035864,33.796863203005366,6
1981,1989,-0.005717774755070786,8,33.67896492461493,33.52007515411667,8
1993,1997,0.01203025832102739,4,33.384368837420894,33.819375787256945,4
1998,1999,-0.020049986259629168,1,33.81670894398593,33.17250110325712,1
673,675,-0.0029807269349509695,2,27.071061587314713,27.017441206471002,2
676,677,-0.00603577372274735,1,26.962828725924368,26.82705002153542,1
679,680,-0.006062093846401577,1,26.629164953960615,26.494365621912358,1
681,683,-0.00396818218128695,2,26.309343245300706,26.231252321478642,2
685,688,0.0006582824708575873,3,26.187674262876257,26.231100824058913,3
695,696,0.003863203204509764,1,26.80082370116376,26.931161552870762,1
697,699,-0.0002834092520648759,2,27.085214148489975,27.104623162354624,2
700,707,0.02530863466623805,7,26.947413073247795,27.656362718992078,7
708,709,-0.007031634241119864,1,27.82210776576478,27.654294987904667,1
710,711,-0.010472201507394911,1,27.674468690937605,27.412330546886952,1
714,717,-0.022849905619174327,3,27.43804897309792,26.838530192661448,3
719,723,0.002443861065771668,4,26.65871548885591,26.750524401191466,4
724,727,-0.013581318199282901,3,26.647554596714627,26.312293233100597,3
728,731,-0.011780055670104424,3,26.23130100866858,25.948526123495867,3
732,733,-0.005291457166145334,1,26.038157747699522,25.926416109039934,1
734,737,0.01507481842189581,3,26.14949500926471,26.569843393362913,3
741,742,-0.0044027548067203945,1,26.26697931023999,26.177599220134045,1
747,752,-0.004662185751748508,5,26.38836986514382,26.29173075301182,5
754,764,0.02583199704695461,10,26.232469696879292,26.936339246320284,10
767,768,-0.000259215924857435,1,26.95146680414193,26.97143202155217,1
777,781,0.017131624273588535,4,27.23004712532328,27.723772108751753,4
784,791,-0.004518341017552703,7,27.935368121607993,27.837081970105306,7
792,793,-0.0028573546260551477,1,27.825466446590593,27.773784687763875,1
797,798,0.003695687549003677,1,27.854447718372576,27.985243501708112,1
799,800,-0.0009470760498933272,1,28.04476739625127,28.046251636121703,1
805,810,0.007099895695267017,5,28.461678714739246,28.692215343640836,5
812,817,-0.008236761947642062,5,28.66769407417834,28.46023279657568,5
825,831,-0.0227811541322031,6,28.625378126725106,28.00188435365431,6
833,836,0.012964022700800978,3,27.960025452379988,28.350459882511995,3
839,845,-0.002384307087420338,6,28.63969237316031,28.600046244026608,6
848,849,-0.008360293497783371,1,28.621823648980023,28.411158626481733,1
853,857,-0.005659146122026837,4,28.13530229083468,28.004215806274285,4
865,866,-0.007026573851861336,1,27.845173314919585,27.677362321519343,1
870,871,0.002740518803198574,1,27.799888661390607,27.903874667655366,1
875,884,-0.024204856792418065,9,27.775200476420537,27.130680926984496,9
891,893,-0.0017496352326642267,2,27.06897069049067,27.048678836349122,2
894,895,0.003981266711564993,1,26.96864273578692,27.102980738102783,1
896,898,0.0003707927717648803,2,27.327692188549733,27.365152791470813,2
900,902,0.0016712546060089198,2,27.30912052165798,27.382070135637512,2
909,910,-0.0005299110343353693,1,27.796764492787755,27.809831445056993,1
912,913,-0.0007432869198700425,1,27.904347840746322,27.911511251829538,1
914,915,-0.005922738515407819,1,27.7209133705674,27.584450562635823,1
920,922,-0.0025439691990469396,2,27.300258000148748,27.258107242670484,2
924,926,-0.0006988591085097197,2,27.073132364092988,27.081285191308545,2
933,934,-0.0006131749908589927,1,27.311957751967306,27.32252270027437,1
937,939,-0.004953957686308729,2,27.22625384611061,27.118602390446387,2
942,946,-0.022292923033511113,4,26.96862656197623,26.394385672272566,4
954,955,-0.0009562462747604546,1,26.62057935299985,26.62174410251458,1
957,960,-0.00041838727344283813,3,26.790398499375154,26.80598013609193,3
961,963,-0.007068675245760107,2,26.7611902840616,26.598785311037638,2
967,968,-0.0004173134814450058,1,26.422158337380587,26.437554172834904,1
969,976,-0.012751829199796814,7,26.462806088250126,26.151819710953667,7
977,978,-0.00025855768587376054,1,26.10083352132821,26.120185783734886,1
980,981,-0.00017377995147108399,1,26.112602920006456,26.13417767605824,1
982,983,-0.008426462153422808,1,26.05502568690292,25.861529024732675,1
984,986,0.0020964900523360165,2,25.812520183588994,25.8924483955632,2
987,991,0.011631426498681926,4,25.955007793074028,26.28285656628496,4
992,997,-0.00451498885620218,5,26.37760811768368,26.284891119096752,5
1004,1006,0.0036184679274252306,2,26.003867155768074,26.123965182216015,2
1008,1010,0.0032317484721099375,2,26.03616889386906,26.146347411805287,2
1013,1016,0.013288529215620248,3,26.54055832471041,26.91978386773191,3
1023,1027,-0.006854345114443995,4,27.628849038574792,27.4671002211881,4
1028,1033,0.01776553850028869,5,27.564435612784493,28.08169709051493,5
1034,1035,0.001002955692692614,1,28.165480399377437,28.221894608680792,1
1036,1037,-0.004266852927815153,1,28.350486083668958,28.25786921520154,1
1046,1048,-0.012034347822986076,2,28.3608689993521,28.047925306251106,2
1051,1052,-0.0004774468936790806,1,27.82187631791571,27.836414725809313,1
1053,1058,0.017412607505240128,5,27.782416803390696,28.293963539538517,5
1060,1066,0.017146412230048605,6,28.73969196370303,29.261214261441,6
1070,1073,-0.016764341396766594,3,29.147223969681885,28.6877371802558,3
1075,1078,0.009912063032061231,3,28.64153305613663,28.95407127018006,3
1082,1083,-0.006226770452732141,1,29.19599105547336,29.04339031208638,1
1084,1089,-0.013854039370460293,5,28.835191264301265,28.464542580535184,5
1090,1091,-0.001327706264858127,1,28.497906920415815,28.48856797778265,1
1093,1095,-0.011168261881859001,2,28.249528813466714,27.962280206452263,2
1098,1104,0.006703936644550147,6,27.747956895280662,27.961725397217613,6
1107,1109,0.008490601113630956,2,27.995451492458,28.261145155568922,2
1111,1112,-0.00839251644761015,1,28.204900148173277,27.996394959924704,1
1113,1116,-0.028742663525240818,3,27.851673857647942,27.07899424120047,3
1117,1118,0.000725126740121226,1,27.123661601747024,27.170453355666197,1
1122,1123,-5.2782333438896743e-05,1,27.460460600839557,27.486471634252577,1
1128,1129,0.00019639603761432783,1,27.60887268719066,27.641903833076615,1
1130,1131,-0.001027832647874516,1,27.61954098799657,27.618772263037794,1
1132,1138,0.0067266542229432085,6,27.575588113228402,27.78865514757362,6
1140,1143,0.008342265834421415,3,27.88045901747018,28.140925677197078,3
1146,1147,-8.41563703892766e-05,1,28.21765903884342,28.24350200211667,1
1148,1155,0.006512242933977362,7,28.403822796840622,28.617199213944133,7
1156,1157,-0.004386072067488539,1,28.658057124733983,28.56101887799543,1
1158,1160,-0.00621116445567742,2,28.46876488670879,28.320409471034136,2
1162,1165,-0.010277402744452758,3,28.2095054575697,27.94779451421799,3
1166,1167,-0.004983953666608542,1,28.00005182117798,27.88850091205977,1
1168,1169,-0.004629535793790822,1,27.874705463142707,27.773533221922854,1
1171,1176,-0.020864941559003643,5,27.759472399957275,27.20803210302335,5
1179,1180,-0.005204675704629989,1,26.90769652994802,26.79455839208099,1
1182,1184,-0.00021274196366440328,2,26.64519596364432,26.666172608296435,2
1185,1187,-0.0011238169977195252,2,26.723306357913522,26.719997558351146,2
1188,1196,0.0018307915035634822,8,26.82343443457787,26.899365984871665,8
1199,1207,0.003431709066687897,8,26.860849877004224,26.979889348943086,8
1208,1215,0.01569393654264768,7,27.072954677274677,27.524908864679077,7
1216,1220,0.011522749734557882,4,27.4072839130957,27.75049847044337,4
1227,1228,-0.003111579392854153,1,27.656127035667154,27.597728927732483,1
1233,1235,-0.0032953298545921406,2,27.729597867420832,27.665949293579907,2
1237,1240,-0.00717250982341279,3,27.58580394263617,27.415530296813508,3
1241,1243,-8.627646051193028e-05,2,27.516252333567763,27.541394581043438,2
1247,1252,-0.024460751282133892,5,27.336620749284748,26.695283088991758,5
1257,1261,0.00493063635906153,4,26.41674077269955,26.573408856014026,4
1264,1267,0.0017382153824079191,3,26.895922469304125,26.969569297933624,3
1272,1275,-0.012460821363797201,3,26.928665910819426,26.62004128125015,3
1276,1277,-0.003891110688259963,1,26.601249365689725,26.52434220932751,1
1278,1279,-0.0042611585430051505,1,26.557568513465426,26.470960072026294,1
1281,1286,-0.024751738251127975,5,26.549697162079642,25.91909570443921,5
1291,1293,-0.00407029982119712,2,26.184780422566575,26.104385295917083,2
1294,1296,-0.008535954589017163,2,26.13516365605244,25.938210249563898,2
1298,1302,-0.011736443318425865,4,26.03932273841893,25.7597530257877,4
1305,1307,0.006888642697673058,2,25.186085555907475,25.384769585811053,2
1309,1311,0.00509110662831828,2,25.65274238019574,25.80899596934229,2
1312,1316,0.01881803932700184,4,25.962655695211303,26.47718462681241,4
1320,1323,-0.007554744366042285,3,25.69921401231836,25.530762234059402,3
1327,1334,0.020180742086411692,7,25.39054393987163,25.928334502495755,7
1342,1344,-9.453032456829282e-05,2,26.42314583226017,26.447071189540793,2
1354,1356,-0.003390065927572389,2,25.67217647535433,25.61081828107396,2
1364,1369,0.008818675905172487,5,25.81594208534769,26.06942045387042,5
1375,1378,-0.004370722800169025,3,26.732527948466323,26.642420007004272,3
1379,1383,0.0018979188190793956,4,26.57677166272602,26.65378898947781,4
1384,1387,-0.007852161161158368,3,26.662914408059528,26.480215821509333,3
1388,1400,0.030953117629540977,12,26.460556009509386,27.306053268224296,12
1409,1410,-0.002783600435915085,1,27.197915456766435,27.149405242901764,1
1412,1421,-0.007300157742960151,9,27.06392722906266,26.89342021837557,9
1424,1427,0.014204951929845385,3,27.32232215260854,27.7377567475507,3
1428,1438,-0.0028233444056496816,10,27.890750855989022,27.839896411446386,10
1439,1442,0.004286607673590272,3,27.857177490893235,28.004447459181158,3
1445,1447,-0.014246908516677603,2,28.007690981946922,27.636675661745695,2
1449,1452,-0.0004134165909497337,3,27.64508286902449,27.661299015977278,3
1454,1459,-0.014702710457953513,5,27.824967057901095,27.44368959080458,5
1461,1463,-0.011515278031490103,2,27.444645040801184,27.156056967721604,2
1470,1472,-0.003504400193996457,2,27.07361487339457,27.005811707053454,2
1473,1477,-0.023765922114476815,4,27.04508364456838,26.429377376736625,4
1478,1481,-0.0008496353199653062,3,26.341169081883574,26.34512986334431,3
1486,1489,-8.606413102789964e-05,3,26.020690609943678,26.04447185242753,3
1492,1499,-0.008095966840741,7,25.789574373289398,25.606572408699712,7
1500,1502,-0.0016158072211017345,2,25.69949897906828,25.683673042018274,2
1504,1508,-0.002343618518723764,4,25.710490860696584,25.675945769050674,4
1510,1512,-0.004801448174536517,2,25.767655994590527,25.669701585747806,2
1513,1514,0.00015916393015581254,1,25.71045686366393,25.740259497888115,1
1515,1517,-0.007985629293156448,2,25.82844723970442,25.648019282069995,2
1519,1521,-0.0016488343466062414,2,25.73880660257492,25.722106380810512,2
1522,1524,-0.0024593283679062855,2,25.86751720324474,25.829768001582742,2
1525,1527,-0.006696778471138914,2,25.931754988384057,25.78402752484738,2
1528,1530,-0.010982736014120573,2,25.692724423312168,25.436240737910694,2
1534,1535,-0.004241504462705496,1,25.406262403695976,25.32390789073373,1
1537,1539,-0.00011922332181639342,2,25.31855011765224,25.34085010612129,2
1550,1551,-0.00016489440136621453,1,25.7497915971011,25.771295392227493,1
1559,1560,-0.005393029914119036,1,25.73958515544774,25.626510387882846,1
1562,1563,-0.0018693244110860483,1,25.790700977440743,25.768280491502033,1
1567,1572,0.007657582033894995,5,26.146036691054693,26.372398148568728,5
1573,1574,0.002026739014251585,1,26.361739809127126,26.44152991549096,1
1579,1581,-0.013237644409356684,2,26.337298021152407,26.01499153326629,2
1583,1591,0.016233073548222135,8,25.907208135726243,26.353668958958313,8
1592,1596,-0.0071065883409107845,4,26.378320255137453,26.21723871221462,4
1597,1598,-0.005776557559667577,1,26.150729512478918,26.025819047735265,1
1605,1606,-0.005188803970287502,1,26.170954104971038,26.061329108509923,1
1609,1612,-0.008265398961973786,3,25.576727754290467,25.39090262301376,3
1615,1625,-0.0024884275683694705,10,25.372685310777488,25.334919906477364,10
1633,1637,-0.028207748712271146,4,24.376798758706723,23.713560943670227,4
1641,1643,-0.01688858629421588,2,23.246007398756745,22.876661204205618,2
1645,1646,-0.017374951494213156,1,22.30505728830157,21.939813057129985,1
1653,1661,0.09372804600331705,8,24.27492150894485,26.574437390371088,8
1662,1664,0.004420910109441671,2,27.013574843651433,27.160013004613543,2
1666,1668,-0.020194922057695106,2,27.831881434067242,27.29765063922131,2
1674,1675,-0.005954467984032245,1,26.765006200419975,26.63239983410757,1
1679,1682,0.020545188444842336,3,25.71405636140602,26.26807055139381,3
1683,1686,0.0009035392143610403,3,26.38609298370269,26.436319946410944,3
1692,1697,0.026249956767280067,5,27.315710587062934,28.060062519627934,5
1698,1699,-0.004195642652103578,1,27.941439587036783,27.852148730931273,1
1704,1705,0.013500057484069392,1,27.789274458090095,28.192220535172982,1
1706,1707,0.016298887341335788,1,28.981319239092947,29.482663815613304,1
1708,1714,0.028004278911982216,6,29.80840385150665,30.672975110736754,6
1716,1718,-0.018391816896595862,2,30.77786219118569,30.242579247487928,2
1720,1722,0.03814714094803315,2,30.8265721663383,32.03334433187866,2
1724,1725,0.0034747212329168274,1,32.2136779619821,32.357825190748926,1
1726,1727,-0.00919490038414987,1,32.47510713391634,32.2089768659893,1
1730,1732,-0.018704279783001508,2,31.944108213391328,31.37856078416297,2
1735,1739,0.002214756704091499,4,30.99364614848674,31.093283180226827,4
1740,1741,-0.003897237389161936,1,31.00355792384828,30.91373325663426,1
1744,1746,-0.021483955500195075,2,31.16648884268217,30.528075872131343,2
1748,1749,-0.0027403490854007095,1,30.369150066042867,30.316297143501032,1
1755,1759,0.008940099370378589,4,30.458594071709,30.761355523463813,4
1762,1764,-0.013678331303886265,2,31.485180101073087,31.086000556589156,2
1774,1775,-0.010601961167393509,1,34.15945183899616,33.83145410893867,1
1777,1778,0.00391565710001256,1,33.4591382318966,33.62361188230653,1
1779,1786,-0.05247378500505382,7,33.63337666219651,31.902139462892613,7
1787,1788,0.0034398117539405724,1,31.9650503577799,32.106969164073675,1
1789,1790,-0.024220745266124055,1,31.90608739639377,31.165204268523418,1
1791,1795,0.04948065893911284,4,31.14909589934217,32.72152278569858,4
1796,1802,0.05043629557060601,6,33.232950221200845,34.94233007146177,6
1805,1809,-0.03132526293170719,4,34.92277793546497,33.86373551226637,4
1811,1812,-0.0068187770316095716,1,33.39059685015633,33.1963044121329,1
1815,1817,-0.018834084267505307,2,33.57069052439899,32.97198800066852,2
1818,1820,-0.017234332112534535,2,32.70481260249024,32.17387181302321,2
1823,1826,-0.049829561006376824,3,31.385095671691467,29.852575227899635,3
1828,1832,0.025113065308551067,4,30.432787530997217,31.227480899315406,4
1833,1835,0.009920086402791448,2,31.49779205819513,31.84175066896778,2
1840,1844,-0.009315865079752586,4,30.054853950523672,29.804921840079448,4
1848,1855,0.02370922548065404,7,30.16462118564998,30.90996561206472,7
1861,1865,-0.006093587815148632,4,30.969241340093287,30.81149678975899,4
1868,1869,0.0015925661468803205,1,30.354546511485818,30.4332426811754,1
1871,1877,-0.01663334435003401,6,30.18442110089887,29.712537651822085,6
1881,1885,-0.00040665109358877503,4,30.315950656248024,30.333938592416725,4
1892,1895,0.009252096157491414,3,31.74156481056518,32.06698238519234,3
1898,1901,-0.002969360653149131,3,31.736048446233887,31.67354872113744,3
1903,1912,-0.026224180045075998,9,32.04794524325713,31.239562102366477,9
1918,1922,0.05224998141918431,4,31.435422600144467,33.109358269506366,4
1923,1924,-0.004002031845761266,1,33.22328371983488,33.123546364087176,1
1929,1932,-0.003894672902634759,3,32.59376573320473,32.49941744274199,3
1935,1939,-0.025169240372680243,4,32.471637861913884,31.686823041134662,4
1953,1955,-0.00274814915048092,2,30.680150375881205,30.62651689706498,2
1958,1961,0.0331008537043151,3,30.898218911617214,31.951874554446174,3
1964,1965,0.0015936809543636264,1,33.15807838250734,33.24407985889135,1
1967,1971,0.00928679353070061,4,33.79704925015987,34.14471251774319,4
1978,1979,-0.0029265145431698197,1,33.849286292314545,33.78407514999648,1
1980,1984,-0.016708664671887346,4,33.73514971396791,33.20521555945527,4
1985,1986,0.00036241592980196594,1,33.172066277743205,33.21726042926445,1
1988,1992,-0.005681366548314047,4,33.46202330282587,33.305375306297115,4
1993,1995,0.008991898020378704,2,33.43938018486837,33.77350306154025,2
1998,2000,-0.018720221366219095,2,33.829706618562035,33.23023672852687,2
680,686,-0.017111904270047246,6,26.509544631876473,26.082425386525134,6
687,688,0.0020517220112428254,1,26.120277072458798,26.19998889694058,1
691,693,0.005418048089325819,2,26.54688686358248,26.717266060094843,2
694,703,0.010093971718371002,9,26.799826306077367,27.097142821174245,9
704,705,0.0031590622987045028,1,27.387190954332826,27.501095987698413,1
706,708,0.0066034807854498875,2,27.553469698534098,27.762971975959378,2
709,711,-0.014204083048302781,2,27.73151425647554,27.365345039177843,2
713,716,-0.012096570439252035,3,27.32810485668833,27.024856616174823,3
717,723,-0.0036586242809243377,6,26.91526465450026,26.8437070783623,6
727,729,-0.008667737425171362,2,26.34389334696403,26.14189529002279,2
732,733,-0.001467399038444946,1,25.963073086648546,25.95093797125277,1
734,737,0.017991768661489826,3,26.114112351134693,26.610065531707598,3
738,741,-0.015569557622056227,3,26.664418274164913,26.275929495660858,3
744,755,1.343316250577032e-05,11,26.248944848158825,26.275546399348734,11
756,757,-0.0004095999743099374,1,26.323132143278837,26.33867332117247,1
758,760,0.004325138537416458,2,26.39146923169804,26.532007461562795,2
764,765,-0.0022471734653864385,1,26.973241838475996,26.939601526979597,1
766,768,-0.0018681408840210809,2,26.950274786382984,26.926878151005322,2
770,773,0.005969574261336045,3,27.007548539415367,27.19577965457746,3
775,776,-0.001746889137264094,1,27.2238900168314,27.203556789103757,1
780,787,0.01354583355558436,7,27.781149346232446,28.185249320605575,7
788,796,-0.017736552502737566,8,28.184088406799585,27.712383931437387,8
799,801,-0.0026853560280273485,2,28.099534997750396,28.052177277057172,2
805,807,-0.0001932947384879752,2,28.52242546745624,28.545434658151922,2
813,820,-0.006927706003588382,7,28.64432727618455,28.47453212542076,7
824,826,-0.007168519351475523,2,28.665518111455714,28.488694308265128,2
827,830,-0.015352194638994364,3,28.523432503623113,28.114058648558895,3
831,832,-0.0075564117417326595,1,28.077192416660445,27.893106782624965,1
833,836,0.01157735036441606,3,27.999070537792555,28.35122465782437,3
837,838,0.00011009854036131677,1,28.506442568305694,28.538087528591664,1
842,843,-0.0015180683202029653,1,28.711285100632246,28.696410693389293,1
845,848,-0.0035155524550532346,3,28.635473025450295,28.563438990979513,3
855,856,-0.0024263427449314214,1,28.144790797635213,28.104646679473394,1
857,864,-0.007331133326084277,7,28.03028252139521,27.85281906558445,7
867,871,0.005454758786666693,4,27.734421789329144,27.913440792066936,4
884,892,-0.004991599908881659,8,27.149297457099358,27.0409283238434,8
897,900,-0.006681151001897518,3,27.422858276189118,27.267064877418452,3
901,917,-0.0014692156404793677,16,27.367034651589222,27.354193610897156,16
919,922,-0.00028204095374481674,3,27.248884835389106,27.26844841875704,3
923,926,-0.0075739139682522135,3,27.229039215044658,27.05003785380679,3
929,934,0.0012528447709368976,5,27.24139804828412,27.302768689430206,5
936,941,-0.010279894938237093,5,27.28107381196707,27.027908313189723,5
945,947,-0.011240616094070094,2,26.56845278345919,26.296375458290356,2
952,953,0.0010249573217737096,1,26.60378307873436,26.657654604066522,1
955,956,0.0022690430235554598,1,26.624803094625413,26.711840721435436,1
957,958,-0.0023154438205311516,1,26.775852150528728,26.74063002127786,1
959,964,-0.013347107139449938,5,26.8566767421453,26.52507447700046,5
969,977,-0.011788350390376123,8,26.47232128750089,26.186728609804717,8
979,982,-0.004171733325790716,3,26.09736419646479,26.014590316727567,3
984,986,0.0024502821408621685,2,25.787164421094378,25.876137413959956,2
987,990,0.010300665429374616,3,25.927165334272633,26.220159555247328,3
993,994,-0.002884042855510256,1,26.378116253164205,26.32841875169561,1
995,997,-0.004979879329831827,2,26.3370251718037,26.232206989713177,2
1001,1004,-0.006915228695671118,3,26.12265066857049,25.96812921572877,3
1005,1006,-0.002134861214057427,1,26.10795604786507,26.07832714116803,1
1009,1011,0.007098402659346606,2,26.053189220506315,26.264178437374124,2
1013,1014,0.0042534679479562035,1,26.477577386754916,26.616676490895763,1
1018,1022,0.01976362947475161,4,27.044826477593404,27.606375233783105,4
1023,1025,-0.001035413315071056,2,27.728844425873874,27.727862455569664,2
1029,1032,0.009396713913899794,3,27.58926843977394,27.876106170836053,3
1034,1037,0.0013730272520951115,3,28.209021202917118,28.27596197898657,3
1038,1039,-0.002041009576799342,1,28.448165654074444,28.41855084118618,1
1049,1050,-0.0064161540154283585,1,28.047115503057952,27.895208005804882,1
1053,1056,0.004852325052508645,3,27.858910503522768,28.02194990339813,3
1064,1074,-0.02847183916455878,10,29.482402529777737,28.672466709294902,10
1076,1077,0.00047924361154107393,1,28.698991448837813,28.741444248596178,1
1078,1079,0.0030813118776129543,1,28.97057381879848,29.088811765826406,1
1085,1088,-0.011320434062523744,3,28.69944860068596,28.403257833771793,3
1090,1093,-0.008684788220549737,3,28.51126706998542,28.292164020653047,3
1094,1106,-0.005768162658058477,12,28.078947462017492,27.945062473251514,12
1107,1109,0.007244372325781861,2,28.01034141799804,28.241269101620283,2
1111,1115,-0.03234469726748648,4,28.173209419851986,27.290128699533227,4
1116,1120,0.002725534464724414,4,27.112152360120586,27.213159618151074,4
1121,1124,0.006237980706898223,3,27.29757006887719,27.495149354380924,3
1125,1131,-0.001776610256084722,6,27.617668076488993,27.596219912211648,6
1132,1137,0.0041434362262502316,5,27.616471443557014,27.75851500322101,5
1138,1145,0.012164041015573467,7,27.847924952752045,28.214516179028685,7
1148,1153,0.010051918073462299,5,28.372287826636555,28.685856027253234,5
1158,1159,-0.004983101416944949,1,28.47156207919872,28.358156959938427,1
1161,1163,-0.0037189784678102206,2,28.229514559707233,28.152759117462654,2
1165,1168,-0.0057725677276931585,3,27.964433776044828,27.830971621882064,3
1169,1171,-0.0044266656988307534,2,27.805749437600944,27.710468429772835,2
1172,1176,-0.01856219951276442,4,27.640244309409447,27.154820824266046,4
1177,1179,-0.0057794319855903305,2,27.060296587038597,26.930963739990943,2
1180,1181,-0.008216816385635959,1,26.894577232956706,26.700484007297153,1
1182,1185,-0.00041919331860051717,3,26.655048466085226,26.670529896327356,3
1189,1194,0.004990962371808207,5,26.872872064711707,27.03386643007381,5
1195,1196,-0.0025568351205311774,1,27.007923420448524,26.965876536734953,1
1197,1198,-0.0032511045376009467,1,26.932940983285267,26.872312117626855,1
1199,1204,0.00660453242640558,5,26.834696391969583,27.038761710835065,5
1205,1207,-0.0024721499501004626,2,26.99849031830674,26.958744492131856,2
1208,1210,0.010447113251481385,2,27.07571349980815,27.385652258605116,2
1214,1216,-0.009676455808463623,2,27.679678982478386,27.439517470994453,2
1217,1218,0.002261921140379185,1,27.47123855167092,27.560847565455013,1
1220,1225,0.004568267256053365,5,27.78757827130624,27.942306933519376,5
1232,1233,-0.004173377043612868,1,27.74176481848495,27.65372973886066,1
1234,1235,-0.0021666042782021184,1,27.73467664085541,27.702321248431637,1
1238,1244,0.0010821819472140205,6,27.531733062823353,27.58905914038228,6
1247,1248,-0.01465658802932954,1,27.350722611779595,26.977205060766053,1
1251,1252,-0.009051995262866357,1,26.843759300384228,26.62761347766001,1
1255,1258,-0.010749429827593894,3,26.64003431344728,26.380309168303633,3
1261,1264,0.012795630040162834,3,26.537036151097148,26.90313128420011,3
1265,1266,-0.0017541378433986567,1,26.90015220129474,26.87986577852656,1
1267,1268,0.0006618827253014516,1,26.994170348052275,27.039031493437548,1
1272,1276,-0.017145280625414237,4,26.94134299382026,26.506367450759495,4
1278,1283,-0.011552887080551563,5,26.46498673693878,26.18570472031557,5
1288,1301,-0.009441448946016586,13,26.08479626160868,25.864602785699066,13
1302,1303,-0.013898665075206623,1,25.76082916963898,25.428548862120195,1
1305,1306,0.00017427116948453506,1,25.187726847106656,25.217304068568065,1
1307,1319,0.012993772463632404,12,25.40748382994462,25.763030377534285,12
1326,1330,0.005260516328069428,4,25.326864453500338,25.48542370195028,4
1337,1340,0.004781941183963917,3,26.10628983162401,26.257234863961976,3
1341,1342,-1.3042878225027641e-05,1,26.36067470199054,26.386691557622463,1
1344,1348,-0.005590448385182155,4,26.459609404885338,26.33814793362013,4
1351,1357,-0.01740013935735805,6,26.16477262121578,25.735666703974253,6
1359,1362,0.0027472408325761536,3,25.76875918711799,25.86532093374878,3
1365,1366,0.00019925580118521644,1,25.861233196235606,25.892247430171995,1
1371,1373,0.011595249356547724,2,26.259118913125153,26.589859063719203,2
1374,1376,-0.0001470368424899488,2,26.682334275425944,26.70509332351925,2
1381,1384,0.0021525554607412715,3,26.593388048770255,26.677225179483017,3
1391,1400,0.02280716950107326,9,26.664482882387574,27.29928874602704,9
1405,1406,-0.002180991522715179,1,27.472886737988212,27.440441491646133,1
1410,1413,-0.011452871286043092,3,27.244367718708617,26.959585849675328,3
1417,1419,-0.007734747972200306,2,27.15915164240639,26.976241600956012,2
1425,1436,0.013698306680418246,11,27.461100777777535,27.86473245879118,11
1440,1443,-2.300043550103434e-05,3,27.992582081634477,28.019930822137436,3
1444,1445,-0.004973163425827352,1,28.071220891290842,27.959689343127245,1
1446,1447,-0.006348099920051016,1,27.786759230821303,27.63815286600047,1
1451,1452,0.0009589246530902844,1,27.545638862930947,27.599598693984664,1
1455,1458,-0.014130831967324217,3,27.934418321563346,27.567616168477954,3
1460,1467,-0.018926986481682555,7,27.486335217987197,26.993588058103345,7
1471,1475,-0.008875273653152431,4,26.998073727130503,26.785456508421365,4
1476,1477,-0.00897813557108713,1,26.60431612100131,26.392063280211904,1
1478,1479,0.0004014677124966671,1,26.302659836325848,26.33952216483924,1
1482,1489,-0.0031902595834401486,7,26.107197882255477,26.0500163418971,7
1493,1496,-0.012445174769734797,3,25.713762336607914,25.419463832678012,3
1501,1502,0.0003535122883997607,1,25.650495446125568,25.68521370691544,1
1515,1525,-0.001239788649789136,10,25.86896677394318,25.862763689329014,10
1527,1529,-0.01099141718534596,2,25.803687721763044,25.54587231281452,2
1530,1534,-0.010169490271239999,4,25.517562439361882,25.283579398828394,4
1538,1542,0.013565456865791112,4,25.272949958063606,25.64106202054908,4
1545,1547,-0.0031683520386136424,2,25.801708518588445,25.74576133132245,2
1548,1554,0.004844787064392962,6,25.707925307221025,25.85818265650905,6
1555,1559,-0.00874313518601921,4,25.909220379409717,25.708601783447584,4
1561,1562,0.00022475401705520075,1,25.78082719640293,25.812402368074732,1
1566,1567,0.004216855466816454,1,25.993960384632246,26.129567118969025,1
1570,1571,-0.001215752155315414,1,26.309699827470034,26.304023453026556,1
1573,1574,0.0002398187885978677,1,26.369997390816607,26.40269140903702,1
1578,1582,-0.021575833406453568,4,26.475268146128215,25.930517439362294,4
1586,1587,-0.002360126647157434,1,26.01157738055425,25.97619834102436,1
1593,1594,-0.0015281683970588427,1,26.443514978026222,26.429548349107677,1
1596,1597,-0.00594911664846074,1,26.294526661525364,26.164391981861414,1
1598,1599,-0.002445231902262158,1,26.064753169472826,26.027083556667716,1
1600,1604,0.005771889336238023,4,26.006888692675822,26.183004464882483,4
1609,1611,-0.01136194904393599,2,25.59865777283038,25.333405785395154,2
1615,1621,0.00927638507494814,6,25.329250386355497,25.589543516985465,6
1623,1624,-0.003973817537869297,1,25.515126047987906,25.439248718665453,1
1627,1630,-0.014593645082007615,3,25.2950772410443,24.951224938707576,3
1633,1634,-0.009413127352970566,1,24.398059494302878,24.192795512611955,1
1636,1639,-0.009796881614525826,3,23.8061782420703,23.596758110380506,3
1641,1643,-0.016294021656160583,2,23.279576424384715,22.92353807840393,2
1650,1653,0.016562540123884247,3,23.824271285425695,24.242686005798287,3
1656,1660,0.05351261816241996,4,24.661832149618945,26.006213188776815,4
1661,1665,0.03213263540055101,4,26.615216908324445,27.49704918625454,4
1666,1667,-0.010584490504898347,1,27.826056746729694,27.5593581700519,1
1671,1672,0.005351638257593599,1,26.972936074980232,27.144258407673703,1
1675,1677,-0.02134292021408824,2,26.671206250466454,26.128636029699724,2
1679,1681,0.012182527637244672,2,25.68702372347177,26.025643623624998,2
1682,1687,0.009845275597556744,5,26.245661295662476,26.530302725654064,5
1689,1694,0.032642302386101676,5,26.74888616100831,27.648780277728363,5
1708,1710,0.008974286724952766,2,29.791709759241108,30.088860814406353,2
1712,1713,0.0001834723128345088,1,30.558590150519805,30.594755395882203,1
1714,1722,0.041311516142738404,8,30.69626835812513,31.995074012281773,8
1723,1725,-0.0007920379909767675,2,32.37964901775832,32.38638275461952,2
1729,1730,-0.002403436063164847,1,31.944571877277443,31.89973971308251,1
1734,1742,0.00039977721986942977,8,31.120946451156456,31.16450884305956,8
1743,1745,-0.01883836035413156,2,31.375169634058178,30.815488051953842,2
1749,1751,-0.002669510617302212,2,30.352185109240946,30.301511813942746,2
1753,1757,-0.005057687865233803,4,30.49761451177243,30.373864711449432,4
1762,1763,-0.0051719156742231235,1,31.44782377923488,31.316626110290084,1
1765,1767,-0.01683092554474276,2,30.907585877361345,30.418290186569095,2
1768,1780,0.10207854155294735,12,30.37018331444964,33.500697517198766,12
1781,1782,0.01457996115200719,1,33.536868159778884,34.059371262868225,1
1785,1787,-0.022282399528303302,2,32.63789470666385,31.943281991753935,2
1788,1800,0.0879471755943374,12,32.199154062673074,35.06317787307478,12
1802,1805,-0.0013906265437646508,3,34.94864654066538,34.93499467165795,3
1808,1809,-0.01236213563238793,1,34.18488875008836,33.796475407531766,1
1815,1826,-0.11003463767528658,11,33.57982662890212,29.918462399220836,11
1827,1836,0.05443424084727185,9,29.949319333349557,31.60953711448631,9
1837,1838,-0.01685250114249976,1,31.28628002130514,30.79031423152283,1
1848,1850,0.0052568968264517625,2,30.166012403016584,30.354758030287723,2
1852,1856,0.024729937012657025,4,30.30825154384644,31.088080947033372,4
1859,1861,0.005443375192619588,2,30.699506304117794,30.897314741463415,2
1865,1868,-0.01778465021366299,3,30.845285016470427,30.32755769672823,3
1869,1870,-0.005433963964881828,1,30.454449250260225,30.31941531971425,1
1878,1881,0.015940853422919496,3,29.74403943780568,30.24792885012708,3
1883,1889,0.016851658318572618,6,30.59175365506615,31.137867188682335,6
1890,1895,0.024030294972760748,5,31.273799969874204,32.05659240803927,5
1897,1900,-0.005001544490019111,3,31.85653370574504,31.729058368823708,3
1902,1904,-0.0010932826061161851,2,31.851144183101056,31.848173025363874,2
1906,1910,-0.006157257456312755,4,31.83761948569903,31.67342468521516,4
1911,1915,-0.006258240441487349,4,31.54419135952105,31.3783244168204,4
1921,1922,0.01793655758687059,1,32.49345341939444,33.1087675712671,1
1923,1927,-0.020826503341141098,4,33.20264658117312,32.544354197796764,4
1929,1934,-0.012703515663488013,5,32.66737256567643,32.28504945916904,5
1935,1936,-0.0057206015523824745,1,32.443072668219834,32.28992184901818,1
1946,1951,-0.01478789597382765,5,31.368335355027085,30.93583201027983,5
1952,1954,-0.001137167412784397,2,30.763059397747313,30.75883970848039,2
1956,1958,0.005591553705828017,2,30.68388867138125,30.886143171462308,2
1959,1965,0.059992094627885115,6,31.307983172934296,33.21752264522614,6
1968,1973,-0.0016781798114791978,5,34.165086008869984,34.14191593728132,5
1977,1981,-0.0010502512863639134,4,33.7127988636776,33.71110475216777,4
1982,1986,-0.012191663819009591,4,33.57643523406798,33.20065905868754,4
1991,1996,0.014954908300567997,5,33.34212802614459,33.87409862134753,5
672,673,-0.0007462827116715611,1,27.046857714539296,27.053719969936434,1
674,675,-0.0015943710135191576,1,27.087387324324816,27.07128736646727,1
677,679,-0.009873585983356501,2,26.88203374047578,26.643493702672178,2
683,685,-0.005916504912801382,2,26.25544296771768,26.12635795337912,2
687,689,0.004722981458723506,2,26.12653625526381,26.276057937833354,2
690,691,0.00315666520937795,1,26.399092953188756,26.50882514442641,1
699,701,-0.006916324321495805,2,27.079775290385697,26.919562557214547,2
702,705,0.019196639050591557,3,26.97408614195236,27.518872023480935,3
710,717,-0.026087817594607605,7,27.672430372873098,26.97818948727898,7
718,720,-0.0068869381531419345,2,26.810662386863683,26.652829675547448,2
721,723,2.2704003126317474e-06,2,26.760794583355377,26.78761613565512,2
724,728,-0.016558877103044316,4,26.637357772415434,26.2229103964846,4
734,737,0.012187614572761789,3,26.194473021864642,26.5399156360136,3
738,740,-0.012182966726795506,2,26.637647787975947,26.339759859082914,2
743,748,-0.0013368987191544925,5,26.331414579644186,26.322543559798778,5
750,753,-0.004876224026311755,3,26.345520244957648,26.24339910639846,3
755,758,0.0023671794591714223,3,26.31065467007818,26.39924736604062,3
759,761,0.010346939220866169,2,26.413949989413975,26.713667474526854,2
763,765,-0.001801898304410836,2,26.90333486236091,26.881761123751787,2
767,770,0.0004576696060368834,3,26.964267952734705,27.00357294657844,3
772,783,0.020670221033789914,11,27.203454546938065,27.79295941985287,11
785,788,0.006313715239166107,3,28.03728289051892,28.24233959366012,3
789,791,-0.010486213995925277,2,28.1149625050179,27.848257954207885,2
795,798,0.009034886808739904,3,27.687881298953897,27.965726053762726,3
807,808,-0.004069069799482541,1,28.56559181334415,28.47792201820547,1
810,816,-0.005588415218920255,6,28.65415509122794,28.522677929922047,6
817,822,-0.0014402156752811165,5,28.483104314012646,28.47056560501295,5
823,824,0.004749844375216911,1,28.503765084891537,28.667657298237405,1
825,827,-0.003618120960306709,2,28.588965416639233,28.514116047048446,2
830,832,-0.010010474923014493,2,28.18153264626854,27.927603653067223,2
834,835,0.005978250203208747,1,28.022813119564276,28.218363320910356,1
839,841,0.0009859228064917113,2,28.63167341901321,28.688533712244052,2
843,845,-0.0031571626115811965,2,28.716223031857655,28.654277469187505,2
848,849,-0.009382440016995043,1,28.636576999545913,28.39653261055516,1
850,854,-0.00764288795571694,4,28.335162887505874,28.146935575237183,4
855,856,-0.004476294949056742,1,28.20147517267314,28.103438526974426,1
857,860,-0.008265672948156645,3,28.017889996401255,27.814321170989974,3
862,864,0.002079933794571336,2,27.822315307911293,27.908006197071348,2
868,869,-0.0010275133806360239,1,27.65297672155981,27.65221589468555,1
873,874,-0.0010476847927150545,1,27.884421183787218,27.88309152094309,1
875,876,-0.005411175971930562,1,27.84272157619221,27.71990243178216,1
877,878,-0.0043959907598617055,1,27.632877454642944,27.539036458138586,1
882,883,-0.0032795123973613036,1,27.22517372977806,27.163113608740716,1
885,886,-0.00028478819913040575,1,27.093655023905363,27.11303272570715,1
890,892,-0.0036622765468334543,2,27.11316811806972,27.04098536647863,2
897,899,-0.005957973118077384,2,27.411617321471752,27.27571125966887,2
902,903,-0.0009170555791227692,1,27.45221994895749,27.454496957442952,1
905,910,0.0041119412639422015,5,27.680139616794158,27.82163886469293,5
911,915,-0.011968217243876242,4,27.89989420674025,27.59388210599956,4
916,919,-0.010050754720916724,3,27.541399846381907,27.29212939170161,3
924,927,-0.001318093722483842,3,27.133806529984856,27.125175436460577,3
930,933,-0.001084559672438557,3,27.325727510810257,27.323416856242797,3
937,946,-0.031229156958965002,9,27.189930398847636,26.368001725117537,9
949,950,0.0016199525870369351,1,26.641255605484343,26.711054432029844,1
952,953,-0.0008635774138584866,1,26.638664392085765,26.64229850757349,1
955,957,0.0016368550449974337,2,26.673875535965372,26.744210679242016,2
967,968,-0.004402150620366048,1,26.495165198627507,26.405024655910296,1
972,973,-0.00022672014422736673,1,26.179582231332272,26.199826374904305,1
976,978,-0.002589033434605247,2,26.172613153230543,26.13102399585907,2
979,980,-0.0023560795700776926,1,26.14043300702624,26.104984499872426,1
985,992,0.022254596037721973,7,25.719470745590996,26.317566648083723,7
994,996,-0.006120785535310726,2,26.360448106383018,26.225461905015543,2
999,1000,-0.004543869545354535,1,26.257004434160095,26.163953035793636,1
1002,1003,-0.002947357183282379,1,26.027915610788913,25.977229962358376,1
1006,1007,-0.00423430106556816,1,26.11514874055281,26.03068448715377,1
1010,1012,0.00664764914574021,2,26.14680109306215,26.346762654105348,2
1013,1016,0.014900469883477048,3,26.499494098236642,26.920848506073032,3
1018,1022,0.023209714134427174,4,26.976049149092788,27.62913158746858,4
1023,1025,0.003332733515970683,2,27.641105866822755,27.760867412630432,2
1026,1032,0.006006595840517003,6,27.659886766760103,27.853688414329255,6
1039,1041,-0.001436400421737298,2,28.428569410129764,28.416163170449796,2
1049,1050,-0.005954243574786835,1,28.01351170088501,27.874725940533686,1
1051,1052,-0.0008191748989256466,1,27.81532336529478,27.820353073953726,1
1055,1057,0.011145715289310274,2,27.8751737813773,28.213737705765954,2
1060,1061,0.013042920424837255,1,28.706338511863198,29.109459339273734,1
1065,1070,-0.009407335452292033,5,29.400055803573892,29.15287967211714,5
1071,1072,-0.009328461345119117,1,28.977852152079052,28.736511230565885,1
1073,1079,0.010391794303423903,6,28.755887839565133,29.083468998845788,6
1081,1082,-0.0029306663098890152,1,29.295204685994296,29.238645421265744,1
1084,1091,-0.013601068368484018,7,28.812894088774332,28.449820840467797,7
1098,1100,0.0007050088164804672,2,27.74865954744863,27.795971256622543,2
1101,1105,0.004088601629557089,4,27.80739048556253,27.948891218101092,4
1108,1110,0.0010931985168343697,2,28.19898949542319,28.25801557841124,2
1111,1112,-0.009121597101202885,1,28.199778715393908,27.970751474324402,1
1127,1129,0.002343725430020252,2,27.56860825040339,27.66079010688053,2
1130,1133,-0.006997020006683618,3,27.68644030709809,27.52040417066257,3
1139,1142,0.0007045320085275473,3,27.94951878783903,27.997159637235843,3
1145,1146,-0.002821971461623819,1,28.25387731187139,28.202399553728938,1
1147,1148,0.00174345353328135,1,28.30546740262128,28.38312213717818,1
1154,1156,-0.004760506231308569,2,28.66620695291377,28.55840750303936,2
1157,1161,-0.01383083761389315,4,28.57359507335614,28.20697191492477,4
1164,1168,-0.006653490770804445,4,28.02964048766864,27.87117517386264,4
1169,1172,-0.004873293061054896,3,27.79096156212083,27.683319023542225,3
1180,1182,-0.00681192592266083,2,26.81274118578633,26.656907520231062,2
1183,1185,-0.0024578812084935773,2,26.72777954010741,26.688813612571128,2
1194,1200,-0.0076620656209166185,6,27.089317263517145,26.908846454281765,6
1202,1207,-0.0019240682255575296,5,26.96077222644535,26.935858633494398,5
1213,1226,0.0011380552138196267,13,27.67826904999866,27.737446717450513,13
1235,1240,-0.013751245296356022,5,27.712355185835175,27.358988147120847,5
1241,1247,-0.007796299639550542,6,27.510302126855432,27.323333870426758,6
1249,1250,-0.005476238465751102,1,26.962654823099843,26.841963550441914,1
1251,1254,-0.008780835850999459,3,26.73829822714341,26.530251917702937,3
1256,1259,-0.005614354976659598,3,26.49638853460078,26.374124792302638,3
1264,1269,0.0066348356161797075,5,26.86990708287517,27.075054406474944,5
1270,1271,-0.005673433390791447,1,27.087305467846754,26.96071475000675,1
1290,1293,-0.004077745469871118,3,26.19902737378258,26.118393435967892,3
1294,1295,-0.005699148527684923,1,26.10863552547008,25.985947169280706,1
1298,1303,-0.021604352824059057,5,26.03526804449914,25.49882819584133,5
1306,1308,0.008717216221460787,2,25.249962107706892,25.495321449091172,2
1309,1310,0.0012274687589430506,1,25.67496631292436,25.732156498273316,1
1312,1313,0.005618634881779328,1,25.932505525306407,26.104143310948135,1
1317,1319,-0.025384961639158175,2,26.38864087794799,25.745154882429706,2
1321,1328,-0.014905938945120673,7,25.737513819974737,25.37960952419497,7
1331,1334,0.008507395278756037,3,25.69829757237728,25.94262144538897,3
1339,1341,0.003121494825194162,2,26.20160969270653,26.309599491466777,2
1342,1343,-0.001140639254193407,1,26.43107789150668,26.42736064442449,1
1348,1352,-0.013213222969017741,4,26.340458260826075,26.0187563709805,4
1354,1361,0.007005019011895502,7,25.694453390998525,25.90013797889373,7
1363,1365,-0.0012839933248254293,2,25.856645870456347,25.849302755626763,2
1366,1371,0.013684321305440703,5,25.863608759975982,26.24339830112568,5
1373,1374,0.0036561137608058514,1,26.54250900086354,26.666093942268773,1
1375,1378,-0.004997579532269162,3,26.720510387800346,26.61369302238229,3
1379,1380,-0.003154499613315247,1,26.588536821546843,26.5312518292462,1
1393,1395,0.006531300892823423,2,27.009246379355893,27.212661140727224,2
1398,1400,-0.002956725856671584,2,27.36842187315884,27.314869374423335,2
1402,1407,-0.0067673953088077075,5,27.47388246047691,27.315429719659623,5
1409,1416,-0.0059711789137558815,7,27.236723343063353,27.101324718300514,7
1422,1423,0.004561397000061095,1,27.091316448436743,27.241982014460785,1
1425,1426,0.004628163144280252,1,27.452536364020332,27.607043717401325,1
1432,1435,-0.00509453440482796,3,28.020221855890444,27.90549209347059,3
1441,1442,0.0014776153873356057,1,28.000164564382175,28.069538202954817,1
1444,1448,-0.01572054043244367,4,28.031506731972783,27.61886780374246,4
1450,1454,0.00967912477760531,4,27.55223639954334,27.84647016995614,4
1457,1459,-0.01630830647442308,2,27.85574130251999,27.42931707758877,2
1462,1466,-0.013334238882675532,4,27.300268310137074,26.963540279238707,4
1467,1468,0.0003409224178627529,1,27.005916755268487,27.04212959446056,1
1469,1470,-0.003395024837731097,1,27.090859895240367,27.025976612915773,1
1471,1473,-0.001098685462252514,2,27.02537388890667,27.022706877391897,2
1476,1480,-0.010216132272960098,4,26.63536985753661,26.389894765790338,4
1482,1484,-0.005442990900610074,2,26.0673470187655,25.95153003315808,2
1488,1492,-0.008054731490314437,4,26.041224779513772,25.85751093101538,4
1495,1499,0.008528520060301973,4,25.345801428486382,25.587309405842145,4
1503,1504,-0.0036964372098796474,1,25.798458538748232,25.728894615186814,1
1507,1513,-0.004186413673936238,6,25.714619843397042,25.63268242710797,6
1514,1518,-0.005810895050492884,4,25.781639845340266,25.657607081814728,4
1519,1520,-0.0011288902382617665,1,25.743897604997382,25.740579467901288,1
1523,1524,-0.0026050755986412916,1,25.89040679797564,25.848850737785313,1
1525,1532,-0.02394812458334654,7,25.9603547789264,25.364613323231723,7
1534,1538,-0.002603209053325754,4,25.337743515884537,25.297121816089025,4
1540,1543,0.0043385167061543994,3,25.47687919680811,25.612887942020947,3
1553,1559,-0.010176855759802025,6,25.969906236013202,25.731584152389726,6
1560,1562,0.0014032345887104625,2,25.718732555799853,25.780540703455745,2
1567,1571,0.004643533857513213,4,26.170183473946313,26.317875790438862,4
1572,1577,0.0016863105357657216,5,26.397967089528525,26.468880226643922,5
1579,1580,-0.006142051049443523,1,26.295018015660315,26.159807690677752,1
1583,1589,0.008683984132459764,6,25.913484397794534,26.16443016951952,6
1590,1594,0.0037172728612604013,4,26.244996495086113,26.368801304796257,4
1600,1601,0.0027202041782390433,1,25.948837131361838,26.045372103678375,1
1608,1610,-0.01643099497237368,2,25.85691127471954,25.45791340683823,2
1613,1614,0.00023824639756100463,1,25.253067189165147,25.284336708639497,1
1615,1616,0.00027365853963810436,1,25.345862894866762,25.378144869587306,1
1617,1619,0.0006277198578367969,2,25.53482595506038,25.57638949833384,2
1621,1629,-0.021613769551735905,8,25.589644982874344,25.062145938286637,8
1632,1634,-0.022045242958025988,2,24.725802880493895,24.20544235154164,2
1640,1646,-0.06277794464287598,6,23.390980736268407,21.94593402320064,6
1649,1652,0.0279056091842735,3,23.454997554758734,24.13297854749468,3
1655,1661,0.0887566827891849,6,24.396761707832297,26.586534109525534,6
1669,1672,0.009198731737463623,3,26.819831332032777,27.0933595970322,3
1673,1683,-0.021861475545821393,10,26.93492845610015,26.373026104784767,10
1689,1690,0.007960075945337985,1,26.71611878622713,26.955497239516397,1
1691,1693,0.010728050227071673,2,27.16091465626487,27.47945922756675,2
1694,1701,0.0013899326465872898,7,27.727379410441475,27.793645979698802,7
1711,1712,0.00800798075693375,1,30.28387936174258,30.556675964278462,1
1721,1722,0.02459595208696524,1,31.31466415655647,32.1161927999271,1
1726,1727,-0.0069788240462100685,1,32.44629014752949,32.25229948778513,1
1728,1734,-0.028147105658610026,6,31.948992682951516,31.081670002901273,6
1736,1738,0.007829803126796629,2,30.980136497749648,31.253685003866064,2
1739,1741,-0.0050474628776276355,2,31.083025759595127,30.957218366708823,2
1743,1745,-0.018277442114606014,2,31.346352168455592,30.804767383361046,2
1746,1748,-0.004422159789482835,2,30.480565675223556,30.376256309009115,2
1749,1757,0.0014806849281299508,8,30.32050713432438,30.395722759385755,8
1761,1767,-0.02998976845544899,6,31.280682510646294,30.373862767534245,6
1770,1771,0.035942951935097556,1,31.416885530660004,32.57751802276964,1
1775,1776,-0.011267643766719335,1,33.863515679587884,33.51581716390116,1
1778,1781,-0.006499923107314613,3,33.70700881323684,33.52162285658646,3
1784,1786,-0.04433085499146341,2,33.37195138142196,31.925916195331396,2
1792,1797,0.06967188758962328,5,31.765931310615542,34.01088963737906,5
1802,1805,-0.00254409599002232,3,35.001523686675014,34.94747797430575,3
1807,1808,-0.006466997667052804,1,34.42191433671862,34.23372981134429,1
1809,1810,-0.007434443235603138,1,33.87454626490036,33.656582419827046,1
1812,1818,-0.01777154294199565,6,33.2845211704277,32.72628839431411,6
1819,1820,-0.006057500514934472,1,32.41390531706957,32.249971974237454,1
1823,1824,-0.015646488788005352,1,31.38479643301002,30.92511936394011,1
1825,1835,0.03742679910206328,10,30.618673784131786,31.79525141040623,10
1836,1840,-0.04954701556226284,4,31.574984340969362,30.042113084790117,4
1842,1846,0.003934561556784468,4,30.055511824411916,30.20382259763014,4
1847,1849,-0.003439301161829973,2,30.243917944618104,30.170143920437507,2
1852,1854,-0.00027001639341257843,2,30.383274742537562,30.405454035014056,2
1857,1858,-0.006547299412523017,1,30.95697146492401,30.785243875303145,1
1860,1862,-0.003398317606730354,2,30.83349681643825,30.75954829814632,2
1866,1872,-0.028451663917075282,6,30.738404476402962,29.894584127369626,6
1880,1881,0.008860344939160186,1,29.955973407141922,30.25134963792465,1
1883,1885,-0.00849887827198047,2,30.564348145704795,30.335149819497722,2
1892,1894,0.010797624019599609,2,31.64594467238223,32.01929162937205,2
1896,1899,-0.012079183175999715,3,32.03502648690152,31.680104560405137,3
1901,1905,0.00038861597344658954,4,31.777749681439186,31.82187677224702,4
1908,1909,-0.010085588113921646,1,32.02507923192718,31.734112552710183,1
1911,1912,-0.012641012368798762,1,31.561867754736078,31.194455661820804,1
1913,1916,0.01377647161840247,3,31.028115582625595,31.486601651904774,3
1917,1926,0.030304512511454544,9,31.51232459095901,32.498802550381704,9
1928,1931,6.873803822614929e-06,3,32.54897740804979,32.581750120743166,3
1933,1936,-0.013225369790188866,3,32.61462323402736,32.21589740442369,3
1939,1940,-0.004322014613520671,1,31.709595914605295,31.60425617358814,1
1941,1947,-0.01124125586132075,6,31.625141662275368,31.30126049486149,6
1948,1950,-0.00989337707317604,2,31.407096394678067,31.127781243666607,2
1953,1954,0.00028949375310598647,1,30.70542797748047,30.745022435043875,1
1955,1957,0.0009517830278998056,2,30.64483981776614,30.704651896015164,2
1964,1965,0.002871859675970355,1,33.09050575285984,33.218627547741804,1
1966,1968,0.01873946907546808,2,33.42387118947879,34.08364066120593,2
1972,1978,-0.011556651921389702,6,34.25188673946106,33.8903014935017,6
1979,1980,-0.0031415246332284715,1,33.83728498100893,33.764821601700525,1
1983,1986,-0.006672736068819027,3,33.331311512204046,33.14223177916772,3
1987,1989,0.0017549179196846565,2,33.360955951614216,33.45286264698313,2
1992,1993,0.0015778936934908285,1,33.284473475283555,33.37027730954665,1
1994,1995,0.0028426701774320233,1,33.61442437999136,33.7435935260879,1
1996,1998,-0.003707026318344336,2,33.86076387268124,33.76910189371865,2
675,676,-0.008106492777386934,1,27.103856316761185,26.911242957606788,1
679,688,-0.016493452810666265,9,26.637916700970635,26.225203395589688,9
689,690,2.9007440641022966e-05,1,26.352060265110445,26.379176731199465,1
696,700,-0.001327621812838519,4,26.97985554150886,26.97101635232623,4
706,707,0.004236660894770325,1,27.55218300102241,27.69646444030942,1
708,714,-0.015988903370254038,6,27.78770317841224,27.371195980589718,6
715,720,-0.02342715748490808,5,27.227189618124758,26.61656114868762,5
721,723,0.0010583083701895947,2,26.753518714605864,26.80858570610816,2
724,725,-0.005986348449288501,1,26.597727438294836,26.465101901328296,1
730,735,0.007237722304099035,5,26.027979565791437,26.24239083359119,5
736,743,-0.011889674335274797,7,26.592618930880864,26.303033971001508,7
745,748,-0.0023926801954361906,3,26.30715221980738,26.27051476991253,3
753,759,0.00290493176209816,6,26.289652258789808,26.39231155690967,6
761,763,0.0030343943591346952,2,26.736016871276988,26.843880506928198,2
764,770,-0.001648546760942685,6,26.99135558992623,26.97385043368493,6
771,774,0.002117208373157862,3,27.1461584810403,27.230778713556468,3
778,791,0.013630447033071934,13,27.43075108613735,27.83207523698046,13
798,799,-0.00023491877239293583,1,27.973970887710628,27.995373247698442,1
802,804,0.006929228169232734,2,28.134829264490204,28.357916745230753,2
809,812,-0.00028330464920183797,3,28.628663345334143,28.64918137525331,3
816,818,-0.004597108176834756,2,28.483688331036777,28.381229422834792,2
822,827,0.00012351160298262258,5,28.47143838154831,28.503426372923585,5
829,834,-0.010504626929106396,5,28.289974942197684,28.021089284538327,5
835,838,0.011726495627813891,3,28.19095004337139,28.549722045842277,3
840,844,-0.0045493968716269415,4,28.763902944443743,28.661808437316953,4
847,852,-0.020735656129360746,5,28.679984774447835,28.11396645714403,5
856,863,-0.014612906058806715,7,28.104884241030593,27.722295092063806,7
867,871,0.009650283829530436,4,27.6451157018074,27.939544030531856,4
872,873,-0.004389828258847729,1,27.919597345484316,27.824954705426943,1
877,879,-0.010649410237627461,2,27.670829265244418,27.403822082048727,2
880,881,-0.007954154427427928,1,27.34648992250067,27.1563182085315,1
887,888,-0.0006921113532253229,1,27.275618859442215,27.28401671282279,1
889,893,-0.008479105579086231,4,27.25110818347586,27.047294268224544,4
894,898,0.009933231971714931,4,27.024611551604014,27.320077898643188,4
900,901,-0.0002690212797185875,1,27.339809309574104,27.359794128395954,1
903,904,0.003754415020499254,1,27.3971207935059,27.527378076124975,1
906,907,-0.0005494720205262594,1,27.589699608781363,27.602129540400394,1
914,915,-0.007318017189672284,1,27.749402705027638,27.574081501734135,1
917,919,-0.005079245356099811,2,27.37911108063226,27.26742496890245,2
920,921,-0.0024298655190718743,1,27.29920785609063,27.26017366007923,1
923,925,-0.007762128722042435,2,27.221042702583624,27.03697050788054,2
929,930,0.002328800617957527,1,27.21610607164248,27.30670306235216,1
934,938,-0.008191038749022623,4,27.385007861010855,27.188081208340037,4
939,949,-0.022318373276523036,10,27.15894292470262,26.579958441638027,10
950,952,-0.004776362718510865,2,26.719719043293257,26.61881569244908,2
953,961,0.004158482676067686,8,26.634655314229896,26.772049722251385,8
966,970,-0.0038065744203395527,4,26.44816524891647,26.37393650486395,4
973,975,-0.002735714733017801,2,26.22093790549381,26.1754258372577,2
976,979,-0.0018495640964126309,3,26.12832904762099,26.106131357362877,3
981,982,-0.006580049153308116,1,26.147509829914508,26.001605439826978,1
985,986,0.0027232959695215114,1,25.740953177378742,25.83679436459572,1
994,996,-0.005653422608649651,2,26.387337672781822,26.264546239073226,2
997,999,-0.004803989229201523,2,26.29893529760416,26.198894430992606,2
1005,1006,-0.00024015619556541363,1,26.07105689594899,26.090866827006437,1
1009,1018,0.03414954832935467,9,26.074344683307576,26.990846121909748,9
1020,1021,0.0010732326278419337,1,27.346091901537655,27.402786711511887,1
1022,1029,-0.001428220881947614,7,27.616225805897354,27.60439996132669,7
1030,1035,0.017222198117344326,5,27.738020553776476,28.24346825969036,5
1038,1041,0.000550915344068665,3,28.398930737336823,28.4429750747725,3
1042,1050,-0.022489305042040553,8,28.48030144807147,27.86827956256459,8
1051,1056,0.010105376803495637,5,27.76244164201125,28.070754017430843,5
1059,1066,0.03159479347259207,7,28.418861637661518,29.345168563467265,7
1070,1074,-0.01985603439885721,4,29.173811621479878,28.623709225999473,4
1076,1078,0.007516189411097509,2,28.701976164927,28.946407630420325,2
1081,1082,-0.004364070726160189,1,29.28502735758292,29.186510454334474,1
1085,1088,-0.008406509915408634,3,28.648386701477403,28.43620214131245,3
1089,1091,-0.00381462653754416,2,28.516365897091642,28.43610297688337,2
1092,1095,-0.01711249366033299,3,28.441607198653998,27.983341982976004,3
1096,1098,-0.013430928100929128,2,28.050436451145956,27.70174349242208,2
1099,1100,0.003079369485971463,1,27.756949991201537,27.87018084601928,1
1101,1104,0.0055043210372353515,3,27.829039223007335,28.01004822827159,3
1106,1108,0.005437565744157822,2,27.98277222330507,28.16291315919639,2
1112,1118,-0.03204293942045118,6,28.05378953753455,27.182917448406776,6
1119,1123,0.010627377502174944,4,27.175541494244648,27.49152177402425,4
1124,1126,-0.0007127052124265195,2,27.562937849133665,27.570856537507932,2
1128,1130,-0.0024298227603715495,2,27.668995122733747,27.629433363750653,2
1131,1132,-0.005095613540515916,1,27.66220309425992,27.548909400706567,1
1133,1134,-0.0018546697226147022,1,27.567999937461227,27.544438402601635,1
1137,1139,0.002403309086816924,2,27.724002899129644,27.81835625011919,2
1145,1146,-0.0026312813737155026,1,28.303423739306613,28.257252891348305,1
1152,1153,-0.0003889326138866373,1,28.693712068007816,28.711245859639103,1
1159,1163,-0.009394331466598568,4,28.365770935105783,28.127659251570897,4
1164,1166,-0.007294905811949418,2,28.05540778856785,27.878801639022985,2
1167,1172,-0.011120540025859806,5,27.936567385937963,27.653834237523448,5
1174,1175,-0.011273833657005107,1,27.518992678762935,27.236267125572983,1
1178,1181,-0.011905949762220092,3,26.97659234400507,26.68238698314546,3
1182,1183,0.0012185042045560475,1,26.647297115631368,26.70641425632245,1
1188,1192,0.00872959207441594,4,26.82314099196545,27.084119211971817,4
1194,1200,-0.007615707150496412,6,27.097990424663603,26.918718055647073,6
1201,1203,0.0003860090426983003,2,26.920427614006787,26.957739570113105,2
1207,1209,0.009951106712087515,2,26.966581796929315,27.261895711847725,2
1211,1214,-0.0010573007756513755,3,27.505270518822957,27.503694445487728,3
1215,1218,0.0032305402271788257,3,27.501573820828767,27.61792033518851,3
1219,1222,0.008728880892959964,3,27.67073576695424,27.939941059451506,3
1223,1229,-0.019383056056769387,6,28.088686642838564,27.572330741722233,6
1230,1231,-0.00041035575181738347,1,27.607824854273222,27.624103649403377,1
1234,1237,-0.009132738950204711,3,27.789021228238703,27.56302037290774,3
1241,1245,0.0032277151165908255,4,27.445887005339593,27.56192039672031,4
1249,1250,-0.005190385539489977,1,26.94210109891536,26.829203308066987,1
1251,1258,-0.017749710648021486,7,26.783034275613442,26.334426201220875,7
1259,1262,0.012235040082886062,3,26.377024695597502,26.72612567471101,3
1265,1270,0.006996973403058648,5,26.91460704668212,27.129842443388213,5
1272,1278,-0.01719040180887171,6,26.928463944701374,26.492481293340944,6
1280,1288,-0.020701572627235657,8,26.561682471166687,26.038375554859424,8
1290,1291,-0.003453759808899736,1,26.21257479980741,26.148255437275864,1
1294,1305,-0.03799106006680356,11,26.130803068538228,25.164196962636115,11
1307,1308,0.002188560490294747,1,25.396238084506003,25.477215525864377,1
1309,1310,-0.0015715724339205625,1,25.6836042975487,25.6689242573285,1
1312,1314,0.008832763300541956,2,25.973229556286093,26.228618174663694,2
1316,1326,-0.04936233106827282,10,26.558045976170416,25.27363696414445,10
1327,1330,0.0040075680608083735,3,25.35411969082362,25.4810821707973,3
1331,1336,0.011922967262544302,5,25.70632668970526,26.03852870795659,5
1338,1340,-0.0019813862759558215,2,26.27748203130117,26.251693671068974,2
1342,1343,-0.001008264866730537,1,26.39790500508745,26.397686829920616,1
1349,1352,-0.014356371171473092,3,26.305011880992453,25.953672378639908,3
1354,1355,-0.0016152221293993657,1,25.624024820575702,25.608260353461805,1
1357,1359,-0.0022878584996921863,2,25.774581693179712,25.74138767907014,2
1363,1364,-0.0037940624000726226,1,25.893389574085788,25.821041827866402,1
1368,1369,0.0011771463164536458,1,26.023053726184777,26.079709721747616,1
1372,1373,0.006754204689606343,1,26.332501343335544,26.5366889487411,1
1378,1380,-0.005738907158230458,2,26.60028939779179,26.474233095953593,2
1384,1386,-0.002657000016438502,2,26.636530396786437,26.592393665481097,2
1388,1391,0.005384219254881133,3,26.46459686641524,26.633552655302474,3
1398,1399,-0.0007563717696141409,1,27.361238029405893,27.367903999408163,1
1400,1404,0.0046893242784572286,4,27.365608350304317,27.521300170286455,4
1405,1407,-0.005701459559051245,2,27.456591565019025,27.3275055101467,2
1409,1417,-0.009033084079873084,8,27.30173830152827,27.082421142225403,8
1425,1431,0.014512130913381657,6,27.502519341114528,27.929142021581708,6
1433,1434,-0.0025168356579997947,1,27.977057539562487,27.934620941080567,1
1437,1440,0.003353655144531625,3,27.818489540670804,27.939601650772644,3
1441,1443,0.0036020611296126636,2,27.93208927291446,28.06063445522621,2
1446,1448,-0.008773998644522257,2,27.774912489850088,27.55899035780227,2
1450,1452,-0.0015702301538921446,2,27.600087874009066,27.584349471653233,2
1453,1455,0.004869093740686482,2,27.738902776198564,27.901704996855862,2
1457,1460,-0.01825510811763856,3,27.88660034573689,27.405414041737824,3
1462,1464,-0.009314360777623015,2,27.239602630999766,27.013122747286545,2
1465,1466,-0.00036982140441397485,1,26.980845354413223,26.99784810564639,1
1467,1469,-0.0011498384731907267,2,27.03371430131738,27.029663610841798,2
1473,1476,-0.020592072084140784,3,27.067221425259284,26.536918471978204,3
1477,1481,-0.004025011135319253,4,26.431408037384724,26.35145273374947,4
1483,1485,-0.001131480288211933,2,25.90183969597214,25.898434114623694,2
1491,1492,-0.007113142162522348,1,25.906905740368877,25.748533142586936,1
1496,1498,0.002979345101914545,2,25.436158354034028,25.537377606191676,2
1504,1505,-0.0051202050186472895,1,25.704216345864953,25.598309704676325,1
1506,1507,0.0025701239059019547,1,25.608100988480967,25.699525082004694,1
1508,1512,-0.004770603338773778,4,25.78675978063241,25.6895281381074,4
1514,1517,-0.0015325928713979526,3,25.739950287964973,25.726241373931465,3
1521,1523,0.003963206141033899,2,25.749477003750357,25.877276966143782,2
1531,1532,-0.0018561786445426532,1,25.351136248222573,25.329431146751954,1
1533,1536,-0.004463823627594163,3,25.374886659178543,25.286992527220956,3
1538,1539,0.0033593015537718117,1,25.247442665874665,25.357503881916777,1
1541,1543,0.004218286213623538,2,25.594376093663257,25.727934873579116,2
1546,1548,-0.004566605492938156,2,25.773421038972547,25.68149741392314,2
1551,1555,0.0014457829487751856,4,25.76948859197734,25.832515167774254,4
1557,1558,-0.0014114181432158183,1,25.763747952079505,25.75314827873478,1
1561,1565,0.008155228613229818,4,25.720667818545458,25.956146412509185,4
1566,1573,0.008234066303419045,7,26.07104120110203,26.311782924152176,7
1574,1577,0.0011841030352467688,3,26.41647134113782,26.47416763637451,3
1578,1582,-0.020862429586876025,4,26.41907778060645,25.894330708438954,4
1583,1584,-0.0013603562632355562,1,25.916717494386347,25.90737824291474,1
1585,1593,0.018700661619405028,8,25.949826358982847,26.461055107163485,8
1596,1598,-0.011122653519013419,2,26.292348198617294,26.026199867601434,2
1602,1603,0.001444569680412846,1,26.112937908123754,26.176772804400457,1
1615,1617,0.00498787939428698,2,25.331405148740846,25.483086547659326,2
1618,1624,-0.0068515444516350265,6,25.598992271905338,25.449198630709223,6
1628,1630,-0.011703290633351158,2,25.226839934823218,24.956829735239776,2
1632,1638,-0.04253231784457209,6,24.72205828339488,23.695293900996887,6
1644,1646,-0.032065091141871636,2,22.649899438780885,21.94627824836093,2
1648,1649,0.02546395630153383,1,22.836963206309044,23.441319602660542,1
1652,1654,0.003506150653827903,2,24.164474068763003,24.273362829387366,2
1655,1656,0.007111844211176529,1,24.44118606238353,24.639449156057964,1
1657,1660,0.044530077596843826,3,24.898933259020943,26.032583622382802,3
1663,1667,0.016894173158358092,4,27.104738505474064,27.589755389703033,4
1670,1673,0.003948311082952222,3,26.774189981590204,26.906677002613176,3
1675,1676,-0.010836068732179727,1,26.659341082380884,26.397117971139963,1
1680,1682,0.011561805095457317,2,25.8820799932275,26.20720563756746,2
1683,1685,0.003766472871832559,2,26.36284141668018,26.48849918511721,2
1686,1695,0.05682242050103745,9,26.415612263409567,27.943026903496797,9
1698,1699,-0.0035312411005452675,1,27.929192310976543,27.858496791493966,1
1702,1703,-0.0003972407392459532,1,27.64835036321757,27.665015662443572,1
1704,1710,0.08333507545058981,6,27.83302119812322,30.180321140884807,6
1711,1712,0.008106502670766902,1,30.29350276658314,30.569370630433912,1
1715,1716,-0.005540675696057765,1,30.8323929833778,30.692393085906875,1
1724,1732,-0.027461822238493867,8,32.23544577586653,31.382437139966942,8
1734,1735,-0.006950473292515242,1,31.13507795539639,30.949809505562424,1
1737,1738,0.0030893061486179704,1,31.090311081436653,31.217448881704417,1
1741,1742,0.004943635093172368,1,30.980442532503105,31.1645789779413,1
1744,1745,-0.013378357890283993,1,31.22353818866583,30.837042058365576,1
1746,1748,-0.006220143547361872,2,30.507251227919042,30.347998997273873,2
1752,1758,0.000523236381600722,6,30.42634966656632,30.47269618933774,6
1760,1761,0.008095478189943169,1,31.007995404411364,31.290027950326046,1
1763,1764,-0.0087011198569077,1,31.29843936735636,31.05740633445419,1
1766,1771,0.060513618008581155,5,30.71091992435944,32.60005972127861,5
1772,1774,0.018792424992058483,2,33.442290067484606,34.10419408520796,2
1777,1788,-0.043232096084950926,11,33.51502117476537,32.09961158022352,11
1789,1790,-0.024730021797184833,1,31.851366494854638,31.095532873661615,1
1793,1800,0.07434147063566021,7,32.54996598862895,35.002328295352974,7
1803,1804,0.0023841601252353396,1,35.16505747950605,35.28406166482981,1
1805,1812,-0.05061200647337025,7,34.9133713677092,33.181248961407235,7
1813,1814,0.004526862190574291,1,33.10885579824032,33.29184388152479,1
1815,1820,-0.042387929233278436,5,33.610076463339496,32.219024997149724,5
1825,1826,-0.024735551189824345,1,30.597417193001288,29.871170630940394,1
1828,1830,0.0011186100278886262,2,30.495408880862005,30.560016759921563,2
1831,1833,0.0219458343875164,2,30.773072213733585,31.479186032344998,2
1836,1839,-0.03771387135274251,3,31.614236526094263,30.453555513360065,3
1842,1843,-0.007924825198618906,1,29.96889855216735,29.761369168298447,1
1844,1848,0.009207630949778025,4,29.817086892241342,30.121448711234805,4
1852,1858,0.016280339152861267,6,30.304655220683717,30.82832994080766,6
1859,1861,0.007847218138880806,2,30.671872550454353,30.943233297636173,2
1872,1873,-0.010484202565187693,1,29.981685768198588,29.697333387127188,1
1876,1877,0.00396483537038339,1,29.534031001172984,29.680662602917607,1
1880,1881,0.00680781653949928,1,29.96238357881499,30.196324372884483,1
1884,1889,0.02537083976931556,5,30.372029019842707,31.17296493059398,5
1898,1901,-0.003883811739266704,3,31.79675432087489,31.70505846749377,3
1903,1907,0.000854986771927831,4,31.96737120146301,32.02667025217503,4
1910,1912,-0.01554694420008794,2,31.631174996150826,31.171038058498603,2
1914,1917,0.006129933926070535,3,31.234288396667694,31.456986809163766,3
1920,1921,0.01725241791592139,1,31.987369155704272,32.57121598556504,1
1923,1925,-0.016909830707958172,2,33.222978257118584,32.69440629743365,2
1926,1927,0.001626728916229179,1,32.4914462734084,32.57679249486487,1
1928,1929,0.0006666837981373383,1,32.553924114099225,32.608181211985986,1
1930,1934,-0.008762219852643569,4,32.60975333759082,32.35662926284396,4
1938,1939,-0.00883282281285782,1,31.878469920600725,31.628771514167642,1
1943,1944,-0.001970386487602265,1,31.536140250799836,31.50553800642933,1
1945,1946,-0.003797858676076509,1,31.496040661809197,31.407919191181495,1
1952,1954,-0.004299322009519735,2,30.828542560742335,30.726829271750262,2
1958,1959,0.011235519673032622,1,30.921961508087094,31.30030777644805,1
1961,1962,0.0073808346251530215,1,32.039081807264964,32.3075960534334,1
1965,1966,0.0065993317384913635,1,33.20657390130565,33.458921672280404,1
1968,1973,0.001237807901268248,5,34.11990533882795,34.1962591325857,5
1975,1978,-0.0028111052127702887,3,33.9665533881053,33.90503638620426,3
1980,1981,-0.00286078671795362,1,33.77808494003222,33.7152311282179,1
1982,1984,-0.011168098850526914,2,33.58339428742816,33.24191501457737,2
1989,1990,-0.008414186401082092,1,33.51565386493351,33.26716255982475,1
1993,1994,0.0021781170134620173,1,33.471705950619636,33.5780829487709,1
672,676,-0.00380847614187112,4,27.0129614660995,26.937096208300677,4
679,681,-0.014184485783057442,2,26.677163717030588,26.325439031271102,2
682,684,-0.003933998760697445,2,26.254021814662874,26.17699254719533,2
685,686,-0.004575363422504897,1,26.20655067451593,26.112852731804246,1
688,690,0.002903713950046373,2,26.292565020151507,26.395203673003174,2
691,692,0.0025514926038225478,1,26.520685656293498,26.614873675250127,1
696,699,0.003396945914561962,3,26.977719188799917,27.09633876097131,3
704,709,0.010142405074526017,5,27.394601413357645,27.69984315916046,5
710,711,-0.01163228797235272,1,27.684465260922426,27.390116053907704,1
713,715,-0.005062983542049075,2,27.329034022429123,27.217996606975895,2
716,722,-0.010020465424875075,6,27.114769540443895,26.870181699300865,6
723,726,-0.02084463349387688,3,26.893431318562428,26.359741030652806,3
728,732,-0.01368804893513765,4,26.250825221800415,25.917753466798466,4
736,745,-0.01039000903221014,9,26.539585780610143,26.290378830419098,9
746,748,-0.004418415387865809,2,26.43413281755738,26.343769971168953,2
749,750,-0.004862004675547045,1,26.378786203968218,26.276911208313237,1
755,756,0.0014636425990463952,1,26.29835350950908,26.36314325349989,1
757,758,0.0034921732226956366,1,26.31346560088168,26.431670246450285,1
760,762,0.009252756227162946,2,26.539882476823138,26.81198942215556,2
765,768,-0.0004252709906312404,3,26.9177875062791,26.933257939626984,3
770,780,0.02491404653675157,10,27.041279468760216,27.742028443326973,10
782,787,0.016265552911981836,5,27.76358965678085,28.242943383026553,5
790,793,-0.009070266072080637,3,27.98974798207766,27.76386326857181,3
794,801,0.011145549325119727,7,27.73303978275917,28.06987278537618,7
804,812,0.011432920116511758,8,28.391105842121366,28.74409019307589,8
814,815,0.00017886447860335848,1,28.54923995224567,28.582895637116497,1
821,824,0.004742031667828674,3,28.514528696514937,28.678260023283535,3
826,830,-0.016397917984218725,4,28.538611641728036,28.099176440285238,4
831,833,-0.006112311331443444,2,28.09182722273975,27.948213056107985,2
834,835,0.0023420724348708474,1,28.055772660056487,28.149537084502665,1
836,844,0.006494725291321013,8,28.423741740706966,28.63676987680502,8
849,850,-0.007475101917999073,1,28.48200443434056,28.297580552799303,1
851,853,-0.005311117322438882,2,28.239958087350207,28.118212314854883,2
855,857,-0.006065505640453952,2,28.171318698467992,28.028616724701877,2
863,868,-0.007506112016907073,5,27.80740448267223,27.62648639420852,5
871,874,-0.004306566897555869,3,27.975269911025162,27.882767809587175,3
876,878,-0.004608353199265308,2,27.649172249939358,27.549404270794252,2
879,881,-0.010912739393598329,2,27.440960611050464,27.168945519803124,2
883,884,-0.0033445516863334656,1,27.185716389098427,27.121978071894183,1
893,896,0.008325563555415059,3,27.003023178387238,27.254841587225634,3
898,902,0.0003851928770482974,4,27.364026369857932,27.40193082427282,4
904,907,0.0010499676094328442,3,27.55708849185242,27.61357963067099,3
921,922,-0.006805571540112031,1,27.37180030554237,27.212891360686882,1
925,929,0.0025579821191776086,4,27.106064966315103,27.20250786078652,4
931,935,0.0016325842359518304,4,27.286244815656207,27.358078153616226,4
938,940,-0.0006794421918460588,2,27.131892580391806,27.140589920408445,2
942,945,-0.015123438951225487,3,26.916857666147425,26.536699070140767,3
946,948,0.0011511119465099375,2,26.38632316532414,26.44308310030954,2
950,952,-0.006443980457328082,2,26.750626104585372,26.60499621885072,2
954,956,0.0009405427135026987,2,26.648306293245827,26.700018469850374,2
960,961,-0.0027658575056816424,1,26.787166468027518,26.739864149064008,1
967,968,-0.0013414920736403173,1,26.44572455677045,26.436693551452638,1
969,980,-0.016643179777874453,11,26.454881008465605,26.0410425488479,11
982,983,-0.006251779188250242,1,26.07535760378334,25.938415583393606,1
988,991,0.007886594404723387,3,26.085177126595298,26.316985515694718,3
994,996,-0.004405407375211086,2,26.34168996273658,26.251985777461954,2
1005,1006,-0.001840104292843617,1,26.084992323564265,26.063078209534446,1
1008,1009,-6.480644916787221e-05,1,26.00210636765893,26.026423369842014,1
1012,1014,0.008072574953450332,2,26.345432074283508,26.58445298145848,2
1020,1022,0.006552277521983545,2,27.362087758218877,27.568733838549814,2
1023,1027,-0.007953439191111904,4,27.65655672279277,27.464248537385295,4
1028,1030,0.006095200059260838,2,27.56889752088814,27.7645043642121,2
1031,1033,0.009419212202730697,2,27.76034105262945,28.049581936876972,2
1037,1040,0.002738975172902803,3,28.29053585900763,28.396313470212576,3
1045,1046,-0.006301693901799283,1,28.456876739788044,28.306007089912455,1
1051,1054,0.0003432086800574045,3,27.817115123108707,27.854479313596222,3
1056,1057,0.0014299553048819445,1,28.111462130981035,28.1797717275142,1
1063,1064,-0.004850480961816618,1,29.587055291694583,29.473130898577697,1
1067,1068,-0.002820148666320058,1,29.350135091899396,29.296713482655562,1
1071,1080,0.003792705042981008,9,28.980637079189187,29.11953272466742,9
1103,1105,-0.0044362373493540466,2,28.00830997199509,27.912066771177034,2
1109,1114,-0.024005910925337777,5,28.288275006265202,27.637477471239606,5
1127,1128,-0.0014289608659829355,1,27.594926634179956,27.583089490554222,1
1129,1131,-0.0035131898825722036,2,27.636256722865657,27.566801562077583,2
1140,1144,0.011075385369712202,4,27.86954242752327,28.20607789241316,4
1146,1149,0.0077015428768222064,3,28.190462899884114,28.43576342152492,3
1151,1154,0.0011013417804144536,3,28.569032688469665,28.629065990483973,3
1155,1156,0.0003168163714733336,1,28.623364567046476,28.661056282115013,1
1157,1159,-0.008482647465041036,2,28.60609379355786,28.39204447834877,2
1160,1163,-0.008465083418904375,3,28.301542931899668,28.090269553029334,3
1165,1171,-0.011744796398211646,6,27.99000890035861,27.689261953540125,6
1183,1187,-0.0015426773017967253,4,26.7606760841603,26.74615367266869,4
1194,1197,-0.0077304681987363875,3,27.076854735409626,26.894614825691146,3
1198,1199,-0.004030879520120826,1,26.899883838915393,26.818353531894395,1
1203,1206,-0.0015489635788875629,3,26.948600528132697,26.933806727940762,3
1207,1215,0.01653565581368669,8,27.003425438727543,27.47694821301162,8
1217,1218,0.0013019106213335969,1,27.522316303401652,27.585670215624155,1
1220,1228,-0.006381439331861881,8,27.764484654514828,27.615071764766146,8
1233,1235,-0.0012030571734542553,2,27.726781410413672,27.72115128855149,2
1236,1237,-0.004351377117134762,1,27.646810463854656,27.554155575904332,1
1238,1239,-0.0030163940942777158,1,27.511165417892204,27.45569206641687,1
1240,1242,-0.00018084665298229293,2,27.387360715357282,27.409795163553248,2
1249,1253,-0.012733344166865043,4,26.924102728218568,26.60819296452435,4
1255,1259,-0.010006341640844046,4,26.59522159465738,26.355695942961944,4
1262,1264,0.0033834182245145042,2,26.727565007074283,26.84472310262319,2
1265,1267,-0.0010937632938673842,2,26.969283765404615,26.966755036525527,2
1268,1270,0.00048048235658714584,2,27.029261071074053,27.069277415201366,2
1271,1273,-0.0037129311783339527,2,26.94594027553016,26.87283779402715,2
1274,1276,-0.0077205381089375915,2,26.725451759842947,26.54584234281235,2
1279,1282,-0.00577900144375777,3,26.506935819679434,26.38025913512759,3
1287,1291,0.005668789007668139,4,25.976053133466355,26.14928195106542,4
1295,1298,0.0006905632062947651,3,25.988165518057908,26.032100154481835,3
1299,1302,-0.011248259885119846,3,25.961250982525964,25.695193335514215,3
1313,1315,0.009583460757297779,2,26.11492263226301,26.391308891121433,2
1316,1317,-0.010193553489379538,1,26.576785545669416,26.332450446179536,1
1319,1320,-0.006885811081228793,1,25.74799595185462,25.59644811196176,1
1322,1323,-0.007305454462761828,1,25.689283906328757,25.52730129647644,1
1329,1330,0.003088017152226767,1,25.370653434133626,25.474369100535565,1
1331,1333,0.005654306905492233,2,25.720915692157686,25.892070559063594,2
1334,1336,0.006295666445334857,2,25.941564583263105,26.130825585532705,2
1337,1338,0.0022610827846963315,1,26.133531568567,26.218755178468573,1
1339,1340,-0.0008261509184666969,1,26.211616294066733,26.21617315948496,1
1345,1346,-0.002603300079774192,1,26.41354538279255,26.3711965433732,1
1354,1360,0.0025139006720799697,6,25.65311048488783,25.74325296706162,6
1362,1367,9.482655674897473e-05,5,25.921811485947075,25.95019137356093,5
1369,1371,0.0019419249012552994,2,26.114204450107554,26.191030478455797,2
1378,1382,0.00025709111884938203,4,26.647440111028814,26.68093837133246,4
1390,1393,0.013538920296627212,3,26.619353057487732,27.006369709938326,3
1395,1396,-0.0045332323076537635,1,27.316133214342216,27.219618969949128,1
1405,1406,-0.0017158036365359755,1,27.460643075755538,27.440986647580296,1
1414,1417,0.0031658830861768785,3,27.007177731975197,27.119686476894206,3
1425,1430,0.012206382148966348,5,27.477370040131596,27.840246689330133,5
1432,1434,-0.005134756671888774,2,28.042390904725337,27.92644244183631,2
1437,1438,-0.002640480852230922,1,27.833124436947013,27.78746472925044,1
1441,1443,-0.0004424919812725563,2,27.983752362535466,27.999353528871662,2
1444,1445,-0.003400637152096573,1,28.052347252832014,27.98500374581335,1
1446,1447,-0.00407378924748149,1,27.73645527913451,27.651199261134256,1
1449,1451,-0.004308681945776686,2,27.590607048058263,27.499318504645334,2
1452,1455,0.0034592939610373187,3,27.72251180898513,27.84613463847972,3
1456,1460,-0.01830944948075019,4,27.93543910304506,27.451892031168327,4
1470,1471,-0.0029551273307932956,1,27.054150620065837,27.001256310777148,1
1472,1484,-0.043586975397673325,12,27.03166247016645,25.88046572559126,12
1485,1486,-8.865568941203222e-05,1,25.89602398943865,25.919624183568274,1
1489,1491,-0.008436029472831895,2,26.068468418250283,25.874622518780587,2
1494,1498,-0.0031085723041202155,4,25.559284843614783,25.505391243480418,4
1500,1502,1.247608728148779e-05,2,25.66231204390566,25.68829452119447,2
1504,1508,-2.4050705358936368e-05,4,25.71715361177524,25.74225224970283,4
1510,1511,-0.00390731708900849,1,25.814897588824632,25.739845495913638,1
1512,1513,-0.0029846067286503075,1,25.718006398498435,25.666966269952503,1
1514,1518,-0.0027848139199376787,4,25.719707194641103,25.673802303223386,4
1519,1532,-0.015311547978582463,13,25.737822667754855,25.369474583781034,13
1535,1539,0.0006028788973069211,4,25.314230413263797,25.354806058994782,4
1544,1546,-0.0015296549687927037,2,25.759626366626566,25.74598265252724,2
1549,1554,0.007133044554280596,5,25.705193858225915,25.914255345151286,5
1560,1568,0.019035274677190284,8,25.682699558868713,26.1972594989824,8
1569,1574,0.0062460156302579,5,26.18914519706252,26.378912152503528,5
1580,1582,-0.013049566053454253,2,26.189014440054162,25.873448180683862,2
1583,1587,0.001556929701935428,4,25.90991030949236,25.976160128737185,4
1595,1599,-0.016731585315475403,4,26.403426965073752,25.98805920115177,4
1601,1603,0.003468869945141574,2,26.07369075676996,26.190210689751805,2
1606,1613,-0.033438930445653436,7,26.110942596317273,25.263931545564887,7
1616,1619,0.0054082504834896995,3,25.46087046752533,25.624030103008916,3
1625,1628,-0.009874914900864326,3,25.40785433977147,25.18236179469244,3
1629,1630,-0.005287284132959638,1,25.064483627062287,24.957025064107157,1
1631,1634,-0.028388953646687524,3,24.88185538619951,24.20036740238331,3
1636,1644,-0.05087466913582163,8,23.83770039230849,22.64880297228326,8
1645,1647,-0.003782150813007828,2,22.323019629606065,22.260913622394767,2
1648,1649,0.02906808886375153,1,22.819318555340416,23.505451853472646,1
1651,1652,0.004417100967932841,1,23.96480362350189,24.094623384407083,1
1653,1658,0.030431746134318857,5,24.286630006666073,25.05000119549373,5
1659,1660,0.023890542404834514,1,25.41974609074861,26.052457358740515,1
1664,1667,0.013630802645248609,3,27.13637221821085,27.533399124643502,3
1668,1674,-0.022870379801241326,6,27.331199167428608,26.733455461213573,6
1677,1678,-0.016045704005325,1,26.1884062817745,25.794383272487728,1
1679,1683,0.02379159552461201,4,25.64156984090926,26.27726526902117,4
1686,1687,0.003581258517246522,1,26.424689062064058,26.54574739389523,1
1689,1690,0.006637771481307235,1,26.738232910069247,26.942453422850324,1
1691,1694,0.021365065433940917,3,27.088409639791642,27.69424369388698,3
1695,1697,0.0023026709209446584,2,27.97130911590867,28.063689145146537,2
1701,1703,-0.009597356909733745,2,27.889222616034782,27.649449015269713,2
1704,1709,0.08053992726897323,5,27.81232250492954,30.080137259162722,5
1711,1713,0.01068887036089394,2,30.265492156929657,30.61926157116066,2
1714,1715,0.0020468911256338092,1,30.74089608255575,30.83456024602372,1
1716,1717,-0.01138967429186754,1,30.72030271454528,30.40112877519358,1
1720,1721,0.014447162717521302,1,30.870146475044184,31.347002650757908,1
1722,1728,-0.009242072595137311,6,32.118511767990164,31.853788662350617,6
1730,1735,-0.030040537699229642,5,31.898450878181176,30.97210271290633,5
1740,1744,0.003938916969426806,4,31.023748511133704,31.17697222911057,4
1747,1748,-0.0031122671718342887,1,30.40660732635092,30.342380447888612,1
1751,1755,0.005765519480478323,4,30.21251933225155,30.416922720348225,4
1764,1770,0.005156608869832333,6,31.164215568632997,31.35608145462421,6
1772,1779,0.0005720991057079493,7,33.530892847123354,33.583606733781906,7
1789,1790,-0.024654270297645713,1,31.85018030185429,31.09678752796548,1
1793,1803,0.07734012892709252,10,32.507269332520934,35.053893003098345,10
1805,1806,-0.007564819972465332,1,34.88197542559301,34.652981536640034,1
1808,1809,-0.01241239333128219,1,34.249968010574285,33.85909390405378,1
1812,1813,-0.004585366273946862,1,33.225821609654155,33.106694869430726,1
1816,1818,-0.01785348239821087,2,33.33246961057973,32.770701420708924,2
1819,1820,-0.008698120895064273,1,32.48055857248931,32.23051930585907,1
1822,1825,-0.03771510787222736,3,31.742653311347613,30.57721837087077,3
1826,1827,-0.0004972033961013264,1,29.88396428020404,29.898989835955156,1
1828,1838,0.009073529937554045,10,30.501888342380067,30.809150027748963,10
1840,1842,-0.003961380409155791,2,30.024842406361042,29.935927426270855,2
1844,1847,0.012398822537577864,3,29.828214140685162,30.227877088569073,3
1850,1856,0.018736469988940394,6,30.443115392486803,31.043955025800468,6
1857,1858,-0.00820321594159559,1,30.969368117210983,30.746289071087947,1
1862,1863,-0.0014039455562069255,1,30.773273014503662,30.76084228761951,1
1865,1867,-0.011975950645203882,2,30.829669420489502,30.491284490522258,2
1869,1871,-0.010697623941238448,2,30.436384063881263,30.14122345709864,2
1872,1878,-0.004673028375203399,6,29.87087958587263,29.761162997561435,6
1881,1883,0.00659661203878595,2,30.34270880813954,30.57321059516083,2
1887,1890,0.018257679126557957,3,30.656526403855768,31.246899952476074,3
1891,1892,0.009751213971209826,1,31.337139761163346,31.67405205598132,1
1895,1896,-0.006317337743940296,1,32.04155938570739,31.87118359261106,1
1898,1900,-0.0010296359429122445,2,31.695688085614115,31.694748754011446,2
1901,1907,0.010573026690230442,6,31.725766848800436,32.09292999530963,6
1913,1914,0.007743956149276278,1,31.026986455353978,31.29828506436378,1
1918,1921,0.033738122455651345,3,31.43585914065189,32.52788186497846,3
1924,1925,-0.010903027378920207,1,33.07263219801774,32.745113015867815,1
1927,1931,-0.0026176205677238933,4,32.613889354003575,32.56113245579107,4
1933,1935,-0.003894716860366174,2,32.52033459081237,32.426197429967594,2
1943,1950,-0.012325551685748101,7,31.482829351541636,31.126268940507163,7
1953,1954,-0.0013117551881950595,1,30.731876771486462,30.72229594945998,1
1955,1956,0.0008116592836434401,1,30.632870958997003,30.68836728405452,1
1963,1965,0.004185140198058482,2,33.03763306071853,33.208937819950364,2
1966,1967,0.008187831179385433,1,33.47718334935624,33.784766058331456,1
1969,1970,-0.005380329643697278,1,34.4218149350925,34.27103603874245,1
1971,1975,-0.012047571233653305,4,34.20902869476724,33.83110201342771,4
1976,1979,-0.004024957375942969,3,33.880680966679726,33.7781933508876,3
1980,1982,-0.006120061004727522,2,33.73614880835423,33.56341766839089,2
1983,1986,-0.008264484959096154,3,33.41522770800503,33.17248328891545,3
1991,2000,-0.0040123433360719826,9,33.356633972357095,33.25615233829667,9
673,675,-0.0011057436073841234,2,27.04591931184406,27.043059378771005,2
676,679,-0.014887304756779206,3,26.99542333201605,26.620529661166074,3
680,681,-0.007159602117833369,1,26.47959750731384,26.316493722428415,1
682,684,-0.0030687093719012413,2,26.246246511117402,26.191950654982623,2
685,690,0.008133025541076169,5,26.174221111281003,26.413270941208108,5
691,692,-0.0009400244569716116,1,26.57906894942429,26.58066304351772,1
693,694,-0.0018742477845931286,1,26.765769655522977,26.742369740698706,1
697,702,-0.006621079894428527,5,27.119853234143275,26.96741037238898,5
705,713,-0.008564711199844501,8,27.543392677504638,27.335034866435404,8
714,715,-0.006679666457687688,1,27.38393560176767,27.228403981250832,1
716,723,-0.014225402365313524,7,27.138677418238785,26.77975748972013,7
727,734,-0.010116621183869808,7,26.35219500944901,26.111952030184398,7
735,738,0.013579638663111425,3,26.311688710156844,26.6953036241672,3
740,742,-0.007206373162516786,2,26.385769168450295,26.222009238810863,2
750,751,-0.0028185094091883627,1,26.376921474553225,26.328954794666327,1
764,765,-0.004224347208121119,1,26.99024625655409,26.90322033139027,1
766,767,-0.001054242325954496,1,26.93784842163083,26.93638725007623,1
768,770,0.0013681700138655282,2,26.920993558186794,26.98474704787476,2
771,772,0.0016896101259208833,1,27.148112725977523,27.221130564864954,1
782,786,0.012290742087911928,4,27.788057256348203,28.157381158466457,4
793,798,0.006653606542753699,5,27.772468978264214,27.98502852854468,5
804,807,0.005043510270077429,3,28.35834296299992,28.529726899939188,3
809,814,-0.0019144916602249146,5,28.597674655796105,28.571522320821554,5
816,819,-0.0039010833616811976,3,28.565742854333575,28.482871253024804,3
832,833,-0.0028797131509720915,1,27.938346239344824,27.885830162502316,1
835,844,0.010706920633350311,9,28.278189665754315,28.609240187826128,9
850,851,-0.00551615709349367,1,28.325871686918642,28.197947600570373,1
854,855,0.0008346885180807858,1,28.11142155399669,28.162997256348735,1
858,861,-0.008800850323792018,3,27.987656235350684,27.76932871814497,3
867,869,-0.00041949867924240866,2,27.670030078848818,27.686092567854992,2
872,873,-0.0013549055614127928,1,27.892226146494888,27.882327040315314,1
875,878,-0.010434623717965726,3,27.787687348552293,27.525520974426225,3
881,882,-0.004939281986629865,1,27.275523878344845,27.16807789845499,1
883,887,-0.001712843393621888,4,27.20974451542758,27.19034822880762,4
888,890,-0.004741855968852538,2,27.209503751951296,27.10768970792754,2
892,901,0.009912362479384967,9,27.091750072903448,27.387385069899874,9
905,907,0.0008995530682161157,2,27.543021976953494,27.59534140885776,2
908,911,0.003860583092741534,3,27.709978412631223,27.84466506520389,3
912,915,-0.015223302587384337,3,27.929576847272617,27.532326024636255,3
917,921,-0.005929953624670914,4,27.388875572447393,27.253849686043345,4
923,925,-0.006380025681994502,2,27.201031694447686,27.05468944535481,2
927,930,0.007454849442366798,3,27.099331947806352,27.328452719413775,3
934,937,-0.007377224363696078,3,27.377024857328923,27.202435427403252,3
940,941,-0.004636845044743949,1,27.0944107192504,26.995872545885838,1
944,946,-0.01060489088006824,2,26.637137915355712,26.381291112321392,2
948,953,0.00530931150118219,5,26.453038097511484,26.619938555021324,5
955,957,0.0006732838134596545,2,26.69239618669513,26.73706014117678,2
963,964,-0.0028649849748438954,1,26.608404560381175,26.558780285671496,1
965,966,-0.004928231272626363,1,26.489047016400118,26.384991913528225,1
971,972,-0.006261274019861278,1,26.308035011770848,26.169621230649817,1
973,974,-0.00046180372163869595,1,26.216125659999015,26.23023508126228,1
977,978,-0.0022446205117964014,1,26.14946347015088,26.11691731154346,1
982,991,0.006724210298490283,9,26.07873893564241,26.280176599500738,9
993,997,-0.006456074472727032,4,26.37623722713402,26.23232651251246,4
1001,1003,-0.004594324977635676,2,26.083091142095068,25.989340036109088,2
1005,1009,-0.0010778182030180196,4,26.067273697241408,26.06524518884471,4
1010,1011,0.002511123262448205,1,26.2001014408676,26.29209322651513,1
1012,1016,0.017069478829814237,4,26.3886499443358,26.865479095852354,4
1017,1018,0.0036333428906911583,1,26.89642466051593,27.02104501850174,1
1019,1022,0.014145136910259034,3,27.185344586527425,27.59707035224295,3
1027,1040,0.03171768046024683,13,27.52348560319973,28.423990210317424,13
1041,1044,-0.0036256128171258326,3,28.46990264058044,28.395151699305007,3
1058,1065,0.03452321338171306,7,28.344773875973296,29.3516713266259,7
1066,1069,-0.0026376287275907953,3,29.36405557180327,29.315968150840312,3
1070,1071,-0.011210963750685317,1,29.192093509829743,28.894014101194255,1
1073,1077,-0.0008095068361663716,4,28.740832139172337,28.74630707121774,4
1084,1086,-0.010317035586644329,2,28.818418069776726,28.549915843069822,2
1087,1090,0.001232251350566043,3,28.423659142097907,28.487107893605884,3
1092,1094,-0.014085552476967897,2,28.439618364522314,28.067470245988417,2
1095,1096,-0.002097758494172558,1,28.070131637242813,28.039317411805488,1
1099,1100,-0.0018458034438702312,1,27.840424458947588,27.8168769320614,1
1101,1104,0.004175530963130066,3,27.816667804863915,27.96063383037909,3
1107,1114,-0.014578573323921668,7,28.010531948829595,27.63018888692036,7
1116,1117,-0.0014197242130625544,1,27.10440131449867,27.09302494098641,1
1124,1130,0.00129105712263081,6,27.54813697451748,27.611251329948157,6
1132,1138,0.0061187377595406,6,27.611338515183668,27.807896393263164,6
1144,1146,0.0007063984000604741,2,28.17781151065629,28.22589408313528,2
1147,1149,0.0054726333286458,2,28.29611096064854,28.479261311523494,2
1152,1155,-0.0031536811444525803,3,28.665496727953226,28.603760388153866,3
1160,1161,-0.0031412757569179014,1,28.323642033617425,28.26299330558322,1
1162,1163,-0.001976898668278198,1,28.212899249747093,28.185338106041748,1
1164,1165,-0.003636368458394971,1,28.00718844051376,27.933351172300867,1
1172,1173,-0.0024123349961443314,1,27.688701059527936,27.649595338023786,1
1174,1176,-0.015194015450988797,2,27.54215788773597,27.151224073123874,2
1177,1178,-0.0069474609469208,1,27.054530360022188,26.893624597268673,1
1180,1183,-0.006589164962026472,3,26.863240048367473,26.71309696832263,3
1184,1186,-0.0013097961073044115,2,26.667880511451596,26.65961890587909,2
1189,1191,0.007314058130208709,2,26.876667408378847,27.100121583558394,2
1194,1196,-0.005442856638720145,2,27.06684963851489,26.946595505909173,2
1204,1208,-0.0004368603911026833,4,27.03094726566398,27.04616946273529,4
1219,1224,0.011177962181279325,5,27.69245183723659,28.029689468417356,5
1226,1228,-0.008318528048269266,2,27.781974722803408,27.578651561558264,2
1229,1231,0.0006144877607901383,2,27.600839446612877,27.645400664086967,2
1233,1234,-0.0007891337796083743,1,27.687444821658467,27.69328316850031,1
1235,1236,-0.006227332362550519,1,27.73505076717824,27.590070438725988,1
1237,1239,-0.005066177008339043,2,27.57070976375346,27.458602377608496,2
1242,1243,-0.0021721168013667373,1,27.55453160014729,27.522234470704966,1
1244,1249,-0.023987977421214147,5,27.555880891927618,26.92242692416232,5
1255,1256,-0.008729721042052671,1,26.64090231815964,26.43497557493169,1
1260,1261,0.0023486568823102593,1,26.4686730053328,26.557307509357727,1
1264,1265,-0.00024967246345139135,1,26.85800149860468,26.878153796705746,1
1270,1271,-0.006426542469630727,1,27.084824973569056,26.93784802056747,1
1272,1276,-0.01281375361533955,4,26.955484591835223,26.6370391382852,4
1279,1280,0.0003623481602882397,1,26.51672631389832,26.552851327208927,1
1282,1283,-0.007961527935772962,1,26.43169369985624,26.247688725774896,1
1290,1294,-0.004314513222826995,4,26.192721146222112,26.10590502564114,4
1296,1298,0.002063365086815716,2,25.962458141097112,26.041990628934464,2
1307,1309,0.00852424699891165,2,25.3750212201566,25.616699189859997,2
1310,1311,0.0029606377251131747,1,25.686169253297525,25.787902864255777,1
1314,1315,0.0024176991844766836,1,26.279414102288158,26.369229234434073,1
1316,1317,-0.008568380725977542,1,26.535459455001973,26.334628995107778,1
1318,1319,-0.010623380689982899,1,26.03330595505703,25.78277754123272,1
1320,1321,0.0016521981975571158,1,25.628866942172742,25.696839776882204,1
1322,1323,-0.006400595115345637,1,25.660863869406615,25.52227993333795,1
1326,1327,0.0014361269938677917,1,25.29661673460214,25.35824250548283,1
1331,1333,0.012101944544536825,2,25.599814069574776,25.9352214138648,2
1336,1340,0.0046589206553978215,4,26.10896869808182,26.25671728033853,4
1341,1344,0.0027721429429370067,3,26.350122513163413,26.449518941846968,3
1345,1347,-0.0030612053490545726,2,26.45078448033159,26.39626398187404,2
1349,1351,-0.010326141491366354,2,26.358245578698273,26.11242485096715,2
1353,1354,-0.009443724314285223,1,25.850367177881857,25.632093804008775,1
1359,1360,-0.0010679323512846057,1,25.771163139323278,25.769412443615884,1
1363,1365,-0.002173036963432566,2,25.851121432617127,25.820797111630483,2
1372,1381,0.007426457925558442,9,26.3225802734232,26.544386388589334,9
1384,1385,-0.004167335099554955,1,26.68491847791155,26.600398398987696,1
1386,1387,-0.004827437814571102,1,26.5885955042586,26.486829308389265,1
1390,1394,0.017150286558584384,4,26.63895533632703,27.122460009302696,4
1398,1399,-0.0003957582931468235,1,27.36307306764396,27.3796069776191,1
1400,1402,0.0016937451684010587,2,27.32178284977994,27.395380770323637,2
1405,1407,-0.007579088528030602,2,27.487821893777653,27.306977080095752,2
1408,1411,-0.006248593142372834,3,27.294357240521304,27.15110026428323,3
1414,1417,0.004624080414544154,3,26.981215568551704,27.13296009459139,3
1426,1430,0.006303186690522453,4,27.628968511936794,27.830748027046035,4
1432,1434,-0.0054459107315358996,2,28.04956716375352,27.92486129208525,2
1435,1438,-0.0030048629563927177,3,27.897473377488083,27.841542766536605,3
1440,1441,-0.0015335023776001985,1,27.99422195990346,27.979286975928783,1
1444,1450,-0.02057384324735353,6,28.096457584232564,27.546501927672878,6
1451,1453,0.0048809661329982604,2,27.545801354655897,27.707797279528926,2
1454,1455,-0.00019145780212067708,1,27.847638716547944,27.87015470756157,1
1457,1461,-0.01932887697786869,4,27.880708550510597,27.369686473432477,4
1462,1463,-0.006989474821019398,1,27.261242750668384,27.097962223623558,1
1465,1468,-0.0013826790261751445,3,26.98100923256141,26.97068416622307,3
1469,1470,-0.0006141495701591905,1,27.018775325700382,27.029200531773576,1
1472,1473,-0.002505457939470765,1,27.064762198295465,27.024017337164153,1
1474,1475,-0.006292851822203763,1,26.915939095872975,26.77347701858306,1
1478,1479,0.0004129881935782051,1,26.312876094276834,26.350055877537134,1
1482,1487,-0.0035578143149047293,5,26.097659893464005,26.030906925402988,5
1490,1493,-0.014631552594303418,3,26.028964936778102,25.674149732267132,3
1496,1497,0.002003904152983274,1,25.386067140739883,25.462324453251863,1
1498,1500,0.002249567411682486,2,25.56808051877742,25.651165720010514,2
1503,1504,-0.009058348688603512,1,25.88446530414284,25.675879257103997,1
1507,1509,0.006665289281601469,2,25.653645672981114,25.850288288192218,2
1511,1512,-0.003693403238445558,1,25.769395532712455,25.699988159331863,1
1513,1514,0.001978087889935315,1,25.670523785977196,25.74697286199251,1
1515,1519,-0.0044476837369604085,4,25.831843824179902,25.742783796331576,4
1522,1525,0.000506341886825735,3,25.82881605036078,25.867723077864554,3
1529,1531,-0.010312451261477028,2,25.567072373219755,25.32898025784549,2
1533,1535,-0.004231595218841375,2,25.38738437737052,25.30534262739772,2
1537,1538,-0.0010630451653600317,1,25.281817705373765,25.280223808995927,1
1539,1542,0.010536006986905651,3,25.36261367432202,25.655196962875188,3
1547,1548,-0.0021281816034573707,1,25.736134608526985,25.707099574917542,1
1552,1553,0.003456210792852278,1,25.839549346055165,25.954695824733495,1
1561,1562,-0.0002833591565893805,1,25.74942900117463,25.767882093691373,1
1564,1568,0.009746589288259305,4,25.875969192973017,26.15404760632555,4
1570,1572,0.0021171446232188364,2,26.280350298074058,26.362269950702007,2
1573,1574,0.001953171900815717,1,26.335458339937183,26.41323147550179,1
1578,1580,-0.00924868228995842,2,26.437808254582357,26.219731173847467,2
1581,1584,-0.005953495635440018,3,26.024752719623486,25.895839220613425,3
1586,1587,-0.00033489011561541374,1,25.950358746927733,25.96761858703364,1
1588,1589,0.0008842718763334074,1,26.13664074327062,26.185889280364993,1
1593,1596,-0.00947233026513307,3,26.440102068263606,26.21609279129745,3
1598,1602,0.0016822370596427725,4,26.056930015010057,26.126820878356835,4
1603,1604,-0.00015701922221958442,1,26.230714973007053,26.252826961516735,1
1607,1610,-0.01613103525324395,3,25.871085960438712,25.47962964673161,3
1612,1614,-0.0056196252036617746,2,25.360055772916876,25.24290182010204,2
1615,1620,0.008033072264858058,5,25.352226939461488,25.581235437480725,5
1623,1627,-0.009751847264092513,4,25.53859335525568,25.315083486870716,4
1628,1629,-0.007990218688571311,1,25.22297476486973,25.046660655286974,1
1633,1634,-0.011133626681828313,1,24.3982143091983,24.15097191368564,1
1635,1639,-0.02096603863225822,4,24.012110197074996,23.532683477238155,4
1642,1643,-0.009784997747815029,1,23.091053580982727,22.888198727279118,1
1644,1645,-0.01454544669131072,1,22.65529850957759,22.348422371340376,1
1646,1647,0.011708236961239397,1,21.98057583947847,22.259910205791055,1
1656,1658,0.014643381111154687,2,24.67032188927343,25.056249136722197,2
1669,1671,0.003975394107207035,2,26.82604896494616,26.959519130886,2
1675,1677,-0.022473804156984956,2,26.699066770531136,26.125736239526486,2
1679,1680,0.0061197348305800725,1,25.702414087769746,25.885408460580432,1
1683,1684,0.002301901024524784,1,26.36819253140476,26.45525769333907,1
1687,1688,0.0018977630001673416,1,26.472115200139644,26.548825116102776,1
1689,1691,0.011307714750104364,2,26.782897294760602,27.112533554845857,2
1694,1695,0.004356093031844117,1,27.74594610301622,27.894555971600507,1
1696,1699,-0.006718137597076891,3,28.000894793073215,27.84078182380515,3
1702,1703,-0.0020372083755946903,1,27.672076584267945,27.643374874664644,1
1704,1705,0.009909086636742132,1,27.810723310460823,28.114112900485104,1
1707,1709,0.019862115122191198,2,29.4690108648537,30.08379676205338,2
1711,1713,0.008437345685808367,2,30.313208554140964,30.599284782112395,2
1715,1716,-0.0038861608066673345,1,30.87001100968867,30.78091519381112,1
1719,1721,0.02602879281677816,2,30.517176968379637,31.342019422010925,2
1727,1728,-0.013218545198163064,1,32.21548482696872,31.821858469529666,1
1731,1737,-0.022390845397235466,6,31.73755309753058,31.05866000593475,6
1738,1744,-0.006063755101714623,6,31.328946976918022,31.170304861832307,6
1748,1750,-0.006274919194913971,2,30.39107828649192,30.23076780428437,2
1753,1754,-0.003352488638139933,1,30.512793951063582,30.4410129499758,1
1757,1758,0.0024415967311822518,1,30.385483726204196,30.490058307671692,1
1759,1761,0.01543759576417202,2,30.78341368691744,31.28941899734427,2
1765,1767,-0.016277025864776598,2,30.8850242213789,30.41319290751464,2
1770,1772,0.06308927464523967,2,31.395636127876042,33.4077596743375,2
1776,1778,0.002068293804872456,2,33.52484904422849,33.62771313086018,2
1786,1789,-0.006119782878659063,3,31.970488106972688,31.806806149340236,3
1791,1792,0.019954074611455253,1,31.068039786606015,31.719041810326218,1
1795,1797,0.03961451842035549,2,32.699000077852666,34.02705421884182,2
1809,1811,-0.013479368041528487,2,33.84957768485034,33.42715634687078,2
1815,1819,-0.035355615332811896,4,33.579724082757735,32.42607199918855,4
1822,1823,-0.01234554147490179,1,31.679403600411472,31.31998361296285,1
1828,1829,0.0033575963944190027,1,30.51585166433459,30.64882742951972,1
1842,1843,-0.009332374304452825,1,30.010703131838632,29.760642720204338,1
1844,1850,0.01827765027709758,6,29.822887002449875,30.397802188336502,6
1851,1859,0.004563645516073087,8,30.477379191583807,30.646944525664722,8
1860,1861,0.004847472527057812,1,30.74528025445533,30.92506243607995,1
1864,1868,-0.01508888097166643,4,30.76697234839717,30.33350013712205,4
1870,1872,-0.015210165520723573,2,30.332710994964625,29.901678151033906,2
1874,1878,0.00310347068298054,4,29.64812904895888,29.769789277316505,4
1880,1883,0.015147589747804256,3,30.01555042065384,30.500229214901093,3
1885,1888,0.02202014149188054,3,30.298807735776137,30.99629057688899,3
1890,1893,0.014683110855283184,3,31.290616304511495,31.78135050874528,3
1900,1902,0.003483345949523019,2,31.705178725736456,31.84732401035539,2
1904,1909,-0.007123417934090845,5,31.87594233296326,31.680752616015546,5
1915,1916,0.002532420085269944,1,31.355065076613776,31.465824338265353,1
1917,1919,0.0007558185563774657,2,31.453211653537917,31.508437786216867,2
1922,1930,-0.015170507301733572,8,33.20461476075585,32.73408852483731,8
1933,1935,-0.007235575081566359,2,32.58577573952651,32.38258468831161,2
1940,1942,-0.005799627889428948,2,31.655037317210805,31.503104917262206,2
1946,1948,-0.002001108884653833,2,31.381956097723922,31.350539342656674,2
1949,1950,-0.005583261126714869,1,31.302156972469202,31.158691013234957,1
1952,1954,-0.003066893582802044,2,30.80758878743855,30.74391277987219,2
1955,1957,0.002420944881711598,2,30.646265425132047,30.751104609981727,2
1962,1964,0.0225643826000537,2,32.344369314408105,33.106544407890254,2
1967,1968,0.00781784548410349,1,33.83434884168747,34.13269490182873,1
1973,1974,-0.005997479975539678,1,34.260432929479755,34.08921710196136,1
1976,1983,-0.017018171446945014,7,33.87229194057843,33.32971976097327,7
1990,1995,0.012464144701569209,5,33.318346184746254,33.766949218994654,5
1997,1999,-0.01751356363138922,2,33.832281695802145,33.27359015922343,2
675,678,-0.012081789813650459,3,27.03582558713591,26.736220250540757,3
679,680,-0.008406130666366519,1,26.655647064263054,26.458231859108572,1
682,685,-0.0030624616742645624,3,26.23237956600058,26.178276288520944,3
686,694,0.02083098375105155,8,26.16642262793021,26.737661375143702,8
695,696,0.0027778423761602384,1,26.854134147031463,26.95558483298721,1
699,701,-0.0068042551311175686,2,27.095193980106618,26.93792656141896,2
705,707,0.005586188050929099,2,27.5472244656251,27.72865566623686,2
708,709,-0.003276383880278057,1,27.74997448654173,27.68680489194244,1
712,713,0.002499362092545311,1,27.23665724371498,27.331968169601286,1
714,716,-0.017421116192444356,2,27.46744585096518,27.016399731136808,2
719,720,0.000168263404464557,1,26.62056001705263,26.651659843126904,1
721,722,0.0029645193696242814,1,26.723137566637206,26.829081963137273,1
723,725,-0.016129258431727876,2,26.823903466730055,26.418077699034175,2
730,732,-0.00557542627505251,2,26.057704547214477,25.938479441161597,2
735,739,0.006102403219546976,4,26.295563281238923,26.482324974547396,4
741,742,-0.004012606624930539,1,26.303676443309246,26.224433813396104,1
745,748,-0.0017523173328712208,3,26.354636765087548,26.334809715047648,3
750,751,-0.0047977402276957945,1,26.38229978550334,26.282106664308802,1
754,756,0.004599499568698635,2,26.187880131977487,26.334519155481626,2
757,762,0.01657193053251667,5,26.323236563066917,26.785786647344132,5
763,769,0.0007179482612952293,6,26.903485510126625,26.94970430628153,6
771,773,0.005050325129984777,2,27.089049418261855,27.252946974704564,2
774,776,-0.0033995645613089133,2,27.264624156395133,27.19920093049204,2
777,781,0.019027797516978848,4,27.225922607990324,27.77119787319609,4
783,785,0.006983482384056589,2,27.783870855657618,28.005682899194664,2
800,802,0.0015409864640616652,2,28.086274220947473,28.157641063568825,2
804,806,0.005607577922008966,2,28.368388351368374,28.555834687921852,2
812,818,-0.010231184623578422,6,28.66598302179706,28.401362040106488,6
819,824,0.005369979894787011,5,28.45585905353989,28.63712230359983,5
831,832,-0.009587458448289364,1,28.11581898184643,27.8743755546002,1
838,839,0.0012327007895201487,1,28.583969661798147,28.647789113429663,1
840,843,-0.0024738763836436857,3,28.69990893380421,28.65760881581395,3
844,846,-0.006117124921797404,2,28.710921081251147,28.56400371145852,2
849,853,-0.014080288559931164,4,28.446569021341897,28.074479690002747,4
856,857,-0.0043536306604549276,1,28.135778955405975,28.041421944445343,1
858,861,-0.009895434761990618,3,28.021431396699146,27.772168581772213,3
863,864,0.004619899817628458,1,27.769573873522624,27.925636096670054,1
865,866,-0.008868259055628103,1,27.87729159420993,27.6579458421774,1
867,871,0.008151466324448662,4,27.70567205395072,27.95921957874867,4
876,879,-0.011293041659797907,3,27.742188465732823,27.45663696412107,3
881,882,-0.0014891305687215668,1,27.235328285954246,27.22200665434042,1
886,887,-0.0013603418531231257,1,27.180853950158664,27.171059550876794,1
890,891,-0.002079489691671164,1,27.107661118014377,27.078398677272165,1
892,893,-0.00512671654901056,1,27.12353346339753,27.011602328986484,1
895,899,0.0052886013183399095,4,27.0995960731561,27.27001462874823,4
913,914,-0.00777971298346084,1,27.92299204250756,27.733682170819897,1
918,919,-0.0031161834646429524,1,27.34658439536614,27.288714005654203,1
922,924,-0.007474669181034683,2,27.236409901727317,27.060063157934575,2
925,929,0.001529955270784606,4,27.125623410173077,27.194250024092963,4
945,947,-0.006517109763141828,2,26.5019794108511,26.35576508150091,2
948,950,0.006520271462393776,2,26.467043100092223,26.666082449011792,2
952,958,0.004722544818725287,6,26.64257002554661,26.79503332660383,6
961,970,-0.014740453127635965,9,26.740876109811225,26.373444355032444,9
972,974,-0.0032639139936414406,2,26.23268736411745,26.173298816103003,2
977,980,0.0013458204466170911,3,26.065225685743304,26.12637002510261,3
981,983,-0.007869599916653246,2,26.10184942192395,25.922540159310607,2
984,988,0.006021941487815754,4,25.822386655115274,26.003709943283248,4
990,993,0.003320201578189314,3,26.21627979305723,26.329539406393447,3
994,997,-0.0057630640410645285,3,26.386729390601936,26.26104770868026,3
1001,1007,-0.003077273112771906,6,26.072941174896503,26.018780555223007,6
1008,1009,-0.002356401358966818,1,26.062076720643944,26.026726084362565,1
1019,1024,0.019017201596650584,5,27.152878606328056,27.696403251320305,5
1027,1030,0.006705511299255255,3,27.537461581197586,27.749651802564312,3
1033,1037,0.00330435210365359,4,28.133246824157407,28.254342224307575,4
1039,1044,-0.0021768598097914454,5,28.43613278874001,28.40266744691505,5
1045,1047,-0.008635536126151797,2,28.38556221179262,28.16882322606335,2
1049,1050,-0.006499393732194242,1,28.036784285437516,27.8825989696673,1
1051,1053,-0.004310123722894178,2,27.860438943440666,27.76821744356374,2
1054,1058,0.013525165555338114,4,27.877417739527772,28.282341847449732,4
1059,1061,0.022154862160889553,2,28.396477227835234,29.053993743900598,2
1063,1067,-0.011271035654912356,4,29.59912526553275,29.295111594576245,4
1069,1070,-0.00868385194227447,1,29.316676766115762,29.09141176240541,1
1072,1073,-0.0027462010092521626,1,28.77726982851473,28.727018930896655,1
1076,1077,0.0004202854324448417,1,28.731975732721455,28.7727833393,1
1078,1079,-6.0522685895191474e-05,1,29.01773065761603,29.044992157275665,1
1083,1084,-0.009408668850447499,1,29.054831341159588,28.810518885906173,1
1085,1086,-0.0046164235078526355,1,28.69944721258894,28.595657857026957,1
1088,1089,0.0007235668953691837,1,28.451930968330558,28.5009697746569,1
1090,1092,-0.006022521212667639,2,28.513359435123377,28.370150482516053,2
1094,1101,-0.009752674577736795,7,28.067278883491127,27.821615125141346,7
1108,1109,-0.0013748613039927557,1,28.221544197390987,28.210965032532464,1
1111,1116,-0.04151224377503647,5,28.2039201988942,27.061316108384922,5
1118,1119,-0.002985295582071103,1,27.17477299571191,27.120823038939736,1
1121,1123,0.006352152663720441,2,27.309830959356578,27.510617005790166,2
1127,1132,-0.003307383504931157,5,27.583305120141027,27.51965985689533,5
1137,1139,0.0005389751338437307,2,27.74214844968058,27.78484292630404,2
1142,1144,0.007307987965862289,2,27.97530420257532,28.207722693231652,2
1146,1147,0.0006209011521566895,1,28.219211488763477,28.264952041178567,1
1151,1160,-0.010140031628172699,9,28.579915868760228,28.318694533789245,9
1162,1165,-0.011424486665774829,3,28.240102141976667,27.945713573757512,3
1168,1169,-0.006290154727638108,1,27.888651035000127,27.74111575587987,1
1170,1172,-0.0017659647333817747,2,27.707189380651613,27.685966650724904,2
1174,1176,-0.012800625283900604,2,27.515343433222355,27.190645175809063,2
1181,1182,-0.007179148509697223,1,26.762934261503915,26.59756211614682,1
1186,1194,0.014207946214773316,8,26.703041593834982,27.10914001416488,8
1202,1204,9.959955395413855e-05,2,26.964902659064766,26.99455325400109,2
1207,1209,0.011093242993071298,2,26.982420352602887,27.308725318468106,2
1213,1218,-0.007007530040269635,5,27.745794147701094,27.579110455867642,5
1221,1223,0.003219372985457914,2,27.92241010942881,28.04022517233341,2
1224,1227,-0.016186146605921277,3,27.979465430753006,27.554565166766285,3
1231,1233,-0.0010036721476345436,2,27.66755890643286,27.667457307071867,2
1235,1236,-0.005176141800498472,1,27.75436713870883,27.638460965954486,1
1239,1240,-0.00401199262189146,1,27.460345853949768,27.377635494843084,1
1245,1246,-0.004180808265590296,1,27.565836807495142,27.478155165929948,1
1249,1250,-0.00528047325449313,1,26.95607027755702,26.8406855396877,1
1253,1260,-0.0039016006798932657,7,26.52280122570559,26.445842647636407,7
1261,1262,0.0016089424786039047,1,26.603498870558084,26.672905868840974,1
1263,1264,0.002854016993452216,1,26.77688814978533,26.88008673174637,1
1265,1269,0.0047647876813192444,4,26.945436983985413,27.100771707178456,4
1271,1272,-0.001037297489607975,1,26.880719884384256,26.879717301013713,1
1274,1279,-0.010097486068571027,5,26.754398867093443,26.511001096127067,5
1281,1284,-0.019475846529240514,3,26.58456414714187,26.093391819912526,3
1285,1286,-0.0010360604669037968,1,25.97872148344097,25.977784678614714,1
1287,1293,0.001892761059908344,6,26.05751189433166,26.132890050057682,6
1296,1298,0.0032577863730718073,2,25.94585792992301,26.056329850254695,2
1302,1310,-0.004196851050378328,8,25.727538178585448,25.64529107113559,8
1311,1318,0.004822399930736843,7,25.82879325642679,25.979178820494024,7
1319,1321,-0.001664543755573946,2,25.74770213811399,25.73059166343773,2
1327,1329,-0.0013125726139172338,2,25.40676670069591,25.39882524121709,2
1334,1335,-0.0016005355423770297,1,25.97105332041671,25.955456779824832,1
1336,1337,0.0027195147151267496,1,26.068035000249385,26.16499544002725,1
1338,1346,0.00487233265988203,8,26.198414812674184,26.352260619615787,8
1348,1350,-0.0029029887277271186,2,26.315395710424543,26.265317809021926,2
1353,1355,-0.010754782038832525,2,25.849032507256435,25.596880829233452,2
1356,1358,0.003277555261642487,2,25.636295965658267,25.745956638355192,2
1371,1376,0.015044023129188629,5,26.26552735119142,26.68693207951427,5
1377,1380,-0.009219556837651209,3,26.697415729731166,26.477974803722237,3
1381,1382,0.0029052877561725602,1,26.599475560830037,26.703354167058357,1
1390,1392,0.005062764778106482,2,26.638350366608382,26.799852418957915,2
1394,1395,0.003384944744013159,1,27.1210245917644,27.23994878600031,1
1396,1397,-0.004024134939999273,1,27.27399401714157,27.191513778881,1
1399,1400,-0.0021955536761181773,1,27.35282401999887,27.320122250689547,1
1401,1402,0.0030208190114863745,1,27.309831434660637,27.41963932409361,1
1406,1407,-0.007111397918370147,1,27.43782102815733,27.270137585841237,1
1408,1415,-0.008377163664152632,7,27.304198215045208,27.102770676094355,7
1417,1420,-0.01119375063147372,3,27.138303852213166,26.861662750182543,3
1421,1425,0.017049803748204473,4,26.959451060622722,27.446063861426286,4
1429,1433,0.0012048323728592034,4,27.87051793271535,27.931967752901755,4
1439,1441,-0.00013345983584359827,2,27.917681803008392,27.941873595580837,2
1446,1448,-0.006367324815601735,2,27.788205952953522,27.639057625561183,2
1450,1458,-0.003311364553018937,8,27.606561433009535,27.542752605482537,8
1459,1460,-0.00094218523428043,1,27.483766026603686,27.485354994097605,1
1461,1464,-0.014524797364608245,3,27.409199277332934,27.03849541118084,3
1466,1469,-0.000900185134957248,3,27.01111461526962,27.013810726029597,3
1471,1478,-0.02607093808905066,7,26.991330628478913,26.31463264935122,7
1479,1482,-0.012374887528095263,3,26.375594127951132,26.075574711258998,3
1485,1486,-0.001108337442796944,1,25.908608150990858,25.90580127863735,1
1490,1492,-0.010912249790708553,2,26.04396223883612,25.785807979584995,2
1493,1496,-0.013723089465176915,3,25.715846070691917,25.388661060461786,3
1498,1499,0.0012271199072395327,1,25.572816684608902,25.629770413731382,1
1503,1505,-0.009979825176142237,2,25.815745523266592,25.583924641675882,2
1506,1507,0.0015766061218961945,1,25.60423892733596,25.670210966102626,1
1508,1509,0.0013383552394066129,1,25.720020597943506,25.780163142866353,1
1511,1515,-0.0006341728725355864,4,25.797808795353674,25.807246333640155,4
1516,1518,-0.007360710878374821,2,25.831547288211922,25.66724028437054,2
1527,1528,-0.00694306742670326,1,25.811919001283975,25.65851702624674,1
1534,1536,-0.004014765714960745,2,25.362203365503166,25.285742264340985,2
1540,1541,0.0011622157376930706,1,25.495848815716634,25.55097634127182,1
1542,1543,0.0013838914950399183,1,25.637983669911208,25.69910184113188,1
1545,1547,-0.0004515555813987763,2,25.717233379596188,25.731337852705092,2
1548,1549,-0.0003637066855039301,1,25.698065783991265,25.7144172914451,1
1552,1558,-0.00452527761233495,6,25.841824417206485,25.750724812126617,6
1560,1562,0.003411631738586522,2,25.649558806773754,25.76271521448646,2
1566,1568,0.005189791560497406,2,25.991894222095954,26.152778629593225,2
1570,1572,0.0021328705307933913,2,26.26964659088471,26.35194599254365,2
1574,1576,-0.0024383425451592394,2,26.461071597137995,26.423011512069326,2
1578,1584,-0.02082296976793147,6,26.454938419899392,25.930522975389238,6
1589,1597,-0.00473208510032156,8,26.212922298551558,26.115093441805246,8
1598,1599,-0.0038046259757283075,1,26.059816127557333,25.986728090323282,1
1602,1617,-0.026166529661066952,15,26.165754489679543,25.507253253210827,15
1620,1622,-0.0015723046196439976,2,25.61548416025291,25.60082430033358,2
1625,1627,-0.005965701055207382,2,25.37446935813973,25.24846732887269,2
1628,1631,-0.016755416688183825,3,25.209234555662153,24.812052560847533,3
1634,1636,-0.018410214757635598,2,24.20579907481264,23.784370914539974,2
1642,1646,-0.052258935542492266,4,23.13388628443633,21.94806789853506,4
1650,1651,0.0030254202830407445,1,23.81743151140427,23.91330668330021,1
1656,1657,0.008992533410154959,1,24.649764557429332,24.8960781533219,1
1658,1661,0.06088230074203058,3,25.08554558089451,26.63789685680934,3
1663,1664,0.00020663348219255293,1,27.135021779434492,27.167763805253582,1
1670,1673,0.0025681231317684957,3,26.788335885603246,26.88391996653825,3
1677,1680,-0.011875144409772453,3,26.158389965357358,25.873913696956954,3
1683,1684,0.0013137308761409778,1,26.37414317174675,26.43516584113498,1
1689,1691,0.010985740504769529,2,26.73209153525433,27.052495447545635,2
1697,1701,-0.011499019147851217,4,28.12697628168403,27.831670619131472,4
1706,1715,0.06719638956751701,9,28.915135616578485,30.887043469484258,9
1716,1718,-0.015357004303490771,2,30.7246503727044,30.283536435080233,2
1719,1721,0.027136247453513306,2,30.472179123020094,31.32955189527317,2
1726,1728,-0.02111331754434003,2,32.50363857061463,31.849882566697403,2
1731,1732,-0.011803566406646038,1,31.720341916638635,31.37764909630071,1
1742,1750,-0.03159238964412862,8,31.190848041528245,30.236645464911007,8
1752,1754,0.0001566502509646392,2,30.41172935657021,30.446905090962755,2
1757,1759,0.011885784368470084,2,30.36182614615839,30.753062090910763,2
1767,1769,0.0027778737078657054,2,30.432732450384155,30.547703470166972,2
1771,1772,0.026889716748643308,1,32.57203848733637,33.48046341467409,1
1773,1775,-0.004168476151660029,2,33.93170525659223,33.82419345770156,2
1776,1781,0.000367456772961254,5,33.47288118816638,33.51865390625767,5
1782,1783,-0.006788919177728361,1,34.1163411875826,33.91884444580788,1
1785,1791,-0.048871690469904576,6,32.644635499965275,31.08188161380808,6
1792,1794,0.023656623780524126,2,31.746947375069794,32.52971991267699,2
1796,1798,0.04962299777028451,2,33.13930343559119,34.8169143195199,2
1801,1805,-0.004214595556251767,4,35.04580931621444,34.93315121332129,4
1807,1810,-0.021094984043993067,3,34.388921734290506,33.69787690074981,3
1815,1819,-0.035821152486738846,4,33.57289622778314,32.403849288814044,4
1821,1825,-0.04061924626959573,4,31.857759608155806,30.595579184642702,4
1832,1836,0.0083517149112095,4,31.28725821066522,31.57984772980476,4
1842,1845,-0.004582629085941285,3,30.00422161407295,29.896727617017344,3
1847,1848,-0.0037452051979833035,1,30.245662389342243,30.162631839734573,1
1850,1852,-0.0022666847053749153,2,30.383552068494655,30.34506568779453,2
1853,1855,0.022482215918422303,2,30.199515848257704,30.908667400038308,2
1856,1858,-0.012493715984888704,2,31.12870642124314,30.77092191066039,2
1859,1864,0.005260351553889176,5,30.686875404234126,30.878986032355026,5
1870,1872,-0.016011754511316804,2,30.30840871976348,29.853426328433738,2
1873,1874,-0.002806535167689081,1,29.757090557900614,29.70333332731966,1
1876,1877,0.0015067562145816738,1,29.577265472629357,29.651408466663202,1
1880,1881,0.008750983212049788,1,30.000332081092502,30.292864815571154,1
1885,1886,-0.0011191953781857073,1,30.335742219120345,30.332126338853993,1
1887,1888,0.012186114262617048,1,30.636757305324288,31.04073708778836,1
1890,1891,8.58850549451673e-05,1,31.28432810492995,31.318299289273096,1
1893,1896,0.004801894224858928,3,31.80504474611448,31.98957425154834,3
1897,1898,-0.005583683893811085,1,31.893553900478025,31.74736393114801,1
1906,1907,0.0024527133950067105,1,31.923517317139112,32.03374007299573,1
1911,1915,-0.004814321733047688,4,31.518416551717525,31.39819517047306,4
1916,1921,0.03167679366666815,5,31.49032553632772,32.51932840637451,5
1926,1930,0.0025831965992905216,4,32.53558062559401,32.65216200744758,4
1933,1935,-0.007682242261345038,2,32.58926543099614,32.37149606426695,2
1943,1944,-0.0007338187712608189,1,31.50319559880871,31.51158115812241,1
1945,1953,-0.02596052627681805,8,31.4945180261302,30.70839828136326,8
1958,1959,0.011995995349809784,1,30.921211866652637,31.323063792282138,1
1963,1967,0.02216145350826044,4,33.0109017846777,33.77548225162926,4
1969,1971,-0.006188515708879319,2,34.34098519546335,34.16280645431829,2
1973,1976,-0.013205943540879263,3,34.26947776815602,33.85118645734249,3
1981,1982,-0.004083305482494009,1,33.654388364001704,33.550621603848995,1
1983,1984,-0.0037575854178402692,1,33.32215411576828,33.23026542948761,1
1986,1990,0.0010998982210615096,4,33.21236179658229,33.28210437603619,4
1995,1996,-0.0006003384104939407,1,33.789253409064415,33.802757675790104,1
1998,2000,-0.019164820348762587,2,33.83358932209994,33.21900825031018,2
672,677,-0.007340459917952858,5,27.03047686640329,26.85909121126871,5
678,680,-0.010884959120685551,2,26.707983701846075,26.44397637475739,2
682,684,-0.0031075494961466895,2,26.23988827618588,26.18458641287046,2
686,688,0.003625933946207931,2,26.122052219920512,26.24289110802926,2
691,694,0.0055174141106811535,3,26.525283125123302,26.698159379652793,3
698,702,-0.0065411407858365425,4,27.10873562441447,26.95852230379357,4
703,708,0.022777035165570857,5,27.108530986564052,27.753091481118553,5
711,712,-0.006319383539156498,1,27.44203758365645,27.296062860653034,1
717,721,-0.007853998112517635,4,26.911079242002724,26.726630755672225,4
722,727,-0.02134652403082196,5,26.812371510929747,26.26683294965929,5
728,733,-0.013776680881842307,5,26.23377418540996,25.898593624316664,5
736,743,-0.011382352665408439,7,26.538857538034,26.2633217597371,7
744,751,-0.000714013375758385,7,26.239182156108786,26.246686211236472,7
753,755,-0.00044528997432844103,2,26.2116823778375,26.226222260842206,2
756,765,0.019525518095960655,9,26.392146392491927,26.933858870862263,9
767,773,0.009593853300041203,6,26.96159802919995,27.247225243455976,6
777,783,0.019919507898038324,6,27.20456323776044,27.77366931327545,6
784,785,0.0026162710066067758,1,27.92354351506097,28.024522615876208,1
787,788,-0.001415258271634682,1,28.227353717696836,28.215632075579204,1
791,792,-0.004696605576517235,1,27.865568260799623,27.76256024577393,1
795,797,0.0056624981746345995,2,27.626708139821048,27.81077103237377,2
799,804,0.00762623329839006,5,28.091586593258718,28.333911172934094,5
807,808,0.0004287975963623259,1,28.510623054427796,28.551358964118755,1
809,811,0.0002140207533130698,2,28.581398061323483,28.616096471728632,2
812,815,-0.005123397483931339,3,28.688552530940424,28.570258225616712,3
822,825,0.001829384847610208,3,28.49815570657461,28.57878795651563,3
827,832,-0.02166821246864728,5,28.522520844036833,27.93301132309086,5
834,836,0.011894458406627926,2,28.039289372248167,28.400840822810025,2
839,853,-0.021253381636614204,14,28.683946033886958,28.1029991280186,14
857,861,-0.011713911405898048,4,28.057618160783168,27.75701132554802,4
863,865,0.002174969435035635,2,27.722278025001035,27.810295410399974,2
866,868,-0.0033712700757908554,2,27.704933871968098,27.639237991325736,2
874,882,-0.02745307699138416,8,27.908166922107142,27.16991003382824,8
892,895,0.003186693012684272,3,27.018370232496803,27.131487854363314,3
898,900,-0.003980554464038698,2,27.389027888394285,27.30739339905585,2
906,907,-0.0007553248429163558,1,27.627431069464535,27.634190815501274,1
908,913,0.004243456070665131,5,27.727874808076145,27.873264701565194,5
915,917,-0.01166844230371961,2,27.648598499521672,27.353631021650816,2
918,927,-0.011296098424203378,9,27.374180748885685,27.092333489613225,9
928,929,0.00041352245511617233,1,27.172125498115953,27.210533907660775,1
930,933,-0.0019386116740325097,3,27.378377269907386,27.352679605385784,3
945,952,0.0034953033309042675,7,26.541936809334327,26.66125086628198,7
953,955,-0.00097285626271118,2,26.64181500924366,26.64253816767117,2
962,963,-0.004998224828378006,1,26.72841855343899,26.62155232675535,1
968,970,-0.004684312488874989,2,26.484540884249984,26.386963559508022,2
973,976,-0.00394011231182125,3,26.222785123642087,26.145687190249824,3
979,982,-0.0010701611519961134,3,26.077647544422963,26.075817906629897,3
984,985,-0.005181510016250636,1,25.782270374746407,25.674461552932723,1
992,994,-0.0033696068426069046,2,26.416933606378596,26.35433585974423,2
996,999,-0.0036922309676664915,3,26.284921853328445,26.21415677273222,3
1006,1008,-0.00461019153486414,2,26.144014880210822,26.049629979002923,2
1011,1015,0.019456558069550087,4,26.242966562674187,26.779807332080793,4
1017,1018,0.00097147604645337,1,26.98896743481942,27.042175537635675,1
1019,1029,0.01373007698543989,10,27.197068973308028,27.597683893063174,10
1030,1034,0.013499338561004378,4,27.75314946294296,28.155551773140328,4
1036,1037,0.0006645498517236844,1,28.28821651007338,28.33530365667075,1
1044,1049,-0.015647807147061887,5,28.438668366514765,28.022104236762807,5
1050,1051,-0.0051710167343126025,1,27.892312236912193,27.77597293581336,1
1052,1053,-0.001272110468357839,1,27.829352290380935,27.821779632295105,1
1055,1056,0.005882211430568228,1,27.926124504874355,28.118317998153273,1
1059,1060,0.00906335931179296,1,28.397212197512342,28.68298354730914,1
1061,1063,0.015870489720650645,2,29.100840312807392,29.591785740166905,2
1064,1071,-0.021801008242486913,7,29.53439052463576,28.920045423895985,7
1075,1077,0.004500934165126893,2,28.684523344654412,28.8423150191314,2
1084,1090,-0.014458024202339121,6,28.868057276521604,28.479550263019664,6
1094,1095,-0.005431249796594703,1,28.100118830725073,27.975600184872135,1
1100,1101,-0.002010767590197297,1,27.855341850499308,27.827186573742956,1
1103,1105,-0.0029505908886322202,2,28.00284072640553,27.948218640428784,2
1111,1112,-0.004022386782632533,1,28.157176132047326,28.07207425506957,1
1119,1128,0.016599888464614347,9,27.149480449041842,27.627308276817207,9
1131,1133,-0.0031141466012997816,2,27.633869077597183,27.575447027206017,2
1135,1136,0.0011171550067444703,1,27.577004726759323,27.635389520387598,1
1137,1140,0.0049542807552621065,3,27.72792803245132,27.893027900718238,3
1141,1142,-0.0001368192410111965,1,27.893371642523036,27.917448664228186,1
1143,1147,0.0029660877913383343,4,28.143528949528175,28.255148656100076,4
1148,1151,0.003363110448394351,3,28.372891244731807,28.496685302972853,3
1156,1157,-0.0047636336568851675,1,28.664938817700637,28.557054489193785,1
1159,1160,-0.0032738691524861153,1,28.382258541074442,28.317720998900008,1
1161,1164,-0.009879315326894227,3,28.302489261706352,28.051182535015624,3
1169,1170,-0.0036200975651100972,1,27.802526208268407,27.729680877046214,1
1171,1173,-0.003397377383913638,2,27.72753673870239,27.66106336921339,2
1174,1175,-0.009436851863303175,1,27.50169535112994,27.269667621462762,1
1178,1180,-0.0033057510878539225,2,26.93247425878854,26.870374676967742,2
1181,1188,0.002635917853886167,7,26.7250194443676,26.82218941971083,7
1190,1191,0.0011502783728064882,1,26.985954582322805,27.04398189683071,1
1192,1194,-0.002284976151718266,2,27.11424534771185,27.079404189068203,2
1196,1198,-0.0030931883821164944,2,26.943493945959748,26.88709613745844,2
1200,1205,0.0009872944258412899,5,26.89918791128573,26.952644517481485,5
1206,1207,0.0011209613591571846,1,26.945019320503647,27.00216866530418,1
1208,1210,0.009226252193808349,2,27.121931815349,27.399287530076034,2
1211,1212,0.0003245204002265997,1,27.585198428812713,27.621735586875975,1
1213,1214,-0.007283463919890139,1,27.707131209879936,27.533034450598993,1
1217,1218,0.0009866408758120804,1,27.515933613513308,27.570597891966045,1
1221,1223,0.0015724536527916355,2,27.95037809173893,28.02227914395793,2
1224,1225,-0.006573654948253519,1,28.059894226791712,27.903498058487084,1
1226,1232,-0.005255692900708449,6,27.796262422425613,27.677970065768267,6
1233,1235,4.470310100990237e-05,2,27.686480492888244,27.715404644915214,2
1237,1241,-0.0062358367116127494,4,27.596060140173556,27.451571675395762,4
1242,1243,0.0007961795468699531,1,27.521884086211106,27.571318331498084,1
1246,1254,-0.035900159363067195,8,27.513384609505803,26.55316310201669,8
1255,1259,-0.01299918779980069,4,26.64773611426421,26.32798492418962,4
1260,1261,0.0035654220627016177,1,26.42532380734128,26.54596656366535,1
1264,1269,0.0061758800993566895,5,26.890548038362287,27.083511386891566,5
1270,1272,-0.005982354851999563,2,27.09909885168858,26.964081525040054,2
1275,1276,-0.0030444830162811467,1,26.63672996858989,26.58227162655984,1
1278,1285,-0.02347736645631783,7,26.52174172018893,25.92560281248443,7
1286,1287,-0.0021605698361051714,1,25.985052107640595,25.954894639974846,1
1289,1299,-0.007523264242569413,10,26.141951825838234,25.97142096626177,10
1300,1301,-0.004439068920156102,1,25.91870532709781,25.829569113156705,1
1302,1308,-0.008758083167136856,6,25.726849386638484,25.52725834946854,6
1310,1313,0.011689365383799517,3,25.742939549465344,26.069601115461573,3
1315,1319,-0.024755550739212765,4,26.411627585849907,25.784204826629058,4
1322,1325,-0.015210167818675423,3,25.664127455605104,25.29943589754108,3
1326,1327,0.0025735593066105464,1,25.278521754035165,25.368856050706654,1
1329,1331,0.010079033036486582,2,25.328938495239125,25.609558641607016,2
1332,1333,0.002293807758924993,1,25.83326421133009,25.918354017427728,1
1334,1335,-0.0014522176558982541,1,25.961795507620234,25.95005512531287,1
1338,1339,-0.005142176144174453,1,26.28453424076246,26.17565907006964,1
1349,1350,-0.006025903931069202,1,26.34378956800067,26.211388212451595,1
1352,1356,-0.01586236331119676,4,25.952367167083658,25.566653657460886,4
1360,1368,0.008510662956882499,8,25.771729463173934,26.01683569591414,8
1369,1377,0.019507454126808665,8,26.13261923269879,26.66853272282672,8
1384,1390,-0.0030200135459012866,6,26.65402756335546,26.600186066624655,6
1393,1403,0.015259211043670215,10,27.015700332303453,27.454954305498926,10
1407,1410,-0.006143099388598773,3,27.325692588030545,27.185153835188007,3
1411,1414,-0.005929136728646775,3,27.1329753806951,26.999233235188647,3
1423,1424,0.0011656779173937351,1,27.239353506011884,27.298345172383936,1
1429,1433,0.004141895705072238,4,27.88212344263576,28.025490413413742,4
1435,1436,-0.0029051717689996285,1,27.936721587145062,27.88349733385883,1
1438,1441,0.002500064797988119,3,27.802753569940144,27.90006500899743,3
1446,1447,-0.008982171642069839,1,27.817682423228554,27.595636907441754,1
1448,1450,-0.0024846419297447093,2,27.593410004492807,27.5524436710155,2
1452,1453,0.0020498391749657974,1,27.656044140786072,27.740390627631225,1
1455,1456,-0.0024673057551452045,1,27.912392676791868,27.871436662377338,1
1458,1459,-0.00863736924239716,1,27.615611116625928,27.404700497673808,1
1460,1461,-0.005993226294151451,1,27.52558023940462,27.388138788391448,1
1462,1463,-0.003793413306762742,1,27.255508287587034,27.179372388053906,1
1465,1470,0.0010989418099829314,5,26.984400660080592,27.041039346843366,5
1472,1473,-0.00024705751044427427,1,27.042973854257948,27.063335658316763,1
1474,1475,-0.007491280647541817,1,26.932429908804615,26.757603947746315,1
1476,1478,-0.010999870887190545,2,26.58057239418788,26.31477010213838,2
1483,1487,0.00024645536740671554,4,25.961013995728624,25.99337324096692,4
1491,1492,-0.007265825170431285,1,25.966566352619697,25.80386438757778,1
1493,1499,-0.004162061553436012,6,25.722908105779076,25.641570687015225,6
1500,1504,-0.000756292862742819,4,25.677566558905518,25.68382436514332,4
1507,1512,-0.0022871013900494707,5,25.69525820441878,25.662185801866194,5
1518,1520,-0.000275864787011327,2,25.70074305779526,25.719353870843385,2
1521,1522,0.0003637286846446923,1,25.771020311782124,25.806164991413862,1
1524,1525,4.647916010766485e-05,1,25.887244249169836,25.91433471078921,1
1526,1529,-0.012111874055487172,3,25.869675532693158,25.582214956317554,3
1530,1532,-0.004196056299570754,2,25.444428521532167,25.363106695466946,2
1533,1534,-0.003843185588499128,1,25.388479019788193,25.31629486212522,1
1535,1539,0.0010136792520897804,4,25.35673808455835,25.4077984219399,4
1540,1543,0.006737664276803129,3,25.50714249842883,25.70450820374225,3
1544,1545,-0.005407426489360824,1,25.80457476146105,25.690842995110696,1
1547,1550,-0.005017046565594486,3,25.772178364871817,25.66865032428332,3
1554,1558,-0.007019905941498137,4,25.89454515150647,25.738662425296525,4
1560,1562,0.0037108682918566187,2,25.65142966111465,25.772270167745987,2
1564,1566,0.003546991164298785,2,25.891161975448952,26.008888860184747,2
1569,1570,-0.000541508736145798,1,26.231308772773225,26.243335598685004,1
1571,1574,0.0021105057457778942,3,26.357553590531968,26.439538912419966,3
1575,1583,-0.022834513706802777,8,26.41282613868802,25.836114924327436,8
1588,1590,0.008629816255478685,2,26.046775962824785,26.297601629394407,2
1592,1593,-0.0009197965217331519,1,26.414041526297417,26.41616002430291,1
1602,1607,-0.009262239525436748,5,26.098003973300745,25.882376013337534,5
1609,1610,-0.006986498390793067,1,25.580824087222947,25.427684524989626,1
1611,1614,-0.0007187754782351318,3,25.35101547848212,25.358144805686308,3
1616,1622,0.00553449217552263,6,25.39691335344297,25.562869285033468,6
1624,1625,-0.001608453132346165,1,25.398311436694936,25.382857754544975,1
1627,1628,-0.0053132798568622155,1,25.301955816829974,25.192821400466023,1
1629,1633,-0.02986915165640701,4,25.099608167498996,24.375003772795075,4
1635,1637,-0.011317626994093478,2,23.96241928966293,23.715183985556116,2
1639,1642,-0.021869669963520532,3,23.596016812460565,23.10357572913083,3
1643,1657,0.08131522188195825,14,22.960948895108228,24.850984498029366,14
1658,1660,0.03851149733635104,2,25.046753703504603,26.036388445744866,2
1661,1669,0.004122949652144814,8,26.687560798511093,26.82427982882042,8
1673,1674,-0.00633310434133537,1,26.89027489914428,26.746866257339953,1
1677,1680,-0.01393474661093921,3,26.213178177164345,25.874117359575322,3
1683,1684,0.0006992242275559953,1,26.371132468223298,26.41594293542139,1
1690,1691,6.285616476415352e-05,1,27.001385811133073,27.03008440049961,1
1692,1698,0.020418339245902296,6,27.324485409635248,27.909730507858523,6
1704,1706,0.03645435304543656,2,27.83462508432066,28.87715295911617,2
1707,1708,0.009030821910448905,1,29.486890287527377,29.78266803269451,1
1710,1713,0.01592032586709422,3,30.158374574798387,30.668664100225865,3
1715,1716,-0.006416035575770037,1,30.898478864826785,30.731131604057705,1
1722,1724,0.005684297679387079,2,32.038113915168594,32.252266205663695,2
1731,1733,-0.016467587786666613,2,31.693112106267332,31.202896112530976,2
1736,1737,0.003734438462108365,1,30.95252367410423,31.09906649268623,1
1741,1743,0.01250167528735736,2,30.935144881789814,31.352821162951095,2
1746,1750,-0.007760079580353171,4,30.48171894193449,30.275660096141053,4
1751,1754,0.006100510916644592,3,30.274948876918863,30.489916481920282,3
1756,1757,-0.0016270962326633141,1,30.41409969402278,30.395027126684813,1
1762,1763,-0.007816109669746494,1,31.508501868995168,31.293736464726685,1
1765,1767,-0.015199794708415766,2,30.833029957141854,30.395207261512006,2
1773,1775,-0.0016342912713217211,2,33.88395750703091,33.86246520854636,2
1779,1789,-0.05871211107454399,10,33.7052994313926,31.76009544680731,10
1795,1796,0.012841387918209934,1,32.72054590784879,33.17344367665492,1
1797,1799,0.02898945022604615,2,34.034777757797166,35.055462031319166,2
1800,1801,-0.003097894919315733,1,35.08818676319487,35.01457543445636,1
1802,1804,0.011148256180118624,2,34.942905917977875,35.36740129074725,2
1805,1806,-0.008683454587267707,1,34.91475190152678,34.64648599086568,1
1809,1812,-0.018073655420125928,3,33.86567524309203,33.287464373421585,3
1813,1814,0.0035460002423875403,1,33.1060851203163,33.25658539129776,1
1815,1821,-0.05375685150128709,6,33.611418110389316,31.838185516391835,6
1822,1824,-0.024315940434332377,2,31.657698143741005,30.919569139533465,2
1827,1830,0.017839733186745345,3,29.95380569953903,30.518127406845956,3
1831,1832,0.01880071089071856,1,30.73963291789689,31.348299502190983,1
1835,1838,-0.033864139883581855,3,31.805974272402747,30.760698284780897,3
1843,1846,0.011545839956261586,3,29.831988766846695,30.206256123492548,3
1848,1852,0.0027361842703624907,4,30.226588978095016,30.339521084381687,4
1853,1854,0.003500119760856124,1,30.22517507263997,30.361191980259694,1
1861,1862,-0.006581034668829008,1,30.981827385112066,30.80891673237208,1
1863,1866,-0.0014272252356972318,3,30.771378011693724,30.75823170246995,3
1867,1868,-0.009074116689844855,1,30.54282009639432,30.296213802899093,1
1869,1871,-0.011219362505923602,2,30.408898514890158,30.098138957560653,2
1872,1878,-0.004329017611116125,6,29.8710322370176,29.771591044638352,6
1883,1885,-0.009377432772503202,2,30.560404889636253,30.304387152172847,2
1886,1889,0.02761967049397261,3,30.35472502407258,31.22346725219668,3
1897,1898,-0.005430641312776623,1,31.88010023325439,31.738850944105472,1
1901,1902,0.0006666986622910361,1,31.77306227892869,31.82601839932587,1
1907,1909,-0.01112721632645948,2,32.08792555080692,31.762964187286574,2
1910,1911,-0.005964083821265797,1,31.633902408867797,31.476869065716436,1
1921,1922,0.015722900199705413,1,32.53668066751669,33.08078833114926,1
1923,1924,-0.005560519663626574,1,33.21185290728698,33.060389599037826,1
1936,1938,-0.01386577005493795,2,32.27144658006572,31.85624956902638,2
1945,1946,-0.00743225336973664,1,31.52437771728107,31.321604932480238,1
1948,1949,-0.0038520587394227732,1,31.40624403177593,31.31667157901266,1
1954,1955,-0.004891533452622479,1,30.780649112499027,30.660865186784303,1
1959,1960,0.008277804048860093,1,31.336638969474354,31.62737416538301,1
1961,1963,0.030142488111182895,2,31.979449848665812,32.97536948538006,2
1966,1970,0.022762936588985663,4,33.462415491987585,34.25758074943798,4
1973,1976,-0.012191386019958571,3,34.24265376033722,33.8594310037575,3
1978,1979,-0.006551783927589804,1,33.92619943748552,33.737848508724284,1
1981,1982,-0.0054274251936950665,1,33.70230404575732,33.553089615739566,1
1987,1989,0.003736755823060583,2,33.33946213184632,33.49738302323705,2
1990,1991,-0.002302468089465739,1,33.343407768365715,33.299979043753375,1
1994,1996,0.005050006380022238,2,33.636147903272814,33.839646812686986,2
1997,1998,-0.0008216069645995361,1,33.7893476837639,33.79537546806141,1
673,675,-0.0010963714489936839,2,27.05286695042133,27.050259826433884,2
676,678,-0.01091908839623382,2,27.01526734337818,26.747300518551324,2
682,683,-0.002487732130603823,1,26.24007660548462,26.201038400409136,1
686,688,0.003728864286721885,2,26.120168382656693,26.2436871140846,2
690,692,0.005317463872465884,2,26.427750489250517,26.5947068481969,2
694,697,0.009828893140931067,3,26.77324465454686,27.063169259946953,3
700,702,-0.0036558230829539505,2,27.03933645179247,26.96752475789604,2
705,706,0.0018634440982986797,1,27.48361626514953,27.562314063943877,1
707,709,-0.0006766935242156532,2,27.698622083369706,27.707577227259563,2
711,714,-0.0005175026071641036,3,27.38485048971151,27.398063608675997,3
715,718,-0.016386273598134254,3,27.248857403097148,26.82959902785655,3
719,721,0.0024050748916422658,2,26.631684353140727,26.72236723285375,2
722,723,-0.0038996311492952543,1,26.875019708955133,26.797092064669123,1
724,725,-0.008210461428794742,1,26.624113331190692,26.43214118894028,1
726,728,-0.00857948422392988,2,26.41733567262505,26.21710589365613,2
730,731,-0.004499851096759598,1,26.09961155972263,26.008266805580334,1
735,738,0.010919557137549954,3,26.278555554419285,26.591784298842466,3
741,744,-0.00017659032753460872,3,26.267603024524693,26.289232022927568,3
746,751,-0.005060958651884508,5,26.400432860914375,26.29322179467435,5
752,770,0.02666640131253991,18,26.280306638998233,27.007388149089365,18
777,778,0.006567889384514198,1,27.230333796385178,27.43640995045962,1
780,781,-0.0025188524971311204,1,27.76842524676452,27.72624910473707,1
786,789,-0.0001380844389325661,3,28.200634715753008,28.224941281646494,3
791,792,-0.0016194333690622538,1,27.830007450107097,27.81276861483125,1
793,796,-0.0021327568872075327,3,27.74948204638161,27.718048629477128,3
797,801,0.005511064618361477,4,27.89266242449746,28.074273351921505,4
803,806,0.010303168437516774,3,28.20279595243433,28.52157690549361,3
808,809,0.0009570855319526242,1,28.547320615955297,28.603190164108796,1
819,824,0.001995442675323868,5,28.5298832415782,28.61534287136203,5
826,827,-0.002081422954746996,1,28.522019950955663,28.491175583864948,1
828,831,-0.017437760655167726,3,28.48058283193961,28.01242582802851,3
832,844,0.025543297258951384,12,27.89207099683381,28.632418528470545,12
846,847,-0.0028505779966512303,1,28.614042821696305,28.561090303655238,1
850,851,-0.004581238337778783,1,28.276555798353684,28.17529071266828,1
852,856,-0.0010780355809083186,4,28.10557903848225,28.103385803295218,4
859,860,-0.005371520864665527,1,27.91927023160245,27.797220559258765,1
867,873,0.006236252590193823,6,27.68365212294222,27.883978022322886,6
876,880,-0.017128867967435197,4,27.700356110196743,27.253580723844443,4
881,883,-0.0036902829705016795,2,27.237620154856625,27.16434324919702,2
884,886,-0.003636985454864338,2,27.20542798476059,27.133687666871417,2
887,889,0.00015190346171204934,2,27.238057776941794,27.269433389985366,2
890,900,0.009103038785578384,10,27.063065436599146,27.336484636361753,10
906,908,-0.0008308470743856136,2,27.65385425036374,27.658531980714702,2
910,912,0.0020909053375215134,2,27.824198918154433,27.910200883102817,2
914,916,-0.01042300118221278,2,27.72206019447707,27.46083518849114,2
917,922,-0.005995709069294616,5,27.385078068508072,27.248270185637885,5
923,925,-0.006611595390603651,2,27.19062000373962,27.03803724585898,2
929,933,0.0012288218939006676,4,27.228878573419024,27.289566894129823,4
934,935,-0.003805438016394531,1,27.373482845799685,27.296688236382955,1
936,937,-0.004417900550597372,1,27.287676424106305,27.19440985983183,1
943,947,-0.01617105755677878,4,26.763558434557492,26.357526949122608,4
948,950,0.007043052618609428,2,26.477606802537885,26.690567587265548,2
952,953,-0.001539506568557733,1,26.615515808793297,26.6011565631889,1
955,956,0.001263580177723002,1,26.654347216780742,26.714681468790793,1
959,961,-0.0052385305664593065,2,26.83911924216804,26.725360814883263,2
964,965,-0.00391631549447543,1,26.587902634272567,26.510363921854633,1
966,967,-0.0005720001661322883,1,26.40017380472178,26.41147307472428,1
971,973,-0.006465545075563089,2,26.296873636439653,26.153146888233305,2
974,975,-0.003828558404215772,1,26.22724918958455,26.15306388346989,1
978,979,-0.005732774388480369,1,26.181052683708813,26.0571436681039,1
981,985,-0.017958142324952443,4,26.165599602741857,25.72187964066084,4
987,988,0.0006437126459182473,1,25.97910596278179,26.021808147782465,1
990,992,0.003187109084453364,2,26.24704254559879,26.356941775881502,2
994,996,-0.0074160131956970765,2,26.381245881476687,26.211983459782203,2
997,998,-0.003715029919799674,1,26.265605891787036,26.194293985929168,1
999,1002,-0.010661861626363373,3,26.23546587189535,25.98198243093792,3
1005,1006,-0.0010907279329996499,1,26.10968845906078,26.107319580995625,1
1008,1012,0.009770846208087464,4,26.040232009345356,26.32070734354093,4
1013,1014,0.005047259506591312,1,26.487386389307808,26.647562488455307,1
1016,1019,0.007245037327692139,3,26.909699117605133,27.13157059130675,3
1020,1021,0.003886797065978948,1,27.333022218031445,27.46659315081086,1
1024,1031,-0.00042363148119283617,7,27.744091620407083,27.760082441399987,7
1032,1034,0.008253596523434596,2,27.913612856294197,28.1719141671777,2
1035,1038,0.0026385459785621852,3,28.257959644704496,28.360777530132108,3
1040,1041,-0.0014245431005757913,1,28.41059885365098,28.398537329924437,1
1043,1044,-0.0024941383763113743,1,28.456654156369744,28.41413597733329,1
1045,1046,-0.005159964693125535,1,28.472492622696528,28.354048058660833,1
1053,1057,0.013712102015766333,4,27.823377294426333,28.23271765960509,4
1058,1060,0.013546447502566023,2,28.267071442702605,28.67825691349516,2
1063,1064,-0.004999502102847204,1,29.584742460190867,29.46641822050914,1
1067,1075,-0.02258237851584502,8,29.280786511930344,28.648837494188214,8
1077,1078,0.0026627647483753844,1,28.82284683977527,28.92841814712782,1
1079,1082,0.004674302125937999,3,29.058982050831563,29.22387149446019,3
1086,1087,-0.008411208494507749,1,28.602393633445093,28.39041533078565,1
1089,1092,-0.004913967433152435,3,28.502205039935028,28.39064833763569,3
1097,1098,-0.009421725750546218,1,27.95327848495281,27.717863639723895,1
1099,1101,-0.0005872969001280055,2,27.793663489304933,27.80513402038377,2
1103,1116,-0.034824531068239024,13,28.028429360430923,27.080380880735085,13
1122,1124,-6.20437917743283e-05,2,27.5253826484914,27.55120025203034,2
1126,1130,-1.1299857940791098e-05,4,27.5564823479787,27.5837274459908,4
1138,1144,0.010421991593840416,6,27.857548109935596,28.175736790272286,6
1145,1150,0.003734669030562702,5,28.312965822378256,28.44701834482085,5
1151,1153,0.001188535143732618,2,28.591494599410172,28.654068090152823,2
1156,1163,-0.01916370500598538,7,28.662068787787184,28.141459425464557,7
1165,1170,-0.011381000963743143,5,27.98299703361898,27.69250551444456,5
1172,1176,-0.020623528771942134,4,27.689472705169006,27.146107540859216,4
1178,1179,-0.0017028826102210054,1,26.950460723797864,26.931517713617662,1
1181,1183,-0.003653722369345632,2,26.76304418294539,26.69202249392532,2
1184,1187,0.003147738691071593,3,26.643149188446213,26.753658009187124,3
1190,1193,0.005153808569326489,3,26.95970233946153,27.1256071867446,3
1195,1198,-0.007442419414794512,3,27.017364212877126,26.843307021135512,3
1199,1201,0.0005106131509315238,2,26.828022695194115,26.868549459090964,2
1205,1208,0.0035079931437155985,3,26.993904146501094,27.115592481315637,3
1211,1217,-0.0020602140010522723,6,27.528083472027166,27.498897812507987,6
1218,1219,0.0012870350772187927,1,27.630562210896287,27.693754275875882,1
1220,1223,0.007085050523292444,3,27.823755542720964,28.0487120120316,3
1225,1227,-0.015337071178012657,2,27.994157015121477,27.592802793427218,2
1231,1232,-0.0009866069336701153,1,27.688985891680517,27.68935673210517,1
1233,1234,0.0004858662979102604,1,27.702901915926365,27.744064724237553,1
1235,1236,-0.005080746215412399,1,27.764966787737084,27.651665004596975,1
1237,1239,-0.004947764684669048,2,27.575827922987283,27.466965043362404,2
1240,1242,0.00023683178018913016,2,27.42638662844246,27.460308455040273,2
1244,1249,-0.024453838965771038,5,27.60540303152467,26.957950354238083,5
1250,1251,-0.0025788165050300567,1,26.837261866265408,26.794890754281134,1
1254,1257,-0.010503808295704516,3,26.62082105124541,26.36782187130012,3
1258,1259,-0.0014823575864677415,1,26.371760104240405,26.359039485685617,1
1260,1262,0.007424229431079084,2,26.469746601258016,26.69273381960954,2
1263,1267,0.004885690201965706,4,26.777055414748375,26.934656867440452,4
1268,1277,-0.0210891591406334,9,27.055005017423763,26.511492716078102,9
1278,1281,-0.0015354880228332355,3,26.549278692125476,26.53506187137098,3
1283,1285,-0.009169854449763828,2,26.17982456201905,25.965939205827002,2
1287,1288,0.0005394408573108761,1,26.03035477799413,26.070426969669672,1
1291,1294,-0.005155182647053217,3,26.183035473597236,26.074240178950166,3
1302,1304,-0.021973214158543305,2,25.725282918481337,25.185741050542912,2
1306,1308,0.009595898894851441,2,25.22062547016653,25.48786066771333,2
1309,1310,0.000961794955070303,1,25.64049604997035,25.69079744576668,1
1311,1312,0.0037428595507536244,1,25.844695934237713,25.967273697185735,1
1317,1319,-0.02474019229525235,2,26.359291290844514,25.733516646833294,2
1320,1322,-0.003387162558673521,2,25.687994609045656,25.626673190107535,2
1324,1327,-0.009539144782402208,3,25.543839833176744,25.325717286542755,3
1329,1332,0.017292982145707448,3,25.385827929624938,25.85021042669557,3
1341,1344,0.004451281796081896,3,26.32141281402762,26.464898252547886,3
1345,1346,-0.0029170601568630156,1,26.438619588094205,26.387935163879412,1
1348,1352,-0.012828948669315849,4,26.338633180833796,26.027074840917773,4
1355,1356,-0.0002883702641425785,1,25.601147786755742,25.61936632479288,1
1358,1359,-0.0006125503512462673,1,25.770898683827603,25.78088360947072,1
1360,1361,-0.00030841129330742736,1,25.817449442269844,25.835304498739724,1
1364,1370,0.010788926975915315,6,25.834769748198994,26.139333962200098,6
1379,1380,-0.0035961782268526974,1,26.588790363190206,26.51976112457094,1
1385,1388,-0.006656967761044666,3,26.62603741407908,26.475414778823264,3
1391,1393,0.012235365311116148,2,26.661859652681105,27.014739105058048,2
1395,1397,-0.0028783599174711672,2,27.286054791313767,27.23480175968784,2
1399,1402,0.0008622337518442548,3,27.35316294192451,27.404100925174657,3
1403,1407,-0.008055194411818687,4,27.51330102272352,27.319189335097317,4
1409,1412,-0.006954010730091647,3,27.23657658376548,27.074409714534777,3
1419,1420,-0.004354976104497391,1,27.02198070921821,26.931322609642592,1
1434,1435,-0.0020013744027355673,1,27.92255492746945,27.894593995706103,1
1437,1440,0.0027587808542539147,3,27.88591538592122,27.990732430777165,3
1443,1445,-0.0008539264069354031,2,28.01200522113119,28.016097035382785,2
1446,1449,-0.007305481594008002,3,27.81128908386907,27.635925512445098,3
1450,1451,-0.0020962768262301713,1,27.56302381904757,27.532807114773917,1
1452,1453,0.00012951401569257317,1,27.720020123220955,27.751330274465413,1
1454,1455,0.000411685261930716,1,27.865274371233546,27.904611368383073,1
1456,1457,-0.0049045762070111295,1,27.94702901687177,27.837907712315843,1
1465,1466,-0.00018655982563727815,1,26.939057363679236,26.960970675198315,1
1471,1472,1.2815665959276879e-05,1,27.000708458761103,27.028055199280136,1
1475,1478,-0.01923154874054867,3,26.768280269167448,26.280253062739455,3
1479,1480,0.0032795852140810227,1,26.333551178948465,26.44624785520814,1
1483,1484,-0.0044632647384931935,1,25.928434559440998,25.838637526306957,1
1493,1494,-0.009694067751749979,1,25.758047532892814,25.534105322489047,1
1497,1498,-0.0014989963529658912,1,25.510066590013025,25.49733715982069,1
1502,1503,0.002780090701120349,1,25.74724206089586,25.844568971189748,1
1504,1507,-0.003913042121199771,3,25.722165131910423,25.64723538143271,3
1508,1510,0.0018663591279749507,2,25.713665887791414,25.787370488722583,2
1511,1512,-0.004265503064958886,1,25.736868410039,25.652824587363575,1
1514,1516,0.0011298696541663243,2,25.733299944945227,25.788108519599525,2
1521,1522,0.002693631506203064,1,25.749330095427155,25.844438632331247,1
1527,1529,-0.009949274416966962,2,25.769182476718445,25.538566991233395,2
1531,1534,-0.0031760443373333026,3,25.38632293223685,25.331081167974443,3
1539,1540,-0.00021648342576415164,1,25.41636067325755,25.436274813101804,1
1546,1553,0.004605617092552108,7,25.791435853722977,25.936012767386067,7
1555,1560,-0.00721908339958642,5,25.8549313509094,25.694137376547513,5
1568,1571,0.004497036323605428,3,26.184636438776764,26.32857433640112,3
1573,1574,-0.00010233717550415947,1,26.351948999517834,26.37560416448771,1
1575,1577,-0.0008083171608383114,2,26.440824614024226,26.44589286635602,2
1593,1599,-0.01846967700449838,6,26.44946579252833,25.98740216819133,6
1602,1607,-0.013457505965218223,5,26.201412373886736,25.8750081229419,5
1608,1613,-0.023780305229830125,5,25.86213372141805,25.272986421349465,5
1618,1619,-0.001575924236908164,1,25.5691995688614,25.55447364711135,1
1623,1626,-0.007261889468698622,3,25.462999682159317,25.303553192608128,3
1627,1629,-0.009642523237743273,2,25.255714230546058,25.03744113342276,2
1631,1633,-0.020613710792258825,2,24.863728608256633,24.376058626117075,2
1636,1638,-0.00414027367693235,2,23.781712727317394,23.707031640847433,2
1639,1640,-0.008197988132768258,1,23.616596416820002,23.446604436075354,1
1643,1644,-0.014154319394251096,1,22.948882282738506,22.647005355450293,1
1650,1656,0.03431392509050681,6,23.855925393068393,24.69837175536393,6
1662,1664,0.002233066561831263,2,27.063343591442035,27.150841182658876,2
1665,1668,-0.008238949886275888,3,27.487170617668138,27.288192367051323,3
1671,1674,-0.013187906998689186,3,27.0724203795354,26.742464237720206,3
1676,1681,-0.015580377154649952,5,26.409559950406035,26.024498605840776,5
1682,1685,0.006985442978315351,3,26.268532576354758,26.47829844536726,3
1690,1693,0.01751509135718993,3,26.995925141752746,27.49575716202416,3
1695,1698,0.0007683089123312458,3,27.937069406131176,27.986470774946454,3
1700,1703,-0.007501907159422513,3,27.83250641742545,27.651542044685318,3
1708,1713,0.023970662862381267,5,29.835304497143447,30.580311827138104,5
1716,1719,-0.011515999505514733,3,30.811117632812522,30.48710793502151,3
1721,1724,0.025136180908223955,3,31.412315743619903,32.233313710641404,3
1725,1726,-0.0009103719827427649,1,32.41535187879018,32.418257202507775,1
1730,1731,-0.00851044475928732,1,31.893521704994576,31.653987172050083,1
1732,1739,-0.012433241831194063,7,31.454246437433646,31.094622431296493,7
1740,1741,-0.0028997220566636815,1,31.016410788291605,30.957488228598546,1
1742,1744,0.0007016934936864457,2,31.132255373007286,31.185232929419318,2
1745,1746,-0.01156416210323375,1,30.81967549630132,30.49409144838933,1
1750,1751,0.0002062048418744319,1,30.257166490125325,30.293662830847115,1
1754,1756,-0.0057600473009213485,2,30.534725972462127,30.389379232512535,2
1757,1758,0.004150713921401513,1,30.330343764168944,30.486566688035943,1
1760,1761,0.006753294598338188,1,30.997779595774297,31.23811451287469,1
1764,1766,-0.01582764517005878,2,31.14707028750011,30.685232581190178,2
1768,1773,0.1130250962121052,5,30.397006614095744,33.86302821782801,5
1780,1781,-0.00045431057009061467,1,33.50229387704358,33.52057572469,1
1783,1789,-0.0623770417157775,6,33.90697782984899,31.825867837130406,6
1790,1791,-0.0037145746052492457,1,31.128646904977423,31.0441458705934,1
1792,1795,0.03087558422569,3,31.714868412549762,32.72579837184067,3
1797,1798,0.020135345741008153,1,34.01479838255636,34.73371290668237,1
1800,1801,-0.0035072329361442163,1,35.083826975137704,34.995863648619654,1
1805,1807,-0.017104257274270285,2,34.968756955982826,34.40561109740225,2
1808,1809,-0.012110722710466919,1,34.19556659778271,33.81562913938744,1
1810,1812,-0.013436090666087946,2,33.65916275711954,33.24057435732739,2
1819,1821,-0.020930806598249245,2,32.44021381137281,31.79365418389248,2
1822,1823,-0.011181556721364155,1,31.66358194710969,31.34119739151363,1
1824,1828,-0.017662157312304923,4,30.97925418137785,30.463072974789853,4
1830,1831,0.004524569484906809,1,30.5851485055593,30.754118283684456,1
1832,1839,-0.03034583799571471,7,31.276257987078512,30.35842998707753,7
1841,1848,0.007622224630008333,7,29.92663810849628,30.184672304688704,7
1852,1854,0.0013615357577076693,2,30.388783692618084,30.460547891941445,2
1855,1857,-0.0006861730238475916,2,31.009558852791734,31.019290488878326,2
1858,1860,-0.003105889028078513,2,30.809007303018372,30.744126952572955,2
1861,1862,-0.00548934230271124,1,30.927306741355952,30.788463474893057,1
1865,1868,-0.018849568511757953,3,30.85766305400892,30.306867083213646,3
1869,1871,-0.010218032858848067,2,30.430048853622374,30.14954366339333,2
1872,1873,-0.007264265103475939,1,29.943291701003982,29.755718983718182,1
1875,1876,-0.0015725091016957587,1,29.52280848714814,29.505906410581627,1
1880,1883,0.013107792124537106,3,30.043104516374108,30.466946389666855,3
1886,1888,0.02206176659368631,2,30.363593866428882,31.06383198112195,2
1890,1892,0.009391198518424244,2,31.32531216637162,31.650819703744,2
1894,1895,0.0008162298022753752,1,32.002658857334836,32.06078304010358,1
1900,1901,0.0012147808793021952,1,31.693426150224838,31.76362014446193,1
1902,1903,0.001003670700819693,1,31.88384881191057,31.94773354560436,1
1907,1908,-0.006964439409480658,1,32.05098845921617,31.859822280537212,1
1910,1912,-0.01519682755512915,2,31.667373904745666,31.217797658296195,2
1914,1917,0.006011043653353107,3,31.262103899917175,31.481283875055155,3
1922,1923,-0.0011366540167186685,1,33.16056486006708,33.156033335682295,1
1932,1934,-0.005437580918373592,2,32.48987867708714,32.345702211429426,2
1935,1937,-0.014640973971494688,2,32.4792092539262,32.03616120587866,2
1940,1942,-0.004534880879175375,2,31.620583610748376,31.508808614354376,2
1946,1948,-0.003354068507109041,2,31.379587186908907,31.305717488946122,2
1958,1959,0.012184241944210566,1,30.90238005609251,31.309804511403982,1
1968,1976,-0.009378905943919134,8,34.12026859860339,33.83437807723443,8
1978,1979,-0.00393966363643564,1,33.91306636156703,33.813373353583906,1
1980,1982,-0.009394477357129408,2,33.80078659960777,33.5170466618442,2
1984,1985,-0.003266928719489134,1,33.221581817581416,33.14627085965228,1
1986,1993,0.003072029356989652,7,33.285620507624685,33.42116053149735,7
1996,1998,-0.0026371428405591655,2,33.83074351840411,33.775357758862164,2
1999,2000,-0.003304197693689029,1,33.293732885575054,33.21701754304581,1
672,675,0.0017668210514578692,3,27.01370342433548,27.08844550764777,3
678,679,-0.005236810150120837,1,26.758834869363543,26.645462766183616,1
683,685,-0.0039367125461619995,2,26.208950758926097,26.131982604410616,2
686,689,0.007945925662755579,3,26.11714684458086,26.35078889877575,3
691,693,0.007921580897966858,2,26.495083789333815,26.731461822758767,2
694,698,0.010724987046373802,4,26.762249727591907,27.076036758979743,4
702,703,0.003026276420021402,1,26.993269243519133,27.101951606973604,1
704,708,0.009155744442636286,4,27.411961497631033,27.69035037327236,4
709,715,-0.01894107409536492,6,27.717347074612466,27.220068097019897,6
720,728,-0.017961357915428883,8,26.65371120254241,26.201628067061613,8
733,735,0.011490063666732556,2,25.958503844962323,26.282727210679024,2
745,748,-0.0030364383467324963,3,26.33081512935221,26.277194047722073,3
751,752,-0.0033055488497374013,1,26.352500214956986,26.291743238398688,1
756,757,-0.001313720964814031,1,26.351115657920783,26.342848760492654,1
759,760,-0.001874188800717145,1,26.476009667148436,26.452864636009735,1
761,762,0.005248868061685259,1,26.636249325368944,26.802695733061327,1
764,769,-0.0030846436481454706,5,26.99047882945733,26.934213299205098,5
776,784,0.024364312945421896,8,27.20757064743068,27.897671983816785,8
786,787,2.4498767481587582e-05,1,28.176390821503084,28.205257499171793,1
789,790,-0.008626136481025313,1,28.138514338671605,27.923926187951608,1
795,796,-0.0009953244880463107,1,27.63166633513877,27.63179552732502,1
800,802,0.0035823152339702104,2,28.106724526186895,28.235518398160245,2
807,813,-0.002629317673923469,6,28.61533450259284,28.568711032342534,6
815,817,-0.006789089793381832,2,28.610316612605676,28.444688920718217,2
818,820,-0.002173522040404949,2,28.489997856413726,28.456564215998135,2
821,823,-0.004371814338818309,2,28.565031147977763,28.46871516636422,2
824,828,-0.006527152226906395,4,28.625720213312007,28.4675015000882,4
831,832,-0.0067468120451498765,1,28.10059529911333,27.939106459572503,1
834,836,0.01118561135149589,2,28.026885463561932,28.368410197213787,2
837,839,0.0029034904430125233,2,28.527740989034257,28.63909875334569,2
842,845,-0.005046032209323565,3,28.71332042084472,28.597145401585355,3
848,850,-0.011102791754236802,2,28.582835299087947,28.294068866315612,2
853,856,-0.0024547702940407165,3,28.126616704066862,28.085698937613916,3
858,860,-0.0055515151854191105,2,27.967942773334933,27.840646257097166,2
862,863,-0.0023657639604949834,1,27.782622178405393,27.74467767430608,1
867,869,-0.0029716226324503284,2,27.744913391660592,27.69021089248222,2
877,878,-0.003988087286507155,1,27.649331715610952,27.566713099031116,1
882,883,6.989823100584671e-05,1,27.160580099382912,27.189639155984334,1
887,889,-0.0030710395385856594,2,27.269011386339532,27.21253618558028,2
898,902,-0.001331639038219374,4,27.417886998753694,27.40879415707942,4
904,906,0.0019052147055635118,2,27.557466817067944,27.637527174912968,2
907,912,0.0055899634414699854,5,27.67304099016919,27.855405318608707,5
919,923,-0.007870997589094948,4,27.3551606393161,27.167203396514054,4
924,929,0.0028328644511335624,5,27.12969599165057,27.23368043898703,5
930,931,-0.004315909363030863,1,27.36415388546662,27.273416831386385,1
933,936,-0.002036266884990758,3,27.31258259915745,27.28427947426637,3
937,938,-0.0033548761906829778,1,27.246338938945783,27.18217718409518,1
940,945,-0.02034892116114404,5,27.05755165603617,26.534017222229945,5
948,950,0.00504689747154084,2,26.515231571623367,26.675566458371136,2
953,954,-0.002146018658889505,1,26.69184451460582,26.661255162751903,1
955,956,0.001440423191865112,1,26.637545800737104,26.702552685283592,1
959,960,-0.0021208058193408433,1,26.816548374099238,26.786492230626912,1
971,975,-0.004990690313042656,4,26.297948566782203,26.19300159818385,4
979,982,-0.0033861312673442627,3,26.0969567122774,26.034685947883705,3
986,988,0.004246963543544572,2,25.881280490960503,26.017078626156824,2
991,996,-0.0043468887693180035,5,26.28579180445328,26.197816183070323,5
998,1003,-0.01289621000668429,5,26.29196289823634,25.979188186110967,5
1015,1016,0.002345569066291103,1,26.76468047031355,26.854223557364197,1
1017,1018,0.005332139194388581,1,26.88869576372966,27.058958728061164,1
1020,1025,0.011923556182942874,5,27.37211790325573,27.725863006824593,5
1034,1037,0.002315217088609912,3,28.18441287003817,28.277850317217357,3
1038,1039,-0.0006489611366439613,1,28.437102843774795,28.447085372034213,1
1042,1048,-0.01658687346339068,6,28.494826013668565,28.05068076623218,6
1050,1051,-0.0033590639948995267,1,27.891673011569434,27.82587477001033,1
1052,1056,0.008606583269222041,4,27.82598483152052,28.09329747185263,4
1057,1061,0.027335985779268754,4,28.26539289128318,29.066320662296025,4
1062,1063,0.002336225836815626,1,29.42576420849691,29.523935203317343,1
1066,1067,-0.0035406697467111684,1,29.33618214451131,29.26164859405274,1
1070,1072,-0.01623066494962046,2,29.159358822849576,28.715242398472995,2
1078,1079,0.001856146203977141,1,28.96018243904347,29.04289695418323,1
1084,1085,-0.008630371654317329,1,28.88717767838593,28.666757776655547,1
1090,1093,-0.012646531544063245,3,28.53424370428506,28.201918734897117,3
1096,1100,-0.009755925981227848,4,28.05217083237162,27.806548100950614,4
1101,1104,0.0038768398971705947,3,27.76750867001159,27.902926364138533,3
1105,1109,0.009550309387912015,4,27.93815109641385,28.23290723420725,4
1112,1117,-0.034374519156937115,5,28.04512741451844,27.109134772363852,5
1122,1125,0.0039444564493055995,3,27.42498071653027,27.5605823393062,3
1126,1128,-0.0024454445407944983,2,27.655547431465116,27.615572871407622,2
1131,1137,0.004580134766001124,6,27.615647245775985,27.769746279057763,6
1140,1142,0.0021127943051168024,2,27.874434594344688,27.961201975608315,2
1145,1147,-0.002065518033925548,2,28.298220397216905,28.26806813305567,2
1149,1152,0.004972183305858209,3,28.47374462506114,28.6437950473662,3
1155,1158,-0.009178415333110462,3,28.630884085962773,28.396728824553627,3
1159,1160,-0.0033601966504817433,1,28.36646795936421,28.299517516700522,1
1163,1166,-0.007070132314682747,3,28.15512032991197,27.98421502417359,3
1170,1171,-0.003454628128812518,1,27.788535803602628,27.72032528196059,1
1175,1181,-0.018420525565540274,6,27.206204235481543,26.732257859056027,6
1182,1188,0.003657020502808153,6,26.677472200280313,26.801709735280113,6
1189,1190,0.002083077050463515,1,26.871189587451887,26.954035535387614,1
1191,1192,0.00010409178649354385,1,27.055214239795752,27.085085679619734,1
1194,1200,-0.009418311111930287,6,27.10906652194599,26.880853966010235,6
1207,1210,0.01413408961477243,3,27.017156647219117,27.426036717054476,3
1216,1220,0.010107762173639009,4,27.4470552917297,27.751930654276954,4
1224,1227,-0.018466827346394484,3,28.048674698795818,27.558753340536768,3
1228,1230,-0.000612639720701253,2,27.601697323206476,27.612389124390713,2
1231,1233,-0.0013618726429912324,2,27.67259734968896,27.662583393747596,2
1235,1236,-0.005109964342211433,1,27.719944784827742,27.60601680019403,1
1238,1239,-0.004159581285880354,1,27.506660277508185,27.419750748458302,1
1254,1259,-0.008787338845170845,5,26.587591743540546,26.38054515755653,5
1268,1275,-0.016624088605285716,7,27.027201325248388,26.60492593698981,7
1278,1279,-0.003675602002737218,1,26.55344563069396,26.482399178384902,1
1283,1285,-0.013884792983166392,2,26.279488177575328,25.9408824127037,2
1288,1290,0.003715836135704655,2,26.044827421083237,26.167650559383773,2
1292,1293,-0.0015119877792861302,1,26.127207863253485,26.11383105212063,1
1296,1297,0.0032945022182064134,1,25.920790290458402,26.03210718185844,1
1298,1302,-0.01596909816220694,4,26.086938932074318,25.6964409824486,4
1304,1305,-0.00307727491018934,1,25.177463130178555,25.12516261771602,1
1308,1310,0.005918909498416111,2,25.52653810054627,25.70315390747182,2
1311,1316,0.02578129964467326,5,25.795883044383178,26.48673031779375,5
1317,1319,-0.023684804187558472,2,26.346070127258518,25.748414685309974,2
1320,1322,-0.0019027796290138773,2,25.647194407294293,25.62404064264203,2
1328,1329,0.0008686801844364712,1,25.34450983549333,25.39187061880717,1
1335,1336,0.004019951770632783,1,25.964200643414795,26.09453967840777,1
1337,1340,0.0005543114938912159,3,26.150395186009714,26.191041045817126,3
1345,1349,-0.007821164492711263,4,26.482143340394355,26.301504284549967,4
1351,1358,-0.019531922433207966,7,26.21177449942338,25.72601992756333,7
1360,1361,0.00013582997971752745,1,25.837507935398655,25.86685495151287,1
1363,1364,-0.001994168973939235,1,25.832409810046354,25.806728029691122,1
1373,1374,0.0008250200337504613,1,26.542440437806928,26.590880923350554,1
1387,1390,0.00031417598292286016,3,26.52971955177003,26.564584272038644,3
1392,1399,0.01726285017215075,7,26.854239225903484,27.344674173373253,7
1401,1402,0.0012359138657522598,1,27.34641159603052,27.407555816896654,1
1404,1405,-0.006277581089092617,1,27.543400654086682,27.398038123665373,1
1407,1409,-0.003761269394824665,2,27.317383706844037,27.241953051267647,2
1415,1423,0.005250828495231851,8,27.0811420083904,27.250421582539868,8
1424,1429,0.017110674972534667,5,27.300707662642754,27.795141905641064,5
1430,1434,-0.0012323084419900488,4,27.883225292381145,27.876747783755814,4
1442,1445,-0.003887577687123404,3,28.06667712858609,27.985632417957888,3
1450,1451,-0.0007684987343127296,1,27.56742323793808,27.5738051313094,1
1453,1457,0.0034943918775403177,4,27.711297178339304,27.83584260729374,4
1458,1463,-0.018214731205609933,5,27.625215174211572,27.149654520490383,5
1465,1466,-0.002579990096868513,1,26.96407055532193,26.921467590873256,1
1467,1469,0.00013995996406825995,2,27.00157443825242,27.032355152078836,2
1471,1472,0.0006838155586590658,1,26.999224502977622,27.044686217267465,1
1475,1481,-0.015960723421715017,6,26.768925562056122,26.368443070425723,6
1485,1490,0.002489043644667882,5,25.918437984758274,26.008868546088713,5
1494,1495,-0.01067143086964626,1,25.581936654802206,25.334522722933617,1
1496,1499,0.006938992794681552,3,25.4110141253881,25.612751983435107,3
1502,1507,-0.005750250498368104,5,25.78978492583853,25.667276987141758,5
1511,1518,-0.0026433854321921543,7,25.74119492526301,25.698892220515614,7
1520,1521,-0.0008505938329430954,1,25.77670315597714,25.780554354395036,1
1523,1524,-0.000602148950028858,1,25.839794426907783,25.850074816251567,1
1525,1528,-0.010571776354150509,3,25.90344431011381,25.655502334375207,3
1531,1533,-0.0008117293470679568,2,25.373529817014603,25.378306908040443,2
1535,1538,-0.0009703150809285963,3,25.27326858266746,25.274018817600005,3
1540,1541,0.0031823612540334556,1,25.483658388255446,25.59024025370951,1
1544,1546,-0.0027298027622164028,2,25.78914457106474,25.744534437550513,2
1549,1550,-0.0008127922444261122,1,25.729682434454112,25.734499230554295,1
1552,1553,0.00017204684772525428,1,25.90798767563942,25.938353050925556,1
1557,1560,-0.004593427382122112,3,25.75518742637902,25.662638030649383,3
1570,1571,0.0006321841756690735,1,26.28961755525662,26.3325270530147,1
1576,1577,-0.00274163942154812,1,26.53043865208657,26.484232194259132,1
1581,1582,-0.0049000468842442585,1,25.973648344995254,25.8723498986949,1
1586,1587,0.0007903499712998557,1,25.969452550576037,26.015946959204634,1
1591,1592,0.0006923954894952195,1,26.32326984898205,26.367819232143233,1
1594,1595,-0.0038428844308302495,1,26.444685800783407,26.369506615242162,1
1597,1598,-0.005516724849772226,1,26.135979507611438,26.017930479496272,1
1600,1602,0.0034720245219976176,2,25.988352960014694,26.10457351173821,2
1603,1604,-0.0022814122026062643,1,26.221672878450995,26.1880721068518,1
1615,1617,0.004241978196975928,2,25.3514903888322,25.484382348711303,2
1620,1622,-0.0019497678417151442,2,25.555615960454496,25.531344058240034,2
1626,1628,-0.006622314740083239,2,25.304101928382174,25.161834303125662,2
1633,1634,-0.007972884836202114,1,24.37628840811937,24.206315356315503,1
1635,1638,-0.010971248596835077,3,23.973532181416765,23.734486132291632,3
1639,1641,-0.013175727202441732,2,23.530014984390284,23.243519940870982,2
1642,1645,-0.03426578336100339,3,23.087848769321173,22.319813393889326,3
1646,1649,0.06772936991753813,3,21.966436041882037,23.47617535037449,3
1650,1651,0.003433605602399058,1,23.851204224278522,23.956951056951247,1
1654,1656,0.013382799150762206,2,24.286283889060947,24.635588632355702,2
1658,1661,0.06072135633782148,3,25.051725291253,26.59795175483164,3
1662,1663,0.000942254244256752,1,27.064753257925737,27.117319889810705,1
1665,1674,-0.02970403443285138,9,27.494399104114095,26.705198925519046,9
1677,1680,-0.012339965897477712,3,26.19858186947253,25.901490844510434,3
1685,1686,-0.005962254438415192,1,26.52989387160904,26.398245787993964,1
1693,1696,0.014228022682254725,3,27.570110178021743,27.98994844116492,3
1699,1702,-0.006970705306919973,3,27.835121599629364,27.668926291375694,3
1705,1706,0.023588919325683765,1,28.173746439450426,28.866508417752343,1
1707,1709,0.019679925471926322,2,29.487896631623002,30.097704136288833,2
1713,1715,0.007404713900995248,2,30.622152824217892,30.879523257737997,2
1716,1717,-0.01258961585942574,1,30.77247558484094,30.415834413769076,1
1720,1721,0.018367533009970627,1,30.818690567664724,31.41557257455804,1
1722,1723,0.0063268672587446124,1,32.08974411813741,32.324861413658084,1
1724,1727,-0.001773515099314413,3,32.24847466981563,32.22352998772867,3
1732,1733,-0.007117621889752667,1,31.417705599851953,31.225503956348494,1
1735,1738,0.006938122939679234,3,30.9564230618007,31.202158953837994,3
1742,1743,0.0025523702133907417,1,31.183669023810793,31.294444960795214,1
1744,1747,-0.025302908970470897,3,31.149343737130263,30.392324071796878,3
1750,1751,0.0015316407066368427,1,30.224167697694746,30.30068443096245,1
1752,1753,0.0011411717820353422,1,30.399496603510894,30.46458714782641,1
1757,1760,0.01828020283776012,3,30.38759710142982,30.973476137297517,3
1762,1767,-0.034187653942208275,5,31.468060185647765,30.423709093973905,5
1768,1774,0.1217381775617936,6,30.35938018413812,34.085635179844864,6
1775,1780,-0.01249168136729661,5,33.845554089922764,33.45661176662177,5
1783,1785,-0.03694875202845929,2,33.89195602454671,32.67358250166083,2
1787,1788,0.004086250934657304,1,31.972300378417707,32.13491952110058,1
1789,1791,-0.023554092761994338,2,31.832568352333308,31.114613652862257,2
1793,1795,0.0031044053860862465,2,32.55205188772486,32.685658704820995,2
1797,1798,0.02038782788125877,1,34.070416944277355,34.79910915772428,1
1800,1802,-0.007167780419064478,2,35.073757062937275,34.85742983090147,2
1803,1804,0.0026983418798559484,1,35.11307564546203,35.242935803652195,1
1806,1808,-0.015688859886198225,2,34.66449570823491,34.15531378775093,2
1810,1815,-0.004529790455751069,5,33.70144522988943,33.58248619017195,5
1816,1817,-0.012286911581286045,1,33.34488651603617,32.96852573024165,1
1818,1819,-0.011542464753780908,1,32.79540775956089,32.449663329169844,1
1824,1826,-0.039297714093729084,2,31.001553451023977,29.8142648204952,2
1828,1830,-0.0006329043774660633,2,30.522011928685266,30.533216425655215,2
1837,1838,-0.01375395674652716,1,31.212806748671255,30.81471996146099,1
1839,1843,-0.022274427110110268,4,30.42304893354011,29.775815996536192,4
1844,1846,0.011606683482503925,2,29.82092737234524,30.196870364883132,2
1850,1852,-0.004585363129879073,2,30.41131905778506,30.30228343570429,2
1853,1856,0.030890912771839148,3,30.149904756901243,31.11141273958284,3
1863,1864,-0.0010915066448072622,1,30.76712128767065,30.76430589163124,1
1866,1875,-0.0422730420586342,9,30.723024286862028,29.45499161330193,9
1876,1878,0.006838951832981432,2,29.500990071334947,29.732246911529405,2
1880,1881,0.009767945596405175,1,29.96307912091545,30.28571992679025,1
1883,1886,-0.008014099801395277,3,30.575837932922123,30.36137595414932,3
1887,1888,0.01144585109075865,1,30.657332978800746,31.038889579894704,1
1890,1891,-0.0016317726391676876,1,31.311845571865952,31.292063604551803,1
1894,1895,-0.001715749887785431,1,31.968862430803977,31.9459807211065,1
1898,1901,-0.0010722443382811325,3,31.73528683943269,31.732994144634812,3
1905,1906,-0.004097526336842589,1,31.886764648229924,31.78799455493533,1
1910,1911,-0.00680966351806753,1,31.638728514080857,31.454918147274558,1
1918,1920,0.013821251621114763,2,31.471763984274524,31.938214917245794,2
1922,1925,-0.013220404151069318,3,33.13722635120078,32.73227605274364,3
1927,1930,0.005179787910863356,3,32.53263202534094,32.733676791439706,3
1933,1934,-0.0075439594303699335,1,32.56766497027249,32.354543491965146,1
1935,1940,-0.029217392518885638,5,32.490935874831116,31.574126383945064,5
1941,1946,-0.010145286093337716,5,31.686849576058552,31.39706427128894,5
1952,1955,-0.0036678561365189807,3,30.75411358074553,30.672066030105935,3
1958,1961,0.034790215297042494,3,30.87039616038826,31.97525428527355,3
1962,1963,0.017684437756790267,1,32.40367444395241,33.009118882191736,1
1972,1973,-0.003066669648277105,1,34.26189365733936,34.191085641625236,1
1976,1978,-0.0018551597787707372,2,33.867642220478686,33.838679975049935,2
1982,1984,-0.011457252642879022,2,33.57736395720805,33.226236979225625,2
1986,1988,0.0037764385276039623,2,33.26421104026088,33.42309549946393,2
1993,1995,0.009383621933229884,2,33.40697365624214,33.753859040621926,2
1996,1997,-0.003395088917495023,1,33.893694936294835,33.81251652317996,1
672,674,-0.0008065700689124004,2,27.08220565963475,27.087444168809192,2
678,692,-0.005407374772644235,14,26.731522334264884,26.61370649709447,14
693,695,0.0019182808929989002,2,26.720800209072745,26.798779009768523,2
696,699,0.003457092144299191,3,26.969055988051444,27.089259555634953,3
705,706,-0.002445930423305791,1,27.55420521952332,27.5143637559064,1
707,709,0.0002103049835971674,2,27.685544871044772,27.7190528239758,2
710,714,-0.010559053835263791,4,27.673638747157664,27.409104944555942,4
718,720,-0.010434897422099541,2,26.861215420172414,26.60778260805017,2
722,725,-0.01549348491135755,3,26.852866423897854,26.46367480955639,3
728,729,-0.0065621968312517785,1,26.237217112157314,26.091280546275208,1
735,738,0.011143096996769596,3,26.302493736586232,26.621887469286523,3
742,748,0.0013868016494726601,6,26.225777170464703,26.28837289867387,6
753,754,-0.0011822966656226627,1,26.199836121430565,26.195059978665768,1
755,756,0.0007441133050563493,1,26.30972047712731,26.35560761066378,1
758,759,0.0002366203066431708,1,26.40044145342649,26.433088775432143,1
762,765,0.003810909958266619,3,26.823675496937597,26.952721784503126,3
766,770,0.0023470368118271834,4,26.92746945002259,27.017596681521166,4
773,774,-0.004563206373677178,1,27.3206782065777,27.22332899185884,1
775,778,0.007006272524762895,3,27.196515995924067,27.414258714711508,3
781,795,-0.007161279810159569,14,27.78297321431341,27.61179454238186,14
796,797,0.0002830373699638704,1,27.744735348541223,27.78033288081316,1
798,805,0.018985267977955488,7,27.96362920906864,28.52248983244806,7
807,808,-0.0024902296117377105,1,28.54503403101523,28.50249537603415,1
813,814,-0.0037621645838606956,1,28.585808553927013,28.506849845938333,1
815,820,-0.007838918250770655,5,28.660986319307455,28.464976176883255,5
822,829,-0.006662260438993916,7,28.463048463049397,28.301883269763906,7
836,837,0.0022810075126685984,1,28.390231820284715,28.483380384173472,1
838,839,-0.0004202826668829666,1,28.618837328492813,28.635428164545797,1
840,842,-0.003464679875699244,2,28.74451969206688,28.673673652845203,2
843,852,-0.02200956218077422,9,28.70813078015214,28.104985521432734,9
853,856,-0.0009551908972903788,3,28.086932956106498,28.088191506370126,3
858,860,-0.007123627998811658,2,28.01667662837144,27.84511292293629,2
869,871,0.007867203706744767,2,27.689431868601012,27.934959701503928,2
872,874,-0.004820031459283263,2,27.932274426259912,27.825572259222266,2
878,879,-0.006633588600528049,1,27.54696909563312,27.391780804556863,1
882,886,-0.0012106163111811003,4,27.177438402389143,27.17171439056548,4
892,894,-0.005010117330194379,2,27.065902195472606,26.957364752021196,2
896,897,0.0019344257064625118,1,27.302816062966865,27.382934148280853,1
902,904,0.00088289383796731,2,27.416466994268745,27.468089291031088,2
908,911,0.0008194714784570518,3,27.777342950325345,27.82788303357078,3
912,913,-0.00031621705540168556,1,27.90516621957944,27.924247296306568,1
915,921,-0.012244810690260649,6,27.608777562439247,27.298322085360102,6
922,923,-0.00520714471931791,1,27.312657523654625,27.197749220783443,1
927,928,0.0004272337621983851,1,27.15411659239982,27.192871864383164,1
932,934,-0.0014208798811565723,2,27.285424315263082,27.273940429119968,2
938,940,-0.008032236445804902,2,27.251801227576458,27.060160117770064,2
941,943,-0.012672811974108283,2,27.002465171837322,26.687270473049058,2
947,948,0.003684902960852233,1,26.34175565529149,26.46516422435501,1
949,950,0.0024865721016634154,1,26.632459009562112,26.725314998143546,1
964,966,-0.003968430872319916,2,26.527565960757247,26.448820714991832,2
969,971,-0.009601798501236887,2,26.51067855522152,26.282639040158443,2
972,977,-0.005346498396691043,5,26.216080141252654,26.102131990951175,5
979,984,-0.014827860978639886,5,26.11639314268246,25.75525928904194,5
989,990,-0.00029534638614032635,1,26.148208395360665,26.166633824902412,1
991,992,0.0007428583820428306,1,26.32290133053884,26.368778419762457,1
995,997,-0.004164233541724452,2,26.340540220658877,26.257192599785526,2
1001,1004,-0.006191909992762428,3,26.08491001013929,25.94947950519734,3
1005,1008,0.00042165504766212983,3,25.985940566975067,26.022883610550355,3
1009,1011,0.00805027395032416,2,26.038986483693208,26.27464644475942,2
1012,1013,0.0022471214514120626,1,26.375931043104544,26.461576894595574,1
1019,1024,0.01755219060381909,5,27.142471881208895,27.646024193007882,5
1026,1028,-0.004072658809876398,2,27.655678976210098,27.570702510560732,2
1030,1031,-0.0008910165631946799,1,27.778286842827924,27.78131421599662,1
1032,1034,0.006911393095033206,2,27.934282776308535,28.155281868179728,2
1044,1047,-0.009244070102642454,3,28.427752685954857,28.193392299951263,3
1050,1051,-0.0021719509123789196,1,27.91191435736975,27.879202963872387,1
1054,1056,0.00960583255004167,2,27.86345756083189,28.158972725987265,2
1066,1069,-0.0009053394121584638,3,29.308970223987615,29.311744628338047,3
1073,1074,-0.004606778113661808,1,28.739904629116577,28.63624617011155,1
1075,1079,0.013798055647323986,4,28.623099616618017,29.046665837543628,4
1085,1087,-0.01074211194938477,2,28.717708476937435,28.437937346025315,2
1088,1090,0.001359486113528133,2,28.43971220803498,28.506815314062575,2
1097,1100,-0.005673246854731499,3,27.943811386361293,27.81322305769077,3
1102,1103,0.002625117271663033,1,27.891458222293515,27.99256802922702,1
1107,1110,0.005980144554018156,3,28.074689130026087,28.27065451846279,3
1111,1112,-0.0034843078850759096,1,28.106513334428396,28.036688101729684,1
1113,1114,-0.009310368323407966,1,27.874152715195766,27.642508239429567,1
1115,1116,-0.010424203224979812,1,27.342011342274876,27.084334670805575,1
1121,1122,0.0023541392931028973,1,27.342122426664698,27.433831713852804,1
1123,1125,-0.0007768057344145515,2,27.52150898143911,27.527651624424024,2
1129,1133,-0.005374197493439429,4,27.6672919748817,27.546269775674915,4
1134,1136,-0.0004828069532780175,2,27.54559460728558,27.55984099728429,2
1144,1148,0.005167298922946545,4,28.255296668245688,28.429555528955294,4
1149,1150,-0.0011638942185965278,1,28.491773596701112,28.48710395973105,1
1153,1155,-0.002608291644815669,2,28.691080846192456,28.644937220586794,2
1159,1160,-0.004156897628227049,1,28.37228538720558,28.28271698675933,1
1162,1164,-0.00792082051737969,2,28.216387458449912,28.021106905201137,2
1165,1169,-0.011797650555371419,4,27.999001578463528,27.696678143519986,4
1170,1172,-0.0013744572741522915,2,27.721344802728613,27.710964343517947,2
1173,1174,-0.00789530156404004,1,27.69462117928841,27.503658414555368,1
1175,1176,-0.0054731285962930296,1,27.291203148970098,27.169126087737197,1
1181,1183,-0.0010151033900340106,2,26.739602256435052,26.73919839779282,2
1189,1190,0.00015363109942974243,1,26.898399766351897,26.929430596847254,1
1191,1193,0.0023317791852721734,2,27.061286642639388,27.151448874202018,2
1196,1199,-0.004244798503323048,3,26.93594087818781,26.84853917754067,3
1200,1203,0.002059379710278091,3,26.869270499513156,26.95147380050934,3
1204,1205,-0.004203953892489235,1,27.03421349025484,26.947597116712352,1
1206,1208,0.0019533826732279743,2,26.957228110918397,27.036843121339437,2
1209,1215,0.005691722552332834,6,27.32091894164552,27.503742951077786,6
1218,1220,0.006491362453802769,2,27.585629818939278,27.792283770429382,2
1228,1232,0.0018011215132679981,4,27.623783500359263,27.701161074599977,4
1233,1234,-0.0006215165353286829,1,27.707724546305048,27.718211461889492,1
1236,1237,-0.006438015876739341,1,27.706234328736866,27.555567386572534,1
1241,1243,9.418497124111399e-05,2,27.516600072793967,27.54670832305327,2
1247,1249,-0.018848089857404816,2,27.394684829163968,26.905742032717765,2
1251,1253,-0.008690820251798077,2,26.773030548748228,26.567123983201906,2
1255,1256,-0.007239262545413786,1,26.61710330079518,26.451032205103118,1
1257,1259,-0.003471944897497607,2,26.43483017839437,26.369484734818673,2
1263,1265,0.00045189308830159074,2,26.82431802794988,26.863264069893063,2
1267,1269,0.00283356119460243,2,26.988879359395195,27.09234287999318,2
1270,1271,-0.006104423337796926,1,27.15073980380523,27.012150933912235,1
1272,1273,-0.006910800025498778,1,26.99296293121119,26.833412925229098,1
1274,1275,-0.0048116862529256395,1,26.73983550616942,26.63791164276506,1
1277,1280,0.0012023997019775332,3,26.530916853328844,26.589348536699806,3
1283,1287,-0.011301882991027832,4,26.24196946520505,25.97162776632038,4
1293,1301,-0.009668914421275515,8,26.100724743568872,25.874459794433605,8
1302,1304,-0.027668737326667664,2,25.775817303517016,25.088408802469345,2
1305,1307,0.006304399704505479,2,25.17818936103603,25.362100919964764,2
1308,1309,-0.0005761089159656261,1,25.56454077679256,25.575377357695274,1
1313,1314,0.006304991855335865,1,26.09375178013765,26.284366424366713,1
1318,1321,-0.01349837181142087,3,26.04731172612349,25.721762739482415,3
1322,1323,-0.004790832822600883,1,25.64441261031032,25.547198929270834,1
1330,1332,0.0107007624001644,2,25.5284176962882,25.827119646204622,2
1341,1342,0.001022250977982391,1,26.36928400995265,26.422609320330473,1
1345,1348,-0.004132672289125197,3,26.428157608297376,26.34536685130523,3
1355,1356,0.0007912223224071605,1,25.612893052194675,25.658771437971193,1
1359,1365,0.0005084744522765581,6,25.793267069093652,25.832175553508126,6
1367,1372,0.013588832498521226,5,25.92042062571258,26.298569300512316,5
1375,1383,-0.004176466321899974,8,26.710621179414378,26.62577579080094,8
1385,1386,-0.0027121356029537838,1,26.64427779276461,26.598659176140625,1
1388,1392,0.01328177463524412,4,26.495911300519985,26.87431993446943,4
1393,1395,0.009245742998376997,2,27.00333515889587,27.280004391032953,2
1397,1400,0.0014192607128430917,3,27.2513982056589,27.317326442707895,3
1401,1404,0.0045779158553039614,3,27.34082673325714,27.493331564189692,3
1417,1418,-0.0034512628928815314,1,27.148509580552105,27.08196144642026,1
1423,1425,0.0044983992527606285,2,27.26469435466427,27.414606529730705,2
1426,1428,0.006269940361104152,2,27.646014032419586,27.846998905657525,2
1436,1437,-0.0021561053589054724,1,27.87659502612483,27.844366745227088,1
1447,1453,0.0006556299387511775,6,27.644459965762636,27.69022896132256,6
1456,1458,-0.01149372137162687,2,27.89316226943411,27.600459196405094,2
1459,1463,-0.014006111510078006,4,27.45048904659907,27.093464925052828,4
1466,1467,-0.0008463525727707033,1,27.013150590030577,27.017301091120093,1
1469,1471,-0.001681190244429811,2,27.036549231742274,27.018132198162565,2
1475,1477,-0.015860254677808452,2,26.817921698200564,26.41940055183578,2
1479,1480,0.0011321363061880941,1,26.342184946774,26.39835007568334,1
1481,1483,-0.017650090252162517,2,26.395808599462004,25.956316004002154,2
1487,1493,-0.013483864583522933,6,26.012298941929725,25.687564924432557,6
1494,1496,-0.008312203613206202,2,25.593917218254305,25.406769284294885,2
1498,1499,0.0005873396258652529,1,25.529698927639817,25.57022323038407,1
1504,1506,-0.006927419432160086,2,25.733909117009773,25.581373444044168,2
1509,1511,-0.0031948457405251464,2,25.821637464208422,25.76496295320672,2
1518,1523,0.005573072845932092,5,25.7363782084782,25.905545297232987,5
1524,1527,-0.007165300537640536,3,25.88219923918779,25.722627702303107,3
1528,1533,-0.013843168403970901,5,25.689543611236974,25.359608476416703,5
1535,1537,-0.0021054886739045953,2,25.297719788483704,25.269753445781923,2
1538,1540,0.003938229651751634,2,25.301269077994284,25.426212555182182,2
1541,1544,0.006320536454871077,3,25.57722484409086,25.764463850976462,3
1552,1553,0.0035463565036549533,1,25.823448701292936,25.94085130524286,1
1556,1558,-0.0037765308506336587,2,25.815884673815127,25.74420607358188,2
1562,1563,0.00025396465961558543,1,25.772909218588538,25.80522753592413,1
1568,1569,-0.0033643507437591423,1,26.242669515374565,26.180622640187664,1
1571,1572,-0.0004693414457040187,1,26.36470501192619,26.37869566817226,1
1573,1577,0.0026316156002824925,4,26.35783040285782,26.45355191093844,4
1578,1579,-0.004953167798887675,1,26.463266496260275,26.358652763293875,1
1586,1587,-7.738238553424632e-05,1,25.97870899128066,26.002677405797094,1
1590,1591,0.0009404521877475545,1,26.261443851663834,26.312402927839205,1
1592,1593,0.0012761554008242954,1,26.38481547879149,26.444871419043295,1
1595,1599,-0.01688451713283191,4,26.424266702462987,26.004529985305194,4
1604,1607,-0.013807272412388688,3,26.17971619032113,25.844425433392665,3
1613,1616,0.00514542019448688,3,25.292775299454128,25.448210031554012,3
1624,1626,-0.006623942884119402,2,25.442523330430706,25.29943603239249,2
1627,1628,-0.006162768640810741,1,25.299088852167685,25.16847550960063,1
1638,1640,-0.01604183226343611,2,23.74231125647864,23.385183393012397,2
1642,1644,-0.021247531196050974,2,23.13396166779929,22.665556057242277,2
1646,1651,0.0903696081156746,5,21.96249130324202,23.969195526863157,5
1652,1657,0.02834835986906252,5,24.180409488129044,24.89006484756795,5
1658,1659,0.01636095576606861,1,25.015528608760086,25.449822094401593,1
1664,1665,0.00929484138759211,1,27.187096607161266,27.466983454521134,1
1667,1668,-0.011623733309102928,1,27.575389769601692,27.28243618279488,1
1674,1679,-0.04160213942605298,5,26.79431930445965,25.706412616233795,5
1685,1688,0.002178425278240855,3,26.518226361320956,26.60251256232189,3
1689,1693,0.027861077250273567,4,26.736155942718977,27.50779020475715,4
1698,1700,-0.010584042537361556,2,28.00153938549823,27.73317144091601,2
1704,1708,0.06806021193493915,4,27.8715763810638,29.79639335290091,4
1709,1710,-0.0034905814904358716,1,30.147073140584656,30.0719893982299,1
1711,1712,0.010381232077783808,1,30.255025132585143,30.599364595138276,1
1713,1717,-0.008349735751968443,4,30.609282151540288,30.384312016169023,4
1722,1725,0.009583142505774585,3,32.064173327563665,32.40351304321913,3
1727,1728,-0.010824693284188894,1,32.28004330998266,31.962901785261746,1
1729,1737,-0.026378633251579825,8,31.918226909568613,31.108185934789965,8
1738,1739,-0.006089564436118277,1,31.257539372709036,31.09845211195713,1
1747,1751,-0.006190758765844933,4,30.425911955996682,30.267978386802266,4
1752,1761,0.025715925731840065,9,30.462262762155856,31.27609031173341,9
1767,1769,0.0037705535875287074,2,30.423705647426633,30.56884356554888,2
1770,1771,0.034535137913635085,1,31.41906985713082,32.5355508376221,1
1773,1775,-0.001882960602009632,2,33.8558061872836,33.82591284427095,2
1778,1779,-0.002979252632368752,1,33.74491388620522,33.67812417656689,1
1785,1789,-0.027477747738499588,4,32.7275624521063,31.861010309403436,4
1790,1793,0.04445346192492636,3,31.079414663269475,32.49208165431539,3
1795,1797,0.035905431064737064,2,32.75751080163362,33.96644085837569,2
1798,1800,0.007568130624460674,2,34.7897666072117,35.08784987189679,2
1803,1804,0.004391262063539035,1,35.08911518356566,35.27828979909797,1
1805,1806,-0.00955815648036661,1,34.90446952852711,34.605751616437786,1
1807,1809,-0.020252006924929476,2,34.4303791040578,33.76752520711853,2
1810,1815,-0.004518112309025752,5,33.70728379172266,33.588697781711176,5
1818,1820,-0.018274463118098147,2,32.77044116787549,32.20434939055722,2
1822,1825,-0.033853565488842975,3,31.65097101300889,30.61112376404753,3
1828,1832,0.023794882522111694,4,30.525362672822403,31.28223545423989,4
1836,1838,-0.02542401254989201,2,31.607694502449476,30.835707775248498,2
1840,1844,-0.008560206337929688,4,30.071810028380334,29.844460939610755,4
1847,1852,0.0013236617065913543,5,30.250937386538794,30.321230331332387,5
1854,1856,0.019046631499967544,2,30.445955598241962,31.056294450784293,2
1859,1863,0.004225516311507377,4,30.670759892987512,30.831030449094644,4
1867,1868,-0.0045931705919552476,1,30.53176038093263,30.42205455741124,1
1870,1874,-0.024300869403123548,4,30.357576866704402,29.65021893273804,4
1876,1881,0.0246597956442428,5,29.525382227610155,30.28299750188879,5
1883,1884,-0.006981123944415664,1,30.527808422304794,30.345217816379613,1
1885,1886,-0.0029454108296010657,1,30.35663977234038,30.29758363657697,1
1892,1897,0.00492834476391721,5,31.703877043292497,31.891828556757975,5
1898,1903,0.003953334621129109,5,31.773278622383792,31.930662303410827,5
1911,1912,-0.011306414672062198,1,31.51349122824408,31.188700119881403,1
1914,1920,0.018744496556764103,6,31.24198308176241,31.85884030914675,6
1922,1925,-0.013010532854138043,3,33.14927199897119,32.751131578536786,3
1926,1929,0.0004848565107167218,3,32.53260631661496,32.58091256891477,3
1937,1939,-0.015030190529435217,2,32.11895400246779,31.668318958207,2
1942,1943,-0.004231137862796138,1,31.591607469935614,31.48953063089291,1
1944,1945,-0.0037349724778896766,1,31.55190011319517,31.465606534760457,1
1947,1948,0.0014934749972539295,1,31.32987445056735,31.407994709176943,1
1949,1951,-0.013467347010416436,2,31.29852365910721,30.908314103735393,2
1953,1954,-0.00012434362543922207,1,30.729184385274028,30.756092591466047,1
1956,1957,0.0015942791329592318,1,30.660549487893718,30.740091511635224,1
1961,1967,0.052717492221396774,6,32.007251384705576,33.72660066199179,6
1976,1979,-0.005594485361084278,3,33.942025581341646,33.786079441682624,3
1983,1986,-0.007542278719985223,3,33.404335330543645,33.18579485835538,3
1988,1989,-0.0016859526576398632,1,33.49193031810991,33.46895643949871,1
1992,1995,0.013083945212382597,3,33.28409523208416,33.75286660577656,3
1997,1998,-0.0032846906176500533,1,33.84180060928418,33.76448256494776,1
672,678,-0.012419242043071089,6,26.996807111821393,26.688524037021402,6
679,680,-0.005307603542158589,1,26.607963395649023,26.4933468382763,1
683,687,-0.005879145682483303,4,26.231156850546395,26.10317121485251,4
688,690,0.0023696210364400542,2,26.285236685749542,26.37380797223365,2
693,694,0.0025715494401472136,1,26.687449111812636,26.782764655746888,1
697,698,-0.002203265799996093,1,27.1028584092398,27.070246466633826,1
701,703,0.006304153254332033,2,26.93656373491649,27.133312524581402,2
704,706,0.004161867246339646,2,27.367544936795937,27.508812570617913,2
708,715,-0.020431615862796782,7,27.772575085843563,27.23290907525477,7
717,718,-0.005008168977031583,1,26.88421145109729,26.776454988787044,1
720,721,0.004462118219343776,1,26.612598579852556,26.75795973941965,1
722,723,-0.0026093967424881386,1,26.877054749780818,26.833798905418845,1
724,725,-0.006942716409693982,1,26.581735154122494,26.42376744042395,1
726,727,0.00038094398424314696,1,26.33085287160136,26.367214304474388,1
731,732,-0.005073117504906689,1,26.031012230514612,25.924984858928063,1
734,736,0.014884703383936534,2,26.137993946916907,26.55318822781481,2
739,740,-0.006403072092306663,1,26.499177172021458,26.35600020737422,1
743,748,-0.0010784255542463036,5,26.283005555080912,26.280944295802996,5
749,750,-0.0022094188384281636,1,26.374589759024225,26.342691833313847,1
757,758,0.0015466649579999763,1,26.330202066048315,26.39725626898698,1
767,769,-0.0030022286836790405,2,26.970239028541148,26.916238442352522,2
770,776,0.005759415876142068,6,27.019798796435968,27.20243685339076,6
780,788,0.014941142204898745,8,27.71267618522666,28.154447897173668,8
790,792,-0.007947466875494752,2,28.020616513721382,27.82594420866136,2
794,795,-0.005939443993465891,1,27.738038914097164,27.601028424392403,1
804,806,0.0027920117418704657,2,28.44238386419145,28.55023771777125,2
809,811,0.0010085042657015132,2,28.589623166449897,28.64704554653451,2
812,815,-0.0032490072124049234,3,28.70513823238711,28.64058016946939,3
817,820,-0.00216664862209961,3,28.46556959537298,28.432360277827257,3
823,827,-0.0023044812936373633,4,28.534493121259306,28.4972704087592,4
829,830,-0.0076849430567276136,1,28.321728374320028,28.13239923286959,1
834,835,0.004880125480619903,1,28.029481664885367,28.194298534231628,1
836,837,0.002216697225044716,1,28.36448144902198,28.45572139778888,1
838,844,-0.0013926085852948031,6,28.605001128214408,28.593770559189103,6
851,855,-0.0036501947290839116,4,28.225056102079506,28.150254207169677,4
857,859,-0.00804953252118782,2,28.05797819579182,27.860182566021805,2
860,861,-0.0046996322539493525,1,27.862866325656007,27.75978396671013,1
862,865,0.002604299126874266,3,27.742161990215347,27.842153040454285,3
872,874,-0.00426253614134255,2,27.93849125049418,27.84734091305486,2
876,883,-0.023275127156184815,7,27.78183682109812,27.162992873275783,7
884,885,-0.004273623837498937,1,27.14898323932058,27.06010768062448,1
892,895,0.0021742900369968446,3,27.06376517142263,27.1496734115699,3
903,906,0.00316243148790138,3,27.47739691419468,27.59176969631589,3
907,910,0.002353174366124354,3,27.711689751313973,27.80461187903007,3
913,915,-0.013414333359215103,2,27.92098824444678,27.57436778866149,2
917,920,-0.0034192319711548436,3,27.36326996687867,27.297071869339455,3
924,926,-0.0018616666754170084,2,27.118084222929774,27.094717473453723,2
927,928,0.003467138889332323,1,27.116343146320883,27.237475617326293,1
929,930,0.0014790142438141619,1,27.215928674154267,27.283397348996125,1
936,939,-0.004220337049702578,3,27.25281392538439,27.165050678991825,3
942,944,-0.01145891938874773,2,26.91036460688217,26.62891127273698,2
945,947,-0.007783701374399732,2,26.52748446463607,26.347529931813952,2
959,961,-0.004275938532708829,2,26.866391066388964,26.778378420659756,2
964,969,-0.0057587245647257755,5,26.511726924972308,26.38556491880114,5
971,972,-0.004790763434978132,1,26.33136227978349,26.231546314460125,1
979,983,-0.010357283952132132,4,26.10858507140921,25.864279627307635,4
984,985,0.0004472725813268591,1,25.745280988887664,25.782541428161437,1
987,990,0.0072434307158871095,3,25.977644516433124,26.191789429166285,3
992,995,-0.00345238852684678,3,26.401688991999897,26.33694179282654,3
998,1000,-0.0059271540249766705,2,26.272795223025195,26.14334511429468,2
1002,1004,-0.0010390599714494378,2,25.978064504621525,25.977049802163663,2
1010,1012,0.005875738078729143,2,26.171540302959095,26.351488959199145,2
1015,1019,0.012982072962370323,4,26.80523464353919,27.180027390098612,4
1026,1028,-0.004131976827810858,2,27.635196165755055,27.548643371731902,2
1035,1039,0.006017959385789747,4,28.269043478946518,28.46743447795689,4
1041,1044,-0.0047336937832056294,3,28.504478069255192,28.398051076694493,3
1049,1050,-0.004112107481561496,1,27.99844552107336,27.911311349295136,1
1054,1055,0.00538310205449412,1,27.791850067437707,27.96924828270136,1
1056,1059,0.008607290646901782,3,28.147452988798236,28.417873750631625,3
1061,1062,0.010280027922269116,1,29.09752962547468,29.42575057211909,1
1070,1072,-0.015174017637250709,2,29.16518098573242,28.75179319604704,2
1077,1080,0.01443005701627511,3,28.749069670343648,29.192669454521916,3
1082,1085,-0.020255329509508146,3,29.241573236354608,28.678517108312185,3
1087,1088,-0.0017342065225867589,1,28.458358800584293,28.43746448793079,1
1096,1097,-0.006729695186441208,1,28.055399330788692,27.894650444289386,1
1099,1100,0.0011886876783875865,1,27.793060939235588,27.853891269257968,1
1101,1106,0.004752922843634707,5,27.79000669524234,27.94988045958416,5
1109,1111,-0.0054181093477007666,2,28.25751002929154,28.13266526008838,2
1117,1118,-0.00023765832480530263,1,27.09733604174951,27.117993470300892,1
1120,1122,0.006855484586928677,2,27.268925380389827,27.483136003417588,2
1125,1132,-0.0018658610334719465,7,27.582074000039885,27.55819175694091,7
1134,1136,0.003214001634101981,2,27.515624569856673,27.631575456757385,2
1139,1141,-0.0015585575157428125,2,27.87269706070368,27.8571285562764,2
1143,1146,0.0020680168468501397,3,28.12901229606715,28.215312579676738,3
1148,1151,0.005958978492428836,3,28.372783519051442,28.57022910933086,3
1155,1156,-0.0013097021974885646,1,28.589788332653345,28.58093401238099,1
1165,1166,-0.0018438814280869202,1,27.99243710474706,27.968814806947474,1
1169,1170,-0.004229764308937676,1,27.80525204956631,27.715447638895604,1
1171,1173,-0.0033597289689403747,2,27.712454826368983,27.64706094391475,2
1176,1179,-0.009334742478571623,3,27.165188884749266,26.938774031013125,3
1183,1185,-0.0012924407472415934,2,26.72905400481112,26.72123734028489,2
1187,1189,0.003575350950713441,2,26.77135526940774,26.89384361519151,2
1191,1192,-0.0016812129991561893,1,27.061846066301996,27.043411184980467,1
1193,1197,-0.011108347364700833,4,27.14615734073412,26.871754552717157,4
1198,1199,-0.0011019579893846627,1,26.85156613053384,26.84882839883934,1
1200,1204,0.002987005868276156,4,26.877210526557167,26.984370122649445,4
1207,1208,0.0010063128566398477,1,26.997703469457434,27.051869309027957,1
1209,1211,0.007102401418087013,2,27.316011314010854,27.537336602817977,2
1217,1218,0.00016440273741844826,1,27.534239025446148,27.56629996874011,1
1221,1223,0.002333057797712935,2,27.913498548762743,28.006535852762145,2
1228,1230,-0.0015483211904473316,2,27.605502995219883,27.590366312954647,2
1231,1232,-8.680493328161747e-05,1,27.650166264137507,27.67541625956386,1
1234,1239,-0.010234746458362465,5,27.76183517696577,27.505461667887644,5
1241,1242,-0.0007722329945165017,1,27.449340858524085,27.455592912693927,1
1245,1246,-0.0032755730720014243,1,27.57962496878775,27.51686551687288,1
1254,1265,0.011195865671822968,11,26.582549376685296,26.906746578097952,11
1266,1272,-0.00019635091246571646,6,26.94075613735741,26.962407051444682,6
1273,1274,-0.008570103573482882,1,26.900932124206864,26.697289281803386,1
1276,1277,-0.002073737381300914,1,26.562581932545157,26.534060695380315,1
1279,1280,0.0010829656337226455,1,26.498386892177027,26.55358212142252,1
1291,1292,-0.0018248671469708313,1,26.159074100248272,26.137496339427802,1
1296,1297,-6.148700302302372e-05,1,25.986924340005274,26.011313406249826,1
1300,1302,-0.010334072280946616,2,25.980716353731754,25.73821046937525,2
1307,1309,0.008643834051936299,2,25.347002513887652,25.591444799845597,2
1313,1315,0.009559791673766214,2,26.088058031424815,26.363542489409785,2
1316,1319,-0.0300892697724058,3,26.534676992827826,25.762802615459808,3
1323,1324,0.000647571024039765,1,25.532212053515554,25.574278186274565,1
1325,1326,-0.003338865882433154,1,25.34651666009334,25.287234557038524,1
1327,1328,-0.004442092945448639,1,25.3910674135462,25.30366899952462,1
1334,1338,0.006189671743146693,4,25.9858436366046,26.172673322320524,4
1339,1341,0.002739555291154151,2,26.19761731394779,26.295584752389797,2
1345,1346,-0.00286937019515112,1,26.3990174485665,26.349667912166876,1
1347,1348,-0.002322347363067112,1,26.360115760939593,26.32525853137297,1
1355,1356,-0.0020084349325550062,1,25.664641973862267,25.638760852364307,1
1359,1360,0.00031388720135878566,1,25.76774068359726,25.80159658828937,1
1361,1365,-0.001751974410908244,4,25.925722537861382,25.906227057928604,4
1369,1371,0.001491826173097266,2,26.12591148600879,26.19101271604565,2
1372,1379,0.004423359454776677,7,26.362388475399158,26.50536118418771,7
1380,1384,0.0015566428444914971,4,26.54867588134467,26.616551363567435,4
1385,1387,-0.006050915679860453,2,26.567767613396175,26.433576059378783,2
1392,1394,0.011591823532045971,2,26.83668098163094,27.174603732737452,2
1400,1401,-0.0009203343602824669,1,27.289826685513006,27.292000747013688,1
1407,1408,-0.0033839166523002393,1,27.328087705994445,27.262939822636604,1
1413,1414,-0.0027333565721948654,1,26.966626255782582,26.9198834769322,1
1421,1422,0.00664571598147906,1,26.917078965025837,27.12287930584347,1
1423,1424,0.0022870270755651102,1,27.273314990451453,27.362963115265483,1
1425,1430,0.014115598757051963,5,27.397354384622613,27.811481800505327,5
1432,1433,-0.004284895831612318,1,28.063401154690833,27.971215805216925,1
1442,1444,-0.001847704429891558,2,28.055737258197333,28.031954285439685,2
1447,1448,-0.004599040194700158,1,27.642899976421845,27.543412068308626,1
1449,1451,-0.003363967516417754,2,27.59627273753167,27.53103604520594,2
1454,1456,-0.0007932354942992307,2,27.883529323436843,27.889294647594596,2
1457,1458,-0.012194215468475458,1,27.862649858831624,27.550749352789175,1
1461,1463,-0.011879340524499647,2,27.43818160314607,27.139672282112382,2
1465,1467,0.0015244935941886749,2,26.95890730703522,27.026964895838155,2
1470,1474,-0.004720725491081082,4,27.048498747802434,26.94785870901601,4
1475,1476,-0.00949742366433624,1,26.794937557029673,26.567249620548157,1
1477,1479,-0.005993015562188602,2,26.467888071996747,26.335733494955,2
1481,1482,-0.014675744489104577,1,26.44542114278053,26.083760320325098,1
1484,1486,-0.002920776346362961,2,25.94858996671749,25.898748528887946,2
1487,1488,-0.0022660660148744213,1,26.049003322981513,26.016023565152935,1
1490,1491,-0.007980787254209221,1,26.073055928931492,25.891045472424523,1
1496,1503,0.014534484530227605,7,25.41324116854095,25.808022770336592,7
1508,1514,-0.00285129960612879,6,25.783993775783596,25.73625987826206,6
1522,1525,-0.00014855804776097283,3,25.84208871863587,25.8640917571044,3
1527,1528,-0.006905819985161885,1,25.797794276048464,25.645437147039882,1
1530,1536,-0.009855791422034504,6,25.486102967232423,25.260403355194118,6
1541,1545,0.005673517917696486,4,25.544627630637493,25.715100160831437,4
1546,1548,-0.0013961195856742915,2,25.723047431380287,25.71285802848949,2
1551,1553,0.005637162254967579,2,25.73318138702565,25.90397668722785,2
1554,1555,-0.006407245807875122,1,25.962104190205828,25.82172071115972,1
1557,1564,0.0009166286470674188,7,25.79187827763593,25.841311730404524,7
1566,1567,0.0018156304807020215,1,26.035280669769566,26.108586399597,1
1570,1572,-0.0005351047768299315,2,26.347396757241675,26.359645536137084,2
1573,1575,0.0014224447842835228,2,26.34406277958773,26.40787981706498,2
1579,1582,-0.015965636284325787,3,26.29177484051286,25.898301700980358,3
1585,1595,0.01605884332662302,10,25.932395997305758,26.374772677707742,10
1596,1597,-0.007075487651307129,1,26.310946803508973,26.151094971110055,1
1598,1600,-0.005406454807105495,2,26.042461489757077,25.927706560136677,2
1603,1604,-0.001748226818486986,1,26.210032536974087,26.190421487716506,1
1605,1607,-0.013007364278489399,2,26.21575499874128,25.900972878635763,2
1608,1610,-0.01552982100359225,2,25.826125715253156,25.450876731394256,2
1611,1616,-0.0009403994682079657,5,25.37591570941747,25.37742812748846,5
1621,1622,-0.0038263675315364644,1,25.601474227179363,25.529115051664196,1
1623,1624,-0.006125169301118554,1,25.5352834935544,25.404410842497875,1
1625,1627,-0.007168521455790361,2,25.370239441024093,25.213742574693597,2
1628,1629,-0.006833934292128128,1,25.212384885800876,25.06529748902927,1
1630,1633,-0.022433617358030157,3,24.952101038310555,24.4172872523765,3
1634,1640,-0.03693818336722388,6,24.208200494187352,23.338201745836727,6
1641,1649,0.007628030398614126,8,23.31001185231392,23.51113134316774,8
1651,1652,0.008780627744659417,1,23.939333360528565,24.1734750685832,1
1656,1659,0.02984495078498124,3,24.72384114290635,25.48644680617499,3
1662,1665,0.013559946413941183,3,27.105666059280697,27.50032310461801,3
1666,1668,-0.02039657099049274,2,27.836639605287385,27.296704249046666,2
1670,1671,0.007269809598549567,1,26.755794171584107,26.97705949504109,1
1673,1674,-0.005484434777464022,1,26.89185180503253,26.771257049567634,1
1680,1682,0.01153080523626165,2,25.91697827288804,26.241738879938026,2
1684,1685,0.0015855230978522698,1,26.44946660067233,26.51785230749424,1
1688,1693,0.03221549240202966,5,26.60075345463524,27.48431057889594,5
1695,1696,-0.00022893302856084082,1,27.95373698535677,27.975291188674476,1
1698,1700,-0.007159552762842329,2,27.961102324401576,27.78887443932719,2
1706,1712,0.0578828340969119,6,28.880071716209482,30.580612187781963,6
1713,1716,0.002303238519660667,3,30.695584432507932,30.79697926938889,3
1718,1721,0.03177806049493234,3,30.321174794774237,31.315044096474765,3
1723,1724,-0.00446905951050815,1,32.40559254476078,32.293175615749725,1
1725,1727,-0.0076892121861692345,2,32.39088232661342,32.174212841833466,2
1728,1729,-0.0015778641573675018,1,31.900706147445433,31.88227187276811,1
1730,1731,-0.009983446152787543,1,31.943600960684904,31.65663734152846,1
1733,1735,-0.011252996697157493,2,31.24368031669567,30.923338965601545,2
1737,1742,-0.0012979469029878834,5,31.11824237198865,31.10897078804749,5
1743,1744,-0.0069160793366593535,1,31.356875034875355,31.17136527441932,1
1747,1748,-0.003618354905283147,1,30.437673622364773,30.357976990330247,1
1751,1752,0.0025328729514949603,1,30.305934141692095,30.413001156691067,1
1753,1759,0.007370510394008124,6,30.47805643567548,30.733173323859468,6
1763,1765,-0.014278728759035256,2,31.33012882990894,30.91410454719095,2
1767,1768,-0.005535766739585445,1,30.467246305565958,30.329053983126414,1
1771,1779,0.03012416276878552,8,32.58655972305464,33.600789111949744,8
1781,1786,-0.049407590807321655,5,33.54491880716824,31.92109010388601,5
1791,1792,0.02072423020824001,1,31.075455111588386,31.75054545225836,1
1793,1794,0.000954544865252639,1,32.51569118985664,32.579244567111914,1
1796,1798,0.04571815405673713,2,33.212439513018424,34.76406337878768,2
1801,1804,0.008432274967097714,3,34.940653295282054,35.27022314469318,3
1805,1807,-0.016703991893912876,2,34.92503713212745,34.376574632109914,2
1808,1809,-0.011292949618456973,1,34.210349368922834,33.8582239664387,1
1810,1812,-0.017116250793031508,2,33.72554329047395,33.18201397667343,2
1819,1820,-0.008749671283384653,1,32.40677473485183,32.15563288330203,1
1821,1824,-0.027614014613568934,3,31.81819060587037,30.971380816108415,3
1826,1839,0.01579177047149849,13,29.878624304692188,30.380339306020716,13
1841,1843,-0.006972104041412609,2,30.01533903896067,29.836084311381722,2
1845,1847,0.006997690676480934,2,29.97308161094102,30.212797046286244,2
1848,1851,0.00780384916804232,3,30.203688480699434,30.46959719840205,3
1852,1853,-0.006211058309919701,1,30.340093194218817,30.181989199455344,1
1855,1856,0.0026412240101123465,1,30.912351470591155,31.024910266974903,1
1858,1870,-0.017447440630587757,12,30.80052733881452,30.29393749401857,12
1872,1875,-0.014781269758898007,3,29.89992399626659,29.487865077903493,3
1876,1878,0.008455191822293047,2,29.47821554716547,29.75693772974282,2
1880,1884,0.01480309112944472,4,29.97524751376103,30.448949081848657,4
1885,1887,0.00799361820652758,2,30.33433397063812,30.60714938891934,2
1891,1894,0.020407158683516304,3,31.324174559674105,31.994736135103214,3
1897,1901,-0.006082755161000361,4,31.90086873329184,31.738724428097306,4
1902,1904,-3.270923527655433e-05,2,31.864380643557396,31.895202764677542,2
1905,1907,0.006873303093650587,2,31.7863776206113,32.036641405867606,2
1909,1913,-0.025961863886724803,4,31.784139785321706,30.99074841424387,4
1917,1918,-0.004785685675515863,1,31.502382408752954,31.383124290923515,1
1922,1925,-0.012622488031286853,3,33.09939116162324,32.71469388400439,3
1930,1933,-0.005546915879274041,3,32.69517760717595,32.546515384938196,3
1934,1935,-0.0011385317005591813,1,32.40355868844631,32.39906976835703,1
1939,1944,-0.007385759381085838,5,31.703081779086787,31.500633527206652,5
1946,1955,-0.026518124707332544,9,31.403558493557476,30.602198571664864,9
1956,1957,0.0012528611991707754,1,30.69086694574398,30.76000920905496,1
1958,1959,0.008747751505976328,1,30.98547136213022,31.28751003726381,1
1961,1962,0.008069428350649572,1,32.016696014396175,32.30706914492327,1
1963,1965,0.004921078798122895,2,33.01993720235418,33.21545085243839,2
1968,1971,-4.188671098357246e-06,3,34.12148019611802,34.15545875265621,3
1976,1983,-0.016821987024619105,7,33.907912516320046,33.37142196445491,7
1989,1990,-0.009292569991901076,1,33.55486770544979,33.276611616433364,1
1993,1995,0.009097508446353892,2,33.46474495860532,33.80265550347992,2
1996,2000,-0.02072469765386374,4,33.86764197431533,33.19961297612266,4
674,676,-0.005658423579702636,2,27.101443008871897,26.9751930077154,2
678,680,-0.012655790513861224,2,26.772727693952767,26.460670388467403,2
681,686,-0.010716297981675112,5,26.372090178891934,26.115851092314212,5
692,693,0.00284185526338494,1,26.58290821505883,26.68503590090093,1
694,698,0.010421002490563953,4,26.800562357429435,27.10665164686215,4
703,705,0.011892312865017601,2,27.168315521907925,27.518577945631876,2
707,716,-0.026443773040521396,9,27.737634039563595,27.031883974379898,9
717,725,-0.01904774483773203,8,26.94097892030052,26.45475500706822,8
727,731,-0.01470664307944227,4,26.31923230966772,25.958483986274178,4
734,735,0.00244809486004121,1,26.128211539996276,26.218304091909406,1
737,738,-0.002100219232890126,1,26.59511959828344,26.565859136200395,1
739,740,-0.007174109088285251,1,26.51672405663386,26.353006909644243,1
745,746,-0.0007999539150757892,1,26.360039709712062,26.365312932454437,1
749,755,-0.006252589742342471,6,26.377083888124254,26.238535887860586,6
756,761,0.01139023661423964,5,26.362811675183107,26.689453149655264,5
764,773,0.010108235990258424,9,26.942049559537846,27.24132820410643,9
775,777,-0.0006952267630942618,2,27.190174745443812,27.198461583013014,2
779,784,0.009083289521895434,5,27.59572869301022,27.87398441498952,5
785,787,0.00480964280051865,2,28.046006498662717,28.208943778400972,2
793,800,0.010249916614060193,7,27.767860591292056,28.08024670749494,7
804,805,0.0018655436474354064,1,28.378662732096913,28.459983028811585,1
806,808,-0.005036285529832523,2,28.616906621736096,28.501400615630214,2
809,812,0.0004883655430548302,3,28.606094480726558,28.648670806073042,3
814,815,0.002577517731948757,1,28.507588566784662,28.609574970377434,1
816,820,-0.005014004714013087,4,28.57046526017687,28.455783277940974,4
823,826,0.001582457730145816,3,28.426748954931085,28.50015983251266,3
835,838,0.01318119164432473,3,28.22831272355916,28.628623836087883,3
844,849,-0.010661281723164905,5,28.69213213383709,28.41492936205382,5
856,858,-0.004042688180813872,2,28.09645322154336,28.01096447540338,2
861,862,-0.0024981712663890545,1,27.772442744596216,27.730834868878826,1
863,869,-0.007142905538806929,6,27.798580228556816,27.627816176099845,6
871,874,-0.002287241529246051,3,27.886845727003085,27.85094862106361,3
880,882,-0.005957192726035532,2,27.30374504577444,27.16839511944,2
886,888,-0.0016888252317999886,2,27.19621576119985,27.177482321574058,2
893,895,0.0009484988916174362,2,27.021247581198864,27.07389845216095,2
898,899,-0.0027507355557926812,1,27.335221968752744,27.287365223726564,1
901,902,0.00010078429980641085,1,27.390796040185435,27.42094739842567,1
907,908,-0.0016876866468865303,1,27.702638068214384,27.683587333931342,1
909,914,-0.003927009063847376,5,27.778773575700246,27.697464853661607,5
915,916,-0.008194797326567235,1,27.633840517658022,27.43502063577879,1
920,921,-0.0014147386260135598,1,27.315542416887784,27.30421360635699,1
922,925,-0.010003062516607854,3,27.303038635841595,27.057227672109754,3
928,929,-0.0037112898652108223,1,27.232724513805344,27.158888703828985,1
930,933,-0.004111471205704522,3,27.3806821665904,27.295487962436507,3
934,942,-0.0190678975650471,8,27.37538736007737,26.880771665452006,8
947,948,0.002453377892855267,1,26.34964612008376,26.44064140547942,1
950,953,-0.004387714403913638,3,26.703115039802608,26.612652512352906,3
954,966,-0.007608128741437824,12,26.616245174557903,26.44036159983075,12
967,968,-0.0015909181871523416,1,26.456655318844973,26.441021600045847,1
971,981,-0.006847547147397772,10,26.309295629517987,26.155450782909554,10
982,983,-0.005617389719242645,1,26.014311245836705,25.894193032537,1
986,988,0.0029374169241498235,2,25.908527707811263,26.010540383287804,2
991,1002,-0.0158266228819414,11,26.412980752978356,26.02136544816597,11
1003,1004,-0.0031689151734077023,1,26.019504387086922,25.96307028921722,1
1005,1010,0.003749161418804309,5,26.030757874645225,26.154382145645727,5
1011,1012,-0.0005858749871491411,1,26.317872999303482,26.328771888797526,1
1014,1016,0.008546766030105363,2,26.67195714544333,26.926588079875874,2
1018,1020,0.009199679886900125,2,27.067681708496092,27.343763397203254,2
1021,1022,0.006569510506784258,1,27.408176303271993,27.615642781771406,1
1024,1025,-0.002407193429483212,1,27.797938518712385,27.758821442275675,1
1026,1028,-0.0046168456094066645,2,27.6560365009351,27.556008886743104,2
1030,1032,0.0029162623346478808,2,27.801268743717678,27.910145805354123,2
1033,1037,0.002072940118432356,4,28.145714846615647,28.23220494292977,4
1040,1043,0.0010310701096898048,3,28.405904552592183,28.463598936267655,3
1044,1045,-0.0011411401317259454,1,28.400119116327687,28.396110719774576,1
1046,1047,-0.006745091253180524,1,28.34036542464397,28.177547439130908,1
1057,1061,0.02842089368025369,4,28.23791082426667,29.068695396379905,4
1062,1070,-0.009117829955799992,8,29.378435934173353,29.13994678689237,8
1077,1079,0.010769333838788739,2,28.751935068423634,29.09032619075509,2
1080,1084,-0.0160859535703587,4,29.228691858861794,28.787749170556683,4
1086,1087,-0.006314801645329762,1,28.556763079331812,28.404989547932487,1
1090,1094,-0.016374945561017328,4,28.514485984641386,28.076077314927133,4
1096,1099,-0.012356013215492463,3,28.080540973976316,27.761657979577663,3
1101,1102,0.0005227009878003735,1,27.837748467718377,27.88013703480831,1
1103,1109,0.004463419517862767,6,28.030225222176195,28.183366101745122,6
1111,1112,-0.009467261818502676,1,28.227026341122976,27.988020718734916,1
1114,1118,-0.016828371008204997,4,27.593805138685052,27.157040153421832,4
1120,1121,0.0027155699862308176,1,27.232209301037884,27.333392480575576,1
1124,1126,-0.0048565609912222625,2,27.564216210891214,27.457913129898674,2
1130,1132,-0.006192207233585315,2,27.676525834387906,27.532823576750086,2
1140,1149,0.01853811490614936,9,27.90083868564558,28.445968477863662,9
1153,1155,-0.005235122061892681,2,28.70356734526458,28.58200423394563,2
1161,1163,-0.007700992519056626,2,28.322535721574603,28.132746621583617,2
1167,1169,-0.005570325639926709,2,27.90643808229364,27.778896572807106,2
1170,1180,-0.03395451108404314,10,27.746170630548715,26.831809142964545,10
1186,1201,0.0036650046212880066,15,26.748680741762286,26.873463461035964,15
1207,1211,0.018351541531159324,4,27.045539632383512,27.568912515812197,4
1214,1216,-0.0053860926857670745,2,27.58850013954565,27.467494420872306,2
1219,1226,-0.00025436780695205447,7,27.718604936293225,27.739272820480103,7
1228,1233,0.0013856399244929498,5,27.567027928843935,27.632792931270597,5
1234,1237,-0.006906942093971972,3,27.7410633109198,27.577198456316985,3
1238,1243,0.00036478778074372194,5,27.533154631902452,27.5707315449094,5
1244,1257,-0.044925236241137576,13,27.611196565505452,26.39836823346514,13
1259,1268,0.024010795394838632,9,26.386566336256728,27.04651534806518,9
1271,1272,-0.0027957266506460745,1,26.95127062488281,26.902873509952933,1
1273,1277,-0.01389754774380978,4,26.85105852224502,26.504745712982533,4
1281,1284,-0.019743808841173487,3,26.588115463591173,26.08975290989457,3
1285,1286,-0.0011596160213802713,1,25.951117469459287,25.94697525533844,1
1288,1294,-3.740000535319861e-05,6,26.092375275196616,26.117491795496843,6
1300,1302,-0.008601120370911262,2,25.962104879127782,25.76476379485931,2
1305,1306,-0.0006152536648936746,1,25.218093842151692,25.227796411335827,1
1308,1309,0.003044294193781511,1,25.527438346409856,25.630678817096356,1
1311,1312,0.0031762654851459834,1,25.821180441548275,25.92901654621204,1
1318,1323,-0.020300802041953732,5,26.00513227181655,25.503212361763396,5
1330,1333,0.014690966208671188,3,25.521590604324743,25.922049020088743,3
1334,1335,-0.00018360802960487035,1,25.946109594431288,25.967291789967174,1
1336,1337,-0.0013763905494106148,1,26.140569413096337,26.130730349813035,1
1338,1340,-0.003274227857339692,2,26.291039604762982,26.23124779009541,2
1342,1348,-0.0023618475520897405,6,26.378782871805516,26.34285899092444,6
1351,1353,-0.016119050664685174,2,26.173248098797618,25.777533434732522,2
1362,1364,-0.0037681977874885657,2,25.91988780849329,25.848136432409866,2
1366,1368,0.004724394919741035,2,25.897181951747385,26.045427648547577,2
1378,1379,-0.0020269302523202404,1,26.620672391382854,26.593334817567037,1
1384,1385,-0.0016657917978340252,1,26.637921410267268,26.620186100680964,1
1386,1388,-0.0075216959064488146,2,26.600703465280027,26.42722176638185,2
1390,1392,0.008437200732128482,2,26.584995373060107,26.83588331085838,2
1393,1399,0.009670337773347255,6,27.029794528296765,27.318211565857865,6
1403,1404,-0.00011253596676725705,1,27.498479578980895,27.522883490575826,1
1405,1406,-0.002893433458979057,1,27.450271281172256,27.398296019070433,1
1410,1412,-0.004846760733949167,2,27.146766906000188,27.042339789012516,2
1415,1416,0.002650498070511896,1,27.03775755645849,27.13645883824931,1
1419,1420,-0.004061949335807986,1,26.997280077894555,26.914615774091423,1
1425,1431,0.018260568073274724,6,27.40797651928298,27.935869716783344,6
1432,1433,-0.004689107237884925,1,28.07900235670863,27.97541590588191,1
1434,1441,-0.003712233499596806,7,27.99313949759752,27.91721556689325,7
1447,1450,-0.004273432052223643,3,27.624728467280622,27.53430079568185,3
1452,1453,0.0005149102621631689,1,27.702038925585075,27.744005028636288,1
1460,1462,-0.006294078260721734,2,27.44950565557016,27.304185824411448,2
1466,1473,-0.0007988491335992748,7,27.01080392357328,27.016237170184688,7
1474,1477,-0.019639709587271206,3,26.931031133548196,26.429044534333098,3
1485,1486,-0.0003945518598532224,1,25.918349928125465,25.934042144885122,1
1487,1490,-0.003850992538309238,3,26.082874087960157,26.008512008557723,3
1492,1498,-0.013792777167949941,6,25.827368773661092,25.496965000105178,6
1499,1500,0.0021204778553077087,1,25.590167007069855,25.670020556529042,1
1502,1505,-0.006105965342291374,3,25.73938293630848,25.607958539103723,3
1506,1508,0.0030974639431793445,2,25.6206000770351,25.72557956205337,2
1509,1510,-0.0023803932207696783,1,25.8253469356213,25.789697801787344,1
1511,1512,-0.0048060208778357445,1,25.789570844110592,25.691415199047483,1
1513,1514,-0.00011605262766853483,1,25.698472870496737,25.721188968063544,1
1515,1518,-0.005709636321191098,3,25.850104266641523,25.72835967668077,3
1521,1522,0.0024220558329377355,1,25.738718237123685,25.826797567999375,1
1524,1526,-0.0015866965459869833,2,25.88494881011107,25.869762200051127,2
1528,1530,-0.009113249423956495,2,25.67366380127582,25.465366963229265,2
1532,1535,-0.004396657853996156,3,25.389083462363807,25.302845432615605,3
1537,1540,0.006792848326942627,3,25.240444576886286,25.437139533178563,3
1543,1554,0.004016617945703662,11,25.704315248370367,25.833263977527366,11
1557,1559,-0.005243447732091495,2,25.81856243424945,25.709002714041972,2
1566,1573,0.00935612486728581,7,26.078451583486938,26.348523284430996,7
1576,1577,0.0008708117059236318,1,26.50321842557127,26.55280095684648,1
1583,1584,-0.0013901527289963212,1,25.90233045086656,25.89222458595379,1
1585,1587,0.0023394332917593915,2,25.90805693868471,25.99457516655055,2
1593,1594,-0.0030708226001162206,1,26.441046614449608,26.38629189754968,1
1599,1601,0.0031532334633974203,2,26.008285499206693,26.116303980867592,2
1606,1607,-0.009534188134327708,1,26.079056266740636,25.856492694194554,1
1609,1612,-0.01276524031335995,3,25.602627823252206,25.301406754258128,3
1613,1624,0.003846874261029599,11,25.278666427735942,25.40118894539769,11
1626,1627,-0.004411739869223871,1,25.284019212131707,25.197756715731455,1
1629,1634,-0.03691441043790644,5,25.07879094212648,24.1781009509445,5
1635,1636,-0.009790114085141775,1,23.99921052032166,23.7882547218947,1
1637,1639,-0.008129452647092514,2,23.709974846769512,23.540935703835714,2
1649,1653,0.030114204785431163,4,23.50901032019457,24.240474481599918,4
1654,1658,0.027741390586142563,4,24.285494346888935,24.983493225490427,4
1661,1662,0.014930263123264145,1,26.621340288243502,27.045425243729174,1
1664,1665,0.01209434446927755,1,27.0876334143929,27.442328217178474,1
1668,1670,-0.025163143028602827,2,27.300346271646404,26.64068409995423,2
1673,1674,-0.006017527091559624,1,26.85341658303238,26.71867883782608,1
1675,1679,-0.036492913083779534,4,26.612552128933064,25.66799512928329,4
1684,1686,-0.0025199496763228025,2,26.46513470904729,26.424909036112435,2
1688,1692,0.024798247595846562,4,26.599934884411404,27.286166590592845,4
1693,1694,0.003909076523096623,1,27.576249407118866,27.71162332567841,1
1698,1699,-0.004763007126769817,1,27.930422126253834,27.82531974873905,1
1700,1701,-0.00043352777075299394,1,27.812874182394808,27.828629403234675,1
1702,1704,0.004497223143515504,2,27.677671722857102,27.829822060410617,2
1705,1706,0.02356109467064995,1,28.1964525124932,28.88898825202903,1
1710,1711,0.0029595701937935124,1,30.141360047658367,30.260706878503473,1
1718,1724,0.06189701953391105,6,30.31469819973759,32.221402364571105,6
1726,1727,-0.008341127476367475,1,32.48326425397689,32.244800470239916,1
1729,1735,-0.028103758667109003,6,31.8792749982179,31.0152268221838,6
1737,1743,0.007142585229274848,6,31.155790070559984,31.409478746594914,6
1744,1746,-0.022737150913420254,2,31.191425133493045,30.513412418161657,2
1747,1750,-0.01241417079937623,3,30.47426755709449,30.126429062211923,3
1751,1752,0.00349837115827759,1,30.28074715630688,30.416961195965907,1
1755,1756,-0.005032266933167655,1,30.49197333491068,30.36902155910529,1
1757,1761,0.028866027741984424,4,30.355551975414784,31.262151732835772,4
1765,1766,-0.008849421616537106,1,30.894205817654075,30.651704170683235,1
1770,1771,0.03247905295433162,1,31.477514774972807,32.53135215899488,1
1772,1774,0.019269743487532524,2,33.486497555128715,34.16526027086706,2
1777,1778,0.005149929552949819,1,33.44965832400722,33.6553713662701,1
1782,1783,-0.009188134766356673,1,34.162974007512446,33.883242972319394,1
1786,1789,-0.005903941282429062,3,31.945276716471177,31.788618955202654,3
1794,1799,0.07408118086468826,5,32.59383216060288,35.0410155681264,5
1807,1808,-0.007012954591404775,1,34.435953067268485,34.228891245163254,1
1811,1812,-0.007141519624891517,1,33.450303275092665,33.24486758107011,1
1815,1817,-0.019677109436452515,2,33.587981219136324,32.960654818157,2
1819,1821,-0.018280911196016502,2,32.42964329899135,31.86922951302299,2
1831,1835,0.030388243241948346,4,30.781667666827914,31.747850138947125,4
1836,1840,-0.05202506115906011,4,31.629995567539503,30.016073109245,4
1842,1846,0.0073326441279353465,4,29.980156765012865,30.22997074223543,4
1849,1850,0.006012649448697305,1,30.20880731628176,30.420651092254086,1
1851,1852,-0.005878431659106135,1,30.490619513777528,30.341873110235756,1
1854,1856,0.01932206408512184,2,30.446461528024475,31.065196470362185,2
1857,1859,-0.013270801715217405,2,31.00969554044285,30.629181715216813,2
1860,1864,0.0014088683313694173,4,30.746563189903576,30.820627612270183,4
1867,1868,-0.005620939321310932,1,30.497726534763405,30.35679839100833,1
1869,1871,-0.011129368347584219,2,30.456645759892602,30.14813917635876,2
1875,1876,-0.000605500762917579,1,29.518768369093962,29.530413500695182,1
1877,1878,0.0015070963120236676,1,29.655678495618154,29.73002813780508,1
1879,1886,0.01726577461517317,7,29.78376048010902,30.327783936230993,7
1892,1893,0.0019885123202545802,1,31.701845054691088,31.796586409211834,1
1895,1896,-0.004090757025446168,1,32.087322699217474,31.98814858115711,1
1897,1901,-0.007282797477927238,4,31.88664981399582,31.6863124509649,4
1903,1905,-0.003551565415208088,2,31.92092643490851,31.839478102995795,2
1907,1908,-0.005219393948822393,1,32.05617372306491,31.92091609763541,1
1909,1910,-0.005051572959894425,1,31.781191835388288,31.65242801791481,1
1914,1915,0.003109217804547356,1,31.26995251199487,31.39844755760451,1
1916,1919,0.0009737009934608939,3,31.491852669286175,31.55400817018547,3
1922,1924,-0.004896395845537085,2,33.19149305778617,33.06216586212864,2
1925,1931,-0.008071222883180254,6,32.75835260745566,32.526710994882535,6
1934,1939,-0.02162833892644208,5,32.38307150752219,31.71506253298581,5
1942,1943,-0.003975640402307607,1,31.518649436516213,31.424861269826746,1
1944,1945,-0.001134351066044143,1,31.50263356810925,31.498401155706176,1
1947,1948,-0.00245555461061073,1,31.405371633045185,31.359659399566763,1
1949,1956,-0.023741244245841217,7,31.32984707365282,30.61736736916603,7
1959,1964,0.054978382812177325,5,31.367917864288664,33.12384317851675,5
1969,1973,-0.004829923817871187,4,34.42479746037335,34.29295310865447,4
1975,1979,-0.0032118476349557923,4,33.87105592236777,33.79613830743243,4
1980,1982,-0.007131723805860274,2,33.7638379666665,33.55680743762908,2
1983,1986,-0.007101705741018269,3,33.34959403371253,33.146104624336395,3
1987,1990,-0.00401532864646929,3,33.392127556942214,33.29143931815321,3
1991,1993,5.122233836788001e-05,2,33.36680462068912,33.40188055106635,2
1994,1995,0.00424768037284657,1,33.61845916886906,33.79487809721488,1
1997,2000,-0.01876718287324992,3,33.823334649210395,33.22238927711474,3
672,675,0.002386680474803939,3,26.998922073543213,27.090358795770435,3
676,684,-0.029107495900933467,8,26.954178103809273,26.196563653243423,8
686,696,0.03198304964193744,10,26.089597624138655,26.950112117713793,10
697,699,-0.0028014042440962323,2,27.09596310778971,27.047152324849463,2
701,703,0.005298745823589079,2,26.952337970388754,27.1221038966157,2
704,707,0.00806418874676194,3,27.433766791750067,27.68243163198514,3
708,709,-0.0023769298150115963,1,27.708515106380542,27.670362425800867,1
712,715,-0.0035398199575837745,3,27.351099745324532,27.281632876329493,3
717,720,-0.013594901461167493,3,26.93194992043165,26.592744665026714,3
722,725,-0.014385137438661738,3,26.82481806578029,26.465764189202723,3
727,731,-0.015200235757102668,4,26.352805172925756,25.978589126609215,4
732,733,-0.003558111093377327,1,25.977063387211643,25.91061117318745,1
734,736,0.012451407641285245,2,26.198444602496256,26.550850560412062,2
740,744,-0.0062378836443167255,4,26.36834247868664,26.230228168889784,4
748,751,-0.002317387704602958,3,26.323743042869655,26.28906446744585,3
753,754,-0.005009055511021331,1,26.26885219490655,26.163538908246355,1
755,756,0.0013795432010146858,1,26.298991915043864,26.361571502448847,1
759,760,0.0015570399690822633,1,26.466525749404823,26.534201713588796,1
761,763,0.002856436530659878,2,26.739716746896608,26.842836767378838,2
764,770,0.0019472191702380177,6,26.974412467994053,27.053911973525633,6
772,781,0.021975274889221456,9,27.15694095192619,27.78087913544705,9
782,783,0.0007105122810773564,1,27.7615138091634,27.809000219475273,1
784,785,0.0015658353398680935,1,27.929906005888657,28.00156954575776,1
787,788,-0.0005675202789201304,1,28.223299737717266,28.235505742515787,1
789,796,-0.020833928653119373,7,28.182296076940805,27.623330427269675,7
799,802,0.0013532486366763592,3,28.045896058607536,28.11189502527182,3
803,804,0.00452428403829295,1,28.22004057186477,28.375936091555904,1
805,806,0.0006185787351636368,1,28.500342074195228,28.54647212182141,1
810,815,-0.0020153157264032554,5,28.61481277386187,28.585759704444484,5
820,821,-0.002178558467682408,1,28.492731108914285,28.459150759398476,1
823,827,7.899897873694614e-05,4,28.440345567069834,28.471032670891628,4
833,835,0.007058601078822173,2,27.969047130741956,28.19443852412338,2
845,855,-0.018994713640483694,10,28.603867108511942,28.08914871088382,10
858,860,-0.00734820474181847,2,28.026710984419918,27.848791684851047,2
865,866,-0.005885034865231461,1,27.82168606140667,27.685776154987174,1
870,872,0.002671733887807056,2,27.796766042312964,27.89882837016197,2
875,878,-0.008874229444210527,3,27.779103454705425,27.560364420348613,3
881,883,-0.0064039976962892075,2,27.279161658905345,27.13174513214392,2
885,888,0.0025210742412178563,3,27.12933780757092,27.224862220106456,3
890,891,-0.0015990319420522816,1,27.089469631745946,27.073242174143274,1
897,899,-0.004671014232218209,2,27.431316018470763,27.330615266958482,2
905,906,0.0006134434084320572,1,27.577618953969843,27.622113881491376,1
907,909,0.004906298750241586,2,27.60287497793868,27.765905803923953,2
911,912,7.47654717071426e-05,1,27.902203044748887,27.932191369165945,1
914,915,-0.007771691751716948,1,27.7368816266969,27.549056014167046,1
916,926,-0.0154599380994332,10,27.49484674402101,27.097272962049065,10
928,933,0.002476325362890901,5,27.220089073996498,27.31471496002458,5
937,941,-0.009902662520379756,4,27.265873476387593,27.02313460650394,4
943,947,-0.019760860404935177,4,26.771813485300612,26.269551229715926,4
950,952,-0.005422488090970817,2,26.750340972743928,26.63203790836256,2
956,959,0.0018060099940619082,3,26.72236726101358,26.797350490612978,3
960,963,-0.008765339398259684,3,26.814056407976217,26.605836159324202,3
964,966,-0.006686073415765814,2,26.55417763334184,26.403188629823372,2
968,971,-0.00870212747527491,3,26.474011835758233,26.270105621817287,3
972,974,-0.002411500340489677,2,26.218368588109673,26.181361351920472,2
977,980,-0.004317371780156942,3,26.182093255612244,26.09523751830064,3
982,983,-0.006710264728229758,1,26.043054258094354,25.894341523948984,1
984,990,0.01848467420222112,6,25.757576211061416,26.25945419177283,6
994,995,-0.0030698510517397515,1,26.373839876912637,26.319249956704994,1
996,1000,-0.003649503965247412,4,26.220598331247597,26.151126751997797,4
1001,1002,-0.005555162860659514,1,26.08220410644578,25.963395418975956,1
1004,1012,0.012227317747039654,8,25.992344751169277,26.33615375418359,8
1013,1014,0.005242503312896091,1,26.464537555999986,26.62974251936758,1
1015,1016,-0.0003962225538241441,1,26.84732977943939,26.863539591650262,1
1020,1022,0.007146019317883358,2,27.405027186237373,27.62826906710358,2
1028,1030,0.003241013868655063,2,27.591789839581114,27.708807002951794,2
1031,1032,0.0030284923298488043,1,27.814921719897338,27.92697391870129,1
1038,1054,-0.022198161580201187,16,28.396785446196702,27.79482579994992,16
1055,1056,0.005253300519753234,1,27.913229959992133,28.087779775408944,1
1059,1060,0.00813733630341204,1,28.421568590373056,28.681266020853787,1
1061,1062,0.010606680021245915,1,29.07823338469749,29.415735135176785,1
1063,1066,-0.008114542759322973,3,29.52362374091678,29.313576657401864,3
1069,1070,-0.00945950566978776,1,29.37406187504182,29.12557183206521,1
1071,1074,-0.01154401465268342,3,28.97085097578848,28.66538189859906,3
1079,1085,-0.016882191936317296,6,29.14935422559916,28.686398586968494,6
1090,1092,-0.008015094654056438,2,28.56217716707493,28.361810790721968,2
1093,1094,-0.0066054475819555735,1,28.28135124467854,28.12282161272962,1
1097,1098,-0.008159825735774714,1,27.920245484976824,27.72034139280434,1
1100,1102,0.0003166769457407467,2,27.809420215565712,27.846036238037964,2
1105,1108,0.00569052218403463,3,27.94975853070922,28.136757010197343,3
1110,1111,-0.0037183861598496506,1,28.279928284960146,28.20305251930877,1
1115,1116,-0.00952639663435751,1,27.28818181888249,27.055511957264233,1
1118,1119,-0.0009851377124332629,1,27.166785831329026,27.167189591912315,1
1120,1122,0.007634004867977519,2,27.180568108780616,27.415245266146222,2
1123,1124,0.0023797313166617567,1,27.497467631811144,27.59040168429527,1
1127,1128,0.0003820871163136338,1,27.581799927669472,27.619920377994244,1
1130,1134,-0.004981173683685786,4,27.67360029430133,27.56342688507682,4
1135,1140,0.008675695439959927,5,27.578762461012854,27.845606167196614,5
1145,1146,-0.0030844080375922603,1,28.25666820618856,28.197769779864004,1
1147,1150,0.004912391738532497,3,28.318239491165187,28.485668016382537,3
1154,1156,-0.0037046036160756466,2,28.717135763987628,28.63946729475701,2
1158,1166,-0.02020125598415115,8,28.43062679801587,27.8847230550773,8
1173,1175,-0.01935484062168988,2,27.71694411835885,27.20820402654609,2
1176,1179,-0.013378413021119414,3,27.199911032808977,26.863219299907165,3
1181,1182,-0.005564768405497436,1,26.731883310695213,26.609858454339108,1
1185,1186,0.0011329056744088573,1,26.644775316677094,26.701606109143384,1
1188,1191,0.005188893037880621,3,26.825464391769533,26.99148432158167,3
1194,1203,-0.005809107812016046,9,27.039628560474952,26.90959207153076,9
1210,1212,0.005991674322899302,2,27.418561062226804,27.61026271157642,2
1218,1219,-0.0011331461887627084,1,27.681810494015433,27.678124766450104,1
1221,1227,-0.0157316373822285,6,27.960462858136204,27.548559458270873,6
1228,1230,-0.001052376074083294,2,27.607241045160134,27.605795086257917,2
1231,1233,-0.0029121987633573725,2,27.715952563276822,27.662954153060053,2
1238,1243,0.001230393336865899,5,27.535400543231397,27.596815317130954,5
1245,1249,-0.0247382707579941,4,27.606764884770996,26.95142802518402,4
1252,1254,-0.002508439071669104,2,26.6492123563428,26.609013643195286,2
1257,1266,0.013860080321417972,9,26.43238814483332,26.82517555575244,9
1270,1271,-0.009311341537386657,1,27.142192117189065,26.916604088429743,1
1274,1275,-0.004525878043479644,1,26.698715384165105,26.604578969802965,1
1280,1283,-0.016932803120886422,3,26.6056928538754,26.18178958773983,3
1286,1287,-0.0009007135632721209,1,25.99546555967352,25.99804655682002,1
1288,1296,-0.006675500502699147,8,26.081970842573348,25.93394260394494,8
1302,1303,-0.011629586810303471,1,25.75466331626106,25.480901886770724,1
1307,1308,0.006144624460470367,1,25.38327564682409,25.56462961889725,1
1309,1311,0.00474405795363263,2,25.63812549445746,25.78539237312013,2
1312,1314,0.012403144024226764,2,25.943237252706126,26.29095819805883,2
1317,1321,-0.024004352221558074,4,26.32633332656607,25.7207130820196,4
1323,1325,-0.011551778655505034,2,25.617223978872925,25.346916701679362,2
1328,1330,0.002944299456680636,2,25.39160706887371,25.491759170839718,2
1333,1335,0.001250393618755452,2,25.920585846305464,25.978917367288393,2
1336,1337,-0.001752332289204614,1,26.141613626188192,26.1219464461653,1
1339,1340,0.00027453816966828176,1,26.18533227266021,26.218706478127164,1
1345,1346,-0.0026441776288854387,1,26.420408153839805,26.37696830980724,1
1347,1348,-0.0046165650748494665,1,26.402325020976456,26.306839294410768,1
1349,1350,-0.0036626736101519324,1,26.310902189988322,26.240844845067752,1
1353,1358,-0.003841917329224238,5,25.816676366435612,25.743307506486865,5
1359,1362,0.002049955515266014,3,25.78140994313586,25.86004209658326,3
1364,1369,0.008444161687869323,5,25.850875160546348,26.095015005335473,5
1374,1378,-0.0033552449069887426,4,26.69100268986383,26.628138841716105,4
1380,1383,0.0020188671020589357,3,26.55532122743648,26.635488213074595,3
1384,1385,-0.004670746083528938,1,26.68779981549357,26.589835678842842,1
1386,1392,0.00705508824030466,6,26.598467439548454,26.812720441830887,6
1393,1395,0.007875493371792424,2,27.028040405963512,27.26792759943918,2
1397,1400,-0.00187608857843059,3,27.291083498419727,27.267174091873766,3
1401,1406,0.0031459747963759046,5,27.330158124616325,27.443468271381953,5
1410,1416,-0.0033254881236889316,6,27.200472421624447,27.13721804604923,6
1417,1418,-0.0028687297014201602,1,27.152798035829697,27.10205679566348,1
1420,1421,-0.003636643124389042,1,26.966147770880987,26.895047662769635,1
1424,1427,0.012081959731180831,3,27.400126102481785,27.75857344878373,3
1431,1435,-0.001716007717530927,4,27.936170136238747,27.916167622822943,4
1438,1439,-0.0006799688500739255,1,27.850445685305864,27.859358695464486,1
1442,1449,-0.016611570549218024,7,28.071985559480613,27.63373777646215,7
1450,1452,0.0018513833819939918,2,27.56165995660957,27.640248815790017,2
1455,1460,-0.01975564702624738,5,27.938723149699555,27.414714319939744,5
1461,1463,-0.013624465497595929,2,27.48079852917077,27.133868136292868,2
1465,1474,-0.0026373326921375864,9,26.980225391394587,26.936049786320016,9
1476,1480,-0.009412686658451228,4,26.576010679046615,26.352435028572142,4
1482,1486,-0.00813437018157779,4,26.13475995347812,25.948304901363333,4
1490,1499,-0.018958625643693737,9,26.07615151382304,25.607859670558053,9
1501,1502,-0.00016344629973593717,1,25.68712533532191,25.70861399507032,1
1503,1510,-0.0013394441240196819,7,25.790399247544688,25.781644848063987,7
1511,1515,0.002910135808893305,4,25.754165467951502,25.854867752575903,4
1525,1530,-0.01505333385644314,5,25.893005496344987,25.529122445558134,5
1534,1536,-0.0033214009768841677,2,25.36523545725753,25.306352574888155,2
1539,1541,0.004837511497994614,2,25.40442416723138,25.552722785407525,2
1545,1547,-0.003443994758721179,2,25.74964109945265,25.686709111566635,2
1553,1554,-0.003519944080447707,1,25.942593729855997,25.877219844354986,1
1557,1565,0.006051299073467081,8,25.802525229357766,25.984466551600647,8
1566,1573,0.011813066198790561,7,26.04219749467132,26.375877895132522,7
1578,1580,-0.010668043566163191,2,26.44049900274208,26.184871106472475,2
1581,1584,-0.006020000606783534,3,26.03757112338628,25.90686250054771,3
1587,1588,0.0007852422682851821,1,26.032861523466735,26.079336488222843,1
1593,1596,-0.0065496197670787985,3,26.42174468848012,26.275114051876223,3
1597,1599,-0.008740027320511323,2,26.186482553194654,25.983798462804835,2
1600,1601,-0.0016854859055745147,1,26.075909678463702,26.05803500990408,1
1608,1610,-0.014850884624604332,2,25.808523657534106,25.45105277402223,2
1612,1613,-0.0013160649182845734,1,25.290353393022553,25.282359999544,1
1614,1617,0.005692613033874974,3,25.298544606814303,25.467857976187936,3
1619,1621,-0.002974376764360188,2,25.607153031481037,25.556594863534265,2
1622,1632,-0.0363225435325713,10,25.578271500973624,24.674781892392556,10
1633,1636,-0.026669199298042585,3,24.373962408753155,23.748302309999872,3
1638,1641,-0.018090659414829763,3,23.69124421967147,23.286345233599512,3
1644,1645,-0.016670359563518575,1,22.68230768210596,22.326867764997,1
1649,1650,0.0117450149017766,1,23.525446293845047,23.825278457431047,1
1651,1653,0.010704626857894892,2,23.955453716678814,24.23584336364411,2
1654,1657,0.026323344933749184,3,24.275736360002963,24.93903067808808,3
1666,1667,-0.010936473193725527,1,27.81487034491411,27.53848863134492,1
1670,1671,0.009349366004093428,1,26.72683626280694,27.003442073422207,1
1672,1674,-0.015012075335097935,2,27.12739069826695,26.7472796561582,2
1676,1678,-0.025396482955609097,2,26.425115811435845,25.780435923942154,2
1679,1683,0.025317598244286917,4,25.631436354104686,26.305994198496023,4
1685,1687,-0.0010745665844593111,2,26.50024437395482,26.49826834124452,2
1692,1696,0.02395390930366789,4,27.281802622825207,27.962590251115756,4
1697,1703,-0.017788318461595887,6,28.11123035258203,27.639290065075603,6
1705,1709,0.06674760121168168,4,28.17980857099466,30.088923004283934,4
1712,1714,0.0011354101743252711,2,30.60997271400704,30.67533756117635,2
1716,1718,-0.016314652775795323,2,30.72590086826015,30.25534436523924,2
1720,1722,0.03878324017418906,2,30.79342521019157,32.01848744111455,2
1725,1726,-0.0017001036332019593,1,32.41393271772552,32.39123960566348,1
1727,1728,-0.013668396814507093,1,32.31156919215468,31.90223341192906,1
1729,1732,-0.01849095482878908,3,31.893952888381627,31.336097199099417,3
1735,1736,-0.005552624354083719,1,31.007672248308417,30.866505964467322,1
1740,1743,0.009693463090933607,3,31.029798612531824,31.361614618714036,3
1749,1757,-0.000643326288903517,8,30.350352151969425,30.361177324704553,8
1761,1762,0.001639259376272858,1,31.326749939588222,31.409429358094435,1
1763,1764,-0.006934682249537101,1,31.33352555153372,31.147571033627617,1
1766,1768,-0.013568581140386483,2,30.707873990319722,30.321919584423625,2
1769,1771,0.06466840707543815,2,30.558549096461658,32.565280338162864,2
1775,1779,-0.008188119755693562,4,33.83406579355127,33.590862476805206,4
1780,1782,0.01638723904904435,2,33.517001289692125,34.09976940332313,2
1784,1789,-0.047270050935933124,5,33.39188439272658,31.846840201028332,5
1795,1797,0.03530043295058865,2,32.7474452751323,33.93619171664531,2
1798,1799,0.006742506748042562,1,34.799669975006196,35.069106654617336,1
1801,1803,0.0029119214784333403,2,34.92764377892742,35.06427797881727,2
1809,1813,-0.02184139634374227,4,33.84395608718295,33.138600784529764,4
1816,1820,-0.03457209608791452,4,33.37523185562262,32.254755364809235,4
1821,1827,-0.06509029429853133,6,31.924752363711324,29.87868558931333,6
1831,1833,0.024588938907844495,2,30.74878127611334,31.535609961678478,2
1837,1838,-0.014350887464985241,1,31.249282106471387,30.83207645770631,1
1839,1845,-0.017750262427923116,6,30.422845946868083,29.913255293453766,6
1846,1849,6.035741837052229e-06,3,30.189897616552294,30.220269732596947,3
1854,1855,0.013853927024868887,1,30.461628591725784,30.91410339988594,1
1856,1858,-0.010878153973265556,2,31.107152009460957,30.799870772241725,2
1864,1867,-0.013201590581962328,3,30.86601049259441,30.48939606966522,3
1868,1869,0.0033362218112920373,1,30.33018019511559,30.46169858401807,1
1873,1878,-0.00021287316413486296,5,29.78025888828083,29.803699729230807,5
1880,1881,0.005409697067572113,1,30.02990554086358,30.22238813834832,1
1884,1885,-0.00045609884794188104,1,30.344011628864557,30.36051577174756,1
1886,1887,0.008086192303840386,1,30.335071584727537,30.610701878697135,1
1888,1893,0.02360128123534006,5,31.056695535552844,31.82073003666331,5
1894,1897,-0.005311912321023642,3,32.02490602580415,31.88681743893186,3
1898,1904,0.0016089491210614084,6,31.75232349436298,31.835163690835255,6
1905,1908,0.0043299728745585225,3,31.772830218566988,31.942178541779903,3
1912,1919,0.00871506312368691,7,31.224155735450122,31.52750037940385,7
1921,1922,0.016881996511843193,1,32.49685734787186,33.07796603761237,1
1923,1925,-0.014312918125394435,2,33.18102022525355,32.73928401967769,2
1927,1936,-0.011530748392917421,9,32.5803213288931,32.237226162418125,9
1938,1939,-0.008575089938650731,1,31.88677137128054,31.645226210289895,1
1941,1942,-0.001677683113815942,1,31.599234598101376,31.577820330404734,1
1945,1949,-0.009023056436264887,4,31.563015035895408,31.30978318496374,4
1959,1961,0.021195786261402623,2,31.239111848477137,31.932488498061986,2
1965,1968,0.02434375444043621,3,33.20783584767083,34.04944708489251,3
1973,1976,-0.012068097010278597,3,34.25073514225589,33.871644683028045,3
1980,1981,-0.003250523365114162,1,33.749036930583266,33.67308393442089,1
1983,1988,-0.00046026194921109623,5,33.3879532705698,33.40597401938789,5
1990,1991,-0.004972906030346601,1,33.36963591359685,33.23706148584525,1
1998,2000,-0.018063848485815683,2,33.79141560124763,33.21480400530671,2
672,673,-0.003003112268565873,1,27.048140606958565,26.99396014466687,1
674,677,-0.010953417172503317,3,27.105129491776584,26.83534083043021,3
680,683,-0.010750611186227513,3,26.483045844352628,26.224819961297307,3
684,686,-0.0048900097001941395,2,26.201656268052602,26.099731571008725,2
688,689,0.0007416654048754332,1,26.23770041344755,26.283397708561136,1
690,692,0.004574259805356217,2,26.477042565658135,26.62463247979659,2
693,696,0.008968612974113617,3,26.678377074338908,26.944323490170458,3
703,704,0.005876648798826538,1,27.13869828401336,27.325321580969835,1
708,712,-0.018675691842290613,4,27.77148272251738,27.280602551910665,4
714,718,-0.0226431569549453,4,27.41375127260239,26.820431151085625,4
721,722,0.002431344461132591,1,26.76142639882974,26.853254071075373,1
726,729,-0.010320099142375735,3,26.382972727102732,26.13708080561554,3
730,732,-0.006305106640367713,2,26.067114122263906,25.92882530203866,2
733,735,0.012097791171829117,2,25.947869673769972,26.28772945211085,2
737,740,-0.009645153604824864,3,26.57773098171807,26.347962414913404,3
742,745,0.0040203133746218745,3,26.25161157055826,26.383402887231313,3
748,752,-0.006333429802247094,4,26.36511667471784,26.224500175705177,4
754,758,0.003011033822990181,4,26.225916850670238,26.331109890197204,4
760,765,0.011712452398925804,5,26.5472227948593,26.88470310096263,5
766,769,-0.001337351045896086,3,26.965656041124095,26.956559148855348,3
770,772,0.0038322575662595457,2,27.044200510899387,27.17488505344162,2
774,784,0.021484058425068,10,27.288374835661397,27.901928249791563,10
786,787,0.0014510816664120348,1,28.15988760426822,28.228909788503266,1
788,790,-0.008547284716881456,2,28.226793583874326,28.013757936052183,2
791,795,-0.00831357698113687,4,27.848112762788016,27.644443446317986,4
798,799,0.0010089817537627596,1,27.96800292682448,28.024190134393653,1
802,804,0.005212284999657359,2,28.16086667572077,28.3358100053477,2
806,807,-0.0037834183512716717,1,28.561431850382867,28.481933436831916,1
812,813,-0.003489740704254398,1,28.65123626289769,28.579902113746744,1
816,817,-0.004472137294843702,1,28.531118520168665,28.43205455949118,1
820,826,-0.0005980962480054673,6,28.52107517044479,28.53253789756671,6
830,832,-0.011325707247347057,2,28.192798177905708,27.901687597437114,2
833,836,0.015871292527254978,3,27.90043548004741,28.371151888669093,3
840,844,-0.005518337728789892,4,28.752096452749594,28.62218477056533,4
845,852,-0.018360865398597354,7,28.609369566720158,28.112686152533602,7
853,855,0.0017169340148166278,2,28.120269766465867,28.196670683900198,2
856,857,-0.0038611413491750736,1,28.113944694276086,28.03350672462287,1
860,862,-0.004547299644307618,2,27.820151382265095,27.721464969162202,2
863,864,0.0017793099976116606,1,27.801442679418088,27.878711507005022,1
865,866,-0.005330992127981884,1,27.819737409673255,27.699250345949437,1
882,883,-0.0018783757678887615,1,27.153012413559576,27.129161865430323,1
888,891,-0.010136978711315917,3,27.297518771210992,27.04810192332669,3
894,895,0.0021607392456835144,1,27.012767345757673,27.098147659641928,1
897,898,-0.0046960497241276865,1,27.392622671658216,27.2913781761895,1
899,900,-0.0018330591844432564,1,27.300952702005624,27.278209392613167,1
903,909,0.010468595237027922,6,27.505924792036247,27.82137911009624,6
912,913,-0.0032957366670184553,1,27.914817152791745,27.850732083500965,1
914,915,-0.006941046538922654,1,27.748720732052647,27.583864290787954,1
918,920,-0.0026477480056579204,2,27.315705786907852,27.270696387174336,2
922,928,-0.0027127174184186677,6,27.25190757672718,27.205232759935384,6
931,932,-0.003239920304633157,1,27.298294895972667,27.237148890953314,1
934,939,-0.009807090188952598,5,27.368230477803127,27.127196003673074,5
943,945,-0.0096368751139905,2,26.763694989690883,26.53254029847599,2
946,949,0.010869110000781664,3,26.368697263441526,26.681670231838623,3
957,960,-0.0012646146294159155,3,26.786363265857386,26.77927520226839,3
963,966,-0.012521896410125084,3,26.679360166174003,26.37196334205093,3
983,984,-0.006654131904400935,1,25.917550771229273,25.771009520529734,1
987,988,0.001458406312506242,1,25.933378223250493,25.997133003979144,1
993,997,-0.004793006513064102,4,26.340654518952526,26.240744244803768,4
1003,1010,0.005789545456618341,7,25.98673377123703,26.163171881445884,7
1012,1013,0.004244610434622882,1,26.369875133270227,26.50817485555388,1
1017,1018,-0.0002111558581434159,1,26.962752531478568,26.984021940861354,1
1023,1026,-0.0034484940830185502,3,27.649352312118427,27.58165303658291,3
1028,1034,0.018575188467622347,6,27.618348843312674,28.15898322708506,6
1040,1041,0.0008767000133388793,1,28.37121307413924,28.42445733009392,1
1043,1048,-0.017367472900536616,5,28.466627759843593,28.00070100141469,5
1053,1055,0.0009540123508841704,2,27.852223359773404,27.906646948217986,2
1059,1061,0.02472310831763389,2,28.364244454562744,29.093860987015308,2
1064,1068,-0.007950869196569847,4,29.52604804726495,29.320816349396775,4
1069,1070,-0.008168381738980716,1,29.32714486381823,29.116916694119993,1
1075,1076,0.00010719886327768412,1,28.65030919710227,28.682030786877856,1
1079,1080,-0.001227291106971182,1,29.133102889881954,29.126481194676607,1
1081,1083,-0.007851341186434612,2,29.25699089460503,29.05654126789768,2
1087,1090,-0.00041878521087660564,3,28.483954521962445,28.50050981758333,3
1093,1094,-0.007782224280410543,1,28.299869038431428,28.10793297950654,1
1095,1100,-0.00993233313568824,5,28.050901185837084,27.800341191688915,5
1101,1106,0.003845979867286072,5,27.834269347530302,27.969153656409052,5
1107,1108,0.005523691850303833,1,27.99677163842735,28.179413949399777,1
1110,1111,-0.005969205604928605,1,28.26118878727047,28.12075312954682,1
1114,1117,-0.021754399416174963,3,27.65790406786357,27.08388087982488,3
1118,1120,-0.0019760583521097625,2,27.199587663659063,27.173039278946007,2
1121,1124,0.007000212694686971,3,27.317398208283606,27.535943204215336,3
1125,1130,0.0010671451904099975,5,27.55411980660725,27.61107817284146,5
1133,1135,-0.0009078635812011034,2,27.591903471072655,27.594445690246324,2
1137,1140,0.0019259913194915718,3,27.763913619959453,27.84515059020657,3
1144,1146,-0.003216291818003403,2,28.23095941002253,28.16839136566771,2
1148,1149,0.0012631019898586508,1,28.40349646557526,28.467776474945445,1
1152,1154,-0.0027010463277291723,2,28.69176464390357,28.64295862301999,2
1155,1158,-0.008498354182714257,3,28.650328764757504,28.435498452228146,3
1160,1168,-0.01739510099027809,8,28.302519458417283,27.83849679361722,8
1172,1177,-0.024174841400329137,5,27.722022625683824,27.079569148037265,5
1178,1184,-0.010925139985391685,6,26.913044928266896,26.64592918992071,6
1189,1191,0.004580901539774029,2,26.88648699137672,27.03653782802601,2
1198,1199,-0.001847495625210754,1,26.881780678470527,26.858998486947648,1
1201,1203,0.00010793101242629103,2,26.86826529761467,26.898033481987994,2
1204,1206,-0.005650704898083014,2,27.036681639756765,26.910942012026837,2
1207,1210,0.012477960304298357,3,26.988731891733106,27.352484948833236,3
1211,1212,0.0004611357902838803,1,27.54222733215318,27.582470266252322,1
1216,1217,-0.0024419881764504766,1,27.507919011503336,27.46825291752999,1
1218,1219,0.0021538975183844956,1,27.61654701218636,27.703646771274443,1
1225,1229,-0.014107132964984889,4,27.907195808986938,27.541412482838677,4
1231,1234,-0.0015527995356737173,3,27.73775283435084,27.722419417463378,3
1237,1240,-0.008301974140968223,3,27.602326227802525,27.400774755456542,3
1241,1242,-0.002623585193751929,1,27.511546497527387,27.466879157976784,1
1246,1248,-0.021652232305458506,2,27.54612948552582,26.9772404202745,2
1249,1252,-0.009853346934679971,3,26.912844892591448,26.674576139758106,3
1255,1256,-0.008083048825266122,1,26.60870802164098,26.420237243546445,1
1260,1267,0.018585458054036712,7,26.461048281521908,26.979300032705495,7
1269,1270,-0.0026447675553742684,1,27.13723530723341,27.092600863057516,1
1271,1283,-0.028669551960035677,12,26.967716970918413,26.22153232494805,12
1285,1288,0.0019746711690977717,3,26.0250812684638,26.102497327386526,3
1291,1295,-0.008130433612586647,4,26.200049902502112,26.013232186025864,4
1297,1300,-0.004360404629828342,3,26.024946116748495,25.93749176732674,3
1302,1303,-0.010276188925265366,1,25.7191733263069,25.480597415530433,1
1305,1308,0.012011394900148416,3,25.17151222722753,25.499028713049903,3
1312,1318,-0.00024253952839898695,6,25.965549858019113,25.985217735659948,6
1319,1320,-0.006856977359967437,1,25.819183993363932,25.667961617261966,1
1323,1324,-0.005183432410695567,1,25.579299249210383,25.472289979688355,1
1327,1332,0.017219541475679404,5,25.365873356659232,25.828027938347716,5
1334,1335,-0.0008209084280894723,1,25.971581145231596,25.976232436523897,1
1341,1342,0.0024669797692175857,1,26.31229758060603,26.403521783999626,1
1343,1345,-0.0007160680710874188,2,26.466234700239855,26.473749309309348,2
1346,1356,-0.029513173782320167,10,26.386687848974542,25.634319632796895,10
1357,1364,0.0035142246948949773,7,25.71048765199547,25.826550570271902,7
1372,1373,0.005630530727374914,1,26.362386208401098,26.537182820202826,1
1374,1376,0.003946635914247982,2,26.621907189428782,26.753596071637787,2
1378,1379,-0.005006723179247212,1,26.642127754850552,26.535380124030727,1
1381,1384,-0.000287342650642727,3,26.641875078172216,26.660861606247334,3
1389,1391,0.0030955530387235903,2,26.52245105017051,26.631075155163433,2
1397,1403,0.007382070114277445,6,27.240569392231176,27.468901754829698,6
1404,1405,-0.0027970362271116074,1,27.50323517209784,27.45381086213081,1
1407,1408,-0.0003921851226692788,1,27.305943985717864,27.322540944711943,1
1409,1415,-0.0074815944641547635,6,27.246603438730435,27.07000200471494,6
1416,1422,-0.005570252225687054,6,27.18657439060093,27.06232488848348,6
1423,1431,0.026687648853627673,8,27.22582309662943,27.97964212627989,8
1441,1443,0.0008282937060610834,2,27.97383048255432,28.024974860759993,2
1447,1449,-0.003352370760632238,2,27.64057955948911,27.57555866832644,2
1450,1460,-0.0069087696025504864,10,27.626999388254987,27.463757814059985,10
1469,1475,-0.010025934846047455,6,27.03248946818618,26.78849597951987,6
1479,1481,-0.001899800771690452,2,26.376200198833192,26.35246687354002,2
1486,1487,0.00414647738655269,1,25.91637847331987,26.049756529074152,1
1488,1492,-0.008341892919921774,4,26.02802865992019,25.8369336605824,4
1498,1505,-0.0008238962848394574,7,25.60280798868671,25.60731673829206,7
1511,1514,-0.00040516473895070484,3,25.749103055218622,25.76441952965626,3
1520,1522,-0.00018653311974392746,2,25.797083943007397,25.81806901640222,2
1523,1526,-0.0009507308327046712,3,25.878258153921227,25.879533154151524,3
1531,1540,0.002472639242363382,9,25.37224369584372,25.460352344968715,9
1542,1543,-0.0001222897992184908,1,25.646369364980796,25.66887944498545,1
1550,1553,0.007707924860628291,3,25.737287214667962,25.9614055778497,3
1561,1564,0.004264109711299898,3,25.753485795980406,25.88905497065885,3
1566,1569,0.0021502490982746787,3,26.059481589035936,26.141575447413302,3
1576,1578,-0.0034273847706183936,2,26.508220027804295,26.443874378212602,2
1580,1582,-0.014477829157277518,2,26.23954818381102,25.885896036225464,2
1584,1585,-0.0014776999740009809,1,25.93415312565635,25.921764381382488,1
1588,1595,0.009093287986641541,7,26.164969220548368,26.429059790052975,7
1596,1597,-0.005225532123185756,1,26.24280473811295,26.131914923689564,1
1598,1603,0.004331738291682942,5,26.0655199945007,26.204494525548007,5
1609,1613,-0.012814453054439439,4,25.6018959757106,25.299423577600926,4
1614,1618,0.00618800210362068,4,25.33626878553939,25.518385938867745,4
1620,1627,-0.013653391377034717,7,25.570753388123798,25.24719663769823,7
1631,1634,-0.028235899711000177,3,24.859220818559276,24.182157573451388,3
1638,1640,-0.01747755380751013,2,23.76374842870892,23.372179985306733,2
1643,1645,-0.026118508604579902,2,22.906446866752685,22.331071084029805,2
1648,1650,0.04289854170590203,2,22.811187765849184,23.812565643349476,2
1654,1657,0.02620617191976499,3,24.256004248343533,24.915917270010517,3
1658,1659,0.0157415630111708,1,25.05100107726617,25.47039399029413,1
1660,1662,0.03811583659603005,2,26.044639272868324,27.063397126868388,2
1665,1666,0.008173100625447825,1,27.530094142880806,27.782630466681503,1
1667,1668,-0.011369045816728374,1,27.558429264572084,27.272674648890668,1
1669,1670,-0.004527933979346066,1,26.819430797173634,26.724813615957565,1
1679,1682,0.020431572984429713,3,25.673851596894693,26.22408262118496,3
1683,1689,0.011373969463756625,6,26.378397614992767,26.70480310158352,6
1691,1692,0.005698161956293039,1,27.132249744721896,27.313985947750634,1
1693,1694,0.0034123652862460404,1,27.559239013294043,27.68084044283166,1
1696,1702,-0.010529463022481284,6,27.945903783873426,27.679594327135185,6
1703,1708,0.07711557477559718,5,27.652390112057322,29.81247245957972,5
1712,1715,0.00788649658704545,3,30.560910086748777,30.832489509931673,3
1716,1722,0.04119342751225905,6,30.765435922407946,32.063535112883116,6
1724,1729,-0.013391403332514075,5,32.274628674586566,31.87470073327264,5
1730,1731,-0.009070910308532295,1,31.945410289955102,31.68758174873561,1
1733,1736,-0.010255230754250024,3,31.206349566628614,30.917527600391676,3
1738,1739,-0.006116967119507311,1,31.270119898460628,31.110111723117154,1
1746,1748,-0.005531935863187491,2,30.49669205281437,30.358483000391637,2
1752,1753,0.0013981995220549576,1,30.39661647429417,30.46951362539491,1
1754,1756,-0.004940977821309189,2,30.502397515663123,30.382188243557138,2
1757,1765,0.012277720937838695,8,30.44088930321783,30.845074936485595,8
1767,1768,-0.005087622817893933,1,30.438086412142635,30.313666995591333,1
1769,1771,0.06150277901610497,2,30.628140975981164,32.542484903077025,2
1773,1777,-0.01445999765422177,4,33.89857378355531,33.44229905994719,4
1778,1780,-0.006482199375745802,2,33.65072922083242,33.46624921410458,2
1781,1783,0.010861559472803355,2,33.498184642435135,33.89552535180233,2
1787,1791,-0.02656443816465787,4,31.906944344837292,31.09126123911052,4
1799,1800,-0.003137598925324502,1,35.12439482812651,35.049312959489235,1
1801,1802,-0.004087558579714363,1,35.02694079726693,34.91879306568718,1
1803,1804,0.005093254444559211,1,35.099412781170386,35.31328243410067,1
1805,1806,-0.00935219288925607,1,34.93480301226362,34.64302079895703,1
1808,1809,-0.013718291432831178,1,34.23315128468419,33.79776408998138,1
1812,1813,-0.005618325548460576,1,33.30348722039135,33.14968087450858,1
1814,1816,-0.0007196004194811227,2,33.29418656379013,33.30352223973633,2
1820,1823,-0.027870991432081646,3,32.216993334218934,31.351290782367705,3
1825,1827,-0.023223332916884547,2,30.625709759227515,29.945104415432322,2
1829,1833,0.026032542831554182,4,30.70016307218636,31.530066545370936,4
1834,1835,-0.007220505930501177,1,31.99208833113976,31.79308135594679,1
1839,1840,-0.013802699019962141,1,30.395339530574034,30.006197146954538,1
1841,1847,0.0052860363706062705,6,29.979806083096527,30.168260234518595,6
1849,1853,-0.002183557960345953,4,30.215269748792807,30.179508225757623,4
1856,1858,-0.010259131159150763,2,31.055699492606383,30.76815069776517,2
1861,1864,-0.004331744097990545,3,30.922267005250255,30.819241924659025,3
1865,1870,-0.016538582771923466,5,30.82181064095891,30.342883385133817,5
1872,1873,-0.005093124850559906,1,29.897226849596574,29.774853767415664,1
1874,1875,-0.007542066384557175,1,29.650967038256614,29.456988443526022,1
1877,1878,-0.0006257155365111814,1,29.687699985550804,29.698811630412113,1
1879,1882,0.023936961562738134,3,29.790158227142435,30.533034257800573,3
1883,1884,-0.008057917910804582,1,30.569727684784464,30.353969056229605,1
1886,1889,0.025602467475611467,3,30.319742692088695,31.126322660923893,3
1890,1891,-0.0010344936426038489,1,31.310699640827448,31.30961962074436,1
1894,1895,0.0011547758421288504,1,31.98112123675515,32.050033384200304,1
1899,1901,-0.002035153099212932,2,31.738959952867035,31.70610527010603,2
1906,1908,-0.0021936163458559335,2,31.924676699086422,31.886570883142227,2
1911,1912,-0.009829011220575435,1,31.515025780062643,31.236779263833746,1
1921,1922,0.012568697377663848,1,32.57325755285663,33.015234227196046,1
1933,1934,-0.007221485443045942,1,32.55910859379614,32.356542573641285,1
1943,1946,-0.004832799654156772,3,31.54124520598882,31.42035393227163,3
1947,1951,-0.014341099077558334,4,31.317657239160944,30.899845271056286,4
1953,1954,4.087197369332242e-05,1,30.748345748088177,30.780350839414794,1
1955,1959,0.019963578913489426,4,30.68063141015551,31.323807247837987,4
1964,1967,0.017700046664912546,3,33.12240845598069,33.74179903976182,3
1968,1977,-0.009127189885718253,9,34.065680472719066,33.788822218931074,9
1981,1982,-0.007231762415623006,1,33.76507071454006,33.554654815900335,1
1984,1985,-0.004107267692634642,1,33.24236476938756,33.13907184331286,1
1986,1987,0.0021793155649722294,1,33.17665162605287,33.282130670961244,1
1992,1994,0.005252220810038332,2,33.390085244158556,33.59884742997104,2
1995,1997,-0.0035355083790918505,2,33.87345266568606,33.78756624262344,2
1999,2000,-0.0021657456015584976,1,33.25358570835311,33.214820487077546,1
679,683,-0.01664266494750858,4,26.66108211116977,26.244031736566725,4
692,693,0.003738167174713254,1,26.592808875665167,26.718810049763267,1
694,699,0.011251207394740542,5,26.743609781708763,27.07125129162849,5
700,703,0.002782749324160689,3,26.987474033770372,27.08956088293242,3
705,706,0.0018293526027138912,1,27.505296347504377,27.583118529313605,1
707,709,-0.0008505478630926485,2,27.668933115020174,27.67306829620016,2
712,720,-0.02662568180857592,8,27.333471553144776,26.633032708400126,8
721,724,-0.008503029725081594,3,26.754578905162578,26.553838504355102,3
725,726,-0.005368464617077468,1,26.48282762886305,26.3671383334062,1
733,735,0.010510891494082346,2,25.96202632968752,26.260872397735064,2
737,739,-0.007196797171542733,2,26.64487016289558,26.479757306834024,2
740,741,-0.004718843109801663,1,26.373746746685374,26.27566692031681,1
742,746,0.0025639410984042267,4,26.250707885892997,26.344263862589735,4
747,748,-0.005141534109777774,1,26.41303629310633,26.303645802355632,1
749,751,-0.0062541108293763,2,26.377962487008276,26.239369748648404,2
752,754,-0.0038911672314017303,2,26.241238591243143,26.165370782116746,2
755,757,-0.0013676042142191133,2,26.311822666260383,26.30215032936448,2
758,760,0.0049338383008614576,2,26.397929174710853,26.55457021791118,2
761,767,0.004698823422887103,6,26.763080360232117,26.915598429457617,6
771,772,-5.043849350383695e-05,1,27.137166940439286,27.162935349561288,1
773,774,-0.002400846126610353,1,27.241090427605034,27.20292985159488,1
776,778,0.006403259535185017,2,27.2049391947727,27.40634442027053,2
779,781,0.005500798958104362,2,27.566928860266884,27.746135922679844,2
784,790,-0.002589293589207236,6,27.9959644308597,27.95147062406606,6
791,792,-0.0019228244775793709,1,27.834204821991552,27.80851873646786,1
793,795,-0.0052215732552879325,2,27.75269625691995,27.635536216639608,2
797,798,0.0004446118374648912,1,27.85042297527042,27.8906560259789,1
806,807,-0.0006638410720732528,1,28.570530624162274,28.58013486310719,1
810,814,-0.005616415894830237,4,28.671115529038833,28.538757735588064,4
815,816,-0.005477857018097311,1,28.638490937561958,28.51025186992948,1
817,820,-0.0021722474981437155,3,28.496652953735424,28.463247823604938,3
825,833,-0.023122448369625733,8,28.589968887101026,27.957488776506928,8
835,837,0.01042291440430423,2,28.19552105992169,28.51759608357393,2
840,842,-0.004744729005993851,2,28.768347927513982,28.660618260575298,2
843,844,-0.0028627939171446543,1,28.7045382868481,28.651067647532912,1
846,848,-0.003096410520530737,2,28.65353016631217,28.593460604221168,2
849,851,-0.009883754003636152,2,28.4334858056486,28.18088971228534,2
856,858,-0.008099391500335663,2,28.14281556258035,27.943018696979852,2
863,864,0.0034685047052198095,1,27.83665848623375,27.96104672565708,1
870,873,0.003476589786825703,3,27.758365385932493,27.882628200918134,3
875,877,-0.007377319636808696,2,27.838231340106493,27.66069804072721,2
878,880,-0.010130732229347711,2,27.51181621941772,27.260613192375192,2
883,888,-0.00055847712710973,5,27.23372794230428,27.24575225610488,5
890,892,-0.002290887226924351,2,27.084130371568452,27.04916781361944,2
893,899,0.008517551306859248,6,27.021210635425433,27.278386394021545,6
903,904,0.004013584900120344,1,27.4220624227296,27.559545260822354,1
906,911,0.006022783645485269,5,27.625548747267533,27.8195569992074,5
918,919,-0.003716406683662169,1,27.352998577858422,27.278696709703325,1
920,922,-0.001397321888858622,2,27.270438042456423,27.259602900503392,2
929,930,0.001743211873116489,1,27.216448266050282,27.291108750077772,1
934,935,8.979892409439875e-05,1,27.299993315752705,27.329744819095996,1
937,938,-0.0012107535363973748,1,27.201471500065992,27.19573869375214,1
940,947,-0.031165483357644824,7,27.102970636826736,26.285396427138803,7
950,953,-0.00692434134970183,3,26.764546286985443,26.605983978711446,3
954,956,-0.00045505807137175545,2,26.661580545261156,26.676109558383768,2
957,959,-0.0014932869296712986,2,26.795932297383544,26.782714214212888,2
963,966,-0.00777311693333865,3,26.604729113962215,26.42453217269355,3
976,979,-0.0012752274724081567,3,26.173771610795818,26.16656786979199,3
983,984,-0.006464274298716859,1,25.902754588922804,25.761214832756583,1
987,991,0.013225937976003691,4,25.977158068153855,26.346707507624256,4
994,995,-0.0030034260385236352,1,26.328564179787442,26.275816848752715,1
999,1002,-0.010220737628918331,3,26.234615710172427,25.99271320191343,3
1003,1005,0.0003212413660204712,2,26.0047606723116,26.03911923782532,2
1008,1014,0.022487714811456578,6,26.032294820414812,26.643733937044473,6
1017,1020,0.013495458653865724,3,26.92252227037195,27.312776578799905,3
1023,1027,-0.005388818414616259,4,27.674174945410158,27.55271801680043,4
1028,1029,-0.001953542809948126,1,27.59316872446533,27.56685745682443,1
1031,1035,0.017141417779207933,4,27.702688045652724,28.20525408309598,4
1037,1038,0.003952385097978633,1,28.311373703858465,28.451582529092757,1
1039,1040,-0.0027135819198449026,1,28.459808013573305,28.41103980111899,1
1043,1045,-0.0012856103851972,2,28.402660572618856,28.394548477792085,2
1047,1048,-0.0070138082193130285,1,28.216298875271846,28.046611465177143,1
1049,1051,-0.00962138753984898,2,28.07405258475595,27.83201529760867,2
1053,1056,0.009758260966440137,3,27.81605475340592,28.115307129499847,3
1066,1069,-0.0032121601376097464,3,29.342304701439232,29.27739482463311,3
1071,1072,-0.008077752057734144,1,28.93704081656093,28.73223161637678,1
1073,1076,-0.005671415986402162,3,28.753827531317334,28.619506441717288,3
1078,1083,0.0014135427418362342,5,28.965849460122836,29.035759775848437,5
1087,1088,0.0008505478216735821,1,28.423701116192444,28.476300534376914,1
1089,1093,-0.01225828605106101,4,28.53740001649673,28.216117803957456,4
1094,1095,-0.0030720819463218073,1,28.05696909414738,27.99883275501889,1
1096,1098,-0.015017130476916399,2,28.056531027957423,27.66325897180889,2
1100,1102,-0.0005242701980332437,2,27.785393735087297,27.79861207494646,2
1107,1108,0.0027809399131973754,1,28.052411311854186,28.158475793444605,1
1111,1113,-0.011805774711592283,2,28.180359351720746,27.87584873727434,2
1117,1118,0.002200738099457212,1,27.05669560567454,27.14329700214504,1
1119,1124,0.013844291093459232,5,27.164626713389804,27.56786633976852,5
1125,1127,-0.001172077933602597,2,27.562369676578765,27.55762680095963,2
1128,1129,-0.0006451456215079527,1,27.64046129274455,27.65026963145782,1
1130,1135,-0.0044520774879668506,5,27.67949644009482,27.58394467355571,5
1137,1139,0.0012904140584704326,2,27.767439798428295,27.831038732910347,2
1141,1143,0.008618841688914459,2,27.889080172329123,28.1573408193562,2
1144,1145,-0.0009846267428114885,1,28.216420430606895,28.216854208895114,1
1153,1156,-0.00496294726225369,3,28.713897138902734,28.600105478847485,3
1157,1158,-0.0074088061120502115,1,28.618649355555995,28.435237980647486,1
1162,1170,-0.018746543529665875,8,28.220280486995996,27.71946805091414,8
1173,1174,-0.013472681070497664,1,27.744403267136132,27.39835617369387,1
1176,1179,-0.009388130741641031,3,27.184023425970146,26.956000283389276,3
1180,1182,-0.010450922076017308,2,26.874421645822245,26.620433581009546,2
1185,1189,0.005501407488335712,4,26.691705743570317,26.86523939916802,4
1191,1193,0.002184340226035827,2,27.066881398142446,27.15307155737189,2
1194,1195,-0.0037368251326689657,1,27.09437356153009,27.020220999012974,1
1200,1201,-0.0019030414379196086,1,26.918137687500682,26.893829493737243,1
1207,1208,0.0006122328058970107,1,27.00531053222351,27.048849379796998,1
1210,1211,0.0030482105876804442,1,27.39113745797324,27.502022550639218,1
1214,1219,0.0029225280119523217,5,27.58212904727148,27.690320721088685,5
1220,1222,0.004420465279479887,2,27.817893296233972,27.968679220994485,2
1223,1224,-0.002053335214321751,1,28.01819112752847,27.988678580172248,1
1225,1228,-0.014873431792249533,3,27.959844268730755,27.5719452763466,3
1230,1236,0.0019114553084605317,6,27.576314766383252,27.656601974397617,6
1237,1242,-0.0030455543578125294,5,27.56343991654751,27.50705740190991,5
1243,1252,-0.03643365477593817,9,27.643089785483586,26.663594085084497,9
1258,1259,-0.00030726627829977433,1,26.42489358788027,26.443199002760934,1
1270,1277,-0.024097236018538398,7,27.156487206023062,26.52924741159113,7
1281,1287,-0.022272636256431073,6,26.53772558977969,25.973198206235324,6
1293,1298,-0.00529305040486156,5,26.144574492296695,26.032334516187607,5
1299,1302,-0.008605127537106363,3,25.95214851439126,25.75477911507739,3
1303,1305,-0.017229168174814947,2,25.524789149448264,25.110543053715176,2
1309,1310,0.003943469088442337,1,25.57016349386862,25.696568806686976,1
1312,1313,0.0027302779230211653,1,26.004367069205816,26.101370585586213,1
1318,1321,-0.01244279655271437,3,25.977995552802224,25.68073463484419,3
1324,1328,-0.008685968678204571,4,25.54560760148023,25.34926486158955,4
1329,1334,0.021428169291423493,5,25.366304226526722,25.935223992017015,5
1337,1338,0.0015745819900305031,1,26.1402579449804,26.2075581823003,1
1344,1347,-0.005841877186798348,3,26.4723310426411,26.34415526688436,3
1355,1360,0.004656278941905514,5,25.64862428179388,25.793700055207836,5
1362,1370,0.008989383919203578,8,25.916887299182225,26.175781036404487,8
1371,1374,0.016520782063601365,3,26.19479872564936,26.653752085321365,3
1378,1380,-0.003767817680244976,2,26.629533554783162,26.555827860993556,2
1383,1384,-0.0010368372949708462,1,26.6227576086706,26.621776898295632,1
1385,1386,-0.0020318424663536613,1,26.598166837354032,26.57072171928409,1
1388,1389,0.0009721575974171079,1,26.46116871840652,26.51335431333106,1
1392,1393,0.0041616529674297666,1,26.82597211965956,26.96443847825519,1
1396,1401,-5.4252937626442276e-05,5,27.24619750346573,27.271965514715482,5
1405,1412,-0.018583425614236312,7,27.515006675822498,27.031198602662958,7
1417,1421,-0.010988895679866165,4,27.184520895919896,26.91297755258341,4
1422,1423,0.004053673639292154,1,27.11205158565708,27.249067046062645,1
1424,1425,0.003816969900020409,1,27.2972031967721,27.42869300292569,1
1428,1433,0.0030825633978341233,5,27.825093452578155,27.938691160648965,5
1435,1438,-0.006982819649129143,3,27.99363566404267,27.826154790541274,3
1439,1440,0.001188970869523809,1,27.859308879598334,27.92029209518084,1
1446,1448,-0.007610872334472271,2,27.761182092915103,27.577656462244803,2
1450,1452,0.002189782197047571,2,27.58985484462992,27.677860472432446,2
1456,1457,-0.0025580103712164776,1,27.915161573566735,27.871669462320934,1
1466,1467,0.0003875067134995599,1,26.96275308049273,27.000164081406343,1
1471,1472,-0.0012371287492583551,1,27.085562441547847,27.079139676003123,1
1474,1476,-0.015976384681137448,2,26.96917008228051,26.565269416597253,2
1482,1483,-0.007315672667420336,1,26.085747963394457,25.92099891797283,1
1486,1488,0.002663689204137359,2,25.91101156510736,26.00594145844672,2
1491,1493,-0.012499649643220562,2,25.945962354213947,25.647592877484296,2
1498,1506,-0.0002779887955886806,8,25.56438081467287,25.5828385840549,8
1514,1515,0.0016545513662178037,1,25.798079865662807,25.866562193815998,1
1519,1521,-0.001627361110800266,2,25.753328722435114,25.737172085521003,2
1523,1525,-8.819798753551271e-05,2,25.896309191773835,25.919921498610297,2
1530,1533,-0.006543404877243582,3,25.53664133244252,25.39508139033184,3
1536,1538,-0.0005256641324326852,2,25.26877283364164,25.280758718926048,2
1541,1542,0.0014401018417738208,1,25.575435640357696,25.6378423079679,1
1548,1551,0.0016900203812738172,3,25.724234266873538,25.79343298134409,3
1552,1553,0.005555450831891305,1,25.805958939881066,25.975128634881262,1
1555,1559,-0.0064103672034811965,4,25.826719549834152,25.686987513408223,4
1560,1562,0.004334800433779728,2,25.662620406807008,25.799525365285167,2
1563,1564,-0.00029653296961011427,1,25.842260753017527,25.860439931448013,1
1565,1567,0.0056483863935247545,2,25.97316525773382,26.14584489623011,2
1570,1572,0.002241391638477379,2,26.32845345382348,26.413794282702746,2
1575,1577,0.001006066108560937,2,26.41830616661437,26.471303035260803,2
1580,1584,-0.012249381698619277,4,26.193241450531996,25.898583679530866,4
1587,1588,0.0020606035504723325,1,26.028588978376312,26.108252170217316,1
1590,1591,0.00024651030603217695,1,26.330218856201387,26.363039745365725,1
1593,1597,-0.01250267353362335,4,26.446213378445076,26.14201121975228,4
1603,1605,-0.0005334257410993124,2,26.21584542696719,26.22807706561873,2
1607,1611,-0.022180540979405403,4,25.905400700312338,25.356710299191455,4
1613,1625,0.0018729162960445843,12,25.27852327777889,25.351146359243565,12
1628,1629,-0.008504883718450328,1,25.182841878078207,24.99384757808311,1
1631,1635,-0.03846082221007182,4,24.857433241944445,23.926253354669235,4
1636,1640,-0.022769788786275325,4,23.83423116091157,23.315364982655264,4
1641,1644,-0.02828749897064377,3,23.300992049393045,22.665166252830254,3
1647,1649,0.055293111687313046,2,22.238504200247515,23.49037880095083,2
1651,1652,0.006186084931982842,1,23.954201151864698,24.1263380758198,1
1653,1657,0.027262016466767718,4,24.197772628748883,24.881650477241685,4
1658,1660,0.03752025362718234,2,25.09385348880363,26.060475089675702,2
1661,1663,0.01909083812166097,2,26.65902114174267,27.19462321998336,2
1666,1667,-0.01226052047565114,1,27.836903545084258,27.52344552273611,1
1670,1671,0.008519772547286326,1,26.768175786369124,27.023002731361135,1
1673,1675,-0.00932009061035334,2,26.87278103428448,26.649197061127047,2
1676,1677,-0.009977204426120049,1,26.403610523686474,26.166579914427686,1
1680,1681,0.004925557016115561,1,25.863591197937794,26.01684738222268,1
1687,1688,0.002189326530775043,1,26.541918208400983,26.626569052320697,1
1694,1695,0.0052012643202411874,1,27.688550434730555,27.860254454620648,1
1702,1707,0.06698332150691585,5,27.643489735897635,29.522785986186292,5
1712,1718,-0.011842592017539372,6,30.60758628011621,30.275720709439273,6
1719,1723,0.05848127499765924,4,30.48755015645653,32.30098851131765,4
1724,1729,-0.01495866340539408,5,32.343715818659284,31.8922407762669,5
1730,1731,-0.010200677059552018,1,31.97642711065533,31.682222331291886,1
1733,1734,-0.004666207551427121,1,31.22603487391327,31.111553749057403,1
1735,1736,-0.0037406848834821553,1,30.944242576749446,30.859434158888543,1
1737,1742,-0.00030981974472457804,5,31.090057249654667,31.11151499330376,5
1747,1752,-0.0004477152239012802,5,30.39719362117182,30.413981528444918,5
1754,1755,-0.0037315995633583634,1,30.527552521185797,30.444163472048526,1
1766,1768,-0.011003986750546209,2,30.707764334380094,30.40056426684006,2
1773,1775,-0.003739644706007377,2,33.88250439861359,33.78967837481166,2
1776,1777,-0.003418228268225004,1,33.521013161014494,33.43995169940899,1
1778,1781,-0.0042969751646843735,3,33.6877254960691,33.576657901753855,3
1786,1787,-0.0014146588362923536,1,31.952808427035063,31.939558912676436,1
1789,1791,-0.02475791795283521,2,31.855860143306955,31.099031231705276,2
1792,1794,0.02275732734227784,2,31.75327943049171,32.50765248411272,2
1797,1801,0.028333575206798883,4,33.98836618305698,34.985366478643904,4
1806,1808,-0.01488684602977194,2,34.65881177612771,34.17751019341778,2
1810,1811,-0.009159701935732407,1,33.668624292588454,33.39389835377477,1
1816,1820,-0.03693432679802397,4,33.405494378368985,32.20509042652712,4
1822,1823,-0.01166252759836469,1,31.642227242297075,31.304841121052355,1
1825,1826,-0.025718188251459623,1,30.618232210584225,29.8614049828761,1
1827,1834,0.06245509290036691,7,29.96888823653849,31.870566823708753,7
1835,1837,-0.01736701249604347,2,31.81527832905647,31.2945572710797,2
1839,1842,-0.015634714246298604,3,30.431432162199503,29.986076848400092,3
1856,1857,-0.0059427947931853945,1,31.148675682122736,30.99471417014652,1
1862,1863,-0.0012627546180555894,1,30.7852812134354,30.77719223862843,1
1870,1872,-0.01520918560162859,2,30.3392091015474,29.908113648416894,2
1874,1877,-0.005129604159177132,3,29.720241660995537,29.59750882742054,3
1878,1886,0.018841618643332277,8,29.761314645503653,30.351827301023956,8
1887,1891,0.021342339687602557,4,30.614812791429618,31.298819338288098,4
1901,1902,0.002229425009306212,1,31.758944060367142,31.86150718858485,1
1903,1905,-0.0037230818068767356,2,31.930314482004164,31.843365623550365,2
1907,1912,-0.024766238017236313,5,31.992479385430176,31.232138505594516,5
1913,1915,0.010593529296996997,2,30.998307017032108,31.357686797591377,2
1919,1920,0.008773607155617591,1,31.62700108407086,31.93611096817686,1
1923,1925,-0.013891950786549912,2,33.16386202512954,32.73631514800964,2
1928,1934,-0.01016418789705752,6,32.60558483729474,32.306781131352324,6
1935,1938,-0.017351980626094693,3,32.425597236171114,31.895374498375695,3
1939,1941,-0.0010865200107530607,2,31.70722607526787,31.704482765726887,2
1944,1947,-0.008877931005285732,3,31.58456064063174,31.33573965107258,3
1954,1958,0.004011849158469505,4,30.778431962166312,30.932688820494906,4
1966,1969,0.02541896906964032,3,33.50230506675029,34.38740142807042,3
1974,1977,-0.012348351043307153,3,34.149601141631656,33.7620594798875,3
1978,1979,-0.0031031440021048384,1,33.85415171131339,33.782951555195396,1
1980,1983,-0.012994190857944336,3,33.7906716664587,33.38537990127306,3
1987,1992,-0.002330219820644845,5,33.30875271736645,33.264444754300854,5
1995,1997,-0.00193025842872476,2,33.791104168721056,33.75966970925219,2
672,674,0.0014750042252005707,2,27.021229391524574,27.08810704843871,2
676,680,-0.021225231597585267,4,26.979915858638304,26.43424081191398,4
682,684,-0.005112811487393279,2,26.283904391016893,26.175803647103972,2
686,688,0.0003613845050454102,2,26.18532929050389,26.220977592059494,2
689,692,0.0072715176912105444,3,26.36590052564705,26.583986538289636,3
693,694,-0.0005845263546714767,1,26.74294347110045,26.754054459311202,1
695,696,0.0028360966759151335,1,26.83716198800348,26.940111935896656,1
697,699,-0.0009035728227192647,2,27.08815256284137,27.090764596930754,2
700,703,0.003478581076267687,3,27.003619575161323,27.124557474781373,3
705,707,0.0063178871731808,2,27.52188839590597,27.723290469980086,2
709,716,-0.026693810765573863,7,27.740479566959454,27.02772093441973,7
721,727,-0.019454972698845968,6,26.766736028777114,26.272756646128816,6
730,732,-0.004820792939732661,2,26.016317138208375,25.916914177368863,2
735,736,0.006496756174005917,1,26.30952997725059,26.506766108542738,1
740,743,-0.0030599638174026774,3,26.336728110020907,26.282475403045492,3
744,750,0.0038298883259247907,6,26.241686266232637,26.368430680382495,6
752,753,-0.0055620390088394435,1,26.33935886971471,26.219197687083252,1
756,757,-0.0021622339101129077,1,26.342991167742852,26.312374450113897,1
759,760,0.002103749192725307,1,26.46424752206435,26.54638590894704,1
761,762,0.003844934534799828,1,26.673918292265814,26.80315168017844,1
765,768,-0.0027504713460641222,3,26.963683591048287,26.916484435537818,3
770,771,-0.0006802990249010694,1,27.080638714730014,27.089296421333415,1
775,777,0.0002545529295779436,2,27.206849719373242,27.24098215239327,2
779,782,0.004899415322118029,3,27.568761963479847,27.731401540219025,3
788,789,-0.001094236425770928,1,28.190737242852247,28.188080648534633,1
791,795,-0.009675698577491981,4,27.83699200716544,27.595486655207218,4
796,800,0.013541908247045237,4,27.690112100577434,28.092779170094428,4
802,805,0.010275683595985897,3,28.17656001758323,28.494269993164806,3
806,808,-0.003735994781577497,2,28.5780151931185,28.499825892682285,2
809,810,0.001406892344915684,1,28.6069537065606,28.675807564448277,1
815,818,-0.00885099381247478,3,28.6493934191362,28.424467208671405,3
821,834,-0.016048057244612085,13,28.49228100817448,28.063527532533897,13
835,837,0.008451745475438723,2,28.231139823422726,28.49797337151524,2
839,841,-0.0009300975018878637,2,28.601729313903807,28.603728646233176,2
842,843,-0.0027871727786730896,1,28.71665589719889,28.665334271484895,1
844,848,-0.0035532397306221567,4,28.689734506641955,28.616482736638595,4
860,864,-0.0006383380989889694,4,27.889953802510398,27.900040536221724,4
865,869,-0.007069688528222348,4,27.821748970363753,27.652879619803254,4
871,872,-0.0005648677239961225,1,27.941838633612345,27.953997029452722,1
877,878,-0.0057275649445489895,1,27.640221011484154,27.509550071570676,1
879,880,-0.006171566132001709,1,27.44134688929526,27.29943214910607,1
884,886,0.0002182555354494416,2,27.125159529310842,27.158204905057374,2
888,890,-0.006291518118566959,2,27.255225332636197,27.111003813962927,2
892,895,0.0008668705244924398,3,27.055323992695914,27.10583277958847,3
901,903,0.0020220932412495646,2,27.39759815007478,27.480396246270594,2
904,905,0.0016333376547937196,1,27.525582942691624,27.598067096724762,1
907,911,0.0037404331729583356,4,27.683037410278658,27.81426699914659,4
912,921,-0.02383397955780712,9,27.936516925807897,27.298615069407667,9
925,929,0.0035128367144793265,4,27.10673449802999,27.229062764682343,4
934,936,-0.005359144200037902,2,27.351216879129534,27.231988980706898,2
940,941,-0.005260624405798419,1,27.131224256130178,27.01562829990532,1
943,944,-0.005114843185574596,1,26.73380403338388,26.623798622032623,1
948,953,0.00337055886401818,5,26.503706613404436,26.619542623272988,5
957,958,-0.0014418534281086996,1,26.798426024801678,26.786585048394702,1
959,960,-0.0017607506496276177,1,26.79042785507635,26.770047019681797,1
966,970,-0.002362858865768703,4,26.387905076878724,26.351942086495637,4
971,972,-0.005221496976253939,1,26.29707765915083,26.18606462532841,1
975,976,-0.00511929425173435,1,26.207175481569593,26.09922041425417,1
977,980,-0.0009233114721289498,3,26.1196986050369,26.121701686271354,3
983,987,-0.0006608727866681281,4,25.899721408623424,25.908504708970803,4
992,993,-0.003728716206674948,1,26.36016556140865,26.2882361504306,1
994,1004,-0.014257137599227535,10,26.362432516268274,26.012942120949756,10
1015,1018,0.006184779688345887,3,26.78853953320459,26.98100928792321,3
1029,1030,-0.0007805100785069066,1,27.685539371511183,27.69161606837433,1
1036,1039,0.00545411353801614,3,28.274314566487202,28.456800202908894,3
1043,1045,-0.0020936442842153413,2,28.428739897797197,28.397648968900526,2
1052,1054,-0.00046391564063360266,2,27.794092798813487,27.80899277724571,2
1058,1066,0.034448512196618625,8,28.27152369004066,29.27370714238406,8
1069,1071,-0.015205960432879393,2,29.35529877428755,28.93827856140467,2
1073,1074,-0.003107923776457393,1,28.749027761804264,28.688427002635123,1
1080,1084,-0.013156109157816356,4,29.184160718453903,28.82939487508112,4
1087,1089,0.0013804270607245283,2,28.43032796851122,28.49800429055274,2
1090,1093,-0.01356557803007924,3,28.57547244995798,28.216405121141655,3
1094,1101,-0.011226095555265866,7,28.117718964725924,27.830184483796526,7
1102,1103,0.001354666033159997,1,27.90217581041771,27.96787611604976,1
1107,1108,0.006631864261666131,1,27.96590826835031,28.179340284208568,1
1112,1113,-0.009337681394929083,1,28.04151245746704,27.807711260764744,1
1115,1117,-0.008838924127001178,2,27.30306802116126,27.089041342509024,2
1123,1125,0.0004920215009196175,2,27.528085701018018,27.569158196763095,2
1127,1128,0.0019981442937973093,1,27.549754084065142,27.6323522220678,1
1129,1134,-0.005960092425716079,5,27.664829691595795,27.527609579383785,5
1135,1142,0.013359639029723303,7,27.571150932635515,27.96706270766218,7
1144,1145,-0.000649707971949845,1,28.213583693706575,28.223466687157206,1
1146,1153,0.015013087292225898,7,28.237533337568284,28.689703423819903,7
1154,1156,-0.004238553334539727,2,28.69564767089103,28.60271528543969,2
1158,1160,-0.00912063821946086,2,28.512023320442957,28.28048749415281,2
1161,1164,-0.012409454456696833,3,28.32134617776908,27.99821506840148,3
1165,1168,-0.006837299951757448,3,28.02193956688669,27.858367100404752,3
1169,1172,-0.006459583469412045,3,27.78074498776754,27.629073691664374,3
1173,1175,-0.017695061430193695,2,27.696047582264747,27.23366036650527,2
1178,1179,-0.0031636775875491727,1,27.000946068711777,26.94252472686028,1
1183,1190,0.0058892319249166155,7,26.75484623890107,26.939166579756343,7
1192,1194,-0.002881284701286674,2,27.105962497239567,27.05496846467986,2
1198,1207,0.0027798544729039794,9,26.89029166834655,26.99193305758684,9
1208,1211,0.014591448731147986,3,27.114309726551515,27.53706109653351,3
1217,1218,0.00012261232503160257,1,27.53120297240919,27.562109840188963,1
1220,1222,0.006065391065427917,2,27.802966633004498,27.99940546504572,2
1225,1234,-0.008136138147855899,9,27.937228877775677,27.7378649530356,9
1235,1243,-0.008156225986866335,8,27.74119399812784,27.542671744731738,8
1248,1249,-0.005081357511488463,1,27.051477651331595,26.94107089982247,1
1253,1256,-0.006363921503546569,3,26.563430927644422,26.420946769283656,3
1258,1267,0.023158282042194913,9,26.345180381600446,26.98163467971165,9
1268,1272,-0.006859224268856277,4,27.08729640114441,26.92858585669312,4
1273,1274,-0.009133834821241082,1,26.905328003632267,26.68648450983941,1
1275,1280,-0.003704710581517858,5,26.63838718997634,26.56633806226904,5
1283,1285,-0.00925881457441552,2,26.204177463640367,25.987762020893083,2
1289,1297,-0.004612008388996657,8,26.12024433036251,26.0258977887186,8
1299,1301,-0.00829674524271037,2,26.017669535613248,25.82782522920285,2
1304,1309,0.017751781264524015,5,25.15357207426889,25.62524635582702,5
1310,1317,0.023563089152417265,7,25.72096960954044,26.352756079146197,7
1319,1322,-0.006145552353993754,3,25.771974115745724,25.639363073667383,3
1323,1324,-0.002807811408365804,1,25.54783588983325,25.501650220652554,1
1328,1331,0.008532729444980156,3,25.396675392834325,25.6387750281562,3
1332,1334,0.0023733049802107933,2,25.82908018267034,25.916209547484804,2
1346,1347,-8.337034656913345e-05,1,26.37599734978787,26.4001743710975,1
1352,1353,-0.01093160392977446,1,26.044184981234217,25.78552445132682,1
1354,1356,-0.001653942386783062,2,25.669510397030738,25.65272401613415,2
1357,1358,-0.0003762788379046521,1,25.729749882229893,25.74579807172686,1
1359,1361,0.0004784563543205973,2,25.76926026013882,25.807358986716565,2
1362,1363,-0.0042432683637945445,1,25.890753458283804,25.806782796677748,1
1375,1378,-0.003148077067726274,3,26.69995010358045,26.64259655305351,3
1379,1384,0.0006646381388890061,5,26.597181165823912,26.641455847979483,5
1391,1392,0.00521415745788526,1,26.62507990283691,26.790532341681914,1
1394,1396,0.0015961033980027455,2,27.14985772553121,27.220341563427752,2
1397,1400,-0.0037095253730215685,3,27.373538547655716,27.29936925041146,3
1401,1405,0.0020126530895402677,4,27.34250501484431,27.42487849705305,4
1409,1411,-0.007139044610991828,2,27.21920438260294,27.052104472622435,2
1416,1417,-0.0016721328085129588,1,27.10714779919446,27.088928195813413,1
1418,1419,-0.004663903280392756,1,27.131112729960797,27.03170695702879,1
1420,1423,0.009059152957517268,3,26.93632951679209,27.207286175515588,3
1426,1427,0.0012720307884228187,1,27.683854542745088,27.746753112608424,1
1431,1433,-0.002012435652421976,2,28.015010812569738,27.986647416820105,2
1435,1437,-0.006199635792425197,2,27.94292840523952,27.797635354558462,2
1443,1449,-0.020538225154482753,6,28.09295918914529,27.544072627252074,6
1454,1455,0.0008615636357958653,1,27.858969979490848,27.910831224935396,1
1462,1464,-0.0089782369866803,2,27.2608530968277,27.04335955036213,2
1465,1469,0.0006679360763705714,4,26.957598258374215,27.002561809041662,4
1486,1488,0.0018672474343378468,2,25.94380981977966,26.01819714192237,2
1489,1490,-0.002989977200167615,1,26.038159834555337,25.986344490150252,1
1500,1504,-0.0013979758781387695,4,25.700432151734805,25.690203999680673,4
1506,1512,0.0019540128026588523,6,25.570185414482168,25.64572006956291,6
1515,1521,-0.0029384301576270647,6,25.79729126214638,25.747285014778747,6
1524,1527,-0.006942297684921129,3,25.91626026012068,25.76225812677515,3
1530,1533,-0.003260670733036745,3,25.44175808712901,25.384242649224436,3
1536,1539,0.003130998930747495,3,25.268440308602457,25.37282420849895,3
1540,1542,0.007770578210161655,2,25.469917279434682,25.693303180940312,2
1546,1547,-0.0048041874569361275,1,25.766393019655215,25.668372830519356,1
1548,1549,-0.0009943734055368968,1,25.691460091288228,25.691604646715327,1
1551,1555,0.0009243807469102305,4,25.772760176461535,25.822356779939852,4
1559,1563,0.003153274282765568,4,25.738353446036882,25.845251887485038,4
1565,1569,0.006678317186596273,4,25.96788999310947,26.167279689143204,4
1570,1573,-0.002229900849587443,3,26.34003298965764,26.3076373607055,3
1574,1575,-0.003091892979810406,1,26.43692086559876,26.381617656432212,1
1579,1581,-0.014402387042677309,2,26.336034466294606,25.983068739208036,2
1585,1588,0.0051312569996846335,3,25.93564887623444,26.094667004948214,3
1594,1595,-0.0033735092085495945,1,26.445336541315406,26.3825682915114,1
1599,1604,0.003696319232307974,5,26.036036718275742,26.158310258248857,5
1610,1612,-0.0050481631985558155,2,25.444395985331294,25.341392917893995,2
1613,1617,0.00730084586193254,4,25.32288846125786,25.533089855153673,4
1620,1622,-0.003462609976743308,2,25.61957459433128,25.55648357433536,2
1623,1625,-0.008234870380378685,2,25.528288382477534,25.343594524997382,2
1629,1633,-0.029291860183296225,4,25.066765106477863,24.357579692837863,4
1634,1637,-0.023030425535143277,3,24.22133172510075,23.687725480168915,3
1641,1643,-0.017974058143898696,2,23.306498384026003,22.910892525324865,2
1647,1652,0.08183825649350195,5,22.289962558762443,24.13642419443576,5
1655,1659,0.044500635985515694,4,24.37137606924168,25.480289180234355,4
1662,1663,0.002034609825130532,1,27.07970616718693,27.161882509583524,1
1665,1666,0.011460366548751728,1,27.468314902957648,27.81058017512504,1
1668,1675,-0.027146295499699952,7,27.32140289147307,26.60704941800626,7
1676,1678,-0.028393907498025648,2,26.422119321293845,25.698314228704525,2
1679,1682,0.02316743980725838,3,25.66756031897446,26.287879537982448,3
1685,1687,-0.0014093133500526528,2,26.522228454521503,26.51137255234192,2
1689,1694,0.03244621311870499,5,26.750935879862567,27.645653382425262,5
1695,1698,-0.0005773292007880237,3,27.93958537762049,27.9513946245017,3
1701,1702,-0.007795985721109252,1,27.83128634449862,27.642145319901303,1
1705,1708,0.055081570955848286,3,28.20570260688948,29.78752271899731,3
1710,1712,0.012456522430896996,2,30.1286040674386,30.534030303883704,2
1713,1714,-0.0010036702430780025,1,30.673846644908714,30.67373406443539,1
1718,1720,0.016708343853619106,2,30.272724202457564,30.80880401202046,2
1722,1723,0.006608923861912889,1,32.08973625453497,32.33390461444459,1
1735,1736,-0.002004545439647187,1,30.955508916363662,30.92441270104977,1
1740,1742,0.004455981952389266,2,30.99402707748205,31.163129929848655,2
1744,1746,-0.02330956627961101,2,31.161139527328285,30.465948019695148,2
1751,1752,0.0026679782039357117,1,30.288294813407354,30.39939161861731,1
1756,1761,0.029213336079620185,5,30.39150135558598,31.30973000000653,5
1767,1768,-0.005016927444925626,1,30.45594832200176,30.333608987325874,1
1769,1773,0.10446499802364709,4,30.647943263404247,33.880228539108025,4
1776,1780,-0.0037320235520220454,4,33.57507081820445,33.48334293396831,4
1782,1785,-0.046169251860176036,3,34.15170411476603,32.60909719015195,3
1789,1790,-0.022562092853730183,1,31.804769212377032,31.1189918254283,1
1794,1796,0.014939746319732345,2,32.58478869188738,33.10418195751815,2
1797,1798,0.021740019462068688,1,33.97837531127095,34.75104422713873,1
1800,1801,-0.005859744438913075,1,35.07548030319513,34.90502243284947,1
1803,1805,-0.007470233556957957,2,35.1042958253858,34.87716283254301,2
1807,1808,-0.009982945077258002,1,34.46356209025283,34.15397780482942,1
1810,1813,-0.015382400175835049,3,33.65051708852179,33.16654188563089,3
1822,1827,-0.056224477252464954,5,31.675884215296257,29.926600067996915,5
1829,1830,-0.008223987835400145,1,30.742254372398506,30.520172700779522,1
1834,1835,-0.008110364653834697,1,31.94950521792087,31.722332585311857,1
1836,1838,-0.025288237876740227,2,31.562426850705567,30.795831119388417,2
1839,1841,-0.017314209459075993,2,30.44835403004228,29.95161320471207,2
1845,1846,0.006976268430785643,1,29.980392064451532,30.219523719217793,1
1851,1855,0.012750727810510589,4,30.48329214074275,30.90245959373838,4
1858,1860,-0.0010575240536209827,2,30.759350268443896,30.757580865929707,2
1861,1862,-0.005224501532841553,1,30.908340021891167,30.7777676920911,1
1865,1866,-0.0028063394764845633,1,30.79092632798703,30.73530746224326,1
1868,1869,0.00019902009046505,1,30.375782527667294,30.412203701181564,1
1874,1875,-0.007911544448743963,1,29.661498690312083,29.45649192369763,1
1876,1879,0.009569348416298546,3,29.504692208530233,29.81653758039784,3
1886,1887,0.006119874076854877,1,30.387606069548657,30.603961998260914,1
1891,1893,0.01483944488861334,2,31.32510400907734,31.8212762676592,2
1894,1905,-0.009342264504479236,11,32.05312294320671,31.785727313419887,11
1906,1910,-0.011035521372296634,4,31.894041277964764,31.573967945070837,4
1912,1917,0.00851977122698987,5,31.17906012339625,31.475877642843546,5
1918,1920,0.012661204676421078,2,31.45514491160132,31.88486008436519,2
1928,1929,-0.0026807675901572353,1,32.595820069686134,32.54103407173841,1
1931,1935,-0.009443550478553865,4,32.6796714489654,32.403738993463506,4
1939,1943,-0.009716883301574983,4,31.728545246016207,31.451971219777942,4
1945,1946,-0.005113806859426362,1,31.517410136871447,31.38775359885903,1
1947,1954,-0.019420877952293088,7,31.32377012299357,30.74675877655222,7
1963,1966,0.014048963735548047,3,32.994110253116894,33.490637421802724,3
1967,1980,-0.0010803689845299864,13,33.74843142795025,33.74571910078691,13
1983,1984,-0.0063700408476432815,1,33.388451101536624,33.20915375528183,1
1986,1989,0.0063610010404884215,3,33.26877354456217,33.51366502123947,3
1992,1996,0.01362934120001216,4,33.36792289089799,33.85607362000463,4
1997,1998,-0.0032764375975711437,1,33.903893657581484,33.82671355935531,1
673,675,-0.0008371769050084458,2,27.01263018026368,27.017028460313494,2
676,677,-0.00814269664348288,1,27.006338791702056,26.813440706261805,1
682,687,-0.004754329364226815,5,26.234861816827017,26.13636750474167,5
691,692,0.0027646700001115795,1,26.536063787694925,26.635963310957507,1
693,696,0.00680608892812825,3,26.761225439096425,26.9701259446997,3
697,700,-0.006224585129532653,3,27.08964001556013,26.94810788517044,3
706,710,0.0028708723755332187,4,27.52613662798687,27.632686789865296,4
711,713,-0.005284508514722082,2,27.452306931979162,27.334687289180334,2
714,715,-0.008695031524535067,1,27.4253595946245,27.214320587972153,1
718,720,-0.010317612098240558,2,26.86484887397378,26.61453263308824,2
722,723,-0.0026310100702078296,1,26.846789305791937,26.803001922081442,1
727,729,-0.010753259035056598,2,26.36827327661587,26.111096677041875,2
733,734,0.00934572412900675,1,25.919089587354378,26.187241337900158,1
741,743,0.00033814681905747126,2,26.253315257593044,26.288446047894706,2
746,748,-0.004366262545002175,2,26.39901816692054,26.310152140840405,2
750,752,-0.003072473927088958,2,26.349884866820922,26.29527541745264,2
754,760,0.010885015223772158,6,26.244316860512466,26.556230965937157,6
761,762,0.000858805497787736,1,26.723316729980915,26.772990178037727,1
763,765,-0.003288336770617878,2,26.951672241913027,26.889997739292216,2
766,769,-0.00028721282027033735,3,26.914878725700856,26.934063306200514,3
771,784,0.02979821815223748,13,27.101679869068853,27.93636331796854,13
785,789,0.00029829364422674295,4,28.08049380008819,28.11695052671559,4
790,792,-0.008778538267306797,2,27.99469589935637,27.77693808602161,2
793,795,-0.005078796506916028,2,27.728104903241835,27.61500760581909,2
797,798,0.003653008686737233,1,27.8516562363776,27.981250234785485,1
800,802,0.001309721772468314,2,28.127590644046048,28.192557552563677,2
805,809,0.002165924179945959,4,28.520312504543682,28.610605651521432,4
810,812,-1.2148544644161822e-05,2,28.628744665005772,28.65702561208811,2
815,816,-0.005868024478760536,1,28.67981435789402,28.540200319553485,1
819,826,0.0007238302530918098,7,28.488846297723857,28.537956232847556,7
830,831,-0.005165973541547507,1,28.135674942242563,28.0184624648596,1
844,849,-0.009737155575520448,5,28.641031010207314,28.390789866427827,5
851,857,-0.0064811755834364194,6,28.201612331849116,28.047034342922245,6
859,863,-0.007161862263534342,4,27.97793089623993,27.805534739638617,4
866,868,-0.005405588562011597,2,27.739536627186553,27.617327641906318,2
869,872,0.008355781181988788,3,27.679450107778514,27.938412986224666,3
873,874,-0.002040978719577139,1,27.92075875486379,27.89169383916553,1
878,879,-0.0057398044910941795,1,27.563796393445664,27.433149387508404,1
882,885,-0.003618922813331285,3,27.184736583148776,27.113541856336767,3
889,891,-0.008201785919998799,2,27.247338138475147,27.05110864231203,2
893,894,-0.00022741015992520247,1,27.02354618922067,27.044424306449255,1
895,899,0.004709028085748442,4,27.0909732610328,27.245636388250297,4
904,908,0.0055375147093278745,4,27.51260035921812,27.692464388758367,4
910,911,-0.0007095129960426063,1,27.837367712929165,27.845454106474154,1
915,916,-0.005595367049030984,1,27.63771030579372,27.510704882543813,1
918,920,-0.0015876839366541838,2,27.328991297209555,27.312930488019223,2
925,930,0.007046085651163368,5,27.0890099888125,27.306970483387705,5
935,937,-0.005173834334827462,2,27.3563525239627,27.24217164052254,2
938,943,-0.020680246303372556,5,27.21046697626152,26.67495828413891,5
948,950,0.006798713988495469,2,26.48309954108774,26.689633659937538,2
956,957,4.26035108002439e-05,1,26.746842600996995,26.774728952995616,1
962,965,-0.010114782213350451,3,26.725063016664432,26.48146988762947,3
967,969,-0.002696273654711778,2,26.4758134057399,26.430903180972678,2
979,981,0.0010943213388040288,2,26.095125866460723,26.14977744540163,2
983,987,0.000880478390737132,4,25.931494282242618,25.9802578968799,4
989,991,0.004814703798669653,2,26.12000236197678,26.271882438932227,2
992,996,-0.00495197475530112,4,26.368731666366166,26.264523104491378,4
1003,1006,0.0030238556354690582,3,25.994165888351418,26.09876265925058,3
1010,1011,0.00176812720319875,1,26.201577096353688,26.274106394680814,1
1012,1014,0.007580725785146048,2,26.350051538078212,26.576154104750927,2
1015,1016,0.004800950245888851,1,26.784444840379052,26.939820072261845,1
1017,1019,0.006535875997419262,2,26.95204365891376,27.155150917804363,2
1024,1027,-0.010528348664584332,3,27.823388486505596,27.55827753997599,3
1030,1036,0.01869261710103971,6,27.741872642777768,28.2881827183978,6
1043,1047,-0.013571754283394459,4,28.487696932039036,28.12955660610963,4
1052,1053,-0.0018585636382741429,1,27.82300270420008,27.79911488577065,1
1058,1072,0.014454545197753889,14,28.346698803406017,28.78478414127037,14
1076,1077,0.0029037489560091224,1,28.686429478330187,28.798414097457847,1
1079,1081,0.003223637527619786,2,29.109555528105243,29.23250373924608,2
1088,1089,0.0006827494126023521,1,28.43259788143282,28.48044281881656,1
1092,1094,-0.014740134159378318,2,28.4080961937622,28.017765140847384,2
1095,1097,-0.005571548442919217,2,27.99525018885845,27.86726854644844,2
1099,1105,0.0051693795413703305,6,27.745123080842614,27.916293275550366,6
1107,1114,-0.013270953892460788,7,27.990835523921362,27.64736127179587,7
1118,1124,0.010803181551867234,6,27.199927984603946,27.52097367280394,6
1134,1137,0.006740119054229875,3,27.519107414865662,27.732108582522862,3
1138,1140,0.0008503646943268913,2,27.852910346920734,27.904448388860928,2
1141,1142,0.0026273317058019456,1,27.913849038296394,28.015101827943976,1
1147,1148,0.003808490146760426,1,28.261328774240074,28.397223095185364,1
1149,1153,0.006654793098807421,4,28.49004767406295,28.70813309438306,4
1158,1162,-0.011072556459857375,4,28.442794470539617,28.156302817358988,4
1163,1164,-0.0056786102043294585,1,28.143645920182436,28.011972771193236,1
1169,1170,-0.0047051553332766675,1,27.783394414918632,27.680452622925667,1
1171,1175,-0.01839923058072664,4,27.73820356386295,27.255580164160165,4
1177,1178,-0.0057245323307315325,1,27.076092206549724,26.948170333530012,1
1179,1180,-0.004071821325413415,1,26.911954454766967,26.82928573916426,1
1184,1188,0.0024578102083424812,4,26.728806535134346,26.821229675228345,4
1191,1194,-0.0006571462040359053,3,27.056577035198032,27.065853485340345,3
1197,1198,-0.0019123866238625405,1,26.901850815879268,26.877305927037714,1
1200,1201,-0.0016871773598461938,1,26.913039272002802,26.89454524073043,1
1202,1203,0.0017270333883201584,1,26.88641341904662,26.959733566132538,1
1206,1211,0.022329245501743835,5,26.923078794486393,27.55117390934576,5
1213,1217,-0.007664244411083791,4,27.667981701457613,27.483595509037706,4
1221,1223,0.0009064218757303415,2,27.940375095150447,27.993641237447953,2
1224,1226,-0.012240021142126245,2,28.023287387136012,27.708305044432723,2
1227,1232,0.0042918382738586225,5,27.539607364984548,27.68534251328561,5
1236,1237,-0.00398534433688477,1,27.658189796444546,27.575620576167246,1
1246,1249,-0.02093858576708995,3,27.479884513312207,26.931974479073805,3
1250,1253,-0.009208152167781963,3,26.833972000057802,26.613714674615327,3
1254,1256,-0.004987476960852469,2,26.597743163964303,26.491685275887324,2
1261,1268,0.01860270102529116,7,26.533595764645906,27.05372590954619,7
1269,1272,-0.011264048000914254,3,27.17525147137899,26.89632338583984,3
1273,1277,-0.013596447702029332,4,26.88890868932566,26.550203957255928,4
1278,1280,-0.0018353123283981984,2,26.55817775531606,26.535993382017253,2
1285,1287,-0.00024111063496525507,2,25.945449520890683,25.965139246603133,2
1291,1293,-0.002757798087486208,2,26.172237025811537,26.12623151762233,2
1294,1295,-0.006610929865510316,1,26.154640442690667,26.00788858950909,1
1297,1298,-0.0009411303584584022,1,26.016428726092634,26.017960303925932,1
1306,1308,0.00937867426203583,2,25.250742360146596,25.512811589977147,2
1311,1320,-0.0062413447364238345,9,25.794397066583027,25.659199739288866,9
1322,1325,-0.014392438266452673,3,25.69921599264509,25.355040828967358,3
1328,1332,0.016753088151508284,4,25.35692777395187,25.807091547974267,4
1337,1339,0.0026932684886819113,2,26.12117921964783,26.217651747746967,2
1342,1344,-0.003127829306013444,2,26.46370053794345,26.40739030039325,2
1348,1351,-0.01051516223720612,3,26.344029045218136,26.093361334871215,3
1352,1354,-0.015503418697366812,2,26.017271015919018,25.63993164101228,2
1358,1359,-0.0033624601994068732,1,25.783702678623946,25.722789707252357,1
1360,1361,0.00028133384965966395,1,25.83049633611593,25.863593825424907,1
1364,1372,0.019268809179056615,8,25.82125019246331,26.344616185379028,8
1374,1378,-0.0049095026585541926,4,26.688497486171713,26.584158734296707,4
1386,1387,-0.007718726791801925,1,26.633820982893617,26.454875616287794,1
1388,1389,0.0013160022542190305,1,26.486065545385987,26.547407332894494,1
1390,1397,0.022085125518644753,7,26.597704727169756,27.21171607930432,7
1399,1400,-0.00013529085938789162,1,27.312987680656672,27.33660547076156,1
1402,1405,-0.000984633361991938,3,27.44409103933201,27.444512762744473,3
1406,1408,-0.007007506843802564,2,27.459122968253915,27.294162099097314,2
1409,1411,-0.006383151612691746,2,27.286202134609663,27.139316371584506,2
1420,1423,0.009181045947279982,3,26.940446672283915,27.214728597694684,3
1426,1428,0.0065092948539589735,2,27.66167121188676,27.869390857170085,2
1433,1434,-0.0015378252492690672,1,28.000058838779918,27.984999700155402,1
1435,1439,-0.0043027063572641765,4,27.93749675626487,27.845227408121907,4
1443,1446,-0.010615926518088348,3,28.026123823960063,27.756626676682018,3
1450,1451,-0.003705437867064243,1,27.585738225870404,27.511106725083213,1
1454,1455,-0.002018014931528099,1,27.892835665682224,27.8644403424919,1
1456,1457,-0.003185460785875924,1,27.885358196998048,27.824415840158405,1
1459,1462,-0.010463820917584861,3,27.456195014567644,27.19635450187149,3
1466,1474,-0.004327333104090699,8,27.015304296626365,26.925415380323116,8
1477,1480,-0.0014292768244757344,3,26.433908452429687,26.422560988150746,3
1486,1493,-0.012634672893185088,7,25.95548580675792,25.653502219612584,7
1494,1496,-0.00620357508308575,2,25.54327589472079,25.410359540734635,2
1497,1498,0.0017227219378063941,1,25.46750845644486,25.536849400420493,1
1502,1503,0.0014617646587376455,1,25.759422377155452,25.82283601279303,1
1511,1514,-0.0032178054367753926,3,25.771306571056225,25.71415082723013,3
1515,1519,-0.005046915064296201,4,25.809070570282188,25.70462345379583,4
1521,1522,0.0019806779633153838,1,25.737706297128227,25.81442211111436,1
1526,1529,-0.015138991335070854,3,25.909627849771553,25.543291846108723,3
1536,1537,-0.001728702451407459,1,25.298365391582468,25.27993041070502,1
1538,1548,0.015618838106234576,10,25.303661533900968,25.724178988427823,10
1551,1554,0.005105607152180377,3,25.74134456955345,25.898511107064056,3
1555,1557,-0.00390992978007354,2,25.823844173856994,25.74869860065951,2
1564,1572,0.0184664940822371,8,25.88819890703117,26.39215137785467,8
1574,1575,-0.002602490847033263,1,26.42625386636002,26.3839060364178,1
1577,1578,-0.002190758282721886,1,26.48849099025542,26.45694960021197,1
1582,1585,-0.002002804210475621,3,25.92606517095367,25.900066403639173,3
1586,1593,0.014382107202978417,7,26.011682606815047,26.411797097202925,7
1597,1602,-0.003726523927566956,5,26.18126590278553,26.109882054847592,5
1604,1610,-0.030020413720005492,6,26.187127545712954,25.427166270197812,6
1612,1618,0.007146827401575603,6,25.33945300131181,25.545889151363834,6
1621,1622,-0.0028013293490121794,1,25.613762654503173,25.567623832094984,1
1627,1631,-0.01725608445130068,4,25.26262724761971,24.851955845620676,4
1633,1635,-0.0189250474811679,2,24.37498860626207,23.938065778141898,2
1636,1637,-0.00585449807686654,1,23.79769448426831,23.68216862216057,1
1641,1647,-0.04656339087045498,6,23.29672923772446,22.235251257462863,6
1648,1653,0.06007912870147782,5,22.820633425332343,24.214497831367463,5
1660,1662,0.03731123161554212,2,26.035396592603966,27.032844701665713,2
1663,1669,-0.014100590167692835,6,27.190238433696987,26.834030263415272,6
1670,1671,0.009664197498503918,1,26.74193873385581,27.02712005000654,1
1674,1679,-0.0440293314356111,5,26.766941657546536,25.6151780534463,5
1684,1691,0.023642962894317898,7,26.444023158988234,27.095682240471664,7
1693,1695,0.01265907033956375,2,27.562072023867824,27.938544304345957,2
1697,1700,-0.01261970365228448,3,28.084863947506065,27.758526151321316,3
1702,1705,0.013969335462680064,3,27.700316898621672,28.114972234699685,3
1706,1708,0.02870873298308081,2,28.963087930888154,29.8235445765924,2
1712,1714,0.001291970123840773,2,30.58917866350197,30.659288147111543,2
1715,1717,-0.019228723864223494,2,30.88244016850015,30.319492694415157,2
1719,1720,0.00866441595198663,1,30.47714147331093,30.77168524553655,1
1722,1724,0.003504864189018032,2,32.09051852791393,32.23508195563735,2
1725,1730,-0.017179298331342914,5,32.45395179603057,31.928869627891572,5
1734,1738,0.0022925855819762564,4,31.159752332665626,31.26234848393411,4
1739,1741,-0.0077591933988729374,2,31.147001193203028,30.936472588343243,2
1745,1753,-0.013998173909274148,8,30.874252191980833,30.472943292670678,8
1757,1759,0.012097826465231516,2,30.358222487961623,30.755849217901833,2
1760,1761,0.009220347074596656,1,30.98845419776636,31.305166954972773,1
1762,1766,-0.024981741522645214,4,31.42645951371561,30.672798284685808,4
1774,1775,-0.008023067376850736,1,34.16354304853416,33.92361018387236,1
1786,1792,-0.006620301309734968,6,31.875898679523456,31.69674652442595,6
1794,1795,0.002678023094162362,1,32.60302724379151,32.72294193093378,1
1797,1798,0.01883120755382652,1,34.03094161525709,34.70581628168141,1
1800,1802,-0.004372672914490855,2,35.0285268490097,34.91038708527153,2
1803,1805,-0.00746862484188833,2,35.095008219093735,34.86799177710143,2
1807,1812,-0.03423771087876444,5,34.40295320442093,33.259477792436726,5
1814,1819,-0.028300917408897057,5,33.300004815891825,32.39088413469729,5
1820,1824,-0.042404593321304515,4,32.25991566287293,30.924206974272092,4
1825,1826,-0.02539345551847293,1,30.629519510522936,29.882359688790796,1
1828,1832,0.022422138907670353,4,30.53165566530541,31.246772345379355,4
1833,1834,0.010069127111133658,1,31.569840067293065,31.919290639876092,1
1840,1844,-0.005682130197757562,4,30.00416755674597,29.86368413776995,4
1845,1846,0.008860951381364914,1,29.930267431549254,30.22540834352301,1
1850,1851,0.0012526377685582362,1,30.405954476032413,30.474448077474186,1
1852,1856,0.024791508300456427,4,30.366684701502965,31.149887302039122,4
1859,1860,0.003960459380152325,1,30.632713565565478,30.784665896911307,1
1861,1865,-0.0031222188417101577,4,30.913430693197572,30.847825628118567,4
1869,1872,-0.021391867180776125,3,30.482587427225923,29.860990553083536,3
1873,1875,-0.009401757046024355,2,29.748558050779906,29.4986178935677,2
1879,1881,0.01354746959043501,2,29.81401304731212,30.247731495486725,2
1882,1883,-0.000976310730787587,1,30.520930323254074,30.521653341789115,1
1886,1890,0.028196396162249792,4,30.373934126356072,31.260743540115243,4
1892,1902,0.0064050802274999525,10,31.641677039899747,31.875986196912848,10
1903,1905,-0.0031039804153607,2,31.945081070741338,31.87786924580139,2
1906,1907,0.004558532698762068,1,31.86120663879986,32.038308197723644,1
1908,1909,-0.0067837663754547715,1,31.904153448617727,31.719627278664262,1
1910,1911,-0.0023266459206645845,1,31.550915335837736,31.509058442714213,1
1916,1917,-0.0022855694715718704,1,31.49156212774982,31.451077536866276,1
1919,1920,0.01199144355601062,1,31.583569350302966,31.993885508814774,1
1923,1924,-0.003945087479614184,1,33.1664401209162,33.068762053372716,1
1925,1926,-0.008886717337265052,1,32.715338443866884,32.457321816967145,1
1927,1929,-0.0021860519432260464,2,32.6119947362495,32.57331521652009,2
1932,1939,-0.027025892840838527,7,32.532520390534685,31.685832501008235,7
1942,1945,-0.003689405389387353,3,31.516798145762365,31.43203669897292,3
1947,1948,-0.002398625536043528,1,31.360831087996594,31.316969028805374,1
1953,1955,-0.003885327234849101,2,30.742064650443762,30.653363734052345,2
1956,1958,0.00809984829916266,2,30.626735795667305,30.905434445306412,2
1969,1971,-0.005440065996835744,2,34.34553693826346,34.19304048756081,2
1973,1977,-0.01476681623918557,4,34.262987955989715,33.791295696994176,4
1992,1995,0.011376882538456933,3,33.3254482350317,33.737913393378115,3
672,676,-0.0059356977676975065,4,27.03482376188604,26.901388042594405,4
677,678,-0.007161136966357383,1,26.85246121165671,26.687019520247894,1
681,685,-0.006562276193657151,4,26.30666920776802,26.16034424789924,4
689,691,0.004920779616936308,2,26.331508418818224,26.48741147714755,2
698,699,-0.0031190607651592817,1,27.13813546923913,27.08062811112669,1
703,704,0.007227101328534773,1,27.156035270999713,27.37945072485549,1
706,707,0.0033627129456319784,1,27.565639371607727,27.685900343348862,1
708,709,-0.005669758058085682,1,27.80607742701265,27.676229772884103,1
710,715,-0.01652815203061803,5,27.641750324201816,27.212525022775225,5
718,720,-0.01193018638209141,2,26.88185719735945,26.588033487895547,2
721,723,0.0007400095672619586,2,26.75728409190838,26.80384202222225,2
724,725,-0.006714741927677724,1,26.598212755976622,26.44621083433875,1
726,729,-0.011236946636368768,3,26.40001334072792,26.129757812959465,3
736,742,-0.013533582721450027,6,26.547572808225294,26.214836608379684,6
750,752,-0.005984244369579618,2,26.371993796172625,26.240549334579462,2
754,763,0.02526925774827348,9,26.203350366771254,26.891692931424284,9
766,767,-0.0006553834039026009,1,26.938993378871242,26.94827700307176,1
768,774,0.011108914555820602,6,26.92883466705564,27.254913625126836,6
775,776,0.0001867591011788035,1,27.189921397782054,27.22218928446121,1
779,782,0.006228709094182111,3,27.575256868715833,27.774590378817127,3
783,787,0.013571518747694612,4,27.79735419193373,28.2024038596778,4
788,791,-0.014657288890411107,3,28.22157340612001,27.836143225170687,3
792,793,-0.0033673639085344534,1,27.81703187068516,27.751178833391947,1
796,798,0.008954101053977637,2,27.666268740153065,27.94166157497905,2
801,804,0.008902430036196469,3,28.08194258996339,28.360022061740988,3
806,810,0.0019367303037202735,4,28.543957943986353,28.627783850268575,4
812,816,-0.004931430404793159,4,28.655315943063453,28.54265956270594,4
817,818,-0.0036662094670286732,1,28.422618702112633,28.346838047051314,1
821,823,-0.0015753616532355051,2,28.499360310713588,28.48296287164906,2
824,826,-0.0040740895036184,2,28.635157004560007,28.547129968977824,2
830,833,-0.010527652177613,3,28.1732683991586,27.904843297144883,3
839,840,0.0009496489932216993,1,28.673812339510167,28.72971620886972,1
851,852,-0.004428681911133783,1,28.213868803644235,28.11713242203408,1
853,855,-0.0009680950017465666,2,28.126970487274992,28.127867878219263,2
860,862,-0.0034832572375375756,2,27.814403918530573,27.74533359869209,2
864,865,-0.0012015439695100385,1,27.87408103781091,27.868463184872105,1
867,871,0.0066420858843355855,4,27.73002788027553,27.941943134911615,4
872,873,-0.003843187847131215,1,27.958535223872186,27.879043856300083,1
877,878,-0.0031879020077935265,1,27.654115991379847,27.59361149547855,1
881,883,-0.0035481730021097303,2,27.251772810572554,27.182330578837025,2
888,894,-0.011620110609181996,6,27.274078149673436,26.98442442296043,6
895,899,0.005433872936483668,4,27.094853362948335,27.269178206718202,4
901,903,0.0012438107012269356,2,27.420108160631244,27.48163369275087,2
905,906,-0.0030712638610668887,1,27.64602725207525,27.588765034925956,1
910,914,-0.0034464602089069466,4,27.815528739110363,27.74747915486042,4
916,924,-0.01646206938945269,8,27.510439561437646,27.085071236004353,8
926,927,0.0008161921694865171,1,27.09124073151567,27.14044363079392,1
929,931,-6.9830122831683085e-06,2,27.211535066454715,27.238556583037557,2
933,938,-0.006494348372490767,5,27.336124584980087,27.185930393356397,5
941,944,-0.015380462810653223,3,27.06479062536317,26.67558641029702,3
947,951,0.008967219545476197,4,26.37600219199873,26.638897596578342,4
959,963,-0.009124293164032283,4,26.81756006659147,26.599686346666434,4
967,968,-0.0027542179134341068,1,26.45302695278047,26.406622579035346,1
977,978,-0.0006139399197099007,1,26.134562156423495,26.14465166758795,1
980,981,-0.0025300258979932336,1,26.171991699764295,26.13194787466159,1
982,983,-0.007252897456295237,1,26.04907930767537,25.886197085933574,1
985,987,0.004779097104480376,2,25.751343903285573,25.90016342027353,2
988,989,0.0007398541588297172,1,26.03185191818862,26.07714354401052,1
991,992,-0.0009484253244803489,1,26.352967301869523,26.354326447607097,1
994,995,-0.0032673043953269066,1,26.363533694427474,26.30375953860575,1
996,999,-0.001027664891997585,3,26.24323650639377,26.242510490090154,3
1004,1006,0.0018754713407152734,2,25.980350599473027,26.055056353043547,2
1009,1015,0.028059349770480153,6,26.030384787500356,26.786810843700515,6
1027,1029,0.003412987711454891,2,27.55127260274472,27.672856030175577,2
1032,1035,0.007832106439233391,3,27.9613202843041,28.20827764123657,3
1037,1039,0.004210289536161426,2,28.303155240766625,28.450622874357943,2
1045,1047,-0.011601780065275187,2,28.453054112933415,28.15140109104272,2
1049,1052,-0.009458055249141676,3,28.048682054395773,27.811444751914085,3
1053,1056,0.008526519296503995,3,27.842305640965915,28.10754590291374,3
1057,1062,0.040087305447914674,5,28.264340408543248,29.425645996192902,5
1067,1069,-0.00021760062598301247,2,29.292807239809537,29.315725913857165,2
1079,1082,0.004390668897584383,3,29.07647969964118,29.23322137440928,3
1087,1089,-0.0017163758033637982,2,28.50658557909486,28.486164150949477,2
1092,1094,-0.01383704617178997,2,28.410781870287234,28.046071351641704,2
1102,1107,0.0030268585602726116,5,27.922992263169462,28.035434203592832,5
1109,1110,-0.0004482826272793432,1,28.241188896692655,28.256770051233246,1
1111,1116,-0.03928394203934698,5,28.136570599008856,27.059391761010406,5
1119,1123,0.012126830655016959,4,27.149475751889053,27.50586232245659,4
1124,1126,0.0006561491498596811,2,27.507928570795357,27.55348580331228,2
1129,1138,0.004573574490633486,9,27.68341113134892,27.837706685444324,9
1140,1141,-0.002710823441768026,1,27.903801772283444,27.856063294096973,1
1143,1144,0.000991456884938539,1,28.15135956376531,28.207421782588952,1
1145,1147,-0.000288741885100383,2,28.293038144293682,28.313161797268975,2
1152,1154,-0.002318902447320502,2,28.683636876064362,28.64580595719047,2
1157,1159,-0.009613423522507852,2,28.597812897446456,28.351487823143312,2
1162,1167,-0.01357231590549755,5,28.210801958165696,27.856126844000208,5
1168,1172,-0.008909473370685806,4,27.862543982662334,27.642165932991904,4
1173,1174,-0.010449341443046725,1,27.69949600704259,27.437754011471736,1
1177,1179,-0.005248432509939808,2,27.055919835946437,26.940974586529077,2
1181,1186,0.0011765698829545959,5,26.666147945260455,26.72418867977252,5
1187,1188,-0.003917285440531467,1,26.84561776411978,26.76730143427444,1
1191,1193,0.003534578772002561,2,27.020324408233733,27.142850197707933,2
1194,1195,-0.004348199446513462,1,27.104466528116916,27.013715368289432,1
1196,1199,-0.005373019177861884,3,26.937678953182374,26.81987996651302,3
1202,1207,-0.003112355468773301,5,26.97763908796,26.920652724497955,5
1209,1211,0.006934760715459883,2,27.324056836409905,27.540866689182444,2
1212,1213,-0.0008116430252360482,1,27.658720823360774,27.663930536340903,1
1221,1228,-0.011660662334807604,7,27.901492103611492,27.60404371765759,7
1234,1238,-0.009363010651998845,4,27.740478221729234,27.50848430686937,4
1242,1248,-0.0182342787390327,6,27.514640899631125,27.040445908962493,6
1250,1252,-0.007464610480117239,2,26.854562652691754,26.6809583655282,2
1262,1263,0.0016717408556368098,1,26.72165797281192,26.793051318148233,1
1269,1273,-0.009269055488817613,4,27.10538134817592,26.881245445762293,4
1284,1291,-2.8861272600593825e-06,7,26.12549248689901,26.15154257788986,7
1293,1294,-0.002910330559961594,1,26.131195265419382,26.081276044535528,1
1295,1298,-0.0019537874302397156,3,26.05672777976772,26.0318752003382,3
1299,1302,-0.010919510709822198,3,25.99546123372707,25.737598977612347,3
1310,1311,0.001055278768188885,1,25.742487313167572,25.795395300782697,1
1314,1318,-0.014401647423860936,4,26.338089316315344,25.985115529479927,4
1319,1320,-0.004885401476412946,1,25.773472329214663,25.673332041774444,1
1321,1325,-0.018071380101749003,4,25.73879000368682,25.299393336174784,4
1327,1329,-0.0034848933636397956,2,25.366880938065286,25.303846943966047,2
1331,1334,0.010675635561516485,3,25.64709067612327,25.946536760070853,3
1335,1342,0.01773251770604287,7,25.935060323749433,26.42088930047136,7
1343,1344,0.0002245019599293901,1,26.400160330974174,26.432487379041902,1
1345,1346,-0.0037710779425821953,1,26.431325876918635,26.358082612787904,1
1351,1352,-0.005594595777312908,1,26.13349222538047,26.013419392355296,1
1358,1363,0.000609924545644633,5,25.74226665163907,25.783709758582074,5
1364,1370,0.01024771095996125,6,25.847826326333905,26.138555205795786,6
1371,1374,0.014453857552004144,3,26.2208299947218,26.62604296635555,3
1381,1384,-0.0021742224819050492,3,26.653992007618537,26.622694290970674,3
1389,1395,0.02494999253834871,6,26.53427498916637,27.22283922714573,6
1396,1397,-0.0031892958622647635,1,27.281350360727952,27.221623413266215,1
1399,1403,0.003662175367105582,4,27.351647212799985,27.479165388685264,4
1404,1405,-0.002835851209667486,1,27.54500845592336,27.49443991882925,1
1409,1415,-0.007174653619062813,6,27.205884081814226,27.037897171208648,6
1416,1417,-0.001816631809905231,1,27.129441424216648,27.10728665936467,1
1418,1419,-0.0070254131973113984,1,27.144671552397504,26.981113690189005,1
1421,1424,0.010342120492230038,3,27.004068902325525,27.310352305596183,3
1434,1437,-0.007251667316034259,3,27.956372373198217,27.78159843375781,3
1440,1445,0.0004748179293715452,5,28.0014383557391,28.042735379074337,5
1452,1456,0.0088107883070811,4,27.694272093112133,27.96597473393636,4
1457,1459,-0.017407135878507847,2,27.88612074612708,27.428589373920897,2
1460,1461,-0.00496231976854367,1,27.486199421720606,27.37729031038979,1
1464,1467,-0.000779883789773515,3,27.046475681261658,27.0524290489886,3
1468,1474,-0.00201572306201123,6,27.03004209113539,27.00258705401629,6
1477,1478,-0.006176721517986618,1,26.447790083901516,26.31087723987099,1
1479,1480,-0.0015432102901668772,1,26.369935873413407,26.35561145289593,1
1482,1483,-0.008655994409108027,1,26.14071668287805,25.94058350210386,1
1485,1489,0.004226702998272452,4,25.911746854417164,26.047179859391623,4
1492,1493,-0.007236041114332847,1,25.850712805996483,25.68950669810348,1
1498,1509,0.009482298882707879,11,25.55801736951743,25.82592414643415,11
1511,1512,-0.005726354871972624,1,25.790107543776514,25.66821434333829,1
1513,1521,-0.00040743931221947716,8,25.686097750770937,25.70131832252053,8
1522,1530,-0.01567321087828669,8,25.826853682889595,25.4478908124779,8
1531,1533,-0.0015747929532846303,2,25.380750057075417,25.366161380793532,2
1534,1539,0.0003442300033627602,5,25.349117903688743,25.38319294853366,5
1543,1546,0.0006042386072033596,3,25.73820368211484,25.779493902141752,3
1556,1558,-0.003929258124421471,2,25.79250418431916,25.71695128188807,2
1559,1560,-0.004572188276353677,1,25.757468901376598,25.665458372938556,1
1562,1565,0.0050903315991184805,3,25.79442871578258,25.95152534007152,3
1566,1571,0.011488936605912537,5,26.020273558978637,26.345239105925224,5
1574,1575,-0.004855744193146371,1,26.471773142411866,26.369704756835723,1
1576,1577,-0.00044387629288485206,1,26.490773532461823,26.505505679643043,1
1580,1587,-0.007556011153647087,7,26.190192830836505,26.018489634521373,7
1588,1589,0.0015129796406346653,1,26.09947123560709,26.1650586754535,1
1590,1592,8.566287756125567e-06,2,26.316246585236946,26.342788264363094,2
1593,1601,-0.015853224869927247,8,26.439731150861114,26.047015878576953,8
1603,1606,-0.008020552240486688,3,26.253158837168485,26.06884716407435,3
1611,1615,-0.0032865705092837345,4,25.37926987288935,25.321238382850847,4
1618,1622,-0.002357893743071506,4,25.58028806168191,25.545552748576984,4
1623,1625,-0.008225702644937063,2,25.575590725812717,25.390789112259384,2
1633,1636,-0.025468203704124854,3,24.38671276801694,23.79001371233512,3
1641,1644,-0.028971501730618278,3,23.292916751724825,22.641378890492806,3
1646,1647,0.012249559792287455,1,21.938870703086838,22.22955108224265,1
1653,1657,0.025669403492739617,4,24.24123541389419,24.887734702309825,4
1662,1669,-0.010628917557876708,7,27.096327667667058,26.83541936243388,7
1671,1675,-0.0156600200152593,4,27.035005851097615,26.638672124207872,4
1678,1683,0.018702433552527355,5,25.812495610880656,26.321064590478937,5
1685,1688,0.0005529571345083094,3,26.502385264447373,26.543542332725284,3
1690,1694,0.02573005784985714,4,26.97462560303355,27.695658905880876,4
1699,1702,-0.007420670826098634,3,27.820948592950227,27.642319439965082,3
1703,1705,0.01789620407927227,2,27.636351517533694,28.158573655815516,2
1706,1708,0.02844504848123202,2,28.937170346145436,29.789226729897358,2
1709,1711,0.0028870393496453015,2,30.126917540024966,30.244022053986562,2
1715,1723,0.04369878909605693,8,30.907401969712517,32.28892541186375,8
1726,1730,-0.015088324645004876,4,32.38262475010713,31.926407819770247,4
1734,1738,0.0018374786243184537,4,31.1475389844945,31.235919460563128,4
1739,1741,-0.009017602529998215,2,31.190773091632767,30.940697870380692,2
1742,1743,0.006621213890062613,1,31.140404354671247,31.377732036881234,1
1749,1750,-0.0037685270407400865,1,30.329746603836476,30.24577788022496,1
1751,1752,0.003518024875930001,1,30.256198124652286,30.392896380430532,1
1758,1764,0.018888822252062697,6,30.547861215552665,31.15542219744947,6
1765,1774,0.10390842830259557,9,30.8212393372302,34.05464711443715,9
1775,1776,-0.011616299724102604,1,33.863190448082385,33.503688668671174,1
1778,1781,-0.008180838887490688,3,33.74075470233158,33.49846777887179,3
1786,1787,-0.0011144507901177242,1,31.96924380735447,31.965584902141252,1
1789,1793,0.018452090952269927,4,31.852891251274418,32.47249658898697,4
1795,1796,0.011248415819462568,1,32.729511926408804,33.13039659805152,1
1800,1801,-0.004703682779051305,1,35.06205950524287,34.93220075925523,1
1803,1805,-0.006166599195992213,2,35.14273517226849,34.96116674498248,2
1807,1808,-0.007365247167615748,1,34.426770555926716,34.207635652155446,1
1812,1820,-0.03372794062852421,8,33.24648214527713,32.15839325151921,8
1823,1826,-0.05032075310907887,3,31.381331254880667,29.833580363824478,3
1831,1832,0.013651989312655578,1,30.791008409267047,31.242157935405515,1
1834,1841,-0.06404693723816131,7,31.964047373327816,29.948812084704002,7
1844,1845,0.001919036728998976,1,29.87560602425895,29.962814015544865,1
1848,1849,-0.00024081121936490835,1,30.134017854132196,30.15689526240251,1
1854,1857,0.017929404869365045,3,30.43787808877669,31.014049006483518,3
1861,1868,-0.021280782168463373,7,30.962053687818525,30.33411902148761,7
1869,1872,-0.020644148729919525,3,30.457236949073668,29.858930456543664,3
1874,1877,-0.0021880798649489925,3,29.69974522304461,29.664459553750994,3
1878,1883,0.024842239243019697,5,29.779107829063594,30.548666658025937,5
1884,1886,-0.0021061688261941785,2,30.39476983013165,30.36114808326621,2
1895,1896,-0.004898241684082716,1,32.07217448470925,31.947149397233783,1
1897,1899,-0.010475550697689823,2,31.914925849841318,31.612514351938135,2
1900,1902,0.0030691522846259776,2,31.677484308748408,31.806384816394555,2
1912,1914,-0.003756097312371339,2,31.26848650369049,31.18230751207575,2
1917,1922,0.049641508550585,5,31.50139691964609,33.09667518110772,5
1923,1928,-0.021219020416362325,5,33.20383977859615,32.53249066421109,5
1929,1930,0.0015045626050376572,1,32.60976616614202,32.691439367040765,1
1934,1939,-0.022848848419572028,5,32.37147207030903,31.66419268392644,5
1940,1949,-0.010829976098470806,9,31.63425801679813,31.323294016600148,9
1951,1957,-0.006401227065942172,6,30.949786882784135,30.7826200561877,6
1958,1964,0.07052929910203676,6,30.926115218862037,33.13823856441607,6
1965,1966,0.006832242481129225,1,33.23929083955183,33.499629025307975,1
1968,1970,0.0013085828168784858,2,34.12497147366718,34.20375179643776,2
1972,1976,-0.013335737995880306,4,34.244210727600496,33.8217831161891,4
1979,1981,-0.0052716606372228796,2,33.83750488167653,33.692962544011635,2
1985,1986,-7.808496546393674e-05,1,33.168426879437355,33.19900535084942,1
1989,1995,0.008375906086251824,6,33.4629059014633,33.7766509645685,6
1996,1997,-0.003853945262782164,1,33.90070097715288,33.80395023219414,1
674,677,-0.012969534072799507,3,27.11827947846243,26.793686308249274,3
678,682,-0.01999719285952621,4,26.743568740385147,26.235516007272054,4
692,696,0.010901630836989237,4,26.61294160265829,26.92967900909948,4
699,701,-0.00565132406035549,2,27.090016029680513,26.964011586326244,2
704,708,0.014859650063610175,4,27.326897989249794,27.760293028683268,4
709,710,-0.005672679874559575,1,27.757748618442996,27.628045545110513,1
715,724,-0.025504562593002045,9,27.274369807865757,26.606023305724225,9
725,726,-0.0038742932361434386,1,26.473885103568726,26.3977913946811,1
728,736,0.010669008180208692,8,26.225489751451768,26.531515205891438,8
739,741,-0.012011460237005302,2,26.51453440952916,26.22257066817592,2
743,745,-0.0014738254508360497,2,26.344242897308877,26.331760324541126,2
755,756,0.000547143130564668,1,26.290087862369298,26.330762391207504,1
769,774,0.007149976243213564,5,26.984107228837175,27.204027061696525,5
780,782,0.002637556778927605,2,27.73511970099363,27.836007773676346,2
783,784,0.006895527509476249,1,27.77662155163106,27.995932631212273,1
785,787,0.0053968672852668315,2,28.05399397459004,28.233451650867167,2
789,790,-0.006676706383130519,1,28.14732038801941,27.98753631470472,1
791,795,-0.008930283735380129,4,27.830933128457083,27.610225932128028,4
800,802,-0.0009490603763992517,2,28.125118125771095,28.12655080870215,2
804,805,0.001455028734209465,1,28.393249910842403,28.46295615523111,1
812,815,-0.003831485974060062,3,28.63690964907946,28.555824641067666,3
816,817,-0.0026242496424400265,1,28.502513868903783,28.456218670943574,1
823,826,0.0014336534919648144,3,28.442622388204455,28.511841875500146,3
832,834,0.0036554729815017973,2,27.935367500686116,28.065419849313884,2
836,837,0.00235100859841563,1,28.41503737722189,28.51025641179726,1
841,844,-0.0014862058641173545,3,28.70603066081005,28.692073620367232,3
847,848,-0.0026914585630458503,1,28.64690491634793,28.59844986372241,1
850,866,-0.022504156131287506,16,28.308250971929052,27.69950592322502,16
870,873,0.0027743309115137367,3,27.801566860568755,27.906499173759116,3
874,880,-0.023330457830230352,6,27.904190753425453,27.281077398519383,6
881,882,-0.0015758692815863906,1,27.21716021083232,27.201486684334885,1
888,890,-0.00856402800074588,2,27.323687080818626,27.117009946655696,2
896,900,-0.001699330209752122,4,27.33988935005356,27.320769739499788,4
904,906,0.0020581233050048354,2,27.540461744837295,27.624683872729776,2
908,911,0.003021631637238704,3,27.756955792315356,27.868584043883168,3
913,916,-0.016416607624247254,3,27.92736673421392,27.496821479294088,3
928,931,-0.0010636057411905566,3,27.203584160026022,27.201853855892484,3
933,937,-0.002424366122825315,4,27.304534482681113,27.265642828764467,4
938,939,-0.003983449230443051,1,27.231920742327485,27.150675689345302,1
942,947,-0.025608651608146193,5,26.994022507406353,26.329736012019133,5
954,956,0.001785005344363628,2,26.65266797447494,26.726895797225403,2
967,968,0.0007776889862066731,1,26.415877069346582,26.46283628307375,1
970,971,-0.007291515841548395,1,26.40234579257466,26.23623501576664,1
974,980,-0.003802317921982986,6,26.20989012522345,26.13644168039233,6
983,985,-0.00747953839915538,2,25.91834871246967,25.750409776744522,2
990,992,0.0033138957175106506,2,26.241714596297395,26.3549186165145,2
993,996,-0.006332554684961515,3,26.368264799449918,26.227654585459305,3
998,1001,-0.00717699769818183,3,26.22478414374984,26.062793712458582,3
1002,1004,-0.003138237177067709,2,26.05665808096867,26.0009427659498,2
1006,1010,0.0012888331968704662,4,26.09073244518528,26.150449779736487,4
1011,1012,0.003672366427724774,1,26.250910668056253,26.37356454175888,1
1014,1015,0.0050366641468278,1,26.647967967924654,26.80883280074244,1
1016,1019,0.0071240523038371166,3,26.920282523381847,27.138984306635873,3
1021,1023,0.006365764641979286,2,27.47648774569188,27.678873087614875,2
1025,1026,-0.005252477870597569,1,27.765724927379825,27.647651796565043,1
1029,1034,0.016879791571864713,5,27.704663676823465,28.20001728893368,5
1035,1037,-0.001101971082007494,2,28.268991305570573,28.266108685939884,2
1039,1040,-0.004258108658364481,1,28.49281840594327,28.39998570759366,1
1042,1043,-0.0021348006598687543,1,28.44317428649374,28.410896953544665,1
1044,1046,-0.006809529306114092,2,28.460944829269845,28.295600136204506,2
1049,1051,-0.008720857049702196,2,28.037342330375058,27.820870018188668,2
1057,1058,-0.0016467917423561062,1,28.273133919881506,28.254847090331598,1
1061,1066,0.0020312094364553133,5,29.153720719461774,29.24209175281439,5
1067,1070,-0.005444959092490972,3,29.294065911965355,29.163854987333934,3
1071,1073,-0.008533870507445444,2,28.936598679949782,28.718594092569123,2
1074,1079,0.016058413033618796,5,28.615718668044213,29.103857416337547,5
1080,1081,-0.0024529806670515945,1,29.23089720515083,29.188425276631172,1
1096,1104,-0.0030918192904594087,8,28.033547471269312,27.9749063558889,8
1105,1110,0.012470836515402185,5,27.90281170677681,28.27868592159885,5
1111,1112,-0.006337400171340226,1,28.149355107419417,27.99911073464596,1
1113,1119,-0.025615405399412386,6,27.848114894653,27.162622256911703,6
1121,1122,0.0024317783755450953,1,27.323526871583518,27.417295160245043,1
1125,1126,-0.004620535096723649,1,27.616975828901438,27.516987598647532,1
1128,1129,-0.0001699000873594484,1,27.60831406498581,27.631231724079306,1
1133,1134,-0.007863635112689452,1,27.673772434312408,27.483829758131684,1
1137,1145,0.015329173811231913,8,27.750581078224926,28.203725140013944,8
1148,1151,0.0025758394746795503,3,28.430227087448742,28.531889015742145,3
1152,1155,-0.002640891525789324,3,28.651179701515186,28.604166223539103,3
1158,1164,-0.015012017335233836,6,28.432501237151733,28.034104536932706,6
1165,1166,-0.003511879935607423,1,27.963843677602355,27.893601859746123,1
1169,1170,-0.007290113458063228,1,27.834562147067132,27.659479593106568,1
1173,1175,-0.018289846551448104,2,27.663892110096942,27.18558766049755,2
1178,1181,-0.01093046775727853,3,26.95648458468775,26.688794083669933,3
1188,1192,0.011536846958430172,4,26.762303156096454,27.097818055019548,4
1194,1197,-0.009338577211999932,3,27.140219952211215,26.91390913258904,3
1200,1202,0.0008580195644431665,2,26.861254050252388,26.911162785803235,2
1204,1207,-0.0033502617654691375,3,27.034355959189856,26.97081814602489,3
1208,1209,0.004964040902785459,1,27.124976760339056,27.286751231224823,1
1211,1212,0.0003789381933297024,1,27.571920282372695,27.6099402563135,1
1213,1214,-0.004596348941380746,1,27.704672698893855,27.60503702856189,1
1215,1217,-0.0028967721198018504,2,27.537199792008142,27.484967999185248,2
1220,1226,-0.0009675825595558211,6,27.76013426277667,27.761034175275856,6
1230,1232,-0.0006548295262449875,2,27.65523894506437,27.664784716992845,2
1235,1236,-0.005428458001529576,1,27.700572390138348,27.57790156869029,1
1239,1240,-0.0023349260562600446,1,27.47247634642187,27.435802621917045,1
1242,1243,-6.956981887867506e-05,1,27.50126907467994,27.52685708544616,1
1244,1245,-0.003587554852655131,1,27.62687948128782,27.555393415222294,1
1252,1256,-0.00533197582129852,4,26.672648895979645,26.557103625872276,4
1257,1261,0.0022102464910787483,4,26.440027878009573,26.524906884728978,4
1263,1266,0.002099551824671452,3,26.799847567957737,26.882915084387918,3
1271,1274,-0.00999353481068175,3,26.95475355432048,26.71233503991635,3
1278,1286,-0.025561621789232502,8,26.590730009925878,25.937618556322484,8
1291,1293,-0.004306192961293177,2,26.208244428178197,26.121594914921904,2
1294,1296,-0.010043512377613178,2,26.1273143173892,25.8910316269661,2
1297,1298,0.0006825715607604486,1,26.037800764862453,26.081611227934157,1
1299,1300,-0.0008263026843991845,1,25.97441349521878,25.978925181117205,1
1302,1319,0.0003390830122254932,17,25.746762664543496,25.781239717047388,17
1321,1323,-0.008343389338686353,2,25.723770653088728,25.534870989924023,2
1327,1331,0.009589790199344136,4,25.398974284570247,25.667944093522383,4
1340,1341,0.0006849058055278068,1,26.220783808729824,26.264963359594642,1
1342,1346,-0.004684521790763367,4,26.421252832731643,26.323903150930175,4
1347,1349,-0.004824561482856916,2,26.381295038535377,26.28039815366311,2
1350,1351,-0.004244403480587846,1,26.233147040506722,26.14803612694173,1
1352,1360,-0.009944613875122667,8,26.019394404668354,25.78666096845407,8
1363,1365,-0.001765971740696153,2,25.838614757986257,25.818823109262905,2
1368,1370,0.0008288681470427219,2,26.092657922433656,26.140377953379677,2
1372,1374,0.011367653071295461,2,26.361539624298562,26.687570000797095,2
1379,1381,-0.0014755769519438694,2,26.592443136240195,26.57979638318872,2
1382,1385,-0.004219590219616464,3,26.698225808895,26.61226846219957,3
1388,1393,0.017230137258302296,5,26.466238286481836,26.948721443155335,5
1395,1396,-0.00398305169608725,1,27.30434100697074,27.222890746219353,1
1399,1404,0.00530182931092501,5,27.33698302044348,27.50925602131397,5
1411,1414,-0.010986001491355469,3,27.199052813501144,26.927443031542065,3
1415,1421,-0.005876086982848247,6,27.070339671407105,26.938342340514076,6
1422,1425,0.01082720975368421,3,27.099326469904312,27.419835888247437,3
1426,1428,0.005977033552397302,2,27.658794346217196,27.85177068238961,2
1430,1435,0.0002997571711178472,5,27.85426600086787,27.890469782848722,5
1445,1447,-0.01631565019896791,2,28.043099100887442,27.61360080456326,2
1448,1450,-0.005582348109819485,2,27.65536288666687,27.528636386816782,2
1457,1460,-0.016012616692985315,3,27.854273230654034,27.436107703380543,3
1462,1463,-0.006447561015859569,1,27.26330798365954,27.114789449924384,1
1465,1467,0.00018192409547269851,2,26.95927526875202,26.99113908578864,2
1468,1470,-0.0008838205116383147,2,27.01638913961222,27.01952788987984,2
1471,1475,-0.010751775449313643,4,27.031848049452194,26.76823953729397,4
1476,1478,-0.010849679761958449,2,26.613794117851427,26.351656768539897,2
1479,1480,-0.0015535659095849527,1,26.379194089764212,26.364591467193794,1
1489,1491,-0.006439750843315656,2,26.071005269674934,25.929185496773133,2
1498,1499,0.0017227199077716432,1,25.532492863294262,25.60201068990819,1
1502,1520,-0.0018374683356474168,18,25.772774279305885,25.75119039692518,18
1527,1530,-0.012847203911824083,3,25.767038121579173,25.46177076674908,3
1531,1533,-0.004320047528495314,2,25.442115953782526,25.35764691959048,2
1539,1540,0.0016485186179648254,1,25.37848751815265,25.445702914840265,1
1542,1547,-0.0005846294550621146,5,25.688473427258558,25.69914366246466,5
1548,1550,-0.001484712875789599,2,25.713507809935486,25.701044141618294,2
1551,1552,-0.00038728566421106984,1,25.781275543507334,25.797072100627766,1
1555,1563,-0.0033525745577019875,8,25.844179494523477,25.783379135379977,8
1567,1568,-0.0012670625640676045,1,26.093199901138554,26.086231384268228,1
1569,1572,0.005950301412237922,3,26.220461365738583,26.402701475398406,3
1574,1575,-0.002076436981125129,1,26.413506098864893,26.3850736240989,1
1578,1580,-0.01269455982267648,2,26.47422892872305,26.164624474756867,2
1581,1586,-0.0013654970349099489,5,25.971465089986292,25.961972596503635,5
1591,1596,-0.005374608837378279,5,26.368939736316683,26.253585939513897,5
1602,1603,0.004202918691456526,1,26.10690495395493,26.242737057715942,1
1607,1610,-0.02027474415329797,3,25.926429179566327,25.426703890321587,3
1611,1614,-0.004657258567387508,3,25.390577426153893,25.297717519331176,3
1616,1618,0.0041951874653813085,2,25.416905456887125,25.548951045525527,2
1619,1620,-0.0030202631443940584,1,25.59921150588624,25.54749436235535,1
1621,1622,-0.0009437743242793935,1,25.5472417548295,25.548678165759963,1
1624,1625,-0.0035917393029935665,1,25.44479382301753,25.378847550809848,1
1631,1633,-0.019241038673238824,2,24.840246907265144,24.38713500277692,2
1635,1640,-0.026848085763842223,5,23.992286058559472,23.37213139084719,5
1642,1643,-0.01254052343729067,1,23.128901672640296,22.8619820408084,1
1644,1646,-0.032026167120847195,2,22.681698103110694,21.97797194717898,2
1647,1652,0.08119225517588834,5,22.238155273451785,24.06595940632836,5
1654,1655,0.004578070475501204,1,24.27441148137836,24.409815859372802,1
1658,1659,0.014763183869150504,1,25.081154447739898,25.476513296950184,1
1660,1662,0.038262842546535294,2,26.03137369883042,27.05343942563762,2
1666,1667,-0.011202838447198295,1,27.79223403107186,27.508674357166107,1
1668,1671,-0.012052525184157094,3,27.311847530132802,27.00998264748015,3
1672,1675,-0.019147266734073732,3,27.11216724415429,26.620155513435805,3
1676,1679,-0.029612608508777966,3,26.36866167908334,25.61418548555931,3
1682,1686,0.0059694064668047815,4,26.253089600480987,26.436058052916184,4
1687,1689,0.0057543511134081965,2,26.49915871549587,26.67814333767026,2
1690,1693,0.017187431660893825,3,27.022386984374386,27.51385480096692,3
1695,1698,-0.0017440973209280016,3,27.96055166661365,27.939746295026854,3
1701,1702,-0.007825249228577214,1,27.792514495169037,27.602823657050664,1
1703,1705,0.01757734429086558,2,27.67495566350026,28.189082843095544,2
1709,1712,0.012390260343386816,3,30.125700143322383,30.529091111268276,3
1713,1716,0.0039986519711856456,3,30.638261823110373,30.791411830966165,3
1717,1718,-0.006316285212262952,1,30.441678555533088,30.279841909991845,1
1719,1728,0.042499677492647665,9,30.546315585569438,31.875070462130346,9
1729,1731,-0.0064976793815048495,2,31.86385037578732,31.688673142560997,2
1732,1734,-0.007979046473636576,2,31.408572941293727,31.189371051065834,2
1739,1745,-0.010531755009346,6,31.138186083942603,30.841384522755035,6
1746,1748,-0.004870155649035066,2,30.48977953090763,30.371779338418254,2
1749,1750,-0.004618028636875901,1,30.367010060585734,30.257141348570237,1
1751,1754,0.003172416096984405,3,30.327693998904863,30.45423375753031,3
1755,1756,-0.003527257260583674,1,30.5086875560158,30.43158425387898,1
1766,1767,-0.008307645989319962,1,30.683030855515472,30.458810128143984,1
1768,1769,0.0074428945174426055,1,30.347618779658315,30.60384052387053,1
1770,1771,0.037850518275523055,1,31.36123489696762,32.57963512647523,1
1772,1775,0.008418792998997386,3,33.484194846736735,33.79957554673624,3
1776,1778,0.00234005960351324,2,33.564429978547615,33.67653717523391,2
1781,1783,0.010271229666209577,2,33.535070293079485,33.913051772225266,2
1788,1793,0.011818919250543208,5,32.09578376705855,32.50721702745137,5
1798,1799,0.0051313097628483285,1,34.84137251911276,35.05499576659023,1
1804,1806,-0.019715140098282142,2,35.294164242313826,34.63362901386714,2
1813,1814,-0.0012135003378303294,1,33.21320624040129,33.20611520964854,1
1815,1818,-0.028357131223982597,3,33.65788377681272,32.7371006336089,3
1822,1829,-0.031773044665145425,7,31.708357883243636,30.732595169844164,7
1830,1832,0.02297458708528137,2,30.581591981183195,31.314773021342614,2
1833,1835,0.01061003160601309,2,31.466159463232227,31.8314825691202,2
1840,1841,-0.007028719726191082,1,30.108170196251354,29.926656476669695,1
1842,1845,-0.0020414528491883013,3,29.98058339753786,29.949360033538166,3
1851,1853,-0.010814377387709236,2,30.51650370574245,30.217003221820868,2
1855,1856,0.003000389603695831,1,30.9663556343585,31.090233121502536,1
1857,1862,-0.007715390834848884,5,30.965955873811346,30.75800737754402,5
1867,1877,-0.029968846407841282,10,30.534124713528264,29.649586344504193,10
1881,1883,0.0040927932117656475,2,30.348178120576296,30.502735116098222,2
1884,1891,0.02893765482930047,7,30.35410511826101,31.26283583994381,7
1896,1900,-0.010234684466090879,4,32.01747618270205,31.721804892754214,4
1903,1913,-0.030490162524319707,10,31.95509923809391,31.012738168081757,10
1917,1918,-0.0036643195795937776,1,31.49099537801866,31.407093302452108,1
1921,1932,-0.005446436821249971,11,32.60671936508039,32.46173564747533,11
1945,1946,-0.005754878257258686,1,31.552186685298153,31.402159878859262,1
1947,1952,-0.019171397424970673,5,31.33589846146077,30.766481396849038,5
1958,1960,0.02239805007150764,2,30.92674189909899,31.6503673546027,2
1964,1969,0.035577671566612436,5,33.100633947213026,34.31137806438085,5
1970,1972,-0.0019074539629021763,2,34.27379437016598,34.24269247964108,2
1974,1977,-0.01369330379174043,3,34.1245294342259,33.69137641536708,3
1980,1982,-0.007652747174097695,2,33.777613709327056,33.55289978517457,2
1983,1991,-0.003792384139265063,8,33.41805458757174,33.32473854197631,8
1993,1995,0.007449743292193406,2,33.42082865062726,33.70322607333744,2
673,674,0.0014591479520690521,1,27.039675166778057,27.10616972858905,1
679,681,-0.010567213627821096,2,26.60161118367022,26.34710788663181,2
687,688,0.0011324718578581538,1,26.15000252552946,26.20576666999807,1
690,691,0.0009006849192303313,1,26.425226289220895,26.475452318316066,1
693,694,0.0010689294366171731,1,26.691848043731067,26.747071593866455,1
700,703,0.005409234721437309,3,26.946721915566414,27.119429781296578,3
707,708,-0.0003774539891130799,1,27.70799403496135,27.725243536117492,1
711,712,-0.00784482599843093,1,27.414161893706037,27.226516725650804,1
718,720,-0.009471282773099478,2,26.843531052113214,26.616131909942286,2
723,726,-0.017387211239471345,3,26.807040543913537,26.367747907815353,3
729,730,-0.004889391408957701,1,26.133725511514577,26.032081224026033,1
733,737,0.023428983634305817,4,25.966396142531956,26.60072880893977,4
740,743,-0.004550306962204941,3,26.390217523468923,26.29652415046125,3
747,750,-0.0019113034557944344,3,26.366673526489294,26.3426454857868,3
752,753,-0.003413695607574066,1,26.29893407764727,26.235456455980174,1
757,759,0.0022421143651257924,2,26.339393159365912,26.424788484296588,2
760,762,0.007579791607432217,2,26.56111531909158,26.789004153390362,2
764,769,-0.0026244892988673846,5,26.95075408502569,26.90697287341816,5
770,782,0.02887011768587946,12,26.989885595418446,27.796076654482018,12
783,784,0.0026945991742935815,1,27.803545615827957,27.90626857250263,1
785,787,0.006105946766620787,2,27.990689467467952,28.189589816784792,2
788,793,-0.018026573592605028,5,28.21786610889405,27.73741253496469,5
797,798,0.004628715676906929,1,27.82185576459112,27.978457080293918,1
800,810,0.0207155227301717,10,28.052052057821886,28.661217031911477,10
811,812,-0.0009179445679461794,1,28.664895654990907,28.667247765388655,1
813,822,-0.006308043083709801,9,28.620520557261237,28.468601601065092,9
825,828,-0.006848793262647517,3,28.610532600507803,28.443195510193195,3
830,831,-0.004570211204777439,1,28.178625087262425,28.078021444240658,1
835,839,0.012139225439804183,4,28.223652935817366,28.59448987447586,4
840,841,-0.004897264107566169,1,28.77065941904867,28.6585325607438,1
842,843,-0.0010592586877838281,1,28.659629231457078,28.65793089943645,1
844,847,-0.004580566233302765,3,28.69147830166922,28.588746563278725,3
850,853,-0.009296310686610677,3,28.286879879534002,28.05220313569855,3
861,862,-0.0007904058923038744,1,27.74929847272084,27.755114562173425,1
865,866,-0.007290690937509414,1,27.852066775547563,27.67685803149172,1
870,871,0.005940916186325894,1,27.72406256932207,27.916492963960188,1
876,879,-0.012140351849482069,3,27.72320089232509,27.414354679990712,3
880,883,-0.006919446858453516,3,27.308554597600185,27.146903059878515,3
884,885,-0.002298044717943703,1,27.133602336975066,27.09838170778277,1
886,890,-0.0032580583271600446,4,27.186140039768876,27.124752149868737,4
893,895,0.0018228954009605505,2,27.042177758009913,27.118514997234957,2
896,900,-0.0015373233885812056,4,27.326798941632312,27.312115613425917,4
909,911,0.002309117807838607,2,27.764274545968636,27.85614980129042,2
912,913,-0.003675530785134419,1,27.948316100301565,27.87353952018254,1
916,919,-0.006639016419729461,3,27.444665202686256,27.28990428497433,3
925,926,-0.002565780972869293,1,27.092889628899876,27.050468097818896,1
927,931,0.006154376993117566,4,27.09121966089062,27.28504045954799,4
932,933,0.001773597576958144,1,27.24269710530721,27.318257383988296,1
937,940,-0.006310672800600059,3,27.23766015644787,27.093009855503034,3
942,946,-0.020624735869855526,4,26.935729959159374,26.407123373249117,4
949,952,0.00023275085374781105,3,26.614419056038017,26.64722800385135,3
962,963,-0.004408450645814145,1,26.702037838443086,26.61102526032809,1
971,974,-0.004544678509687435,3,26.26699664578831,26.173888587263953,3
978,981,-0.0014858895734060464,3,26.144961629475358,26.132258065222494,3
982,985,-0.013012467720714974,3,26.06473805422766,25.75163622970236,3
988,990,0.0057528018237835606,2,26.04507954399899,26.220956804644295,2
991,996,-0.003445159444453689,5,26.31799780059924,26.253646099717994,5
1002,1004,-0.0018789130235304177,2,25.983971923138473,25.961134271812178,2
1007,1011,0.003231011043016433,4,26.108404929848938,26.218869879422673,4
1017,1018,0.002654745009050915,1,26.905985335546315,27.004319851165,1
1026,1027,-0.006393469734905418,1,27.675173005936042,27.525907797920254,1
1032,1046,0.011640851368280643,14,27.946735391028174,28.30000591933483,14
1047,1060,0.015460279698589138,13,28.180964862449812,28.64483142626185,13
1061,1062,0.009750945494617237,1,29.081206682172436,29.39385715013017,1
1063,1069,-0.01289866814275438,6,29.584071306349955,29.232060259564115,6
1070,1072,-0.015635959196782238,2,29.165516495320105,28.73865118594152,2
1075,1077,0.00214666474110337,2,28.618895872500325,28.70894994307163,2
1079,1080,0.006634898166221483,1,29.017855981896567,29.239404357320428,1
1082,1092,-0.03145795037322913,10,29.2257726688587,28.335615535291325,10
1094,1096,-0.003301577610244695,2,28.047117257478018,27.9825646403663,2
1099,1100,0.0007475975044684844,1,27.796762949446435,27.84534050300919,1
1101,1102,0.00031478802651857345,1,27.851051262593597,27.88766949131961,1
1105,1109,0.00743134725403504,4,27.952599724537727,28.18827779946835,4
1111,1113,-0.01304482943800235,2,28.133451023892704,27.794588404807524,2
1115,1116,-0.009085039451155626,1,27.310392996577843,27.089587391773946,1
1118,1120,0.0010629840018874562,2,27.175719745150065,27.231782820224087,2
1124,1125,-0.0022103489326424494,1,27.5908408332738,27.557446288520538,1
1128,1131,-0.0012687401789646413,3,27.616143450233004,27.608721882899875,3
1137,1139,0.0016482219828435935,2,27.783171636401708,27.856747642282343,2
1142,1143,0.003199716207555491,1,27.991527489348044,28.109083961019294,1
1146,1148,0.006251725264377968,2,28.216504936027093,28.421123277744126,2
1150,1152,0.004223836022481514,2,28.471900619236955,28.62063315932024,2
1161,1162,-0.002072578563921632,1,28.246227323887222,28.215931025947963,1
1163,1165,-0.007545085496460723,2,28.15251515559444,27.968254536960668,2
1168,1169,-0.004108005950823087,1,27.85271160529692,27.7661452118811,1
1172,1174,-0.009564673060720518,2,27.72880643499332,27.4913182735136,2
1175,1176,-0.0056066614210663465,1,27.275802359090775,27.15015197263452,1
1177,1178,-0.006110574711294236,1,27.080081274153542,26.94168649561406,1
1182,1183,0.00266887811853748,1,26.63934616930618,26.737082683558892,1
1185,1196,0.00614086972556977,11,26.684160124083437,26.87470823526576,11
1197,1201,-0.003379375038046851,4,26.936310515915434,26.872218931056786,4
1208,1212,0.016461993614133363,4,27.14831984718649,27.62238363499251,4
1218,1220,0.001500747330425789,2,27.646655026543673,27.715792325296505,2
1225,1226,-0.006172950874953276,1,27.9202764053676,27.775846187107515,1
1233,1237,-0.005030082934502294,4,27.706040250344135,27.59438261034859,4
1238,1248,-0.01888380858720894,10,27.477096795953347,26.985701656322306,10
1250,1252,-0.0072881673809966725,2,26.830547387788858,26.66183241489068,2
1256,1258,-0.00746350445637484,2,26.518323246294024,26.346921945816014,2
1259,1261,0.0027683433246543055,2,26.411716509753173,26.511244925355363,2
1263,1266,0.0018942290071180595,3,26.809885578172103,26.887479526689965,3
1275,1279,-0.008406717186695362,4,26.642457660804116,26.445124511752034,4
1285,1286,-0.0004115631680718947,1,25.97909761868015,25.994384676579237,1
1287,1290,0.0019113911297554348,3,26.05781947768067,26.13368398216876,3
1295,1308,-0.018933989792046208,13,26.018995189042126,25.552370794922545,13
1317,1321,-0.028223990204216762,4,26.416359966231767,25.69720124128001,4
1324,1325,-0.00710445299511322,1,25.50234558393156,25.346667714049318,1
1328,1331,0.011018331658154731,3,25.359714178164783,25.664495633913976,3
1332,1333,-0.00032580791265011423,1,25.900661218343714,25.91812323919425,1
1338,1343,0.003714559911958867,5,26.26768747076029,26.3915280570898,5
1344,1347,-0.002774195222621911,3,26.449452142624995,26.402525650992583,3
1352,1353,-0.008459081615431194,1,25.997722321940838,25.803803189326164,1
1354,1356,-0.00459481562161222,2,25.703833910510088,25.61143336683326,2
1366,1367,0.0012913108885503205,1,25.910469204619815,25.96983814483581,1
1369,1370,0.0001778735812238072,1,26.1504452817079,26.18124720034246,1
1372,1376,0.01173157602006944,4,26.40581553753521,26.742003185423272,4
1379,1390,-0.0008268299098499454,11,26.550304515292204,26.55490223391863,11
1394,1398,0.006716230812221392,4,27.137998853891222,27.347401916829646,4
1399,1400,-0.001107195239709739,1,27.347937615207872,27.345006046479643,1
1401,1404,0.003783749751016448,3,27.361951992461094,27.492844723492354,3
1405,1408,-0.00944923962880679,3,27.464390750431953,27.23233753172237,3
1409,1412,-0.009114668031315266,3,27.267411841316555,27.046145846151116,3
1415,1420,-0.007131231714634616,5,27.082496890809185,26.916447826960763,5
1425,1427,0.011338664756262884,2,27.421188754912414,27.759529610177484,2
1428,1431,-0.0006659959840303071,3,27.847119468377972,27.856420518113598,3
1434,1435,-0.0034869204228100887,1,27.974476048159435,27.904905752357855,1
1438,1440,0.0015744551308573885,2,27.856668498583506,27.928384241728278,2
1443,1444,-0.0022766919394962403,1,28.08997019278866,28.054107954262836,1
1445,1447,-0.014235521834650502,2,28.032785439199856,27.661756895433253,2
1448,1452,-0.001130164626467769,4,27.660572316272358,27.656971888208925,4
1453,1455,0.005895254958724177,2,27.72137701064965,27.912522972944995,2
1458,1461,-0.009577972478432426,3,27.626354599684454,27.389376490248946,3
1462,1467,-0.010429336791487321,5,27.24210815282586,26.985233140142743,5
1470,1473,-0.0014132022466621708,3,27.08361847616805,27.072427464165955,3
1475,1491,-0.03447715161064848,16,26.794838027983914,25.897823172938327,16
1492,1499,-0.011686290175002952,7,25.876537510322223,25.60001332176257,7
1502,1504,-0.0032415766806004223,2,25.76689811367858,25.70913963573555,2
1505,1508,0.0007022276840841504,3,25.633779481234924,25.67741401031559,3
1511,1512,-0.004067169908367236,1,25.740619689486955,25.661668835352636,1
1513,1514,0.0013406369229645044,1,25.674387012953037,25.734481431170035,1
1524,1527,-0.007111462271067925,3,25.914989457613054,25.75661097728773,3
1528,1531,-0.012170888096976522,3,25.63228892551109,25.345953494254836,3
1532,1533,-0.003072038699258498,1,25.4078500748503,25.35520402623025,1
1537,1539,0.0005837857979263616,2,25.298463520015652,25.33853086724801,2
1546,1547,-0.0032176819018953935,1,25.751789969234682,25.6946806906785,1
1550,1551,-0.0012620611524239791,1,25.738675595331383,25.731930488343004,1
1553,1554,-0.004562884290116946,1,25.961235455368417,25.868738577412458,1
1555,1556,-0.0032508458001573584,1,25.889623872436097,25.83135032127517,1
1558,1559,-0.0023653543556753443,1,25.752787035827346,25.7176253558772,1
1560,1562,0.0013315991260559527,2,25.691390054973375,25.751292077572714,2
1565,1568,0.006149604839517364,3,25.98609448256029,26.17188478943296,3
1577,1578,-0.0039353889618186574,1,26.521586970292777,26.443735796650266,1
1580,1583,-0.012560851916084196,3,26.207895061169967,25.904909467335507,3
1588,1589,0.00024446435458071853,1,26.10791208385007,26.14040244981095,1
1607,1614,-0.025909881366122392,7,25.92862585800996,25.282746863900357,7
1615,1617,0.003601691047375356,2,25.36740379534009,25.48413675028026,2
1621,1626,-0.012874841868640085,5,25.587753220349096,25.283902697083665,5
1627,1632,-0.023653962340275978,5,25.26828292633087,24.69585619651433,5
1633,1634,-0.009257529637108481,1,24.38485962663971,24.183500925576002,1
1635,1637,-0.009694049500314748,2,23.93609148984875,23.72798992559194,2
1638,1639,-0.00886953746647361,1,23.768487302289504,23.581440300942734,1
1641,1646,-0.05676537265333829,5,23.27623897649599,21.978230836003533,5
1648,1649,0.02862214064761203,1,22.822738931562302,23.49879731415677,1
1651,1655,0.017958460848428937,4,23.948172749932592,24.402193245403602,4
1656,1657,0.00870756265765582,1,24.653009842376907,24.892330480121586,1
1660,1663,0.03990487824563477,3,26.071749066295247,27.138210787502796,3
1664,1669,-0.013426230251632632,5,27.132605260209537,26.795449259919515,5
1671,1673,-0.008793179689447407,2,27.027777414343166,26.817145088346802,2
1680,1681,0.0009915532392366505,1,25.94716726831159,25.99884243333381,1
1690,1692,0.01047330259389831,2,26.993960036483674,27.30366990818985,2
1694,1697,0.008902735771810406,3,27.729098180710157,28.003692113184318,3
1700,1702,-0.007738810278604063,2,27.823771123486402,27.636272008649925,2
1703,1704,0.00474248010435136,1,27.64134568804734,27.80007556571845,1
1707,1710,0.022200057732008952,3,29.49642429197613,30.180743038437807,3
1711,1719,0.003004029987983295,8,30.34111738545134,30.46260412933161,8
1720,1727,0.04215205058222719,7,30.82344404531376,32.15353886187559,7
1734,1735,-0.006471133210346028,1,31.148643710123032,30.978225331063342,1
1736,1737,0.0035557764683071284,1,30.935232229818073,31.076166232852295,1
1738,1743,0.0017311760665413628,5,31.27272417114762,31.358135486939407,5
1744,1746,-0.020809218564948256,2,31.135920614118028,30.519142357452086,2
1747,1750,-0.00958223755586152,3,30.459759722012798,30.19834682818402,3
1756,1757,-0.0014429753893193738,1,30.387248897703234,30.37378809429243,1
1762,1764,-0.011931071470863079,2,31.458987055203558,31.11510661930217,2
1765,1768,-0.019266623017383997,3,30.903743322154224,30.339236293062434,3
1769,1770,0.02299782213706501,1,30.60938727403712,31.343945905564002,1
1773,1774,0.005158935066610223,1,33.89671046339341,34.10547810210914,1
1775,1776,-0.009770184955573538,1,33.81485431866696,33.518291792046476,1
1777,1779,0.0019362492211060516,2,33.49693649645863,33.595291850155796,2
1786,1788,0.0004991112664581329,2,32.01167121134192,32.059660268312996,2
1791,1793,0.04504942815379561,2,31.1058023244023,32.53820673370603,2
1803,1804,0.002944188760710378,1,35.14953037418411,35.288166756830215,1
1807,1810,-0.023875738802850415,3,34.44411019362197,33.65617572553607,3
1823,1829,-0.022746128781545662,6,31.34957215957447,30.667840326146006,6
1830,1832,0.026234021578769726,2,30.50988989108887,31.340796890748674,2
1833,1835,0.0076416495913290425,2,31.51651688109341,31.788871576319025,2
1836,1839,-0.038014706747813896,3,31.584926790203834,30.41581998741327,3
1840,1844,-0.009540748647524043,4,30.058193421890223,29.8014739470752,4
1849,1850,0.0046094678946044815,1,30.242285998764327,30.411929131133842,1
1852,1855,0.0194201125923189,3,30.335486633680386,30.954940686282924,3
1858,1863,-0.0011407796020925958,5,30.791810857360485,30.787475998480275,5
1866,1873,-0.03305813302487113,7,30.696775997894694,29.712694669519514,7
1879,1882,0.02411164886330731,3,29.820736556434948,30.569584421685335,3
1883,1886,-0.009065044806702807,3,30.567970931573626,30.321438876360496,3
1888,1891,0.006036858005136709,3,31.112775026416195,31.33171120642285,3
1895,1899,-0.016353096205791152,4,32.07905246430286,31.5865396856278,4
1900,1910,-0.005727845464923967,10,31.708718195014576,31.558804275497724,10
1917,1918,-0.003900105797332203,1,31.494305641849774,31.402968823474893,1
1922,1923,-0.0033082249610203625,1,33.16103687287536,33.08449373983207,1
1926,1928,-0.001779964390668845,2,32.56565837846557,32.54025832457168,2
1929,1932,-0.003949912035456117,3,32.56558023515616,32.46951463807886,3
1936,1938,-0.014085497234337368,2,32.30480953424148,31.882085038425366,2
1940,1942,-0.006075381297298434,2,31.65296350742715,31.492312648437483,2
1944,1951,-0.020329946990465145,7,31.541762802974503,30.93206220000718,7
1953,1955,-0.003811464915452656,2,30.7610038395535,30.67452035649449,2
1956,1957,-0.00022538468221802732,1,30.741804774057105,30.765617846931352,1
1968,1970,0.002177388851937239,2,34.13181558744066,34.240265637784574,2
1971,1974,-0.0022437595100372474,3,34.1862047532112,34.14368533593731,3
1980,1983,-0.01136738363418175,3,33.73826570340276,33.38848815970363,3
1984,1985,-0.0049278342987231225,1,33.236769410667755,33.10622088779778,1
1987,1993,0.000813026924045611,6,33.39787730830709,33.45842855907302,6
1999,2000,-0.005187779614760004,1,33.30503064985276,33.16555652142835,1
673,674,0.001200692870212293,1,27.054391758466576,27.113930165517363,1
675,677,-0.008608348653751815,2,27.02603184637004,26.820408373355455,2
678,680,-0.010964676310084579,2,26.728310598157638,26.461971634731594,2
681,682,-0.005708950447009712,1,26.365728811823153,26.241573901348982,1
683,688,-0.00568048373237617,5,26.325270220930204,26.202055221910733,5
690,693,0.009404833156649625,3,26.402933472507915,26.67765159013548,3
698,699,-0.004939646646507625,1,27.146177518611786,27.039231171385087,1
702,706,0.016729300893260874,4,27.004178228089774,27.482943429270822,4
710,711,-0.011673380315787688,1,27.718345174724035,27.422496734949927,1
713,714,0.003467096174117925,1,27.303616485978534,27.42558436672263,1
718,720,-0.005709227764263811,2,26.749035250595682,26.623067951126306,2
723,727,-0.020711469309814025,4,26.843114223426586,26.31399700123168,4
729,730,-0.00410970047699098,1,26.151371977056623,26.070049043145602,1
731,740,0.011686774922099918,9,25.977634254088862,26.30720665287912,9
742,749,0.0041020677597299,7,26.22990894289685,26.363735715655054,7
751,753,-0.0017891439958492216,2,26.268142371265842,26.247413024431445,2
754,757,0.0006813547975546782,3,26.238620706627174,26.28273713743348,3
758,765,0.019670811615354774,7,26.402231221055146,26.947986768850615,7
769,770,0.0021802637448919936,1,26.96140025231478,27.04714461604874,1
776,778,0.007809071668069832,2,27.235931753700683,27.47585502846569,2
779,780,0.0065034236832920735,1,27.591595656281033,27.79862708858819,1
781,784,0.004631978826766586,3,27.73830146825169,27.894522994811354,3
788,791,-0.016055169840508053,3,28.266672624986928,27.84111306779171,3
792,793,-0.005977910957017185,1,27.806165708123753,27.66774909117265,1
794,796,-0.002687303377093218,2,27.732122959987425,27.685330455263074,2
801,803,0.00015384012138054313,2,28.112003635800097,28.14444039348748,2
804,806,0.002846870700225853,2,28.405807859727787,28.51508132969962,2
807,809,-4.510469905295411e-05,2,28.544486583622724,28.57174357972937,2
811,812,0.0006864976513369957,1,28.631273920599057,28.679560496820933,1
817,820,-5.21191740615861e-07,3,28.476579731075223,28.50504146904814,3
830,833,-0.010852371057618066,3,28.197444559472043,27.91963287279551,3
836,839,0.008402168659315527,3,28.35958011118719,28.62622166649994,3
843,844,-0.0055699361222469905,1,28.703622481438344,28.57244876022108,1
846,847,-0.0006122579106063326,1,28.621156371442442,28.632253998414768,1
848,850,-0.012736366175227127,2,28.602493585735477,28.2668042474887,2
851,853,-0.006707136090301752,2,28.215931786557373,28.05489962393682,2
858,860,-0.0058734503375764534,2,27.95761095799141,27.821360929430355,2
861,863,-0.0008087680132456687,2,27.766455836797974,27.77176567131277,2
866,868,-0.0043388281562321265,2,27.732578780250343,27.639984465373917,2
869,873,0.005142507837778809,4,27.631173151787195,27.80089784943907,4
879,882,-0.01029436508351544,3,27.445920734720147,27.19082832735843,3
885,890,-0.0004018875326271519,5,27.08761325154312,27.103814690740244,5
891,897,0.010369527948388267,6,27.0561870322573,27.363803106897368,6
906,908,0.0017444464821815505,2,27.61707929821492,27.692872894343036,2
909,910,0.0004333967460807312,1,27.797668905179645,27.83751399333696,1
912,916,-0.019355489764819,4,27.97780147667901,27.46425522803169,4
925,930,0.006386825082194785,5,27.110563411494336,27.310824401294795,5
931,933,0.00022408256608564582,2,27.237838679850586,27.271180043316445,2
934,943,-0.024979351900549496,9,27.32944346149672,26.674101119487318,9
944,945,-0.007522251469768411,1,26.66239573866857,26.488496888874494,1
955,962,-0.00035577294820054745,7,26.66181212875266,26.678988389376,7
967,968,-0.00034278348549767325,1,26.426175771288822,26.443543490420854,1
970,975,-0.010382839651983153,5,26.421056726811024,26.173152188107405,5
977,978,-0.000595544654000662,1,26.13983284549227,26.150405240630157,1
980,983,-0.007622812647063178,3,26.11884062861023,25.945860440568442,3
984,986,0.0024651642868157735,2,25.791609166974915,25.880981329959827,2
987,990,0.008304766733163205,3,25.975264982395508,26.2169587638888,3
996,998,-0.0018466569405262362,2,26.28166065030366,26.259409099905525,2
999,1001,-0.011193584530309383,2,26.29410679394869,26.02607559369559,2
1003,1011,0.010190412929393891,8,25.928073556602783,26.218219406164867,8
1015,1021,0.02198917169584829,6,26.835569446696454,27.45249696026242,6
1023,1026,-0.004826734973873894,3,27.6468314054052,27.541034308749342,3
1027,1029,0.0017515313838128003,2,27.589096942033457,27.665009208120516,2
1031,1032,0.005499517040148502,1,27.79230085203812,27.972937385010876,1
1034,1035,-8.596198590215447e-05,1,28.214978585137267,28.24076814813104,1
1040,1041,-0.0029744882415686205,1,28.46490500175819,28.40870138153485,1
1042,1043,-0.004109116153768232,1,28.47171416596872,28.383192299529835,1
1046,1047,-0.005918552096177467,1,28.322115005340226,28.18281120721253,1
1048,1050,-0.006962704699615759,2,28.07819965312099,27.910777640092576,2
1051,1056,0.009029338782677594,5,27.79992515407972,28.078740021583066,5
1058,1059,0.0018512974888667904,1,28.327740357832923,28.408511172780482,1
1061,1066,0.006633979391470896,5,29.10978555859624,29.3320090616407,5
1067,1069,-0.00035340223414021216,2,29.294223855969644,29.31316543566751,2
1070,1074,-0.019178966779588937,4,29.20157709088167,28.670722591034927,4
1076,1077,0.00014964505607113765,1,28.708272566517298,28.741276890141737,1
1082,1083,-0.009290197635367151,1,29.22600181407879,28.983712482948476,1
1087,1089,0.0032432751169787413,2,28.390030342486035,28.510497051808578,2
1096,1098,-0.01274016724221742,2,28.015664084070686,27.686755502321912,2
1099,1102,0.00016590058643563125,3,27.83782324018923,27.87027937463006,3
1105,1106,-0.002134219413417123,1,27.96329569635726,27.93157918351533,1
1108,1109,-0.002981567801372238,1,28.233447568142484,28.17750107751972,1
1110,1111,-0.0042960330725429745,1,28.25655915363117,28.163424600144534,1
1114,1120,-0.016426761588608358,6,27.63889408696742,27.212515457314975,6
1122,1123,-0.004489782307676569,1,27.51534463028616,27.419322067405766,1
1131,1132,-0.002898980749860027,1,27.60294303278853,27.550525575329782,1
1133,1134,-0.001221108874765138,1,27.577451235875326,27.57135361666367,1
1138,1139,-0.0010206495661959202,1,27.839904500355512,27.839329618404644,1
1147,1153,0.012163785474000446,6,28.319799510077914,28.692595275495282,6
1156,1157,-0.0034439008472921567,1,28.630674893407704,28.56070436277716,1
1163,1164,-0.0037333004223880696,1,28.13789129627712,28.060981986111898,1
1166,1167,-0.003842002445938801,1,27.949265073962763,27.86983319426037,1
1168,1176,-0.023020085575923218,8,27.804554419565154,27.192295751845915,8
1179,1187,-0.0067889299785588,8,26.899632373406867,26.74391228514824,8
1192,1197,-0.009655747952088164,5,27.114253194548205,26.879559052987094,5
1198,1201,-0.002287056671341571,3,26.89501915179104,26.860403737965868,3
1203,1206,-0.001962798867682064,3,26.951217090171312,26.92526848887424,3
1212,1213,0.0007646811581516688,1,27.64099198968584,27.68976952744266,1
1219,1221,0.004613939372140694,2,27.752339311747146,27.90813926207837,2
1224,1228,-0.01567538444472211,4,28.019232488890665,27.608039480270147,4
1232,1233,-0.0035035358354204293,1,27.738032319145923,27.66858916123089,1
1234,1235,-0.0019257642301000362,1,27.73612871414551,27.710451598300505,1
1240,1241,-0.0005311545568177757,1,27.38692121658501,27.399761449800195,1
1247,1248,-0.014631656782577364,1,27.333654500395262,26.961051503632323,1
1252,1257,-0.013752890395442467,5,26.71733133480081,26.376608136629375,5
1259,1274,0.010140401058736696,15,26.388797799132437,26.68277959007268,15
1279,1283,-0.013502914294525742,4,26.50449101464108,26.173107635064994,4
1284,1286,-0.007686904098176182,2,26.14393279359732,25.96911082225737,2
1288,1291,0.0018666299166288209,3,26.09227979605978,26.167076705916216,3
1293,1295,-0.00448827427360886,2,26.09042162187789,25.999411075346686,2
1296,1299,9.663530449858615e-05,3,25.95105679225714,25.979515637324578,3
1301,1304,-0.029674946042803883,3,25.86197439359058,25.120383673293993,3
1310,1311,0.00019147391205529083,1,25.715589963357825,25.746229417932277,1
1313,1315,0.008998999330244728,2,26.12845630766297,26.38971472478362,2
1316,1317,-0.010360266877734989,1,26.540708830119762,26.292280712345583,1
1318,1319,-0.009839212780110705,1,26.001664560937098,25.77183031524591,1
1320,1322,-0.004933597242257777,2,25.71060424014944,25.609469078213607,2
1323,1324,-0.0012481530249865086,1,25.521428702089622,25.51509548235522,1
1329,1330,0.003831786620218695,1,25.360639133132157,25.48317632997582,1
1331,1333,0.003380043273019378,2,25.71063174903786,25.82324542867531,2
1336,1337,0.00029451385978596545,1,26.084462152837368,26.11822885061928,1
1344,1347,-0.0018581678625467295,3,26.422861384422177,26.40018613394554,3
1352,1356,-0.014853394877436803,4,26.0094954970306,25.64917568534732,4
1359,1360,-0.0007712253232757948,1,25.792108341245537,25.79800892249334,1
1363,1366,-0.00026097031309298146,3,25.869306655093073,25.888424840690888,3
1367,1369,0.003390717439279045,2,25.94576168558167,26.05968219388993,2
1371,1374,0.016876455368611272,3,26.200770219389128,26.669147118839277,3
1376,1378,-0.005540633854716085,2,26.716322503949826,26.595013465514878,2
1379,1384,-0.00014010094477469954,5,26.55364770170269,26.57648115827417,5
1385,1389,-0.002671105500881882,4,26.57025988224632,26.525858174797236,4
1397,1399,-0.0005622891645735687,2,27.28728266952153,27.299226608815324,2
1401,1403,0.004620759245630262,2,27.340430183638883,27.49410415937308,2
1405,1407,-0.0064470872668135155,2,27.421945506682356,27.272575776481652,2
1412,1423,0.002715222454849193,11,27.091882771723412,27.19253514294106,11
1425,1429,0.011758519650418225,4,27.461444383691887,27.811811761490087,4
1431,1434,-0.0047815974384945135,3,27.967578325863506,27.861816203305526,3
1435,1436,-0.0019843427027735772,1,27.900021451125305,27.872558268602663,1
1437,1438,-0.0011969632580130568,1,27.853346652371684,27.847860566468466,1
1439,1442,0.0022121425433575177,3,27.910340187760184,27.99999217887687,3
1446,1449,-0.00843684962305321,3,27.777714337988332,27.571135653584584,3
1450,1452,0.005260112582898155,2,27.512942717741602,27.685176836641492,2
1453,1455,0.0031891309371263644,2,27.768801667282244,27.88512881343358,2
1459,1460,0.0006199644215024224,1,27.421143872523867,27.465565149994255,1
1461,1465,-0.019572875068170268,4,27.446709757832288,26.93694544646774,4
1467,1468,-0.0035794992467666612,1,27.059110922877135,26.989311966633398,1
1470,1472,-0.00022995316114579568,2,27.0122868235676,27.03308754964631,2
1474,1477,-0.021551776142331888,3,27.00742047979982,26.452370019917144,3
1480,1482,-0.01502041294575833,2,26.427681263520245,26.05715425900681,2
1483,1484,-0.001385557019424432,1,25.90611595083151,25.896127665980643,1
1489,1491,-0.0060962953713707075,2,26.04404775360793,25.91131959358946,2
1492,1494,-0.01030119816793425,2,25.825521183493393,25.585312893175537,2
1496,1498,0.0053784692110142454,2,25.381649363954992,25.543545432947738,2
1501,1503,0.0034845844297217215,2,25.67822264548183,25.793378802940687,2
1505,1507,-0.0004792268900126465,2,25.67102984341375,25.68439862546188,2
1515,1516,-0.002672779455565202,1,25.834063197591163,25.79084850742046,1
1518,1519,5.805928317980432e-06,1,25.75542786601958,25.78133282805359,1
1523,1528,-0.011688101320584152,5,25.886406649575477,25.60973011247897,5
1535,1537,-0.004367404380043097,2,25.34497816196633,25.25963137149163,2
1538,1541,0.012416537821033923,3,25.265474044942337,25.604449233032657,3
1542,1544,0.002942705155433431,2,25.640723825918116,25.741817639935608,2
1549,1556,0.002223802287932545,7,25.690449241500552,25.773270170543316,7
1557,1560,-0.004138334374004674,3,25.759550218292027,25.67870813638306,3
1569,1571,0.0031881314004612972,2,26.199891518124346,26.309620106480082,2
1572,1574,-0.00036489631859536913,2,26.40126630037214,26.41803384179325,2
1575,1579,-0.006159668984031451,4,26.43037902301835,26.294007016137087,4
1581,1583,-0.0056904984609451,2,25.991624024449504,25.86971035196536,2
1586,1587,0.000464996762440452,1,26.01071777261548,26.048823389941113,1
1591,1595,-0.0006737683182552393,4,26.371471451986636,26.3800746614685,4
1596,1598,-0.012186514840720947,2,26.30048573208372,26.006274958123598,2
1603,1605,-0.002239564156045379,2,26.194314761496845,26.161845227826323,2
1606,1607,-0.011319867383944186,1,26.107195380618347,25.837772586523645,1
1612,1614,-0.00033765186604805197,2,25.300906181474577,25.31766418947117,2
1617,1619,0.005042799161339151,2,25.502293703375802,25.656398942378786,2
1621,1629,-0.02038740884499807,8,25.529698349259963,25.034743649673388,8
1630,1637,-0.050745252997202395,7,24.964217282789807,23.722365978180296,7
1640,1643,-0.02231285675017992,3,23.445109634918005,22.945427371776734,3
1644,1645,-0.01596670419247465,1,22.65469778821448,22.315631627848365,1
1646,1648,0.0354253666573832,2,21.97545016014233,22.775913989686565,2
1649,1652,0.026848529237688837,3,23.48562509028164,24.139665207273747,3
1655,1657,0.018016897637055357,2,24.43128575794534,24.895893018345834,2
1659,1661,0.0446172004407235,2,25.441751148671447,26.6023326103834,2
1665,1666,0.00911447492226922,1,27.52591413291088,27.804324301120744,1
1668,1685,-0.030567169990689844,17,27.28845700576689,26.48161455869375,17
1686,1687,0.000735418769975999,1,26.43562528318899,26.48150216350149,1
1688,1699,0.04772502108603155,11,26.545410628292096,27.838836320892995,11
1701,1704,-0.0016227759141224049,3,27.82352322150876,27.80619540140038,3
1706,1710,0.03865720243346503,4,28.92917465873647,30.07642479441105,4
1711,1712,0.011960509770290412,1,30.24671340568124,30.638726230294747,1
1715,1717,-0.016390436687687124,2,30.866965198739035,30.3919091251068,2
1718,1724,0.06331209348237844,6,30.315584005582387,32.2652426781223,6
1728,1731,-0.006560624554840619,3,31.866620499941632,31.68942218750987,3
1733,1735,-0.011610972055535792,2,31.249392603600572,30.9178061719313,2
1737,1738,0.0033649445074928576,1,31.123805715584,31.259659400394515,1
1742,1743,0.004095995859126284,1,31.170054542240052,31.328897011116048,1
1745,1747,-0.01362389227538394,2,30.83018443948839,30.440987512294072,2
1749,1751,-0.0016646596609738813,2,30.293100380852856,30.27296577902387,2
1752,1755,-0.001003088748504054,3,30.43539300414223,30.43529899686762,3
1756,1761,0.02436809816313543,5,30.430380451503343,31.202341329938637,5
1763,1764,-0.01006759018263698,1,31.38748209159461,31.102873267123172,1
1766,1770,0.02069753198903028,4,30.720703735128,31.387267187146463,4
1771,1776,0.027965584322730032,5,32.53701580261567,33.479469477456334,5
1777,1778,0.0026008287079410403,1,33.53831118194837,33.65907689566819,1
1784,1786,-0.042021766079277885,2,33.375903708468655,32.00676519385535,2
1787,1789,-0.005350740339756754,2,31.925494615578263,31.78659507828758,2
1791,1792,0.01795157408308825,1,31.135165003759205,31.725225389917124,1
1793,1794,0.0020795716978171115,1,32.44699155370114,32.54691439056923,1
1799,1800,-0.005120516438843474,1,35.14640828866418,35.00158693554444,1
1802,1805,-0.0027500602786544445,3,34.948255284647054,34.88709373126512,3
1806,1807,-0.007964146815341251,1,34.703655375041855,34.46197402398106,1
1811,1815,0.004159306048838927,4,33.38744957456382,33.55970564510917,4
1816,1818,-0.01941721197301101,2,33.410028529746974,32.79470895229028,2
1831,1833,0.023962153989395413,2,30.752879697812403,31.52053781644655,2
1839,1841,-0.017601578332830124,2,30.422256543343376,29.917199068277608,2
1843,1848,0.007791508890151243,5,29.813577463250123,30.0756837945655,5
1849,1851,0.007637600387409919,2,30.216955541461544,30.47795752835282,2
1853,1858,0.018743270175273836,5,30.180958172981132,30.776828984338938,5
1862,1863,-0.0016981004488636538,1,30.774051133338382,30.752567754428846,1
1864,1865,-0.0015254033718754795,1,30.804189442231564,30.788004817230725,1
1867,1872,-0.022634602545873576,5,30.501569529058848,29.841680195272332,5
1873,1874,-0.007304507702031364,1,29.783531911845387,29.59576140551346,1
1877,1880,0.007477774183152022,3,29.680339972445893,29.93196319241147,3
1881,1882,0.0039474450016609005,1,30.321811370187564,30.471826864292304,1
1884,1885,-0.003187067129285141,1,30.432059451507595,30.36550249460475,1
1889,1891,0.0018330395524774677,2,31.179659412040674,31.267992620387762,2
1893,1902,-0.001479511824967571,9,31.87951727132918,31.86423066582332,9
1904,1907,0.004104367906796563,3,31.879657106452672,32.04238260506653,3
1908,1911,-0.013185310208436715,3,31.877945834670534,31.48950317586733,3
1912,1914,-0.0014453380888794064,2,31.1876735211445,31.173784462222,2
1917,1921,0.03380113875564251,4,31.484345927923,32.580037019191295,4
1922,1925,-0.010985952106085672,3,33.074081107085895,32.74380491719774,3
1933,1938,-0.02054063355529689,5,32.51772869511311,31.88231167463134,5
1942,1947,-0.008284725204026781,5,31.557407245901587,31.32752020596363,5
1950,1953,-0.014642070951027028,3,31.09957033648334,30.675307791406578,3
1955,1960,0.0317182741575761,5,30.677061654257688,31.680762167810556,5
1961,1962,0.008307862159008306,1,32.036069031374616,32.334256346035126,1
1964,1965,0.0019345950621838482,1,33.107379231104396,33.20453598271784,1
1966,1972,0.018966312432766662,6,33.5125742233937,34.18169675076426,6
1977,1979,0.0013118272161858485,2,33.751428327662104,33.82945579825514,2
1982,1983,-0.009159068797579734,1,33.602661334632934,33.32849490902189,1
1986,1988,0.0025315777514081585,2,33.250370483582486,33.367796752208385,2
1990,1996,0.014016095206638768,6,33.31349314485151,33.81373172958031,6
672,676,-0.0035486809226530796,4,27.05118862582346,26.982243777437734,4
679,680,-0.006758107015568859,1,26.622355489885862,26.469061117968582,1
681,682,-0.0024134253728346393,1,26.28959652606041,26.25243814328889,1
684,685,-0.0037474385176029896,1,26.22420330485964,26.152153918606416,1
692,695,0.007139810322010645,3,26.614132764917105,26.83076675750834,3
698,704,0.007879422544601097,6,27.110683785944783,27.351411002753252,6
705,707,0.0037092653873859564,2,27.552945897993418,27.682700032431356,2
708,710,-0.005743308135176287,2,27.764174193127353,27.63248015981064,2
712,713,-0.0014675459173793563,1,27.320784401792906,27.308010680586246,1
714,716,-0.016271639074631396,2,27.42247371524501,27.003687594132224,2
717,729,-0.03102061955425598,12,26.927739369820806,26.119351950743255,12
731,733,-0.003656371453045875,2,25.984944334995717,25.91591867065525,2
734,739,0.0097872328356178,5,26.168727029562515,26.45101518104213,5
740,742,-0.0061193199846490765,2,26.355558103875133,26.220635568567385,2
744,745,0.0008502688575011198,1,26.2606495303332,26.309238792336927,1
746,750,-0.00258209449546887,4,26.382650354987234,26.34091050908473,4
752,756,0.002019681795824257,4,26.288733307517816,26.368116916921807,4
762,766,0.007092783320431613,4,26.777805209993467,26.99451218535467,4
767,770,0.002653142257455387,3,26.96824917690312,27.066768027580853,3
772,773,-0.0001017532271290829,1,27.210707704473073,27.23514963485615,1
774,777,-0.0021466637347315578,3,27.219395253513415,27.188183760094887,3
778,781,0.006851391382882024,3,27.50757032621536,27.72354302683863,3
783,785,0.008507608978544561,2,27.78613429822247,28.050313998155296,2
786,787,-0.002308643026709809,1,28.254775407115797,28.217799992308024,1
790,791,-0.008991639473733735,1,27.995212457351986,27.77148481240225,1
792,794,-0.004571964451152526,2,27.79266827574184,27.693393852658215,2
797,798,0.0046559284464655366,1,27.82734501714591,27.984734489417995,1
801,805,0.012665472938089232,4,28.106808715521076,28.49090154939908,4
808,810,0.0021305773975250266,2,28.537349265077744,28.626687645672273,2
812,818,-0.010598605413427668,6,28.67656564304175,28.401310604821937,6
823,824,0.002597316336065921,1,28.528634276824743,28.631260798954415,1
826,827,-0.0010612962605896215,1,28.50662792592913,28.50488057623525,1
828,830,-0.01463775443003994,2,28.506457783716765,28.117693712792136,2
831,832,-0.006543146357581083,1,28.09991706422912,27.94415511130621,1
836,842,0.01060803255448246,6,28.379413364842872,28.708842519059083,6
846,847,-0.0025069580794166114,1,28.658123340014743,28.61493674950659,1
848,850,-0.015416980025218862,2,28.63524977103223,28.222415947066104,2
853,855,-0.0005188754101785461,2,28.1060630352666,28.11958555331594,2
856,857,-0.007747035967765489,1,28.149084833146926,27.959161945318,1
859,860,-0.0075734377947664355,1,27.904075075568564,27.72064937383882,1
862,864,0.002075835749218499,2,27.78037281374383,27.865820677570962,2
866,867,0.0008053983790812977,1,27.668503923183387,27.718456595317907,1
871,872,-0.0011603399994141866,1,27.91161307010145,27.90713772207814,1
875,878,-0.011609669958467784,3,27.822664700551567,27.527475410713603,3
879,880,-0.00949723696250334,1,27.464758539839842,27.231383978408886,1
881,882,-0.001612857144802052,1,27.179179571027145,27.162522616637183,1
883,885,-0.004075859186275014,2,27.173209119384314,27.089628154493884,2
888,889,-0.003288399628866428,1,27.271762981191305,27.209354288906614,1
893,899,0.009895360265081796,6,27.000473361103293,27.294653245700257,6
905,906,-0.0008915487432532961,1,27.597601438403967,27.600594432963156,1
913,914,-0.008502711032691946,1,27.909436682142825,27.700040243631495,1
916,917,-0.007993374200366313,1,27.546248308140758,27.353607085905722,1
919,922,-0.0020185755314021912,3,27.279717838752106,27.251931385657997,3
923,925,-0.008228489466997425,2,27.263020374025203,27.065949918413025,2
933,935,-0.000778731955127091,2,27.372096544263538,27.37815311454996,2
936,937,-0.001389081589158498,1,27.242320537598637,27.231721052231503,1
939,940,-0.004585296742636125,1,27.165085032590046,27.067690141709267,1
943,944,-0.002657448578773632,1,26.70531507724141,26.661052390720933,1
946,948,-0.0008707556669064682,2,26.392140289126747,26.395551323697326,2
949,952,-0.0012103375711127794,3,26.61696147110648,26.611362924080247,3
953,955,-0.003501309542332722,2,26.66102268387805,26.594335213430515,2
959,960,-0.003633493429106012,1,26.827475520550188,26.756825540047316,1
961,965,-0.0122829681167685,4,26.71265092603298,26.41125293732018,4
971,974,-0.004805145921445601,3,26.304286564248788,26.2041949155123,3
977,982,-0.006232876190176677,5,26.145667250038436,26.008850210409427,5
983,986,-0.001386237028718017,3,25.89809260407942,25.888089801742556,3
987,992,0.016201707788681616,5,25.96690101611428,26.4135760595711,5
996,998,-0.0003405841959982185,2,26.243557477515473,26.260862894069376,2
1003,1004,-0.002624068374725716,1,26.043316848687997,26.00102072142108,1
1009,1011,0.006248137725364176,2,26.10089120918724,26.290074063426175,2
1014,1020,0.026181644094774466,6,26.621739841469587,27.34536249902409,6
1025,1027,-0.011000825053290551,2,27.811639041266,27.533499704769035,2
1031,1032,0.004484137013046474,1,27.77712981309994,27.929463398824158,1
1040,1043,-0.00026004682090033653,3,28.416749018607913,28.43777608238391,3
1047,1054,-0.014774433867080834,7,28.206303643836527,27.8177777796597,7
1055,1056,0.0022129209109969057,1,27.984724953359795,28.07463766135094,1
1057,1061,0.028316849501495895,4,28.214028217374548,29.041174636454276,4
1063,1064,-0.003886057498798454,1,29.542685341529122,29.45742345296456,1
1069,1071,-0.01445131333592425,2,29.32176903066085,28.92735272786583,2
1075,1076,0.0010726141856854015,1,28.622657894163996,28.68198162094746,1
1077,1078,0.006654524174341516,1,28.748343754496013,28.968398646737082,1
1080,1081,0.0011330524090104634,1,29.169493841353493,29.231713900461408,1
1089,1090,-0.003754340069214278,1,28.53580749607657,28.45721017808274,1
1092,1094,-0.012682264007556811,2,28.399413210492714,28.06764376770804,2
1097,1099,-0.009138571929317087,2,27.979402726338936,27.751690344711296,2
1102,1105,0.00030586738197470363,3,27.920435763264187,27.956896149617954,3
1107,1108,0.0004192119782795822,1,28.095872161424392,28.135746159736097,1
1109,1111,-0.004861835482418267,2,28.256342900839716,28.147221553221875,2
1112,1114,-0.017615837866803104,2,28.08302368088879,27.61640071259755,2
1116,1121,0.005413382463101653,5,27.132328768889522,27.306338770399027,5
1123,1129,0.0032663936522543836,6,27.515860248830414,27.633253740332343,6
1134,1135,-0.002576400873938983,1,27.543227140046284,27.499807972711615,1
1138,1139,0.0007210283667938061,1,27.821211427948406,27.869092522014473,1
1140,1142,0.0012538116565736458,2,27.894171815671747,27.957040025260376,2
1144,1145,0.0012670323162181397,1,28.21729915230043,28.28126868135509,1
1146,1147,-0.0006022558428124742,1,28.256799606235507,28.268038583179706,1
1148,1152,0.008013985056383396,4,28.396607213152514,28.65257380622386,4
1158,1160,-0.007177733165580549,2,28.45568119710069,28.279889591620176,2
1161,1162,-0.0028608526662251563,1,28.230926537273145,28.178392942356254,1
1163,1170,-0.019193401953860042,7,28.225874426946508,27.71234974799789,7
1172,1173,-0.0013650411725351684,1,27.697599925675327,27.68748916132205,1
1178,1182,-0.013597476005429737,4,27.008697727780138,26.668456306216523,4
1184,1186,-0.0005958527579727375,2,26.733770213340147,26.74457459284086,2
1187,1190,0.006462081641392553,3,26.714762584156617,26.914110323590013,3
1192,1194,-0.0038554975333462633,2,27.138544623244314,27.061050576014033,2
1195,1202,-0.004153075176646764,7,26.99275190208499,26.90764172611314,7
1204,1205,-0.0047757795533041455,1,27.054645091331672,26.95249271557392,1
1207,1209,0.008694866311511968,2,26.96500780887825,27.226429954674202,2
1210,1214,0.004326735893088593,4,27.43255894505768,27.578684941429586,4
1216,1217,-0.0007729108358838805,1,27.453125456964084,27.45935976427648,1
1218,1223,0.012255683080139298,5,27.58660591429452,27.952285219551104,5
1224,1226,-0.010110161270533834,2,28.00006341748698,27.7449783241685,2
1229,1230,0.0025908662152649468,1,27.544562612800682,27.643471452101238,1
1233,1238,-0.00932136430116743,5,27.700694481536594,27.47018691136039,5
1240,1241,0.0004029541266379205,1,27.435706236768205,27.474197274050304,1
1249,1252,-0.01146658271248703,3,26.954064850419886,26.671947901225227,3
1253,1255,-0.0006439122672612931,2,26.567824444514184,26.57728492088443,2
1256,1257,-0.003274574595327488,1,26.488885970338163,26.428635023251505,1
1259,1260,-0.0016139978049323,1,26.430503569227138,26.414275298052377,1
1261,1265,0.014225675780598319,4,26.541131841947674,26.945238510223284,4
1266,1269,0.004731952437351075,3,26.913521470746403,27.06778849573835,3
1270,1271,-0.0032098972456312317,1,27.038993233389522,26.979239836718413,1
1274,1275,-0.006053462226565582,1,26.724536703053605,26.58948526630226,1
1278,1279,-0.0038177328991310174,1,26.547715948199233,26.472911575575207,1
1280,1281,-0.0004933812938273435,1,26.568089276276112,26.58154916729074,1
1282,1284,-0.012780727095412517,2,26.416104179053548,26.104903264796132,2
1286,1287,-1.3902881097185762e-05,1,25.998984446798787,26.024621970456174,1
1291,1292,-0.0029854620762792953,1,26.199329628935306,26.147311853533115,1
1298,1299,-0.004713741076412302,1,26.031180171517683,25.934507108447228,1
1309,1313,0.014255143597022235,4,25.670072057752947,26.061672693139876,4
1318,1319,-0.010453283222649806,1,26.004150107559738,25.758325511628676,1
1324,1325,-0.007293613683903939,1,25.51114586181592,25.350588565127925,1
1326,1327,-0.000788138684793259,1,25.339967519529072,25.345336078375055,1
1328,1337,0.029169663739903803,9,25.36657599606602,26.13187706410005,9
1338,1341,0.0015160729582158047,3,26.202433399614254,26.268360633730474,3
1342,1343,-0.0013066097359665547,1,26.422421884189475,26.414320512391967,1
1347,1348,-0.0026161553692017475,1,26.39241323152907,26.349758991178742,1
1350,1355,-0.025796517796005992,5,26.233446240057372,25.582948123515223,5
1356,1357,0.0010960918770831344,1,25.662992187175117,25.716784176640303,1
1359,1361,0.004719865258370154,2,25.72086821728882,25.86798811782001,2
1362,1363,-0.0035381621701767833,1,25.895442930993408,25.82971609736599,1
1368,1369,0.002013632750017447,1,26.051441782827993,26.129951260969897,1
1374,1376,-0.002966824138416484,2,26.702992994346832,26.650472903157585,2
1379,1385,-0.0011849335087427799,6,26.590407994454235,26.58549053700492,6
1386,1387,-0.0038277081093455317,1,26.593805223324594,26.518605704636244,1
1389,1392,0.011408476434087024,3,26.504786149361394,26.83367016368626,3
1396,1397,-0.0006067686141691482,1,27.261848810530992,27.27256902511907,1
1398,1400,-0.0036370359335750812,2,27.344033520868543,27.27192632190513,2
1404,1405,-0.0027704549709137534,1,27.515531929406443,27.46681691912469,1
1406,1408,-0.0050697568426168686,2,27.435384926212045,27.323729580678766,2
1412,1415,0.00019616576163693114,3,27.004794947329923,27.037097158445945,3
1417,1419,-0.007115509594629963,2,27.147438539335116,26.981418118478185,2
1420,1422,0.00279392387211564,2,26.980234960995908,27.08259591848972,2
1427,1428,0.002860722339909837,1,27.782082848332664,27.889341756234447,1
1430,1431,0.0018105025742419546,1,27.857898474956635,27.93619317033347,1
1432,1433,-0.004035558261910198,1,27.994498257439457,27.909519326966056,1
1436,1437,-0.006242719148875705,1,27.962584004665583,27.815984030052277,1
1439,1440,0.002727080589401422,1,27.844119328252262,27.947896604929568,1
1441,1443,0.001203224491460157,2,27.96915007629747,28.030772392750894,2
1444,1445,-0.005376319028269968,1,28.070312508487216,27.94746786572684,1
1447,1448,-0.004149873244061063,1,27.654295072504013,27.567187548371763,1
1451,1452,0.000248984066940986,1,27.597519685590488,27.63198854796488,1
1453,1455,0.005064556151636203,2,27.731207169709418,27.899384632742777,2
1458,1459,-0.007362733103413873,1,27.604114878826227,27.42847726329628,1
1464,1465,-0.006868979665972263,1,27.07503783038654,26.916134983904573,1
1471,1476,-0.016579243169651925,5,27.007401457876902,26.586646583184226,5
1477,1479,-0.003475259938705793,2,26.41874506657847,26.353351805284287,2
1482,1485,-0.009629289163890501,3,26.122638409430166,25.89721860887144,3
1486,1489,0.002993040891379457,3,25.95373006687495,26.057364372315806,3
1490,1492,-0.011471708396823283,2,26.114838836461313,25.841371859335855,2
1496,1503,0.015519800489226614,7,25.410373662092308,25.83014796534677,7
1505,1506,-0.0025352064030147543,1,25.642816027510413,25.60344901215365,1
1508,1509,0.00025956004928420545,1,25.748859459659123,25.781291694349143,1
1511,1514,-0.003373658357889893,3,25.770642888287995,25.709472186408014,3
1515,1516,-0.0036682202670078627,1,25.84134586289534,25.772395460137204,1
1517,1519,-0.002665886294707722,2,25.732004128591758,25.689137535578574,2
1521,1524,0.002756190536350591,3,25.767674269779505,25.864462564015415,3
1525,1527,-0.005848756521960016,2,25.89805323303757,25.77247987851781,2
1542,1543,0.000687411533432714,1,25.675514649875375,25.718839809422395,1
1546,1551,0.00039286835855917193,5,25.73936058351513,25.775212124441452,5
1553,1554,-0.0018737718862104488,1,25.931166446611915,25.90850852239422,1
1556,1566,0.007706258694409337,10,25.806334004517595,26.031010624315257,10
1569,1572,0.0068646229269896915,3,26.185086432626335,26.391022263729575,3
1574,1579,-0.006848087343501682,5,26.463656159306222,26.308894386658203,5
1584,1585,-0.0016170204369473037,1,25.93322148087902,25.917220153229437,1
1587,1590,0.010523224742540381,3,25.981718178731832,26.281111356502706,3
1592,1594,-0.00010054847588361626,2,26.38326450370393,26.406994971172953,2
1596,1600,-0.013234715121145223,4,26.294568904598933,25.97286234481784,4
1601,1608,-0.011474709114458071,7,26.06742839960943,25.794379669761557,7
1611,1612,-0.003666982500448653,1,25.385951937427613,25.318248047853263,1
1620,1622,-8.414053868623626e-05,2,25.548283281117445,25.57168191808078,2
1624,1625,-0.0032802844232476974,1,25.40487757913245,25.34694723251424,1
1628,1630,-0.010509771073193185,2,25.192998143825402,24.953418498830242,2
1637,1638,-0.0006370445356272629,1,23.748726675508134,23.757346405626905,1
1641,1643,-0.01775324498811666,2,23.285209143881108,22.895106330494134,2
1651,1653,0.011343774127508394,2,23.92047343128912,24.21574235234802,2
1659,1661,0.040852130839094475,2,25.512268520987394,26.58001132112987,2
1662,1671,-0.005517640966874496,9,27.07531956423371,26.95300299137911,9
1672,1676,-0.027434119409068706,4,27.08542890530925,26.369449443380464,4
1677,1678,-0.017363187449555558,1,26.181989780930888,25.753568974343167,1
1681,1682,0.007546220393180261,1,26.05279247275371,26.27544537908365,1
1684,1688,0.003521279095313555,4,26.430443919137524,26.549943332708978,4
1690,1692,0.009688890852838153,2,26.971841140764457,27.26014020681818,2
1693,1695,0.01499572001370686,2,27.532555367527785,27.97295841444864,2
1699,1708,0.07046991646497085,9,27.855516827886806,29.846348288664466,9
1709,1710,-0.002918542339050911,1,30.14878676008653,30.090945036216286,1
1713,1714,-0.000341280326266287,1,30.649145595056154,30.669334790242747,1
1715,1717,-0.016355259339252456,2,30.86990752377399,30.3958920879677,2
1720,1721,0.013164469161219834,1,30.88528610899229,31.322759791618562,1
1724,1732,-0.030399713390713193,8,32.249240816216435,31.301122379151582,8
1733,1735,-0.009088691202267123,2,31.203833508887012,30.95143533530667,2
1739,1742,-0.0012616097888125384,3,31.18886438845605,31.180705076230083,3
1743,1744,-0.00845992343197774,1,31.357922054303206,31.123994356792178,1
1745,1753,-0.012506555736892713,8,30.814439644708724,30.459871577435766,8
1755,1762,0.030082446788964122,7,30.474435762507397,31.42165579051924,7
1765,1767,-0.012513904710398479,2,30.83746738328894,30.48240772232773,2
1769,1770,0.021256448843084794,1,30.687377137891442,31.370369177289373,1
1771,1773,0.0416261289243974,2,32.51686530625598,33.90293339901771,2
1774,1775,-0.009969733113563056,1,34.1340435331764,33.82787027259707,1
1776,1780,0.00044619521416738904,4,33.49443342899175,33.542872918318004,4
1781,1782,0.016566655800062988,1,33.499479856273894,34.0879536883902,1
1784,1789,-0.04811292946264317,5,33.39289743363557,31.819660212291417,5
1790,1791,-0.0008951163923254633,1,31.126585718494255,31.129850387099,1
1794,1795,0.0012246053579037966,1,32.63197930683651,32.70457258284151,1
1799,1800,-0.002320009875108879,1,35.070206860568966,35.023913841190904,1
1802,1804,0.007517680990933807,2,34.960361634875426,35.258142842608976,2
1805,1809,-0.03393633819853355,4,34.94570415248787,33.79472062193563,4
1813,1816,0.00311508694006652,3,33.173346307054906,33.30985751120137,3
1822,1823,-0.011816176343065223,1,31.666420259266385,31.323910673588546,1
1824,1829,-0.009866256421168059,5,30.945880170493048,30.671506061722717,5
1834,1840,-0.059735368628259275,6,31.935306016816842,30.05957404566284,6
1843,1844,-0.0014644076468835136,1,29.84855881900594,29.834696920041942,1
1845,1848,0.0029772285122856255,3,29.976776861613732,30.096001353254167,3
1852,1853,-0.005033087245419146,1,30.28769048569891,30.165537587507835,1
1857,1859,-0.009882825345190242,2,30.974226485213766,30.699087841143246,2
1862,1863,-0.002821137356785774,1,30.82308790720063,30.766954830361335,1
1864,1865,-0.0026961438023899824,1,30.822679532189085,30.77039983532751,1
1868,1870,-0.004833055909053778,2,30.394837824801485,30.278332712072398,2
1871,1875,-0.023977347002412826,4,30.178971812167795,29.48553910466358,4
1883,1888,0.014901233474545136,5,30.545813562974736,31.031529676109525,5
1891,1893,0.01448317371172653,2,31.358606308702495,31.84413705753778,2
1894,1896,-0.0026431527955894374,2,32.035772826786264,31.983133157107062,2
1897,1899,-0.009621445557273234,2,31.902565354433897,31.627519124093293,2
1902,1907,0.005762460518787722,5,31.817679786196162,32.032845589549744,5
1912,1913,-0.006387804697196006,1,31.21804006164586,31.04984335876447,1
1914,1921,0.03876585351870109,7,31.276086774523723,32.51980705983762,7
1923,1926,-0.020683240688409252,3,33.169758169067975,32.51686983544988,3
1931,1935,-0.009992593067257926,4,32.664927061639624,32.37118466500264,4
1936,1937,-0.007047735133349411,1,32.24320478768218,32.048206425275936,1
1946,1949,-0.0008296627654032772,3,31.376358951957354,31.381703514172944,3
1950,1951,-0.00677740147898311,1,31.144958363126097,30.965021434616105,1
1952,1957,-0.00512857479761658,5,30.868131097977695,30.74068970987706,5
1958,1959,0.011813897505164872,1,30.95667429008724,31.35334994154119,1
1960,1965,0.04598541461464317,5,31.6867204360689,33.17553413353588,5
1966,1967,0.006911913073745645,1,33.48819224556722,33.75314791161103,1
1970,1975,-0.014124118832462527,5,34.27505485141235,33.82522495855324,5
1977,1981,-0.005689863502859886,4,33.86073638560275,33.70193415384795,4
1983,1986,-0.005555266714019113,3,33.33871358989148,33.186846857587234,3
1988,1989,0.0019307945685791005,1,33.425715237793504,33.5236791424633,1
1998,1999,-0.01863073917041088,1,33.808495836809456,33.21242706496675,1
676,677,-0.005648761556220625,1,26.965550803851702,26.840194387932442,1
680,681,-0.0073235356156005375,1,26.475964072377078,26.30854237060804,1
682,687,-0.006944043245730278,5,26.256687818942,26.10061693105657,5
688,689,0.001927859369330463,1,26.21356577557927,26.29031540973886,1
691,692,0.0019943308090328315,1,26.53594941263253,26.61540682350571,1
694,695,-0.0006539020105152513,1,26.796504888177044,26.80577910464406,1
696,698,0.004858131521547917,2,26.92793517065576,27.08568255648918,2
699,701,-0.009239274126814648,2,27.09796598828776,26.87469841823116,2
705,712,-0.01082132058593942,7,27.524427639560525,27.25410141176791,7
714,722,-0.02426506206286813,8,27.45539097277021,26.816639597828402,8
723,725,-0.014031345673067332,2,26.827007828417305,26.477415816031115,2
726,727,-0.002690497753282937,1,26.37597991995518,26.33139138515986,1
728,732,-0.013911985512173191,4,26.27270628213837,25.933473479257817,4
736,740,-0.007885088188210815,4,26.538140817821137,26.35542337793928,4
741,742,-0.0044517124264668905,1,26.278101590880517,26.187397141075316,1
744,746,0.002970358244101137,2,26.265195340022068,26.36947757487325,2
747,752,-0.0050889735945198605,5,26.371296902256844,26.263465365570273,5
753,754,-0.0020865458149919433,1,26.215015487437697,26.186531672069872,1
756,758,-0.0017293926566239685,2,26.358742371453243,26.33951649832966,2
759,761,0.009392612413122108,2,26.421045138390244,26.69562882006314,2
763,765,-0.0009628937567070669,2,26.937878224378455,26.938877787841644,2
769,775,0.007378038289874922,6,26.97455203066108,27.200545860426182,6
778,780,0.00755576061887698,2,27.47321764606753,27.70827191967759,2
782,783,-0.00525888854341431,1,27.850850896949005,27.73223722713965,1
786,787,0.0007343854754599838,1,28.17010324640655,28.218961064319327,1
788,789,-0.004450284221622287,1,28.28318774015942,28.185602703762367,1
794,801,0.01179186772608708,7,27.717241192746474,28.07179647581614,7
802,808,0.012043928447234079,6,28.145992467643413,28.513126779467743,6
812,817,-0.009884889380301902,5,28.702303026585554,28.447286239234437,5
818,819,-0.0008249175293430186,1,28.434351776423217,28.439330132983763,1
822,824,0.006622740203400383,2,28.46399482529043,28.680968462994553,2
825,826,-0.00497272549825071,1,28.610639566477968,28.49697734915096,1
827,830,-0.015995453218066457,3,28.507219862491663,28.079741180666534,3
835,836,0.006354716354627408,1,28.177574093784557,28.38481215880584,1
840,845,-0.008681561814827397,5,28.764453467476837,28.543497540096688,5
848,851,-0.014826547635177684,3,28.556394958444194,28.161558603262318,3
854,857,-0.004213471599971256,3,28.098639251786366,28.008345072552913,3
860,865,-0.0027654032149781555,5,27.87307414380455,27.823866929099754,5
871,872,-0.0024780330133811063,1,27.911004069131398,27.869750683680607,1
874,880,-0.023705596400554398,6,27.916533739968948,27.282672191966753,6
884,886,-0.0002819583234644693,2,27.139497665506145,27.158984955910217,2
889,892,-0.006758762586128978,3,27.179458538666307,27.02293848972259,3
893,894,-0.004498659836658653,1,27.034322151316648,26.939738254194545,1
895,896,0.0068348179506355555,1,27.08597714105459,27.29819084096983,1
897,899,-0.006369519327613778,2,27.362034693532824,27.21511371940306,2
902,903,-0.0027346263981481416,1,27.446835819884214,27.399225813925405,1
904,909,0.0072879738904291546,5,27.549277151119217,27.77760484084789,5
911,913,0.0012690061686565562,2,27.859583803394845,27.922797370900952,2
919,922,-0.003042509117388907,3,27.2906799711269,27.23493850846613,3
930,933,-0.0004995173266766789,3,27.279545519736228,27.29319845960499,3
936,937,-0.0032218301422962284,1,27.2800919747268,27.21948024409274,1
942,951,-0.012153210814748492,9,26.93673286489472,26.636301804591984,9
952,953,-0.004266665938154157,1,26.66851921321598,26.581402069881158,1
954,955,-0.00048342493611635434,1,26.600201034668025,26.613942035216827,1
956,957,-0.000532351228762915,1,26.738235666430253,26.750739769484706,1
966,968,0.00141738364252848,2,26.421079272796767,26.484949157648774,2
979,982,-0.0052012687084018495,3,26.129203974087833,26.01942816705605,3
983,990,0.013062323174656703,7,25.861567092344487,26.2252408066001,7
992,996,-0.007860416991710374,4,26.39811280070323,26.2170107390962,4
1001,1002,-0.005119969149211785,1,26.049748256454517,25.94242409729319,1
1004,1007,0.0008392069618751124,3,25.97987246553815,26.027654827845396,3
1011,1013,0.004867165683053372,2,26.300818692222055,26.45512995308927,2
1019,1024,0.019002589153299193,5,27.149405798707434,27.692464208655178,5
1025,1030,-4.621135042748455e-05,5,27.70566762598137,27.73209297729186,5
1033,1036,0.00503020891052308,3,28.136934096801745,28.30660568750708,3
1038,1044,0.0006934349885716843,6,28.418865155498995,28.466990656088818,6
1045,1047,-0.011116559647432106,2,28.447791872750376,28.159998089431962,2
1050,1051,-0.004410043458276676,1,27.907334708421256,27.812169484260867,1
1052,1053,0.00011402520489432245,1,27.796834572763796,27.827800947094133,1
1054,1055,0.0038303939147742907,1,27.825450955540123,27.959858844511615,1
1058,1062,0.033119468180888983,4,28.36758398353462,29.335470862629524,4
1064,1066,-0.0074666354173100686,2,29.458244534016348,29.267748806580897,2
1070,1071,-0.010005729880928307,1,29.18491840133461,28.922086909615256,1
1073,1074,-0.003235707181470872,1,28.68895056394164,28.62481047113697,1
1075,1076,-0.0007467413176617745,1,28.670221862098334,28.677482844709473,1
1087,1089,0.0006069693460613956,2,28.43825233441643,28.483951734173395,2
1090,1092,-0.006185980389545326,2,28.508263064126233,28.360419770935675,2
1095,1097,-0.005410702543482333,2,28.00516841286269,27.881645945313426,2
1098,1099,-0.0014803642293817654,1,27.772436150363028,27.759095265473604,1
1101,1104,0.006166866903574454,3,27.80673223048922,28.00601937940847,3
1107,1112,-0.0038131938025847936,5,28.03374610681803,27.954881746007093,5
1114,1115,-0.016881406612018413,1,27.688059744800213,27.248334409695183,1
1116,1118,0.0016244994280994077,2,27.074204409793953,27.145260643783704,2
1133,1134,-0.0021256980516181426,1,27.531971890550903,27.500979203436504,1
1137,1138,0.00016121521626752335,1,27.75323306675457,27.785460543292306,1
1139,1141,0.0007808879358408845,2,27.82671053147274,27.876266784552378,2
1142,1145,0.00674226930922546,3,28.01448868828333,28.23138440426827,3
1148,1153,0.00903886592064362,5,28.416160324025633,28.70142634749804,5
1155,1157,-0.00355479748386884,2,28.64739819996769,28.574209899127023,2
1160,1161,-0.0024917554142011617,1,28.323937834476478,28.2816854468604,1
1163,1166,-0.008208228260950294,3,28.13147463844358,27.928696547932546,3
1170,1174,-0.011503172648456413,4,27.754762255745966,27.463249195957005,4
1176,1177,-0.003962511971657468,1,27.18308641365367,27.10255619472662,1
1180,1181,-0.00841015480945282,1,26.849584884262025,26.6506253037001,1
1182,1184,-0.0013397812597720207,2,26.67737248769552,26.668308016464245,2
1196,1198,-0.004745600998270556,2,26.926025219235534,26.825171072294907,2
1200,1201,-0.0007067726752342986,1,26.90838980615634,26.91628008131295,1
1202,1204,0.0032006347086054173,2,26.906129733107186,27.019152555538316,2
1206,1213,0.027135406209517546,7,26.908359356256067,27.665436977176004,7
1214,1219,0.0036341010908004373,5,27.550653446303297,27.678325959491076,5
1221,1223,0.0002717729863200098,2,27.943458661755525,27.978996397625895,2
1228,1229,-0.0037034343599726184,1,27.58324377376564,27.508674284788142,1
1236,1242,-0.0056945157629165214,6,27.621320957494,27.491652230866467,6
1243,1246,-0.003770609977506324,3,27.58751574693957,27.511081500556486,3
1252,1258,-0.01537453433506834,6,26.738861146384536,26.354502468755207,6
1260,1263,0.011785470560821031,3,26.43376342777253,26.771731531890023,3
1269,1274,-0.014418018644309558,5,27.10749661045308,26.743767715533462,5
1275,1280,-0.004469641979148015,5,26.643242898475155,26.550800384453968,5
1281,1286,-0.022972840137562033,5,26.53783273235902,25.954721176133535,5
1287,1288,-0.0017416954524230505,1,26.03707519462122,26.017763614354973,1
1289,1296,-0.007845770739912866,7,26.11146069535192,25.932707621747294,7
1298,1299,-0.0049776599012413235,1,26.070201080265342,25.966502686811072,1
1303,1304,-0.01617949034444239,1,25.500593268288654,25.113507258995114,1
1306,1318,0.025492463354620215,12,25.317344707422553,25.988063534320233,12
1322,1332,0.006201504002734555,10,25.634707925577956,25.819316377312937,10
1341,1342,-0.0006791269876108247,1,26.37476769450127,26.38323064566247,1
1345,1348,-0.0064214429807682724,3,26.466761947580732,26.323273906796356,3
1352,1353,-0.007086167032740648,1,25.982910708598055,25.824774374028742,1
1354,1357,0.0018583667768002172,3,25.65132531038985,25.724646206437964,3
1358,1361,0.00152076611776221,3,25.78030859770126,25.8452947261198,3
1363,1371,0.014950302107814024,8,25.823834160010765,26.235732116445025,8
1374,1375,0.0009692026281525132,1,26.66897062248491,26.72148722952483,1
1377,1380,-0.005963471570626004,3,26.620357791632053,26.488228402533395,3
1382,1383,-0.0017631318624794533,1,26.67336373248359,26.65300843873983,1
1389,1390,3.7675506068392305e-05,1,26.53988390657878,26.567423694042535,1
1392,1393,0.0059123868618745235,1,26.787017846392907,26.97218007662311,1
1394,1400,0.0039784629820205615,6,27.167257112704714,27.30250829656335,6
1403,1410,-0.013961161281384086,7,27.51803785954632,27.16137213270151,7
1414,1416,0.003128845416843584,2,26.99439340405167,27.105849081538462,2
1418,1425,0.009333171264028158,7,27.14278621110815,27.42325726961043,7
1426,1429,0.005165653868941707,3,27.677412038652413,27.848061381270824,3
1432,1435,-0.005951915734918442,3,28.067041687887187,27.928056062520326,3
1438,1439,-0.0003065020324195052,1,27.83037766439918,27.849677974746438,1
1440,1445,-0.001527006282311244,5,28.026098967493315,28.01132903726877,5
1447,1449,-0.006074809040844125,2,27.704073711115303,27.563480827377923,2
1450,1451,-0.002561147277182236,1,27.6101293760854,27.567025897787275,1
1458,1459,-0.004543949182504182,1,27.570091811618767,27.472384807281415,1
1460,1462,-0.006942681141621632,2,27.451750554849617,27.28861355452281,2
1463,1466,-0.008502943170489217,3,27.15831188154393,26.954544610890284,3
1468,1470,-0.0006286562375984031,2,27.032084437859254,27.042122633799966,2
1471,1475,-0.012693149763284839,4,27.071567373397073,26.755015481773086,4
1476,1482,-0.019801690791944028,6,26.595410202155712,26.095371523049867,6
1484,1485,-0.0037433405506049995,1,25.979211434153697,25.907941609953642,1
1504,1507,-0.005787960082904431,3,25.76890868163013,25.645528175482475,3
1509,1510,-0.0015486803283375193,1,25.822560789345555,25.80839245821314,1
1512,1513,-0.0029480970196653286,1,25.69275048295041,25.642698512307568,1
1514,1520,-0.0020696756818192317,6,25.72362878204165,25.696112841885355,6
1523,1537,-0.025418802200468948,14,25.889235024709304,25.257050915519475,14
1539,1540,0.0027092410198670154,1,25.378550589898154,25.472685750770975,1
1543,1545,0.0006148922646469768,2,25.701148069310456,25.742652654520132,2
1547,1551,0.00023573349048429415,4,25.729090930958442,25.760885230301543,4
1561,1562,0.0020327882082686343,1,25.72048455541965,25.79848933769028,1
1565,1571,0.0145910497479625,6,25.933077334781633,26.33740123362597,6
1572,1573,-0.0047891139393510165,1,26.465862499645592,26.365580331131238,1
1575,1576,0.001355662008754054,1,26.41187559366774,26.474093045583682,1
1578,1579,-0.006770786522798919,1,26.467021449805316,26.31428591912415,1
1580,1582,-0.012635866021991037,2,26.232557959065453,25.927319429239652,2
1585,1588,0.008138943253844292,3,25.86642735882661,26.10281917063861,3
1590,1594,0.002213643473066399,4,26.338228572763935,26.42287024910893,4
1595,1600,-0.017085804188075055,5,26.441350585223134,26.01602019724099,5
1601,1602,0.0001664113149666788,1,26.080109808731134,26.11052994390761,1
1604,1606,-0.0074028555786357295,2,26.222721481099594,26.054821182577324,2
1612,1613,-0.006226960259367488,1,25.34942881148936,25.21692835449404,1
1615,1617,0.004142753023949828,2,25.35953427632468,25.48995209791021,2
1620,1621,-0.0008464652850948808,1,25.5908932932421,25.594822383748046,1
1625,1627,-0.009215256167392362,2,25.385161410270136,25.176615806434164,2
1628,1629,-0.004425344575752104,1,25.188897532898377,25.102616879364888,1
1630,1632,-0.011858057221361979,2,24.959420060088718,24.688409248864264,2
1633,1642,-0.053848244775728235,9,24.410585946348213,23.12052932513665,9
1648,1650,0.043493833830523326,2,22.780599204964748,23.7941954005502,2
1653,1654,-0.003377047052440594,1,24.257753440467212,24.20009161915272,1
1655,1656,0.0057873599888368975,1,24.45680779775809,24.622804956459266,1
1657,1660,0.04087216634898278,3,24.94600071664945,25.99054380839884,3
1664,1667,0.012185259500874797,3,27.174242678483893,27.53254211993945,3
1670,1673,0.005258652958043875,3,26.71718699703169,26.884400598461273,3
1676,1680,-0.022712883890181945,4,26.440728256433427,25.866623793829636,4
1681,1682,0.005568154490197329,1,26.050542478820205,26.221646466374544,1
1686,1694,0.04626385966377489,8,26.44940776132415,27.699508857945332,8
1695,1696,-0.0014177527207215935,1,27.949217679334524,27.93754181760694,1
1698,1699,-0.006388813185661909,1,27.996057003422067,27.845191482295483,1
1703,1709,0.08445608524109655,6,27.722189235153834,30.09121900150295,6
1714,1715,0.005321504301789423,1,30.67294872826913,30.86684790560345,1
1717,1721,0.026079397833603423,4,30.44925005185347,31.273797407742478,4
1722,1723,0.007655363571487955,1,32.030419449634124,32.307654375317966,1
1725,1727,-0.009199838777268432,2,32.45605825890312,32.18992381383448,2
1728,1729,-0.004774093577493124,1,31.908362584226126,31.787937437928676,1
1738,1740,-0.00964367965593222,2,31.28658096962366,31.016149786192848,2
1743,1746,-0.028357847126522315,3,31.3821091393482,30.523562195006072,3
1750,1752,0.004134025278030563,2,30.219325008155266,30.374471786632157,2
1753,1756,-0.005930623424976875,3,30.53487505128994,30.38431908108331,3
1760,1761,0.005272733899952729,1,31.038067974393424,31.23276151556544,1
1765,1771,0.05371639710464793,6,30.84183771381404,32.5293919536002,6
1773,1775,-0.004621469576612994,2,33.94377111942113,33.82084478499663,2
1776,1782,0.014362005624863606,6,33.555985847374345,34.07147309070955,6
1783,1785,-0.04091281919470331,2,33.95808881739949,32.60272575823295,2
1787,1789,-0.00475262904974288,2,31.95827738593706,31.83834982583885,2
1791,1794,0.04493166938669024,3,31.135913874818527,32.56603837696915,3
1795,1796,0.011918735136816898,1,32.770202057047136,33.1935516178021,1
1797,1798,0.022311305636887747,1,33.98451496757645,34.77673838290701,1
1800,1802,-0.005987492713625747,2,35.03865571086593,34.86390067081275,2
1803,1804,0.006054662837724888,1,35.08555208761558,35.333068828069145,1
1807,1808,-0.009355271463900375,1,34.429778094214214,34.142107951795204,1
1813,1815,0.01158138707414244,2,33.15693343618155,33.57409364993373,2
1816,1817,-0.011472625640643459,1,33.377519136786276,33.0279688740533,1
1821,1823,-0.016299573321060117,2,31.817928411086886,31.33112768243722,2
1824,1827,-0.03329076072605523,3,30.933053802293582,29.934201963437527,3
1831,1833,0.019086719311355034,2,30.84941989614519,31.46908353451719,2
1834,1841,-0.0646968747214678,7,31.983688615163747,29.946427608313225,7
1843,1846,0.009817876794287042,3,29.846384519608584,30.169259030096626,3
1847,1851,0.0057306930043871844,4,30.223416633884916,30.426841172791285,4
1853,1855,0.02408456052086529,2,30.18806645843635,30.9453208385209,2
1857,1860,-0.00749130719877209,3,30.984165079586813,30.783037345757748,3
1862,1863,-0.002967115757733244,1,30.84442858292294,30.783754021419195,1
1864,1865,-0.002086495890241879,1,30.808835726616678,30.775362053216572,1
1867,1869,-0.003324315390633403,2,30.534249081510648,30.46327785642906,2
1876,1877,0.0039007465457481204,1,29.52709924169952,29.67180407131424,1
1879,1880,0.003056661803508794,1,29.824660318119697,29.945648878434838,1
1881,1883,0.005542479759411509,2,30.328005026191036,30.52642538521822,2
1886,1887,0.005235642242936526,1,30.4023115316982,30.591889469768173,1
1892,1895,0.009167946499824359,3,31.71988188498154,32.04240794696878,3
1896,1900,-0.012429867409595122,4,32.02673354312719,31.660672225166817,4
1901,1908,0.0031358068759478755,7,31.744792085446782,31.87608241482931,7
1909,1912,-0.01885508070302648,3,31.71884151740979,31.15249904230993,3
1914,1916,0.005370551614148726,2,31.24060179945116,31.43962166567163,2
1917,1920,0.012083430364463413,3,31.487192929898733,31.899153425969487,3
1923,1926,-0.02444239536860105,3,33.25426647604468,32.47470681362042,3
1929,1932,-0.004835770733163358,3,32.637901931301414,32.51271042228147,3
1933,1942,-0.03330036973640021,9,32.571384176034435,31.519316424322188,9
1943,1945,-0.003687159678747805,2,31.517220528022932,31.432528723833826,2
1948,1951,-0.014466577067089988,3,31.364176849655678,30.94180874496395,3
1953,1955,-0.0028034648061824353,2,30.72309681882508,30.667688794975394,2
1956,1957,0.002617204298109213,1,30.610245686132835,30.720969198394894,1
1958,1961,0.03548897506556874,3,30.908279522816436,32.036090963644114,3
1962,1964,0.021947397848741123,2,32.38569386674696,33.12886126851474,2
1965,1972,0.02989340216706099,7,33.21719439867159,34.243386544091194,7
1975,1976,-0.005966795500282589,1,33.978406993831136,33.809643194867405,1
1978,1981,-0.00812490858783891,3,33.86774131147547,33.62643675055463,3
1983,1984,-0.0038499538443580246,1,33.35378937051377,33.25873261027337,1
1985,1986,-0.0014945889939498853,1,33.164590515911144,33.14818767445312,1
1987,1988,0.00090332381126208,1,33.375963783898314,33.43948905049203,1
1989,1990,-0.00620891257487421,1,33.489192280093526,33.31475000530337,1
1992,1994,0.0076813883263080205,2,33.36021287384511,33.64982583645126,2
1997,2000,-0.018824325642574222,3,33.83761182095721,33.23447920889345,3
672,675,0.002175813011669699,3,27.002488211387224,27.088243064796405,3
677,679,-0.009215321252443905,2,26.841434183980624,26.620923179282894,2
680,682,-0.007254514824267814,2,26.431360118107126,26.266044784422864,2
683,689,0.001343454560674129,6,26.27082541629396,26.332389901928448,6
693,701,0.005393259536592026,8,26.740275914960247,26.91123343896467,8
702,703,0.00406137304689773,1,27.02786946336843,27.164667593385392,1
706,710,0.002283900751923841,4,27.564280195567775,27.65479855602824,4
711,715,-0.009417851156356238,4,27.46461947876124,27.233426399923065,4
716,718,-0.00950246381404252,2,27.07573325314634,26.845522810922795,2
719,723,0.0044048395404274925,4,26.626086232678876,26.76999595635609,4
725,726,-0.00375739781479547,1,26.501737427419556,26.428661594548906,1
728,731,-0.010320084573749472,3,26.215936514386478,25.97160176889235,3
732,737,0.02257551309905625,5,25.978110503865356,26.590557788337964,5
739,745,-0.006519594936222685,6,26.526364273870236,26.379949487947783,6
748,751,-0.0018580991399900827,3,26.333137280117498,26.31054083766419,3
755,757,0.0038329246964489763,2,26.217430014211075,26.34413687920418,2
759,760,0.0030251285375871434,1,26.43461975745681,26.541022499822816,1
761,763,0.005078002610973433,2,26.71367648584486,26.876042281274525,2
767,770,0.002941412910682128,3,26.90211735222279,27.008149704879525,3
772,774,0.0011372380322235698,2,27.184310075078518,27.242409416450734,2
775,777,0.0003396252344421771,2,27.158232134739553,27.19461398783009,2
780,781,0.00023522123565941958,1,27.719313411793667,27.753552896357814,1
785,786,0.004505781863935632,1,27.99655929266183,28.150702241067965,1
790,793,-0.009982371814562983,3,27.975872863555452,27.724583171658054,3
796,797,0.004473076196418718,1,27.677550349126257,27.82903169111724,1
798,802,0.004142788503728448,4,27.997658301226416,28.14164433646928,4
803,804,0.0047155249096159585,1,28.188648507635868,28.34976143034967,1
807,812,0.0002158344770947548,5,28.58006094827654,28.614809571734924,5
816,817,-0.005675123004563907,1,28.535371328328793,28.40196495738795,1
819,822,-0.003046938137490148,3,28.514687731055744,28.456319929260424,3
823,826,-0.0015243111896644165,3,28.53671040076388,28.521748284184547,3
834,836,0.01027445576008117,2,28.054235791309004,28.370532031621003,2
839,842,-0.0021381648125160684,3,28.690148790394982,28.657494672575904,3
843,844,-0.0020460712387308433,1,28.720640911904976,28.690597075489116,1
852,853,-0.003796740386103626,1,28.16199665548003,28.083234862080335,1
855,857,-0.007549151553990515,2,28.172596962079268,27.98809035490512,2
858,859,-0.004962236718432722,1,27.994248189316803,27.883328351236173,1
864,867,-0.01188634690145688,3,27.945828859550033,27.641600872136227,3
871,872,-0.0029560755328471816,1,27.949729423411462,27.895057641536628,1
880,882,-0.004052504497161136,2,27.289908956346128,27.206606386529764,2
883,885,-0.007234499317401834,2,27.231113169751488,27.06134081328258,2
887,892,-0.00922888214955651,5,27.219351061600968,26.995366229527647,5
901,907,0.007785460095301749,6,27.362453057052875,27.60284479649518,6
910,915,-0.010631225161307916,5,27.858677082162565,27.59036389048809,5
919,931,0.0005172933447180562,12,27.290582895782272,27.33199071558352,12
932,941,-0.011789432908550328,9,27.29727755840515,27.00275541360266,9
942,948,-0.02120587301287843,6,26.950812683230403,26.406247984559176,6
949,950,0.0011668152193189426,1,26.64904118711458,26.706784735139077,1
955,962,-0.00024220317314120707,7,26.665083073496714,26.685289788837736,7
966,968,0.00018869230534811882,2,26.434181233531184,26.46560334136166,2
972,978,-0.005275986010367157,6,26.242690227951506,26.130476851662387,6
979,984,-0.015796237052784688,5,26.115534567382674,25.729122927163488,5
986,987,0.003772384456971859,1,25.850296987989786,25.973664543543375,1
990,996,0.0006803416446802464,6,26.18407815744273,26.228076354398244,6
997,1001,-0.010270924312910872,4,26.30507573269332,26.061203366530133,4
1002,1004,-0.002689575674663173,2,26.02887802425361,25.984900265105058,2
1007,1008,-0.0030896436213161,1,26.053057751020717,25.998616145075516,1
1009,1010,0.0019649413904202382,1,26.087209451785863,26.164556498850025,1
1011,1012,0.0033041468794256946,1,26.246864989763147,26.359835351803543,1
1014,1021,0.027482234237786667,7,26.668940753778767,27.42853177120155,7
1023,1033,0.013173698580468546,10,27.652176973291514,28.04411059480472,10
1037,1046,-0.0016702042987986015,9,28.29937908233607,28.280412716821758,9
1047,1050,-0.012057984931542656,3,28.176155885151612,27.86458437794481,3
1053,1055,0.002795870549952809,2,27.816027418924154,27.921613458220328,2
1058,1066,0.032363466467266754,8,28.358743622652614,29.3048896145608,8
1068,1070,-0.006594675652700032,2,29.322342966087813,29.15829396781532,2
1071,1075,-0.01219653225105919,4,28.936968979438234,28.612975273012054,4
1076,1079,0.010722606784077979,3,28.74381078991802,29.080763181284166,3
1081,1086,-0.025418454824148708,5,29.295908490472883,28.580547672465876,5
1087,1089,-0.0017150210559325318,2,28.456274784577676,28.4359279489333,2
1092,1093,-0.00336862808956934,1,28.349516906134163,28.282367444064572,1
1094,1095,-0.004784184219962703,1,28.067794344906503,27.96158064045735,1
1097,1098,-0.007828798153029726,1,27.93520613973872,27.74444225564717,1
1102,1105,0.0014935980481459274,3,27.877397299822572,27.9469123233168,3
1107,1118,-0.034395361672935346,11,28.061779255729924,27.12464598829875,11
1122,1123,-0.0028492333504246273,1,27.472282276469866,27.421479615871938,1
1124,1129,-2.697814021578374e-05,5,27.59022868424565,27.617074579871865,5
1130,1131,-0.0024997900585825893,1,27.62069868861943,27.579273439315134,1
1134,1136,0.001996472192576779,2,27.566514298449093,27.649116591990666,2
1137,1139,0.0017238285662198338,2,27.782995692605976,27.85867180992866,2
1141,1147,0.010407822559115727,6,27.88792272635759,28.20606320036221,6
1149,1150,-0.00241557297029623,1,28.49748590298835,28.45714563222268,1
1155,1156,-0.001718029361615898,1,28.660903026780073,28.64032365687642,1
1157,1160,-0.009684584020236631,3,28.55094052400962,28.302987482172078,3
1163,1165,-0.009038538812323811,2,28.167476512073126,27.941051158885607,2
1167,1168,-0.005167862309627104,1,27.9370490438061,27.820611270054215,1
1170,1171,-0.003558849701644198,1,27.774256741136973,27.703186592561526,1
1173,1174,-0.009360612414152165,1,27.70682989098689,27.4751838250435,1
1175,1177,-0.006852751700880897,2,27.253284954441554,27.093778244569855,2
1179,1183,-0.00898583678311718,4,26.910742647410782,26.69583784891609,4
1184,1195,0.009864835554169341,11,26.690011474620835,26.979994060231483,11
1196,1203,-0.0011618531323117382,7,26.965052962019744,26.96068858373489,7
1204,1208,-0.0006805701186716883,4,27.058475594613633,27.067118880261745,4
1210,1213,0.009115068293405758,3,27.409069493305637,27.686314103089128,3
1214,1215,-0.004860647464842832,1,27.58328804205229,27.47679869100071,1
1216,1221,0.01794643295450693,5,27.4028212591678,27.92200697491896,5
1225,1229,-0.013722156422118176,4,27.931327191921227,27.575980478308242,4
1230,1234,0.003761170899480538,4,27.625304556898353,27.756833353043945,4
1238,1245,0.0002514346605429034,7,27.566071055502082,27.600568192275926,7
1251,1253,-0.007534722648379058,2,26.744094286081314,26.569329047439673,2
1254,1263,0.003910639462157091,9,26.60895782872915,26.73962482708978,9
1264,1265,-0.0008190565113050396,1,26.883287649329272,26.888152005184132,1
1267,1272,-0.006668340982001355,5,27.043591952681226,26.89029965211532,5
1274,1280,-0.008610633601200464,6,26.748818593939873,26.54524313635642,6
1282,1288,-0.013075148036932844,6,26.384730569108864,26.066131041572287,6
1292,1294,-0.0046639047755834915,2,26.15456617051762,26.058738330622145,2
1296,1301,-0.0056378907716560294,5,25.94602303684286,25.82568821603911,5
1303,1307,-0.004408658839226845,4,25.477760566128268,25.39091557237083,4
1308,1310,0.0028680185706207594,2,25.592178834123345,25.691169857116382,2
1315,1319,-0.025692942708138405,4,26.42222205122506,25.769779635892448,4
1320,1323,-0.006589202662491358,3,25.67199540906797,25.528509423976143,3
1324,1335,0.013963524176672189,11,25.5405924079481,25.922769679930962,11
1336,1342,0.0096511683289714,6,26.100818025990936,26.378822232309616,6
1347,1350,-0.008547670731076833,3,26.411193873105024,26.211850878136193,3
1351,1352,-0.01090169441262637,1,26.192216557399792,25.932869233059087,1
1354,1356,-0.0037788687845493043,2,25.680779745129605,25.60941622793298,2
1361,1363,-0.0007599568248992558,2,25.88106917260671,25.887281746625906,2
1366,1367,-0.0003488274324022527,1,25.901642227186287,25.91850866606036,1
1369,1371,0.005360327637407356,2,26.108727881064276,26.274787944583757,2
1373,1376,0.004074098716996405,3,26.531172971636902,26.665794762372695,3
1377,1382,-2.175792397563891e-06,5,26.638891309082315,26.665472239694207,5
1383,1386,-0.005275101543455607,3,26.699531796561146,26.585388586968126,3
1388,1396,0.03040524212892172,8,26.451822827207987,27.282548727847793,8
1397,1404,0.006711747291492532,7,27.250422060783766,27.460570429303043,7
1409,1411,-0.004740370966077337,2,27.257865993810764,27.155911463250288,2
1412,1417,0.003062593132603021,5,27.06020118809046,27.170135775604052,5
1419,1422,0.001710161161527569,3,26.988793977751243,27.061937958986213,3
1426,1428,0.005363260627720903,2,27.65428992504,27.830261379307586,2
1430,1432,0.007318584571351879,2,27.79823757709642,28.029479567316027,2
1437,1442,0.007412010099510554,5,27.793894258153735,28.027696777358052,5
1447,1450,-0.004110652807338572,3,27.638132704330367,27.552160069244046,3
1454,1455,-0.0013610442819767135,1,27.893469251365847,27.883398473788148,1
1456,1463,-0.02950718245246785,7,27.934559267038985,27.138223689284228,7
1466,1469,0.00046341758712621704,3,26.965384595798895,27.00484621386001,3
1470,1472,-0.0004298765116039252,2,27.021416018861384,27.03682156282346,2
1473,1474,-0.005697170951412808,1,27.086824502409183,26.95959305719045,1
1476,1477,-0.0040593945210550516,1,26.534249096157644,26.45307035985255,1
1478,1480,0.0024859828885988615,2,26.308759703066325,26.400471589211474,2
1483,1487,0.0006682608497154843,4,25.94149557930813,25.984772760766155,4
1488,1489,0.0003135081565301904,1,26.030295670444723,26.064486676124744,1
1492,1493,-0.005033759677532797,1,25.776415512453685,25.67243964692822,1
1496,1497,-0.0005884731946446057,1,25.42697090485484,25.43743478496118,1
1498,1501,0.002134228749918184,3,25.571847041774504,25.651995059961344,3
1502,1508,-0.0013391102911240527,6,25.708910324136212,25.700192168071712,6
1512,1514,-0.002089311015668189,2,25.746501174564482,25.718455227220115,2
1518,1522,0.0010800946390016422,4,25.751745672052202,25.80531174016957,4
1524,1525,-0.0003746852844488097,1,25.87115250147749,25.887330113844932,1
1526,1528,-0.00962157271778254,2,25.882537228904162,25.65938905206445,2
1531,1532,0.0010896330018180874,1,25.348271722361567,25.401240307491666,1
1538,1542,0.014281259607429753,4,25.30675949471711,25.69347865637867,4
1546,1547,-0.0012740933463326074,1,25.739730511275802,25.732675422406267,1
1548,1553,0.007183867939567754,5,25.717396781778188,25.927864560789725,5
1558,1559,-0.0029862786056738346,1,25.72849283760747,25.677388882727897,1
1562,1567,0.012288347048826948,5,25.763163700430265,26.105513560757323,5
1569,1571,0.0022272318123231502,2,26.217751521904294,26.302362283663367,2
1573,1574,0.0017956001574384022,1,26.353054560156167,26.426727163633522,1
1577,1580,-0.010483332432850725,3,26.509742305947714,26.258341606951205,3
1581,1583,-0.003896203985789876,2,25.991015763489447,25.9157404800405,2
1584,1585,-0.0007418907792657217,1,25.882232458455714,25.88891290130643,1
1586,1589,0.004408779034354257,3,26.010805481435753,26.15149218079041,3
1590,1595,-1.0952470994929743e-05,5,26.318105355936254,26.344135213006638,5
1596,1604,-0.005206124845328741,8,26.26852755921216,26.158038852795155,8
1606,1610,-0.025976420230012117,4,26.11849230481782,25.466145865238353,4
1611,1613,-0.0065736040424209125,2,25.3696712810855,25.22827077867835,2
1616,1617,0.0015879320260051353,1,25.447258237394152,25.513114011960727,1
1618,1621,0.00039955375367579926,3,25.5300575026765,25.56578819048593,3
1625,1641,-0.08201500319797583,16,25.351485581340885,23.297634895895115,16
1644,1646,-0.0323514462051294,2,22.66409850684946,21.953546241724215,2
1648,1652,0.05688097810943364,4,22.82293359062593,24.143947310178007,4
1653,1656,0.0132492728862838,3,24.290462174638463,24.63658359869884,3
1657,1664,0.08611330089709728,7,24.932622759723607,27.104585828345225,7
1667,1670,-0.030789733827955676,3,27.53484141553989,26.714585818775987,3
1673,1675,-0.011115308896911095,2,26.91771186575707,26.64543089543689,2
1677,1679,-0.022788610474137154,2,26.18889102907239,25.618271483690307,2
1681,1686,0.012112017999654948,5,26.109424384963702,26.451771627459976,5
1691,1693,0.015049957378087207,2,27.094609849843394,27.529477183109282,2
1694,1697,0.01333111733766525,3,27.678756644345867,28.07542415357667,3
1699,1702,-0.007551411609270588,3,27.83576183327615,27.653398300048732,3
1704,1712,0.09076377184078391,8,27.92997842697646,30.492938594867546,8
1715,1718,-0.020665401383186635,3,30.874176513706654,30.26702344018926,3
1725,1727,-0.005465835249868048,2,32.44878753149138,32.30387659231776,2
1729,1730,-0.0012170425435393812,1,31.93855013252726,31.931618108369538,1
1731,1738,-0.01550447264307022,7,31.71712733938817,31.25708713357724,7
1745,1747,-0.016096488895169604,2,30.864256737161288,30.39831482807107,2
1748,1754,0.004640192422386582,6,30.307685490878136,30.478626668923862,6
1757,1765,0.014731842184751813,8,30.383745271718777,30.861737557315156,8
1769,1777,0.08787160887315965,8,30.677029550553698,33.40334652216087,8
1779,1780,-0.002904474074358338,1,33.609013361281974,33.54500586667065,1
1783,1785,-0.04000272669411779,2,33.95126767675502,32.62707566263971,2
1786,1787,-0.00022929129598744144,1,31.947226158210256,31.971848163479446,1
1788,1795,0.014517220493804325,7,32.15191569074337,32.650824055814844,7
1800,1801,-0.0024229709684118975,1,35.04718194154026,34.9973108191128,1
1803,1805,-0.0070440892056712985,2,35.10964695696143,34.897441118773926,2
1807,1813,-0.03974588007361967,6,34.473178734304774,33.137485085308946,6
1821,1824,-0.02852122609509815,3,31.854655458791534,30.97797628372868,3
1825,1826,-0.026145411167411984,1,30.567222769911393,29.798597385116093,1
1828,1830,0.0027456616505709807,2,30.48521171309793,30.599399001521217,2
1832,1835,0.014252239484546174,3,31.30491154600586,31.782381553948078,3
1836,1841,-0.05408650460542856,5,31.62628825955961,29.94735916221589,5
1842,1843,-0.008622341699773692,1,29.989595225316222,29.76100428307096,1
1846,1850,0.004687933596560933,4,30.21701048394015,30.388882833059387,4
1851,1853,-0.008895586470279965,2,30.483199448183502,30.24251671104958,2
1854,1856,0.020261472540292508,2,30.404571615741062,31.051017580248498,2
1857,1860,-0.008593316062861428,3,30.99595737544439,30.76059527442166,3
1863,1865,-0.00261658660001671,2,30.83051178792799,30.780671595699967,2
1870,1876,-0.027881775903683872,6,30.308138387069103,29.493401802890073,6
1877,1878,0.001981010367703614,1,29.673812421650474,29.762270364128707,1
1880,1884,0.010973990270331534,4,29.995418438377545,30.3545832869132,4
1886,1887,0.009865636060700587,1,30.338676209649257,30.66832522390674,1
1890,1894,0.020357358058635013,4,31.23500581387581,31.9021030170063,4
1900,1906,0.004573906686297017,6,31.704962162133448,31.881682662717758,6
1908,1913,-0.028760982364992676,5,31.874539857111778,30.98967131824624,5
1914,1923,0.06025092731776743,9,31.253171483458804,33.16745721844186,9
1928,1931,0.001279707482168007,3,32.54115132291929,32.61533562906851,3
1936,1942,-0.026375782388414523,6,32.300698747808234,31.48104324539012,6
1945,1959,-0.006378532209082322,14,31.49415862958084,31.324766282993693,14
1960,1961,0.008294521780790404,1,31.67535305166482,31.969760310517746,1
1965,1967,0.015282752264092786,2,33.245978781968546,33.787314818252625,2
1972,1973,-0.0011032262310682816,1,34.214121754264575,34.21058995942657,1
1975,1977,-0.004766783196478867,2,33.882965107547676,33.755335323933686,2
1980,1982,-0.009819321209116133,2,33.800745385464204,33.502645754802245,2
1987,1992,-0.0024209932441594077,5,33.34891614118992,33.30152755665325,5
1997,1998,-0.004419230310114348,1,33.87238387544251,33.75656639381977,1
674,680,-0.025054163273572908,6,27.083921163226723,26.43244010147789,6
682,684,-0.004652157264437175,2,26.293806997688325,26.19777787945201,2
687,689,0.0048905418598179165,2,26.147994086588614,26.302019940305936,2
691,699,0.018884164215822483,8,26.533113077192528,27.06070185477641,8
700,701,-0.004414137682351679,1,26.986432837894565,26.894297440630456,1
702,708,0.025639158449866906,6,27.012778401538526,27.732376085548253,6
709,710,-0.0022422251344194526,1,27.708828490726255,27.674407887529757,1
713,716,-0.009985817058523801,3,27.3081655343963,27.06277935470033,3
718,723,-0.002643129879613904,5,26.83906909611557,26.79496901974272,5
724,725,-0.005623537183046256,1,26.58753035129195,26.46460191610738,1
732,733,-0.0018754881414272389,1,25.90686635187976,25.88418519760715,1
734,736,0.014250134938609275,2,26.135690921398925,26.534263734664044,2
739,740,-0.005642912899829936,1,26.477911069684517,26.35497643481853,1
741,742,-0.0035110620608055252,1,26.268710530846754,26.202748168446462,1
743,744,-0.0045691750994601675,1,26.302681053512593,26.208802179247353,1
745,746,0.0007318419079907755,1,26.34713431182617,26.392763383182853,1
747,748,-0.003891646036729585,1,26.425023153783485,26.34861134031036,1
750,754,-0.005924119954167285,4,26.327744883896692,26.19810390996567,4
755,756,0.0017016496995049045,1,26.273127133030307,26.344107919054313,1
758,760,0.0032713726278778095,2,26.41512588162377,26.527954727276484,2
762,763,0.0008961736232077173,1,26.813656016695255,26.864499363975877,1
764,766,-0.000577433168287033,2,26.925233750024333,26.93661146074321,2
768,772,0.006080376759694977,4,26.94719564863191,27.13799194644144,4
773,777,-0.00286984354257047,4,27.26544629879846,27.21446418010135,4
780,789,0.01453559467479158,9,27.739804688380254,28.170759050376812,9
791,792,-0.005323176914812692,1,27.84681823929479,27.726431517531687,1
797,798,0.0007986626164598538,1,27.87291518919778,27.923049159760346,1
801,802,0.0035523292600502278,1,28.04831114068927,28.17599628819002,1
805,809,0.0037301834141620707,4,28.502698111460017,28.637521101325714,4
810,811,-0.0016543599384743612,1,28.62792772183343,28.609194752810723,1
812,817,-0.009741520937715444,5,28.67397461363374,28.42332046418114,5
819,820,-0.0011778042433714876,1,28.472465667566542,28.4674031423516,1
822,823,-0.0023293943927560202,1,28.449306518530527,28.411486169966995,1
825,830,-0.015650516019249508,5,28.58564389658296,28.166849462755508,5
832,833,-0.0017677191649216164,1,27.936682087419545,27.91523456117671,1
834,835,0.0012708041120249231,1,28.072733438770385,28.136481117298924,1
837,838,0.0008274426935117008,1,28.558208630161026,28.610397119861997,1
839,840,0.00036581240571578093,1,28.680130989438084,28.71930266814101,1
841,842,0.00035857667186337395,1,28.682844592450937,28.721812435996924,1
848,851,-0.01564376161631914,3,28.603546487778512,28.18468297163018,3
855,856,-0.005702421028406077,1,28.23108199325635,28.098327559636605,1
857,858,-0.0034750326814428994,1,28.037302578046724,27.967909337866555,1
859,860,-0.007020522568223089,1,27.94620051573877,27.777949784837677,1
861,862,-0.0006033713461184311,1,27.785869476976796,27.796890148984378,1
863,864,0.0018178735492215049,1,27.804914966086603,27.88326570050789,1
870,871,0.006187778725235134,1,27.704971548534942,27.904108753614747,1
872,874,-0.0034430052989957464,2,27.947761021748494,27.879484493477296,2
880,882,-0.00309455634192341,2,27.265822856769272,27.208713054586866,2
884,885,-0.004109385961430925,1,27.16411985303894,27.079656120113274,1
886,888,0.003407175999480574,2,27.159438827173613,27.279135254132093,2
894,897,0.011203216812576137,3,27.014399145158094,27.34406171498793,3
898,900,-0.002551608702827764,2,27.399703931379076,27.357190312304244,2
902,903,-0.0005721828580212969,1,27.4436104079641,27.455351254934413,1
911,916,-0.01433904431864353,5,27.88880823752368,27.5167981884492,5
918,922,-0.00493232089847363,4,27.315210702252912,27.207798528362233,4
923,925,-0.005371569362091628,2,27.190777808388578,27.071911437189986,2
926,929,0.0029429302796085393,3,27.12047956663782,27.22741372671862,3
931,932,-0.004260918313050675,1,27.303790776474447,27.214755345115737,1
933,937,-0.0050276301698062055,4,27.32439236681342,27.21433981974522,4
940,946,-0.026006278492775217,6,27.08491107170324,26.407618242492177,6
960,968,-0.016223971798416094,8,26.844746330071068,26.436062669006432,8
971,976,-0.006036726459665594,5,26.26280152865491,26.13052298129059,5
977,981,-0.0012162911662116974,4,26.156830923544938,26.151173432080082,4
983,984,-0.005731800393142916,1,25.871352742502516,25.748934665424404,1
985,986,0.0025849224168776426,1,25.7612483798354,25.853600456639025,1
988,995,0.009130522502414636,7,26.06337119677902,26.327406765176775,7
999,1005,-0.007915156206140854,6,26.23065894835044,26.049269844332592,6
1006,1008,-0.0038887976812145087,2,26.099920906849974,26.024523515854384,2
1009,1013,0.013247205647579457,4,26.076726771352728,26.44824726027993,4
1014,1023,0.03586394479001524,9,26.63472465806333,27.616585677355435,9
1024,1025,-0.00235309493362979,1,27.760593710364045,27.723030991659996,1
1026,1031,0.002681290706300813,5,27.633873843586613,27.735602166546098,5
1034,1037,0.0011411380566107524,3,28.197667769782516,28.258042869352064,3
1041,1042,-0.0019085822367434454,1,28.446572411551962,28.42072636116259,1
1049,1051,-0.008818280082516408,2,28.05780415707599,27.838440385675575,2
1058,1060,0.00972922394981341,2,28.327830756995393,28.63176639719961,2
1061,1062,0.010308098484984447,1,29.067083721305117,29.395777166696924,1
1065,1069,-0.004535929920915142,4,29.379684572437448,29.275800066690717,4
1071,1072,-0.009060990590969095,1,28.98596156802144,28.75230600455143,1
1073,1075,-0.004791802069213752,2,28.717810408027074,28.60891815509863,2
1076,1078,0.007957684689029066,2,28.668418875106006,28.925221531922215,2
1080,1085,-0.017551303131018464,5,29.194440548054654,28.711234512803305,5
1088,1093,-0.009961518615005632,5,28.480887388771755,28.225655386265398,5
1094,1096,-0.0019059723359801614,2,28.056639812496698,28.031221272986016,2
1097,1098,-0.013104265849909688,1,27.959761437972126,27.62132905242686,1
1102,1105,0.0005388840929876969,3,27.896612271507166,27.939541924380034,3
1110,1111,-0.004262720521392039,1,28.23575196028458,28.143626592926825,1
1112,1117,-0.03604357797804558,5,28.052907517779595,27.069833265669384,5
1120,1129,0.015620055594619233,9,27.192799426930023,27.64474526517893,9
1133,1140,0.008576790580080207,7,27.578874397419014,27.84299150195743,7
1141,1142,0.0014670199929784837,1,27.905654711565997,27.974498519656585,1
1144,1146,-0.0005023541539247994,2,28.22280548214359,28.236850444056365,2
1150,1153,0.0062046913815252125,3,28.477140435765133,28.682309444033173,3
1154,1155,-0.0034481698723653215,1,28.67533047327112,28.60512839312634,1
1159,1160,-0.004613464246426797,1,28.360725207514825,28.258244740974735,1
1161,1162,-0.002363226733218507,1,28.258623697505538,28.220100786237136,1
1163,1167,-0.01000768390010772,4,28.173241451284216,27.919465797849636,4
1169,1175,-0.022539055521745698,6,27.820168991124397,27.22094882660022,6
1176,1177,-0.004778235764267161,1,27.173710449994864,27.071041765324853,1
1178,1183,-0.011322243474577682,5,26.996599913563113,26.71793443626955,5
1187,1192,0.009759022870870389,5,26.78141305302902,27.069554888580786,5
1194,1196,-0.006200361206539352,2,27.092876650289966,26.951983905584243,2
1200,1203,-0.00014472512506770755,3,26.889070016630345,26.912067562625865,3
1205,1217,0.018093896614331008,12,26.968653803540754,27.483590491093246,12
1219,1227,-0.00595538951490186,8,27.738961765951778,27.601504405662517,8
1228,1233,0.0032531076633841036,5,27.558323455678877,27.675531972358243,5
1234,1241,-0.01069904368350972,7,27.72882057462407,27.459877532578588,7
1242,1244,-0.0010305364705611025,2,27.566424640148586,27.565582858834087,2
1245,1246,-0.006144487933788351,1,27.607505150469905,27.465478673341313,1
1247,1248,-0.01330598781421942,1,27.36660466522998,27.029831561703098,1
1253,1254,0.0011283469435635946,1,26.5646985895274,26.621237484577108,1
1255,1257,-0.008550546463559669,2,26.604651573972518,26.403771916116423,2
1260,1263,0.010209142544140445,3,26.473693124576045,26.77044052447925,3
1267,1270,0.00029119406207304857,3,26.991924792177358,27.02677660519294,3
1273,1274,-0.006295623958029953,1,26.900842319817414,26.758385574737403,1
1276,1280,-0.003740367724516819,4,26.6197736352808,26.546825666776733,4
1282,1288,-0.013401514107864845,6,26.379803141884768,26.052653641057987,6
1290,1294,-0.005185742452315715,4,26.161046840450112,26.05154343609302,4
1295,1296,-0.005165701635375154,1,26.003580151657573,25.895256995294204,1
1298,1300,-0.005414261570305034,2,26.06176195575849,25.94671852150275,2
1303,1305,-0.015915274542187354,2,25.541697896248273,25.16073645985212,2
1306,1307,0.0006859891245353134,1,25.312596157270104,25.355272919105015,1
1308,1314,0.028751879531916696,6,25.507413849221997,26.266307353234794,6
1315,1324,-0.03260620126357884,9,26.359461872043777,25.52633941491633,9
1326,1332,0.018971028358629002,6,25.328313903858703,25.834146379108923,6
1336,1339,0.0017695956595749057,3,26.113176933277828,26.185499874769945,3
1341,1354,-0.02598921004337832,13,26.32421148062984,25.66639023071407,13
1355,1356,-0.00031987444558530557,1,25.639273173371432,25.65671109825326,1
1359,1360,0.0003818815671739427,1,25.764448848353876,25.800052265305812,1
1362,1369,0.008405746271799849,7,25.84950853735531,26.092642455908397,7
1373,1375,0.004468935506491396,2,26.555651588235534,26.70088273410445,2
1382,1385,-0.005354434119551509,3,26.70268168081446,26.58640661262,3
1386,1389,-0.0026198044746464123,3,26.58664951325353,26.543584339406106,3
1392,1396,0.015273857219821711,4,26.769026019732053,27.204661327090864,4
1397,1398,0.001960805287461487,1,27.283603654721574,27.364385092683477,1
1399,1402,0.0031285872524913555,3,27.32676592413567,27.439586861581873,3
1403,1407,-0.007795076798232453,4,27.51092018134576,27.323981365923473,4
1411,1412,-0.004773254445322614,1,27.177050472186355,27.07450454568142,1
1413,1429,0.030056084051696522,16,26.993478443765312,27.831790179162546,16
1431,1434,-0.0033396221612000884,3,27.960788710610483,27.895371029698506,3
1435,1439,-0.003930208028968573,4,27.942258234288598,27.860381604862972,4
1440,1445,-0.0014833288656744216,5,28.01006035662292,27.99652228592328,5
1446,1449,-0.009335342598657589,3,27.781228976692624,27.549662915360138,3
1450,1452,7.341349836991482e-05,2,27.60483286901074,27.63446426923258,2
1456,1457,-0.0028874610753958025,1,27.953387413351788,27.900626482683627,1
1458,1462,-0.013519712262757996,4,27.574830415153315,27.229601472661248,4
1464,1467,-0.006043176640454812,3,27.11617766377654,26.97942599000416,3
1468,1476,-0.016585011593793962,8,26.997381903205913,26.576627393242365,8
1477,1485,-0.022708649936634046,8,26.469126716491346,25.894517710474627,8
1486,1489,0.0012280906898038037,3,26.002698930499413,26.06063530189623,3
1499,1501,-0.0009170776667116636,2,25.628024373400375,25.630149508978988,2
1504,1505,-0.004669999279070705,1,25.752417071785754,25.657905719697972,1
1506,1507,-0.00014990174780502084,1,25.636974828338236,25.658768775831373,1
1508,1511,-0.0026453436874513386,3,25.747200017599095,25.70483702458059,3
1513,1515,0.006019839320942402,2,25.68892060225911,25.869252697215416,2
1516,1517,-0.007882755491224362,1,25.846705513208704,25.668808958907608,1
1519,1520,-0.003454120603468977,1,25.764088069298257,25.700859889937803,1
1521,1522,-0.001094401876302505,1,25.78755669589208,25.78512230215473,1
1523,1524,-0.00048391919516111294,1,25.893707288340526,25.907070533638155,1
1527,1530,-0.011211280114439257,3,25.785025607385887,25.52172748815088,3
1532,1536,-0.005255394307491944,4,25.373795937083187,25.26582043029306,4
1537,1538,-0.00207988441745321,1,25.24926357470941,25.221997288422912,1
1539,1540,-0.0003866488380775523,1,25.393213756427222,25.408788713589672,1
1548,1563,0.003936810231672344,15,25.690395432942985,25.817224039972047,15
1564,1565,7.314767172406371e-05,1,25.917204884354533,25.945017872433773,1
1566,1567,0.0029589436657927164,1,26.060888254714826,26.16406184319576,1
1569,1571,0.002417642124479557,2,26.200451407462985,26.28999517387351,2
1574,1580,-0.009521989682905276,6,26.441971111229556,26.21663290622398,6
1582,1585,-0.0005822976640891278,3,25.928512125589787,25.93934252567134,3
1588,1590,0.003308027071384591,2,26.147263063724957,26.259906180846098,2
1592,1593,-0.0011871905994500572,1,26.423102704551354,26.41815654811676,1
1600,1601,0.0022759391084324326,1,25.98264189812506,26.067759450859523,1
1602,1604,0.003247444115903106,2,26.12263247327711,26.23358689486763,2
1605,1608,-0.015246810277166574,3,26.182606355236064,25.80958772993128,3
1614,1619,0.011638003380613871,5,25.28228595444346,25.601803569805362,5
1621,1631,-0.028473455629498958,10,25.572989660182873,24.870411263440204,10
1632,1633,-0.013686967878026517,1,24.709377760531485,24.3958906785976,1
1636,1637,-0.008841031731437146,1,23.872039159925215,23.68485774337813,1
1638,1639,-0.008654797905323194,1,23.748687441852756,23.566896038968686,1
1640,1643,-0.022106828150026257,3,23.41639800592562,22.92215211732193,3
1645,1650,0.0648747137827005,5,22.32617326513461,23.796903538838333,5
1652,1662,0.11739051267341427,10,24.18762172613994,27.051206662648262,10
1664,1665,0.010088607730234633,1,27.17328497741553,27.47459887527197,1
1669,1672,0.008336924235802668,3,26.851300715583132,27.102009275997286,3
1674,1675,-0.007036089848394893,1,26.77670198786038,26.61507540881796,1
1676,1680,-0.020882830131155525,4,26.426809624347115,25.901369857677835,4
1682,1683,0.0013390422245446831,1,26.282896900301235,26.344373705934395,1
1687,1688,-0.0006028698656269495,1,26.50422956207961,26.51475519032705,1
1690,1692,0.010606809123745155,2,26.964647753479717,27.27762127304338,2
1693,1696,0.013995291326368932,3,27.513355374243957,27.925926153446664,3
1697,1698,-0.0061878946717987705,1,28.074648788466458,27.92900046760415,1
1706,1708,0.029859854039281947,2,28.93444323525483,29.827355930202682,2
1709,1715,0.02199664487042525,6,30.136623290322383,30.829664513723714,6
1716,1718,-0.017859364934019795,2,30.809099869087145,30.289678011105543,2
1722,1723,0.007141075856314475,1,32.062900599754784,32.32392710571086,1
1724,1728,-0.012865133531192344,4,32.285689202104464,31.90261518857492,4
1729,1732,-0.017681526315703997,3,31.920337296419504,31.387857349803134,3
1739,1740,-0.004859342067973624,1,31.096989369571094,30.97697545030978,1
1741,1746,-0.016199578626982257,5,31.0027271805646,30.53149879113273,5
1748,1751,-0.006092159731703377,3,30.40466450276223,30.249839094525313,3
1754,1758,-0.0006730544189739244,4,30.480233673831226,30.490199051539527,4
1759,1760,0.0032517768299841236,1,30.847115058037854,30.978270107113474,1
1762,1766,-0.025108683913534994,4,31.444110971915784,30.68603483955175,4
1768,1769,0.010017975739674865,1,30.342228379919334,30.67653831609696,1
1771,1773,0.042065939300399195,2,32.483090237610774,33.88200503007311,2
1774,1778,-0.016330091180959884,4,34.15331366684927,33.62974025420455,4
1779,1781,-0.00305777977871102,2,33.59665509932142,33.527520581825705,2
1782,1783,-0.0063290288207022575,1,34.091058272636765,33.909386040573644,1
1793,1795,0.0033307723621177924,2,32.533737670630785,32.67463388257114,2
1796,1798,0.046852928502622675,2,33.19163397609108,34.77995086363419,2
1799,1800,-0.0017315891894508608,1,35.064535126325765,35.038882291494225,1
1801,1809,-0.034143291499251556,8,34.96563168897495,33.80675556545179,8
1810,1814,-0.009947678131444003,4,33.60545887638556,33.304768046900186,4
1816,1819,-0.03066050899774287,3,33.36618422161864,32.37652621429297,3
1821,1824,-0.030105996020476554,3,31.86159761184148,30.934234078545195,3
1830,1831,0.007851624386348621,1,30.496535813330645,30.766479693435077,1
1836,1838,-0.025548473529072874,2,31.615543491619455,30.839430159108183,2
1839,1851,0.002281222190617901,12,30.41838777655316,30.518197265528407,12
1855,1857,0.0007467370567045973,2,30.947335676275625,31.00139253430765,2
1861,1865,-0.0073364054353058285,4,30.94232912699943,30.746265984538088,4
1868,1876,-0.030827242247768803,8,30.414350244933658,29.507174052369535,8
1883,1887,0.0033500574483430875,4,30.58265043015687,30.715686716450648,4
1888,1891,0.00591673808622193,3,31.08221176973746,31.297199287689217,3
1892,1900,-0.0003103410536703323,8,31.693507452266747,31.71536516322177,8
1902,1906,-0.001452878146522326,4,31.912591742023,31.89813922662415,4
1907,1916,-0.021139661532575175,9,32.10733135561553,31.460700569399194,9
1917,1924,0.04948124942307636,7,31.514345298356243,33.10522882376752,7
1925,1926,-0.008816474803699244,1,32.74908631976768,32.49310391170504,1
1931,1934,-0.007285182461385187,3,32.60517699459518,32.400247507998394,3
1935,1937,-0.011088967052792623,2,32.45847666385948,32.13100416221396,2
1938,1946,-0.017747836330189146,8,31.883728048098348,31.349744589152536,8
1947,1949,-0.0005886031297532739,2,31.320084234986076,31.332969219616214,2
1953,1954,-0.0017098076055887695,1,30.76821857083416,30.746379055282166,1
1956,1962,0.052484404306109705,6,30.712808492515077,32.35546475930487,6
1964,1970,0.03336376925445044,6,33.16282089800902,34.30242042317487,6
1971,1972,-0.001126504640426395,1,34.207247794455526,34.20292041887331,1
1973,1975,-0.010465773811173827,2,34.230055536752836,33.906041573498015,2
1976,1977,-0.0064442509495264136,1,33.90906607588608,33.724456610704884,1
1978,1985,-0.024653218871178703,7,33.89156717270047,33.08992251647733,7
1987,1989,0.0032680308516790015,2,33.389183022469346,33.5316890857216,2
1991,1994,0.006030997230274336,3,33.32387947375551,33.55817957803748,3
1995,1997,-0.0029362905959903654,2,33.84458987432351,33.77905691322471,2
1998,2000,-0.020305144413098098,2,33.87629262179656,33.222305900552406,2
672,674,0.0010683238225480509,2,27.009623952083135,27.065488600741293,2
678,679,-0.00788976712682021,1,26.792195796041515,26.607603806190617,1
682,685,-0.0049720381252824335,3,26.241916675957675,26.137682782440287,3
686,693,0.020452001442021712,7,26.15714035144455,26.718263363982903,7
706,707,0.0042421540819863705,1,27.538973941211232,27.68333748587087,1
708,709,-0.004504200680239171,1,27.78004532811643,27.68269847438057,1
711,712,-0.00560263961968104,1,27.41509194465784,27.288910156296158,1
716,718,-0.008595722654810716,2,27.03973648787551,26.83435014885444,2
719,721,0.0005376170093629306,2,26.63470976118549,26.675663743953734,2
722,726,-0.02051483253999878,4,26.86036087146129,26.336185427090786,4
727,728,-0.005251533227296942,1,26.348886665589273,26.23686349842824,1
730,731,-0.0010580904390816669,1,26.00333888876059,26.001828343386954,1
733,734,0.006097070189059435,1,25.942302479675647,26.126416821239715,1
736,740,-0.008457208914476093,4,26.561461415813145,26.36338704896163,4
742,745,0.0005397259662430634,3,26.241038188802783,26.28144219668326,3
747,755,-0.00865979611498954,8,26.42671093415858,26.224287716413162,8
758,765,0.018905578826198827,7,26.392867955538907,26.918233269077344,7
768,772,0.004624895046825288,4,26.97032777301426,27.122033036115944,4
775,776,-0.0022284545013461343,1,27.203877098870432,27.170458373594258,1
777,780,0.018325482925643982,3,27.22428563172991,27.75040809886876,3
782,785,0.007191568390509853,3,27.787075359307668,28.014695087485688,3
786,789,-0.00523037475843956,3,28.22844498702863,28.109028085885505,3
791,803,0.013402175310175193,12,27.790113819452912,28.190351910570396,12
805,806,0.0022687366411409137,1,28.4799542179116,28.573047687801704,1
814,815,-0.0024654657625764083,1,28.581351970620904,28.539466977859814,1
819,821,-0.0009232621287798248,2,28.452195312021946,28.45437867292173,2
822,825,-0.0012144967145868912,3,28.52288585778428,28.51676779247725,3
826,827,-0.0035535747619933177,1,28.55073296288791,28.47782653175747,1
828,830,-0.012113025908279517,2,28.430225559417575,28.114279726197537,2
834,836,0.00911406730358763,2,28.050888737606346,28.334597314223945,2
837,840,0.008039233874606182,3,28.45673986992743,28.713966996920533,3
847,849,-0.008336786489967938,2,28.59172427717396,28.3819529007723,2
850,851,-0.004561002937217435,1,28.260416584340472,28.159781157876647,1
852,855,0.0018047665600637725,3,28.104017078807185,28.182842286113285,3
858,861,-0.007493164970399353,3,27.96344902666489,27.7818777389934,3
865,866,-0.006063152789289571,1,27.831341045388594,27.690426713344966,1
867,868,-0.003178396951672656,1,27.68572821924685,27.625417713289206,1
869,870,0.00032740418354332734,1,27.665912717693082,27.702636565976093,1
871,873,-0.0014022357480650387,2,27.88892405159121,27.87770612936259,2
876,877,-0.002130210929521757,1,27.681040974690827,27.649755559640692,1
878,880,-0.011854898863384977,2,27.551196512747815,27.252131061036692,2
883,893,-0.00746716262889489,10,27.19039702952052,27.01455230998639,10
895,898,0.006944611082816973,3,27.12717757304871,27.342692448641095,3
900,903,0.0020489746894756973,3,27.346661669084686,27.43004094835538,3
905,907,-0.001237886620424718,2,27.642430323070304,27.635854558740423,2
909,917,-0.016528403223111453,8,27.80395403755815,27.37220302806609,8
920,924,-0.007174248365728898,4,27.278454907110632,27.110030951480795,4
925,928,0.004370297836918771,3,27.076482607978665,27.22189138395966,3
929,932,-0.0016881416859245116,3,27.249954186326654,27.23120235691151,3
933,945,-0.031958615951208316,12,27.394264259327393,26.546175752856964,12
946,949,0.006469781984576191,3,26.400119466816324,26.597322603600208,3
950,952,-0.005768144891952856,2,26.75732402478507,26.629741226913964,2
953,955,-0.0018938614784089253,2,26.61278713993856,26.588998994681074,2
958,964,-0.01164457449355592,6,26.79992117422663,26.514647416866147,6
965,971,-0.00866769399838342,6,26.44628425697553,26.243502241898778,6
972,974,-0.00019811617275401023,2,26.213763632329023,26.234784025437037,2
976,977,-0.002829142070090955,1,26.16594147265049,26.11808024829933,1
980,984,-0.01721152519307635,4,26.169964206390045,25.745709172356246,4
988,991,0.008681998415819701,3,25.978457739346574,26.229981126024366,3
992,993,-0.0038420463874641784,1,26.415258948999657,26.340185557729722,1
994,996,-0.006119414378821359,2,26.363381632346893,26.228416557343902,2
997,998,-0.003227586419624821,1,26.30575677003623,26.247158423497343,1
999,1001,-0.00984682216538307,2,26.282940983252224,26.050420478390134,2
1004,1014,0.0227894941804219,10,26.01008686225604,26.628853672297947,10
1016,1022,0.025529110098837807,6,26.93357173829124,27.648095428291313,6
1029,1033,0.015740765270788607,4,27.665321523867615,28.128460177639578,4
1036,1040,0.005182559543240403,4,28.250646010401518,28.425307311495832,4
1043,1045,-0.0019367232008348952,2,28.420831744757557,28.394209292275217,2
1046,1049,-0.010987760126377526,3,28.286958150865885,28.004434798150157,3
1050,1056,0.006986684322720868,6,27.89328792488191,28.116062810260704,6
1058,1064,0.03920032671086048,6,28.33400625992979,29.473042568606534,6
1066,1069,-0.0018524037899562244,3,29.30557054989057,29.280590370487015,3
1078,1080,0.006782223793122938,2,28.952060996505903,29.177372414452858,2
1083,1084,-0.010688463916240044,1,29.07474228295668,28.793052691474276,1
1087,1088,-0.001041350598907676,1,28.45788922410679,28.456712473343725,1
1089,1090,-0.00028975793968489877,1,28.46592662175237,28.486144320124982,1
1092,1096,-0.01444152771232254,4,28.417938902430016,28.035958389145915,4
1098,1100,0.0019056589542218584,2,27.719065956082293,27.79960810828025,2
1101,1103,0.00438423130647735,2,27.80507901611325,27.954787993030884,2
1105,1107,-0.0013421235600012428,2,27.974247851461726,27.964677202198427,2
1109,1110,-0.0004418349771369936,1,28.199110213380866,28.214849970377834,1
1111,1112,-0.008366548829755155,1,28.209262793370915,28.001457881552152,1
1115,1120,-0.006028351038140459,5,27.310692456499947,27.17336470773397,5
1121,1133,0.005878306757974549,12,27.35756704418586,27.545740782467625,12
1134,1137,0.00764246810827096,3,27.486855963728505,27.724410239791666,3
1139,1140,-0.0024116462001825185,1,27.850373468874363,27.811058594993362,1
1141,1148,0.016600994133542876,7,27.931948905277814,28.423578974098028,7
1150,1155,0.0018407432590167448,5,28.52699831433092,28.60803619249234,5
1156,1157,-0.006107669498257544,1,28.673808995207555,28.52735265560387,1
1159,1167,-0.01525530076069661,8,28.306237032243473,27.902723109945274,8
1168,1186,-0.04338527857241818,18,27.876319933402034,26.694774347450934,18
1187,1192,0.011050412212379089,5,26.75151590776158,27.073882701756123,5
1196,1204,-0.0016183743805441417,8,27.01979896719505,27.003090615746284,8
1206,1210,0.017487705193130136,4,26.943223672813655,27.4413420490292,4
1211,1216,-0.005105933095163618,5,27.545613320303165,27.432512874944752,5
1218,1225,0.008877569011857437,7,27.622022217461005,27.894860648161035,7
1226,1227,-0.009400707046955569,1,27.809086159726593,27.575470173655184,1
1233,1234,-5.224768692020795e-05,1,27.720497741103333,27.746769906957187,1
1238,1244,-0.0007388463043109741,6,27.576336293315297,27.58353795545186,6
1245,1248,-0.022734798977092373,3,27.601620799617862,27.001705120096236,3
1249,1251,-0.006027375272117201,2,26.93792138761211,26.802494347745792,2
1252,1257,-0.012710824496189169,5,26.69841607789955,26.385755612885035,5
1258,1265,0.0172300613259535,7,26.390261570361567,26.871357657197212,7
1266,1269,0.003923881846409214,3,26.924159405598388,27.056730785325442,3
1270,1273,-0.009885109387525869,3,27.12264216121096,26.881654518729878,3
1274,1279,-0.013122070555637383,5,26.80546959496695,26.48053180125977,5
1280,1284,-0.021219886312468295,4,26.61473801428164,26.07659103739674,4
1285,1286,-0.00021715153332588775,1,25.967159449087177,25.987487800045777,1
1287,1290,0.002877551873623867,3,26.01828877800088,26.119176042400504,3
1291,1292,-0.0022595049407943537,1,26.186653583327516,26.153671363756445,1
1296,1307,-0.024117864430294792,11,25.942049281108773,25.342324502784074,11
1308,1309,0.0020519203931903852,1,25.528646003975542,25.606557399325613,1
1314,1316,0.003868244582359655,2,26.341062963381123,26.469297700446198,2
1319,1323,-0.01083166596629746,4,25.777097584545636,25.52366577151373,4
1327,1329,-0.0015730188686282009,2,25.394463485282003,25.379911978546247,2
1332,1333,0.0008673684302133811,1,25.840226339879017,25.888479562775675,1
1334,1335,-0.0017510795184247443,1,25.948058387335685,25.928569332138068,1
1336,1337,0.00013322086349823415,1,26.0893329323025,26.118897908696137,1
1340,1345,0.004760250064921571,5,26.261721282597502,26.412995364320537,5
1346,1347,-0.0020823874982457006,1,26.42596030157798,26.397357172518415,1
1349,1350,-0.00581831481185719,1,26.35249446133193,26.22551984693951,1
1351,1357,-0.018375930971769164,6,26.135908482578493,25.681772740900733,6
1358,1374,0.03251409092997246,16,25.758533821543725,26.621807666261713,16
1375,1376,-0.0028265092918108433,1,26.75402240271343,26.70515593220156,1
1377,1378,-0.00221978003772983,1,26.63542753697112,26.602938174165125,1
1379,1381,-0.0007801809499458651,2,26.59341136994887,26.599257108373912,2
1383,1385,-0.0034956059471610026,2,26.642378552606434,26.575889674244035,2
1386,1392,0.0070842111872208595,6,26.57583067020314,26.790675297816883,6
1393,1394,0.004920674904139063,1,26.977976752150365,27.13770458207127,1
1395,1397,-0.001727901792034164,2,27.296499270127665,27.27663009939268,2
1398,1399,-0.0015628911258918259,1,27.32358502279475,27.308204819257867,1
1400,1409,-0.007100687463794467,9,27.346841647374262,27.180007113361754,9
1410,1413,-0.00902064263610335,3,27.17953286963748,26.961535549473894,3
1415,1417,-0.0002509800603892477,2,27.09366361545657,27.113957309741654,2
1420,1421,-0.002089880003270622,1,26.92483121713199,26.895486381997003,1
1422,1424,0.00621080408743437,2,27.07736499439556,27.2726145685741,2
1426,1429,0.003363172801837024,3,27.683388442046734,27.804175849559762,3
1430,1436,-0.002099885561041972,6,27.890482472347276,27.859806133385447,6
1438,1440,0.004133410887044308,2,27.814969857459104,27.957755526548194,2
1442,1449,-0.018461431028448338,7,28.089442649577858,27.5989607841247,7
1451,1458,-0.0021079679944188373,7,27.588299919558555,27.557732966227256,7
1459,1461,-0.0051323834283586054,2,27.484946850557918,27.371368511663356,2
1462,1472,-0.007266465385307493,10,27.245521229252414,27.074788113564644,10
1473,1475,-0.013128887968438314,2,27.055774744670465,26.727618283893054,2
1476,1477,-0.008368704059874287,1,26.607492908419914,26.411430167402564,1
1479,1483,-0.01707632582289952,4,26.337180653881607,25.91377555643324,4
1484,1489,0.003810119490744916,5,25.91344668392144,26.03809345888815,5
1490,1492,-0.012806378920233806,2,26.104478267760904,25.79627890581671,2
1493,1494,-0.006692714232257528,1,25.690860882320493,25.54461015293676,1
1498,1504,0.0035815300390900535,6,25.562597550653603,25.679713359209092,6
1505,1506,-0.0058376672903045265,1,25.68672475440499,25.56246092626555,1
1508,1514,0.0001402329892742089,6,25.70222606037789,25.731532586429715,6
1517,1519,8.552363731454586e-05,2,25.681022095212523,25.708899451727273,2
1523,1525,0.00020792759209467375,2,25.88334369077822,25.91460889579798,2
1526,1528,-0.010496064650710003,2,25.889985195295893,25.644132222075438,2
1530,1541,-0.00039068550464887487,11,25.525702211528444,25.541255391889944,11
1545,1546,-0.001207128384922672,1,25.770416102381972,25.7650783177159,1
1549,1550,-0.0009222256260607608,1,25.71076808241459,25.712767721305696,1
1551,1554,0.0013799467327520122,3,25.79031357399551,25.85169314652259,3
1557,1561,-0.005108218598582799,4,25.781383843521738,25.67546828291858,4
1563,1565,0.004811583021785678,2,25.81652520367422,25.966560083229396,2
1567,1568,-0.0012981507900195236,1,26.145377613446158,26.13758234845535,1
1573,1576,0.000538789481249357,3,26.396136499742987,26.436754596934414,3
1577,1579,-0.009356772201348795,2,26.52636956907682,26.304694741259254,2
1580,1581,-0.00890021411659038,1,26.240178249003094,26.032875222378472,1
1582,1583,-0.0026027592175993236,1,25.925750050687256,25.88419731582034,1
1584,1585,-0.002074219419052262,1,25.950210382587223,25.922334162665756,1
1586,1591,0.014665120527163344,5,25.969627919833037,26.376445271242808,5
1592,1596,-0.005896236652368408,4,26.375615272266856,26.246474018042015,4
1598,1599,-0.003063526620796712,1,26.061942882382905,26.008163369455424,1
1601,1602,0.0014969537528723375,1,26.094997122483342,26.16015512347952,1
1603,1611,-0.03694687620019623,8,26.281447636909054,25.336711692343144,8
1616,1619,0.005236909393725258,3,25.41809389790136,25.576624246503773,3
1621,1622,-0.004561664252082786,1,25.608701214289667,25.517491618632462,1
1623,1624,-0.00561907619867267,1,25.526856724758655,25.408946228434395,1
1628,1629,-0.008022878351448923,1,25.220376863585127,25.04325722489447,1
1631,1634,-0.028951138342361387,3,24.876801677557594,24.181466752352694,3
1639,1641,-0.013348957065976615,2,23.590513246260624,23.2991950110182,2
1642,1645,-0.03596194218557635,3,23.16603827555141,22.356108584692734,3
1649,1650,0.007820433863965554,1,23.54008860341549,23.747722398093806,1
1651,1652,0.0050840753193858905,1,23.963203926064654,24.108997863644635,1
1658,1659,0.015327828508943767,1,25.068090136980114,25.47739761378347,1
1663,1664,-0.0012201258944969273,1,27.18188785632858,27.17590441895009,1
1667,1672,-0.017890477602005513,5,27.58060719160455,27.11475756358504,5
1673,1680,-0.03788863843293771,7,26.88444879608972,25.89271808498194,7
1681,1684,0.013600976621485312,3,26.05435471477906,26.434773738857434,3
1685,1687,0.00031463392085317034,2,26.492741020450495,26.527569276452358,2
1689,1692,0.020016770701173255,3,26.723678351883585,27.28532377209703,3
1695,1701,-0.005986971823357321,6,27.941043729280917,27.8017025314878,6
1703,1710,0.08814000345802951,7,27.663862067498954,30.129818827858262,7
1712,1715,0.010011523671836633,3,30.543855728597503,30.880190118982117,3
1716,1731,0.029487170901396548,15,30.761456955829992,31.699286751218335,15
1734,1736,-0.010560335867173868,2,31.139086670168382,30.841386543004536,2
1737,1741,-0.003868515809584846,4,31.10178339491425,31.012567437539655,4
1742,1744,-0.003014665073386171,2,31.23357947922216,31.17065427752854,2
1749,1757,-0.0004923840430130318,8,30.33192731566221,30.34732428597381,8
1760,1765,-0.005389705693828704,5,31.004991805162796,30.86888901609856,5
1766,1768,-0.012758930745934639,2,30.685528478844713,30.324699474559573,2
1769,1770,0.02293568652771214,1,30.658430489388124,31.39226107101377,1
1775,1784,-0.017230543539742495,9,33.84061519066615,33.29136361240237,9
1785,1786,-0.022989331741059608,1,32.61581004538891,31.89861017829747,1
1788,1791,-0.034326780993426106,3,32.17274980361308,31.100535616951774,3
1795,1796,0.013643033250410237,1,32.69649608402399,33.17527196335426,1
1799,1804,0.004055607164893963,5,35.11947663529531,35.29702691300003,5
1806,1807,-0.01196991030554169,1,34.690117346031045,34.30956987025637,1
1808,1810,-0.01755334690954729,2,34.19776285883962,33.63167542670681,2
1812,1814,-0.0003860484404723993,2,33.282968910366364,33.30340304103459,2
1815,1817,-0.020590033459226262,2,33.562248091680786,32.90476252859791,2
1818,1825,-0.06891709747510623,7,32.79031706672741,30.563293906266846,7
1835,1837,-0.019389772480001476,2,31.790417488511824,31.205798943853832,2
1838,1847,-0.021029896810719366,9,30.822963410862467,30.205582634342313,9
1848,1849,0.00043137180799867236,1,30.165999547674808,30.20917830898745,1
1850,1852,-0.006088477969326854,2,30.462705896047744,30.307697088209622,2
1853,1857,0.025557669976041582,4,30.19125483987037,30.993064222070217,4
1858,1859,-0.0032625326926526053,1,30.781395716544072,30.711751802409914,1
1862,1871,-0.022633633127320692,9,30.755680410598305,30.090323304014298,9
1872,1876,-0.011822410882110796,4,29.848504797408776,29.525472014274563,4
1878,1879,0.0002934784343330784,1,29.761639944512382,29.800135983950995,1
1880,1881,0.009007755059441264,1,29.94365844896751,30.243327248308347,1
1882,1884,-0.007417163618355203,2,30.529255654093372,30.33334442541446,2
1887,1893,0.03556695218400887,6,30.652198059463757,31.773055520238938,6
1899,1901,0.0011506188722024547,2,31.605488498773525,31.673459858804165,2
1902,1905,-0.001938001211090949,3,31.88814022472963,31.858229110579394,3
1911,1912,-0.01215506749480522,1,31.55157630785045,31.19961634456888,1
1913,1915,0.011209325008355399,2,31.039034901441816,31.418000566499206,2
1916,1917,-0.001409611431684497,1,31.52712514742705,31.514211276558516,1
1918,1919,0.0019865779734944207,1,31.479968928916357,31.573986310725747,1
1925,1929,-0.007275248369439024,4,32.75870019006574,32.55313121011309,4
1930,1942,-0.039286828865135806,12,32.70675363996805,31.454515760620435,12
1943,1944,-0.0022932326731047088,1,31.519496883308115,31.4787348400988,1
1947,1949,5.5640588282952546e-05,2,31.301599130267075,31.334642368787147,2
1950,1957,-0.015301427658526691,7,31.172977919553468,30.727159830936124,7
1958,1959,0.008405280928400653,1,30.96500126823575,31.25623580411179,1
1965,1970,0.027142925987807393,5,33.28259401847401,34.21926359861816,5
1972,1973,-0.00023276709414480484,1,34.21337365448261,34.23962328057065,1
1977,1978,0.0016728550488515808,1,33.80949975306672,33.89986764518085,1
1980,1987,-0.012073849250967408,7,33.75832555812187,33.384490949926146,7
1996,2000,-0.020815287215523864,4,33.84692440214853,33.176237873757835,4
673,676,-0.00576068689210818,3,27.05532441620947,26.926522487899486,3
677,680,-0.013936983487788147,3,26.837373551133357,26.490178892646743,3
681,683,-0.004901007831769366,2,26.356505744766704,26.253688809438295,2
684,690,0.006055794506036919,6,26.236581607561995,26.42170153592582,6
691,693,0.005422039724769851,2,26.52170694736612,26.69203040295081,2
697,700,-0.006262648884157821,3,27.077773841811066,26.93527302551698,3
701,704,0.01212177601126161,3,27.004215001300857,27.358558261907877,3
709,710,-0.003559124724971413,1,27.713881442856408,27.642958163631068,1
711,715,-0.007146873587124736,4,27.41018336469245,27.241696432549777,4
716,717,-0.007850781423943881,1,27.085200862925088,26.899646071989572,1
718,719,-0.008818653158798578,1,26.855546231970504,26.645572030592646,1
722,724,-0.012321899792406867,2,26.901267986531725,26.59669452609953,2
725,726,-0.004996232855962459,1,26.473766439888482,26.367971104620324,1
730,731,-0.0049796864074955855,1,26.04791554199344,25.944253006567376,1
732,735,0.011664593137922705,3,25.953467636312006,26.28215774444414,3
740,743,-0.004204659859993465,3,26.370152175113255,26.28564480693575,3
744,752,-0.002216072925935381,8,26.279447973188336,26.247490247999615,8
753,758,0.0024809694155453776,5,26.247499544488786,26.338866287637693,5
765,766,0.0014235651195156941,1,26.915341686423883,26.980572769714946,1
767,768,-0.0012141630343877243,1,26.950565020290593,26.944793205507384,1
769,773,0.007748698138320146,4,26.96134743642007,27.19722412654368,4
777,778,0.004233067715135362,1,27.215570982325783,27.357991908182367,1
779,781,0.006517121128593056,2,27.582462322810894,27.789803033116318,2
783,786,0.013061334048461878,3,27.799162147419903,28.19005545264213,3
789,790,-0.010004383710241514,1,28.18659232665006,27.932789433856755,1
793,794,-0.0062388263570903385,1,27.766581008765556,27.62111671233055,1
796,797,0.002627133154218969,1,27.736413998120828,27.837017664912555,1
798,799,8.441427102354681e-05,1,27.97592650597468,28.006263999922865,1
803,804,0.00480349270067095,1,28.236717731638848,28.40058931688532,1
806,810,0.0023689922751406675,4,28.59174247478584,28.688067834316204,4
812,813,-0.004165252019973675,1,28.662814322096548,28.5720892911654,1
814,815,-0.0009138534606472367,1,28.582717489241222,28.585179791438218,1
818,819,-0.0007900492770855943,1,28.441411192868024,28.447382487708673,1
820,823,-0.0008548707574523156,3,28.490141164020194,28.494275916627405,3
828,830,-0.011104178007088322,2,28.46900930084548,28.181353363184286,2
835,838,0.009557440557374983,3,28.263968394995846,28.56236356124154,3
849,850,-0.007878322206165689,1,28.42320341325995,28.22769946205216,1
858,865,-0.008379157608104409,7,28.01227863354321,27.80557161454416,7
866,867,-0.0005018604360718108,1,27.70217712698574,27.71597667741964,1
873,876,-0.009784646910040613,3,27.93755802371251,27.692136440945422,3
878,880,-0.011249552390221379,2,27.53411414224702,27.251901796827724,2
881,882,-0.0016757146768630125,1,27.21950624926187,27.201113629392278,1
888,890,-0.0050011635993928265,2,27.234669010652873,27.125698644365936,2
894,896,0.009124444356113363,2,27.048850698890913,27.322705282688652,2
903,906,0.0007891881173134453,3,27.522071131101104,27.571313293732725,3
907,911,0.0033616497650543345,4,27.676946489956336,27.797663637111675,4
912,920,-0.022849108961992784,8,27.892353057463342,27.282929996304453,8
925,934,0.009430914918391712,9,27.06544993450054,27.347767339995304,9
937,938,-0.0039233785597228375,1,27.25888049670721,27.17919246990109,1
939,941,-0.008328656727417796,2,27.15548967051996,26.95647640845978,2
944,946,-0.011759549367814665,2,26.672357497159638,26.385374949912947,2
948,950,0.007849294537648564,2,26.449345172636203,26.683403218396794,2
952,956,-0.000765210293835811,4,26.671857775259287,26.678120052909193,4
957,958,0.002927949806601658,1,26.704212610135215,26.809105416892645,1
966,967,-0.0018282275345497157,1,26.4550736376688,26.433162817253542,1
968,972,-0.011745099083310864,4,26.46502922620832,26.180659864929993,4
981,984,-0.01821847841843724,3,26.16766922487737,25.717101777068013,3
988,989,0.0027386253091463406,1,26.021264572116888,26.118548330422197,1
991,996,-0.00495524547551831,5,26.317351642072726,26.213260056062794,5
997,998,-0.0026174324083006887,1,26.261175644465087,26.218699967897653,1
1004,1005,-0.001488977231513771,1,26.052378611034676,26.039639591067104,1
1006,1008,-0.0038101532213535255,2,26.070837411843534,25.99757436410726,2
1011,1012,-5.959427914776691e-05,1,26.300080826818416,26.324813573286832,1
1014,1015,0.003667233355512514,1,26.630225051272244,26.754514525896347,1
1016,1019,0.005973058303574114,3,26.954843729669797,27.142801426560514,3
1020,1022,0.008457653746393727,2,27.33803139482471,27.596585029865004,2
1028,1031,0.0041395809507236234,3,27.615858401812417,27.757792341592253,3
1032,1034,0.006881070859731432,2,27.919612862616688,28.13964930996324,2
1037,1042,0.004343364637360043,5,28.3127546548443,28.464040026853247,5
1043,1046,-0.006093927107216284,3,28.43307264228319,28.288236642809213,3
1047,1048,-0.0073438012753361,1,28.18650561956746,28.00769602927078,1
1049,1051,-0.00900651940885553,2,28.03089037774042,27.80646050988354,2
1054,1055,0.003953767521597517,1,27.816618447934694,27.954415508962743,1
1059,1062,0.03204364809333759,3,28.416104860671922,29.355076629871345,3
1063,1066,-0.007896344937174195,3,29.526061663487464,29.32243975761978,3
1067,1068,-0.0021915893753148316,1,29.323210679738366,29.288269453442272,1
1069,1072,-0.024406658675032982,3,29.34545220984308,28.658573226302792,3
1075,1076,-0.001291309232238927,1,28.68070222266462,28.672347269320063,1
1077,1082,0.013240279050856514,5,28.772295210723815,29.182020723458145,5
1083,1095,-0.03642051521418193,12,29.066753372318143,28.037193992267074,12
1098,1101,0.0009861986438343654,3,27.740136333478524,27.79523375464386,3
1103,1104,-0.0063046931418,1,28.07184577303694,27.922933245287044,1
1105,1108,0.007850223791904622,3,27.90506226053087,28.1520283064636,3
1112,1113,-0.0069593448904901505,1,28.058848600021918,27.89163624398434,1
1119,1123,0.00945659115810164,4,27.1987205254888,27.483126426047303,4
1126,1127,-0.0005597353881358606,1,27.568689253034556,27.580826771308146,1
1129,1131,-0.0005988511742409618,2,27.62458063385142,27.635662201934775,2
1132,1138,0.007322675233587949,6,27.607858742713013,27.837629984923385,6
1142,1148,0.010574291533259512,6,28.035968164013948,28.360464632961428,6
1150,1156,0.002672473342436777,6,28.521825504632865,28.626571148476263,6
1157,1159,-0.008008349947499566,2,28.547558551572727,28.347487271096572,2
1164,1165,-0.004171267709780395,1,28.050608775216055,27.96165278536753,1
1166,1173,-0.00967239376854476,7,27.963731871087983,27.721219377063903,7
1178,1184,-0.009146349066945645,6,26.987799181256147,26.767947148577004,6
1186,1187,0.0035587024901489904,1,26.664926603937577,26.786484071246587,1
1188,1190,0.003571097516008713,2,26.845623079667867,26.968337040643043,2
1193,1194,-0.0008809484267057909,1,27.104750250432332,27.107977113593392,1
1196,1198,-0.004845302454926521,2,26.953538134578174,26.849893628220325,2
1202,1204,0.0029674830152704003,2,26.94150094518537,27.048390892591286,2
1205,1206,-0.0027471686651469145,1,27.01557850823527,26.968377735994864,1
1212,1215,-0.0055785275334942494,3,27.627243910876945,27.500751813956434,3
1217,1219,0.005482340770237403,2,27.494041332541673,27.6722670776102,2
1220,1221,0.005089719773335302,1,27.76812778317055,27.937227900000224,1
1223,1227,-0.017588696552940205,4,28.081277121015347,27.6154453360358,4
1228,1229,-0.0034175779355064867,1,27.602519103388346,27.535787862239598,1
1235,1236,-0.004732607254993311,1,27.71068551737882,27.607252411575814,1
1237,1238,-0.003487740040154331,1,27.58571229505754,27.517086214044948,1
1239,1241,-0.000970470956094408,2,27.457547852234352,27.45835864737042,2
1245,1260,-0.043558634437058597,15,27.595097388139884,26.420687726143008,15
1265,1268,0.0023778900103266147,3,26.929528976254076,27.020493963165766,3
1274,1276,-0.006633738681816626,2,26.72694640990761,26.576373778071275,2
1277,1280,-0.0003621041932187572,3,26.527790997967585,26.544712964608358,3
1283,1284,-0.0054211230169750844,1,26.22540942697712,26.109463665729916,1
1285,1286,-0.004338573090626481,1,26.006814508956893,25.919988857864375,1
1287,1291,0.004214324788344606,4,26.029022012222654,26.164745786917354,4
1292,1294,-0.00128735683730541,2,26.09275583469026,26.08525790289702,2
1296,1301,-0.007568167740448792,5,25.958869692834224,25.788367482339236,5
1302,1306,-0.020163322786014487,4,25.750999751566116,25.257525031264276,4
1309,1319,0.003931362084091199,10,25.62918435046315,25.755571138415206,10
1320,1321,-0.0009676425151251984,1,25.712364451175198,25.713196438619022,1
1328,1330,0.002587927647513165,2,25.354054465766026,25.445022978760303,2
1332,1334,0.0013248727994126688,2,25.893269114584733,25.953467671637103,2
1336,1339,0.0015047498938599714,3,26.096731237720782,26.162097022518555,3
1340,1342,0.006390546093133505,2,26.206288572046482,26.39996735566815,2
1347,1348,-0.0019444379181827996,1,26.38078983561183,26.355874817379465,1
1351,1353,-0.013837091026785514,2,26.13710469271581,25.801580300598793,2
1355,1356,-0.0010731560834940407,1,25.600232951521946,25.598360138742677,1
1361,1362,-0.001987833523589691,1,25.868473348935414,25.84291960375725,1
1363,1364,-0.0028637385296578187,1,25.847672290885235,25.799498988134744,1
1372,1373,0.0032765107747021764,1,26.366994864228953,26.479753601862345,1
1377,1382,-0.0024847874636206675,5,26.69554965787385,26.655912440407377,5
1391,1393,0.009203431873571168,2,26.699806778796287,26.97223643830125,2
1397,1399,0.0022461897408707944,2,27.253602862345772,27.342073228359286,2
1400,1403,0.005146348476511622,3,27.303167461116793,27.47098224284537,3
1404,1405,-0.001478323574274039,1,27.47870929687134,27.465565582424023,1
1408,1410,-0.005358738016574516,2,27.32227989399766,27.203189233924203,2
1411,1412,-0.005445951923585312,1,27.13603430383947,27.015388799927837,1
1414,1417,0.0017395757069185499,3,26.99391900571386,27.06787089045644,3
1419,1424,0.009102239387556717,5,27.025683944122115,27.298703872938084,5
1427,1432,0.006636683064528899,5,27.810437076928014,28.022816570770537,5
1434,1437,-0.0030897847098552964,3,27.93636261560881,27.87798163216574,3
1439,1445,0.0012034048873444522,6,27.895848648374475,27.957314497622924,6
1446,1447,-0.006692884984026963,1,27.80887869880216,27.650565950835123,1
1452,1454,0.008450832273927265,2,27.633324078252162,27.8944819892868,2
1455,1456,-0.0032476426367738695,1,27.96378544011325,27.900932843672454,1
1457,1466,-0.032730224796522205,9,27.876685696719925,26.992152192981006,9
1473,1476,-0.01778142390260649,3,27.02072854113385,26.567282241327824,3
1478,1479,-0.00043356374373003295,1,26.3338302614086,26.34874669763512,1
1480,1485,-0.021371462673729136,5,26.474465201883397,25.93514162221629,5
1487,1490,-0.0025291972324713555,3,26.05079945585709,26.010962645425526,3
1492,1494,-0.014897918730413854,2,25.856774436418696,25.497419086670707,2
1504,1507,-0.005071187793625817,3,25.776734149170004,25.671792223742365,3
1510,1514,-0.004295635183730844,4,25.847653750222673,25.762469313106546,4
1516,1518,-0.0023279543281282816,2,25.769981683775335,25.73576032506258,2
1524,1525,-0.0009097279397376853,1,25.884877788611746,25.887214469859362,1
1526,1528,-0.011317067458963617,2,25.868478758081988,25.60159191767409,2
1533,1535,-0.005347682616547194,2,25.400140271564105,25.289708523247565,2
1541,1545,0.006672657105445791,4,25.535491848940353,25.73141692191618,4
1548,1550,-0.0009262363131441443,2,25.72720480760447,25.729102541083574,2
1551,1556,7.758484337661779e-05,5,25.7872465401949,25.81503448621903,5
1557,1558,-0.0034263809769035317,1,25.756755080564105,25.69425938000986,1
1560,1561,0.0012477958019630436,1,25.658520061913325,25.71619517559308,1
1563,1567,0.009309202421699192,4,25.86972846665743,26.136424734014597,4
1568,1572,0.008025339568180034,4,26.157937270226867,26.394021536493817,4
1575,1576,-0.0011809624917880606,1,26.46307731902872,26.45828849461669,1
1577,1579,-0.006042625004436474,2,26.485861462526792,26.352303195251814,2
1580,1581,-0.008594445974076041,1,26.18554660658741,25.98668188758203,1
1588,1589,0.0014484318412995908,1,26.11601765874225,26.179960947945858,1
1592,1593,-0.0020194013938135487,1,26.431659896392695,26.404715425453507,1
1595,1597,-0.012456111850155181,2,26.415407326537625,26.1127894656374,2
1598,1601,-0.0012697502422850233,3,26.054655709326273,26.04762745963603,3
1603,1607,-0.01584512838152662,4,26.26071229558751,25.87086865016918,4
1609,1610,-0.005513600548712758,1,25.56266204435295,25.447282398923,1
1621,1624,-0.007898032058083284,3,25.586904305165532,25.41040501900139,3
1626,1630,-0.015632810324244753,4,25.308344686280037,24.938012478865094,4
1631,1639,-0.05101138876041515,8,24.828548968031406,23.586838753234183,8
1641,1642,-0.008597547382136896,1,23.272762058800446,23.09594614634551,1
1644,1648,0.005281114255722516,4,22.642536254611038,22.78475661186559,4
1650,1653,0.01718170587417775,3,23.83441570592874,24.26776604197682,3
1658,1661,0.06342498575212298,3,25.039407223703353,26.652570677332047,3
1666,1674,-0.04041554663964256,8,27.826691508840725,26.729887251847067,8
1675,1679,-0.03924956116759518,4,26.674135038291602,25.653861078551774,4
1680,1681,0.0027929216224722012,1,25.872912081198375,25.971046008867475,1
1683,1687,0.003803819466517859,4,26.36301650311192,26.4896596749857,4
1692,1696,0.022774444338507102,4,27.330705265778466,27.98047759685186,4
1697,1702,-0.01750054606585388,5,28.1105330724325,27.646693926535118,5
1707,1717,0.028986365028609247,10,29.512469438595744,30.39744112007715,10
1718,1722,0.05632414481512091,4,30.313243161953174,32.05092390278495,4
1725,1726,-0.002252026362282541,1,32.49431146975123,32.45362773516688,1
1728,1731,-0.009186729887897243,3,31.947724043282598,31.686176656007163,3
1732,1737,-0.011749017347094777,5,31.42881029085677,31.0909814638418,5
1742,1747,-0.022635629184670353,5,31.140278666797176,30.46653914485505,5
1748,1749,-0.004044944230579958,1,30.408947352051037,30.3163538032534,1
1751,1752,0.0003393201711948122,1,30.305856107414705,30.346445351804693,1
1756,1758,0.0012923705402743202,2,30.446292396670387,30.516086580421092,2
1764,1765,-0.009965312090174514,1,31.138165022988197,30.85900165564175,1
1766,1768,-0.012354338201001708,2,30.700252706189644,30.35167165410735,2
1770,1773,0.07962839032095784,3,31.34722545765274,33.87470178733143,3
1779,1781,-0.006140545599766137,2,33.66805159021225,33.494979435757486,2
1782,1784,-0.02625205987546504,2,34.186305655195135,33.3230310178692,2
1785,1790,-0.04877342511815547,5,32.6751002595635,31.11409880408502,5
1792,1799,0.10315667572706144,7,31.74918128959568,35.05607046977578,7
1803,1811,-0.05189165320737736,8,35.178538218359414,33.388244251008196,8
1820,1823,-0.030062688771233713,3,32.238174586001655,31.301246551455993,3
1827,1835,0.062310503833713185,8,29.89262516185245,31.78514232176166,8
1838,1839,-0.015787083818683243,1,30.836535651863617,30.380553214501695,1
1845,1847,0.005474577209148335,2,29.999027529346836,30.19325854928496,2
1852,1858,0.01395106733859033,6,30.3339855164668,30.78751097657132,6
1859,1868,-0.01331584706967727,9,30.71608658341827,30.337791958477926,9
1870,1871,-0.008946578208097283,1,30.38612437568534,30.144658661892986,1
1881,1883,0.003715516882638832,2,30.346027802209612,30.48912500863196,2
1886,1889,0.026702250558020616,3,30.33011615852271,31.170328635799976,3
1890,1892,0.007553204610057841,2,31.35916640386284,31.62738777051593,2
1894,1895,-0.0038270951556468842,1,32.10110303536387,32.01035016248167,1
1897,1901,-0.00617818997167667,4,31.910752791524796,31.74551285143107,4
1902,1903,-0.0003992348659111898,1,31.890376084833537,31.909534710898285,1
1906,1910,-0.009965629139191714,4,31.893732551053226,31.607785173135916,4
1912,1913,-0.005581293843517259,1,31.179956267630995,31.03711172594096,1
1916,1922,0.05219441117662703,6,31.446359112882583,33.11912966954113,6
1924,1925,-0.012104860273006987,1,33.0982016191598,32.73065071489122,1
1926,1930,0.004768575540435327,4,32.515719274832826,32.70328865772129,4
1933,1935,-0.0032391175620411442,2,32.50209337583625,32.42931736775532,2
1937,1939,-0.014910155827546116,2,32.1126771697683,31.665984826297137,2
1940,1942,-0.005004578129111161,2,31.689917407237886,31.56301265707552,2
1946,1949,-0.0012728517517815816,3,31.39850370474357,31.389936568004412,3
1956,1957,0.0030617228841463536,1,30.660588491585287,30.785123305502953,1
1960,1962,0.017631616894189458,2,31.768078572867434,32.35996924230161,2
1967,1969,0.020318140618412937,2,33.68180347018673,34.39983689284592,2
1970,1974,-0.006036059102717242,4,34.292915648198914,34.12021449819009,4
1979,1980,-0.002573068308666641,1,33.80464910231179,33.75147208012335,1
1988,1991,-0.005647256316164141,3,33.47011210018374,33.31456791032344,3
1992,1995,0.013040132025500986,3,33.29908077475311,33.76660426515846,3
1997,2000,-0.01987065065402904,3,33.86401714364103,33.22498110638133,3
677,678,-0.005711735573232406,1,26.85107898470609,26.724563800674176,1
679,684,-0.017849339567422563,5,26.632699054608494,26.183955664640422,5
686,687,-0.002666054048105854,1,26.125372597507692,26.08184631473334,1
694,695,-0.0005339714619033882,1,26.785934019867184,26.798417029540015,1
700,701,-0.0023482141634039175,1,26.969507098163902,26.933146426714135,1
703,704,0.005410217765322504,1,27.143921361447223,27.31791980837889,1
706,707,0.001955248166126128,1,27.584811699803453,27.66633166399223,1
715,720,-0.02570018035580488,5,27.278262712828273,26.604484704028387,5
722,724,-0.01026519844441292,2,26.871036269440687,26.622070785997302,2
725,728,-0.010058357240107813,3,26.47240009271334,26.23260363567048,3
731,732,-0.005581174345628805,1,26.01522865791189,25.896048359788598,1
733,734,0.0058585790902268954,1,25.964581591277156,26.14266172766558,1
737,738,0.0003388027448654671,1,26.60766986004653,26.643292281489636,1
739,741,-0.013215076607364633,2,26.551608637221076,26.227278703668656,2
742,745,0.0009533308107354289,3,26.235769027550088,26.28701616353494,3
746,747,-0.003808654077371001,1,26.385504862163835,26.311397106349226,1
749,750,-0.0016763702414175187,1,26.393668702028602,26.375816809956717,1
755,761,0.0125353407446895,6,26.325357725065775,26.681680412100384,6
762,763,0.0013958195944257295,1,26.791568210223044,26.85575597430649,1
766,770,0.0006533224246939762,4,26.94905128451279,26.993606755325704,4
771,772,-0.002605973018242786,1,27.167126593270062,27.123496920978084,1
775,776,-0.001516586036632082,1,27.20001980395842,27.185968653531578,1
777,780,0.01852969865832156,3,27.235389204490662,27.76728814849647,3
783,786,0.012776592413666167,3,27.779238530765063,28.161941777565424,3
788,792,-0.017625123374588117,4,28.296455030312192,27.826022974369767,4
793,794,-0.000996546381791096,1,27.725114276632965,27.725210028592475,1
796,798,0.007094560389384163,2,27.69490329593305,27.919081363140133,2
799,802,0.0003606851548591857,3,28.06093638398079,28.09911848354992,3
803,806,0.012429822222864272,3,28.181038765883326,28.559505106564785,3
808,809,0.0007706642589405083,1,28.522212291413794,28.572715553304114,1
817,825,0.002230670885499499,8,28.469206465106588,28.56118110156668,8
826,827,-0.0006803227668306,1,28.52561266689108,28.534731655822895,1
828,829,-0.006365658969142455,1,28.475011750508173,28.322224548312622,1
830,835,0.0006280043720396258,5,28.134577145092795,28.180380359690492,5
840,842,-0.002557386169402922,2,28.712017169087613,28.667301470652816,2
847,849,-0.0077348591021030475,2,28.604727105471763,28.412078298762303,2
850,852,-0.0067568675743869275,2,28.28297661038977,28.120155259434274,2
853,862,-0.01361524612013126,9,28.1452721194628,27.790212584557707,9
866,868,-0.005398406352424487,2,27.713674285098907,27.591778284074305,2
872,874,-0.003752741569889561,2,27.927040586805155,27.850164661257864,2
875,877,-0.00741180784149554,2,27.773192549165866,27.59511617539576,2
880,882,-0.0056307889896146605,2,27.32045905215709,27.193943771187143,2
883,885,-0.004999227962994252,2,27.1921626009084,27.08341494386056,2
887,889,-0.002762303864662928,2,27.219079159610835,27.171110871215287,2
893,895,-0.0014376423216228072,2,27.076013241776657,27.064163632481236,2
897,899,-0.008132746223618178,2,27.432038792979917,27.236373021873142,2
900,902,0.0004928303227319328,2,27.336208316279553,27.377016636962612,2
903,904,0.0005595040895281821,1,27.46846288090078,27.5113000610966,1
905,906,0.0006275855696127534,1,27.585414105590502,27.630311727520553,1
909,913,0.0033788321422100207,4,27.75866803958909,27.88021858742578,4
918,919,-0.0013413503283204536,1,27.30733725072469,27.298015882188597,1
921,925,-0.01341982816794917,4,27.37263647958688,27.032673038006674,4
929,930,0.002933350365564142,1,27.218464020268808,27.325523775673027,1
938,942,-0.011953687375770801,4,27.188565906467225,26.890750855332243,4
945,950,0.0024694461616874192,5,26.570820442246674,26.663006473242913,5
955,956,0.0003222125705662812,1,26.645286602894988,26.680517335787677,1
957,958,-0.001240019973906088,1,26.77597706500161,26.769550295685157,1
959,963,-0.009229583124759435,4,26.83408311977162,26.613249802160755,4
964,965,-0.004154262704764034,1,26.525224221458828,26.441556695961577,1
966,973,-0.011980449024508458,7,26.489779355764416,26.198909683877968,7
974,976,-0.0035392680948261273,2,26.179251578538942,26.11277544025913,2
978,979,-0.003200711776811239,1,26.17342003838592,26.115819884668017,1
980,981,-0.0015681179130531391,1,26.11053880165671,26.09570493684402,1
982,983,-0.007823542075255655,1,26.05347016668527,25.875693216796474,1
984,985,-0.004326879712554752,1,25.807830772532668,25.721971223910483,1
987,990,0.007334797152119922,3,25.976595986349572,26.19310564459837,3
993,995,-0.004177268989021189,2,26.374460524418556,26.290661768892157,2
1003,1004,-0.0012133768005065872,1,25.980141213965332,25.974597654556387,1
1006,1009,-0.0026280693987800687,3,26.10857243393752,26.066065866111995,3
1012,1013,0.001670528867992425,1,26.36077038873696,26.4311675870426,1
1020,1028,0.0036237759382397256,8,27.38672476466782,27.513354843661887,8
1031,1034,0.01438190589406935,3,27.730250931605198,28.156795041854078,3
1040,1041,-0.001719877590984881,1,28.43150625593906,28.411039051707462,1
1048,1050,-0.00819257832430781,2,28.09971236356849,27.897602981503002,2
1052,1053,-0.002599585394029773,1,27.855286604179227,27.81072969458067,1
1055,1056,0.003099714444558814,1,27.922104922772295,28.03657757964667,1
1058,1067,0.03407146796358552,9,28.338353484846078,29.33222114123062,9
1069,1071,-0.01161806251781957,2,29.284861958794796,28.973913463690597,2
1072,1073,-0.004237449283403776,1,28.7933727344594,28.700155650533446,1
1074,1077,0.0017778421539864577,3,28.682777121598555,28.76245334898033,3
1078,1086,-0.015161478719311818,8,28.990839565978128,28.580286408409545,8
1090,1092,-0.0038563438421535677,2,28.470074824345136,28.388754501434967,2
1095,1099,-0.008945778026966222,4,28.004086784405146,27.781572526968365,4
1101,1102,-0.0002876101403619135,1,27.84597830387177,27.86581549644715,1
1104,1108,0.005063021622580299,4,27.985901954791462,28.155581083470775,4
1109,1114,-0.02342691022678328,5,28.24379743361835,27.61037632411114,5
1115,1116,-0.009458091541939911,1,27.33003565116423,27.098875707782202,1
1124,1126,-0.00025421840220554487,2,27.560400269579397,27.5809543089283,2
1129,1132,-0.006442070565438248,3,27.688596253620968,27.537912958950834,3
1138,1139,0.0005177477209713653,1,27.79692458044402,27.839113299376002,1
1141,1143,0.005295216881436475,2,27.94875497264967,28.124698446768626,2
1149,1151,-0.0007648239911571238,2,28.5272575244906,28.533966451058443,2
1154,1157,-0.0035407929936407804,3,28.62592367378508,28.553191127478232,3
1158,1160,-0.005782626672240031,2,28.41200445164982,28.276120441347558,2
1162,1164,-0.009161217384096143,2,28.254238263352807,28.023649282863538,2
1168,1169,-0.005498808427502456,1,27.890284619760713,27.76481157226789,1
1171,1174,-0.011820027593946038,3,27.78717051873897,27.486512566968532,3
1175,1180,-0.012965340176920304,5,27.197367234480353,26.87194148360317,5
1181,1183,-0.0028598568011030906,2,26.743428622874482,26.693689675265414,2
1184,1187,0.0002047756011471088,3,26.676982311351882,26.70912208875283,3
1191,1196,-0.004684852798184452,5,27.055240277645222,26.955545699802588,5
1204,1205,-0.003299707263248545,1,27.056258730747867,26.994037256028435,1
1211,1222,0.014881616816806081,11,27.533416070323018,27.97069123400958,11
1223,1226,-0.008945462802209727,3,28.006589585335824,27.784064269568784,3
1227,1228,-0.0008576085643665677,1,27.612783464123076,27.616715288002368,1
1229,1234,0.004007515899930542,5,27.589190634848983,27.727343945619204,5
1242,1244,0.0009914278889734287,2,27.52695728181539,27.581775232244976,2
1245,1248,-0.02231720157206465,3,27.614050614673125,27.025396331498943,3
1253,1254,0.00016237341592715703,1,26.56284311834575,26.59371906103796,1
1260,1262,0.008843580077037637,2,26.425336507797876,26.68545642377505,2
1263,1264,0.0010015560478922629,1,26.793246015419864,26.846874199024693,1
1267,1268,-0.0006734359140583321,1,27.01324477251908,27.022066328106536,1
1272,1273,-0.004318546563751925,1,26.937892930695472,26.848498278675596,1
1276,1279,-0.0034216406767738103,3,26.575972692613323,26.51161523611606,3
1280,1284,-0.020108186188776037,4,26.606420386481737,26.098019951919998,4
1287,1291,0.005052193482674007,4,26.0129091516969,26.17034431093019,4
1295,1297,-0.0016757337824498545,2,26.03374304365408,26.016151163995865,2
1299,1302,-0.009580619841577643,3,25.940600780405948,25.718014346647152,3
1303,1306,-0.010320206226786362,3,25.467222794136113,25.22986302567125,3
1310,1311,0.002309488206868622,1,25.737494948238496,25.82267288424403,1
1316,1319,-0.0295868206450138,3,26.52044439930344,25.76230921183449,3
1320,1321,-0.00037870686217435885,1,25.678761642166783,25.694715680562922,1
1323,1327,-0.009849998948850986,4,25.588426766378326,25.361969216393128,4
1331,1333,0.006713957532212921,2,25.696776080208114,25.894999919605624,2
1334,1337,0.006046846635092315,3,25.950662697293463,26.1335330374003,3
1338,1339,-0.0028573748709586717,1,26.202608334275755,26.1539402680021,1
1342,1349,-0.006376328949319479,7,26.440815765528164,26.298661242284332,7
1350,1354,-0.025410165266387164,4,26.26659029278326,25.62541848275194,4
1358,1361,0.003960200605838322,3,25.716437606160735,25.843996295554817,3
1364,1365,-0.0018310506950876505,1,25.853803961616187,25.832318139863226,1
1375,1376,-0.0012714949617742327,1,26.739602792835043,26.732343125396945,1
1379,1383,0.004488919746226055,4,26.505446665436526,26.650932935020982,4
1384,1385,-0.0045163123590260205,1,26.686558980550476,26.59272070338729,1
1387,1398,0.027673065376118293,11,26.566046489991248,27.327776477783765,11
1399,1405,0.0022466819834572696,6,27.346445507553316,27.435230719494285,6
1409,1411,-0.00586010122785479,2,27.248532201787818,27.116101576976668,2
1412,1415,0.0014002794025459904,3,27.016082393277987,27.080928539384058,3
1425,1426,0.004841269875710845,1,27.466600715279654,27.627040542625995,1
1427,1428,0.002967743460395733,1,27.720666661789252,27.830655155654377,1
1431,1432,-0.0013794974533257892,1,27.989282918246264,27.978661056658375,1
1434,1436,-0.003992372778061309,2,27.91279441435815,27.829268928193002,2
1437,1439,-0.002718441651294284,2,27.910640160642792,27.862677354076457,2
1442,1446,-0.011109739890711609,4,28.052769216460725,27.769163016468145,4
1448,1449,-0.001526533722574538,1,27.620344887097826,27.60580184408563,1
1451,1453,0.0048049184464564465,2,27.590213558300835,27.75037249792709,2
1458,1463,-0.017285133743937933,5,27.60219707169251,27.152691600753464,5
1465,1467,-0.0009354383715136185,2,27.01509612838949,27.016840266989256,2
1468,1471,3.7718173558568295e-05,3,26.99852605651351,27.026542917661647,3
1475,1477,-0.01535545638983362,2,26.808602154824257,26.423752435718278,2
1483,1484,-0.0012104550602026888,1,25.896824220299838,25.891374102599496,1
1486,1487,0.0022143542230008543,1,25.94557882116149,26.028977102013492,1
1488,1492,-0.008430768397548818,4,26.018975547819224,25.825634566581893,4
1493,1497,-0.008512949245341166,4,25.693318330932268,25.50028573436758,4
1498,1505,0.0012521813696528346,7,25.52560934295685,25.583097644768095,7
1510,1511,-0.003994823749536086,1,25.808978496424725,25.731685154672366,1
1512,1514,-0.00018786680653370112,2,25.716085975826346,25.736970862853347,2
1521,1523,0.0038370526372886096,2,25.74825000878787,25.872795649398444,2
1524,1526,-0.0018136047911844924,2,25.895114495190192,25.874046105968635,2
1527,1533,-0.020327896278169357,6,25.848644424341348,25.349044505976398,6
1535,1540,0.0035049514207640053,5,25.36955881877038,25.483847448815155,5
1547,1548,-0.001712365159464785,1,25.706055980311184,25.68774388164356,1
1550,1553,0.007905674750963636,3,25.735156848449403,25.964345785006728,3
1555,1559,-0.007038058303784034,4,25.876401855146295,25.720158632052776,4
1560,1565,0.007328382043995218,5,25.712690072702713,25.926835179007025,5
1566,1567,0.003988963794047698,1,26.007569780752952,26.137320604760298,1
1572,1576,0.0019118635621490384,4,26.397217946219765,26.47408304329947,4
1579,1581,-0.013480105187996524,2,26.29452463326131,25.966366199969844,2
1585,1587,7.685008150613219e-05,2,25.925788202605187,25.953706389744273,2
1589,1590,0.0014563420520064007,1,26.211868921443504,26.276254237336925,1
1591,1595,-0.0014375084482193467,4,26.365178623069152,26.353643634682747,4
1598,1603,0.0039491538502462765,5,26.03580812031913,26.16466334032208,5
1613,1617,0.0067900533640675225,4,25.297005949611375,25.49407097590998,4
1620,1621,-0.0008658713116875214,1,25.563638138019705,25.567066955271653,1
1624,1630,-0.02113157780237446,6,25.46095672916712,24.948387497851,6
1632,1634,-0.024302172257410836,2,24.75617043020674,24.179297882408243,2
1638,1643,-0.035030961494871414,5,23.741808845891153,22.933852263238034,5
1651,1658,0.042798443300553025,7,23.95569757562412,25.00491983761529,7
1659,1661,0.04437900025701887,2,25.441926268559694,26.59645544723972,2
1662,1664,-0.0011241780817123127,2,27.106045115717162,27.102679139031885,2
1667,1670,-0.03302143422140981,3,27.586603215290715,26.70324061504015,3
1673,1677,-0.02768614893897162,4,26.885335545192277,26.167869476559048,4
1679,1682,0.021663214838775386,3,25.67759390475154,26.259530731957753,3
1683,1685,0.0008382189218947543,2,26.384052504866872,26.432552169417583,2
1686,1688,0.004360060976604778,2,26.408722121618094,26.55027448250418,2
1690,1692,0.008534312598425246,2,27.002057695623737,27.259503754494528,2
1693,1695,0.011687415225781449,2,27.56500992126846,27.914738647842377,2
1697,1699,-0.008800819641079724,2,28.05880313983895,27.839921477200505,2
1701,1704,-0.0025269864681431936,3,27.831125280868502,27.788627529171418,3
1705,1708,0.054875535802014194,3,28.208169274206156,29.78431584639634,3
1709,1710,-0.0009772207763579148,1,30.128656556201037,30.129342863606766,1
1713,1718,-0.012110569899249708,5,30.65403181009625,30.31344804697635,5
1719,1720,0.010045328277153903,1,30.48069858610531,30.817367908105822,1
1722,1725,0.012422323438374364,3,32.05139655533742,32.481600766554756,3
1727,1728,-0.012260289405645452,1,32.231674159822404,31.86873618075434,1
1729,1732,-0.014139054478798922,3,31.852372551200563,31.43386249297134,3
1733,1734,-0.004151119712935574,1,31.199908265778063,31.10159361979999,1
1736,1738,0.007903593339377589,2,30.96605644241233,31.241765616299784,2
1745,1747,-0.015486707695157455,2,30.81765472130678,30.37120836550892,2
1748,1751,-0.00519991973604288,3,30.428026498970834,30.30023122994897,3
1759,1763,0.017362258745874458,4,30.74596084133494,31.310526129694058,4
1764,1765,-0.012399018767527342,1,31.16026319789895,30.805066772905008,1
1766,1770,0.021868839937755125,4,30.677574238210266,31.379134773142496,4
1777,1778,0.004651188118133944,1,33.45982126849304,33.64890901288043,1
1779,1782,0.013245331991265003,3,33.58777595904497,34.06624497842979,3
1783,1788,-0.05352889231741885,5,33.91321654257901,32.13179284267657,5
1789,1793,0.01987998795300637,4,31.85231406932554,32.51739000336843,4
1796,1799,0.05425424997143697,3,33.24153132370964,35.07826720490324,3
1800,1801,-0.003306832743424691,1,35.05357352177979,34.9727107906057,1
1802,1803,0.003779953163474064,1,34.96569309820259,35.13282747354041,1
1804,1807,-0.029347615669847525,3,35.387629317235486,34.384474401883466,3
1812,1815,0.009438267939998145,3,33.26187484675364,33.60907120859074,3
1817,1821,-0.035739044523458205,4,33.00207118939878,31.855610768983915,4
1824,1826,-0.03714692554975465,2,30.968565354090646,29.84914692785362,2
1828,1834,0.04530668875637298,6,30.528067211047315,31.941720917722918,6
1838,1839,-0.016211340221903327,1,30.888929812447188,30.41906779197956,1
1843,1844,-0.0016631041649695982,1,29.840950767265753,29.821163108525326,1
1847,1850,0.003766814923532721,3,30.238594718271703,30.382736502841418,3
1851,1852,-0.00742906472754916,1,30.511248968999915,30.315090174459847,1
1855,1856,0.004874389179310493,1,30.894389393208712,31.075875059961582,1
1857,1858,-0.008590501327171535,1,30.95977660014319,30.72477637477087,1
1860,1862,-0.0011182748115063793,2,30.792685954474976,30.789043955347935,2
1863,1865,-0.002339850695204548,2,30.828734355511987,30.787428454353478,2
1869,1870,-0.0016194658563927883,1,30.427755970767112,30.40890701485657,1
1872,1873,-0.0052684416805975475,1,29.914719484312084,29.787030248801862,1
1874,1878,0.00036752058584384184,4,29.705194525048263,29.745816990067762,4
1880,1884,0.010943257373788678,4,29.99701130572646,30.3552733321952,4
1887,1889,0.017338772306891414,2,30.64467364911586,31.20665934158599,2
1890,1893,0.015618505747055079,3,31.30400529437826,31.82423108626873,3
1896,1897,-0.003733041953256601,1,31.96644041707445,31.879074794318306,1
1904,1910,-0.007959367449088076,6,31.835646679666873,31.61409071644373,6
1911,1913,-0.017824405195482472,2,31.49600891597225,30.966107299929405,2
1915,1916,-0.00042358711823557217,1,31.40444200849935,31.42254393341767,1
1917,1918,-0.00524026305050315,1,31.514133703416366,31.380505486705154,1
1919,1920,0.010624978331918784,1,31.582062046503324,31.94920283347124,1
1922,1928,-0.018236103311815754,6,33.132798645363835,32.561718304902755,6
1931,1932,-0.0034920114842240243,1,32.5955148275668,32.51428643028231,1
1933,1942,-0.03240349985295245,9,32.54329391907027,31.52132059326816,9
1949,1953,-0.021707191908995005,4,31.361105053157573,30.711704632343686,4
1954,1956,-0.005628370993264728,2,30.779588163260705,30.637128810221235,2
1957,1960,0.029094169404820323,3,30.767110166615026,31.69302079206591,3
1971,1975,-0.0094607387244642,4,34.21034050315378,33.92089575048164,4
1977,1979,-0.0008326707051756931,2,33.82065537272826,33.826314559142276,2
1980,1982,-0.0090156505287836,2,33.80532272083854,33.53435106789555,2
1998,2000,-0.019189635965044645,2,33.79934968600188,33.18455181935826,2
672,673,-0.0018726068076225116,1,27.051766480765977,27.028160925176646,1
678,685,-0.02368230053561874,7,26.759700269759243,26.152728705997486,7
687,688,-0.0003745070180496789,1,26.172493037405548,26.18886374812059,1
694,695,0.004211143662351538,1,26.71415438840297,26.853365684739178,1
698,700,-0.00815077382073456,2,27.13702717955191,26.94297643602381,2
701,703,0.005363522360723282,2,26.985317775579066,27.157039448655187,2
705,709,0.0040231200641311915,4,27.5002086172537,27.638345466926822,4
710,714,-0.009794761513542357,4,27.694021386600692,27.450459073154597,4
717,719,-0.009082085811385508,2,26.893148643229768,26.67579590815684,2
721,722,0.0027992186362524995,1,26.73030042248694,26.83185467800468,1
726,728,-0.0054963465089864615,2,26.37558694569685,26.256993167411096,2
729,733,-0.01151020635363562,4,26.1754439183112,25.900334601331732,4
734,735,0.004279362032369969,1,26.138211409575593,26.276204490485366,1
737,739,-0.005425757013375499,2,26.628301213094,26.510450822245875,2
740,741,-0.005620589544203094,1,26.33942929258339,26.217725600993802,1
742,743,-0.00067884587408231,1,26.236201830492142,26.244627694958414,1
745,746,0.0011763311593115241,1,26.315883362283262,26.373155439229407,1
751,755,-0.004151941547645236,4,26.30724922123447,26.224330309409805,4
757,759,0.002448370844214948,2,26.338000116515236,26.428823308211957,2
768,769,-0.002822546979433537,1,27.010467873994596,26.96124002735776,1
770,772,0.0029871400461863673,2,27.015167070455124,27.12288032493615,2
773,776,-0.0026404690563699993,3,27.22404314650255,27.17938294613143,3
777,780,0.016434196010261023,3,27.263050212303362,27.738359573542247,3
783,784,0.0030164314123127733,1,27.840780067233812,27.95260065083914,1
785,789,0.001159222892931158,4,28.060054643721553,28.120642556085176,4
792,793,-0.003934309045608838,1,27.824380629181082,27.742735297412413,1
794,796,-0.0018718228814266949,2,27.70847186644076,27.68431498665823,2
797,801,0.00928486157877122,4,27.814360702164322,28.100427551888096,4
808,811,0.002548206760219194,3,28.486532075678124,28.587608181364246,3
813,814,-0.0016680173825177097,1,28.567183438515983,28.548100063409482,1
816,817,-0.006743552462008283,1,28.57620520648966,28.412076272721073,1
820,822,-0.0017821164193173812,2,28.503952648896597,28.48165923951445,2
826,829,-0.007813851843442323,3,28.486865005831444,28.292759728197566,3
830,831,-0.005695673014113968,1,28.20270311488818,28.070272442946532,1
832,834,0.0015725440490095628,2,27.92019808785164,27.992024027289713,2
837,840,0.006566056254879068,3,28.519968018502063,28.7357517009174,3
849,855,-0.00913681687489739,6,28.387671490680148,28.15668620625574,6
856,857,-0.007468423763405589,1,28.15976661962393,27.9776173160496,1
858,860,-0.007905339917566652,2,28.034727318933534,27.841137997300006,2
862,864,0.003406353231313197,2,27.801471452227,27.92397455579578,2
868,869,0.0014093013556946326,1,27.584976142136863,27.651436662552918,1
878,882,-0.011304104023099521,4,27.47828408805989,27.19514499044024,4
883,889,-0.0004378041318527689,6,27.183605607166108,27.1988881179198,6
890,891,-0.0040569337364070555,1,27.12381930749958,27.040903589198276,1
892,893,-0.0026912220535488585,1,27.08066575960496,27.03486634044753,1
897,903,0.0015382003741238603,6,27.397928835525676,27.467470268746226,6
906,907,-0.00036597616394125744,1,27.61836309721585,27.63587379773241,1
912,916,-0.01660479362900379,4,27.949216791498753,27.513075031375127,4
918,920,-0.0012180382858895545,2,27.306426377990277,27.30047253158905,2
925,934,0.008358217418376283,9,27.062031068809514,27.315283439334287,9
940,945,-0.022679228339103817,5,27.08971280191202,26.502428732438627,5
949,950,0.0016885281287442062,1,26.589570429669376,26.661057237700767,1
953,954,-0.00395280536033054,1,26.65026375042895,26.571570708772462,1
957,962,-0.005122886503856097,5,26.808531661126974,26.698003127753115,5
967,970,-0.0029045170627476583,3,26.4749102402862,26.42448832199886,3
975,977,-0.0026802625884526704,2,26.171953914636713,26.127978159607242,2
978,981,-0.0057700493163521036,3,26.16933680177544,26.044507774654743,3
982,986,-0.008368192259501927,4,26.058768240111643,25.866762225672698,4
987,995,0.009824690522148752,8,25.97190538161052,26.253043219636982,8
996,998,-0.0028792869498795483,2,26.246992034958794,26.197666405353903,2
1001,1008,-0.0025076790157969988,7,26.06925806910117,26.02995399575299,7
1009,1012,0.009038668027492095,3,26.0879636435816,26.349852050112798,3
1013,1014,0.0034652527731188296,1,26.49579781249544,26.61410824715368,1
1016,1018,0.004555945156731173,2,26.865953542252743,27.015219306716787,2
1020,1021,0.004099649544631551,1,27.331653505948402,27.47103536030404,1
1022,1026,-0.004520051395562776,4,27.711192521859747,27.613647699950466,4
1031,1032,0.0024426806899125217,1,27.822014845035376,27.91779715829684,1
1034,1036,0.0004647510804238078,2,28.215043013016196,28.256371027753715,2
1038,1039,0.001661041496833536,1,28.374407582383586,28.449913058408377,1
1041,1043,-0.0035127308627221246,2,28.466685877952138,28.39515675778719,2
1048,1057,0.006218132727024944,9,28.093215235343184,28.29599579164077,9
1060,1066,0.018911042380308798,6,28.70286239728934,29.27436630691794,6
1067,1069,-0.0022285976641524072,2,29.30715104667819,29.27114434935928,2
1070,1071,-0.009125584044583308,1,29.116007989021554,28.879423419064,1
1074,1076,-0.0013328622513923405,2,28.67710904400734,28.66756351692753,2
1078,1084,-0.00648335843241409,6,28.94431020708074,28.785598179636334,6
1086,1087,-0.008669207648278433,1,28.594063090707017,28.37476928335641,1
1088,1090,-0.0004795529498592007,2,28.473446985701536,28.488265907192584,2
1091,1093,-0.01118713517822055,2,28.521202541317784,28.230653195583972,2
1094,1096,-0.00260550717871909,2,28.06522774144247,28.020168816831198,2
1097,1100,-0.005857093219610711,3,27.917944990453147,27.782344929134553,3
1103,1104,-0.0014203516862484676,1,27.9916032360472,27.97983691842613,1
1107,1109,0.007179205228450174,2,28.03673997557121,28.2660582257681,2
1110,1114,-0.023396288532441748,4,28.24929469027572,27.61661533555433,4
1116,1118,0.004373945371365857,2,27.041383344158817,27.18670226101649,2
1119,1120,-0.0043133876129217725,1,27.209614302012227,27.11945830303156,1
1129,1131,-0.003942225305871173,2,27.677113425604347,27.595681122090067,2
1133,1135,-0.0018206802680683005,2,27.602991359034974,27.580338128686954,2
1137,1139,0.0007010820701927618,2,27.76725605662976,27.814490438046143,2
1142,1148,0.012319187215614546,6,28.000357129544984,28.37329912825746,6
1152,1160,-0.011813196666865262,8,28.621759010490017,28.312266301357965,8
1162,1165,-0.009289974616828928,3,28.24424018708737,28.010096152864797,3
1167,1175,-0.024337287610875672,8,27.943503135445134,27.291377565917845,8
1178,1185,-0.01202659442217386,7,26.97796163543959,26.680486594148633,7
1188,1195,0.005108346502970696,7,26.850181388108396,27.014191599694577,7
1196,1200,-0.004604876055798396,4,26.969899819136728,26.87267667305144,4
1206,1207,-0.0020389886688999734,1,26.98029826557059,26.95226604138912,1
1210,1219,0.008683929903675103,9,27.44865291081506,27.7144637415537,9
1221,1222,0.002081226134532867,1,27.930331976043345,28.01639164487411,1
1227,1229,-0.0023144687455470183,2,27.6302663537267,27.593947232173587,2
1232,1233,-0.0010072078946238498,1,27.69951070794727,27.699311052792954,1
1234,1235,-0.0023661586614977066,1,27.758102916580345,27.720180943854114,1
1236,1239,-0.009279821462638754,3,27.664602318676565,27.43554435064302,3
1240,1244,0.004177754367563751,4,27.444377447540074,27.586477692734142,4
1247,1250,-0.01922992430161841,3,27.346632461731613,26.848105422050065,3
1253,1256,-0.0033133870019540655,3,26.5470969668062,26.485683257743577,3
1257,1260,-0.0012833171455567882,3,26.435034692255314,26.42754519368361,3
1263,1269,0.01024125464001049,6,26.824086908349354,27.12562329977188,6
1270,1272,-0.00898504193639026,2,27.15738007527825,26.940527256494665,2
1273,1274,-0.008489115039167258,1,26.913146035124917,26.71159038840196,1
1279,1280,0.0008953988439654446,1,26.528563575507054,26.578845784240134,1
1282,1283,-0.008364995885790647,1,26.36919757091803,26.174988539296617,1
1284,1290,0.0003402249053834961,6,26.140498569536906,26.17553271675894,6
1294,1297,-0.004500447516039719,3,26.144606415904708,26.053088593318318,3
1300,1301,-0.004631297450838318,1,25.946498821270193,25.852279366242335,1
1302,1307,-0.016216375371658442,5,25.781393614927506,25.38909425207829,5
1316,1318,-0.023772149140024186,2,26.525977170404865,25.92192366219553,2
1319,1320,-0.00444918634732073,1,25.765036558365445,25.67616814603011,1
1325,1327,-0.00022470718012767025,2,25.348571656006712,25.368224221605633,2
1328,1329,0.0011633743245934676,1,25.326653212272088,25.3814442435594,1
1331,1341,0.021358719706566814,10,25.74252216462206,26.318092002240927,10
1342,1345,-0.00044891441380422886,3,26.380984123366602,26.39552230346665,3
1349,1356,-0.028543203170037387,7,26.32735857992604,25.602218793628712,7
1358,1359,-0.0025555840942775685,1,25.78283437740035,25.74272701033747,1
1360,1364,-0.0003831471463189019,4,25.7904034562871,25.806312340256696,4
1365,1366,-0.0018469044424575952,1,25.852044750112686,25.830150538567203,1
1373,1376,0.004884488374413046,3,26.578251524074542,26.734650936180184,3
1378,1379,-0.0065258046304078965,1,26.656008172015355,26.50871227863024,1
1381,1382,-0.0002499463233972748,1,26.612637930923906,26.632598837848093,1
1387,1393,0.01759142322700485,6,26.492215359511736,26.984743347481377,6
1394,1400,0.004738300259830199,6,27.157768634901828,27.313608065715894,6
1401,1403,0.0033137378093022847,2,27.39849351686542,27.516683434267044,2
1405,1407,-0.005971512793167239,2,27.452521397670278,27.316040836337063,2
1408,1415,-0.01007684568266947,7,27.269764078797373,27.022240638451326,7
1417,1418,-0.0033337566639938055,1,27.12021070233401,27.05691872987852,1
1420,1423,0.007328360750054831,3,26.98912689259865,27.21390207768922,3
1425,1429,0.010618643355476045,4,27.476226555682768,27.795463032787506,4
1431,1433,-0.0032154934389305068,2,27.99294548585294,27.930927298792692,2
1435,1436,-0.0031475930830160846,1,27.945145640543178,27.88513083906167,1
1438,1440,0.0024469609172011256,2,27.86723192046204,27.96328917976245,2
1441,1444,0.0017434278550845848,3,27.956316128444502,28.033012264836827,3
1446,1453,-0.0016728373796973093,7,27.76863466016402,27.749950884781505,7
1455,1456,-0.0003838765106409691,1,27.881637740491552,27.898816272425268,1
1457,1458,-0.01217720248628618,1,27.913550647034015,27.60155523934091,1
1460,1461,-0.004169539016783814,1,27.462461080802427,27.375417738909917,1
1463,1464,-0.004372748223211511,1,27.13482836671528,27.04330942255429,1
1465,1468,0.0024020982890190423,3,26.89960140979723,26.991116497728797,3
1475,1484,-0.03327050870046014,9,26.79603269666838,25.93131109039273,9
1485,1487,0.0013058963131784957,2,25.94200574264387,26.00182531804229,2
1488,1493,-0.01590356430339922,5,26.070057407750994,25.681520630781268,5
1498,1504,0.006309083343623916,6,25.554446422282346,25.74122600098298,6
1505,1506,-0.0020644598753687612,1,25.605506881627118,25.578250846963147,1
1515,1517,-0.007728332451046711,2,25.855741570379944,25.68177554532608,2
1527,1528,-0.008248348480889019,1,25.831360686910482,25.64412598291622,1
1529,1531,-0.008623653532672207,2,25.569814904704966,25.374879494976938,2
1532,1533,-0.002625187923534217,1,25.397105541255325,25.355830472036953,1
1538,1539,0.0017113936284239052,1,25.285472894899197,25.354031764998112,1
1540,1547,0.00827778486279784,7,25.46542369190684,25.701686414360346,7
1549,1550,-0.0011762512421035222,1,25.72284916668071,25.71831548256464,1
1551,1554,0.0032409991712462815,3,25.788958611886898,25.898329563987215,3
1555,1557,-0.0033138164048840167,2,25.870035048785965,25.81017653729516,2
1559,1563,0.0033633113076559657,4,25.750624696178008,25.862982688094046,4
1566,1569,0.003535974908989834,3,26.090333425938105,26.20867852372534,3
1577,1582,-0.0239180664332855,5,26.51550360253606,25.90781952946112,5
1583,1585,-0.0023481797096727075,2,25.928906978341026,25.893950152058835,2
1586,1587,0.0005265390558500832,1,25.953255220979486,25.992873878700756,1
1591,1594,-0.0010634499399511277,3,26.40446379472705,26.402788433084833,3
1601,1604,0.002228598303801407,3,26.08840913818692,26.172638131679346,3
1605,1612,-0.032960861812142174,7,26.167048419355172,25.33072700079253,7
1614,1615,-0.0008570414980029977,1,25.31310247593298,25.316721199143835,1
1621,1626,-0.014904757756200513,5,25.62174653706984,25.265482358181114,5
1628,1630,-0.01231434507549305,2,25.19830585642492,24.91320352864751,2
1638,1643,-0.03677161520577412,5,23.741436797416117,22.89216725586674,5
1645,1646,-0.018656251459120393,1,22.349992760655688,21.95537566836403,1
1652,1653,0.004446136989420251,1,24.136909385733375,24.268362300749303,1
1655,1663,0.10843721397481616,8,24.44082383754697,27.115559505577384,8
1667,1669,-0.029190190463671262,2,27.60524781703729,26.827050623278165,2
1670,1671,0.012325297178993305,1,26.707837302943336,27.06372717201326,1
1672,1678,-0.05117152980873836,6,27.13756931459085,25.77603594678715,6
1679,1680,0.009015863051395411,1,25.642916491362346,25.8997524311782,1
1682,1683,0.001736512763189011,1,26.31572598899803,26.387739309039507,1
1684,1685,-2.4078924376981503e-05,1,26.439493071297253,26.46529592981432,1
1692,1695,0.023418418270844468,3,27.24452731796314,27.909795581604612,3
1696,1698,-0.0006939633963003626,2,27.9558226533604,27.964378158378864,2
1702,1710,0.0865362159699244,8,27.66040974672845,30.081697348134675,8
1711,1712,0.007771665540247874,1,30.308806969210607,30.574665686868457,1
1715,1716,-0.0063923544348400575,1,30.943134099896366,30.77627775350494,1
1719,1721,0.0264278297521129,2,30.563639757963525,31.401934065849858,2
1723,1724,-0.008035509622076418,1,32.37943914818003,32.151633292495575,1
1726,1729,-0.018516251603513546,3,32.428322595907034,31.860299938237223,3
1733,1735,-0.01064143560752389,2,31.25069199108936,30.94939045656671,2
1738,1743,0.0011453853407602014,5,31.25981537728513,31.326879726950427,5
1745,1746,-0.011248247018443243,1,30.822563011847087,30.506685772360147,1
1748,1758,0.0020195831212661422,10,30.37618193346383,30.467905339718627,10
1759,1762,0.019517291048402347,3,30.796615337097453,31.428478457274373,3
1765,1768,-0.019722898713642197,3,30.873072676662485,30.29503926395842,3
1771,1776,0.02671250873247205,5,32.53683483326187,33.43851215270564,5
1777,1780,-0.0009966611336675178,3,33.488046919725875,33.488158731838276,3
1781,1789,-0.05197233717258942,8,33.50346592280579,31.79571596133817,8
1791,1796,0.06729481405832509,5,31.090012736275998,33.21329937517093,5
1797,1799,0.02999502754638753,2,34.00674455157935,35.06078453571852,2
1807,1809,-0.01762535322785209,2,34.40632870000654,33.834311332095346,2
1812,1819,-0.027990984311286708,7,33.31739626063434,32.418126940870636,7
1821,1823,-0.018678325857263155,2,31.91215780061729,31.348004276209576,2
1824,1827,-0.03421902195525903,3,30.968613482981354,29.939866431766266,3
1828,1830,0.0015064880913998875,2,30.490455982319244,30.56687994714028,2
1834,1835,-0.00555114931228232,1,31.941183986107266,31.79581488857541,1
1841,1848,0.006706763240605028,7,29.9381867947671,30.168913312247376,7
1853,1861,0.021737043209990536,8,30.24844616004665,30.936206387422704,8
1862,1869,-0.013412884770927246,7,30.797706981723337,30.415418593750424,7
1870,1877,-0.026486221821877147,7,30.405300890494782,29.630384647438714,7
1878,1879,0.0003658465244184884,1,29.760760115084278,29.801408745851518,1
1880,1881,0.009411593728915885,1,29.9758288014279,30.287924952595905,1
1882,1889,0.020416132551793118,7,30.552416901122957,31.20673151125505,7
1893,1894,0.003131094529470947,1,31.865233134595716,31.99687142487836,1
1896,1897,-0.006823627155715825,1,32.01588314687287,31.82943458036452,1
1900,1904,0.006872621013451042,4,31.62154775297528,31.8704922142932,4
1905,1909,-0.0021524652658765474,4,31.775893002203006,31.739272389225757,4
1911,1914,-0.007568179148202815,3,31.463160115489305,31.256504443282182,3
1919,1921,0.027906053594799692,2,31.614900725087615,32.52876273984127,2
1922,1926,-0.02008916132352731,4,33.15762942516619,32.52467808796346,4
1927,1929,-0.0029257835573270924,2,32.63238646233846,32.569543549052945,2
1935,1937,-0.013792996501739953,2,32.46268941898115,32.04739434680705,2
1939,1941,-0.003838602847671361,2,31.68574185261711,31.59579861556369,2
1944,1947,-0.008357736864910287,3,31.573695228038076,31.3413842866973,3
1949,1952,-0.019244414739095706,3,31.33950983668101,30.767738821500632,3
1953,1954,0.0007149145008514865,1,30.682166044067216,30.73478333553372,1
1961,1963,0.02895708327508126,2,32.024850393937356,32.98422150406056,2
1966,1967,0.006156943387130648,1,33.51020278700082,33.750033411238654,1
1969,1970,-0.004599805485583995,1,34.41293814424339,34.28905826073668,1
1972,1976,-0.013846244860057606,4,34.28055894542133,33.84018249126881,4
1977,1978,0.0007354578904519369,1,33.81244873490043,33.87112881585291,1
1987,1990,-0.0040143443383509215,3,33.40546260985988,33.30476704277186,3
1992,1994,0.008809105364258666,2,33.26255743797565,33.58883336856946,2
1996,2000,-0.019846110488016384,4,33.88133175509089,33.24280043335331,4
672,674,0.0015309445990775994,2,27.015505028811194,27.083879775355218,2
675,676,-0.007802990577671603,1,27.080125493138095,26.89589965456611,1
684,688,-0.0006232656756255978,4,26.209108684361556,26.218982555214215,4
692,693,0.001711208965784148,1,26.649095140502194,26.721346406177158,1
694,697,0.01022411959158459,3,26.774698064004035,27.075220477102985,3
702,704,0.011566142312636474,2,27.018581211175068,27.35810054776022,2
706,709,0.007409878229220985,3,27.49316073436291,27.7243748682753,3
715,718,-0.01824001090002227,3,27.243747029592036,26.77406453384442,3
720,727,-0.015595197399137225,7,26.687554542060244,26.298044415418634,7
729,731,-0.00876154224335028,2,26.169410114749027,25.966295132659845,2
733,734,0.0034263920102111317,1,25.96249447880922,26.07741465693537,1
738,739,-0.009131778519045976,1,26.672772881345935,26.455875799786014,1
742,753,-0.001782785632765389,11,26.22849250823287,26.20796122112833,11
755,760,0.00951212521775121,5,26.29398986184655,26.570395575748563,5
762,763,0.0021888051540433777,1,26.808225936639595,26.89371214567711,1
765,768,0.001211727344086182,3,26.972273797271026,27.03192911276063,3
769,770,0.00022996896759696966,1,26.986907322683578,27.020100381221894,1
773,782,0.017797764083099445,9,27.25827310693871,27.770667694115637,9
784,785,0.0013418950285593043,1,27.916639401568922,27.98201724059754,1
786,788,0.001961384472330437,2,28.171627898930524,28.255054920350688,2
790,792,-0.007607621221436242,2,27.99858810127033,27.813584036362123,2
794,796,-0.002136239904032949,2,27.691113911951017,27.659650163337137,2
797,800,0.005829467801011535,3,27.90885680482526,28.099459443736855,3
803,805,0.008693086225890975,2,28.1810040475522,28.454164949717306,2
806,808,-0.004309728406040798,2,28.55824311618279,28.46372308771454,2
812,815,-0.004163516966762764,3,28.693265961071084,28.6024943273714,3
824,825,-0.006444782901573378,1,28.676201837767742,28.520066144319397,1
828,830,-0.012671249277021335,2,28.47186663778373,28.13956438487205,2
832,833,-0.0006143728193570249,1,27.906173544045068,27.91693492307139,1
834,835,0.003942366208177257,1,28.060927578487263,28.199614958721288,1
836,840,0.012698324975199321,4,28.375149376924796,28.763841394309736,4
842,846,-0.00778171433144587,4,28.74153587260668,28.546618986871657,4
847,849,-0.007647649965284269,2,28.621645422256965,28.43137874205932,2
852,855,-0.004016753457680907,3,28.22667387117197,28.14152095517228,3
856,857,-0.0060355285655098595,1,28.12984792910319,27.98819927631274,1
862,863,-0.003793013980955392,1,27.81677246106162,27.73907982667282,1
865,869,-0.007601204997647409,4,27.81595989523203,27.632341041757265,4
871,876,-0.009213626131636721,5,27.92734618670294,27.697961406276573,5
880,881,-0.004295837192906089,1,27.267602821614187,27.17773324207332,1
887,888,0.00013292686267221037,1,27.19289317874332,27.223700737899293,1
891,892,-0.002659034726681447,1,27.095996158805274,27.05104296022379,1
895,897,0.009816997257733426,2,27.095502231218163,27.38859420455016,2
898,899,-0.00399718198865458,1,27.34100595597229,27.25905998536935,1
908,909,-0.0004181897335552116,1,27.655293267628156,27.671383401172804,1
914,918,-0.01819650924506165,4,27.793305355532695,27.315357523035456,4
921,922,-0.004910312419992663,1,27.308496798727994,27.201712044524598,1
923,924,-0.004438690801502351,1,27.218196876944162,27.124601913709935,1
926,927,-0.0031792672998550565,1,27.131959804760296,27.0728320119768,1
928,929,0.0006628277501777905,1,27.178272537572436,27.223465323349807,1
937,942,-0.014932815535564633,5,27.270379646264285,26.89042647706807,5
944,947,-0.015474285536688111,3,26.66988359201134,26.283856081670336,3
948,951,0.006094767695923245,3,26.45470131739566,26.642391277707617,3
953,958,0.00327093626551576,5,26.6638417213471,26.777721289932774,5
968,969,-0.000157761064159843,1,26.414061428397467,26.436308379386137,1
975,976,-0.0005693194821481189,1,26.165647704194356,26.17691673889753,1
977,980,-0.003107511544269936,3,26.162287029005764,26.10714970706763,3
981,984,-0.015771375901041825,3,26.14525241721194,25.75905106572968,3
986,988,0.004999997099956884,2,25.868916696763744,26.024130121923353,2
989,991,0.005420950640836378,2,26.110101407413808,26.277753079778044,2
994,999,-0.004821628833368842,5,26.338185469655606,26.237530700646154,5
1000,1004,-0.007478596137141009,4,26.155482807278418,25.986031997398126,4
1005,1006,-3.6222880006619475e-07,1,26.066768066808834,26.092825392741524,1
1007,1010,0.0006508473946365393,3,26.078199171774326,26.121250298933862,3
1014,1018,0.014372649290500753,4,26.597620263834987,27.006496152112838,4
1023,1024,-0.0010737794056046137,1,27.709894387082244,27.707849967545,1
1026,1027,-0.003775378574317485,1,27.638743619626823,27.562035642763856,1
1036,1040,0.0002412154775352515,4,28.3560458575026,28.391241820502632,4
1041,1044,-0.0008546668444071864,3,28.427825735358553,28.431957240979315,3
1047,1049,-0.007584422558375895,2,28.197832010627348,28.01216556943928,2
1050,1051,-0.0036549815003472296,1,27.87222894933065,27.798228697096736,1
1053,1055,0.0013304212252344952,2,27.835356255233233,27.900224360262392,2
1058,1062,0.04056225206672543,4,28.299912682378466,29.4761207867498,4
1065,1067,-0.004881585224395189,2,29.371949400450504,29.257939675646032,2
1070,1077,-0.014560658487970515,7,29.173288424075515,28.777679422785564,7
1080,1082,0.0005050771494222994,2,29.18947186453595,29.233404271642968,2
1083,1084,-0.009364373900466922,1,29.05014887564476,28.807162568584637,1
1086,1088,-0.005876767253083951,2,28.611912099736415,28.472378463760304,2
1089,1095,-0.02040243788001923,6,28.534792787909634,27.981148243422997,6
1097,1100,-0.004674922921427009,3,27.91471061519366,27.812126205308882,3
1103,1109,0.008243314877906603,6,28.002567911904823,28.261404464504523,6
1111,1115,-0.031774574586139616,4,28.16420661704041,27.297465139844853,4
1125,1130,0.002899918888816895,5,27.574846694797078,27.682386360278347,5
1134,1137,0.004854364674574174,3,27.543675574682215,27.704926295974566,3
1138,1139,0.0001767310681791449,1,27.8321569725402,27.864907936344228,1
1142,1144,0.006676956123072637,2,27.93234042202947,28.146775773864118,2
1148,1149,-0.0014905456118575445,1,28.4816938159393,28.46772224601962,1
1162,1165,-0.0077968932261353,3,28.189824945186643,27.998221714970764,3
1166,1168,-0.005352848951840476,2,27.941195803532636,27.81957199866606,2
1169,1172,-0.004438487283385654,3,27.77998531254813,27.684464186318294,3
1173,1174,-0.009069198709330758,1,27.69454769993332,27.47107489137752,1
1179,1180,-0.004579681972048964,1,26.923921004620265,26.827541929983155,1
1182,1185,-0.0002046550470038306,3,26.654299558823645,26.675498921453404,3
1186,1194,0.01088508587483263,8,26.694374910737917,27.011639848927015,8
1196,1197,-0.004846856679171637,1,26.953392497769766,26.849706659813386,1
1198,1201,-0.0027683003027202412,3,26.90520472493305,26.8576282432732,3
1204,1206,-0.0045522067221292276,2,27.04436729782043,26.94830011450938,2
1208,1211,0.01551728371537936,3,27.073231686393196,27.52040793524955,3
1213,1214,-0.0059087751261656,1,27.705782237584188,27.569780782885374,1
1217,1226,0.005481181586595237,9,27.50575078424159,27.684020549749896,9
1228,1229,-0.002796939468506918,1,27.594691635275417,27.545105644754713,1
1233,1234,0.0003108921865410579,1,27.671802709817218,27.708077459777023,1
1235,1237,-0.007668220154133466,2,27.722297161380844,27.537438780730447,2
1238,1239,-0.0029394140835443928,1,27.502695959052673,27.449356843174247,1
1241,1243,0.002671466189746784,2,27.527763916193475,27.62883117069111,2
1244,1246,-0.006548350366752942,2,27.68064982959147,27.527067885957496,2
1249,1250,-0.004639691274749869,1,26.962394791341598,26.86425999827319,1
1251,1252,-0.004375422025932337,1,26.752313715308265,26.662013366348962,1
1254,1256,-0.005774028783092752,2,26.583647524597062,26.456736426155043,2
1263,1265,0.003187554461052477,2,26.783864506650563,26.896023397949612,2
1266,1267,0.00045026311986114034,1,26.88912833996362,26.92812465112028,1
1270,1275,-0.0204892577163333,5,27.143707188513183,26.61469648373956,5
1278,1279,0.0003333830674152338,1,26.503577031502243,26.538916452341983,1
1289,1291,0.0019949229728564517,2,26.11107004392607,26.189270687446488,2
1295,1297,-0.0015188279384874095,2,26.037601695695006,26.024092660484072,2
1304,1305,-0.001895975034208896,1,25.173731229156875,25.151176194457666,1
1308,1310,0.004961537219686738,2,25.539913863792204,25.692171010878795,2
1314,1316,0.009183225439251718,2,26.28800379397601,26.555700462957972,2
1317,1318,-0.017929068130425344,1,26.378182720504373,25.931624668072146,1
1320,1321,0.0013543144694913374,1,25.688533863388237,25.74901275036283,1
1323,1333,0.014300990497115893,10,25.53758031333593,25.928330587029617,10
1335,1336,0.0010537293381853987,1,26.026052350700912,26.079502817970695,1
1342,1343,-0.0015116671347286522,1,26.437623612604227,26.42409634948133,1
1347,1350,-0.006567947128742648,3,26.382887781829083,26.23598925755631,3
1354,1360,0.002529188630808852,6,25.67094586684716,25.761543477142546,6
1361,1363,-0.006197065187185113,2,25.929770167550007,25.795011461700522,2
1364,1366,0.0009182206519650158,2,25.841423372416404,25.890992924405545,2
1368,1373,0.018673285096225206,5,26.063286015843182,26.576036472177325,5
1374,1376,-0.0006099719685848147,2,26.663051559127233,26.67345089663836,2
1378,1379,-0.005157421052245873,1,26.6334783047466,26.522751721347912,1
1385,1389,-0.0044544186844575435,4,26.588622576586346,26.496774341963796,4
1394,1402,0.009324199832468887,8,27.117701357244158,27.39766992505356,8
1405,1407,-0.007567755603409371,2,27.478473077812044,27.29800118228211,2
1408,1410,-0.008930838545357124,2,27.35411386852102,27.137172807878464,2
1411,1412,-0.004413392276010851,1,27.124477266261568,27.03189078507008,1
1416,1421,-0.009634040161857222,5,27.143716676786006,26.909356736856562,5
1425,1426,0.007418292287455274,1,27.440116143485785,27.671115061583368,1
1429,1430,-0.003210811033278154,1,27.82270578607981,27.76119504115229,1
1431,1433,-0.0020363614486905495,2,27.929684760231424,27.90073951167184,2
1436,1438,-0.005153405804253798,2,27.95200013644861,27.835904136841382,2
1442,1448,-0.017497355412766723,6,28.043583397135485,27.580938434785377,6
1449,1452,0.0017954751645915313,3,27.597318646857747,27.674466265744357,3
1454,1457,-0.0013025316599729235,3,27.838496674866175,27.830074648255977,3
1463,1464,-0.007125581832570995,1,27.157512583978423,26.991157018276187,1
1473,1479,-0.029160467009555647,6,27.09412974037581,26.331146393669336,6
1483,1485,-0.0030106929325603425,2,25.920890861113598,25.86877190905349,2
1487,1490,-0.0023327925736556787,3,26.023538314435612,25.98885433582989,3
1492,1495,-0.018201506031685896,3,25.835716446943593,25.391303214648566,3
1497,1498,-6.608680422193159e-06,1,25.498815488138085,25.524145790103518,1
1499,1501,-0.0016461408033789557,2,25.643614095394856,25.627044709981718,2
1504,1505,-0.005612358819109906,1,25.730983710034014,25.612303180394665,1
1507,1514,0.0013163145326009038,7,25.67813050514785,25.737609132006945,7
1518,1519,-0.0008276785471161062,1,25.70713531064281,25.71156520154902,1
1520,1521,-0.004799420318248156,1,25.79983912208557,25.701814689117583,1
1525,1526,-0.0055502427936385,1,25.951944237120326,25.83385658987446,1
1529,1531,-0.009533429745303225,2,25.578696562926172,25.360422552830013,2
1532,1534,-0.004596014232672457,2,25.431956239333665,25.34050256273232,2
1536,1542,0.010268600435895996,6,25.331860479119033,25.61731509315609,6
1543,1548,-0.0008422012849426809,5,25.69577633191788,25.699831092405457,5
1549,1552,0.0026691728466666036,3,25.689240560668956,25.78349882458565,3
1554,1555,-0.003761287517385177,1,25.89431691879928,25.822815264720184,1
1556,1558,-0.0050240255423226465,2,25.80403810173856,25.700201993322096,2
1559,1561,0.0007610205527241428,2,25.73670944356649,25.7820323178561,2
1564,1572,0.01943628025861056,8,25.885030894719243,26.41402464058652,8
1574,1577,0.0015172462153027842,3,26.413604713805913,26.480094260304245,3
1581,1583,-0.005917523142147,2,26.027956713475785,25.899963633994467,2
1585,1586,0.0002892086888483575,1,25.92014222243332,25.953558695002666,1
1594,1597,-0.011874763010040004,3,26.449971278514425,26.162334109238216,3
1598,1600,-0.001158036263326363,2,26.006742582752658,26.00263257433359,2
1604,1609,-0.02519512673768586,5,26.19072468601663,25.55703678288662,5
1613,1614,-0.0014509779972306468,1,25.275240202825458,25.263841625619264,1
1615,1620,0.009190596642411442,5,25.342848430367766,25.601107176491414,5
1623,1624,-0.0062666769249284495,1,25.577942801543248,25.44323204040322,1
1627,1629,-0.007847418336980327,2,25.29435449071288,25.121153463951092,2
1632,1635,-0.03182622865437761,3,24.723574728888366,23.96144016114206,3
1637,1646,-0.07620421596254352,9,23.708253776744556,21.92529313962347,9
1647,1648,0.02274240466221528,1,22.27958565403949,22.808556592344182,1
1658,1660,0.03629255204678101,2,25.07149879030957,26.006478963837996,2
1662,1663,0.00027119320393280454,1,27.07140905912679,27.105822050343637,1
1665,1672,-0.015475155798899038,7,27.498313131286842,27.100270764504554,7
1673,1676,-0.02111234364897689,3,26.916775999868598,26.375416551036707,3
1677,1678,-0.016876614257474446,1,26.191041071228145,25.775216015138586,1
1679,1681,0.013889470402710106,2,25.66202883871886,26.04412285758646,2
1682,1686,0.00376079784609338,4,26.2843477455306,26.40948221166349,4
1689,1691,0.01348464650720618,2,26.73871436518054,27.126015190817338,2
1695,1700,-0.0075838554235375805,5,27.927305753757487,27.74343641030582,5
1707,1708,0.009275716400281273,1,29.51419263853146,29.817472111868277,1
1712,1715,0.011417958183009603,3,30.551810829792753,30.93120193909234,3
1720,1723,0.04864963963101693,3,30.7969143617393,32.32597006154695,3
1724,1725,0.003693306240985861,1,32.23846302958516,32.389768009321706,1
1726,1728,-0.01660566682898832,2,32.448846328520034,31.94246044373211,2
1729,1738,-0.02308118791978352,9,31.928995190570852,31.223965047677993,9
1739,1741,-0.005039349187427334,2,31.16007415874645,31.034207738513143,2
1744,1745,-0.013259397606323609,1,31.16160910705779,30.779586550961533,1
1746,1750,-0.011494765251681638,4,30.521592245536958,30.2012752998125,4
1752,1753,0.000789163847004763,1,30.422854641531316,30.477286113178625,1
1755,1758,-0.001184196487163255,3,30.45892988530346,30.453319457415834,3
1761,1763,5.155384134515996e-05,2,31.31050268604904,31.343427365423004,2
1764,1770,0.00078074610721801,6,31.200885776190734,31.25644663207844,6
1776,1781,-0.0035350369370956603,5,33.58602994431411,33.500888117834876,5
1787,1788,0.005803836379466971,1,31.93250155624667,32.14976507202245,1
1793,1796,0.016803006497235148,3,32.56444540686959,33.14419044002695,3
1797,1799,0.030321071879392897,2,33.99334279291153,35.05805072594915,2
1803,1806,-0.01588387526342214,3,35.139403474417655,34.61639297627336,3
1815,1816,-0.007788981984889988,1,33.58133579161935,33.35335270790151,1
1818,1823,-0.04520520671151176,5,32.80551265697085,31.355338188692336,5
1828,1832,0.02206702181717006,4,30.57940629511195,31.284782127277406,4
1834,1836,-0.011541234171676473,2,31.90450403685656,31.56819118867286,2
1838,1840,-0.024008449365661495,2,30.75559571697176,30.04795715020706,2
1843,1845,0.0018059067919340512,2,29.845299037568047,29.929042164844862,2
1846,1848,-0.0021086934023748505,2,30.189360269686016,30.155889525133098,2
1849,1853,-0.00016434086315605988,4,30.19371091756437,30.218942567967858,4
1854,1855,0.015001137587457334,1,30.40005622217812,30.88649170445563,1
1858,1860,-0.0011532534778323153,2,30.784432928161582,30.779715106752246,2
1861,1862,-0.007235701012371113,1,30.977205797476575,30.784041203924822,1
1864,1865,-0.0026699904439319248,1,30.850918363852923,30.799397624998765,1
1866,1867,-0.009625862677256559,1,30.736992907090148,30.47185982716178,1
1869,1875,-0.03544625664026901,6,30.4925292237433,29.442175736491336,6
1879,1889,0.04514931290477833,10,29.806753722093237,31.182314926289784,10
1890,1891,-0.004212842732066107,1,31.395573421967196,31.29470438207938,1
1892,1893,0.0021445768140360053,1,31.662781788690232,31.76234783817083,1
1894,1896,-0.00199123164910567,2,31.982582632289226,31.950880484163964,2
1897,1902,-0.003929182957729813,5,31.92997636289208,31.83644762028918,5
1908,1909,-0.004722284408848825,1,31.852442623325242,31.733878772764687,1
1910,1911,-0.005219800673122389,1,31.632359065992116,31.498876815912993,1
1912,1913,-0.007045463028497258,1,31.2620832114341,31.07308944318557,1
1914,1918,0.0018670516391813708,4,31.283570703995156,31.373262316661492,4
1919,1924,0.04623110709556184,5,31.586708312592627,33.07858351570096,5
1926,1928,-0.0004172642017141379,2,32.55169879647845,32.570667836662174,2
1931,1934,-0.007131212051949403,3,32.544882320688686,32.345342745974804,3
1935,1936,-0.005930962825860767,1,32.429644506735876,32.26973513521728,1
1940,1948,-0.008567711371538778,8,31.632857841858353,31.393469503854252,8
1949,1950,-0.007047823481826489,1,31.348477211505738,31.15888715490649,1
1952,1953,-0.0009883873957039868,1,30.722622252625577,30.722979022280732,1
1956,1957,0.004835689491871389,1,30.640790016178208,30.819600152498257,1
1959,1963,0.052803022763541076,4,31.31981385428596,33.00491451203798,4
1969,1971,-0.006633086979941904,2,34.38818716569165,34.194475516304784,2
1978,1980,-0.005498070281864545,2,33.8865015642204,33.73407769857803,2
1984,1986,-0.0005918874532174951,2,33.22163559542241,33.23519376173354,2
1989,1990,-0.0080011121772284,1,33.52031670525702,33.28563720778729,1
1991,1992,-0.003147734451577738,1,33.34613388709272,33.274515246516486,1
1993,1995,0.007940176923929655,2,33.45296087234869,33.752036261176784,2
1996,1997,-0.002426783809279291,1,33.82336182952429,33.77510320449053,1
675,676,-0.004772225322442524,1,27.022038886080097,26.92010566673,1
678,679,-0.004001915570049248,1,26.717586179371683,26.637382241425694,1
682,684,-0.0028860946074494207,2,26.243379306402268,26.193881810211213,2
688,690,0.004525427943575615,2,26.255916049513434,26.40099122173759,2
691,692,0.0018569874152707202,1,26.5431242415279,26.61895761344791,1
693,695,0.0008164876548114892,2,26.75864423157511,26.80725097848126,2
696,697,0.0017014862249463201,1,26.970537348345115,27.04339788347107,1
700,707,0.026222414643172345,7,26.99993635601237,27.734939818835002,7
709,711,-0.014330365603065848,2,27.78468020185018,27.41430025659525,2
717,719,-0.008988849445889551,2,26.848989987891905,26.63449744910444,2
724,725,-0.006439065792922837,1,26.630560325222163,26.48571495551088,1
727,737,0.008784800204524115,10,26.31191691685452,26.56937376688398,10
740,741,-0.0073664737071888866,1,26.397779373548772,26.2297186052389,1
749,754,-0.006317066693405498,5,26.37156098442979,26.231341635866368,5
757,765,0.020940406198352655,8,26.367175017506476,26.945681547693624,8
766,767,-0.0012252469860600513,1,26.952320113701827,26.94624918482889,1
776,777,0.00026337931449361973,1,27.21286642179239,27.24724659431776,1
778,781,0.008960883605726208,3,27.49595259141051,27.769836574802117,3
788,791,-0.017623409174450166,3,28.27373426475968,27.803728411186906,3
796,798,0.0060032073614000895,2,27.715917647570784,27.91001796606821,2
799,802,0.00038179392780988454,3,28.095663155792778,28.134485572539244,3
803,805,0.008813895675880843,2,28.188315765464672,28.46495295566573,2
809,811,-0.00046609794676979706,2,28.58441563641651,28.599676914615177,2
812,813,-0.0024853940161234265,1,28.648468995215644,28.605914730799054,1
814,815,-0.001700188399585801,1,28.57835050364475,28.5583402741428,1
819,823,0.0011143696524970907,4,28.479540218584244,28.53975649413949,4
824,826,-0.008343871134163666,2,28.710198519937922,28.49935452177124,2
827,828,-0.0029062867838377414,1,28.505528282164914,28.45118857033431,1
832,833,-0.0033698154234241087,1,27.94887753017392,27.882643849135523,1
835,836,0.0045217758120983925,1,28.193467489723705,28.349145496567644,1
842,844,-0.0008336602851048136,2,28.6902323509143,28.695004675983828,2
846,849,-0.00825777178418663,3,28.59432102442628,28.386789968107223,3
853,856,-0.0017467029993451365,3,28.12801648252011,28.107013208246983,3
858,859,-0.00681583689888268,1,28.04426804680016,27.881167157891422,1
864,865,-0.0061252069939636365,1,27.94180320539387,27.79859568018163,1
869,870,-6.0655967816170366e-05,1,27.683138945167656,27.709142936527915,1
871,873,-0.0019439528012186558,2,27.952844814055354,27.926458647891096,2
879,881,-0.00926280833132126,2,27.388944024424642,27.162634429553535,2
883,885,-0.0045773307293256885,2,27.2044334772234,27.107114221371432,2
886,887,-0.0019312751251422434,1,27.19248100653648,27.16715732538419,1
889,891,-0.008110992878289355,2,27.237654418490912,27.043967651899717,2
892,895,-0.0013742421840390465,3,27.10340881603792,27.093265577127703,3
899,900,-0.0016818804071745646,1,27.33282505967296,27.31418734179204,1
904,911,0.009815106378460212,7,27.571323596761868,27.869510394455798,7
914,915,-0.005382389910314034,1,27.69641730982496,27.575040810054535,1
918,919,-0.002000573258043623,1,27.322424007335332,27.295085920528663,1
920,923,-0.005124335188925475,3,27.305977154437592,27.19335815199155,3
924,925,-0.0010573544673563254,1,27.07376899118921,27.07221618958939,1
930,931,-0.002706158441807696,1,27.333423338407922,27.286788187435594,1
936,939,-0.007334703285255327,3,27.280627369641618,27.107812689819323,3
941,942,-0.006003688297798186,1,27.049776829221674,26.914428177443245,1
944,945,-0.01126849808961318,1,26.723456158735836,26.449046400221995,1
949,950,0.0015199102432308484,1,26.63376313504704,26.70087782758683,1
954,958,0.004393374748974514,4,26.604112610316076,26.74759855948743,4
959,961,-0.0036405768738975736,2,26.833109371936548,26.762254483874248,2
962,963,-0.0044087640631056205,1,26.70080677723159,26.609790026633437,1
966,967,-0.002600454373541749,1,26.447570751271634,26.405242620993207,1
970,973,-0.006950227779273004,3,26.3769313715832,26.21998262180403,3
974,975,-0.0020730686532115915,1,26.22033147349188,26.192195257710857,1
976,977,-0.003039165710680051,1,26.184424275638207,26.131029895501428,1
978,980,-0.003893210170200537,2,26.17393034306989,26.0982036616072,2
983,985,-0.00817693651249725,2,25.909190691828837,25.723242075143396,2
986,987,0.0007363529413108043,1,25.870550827503084,25.91547123452575,1
988,990,0.00490299877332928,2,26.086383138234673,26.24037102590027,2
995,998,-0.003314298892163138,3,26.31914668474125,26.258236312726073,3
1001,1003,-0.002553085328539733,2,26.077895979936788,26.037394782291162,2
1005,1007,-0.0012797305406015299,2,26.082051295180218,26.07475534887142,2
1011,1015,0.019337868734147872,4,26.26385144828992,26.7980022114984,4
1021,1023,0.003676248444657389,2,27.457060310126092,27.585456345696183,2
1028,1029,0.000428838400146151,1,27.610045826232938,27.649496119939254,1
1038,1045,-0.0007095152647981324,7,28.423876970740434,28.43213367311569,7
1048,1050,-0.009158616866307364,2,28.073425190955067,27.844384870697123,2
1051,1053,-0.00018205746593191925,2,27.791825247393362,27.814557363362592,2
1055,1056,0.004474554855911426,1,27.939709245005275,28.092666715925272,1
1059,1061,0.02070511017600347,2,28.43927931071588,29.056557001481103,2
1063,1067,-0.012335713409200852,4,29.610771807819173,29.27511258478049,4
1068,1071,-0.014590735431990066,3,29.35753157874501,28.958541134121994,3
1074,1077,0.0027713426587929035,3,28.648117779573212,28.75615964824944,3
1078,1079,0.003381996457450261,1,28.956231544243245,29.08311764829123,1
1085,1088,-0.009962890551735378,3,28.683139268431145,28.426055430488013,3
1092,1094,-0.01158348545540398,2,28.36873086977947,28.068490819230888,2
1095,1097,-0.004272576568180048,2,28.019438400627237,27.92774264306378,2
1101,1102,0.0005173794477335309,1,27.830158254775952,27.87238716493892,1
1104,1107,-0.001986146907232076,3,27.993414435594666,27.96580881652614,3
1108,1109,0.0010829809203221526,1,28.19294459244659,28.251669958120356,1
1113,1114,-0.009850221702811166,1,27.883241950065322,27.63646907701412,1
1115,1116,-0.013159691526012502,1,27.346133236853685,27.013612692264307,1
1119,1126,0.013233731025572983,7,27.151157913926134,27.537620192705816,7
1132,1135,-0.0038672483949914334,3,27.635489625055687,27.556251811783444,3
1138,1143,0.00791076610067161,5,27.863229328230794,28.111512047584032,5
1145,1146,-0.003917786032983838,1,28.296535340448354,28.21397210485016,1
1147,1155,0.008915954427798259,8,28.316294373447175,28.597077458018397,8
1156,1159,-0.012490260236119433,3,28.66935898548147,28.33994058993556,3
1160,1161,-0.003339096871453677,1,28.298844777021117,28.232651037737433,1
1162,1166,-0.012840841984490724,4,28.27934313008234,27.94449189665384,4
1167,1169,-0.005432662793425824,2,27.92217338504446,27.798403805968988,2
1170,1177,-0.025299995929767463,7,27.76204586979181,27.08742826815385,7
1178,1179,-0.00494258868609619,1,26.988790068244022,26.882384369869538,1
1180,1182,-0.010688261802308887,2,26.93138368709973,26.670465391240676,2
1184,1186,-0.00026805808709478153,2,26.703259181502975,26.72280441610909,2
1191,1199,-0.008857295270341424,8,27.029290282736795,26.816913168037562,8
1201,1204,0.0034138703102768366,3,26.862446816641093,26.981014173106455,3
1205,1207,0.001096878451686563,2,26.96853945554634,27.025089204804132,2
1208,1211,0.016174799431521326,3,27.10669142334797,27.572243411796112,3
1213,1214,-0.005428973868120586,1,27.705247115091005,27.582541299608444,1
1215,1216,-0.0012773648944755956,1,27.48246148536494,27.474838815335122,1
1219,1221,0.007988535277723634,2,27.687093820036022,27.93596023957506,2
1228,1230,0.0009823686281908478,2,27.57490331966188,27.62956694292817,2
1232,1234,0.002489577741498455,2,27.6883130942231,27.784933615296342,2
1237,1238,-0.00582731655134953,1,27.588254556925538,27.455077319080047,1
1241,1243,0.0019052826417958204,2,27.479384564740627,27.5592199437238,2
1245,1247,-0.008075007466144382,2,27.55907067692474,27.364090046125497,2
1250,1252,-0.006511717665531498,2,26.86338651194882,26.715323109954912,2
1253,1261,-0.002436687337117339,8,26.624868001483232,26.58661639077308,8
1264,1265,-0.0010282550640261727,1,26.8964585416047,26.89569858044653,1
1267,1274,-0.011175908058081337,7,26.969674962566977,26.695234029791557,7
1278,1279,-0.004359426424996118,1,26.54488429133406,26.45570870559729,1
1280,1282,-0.007739401842550293,2,26.570818554524767,26.391747131000333,2
1285,1292,0.006980706798498006,7,25.97553941397912,26.182842577974917,7
1295,1296,-0.003718820219908773,1,26.038579276809607,25.96778506097412,1
1298,1299,-0.006551911032337955,1,26.109167357551833,25.964211583254283,1
1300,1301,-0.004899564538590627,1,25.95226685240847,25.851064312894778,1
1306,1307,0.0031414030109739267,1,25.238189110548067,25.34271062292202,1
1309,1311,0.004546008074536877,2,25.64372451773405,25.785944820970602,2
1316,1318,-0.021677434025446658,2,26.55261174050809,26.003571863040435,2
1321,1325,-0.016643919487318498,4,25.701308189141283,25.299238993111597,4
1329,1330,0.00497898779213575,1,25.369431570849333,25.521115092504864,1
1332,1333,9.115777365689974e-05,1,25.857256393453763,25.88547073977292,1
1334,1338,0.00964095665305988,4,25.97813533275961,26.25456754476283,4
1340,1342,0.0017753349328365163,2,26.249981517779936,26.322834008472544,2
1344,1345,-0.003387545911396562,1,26.47764877160457,26.414432169536532,1
1348,1349,-0.004252048232974542,1,26.34866280892581,26.2629756865968,1
1351,1354,-0.01982618148582021,3,26.160540084683372,25.66803700928205,3
1361,1362,0.001040024924284191,1,25.857956386488166,25.910707262007655,1
1363,1366,-0.0020673156274272626,3,25.888163097486085,25.860532256446753,3
1374,1375,-0.0017865585273687552,1,26.674455091774558,26.653474071659208,1
1376,1377,-0.0006665641465581362,1,26.677432559470365,26.68632777196347,1
1384,1385,-0.003154535805604492,1,26.66489250760078,26.60744204194056,1
1386,1394,0.019326671434473072,8,26.582148178154423,27.122474770194245,8
1395,1399,0.0006874632630021662,4,27.29710314725031,27.343166005997677,4
1404,1408,-0.00823949592245295,4,27.51894136199223,27.319718098211865,4
1413,1417,0.004007155497003794,4,26.97989323957878,27.11498576032191,4
1423,1424,0.0005837659348199326,1,27.24834933370339,27.291504341158184,1
1428,1429,-0.004407383631108581,1,27.927575191760834,27.832415229195874,1
1430,1434,0.0030423604838203996,4,27.842617281868073,27.95516717773443,4
1445,1451,-0.017797972825894202,6,28.03780623747875,27.566827930203896,6
1453,1455,0.00471692190855606,2,27.71954769209882,27.878018181595046,2
1457,1458,-0.009894579040311158,1,27.821786263262137,27.57432318630091,1
1460,1462,-0.007540212658947607,2,27.486336825769097,27.306570337713104,2
1463,1464,-0.00706372203944168,1,27.2057015636721,27.04073375150199,1
1470,1472,-0.002206793424576692,2,27.05283787546109,27.020190688596845,2
1480,1483,-0.01897937351337174,3,26.37277901281888,25.8986129683618,3
1486,1489,0.0018650537657985329,3,25.951637617172516,26.025990454256235,3
1493,1500,-0.003757381894303707,7,25.72515625977626,25.65422217967742,7
1502,1506,-0.007174618390069067,4,25.73735027754998,25.57843196121457,4
1507,1508,-0.0007808602322366912,1,25.702656509642033,25.708288983820456,1
1512,1513,-0.004317502226289261,1,25.725814298893347,25.640468852683664,1
1515,1518,-0.006562727892100124,3,25.81980909366304,25.67618052144902,3
1519,1521,-0.0026088371500772633,2,25.755624081297228,25.714187476451812,2
1525,1530,-0.01885112599350971,5,25.88891128287673,25.426765065731303,5
1533,1536,-0.007417632218695648,3,25.414583382078913,25.251481932941356,3
1537,1544,0.015522838998805268,7,25.31549789640629,25.733781792323203,7
1546,1547,-0.001102570477855282,1,25.74403163622404,25.74139105859719,1
1548,1550,-0.0020778030293689574,2,25.703898393109096,25.67619465355441,2
1551,1563,-0.0011258290551346625,12,25.790680906532415,25.787435689522667,12
1565,1568,0.006558079373086427,3,25.958132707979903,26.154326335363926,3
1569,1574,0.006576834771215763,5,26.205936879849702,26.404494933613233,5
1590,1591,-0.0011277605560117963,1,26.309857399302707,26.30649603729278,1
1592,1594,-0.0006672983028302157,2,26.401862287441055,26.41064623183253,2
1597,1602,-0.001477166555378682,5,26.178413050582936,26.16592158740231,5
1603,1609,-0.026509917744461667,6,26.247063580389323,25.577503147419936,6
1611,1612,-0.0018148202698356894,1,25.346301314769164,25.325648634692527,1
1617,1624,-0.003910839105904015,7,25.505845134751393,25.431601723304027,7
1625,1628,-0.006877573787215986,3,25.377977303722624,25.2288163695497,3
1633,1636,-0.028028830752908032,3,24.42337335270936,23.763238127943893,3
1637,1639,-0.007903467934985288,2,23.74080921251578,23.576915297366575,2
1640,1642,-0.011998039067589214,2,23.389490373673656,23.13225184477299,2
1643,1644,-0.01360098724151448,1,22.949662943171425,22.660474533227465,1
1647,1648,0.0227186940213452,1,22.256939834109197,22.784845379885923,1
1651,1652,0.007323627133799947,1,23.952644341537415,24.152017221904895,1
1657,1660,0.04394648950247098,3,24.884367373071083,26.002832329980453,3
1661,1663,0.016701184357039715,2,26.658134571882165,27.130015126553825,2
1670,1672,0.014933804633346787,2,26.725212988183632,27.151047310721932,2
1673,1678,-0.043320280206744784,5,26.90219158999463,25.763683303730524,5
1679,1682,0.020765101660222662,3,25.672520142645286,26.231285153424075,3
1683,1685,0.0030060102245551765,2,26.37395635011795,26.479610688918495,2
1687,1694,0.04218880955505795,7,26.53391960611581,27.679888006733563,7
1695,1697,0.00437638290999863,2,27.93570668802423,28.085899744040457,2
1701,1708,0.0691291491912978,7,27.813180454526975,29.763695136106985,7
1709,1714,0.017072193491329712,5,30.143311947305648,30.688067713286866,5
1715,1717,-0.0187651969784736,2,30.938091999686936,30.38847070117436,2
1723,1724,-0.004704052781342163,1,32.38041667264518,32.26047790020785,1
1727,1729,-0.012840393480453443,2,32.26947296966676,31.887389712299047,2
1730,1733,-0.0248107095428695,3,31.95607651161955,31.195179655671662,3
1734,1736,-0.008523815496739442,2,31.153504867778015,30.91911164507608,2
1737,1738,0.004757607332612162,1,31.092665726248484,31.27168508642439,1
1740,1745,-0.007903561696127579,5,30.997358017445425,30.783365843955036,5
1746,1750,-0.010799076534152918,4,30.526234568838458,30.227105659998905,4
1752,1754,-0.001236431599773914,2,30.463584051879245,30.456381497967012,2
1755,1756,-0.0029248378395641374,1,30.490150594091496,30.43146199849398,1
1760,1763,0.006972749780351569,3,31.03771287776301,31.28516879629181,3
1766,1771,0.061932699748165065,5,30.681891487474125,32.612785752161116,5
1776,1779,-0.00043342605356032663,3,33.5787790860588,33.597803947442216,3
1781,1782,0.016463831952406006,1,33.51550541683951,34.10081457123915,1
1785,1787,-0.020800299022453117,2,32.616814062254605,31.97099139066221,2
1789,1790,-0.02665416855102004,1,31.883171022902353,31.065234779539818,1
1791,1793,0.04206444903112928,2,31.133355505561205,32.474096306898474,2
1794,1795,0.00530387627773789,1,32.56847602963106,32.77378367307632,1
1800,1807,-0.021523468875082306,7,35.0894113697775,34.36925492768491,7
1808,1812,-0.03151129821045601,4,34.207102099226404,33.16339900616139,4
1820,1823,-0.027669117650073797,3,32.19709504426939,31.33842692854316,3
1826,1833,0.05386813206374948,7,29.889090458484723,31.529049021026218,7
1838,1839,-0.013439460494422191,1,30.788678051285924,30.40568350699147,1
1843,1846,0.011875906909008839,3,29.795081065058934,30.178719755199005,3
1851,1853,-0.01084370053922231,2,30.48688168211155,30.186777948458143,2
1854,1855,0.011369658577006829,1,30.438890448259603,30.815409130567488,1
1862,1864,-0.0007135407951127578,2,30.8356086519509,30.84444179588755,2
1866,1869,-0.012089932128362554,3,30.747222664938562,30.406238052448742,3
1870,1877,-0.023550653721141155,7,30.314163020378054,29.630558827259286,7
1878,1879,0.0012878205078879273,1,29.75269572147542,29.82076454891196,1
1880,1882,0.01854608313974005,2,29.95488720578708,30.54038792155293,2
1883,1886,-0.005767941872277549,3,30.49820946976299,30.352795779802616,3
1887,1890,0.020944754916590744,3,30.61351120745252,31.28531720803637,3
1891,1893,0.013884305341206417,2,31.299304111581886,31.76517251094595,2
1894,1898,-0.009505701531981142,4,32.0198505054248,31.747499213927,4
1899,1902,0.0029581322534716296,3,31.709833991345626,31.835345708019002,3
1909,1911,-0.010496287455558657,2,31.78697801819234,31.48511973758806,2
1914,1915,0.002456446989570936,1,31.260843829465934,31.36889527901174,1
1917,1918,-0.0018469616342191698,1,31.426908998308495,31.40029161210483,1
1919,1921,0.02981376552045652,2,31.548660231802057,32.52079325066936,2
1922,1927,-0.01974414801349456,5,33.16554086392474,32.54388105702373,5
1929,1933,-0.00352324725524975,4,32.608216096892534,32.52593750512746,4
1938,1941,-0.009618288171318119,3,31.958788566889503,31.683358517413822,3
1942,1943,-0.0013533690047105116,1,31.51810647047304,31.50696894855921,1
1944,1949,-0.00504444452702572,5,31.484230753905805,31.356894529145556,5
1951,1953,-0.009153705825205829,2,30.92624153972091,30.674078063926764,2
1955,1961,0.04287880399342155,6,30.635545867762723,31.97979698012576,6
1964,1971,0.02788759838623911,7,33.17198286300993,34.13024178163177,7
1973,1976,-0.012151322214024325,3,34.22198936340824,33.84036893321196,3
1978,1981,-0.009206835114324945,3,33.91853441676536,33.64017059748741,3
1987,1990,-0.0013176193080592907,3,33.344865652548336,33.33427467939244,3
1994,1996,0.005280097266506189,2,33.63601598410476,33.847253436142694,2
1999,2000,-0.002271603712025924,1,33.26578919474463,33.22348829372112,1
676,678,-0.010387055671815908,2,26.99451808966848,26.741119045526922,2
680,681,-0.0059756346919214555,1,26.480157131572902,26.348401543101517,1
682,690,0.0023142059135017007,8,26.26454367015331,26.351589776100354,8
691,692,0.0005679072997550447,1,26.563743974916505,26.6053934630036,1
693,694,-0.0010559687944643478,1,26.730229356304395,26.728733297591567,1
695,700,0.0031452960908913818,5,26.829087619279797,26.94030213131018,5
702,706,0.017667490086909512,4,26.9636423058543,27.46698583130581,4
707,708,-0.001092243418525287,1,27.73217314286752,27.729615032413687,1
711,712,-0.004584429848280896,1,27.408115828097205,27.309873359637834,1
713,717,-0.01732742776669525,4,27.340071334875226,26.893678295018756,4
718,719,-0.010339005831314148,1,26.839759655915575,26.58910298397791,1
724,728,-0.014682561569994507,4,26.62280644259736,26.258538254280474,4
729,739,0.014237089072841734,10,26.138757093757167,26.53703566384812,10
740,752,-0.006509289951848605,12,26.37443431976131,26.229129913777758,12
754,763,0.023889976763102894,9,26.237249748946393,26.890294285525396,9
766,769,0.0005011437769724752,3,26.895458836343167,26.935832787004163,3
774,775,-0.00042753343064610635,1,27.206752363231793,27.222327319420433,1
779,780,0.0027302178055441644,1,27.60166636094555,27.70462658826784,1
782,789,0.01282802891881829,7,27.734310097628203,28.11782093970168,7
793,794,-0.005310784968204386,1,27.780860007101282,27.66110269337888,1
796,798,0.011147604734743698,2,27.63148179469752,27.967138113774773,2
799,801,-0.0016904186410942323,2,28.06371965853375,28.044343943343055,2
802,804,0.008853628053903783,2,28.114166284019333,28.391192821627662,2
805,807,0.0010468007362928592,2,28.483040227969926,28.541339335680394,2
808,809,-0.001088920295678102,1,28.546817588872276,28.544279197411605,1
811,816,-0.0028204278768478317,5,28.6220063696921,28.569902071405398,5
817,822,-0.0004894242263184069,5,28.395589785656693,28.41008788588065,5
823,826,0.0006057326206483267,3,28.475640169234847,28.52136443354843,3
827,832,-0.020772081141093055,5,28.490229547328333,27.92691841699019,5
833,835,0.004221121131028496,2,27.989214970442667,28.135350052165744,2
837,838,0.0005921181593724228,1,28.531694687627827,28.57712051685767,1
840,842,-0.0030695400403993097,2,28.746202280836236,28.686710864206628,2
843,844,-0.0016712927115622776,1,28.703751714523694,28.68448309520324,1
850,851,-0.004660079590904432,1,28.28219933072554,28.17868423016926,1
852,854,-0.004358954571879831,2,28.119123977853434,28.024673117810767,2
857,861,-0.009807979015231508,4,28.012758855850926,27.76602306368985,4
868,871,0.008985804003548283,3,27.624116590519204,27.899965604563295,3
873,874,-0.004891987246376458,1,27.932007681273873,27.823296663612666,1
876,877,-0.005097415878294918,1,27.745731423003328,27.632045622515808,1
878,880,-0.012908520339787795,2,27.541759787416886,27.213778180794883,2
881,883,-0.003642804443978884,2,27.235454595843404,27.163476615403724,2
886,887,-0.0004443225671238917,1,27.155823068195538,27.17091294624571,1
892,894,-0.003428287974768176,2,27.051165184869458,26.98547716574757,2
895,901,0.00893417336182108,6,27.08241177268915,27.351453146295267,6
903,904,-0.0011931462118793417,1,27.494288351834083,27.488977934190608,1
905,908,0.0020292941333732595,3,27.60476041541969,27.688383354199296,3
911,918,-0.020718164533932326,7,27.852831309404575,27.303624598909874,7
920,927,-0.006352651864238012,7,27.28039792305498,27.134375450254986,7
929,933,0.0010596352047313414,4,27.25108735914831,27.307214658040422,4
940,946,-0.027404399300391936,6,27.10670043212872,26.390964290202685,6
947,949,0.008812746525530112,2,26.32534744225128,26.583671403898606,2
950,952,-0.0011291560011709395,2,26.677832581400985,26.674386979224863,2
953,958,0.005516060421302308,5,26.618109329632436,26.79155453832515,5
959,960,0.0003256061734104891,1,26.77173360535999,26.807222380700157,1
970,972,-0.007265333662909658,2,26.360026681626447,26.194872319102856,2
973,975,-0.0008928252832732407,2,26.204196428275583,26.207004855604836,2
978,979,-0.003625843533973852,1,26.145925740120834,26.077270630076377,1
981,982,-0.004671882019945856,1,26.14632291296376,26.05031669997195,1
983,985,-0.007400163708499915,2,25.87760921150788,25.711988276169645,2
987,988,0.0013071532954187803,1,25.95612526809493,26.016010028043517,1
990,997,-0.0007099111327123866,7,26.24897739699562,26.256591933116173,7
998,1003,-0.012801431525289883,5,26.261480542592928,25.951557478216785,5
1004,1005,0.0024109839366276997,1,25.931858190074387,26.020311341807638,1
1006,1012,0.011562421615847276,6,26.052216246256826,26.37949517076953,6
1015,1017,0.004433380494109715,2,26.75313555711213,26.898495522004417,2
1019,1020,0.003385757979494566,1,27.20371929903128,27.323028228018938,1
1022,1023,-0.002043421492028839,1,27.614791453035302,27.58597758613531,1
1024,1025,-0.00016430522682402636,1,27.712186749277276,27.735345678896923,1
1026,1027,-0.005966905601951069,1,27.634551716050396,27.49729350632454,1
1029,1032,0.008715813775672716,3,27.658155521448414,27.9268770098734,3
1033,1034,-0.0006143433892736448,1,28.09972135667189,28.110558199972658,1
1036,1039,0.0037500544775262382,3,28.314981001127414,28.44947870341289,3
1042,1043,-0.003285319850325837,1,28.481987496473266,28.416897045070844,1
1046,1047,-0.007556553942752958,1,28.332799744538644,28.14703421466436,1
1050,1051,-0.005650346781149119,1,27.928741698064407,27.798863364007268,1
1052,1053,-0.0014020007615133786,1,27.802152448095008,27.790975961639163,1
1055,1058,0.010734986130744927,3,27.921372798329237,28.24902972086899,3
1059,1063,0.03948324226373003,4,28.371459219183645,29.520027876129394,4
1067,1070,-0.009108570484650413,3,29.3365004084278,29.098623327093087,3
1072,1075,-0.004295021384258578,3,28.73784609809129,28.643154280660546,3
1077,1083,0.006026576243747954,6,28.765971257904926,28.968097548174057,6
1086,1092,-0.00819235785213272,6,28.58713539144837,28.381526483745706,6
1093,1098,-0.01925078182794979,5,28.239899128143854,27.72449889031279,5
1100,1106,0.005956509906490463,6,27.815144399907872,28.008640727476294,6
1109,1114,-0.022314127707778367,5,28.2334651799648,27.631693497485916,5
1121,1126,0.006687687275938494,5,27.318359289828017,27.528374292939944,5
1128,1129,-0.002466240990236829,1,27.641342250128847,27.600813381096543,1
1145,1146,-0.004625237255661637,1,28.276783891273247,28.17427384084031,1
1147,1149,0.0059798068838081125,2,28.27943653452372,28.476821540317605,2
1150,1153,0.005216391416789003,3,28.451269441884392,28.628133669039673,3
1156,1162,-0.016358932091526057,6,28.64293418066466,28.20300929968178,6
1170,1177,-0.023416302345980994,7,27.6776614785426,27.057230650609878,7
1178,1181,-0.009778956311407471,3,26.949851578499576,26.713260008893013,3
1182,1184,-0.002368593508413376,2,26.667328758338623,26.630832025313236,2
1185,1188,0.0019622351397304383,3,26.74030011288306,26.81951116952438,3
1194,1198,-0.007526504113526421,4,27.04458905418633,26.86808243247555,4
1201,1203,0.0035134956679978447,2,26.799015055187507,26.919972293545705,2
1204,1205,-0.0020298976674574844,1,27.028499989617856,27.000663400523674,1
1206,1213,0.026373682926676148,7,26.937518193758663,27.674897275626183,7
1214,1215,-0.006174134173548632,1,27.628566677525587,27.485612766513235,1
1220,1221,0.0022365335619274236,1,27.81201529492633,27.902029815853197,1
1225,1226,-0.005374120094815443,1,27.9112983127568,27.78921094193458,1
1231,1232,-0.0015422326707938186,1,27.680870700904475,27.665861228454425,1
1233,1237,-0.0034933693865006506,4,27.66137949068676,27.592409453876304,4
1238,1241,-0.005602039251178185,3,27.50481539803698,27.378237157978802,3
1242,1244,0.00023719705767482604,2,27.53882640988342,27.572897364889545,2
1245,1248,-0.02073419934710668,3,27.584192505076867,27.039840551352714,3
1254,1255,-0.0023233951872274885,1,26.64367729090454,26.608417176607716,1
1258,1259,-0.000776874384363327,1,26.35426846302744,26.36014877540291,1
1261,1263,0.007447598904046139,2,26.552630362398958,26.7769363335479,2
1269,1272,-0.006062724854895778,3,27.06570320401825,26.928676995692033,3
1278,1280,0.0008342364771534755,2,26.540407955188222,26.589089339578162,2
1284,1292,-0.003224369117247553,8,26.159958718900267,26.101769314617474,8
1294,1295,-0.0030389142666870216,1,26.081380673844887,26.02820297469409,1
1297,1298,-0.00038290452937191175,1,26.029115611539872,26.045178060888208,1
1304,1314,0.04437562601788697,10,25.148795814369517,26.28993816804255,10
1315,1317,-0.005219849338303351,2,26.466583678978516,26.35489868335363,2
1322,1326,-0.01417166273045338,4,25.65397706006515,25.316071526535183,4
1328,1330,0.0029261904294029684,2,25.356796595634663,25.45635220774876,2
1331,1335,0.009988460939751597,4,25.683123517427035,25.965341517009097,4
1336,1339,0.0032057575903691833,3,26.087285814500788,26.197002614827255,3
1348,1353,-0.02163574519528909,5,26.361005331828206,25.817026342708942,5
1355,1357,0.0022626075824986186,2,25.601382090860845,25.684909354192932,2
1362,1369,0.005873521525309885,7,25.919208998122805,26.097365239090408,7
1372,1373,0.009262724448818233,1,26.311120998144474,26.581144782887947,1
1377,1380,-0.004609555053156184,3,26.617547717553517,26.521470213686996,3
1382,1383,-0.0011484994422423164,1,26.650118940118915,26.646161412320616,1
1384,1385,-0.0021413410187662227,1,26.656659051016696,26.626234712618505,1
1388,1389,-0.0008732748882558717,1,26.47910344310933,26.482459010452043,1
1390,1391,0.002018274916377868,1,26.577957560352424,26.65817714298539,1
1399,1408,-0.001806533386619933,9,27.296481296899504,27.274465773396308,9
1409,1410,-0.0041377011455510145,1,27.254847014762273,27.169329450062236,1
1412,1417,0.003917663624644972,5,27.0203641016479,27.153241163315236,5
1418,1419,-0.003565911828271621,1,27.08197053984013,27.01248059129905,1
1420,1423,0.008860104341049498,3,26.91351605527705,27.178886131766593,3
1427,1431,0.002013498226586282,4,27.84150842657528,27.925408762844253,4
1436,1437,-0.004298985998779921,1,27.898565108897003,27.806528133216702,1
1442,1443,-0.0032630799565033656,1,28.07226309017428,28.008733314241216,1
1446,1447,-0.0073507139225195235,1,27.81220445551639,27.635577101464783,1
1449,1450,-0.0028387823704293103,1,27.62730257787693,27.576501980954212,1
1454,1456,0.00016400221046413668,2,27.86434751964149,27.896781681747495,2
1459,1460,-0.003813161208606373,1,27.518484702058682,27.441070768375223,1
1462,1464,-0.008245690420410994,2,27.255932374130357,27.05844432602775,2
1469,1476,-0.0186199667323094,7,27.0655192429852,26.58862569433112,7
1477,1480,-0.0011352306085813918,3,26.421274209749257,26.417701244758376,3
1482,1485,-0.009805680691800399,3,26.15837258772658,25.928030311301914,3
1488,1492,-0.00915342925502477,4,26.03579558696007,25.823514569543505,4
1493,1499,-0.005020326643687155,6,25.703773086271735,25.600435522489708,6
1500,1504,0.0006943940304694055,4,25.669975181362563,25.71347023407216,4
1505,1507,-0.0015698316408199091,2,25.620127213272642,25.60552805414469,2
1509,1510,-0.002853942162257342,1,25.80786416859679,25.760017881096818,1
1511,1513,-0.005089984875719326,2,25.7439541990737,25.638661815758276,2
1514,1519,-0.0024616839228946436,5,25.762634931697495,25.72497810240643,5
1522,1524,-0.0018475605569373832,2,25.86705210575386,25.84512821266478,2
1526,1528,-0.010797653511317604,2,25.887527677219314,25.633890650773274,2
1530,1532,-0.006219718521865511,2,25.509937359636798,25.376782667109072,2
1536,1539,0.0006831064669021785,3,25.33234925101994,25.374986291866158,3
1542,1543,-0.0026097057744163986,1,25.679855746806812,25.638518734724997,1
1545,1547,-0.0013285518949121612,2,25.72323557424219,25.714784156451,2
1548,1550,-0.0037902727806209445,2,25.734261838473397,25.662456228136133,2
1557,1559,-0.004167680962686942,2,25.7910037331859,25.7093060616517,2
1562,1566,0.007640291328331972,4,25.812830040188768,26.035860411744718,4
1571,1574,0.0006212371724323713,3,26.40679317324273,26.449604847939924,3
1578,1583,-0.023215643649782895,5,26.437723540523063,25.850392495435326,5
1584,1589,0.006669004189085751,5,25.930070376824254,26.128928195167408,5
1595,1597,-0.010786741673052297,2,26.383561647944063,26.125352545680585,2
1601,1602,-0.00011407745840090325,1,26.094806404965702,26.117924382178526,1
1606,1611,-0.030033482505177938,5,26.074809864544786,25.317767328516684,5
1613,1618,0.009162596730745192,5,25.259095413129128,25.515793413596175,5
1624,1626,-0.008279081810688576,2,25.461693023293932,25.276355276738737,2
1629,1630,-0.005678444399481713,1,25.050499142922142,24.933301775502716,1
1633,1637,-0.02914761167654544,4,24.40834438293047,23.721307783572353,4
1638,1641,-0.021271800015325235,3,23.730195799771014,23.249142016193545,3
1642,1645,-0.03410988469715144,3,23.130522152933715,22.364673231465172,3
1646,1647,0.011986769917837144,1,21.976942049470537,22.26235153936465,1
1652,1656,0.022546335809254643,4,24.115608112598043,24.683442319461662,4
1658,1659,0.018213054829290372,1,25.018586591042833,25.49927006696789,1
1660,1661,0.020643202285365755,1,26.033521930446618,26.59697071178778,1
1662,1665,0.013096342174309685,3,27.111787373061965,27.493964404829775,3
1667,1672,-0.016550472139376146,5,27.52739154804137,27.099327612703853,5
1673,1675,-0.011597131339714666,2,26.900839320045602,26.615767592622518,2
1677,1678,-0.0167042006947275,1,26.200205274046297,25.788751992179616,1
1681,1682,0.0057320333865326254,1,26.072383089540764,26.24790324296602,1
1684,1687,0.0023612324445455623,3,26.42740248224861,26.516231124897008,3
1688,1691,0.016684672732214825,3,26.624454184132613,27.095298943052846,3
1692,1695,0.01738634318639366,3,27.377525649968245,27.880898232162856,3
1696,1702,-0.010804387260445612,6,27.927410137684312,27.65359899351316,6
1704,1709,0.08194971230446862,5,27.813485211325148,30.12060580778916,5
1712,1714,0.0007164961775503608,2,30.569076836981612,30.621548540523534,2
1719,1720,0.009670039728101737,1,30.480417663098297,30.80564493049269,1
1721,1723,0.02976845588956141,2,31.364811075111277,32.329857881160265,2
1725,1727,-0.00967402145607971,2,32.456776439649595,32.17524566441689,2
1730,1733,-0.02072663112389551,3,31.839501363674053,31.211415265104087,3
1734,1740,-0.005946112266266239,6,31.176795130137318,31.022591201321276,6
1742,1744,-0.0026409329252189808,2,31.225423023112274,31.17418419836976,2
1747,1749,-0.00804311695148033,2,30.45095449291662,30.236484859138802,2
1750,1751,-0.0010787758949088017,1,30.229814462510223,30.227433081823012,1
1752,1756,-0.0026458026085405366,4,30.401346556791747,30.351311941325434,4
1757,1761,0.02956973594665902,4,30.336835170009643,31.264224210614156,4
1765,1767,-0.015492155008546872,2,30.860863523391284,30.413623105512688,2
1772,1773,0.010236119942454023,1,33.50447874126987,33.88093908301618,1
1774,1775,-0.009450166118727305,1,34.120424924508704,33.83210166585504,1
1777,1780,0.0005988296107968878,3,33.44795698423257,33.50143456827962,3
1781,1782,0.01662741976961329,1,33.56352151498532,34.15515979767641,1
1787,1788,0.00525645928943321,1,31.91922988660931,32.11893124894494,1
1792,1793,0.02409297798877316,1,31.722140504479764,32.518143477915444,1
1798,1803,0.008242365555828291,5,34.76978237953621,35.09113741858448,5
1806,1808,-0.014827411592750465,2,34.63874619754293,34.15978199681268,2
1809,1811,-0.015685757954417217,2,33.871055806614905,33.3736336793784,2
1812,1814,0.0008477815450215111,2,33.251635876658504,33.31307763577317,2
1816,1821,-0.04709376714168722,5,33.382129904975,31.84342178244153,5
1824,1827,-0.03407719662574596,3,30.95726175514467,29.933282321075065,3
1828,1832,0.02400615787466007,4,30.47959586163918,31.241773447711164,4
1836,1839,-0.039636747137695924,3,31.6080636782248,30.386830914377036,3
1841,1842,-0.00041938785033808967,1,29.987967157038515,30.005378535113554,1
1847,1850,0.005292806218835264,3,30.253606456700894,30.443986539553816,3
1853,1855,0.021303792380961535,2,30.21753886229964,30.89150457534801,2
1858,1860,-0.004138558942416912,2,30.810119677746624,30.713420301115097,2
1861,1863,-0.006529048384662736,2,30.98573728285721,30.814415642185846,2
1864,1865,-0.003871142208889469,1,30.83791114815875,30.749371119827288,1
1867,1868,-0.006798639213218779,1,30.50394755695282,30.327066170491104,1
1870,1872,-0.01640488653606672,2,30.351311440917442,29.883752931949285,2
1876,1881,0.022499059341848177,5,29.547518754230193,30.24185765084022,5
1884,1885,-0.006214111709747312,1,30.442994535167486,30.284261360881896,1
1886,1887,0.006408894234009269,1,30.36776092745072,30.592752456285883,1
1890,1892,0.012828184821505717,2,31.26914340815885,31.701538902417038,2
1895,1898,-0.012850049530723641,3,32.066250025861954,31.686263374790922,3
1900,1903,0.007627416459438812,3,31.72034211992954,31.99400672163405,3
1904,1909,-0.0064646927819668396,5,31.90991757685639,31.735539680600986,5
1910,1912,-0.016440858176365192,2,31.697517487869582,31.208080615796533,2
1913,1918,0.009625145111893031,5,31.07683791888541,31.407033831392347,5
1921,1924,0.014835999907274598,3,32.58191788620844,33.09788513483326,3
1927,1930,0.00025673994662897786,3,32.64613298319309,32.68716068261603,3
1931,1936,-0.0078857433048338,5,32.53050694257828,32.30651022219557,5
1937,1941,-0.016237678858963416,4,32.126149873484074,31.636621918736996,4
1946,1947,-0.0029346725078547853,1,31.389014514600106,31.328287051170054,1
1948,1955,-0.024180308292740867,7,31.399478756857835,30.671629159042503,7
1958,1960,0.020825014868388093,2,30.977577564579086,31.65366365551267,2
1963,1965,0.004133336163215095,2,32.99019126478729,33.15954100663821,2
1966,1968,0.016339283370047118,2,33.52183820444453,34.10308285615626,2
1969,1973,-0.004881028131488332,4,34.38623984288891,34.252785878722555,4
1976,1978,0.00022479943689704776,2,33.84278227078999,33.88423289145828,2
1979,1980,-0.0012478187050278312,1,33.80682494775245,33.7984469841728,1
1982,1984,-0.01223050917087069,2,33.540640316427954,33.163961847757434,2
1987,1997,0.011470350632047228,10,33.39129280236513,33.80769393166798,10
677,678,-0.008376724104486082,1,26.914653306033863,26.716111334227357,1
682,687,-0.005276826487677682,5,26.227892323157185,26.11572017855355,5
688,690,0.0025728341537587553,2,26.231435842604323,26.325156412484912,2
693,695,0.003343098253896103,2,26.698745173861507,26.814700447407322,2
696,698,0.004427211645428551,2,26.970550938148246,27.11692582628339,2
699,704,0.010955428122009354,5,27.077942917689256,27.401671317933562,5
705,710,0.0027698640458111287,5,27.537067387023157,27.640878387292574,5
711,715,-0.0053013994763338144,4,27.385598409806857,27.267802011147825,4
724,738,0.0005086191155087426,14,26.60396199646,26.64409724207613,14
739,740,-0.007947513976581076,1,26.51674371873625,26.332518271136912,1
743,746,0.0008647212863043933,3,26.25928567332363,26.308251922281826,3
755,762,0.018500392590592676,7,26.294015745120408,26.80675937493348,7
764,772,0.007191794712648259,8,26.939283411344817,27.159964490756405,8
773,774,-0.0014837722372844468,1,27.276123615755512,27.26292818440947,1
778,783,0.01190257822178456,5,27.457141772218304,27.81140969168098,5
784,790,-0.0019172483936753682,6,27.935560424069276,27.909936576143878,6
796,797,0.004966139105133498,1,27.669675303542025,27.834756435396834,1
799,805,0.01404752928051373,6,28.048916134268154,28.470983021085228,6
808,815,0.0006705429307381568,7,28.53884996069627,28.586525334749506,7
816,819,-0.005389032893833473,3,28.573388877384488,28.447979333713352,3
822,823,0.0015536343578748247,1,28.457705831303645,28.530376406660757,1
824,825,-0.003001797106491103,1,28.629157290407548,28.57184752618233,1
832,833,-0.004633371858100062,1,27.977674959898437,27.87602166304407,1
835,836,0.003346674487938515,1,28.226377586239085,28.34906846158011,1
838,845,-0.0023896826322245416,7,28.606178748189897,28.566425238409227,7
849,853,-0.01465637414024926,4,28.448424899018406,28.059922564896628,4
856,857,-0.004862746026192621,1,28.13730235831211,28.02861510543976,1
860,861,-0.004681307765001487,1,27.847841987638397,27.74532551069077,1
862,863,-0.0022887550151598395,1,27.82298953820627,27.787132520902166,1
864,866,-0.013432124156730195,2,27.980269627900068,27.632415441947227,2
867,868,-0.0014643583874713324,1,27.66571469294868,27.65286788628562,1
872,876,-0.00968118332339105,4,27.911916537945984,27.669608073572885,4
877,879,-0.009318437049569181,2,27.62203135954955,27.39225923050391,2
887,891,-0.006304920161497611,4,27.208088142221655,27.06375140688018,4
892,898,0.009866170730977196,6,27.06513436892322,27.35922873983278,6
899,901,-0.0014059142834081633,2,27.338188721404343,27.327091760119817,2
904,907,0.0003763935113469414,3,27.57332960678291,27.611281358739916,3
908,909,0.0013023098923900115,1,27.661016653852567,27.724700886128296,1
911,912,0.0005316900465213211,1,27.870691951244122,27.913381212695505,1
919,920,-0.0011222597271747015,1,27.316556639132628,27.313216924370575,1
925,927,-0.00027129884349303475,2,27.111801203618388,27.13155760451045,2
932,935,0.0015414470579974506,3,27.281430115551135,27.350764425856266,3
938,942,-0.012792002274566863,4,27.208112177039258,26.88727405636094,4
947,949,0.007230336962481075,2,26.343546927708505,26.56036319571048,2
951,954,-0.0021219225792640907,3,26.653961067404826,26.624057386656478,3
960,963,-0.007751877903401999,3,26.804367161230424,26.623387346879838,3
964,969,-0.0035307302292774895,5,26.51188557008454,26.444791139837182,5
970,977,-0.009706658859454358,7,26.35902207434349,26.129523061273353,7
978,983,-0.01098576161125562,5,26.110724993415122,25.849989518133825,5
991,993,-0.0009786101494210777,2,26.3119522382397,26.312515046966517,2
999,1000,-0.0049495930115115265,1,26.250978676907707,26.147297994980054,1
1006,1007,-0.001664421094348411,1,26.036425092498195,26.019125942445317,1
1008,1011,0.005808817739708693,3,26.07990710705913,26.25748044121963,3
1018,1023,0.022174880674698492,5,27.01083614310373,27.636809047643993,5
1028,1029,-0.0009598970815693415,1,27.63619562405,27.637303916148845,1
1031,1033,0.009699096915499847,2,27.761968548078517,28.058996540139468,2
1041,1042,-0.0011564582062866167,1,28.45778143805821,28.453328984619514,1
1047,1052,-0.017104534309237134,5,28.235065273978847,27.780352696550505,5
1053,1054,-0.0028037462138199134,1,27.810823750052087,27.760660082009718,1
1055,1056,0.004800589012711982,1,27.963092697255107,28.12529510551625,1
1057,1061,0.02651201191176419,4,28.293998107691934,29.072422920662188,4
1066,1067,-0.0020833389646863895,1,29.31085905286656,29.27910545716616,1
1068,1071,-0.01569921782181521,3,29.331074872260796,28.899931013765464,3
1072,1073,-0.00390660708272479,1,28.806256889200593,28.722528418899653,1
1074,1077,0.0033697009474959617,3,28.668815323854552,28.794089473338786,3
1078,1079,0.0036121016926565644,1,28.944386346354328,29.077880799615254,1
1080,1081,0.0002701719252869814,1,29.22121805158839,29.258334022380208,1
1082,1085,-0.0179048529772616,3,29.182595593041693,28.68926810504644,3
1087,1090,0.0023570212028119182,3,28.430555013710826,28.525996989699564,3
1091,1099,-0.027016657888684178,8,28.514282667077097,27.772436329986515,8
1101,1106,0.005659956900979621,5,27.785126037184547,27.970173779080483,5
1125,1130,0.0011167746526703401,5,27.552493890260006,27.610816310944763,5
1133,1140,0.009249268874412082,7,27.55900152026171,27.841461136753203,7
1143,1148,0.007719116584135399,5,28.109395778048448,28.354484876946856,5
1149,1153,0.004213643467163908,4,28.49432226534454,28.642881502474516,4
1155,1156,-0.004145859834462599,1,28.668020753180656,28.577835178159685,1
1157,1159,-0.008901434168463292,2,28.55706171580287,28.33141997261071,2
1161,1162,-0.00428558392374574,1,28.301502069948686,28.208515109729806,1
1163,1165,-0.00842448973571193,2,28.14065569338296,27.931725684031235,2
1167,1173,-0.009712799591216039,6,27.93947545515894,27.696044404834442,6
1176,1178,-0.00988076151458906,2,27.176004785367248,26.93466116794907,2
1179,1183,-0.008625917812273008,4,26.91014721834799,26.7049326473447,4
1189,1193,0.007664129722866093,4,26.878021585742367,27.110896251455234,4
1197,1198,-0.003212553982088893,1,26.92133277242612,26.861767870397347,1
1203,1204,0.0015464019978389575,1,26.93830237435303,27.00689812133747,1
1205,1209,0.009401654699278672,4,27.000761420805762,27.28161401772259,4
1210,1215,0.0026716674553239343,5,27.3882418985621,27.48880241499959,5
1218,1219,0.00044253386928745685,1,27.633746004198926,27.67360861874527,1
1220,1222,0.007531059819048566,2,27.78629847154574,28.023345045956436,2
1224,1228,-0.015019249950651112,4,28.01714095161399,27.62436164971069,4
1229,1232,0.003326942504375879,3,27.59401099766908,27.71340869672111,3
1234,1238,-0.009046073132847571,4,27.75878759393786,27.535438358877855,4
1239,1242,0.0008741266069066302,3,27.468698897259518,27.52017871671998,3
1243,1244,-0.000764784268851866,1,27.569879398813423,27.57636426815388,1
1246,1247,-0.009498596096898557,1,27.526641621307682,27.29270381226411,1
1253,1254,-0.0021511248593621616,1,26.57878329400357,26.548187795822244,1
1258,1259,-0.003776720154845537,1,26.423885833049795,26.350514096687828,1
1262,1263,0.004368939480570505,1,26.686288621098708,26.829565689666424,1
1265,1267,-0.0019501585402610622,2,26.949454990806696,26.9238487359918,2
1271,1272,3.265050333065402e-05,1,26.915238753628223,26.943032788474422,1
1273,1274,-0.0057122419580369005,1,26.83544539262167,26.70899028087995,1
1276,1277,-0.003376074382590941,1,26.558091436753138,26.49498743603976,1
1278,1279,-0.00219417830720889,1,26.520359103924456,26.48868906638316,1
1280,1284,-0.018345607094202663,4,26.57917960206639,26.1181475958027,4
1290,1291,-0.0020499508989414612,1,26.179147170190035,26.151660351085173,1
1292,1298,-0.005569152670678056,6,26.13513042424013,26.015715023263695,6
1300,1301,-0.005200930609331611,1,25.937914183516988,25.828950805881234,1
1302,1306,-0.01899541260059456,4,25.72808212445466,25.265094671203116,4
1309,1310,0.0012106245111269541,1,25.60556881590486,25.662173113950647,1
1312,1314,0.010448641293247803,2,25.971844840890643,26.26918717619789,2
1320,1321,0.001683771655215795,1,25.62798257155137,25.696762224757265,1
1322,1330,-0.0056588174252783065,8,25.623414432424525,25.504039622771618,8
1344,1345,-0.004067103911563225,1,26.501983419916915,26.420699082905504,1
1346,1347,-0.0022349641091531317,1,26.382909684585922,26.35032773803043,1
1348,1351,-0.008969025762338156,3,26.32409160987516,26.114314245665916,3
1355,1360,0.008791673716854097,5,25.569910330830268,25.820282549758975,5
1363,1365,-0.002342713331973341,2,25.84425273846148,25.80955131575466,2
1370,1371,0.0012779101454598566,1,26.167221619851524,26.22682819945788,1
1372,1373,0.0034519325924919466,1,26.365552845769415,26.482930509802564,1
1379,1387,-0.002848806425373312,8,26.567529966349323,26.518411746241238,8
1392,1393,0.0024184142385027226,1,26.8378229275799,26.929565723605954,1
1394,1396,0.0011316661951202688,2,27.141515482789693,27.19937213382869,2
1400,1410,-0.008684559577573714,10,27.307285205540612,27.09744074547684,10
1411,1412,-0.005396879152853669,1,27.16841531260275,27.048959073698697,1
1416,1419,-0.0015583009302658783,3,27.058335069547912,27.043228375907137,3
1420,1426,0.026751934533401626,6,26.925182993043716,27.672408908766524,6
1429,1431,0.0014918954988131288,2,27.812363482327434,27.8816689857004,2
1433,1435,-0.00538740272463526,2,27.990626793985793,27.86782064172561,2
1436,1441,0.0017552342725999197,5,27.91905780203019,27.99598134694504,5
1444,1447,-0.014171008183591873,3,28.014028867708262,27.645055864236298,3
1448,1450,-0.000572244580874547,2,27.55717163727968,27.568959366783297,2
1451,1453,0.0064072103443813515,2,27.568429465506433,27.77263462142168,2
1458,1459,-0.00706062590097178,1,27.61386867958522,27.446511351839693,1
1460,1462,-0.009531693276531125,2,27.436580492169735,27.202500002853686,2
1464,1465,-0.006591742501408676,1,27.074108247429503,26.922716805654613,1
1472,1474,-0.003679487016053615,2,27.019222516321708,26.94682486040536,2
1475,1480,-0.01591910204629507,5,26.776689052097066,26.377204895666917,5
1481,1487,-0.013655755015849723,6,26.37165801677525,26.037904773553173,6
1488,1489,0.0005898291301002906,1,25.999167167018555,26.04050140033903,1
1492,1495,-0.017864355651090538,3,25.799523938765724,25.364431591433554,3
1497,1501,0.004486225853886576,4,25.5013205549311,25.641226559067814,4
1515,1516,-0.002436233373692474,1,25.822543471553384,25.785456272825915,1
1518,1523,0.0035782464927060654,5,25.732255285543815,25.850063893054273,5
1524,1533,-0.020108197616780597,9,25.89319048312363,25.39841828244316,9
1536,1539,-0.0007011929775272186,3,25.321588204751134,25.329154473126877,3
1542,1550,0.000951792409882484,8,25.6265658886175,25.676583625410256,8
1551,1555,0.002262984165338542,4,25.75157922592021,25.83560622116685,4
1558,1560,-0.003404832500112882,2,25.703552744224993,25.641740005217315,2
1561,1566,0.00903880515398323,5,25.749574232135938,26.008069190650378,5
1572,1575,0.0006968511673941557,3,26.35660267999936,26.40132591202546,3
1577,1579,-0.007404695818441605,2,26.507594844801275,26.337821762941832,2
1582,1584,-0.0006418784559654976,2,25.913203434501206,25.92248351092605,2
1589,1590,0.002751953770702529,1,26.187031696837114,26.285284229155568,1
1598,1599,-0.0011512612036533583,1,26.033924632036335,26.029986709260672,1
1600,1602,0.005250403127165595,2,26.00197564487981,26.16449847476305,2
1605,1607,-0.011785313616101387,2,26.172211450252007,25.88993594173412,2
1610,1614,-0.008658432485413314,4,25.495098901935187,25.29984640828578,4
1615,1619,0.0071566480298395204,4,25.373791911106736,25.580757000908022,4
1620,1626,-0.012988783720353433,6,25.55988095684094,25.253449072131392,6
1627,1634,-0.04500029276190571,7,25.30060036982983,24.187366546505338,7
1638,1639,-0.009757597041049022,1,23.77976805549746,23.571514429137803,1
1640,1642,-0.014303672295776556,2,23.4232452399374,23.111630061161666,2
1644,1646,-0.02973436139078244,2,22.600333379746594,21.950927232860792,2
1657,1658,0.001766635321229633,1,24.931506737190077,25.00048312434066,1
1659,1664,0.06519238673438547,5,25.46383207503565,27.14934389548586,5
1665,1668,-0.01017934986576861,3,27.524806212869457,27.272146386654047,3
1669,1672,0.00924381810448877,3,26.8290434929287,27.10387533438768,3
1674,1677,-0.019525678346667824,3,26.700585931826303,26.205939465185725,3
1678,1679,-0.006944341757046518,1,25.823014787216202,25.669513962123723,1
1680,1684,0.017349473628751153,4,25.910999842195448,26.38645305049439,4
1685,1686,-0.004108776877835913,1,26.490372775465826,26.408020117096203,1
1690,1691,0.002426287892617199,1,26.993952561978105,27.086441614815094,1
1692,1710,0.102539702019184,18,27.297727676107307,30.12412626549229,18
1711,1713,0.008781312590551947,2,30.308978841898405,30.60544043825144,2
1714,1727,0.04844387405529499,13,30.65623243573238,32.17199533129458,13
1729,1738,-0.02294179295075272,9,31.874186192847926,31.174809398930716,9
1740,1742,0.0015648064455106988,2,31.063529329670367,31.143201269915416,2
1743,1745,-0.019842975381779916,2,31.37947200779014,30.7881893892541,2
1747,1748,-0.0027415240319774723,1,30.376618086060734,30.323716475653658,1
1752,1761,0.028608028507494793,9,30.379065565239642,31.27852980452631,9
1764,1769,-0.019533704148076432,5,31.11663076706473,30.53992433834302,5
1771,1774,0.04531550959357421,3,32.579688247382286,34.08863311095958,3
1775,1789,-0.06112441436311712,14,33.88837421407919,31.85085556073952,14
1795,1798,0.06201018313441797,3,32.744724596288684,34.807975689786915,3
1804,1807,-0.027058625592018024,3,35.306015335763746,34.38598910098303,3
1808,1812,-0.027879200730969323,4,34.17793895065587,33.25926326903038,4
1814,1815,0.005408260199215188,1,33.280301208648204,33.49357003830148,1
1817,1819,-0.01866772937488029,2,33.040600021541934,32.45684764197767,2
1822,1825,-0.03644591540541441,3,31.715804067868792,30.591608359864416,3
1826,1832,0.046939840471171675,6,29.86633301545576,31.298120255675595,6
1837,1838,-0.016022276876893258,1,31.228367890109965,30.75924670125125,1
1839,1846,-0.009180565976121116,7,30.436453754417613,30.18746633640044,7
1847,1849,-0.0015092317477175916,2,30.247113026854894,30.231710236624817,2
1850,1855,0.013872450929070499,5,30.431844444304833,30.884440557483863,5
1859,1863,0.0007189121926735734,4,30.695610660060638,30.748373719485777,4
1867,1870,-0.0073384171797183356,3,30.519751848749696,30.32630492931084,3
1871,1873,-0.01511759154094005,2,30.175546976693695,29.749540929952285,2
1874,1878,0.0032482285278757914,4,29.728993163226114,29.855288720087156,4
1879,1883,0.02311544292259308,4,29.818164676182054,30.537242924487003,4
1887,1888,0.010471111337914635,1,30.649630176814988,31.00121549703914,1
1889,1890,0.0028545746063232285,1,31.20506362005691,31.325345865875484,1
1891,1901,0.011041586283155505,10,31.33674003732484,31.7140840963171,10
1902,1903,0.000860988971844494,1,31.85138999948864,31.910665085015605,1
1904,1912,-0.023987799476344652,8,31.921409004820458,31.187606055615262,8
1913,1915,0.010835386590754469,2,31.04310866745744,31.4105158595156,2
1917,1918,-0.0023033918011134812,1,31.46506772137423,31.42405641008471,1
1926,1927,0.0013000820596133426,1,32.51116943012822,32.58594778767151,1
1928,1931,-0.0024905827107372883,3,32.59679983271917,32.548211606463155,3
1933,1934,-0.00584522298347879,1,32.58169244364882,32.423826878580215,1
1935,1936,-0.006428542323913021,1,32.469270310455826,32.293009502348944,1
1939,1940,-0.0038885968027557853,1,31.6880689485804,31.596534893930027,1
1945,1947,-0.005491919891333617,2,31.454718212885375,31.31342613846862,2
1951,1954,-0.004686512774307654,3,30.9106283592858,30.796675932977415,3
1965,1969,0.03274774042079275,4,33.262274029244885,34.38480061898912,4
1971,1972,-0.0001336472390767435,1,34.190587783962606,34.22020889408683,1
1975,1977,-0.005325955746164847,2,33.93117061220456,33.784385869720595,2
1981,1983,-0.009171863293590762,2,33.64312538199565,33.36819836060485,2
1984,1985,-0.005943543493893075,1,33.2649837483589,33.10053685437524,1
1987,1988,0.000123348032213487,1,33.37135729349217,33.408844942040105,1
1990,1997,0.015803720962952204,7,33.25923255164102,33.81811141488073,7
675,677,-0.012473067802776676,2,27.105334370165824,26.79435303111998,2
678,680,-0.01209264959249282,2,26.745107761489823,26.448433652778156,2
681,682,-0.004863111410550493,1,26.354049608491795,26.252240978735017,1
684,686,-0.004369836588081348,2,26.201040354428628,26.112747129996478,2
689,691,0.006100089284001789,2,26.33129764616,26.51825221041136,2
693,699,0.012351231387809806,6,26.746262245733988,27.103357781735824,6
700,703,0.0029545904676992673,3,27.01304922724308,27.119874774220627,3
707,711,-0.011310165521432446,4,27.713824007870944,27.428089895117946,4
714,715,-0.008725651030388516,1,27.425895257755368,27.214012361797963,1
718,722,-0.000738699952979639,4,26.819924520647955,26.826932568186283,4
723,727,-0.019445343334728082,4,26.823598204541803,26.328827726186233,4
731,735,0.008994941443701242,4,25.98808998665976,26.24783942431006,4
738,743,-0.013601335001961406,5,26.641014306421283,26.305301960354022,5
746,750,0.0002618788067850384,4,26.37201498139887,26.405293268196115,4
752,755,-0.0033430169888651906,3,26.320289403538528,26.25862051831419,3
756,757,-0.002747796400581007,1,26.339038491527468,26.29300321485721,1
758,763,0.01840137436356262,5,26.365816819097244,26.877349901605665,5
764,765,-0.0025327482273026372,1,26.985693466027097,26.944331192204512,1
767,777,0.010424938585954877,10,26.922224586064527,27.2298093485576,10
778,781,0.009454923349187003,3,27.442956093064915,27.729870095493013,3
783,788,0.012222437457454913,5,27.809529547553467,28.177239312717237,5
790,792,-0.007813257703806281,2,27.974190387826592,27.78359501965899,2
794,795,-0.0025169470639465263,1,27.706244682895633,27.66421577637093,1
798,801,0.0027735994151818575,3,27.92887771998353,28.034270116614344,3
802,805,0.008553703156395809,3,28.22143549767125,28.491054715063374,3
806,807,-0.0022527699168683303,1,28.609260853072033,28.573420031731466,1
810,811,-0.003922645140906569,1,28.686739921953794,28.602898760912446,1
812,813,-0.003327091073042005,1,28.645665644222706,28.57900457142069,1
818,821,-0.0023713065742428114,3,28.460693959545196,28.42166562281096,3
822,824,0.004268746404445647,2,28.488916231182245,28.63901710614184,2
827,835,-0.01459594621678539,8,28.52422883180159,28.136414950729137,8
838,839,-0.0013923692762174635,1,28.613729013521986,28.602501865379068,1
840,842,-0.0014108303960084054,2,28.707977436203798,28.696183326465082,2
843,846,-0.004084663997124699,3,28.69120940915341,28.602706668455028,3
847,848,-0.0029218520815625843,1,28.59799063634459,28.543029528511624,1
853,854,-0.0030744457309414886,1,28.110670819952617,28.052356758876265,1
855,856,-0.005408713372975704,1,28.17670713610352,28.05248411054616,1
859,862,-0.007359617844253757,3,27.92635439192289,27.74875345020706,3
865,866,-0.0078072895081664285,1,27.83021073110108,27.640762429581194,1
868,873,0.006580534686665642,5,27.666487753365292,27.876214523437888,5
879,880,-0.007265096446110178,1,27.451446385540216,27.279460426349583,1
881,884,-0.0042344507983698414,3,27.173348934414076,27.085458074258778,3
886,888,0.0030016639975202564,2,27.14894850672265,27.257589476532534,2
889,893,-0.008452097765365745,4,27.22873995944164,27.02582872723616,4
894,896,0.008586677755432967,2,27.01031493363393,27.269254118975436,2
897,898,-0.005117096883728008,1,27.426941494794544,27.314022119436135,1
900,902,0.0018367055612131277,2,27.30349964152604,27.38095163079974,2
903,904,-0.0009312796663523426,1,27.525366447507725,27.527257999873772,1
907,908,0.0004485698193620784,1,27.664596420389508,27.704670519828916,1
909,912,0.0036549292690650787,3,27.789854357468755,27.919214163900392,3
913,914,-0.009628340764890369,1,27.90888708097532,27.668079692871817,1
916,918,-0.008273146099833026,2,27.528157909530513,27.327941595195224,2
919,922,-0.0022144193823678392,3,27.280448194643938,27.24731828959668,3
923,925,-0.004810704347414253,2,27.16928245645162,27.065748353678693,2
929,937,-0.001563294301349518,8,27.25538121949866,27.240028418576607,8
940,943,-0.013883755584094878,3,27.053962076647753,26.70540544167085,3
945,950,0.003464296840028384,5,26.575936709828405,26.694579580102886,5
952,955,-0.0038709613755203392,3,26.67908653413608,26.60249190716241,3
956,957,0.0005824905377663529,1,26.73227053410042,26.774574099273643,1
958,959,-0.0037348534511169548,1,26.835065230970894,26.761675260213025,1
963,966,-0.009048063239101622,3,26.60068895250533,26.386604925611895,3
974,979,-0.007426090727306654,5,26.25384941463033,26.08513979635087,5
982,986,-0.005713786109474457,4,25.984824498811147,25.86233759403152,4
987,999,0.012128891516527546,12,25.914474509392896,26.254702833934534,12
1000,1004,-0.010637097044832063,4,26.214450012898617,25.961818814147414,4
1005,1012,0.011730880460558073,7,26.02102632407459,26.35229689966742,7
1015,1020,0.021303551228595993,5,26.774550539850253,27.371718099438436,5
1027,1032,0.012819881645212805,5,27.560217967373013,27.941096917798376,5
1036,1039,0.00581256778724988,3,28.257796633173246,28.45030478825506,3
1040,1043,-0.0023491194677388834,3,28.48117896902857,28.442754456017298,3
1044,1046,-0.0034084342962924495,2,28.410255172747057,28.341830939822593,2
1049,1052,-0.009554713834432172,3,28.054860776645945,27.814859471036904,3
1059,1062,0.03255727350127788,3,28.441842424644427,29.39627310976847,3
1066,1068,-0.00015833712178014926,2,29.308189191020844,29.33285680589077,2
1071,1072,-0.007266447611225316,1,28.941195493591003,28.759837008224185,1
1073,1085,-0.0014334380728926452,12,28.745251882778103,28.732792596197218,12
1090,1095,-0.01886264283375526,5,28.517361970581764,28.007966519140346,5
1096,1098,-0.01138491744612842,2,28.02387804469957,27.732852384684993,2
1099,1103,0.005211519178123373,4,27.80798519761601,27.980715030975972,4
1106,1110,0.006696001170215081,4,28.019559756693088,28.23519832136951,4
1111,1120,-0.035838107851739895,9,28.168244442820075,27.186916104926937,9
1121,1127,0.007161496092538077,6,27.298490246274824,27.521286767751985,6
1128,1130,0.002360662364901636,2,27.595390915839197,27.688129707534806,2
1131,1136,-0.0013952268351813853,5,27.61601923117846,27.605104639297412,5
1139,1140,-0.0003433580981536447,1,27.847143918757343,27.865429520301145,1
1142,1143,0.002284484484591749,1,27.99860858759698,28.0905695830931,1
1146,1151,0.010894506728538922,5,28.225911984376786,28.561645284394103,5
1160,1162,-0.004464626034078279,2,28.29909740084041,28.20105161124454,2
1164,1173,-0.01272305284656474,9,28.02314107267505,27.69462430895334,9
1176,1178,-0.010086893280759904,2,27.220946808733395,26.973592970081192,2
1183,1187,-0.002819707352896163,4,26.77637446333573,26.727649297840898,4
1191,1194,0.0006458339519688334,3,27.050514454345095,27.09503510945228,3
1197,1202,5.111347976554086e-05,5,26.90289204764819,26.93117004012415,5
1207,1212,0.023129921876355354,5,26.98577152008391,27.63693607863671,5
1216,1222,0.018777957933291987,6,27.446126618204847,27.988954955891508,6
1224,1230,-0.01728729198034426,6,28.001704496823173,27.545632559736095,6
1231,1234,0.0039033064257980076,3,27.63393698234162,27.769434643117233,3
1237,1241,-0.0037150289206928496,4,27.549470021449213,27.474672413591218,4
1256,1257,-0.005019130783927854,1,26.490326086033562,26.383858000984898,1
1259,1260,-0.0006091096057669759,1,26.41863900690803,26.42896579912454,1
1264,1267,0.004951545931245813,3,26.844387851190643,27.00415345848318,3
1268,1270,0.0004962563644452991,2,27.067948327740574,27.108448917698432,2
1278,1281,-0.0014685325432676618,3,26.542545714866645,26.53010966841806,3
1282,1284,-0.014120206779535446,2,26.395247928742517,26.04893681792031,2
1286,1294,0.003968270946883664,8,25.999156951810047,26.128327807937193,8
1295,1298,-0.006216391111652345,3,26.121699126143806,25.985438127000933,3
1299,1302,-0.010645017424214084,3,25.996040616318805,25.745308351613833,3
1305,1313,0.03673340518473839,8,25.18489352609139,26.13520531804589,8
1321,1323,-0.007914729235382948,2,25.7170871377568,25.53926044347646,2
1325,1327,-0.0018183953269794609,2,25.377568124806967,25.35679924164352,2
1328,1330,0.00228877063205467,2,25.37317902946079,25.456625595494746,2
1332,1334,0.0020637268577712443,2,25.88128418599814,25.960577371472393,2
1338,1341,0.0011481238233005697,3,26.2334300862107,26.28978274234578,3
1342,1344,0.00029394376182782984,2,26.382390224293747,26.41652755354658,2
1347,1353,-0.022191706961727557,6,26.38560221302604,25.826446262918882,6
1356,1364,0.005301832345370085,8,25.66774592534395,25.829499756849025,8
1370,1371,-0.0004923048748248876,1,26.172952848432672,26.18624072900526,1
1372,1373,0.007427629889136456,1,26.318682501154587,26.54048661644401,1
1374,1376,0.000348332229865766,2,26.66158986307823,26.69753854399008,2
1378,1379,-0.004725112611135991,1,26.61826249283956,26.519106467540954,1
1383,1384,-0.0019448408579952913,1,26.682779253919854,26.65756827387588,1
1385,1386,-0.0012380951884090612,1,26.602258052417433,26.595924182774336,1
1387,1388,-0.002593320728309018,1,26.530046851303172,26.48777597773198,1
1389,1398,0.028486655858788998,9,26.573105175080816,27.35665718247783,9
1399,1401,-0.002087717564048082,2,27.340559873144006,27.31082106595908,2
1403,1407,-0.005272516293619505,4,27.4377157930588,27.320487705273255,4
1412,1416,0.00014824850782639478,4,27.068798227705,27.099879934878615,4
1419,1420,-0.006803290444373203,1,27.050862347221184,26.8938783362495,1
1421,1422,0.002136003692956034,1,26.9797404666252,27.06434903236353,1
1423,1424,0.0024732354474263467,1,27.257138967874578,27.351809429133226,1
1428,1429,-0.0018916953047578143,1,27.83958541236054,27.814760984761936,1
1434,1445,-0.00036822908283350175,11,27.94710497166339,27.964761139803485,11
1449,1455,0.010558096696734236,6,27.592768594565754,27.911688482112357,6
1456,1464,-0.030595096593510018,8,27.891170319823928,27.0657284401027,8
1469,1472,-0.001805084659124152,3,27.057456269129066,27.035672726171867,3
1473,1476,-0.017837549134498813,3,27.038786212649587,26.58351932125689,3
1478,1485,-0.016397513341866052,7,26.29134646798742,25.88652510997096,7
1487,1492,-0.009472921170892382,5,25.990750496277354,25.770532916150064,5
1493,1499,-0.005622522579613755,6,25.71772814001123,25.59884736098766,6
1501,1504,-0.0020127584744360216,3,25.700086804784405,25.67405882407912,3
1505,1506,-0.0033550400361927178,1,25.637873521270752,25.577495302685314,1
1508,1510,0.0018132090758251275,2,25.699021505673848,25.771318226213435,2
1511,1514,-0.0004198406835156232,3,25.743020047748743,25.75795510066389,3
1516,1521,-0.002484861174660592,5,25.78778138453289,25.749490109174364,5
1523,1525,0.0004999736334142374,2,25.855930320839374,25.89471353458803,2
1526,1528,-0.007765853434373859,2,25.84397456880691,25.669118024712677,2
1533,1534,-0.000865129469021371,1,25.35967783393996,25.36309810715487,1
1536,1540,0.006726691329862597,4,25.27464057873974,25.46992992496488,4
1541,1545,0.002148670176276703,4,25.62396299529076,25.70464440337205,4
1546,1548,-0.0026798514116320566,2,25.778702173805502,25.735397784568793,2
1550,1554,0.0016746584431330466,4,25.77404218828501,25.842978947837572,4
1557,1561,-0.003927281745651327,4,25.802914772293303,25.72738237089577,4
1564,1566,0.0032578823567602656,2,25.876677065674624,25.986856912404143,2
1568,1576,0.010656537949240048,8,26.138084312490435,26.442763884199415,8
1579,1581,-0.013465122587136075,2,26.338356768003916,26.01004592214702,2
1585,1588,0.0041304926514214154,3,25.960120650732375,26.09330885896097,3
1589,1591,0.0030392892350093,2,26.213412351052806,26.319295905375274,2
1593,1594,-0.005218121485744905,1,26.478147011828398,26.366458971015092,1
1595,1596,-0.0048230845941565105,1,26.371431445524415,26.270611232239176,1
1601,1608,-0.011256245753023114,7,26.07764614328319,25.8101873957773,7
1610,1611,-0.006542681204761766,1,25.475073358901668,25.333873148605356,1
1612,1613,-0.003782360631284691,1,25.370615031225594,25.300024830771232,1
1614,1615,0.00030684375272327586,1,25.344637015052747,25.377758495600908,1
1616,1619,0.0061310937901089746,3,25.396200437439678,25.577303124671467,3
1620,1621,-0.004280768081917349,1,25.618932987166943,25.534883209529866,1
1623,1629,-0.018907471053696837,6,25.550132590901182,25.092594331111503,6
1630,1631,-0.0055088284116344725,1,24.964375793577666,24.851815706720863,1
1632,1634,-0.02386212935806203,2,24.72696285446988,24.161651831058993,2
1636,1639,-0.012200210694298975,3,23.82712136323665,23.560252583729767,3
1641,1642,-0.00834217964408656,1,23.308601105985115,23.137465169412618,1
1644,1657,0.0972404742799163,13,22.685392684785395,24.914016421364856,13
1659,1660,0.019785691793595035,1,25.46742168223059,25.996779660094955,1
1661,1663,0.018059002739725986,2,26.638019395323703,27.14571347996005,2
1665,1672,-0.015241317690333097,7,27.493853600274583,27.102304896621565,7
1677,1679,-0.023374479848281997,2,26.22601381115345,25.639220393635032,2
1682,1684,0.005899414433997592,2,26.25600956323035,26.43716065459008,2
1685,1693,0.037298058078739274,8,26.518729803481452,27.53434565766958,8
1696,1698,-0.0017938942645934802,2,27.982080317008027,27.95986550393296,2
1703,1710,0.08907986013160638,7,27.61907646828262,30.10699901350966,7
1714,1716,0.0024806877233626875,2,30.66764726354001,30.774391766874633,2
1719,1721,0.02710830920905344,2,30.4953962913391,31.352570319748683,2
1733,1734,-0.006183998991751672,1,31.264524114929753,31.10244885344036,1
1737,1739,0.000442234811797611,2,31.09674003710201,31.141588838116938,2
1740,1744,0.000858873873824593,4,31.0742319259893,31.131995003865686,4
1747,1749,-0.0056086584212649525,2,30.45063705965337,30.310300474735516,2
1750,1752,0.005650313461276258,2,30.220418886159244,30.421394144683276,2
1753,1757,-0.00186664162251814,4,30.464316636939664,30.43791499214052,4
1758,1761,0.024711559982301325,3,30.48142046865378,31.26514533937932,3
1762,1764,-0.014477668649961018,2,31.499299049330624,31.074761934037713,2
1768,1777,0.1035662501375657,9,30.338576407826864,33.51096757730534,9
1779,1785,-0.03141417955142624,6,33.65286964304641,32.62934522330205,6
1786,1789,-0.004312901882408094,3,31.934917067633158,31.82911982076525,3
1790,1792,0.017919455751446434,2,31.16292681593733,31.75251243091702,2
1793,1798,0.0706645007823356,5,32.455699661914544,34.78162117572707,5
1803,1805,-0.008441331693787552,2,35.137489507970294,34.87601979365451,2
1808,1811,-0.02678511422356808,3,34.220726791808005,33.33834144266772,3
1812,1813,-0.005985133470195849,1,33.26588644155344,33.10005155763792,1
1815,1816,-0.008683425625027,1,33.54470236005816,33.286964134360986,1
1818,1819,-0.012289728773845165,1,32.85280310267829,32.48190386618851,1
1824,1825,-0.011521633335838145,1,30.94588184167229,30.62028061968004,1
1828,1829,0.00530220252937881,1,30.4909897455242,30.683150138221706,1
1833,1838,-0.02142187724051176,5,31.500330832030315,30.857034942743084,5
1839,1841,-0.019020534428988725,2,30.469164407614453,29.92009378138452,2
1842,1845,-0.0026624423328948646,3,29.993834558865196,29.943971538568693,3
1853,1857,0.022343078863182337,4,30.272533332056856,30.979187465015375,4
1858,1861,0.0023126635969694317,3,30.793764079504243,30.89577346078408,3
1864,1867,-0.011115114452332004,3,30.775777600892365,30.464477088099823,3
1868,1869,0.0018067543395610887,1,30.342967605639892,30.428132861642183,1
1870,1872,-0.015307674895798675,2,30.341489636593845,29.907373467019216,2
1877,1890,0.05195007601733478,13,29.69555216155461,31.267933905885656,13
1894,1897,-0.005238117582603482,3,31.98806414779774,31.85249497069951,3
1899,1900,-0.0021737941808061536,1,31.71728383440146,31.680054271205663,1
1905,1906,-0.0025667447792563514,1,31.89403220212323,31.84406239368112,1
1907,1915,-0.02077122969494536,8,32.0293100127521,31.396051167519364,8
1916,1918,-0.0030158353558849956,2,31.49062663810501,31.427146719548944,2
1920,1923,0.03864759687848364,3,31.950509044351346,33.217269947004134,3
1927,1931,-0.00238218313354429,4,32.6048454016753,32.559779534289284,4
1933,1936,-0.010027204804669346,3,32.56926744233168,32.2752579947917,3
1943,1948,-0.007472804337737337,5,31.5325991490154,31.32849480446352,5
1950,1955,-0.016886163320278452,5,31.10929661238995,30.61508924562654,5
1956,1957,0.0028766699414434255,1,30.671551520705258,30.79045500254301,1
1959,1962,0.030951837096379643,3,31.348204085933244,32.349836796151045,3
1963,1965,0.00472560339412333,2,33.01293724042325,33.201956225936996,2
1966,1972,0.019351658832061937,6,33.48472297085361,34.16619262884253,6
1973,1974,-0.0044185372580855635,1,34.209819208397676,34.0928716668414,1
1979,1983,-0.016425905420056352,4,33.857777023732396,33.33549015763094,4
1985,1989,0.010446186549929227,4,33.092277707844204,33.47105809185025,4
1991,1993,0.00040387858049072394,2,33.35599380758183,33.40282157281928,2
1994,1996,0.004903985092902412,2,33.64181835870819,33.84043915279614,2
1999,2000,-0.0009347549358845692,1,33.186188813477756,33.18835404849464,1
673,677,-0.007322927543309205,4,27.005229806384488,26.834477695028305,4
682,689,0.0010163274792312272,7,26.256957005898876,26.309899629830863,7
692,695,0.0068054050207595,3,26.612329724418935,26.82004973646402,3
696,702,-0.0006538341901391788,6,27.013270726620426,27.022621797358497,6
705,710,4.876486392706701e-05,5,27.580306734602036,27.609231991241618,5
711,721,-0.025356249635825542,10,27.41617949822039,26.748424186301133,10
723,724,-0.01050596236961638,1,26.84968608924076,26.594453983640424,1
729,732,-0.009487155996752553,3,26.1606382674316,25.938608849481295,3
737,740,-0.011573476044306304,3,26.639670070745996,26.35799615742474,3
741,744,-0.00015489461501593546,3,26.203846244076374,26.225991255644537,3
745,746,0.0018307551385373633,1,26.32460677552644,26.399125291426238,1
747,753,-0.008338360567306512,6,26.414182409745596,26.220345615132278,6
754,755,-0.000264282757650334,1,26.210022073439884,26.22930523860168,1
756,758,-0.0013138390225479598,2,26.377311896695755,26.369033666912653,2
760,761,0.003466885440238713,1,26.54754916970771,26.6661340305679,1
764,767,-0.00016380960388228663,3,26.921520895931742,26.944032413153803,3
768,774,0.00900237302938562,6,26.96702613552814,27.236760390428884,6
786,787,-0.00187194042674171,1,28.21127036470702,28.18667181758629,1
791,795,-0.008928853911544122,4,27.871748437748803,27.650757416126584,4
800,808,0.01344620337738459,8,28.126355747675866,28.532674803071462,8
811,813,-0.0029652595880949803,2,28.590003658709158,28.53381687989521,2
814,817,-0.006102364272753204,3,28.610549010795612,28.464567567699074,3
831,835,0.00044181834604449174,4,28.090537626746723,28.13103907924722,4
838,839,-0.003846889485593414,1,28.64010935397613,28.55857412779005,1
846,847,-0.0019268870305732076,1,28.596954676197164,28.570448529793907,1
848,849,-0.009712104642564352,1,28.630845026989565,28.38141010910939,1
861,862,-0.0021854247804919784,1,27.786391260531,27.753452583770322,1
864,865,-0.004706240577872055,1,27.9466235667458,27.84304665646821,1
866,868,-0.003436229919165116,2,27.705140316059538,27.637644224306886,2
869,874,0.008460679633926476,5,27.615321936990966,27.87658165082458,5
878,887,-0.011282754035686907,9,27.514734421941167,27.231807175523098,9
888,890,-0.007452509959241347,2,27.299783827413485,27.123631700381964,2
892,893,-0.0035555432195562464,1,27.065644507327978,26.996477083024356,1
896,897,-0.0005011531276517671,1,27.325398332105618,27.339029521599258,1
900,902,-5.2949908708468875e-05,2,27.379234688034824,27.40516419474562,2
909,915,-0.008811891335951531,6,27.785281306311603,27.56822570800785,6
920,923,-0.006042572518126586,3,27.296523087719592,27.15887839055705,3
929,932,-0.0018106778978059903,3,27.22107622038265,27.199008695536293,3
933,936,-0.005553503508823086,3,27.384444181453446,27.259749018786028,3
939,940,-0.004140039818919675,1,27.12660601180542,27.041427388776206,1
942,944,-0.011864559358282747,2,26.953496629191534,26.66065876515041,2
947,949,0.00872732200573001,2,26.349045633582488,26.60535128500402,2
950,953,-0.004365616455564393,3,26.71765439726613,26.62773301997261,3
955,957,0.0029284675055265587,2,26.66937184321467,26.774141603893543,2
961,963,-0.005242352199639392,2,26.731589725286216,26.61818490681529,2
968,971,-0.008149968205441959,3,26.446817735702,26.25772382975661,3
972,973,-0.0033176061733428595,1,26.252733449647668,26.19188995253764,1
975,978,-0.0035516679151063814,3,26.228862398937,26.161935052303892,3
979,980,-0.0023841894038655565,1,26.139222031307565,26.10304039714654,1
982,988,-0.0013000488731783793,6,26.054120686967245,26.046303177413467,6
990,993,0.0018522730196910081,3,26.238476372011146,26.313315670244833,3
994,995,-0.003640229454392492,1,26.388529212858742,26.318857440772856,1
996,1000,-0.004877635464805538,4,26.261482743625137,26.159650286780078,4
1001,1003,-0.009012868590938455,2,26.13660934764342,25.92718013152806,2
1005,1007,0.0009334066915106267,2,26.039631512619472,26.08997671043044,2
1009,1010,0.002511989734850055,1,26.059555457522265,26.15107634878384,1
1011,1013,0.0029772982562489645,2,26.3323796899532,26.437111417776936,2
1024,1026,-0.006511083581455298,2,27.774792920821007,27.62172371557675,2
1028,1032,0.012656674958494894,4,27.566790539557147,27.94326123760479,4
1037,1043,0.0057460804973038255,6,28.269317438813133,28.4600245298592,6
1051,1052,-0.0028575654363798865,1,27.854865112315046,27.803122877647386,1
1053,1054,-0.0008667073344831298,1,27.839473917508656,27.843184715193708,1
1056,1072,0.023673643475807252,16,28.099661224141546,28.79298224697698,16
1074,1076,-0.003174854659536117,2,28.66467653813356,28.602335032800504,2
1079,1093,-0.03239302011693488,14,29.09204811236557,28.17876086073124,14
1094,1095,-0.005445625813710639,1,28.11774133850951,27.992740381791794,1
1096,1098,-0.01257827101719183,2,28.01218384332266,27.687851187001268,2
1100,1101,-0.002806272298258495,1,27.87254553904094,27.82220013215182,1
1103,1104,-0.0004937639460879235,1,27.98088753890892,27.995052473001575,1
1106,1107,-0.0028106335546137506,1,28.011001412996638,27.960283753939933,1
1108,1111,-0.002819159692527966,3,28.200562113227797,28.14926078732478,3
1112,1114,-0.014465971291686228,2,28.030171851155437,27.652718361706746,2
1115,1120,-0.006507483744280615,5,27.308057762773025,27.157659078556676,5
1121,1123,0.003751147416529847,2,27.320346746927658,27.450149741793023,2
1125,1127,-0.0028886504569616235,2,27.587826599485027,27.53572283817133,2
1129,1145,0.01936982468638674,16,27.669551566997683,28.233175481568363,16
1149,1151,0.004030455390692978,2,28.449834705340532,28.592950329698336,2
1153,1156,-0.004446164229161718,3,28.70089467381689,28.601986677247044,3
1159,1162,-0.007150307937550396,3,28.372647080496673,28.19814656394818,3
1163,1167,-0.011841279132676602,4,28.158958344768173,27.85367921726713,4
1168,1170,-0.004361667404227472,2,27.84326821384438,27.749668406662735,2
1171,1181,-0.03985716170172886,10,27.77172233299182,26.692592027563244,10
1183,1184,-0.003960614514997272,1,26.771656021534884,26.692395468127014,1
1185,1191,0.009456287368721436,6,26.713227505310996,26.992548688652562,6
1192,1194,-0.0009628868830186424,2,27.12067422217383,27.12168075492885,2
1196,1197,-0.00580627934048867,1,26.971302449801872,26.841670836051318,1
1199,1202,0.003713074903137213,3,26.824131051059815,26.95055518991503,3
1203,1207,-0.00013776592725784004,4,26.958609911276604,26.98185454329587,4
1210,1212,0.006241268416833115,2,27.426574958384037,27.62517814941209,2
1213,1215,-0.009470661374141879,2,27.719530693712272,27.484727935755703,2
1218,1221,0.011348734333694342,3,27.59869312485668,27.939502054212692,3
1224,1234,-0.012932854161388122,10,28.03956056459973,27.70496857763295,10
1239,1245,0.0023401033317550055,6,27.474432044087138,27.56619948609567,6
1247,1252,-0.025377906777880734,5,27.327358447705198,26.66117465098131,5
1254,1256,-0.006820918612267458,2,26.6394967726573,26.4844304300719,2
1257,1260,0.0010209782327557657,3,26.370163921695358,26.423457448975306,3
1264,1265,-0.0018246470102307685,1,26.914492453279234,26.89229749754576,1
1266,1268,0.0038255464204708526,2,26.897995548152405,27.027793074287633,2
1270,1271,-0.009292515721838958,1,27.169831866379827,26.94452560846815,1
1274,1283,-0.020483921338347283,9,26.7121700939777,26.191712273090086,9
1284,1286,-0.006505746269848925,2,26.13883201711107,25.994918240234654,2
1289,1297,-0.0061479613278296865,8,26.169554354660466,26.034834500876137,8
1298,1300,-0.007354173618271268,2,26.096380297915115,25.93055936669373,2
1302,1304,-0.024320207115247804,2,25.745944070826432,25.145543322717174,2
1306,1310,0.01836022110730623,4,25.18576327644558,25.67336522223384,4
1322,1323,-0.00411234292732365,1,25.603740844132506,25.524053222403243,1
1325,1329,-0.0007690200498697829,4,25.310680008414742,25.316526268020848,4
1330,1331,0.004902425716147469,1,25.479112830080158,25.629501400873046,1
1332,1336,0.009772447219248342,4,25.844924078276804,26.123337158795522,4
1338,1339,-0.0035989374113514247,1,26.27210746539401,26.203827902427154,1
1340,1346,0.0008093598497925967,6,26.249174848320393,26.29666905138113,6
1349,1355,-0.02854086041575758,6,26.3121186691421,25.58746028163241,6
1358,1360,-0.0009337197037993203,2,25.7937270669322,25.795436682802315,2
1363,1366,-0.001799276448766094,3,25.839811319054103,25.819158166426224,3
1368,1371,0.0062530196316599685,3,26.032554339414503,26.22136896710053,3
1373,1374,0.0028753386450601002,1,26.576137105526072,26.679128636687533,1
1377,1380,-0.006230106181765457,3,26.66795631760594,26.52848007441418,3
1381,1385,-0.00586112732474586,4,26.65007331455191,26.520523914956062,4
1392,1395,0.015172098572720394,3,26.82516603235227,27.258985261657063,3
1396,1399,0.002446252384493784,3,27.24519821904523,27.33909204837362,3
1403,1407,-0.010255582220033175,4,27.530067765716044,27.275260959987374,4
1410,1411,-0.005017825501663596,1,27.232200200426405,27.122785971994723,1
1412,1421,-0.005169851187246296,9,27.067519289055845,26.954651761612563,9
1425,1432,0.020429743650979437,7,27.408404819455136,27.99575990861833,7
1434,1437,-0.004990374217889626,3,27.96120114592304,27.849625489769124,3
1439,1440,0.003211296427728139,1,27.844897563690704,27.96216068133113,1
1441,1442,0.00015883783817188,1,28.00858678892551,28.041044199090237,1
1451,1453,0.006557464174238582,2,27.538610544503193,27.746732607101585,2
1456,1458,-0.014290429761711233,2,27.943564507667293,27.572182526286294,2
1459,1461,-0.0041744614315179914,2,27.457292620190337,27.37013050375364,2
1462,1466,-0.01158417846742437,4,27.265666932205974,26.977082247362155,4
1469,1474,-0.0026929628500667194,5,26.99117954679873,26.94548448254652,5
1476,1478,-0.01048104575984386,2,26.549731106733404,26.298011891198914,2
1479,1481,-0.0012150466647466232,2,26.36257039149945,26.35690120866261,2
1499,1501,-0.0002093355810399946,2,25.615008850707618,25.635261726797218,2
1502,1504,-0.004399143596421216,2,25.751994226218404,25.664459499949277,2
1506,1508,0.002613238112206898,2,25.60013318021831,25.692632557102648,2
1515,1516,-0.004707053724188523,1,25.864919413169414,25.769036767332988,1
1519,1520,-0.002737126398305095,1,25.753294966500555,25.70855823797091,1
1525,1527,-0.007384964579632242,2,25.908639749712908,25.74321400260454,2
1529,1531,-0.010937561222058759,2,25.61924481271958,25.364651998930267,2
1536,1537,-0.0023692609247897723,1,25.27589553562325,25.241286239527252,1
1538,1539,0.0021856194199705954,1,25.290345947519675,25.37091136470787,1
1540,1541,0.00326011188550546,1,25.468028292598763,25.576524942628453,1
1542,1544,-1.8966833567339754e-06,2,25.70260809970826,25.72826195809896,2
1545,1548,-0.0036773504015348156,3,25.78527318164035,25.7162369701338,3
1550,1553,0.006617481511330549,3,25.73075374222732,25.926757283131337,3
1554,1558,-0.00981149351339472,4,25.952801931754188,25.724118985878118,4
1561,1563,0.0008810062505726713,2,25.75240625317213,25.800846690301633,2
1566,1569,0.004555679269314466,3,26.029828380917955,26.174441758837634,3
1570,1572,0.0019453855990745898,2,26.284718856321394,26.362137488716527,2
1576,1577,-0.0015924027108506478,1,26.48889952188604,26.473207426001824,1
1578,1580,-0.011041964198283995,2,26.45379224158646,26.188144206987605,2
1585,1593,0.019083499429309474,8,25.926739780819542,26.447439444411486,8
1595,1602,-0.00879766780976782,7,26.36817608713782,26.162565809260855,7
1604,1607,-0.015469761064560647,3,26.23180319455651,25.852235270038697,3
1610,1613,-0.009787543074641976,3,25.463100366182747,25.239342274900984,3
1616,1620,0.0048468572355806734,4,25.382534460876887,25.53094251614684,4
1622,1625,-0.011892863469602114,3,25.62090023437439,25.341815266153052,3
1626,1627,-0.0025595872234515952,1,25.288508303079375,25.249068668629743,1
1628,1630,-0.009001676889592934,2,25.17150447001869,24.970090224424656,2
1635,1637,-0.009657027447363159,2,23.962230397397,23.754788711146695,2
1638,1640,-0.014440858024008994,2,23.761996727282686,23.442615102904313,2
1642,1646,-0.05140601261524531,4,23.114360716078274,21.9492579582303,4
1649,1654,0.030265899578234667,5,23.524005134310467,24.259504316517695,5
1655,1660,0.06500717918224039,5,24.43078633160932,26.043393622562885,5
1661,1673,0.007925565074279432,12,26.617525588364966,26.855102045120216,12
1674,1679,-0.04250095621802926,5,26.762934241297746,25.652246879083652,5
1680,1684,0.019421261231413346,4,25.907211539058988,26.436269473675598,4
1685,1687,-0.0022024565281664526,2,26.55868377135292,26.52674810867255,2
1688,1689,0.0049929566171495725,1,26.550535648246957,26.709651856548984,1
1690,1692,0.008371128387746212,2,27.037035251407673,27.290402779972634,2
1695,1696,-0.002720842816032692,1,27.9881344704546,27.93997129031696,1
1697,1698,-0.0061567020374090585,1,28.075832003140984,27.931053303048433,1
1700,1706,0.03672773275743036,6,27.839963122986088,28.890301811666824,6
1709,1713,0.015533597590956974,4,30.124194852074037,30.622256167509807,4
1714,1718,-0.015018789251342504,4,30.66105143774403,30.231220619413726,4
1720,1724,0.045440272721931574,4,30.831097418825593,32.262901991272294,4
1725,1726,-0.0011139345487843361,1,32.438838299018414,32.43514239461373,1
1729,1730,-0.001253395971700912,1,31.892041214466097,31.883959899693032,1
1737,1738,0.0033910031846062167,1,31.090974955137423,31.227495525177943,1
1743,1744,-0.007445548592517856,1,31.355731984661062,31.153627090499963,1
1745,1746,-0.01384020292937806,1,30.832445381260648,30.436550525756296,1
1750,1753,0.006710527303682959,3,30.237811323123747,30.470960792934306,3
1754,1758,0.0013669522311268206,4,30.437163345934156,30.509206657624986,4
1761,1764,-0.006711352167786298,3,31.313496265515223,31.134653860738204,3
1766,1772,0.08625318559711738,6,30.731444776969294,33.41286123176176,6
1773,1776,-0.011572819966910019,3,33.83563349416082,33.477895432760704,3
1781,1783,0.012065993870303826,2,33.479597079779474,33.917041290004114,2
1784,1787,-0.04326033447948833,3,33.355772478397235,31.946146376638456,3
1788,1789,-0.010052937120492517,1,32.1018643139349,31.81124815485026,1
1792,1795,0.03009426864153314,3,31.697783117913975,32.683402501523446,3
1797,1800,0.027441355802553875,3,34.061870702783814,35.030636486742274,3
1802,1811,-0.04498656871586118,9,34.97521583334819,33.43677609874254,9
1812,1816,0.0009805898142516188,4,33.27680748854067,33.342715194503285,4
1817,1819,-0.01847406285848773,2,33.01273339345083,32.43586681500317,2
1822,1824,-0.024110897656932674,2,31.634440393445093,30.903340079077847,2
1827,1833,0.050894065429194356,6,29.97047350029764,31.52576321306602,6
1835,1839,-0.04515910893566747,4,31.82684821118813,30.42140295395132,4
1842,1846,0.006380449195823485,4,29.982207747100727,30.20348990815683,4
1848,1852,0.004173577731280388,4,30.175492222294267,30.331607476885953,4
1854,1855,0.01369991969528321,1,30.473447407491065,30.92140463721962,1
1856,1858,-0.01259795300249927,2,31.105554632622866,30.744793871877032,2
1861,1862,-0.005973618471943961,1,30.908642199714123,30.754914405926918,1
1863,1871,-0.020473568921374245,8,30.75981068364963,30.160807390293154,8
1876,1878,0.004981147719336877,2,29.57590202710584,29.752799866062595,2
1879,1881,0.013582078762312953,2,29.85293584851503,30.288253710344353,2
1882,1886,-0.006137134617111129,4,30.507806704670173,30.351083994755477,4
1889,1891,0.002002331290323026,2,31.20083868030036,31.294513934554548,2
1892,1894,0.008845902021990752,2,31.65866022574743,31.970368292477634,2
1896,1897,-0.00482783498080528,1,32.013256587213455,31.890715123799424,1
1899,1904,0.0025082910288913643,5,31.686808099236973,31.79797464382573,5
1906,1910,-0.006895123718235661,4,31.815659377070354,31.62810212886528,4
1911,1914,-0.01109900282930806,3,31.53282192203797,31.214371864231243,3
1916,1918,-0.005666150636314074,2,31.549587751493377,31.4023726225313,2
1919,1926,0.026784801644558362,7,31.609957798010967,32.48823420542156,7
1930,1934,-0.009813212157212838,4,32.64712527955798,32.35939923814613,4
1944,1955,-0.029407909162208486,11,31.554789381055024,30.65838379068539,11
1958,1959,0.011982992923558259,1,30.956264181047576,31.358169139849917,1
1960,1961,0.0054645519800555755,1,31.747645677783414,31.95287998351183,1
1962,1964,0.024601221979616963,2,32.37800183863711,33.206918250964506,2
1966,1970,0.01981403082011094,4,33.52115897483087,34.21886941085884,4
1975,1977,-0.00759001933612961,2,33.982002982319074,33.75806092558518,2
1979,1983,-0.015457444594923184,4,33.857125390719304,33.36763787623961,4
1986,1988,0.00660506733236142,2,33.22255034451232,33.475210076835104,2
1997,1998,-0.003939265182275091,1,33.8495678560607,33.750074999826325,1
1999,2000,-0.003739779068233434,1,33.3054614581495,33.21421185198861,1
677,679,-0.007874662410564526,2,26.828637551616094,26.64419972551334,2
685,686,-0.00568311380204551,1,26.19512881140211,26.072454042119073,1
690,692,0.008161904518144449,2,26.353910306038912,26.595362315942584,2
696,700,-0.0002331207893949966,4,26.93901533864002,26.95967430945739,4
701,704,0.013573016757253212,3,26.93741718717681,27.329976619242657,3
705,713,-0.009200292552710293,8,27.55465221742339,27.32869600805233,8
714,715,-0.009107746746288156,1,27.439356120349206,27.216884770044203,1
716,723,-0.010953711882459662,7,27.09548268152167,26.825782053593628,7
726,730,-0.01325769640308382,4,26.396456234512847,26.0728964878729,4
735,739,0.006642655294406598,4,26.283269395715205,26.484143363716683,4
741,746,0.004156373320037814,5,26.243701660227998,26.37902398328783,5
751,754,-0.004495866790888882,3,26.343578184162773,26.251484544035574,3
758,759,0.001034332518157491,1,26.363249598662847,26.41688121460571,1
761,762,0.003247222987501774,1,26.68138358901314,26.79470537473075,1
763,765,0.0015745897590544954,2,26.861546615589642,26.930704078418504,2
766,768,-0.001275342590162476,2,26.965107813970427,26.957683171340918,2
770,773,0.0048943593399925185,3,27.05069816248742,27.210144697854798,3
777,778,0.004642712878181655,1,27.2667316802216,27.42059001821951,1
780,782,-0.00025206525078363875,2,27.728649562350363,27.749388782906887,2
785,790,-0.006432783098136785,5,28.064705889816796,27.91223643000442,5
791,792,0.00026917146977955284,1,27.820854592846217,27.856164027760343,1
795,798,0.0097920696883644,3,27.64599717860126,27.94435470675705,3
799,809,0.014271288695481128,10,28.12656454066667,28.556093427779274,10
810,813,-0.003037881143411421,3,28.653384449497356,28.594992257632807,3
814,819,-0.0034634328573555835,5,28.528185090173615,28.45790782166176,5
823,824,0.0039442124394335485,1,28.53367485864091,28.674751408819755,1
830,832,-0.011473656234967256,2,28.206901217554368,27.911471830748024,2
834,835,0.005292774749645091,1,28.065751163776202,28.242362614029435,1
836,839,0.00973455098847549,3,28.322950704417124,28.626984862897768,3
840,843,-0.004336067083616217,3,28.765203645131088,28.66924099609705,3
845,847,-0.0020556376068909237,2,28.650367520313495,28.620123114907805,2
850,854,-0.009424302748730708,4,28.31268410162622,28.074169479124947,4
857,863,-0.012373951796764527,6,28.0707780359822,27.751502359703263,6
865,869,-0.007109405068714498,4,27.827955254329893,27.65794300344713,4
874,876,-0.008289775589697214,2,27.881652430045463,27.678401440760496,2
878,879,-0.005383626880467797,1,27.536220499081953,27.41551198271569,1
880,881,-0.005837116637226707,1,27.302542635312687,27.170477052092824,1
882,887,-0.002600765425675786,5,27.241368146804835,27.197761106527324,5
891,892,-0.0028611155032557366,1,27.102848579061767,27.052407047388883,1
893,894,-0.005142190380089642,1,27.083040106381965,26.970856998189728,1
896,897,0.002374664230455646,1,27.297675843111843,27.389796333354166,1
900,903,0.0033127294312487055,3,27.348759262068047,27.466707061045703,3
907,908,0.0005157397333254317,1,27.64864275704401,27.69055090344338,1
909,911,0.0012498835965437261,2,27.78705889754174,27.849576545551514,2
912,920,-0.025932471950168803,8,27.94686913295399,27.250084602201575,8
924,930,0.003693156871767779,6,27.109794377144993,27.237024894918303,6
931,932,-0.0015808860394296927,1,27.296096890433866,27.280240968819292,1
939,944,-0.019717965841671087,5,27.14881827772522,26.640647624561023,5
948,954,0.005558878101617193,6,26.449159309690852,26.622636121493368,6
963,965,-0.009709157482111229,2,26.66773110038163,26.43547763053781,2
968,970,-0.0052097632547151804,2,26.498655781395527,26.387102713987662,2
972,974,-0.0016205747015085883,2,26.207605611384498,26.191341834354958,2
977,978,-0.0036754224444882555,1,26.176008073096895,26.105976193591026,1
979,980,-0.0017873772145073105,1,26.163184237559527,26.142583942431916,1
992,995,-0.0022346005092725198,3,26.374231644364354,26.34167000454455,3
996,997,-0.0009422764637755143,1,26.265559377960244,26.267075518928454,1
1006,1012,0.009159949938154707,6,26.072854321774336,26.337753216428364,6
1017,1021,0.019337147492142614,4,26.883346235164534,27.430076812631413,4
1027,1030,0.005355399528511486,3,27.561633623119675,27.736798816453057,3
1032,1040,0.0170064456810086,8,27.89457614242288,28.396858312526177,8
1041,1043,0.00013575349966339807,2,28.397844822716817,28.430097774357115,2
1044,1046,-0.0062355510801050725,2,28.48318815907548,28.334062972544395,2
1047,1048,-0.006141637161014251,1,28.198941872078706,28.053953144647945,1
1051,1052,-0.0015926275916128855,1,27.832363354179993,27.81586912771651,1
1053,1057,0.013002834780873062,4,27.807932922950034,28.197322813267704,4
1058,1059,0.0015947006844140056,1,28.33043662076117,28.403945624050806,1
1067,1071,-0.014600624176229437,4,29.35591951118623,28.956660682566945,4
1076,1080,0.0146826622167695,4,28.72251213931112,29.172957595209,4
1084,1091,-0.012069725995283786,7,28.786727062282672,28.468065881402183,7
1094,1096,-0.005622361189047573,2,28.098285604221477,27.96840517936575,2
1098,1102,0.006437699707198488,4,27.680851578806134,27.886733440488825,4
1104,1107,0.0018803152893837384,3,27.948819802229735,28.02932121522633,3
1108,1109,-1.5452519098490972e-05,1,28.186515937201026,28.214266900462388,1
1118,1120,-0.002386496471292447,2,27.20707034940062,27.16934784236697,2
1127,1130,0.0017137498467313583,3,27.57297214953164,27.64779829847636,3
1131,1134,-0.0036002705860795838,3,27.650211331859104,27.578313300633987,3
1136,1138,0.005653528110571099,2,27.631681085185743,27.815529252028362,2
1140,1145,0.008898663709190194,5,27.905269892992223,28.181494775377143,5
1146,1148,0.006247680850925089,2,28.2161740296852,28.420675853886518,2
1161,1162,-0.004699490769765345,1,28.329178225286075,28.22437469192659,1
1163,1164,-0.007320185230107189,1,28.177772973375543,27.9996842288119,1
1171,1172,-0.004006531604138521,1,27.78590722761375,27.70236801938427,1
1175,1178,-0.012762848607906649,3,27.276927893478835,26.956073520179057,3
1180,1181,-0.006056086510498893,1,26.876470943880424,26.740581181691255,1
1184,1185,-0.0027392618801729707,1,26.728260592709344,26.681773147937115,1
1192,1194,-0.0028886379029232087,2,27.113580008510198,27.062372273622184,2
1195,1196,-0.006855625859490699,1,27.085069320650366,26.926469288330267,1
1197,1199,-0.003589301072362631,2,26.91137736726248,26.841695708986673,2
1203,1210,0.0159472519950743,7,26.940393046029342,27.39695867582675,7
1211,1212,0.0017743142936190869,1,27.562273487405005,27.63873989670575,1
1213,1214,-0.006156409925163205,1,27.67110426330488,27.52842070664135,1
1216,1219,0.009509971169432377,3,27.46126053876088,27.749877595299527,3
1224,1225,-0.006553050119769939,1,28.033950503079854,27.878276570881102,1
1226,1227,-0.009250679080333096,1,27.791325715038045,27.562028405346258,1
1231,1232,-0.00020655601361568127,1,27.715659011008576,27.73764983397954,1
1235,1236,-0.004185332092873953,1,27.736138229779332,27.647789418543628,1
1241,1243,0.0015478537697449129,2,27.50987584471818,27.57996698559436,2
1244,1245,-0.002544232758998294,1,27.60934330885943,27.56670805646746,1
1252,1256,-0.01121766165416263,4,26.71821456881972,26.445216892352203,4
1258,1260,0.0006474083624998504,2,26.408944460141253,26.452450776089684,2
1264,1265,-0.000502637412577782,1,26.878587465633434,26.891955869441595,1
1273,1275,-0.011792322746517245,2,26.892793348710253,26.60255764333558,2
1282,1285,-0.021043282433281296,3,26.45935328335738,25.92902099249708,3
1289,1290,-0.001262501387440898,1,26.149689225625465,26.14282489592259,1
1292,1295,-0.0041887215486988046,3,26.102978972123207,26.019743840589566,3
1296,1297,0.002177128602785056,1,25.9271720912035,26.00954605124379,1
1299,1301,-0.008436892534611608,2,26.003332514690637,25.80994852523711,2
1304,1307,0.00990125274362708,3,25.126500998046428,25.40041133598913,3
1314,1316,0.007385605598290428,2,26.263445809040924,26.483680707247615,2
1318,1320,-0.013044044362555504,2,25.983834852816287,25.67088439313965,2
1322,1323,-0.003629134377633866,1,25.589295894238244,25.522018196703257,1
1326,1327,0.0009830591759652924,1,25.338016267895032,25.38826305355584,1
1328,1330,0.006908820054665797,2,25.310789849074983,25.510968331432778,2
1332,1334,0.0011977272628182038,2,25.853850145820694,25.91066985713498,2
1336,1338,0.0035207124989652828,2,26.09048593523807,26.20843352110958,2
1341,1342,0.0010037439056286967,1,26.366209498178957,26.419040629775463,1
1344,1348,-0.005366224671360238,4,26.46835801356571,26.352791215796483,4
1350,1352,-0.012917057136765792,2,26.302144024340784,25.98869987118327,2
1357,1366,0.00427857631947511,9,25.727289020150277,25.863092478736334,9
1368,1371,0.004399691176686781,3,26.047125098527744,26.18777153010032,3
1372,1376,0.012405999872799507,4,26.35538811379332,26.708708443494416,4
1379,1381,0.0006909327494705893,2,26.526800287422013,26.57165532276668,2
1384,1390,-0.0047790364369281225,6,26.67491775407529,26.57411226793058,6
1391,1393,0.011289142820860402,2,26.62765665246269,26.954887728049638,2
1395,1397,-0.0028359506598737714,2,27.28028234923971,27.23019709685908,2
1400,1401,0.00020139408220798492,1,27.32134308947256,27.354166789378226,1
1403,1406,-0.003415648876450094,3,27.490036476668465,27.42363020094003,3
1407,1411,-0.008665320808142888,4,27.338902820524027,27.129341359862067,4
1422,1426,0.020379367440205933,4,27.022425632326485,27.60014799904563,4
1428,1429,-0.001956726436136043,1,27.88730906964044,27.86062854382082,1
1430,1431,0.0036357336325438016,1,27.80741878596108,27.93632657246139,1
1432,1433,-0.004680765366159156,1,28.04972804391431,27.946483576400087,1
1434,1435,-0.000599970422166888,1,27.87097622611223,27.88212544096576,1
1438,1440,0.002263948228007227,2,27.874158181760794,27.965137990965346,2
1441,1442,0.0019605655631310653,1,27.98998885084267,28.0728550479469,1
1446,1450,-0.008973731715787824,4,27.79797988241055,27.576326248587343,4
1452,1455,0.007421378867965743,3,27.661274624865346,27.894220698452184,3
1456,1459,-0.01977882992824335,3,27.94578066811205,27.420991605733583,3
1464,1465,-0.00447705978889071,1,27.05468903088324,26.960618259553012,1
1472,1476,-0.017639703574016306,4,27.05898527227981,26.6087317783354,4
1478,1481,0.0021834839447421274,3,26.297405174759685,26.38112254192191,3
1485,1487,0.005074044915008056,2,25.902935550074528,26.06027114403624,2
1489,1490,-0.005459165132769326,1,26.099148872141217,25.98276845749561,1
1491,1492,-0.005953595653944883,1,25.93361105018459,25.8051464271953,1
1496,1497,0.002542010237979562,1,25.406397303991696,25.49638702335261,1
1499,1501,-0.001799298080257507,2,25.630550924247785,25.610064474098092,2
1502,1508,-0.0029514146597817825,6,25.74082259230829,25.69059157374682,6
1515,1517,-0.008691203909465003,2,25.841195576435194,25.642445671992466,2
1518,1525,0.004963802713800244,7,25.735795790946728,25.889278999726585,7
1526,1528,-0.008344657528899718,2,25.841843858335963,25.652044365281185,2
1529,1537,-0.013900861333399569,8,25.58063023375026,25.25061807028368,8
1538,1539,0.00305514380580465,1,25.28265295018286,25.385177743688104,1
1541,1544,0.00727880393149708,3,25.557076871723755,25.768658900206955,3
1554,1557,-0.0068735691709583095,3,25.876272338116998,25.724286262652512,3
1558,1560,-0.006378755312300194,2,25.770293095922476,25.63168099503325,2
1567,1568,-0.0015291091038462374,1,26.115247783704334,26.101429968352775,1
1576,1581,-0.019170334383574728,5,26.4622621914551,25.981434038890534,5
1583,1586,0.0015321303934866526,3,25.93945949878115,26.00514159256863,3
1592,1595,-0.0005577213773110647,3,26.411448498802685,26.423129717867955,3
1598,1600,-0.001722123481093817,2,26.04117218355223,26.02236724164328,2
1606,1608,-0.012302105615438319,2,26.09684154918954,25.801892289771242,2
1612,1616,0.0028527767106184885,4,25.348273873317215,25.44593511255071,4
1627,1631,-0.017934358651123947,4,25.263204406465906,24.835388242370158,4
1632,1640,-0.05599204423519502,8,24.708791140432787,23.350004205039912,8
1643,1644,-0.015008792655334061,1,22.940978842465345,22.619603426550842,1
1646,1652,0.09647801924643172,6,21.943968280669484,24.08302284307567,6
1655,1657,0.019770882055593787,2,24.383689472228863,24.890160210336752,2
1658,1660,0.03720567546060599,2,25.075272599264967,26.03329032627871,2
1662,1663,0.0010675409119813802,1,27.050605865354584,27.106534099675088,1
1666,1667,-0.009322455541300172,1,27.823984170613187,27.59242029937142,1
1672,1683,-0.029853518444303142,11,27.139754079816214,26.356676684900386,11
1684,1686,-0.0025557142089318273,2,26.410211027347113,26.36912428679098,2
1687,1692,0.027415934512151838,5,26.520766736452007,27.274379107247082,5
1695,1697,0.003679226241573648,2,27.886090607913786,28.016575934861237,2
1700,1701,-0.0036943756683337423,1,27.83428275366815,27.759286739471143,1
1703,1704,0.004558936748780638,1,27.630770178552748,27.784367882295417,1
1705,1707,0.044331182591008246,2,28.189917523229617,29.467799821700602,2
1708,1712,0.02623063716492272,4,29.771233037109354,30.58192268189524,4
1713,1715,0.004733583981621953,2,30.637332453717256,30.812994172313516,2
1719,1721,0.025279883615300622,2,30.516443921592312,31.318412516204607,2
1722,1724,0.0042379638032863515,2,32.05195861398058,32.21984561302504,2
1725,1730,-0.01701445471105338,5,32.38246999629699,31.863882397109247,5
1731,1736,-0.02656759061070741,5,31.646942796429034,30.83780671892946,5
1745,1747,-0.01546261456566746,2,30.85834682069995,30.412054444498477,2
1750,1758,0.005853489479096847,8,30.210141998331345,30.41718688867893,8
1762,1768,-0.03628855900739079,6,31.463730976310192,30.35342124916,6
1770,1776,0.06623494829414676,6,31.3965793348784,33.507526723072026,6
1778,1779,-0.0021305987714778625,1,33.6163239876415,33.57831741303947,1
1780,1782,0.015982825770150325,2,33.50089678582055,34.06983667907793,2
1788,1789,-0.011598896428930042,1,32.15702713504694,31.816198134980283,1
1790,1792,0.017064292258637745,2,31.125274248077893,31.687530298725424,2
1794,1795,0.002323886626140779,1,32.56641431495847,32.67466138396132,1
1797,1803,0.02788536211036057,6,34.05851904567622,35.04231170125319,6
1805,1806,-0.005652431054863682,1,34.887810280248644,34.72549714826462,1
1809,1810,-0.008954185702325486,1,33.86822139057379,33.59882726822569,1
1812,1815,0.007055602168011917,3,33.30889547504544,33.5772186856483,3
1816,1819,-0.029440165350600338,3,33.378261396475,32.42897812324369,3
1821,1822,-0.00910900752026425,1,31.85657958586521,31.59825434243353,1
1824,1825,-0.012680826050993462,1,30.978461008044082,30.616606993681636,1
1827,1829,0.02419738226017357,2,29.906255104989558,30.659814446840247,2
1830,1834,0.04050670296755237,4,30.61885039836718,31.88973792706013,4
1838,1843,-0.0339328407612054,5,30.788893496245823,29.774927769520247,5
1845,1850,0.015691367324005723,5,29.93390504374389,30.43354284827093,5
1851,1855,0.012962456684012535,4,30.47010692410906,30.895544472194164,4
1856,1857,-0.005383618357566121,1,31.1278615295002,30.991408864267708,1
1862,1867,-0.009890334646286286,5,30.812460900893026,30.538527812208475,5
1871,1874,-0.01705812400799316,3,30.16497690764993,29.680583967768637,3
1875,1883,0.03338663149042926,8,29.517628072750238,30.53263987175945,8
1888,1889,0.0026925082925141615,1,31.02499444018622,31.139554489431813,1
1891,1894,0.021007240806574127,3,31.2780651117782,31.96640902265681,3
1896,1900,-0.012188713548364968,4,32.00534662465095,31.647247969251598,4
1903,1904,-0.004350661932188632,1,31.918467889766166,31.81151989447414,1
1912,1914,0.002113476114244222,2,31.165787664593804,31.262821600069124,2
1918,1922,0.05153624821857164,4,31.432581082986914,33.083930964913094,4
1923,1929,-0.019047656881939812,6,33.17796904933202,32.57918444789006,6
1931,1934,-0.00651298571516399,3,32.60611669306535,32.42635963750951,3
1937,1939,-0.013668396756831899,2,32.09141185119068,31.684865113372897,2
1940,1942,-0.006500693536303937,2,31.646925793061925,31.47284575290814,2
1944,1946,-0.007786535605217078,2,31.54440722676569,31.330329983975776,2
1947,1951,-0.015042883063730056,4,31.34848756859758,30.90826442344697,4
1952,1957,-0.0028624892274124424,5,30.843899891909903,30.786453460629833,5
1958,1959,0.00982896979500478,1,30.94231636729147,31.27738977662035,1
1961,1963,0.029710349716812984,2,32.01853969242765,33.00184024380376,2
1968,1971,-0.0009893069588627313,3,34.13959036488771,34.13995542093189,3
1974,1975,-0.008043099378621129,1,34.13157024191304,33.89117820075086,1
1981,1982,-0.007147856678774017,1,33.75324920254096,33.54573906400079,1
1985,1986,-0.00020611135114492784,1,33.16866858248402,33.19500081196929,1
1989,1994,0.0010108070071952074,5,33.56044113899147,33.62792470919832,5
1996,1997,-0.0033255851628957956,1,33.854197061646495,33.77546624325818,1
674,675,-0.004391372868780467,1,27.085304167416332,26.99344780172029,1
677,683,-0.02628733546989313,6,26.881320748324285,26.20156377268761,6
684,687,-0.0051971853189292355,3,26.197026131088336,26.087072357611326,3
688,692,0.012725926110459442,4,26.22756404050472,26.58756164658203,4
696,697,0.0027696481752634127,1,26.965204582529516,27.066853916779653,1
700,701,-0.003614497125878333,1,26.97540178465185,26.904874674216465,1
702,708,0.026940342019414316,6,27.026691904120405,27.781826919574865,6
715,719,-0.021990088197934993,4,27.215612130380716,26.644354031403235,4
726,732,-0.01861923267339612,6,26.361979125549983,25.897501281605706,6
733,735,0.011394803696972062,2,25.93384173414888,26.255286611552,2
736,740,-0.009916971925825784,4,26.53515584898565,26.298542609232832,4
744,747,0.0018006387122744246,3,26.259701881160538,26.333245818821702,3
748,750,0.00024053788489098176,2,26.33921225592426,26.37188704658592,2
752,761,0.01578568778606576,9,26.301056521124195,26.742537844331455,9
762,765,0.002520784080033204,3,26.84441792278024,26.938931322040524,3
767,770,0.0005140640374289148,3,26.97789402448898,27.018740283637026,3
774,775,-0.0036927594947655145,1,27.265985043388167,27.19256430327845,1
777,780,0.016910729319671566,3,27.25268686358055,27.74080236122791,3
784,788,0.006196159330939778,4,27.970490157557983,28.171770261296253,4
789,795,-0.01835888975163033,6,28.176294917488885,27.687185720406774,6
797,798,0.0008887670152695148,1,27.874129105607718,27.926776841241754,1
799,801,-0.0016483611731280903,2,28.08304088925788,28.064832935921917,2
806,815,0.001970822293563832,9,28.539768849546483,28.624555431097875,9
819,820,-0.0015841109550247556,1,28.479852202196835,28.463216808528045,1
821,822,-0.0034638474215256923,1,28.532447389573147,28.46214779264253,1
834,835,0.0026736837430005505,1,28.05979163192042,28.162874432270588,1
837,839,0.0015118508676711688,2,28.56201000590189,28.633753515517647,2
846,847,-0.002213869678192532,1,28.608790240257928,28.57406289725551,1
852,860,-0.012436486401967282,8,28.159236300155683,27.83719357711917,8
861,864,0.004819605466346035,3,27.782534593539307,27.944217983728816,3
868,872,0.006373451532911889,4,27.683807675775267,27.88793288991905,4
875,876,-0.004786143402920636,1,27.799423982496666,27.694171376780343,1
878,883,-0.014081916104844196,5,27.55201278913871,27.191579669311604,5
885,886,-0.0019265754157990122,1,27.162904988787496,27.1377365088032,1
888,890,-0.009151556897337376,2,27.27049917585556,27.04820215020478,2
891,893,-0.004751123457196798,2,27.10797362360905,27.006288267872456,2
898,899,-0.003507791794895354,1,27.339133327901767,27.270572473662504,1
905,908,0.00113263658832688,3,27.611276743931846,27.670161562966374,3
909,912,0.004670262290649126,3,27.79120366299082,27.948787077132828,3
913,916,-0.016209579798165986,3,27.936656467048014,27.511751661218497,3
921,922,-0.0053094465097148266,1,27.355668673607358,27.237780882720966,1
926,928,0.0003016434753057287,2,27.139125057481213,27.17445052253779,2
938,939,-0.00439732613699201,1,27.20904471344847,27.116606714680888,1
945,948,-0.004450285413626286,3,26.550247787552312,26.458641854882757,3
949,953,-0.0035306603879043568,4,26.64357023175212,26.576144403974276,4
963,965,-0.008195653179702632,2,26.62227405769211,26.430709406717963,2
973,975,-0.0006189493167964438,2,26.19420538110243,26.204186700958875,2
977,979,-0.0031096301119857,2,26.140060201013075,26.0849143428839,2
984,993,0.02208976944477479,9,25.745109661288367,26.33955830769796,9
1000,1003,-0.008271082994452898,3,26.163097010637873,25.972862960881603,3
1007,1009,-0.0027870783039246165,2,26.075807379318466,26.02920786969357,2
1010,1011,0.0036802583833078946,1,26.142977122541076,26.265333010383475,1
1015,1020,0.015523395762730211,5,26.82702937965935,27.270303003237853,5
1023,1024,0.0012462321772566645,1,27.63662116503329,27.69869943276484,1
1028,1032,0.013446671255175482,4,27.575218763506633,27.97358888377256,4
1033,1036,0.0033457357218159445,3,28.15560022187902,28.27795701953241,3
1038,1039,0.001265269349290514,1,28.415466064487852,28.47983474880954,1
1044,1048,-0.015197557455394622,4,28.420768276925653,28.017262786387544,4
1049,1050,-0.007205836793605801,1,28.050720198549122,27.876642007053825,1
1051,1052,-0.0015837068799362973,1,27.79998339737594,27.783756355804776,1
1053,1054,0.001063776971865597,1,27.790824261733523,27.848178324874052,1
1055,1057,0.011013495563470865,2,27.943832542830467,28.279535651110134,2
1065,1070,-0.010567263276249485,5,29.444443953388067,29.16274120606323,5
1071,1075,-0.014046319882582946,4,28.97306977669613,28.595077840408955,4
1076,1077,0.0015383941681832067,1,28.694984854139996,28.76782403634985,1
1085,1086,-0.007912887618149757,1,28.718676612699454,28.520147628733877,1
1087,1088,-0.0014173870074807385,1,28.412357038106773,28.400498089427163,1
1089,1090,1.9476860900117512e-05,1,28.532123177899297,28.561211017271518,1
1092,1094,-0.011477437533903567,2,28.378097165451546,28.08076742506948,2
1095,1097,-0.003723849947975517,2,28.028243598822844,27.951898868954345,2
1099,1101,0.0001854160552700961,2,27.73760340587504,27.770484006287077,2
1102,1105,-9.188545713677049e-05,3,27.912899578070068,27.938247688110394,3
1110,1111,-0.005208887483938174,1,28.27098183381555,28.15199245221656,1
1112,1113,-0.00538674494533834,1,27.946161277479316,27.823568595753724,1
1115,1116,-0.00964908514120558,1,27.282246688636555,27.046280214183163,1
1118,1122,0.008038513024687145,4,27.21698764852824,27.46298874588221,4
1124,1125,-0.0006634687842080977,1,27.585758381300096,27.595041850106696,1
1127,1128,-0.0020928359627411896,1,27.577149040911245,27.547011740689463,1
1130,1133,-0.004093364256002948,3,27.643296815654107,27.557786029366483,3
1143,1148,0.007248170587866118,5,28.117911287933154,28.349832616810513,5
1149,1150,-0.0029207302074278707,1,28.47270758332986,28.4180191937873,1
1152,1153,-0.00046095975703528596,1,28.667025257509984,28.682477937769868,1
1159,1160,-0.004109584713118766,1,28.394481509254874,28.30618646361676,1
1164,1166,-0.004858984207054367,2,28.024272445902568,27.91612722111964,2
1167,1169,-0.008440832584921561,2,27.972406318830227,27.76426832641441,2
1170,1176,-0.02119966568588763,6,27.74187152456151,27.181494994264522,6
1188,1189,-0.001528192553612859,1,26.849975240378765,26.835793283392107,1
1196,1198,-0.003602625710012923,2,26.89772803171087,26.827723313194603,2
1202,1203,0.0017616864126760493,1,26.889074188284866,26.96333337912009,1
1205,1206,-0.007780332647516493,1,27.028664866570345,26.845401527756756,1
1213,1215,-0.005842999033129178,2,27.69032132820996,27.556217128790404,2
1217,1218,0.0007711695031585809,1,27.53283750644131,27.58160282856814,1
1220,1224,0.009494289466568925,4,27.744878162803406,28.036040945458552,4
1225,1226,-0.0064570138924061595,1,27.939692932939998,27.787225640455382,1
1231,1239,-0.008909487018971544,8,27.66805057782342,27.449210490937876,8
1240,1241,-0.0010133462515746477,1,27.467403991913052,27.467037405029274,1
1243,1245,-0.0009026939804450627,2,27.60648249441915,27.609168771344596,2
1250,1252,-0.0058047304843964415,2,26.8585903408124,26.72954205303398,2
1257,1258,-0.0028759637822212726,1,26.427476410880203,26.377899422277885,1
1270,1271,-0.008573979066797646,1,27.13972729128424,26.934171564901458,1
1275,1278,-0.00431313541094552,3,26.623432764314586,26.53522572646221,3
1285,1288,-0.0007018861777719656,3,26.008089727541403,26.01584309857893,3
1297,1299,-0.004665256251579271,2,26.045048071514756,25.949586296247954,2
1300,1303,-0.0192724043792377,3,25.93671000904898,25.462783955496615,3
1305,1307,0.005809033408634286,2,25.191264713021233,25.362792876057945,2
1308,1310,0.00288993822298084,2,25.581463508321132,25.68097382102194,2
1315,1317,-0.005414678182111041,2,26.426686065987134,26.310020751586123,2
1319,1322,-0.00942801319175731,3,25.81871536559085,25.601114891895424,3
1323,1325,-0.011274691545737455,2,25.589286877866755,25.326364848321287,2
1328,1333,0.01989345242509736,5,25.338549734402477,25.86795951779918,5
1334,1335,0.0006438244955077896,1,25.968429303112668,26.011116843310987,1
1337,1341,0.005330257198425322,4,26.1346689352219,26.30010811137755,4
1346,1347,-0.0023450394177657067,1,26.389998753584152,26.354503165025793,1
1348,1353,-0.02200313168230724,5,26.391520703685476,25.837216119049632,5
1355,1359,0.0036039842450099457,4,25.595653101922917,25.71349508554491,4
1360,1363,-0.0022159053720872744,3,25.86891178921115,25.837457640396597,3
1368,1369,0.002453409584257881,1,26.032954083250708,26.12285653638835,1
1371,1372,0.0028937412786426103,1,26.2187944492736,26.32088365149698,1
1373,1374,0.0015314330244902783,1,26.58032391399033,26.647610223747854,1
1381,1382,-0.00026380254370537363,1,26.617333888741673,26.63692950224391,1
1384,1385,-0.00422977537171295,1,26.6728436280736,26.586696334630098,1
1388,1391,0.004437244005003637,3,26.51904627890164,26.663236804300013,3
1392,1394,0.009584122454721275,2,26.854701634724204,27.13893508531113,2
1401,1405,0.004488786118057196,4,27.285338189512895,27.43510157499399,4
1406,1407,-0.0069694287130830325,1,27.452419635015445,27.28854437300258,1
1413,1417,0.0068233716455164675,4,26.88707879609885,27.09742640598302,4
1419,1423,0.007088983877573008,4,27.02832724281844,27.246958946123364,4
1431,1433,-0.0016836045224748225,2,27.935006252181722,27.91590975557237,2
1434,1435,-0.0018273295041265473,1,27.89515326239633,27.87207477908022,1
1440,1449,-0.015949416748710216,9,28.007090410797694,27.588400744327874,9
1457,1459,-0.01697459833274227,2,27.87445195537923,27.429168781646723,2
1461,1463,-0.010329270022619855,2,27.36093506094178,27.10567750968689,2
1467,1469,-0.0012389103177025413,2,27.024778215436864,27.018321717087574,2
1472,1474,-0.003798722163611105,2,27.023844005023417,26.94821177386059,2
1476,1478,-0.011194427276636266,2,26.594097624086007,26.322986029869497,2
1479,1481,-0.003439013829392131,2,26.427478650338298,26.363021664434157,2
1483,1489,0.003237975366919636,6,25.964059861452824,26.07409490757089,6
1494,1496,-0.008387097229016708,2,25.557779105866093,25.36898130665333,2
1497,1498,-0.000308396467157022,1,25.511358188989842,25.52900193444097,1
1500,1501,-0.001262841950879897,1,25.68865081338369,25.681898758288426,1
1502,1504,-0.002139495584591152,2,25.757024520107322,25.727674504394454,2
1505,1506,-0.0017040858525415857,1,25.648144967454126,25.630086471438606,1
1508,1510,0.004221681811441092,2,25.71781940578374,25.852109675604847,2
1511,1512,-0.005265044881458326,1,25.79206746178188,25.68206313647178,1
1517,1521,0.0025912260815612663,4,25.668125210328657,25.76030525104877,4
1526,1528,-0.010209139296452775,2,25.91363771128701,25.674995411925956,2
1531,1538,-0.007881796120774873,7,25.39004986426926,25.21532071760705,7
1543,1545,-0.0016295316533523874,2,25.74099123528997,25.72478646651869,2
1549,1557,-0.00023415797904147682,8,25.73258149893734,25.752288591156965,8
1563,1570,0.016491234307917678,7,25.845258221175733,26.297323688470954,7
1571,1575,0.0013316790478447565,4,26.366834267392875,26.42831326241215,4
1584,1586,0.0009402781570169289,2,25.956229520006357,26.006591825182543,2
1587,1589,0.004013000971404836,2,26.0390144437904,26.169548048491546,2
1596,1609,-0.02682798424924041,13,26.266032778065114,25.587634097183216,13
1611,1613,-0.004896721523492367,2,25.33741406146519,25.23868121474224,2
1614,1615,0.0005953095510571535,1,25.294524521172722,25.334877117730798,1
1616,1617,0.002075617999661679,1,25.395576802567085,25.47368389569285,1
1621,1624,-0.009769647635794534,3,25.608958951358197,25.38437740503526,3
1629,1630,-0.007309454526750178,1,25.079086396146984,24.920851040958055,1
1634,1635,-0.013428745277555991,1,24.23663710811296,23.93540611911166,1
1640,1642,-0.013874832915057686,2,23.417561002743916,23.116063817555418,2
1644,1646,-0.03408596140631423,2,22.688102304345367,21.937444627121288,2
1651,1655,0.018380070944479535,4,23.913492279415994,24.37693745632134,4
1656,1657,0.009870512891505302,1,24.64519948311893,24.913105441813894,1
1658,1664,0.0816720352829693,6,25.041255806638148,27.111467390214397,6
1666,1669,-0.038031214580299844,3,27.84148877276915,26.810484627789727,3
1672,1678,-0.05167143526187641,6,27.1403870321489,25.765144667667098,6
1681,1683,0.009872120371253474,2,26.041580433490648,26.324707630621237,2
1684,1687,0.0010002430759615709,3,26.416501745633582,26.469341170341412,3
1688,1689,0.006213199925815326,1,26.55784899041754,26.749416064785034,1
1691,1694,0.022073474713147332,3,27.10195178545982,27.727287984658567,3
1696,1702,-0.012457298001262097,6,27.970385124384233,27.649920086804094,6
1704,1706,0.03888982237728667,2,27.76234523929547,28.869780259667877,2
1707,1711,0.025625097115501524,4,29.484017258684386,30.26903208155198,4
1713,1717,-0.009817396571927577,4,30.64730542857877,30.377075982754,4
1720,1722,0.03826805967703319,2,30.844830022848573,32.056046648913735,2
1723,1726,-0.000571628168261395,3,32.413695959654454,32.42758107396611,3
1727,1728,-0.010439107551853424,1,32.21431838188577,31.9102439659695,1
1729,1736,-0.031074835380278002,7,31.857019719158615,30.89892509539865,7
1739,1741,-0.007767912625171331,2,31.156694609414284,30.945828822608622,2
1742,1748,-0.02652320208374787,6,31.12806549639063,30.333577590250112,6
1749,1750,-0.004072932742025527,1,30.262603504065908,30.169608558899327,1
1751,1755,0.0028077075236889923,4,30.312467080080285,30.427888089042682,4
1757,1763,0.02990427598514292,6,30.347846730310355,31.285724961218683,6
1765,1767,-0.016074816631188812,2,30.88149484818241,30.415961976049058,2
1771,1779,0.02890152606970501,8,32.593901043429916,33.56850842519342,8
1783,1784,-0.017455215215008854,1,33.92565061699113,33.36739673477934,1
1785,1786,-0.022881370707520294,1,32.658989466777506,31.944366011321947,1
1788,1790,-0.03353905356839474,2,32.14086939603313,31.09503592502083,2
1792,1794,0.023269896366466706,2,31.736891144879632,32.507142203959695,2
1795,1796,0.013832223207279972,1,32.708139391128405,33.19327381527245,1
1797,1800,0.030310074145328707,3,33.98229342250465,35.04628154919158,3
1807,1808,-0.007285302459669614,1,34.45594193232019,34.23937591574274,1
1809,1811,-0.01306320315224899,2,33.812340152947996,33.40445502463004,2
1813,1821,-0.04039901755505014,8,33.17257072318248,31.865604026913672,8
1831,1833,0.023273528452677827,2,30.765634806427297,31.512425318265805,2
1834,1835,-0.005561976129654397,1,31.98566036311856,31.83974254405078,1
1836,1842,-0.051854325381995574,6,31.620717935251413,30.012667656559834,6
1844,1845,0.0013315509352958494,1,29.830591967648644,29.900143512251244,1
1852,1855,0.01920693985703014,3,30.34075464474624,30.953848449069536,3
1859,1861,0.006314131161795856,2,30.693248585227142,30.9177430311611,2
1863,1866,-0.004856418005267938,3,30.799759256412198,30.680982510257852,3
1870,1873,-0.019148745084790975,3,30.308180380366423,29.75812494065929,3
1875,1878,0.007576663691093708,3,29.49156502027124,29.744504255174128,3
1883,1885,-0.009853772709771145,2,30.589944670944913,30.31910825362389,2
1886,1888,0.02078743278730558,2,30.418726739290985,31.081472703598703,2
1890,1891,-0.001003873465400078,1,31.278904551157925,31.278783393403394,1
1893,1894,0.0019712569526483398,1,31.90256371442885,31.997354428672654,1
1898,1899,-0.0022236946979075547,1,31.715652291547162,31.676842015997316,1
1901,1904,0.003079692353968608,3,31.76108286300656,31.89065830991653,3
1906,1908,-0.0005664824831812115,2,31.89075660296545,31.90458180457744,2
1915,1917,0.0014621169163845792,2,31.373286280993252,31.45053097986826,2
1920,1925,0.021283086811020365,5,32.00557168700584,32.71875461934373,5
1926,1927,-0.0016782689549811034,1,32.52405624289307,32.501996185253454,1
1929,1930,0.0004598494664044973,1,32.6561347672831,32.70380780819795,1
1931,1940,-0.029516047764466192,9,32.58099459632644,31.65191339820378,9
1941,1943,-0.006973629697647934,2,31.6700439048584,31.480858790062523,2
1944,1946,-0.00342615532594451,2,31.486091143443605,31.409700995722766,2
1949,1952,-0.020253064042835733,3,31.390761468827396,30.786393127914682,3
1953,1958,0.004818163548861223,5,30.783796786222318,30.962901950579468,5
1960,1961,0.008500129285418028,1,31.679596554436316,31.980556817413344,1
1962,1965,0.025418052069206474,3,32.34978058705115,33.20439877502727,3
1967,1969,0.016856638102186388,2,33.790716127914166,34.39410471702404,2
1970,1971,-0.0041168876928781364,1,34.265651258299116,34.15884907160367,1
1972,1973,-0.0017195001959262194,1,34.24882055205161,34.22417851895417,1
1977,1978,0.00046351660295854634,1,33.790479121192334,33.83993204840812,1
1979,1980,-0.004726944149288228,1,33.87555477523549,33.749302474562036,1
1987,1989,0.0037462094603437565,2,33.36232838915279,33.520672987772485,2
673,674,-0.001674147605121728,1,27.057734881033745,27.039493973863678,1
676,677,-0.006781792981353335,1,26.96808352088436,26.81215964486276,1
684,687,-0.005201440233669348,3,26.215820666459756,26.10567646275303,3
689,694,0.01473648336925188,5,26.332782086755806,26.747167474130173,5
695,697,0.008891258868284919,2,26.800454138756706,27.065544368430746,2
702,703,0.004221919883746241,1,26.99735912873336,27.138337175176332,1
706,709,0.0034176985236004393,3,27.546807668313143,27.668501159879355,3
712,715,-0.003300532916825063,3,27.277203557675847,27.214451453012476,3
717,718,-0.00541565781701289,1,26.92479691782276,26.805906227841092,1
719,724,-0.003198402415386906,5,26.645721161556498,26.587143143795206,5
725,728,-0.010612992882646458,3,26.47663128158816,26.222111613521797,3
729,732,-0.009263426304507404,3,26.144446248990263,25.928403544139577,3
733,736,0.02045717929211491,3,25.95749611337116,26.51447076145014,3
738,739,-0.007819820770123713,1,26.6622253052445,26.480393707330077,1
740,741,-0.006354787273623366,1,26.376262596343846,26.235023321067196,1
746,748,-0.005352478034711452,2,26.38411114896403,26.26927488472278,2
750,751,-0.0034339004254388327,1,26.349805478828472,26.28567267606332,1
752,753,-0.0025617883864165873,1,26.261838589438668,26.220823154923735,1
763,770,0.0024444502831606845,7,26.912494524161335,27.005193273545643,7
771,779,0.01234166686435886,8,27.13926447790452,27.50134750351245,8
783,784,0.004578623761841381,1,27.797626108481282,27.952698606012838,1
785,786,0.002797739338243203,1,28.00425293988224,28.110605792910142,1
788,792,-0.01766615837148375,4,28.239437170858885,27.768794238647786,4
795,797,0.004134975012313532,2,27.71292130705555,27.85522646548549,2
799,802,0.002024927087289117,3,28.07943311647434,28.164371354304087,3
804,809,0.005960705562963907,5,28.387945065000263,28.585545192135324,5
810,811,-0.0018599715811576643,1,28.61982112742501,28.595208894597608,1
812,820,-0.006574209941421317,8,28.675346587717463,28.515504185694507,8
821,824,0.002759422913368912,3,28.503472078724823,28.61062868476815,3
826,827,-0.0028279511244614034,1,28.547420931777403,28.495237641584687,1
831,834,-0.0034885200792046404,3,28.110260020187035,28.040307073695136,3
836,837,0.004991247977253416,1,28.325657669493783,28.49536370871051,1
838,840,0.0013762607336134788,2,28.588221492259212,28.656154560435112,2
848,849,-0.00766175196306548,1,28.56967455631289,28.37935047075323,1
852,853,-0.001457108607473754,1,28.069730915144408,28.056899999533623,1
859,862,-0.006981099268826177,3,27.927987923077545,27.76094785493104,3
863,869,-0.004821987344950788,6,27.746999128702335,27.640950449172074,6
870,872,0.005253942991166204,2,27.771614701857462,27.945296796975512,2
874,876,-0.004623493803058239,2,27.82030215193343,27.71949545948669,2
877,882,-0.017735310386010495,5,27.608491308070082,27.146454636740057,5
884,885,-0.0004834937805515894,1,27.09877460180258,27.112771287423843,1
886,888,0.0017868227855355311,2,27.16123929731276,27.236932857869895,2
889,895,-0.005234648693877975,6,27.207415788905866,27.09220194117158,6
896,901,-0.0004093860321274012,5,27.303639685454453,27.319765596426443,5
903,906,0.002331793140581395,3,27.47085844808526,27.562385665828472,3
907,908,-0.0015550464330465093,1,27.73429110274894,27.718897283399286,1
910,916,-0.01177153886013933,6,27.804335677335864,27.504840195107082,6
918,919,-0.0012543033255561881,1,27.338209873448978,27.331257675763407,1
927,929,0.003828931177595249,2,27.09425553278495,27.225091828060947,2
938,939,-0.0025692634102420695,1,27.179083386812216,27.136432245729374,1
942,946,-0.022967388832119944,4,26.95550897352533,26.3633668267362,4
948,949,0.0010031231404833444,1,26.503781008296876,26.5568713453449,1
950,952,-0.004473515870347203,2,26.70173139266792,26.60898250490974,2
954,959,0.0037219141329408786,5,26.636244341053715,26.762018399656203,5
962,964,-0.009262642007163598,2,26.736120797864924,26.515209803051885,2
973,975,-0.0007957339169070354,2,26.187424282673046,26.19277348525756,2
983,986,-0.004366980962534201,3,25.955857616112496,25.868464737652797,3
989,995,0.00422364896767914,6,26.121085038121745,26.25753241701579,6
997,998,-0.00241801279158786,1,26.27747837509864,26.240216574632075,1
1000,1001,-0.005073782948785679,1,26.21912305670641,26.112312040265888,1
1003,1008,7.729160841099601e-05,5,25.98244304666711,26.010433714527302,5
1010,1011,0.002428047913978083,1,26.187979101916277,26.277752749047902,1
1013,1015,0.009274869872381117,2,26.503394376126188,26.775713304517282,2
1020,1023,0.012543825495411491,3,27.334195880363318,27.704405459424354,3
1026,1027,-0.0031854272827231064,1,27.63179705244106,27.571409769291986,1
1028,1029,-7.763824411227693e-06,1,27.576120990500723,27.60348301532991,1
1036,1039,0.005739142891718823,3,28.301245911619674,28.491972051831752,3
1041,1051,-0.023748092896345416,10,28.437337901403847,27.790442697097948,10
1052,1053,-0.0006061172888056046,1,27.807021091440326,27.817973796298062,1
1065,1066,-0.005427607042855715,1,29.40248312531683,29.27230048395373,1
1067,1068,-0.001883827647396231,1,29.358148373887474,29.33220083067827,1
1069,1073,-0.02069399467573752,4,29.315905709293286,28.73855841834004,4
1074,1075,-0.005097899262302484,1,28.712715921134038,28.59505410374212,1
1076,1080,0.016400178641599355,4,28.690331664593923,29.189548560844592,4
1084,1091,-0.014073158533799614,7,28.832274630745175,28.455345733607395,7
1092,1095,-0.013468134104772444,3,28.39458053064193,28.040553092737127,3
1097,1105,0.0011502233154500256,8,27.90783862716228,27.967846712462222,8
1106,1111,0.0029592582081689857,5,27.986087266576916,28.096891412301645,5
1116,1121,0.006834052707357299,5,27.09810562969133,27.310393617463866,5
1125,1129,-0.0017329436350110583,4,27.610112621066722,27.589875964759173,4
1130,1132,-0.00633742125774803,2,27.677295834170074,27.529570447027794,2
1135,1136,0.0005543937581438442,1,27.55436799105056,27.59719832866545,1
1140,1143,0.00635647657817996,3,27.906579195500843,28.11187329172967,3
1145,1146,-0.003555467321973594,1,28.281996022805515,28.20972230616905,1
1148,1152,0.005619714240736946,4,28.435286659372714,28.6235201314112,4
1155,1156,-0.000998635551394084,1,28.644377471668562,28.64441655544947,1
1157,1159,-0.00732879556855756,2,28.569206549521997,28.388397881714177,2
1161,1162,-0.006758002723894327,1,28.298685584514185,28.135741675835924,1
1165,1167,-0.004316022499942609,2,27.973378062735534,27.880617711680102,2
1171,1172,-0.0019126773632972454,1,27.74502641426708,27.719704156714695,1
1173,1175,-0.018675721955018536,2,27.71918561304503,27.229228995329297,2
1177,1186,-0.016740597215669357,9,27.120821933180956,26.693923998972863,9
1188,1190,0.006010988952624117,2,26.83623417357632,27.024382714897296,2
1191,1194,-0.0005214886686964345,3,27.061872494781255,27.0748219074163,3
1200,1202,-0.001193387431089384,2,26.87552186975056,26.870324481616983,2
1204,1209,0.007457163954115705,5,27.058699597220308,27.287539456099164,5
1211,1219,0.0053934032100052065,8,27.51780706044009,27.693739496432613,8
1221,1222,0.0002401946273778812,1,27.913253907222266,27.947871774750638,1
1223,1226,-0.011635572212505222,3,28.01172146066872,27.713800774277196,3
1227,1230,-0.002353445046464166,3,27.654690308591938,27.617261204982274,3
1232,1234,0.000666551631106564,2,27.679465739849498,27.725594998626402,2
1238,1242,-0.0016717280200676137,4,27.51765673994114,27.499172358862317,4
1245,1249,-0.024568678325126082,4,27.576298369864006,26.926361464186982,4
1255,1257,-0.01137448511173873,2,26.62720099437013,26.350957494086764,2
1259,1260,-0.00031440968015437887,1,26.416021678750646,26.43413224750243,1
1267,1268,-0.0005993683833796459,1,27.002716513058946,27.013534655028714,1
1274,1278,-0.008850769111309862,4,26.73710617104104,26.52719932378762,4
1281,1284,-0.019413860209674803,3,26.557094907660623,26.068076274455894,3
1285,1287,0.001596651914128239,2,25.97411780236899,26.041563545078304,2
1290,1292,-0.004520407969935497,2,26.189489278466027,26.097291591681575,2
1295,1299,-0.004111035480331066,4,26.005703934302993,25.92479926667239,4
1302,1303,-0.012560825281429787,1,25.739581125264348,25.44201032505798,1
1304,1305,-0.0017022319638881353,1,25.162032386633182,25.1443628032149,1
1307,1310,0.00895234714675644,3,25.38700187557673,25.639662131257825,3
1316,1324,-0.03854787496947003,8,26.481151733221814,25.486840758895237,8
1330,1334,0.015398870608279689,4,25.545691561870502,25.96461205239264,4
1337,1338,0.003055756771425654,1,26.12536571718278,26.231323846096217,1
1339,1344,0.009115070208251218,5,26.18248312779361,26.447320782857595,5
1350,1351,-0.00496476152477626,1,26.22637075683204,26.122389451120835,1
1355,1358,0.0022051287445165957,3,25.641119372459553,25.723302461201804,3
1360,1364,-0.0035373829131965977,4,25.85962163713325,25.79400587504946,4
1366,1367,0.003013971464686906,1,25.869636009719606,25.973475990464458,1
1368,1371,0.004954166281060517,3,26.059915090880335,26.215080158601754,3
1380,1385,-0.0022274943293589186,5,26.55944751799591,26.526845946776664,5
1386,1387,-0.004421966735817089,1,26.557215584780195,26.466337676453154,1
1389,1395,0.025322376804741864,6,26.531683625645094,27.230060599303524,6
1398,1399,0.0005733374956529073,1,27.326538984494178,27.369532852904904,1
1402,1404,-0.001684321442885994,2,27.471255210039228,27.452456041036005,2
1408,1409,-0.004505999051743647,1,27.33478386172431,27.23894813542549,1
1422,1429,0.023323931989978678,7,27.10750543691937,27.766866555584976,7
1432,1433,-0.0033392040322268324,1,28.03683800400817,27.971254119498305,1
1436,1440,0.0007072308725477921,4,27.890307519917545,27.9379227139604,4
1443,1444,-3.944710992007756e-05,1,28.0499438499795,28.076887304611176,1
1446,1447,-0.005064245087634457,1,27.750074521099325,27.637291417045457,1
1448,1451,-0.003750490911428381,3,27.61805082192209,27.542087624145026,3
1452,1453,0.0016704975472884103,1,27.680213341115184,27.754133282951052,1
1455,1456,-0.0017664388805534602,1,27.912804206553574,27.891410748144395,1
1458,1460,-0.00786124774601044,2,27.614211792840315,27.424743844418835,2
1465,1466,5.497557241647172e-05,1,26.961134063323478,26.98957740116493,1
1467,1468,-0.0022346005108253527,1,27.032863541819403,26.9994887546816,1
1469,1470,-0.003037565025130577,1,27.09590571570619,27.040696045895633,1
1471,1474,-0.003259138111057581,3,27.02091161208446,26.959867640866083,3
1482,1483,-0.007971960893287203,1,26.127828173307183,25.945665977056358,1
1484,1485,-0.0025546613233661877,1,25.930545551955344,25.890232335691934,1
1486,1488,0.001595773875043411,2,25.948887596984672,26.016245041495363,2
1491,1497,-0.018611667720444043,6,25.91334693786849,25.456969682074163,6
1501,1503,0.005775928363724839,2,25.637838437043122,25.811558593693277,2
1505,1509,0.006489662846745922,4,25.619522622994594,25.811404209735404,4
1513,1514,0.00019270061501890502,1,25.6704734115626,25.701090600988397,1
1515,1516,-0.003847074236288489,1,25.838310219460407,25.76474663212535,1
1519,1522,0.000522333627059152,3,25.745105889087515,25.784298529514672,3
1524,1526,-0.0020041333360038167,2,25.892951276566702,25.86695130102238,2
1527,1534,-0.019671781619319123,7,25.80709291418461,25.32522851106148,7
1538,1540,0.00625110791522071,2,25.30494340406789,25.488432279479337,2
1541,1545,0.004631726654414319,4,25.596706231753313,25.74085988450389,4
1549,1552,0.006422641267501196,3,25.67049875149882,25.861041654889032,3
1554,1556,-0.004132637244288558,2,25.865686034290437,25.784658222870345,2
1566,1567,0.0038866593199300926,1,26.02462114299729,26.151794600453368,1
1571,1581,-0.016645073306654375,10,26.359707094315294,25.947307544482793,10
1583,1584,0.0009634568417833589,1,25.91205527551319,25.962932477728565,1
1586,1589,0.006700390965015829,3,25.94484075032565,26.144626167628232,3
1590,1594,0.003147416787758076,4,26.298282206432255,26.40735214354441,4
1605,1607,-0.01558475813329142,2,26.19595827414699,25.81389655864876,2
1617,1618,-0.00011293462971194749,1,25.516232317604743,25.538866883673915,1
1622,1624,-0.007557128279953345,2,25.58042795328655,25.412693805740744,2
1634,1635,-0.012162472452916805,1,24.23031737912902,23.95984712885906,1
1644,1645,-0.0177223690901763,1,22.664589824752298,22.285584188425336,1
1648,1668,0.1974301377580594,20,22.803749999200853,27.328701252942626,20
1671,1683,-0.02644609479840145,12,27.057422743877147,26.368916999736026,12
1686,1691,0.020230258480549348,5,26.523804660250097,27.086911889074806,5
1695,1699,-0.007703581555488615,4,27.985238620064706,27.797637290625293,4
1703,1705,0.016062273504008573,2,27.679070623120232,28.15133849642868,2
1707,1711,0.02395660297027273,4,29.525131239161187,30.26197821714213,4
1716,1720,-0.00017470650108864687,4,30.74208973122588,30.767460978024012,4
1723,1733,-0.03978496605146918,10,32.4117217873568,31.1546342581645,10
1735,1739,0.0008129866526464021,4,31.03939657273404,31.095670584426607,4
1742,1745,-0.011755714142466005,3,31.162333872346306,30.827160717203263,3
1746,1747,-0.005836855851111167,1,30.5582603605608,30.410454460136044,1
1748,1750,-0.007589013750769475,2,30.418506371573887,30.218078414813718,2
1751,1756,-0.00037362649715419363,5,30.308472094084767,30.327456517916243,5
1762,1763,-0.0057097005234179425,1,31.48853208345815,31.340230527423024,1
1769,1771,0.06004164213850932,2,30.65132350868789,32.522330629376896,2
1774,1776,-0.02205356578627898,2,34.19453000290679,33.4746132159597,2
1779,1780,-0.004105016870635591,1,33.68556896949513,33.58097470954789,1
1783,1784,-0.02041366503463844,1,33.92865657203722,33.269976998272405,1
1785,1789,-0.0261636622967587,4,32.686031634300704,31.86353137243399,4
1790,1793,0.04385505986568373,3,31.097140438556774,32.49200453457981,3
1794,1799,0.07571269984260956,5,32.600041808769994,35.10087903090269,5
1801,1805,-0.006190787674499327,4,35.01563071387077,34.83387200954639,4
1806,1808,-0.014790095424723392,2,34.66391145362177,34.185892806882165,2
1812,1818,-0.01721047217291646,6,33.31249831399783,32.77248698706844,6
1824,1832,0.007956528396076433,8,30.97741726567402,31.25486738305114,8
1834,1836,-0.012730487447014827,2,31.97288601342429,31.59782847539898,2
1841,1843,-0.004081291590097782,2,29.936013958826358,29.843772370773976,2
1845,1846,0.005900719893982928,1,29.981039871371436,30.187930629654105,1
1852,1858,0.013663373420016972,6,30.327159127341094,30.771857586393573,6
1862,1863,-0.003913710607694593,1,30.82549665285338,30.73568007626851,1
1865,1867,-0.009524999739515504,2,30.787921582086117,30.52545455861861,2
1875,1878,0.0069777864714203166,3,29.51089112794163,29.74632271594168,3
1880,1881,0.007262451419434071,1,30.00530016303902,30.253217497961668,1
1890,1895,0.0215657247089566,5,31.32005202745157,32.02681169937324,5
1896,1898,-0.008448830632930893,2,31.975197121139676,31.737019293329727,2
1899,1900,-0.004738259740793377,1,31.746782842074953,31.628105121876715,1
1901,1903,0.0034783029226264153,2,31.77265742210104,31.914945006694044,2
1904,1906,-0.0014580272670411969,2,31.869844977690004,31.855247719693846,2
1915,1917,0.0031301115230861747,2,31.403730096957112,31.533431004498443,2
1922,1926,-0.016236340483294982,4,33.04019396656748,32.53678232165875,4
1928,1934,-0.009002767665151859,6,32.58805952857975,32.327264859514386,6
1938,1939,-0.003937246175489214,1,31.843036318568053,31.749505481925375,1
1945,1948,-0.00391998708169866,3,31.490052468763864,31.39810192235306,3
1952,1956,-0.005841452391147282,4,30.782357135938707,30.633325819377767,4
1965,1969,0.03036081746394883,4,33.28544919093258,34.32930808721496,4
1970,1978,-0.012540718844669368,8,34.26674357865954,33.871280725295854,8
1982,1989,-0.0010290013491278433,7,33.541801458451125,33.54082870095665,7
1990,1991,-0.00251795482762816,1,33.3020864980057,33.25153543503596,1
1999,2000,-0.0010286026767470267,1,33.20403299044507,33.20308326622275,1
672,673,-0.0015061165644155656,1,27.043835409662996,27.030148076596838,1
675,676,-0.0036568452152418805,1,27.052857493508952,26.980982238518703,1
678,682,-0.020563598880940614,4,26.743320333257937,26.220124741513576,4
686,689,0.006226713114093377,3,26.133190187430127,26.322047255670725,3
691,695,0.010657256653264592,4,26.514395619065535,26.823480733803176,4
696,708,0.03000460196020524,12,26.94231235065718,27.777648020976827,12
709,711,-0.011440697799456369,2,27.67835538107574,27.38937403695597,2
716,718,-0.00969304330424723,2,27.081177302163443,26.84575945514574,2
719,722,0.006008303581404192,3,26.644894144389795,26.831629651448058,3
723,724,-0.007859770812702607,1,26.81478530070478,26.63084201915012,1
730,732,-0.003983669616653824,2,26.04630514479138,25.96859157550477,2
733,734,0.00566040132323548,1,25.93910398826091,26.111868830787866,1
736,738,0.003551550154737992,2,26.52724161503012,26.647981685707784,2
740,750,-0.0038893453599392817,10,26.40500042569751,26.328707260238325,10
751,752,-0.0018557160256209256,1,26.305165961951204,26.282656209880944,1
754,757,0.0011381591940206547,3,26.233814460521064,26.28990653210406,3
760,761,0.004094663234068276,1,26.533833581252246,26.669014527657538,1
763,772,0.008442448862056341,9,26.935482709186108,27.1898196272424,9
778,779,0.0014951066349424363,1,27.486518650397606,27.555100445453682,1
780,781,1.2020641128127757e-05,1,27.74704726660808,27.775127851172247,1
782,787,0.013774746229115724,5,27.8163263114636,28.22730547374175,5
788,791,-0.01549780482459501,3,28.250937275491168,27.84136070075922,3
793,798,0.006141767682294442,5,27.7441141323946,27.942256150079224,5
800,801,-0.0012469746618752262,1,28.097042668268575,28.090103410655885,1
802,804,0.008328946251761029,2,28.13410778135864,28.396569360692187,2
807,809,0.0008307368732213948,2,28.563476569893847,28.615768779677747,2
811,814,-0.006884362682637697,3,28.70641508442223,28.537496126747147,3
828,831,-0.016244600900278117,3,28.504064507247456,28.069531419798686,3
832,833,-0.0007203494477504934,1,27.926540036541258,27.934349708884895,1
834,836,0.010491770708198976,2,28.047356793605804,28.36967058684897,2
840,841,-0.0054860041440932,1,28.79456562061834,28.665393079916882,1
843,845,-0.005706829926976323,2,28.688028557647954,28.552998886286865,2
850,851,-0.005995594035910043,1,28.279465214607356,28.138192486842538,1
852,854,-0.0019581124139608132,2,28.118394593818255,28.09145401089727,2
855,856,-0.005169783719753999,1,28.19665218770325,28.0790782464594,1
858,864,-0.004335385917292317,6,28.023040834104872,27.92957317834709,6
866,867,-0.0005910835149286308,1,27.699904365331122,27.711231312861006,1
874,876,-0.007333343174317663,2,27.88639445468536,27.709780348709447,2
885,890,-0.003664914202401414,5,27.131924621848047,27.0596203705848,5
896,899,-0.0024713549062060575,3,27.29208994452753,27.25193359408703,3
901,902,0.0008623109828503161,1,27.392155601816828,27.443168314038036,1
904,909,0.007137803508950801,5,27.54056739140362,27.76468711735988,5
911,912,-0.0014878992384233748,1,27.899610738574015,27.885998539742356,1
917,918,-0.006201113575038938,1,27.40864835114694,27.26609285813432,1
920,921,-0.0010230000815955127,1,27.2932806681277,27.292652920445324,1
922,925,-0.007684487936853557,3,27.22620735589195,27.044214101255218,3
932,937,-0.0023565628899759085,5,27.268868918158518,27.231876982532526,5
939,942,-0.012075607878288808,3,27.170633993712848,26.86970270579398,3
943,944,-0.006050925610874184,1,26.777170606269532,26.641921109467578,1
948,949,0.0026707008872165028,1,26.488672789265028,26.58590478397377,1
951,953,-0.0010402428864411028,2,26.65516380460818,26.65409112387812,2
958,961,-0.003196905136063764,3,26.811973094624076,26.753069733224493,3
962,964,-0.01048020442855643,2,26.758952567483906,26.505272226850114,2
969,970,-0.0032579164509487116,1,26.45911457080832,26.399372100741356,1
976,977,0.0009508282845807957,1,26.13880279050603,26.18979510631483,1
978,980,-0.003133725844028846,2,26.165591778585366,26.10976157918309,2
983,984,-0.008333353309714648,1,25.90790143650348,25.717909641756336,1
986,990,0.013521600049086292,4,25.86084529495914,26.236386147263833,4
994,996,-0.0060231486912472945,2,26.36528965950917,26.23285288926165,2
1001,1004,-0.006457346444735098,3,26.084101564324907,25.94175158538873,3
1005,1012,0.008826438022289641,7,26.05322612705168,26.30923653886985,7
1014,1015,0.001953162002149832,1,26.67387548502231,26.752647760554755,1
1016,1020,0.014533088934978539,4,26.897406095902767,27.31520589691066,4
1021,1023,0.004889512014377951,2,27.45430069276194,27.615993126538307,2
1025,1030,-0.0013973691738042248,5,27.761517981688915,27.75048641022498,5
1031,1034,0.010175585423777889,3,27.802629575189442,28.113340237012626,3
1036,1038,0.004092736530290379,2,28.28591971198261,28.429972448592686,2
1042,1047,-0.012171246205692987,5,28.48145750731357,28.16328413320239,5
1049,1056,0.0006164373191011997,7,28.026535946267998,28.071839084896677,7
1058,1059,0.0005259801727751836,1,28.36004564411857,28.403322511470495,1
1060,1062,0.022634183195912372,2,28.718100458136995,29.39682930540322,2
1063,1064,-0.00769994221303615,1,29.615710787028735,29.41728723615765,1
1066,1070,-0.006320130762333175,4,29.3187351011906,29.16275559666606,4
1071,1072,-0.010070156207857447,1,28.97976469572107,28.716913703063927,1
1077,1078,0.005491025464341701,1,28.74331666896154,28.929890269389407,1
1080,1081,-0.0012376741536909359,1,29.226948157607705,29.220001667439377,1
1082,1083,-0.005510412046723911,1,29.177903932808835,29.04629956341214,1
1085,1091,-0.009643235452126427,6,28.720295894587778,28.472059614916116,6
1092,1094,-0.012614046282809203,2,28.390256885407055,28.060531127959095,2
1095,1104,-0.0025665776486799054,9,28.03311121400461,27.989195168553792,9
1107,1108,0.0027344570552504414,1,28.025296407653922,28.12995567354897,1
1110,1118,-0.038891540335714694,8,28.245380484445786,27.1751195105218,8
1120,1123,0.008264882001796117,3,27.233700232902418,27.486017252032546,3
1128,1131,-0.00271923003493805,3,27.63306356897606,27.585555976130923,3
1134,1137,0.006678423523133315,3,27.548486534895634,27.760015481931898,3
1138,1144,0.013349652420254283,6,27.832594057477017,28.231982108155847,6
1145,1147,0.0010813154552820172,2,28.26646241141754,28.32529383650057,2
1159,1162,-0.007152935584229511,3,28.35991327236935,28.185416552830127,3
1166,1173,-0.012034069317782923,7,27.997972064357317,27.68904049984185,7
1174,1175,-0.011706762937003255,1,27.533205593816525,27.23841408862776,1
1176,1177,-0.006348041711310775,1,27.200848947995382,27.05537767323844,1
1182,1183,-0.003536763651807768,1,26.737942975619024,26.670115133754365,1
1189,1190,0.001414062844467896,1,26.918047025815632,26.983028882986293,1
1192,1193,0.003975279363170963,1,27.07003864744887,27.204719652091764,1
1194,1196,-0.007604407234656946,2,27.074122279815217,26.89531375075842,2
1199,1201,-0.0020549011837359132,2,26.873183823176674,26.844835269750853,2
1202,1203,-0.002000262452485739,1,26.963935554130554,26.936964541824512,1
1205,1210,0.011833860924324431,5,27.017582707165452,27.364322606140647,5
1213,1214,-0.0016764286510156717,1,27.628520466951535,27.609831744122516,1
1217,1219,0.005337638531478317,2,27.540239185094364,27.714779266119947,2
1220,1221,0.0030140461407295238,1,27.785688793979293,27.897221830850278,1
1224,1225,-0.0030685136370426796,1,27.975229047241054,27.917361904457444,1
1228,1233,0.0021932173210127263,5,27.604375041806207,27.692521810325434,5
1234,1235,-0.004202759307500883,1,27.7943930141788,27.705374263256303,1
1241,1243,0.0018869103910869782,2,27.47272283343199,27.55203412245128,2
1250,1251,-0.0028653593422651802,1,26.827111182074844,26.777068979605374,1
1252,1255,-0.005870298805228869,3,26.71704101699787,26.586921044053536,3
1262,1267,0.012012177714807969,5,26.677544268715803,27.02467721573499,5
1268,1270,0.0001293220539551963,2,27.04604740087921,27.07659109868134,2
1276,1278,-0.003142398417918761,2,26.60277307201573,26.54577933307399,2
1280,1282,-0.007172127127905553,2,26.576773732702755,26.412738506574932,2
1292,1299,-0.007600528925509293,7,26.12982259803946,25.957351948162675,7
1300,1301,-0.006848297231090632,1,25.93545881253503,25.783780540574615,1
1302,1306,-0.02102839987362132,4,25.76398445701187,25.24797307396907,4
1308,1309,0.001762893149231903,1,25.571685595879355,25.642337430826522,1
1312,1316,0.023158766621731018,4,25.947599728388685,26.574461734620918,4
1317,1320,-0.023574491368969604,3,26.33531908219259,25.740812648872573,3
1322,1324,-0.003818009383647638,2,25.594801706891676,25.522675315509055,2
1334,1339,0.0084937944276968,5,25.943783906392458,26.190088857476336,5
1340,1341,0.00391741815575635,1,26.219096125506606,26.348026384821694,1
1342,1344,-8.479485168212566e-05,2,26.424726258212335,26.44891030372674,2
1349,1353,-0.023274820243680265,4,26.397524032302567,25.809523929604797,4
1358,1360,-0.00043954826037804237,2,25.76077484542346,25.775212516499586,2
1364,1366,-0.0013934396287715648,2,25.838709914297127,25.82854394186051,2
1368,1369,-0.001400880188171195,1,26.055337867741123,26.04489279899384,1
1370,1371,0.0028247063794196356,1,26.14695060296187,26.246955011735388,1
1375,1377,-0.0046098783850605386,2,26.73800199657459,26.64148106110745,2
1382,1383,-0.0012348515808404317,1,26.67319890233785,26.666934659409566,1
1384,1385,-0.005635228537663504,1,26.665627214918068,26.542025938676783,1
1386,1387,-0.004376767340266661,1,26.582518009624803,26.49275503098785,1
1388,1392,0.008952643627283242,4,26.52868459784305,26.79271514154598,4
1393,1397,0.009153594528020816,4,26.98448361197945,27.25847311712351,4
1402,1403,-0.0020984741897252792,1,27.421537824702806,27.391415973159795,1
1406,1407,-0.005947303109133292,1,27.462106420034246,27.32624305555906,1
1414,1415,0.0032852136359816167,1,26.971258924083898,27.086836530604973,1
1417,1418,-0.0004409606286978248,1,27.08130898846748,27.096448506418433,1
1422,1424,0.010169629891166054,2,27.069100263125122,27.371452094551096,2
1425,1427,0.008803078538175711,2,27.480528040841765,27.749921815496677,2
1428,1436,0.0016457018369956037,8,27.848322924409654,27.92200128352801,8
1441,1442,0.0023001763607254037,1,27.94844421518185,28.040679010099847,1
1447,1449,-0.002620324458956635,2,27.671104900908084,27.626268732830788,2
1452,1454,0.004941534376948878,2,27.654035776006978,27.818343180231498,2
1456,1458,-0.014547710516230893,2,27.921493757249294,27.543221442645333,2
1466,1469,0.0021439580407034966,3,26.960165010055153,27.04492663761721,3
1470,1471,-0.002322746113818666,1,27.03391826699268,26.998159256663723,1
1474,1476,-0.01668037871595467,2,26.962434426215392,26.53965324330824,2
1482,1483,-0.007865835779930616,1,26.138033332533762,25.958573888062233,1
1487,1491,-0.006823982058252532,4,26.04764465156355,25.895943636453108,4
1495,1496,-0.0005551430898703762,1,25.377836475415133,25.38912598133536,1
1503,1504,-0.006078361572148965,1,25.84383019051333,25.712585876396684,1
1505,1507,0.0012543568068526627,2,25.60296452871911,25.660682746080035,2
1510,1514,-0.004294577833343784,4,25.785066979122444,25.700116069021743,4
1517,1518,-0.0016207661550150573,1,25.72523490985575,25.7092655546939,1
1529,1532,-0.007532366403600648,3,25.564341159687846,25.397345516366116,3
1533,1536,-0.0047240152064066164,3,25.369192190797495,25.274716933304713,3
1540,1544,0.010769509368697885,4,25.48414588898506,25.784081782778735,4
1550,1552,0.005517165932358113,2,25.67719741249612,25.844539968711274,2
1553,1554,-0.0061909576918532895,1,26.001169819394484,25.866198846923314,1
1555,1556,-0.004225848108020954,1,25.861173588823934,25.777749370931225,1
1560,1562,0.003227899096839193,2,25.668004328641516,25.776526060960244,2
1563,1569,0.013095437940862521,6,25.82490539929396,26.188918750678354,6
1570,1572,0.00011827278551611786,2,26.31793765109449,26.347368284540618,2
1574,1575,-0.002408530446982842,1,26.46498177301013,26.427705040404,1
1579,1580,-0.006917902607954198,1,26.40370561954475,26.24745106119919,1
1583,1586,-6.549554093273496e-05,3,25.904113622144312,25.92832113183239,3
1588,1589,0.0014539707631849989,1,26.11598106252836,26.180068916507697,1
1599,1607,-0.006886161162632158,8,26.019768018864546,25.866611470891208,8
1611,1612,-0.004289049629720527,1,25.410886466518843,25.32730879979527,1
1613,1614,0.0003197721177882601,1,25.283828126267043,25.31719701765904,1
1615,1616,-0.0012929174381538164,1,25.401160658880677,25.393720215974344,1
1618,1619,-0.0003246189041774929,1,25.55288170996724,25.570139643217942,1
1621,1622,-0.0009535999428555606,1,25.594374009018537,25.595561589435132,1
1623,1624,-0.006896858002329507,1,25.570981132956785,25.420192688235492,1
1625,1626,-0.003932725374682772,1,25.32506234107512,25.250790888132027,1
1628,1634,-0.04108064666842336,6,25.233686178372878,24.222303718515636,6
1637,1646,-0.07635167742085318,9,23.73810236582345,21.94939653377073,9
1650,1662,0.1347449740582406,12,23.815149861042144,27.047936761122422,12
1664,1667,0.010605000422928015,3,27.202678403869456,27.518365498251136,3
1670,1671,0.009959232392409645,1,26.736561990452316,27.02957418667975,1
1672,1676,-0.02726772073616732,4,27.131161260928675,26.41848749367868,4
1677,1678,-0.018402259995079967,1,26.216797140579388,25.760565620500756,1
1679,1680,0.005368261854862838,1,25.67393849998553,25.83743686319908,1
1681,1686,0.012197465141744347,5,26.05851077794383,26.402417065581513,5
1690,1691,0.002696498442166937,1,26.996021546275163,27.095812297865674,1
1697,1699,-0.012355029668359024,2,28.11981843993802,27.800517067283653,2
1707,1713,0.03851853392547276,6,29.45504428524172,30.619064452104347,6
1715,1724,0.04139770097645344,9,30.921814991171534,32.23282885681644,9
1727,1731,-0.020970383403806823,4,32.29188341325418,31.647002120660467,4
1733,1737,-0.0049087355450480935,4,31.22956842792672,31.10750030375597,4
1738,1742,-0.004499944279617638,4,31.303611790656,31.19405089363792,4
1745,1750,-0.02306863428933435,5,30.871736804326822,30.19043973491555,5
1752,1753,0.001034470872745945,1,30.406600128707836,30.468461471008926,1
1757,1758,0.003911741888470367,1,30.30260140393609,30.451439960581425,1
1761,1763,-0.001237506192342874,2,31.312289268649938,31.304852406052202,2
1766,1770,0.020098674307951567,4,30.704542262695462,31.352367399670808,4
1771,1773,0.03692089572424847,2,32.622927867893566,33.86001851379164,2
1775,1782,0.0058677408986911855,7,33.836606675710456,34.06898772325016,7
1783,1784,-0.019063384093092002,1,33.98871241055221,33.37476124345076,1
1786,1790,-0.026315898816026983,4,31.920606053307125,31.112507220315344,4
1791,1792,0.017722451415509235,1,31.128631234401208,31.711435520318588,1
1793,1796,0.020830669964542234,3,32.514044019669505,33.22384738387551,3
1799,1800,0.0005010988720747938,1,35.01200503608074,35.064561517349475,1
1805,1810,-0.0378664842894329,5,34.93515348874743,33.6472172015056,5
1811,1812,-0.006363123089786927,1,33.440967507214815,33.26161948223206,1
1815,1820,-0.0416449411255197,5,33.594764838847446,32.22930759984681,5
1826,1831,0.0285713299246569,5,29.84837152493504,30.731027567012628,5
1835,1839,-0.04537854946408824,4,31.829362577434164,30.416821635881103,4
1843,1844,-0.0008251968205923365,1,29.811178657387043,29.816389746198244,1
1845,1847,0.004664074877588488,2,30.03551476430075,30.205638168912664,2
1850,1851,0.001516443633873103,1,30.382647340722077,30.45910356020285,1
1860,1868,-0.014101705584705897,8,30.74728654876312,30.34444465287264,8
1870,1875,-0.028410555102422852,5,30.312739056567718,29.481850052352303,5
1877,1881,0.020912865309002937,4,29.657722152206684,30.307607823099822,4
1888,1890,0.0058375332507951405,2,31.076841353371137,31.289330289454497,2
1891,1894,0.018438560986906573,3,31.3744823549457,31.984357143634938,3
1895,1898,-0.012219763344976087,3,32.02276237901476,31.66347456346981,3
1902,1903,0.0001004517582560312,1,31.86614568392203,31.901212839968746,1
1907,1909,-0.009744424039677037,2,32.07972021007785,31.799201533486734,2
1912,1915,0.0048703427673492975,3,31.23270263726931,31.416049307300774,3
1916,1917,-0.0020705841205183846,1,31.492947990330443,31.459232140303683,1
1918,1921,0.03528539382236055,3,31.39453404649791,32.53369707824459,3
1927,1932,-0.0022734288007282355,5,32.53165308036219,32.49022633639436,5
1935,1938,-0.01800604532956286,3,32.48223372394279,31.929839384827964,3
1942,1944,-0.00023700604263623688,2,31.500300537963273,31.52433507692888,2
1947,1948,-0.0008873420744533584,1,31.32126759263233,31.32479618166481,1
1949,1950,-0.00969023776868443,1,31.4217352025896,31.148672852574453,1
1952,1953,-0.004911195415523126,1,30.849394176159944,30.72873616708648,1
1956,1959,0.022192443899522078,3,30.579241893410128,31.288449245512957,3
1961,1964,0.0331679663513779,3,31.995190064942882,33.08840064248779,3
1966,1968,0.01785162850252594,2,33.48501855487497,34.11626568507166,2
1971,1974,-0.004029460962523183,3,34.14365905589465,34.04022217366712,3
1976,1977,-0.003441630027807187,1,33.85446774668517,33.77180766165943,1
1978,1979,-0.004348095487027805,1,33.87037662242073,33.75697536730727,1
1982,1983,-0.00702517354992683,1,33.578707264750875,33.37638972589856,1
1987,1991,-0.0029173518516531164,4,33.38186540033309,33.31786061889613,4
1992,1996,0.017046980305936148,4,33.26242702370632,33.86271338913079,4
674,675,-0.0028004379552452755,1,27.126782478879697,27.07794239010104,1
676,677,-0.006492150056043628,1,26.981831422077317,26.833643155120395,1
678,682,-0.021868198733176136,4,26.757124760016552,26.19875176299614,4
686,687,-0.0011605963537456878,1,26.120158521245337,26.115963719027565,1
691,693,0.006943002547535013,2,26.489023010577064,26.69942538783179,2
694,698,0.01182397826239685,4,26.77173758003733,27.11505776081032,4
702,708,0.027129658827557957,6,27.018282806740004,27.778297884200075,6
715,726,-0.033391644995723405,11,27.221521543456163,26.339771681377094,11
728,729,-0.0061123308049806785,1,26.235956066785786,26.101829180387437,1
730,735,0.007609043270425727,5,26.054907465140406,26.27921529091474,5
738,739,-0.005889076571065865,1,26.641227647668376,26.51097664575173,1
741,743,-0.0010310129841343586,2,26.275003652605832,26.274188786334424,2
744,746,0.001787875857045719,2,26.251404127381985,26.324589783162264,2
749,753,-0.00849801828725354,4,26.379316611556643,26.18152401319794,4
754,758,0.005806600735724738,4,26.194136185670708,26.372429212303768,4
765,766,-0.000616610840928153,1,26.909521302695836,26.919838121439103,1
768,770,-0.0027547241050192286,2,27.001476831064156,26.95409668879757,2
771,772,-0.0002009177691475472,1,27.136172156725188,27.15785618970898,1
774,776,-0.0019060679833267044,2,27.21008846280956,27.18543427282992,2
777,783,0.01567409479516229,6,27.293553890135072,27.748649194996055,6
784,785,0.0017462232561416702,1,27.946095042205737,28.022841258328988,1
786,789,-0.004022060097673087,3,28.22538204427412,28.14008324345654,3
795,797,0.003623211067034864,2,27.678342990523852,27.80630581215483,2
801,804,0.009608125133934681,3,28.0703185913258,28.368092043492,3
806,807,-0.004247293147877669,1,28.599991267046327,28.507118711375487,1
808,809,-0.00022496913056093987,1,28.519501856728173,28.54160535104816,1
811,815,5.239489376861065e-05,4,28.596826680157804,28.626921834533988,4
817,820,-0.002263829848358188,3,28.522589040849727,28.486541341467447,3
821,825,0.0029347723426726676,4,28.507658966534514,28.61983011459038,4
826,828,-0.002461318360570782,2,28.537708159489735,28.496005482587663,2
829,831,-0.011183192216244486,2,28.338963116469532,28.05038200784546,2
833,834,0.0051070169700749716,1,27.91042506407823,28.08087450358656,1
836,837,0.0033133561500070484,1,28.36201917691037,28.484354666753713,1
838,840,0.0012064049999068265,2,28.674634965231498,28.737902823189287,2
841,844,-0.003832675896287076,3,28.70840202328635,28.627080424854068,3
845,846,0.0005787909644464713,1,28.562300521582472,28.60739442356975,1
849,850,-0.006992155230430751,1,28.413173430112636,28.24291728433025,1
856,858,-0.00542287442192465,2,28.127945909086055,28.003539536583478,2
859,860,-0.0010832705846884826,1,27.87842086957253,27.87609941716653,1
862,863,-0.0034647530870865985,1,27.82534849165651,27.75676587806244,1
869,877,-0.00319319174615304,8,27.71323745846605,27.652457014812963,8
885,890,-0.003683202927847901,5,27.164144799170746,27.091257886313127,5
894,898,0.00988156156904453,4,27.029348691187263,27.32347021314159,4
899,901,0.00033901949588843175,2,27.32355742823161,27.36014420432504,2
903,905,-1.3906033836108556e-05,2,27.52821435462743,27.555359760701794,2
913,917,-0.02233628521297756,4,27.934939214591747,27.338911384102026,4
919,921,-0.0020194840779661893,2,27.328812601320067,27.3009513120033,2
922,931,-0.0015705416941939603,9,27.285376802154687,27.269809357047265,9
933,938,-0.00708812041065803,5,27.329383614358758,27.162999036165477,5
939,941,-0.004466952710456504,2,27.10181800945229,27.00785728804612,2
943,945,-0.008403360547167536,2,26.70451555513244,26.50681239824035,2
946,948,0.0034804919635142897,2,26.352908764409218,26.47098276034338,2
955,958,0.0033174067184334405,3,26.65441372857983,26.769491673487504,3
960,961,-0.002714105270617333,1,26.828836876084523,26.782849425390694,1
967,970,-0.005114515203298395,3,26.491689107281115,26.382688649688152,3
976,981,-0.004094261548266434,5,26.172105767212877,26.091122426700228,5
985,987,0.00753003279221428,2,25.739715462174882,25.9592760791295,2
991,993,0.0007455865984300287,2,26.31064034346537,26.356567844645035,2
995,996,-0.005023748931464718,1,26.33256367177157,26.226608046834553,1
998,999,-0.0011567657538011874,1,26.25076190295821,26.246646682480637,1
1000,1005,-0.008202150883257542,5,26.180414472848646,25.99185917762897,5
1013,1016,0.013897701975818546,3,26.508712518449936,26.903631417312454,3
1018,1019,0.002061261348584512,1,27.06343557832467,27.1462838276205,1
1021,1022,0.006028894407327053,1,27.41349509387515,27.606181656225775,1
1023,1025,0.0034657856331503653,2,27.614264743788087,27.737584130550907,2
1027,1029,0.0015300008895252721,2,27.509165009764004,27.578763221708805,2
1032,1034,0.009105812992197926,2,27.960540497531532,28.243104490960363,2
1035,1036,0.0038738330191311603,1,28.17746939678753,28.31480167752915,1
1039,1043,-0.0009423756167729179,4,28.464792420864445,28.466432686971384,4
1044,1049,-0.015228475339774412,5,28.436487880056998,28.031880013505813,5
1050,1054,-0.0037285651253637156,4,27.894358019221702,27.818246446736044,4
1063,1064,-0.003944112728681049,1,29.54662043305599,29.45963185174952,1
1073,1076,-0.002730999172317385,3,28.753092494110724,28.703320914801854,3
1084,1085,-0.00462811616380911,1,28.820542699744117,28.715978422925424,1
1087,1090,-0.00031511261699635666,3,28.46289194854904,28.482385824128396,3
1092,1093,-0.004776036048088857,1,28.355164091159754,28.24809396940206,1
1094,1098,-0.015674454167963224,4,28.080823828918383,27.66875306664227,4
1101,1104,0.006056575675765286,3,27.797988447903375,27.994147057020054,3
1107,1108,0.0033033309953976733,1,28.08210644770022,28.202953046792665,1
1109,1111,-0.005428608580429982,2,28.27220141594174,28.146994902163456,2
1117,1118,-0.002104369549325089,1,27.131290367095417,27.1013273961801,1
1121,1127,0.004764735544032365,6,27.37098477427183,27.528771263075242,6
1131,1132,-0.004291282633583435,1,27.662401020946245,27.571356240862784,1
1139,1141,-0.0039032173814707747,2,27.945728203956122,27.86459568009654,2
1144,1145,0.00068466135146976,1,28.216037470571848,28.263571938390143,1
1149,1150,-0.0027569400830709865,1,28.542093852076153,28.491947103332667,1
1156,1157,-0.004012070683114214,1,28.642438435546108,28.556165386441496,1
1159,1167,-0.01980345940982562,8,28.41849868112912,27.884132594690325,8
1174,1175,-0.009879149313929119,1,27.466978989478196,27.223095581828066,1
1181,1187,0.0010973756511182277,6,26.718648185471164,26.774687227606165,6
1188,1193,0.009353583700171905,5,26.81673715554386,27.09438648824929,5
1198,1199,-0.0007905780292219308,1,26.865275211331703,26.870901390211955,1
1203,1204,0.0006489434802125547,1,26.975138986467865,27.01961946602743,1
1209,1211,0.00718560764921491,2,27.31200614660873,27.535571513037816,2
1214,1215,-0.0030391874322139535,1,27.595206426961745,27.538934628826535,1
1221,1226,-0.009929691826101518,5,27.993286361376267,27.743314940969366,5
1227,1233,0.000619589011610362,6,27.621207566615862,27.665942570878162,6
1234,1235,5.052523231818774e-05,1,27.703376412455402,27.732479508397095,1
1239,1246,0.0005781642728594945,7,27.444132558589622,27.48744390809321,7
1247,1248,-0.014273904583691394,1,27.355287798880518,26.99217631877876,1
1250,1252,-0.007110813266260205,2,26.845238885931717,26.68119264401164,2
1254,1257,-0.009545992198356335,3,26.59987060302832,26.372548316377554,3
1259,1262,0.009175887636096558,3,26.405903419943012,26.67460692607397,3
1265,1266,-0.0029399592476616254,1,26.918686857032647,26.86646570152944,1
1268,1271,-0.006889513995941713,3,27.096106356827796,26.936523459203734,3
1272,1275,-0.01315190157244095,3,26.91388538172317,26.586830495632512,3
1277,1278,-0.0030119537650657073,1,26.58044260746878,26.52696398588757,1
1283,1284,-0.009138095975291187,1,26.289924093292328,26.075974167837995,1
1291,1294,-0.006024253764631013,3,26.191512723431615,26.059919917029532,3
1298,1301,-0.009993726663195427,3,26.092276529100143,25.857609725976907,3
1304,1307,0.0065754079428837426,3,25.147875639810845,25.33838105667932,3
1312,1313,0.0016858625611728675,1,25.987240330950506,26.057038486823608,1
1314,1315,0.003375817592834004,1,26.311142432268586,26.426275192211268,1
1317,1321,-0.02774469511307912,4,26.345517339242704,25.64091451040832,4
1323,1324,-0.005041420929320833,1,25.563717224084964,25.460403482264308,1
1326,1335,0.02543996990100272,9,25.327748996411202,25.997413917536466,9
1336,1337,-0.0007330746697686991,1,26.110736269488367,26.117705886389682,1
1338,1340,-0.001193705991213557,2,26.237133591310755,26.232051301341848,2
1341,1342,0.0010145723185001065,1,26.370559312238644,26.423684711052445,1
1343,1346,-0.0036829769761945776,3,26.40289282777915,26.332054474217287,3
1347,1351,-0.013373295802599574,4,26.478048060859425,26.150427339926964,4
1355,1356,-0.0004960330563016041,1,25.623042578242238,25.63595574469865,1
1358,1360,0.0012758461642452187,2,25.741011984500805,25.79959456788952,2
1362,1363,-0.006171343260036907,1,25.971319939379168,25.837013329056397,1
1365,1366,-0.0012837599445255704,1,25.84029362976122,25.832961189474315,1
1367,1369,0.0034460574885601244,2,26.0087070692653,26.124343276098372,2
1374,1377,0.0018802425306790518,3,26.637583364089625,26.714306064609385,3
1378,1379,-0.005959614385354042,1,26.67733716928124,26.545027864093534,1
1380,1381,0.0009504545395288425,1,26.56999695113468,26.621820522303288,1
1391,1393,0.008848984529988172,2,26.697849080654745,26.960795783234072,2
1397,1400,0.0002559127513274812,3,27.315831429424644,27.35013773042997,3
1409,1415,-0.00864582189317337,6,27.278183587302088,27.06961945402429,6
1416,1420,-0.01021127421856349,4,27.113263036792734,26.863515336000795,4
1421,1422,0.003972397117156406,1,26.936850777112443,27.07079149626183,1
1428,1431,0.0020784303140267257,3,27.869132438360904,27.95492562048478,3
1432,1433,-0.0024978105156568016,1,28.02802673034753,27.986046057177706,1
1434,1437,-0.0005074150038318364,3,27.879760807688864,27.89349395955949,3
1439,1441,0.0010918146112340794,2,27.901403269122557,27.959767832154842,2
1451,1456,0.00946575465044399,5,27.62414226799899,27.913249763404828,5
1457,1460,-0.016386148322957036,3,27.88895712223556,27.459853491380255,3
1461,1464,-0.015518029973355652,3,27.41525302481485,27.017237559673458,3
1468,1469,-0.0013608595389479055,1,27.022785894813005,27.013034464753915,1
1473,1475,-0.010713578468169675,2,27.072515137034006,26.809544136919715,2
1477,1478,-0.007674773177267661,1,26.491203131656142,26.314380359559415,1
1479,1482,-0.012101111343377057,3,26.402660663010227,26.10956178722875,3
1484,1487,0.003882430069740159,3,25.912567048619504,26.039083345161842,3
1488,1489,-0.0019801779148759416,1,26.040565796929776,26.015041409444752,1
1490,1491,-0.0041214119510303085,1,26.007396351063637,25.926216553278245,1
1496,1498,0.005109597892473967,2,25.391731559721727,25.546864829345267,2
1500,1501,-0.005067196382413528,1,25.71483224776064,25.610244975068177,1
1506,1507,0.0014499388853383205,1,25.635195673612504,25.698000336326544,1
1514,1516,0.0008672205068272351,2,25.736755182543867,25.784811379599905,2
1517,1518,0.0007720824572244195,1,25.699084332242805,25.744625228754703,1
1521,1522,-0.000695024001165798,1,25.805590496609316,25.813460582346526,1
1529,1531,-0.009620036518087197,2,25.589700097341094,25.369115948015114,2
1532,1534,-0.0036752980567372148,2,25.392186436813653,25.324254769782936,2
1536,1538,-0.0019911589375783095,2,25.293041798452258,25.26797237401518,2
1540,1543,0.009977545006198307,3,25.427403270351853,25.706533734142894,3
1549,1553,0.005657327160102991,4,25.730398509634814,25.90169419047328,4
1555,1560,-0.008104366549134354,5,25.837466586553425,25.65390775322154,5
1561,1564,0.004256838631512687,3,25.73502406795414,25.87030893665747,3
1565,1568,0.005109024294343839,3,25.982691952445226,26.141420848815166,3
1570,1572,0.004866201133710946,2,26.282213634810542,26.4363903862315,2
1579,1580,-0.006901021059884101,1,26.34628130782391,26.190811346976812,1
1582,1584,3.4567771039297835e-05,2,25.906874379978102,25.93367679725999,2
1585,1587,0.0010701785193149025,2,25.96487365509905,26.018625578796563,2
1588,1591,0.006916939251130746,3,26.128181774951425,26.335037002806217,3
1593,1594,-0.0019711078509529706,1,26.429018883418752,26.40335345568808,1
1596,1599,-0.012953829257037107,3,26.310038084751575,25.99553238174031,3
1602,1603,0.0029142513362024934,1,26.11029766074151,26.21249992824871,1
1604,1606,-0.007183641404708089,2,26.241770330536838,26.07950063298809,2
1607,1610,-0.020211652961805403,3,25.928774620377062,25.43064000064551,3
1611,1612,-0.0029415478625095253,1,25.349955835128043,25.30073768256164,1
1615,1616,0.0024540714794730454,1,25.319903627290028,25.407360384272057,1
1617,1619,-0.00020547598317219805,2,25.54363726782782,25.563932301114246,2
1620,1621,-0.0037725055854690714,1,25.596472671966417,25.525506308515084,1
1622,1626,-0.011859247179326397,4,25.561958371284014,25.28437474694259,4
1628,1631,-0.015473423721919247,3,25.186741260183265,24.822202881750286,3
1633,1639,-0.035377914338785184,6,24.40328470545966,23.564350674270383,6
1642,1646,-0.056223793312094913,4,23.208993820571717,21.927305142842776,4
1647,1648,0.025594817881495282,1,22.240795745647215,22.832285658042238,1
1651,1655,0.018774355176405744,4,23.97894232998501,24.453110452372684,4
1658,1660,0.03669201561658987,2,25.046138815193586,25.99017827055114,2
1663,1664,-0.0017752320085849115,1,27.16434431311752,27.14328564391377,1
1667,1678,-0.06800519045778748,11,27.585811074616984,25.73741854962973,11
1682,1684,0.004840207524141449,2,26.274120693657203,26.4275670110225,2
1685,1688,0.000699729365166333,3,26.504124200843346,26.549174039045536,3
1689,1690,0.008507802698675355,1,26.70866308445639,26.962603783408795,1
1692,1693,0.0073339366888625765,1,27.2887699511047,27.516192832194143,1
1694,1697,0.01367280478650761,3,27.713146164517696,28.119775748209616,3
1698,1700,-0.0073087192619123295,2,27.97087639566405,27.794415988974155,2
1701,1706,0.03839807680223188,5,27.850939552800686,28.948213008316245,5
1708,1710,0.009636164838632548,2,29.783376951779218,30.10015785848947,2
1711,1712,0.010751701904605386,1,30.27405285218486,30.629824496748004,1
1713,1715,0.005098639981803603,2,30.645921305446024,30.832819746398624,2
1722,1723,0.00803743573814462,1,32.06105053640774,32.35080022032793,1
1726,1728,-0.01916135436534305,2,32.508881551521824,31.918476233643673,2
1729,1730,-0.003593660699877495,1,31.957184565424907,31.874298471738832,1
1731,1733,-0.019061502219187107,2,31.723268566489818,31.150298680876293,2
1735,1736,-0.00688727443799373,1,31.070265957431133,30.88734677487828,1
1737,1739,0.0008602443271767928,2,31.078744507994248,31.13655856616102,2
1740,1741,-0.0016945871646593166,1,31.007253542598086,30.98571630227606,1
1743,1748,-0.03587421903395211,5,31.429692694385654,30.333606707191844,5
1751,1752,0.0023833975265080925,1,30.297601831255683,30.40011066235068,1
1754,1757,-0.0056496150367940125,3,30.481637748193002,30.339909866972896,3
1758,1762,0.03134788300893546,4,30.45529167478686,31.44045588688587,4
1764,1765,-0.009886965941020384,1,31.141868292483966,30.86511156962892,1
1769,1770,0.023849165611564974,1,30.62782337220303,31.388899227500662,1
1774,1775,-0.010537934520728674,1,34.16276452863112,33.836922317509966,1
1779,1780,-0.007308213220736695,1,33.692796472916136,33.480255128762096,1
1782,1787,-0.06530331394926038,5,34.145132071769744,31.949486924319775,5
1788,1789,-0.011701938735722419,1,32.13243653766356,31.788557170407994,1
1791,1792,0.016358701686621898,1,31.157533530468108,31.698387860314423,1
1793,1797,0.04392748844818977,4,32.57268755917242,34.036096603213636,4
1799,1800,-0.00024202869064618405,1,35.0355778927045,35.0621338555538,1
1803,1807,-0.02019107850241496,4,35.041076440111034,34.36860039133974,4
1808,1814,-0.028687797612817215,6,34.25195280926766,33.30359167204089,6
1820,1821,-0.013109275431236796,1,32.249191579592036,31.858677236320034,1
1824,1825,-0.013656170346048258,1,30.934807338831305,30.543291147528873,1
1829,1830,-0.0084978285606639,1,30.743612212512115,30.513101878807166,1
1831,1833,0.023768990711318605,2,30.756265652649514,31.518067310914837,2
1834,1844,-0.06680910558085519,10,31.929435926066823,29.82818830607114,10
1845,1848,0.004991508059902081,3,29.957686331749745,30.137178050862442,3
1850,1852,-0.002492761840496547,2,30.390029095612245,30.344664019846736,2
1854,1858,0.008585642488777877,4,30.456043739311735,30.74798448621936,4
1859,1860,0.004235548349331777,1,30.63547717064111,30.79587069257285,1
1864,1865,-0.004115280562323994,1,30.86657421958169,30.770416180889896,1
1867,1869,-0.005906383702771928,2,30.55879170427894,30.408858546684662,2
1874,1880,0.00822158035587255,6,29.695512933626645,29.969352492352936,6
1882,1884,-0.006349623907524203,2,30.482344684427,30.319275604545798,2
1886,1890,0.026514319452960303,4,30.41248113950451,31.249259860933968,4
1894,1895,0.002951319267872593,1,31.9331332446717,32.059311249344915,1
1897,1902,-0.003444857999912403,5,31.89343423357418,31.815459315743546,5
1904,1905,-0.0013255939750805867,1,31.85775217428396,31.847379482116402,1
1908,1910,-0.012601013988114595,2,31.94730869151056,31.57668751649773,2
1914,1928,0.040784653074359745,14,31.246740464989873,32.55237467502403,14
1933,1936,-0.010090941718290239,3,32.53561857095079,32.23983915875375,3
1937,1939,-0.014421348814231443,2,32.10389695106454,31.673019351788163,2
1940,1944,-0.003692015145722217,4,31.597038813753283,31.511979106706686,4
1945,1949,-0.00614624165346623,4,31.446865804444432,31.285032633770637,4
1950,1953,-0.015506116494843802,3,31.13450693368087,30.682866149091375,3
1954,1956,-0.005469870753542747,2,30.734963370472684,30.5975820565918,2
1958,1959,0.013333095316315043,1,30.929312141051618,31.37262492003737,1
1961,1965,0.03627891586672416,4,32.02751977556274,33.221470990695785,4
1969,1970,-0.003459944337761738,1,34.3818107139734,34.297233373385566,1
1972,1973,-0.0016361310025814907,1,34.21782922789371,34.19606220588081,1
1975,1976,-0.0034469766498704457,1,33.90889325455895,33.82591898454209,1
1977,1981,-0.0054442046041081795,4,33.84152948584452,33.691130804693465,4
1988,1993,-0.0003267360010066569,5,33.43640490982809,33.45891643750964,5
1996,2000,-0.019401874660268395,4,33.866254525879526,33.243051954881544,4
675,678,-0.010068318645560452,3,27.010317973764277,26.765379803660274,3
679,683,-0.01641335910911122,4,26.619141736533695,26.20885134577217,4
685,686,-0.005798678710397018,1,26.17754368008959,26.051926058541458,1
690,692,0.0035211466137862035,2,26.405795723925586,26.525180197847142,2
694,695,0.0006620289073541678,1,26.75049011625056,26.79495020410966,1
696,697,0.0026182946412953317,1,26.95846954890917,27.056013234815513,1
704,705,0.005479866008916106,1,27.36733733983206,27.544674018814977,1
710,711,-0.011120057940341366,1,27.644916301284958,27.365148146560067,1
715,716,-0.007996538804973797,1,27.25007591016983,27.059419696625845,1
718,719,-0.00968488321220383,1,26.88222052446464,26.648751578724955,1
721,722,0.001810256838751159,1,26.780244572676423,26.855503938130216,1
723,726,-0.01845368507893316,3,26.81299295591857,26.345007420842315,3
727,728,-0.003478236806912225,1,26.313862548072937,26.248650565374273,1
729,730,-0.004023999259440597,1,26.108950294652526,26.029996848296726,1
734,741,0.005086176708323791,7,26.114826879145788,26.273766330239553,7
746,750,-0.0007337624346940947,4,26.339792429557864,26.346805071764972,4
752,755,-0.0028370108828023885,3,26.263184417961437,26.214938662368596,3
764,765,0.00045161017250887965,1,26.894430547781294,26.933470776748287,1
771,772,0.004237866385488693,1,27.069469915619415,27.211256182163435,1
773,776,-0.0017336515411383385,3,27.22527275580507,27.20529889248986,3
777,779,0.01139183906748054,2,27.211983922465972,27.54919044794004,2
780,782,-0.0012743498603721688,2,27.79334864901372,27.785723547692587,2
785,788,0.005494118546386465,3,28.01236636270623,28.194281990630454,3
789,790,-0.00869625267382679,1,28.175479540386362,27.958633930637312,1
792,796,-0.004923655916793808,4,27.81983345877521,27.71067800462047,4
801,804,0.010246257630073072,3,28.070691482616336,28.386381710884137,3
812,813,-0.005504416761847948,1,28.6825823172628,28.553384012699837,1
814,815,-0.0003303547957801248,1,28.57313437724898,28.592268239654235,1
816,817,-0.006324225541284337,1,28.563756387973207,28.411676506657336,1
821,822,-0.0014120248888269753,1,28.489295627837024,28.477557328973205,1
823,825,0.0007244140770375064,2,28.49261185873905,28.541744919719825,2
826,827,-0.0036281445794898496,1,28.566321147325368,28.49124472524606,1
828,829,-0.005469699873038631,1,28.470886864730627,28.343630545326043,1
834,836,0.011689658432396024,2,28.027370455146027,28.383028212980058,2
842,843,-0.00406853039291045,1,28.72877646123736,28.640621337514922,1
848,853,-0.01939053991704168,5,28.595617600955634,28.0697287540128,5
856,860,-0.014850519956795327,4,28.15714495147071,27.767153853393985,4
863,864,0.0008522529875449019,1,27.83125646871106,27.88280699665236,1
865,866,-0.0069105232506094915,1,27.852064215870087,27.687443942744718,1
867,871,0.0053877027737014626,4,27.728074616905918,27.90519331604573,4
872,876,-0.010745483315618438,4,27.953292808436032,27.680874459754822,4
877,880,-0.014540008312481797,3,27.681558758006265,27.306750222320407,3
883,884,-0.0021803119152499608,1,27.15957925963258,27.12752248461926,1
889,890,-0.0055037067803463775,1,27.199966351806406,27.077465678922582,1
895,897,0.00863103353796878,2,27.121796995801063,27.383007932277604,2
901,903,0.001926672405026857,2,27.3885071772139,27.46866436538433,2
906,907,-0.0017291610285466068,1,27.626216177602938,27.606072217400026,1
908,910,0.0014128051067027478,2,27.738961837001074,27.805890545776023,2
911,912,-0.0004676752950506524,1,27.88181533359495,27.89665751271586,1
915,919,-0.012619473082615018,4,27.607308389841823,27.286526013122604,4
920,922,-0.0032194320021533126,2,27.301151190136217,27.240558141489203,2
923,924,-0.0058763259131994995,1,27.224996864640072,27.092238906942253,1
925,926,-0.0015104366538268702,1,27.05312132566048,27.03931242093544,1
930,933,-0.003355097896049693,3,27.371956613439554,27.30749297600848,3
934,937,-0.008823546047457442,3,27.391352413832333,27.17705490692058,3
938,940,-0.007437918892242731,2,27.259819041529,27.08432253752242,2
944,946,-0.011133582414736769,2,26.638676660363156,26.36873143500584,2
953,955,-0.00455350523165369,2,26.64029635761561,26.54562992513602,2
958,960,-0.0007569309719742967,2,26.814162799079476,26.82068049156837,2
965,966,-0.0007514823019636477,1,26.43702706399155,26.44359713310042,1
969,972,-0.014629748082152505,3,26.505901746182662,26.144632982691906,3
974,977,-0.004890416737403604,3,26.208333531261495,26.10637219183202,3
978,981,-0.002542892557636226,3,26.154804278779032,26.114450225910872,3
982,983,-0.005872338525096898,1,26.02900869857338,25.90218655672124,1
990,995,0.0026656957765102446,5,26.226061354410025,26.322198116751384,5
1009,1015,0.027238676710408794,6,26.046418834665598,26.781935235601622,6
1017,1018,0.0019443153560364862,1,26.92328695954248,27.002557606772438,1
1019,1020,0.006648646064509051,1,27.17897371479696,27.386856065138037,1
1022,1025,0.0037088703468567174,3,27.633389135656056,27.7635111823401,3
1027,1030,0.006351538355259147,3,27.522542595530382,27.724875623055677,3
1031,1033,0.01263019876672786,2,27.74085159055254,28.11896491169007,2
1037,1038,0.002344950462706092,1,28.314766555517227,28.40947804700852,1
1039,1042,-0.0017866262581326365,3,28.44294587267657,28.42057190459448,3
1045,1046,-0.005851706755772664,1,28.47776776578308,28.339601987524507,1
1048,1051,-0.008630068838496603,3,28.05053505154705,27.836507538147085,3
1057,1060,0.014175996258091829,3,28.22908285426598,28.657487310031684,3
1061,1062,0.00833186025426745,1,29.075740016540088,29.347070759163852,1
1066,1068,-0.0014442438000731414,2,29.338535338747366,29.3255018763199,2
1069,1070,-0.007415115250595312,1,29.312068666801196,29.124028368070302,1
1071,1078,-0.0017278956520954405,7,28.965242058742422,28.944158384985972,7
1081,1084,-0.01753784558396411,3,29.300014850627022,28.815455729419497,3
1086,1091,-0.0025094506957424245,5,28.560553911657323,28.517443163684582,5
1098,1099,-0.0014339831027985251,1,27.741380443101903,27.72934115274129,1
1101,1103,0.003367920551545409,2,27.843703119018148,27.965322202102836,2
1107,1108,0.004402308065965935,1,28.01952728305831,28.170897401304128,1
1111,1112,-0.006247203535124322,1,28.124972189991254,27.97739473649066,1
1113,1114,-0.0083870365961254,1,27.87233518952142,27.66644122945695,1
1115,1119,-0.008045408818388245,4,27.29989708303614,27.107558147386225,4
1120,1128,0.010195851648699211,8,27.2736857159293,27.57903785511809,8
1131,1134,-0.007256757005400601,3,27.64996084224092,27.476961756042176,3
1136,1140,0.008194756263314139,4,27.601894566149735,27.855687259091177,4
1143,1150,0.011889976806207396,7,28.131754234297315,28.494371893895334,7
1154,1157,-0.0024627662186291854,3,28.63282617191894,28.590943041050775,3
1166,1167,-0.005183899804146787,1,27.98744405365929,27.870347391964614,1
1180,1181,-0.00776448023078029,1,26.922916966040844,26.740797426469122,1
1182,1183,0.0008619209252855576,1,26.64732968149225,26.696944902229202,1
1189,1194,0.009048071965025817,5,26.848517133955838,27.118292966272055,5
1196,1200,-0.004883561106885516,4,26.959684316924623,26.854984735457503,4
1201,1206,0.003478630422179713,5,26.850065903160306,26.97031742515173,5
1209,1211,0.007460593542562622,2,27.304964102541273,27.535980305507138,2
1217,1223,0.01615258436293111,6,27.51047552675022,27.982351279087155,6
1224,1228,-0.017387097648720082,4,28.005299768436227,27.546374186449185,4
1230,1233,-0.0013103457471438879,3,27.647723959637982,27.6391436060889,3
1241,1242,0.0009632549181895628,1,27.46760154314967,27.52152744697013,1
1244,1245,-0.00423288915403821,1,27.597788134793134,27.508567544856717,1
1247,1253,-0.030892006144659364,6,27.40008718237141,26.581043607951763,6
1256,1257,-0.0037661321995623564,1,26.477948141004735,26.40470663607356,1
1261,1263,0.007326311453341157,2,26.559861085568663,26.781006761124583,2
1265,1267,0.0032407374245284563,2,26.908128347389972,27.022238654296764,2
1271,1272,-0.0028531414708141667,1,26.974910109251578,26.92492178465664,1
1274,1277,-0.008749510286206626,3,26.765251361941374,26.557833771199103,3
1278,1279,-0.0010726310700359771,1,26.50832223125468,26.506396903446166,1
1282,1285,-0.017255300813731615,3,26.44692469672794,26.01702198018452,3
1287,1288,0.0007440957870361532,1,26.00260721527578,26.0479582529719,1
1289,1291,-0.001926312249426136,2,26.162543400397468,26.138308715969536,2
1292,1293,-8.16989628863599e-05,1,26.126209234482953,26.150200959518827,1
1295,1300,-0.003024499249278447,5,25.983276446401245,25.93067332274171,5
1303,1306,-0.011775850725532364,3,25.520379271957626,25.24537547446404,3
1307,1308,0.006334783846122177,1,25.39156129704712,25.57780291067652,1
1309,1312,0.009103696917709958,3,25.64479646562493,25.903903716629962,3
1315,1319,-0.0276916509510881,4,26.427077394872637,25.721695069391306,4
1320,1322,-0.0029270705098262276,2,25.66936004867974,25.619893381923816,2
1329,1330,0.002682193272300368,1,25.387355007762213,25.480836155573297,1
1333,1334,0.000936186580026351,1,25.920245236943565,25.970431667922327,1
1337,1344,0.00911255025688041,7,26.13942262055874,26.403758845494977,7
1348,1349,-0.0022023986721983746,1,26.342472353560694,26.31079819978035,1
1352,1355,-0.02019972384252984,3,26.038446012773573,25.538515040039698,3
1356,1358,0.0022715373089640845,2,25.648129486743706,25.73203829926473,2
1359,1361,0.004531137174146228,2,25.761445279305164,25.903935366949263,2
1366,1370,0.011273675764302257,4,25.839089710136914,26.156230319283853,4
1374,1376,-0.00040109256724276386,2,26.68266189471872,26.698642339253215,2
1379,1380,-0.004433594907340041,1,26.638456479492802,26.546990810985417,1
1387,1389,-0.0018090408669642873,2,26.534043491647687,26.512576366097136,2
1391,1393,0.010802990449135526,2,26.67455390949937,26.98939341452814,2
1395,1397,-0.001862375160166341,2,27.28340501364253,27.259876482874006,2
1399,1400,-0.002693404342616574,1,27.344435489491552,27.29813030368725,1
1402,1405,-0.003354645284796178,3,27.4898086799385,27.425079931550332,3
1406,1407,-0.003882899612130949,1,27.43361118414522,27.354522837103097,1
1409,1411,-0.006845211704148602,2,27.26034844213248,27.101005934359357,2
1412,1415,-0.0019030170678195329,3,27.08190976096317,27.057454334219873,3
1418,1426,0.020030038439180026,8,27.098499172332385,27.668381651570623,8
1427,1429,0.00029442651114944284,2,27.795118701812676,27.831097440340848,2
1430,1431,0.0015699824860677942,1,27.808624157692368,27.88009183473928,1
1433,1436,-0.002562147531481898,3,27.94176952833503,27.898120362041105,3
1437,1440,0.0022077072343414795,3,27.85073399790954,27.940070998836354,3
1447,1449,-0.006556689462163301,2,27.705773725234966,27.551821344334872,2
1450,1459,-0.008542485568499424,9,27.588066827288255,27.379984231380636,9
1460,1462,-0.01042789015501763,2,27.537893576482215,27.278269340742575,2
1466,1467,0.00027415750715766474,1,27.02097752836359,27.055406509732094,1
1468,1471,0.0024128677295745,3,26.985970515998687,27.078070063923988,3
1472,1480,-0.02440052188073174,8,27.0324271822266,26.399854278459618,8
1482,1485,-0.007529143509742366,3,26.081401048659373,25.91111183827753,3
1489,1491,-0.00837866197121208,2,26.09274788310631,25.900218316576808,2
1492,1494,-0.012786448949513356,2,25.833139004176527,25.528658030098118,2
1497,1498,-0.0020160713728630012,1,25.553583307998288,25.52761904352496,1
1502,1505,-0.00746155186641311,3,25.764438029461033,25.597959776824684,3
1508,1513,-0.002870947997588388,5,25.698746496208088,25.650665477910476,5
1514,1515,0.003762678646753709,1,25.743030686179075,25.865636468730866,1
1516,1517,-0.00461592118665251,1,25.789585429840233,25.69633232148949,1
1518,1521,-0.001047672230245421,3,25.724265558991437,25.723039225880814,3
1526,1527,-0.006220027080603474,1,25.889376773593895,25.75423352573579,1
1533,1536,-0.005684707667501701,3,25.381543521602897,25.262638410054215,3
1538,1542,0.011604858365891205,4,25.32202012854187,25.641200605800385,4
1547,1555,0.0033121685065004005,8,25.75405555714933,25.86511138443753,8
1556,1560,-0.006459196953183664,4,25.80485956129197,25.663985750597632,4
1561,1565,0.005878758135355149,4,25.749433557144634,25.92655768270663,4
1570,1575,0.002922917949756419,5,26.269108166736,26.372159722687382,5
1576,1580,-0.012307405575120528,4,26.49697830820981,26.19736622796371,4
1585,1590,0.011508248786683259,5,25.953739879076643,26.278375714428996,5
1596,1599,-0.012877835102687727,3,26.288256127848104,25.976008556424304,3
1602,1603,0.0026014848403383556,1,26.13124342184501,26.225354698887976,1
1606,1610,-0.026484981646882656,4,26.127790368018346,25.4619241100158,4
1611,1613,-0.002815547382514672,2,25.321756295593254,25.275783447230115,2
1617,1618,-0.0004573720348477876,1,25.56470646909884,25.57857859374988,1
1619,1620,-0.001364393838103504,1,25.59240163021462,25.5830759167583,1
1621,1622,-0.002864132386953001,1,25.58449081572071,25.536797937787423,1
1623,1627,-0.011141548550304407,4,25.53123548999082,25.272309225719823,4
1628,1631,-0.01630919139530763,3,25.235276453181797,24.848944776046537,3
1632,1634,-0.02192957861188049,2,24.728927845626693,24.21136180629413,2
1637,1638,-0.002098796648355013,1,23.76106506721486,23.73495648855766,1
1641,1643,-0.018844621310368077,2,23.309205194896393,22.893261255147802,2
1650,1651,0.003776466895131189,1,23.834119420719965,23.947962303107637,1
1653,1659,0.044281096528200184,6,24.29907783495671,25.399366723947633,6
1660,1665,0.05815952239596563,5,26.0013376338876,27.53956434996464,5
1667,1673,-0.02537154334832964,6,27.565991311750405,26.894165559556402,6
1674,1679,-0.0407822266772307,5,26.743228717503662,25.679323530582906,5
1682,1683,-0.00087134267156432,1,26.298759272657467,26.30214280076666,1
1687,1688,0.0019898205318594187,1,26.480589161232203,26.55976137040219,1
1690,1700,0.030379356044309094,10,26.973903968044212,27.820327704562473,10
1701,1703,-0.0067682357943612,2,27.781510815989705,27.62126051087948,2
1704,1705,0.009593208513493302,1,27.822396413210722,28.11712485976093,1
1707,1709,0.020282713116450874,2,29.48956749854263,30.117185503542327,2
1711,1714,0.010819548398038045,3,30.308144927898834,30.666373513728885,3
1716,1718,-0.01654428034719137,2,30.764487702719958,30.286275881131157,2
1722,1726,0.01092216145912386,4,32.06694990553031,32.44925725980568,4
1729,1733,-0.024374790289043432,4,31.896761979383687,31.15118185721606,4
1736,1741,0.00026825532681471376,5,30.935276158458624,30.974509987233073,5
1742,1746,-0.022371746612700364,4,31.160849714326424,30.494887929995404,4
1750,1751,-0.0002310379993758539,1,30.254605490818488,30.277870132784802,1
1754,1756,-0.005377399276318942,2,30.495094827512755,30.361605621483523,2
1759,1760,0.007442683005270141,1,30.723631004349176,30.983020881689786,1
1762,1764,-0.01058271727405587,2,31.46507119616409,31.16355031488321,2
1766,1772,0.08921812134122852,6,30.6805498397796,33.44849140804045,6
1775,1784,-0.012896921995410607,9,33.811891203445036,33.40963377128034,9
1785,1786,-0.022973925688410963,1,32.60815591709055,31.891626722132283,1
1788,1789,-0.010095452217475296,1,32.084791128538896,31.792965443921595,1
1794,1796,0.014971489259205828,2,32.57531401642848,33.09559029435712,2
1798,1800,0.007918270254064972,2,34.74573734497529,35.05560922079454,2
1803,1804,0.003523651591283466,1,35.14474580920302,35.30372839450808,1
1807,1808,-0.00899333548104184,1,34.463179117714475,34.18770336528335,1
1810,1811,-0.009513024471263697,1,33.66232114868732,33.375752984989006,1
1812,1818,-0.013818253239125694,6,33.213749303168115,32.78800705357927,6
1822,1824,-0.023725780762330853,2,31.597818276814124,30.879733186087275,2
1828,1837,0.02183871608154228,9,30.485174168076018,31.181416405597073,9
1838,1841,-0.031530113563590124,3,30.83115091253258,29.889872373876774,3
1849,1852,0.003920429795199527,3,30.18274794234797,30.331260034624496,3
1853,1854,0.008906507508571113,1,30.16525427007096,30.464086587995375,1
1856,1859,-0.014868465372663509,3,31.111084274798817,30.679621279827753,3
1860,1865,-0.0012657053738250493,5,30.815455001852328,30.807267169861472,5
1866,1868,-0.015956912852879732,2,30.753598867385882,30.29361996921397,2
1869,1872,-0.021625911310169013,3,30.435343621997013,29.807586923755185,3
1873,1874,-0.002557434895673006,1,29.755669111997076,29.709326594577952,1
1875,1877,0.003477557067890608,2,29.48768533142898,29.619718125300455,2
1880,1886,0.01095126692220489,6,29.95136822539307,30.30932502173999,6
1887,1888,0.013838827005584052,1,30.55249054039418,31.005853662112834,1
1889,1893,0.018283884056762824,4,31.228469515269783,31.830675700672398,4
1894,1898,-0.008866381732106136,4,32.00719686772427,31.755416038988077,4
1902,1912,-0.020685784421063075,10,31.84096090219555,31.21414661011543,10
1913,1915,0.007191626707065032,2,31.095453224069825,31.350175569168407,2
1916,1917,-0.0021173607397052176,1,31.48051080346176,31.445335716624104,1
1919,1920,0.010440700232583991,1,31.592157062627674,31.95359346128191,1
1922,1923,-3.487021400000814e-05,1,33.09466487482531,33.126605521653694,1
1924,1925,-0.014103914646362316,1,33.11903035094065,32.68504140405164,1
1926,1927,-0.0006912924667953664,1,32.5688272793098,32.578881521638564,1
1932,1935,-0.002127442744740848,3,32.480806268533954,32.44418601916316,3
1936,1939,-0.019994406216852317,3,32.319025354110984,31.70514465800225,3
1941,1942,-0.004281163240040667,1,31.631605569061424,31.527817107644754,1
1943,1944,-0.0006942087355126536,1,31.532206160274903,31.54184843346873,1
1947,1948,-0.0006990364179421966,1,31.341069251167664,31.350501771635017,1
1949,1959,-0.002415380005232775,10,31.37051607711772,31.326114875908335,10
1966,1967,0.004610076830457846,1,33.49613269163842,33.684048569561725,1
1968,1975,-0.00912724701064141,7,34.133680625335195,33.85626777151075,7
1976,1977,-0.006116208668904059,1,33.87613714804374,33.702819761497935,1
1979,1980,-0.006252783910135876,1,33.815365703052116,33.63774089417176,1
1981,1983,-0.014097026047288547,2,33.77993392790526,33.3375172533758,2
1985,1989,0.007640612404366905,4,33.15725214215511,33.443751106309335,4
1993,1994,0.0031473841354445163,1,33.46185251319468,33.600631669450486,1
1999,2000,-0.0035006142793925785,1,33.26487813583652,33.18169550656779,1
672,674,0.0009501601444967995,2,27.045816921238334,27.09856059547349,2
678,681,-0.016441845105797145,3,26.72557555578511,26.312883357689397,3
682,683,0.00048321632679223635,1,26.217784517452568,26.256671163501174,1
685,687,-0.006424398824558415,2,26.23050748824739,26.08822275426057,2
692,698,0.016717523279040157,6,26.625207073685043,27.096939799822323,6
699,700,-0.008331946696107609,1,27.153959498948637,26.95486811531408,1
703,707,0.018719163337118375,4,27.140207327136185,27.67538950842324,4
715,717,-0.0129697505349869,2,27.2297675473842,26.903834022716328,2
722,724,-0.011197257554264917,2,26.88345663043586,26.609319099226393,2
729,730,-0.005651000294833334,1,26.146934970588656,26.02532556833146,1
731,733,-0.00173453477530061,2,25.971952943746874,25.95287564112722,2
737,740,-0.010919891485897726,3,26.61198871182521,26.348000671579968,3
749,751,-0.0011810865747918793,2,26.34313471561087,26.33836432757594,2
756,757,-0.0034130124728239037,1,26.36606261830649,26.30244098034926,1
758,761,0.008299901721188094,3,26.393279958988582,26.63873486870698,3
763,765,-0.002673992339411446,2,26.904132155998163,26.85909484487051,2
775,777,-0.0001794079299552876,2,27.183364204500954,27.205670657604305,2
778,779,0.003669647539239403,1,27.454186751868285,27.582388127475966,1
781,782,-0.001263203556871384,1,27.75524781993212,27.747942539984066,1
784,787,0.010003566980594965,3,27.955397745761896,28.26300683732656,3
790,791,-0.0067359802694859396,1,28.006441069194807,27.845796675803385,1
792,793,-0.0035303715472698107,1,27.83799139009655,27.76755092874991,1
794,801,0.011718682179107171,7,27.72455863871783,28.077178488599703,7
803,806,0.010665333111003084,3,28.208583745590417,28.537646271572356,3
807,809,0.000704591816257899,2,28.556518420695937,28.605195628296674,2
812,813,-0.004465633716441247,1,28.704515096733086,28.60503576139975,1
819,820,-0.0002955488400560938,1,28.466059013630908,28.48611196192209,1
821,822,-0.005584619305057687,1,28.573055281614575,28.442058700766005,1
828,829,-0.006882409348990892,1,28.46627156994494,28.298821307930982,1
837,838,0.0025251094570916746,1,28.50835514621335,28.608850218545395,1
845,846,-0.00290754443777237,1,28.646847927817422,28.592202792393003,1
847,852,-0.018111082724813078,5,28.621127749299593,28.131389264703884,5
854,860,-0.014170563987461342,6,28.104344389476204,27.734194323368957,6
861,872,0.005091884228644685,11,27.78245111899917,27.951698594804093,11
874,876,-0.008730559908256752,2,27.906516208472144,27.690783213091812,2
881,882,-0.0030392979150456233,1,27.203591531585243,27.14811530409313,1
889,890,-0.005901670271437177,1,27.220839475115316,27.08741189549658,1
891,899,0.0030537752661501955,8,27.14106352923484,27.251087301266665,8
900,902,0.0013755409102029202,2,27.329510609003993,27.394432979511507,2
903,908,0.005909101197864112,5,27.48223198254506,27.67210950445564,5
909,911,0.001412433378156087,2,27.793705267926633,27.860755730217612,2
914,916,-0.012815365226757764,2,27.775481217052217,27.447303762123795,2
920,921,-0.0012932871196902908,1,27.32782791850401,27.3198130185664,1
923,925,-0.006631162875626637,2,27.208507463786475,27.05529192665519,2
928,934,0.001800409508379904,6,27.227614792747868,27.303863264103985,6
935,936,-0.005104716498804305,1,27.326832342373415,27.214663442797615,1
941,942,-0.00475094018308315,1,27.024249643355258,26.922883299450326,1
945,947,-0.01068655838900449,2,26.54834261346004,26.291180542603463,2
950,952,-0.004683375559121978,2,26.667227065709582,26.56900165330619,2
959,960,-0.0034653478848524983,1,26.86471497958474,26.798484111332655,1
961,965,-0.01497264417475197,4,26.817355815867582,26.44264644534475,4
967,968,-0.002516810306578441,1,26.490136436373593,26.449955924404232,1
976,980,-0.003494186240898375,4,26.181701567065684,26.1163995272538,4
993,995,-0.002305565510662909,2,26.328468809800004,26.294095268973365,2
998,999,-0.004003821917950292,1,26.28739781756135,26.20843515583108,1
1007,1013,0.015405600256375822,6,26.048714044741285,26.476058834551953,6
1016,1023,0.025422696553064766,7,26.922802606681902,27.63417565031632,7
1025,1026,-0.004822923126146206,1,27.765319801585978,27.65917511841165,1
1027,1031,0.008945171359621681,4,27.525262793841552,27.799006249044925,4
1036,1037,-0.0011292874651078041,1,28.27814045676891,28.27448444767129,1
1038,1039,0.002438011267502041,1,28.42480139680969,28.52252618428843,1
1041,1043,3.2205124133979565e-05,2,28.429862940644476,28.459208390850236,2
1052,1058,0.01585875774018468,6,27.812138547669722,28.281016653681338,6
1059,1062,0.035066917994436994,3,28.406064919106193,29.43058413308825,3
1063,1064,-0.004840414091415789,1,29.543251970837698,29.429793649662646,1
1066,1067,6.69404520085631e-07,1,29.276984021908913,29.30628060407626,1
1069,1071,-0.013575340017650404,2,29.304990708935588,28.936470486556637,2
1072,1074,-0.006988407812321068,2,28.772374666776617,28.600073953543063,2
1081,1082,-0.003169170867247107,1,29.278896506348474,29.21538557702176,1
1083,1086,-0.017033764564080112,3,29.046517082740564,28.58079206642937,3
1087,1092,-0.003481824032976594,5,28.41684862439043,28.34632300653296,5
1093,1095,-0.009342915902644182,2,28.215442027834406,27.98004296784025,2
1097,1100,-0.004025433656254358,3,27.919640285041705,27.835171265652825,3
1105,1107,-0.0006370644748706104,2,27.984116406903773,27.994272836887195,2
1108,1109,0.0018740487515585174,1,28.188613132647102,28.269628581029153,1
1110,1114,-0.02407661712939583,4,28.27719930788837,27.624657205968614,4
1115,1116,-0.010766219275765296,1,27.325272809238882,27.058408203213748,1
1118,1119,-0.003185251873131973,1,27.24122727659079,27.181698333658208,1
1121,1122,3.6393054069416494e-05,1,27.374716926274015,27.403087892753522,1
1123,1126,-0.0016389950513424627,3,27.579015019018215,27.561392164900163,3
1127,1130,3.417035634468253e-05,3,27.58924882826486,27.61778081155687,3
1133,1134,-0.003474658773897548,1,27.583014142548194,27.514755594589797,1
1135,1136,-0.00037725002506626946,1,27.58980346293799,27.60698501235296,1
1141,1142,-0.0004942944593932091,1,27.9335967859547,27.94772296061843,1
1143,1144,0.0001451337411343004,1,28.16622982371628,28.19848392384796,1
1146,1148,0.005074171605932092,2,28.219411134212283,28.39082068005984,2
1152,1154,-0.001323529263104375,2,28.661907028209725,28.652634062549723,2
1156,1159,-0.00981287011798421,3,28.625668699849275,28.373394399557057,3
1160,1162,-0.0069131985346514045,2,28.36241598186721,28.194703385244058,2
1163,1166,-0.008488547515133239,3,28.218128450683803,28.006815654992725,3
1169,1173,-0.006602882524087818,4,27.822524236619955,27.666637901798588,4
1177,1178,-0.003942607852572055,1,27.039053721477128,26.95948838967019,1
1182,1183,0.0013271136561015377,1,26.65877352508268,26.720811521007818,1
1185,1187,0.0015907828582142685,2,26.734385502213645,26.80364848989767,2
1188,1190,0.005392307247730614,2,26.778426952331692,26.949602885021907,2
1196,1198,-0.006092085519687514,2,26.97861114788037,26.841233752712967,2
1203,1204,0.0012337633086600235,1,26.90743487810412,26.967539718864987,1
1207,1208,0.00018387736076564158,1,27.029849865908012,27.061849893229155,1
1210,1220,0.010330397815549432,10,27.437680255392156,27.748560087821595,10
1223,1225,-0.007478817707570546,2,28.083467456372944,27.901519790126613,2
1226,1232,-0.0030914834660739575,6,27.790215226848954,27.732092451183362,6
1233,1236,-0.003477838248332819,3,27.671516062806827,27.602950521917048,3
1238,1239,-0.004674365048417774,1,27.524261128862474,27.423126945787057,1
1241,1243,0.0011552562476751299,2,27.511610367685112,27.57090493781367,2
1247,1249,-0.013897459805724443,2,27.32563362306484,26.973202361745408,2
1250,1256,-0.016854567999971905,6,26.865966110625788,26.44001782403993,6
1257,1259,-0.001636101386655792,2,26.40629048595226,26.38949340795771,2
1260,1261,0.002234022297706702,1,26.48468203866325,26.57033409092396,1
1262,1264,0.0066487447355827916,2,26.688338968984425,26.892471261174894,2
1271,1277,-0.016207441810385477,6,26.944381356954477,26.534626245351756,6
1282,1283,-0.00546610327255719,1,26.383928708738583,26.26609535838957,1
1288,1291,0.001819993751594755,3,26.092234697152776,26.16581463596389,3
1295,1296,-0.004706230400035705,1,26.034702506359604,25.93821190047465,1
1299,1300,-0.003113834428614872,1,25.991134236971686,25.936193282582824,1
1301,1303,-0.016693138846680063,2,25.837712620296763,25.43223780866583,2
1308,1309,0.002133178292346397,1,25.537702000650675,25.617716174195525,1
1313,1315,0.012587806399791755,2,26.076434515368938,26.43075605916062,2
1317,1322,-0.028669698072277053,5,26.36504918973429,25.63553623899361,5
1323,1325,-0.01066068406035358,2,25.60871419353076,25.361316496515165,2
1327,1328,-0.0033871519178327414,1,25.349460479793247,25.288947466592884,1
1331,1333,0.006874552562229256,2,25.68148130730259,25.883711481732853,2
1335,1336,0.0024722790504046535,1,26.003346274645224,26.093637149155093,1
1339,1343,0.005447897313272548,4,26.22521856070384,26.39431607700139,4
1344,1346,-0.0016297768554206188,2,26.394963236154094,26.378340299208286,2
1349,1350,-0.0005324757641394992,1,26.24309824354045,26.255367527993375,1
1351,1353,-0.013560464259802736,2,26.121366268053276,25.793269780626176,2
1355,1360,0.006606377058070707,5,25.598242545365384,25.79295243018938,5
1363,1364,-0.004037415576859913,1,25.888767018152596,25.81013207394596,1
1365,1367,0.0036963301377625135,2,25.83530450884278,25.95663562802593,2
1369,1371,0.0007681634736865992,2,26.16693042979445,26.213197840398912,2
1372,1376,0.014241451263606299,4,26.332959623215956,26.734312143939714,4
1377,1382,-0.0012586568127860198,5,26.690303905863196,26.683400276922615,5
1387,1391,0.0033284083872742584,4,26.547061515740964,26.661968039463183,4
1397,1398,0.00023748473037541926,1,27.31837057279912,27.352176639241698,1
1399,1403,0.003627854599944835,4,27.357251084215534,27.483856464487467,4
1405,1406,-0.002837168647537288,1,27.491496426176244,27.44098991086819,1
1408,1409,-0.003992388733908713,1,27.317267813711947,27.235523929265028,1
1411,1412,-0.007190035593121195,1,27.202427444851043,27.03404345074812,1
1414,1417,0.003916732811018177,3,27.00188012315678,27.134641153117485,3
1419,1421,-0.004773287995590165,2,27.01814106636592,26.91619383901704,2
1431,1441,-0.0015447016357080156,10,27.996528682712405,27.981278927744786,10
1442,1444,-0.0019476581063434706,2,28.102291913440084,28.07566054870148,2
1449,1450,-0.002307305845333241,1,27.570319910601437,27.5342770702246,1
1451,1452,0.0027967895011085956,1,27.546914911015037,27.65150474833711,1
1460,1465,-0.022340975857505933,5,27.518665727101755,26.9313905461889,5
1467,1468,-0.0024354552282053812,1,27.04204635150934,27.003228704692695,1
1469,1472,-0.0007108922033123531,3,27.009650209901384,27.017458910362873,3
1474,1478,-0.024742556363142734,4,26.974210689233743,26.333773971593324,4
1481,1483,-0.01796361442190788,2,26.373748765502683,25.926354660584426,2
1484,1485,-0.0013529813700976874,1,25.910243354410607,25.901097521211803,1
1487,1489,-0.0008111097063544873,2,26.05347520221397,26.058396450795403,2
1490,1495,-0.028093938580635438,5,26.005977831233167,25.30137346514437,5
1501,1502,-0.00026907380890988763,1,25.6759247488971,25.694691954776527,1
1505,1507,0.0017531231716505853,2,25.618280665134492,25.688810947251522,2
1508,1510,0.00033600118929755186,2,25.76152968072239,25.79594711501396,2
1512,1513,-0.003762485700367802,1,25.737050354975832,25.665952121400565,1
1514,1517,-0.0019306702861979059,3,25.719160953661554,25.69522489477604,3
1521,1522,0.0012868053358304648,1,25.75923506139106,25.81814141757636,1
1525,1530,-0.017843609280774338,5,25.888054803780392,25.452006523626242,5
1531,1532,-0.0012479443053713573,1,25.389472948821155,25.383177773587114,1
1541,1544,0.00468644890644396,3,25.593545758787915,25.739082149079998,3
1546,1551,0.0031063726862481976,5,25.718022834093812,25.823630620604042,5
1557,1559,-0.006015324304363071,2,25.788516768473826,25.659178993551425,2
1561,1564,0.004863908213003349,3,25.74619536937192,25.89716869585197,3
1570,1571,3.911120927892588e-05,1,26.282366344540424,26.30967664601541,1
1573,1575,0.003523917664636044,2,26.337179685111916,26.456326917526088,2
1581,1583,-0.006008308569644876,2,26.033084412085113,25.90270269232978,2
1584,1585,-0.0030884196128658607,1,25.939642929646293,25.885470070601283,1
1590,1591,0.0009450775822369927,1,26.250701700748355,26.30176135214447,1
1598,1604,0.002350340322064024,6,26.045390229264626,26.132651150353624,6
1605,1607,-0.013935601057706005,2,26.181764400755497,25.843087541480475,2
1613,1616,0.0020963800527954743,3,25.308211870554473,25.38657571296238,3
1620,1631,-0.030304908033300836,11,25.59852315528405,24.848360788430128,11
1636,1638,-0.0023819778816602556,2,23.79891761603009,23.76602803827728,2
1640,1641,-0.006749159973429561,1,23.403445887491987,23.268895733155293,1
1643,1646,-0.043272148599668596,3,22.93301751885776,21.9635895944618,3
1649,1651,0.017389770118717836,2,23.523683416028497,23.956278546394756,2
1654,1660,0.07194309336739903,6,24.26848992504409,26.038708651532364,6
1661,1664,0.018907900502365047,3,26.599437450655444,27.128976404841975,3
1666,1669,-0.03645245198200759,3,27.7921137399161,26.80681516207323,3
1671,1672,0.0015489554944070265,1,27.02051377862864,27.089387865686376,1
1674,1680,-0.035345345595975595,6,26.7976347277835,25.877260701903058,6
1683,1695,0.05866907826315425,12,26.367679342913018,27.94101446524305,12
1697,1698,-0.007757346440113235,1,28.114144593027422,27.9241675781449,1
1700,1701,9.038228321732867e-05,1,27.78294339801219,27.813237427269012,1
1704,1705,0.011504517250871062,1,27.80657459434454,28.154282386047154,1
1706,1707,0.015660735205125162,1,28.92810268302342,29.410066141811942,1
1709,1716,0.019764542642530313,7,30.13215349884561,30.75783388508366,7
1717,1718,-0.0057160626185104885,1,30.437896707562544,30.294349680713925,1
1720,1721,0.015779573041359185,1,30.846259519359936,31.363846584017757,1
1722,1724,0.0034367838559318624,2,32.111962871085524,32.25443670953424,2
1732,1735,-0.014264818279484105,3,31.429519311867985,31.01261244958452,3
1740,1741,-0.003932029609471107,1,31.027202072965494,30.936229397788516,1
1743,1744,-0.010856661650334033,1,31.428022764363234,31.11824737763591,1
1745,1747,-0.014457683483195868,2,30.853701799934043,30.43848244682562,2
1751,1755,0.003130027433353052,4,30.347284489623025,30.472619607092938,4
1756,1757,-0.0035520413977515063,1,30.43980914312087,30.36212549004797,1
1758,1759,0.007120432333770558,1,30.523302872966706,30.771165288549817,1
1760,1761,0.007278770694821566,1,31.04304243596811,31.300040665965106,1
1763,1766,-0.022087846467549858,3,31.28730545852803,30.627523564635258,3
1767,1769,0.006295054481579235,2,30.42975404228774,30.651740755887285,2
1776,1779,0.0012280485539595855,3,33.57360300470521,33.64840662233106,3
1789,1792,-0.006671239809369677,3,31.902617659154448,31.72169026386275,3
1793,1799,0.07489002118820443,6,32.564150591883674,35.035444670277606,6
1803,1805,-0.00794032025559928,2,35.152833155378325,34.90886123538835,2
1807,1811,-0.028484751233465253,4,34.37451565858147,33.429740646934505,4
1812,1813,-0.004950263669209437,1,33.303786307347764,33.17222757025073,1
1814,1815,0.0033173282063909465,1,33.31725069677206,33.46109220296463,1
1818,1823,-0.04584595987073227,5,32.78905449706017,31.318597874885757,5
1824,1825,-0.01382250501337634,1,30.957505034938187,30.56055227142607,1
1826,1828,0.019351804143379177,2,29.859326958224354,30.46701813233126,2
1833,1836,-0.0005391376729781345,3,31.542767784118233,31.557304657479932,3
1841,1843,-0.008505664938558529,2,30.002061734807583,29.77687631196017,2
1844,1845,0.001190799627513599,1,29.882832623108897,29.948299921688655,1
1847,1848,-0.00484417553111961,1,30.225080187327336,30.108889673645084,1
1849,1853,-0.002231541941597752,4,30.196960717499607,30.159771893867227,4
1856,1861,-0.0070179574431771105,5,31.135468756319053,30.948096830370154,5
1866,1868,-0.01371783370503549,2,30.70799406776419,30.31745490579515,2
1869,1870,-0.002636331106414309,1,30.40962413917014,30.35986392525685,1
1874,1878,0.0023419062489102877,4,29.696857634535643,29.796101748637497,4
1881,1884,0.00300229572675206,3,30.264648532576352,30.385776606069935,3
1888,1892,0.02010881694465492,4,31.035930781156026,31.69106256272243,4
1895,1896,-0.004553245948341121,1,32.059095070708025,31.94518122104055,1
1898,1899,-0.00496339514845539,1,31.793325329228832,31.667315817865703,1
1901,1902,0.0013579470336428402,1,31.77832482668706,31.853256433446287,1
1907,1909,-0.01238948595612753,2,32.0625940839177,31.697417618881904,2
1910,1915,-0.008836612577166735,5,31.610579930119577,31.362860061867668,5
1919,1920,0.008851440123952743,1,31.582693690359957,31.893828706203678,1
1921,1922,0.015156333147756884,1,32.58605124933504,33.11252234928918,1
1923,1926,-0.02231601010632712,3,33.175418662004205,32.46825110252329,3
1931,1932,-0.0054242730526931696,1,32.595525512522514,32.45131400735909,1
1938,1941,-0.008736030799249206,3,31.87988027653149,31.633256540835866,3
1942,1947,-0.00894656514606084,5,31.550188229553886,31.299472603417254,5
1951,1952,-0.005309358498255082,1,30.898931193630165,30.765776621903896,1
1953,1955,-0.004530442846999922,2,30.709196508573008,30.6007794454222,2
1960,1961,0.007149853725425139,1,31.743410499212064,32.00211465152677,1
1963,1964,0.0036475825494227338,1,32.99994902973783,33.15331901698028,1
1966,1968,0.018544426144331716,2,33.43313989375248,34.08657142717904,2
1977,1979,-9.813032747448631e-05,2,33.75704720389059,33.787491660997794,2
1981,1990,-0.013115121832086914,9,33.697510610655954,33.289261164169815,9
672,675,-0.0017454920424674917,3,27.0543877805465,27.03421894974227,3
676,679,-0.014860358262215,3,26.97110990068373,26.597280654730678,3
680,681,-0.006652780703376045,1,26.458329405137246,26.30876627123232,1
694,695,-0.0004943411723063204,1,26.802911768853424,26.81646489779724,1
696,697,0.004568235932863471,1,26.93586434327553,27.085849590994492,1
698,700,-0.007144683471182814,2,27.10731193358231,26.94074608199583,2
701,704,0.014488679914101483,3,26.928939741313606,27.34603346939294,3
709,713,-0.013634729600384757,4,27.672886939816205,27.32324749606961,4
714,717,-0.021564157872111668,3,27.4032717233159,26.839746517385258,3
720,721,0.0032279917640138473,1,26.60905196335722,26.72155481590651,1
727,728,-0.006716749283026552,1,26.3733885106402,26.222618460781018,1
729,730,-0.004506286562632871,1,26.105595759684217,26.01406206006251,1
738,741,-0.014659946670017989,3,26.61471652260155,26.251160914265167,3
745,746,0.0032872022463744256,1,26.282169194114523,26.394846168923124,1
748,753,-0.005793031496615899,5,26.335110226150245,26.208885213369456,5
755,758,0.002081643917733388,3,26.26386097006709,26.34479683748169,3
760,761,0.0020683658365630284,1,26.559460324105725,26.640954464801762,1
762,763,0.0007890071136781383,1,26.81221974333883,26.860186995193164,1
764,767,-0.003032066292306827,3,26.9804113391764,26.925585354741486,3
771,774,0.0029101208817809586,3,27.11462024909433,27.220641691931874,3
778,781,0.009997559479996428,3,27.437784896987115,27.739533568391078,3
782,783,-0.0010463846881265796,1,27.78648622724916,27.785197359751376,1
785,787,0.0052051228472705675,2,28.009573937346712,28.183376784527656,2
789,791,-0.015107002040767654,2,28.192001067649247,27.794296451054596,2
794,795,-0.002754626678010598,1,27.69728171037243,27.648683320975035,1
802,803,0.00015788641000630092,1,28.1665279179152,28.199141557808417,1
804,805,0.0031726905879641467,1,28.394761803735985,28.51324435906192,1
810,812,-0.0021120394168252276,2,28.683052637468116,28.65115595234038,2
816,817,-0.003722503712497801,1,28.55766253819433,28.479914195913835,1
822,826,-0.0009598960897152587,4,28.472140927987905,28.473282772173295,4
827,829,-0.005512915270694152,2,28.458513560422194,28.330082699994108,2
831,839,0.016473190956514745,8,28.107709589224502,28.598840966227282,8
846,849,-0.007842807717556584,3,28.574477268437906,28.378947614860294,3
855,858,-0.009535886045944748,3,28.193023425325297,27.95237099007607,3
861,864,0.003357191449613648,3,27.761978946279108,27.88294320356819,3
867,874,0.003886726578107025,7,27.69578217198524,27.831123886826543,7
876,880,-0.0194534048956472,4,27.754452623088472,27.242288471177563,4
882,884,-0.003981435721627577,2,27.220002898745637,27.13884820976051,2
886,888,0.0033356081276511096,2,27.148271960019343,27.265976228580886,2
891,893,-0.004442116383507999,2,27.107999971831095,27.01469108100392,2
894,895,0.002751262936125439,1,27.02613655593328,27.12751870030222,1
897,898,-0.0040619215712442355,1,27.413173979041954,27.329236990299254,1
900,901,0.0010823392313097208,1,27.293478204603936,27.35031248502828,1
903,904,0.0010647758679436397,1,27.464259537222446,27.520967077545844,1
908,909,0.0020960233158248474,1,27.691719727632915,27.777453937564953,1
913,918,-0.021990778196900925,5,27.888230839266598,27.30283517141558,5
922,925,-0.01007177265407238,3,27.281273701914564,27.033784189177272,3
927,930,0.00758604192612664,3,27.12225395782781,27.355126767440773,3
931,934,0.0015530835330254322,3,27.30745799342369,27.377176214755483,3
936,937,-0.003809153978558316,1,27.271631581847647,27.195021369487723,1
940,944,-0.01947657503738241,4,27.130718399273118,26.629435644950856,4
947,949,0.008275886761473627,2,26.37926643577757,26.623957524086585,2
960,961,-0.005229008769464898,1,26.843805858420772,26.730283168039698,1
964,967,-0.00538504829183945,3,26.567959805923213,26.45145801915859,3
969,971,-0.007520507710554393,2,26.45157265251971,26.279094969082667,2
975,978,-0.0022489290824743323,3,26.19362864947195,26.160914664876092,3
984,988,0.008427760962366523,4,25.779862279158515,26.02290865836915,4
996,997,-0.0003633691732581578,1,26.238670419763476,26.255374766205417,1
999,1000,-0.004259637565028526,1,26.26494117078568,26.179326981902122,1
1003,1004,-0.002588714906476919,1,26.01196537955238,25.970639782407122,1
1009,1011,0.007586191319360184,2,26.054526720484816,26.27823587164228,2
1014,1015,0.0027046000491609905,1,26.65375920729187,26.75250072496153,1
1016,1019,0.008423854899011575,3,26.902827034837543,27.156355373187058,3
1020,1022,0.008382281845810538,2,27.35169320701236,27.60831450164069,2
1023,1026,-0.002316106464756865,3,27.672779856293342,27.63635953182668,3
1029,1035,0.021109378157743428,6,27.628409932324697,28.23925689541562,6
1040,1041,-0.00039275478363231696,1,28.388299854875857,28.405538514163542,1
1044,1045,-0.004307887247594596,1,28.45341166125531,28.359290983670483,1
1046,1048,-0.011281263781165535,2,28.34601805492339,28.054585166155043,2
1050,1051,-0.003271452587180259,1,27.843273200150428,27.78002852520438,1
1055,1062,0.05075025535747547,7,27.971312788903333,29.4188353684129,7
1065,1068,-0.0050580116045502825,3,29.407124506048252,29.287790053546253,3
1074,1075,-0.002284712875410276,1,28.671998317936406,28.63516303253361,1
1080,1081,0.0014800005946203152,1,29.177740019275664,29.250100831873144,1
1084,1086,-0.010327155237177536,2,28.855364729828313,28.586226263567827,2
1087,1089,-0.0007506205089685249,2,28.431752026426672,28.438842322276155,2
1090,1091,-0.002732159076089114,1,28.515466458009698,28.46607313397554,1
1100,1101,-0.0034188317631156147,1,27.879433657316966,27.811997997648973,1
1103,1104,-0.002155712159667088,1,27.997000883405054,27.964644409049892,1
1105,1107,0.0026078522218301097,2,27.947399781221208,28.04822986961626,2
1108,1110,-0.0017601519672681915,2,28.240211015192973,28.218744163233705,2
1121,1124,0.003356982584840385,3,27.35938008362829,27.47858442618469,3
1128,1129,-0.0015466228460527167,1,27.642650265166438,27.627540161006053,1
1131,1132,-0.0034956315580212203,1,27.63807786038888,27.569103401077445,1
1135,1140,0.009705345070102935,5,27.54885858553676,27.8437786229824,5
1152,1155,-0.004097352359270359,3,28.665186843297185,28.576400659199173,3
1157,1159,-0.00808113996527518,2,28.58203796071218,28.37964454941957,2
1160,1162,-0.003706208289537621,2,28.32311494157108,28.246466693130674,2
1165,1168,-0.005721987606233746,3,28.009948035222635,27.877685407749063,3
1169,1172,-0.0048885819304214425,3,27.761587269807883,27.65363406319069,3
1173,1174,-0.010296880172168406,1,27.742555252569982,27.484636040717078,1
1181,1183,-0.0013287078997374089,2,26.74686559967025,26.738073693654425,2
1194,1195,-0.0026208012239051087,1,27.109426294203036,27.065487302886027,1
1196,1197,-0.00397485697417234,1,26.961261237328564,26.881055341304215,1
1198,1199,-0.004192203738406809,1,26.874095775226625,26.788308186226644,1
1205,1209,0.008396301919943006,4,26.995377570129424,27.249034288221218,4
1211,1212,0.004017761721709198,1,27.508155259003086,27.646184627496545,1
1214,1217,-0.005725408469977655,3,27.615673565221645,27.48517822745241,3
1220,1221,0.0025911985297798674,1,27.773354050138273,27.873093678370186,1
1230,1232,0.001375144123399669,2,27.63025019973138,27.695876026121333,2
1233,1239,-0.011862615807409705,6,27.73264720929235,27.431398117335373,6
1244,1245,-0.002452251952248045,1,27.592145876159325,27.55207512844396,1
1247,1248,-0.012229619145522626,1,27.322633785321532,27.015811013859782,1
1252,1256,-0.009510894481546205,4,26.68854685179566,26.461403445674225,4
1258,1261,0.004382119885793241,3,26.34308092193668,26.484862541619695,3
1267,1268,0.0009071853256492097,1,27.006819120618072,27.058326129737377,1
1272,1275,-0.014674469802660187,3,26.953621794198227,26.58504530690114,3
1277,1280,0.00014943217184834406,3,26.57577573443413,26.606322786055117,3
1283,1285,-0.009444466637735228,2,26.20347158524921,25.98219724365473,2
1286,1287,-0.0018736043487583044,1,26.012622674314603,25.989897934023713,1
1291,1292,-0.002585491564222761,1,26.169556924520954,26.12806531277768,1
1294,1296,-0.009526658303686281,2,26.118104733901284,25.895404579295416,2
1299,1301,-0.005474745048646145,2,25.953931928459056,25.837794700069285,2
1304,1305,-0.0019242066378812248,1,25.165296515697946,25.14203858161389,1
1307,1308,0.0039417734239958375,1,25.394527022183656,25.520021020936827,1
1314,1316,0.005206951027652258,2,26.31863999201307,26.481998501557904,2
1317,1319,-0.022497528606758962,2,26.34240693235239,25.77611028575326,2
1324,1326,-0.006769903642208365,2,25.48897462629686,25.34190569876443,2
1328,1331,0.010701757999862779,3,25.333853098530238,25.630303716693312,3
1334,1337,0.005772467356657412,3,25.985449620064102,26.161435229364052,3
1344,1345,-0.002615756766995091,1,26.465021342191008,26.422260304868693,1
1347,1348,-0.003880131522966455,1,26.413185877223622,26.337112427956658,1
1354,1357,-0.0008923029509057453,3,25.706889728071797,25.7096582842369,3
1359,1363,0.001061992749905133,4,25.782915303315608,25.836079487742463,4
1365,1371,0.010839898758147268,6,25.86658758257277,26.17284536076918,6
1376,1377,-0.0026855173233661356,1,26.708942431605344,26.663924046448084,1
1378,1379,-0.003599762008267982,1,26.61604087966623,26.546845507776766,1
1380,1382,0.002690718153122825,2,26.55624103039329,26.65425263124287,2
1388,1392,0.012167620774379995,4,26.44744135507262,26.79569123328887,4
1393,1394,0.005470379688163843,1,26.95870030694223,27.133133333827566,1
1399,1400,0.0009813691344953911,1,27.349999014301623,27.40418945817704,1
1401,1403,0.005868482740967942,2,27.320026420162492,27.507673550112166,2
1408,1411,-0.008219329726136067,3,27.34300343350191,27.14560527601259,3
1412,1414,-0.006472223825324964,2,27.079706825457876,26.93152060858479,2
1416,1417,-0.002823731211690607,1,27.099162056608673,27.049740468955374,1
1419,1420,-0.004757672793775611,1,26.98321641791589,26.88182231969373,1
1421,1424,0.015409556193489368,3,26.93070306286424,27.372623948104486,3
1425,1426,0.002957679356456395,1,27.43917729454719,27.547772760083966,1
1428,1433,-1.8741893353455517e-05,5,27.900944414747833,27.9283224426379,5
1440,1442,0.0039010971751947832,2,27.923060652757684,28.059914286445707,2
1443,1447,-0.01478249530322234,4,28.048517648960043,27.661939086200903,4
1448,1449,-0.002103268324821008,1,27.614564802548436,27.584098527898067,1
1453,1454,0.0012167817993777997,1,27.76363432522713,27.825180244483875,1
1457,1461,-0.018095901183772314,4,27.868474179639016,27.392037498921397,4
1467,1470,0.002057470035920992,3,26.949631676711192,27.032029368041844,3
1472,1474,-0.005286072833279615,2,27.03935362944153,26.92346099042094,2
1475,1476,-0.01163241097921515,1,26.834325543540906,26.54901196601193,1
1477,1480,-0.0034166267634811397,3,26.50064266403604,26.43660050172468,3
1484,1486,-0.0018402124266807714,2,25.948016503974582,25.926214658060225,2
1487,1489,-0.0018816073181924398,2,26.075472432530468,26.052484105208624,2
1490,1494,-0.020824131900123066,4,26.049402669966497,25.532995875517663,4
1495,1496,0.0033265473189516923,1,25.323526801537312,25.433090238526905,1
1497,1499,0.005447115947584816,2,25.465315418395097,25.62949325953931,2
1500,1503,0.0031890384008578946,3,25.678331644591584,25.785899161920742,3
1504,1508,0.0007133942842583395,4,25.6754604745251,25.71945266174785,4
1510,1518,-0.006605266610109913,8,25.82469556262722,25.67994125887377,8
1524,1535,-0.02446595287954176,11,25.9115379452314,25.303499016772143,11
1536,1537,-0.000989517276427094,1,25.26156009562566,25.261824905577164,1
1538,1540,0.0050014227963252975,2,25.32673928209104,25.47873575257517,2
1542,1543,0.0010081065501393385,1,25.64344948160191,25.69494426047408,1
1549,1550,-0.0021678610958436938,1,25.707729355885487,25.67770629890827,1
1552,1559,-0.006435494787447305,7,25.834361247880224,25.69393871198034,7
1561,1563,0.0018289549376623777,2,25.730450980026728,25.803241266374954,2
1564,1566,0.004955645353274754,2,25.866469137659173,26.020520654384498,2
1567,1568,8.600140154384293e-06,1,26.094603895577983,26.120922916724336,1
1569,1573,0.004721279367519467,4,26.225019409331708,26.375060071791115,4
1575,1576,-0.0018297470506024218,1,26.49519084534251,26.47320653888344,1
1581,1582,-0.006333456026448606,1,26.05723602037088,25.91826089788544,1
1585,1586,0.002031984585689284,1,25.900405934149617,25.978935565705054,1
1595,1596,-0.004570530655144907,1,26.41126491892072,26.31696268788656,1
1597,1598,-0.004992534069732294,1,26.13803907735559,26.033682065823253,1
1600,1602,0.004154272866171847,2,26.02304764686038,26.15717753524169,2
1608,1610,-0.01223953851763349,2,25.774682685841423,25.484987147014127,2
1614,1615,-0.0011477759098001894,1,25.337243877503596,25.33349964323777,1
1616,1617,0.0013500083835122812,1,25.444775598568587,25.50457103454181,1
1621,1622,-0.0025411316819732707,1,25.627991488964646,25.58849537933566,1
1623,1625,-0.006712625986372324,2,25.512581639361894,25.36683780250943,2
1646,1647,0.010544884957070517,1,21.98714242411201,22.24098145393311,1
1652,1653,0.0037429299956717116,1,24.118634536560208,24.233027531758303,1
1656,1660,0.05116797446400349,4,24.704515783767405,25.993300332320555,4
1661,1667,0.03233968376691632,6,26.631478074923997,27.51936313218753,6
1669,1674,-0.0018999439484065211,5,26.825505806080063,26.801364354466937,5
1675,1676,-0.013477417125574695,1,26.70641222725598,26.37318518196896,1
1678,1680,0.0021625916021293544,2,25.784832571118788,25.86637946607052,2
1682,1685,0.008121027565755314,3,26.244988276356164,26.484369537887734,3
1686,1688,0.0038554562565912033,2,26.378915791616,26.506997463338493,2
1689,1690,0.004701794073239519,1,26.793668650787453,26.946440631900856,1
1696,1697,0.003134413185430381,1,27.95741451196209,28.073002015150887,1
1699,1706,0.036221611202009556,7,27.87866936605449,28.916358358027143,7
1707,1709,0.019096194258588217,2,29.513902063840405,30.10701917304429,2
1710,1711,0.0009243463278644699,1,30.18732814522597,30.245419019290274,1
1712,1713,0.00141717160167526,1,30.58531288182907,30.659242831555378,1
1714,1717,-0.008960448503245514,3,30.667885405454697,30.42375528298114,3
1718,1723,0.06426061550828231,5,30.35999981837599,32.341312093354546,5
1724,1726,0.005045076678577195,2,32.28011228376985,32.47524803771832,2
1733,1735,-0.010224637175321911,2,31.22754622053104,30.939483436771045,2
1738,1743,0.0033993721831030886,5,31.276180559282388,31.413776118028604,5
1745,1748,-0.016517044029385263,3,30.857442919938684,30.378626619515753,3
1753,1756,-0.006785031796003217,3,30.515639557188216,30.33910561207451,3
1758,1759,0.008093017719874512,1,30.452364329842283,30.729268218305613,1
1762,1763,-0.009838555135912908,1,31.539608662377773,31.26084409225023,1
1764,1766,-0.016643586069881033,2,31.145328653389953,30.658104023925915,2
1772,1781,-0.0008862839451816768,9,33.44481821601093,33.44862142879257,9
1782,1783,-0.007354314763032121,1,34.10211369565262,33.885418131145734,1
1785,1787,-0.022739773601678448,2,32.64451976562371,31.934835296583536,2
1789,1798,0.08888233538915687,9,31.932874888256507,34.80307625890276,9
1799,1800,0.00011310912577700504,1,35.06688553906718,35.10591880937329,1
1802,1804,0.006626264433763126,2,35.00840283012891,35.27538616751517,2
1807,1808,-0.008198386394644888,1,34.467663929850055,34.21955236676223,1
1810,1815,-0.005399642289064003,5,33.669814039109106,33.52167890139772,5
1824,1827,-0.03523559599432027,3,30.97804088963154,29.91748919703858,3
1828,1830,0.00034023494394229024,2,30.524976772612053,30.565887413145735,2
1832,1837,-0.006757128831523587,5,31.36213662651296,31.18158076552228,5
1838,1843,-0.031282344747776726,5,30.751842728259614,29.820604825133046,5
1845,1847,0.008191834768688008,2,29.948105565050614,30.223383603039785,2
1850,1853,-0.008024206119803791,3,30.383092478965853,30.169675374836537,3
1857,1860,-0.008062502906644543,3,31.014678740855185,30.79563748209925,3
1862,1863,-0.0036748845877687727,1,30.791643053385855,30.709278961950275,1
1865,1866,-0.005337946848515962,1,30.855600881687476,30.721750925083693,1
1867,1868,-0.005416225970890034,1,30.490336473646018,30.355684257849926,1
1870,1873,-0.02394491529208222,3,30.395689414027355,29.698262895178058,3
1877,1879,0.007095658588786619,2,29.60623427574442,29.84591624054048,2
1886,1889,0.02432765867831718,3,30.412928204393445,31.18321646936249,3
1890,1891,-0.000519745960421528,1,31.293207438107686,31.308236127391204,1
1893,1896,0.004396886168422779,3,31.78726471225891,31.958816961516494,3
1901,1902,0.001956156621326826,1,31.76520898069213,31.859111913548233,1
1907,1910,-0.01427572423068028,3,32.05039626848018,31.62490404613581,3
1911,1913,-0.01728848634512898,2,31.47961031152966,30.96685510882033,2
1914,1917,0.0016190230743675185,3,31.31318522375512,31.39519517838808,3
1921,1923,0.016284463995248147,2,32.57441750384279,33.13744885035414,2
1926,1931,0.0008081902730076665,5,32.47334837289496,32.53206636555482,5
1932,1933,-0.0006901375682012605,1,32.53165589153118,32.54173622953617,1
1937,1941,-0.0183427342177842,4,32.14295560541702,31.585508869378238,4
1949,1950,-0.008545341949472592,1,31.322115966396744,31.085779890849246,1
1951,1953,-0.00734427250105837,2,30.923630702121077,30.727442762224726,2
1959,1962,0.0294152531230178,3,31.33062376530517,32.28355261762896,3
1963,1966,0.01525010802673427,3,32.98139711261827,33.51734837857094,3
1970,1973,-0.0035268050407018204,3,34.27289010711583,34.18628919563375,3
1977,1979,-0.0021110051146714564,2,33.80828071835837,33.770719545562024,2
1982,1984,-0.01092629421537614,2,33.550999644770705,33.21796255107673,2
1985,1989,0.009354664946332969,4,33.15986500542234,33.50322429721912,4
1990,1993,0.0003994029105061198,3,33.39251231555328,33.43924189447678,3
1994,1995,0.0015294315056018017,1,33.64465043470605,33.729752273510556,1
1999,2000,-0.00218401918112009,1,33.2020234978987,33.16271166522519,1
677,678,-0.005341917013820492,1,26.84495506936552,26.728396502214594,1
680,681,-0.006877605133870839,1,26.472350124803445,26.316756103804273,1
682,687,-0.007530437795463172,5,26.284965350942826,26.11331301976259,5
689,697,0.024862952433664605,8,26.349220690491922,27.030689331874246,8
699,702,-0.006451431648082004,3,27.124433368144004,26.976566373644612,3
703,709,0.017483006459874908,6,27.18024022841351,27.68261278413623,6
712,717,-0.015482801903842089,5,27.28900513561804,26.893783880085955,5
724,728,-0.015167774448694903,4,26.630176384799665,26.25288605225086,4
729,739,0.010753377411394725,10,26.204451229586322,26.512442034746137,10
740,747,0.00043961288132475366,7,26.293888939149227,26.33174196036615,7
748,749,0.0016537896104593846,1,26.3102179254339,26.38003970841334,1
751,752,-0.0048557723852031935,1,26.352101820469336,26.250494113977908,1
755,758,0.001526016712342375,3,26.31559557289199,26.382069207104358,3
765,766,-0.0008799562036773134,1,26.921942865130507,26.92517467735642,1
771,778,0.012021858547765503,7,27.08613488243076,27.43884669947547,7
781,782,-0.0008657861572370756,1,27.761444844463345,27.76517081465657,1
789,790,-0.00913919598498639,1,28.148366557514098,27.919261485445254,1
792,794,-0.0029695525314046532,2,27.78923266762132,27.734500314075014,2
797,799,0.005950180470609443,2,27.863633661852642,28.057290944369466,2
801,803,0.00409904332926189,2,28.062194917345625,28.205285265143363,2
804,806,0.006477959293295169,2,28.369511057219487,28.58165710607606,2
808,809,0.0019124908902778677,1,28.528996258002874,28.61208669971308,1
811,814,-0.006140745495993799,3,28.67185949781404,28.524464765238886,3
816,818,-0.006922860132345068,2,28.55367843646031,28.384558992817198,2
820,821,-0.0022437320030409625,1,28.510917152024213,28.47545721192619,1
823,824,0.0027547513319844904,1,28.491337775069972,28.598315663530936,1
826,831,-0.014827502528006936,5,28.491692917420288,28.09772396157746,5
836,837,0.0019265587681443386,1,28.366116791498076,28.44913189931244,1
840,841,-0.0010993908050054959,1,28.71685726857871,28.71400307701756,1
846,850,-0.012066852838283577,4,28.637335817799308,28.320410636623215,4
853,855,0.0007228657689617544,2,28.107452884004537,28.155878252431094,2
856,857,-0.003966374108266846,1,28.135883853323723,28.05242229594802,1
859,861,-0.009093212828655783,2,27.973799192246148,27.74740128175722,2
868,874,0.007944740096766684,6,27.60267066669062,27.849569381780814,6
882,886,-0.0026103316598189283,4,27.212191258569153,27.16837060545243,4
890,891,-0.003803308782815019,1,27.106168489147144,27.030181528953054,1
896,897,-0.00030193190564848456,1,27.365695640972515,27.384798759979212,1
898,899,0.0007826961870925585,1,27.31467775252637,27.363371524407462,1
900,902,0.0018744849244816796,2,27.316411835181157,27.394932449192318,2
905,906,-0.0012745866927588853,1,27.563651952932904,27.55608334090279,1
909,912,0.0032655837597520337,3,27.766468697610858,27.88490889555305,3
913,918,-0.02411564709607908,5,27.960983568948183,27.31464734030911,5
919,922,-0.006002386167401816,3,27.377290421283725,27.240338642379353,3
927,933,0.007163668615868237,6,27.07867196477171,27.29973326924991,6
935,938,-0.010781705339671429,3,27.386794574817944,27.118905020088963,3
943,945,-0.00855240530302343,2,26.76921174934922,26.56703981257568,2
946,947,-0.005535263743205358,1,26.39070440826926,26.271015603408788,1
950,952,-0.005793885794724192,2,26.728348866761362,26.600216214812562,2
954,957,0.0042784814552326135,3,26.58308839646493,26.72340673558848,3
959,966,-0.014888183193856607,7,26.803097675939803,26.43085134525352,7
969,972,-0.00953540209524303,3,26.45941420309483,26.23357246366683,3
973,975,-1.2320943246789612e-05,2,26.182322057140524,26.20818178829353,2
976,978,-0.0035148400661196297,2,26.1768243842825,26.11099385751713,2
981,985,-0.015884046009550342,4,26.15498430488973,25.765692315116684,4
988,991,0.00933586898656005,3,26.041749761060494,26.310913874771597,3
994,995,-0.004479565560188432,1,26.38040152536859,26.288609188756975,1
996,999,-0.0012248771542819092,3,26.268043202724304,26.26213611992032,3
1001,1004,-0.005694356720749566,3,26.135675455567057,26.012985271840886,3
1006,1007,-0.0028870886656112435,1,26.130009284481986,26.080699640128923,1
1009,1020,0.04941353565447234,11,26.027745500840027,27.339896176652157,11
1024,1025,-0.0011025722203798296,1,27.703430828427933,27.700589226015722,1
1026,1029,-0.001096429288836171,3,27.647726122813133,27.645060072245172,3
1032,1033,0.003912719865755485,1,27.929174758268264,28.066382969937365,1
1035,1038,0.0019930779087216004,3,28.242403000882554,28.326934713393708,3
1040,1042,0.0016432374581281878,2,28.415859863142927,28.490969728338108,2
1046,1056,-0.01063658843635372,10,28.330027814954473,28.057022996511304,10
1057,1058,0.0013090337578968787,1,28.252465256628216,28.31770115264958,1
1061,1062,0.008248279394526326,1,29.133557613182727,29.40299289374597,1
1064,1065,-0.005963880691217476,1,29.489748111763927,29.343364520523075,1
1067,1069,-0.0013634219359621343,2,29.311288880231608,29.30063651488121,2
1072,1073,-0.004301731827729087,1,28.767262028503588,28.672280243867455,1
1075,1079,0.014353640632802714,4,28.63138404301618,29.070980024432412,4
1082,1086,-0.022676448813175605,4,29.202922588343217,28.569906931661865,4
1088,1093,-0.0102705117686413,5,28.45329500272262,28.189518396543257,5
1094,1095,-0.00427371304545068,1,28.09599001459796,28.004011805562318,1
1099,1100,-0.0007195636708270112,1,27.826382557421958,27.834186086000525,1
1102,1103,0.0012720496025102031,1,27.92430640762059,27.9877518168944,1
1104,1107,0.000658277317074732,3,27.95998342281379,28.006348829109626,3
1111,1113,-0.017738590971788478,2,28.254248546493017,27.78131223685802,2
1114,1123,-0.005979893466771731,9,27.632705606748114,27.495097676627843,9
1124,1126,-0.002927577709061894,2,27.566659805261413,27.5135229263075,2
1133,1135,-0.0009525874026618798,2,27.525909180922223,27.527214255770584,2
1138,1140,0.0018297439201289587,2,27.79632063426465,27.874977103581415,2
1141,1142,0.002151507397167603,1,27.886011404653445,27.97389437587271,1
1143,1144,-0.0017638260927669899,1,28.16489645929597,28.14338337648028,1
1147,1152,0.01223449515628973,5,28.25736186019458,28.631333778862853,5
1153,1155,-0.006675949919806063,2,28.735841815598395,28.57273861654959,2
1157,1159,-0.010471473423825019,2,28.61340083563463,28.342389770054663,2
1160,1162,-0.00775120143570739,2,28.364977379888558,28.173479703877646,2
1169,1174,-0.01246274986461949,5,27.826631997015802,27.507662274859193,5
1175,1179,-0.012100627479071438,4,27.218509569310946,26.916367034046484,4
1181,1189,0.003295979128817579,8,26.748885744556716,26.863798399434458,8
1190,1192,0.0033333903267490014,2,26.993937815858455,27.11091308487056,2
1194,1196,-0.0075029563875014865,2,27.10060828684766,26.924374213083528,2
1202,1208,0.006611700941573292,6,26.913466433001133,27.11832369079021,6
1210,1212,0.006057131574962906,2,27.42914138261719,27.62271244234258,2
1218,1220,0.00620595884174762,2,27.57947790666626,27.778214489338584,2
1222,1229,-0.014672166271846993,7,27.955797518219242,27.57358120628806,7
1230,1234,0.0014188672518915249,4,27.612124621054033,27.678914685055048,4
1237,1245,-0.0025274568433074434,8,27.590458752038156,27.548315517007364,8
1246,1247,-0.006595629771337485,1,27.529693041725974,27.37564707174591,1
1258,1263,0.015764141535729245,5,26.32699520318528,26.768344676981943,5
1264,1266,-0.0020427491573875214,2,26.911262633155253,26.883200936720296,2
1270,1273,-0.011020270987025533,3,27.130620835345823,26.858764662529417,3
1277,1279,-0.0057960498208247425,2,26.610165029961795,26.48254135273773,2
1280,1281,-0.003976684338948796,1,26.59687419200158,26.517703693129256,1
1282,1285,-0.0208504412608593,3,26.439729195996385,25.914888904638232,3
1288,1291,0.0027539105279540963,3,26.039057200863013,26.13680549182733,3
1300,1301,-0.005540109464917423,1,25.976186461378678,25.858251731362913,1
1303,1306,-0.012672572254177922,3,25.51081706893992,25.213040213439605,3
1307,1311,0.011802813726186145,4,25.4382000713486,25.76388060839153,4
1314,1317,0.00024520503184304217,3,26.341720642185336,26.37452148527639,3
1318,1324,-0.021378351805585755,6,26.00047981584334,25.470632891042055,6
1325,1326,-0.0022271105976506425,1,25.32276710760249,25.291693271722913,1
1328,1329,-0.001315906008125858,1,25.371759224502,25.363744133326257,1
1330,1339,0.02412323559258201,9,25.559991536600315,26.202141225718727,9
1340,1341,-0.001754891968628823,1,26.26583969093891,26.24601181950693,1
1344,1347,-0.00360205446615894,3,26.472372972019357,26.40349041569769,3
1350,1353,-0.02064754091410672,3,26.307408005962426,25.79053213082118,3
1354,1355,-0.003779397548990179,1,25.673104669739352,25.60174890554531,1
1358,1359,0.001691490155072221,1,25.68210610373232,25.751229239472035,1
1365,1368,0.007431677086990124,3,25.8477405453536,26.065680347060322,3
1369,1372,0.007415316813274417,3,26.09659363383433,26.316204737010327,3
1374,1377,-0.003976072274528241,3,26.694762618119814,26.615317075216915,3
1379,1380,-0.005292715184359659,1,26.577397874576537,26.463308675159574,1
1381,1382,-0.00022652711448833496,1,26.597341518832284,26.617913841323794,1
1387,1388,-0.004495012382908885,1,26.562221831294984,26.469386537077035,1
1396,1397,-0.002385037605857044,1,27.254568617923855,27.21682001545662,1
1398,1399,-0.0012656867583595525,1,27.351339557531183,27.34407266878735,1
1401,1403,0.0023047903370797766,2,27.352059224559543,27.4424520455841,2
1407,1409,-0.004758744416025554,2,27.32558889077321,27.222878986115408,2
1411,1414,-0.006691099809231855,3,27.134312667601215,26.979888585954992,3
1418,1419,-0.0067148370478542115,1,27.10619140229557,26.951283935443502,1
1421,1427,0.030016468541864103,6,26.936946299833203,27.77243524735586,6
1434,1437,-0.005579131045914525,3,27.959916547078517,27.83188442517661,3
1438,1440,0.003926010186277993,2,27.78924339395734,27.92613348998493,2
1443,1447,-0.015559431667258258,4,28.00739141810699,27.599619716576907,4
1451,1453,0.003967364169751945,2,27.61347575117536,27.750641941224064,2
1454,1456,1.465968613819789e-05,2,27.86314430238069,27.891415911633366,2
1457,1458,-0.011973789326373954,1,27.826749309147267,27.521384424590863,1
1461,1462,-0.004929805885428158,1,27.382447052825313,27.274839351239695,1
1464,1466,-0.005366993863966328,2,27.07950378089656,26.96124775404613,2
1468,1470,-0.0013367715079483586,2,27.01092530575051,27.001828795704213,2
1471,1472,-0.0012722980681181204,1,27.047460396491548,27.040095425278082,1
1477,1486,-0.02073580375691966,9,26.482403753331276,25.959752229844018,9
1490,1492,-0.009245502225733167,2,26.056817464948033,25.84196591854528,2
1493,1495,-0.015677483266984395,2,25.73764836527402,25.35988446206118,2
1497,1498,-0.0006925006374937582,1,25.489548902625263,25.49738692266339,1
1501,1502,0.002506027089675072,1,25.64329193321834,25.73319800940465,1
1505,1507,-0.0018846365999660797,2,25.67157015396531,25.648860143428514,2
1509,1510,-0.0012440518319163083,1,25.80381866399001,25.797521194774628,1
1513,1520,0.0011324001926519322,7,25.654144779695752,25.708849682966296,7
1521,1524,0.003620263277036114,3,25.737654078778405,25.856568816755644,3
1526,1528,-0.01167428396683404,2,25.893833119262126,25.61743499155731,2
1530,1531,-0.009563277716461014,1,25.540585940530292,25.32187481008039,1
1532,1533,-0.0035623102133515547,1,25.38095430115507,25.315920422724613,1
1538,1540,0.00765437410526706,2,25.26810758395879,25.486787239922506,2
1542,1543,0.0007150504587664145,1,25.639304456846094,25.68327715771726,1
1550,1551,-0.00023208699168397783,1,25.708847855856746,25.728590014554076,1
1552,1557,-0.003074776973325098,5,25.848290433869312,25.7946609960773,5
1558,1559,-2.686984800306263e-05,1,25.724403685004464,25.749436877872483,1
1560,1563,0.0033765496708220277,3,25.658604409750584,25.77090056643383,3
1565,1568,0.004826995628194491,3,25.98779531290993,26.13922608258467,3
1586,1591,0.011891745521276944,5,26.006195018425913,26.34146026658016,5
1600,1602,0.00267731028466733,2,26.03675140193604,26.132496615645707,2
1603,1604,-0.002991437724338575,1,26.242091833586,26.18983234194304,1
1605,1608,-0.016213488771859866,3,26.191743913213223,25.793276111274125,3
1609,1610,-0.008325074780327117,1,25.628615293155413,25.440883769616814,1
1612,1616,-0.0007552964333914792,4,25.350411692116165,25.35661502827222,4
1617,1618,0.002884454211729848,1,25.494289824832357,25.59332122631749,1
1619,1622,-0.004332623342163203,3,25.603780768593005,25.518453011155962,3
1623,1630,-0.022162422401101577,7,25.49716726854262,24.95758544477418,7
1631,1634,-0.02690012105757565,3,24.862370872355363,24.218432456983017,3
1638,1639,-0.009674475858854618,1,23.782868770944933,23.576564849937064,1
1640,1642,-0.013445984310046386,2,23.41037164416795,23.11900652599228,2
1648,1653,0.062227114625623595,5,22.80719017508052,24.249223002568733,5
1659,1661,0.042914458873480374,2,25.458333587300576,26.57632253060743,2
1662,1669,-0.011147860771380413,7,27.075002379628874,26.800249025095606,7
1674,1675,-0.004958959878172893,1,26.705185602120725,26.59946084378277,1
1676,1678,-0.025749235471168516,2,26.416287822257203,25.76250489467,2
1679,1680,0.007473787320510852,1,25.65499521393968,25.87239018709133,1
1689,1691,0.013789094975580438,2,26.725023740380312,27.12026265470144,2
1695,1700,-0.007577904833850295,5,27.947903497676485,27.764064848163137,5
1702,1708,0.07798897719941383,6,27.62233551959618,29.804195550148123,6
1711,1712,0.006466817006092596,1,30.31718519025269,30.543558064208128,1
1713,1715,0.006731798284961961,2,30.633470411987428,30.870322225981266,2
1716,1718,-0.016189167317443572,2,30.770033282733845,30.302662098839093,2
1724,1725,0.0033945678747476548,1,32.23912751146956,32.38080454554136,1
1726,1729,-0.020456881247284977,3,32.47353703564571,31.841703281863843,3
1736,1737,0.005506792744819379,1,30.935155293899566,31.136443937925772,1
1741,1742,0.0029866433264899477,1,30.982973879006163,31.106491945055716,1
1744,1746,-0.021221036685703538,2,31.12865065311671,30.49919706628359,2
1753,1754,-0.0018332343038252857,1,30.469966608248818,30.444577986834414,1
1762,1764,-0.01146248937690322,2,31.435996112267905,31.10709733689093,2
1768,1769,0.006490577254126185,1,30.41822845738779,30.646078547581514,1
1771,1772,0.023885366560915028,1,32.55682905448437,33.36701767956626,1
1773,1776,-0.011574394670727146,3,33.8780705793712,33.519830490382176,3
1777,1785,-0.02742826969782121,8,33.483964904294034,32.59904164925097,8
1786,1787,-0.00039242511214040185,1,31.91372464445085,31.933114622122883,1
1790,1797,0.08678231942998302,7,31.195880683086123,33.934327446108426,7
1799,1804,0.0045803639655417104,5,35.06314331578945,35.25880841726751,5
1808,1812,-0.029577008334208923,4,34.1877998940909,33.2108148515892,4
1821,1825,-0.04293195455635953,4,31.904486545810244,30.566669065827345,4
1827,1828,0.01339632556965839,1,29.9715116929006,30.40299133304642,1
1829,1832,0.015669868412544797,3,30.757879065205408,31.27060886187135,3
1834,1835,-0.00581302753759677,1,31.933252116892614,31.77955649508899,1
1838,1846,-0.01964139325819727,8,30.7927334442783,30.218713990648666,8
1849,1852,0.0047930755463926975,3,30.153972642051716,30.32865688359098,3
1854,1856,0.019232597341521645,2,30.48565973814423,31.10246381631674,2
1857,1858,-0.008495916090904821,1,30.991958657444396,30.7596455358554,1
1860,1865,-0.0005232179072994058,5,30.764959977434117,30.779628159434008,5
1870,1871,-0.010860770409299857,1,30.363947892355977,30.06453597346951,1
1872,1878,-0.004896700470409147,6,29.87609337030769,29.759675183217624,6
1881,1882,0.005574741593699542,1,30.33070720524748,30.530123767476145,1
1885,1886,0.0005984200574299628,1,30.337163058967224,30.3856545888862,1
1887,1888,0.010414618106093655,1,30.67278338225549,31.02290149081487,1
1891,1892,0.008662155011026358,1,31.328099782351963,31.63079673864995,1
1894,1896,-0.00058292561930201,2,31.971790335798993,31.985124950453102,2
1905,1906,-0.002025443910745814,1,31.929587633020642,31.896845631809736,1
1907,1909,-0.011158676932957228,2,32.048144691158825,31.722577942940674,2
1914,1924,0.057653582809886875,10,31.242772162033575,33.07527268624984,10
1929,1932,-0.006497627729252575,3,32.66173961039761,32.48217752502986,3
1936,1938,-0.013683171852551804,2,32.25348092782514,31.84440448637453,2
1941,1947,-0.011040542244965344,6,31.66304127613094,31.345127172593866,6
1949,1950,-0.00958311990699812,1,31.37108974478322,31.101827919890546,1
1958,1963,0.06498784535202423,5,30.941366684000396,32.98312080372449,5
1964,1966,0.007309895301580612,2,33.16472210692684,33.440317475341416,2
1974,1976,-0.008569481496220725,2,34.12028411038031,33.86201125116099,2
1977,1978,0.0001233341157888799,1,33.78972354734466,33.827680696568464,1
1979,1981,-0.003634760441608722,2,33.82523494901149,33.73611355803971,2
1982,1983,-0.008683966879475539,1,33.58670620894479,33.32862707084458,1
1985,1987,0.002514954081048987,2,33.17888539912024,33.295507657758534,2
1989,1990,-0.0068308408670452675,1,33.47974677501934,33.284531699305234,1
1992,1993,0.0011643627367074467,1,33.32044274290233,33.39256026754566,1
673,674,0.0022337415634687947,1,27.0105394399213,27.097884543959886,1
678,685,-0.02312370867737301,7,26.751934660549562,26.160082651563446,7
689,692,0.009846321693955669,3,26.325894967429242,26.61143409312727,3
693,695,0.0007595654928038414,2,26.71528493545627,26.762292228959122,2
698,699,-0.002481827638607032,1,27.12238670423898,27.08219600199565,1
703,708,0.02040593934448013,5,27.13971105818667,27.72066206692493,5
709,711,-0.012819140424059624,2,27.743241758920533,27.415340488753216,2
715,716,-0.00925690321941752,1,27.2911691744616,27.06582863184332,1
717,719,-0.010485886829366641,2,26.911101233505175,26.655825572750516,2
720,722,0.008448217927556904,2,26.610950576670447,26.862376636978276,2
724,729,-0.020764454688562743,5,26.636413346366485,26.109959161716397,5
731,732,-0.00508962694641043,1,26.023442093620975,25.91701592359655,1
733,735,0.012810530073959076,2,25.925202684451403,26.283243475798503,2
736,738,0.0013293830772522358,2,26.57683979638227,26.638747437250807,2
741,742,-0.003931917169025018,1,26.297132803716316,26.22003178855297,1
755,757,-0.0001172071488213382,2,26.311127247711546,26.334354522752278,2
758,759,0.0009558520274234312,1,26.38516368561446,26.43676916150287,1
760,761,0.005417315332954488,1,26.565449346438854,26.73592821185658,1
763,765,0.00031303681062934863,2,26.898409690283362,26.933728292354093,2
767,773,0.00702366056354783,6,26.997093139679674,27.21370865123495,6
774,779,0.009835021125601362,5,27.274324096090954,27.569841973858598,5
783,786,0.009499994519844571,3,27.81561108093491,28.107674844850855,3
788,789,-0.00453759503590664,1,28.239931097382602,28.140029657318156,1
791,797,-0.003100500081454313,6,27.853112478657586,27.79460701362741,6
798,800,0.003422410213683576,2,27.983120527875645,28.10687336590886,2
801,806,0.01503435619187788,5,28.103384187388972,28.554003859646755,5
813,815,-0.003995940622612698,2,28.67841480181697,28.59249597392007,2
822,833,-0.022035039182259852,11,28.48824995634737,27.88899850228159,11
838,841,0.0002564461008326489,3,28.632810549432207,28.66878613260292,3
842,843,-0.002402044658542583,1,28.705956827974695,28.66570979453568,1
849,850,-0.005424665967952768,1,28.411356029335806,28.285645269209414,1
853,856,-0.0019379820099838941,3,28.100814618407423,28.074456559829464,3
857,863,-0.011505337953517228,6,28.051412039654622,27.756722476104688,6
865,875,-0.001310121090734342,10,27.778120165188163,27.769505584263985,10
877,883,-0.019771982669068478,6,27.664749931660083,27.145427725398847,6
884,886,-0.0002671499521973669,2,27.152314501273654,27.172213076253865,2
889,890,-0.006475181222632211,1,27.218137053810782,27.069112820898727,1
891,892,-0.00259121999037227,1,27.116568468796377,27.07342004297853,1
894,895,0.003641841557485288,1,26.97285051939033,27.098054217855076,1
896,899,-0.002602952800204416,3,27.294404959277625,27.250653316418237,3
902,903,-0.0018756878044631,1,27.465164547768467,27.441113638126414,1
905,908,0.0025500955620770733,3,27.61672991227149,27.714771942572128,3
909,910,0.0015672565211532151,1,27.76958254775796,27.840874189643394,1
911,912,-0.0009859498905375106,1,27.898554300493196,27.898946278234963,1
917,919,-0.002323393172646209,2,27.30870670751645,27.272566551505925,2
920,923,-0.005280987654084568,3,27.24147098953723,27.12485058855192,3
927,928,8.07751803497867e-05,1,27.151743553904904,27.181088484441187,1
932,937,-0.0020700179265592126,5,27.24138457731815,27.212235807476127,5
938,939,-0.005229612084762697,1,27.238484191324456,27.123275969418213,1
943,945,-0.010319314198669702,2,26.76399492088535,26.514572843006018,2
947,954,0.00866716792353555,7,26.36499388804624,26.61986871126497,7
956,957,0.002627856992262196,1,26.695059671387742,26.791905530275443,1
958,965,-0.014232358687741791,7,26.78625227645057,26.431806978428234,7
968,970,-0.003105360122677929,2,26.44723189580376,26.39155094841512,2
971,973,-0.005345073994035488,2,26.31439764127772,26.200059636417894,2
974,976,-0.00540472464485666,2,26.231889690060903,26.11634543906193,2
979,980,-0.0015523026679204544,1,26.100748080597153,26.08633256779752,1
982,987,-0.006069001794952906,5,26.058144779836468,25.926055997174334,5
988,990,0.006404281172814028,2,26.016049960620414,26.208680109534825,2
991,997,-0.003743955257226236,6,26.331352729546055,26.25910067579394,6
998,1003,-0.01062340203026196,5,26.25301311403227,26.0003698143302,5
1007,1008,-0.0036337998273738062,1,26.072684996145778,26.004014762903758,1
1009,1010,0.0013003947730232416,1,26.060845800846387,26.12079603430722,1
1013,1014,0.003804537096561844,1,26.485076445915436,26.612324978205113,1
1019,1020,0.004251127414840055,1,27.216410785814762,27.359327626625703,1
1021,1022,0.003984854075745359,1,27.48096562894667,27.617954232467543,1
1024,1029,-0.004164861671800587,5,27.695880539862696,27.608226909075317,5
1037,1044,0.0025286849047732683,7,28.29722523653671,28.397077228075847,7
1045,1052,-0.023380363392708464,7,28.422338675772334,27.786236407737917,7
1053,1058,0.016154635752280384,5,27.781564398061537,28.258147015938803,5
1071,1079,0.00424140525538202,8,28.93380378267364,29.085457573878337,8
1081,1083,-0.0072342471013870195,2,29.2541251858049,29.07174774066168,2
1085,1090,-0.008856554166235545,5,28.747517487566892,28.52166105928102,5
1094,1097,-0.007387548158163368,3,28.068822807299593,27.889531849875013,3
1098,1102,0.004964888280306003,4,27.710763395077205,27.876055002890833,4
1110,1111,-0.004472993560412591,1,28.230994513304644,28.132948451155894,1
1112,1113,-0.008259732619164647,1,28.048510807989306,27.844886119157554,1
1117,1121,0.007635400745004566,4,27.10503094194027,27.339093746329674,4
1125,1128,-0.001661118481887562,3,27.602990899998126,27.584742052558763,3
1130,1131,-0.0027679591674201936,1,27.654408489179218,27.60551662417119,1
1135,1141,0.011310446968392722,6,27.55552111430492,27.894741895668997,6
1143,1145,0.0034434586611451516,2,28.115062915702506,28.239991035523925,2
1147,1150,0.0036751566508455664,3,28.29600500682866,28.428293262828696,3
1151,1153,0.0024906823465734584,2,28.569667758893104,28.66939539378654,2
1155,1156,-0.0035169603695799187,1,28.680003059917798,28.607816628816554,1
1157,1160,-0.009664850376500916,3,28.560582065298735,28.313108895037146,3
1167,1168,-0.000847165870063048,1,27.876000109363236,27.880260513586073,1
1171,1176,-0.019923176225455884,5,27.70372876071063,27.17948621926947,5
1182,1183,-0.0003770543161338559,1,26.664688255688844,26.681298908149362,1
1185,1186,-0.002361754754717918,1,26.73013410097813,26.693734213771876,1
1189,1191,0.003685402753491475,2,26.872520913195675,26.99842949667562,2
1194,1200,-0.01196041549023531,6,27.11568222197084,26.818483078516852,6
1201,1213,0.026589001085627624,12,26.886217852460444,27.627981745980396,12
1216,1219,0.006270375484047611,3,27.49239948384066,27.69227955104562,3
1222,1228,-0.017992139385365293,6,28.058403583351772,27.581631278732626,6
1230,1231,0.000911029492288714,1,27.607546770535855,27.66030560662409,1
1233,1235,-0.0011898174198421174,2,27.694710788939407,27.689453850394177,2
1241,1247,-0.006058372631907099,6,27.462635786252175,27.323719540990965,6
1254,1255,-0.0003469648710700958,1,26.567766444785065,26.585116129570714,1
1259,1260,0.0010026908887600214,1,26.371475421986634,26.424289335537406,1
1262,1264,0.004721004461216858,2,26.68665209204413,26.839326547717658,2
1268,1270,0.0013603370117833912,2,27.04241213374763,27.106241339994813,2
1271,1275,-0.014334252999474065,4,26.978172578098388,26.61843879947855,4
1276,1278,-0.0024373391725604114,2,26.586263292661055,26.54804981497851,2
1282,1284,-0.012485276182217727,2,26.397394733657634,26.094213364650557,2
1287,1292,0.003740512636778403,5,26.00215175007106,26.125415279025702,5
1295,1297,-0.0013105679682787312,2,26.035714799320925,26.027628940273015,2
1299,1300,-0.000990616289231855,1,25.92633947027603,25.926582755546896,1
1305,1308,0.013084277049491382,3,25.19986016720327,25.554781979406602,3
1311,1313,0.010126866770937368,2,25.784094720496643,26.07099090726084,2
1314,1317,-0.0031879507353426324,3,26.347366707496978,26.289719967134968,3
1318,1319,-0.0099679619133934,1,26.00633429925085,25.77311048374819,1
1321,1323,-0.0077478053381888155,2,25.72949706724714,25.555879429587858,2
1330,1333,0.016413015517435365,3,25.497947689104702,25.941943847877837,3
1341,1344,0.0013744470753791673,3,26.37113284206418,26.433749701315456,3
1346,1348,-0.002381759347120863,2,26.382259238617245,26.34580530531612,2
1350,1352,-0.009784285622543912,2,26.21862605228263,25.98831415240871,2
1355,1357,-0.00025678837614193106,2,25.664320637106055,25.683394658521973,2
1359,1360,-0.0014785872657054296,1,25.784931301405077,25.772590961637135,1
1365,1371,0.010321285120772832,6,25.872646609060038,26.165558218150203,6
1374,1375,-0.0006939146437443979,1,26.73878011003046,26.74696445906628,1
1376,1377,-0.0036793303975894026,1,26.666606532215287,26.595157882732966,1
1381,1384,0.0004315897538935958,3,26.616621240328772,26.654725322579694,3
1387,1397,0.027473010808237615,10,26.51071222770153,27.26555202349495,10
1398,1399,-0.000949407974213966,1,27.34901788889772,27.350401531115978,1
1401,1406,0.0010831869903786427,5,27.36840350747274,27.42541700960694,5
1408,1410,-0.00541734032591958,2,27.31015725585446,27.18951899690097,2
1413,1416,0.0018560191410275221,3,26.99353746240721,27.07063152208389,3
1420,1422,0.0014283739548292653,2,26.97574438070038,27.041251575766605,2
1424,1425,0.004483982221533213,1,27.277748153229695,27.427338839145467,1
1429,1433,0.003306935999393238,4,27.8274447308719,27.947295754354418,4
1435,1436,-0.003944434000374093,1,27.92201996646195,27.839805421513574,1
1439,1444,0.004780568855977737,5,27.88368028091689,28.0448638147388,5
1445,1446,-0.009792451424736018,1,27.992667597869755,27.746543427766703,1
1450,1456,0.014269169211536432,6,27.541087483444652,27.961617008499097,6
1457,1458,-0.012266869610899577,1,27.874993343917037,27.56092942850643,1
1460,1466,-0.018456817367826544,6,27.461805363494296,26.982409642672977,6
1469,1470,-0.00150365607922315,1,27.049199068885756,27.035575575336594,1
1475,1476,-0.010362777681857772,1,26.756008065123318,26.505497509955575,1
1478,1480,0.0020653306710543985,2,26.33090438029435,26.411617309087866,2
1481,1484,-0.020125387111979216,3,26.409784289635386,25.904686941552242,3
1485,1488,0.0021579530855688695,3,25.89899084801253,25.980778646074132,3
1489,1490,-0.004095086673510823,1,26.066027530169684,25.98535091572969,1
1491,1492,-0.005133147171609898,1,25.937372661618046,25.830169683162687,1
1495,1496,0.00207829289988568,1,25.32449318884818,25.402449396424615,1
1497,1502,0.008573428304051285,5,25.492688090004737,25.73674051171194,5
1503,1504,-0.0059931204510159175,1,25.83138067500353,25.702401479877192,1
1505,1507,0.001065129281277567,2,25.627961875338837,25.680886929827064,2
1508,1511,-0.0032395961518036217,3,25.79635201145141,25.738578600755993,3
1512,1516,-0.0015542951605841218,4,25.743270076367686,25.729000706346746,4
1517,1518,-0.0029704475362146436,1,25.721969562617154,25.671285771065907,1
1519,1521,0.0034823619226107376,2,25.702592784235787,25.817801107444215,2
1523,1527,-0.006446740706717238,4,25.910028913501733,25.768903704306343,4
1533,1542,0.009003184893930944,9,25.41673117451047,25.670979435848437,9
1550,1553,0.005568528927462483,3,25.73143745240641,25.900455143657734,3
1554,1555,-0.00497879244952966,1,25.915348880648658,25.812237086195406,1
1558,1560,-0.00350795016033383,2,25.740052625682118,25.675497856572537,2
1561,1562,0.0007952059708114293,1,25.76306842244558,25.80931843670398,1
1568,1569,0.0026036910609999572,1,26.13415089664254,26.228330302615596,1
1573,1579,-0.0027037791382589806,6,26.377786794401846,26.3328448715481,6
1584,1585,-0.0030391870285685694,1,25.916311241585884,25.863463035873696,1
1587,1589,0.006292420699050212,2,26.02012554069896,26.209875242783838,2
1594,1595,4.205563174131252e-05,1,26.390611655856077,26.41811214135716,1
1603,1609,-0.024082148211950063,6,26.19673368050491,25.59205679102251,6
1610,1611,-0.005555536017017263,1,25.474116652151146,25.358068396240572,1
1613,1615,0.0025645900415303814,2,25.24560775880764,25.33559800081707,2
1618,1623,-0.002104739947249867,5,25.563957150313396,25.53571562563966,5
1628,1629,-0.007879931708640566,1,25.198200098276708,25.024838202419904,1
1631,1632,-0.008982968840934788,1,24.871801949696277,24.67325112971395,1
1635,1636,-0.009971995251998201,1,23.969656467062066,23.754600823047557,1
1637,1639,-0.009833906388341872,2,23.75250823208352,23.542680797872976,2
1640,1642,-0.01091203253306839,2,23.41268764574202,23.18062032411086,2
1646,1647,0.009488429219733002,1,22.0200353410619,22.250990923152646,1
1651,1652,0.004819073795809648,1,23.969431870496713,24.108911763394765,1
1654,1671,0.11000670232331923,17,24.252003959484036,26.94413894375844,17
1673,1680,-0.03929617160675814,7,26.90002997916169,25.869861814852776,7
1682,1683,0.002751773775699414,1,26.247709283103422,26.34618475046395,1
1685,1692,0.028375953887218808,7,26.49227437945121,27.270510209989517,7
1695,1698,-0.0009252359709032913,3,27.930606416363638,27.93269462103444,3
1702,1708,0.0777910888504179,6,27.659191952208445,29.838489802845665,6
1709,1713,0.015050558364852702,4,30.0827051206709,30.565549334982883,4
1714,1715,0.00522133330701329,1,30.679826745695458,30.87069617368185,1
1716,1723,0.04902459719340396,7,30.800109367245213,32.34087243185444,7
1727,1732,-0.02804607789638295,5,32.23597023083631,31.364113668907628,5
1733,1734,-0.004825254601478307,1,31.20108439586033,31.081732304203953,1
1736,1737,0.0047939402426290965,1,30.943543899152637,31.122828943399497,1
1739,1747,-0.025517871801431335,8,31.17376542890196,30.40945104454825,8
1753,1755,-0.0047382448550189905,2,30.549242618103023,30.435042069061172,2
1756,1760,0.01784172336220376,4,30.430596203267363,31.003961078676255,4
1761,1766,-0.019872410620956436,5,31.281388651866006,30.691033440434264,5
1767,1768,-0.004453634230793034,1,30.409362095354,30.304339281484904,1
1769,1771,0.06100060669074419,2,30.65360699630423,32.55414922733473,2
1773,1778,-0.007806107588592359,5,33.88890213157399,33.65825061760722,5
1780,1793,-0.031000778083708682,13,33.52165823033526,32.51598240076905,13
1795,1798,0.06251352635687767,3,32.688536068419204,34.76470026556849,3
1800,1801,-0.004400341960993689,1,35.10905059510444,34.98966781715526,1
1804,1805,-0.015058025872014196,1,35.30577600201664,34.809446489548755,1
1806,1811,-0.03956451155391104,5,34.68637084007647,33.3487078910511,5
1812,1819,-0.024079771007555026,7,33.27009993870979,32.5022336507259,7
1820,1822,-0.02224607737848011,2,32.2967992362433,31.61061894059284,2
1823,1825,-0.025674979865090354,2,31.372114891510854,30.598008588237523,2
1836,1837,-0.012887481979121429,1,31.5802402095796,31.204830673191896,1
1838,1842,-0.03075089954770398,4,30.867123491471713,29.948798801150364,4
1843,1847,0.012993613409130047,4,29.80687732934126,30.223983247621423,4
1853,1860,0.015594078203283436,7,30.218922531117517,30.720377694817845,7
1862,1867,-0.012313258344225034,5,30.8211523770614,30.472464717752977,5
1871,1872,-0.008640735290354407,1,30.1383206789783,29.908041748574412,1
1876,1878,0.006501842260665094,2,29.563271492645878,29.785050492092925,2
1879,1883,0.02317008306046895,4,29.766983054233876,30.48645350711428,4
1884,1898,0.042977526157540864,14,30.373961815758133,31.709733516018783,14
1899,1901,0.0001350398963678996,2,31.671783420582234,31.707732158353718,2
1902,1908,-6.567150541181169e-05,6,31.84033035626275,31.87007968419171,6
1909,1919,-0.0077672058262528995,10,31.75737481328446,31.542466121421505,10
1922,1930,-0.013806861977321592,8,33.05348916722513,32.630177693591584,8
1932,1934,-0.00626154078876741,2,32.48186661838938,32.310961952281424,2
1941,1947,-0.012215273462606757,6,31.68683235880862,31.331455868740804,6
1949,1950,-0.006791923698146597,1,31.34818758546212,31.166621274891938,1
1951,1957,-0.007563452862947639,6,30.953378660866576,30.75021761907701,6
1961,1964,0.03296869651043898,3,32.06370409663981,33.15286633009909,3
1965,1968,0.026372816210126583,3,33.23768883915223,34.14749798699572,3
1969,1971,-0.00636747264237888,2,34.33797374329,34.15366560862817,2
1972,1973,0.0007896395797277517,1,34.23022675178532,34.29148652040337,1
1974,1975,-0.010292885794359292,1,34.11525136107737,33.79822222633302,1
1979,1989,-0.013980716007691428,10,33.83904231548153,33.39978731721201,10
1994,1999,-0.01223594554732189,5,33.61348912645749,33.235809792977115,5
678,685,-0.022785815815495793,7,26.71310399590479,26.131137232389822,7
686,688,-6.643084314788194e-05,2,26.150069111462937,26.17448200943495,2
689,693,0.012668593405730903,4,26.33214940257882,26.69207284626163,4
695,701,0.00034751710417666327,6,26.84481493586926,26.8809887831538,6
702,707,0.025988373030923453,5,26.965899506145433,27.69366526113168,5
717,719,-0.01045826945812938,2,26.90364818648394,26.649186232529463,2
720,730,-0.02520668740676253,10,26.65171004608652,26.006560432145232,10
732,737,0.02151643069425431,5,25.912935772314096,26.49640259471607,5
738,739,-0.003472408871258993,1,26.62369004917957,26.557865401716327,1
741,748,-0.001421742089987532,7,26.32105249686761,26.309951801176908,7
749,750,-0.0023371575876702166,1,26.376635107147795,26.341365389377064,1
751,753,-0.007482522677649775,2,26.329539517412567,26.158857680398864,2
754,755,0.000622650712767827,1,26.224600680219904,26.267154047205715,1
756,764,0.021348856638524,8,26.337960694282355,26.92658400198995,8
765,767,0.0018093408531065646,2,26.93075780870139,27.006415486818494,2
768,769,0.0012601327176817879,1,26.942892801038337,27.003787314566956,1
771,772,0.001093482308337133,1,27.098015791320023,27.15474500797019,1
776,782,0.021463608579510615,6,27.207001564465543,27.81816899823183,6
785,789,0.0035837064192849964,4,28.005013106750972,28.133379865100547,4
790,791,-0.007114984528565905,1,27.960409248799365,27.789431778830586,1
800,803,0.00026535156281706166,3,28.144153571471108,28.179765820176932,3
804,808,0.001348013911486987,4,28.41037457830319,28.477082533043603,4
809,815,-0.003713866160171451,6,28.643218356605896,28.5654844955895,6
816,818,-0.0030029209081972852,2,28.528874686187947,28.47173360659164,2
822,830,-0.01300286993337266,8,28.49018287566233,28.148218916227755,8
831,832,-0.007025618099842001,1,28.112161523483472,27.942768374181888,1
833,838,0.021673704900092416,5,27.93469683685105,28.568079909403355,5
839,840,-0.00048217340182487927,1,28.68725335445339,28.702108377268914,1
841,843,-0.004824789236237954,2,28.740046132823913,28.630121513726106,2
845,849,-0.01016126958857502,4,28.63012175527132,28.36783349151755,4
851,855,-0.002458756172397977,4,28.201551870538022,28.160412682675673,4
856,859,-0.008273194441937193,3,28.116939436831167,27.912439469194922,3
862,865,-0.0017830445533850861,3,27.808625665032807,27.786850272168678,3
866,867,-5.326052285223705e-05,1,27.705511810126488,27.73174171189172,1
869,881,-0.02048180922525475,12,27.70543444872866,27.165682460295727,12
882,895,-0.0036451962443733604,13,27.19375858107903,27.121825753009965,13
896,898,0.0030022105923519886,2,27.276878988059835,27.38604680207215,2
899,901,0.000578491057189131,2,27.320817499474927,27.363943165572945,2
902,904,0.0003771582531497293,2,27.498439547390287,27.536309250361715,2
907,909,0.003620875688749789,2,27.660248170487524,27.788062738803315,2
911,912,0.00046120018521705755,1,27.858058716379936,27.8987649169361,1
913,916,-0.01810527903612731,3,27.95518349983039,27.47700228555965,3
921,924,-0.008770502444688875,3,27.300736654696756,27.088596213779628,3
927,931,0.003955488510206752,4,27.123466158447552,27.25787618335272,4
934,935,0.0014707720049367042,1,27.323709075172992,27.391219730626965,1
936,938,-0.005064090012451658,2,27.267505853874436,27.156688255669238,2
942,946,-0.019608166536451813,4,26.898085189779195,26.397561141056116,4
947,949,0.009454782221916057,2,26.329810634889206,26.605083071021262,2
954,955,-0.0016615296907857987,1,26.616520336359997,26.59891271789209,1
956,957,-0.0006338336360396039,1,26.708346434849094,26.718126132950538,1
963,964,-0.004817260125690285,1,26.6069524876554,26.505386828858136,1
973,975,-0.003634338038897106,2,26.23058160009747,26.161481381205938,2
977,979,-0.0027702694970662663,2,26.159115060148096,26.11280637668687,2
984,990,0.016070174052807792,6,25.78079480454979,26.220877459083177,6
995,996,-0.0040516355076063906,1,26.317976313090863,26.23766344208549,1
997,1001,-0.008073109162400272,4,26.28585108110599,26.09992838698273,4
1003,1004,-0.00024311636515674212,1,25.985683247295714,26.005351385685813,1
1008,1012,0.011319879480915826,4,26.008531577524387,26.32895355203508,4
1018,1021,0.012628858022991428,3,27.001768371117663,27.369771638617326,3
1024,1025,-0.0018370014184609556,1,27.755831521842378,27.732599851488033,1
1026,1027,-0.0024127188026942326,1,27.59907716843844,27.56008743318558,1
1028,1029,0.0007221312149389787,1,27.5956016914538,27.643124938521677,1
1032,1037,0.010449100533553763,5,27.93790416068239,28.257768034114832,5
1038,1039,0.001754705053837328,1,28.429862831686496,28.508178718508844,1
1040,1042,-0.00029788359217887796,2,28.429943605920528,28.449904735799674,2
1047,1049,-0.008537367875617319,2,28.204470102943123,27.99188263604039,2
1050,1051,-0.005077253570535131,1,27.926861314502325,27.81299641949393,1
1052,1059,0.021814615774436014,7,27.76595003538376,28.39941951705323,7
1061,1084,-0.009206701885321102,23,29.069183101356625,28.830620981593977,23
1087,1088,-0.0005271737273341732,1,28.42884866842237,28.44229057497444,1
1094,1095,-0.00346789144310339,1,28.027838129963758,27.958668468074134,1
1097,1103,0.0006575728907763177,6,27.91141430420145,27.95767950789532,6
1107,1109,0.006217368605149771,2,28.010807557114944,28.212971880182558,2
1115,1123,0.004893723148205566,8,27.313450652216414,27.474428568582752,8
1125,1126,-0.0017106721418245815,1,27.554898082079525,27.535315583641776,1
1127,1129,0.001130660522595089,2,27.53208439682185,27.590745922150916,2
1131,1133,-0.0033351008420095503,2,27.628293825195257,27.563778973020757,2
1134,1135,0.0011813056523266269,1,27.516088520290637,27.576109519709867,1
1138,1141,-0.000891156485144108,3,27.845841232867798,27.848872072101702,3
1153,1155,-0.0037173606278574907,2,28.625416875077374,28.54763129430503,2
1156,1158,-0.008771114670832213,2,28.625270556950063,28.402820296968407,2
1162,1163,-0.00234196121155275,1,28.192578441696682,28.154745094974267,1
1168,1169,-0.0035522009821148917,1,27.88239279630677,27.811231326028324,1
1171,1172,-0.0024449829844550813,1,27.737066292258667,27.69698670342765,1
1174,1179,-0.02349832743260413,5,27.543675308356164,26.923988682571434,5
1187,1188,-0.0010534413572050438,1,26.752936002327452,26.751506289118268,1
1192,1193,-0.0008279330302449788,1,27.098379430195912,27.103042166229738,1
1194,1196,-0.006662428632474915,2,27.05908348281444,26.905863353732823,2
1197,1198,-0.0028696308222240867,1,26.912663855718556,26.86234710986575,1
1206,1207,0.0024474795924867955,1,26.91320480549385,27.00598752982921,1
1209,1211,0.008807834314376171,2,27.25129098857274,27.518567135441515,2
1215,1221,0.01401090140507685,6,27.50354381329842,27.916396797770055,6
1230,1232,0.002368229625232151,2,27.604669221702746,27.69764808637002,2
1233,1234,0.0005229967715848851,1,27.718520981532567,27.76073619950055,1
1241,1242,-0.0012140673614959652,1,27.48689542291536,27.48101137573646,1
1244,1245,-0.0021025801280106808,1,27.597713804099524,27.567285113280597,1
1246,1254,-0.033783873196219616,8,27.473810326637725,26.573112412672245,8
1256,1265,0.013502284887412494,9,26.493204308701607,26.877416305166822,9
1269,1274,-0.016204420365023012,5,27.13764233525677,26.725030213475883,5
1277,1278,-0.0037375289175110523,1,26.605827916103426,26.53299369280877,1
1279,1280,7.412248187595887e-05,1,26.48859443647677,26.517046431274284,1
1284,1285,-0.005185851155024312,1,26.100746031531166,25.991492193608085,1
1287,1290,0.007350497058731445,3,26.034881982216074,26.25228618763299,3
1293,1294,-0.002015708928304846,1,26.164816034793436,26.138240197539442,1
1295,1296,-0.005842028975664154,1,26.059457442714283,25.933276794686574,1
1299,1300,-0.004126899328955861,1,26.003311542530557,25.92200180511759,1
1302,1303,-0.010578705957079573,1,25.695590349890793,25.449459845535618,1
1307,1313,0.02506180167357966,6,25.38781854169414,26.049470833452602,6
1315,1316,0.003436904998940545,1,26.42898590169472,26.546248801358878,1
1324,1325,-0.007447757216094118,1,25.506671017985546,25.34221019587079,1
1327,1328,-0.001093848542427906,1,25.326307896368487,25.323931059287332,1
1329,1331,0.012337647247950168,2,25.347540485655916,25.68561703925673,2
1335,1337,0.004048223538641421,2,25.987700283070943,26.1188920033551,2
1338,1339,-0.004930312822759767,1,26.266031784553583,26.162798063027736,1
1341,1343,0.0016714339540971723,2,26.36140097745943,26.431823719108184,2
1347,1350,-0.008953842195720894,3,26.428914016544713,26.21870260505284,3
1352,1353,-0.00946939734006503,1,26.00922516812821,25.788942705672113,1
1354,1356,-0.003332380098008691,2,25.71461229497702,25.654636045032206,2
1358,1366,0.003185296951932255,8,25.713180894280214,25.820798191901527,8
1372,1375,0.012033163609836924,3,26.3698811362546,26.71356411147536,3
1387,1391,0.005058788204256412,4,26.51584835048095,26.676502259692697,4
1393,1394,0.005909932995373817,1,26.960024623216427,27.14631658691648,1
1403,1404,-0.001544019708595217,1,27.51502887759209,27.500060159600114,1
1406,1407,-0.004545920770947374,1,27.414212448862802,27.317003823521215,1
1408,1409,-0.0029288245021521007,1,27.282236621358354,27.229613974889567,1
1413,1421,-0.002037140686895275,8,26.96773742641724,26.939768088698795,8
1424,1429,0.01649453673291435,5,27.37542772549404,27.854348151416936,5
1430,1431,0.001961932890577231,1,27.82443479091289,27.906848899481815,1
1434,1440,-0.0004138615048096656,6,27.926899016026997,27.943268046591584,6
1445,1451,-0.01810220340253698,6,28.020196854780345,27.540989748790764,6
1453,1460,-0.014331221028177823,7,27.77766309099579,27.40735292468347,7
1461,1468,-0.016112962312655698,7,27.397997662791486,26.98393275667149,7
1470,1473,-0.0018776621183170892,3,27.112046757654717,27.088251541265482,3
1474,1477,-0.019692676784551458,3,26.953928813670682,26.450087734282928,3
1479,1481,-0.0012166844968320243,2,26.36458532886612,26.35887253195995,2
1482,1483,-0.008191658327125094,1,26.060587133978043,25.8731682955062,1
1484,1486,-0.002317970613551423,2,25.917349521125878,25.883191216075893,2
1488,1489,-0.0014161366395134436,1,26.01521119452914,26.004385311966416,1
1490,1491,-0.006550939286926401,1,26.050644255591834,25.906038710943726,1
1495,1496,-0.001348704057868254,1,25.339495388932114,25.33065940406566,1
1501,1503,0.005982596282472977,2,25.65647719446992,25.83562601674938,2
1504,1507,-0.0033017495661939503,3,25.72264701872156,25.663439927104857,3
1510,1515,-0.0006638439034474639,5,25.82102272452874,25.82970261873681,5
1522,1527,-0.00284958420547176,5,25.830927221300037,25.78315074629883,5
1531,1533,-0.0028832865288654463,2,25.39914856626137,25.35131469192188,2
1536,1537,-0.005302671863570481,1,25.366537407913253,25.257393521132016,1
1539,1542,0.007354833109951368,3,25.413635941775382,25.625962628785977,3
1549,1552,0.0036395022211663996,3,25.71111857440856,25.8304053661432,3
1554,1555,-0.0019851713765452073,1,25.891566303852006,25.86605867383553,1
1565,1566,0.004074004100642616,1,25.91891267029381,26.05042533946708,1
1569,1570,0.0004083010406704614,1,26.22513203783816,26.26206491857877,1
1571,1572,-0.0015487673893383807,1,26.35666122311755,26.342197546946462,1
1583,1587,0.0016062440396727696,4,25.942768897432643,26.010382084244185,4
1590,1597,-0.007662977756253405,7,26.308117380245417,26.132826979331938,7
1598,1600,-0.00192925644466687,2,26.024242045411214,26.000058850772945,2
1602,1603,0.003303527811972639,1,26.113499375645457,26.225879546476477,1
1605,1613,-0.03776001398508807,8,26.206173872341115,25.242834554298206,8
1614,1615,-0.00027576408764390685,1,25.295832933824173,25.314153084467808,1
1616,1617,0.00037675229613669953,1,25.440297538961566,25.475322527012732,1
1622,1623,-0.0034342779034036487,1,25.546349552074318,25.484162637847078,1
1628,1629,-0.005569770896082169,1,25.18230639147297,25.067229020628993,1
1630,1632,-0.011826388447513846,2,24.97912869700551,24.70869494665129,2
1633,1639,-0.03536933337399856,6,24.37763984475156,23.539796614056023,6
1641,1651,0.0273870677448085,10,23.269250676726905,23.929796472058083,10
1653,1661,0.09581393901036825,8,24.276963530784236,26.627311997410516,8
1667,1672,-0.017651351112443512,5,27.58183546687531,27.122560640190724,5
1674,1676,-0.013874126923382822,2,26.762861086793542,26.4183126163293,2
1678,1686,0.024098212543029462,8,25.80637596201085,26.454069870870725,8
1693,1694,0.005019428913668292,1,27.496501933474082,27.662015172237172,1
1697,1698,-0.005132937212501485,1,28.09862589417424,27.98249603759605,1
1701,1705,0.010842684286766234,4,27.787749211706885,28.116830752660967,4
1708,1709,0.011084162818454327,1,29.772188035445225,30.131960003127183,1
1711,1721,0.03365834907871337,10,30.28940223408827,31.339182910102863,10
1728,1730,0.00014899559311057332,2,31.93904367210063,31.97574149252804,2
1732,1738,-0.006777519039425945,6,31.43992932101934,31.258284530768943,6
1739,1748,-0.027660446895497518,9,31.145408734479926,30.31505821887576,9
1749,1751,-0.0029026950801232833,2,30.371597175065435,30.313809286544952,2
1752,1753,0.0016639284283423068,1,30.359378599099013,30.44025381081596,1
1754,1762,0.029375027158667757,8,30.52431949214616,31.45149652571995,8
1766,1773,0.0991171167187652,7,30.709644463212374,33.78420552232759,7
1774,1777,-0.019203064659386364,3,34.13003226563378,33.508761081475505,3
1784,1788,-0.040894838376072995,4,33.37649000784838,32.044940333424655,4
1789,1790,-0.02489668932979849,1,31.86465182016018,31.103192135011614,1
1795,1798,0.06303114709266917,3,32.68330561185875,34.77605516096634,3
1802,1803,0.003304982748548419,1,34.943349575724646,35.09378009282464,1
1808,1810,-0.017266580139529614,2,34.22581793352011,33.66908092326356,2
1811,1815,4.17367820517761e-05,4,33.47639597486872,33.51126956788627,4
1816,1819,-0.03047139521359291,3,33.379308673310405,32.395573875442764,3
1821,1824,-0.03146761200466144,3,31.856079012303283,30.88550035696659,3
1830,1833,0.027486945080319205,3,30.585573497001167,31.456863049460306,3
1834,1841,-0.0650868326730048,7,31.99089689808812,29.940701641521,7
1842,1843,-0.00853612660529389,1,29.980053936554025,29.754120454454615,1
1844,1848,0.007822158853639145,4,29.857933748588856,30.12134518316034,4
1852,1855,0.015941982858521258,3,30.398697117196978,30.91371132267791,3
1856,1858,-0.010065031279603408,2,31.082338943260297,30.800576568496407,2
1860,1862,-0.004301749894499964,2,30.805979250845578,30.70426561210413,2
1866,1870,-0.01630564557470602,4,30.781596181843074,30.31046398046006,4
1877,1879,0.002026046872934964,2,29.722736787796407,29.812679182508187,2
1880,1888,0.032879274829901786,8,29.976578368237167,30.992163105234763,8
1897,1899,-0.00959274090541666,2,31.892036995124347,31.61799698427928,2
1901,1906,0.003723777946721402,5,31.683999542973197,31.833667721278225,5
1907,1908,-0.005481377031582913,1,32.070589109890456,31.92686870846406,1
1909,1913,-0.026142748739841987,4,31.767636513421344,30.96891081050576,4
1914,1916,0.008507177695958764,2,31.24180771927217,31.538829136802267,2
1918,1923,0.05049071388895401,5,31.489882085280726,33.111318594130815,5
1928,1929,-0.0012522290034957012,1,32.56958303601501,32.56136804254157,1
1930,1935,-0.009155980921690905,5,32.742215588972385,32.475170703294836,5
1938,1946,-0.016184616104087668,8,31.858737160514895,31.374974467171445,8
1947,1951,-0.013879211662348966,4,31.332855439117107,30.929312961930936,4
1953,1955,-0.00353512834139847,2,30.724236076133757,30.646346194489333,2
1956,1957,0.002134578782605277,1,30.662002847212726,30.75811531076978,1
1958,1959,0.013414260291419264,1,30.894340126071242,31.33965918618007,1
1960,1963,0.03762017947633433,3,31.68882712664985,32.9126553176756,3
1964,1970,0.032659115580467836,6,33.12522452823487,34.24019028925967,6
1972,1982,-0.022152272237550473,10,34.26710537778869,33.54227823604487,10
1983,1985,-0.010587776071959019,2,33.4193209086501,33.098903943301025,2
1992,1993,-0.0006265653822934361,1,33.343005484034975,33.355456916541094,1
1995,2000,-0.019348243395137462,5,33.81406307744532,33.19363441792182,5
673,674,0.0005886058510452797,1,27.028506568527238,27.071444212207016,1
675,676,-0.008379545952189059,1,27.086785111530993,26.88689693610338,1
677,682,-0.024724184862841597,5,26.88981557722068,26.25187662153898,5
683,684,-0.00282371181873979,1,26.251926997577687,26.20405104804751,1
686,693,0.0221107253965013,7,26.1084648799793,26.7118504423447,7
695,697,0.009113478970474959,2,26.807195134171785,27.07830913841865,2
702,704,0.01157877560100622,2,27.038380330238585,27.378490049027317,2
707,720,-0.042153379210628734,13,27.747524859731254,26.605620447022385,13
725,726,-0.0069897198446187535,1,26.492082161386016,26.33340201113869,1
728,729,-0.003749566377212421,1,26.19640152130274,26.12437277647581,1
732,733,-0.0004014436449543236,1,25.934418059120617,25.949941269864315,1
734,737,0.014997545846094123,3,26.143696690316446,26.561931676706163,3
739,741,-0.012986207708130668,2,26.527571375441457,26.209606394943155,2
744,752,-0.0008940700392692343,8,26.230865193933987,26.233643828453914,8
753,755,-0.0010567285556854255,2,26.2539818720471,26.252492521574506,2
756,757,-0.0005671086462070551,1,26.3345919815149,26.345991998689364,1
766,767,-0.0015290367920362214,1,26.96035915417126,26.946096132252194,1
769,772,0.006552479342106799,3,26.936958533774614,27.140399356640135,3
774,778,0.004560699358436364,4,27.278318403407507,27.430004931052558,4
781,785,0.009376989233408208,4,27.74105457290723,28.02892319753368,4
788,794,-0.01984983221246302,6,28.225330426779426,27.693287684093306,6
796,797,0.004510653252347776,1,27.675513760878964,27.828023920795747,1
799,800,-0.0008925891617129768,1,28.07551297625956,28.07852859064368,1
801,802,-0.0004863867176967074,1,28.143130711633752,28.157585397372845,1
803,806,0.01121177777821595,3,28.204936359130805,28.549368774197234,3
815,816,-0.0032002519292926106,1,28.595622395566174,28.532704822221007,1
817,823,-0.0008649776795948366,6,28.4652399803042,28.46908342305723,6
824,826,-0.005623198562819576,2,28.647530916178624,28.515087692418618,2
828,829,-0.00874080313887833,1,28.4735589546594,28.253150740128135,1
830,832,-0.008738112519094668,2,28.154248281582177,27.936387540488766,2
833,836,0.012731900698142864,3,27.96043606970724,28.34438600129323,3
839,844,-0.00073200719744217,5,28.64599508759013,28.65367200809571,5
846,847,-0.0006124382995917868,1,28.597423064753933,28.608506330664202,1
848,850,-0.010869506105288206,2,28.58265684180156,28.30056013559604,2
851,858,-0.00990571722378358,7,28.212721129060586,27.96146661257171,7
862,864,0.004235509599388915,2,27.765997641982782,27.911366789173993,2
870,872,0.006017248713871802,2,27.70030769052675,27.89468763904195,2
879,882,-0.010196150021385856,3,27.46932787766504,27.216715817515396,3
885,893,-0.004327805302475804,8,27.084508527389268,26.99437655629687,8
894,898,0.012784918582357849,4,27.009276501647502,27.381597179191104,4
899,902,0.002965441045975052,3,27.304646331588756,27.41292129689787,3
906,908,-0.0002536538557489184,2,27.641737689653116,27.66236799399819,2
909,912,0.005558293444594582,3,27.783072740423577,27.96528228424779,3
913,914,-0.007774337833921987,1,27.907552477201055,27.718497288602588,1
916,918,-0.008374802612224744,2,27.51631739027552,27.313389980906912,2
919,920,-0.003513621767790129,1,27.329153961445005,27.26045880515223,1
921,924,-0.009292427719481876,3,27.308190115592506,27.081738922909086,3
928,931,0.003162021784795019,3,27.19242877989745,27.30560426086087,3
933,934,0.00043497400678080343,1,27.311875603819722,27.351067435387634,1
935,936,-0.005386977450665304,1,27.336958906727997,27.217032284434417,1
939,944,-0.020845954234921096,5,27.205599996995172,26.665678904521236,5
953,954,-0.0036665417486337116,1,26.67456335622996,26.603434519413998,1
955,956,0.00046668271999596145,1,26.650082522719316,26.689169738241855,1
958,959,0.0012482638609327555,1,26.798562436503456,26.858812675954397,1
961,962,-0.006732435713125666,1,26.825974621651994,26.672196446691434,1
964,965,-0.004120479540832664,1,26.504010018403946,26.421304797391493,1
966,967,-0.0007686669110697798,1,26.452052650470844,26.45817188551902,1
970,972,-0.009412218020930913,2,26.40030520965868,26.178220086415912,2
976,981,-0.004935884911749485,5,26.189727853646982,26.086648098944988,5
984,985,-0.0029132600040659112,1,25.789400658241856,25.74005882943361,1
986,990,0.011632188952976578,4,25.88023197050835,26.207155950906678,4
997,998,-0.001687112526253468,1,26.254583677273857,26.236543823957632,1
999,1005,-0.00979211258913856,6,26.28568869958307,26.054581965053288,6
1006,1007,-0.002639783088197507,1,26.08645181619869,26.043675693679408,1
1008,1011,0.010695047361599076,3,25.979952569926617,26.283789345684006,3
1012,1014,0.009449817868146262,2,26.376991902260908,26.652626663549103,2
1015,1017,0.00669458546122127,2,26.762652837634683,26.96858035706286,2
1018,1019,0.0033214953505163207,1,26.996889669623542,27.113556602809222,1
1020,1022,0.00691890888723581,2,27.372929365610105,27.589693099233113,2
1027,1029,0.004682299201656834,2,27.565526222916603,27.722161790566332,2
1031,1036,0.016490535883861797,5,27.80247523164943,28.288755422348775,5
1038,1039,0.0013082780099286638,1,28.425275189596505,28.49088862724282,1
1041,1049,-0.01619138722940322,8,28.460580674387007,28.028224972588724,8
1050,1052,-0.00654607096646876,2,27.923324079830987,27.76845934286454,2
1057,1059,0.003348134348391458,2,28.295755242695428,28.41878898797987,2
1060,1061,0.011148910264991665,1,28.710848404224894,29.0596539251196,1
1062,1076,-0.024361889679575675,14,29.39293314534974,28.706258683848937,14
1084,1087,-0.016501244218852112,3,28.863551759843112,28.416130794990305,3
1090,1093,-0.008717618528010349,3,28.502000719116708,28.28203315028149,3
1098,1099,6.447185119091222e-05,1,27.738007246215485,27.76753357413721,1
1106,1109,0.008980494282040324,3,27.979222826645607,28.258469300082876,3
1110,1111,-0.004828492444722859,1,28.28116433789788,28.172890113902273,1
1112,1113,-0.0077995071267909135,1,28.031271916832587,27.84067308366107,1
1119,1124,0.013616645324861582,5,27.168640507329158,27.565754889583456,5
1127,1128,0.002163411805106918,1,27.565177831669793,27.65237784063237,1
1131,1132,-0.004821877858980192,1,27.65730558737572,27.55160274351228,1
1135,1136,-0.0023288326928349555,1,27.603325220285548,27.566645019301877,1
1137,1138,0.0021678552940743875,1,27.747511129571834,27.835411229601036,1
1141,1145,0.010628621585501735,4,27.875774727868244,28.199931563581316,4
1147,1148,0.002180639765797166,1,28.287234719940454,28.377206223555135,1
1151,1152,0.00030363054404266535,1,28.5929450510788,28.63021968759152,1
1155,1156,0.0004205894978835819,1,28.605187306222785,28.645823534894998,1
1158,1165,-0.019032637115197232,7,28.49221967677079,27.9784298187331,7
1177,1178,-0.005608482233068251,1,27.040240874411392,26.91562640476378,1
1179,1186,-0.009319212223510068,7,26.915023692659137,26.691111898559104,7
1187,1188,0.0010742064238193167,1,26.758027231465253,26.81352890343749,1
1191,1192,-0.0013532088666506487,1,27.107556225573358,27.097981596361254,1
1195,1196,-0.004350987236553822,1,27.048297500300063,26.957659000606046,1
1198,1199,-0.0032625143864777836,1,26.8886482430794,26.82781228959649,1
1204,1205,-0.0030842657112881556,1,27.00822234453757,26.951930032782005,1
1206,1211,0.020753058571351738,5,26.98580467561696,27.572828465320715,5
1212,1213,-0.000805673909666297,1,27.633433897556742,27.63880379472855,1
1214,1219,0.0015601579073164775,5,27.63507753066381,27.705827692923243,5
1221,1226,-0.007663319588437018,5,27.95866961387714,27.772372062972355,5
1227,1228,0.0005414666843342806,1,27.57193053681928,27.614431749164567,1
1230,1231,-0.0020255165334355377,1,27.64176044596282,27.61341336361222,1
1234,1235,-0.0014367637513948263,1,27.712153104594535,27.700049440645344,1
1237,1238,-0.004096630577532089,1,27.561437653604674,27.476090063005778,1
1239,1240,-0.00419104942199033,1,27.465939446600828,27.37829427640533,1
1242,1246,-0.003479737685139547,4,27.529040858642706,27.460776058589783,4
1251,1252,-0.00420127230698618,1,26.76627035426747,26.680584234221048,1
1258,1260,0.0005430337743807048,2,26.357167515253405,26.39783751492645,2
1261,1262,0.004854817105353481,1,26.57290542217638,26.728484923381078,1
1264,1267,0.005110460517272579,3,26.85308225356487,27.017166952442352,3
1268,1269,-0.0024807550029989256,1,27.07839667919129,27.038300207835388,1
1270,1271,-0.0075634264844155604,1,27.118510287647005,26.940519939007167,1
1273,1274,-0.007334301685813348,1,26.907653059488684,26.737211867352684,1
1275,1276,-0.0023849082348712546,1,26.62600808889149,26.589133511027434,1
1279,1282,-0.005681486870345982,3,26.505376409720075,26.381291838064392,3
1286,1287,-0.00031521600031419084,1,26.02965784828772,26.047482541499523,1
1288,1289,0.00018805058676133108,1,26.065256728642037,26.096223572192585,1
1290,1297,-0.007511422986899904,7,26.17233470975283,26.001915567902905,7
1301,1302,-0.006885124767567835,1,25.912426247520997,25.759928386023937,1
1307,1308,0.00656118187628271,1,25.388816341986416,25.580785799971714,1
1320,1325,-0.013434448231763017,5,25.67088153913658,25.351678291574466,5
1327,1330,0.0034401635223598077,3,25.360610951367175,25.473216211018194,3
1332,1334,0.003956173659676206,2,25.816976516840942,25.94492993582619,2
1336,1338,0.004144206319584124,2,26.115753050263596,26.25009787214546,2
1341,1342,-0.0010793005155870367,1,26.337106883870096,26.335018337715134,1
1349,1350,-0.0023747403484827775,1,26.307017231639424,26.270851913602858,1
1352,1354,-0.016319466166694805,2,26.029726150982704,25.630964641884393,2
1355,1358,0.0031756421113456525,3,25.62249969850046,25.72949008723946,3
1359,1360,-0.00045953920312090087,1,25.792699204546814,25.806639147312566,1
1362,1364,-0.0016280374988705223,2,25.84836509363914,25.832131351075837,2
1365,1371,0.01247189952888349,6,25.838505747455308,26.186599500861504,6
1372,1373,0.007434638781466618,1,26.347627991891084,26.569860716751144,1
1381,1382,0.00014184015885671886,1,26.629037759655798,26.659443864361485,1
1384,1391,-0.0017210682775942192,7,26.657903888151072,26.63868171931017,7
1394,1400,0.005373586278438519,6,27.169139737227034,27.342304593453203,6
1407,1409,-0.0052815142230894,2,27.34687767266897,27.229791626956352,2
1411,1412,-0.006385031105904731,1,27.16830127948182,27.02199913199722,1
1416,1417,-0.0017311487641172023,1,27.105591625977787,27.085773406159788,1
1418,1421,-0.007327369118916701,3,27.119213821479768,26.947620545416438,3
1423,1426,0.012337604758312547,3,27.217238728027727,27.580251500794798,3
1430,1433,0.0019226506035626683,3,27.859038869769996,27.940461106537406,3
1441,1442,-0.0005442859278484998,1,28.00912526142223,28.021889413952515,1
1445,1447,-0.016099523950447375,2,28.032214484974194,27.60894139097425,2
1448,1455,0.009412659383552603,7,27.609682383359008,27.897172601704998,7
1456,1461,-0.019535165828210053,5,27.919291631508344,27.40180293131218,5
1463,1467,-0.009485986859709548,4,27.196702075933104,26.9659112194893,4
1471,1473,0.0018650941481761119,2,27.00492411174273,27.082295761787226,2
1479,1482,-0.011307937856789456,3,26.38509281519148,26.113116918106865,3
1486,1488,0.000722171156084661,2,25.95861705352472,26.003322235066147,2
1491,1493,-0.009962563717304265,2,25.892808740222694,25.660742792068476,2
1498,1499,0.0022109641251119782,1,25.541203087616346,25.62321497444288,1
1500,1505,-0.005074660555090826,5,25.703049287269867,25.598318086193473,5
1508,1510,-0.00024886024648410813,2,25.7914729897569,25.81084599042124,2
1512,1513,-0.004301837761370915,1,25.72487393984776,25.639934579666665,1
1516,1517,-0.004309303242980853,1,25.804726923259963,25.719331256768584,1
1519,1520,-0.0007574742868543483,1,25.727694208023635,25.73393383540903,1
1536,1539,0.0005914726882660217,3,25.328657641844085,25.36896750871152,3
1540,1543,0.009882616505043715,3,25.437151875130677,25.713974643968278,3
1547,1550,-0.0008900327853053219,3,25.720467484041432,25.723295892211297,3
1551,1552,0.0015864514138697154,1,25.786475197216035,25.85317066244859,1
1553,1554,-0.0037317630706223638,1,25.93767872499096,25.866823132112362,1
1555,1556,-0.002323048557022385,1,25.85514990113342,25.820942282365127,1
1558,1559,-0.0014252997945458448,1,25.735934694676587,25.724989206938496,1
1563,1565,0.004360076045371358,2,25.78609924127357,25.924314694120287,2
1568,1569,-0.0002279337837251445,1,26.153959170483933,26.174151758781296,1
1573,1575,0.0005353174812582091,2,26.359824442855484,26.400295142125497,2
1576,1579,-0.009414284563864787,3,26.52508014966356,26.30189057720497,3
1585,1587,0.004575634722537172,2,25.865885939791436,26.010104671566523,2
1593,1595,-0.002542583963864956,2,26.413496750861576,26.372751714344098,2
1598,1603,0.0017016518236197412,5,26.07335823818131,26.143799374013383,5
1607,1609,-0.01180899686349584,2,25.872490621083006,25.592834951108895,2
1610,1611,-0.007474241890740806,1,25.520329651075667,25.355104863783158,1
1615,1616,0.001198097050284782,1,25.36443359000573,25.420187076662067,1
1619,1622,-0.0001983410317940074,3,25.57919937501248,25.599705169590987,3
1624,1627,-0.010489825598727257,3,25.466223007101725,25.224552992106034,3
1633,1636,-0.027014534547927564,3,24.413461435689538,23.778356599736295,3
1637,1638,0.0015067973464660865,1,23.676534836462572,23.73588711116413,1
1643,1645,-0.029688062174827726,2,22.956937100244268,22.29834706136885,2
1648,1651,0.04880522461990459,3,22.77574273126453,23.91009371388032,3
1655,1662,0.10518021604911086,7,24.4298864725291,27.02385709623749,7
1664,1672,-0.00557407655142142,8,27.15185283206168,27.027658178694903,8
1673,1674,-0.007375954532475426,1,26.902004112979153,26.73047815792233,1
1677,1682,0.002079936818910575,5,26.210222676659104,26.29094850651279,5
1683,1684,0.0030824155344712214,1,26.35290678437031,26.460490300405297,1
1685,1688,-0.000965218824497384,3,26.51897239581845,26.5198947568515,3
1689,1691,0.011453700558013057,2,26.728164722432002,27.061029282350418,2
1692,1694,0.01209497883913739,2,27.348059156184114,27.706181412125822,2
1697,1701,-0.013888290762475126,4,28.104125863061387,27.741911717313055,4
1703,1706,0.04454092174361503,3,27.64684382277897,28.905906573770093,3
1707,1714,0.03938631761037616,7,29.462349782170115,30.652225598020834,7
1715,1716,-0.0034615378126566757,1,30.89597699662815,30.81992538099198,1
1717,1719,-0.00017190512715299037,2,30.410076547803214,30.435258976275335,2
1722,1723,0.00880797532902133,1,32.055230214098785,32.369627121204765,1
1726,1727,-0.007142176040094205,1,32.440504194477626,32.24124890688573,1
1734,1735,-0.005500168073859375,1,31.1372773264853,30.997154345153746,1
1739,1741,-0.006453212104487589,2,31.15205367154259,30.982174915381286,2
1742,1744,-0.002862437452556503,2,31.14949552049571,31.091481533410096,2
1745,1746,-0.011568543107669107,1,30.840365253258295,30.514427523622974,1
1748,1751,-0.0032273536612345286,3,30.325784561177276,30.258238313905128,3
1755,1756,-0.0026643477971043353,1,30.454674805033328,30.40398763411004,1
1757,1761,0.029078377077313092,4,30.341709432541855,31.254338810024116,4
1768,1769,0.005845808513412788,1,30.34382159225658,30.55154958444233,1
1771,1774,0.043012321879797935,3,32.630703445973744,34.06685646920217,3
1777,1779,0.0023679215151274084,2,33.45638672745812,33.569065212135946,2
1780,1781,-0.0013188471628964114,1,33.48422896417056,33.47355261276356,1
1782,1785,-0.04444963477465959,3,34.107681178445375,32.62571488823139,3
1787,1789,-0.004544631785707121,2,31.98886440947301,31.875475663898516,2
1793,1794,0.0018255521748101605,1,32.48234028924895,32.574120836496164,1
1796,1801,0.05126310473715565,5,33.25041901729029,34.988189148945246,5
1803,1806,-0.01552144119009815,3,35.14258143933958,34.632260509699975,3
1810,1817,-0.02190895499392609,7,33.63675851708761,32.93344904711226,7
1818,1822,-0.03678640135492088,4,32.807865404479784,31.633789965516847,4
1824,1830,-0.01298949355161532,6,30.941755647313368,30.570779667504247,6
1842,1848,0.003682551547621312,6,30.007364839059182,30.147875871726356,6
1849,1855,0.022056712273955018,6,30.205893923422188,30.90234252859214,6
1858,1865,-0.0016322188079421012,7,30.784907519068195,30.765444721533882,7
1868,1873,-0.023699258996639376,5,30.394709936176405,29.704772543207408,5
1875,1876,-0.0015455617140018476,1,29.522340018254404,29.5062337598327,1
1878,1883,0.022426594785610748,5,29.810583582547142,30.508944044458055,5
1884,1885,-0.0044871471288172576,1,30.399013372507845,30.293007540307027,1
1886,1887,0.009157442502784541,1,30.340236730589854,30.648415940701693,1
1890,1891,0.0005402494569076235,1,31.27267939132156,31.32084711877009,1
1892,1893,0.003940913310456776,1,31.663299705598387,31.81974532456676,1
1895,1896,-0.004199712000656423,1,32.03879898228139,31.936284052691168,1
1897,1903,-0.0007203594717214776,6,31.92244206443972,31.93136887300256,6
1905,1908,-0.0003704045548925943,3,31.8575282588039,31.877585613488023,3
1912,1913,-0.008524083956368923,1,31.253313453902482,31.018160899560606,1
1918,1919,0.0039308704559624435,1,31.453793170100973,31.608887749571377,1
1921,1930,0.002919863789325467,9,32.578635359057216,32.70633917210682,9
1933,1934,-0.004864905958614713,1,32.56880487764976,32.44292950961317,1
1935,1936,-0.006640998818719872,1,32.430565348081586,32.24762456726264,1
1937,1946,-0.021372020093124503,9,32.0756044487045,31.42215959037638,9
1947,1952,-0.018577415679144595,5,31.296103480557484,30.7459988605422,5
1954,1956,-0.006512433723674129,2,30.776714801839777,30.607060201262215,2
1957,1962,0.050163061832074224,5,30.79436084709407,32.36989463519315,5
1963,1965,0.004453314460192996,2,32.97928834421709,33.15913477423148,2
1966,1970,0.019432688400313883,4,33.56013929791453,34.24586316685995,4
1971,1972,0.00010646058376370129,1,34.17627012586587,34.2140848216602,1
1973,1975,-0.01047239031904227,2,34.23903943933453,33.914713893616074,2
1980,1983,-0.010920862189469561,3,33.72937131008455,33.394746865579755,3
1985,1988,0.006418784745323926,3,33.16089692905044,33.406910485328936,3
1989,1991,-0.0076959945995833615,2,33.447248343335794,33.223285749057894,2
1992,1995,0.011981492486153926,3,33.32741596478195,33.76005556471169,3
1996,1998,-0.004695296719325025,2,33.89697382502295,33.77171444885229,2
1999,2000,-0.003574312317641795,1,33.2619898602323,33.176363110025825,1
672,674,1.3829688648031753e-05,2,27.046779229307845,27.074200057072826,2
675,676,-0.006677887138781262,1,27.088731280283625,26.9349245213414,1
677,686,-0.030309799556781303,9,26.90867243238218,26.11998463704997,9
689,690,0.0005399628263532982,1,26.32209212207131,26.362627165451148,1
692,694,0.0011689149325990241,2,26.652284924343572,26.710091463103865,2
696,704,0.014002187989035707,8,26.952084280240076,27.35642451530857,8
711,712,-0.005947213643325602,1,27.41830810760351,27.28266387965667,1
718,722,0.0008189599103336199,4,26.812700885421055,26.861472113419403,4
731,736,0.017974664484921937,5,26.005513552303334,26.49895944671638,5
742,743,0.0007216941939240191,1,26.205564746950174,26.250682715623498,1
744,753,-0.004432469907085762,9,26.25896512986339,26.16883202226392,9
754,758,0.00423154926395001,4,26.242273421817256,26.37956116802154,4
760,761,0.003599027208022857,1,26.572715997869018,26.694924641734282,1
762,765,0.004560133430369172,3,26.82787584261418,26.977042411952493,3
767,770,0.0019092030879070809,3,26.937440601702633,27.01580708708142,3
775,781,0.016824690589123302,6,27.218164463494446,27.703319823460106,6
785,787,0.007500003691727962,2,28.006935476592435,28.244994531537458,2
788,790,-0.014253954736234,2,28.298902371808648,27.92383000068759,2
793,795,-0.0033330786762961503,2,27.76411910636235,27.69934323210915,2
799,803,-0.0013063982997781728,4,28.119579979043184,28.11096418754713,4
807,808,-0.00212779773740815,1,28.51480960921059,28.4826506714507,1
809,812,0.001417358113769228,3,28.581104539987756,28.65019530494798,3
813,814,-0.003024843606294044,1,28.617246462375782,28.5593010138467,1
815,817,-0.008695973562457368,2,28.62012153847613,28.3998618397617,2
821,831,-0.016355678059451803,10,28.51003655597546,28.0722456131587,10
834,835,0.003734433948099236,1,28.049276188583306,28.182073633990147,1
836,838,0.005130376695144181,2,28.408764084878282,28.58292051016207,2
839,844,-0.0017698414963021887,5,28.694254646008687,28.672164618076728,5
848,851,-0.015146216123498864,3,28.5724117731517,28.168220261039092,3
854,855,0.0017792696593559548,1,28.067877459211488,28.145885659436395,1
857,860,-0.009135805092424235,3,28.02715984163154,27.799136331865807,3
862,863,0.00045812254183432463,1,27.747628770348825,27.78808821334132,1
865,868,-0.007175370136896211,3,27.838735360274864,27.666820865282066,3
871,874,-0.005082692687178549,3,27.94523030981665,27.831138522389242,3
878,879,-0.005824759700163002,1,27.565371112010233,27.43237482034897,1
880,882,-0.0033978792481249823,2,27.26573961579624,27.200359664586742,2
883,884,-0.004993620183701191,1,27.23150708842913,27.122754792088177,1
885,893,-0.005791887113723402,8,27.13494662561352,27.00491902454667,8
897,902,0.000610800663030858,5,27.40509476210599,27.449238906919213,5
903,904,-0.0008075832033788206,1,27.52797055995248,27.533267403865107,1
911,912,-0.0002522160871090588,1,27.93127130809382,27.952157863444604,1
914,922,-0.019110047104118715,8,27.70521879371192,27.203475976327884,8
923,924,-0.00393419980949089,1,27.139191274649303,27.05955946478149,1
925,931,0.004787875078693824,6,27.127047029814555,27.284054989276974,6
933,935,-0.0011559126600043787,2,27.3184164948925,27.314157207909673,2
938,939,-0.0028645161958343103,1,27.187675343898814,27.13698348289303,1
949,950,0.0024871491458043483,1,26.610804621243762,26.7036004658479,1
951,953,-0.0012152048588122675,2,26.642674035720823,26.636940402816585,2
954,958,0.006518712425089218,4,26.59507875290581,26.79503950197151,4
959,960,-0.0007437473054034241,1,26.821676122911743,26.828549249691836,1
963,966,-0.007088936027255024,3,26.591504300257657,26.42959033170491,3
969,978,-0.016595904750228197,9,26.516595249339737,26.10304495553068,9
980,981,-0.002927143232706422,1,26.140068672922187,26.089693016476684,1
983,987,-0.0007672859918767674,4,25.926779315401635,25.93281284013385,4
992,995,-0.0037504861183276224,3,26.397270484464133,26.324665158434875,3
1000,1004,-0.008602943598638828,4,26.177741906862625,25.978714011605025,4
1006,1007,-0.003641720076287702,1,26.093529995333856,26.024598193283968,1
1009,1011,0.007071684041516584,2,26.017822398390013,26.22783004023811,2
1012,1013,0.004818007086205122,1,26.35849969037328,26.511853628353606,1
1014,1015,0.0035513009141071496,1,26.642154653665788,26.7634111164948,1
1016,1018,0.0007584625613636837,2,26.914287984994054,26.961615752781427,2
1020,1024,0.011447302392159242,4,27.382949711954407,27.723793567408393,4
1026,1027,-0.005315042301939115,1,27.66392602586204,27.54455501482273,1
1028,1029,-0.0017128030268365058,1,27.5884490052709,27.568783875314217,1
1038,1045,-0.0010233934423391465,7,28.400296921600376,28.399632540891925,7
1048,1050,-0.007319533124148798,2,28.05913969344951,27.881819030721637,2
1051,1052,-0.00017146924110730192,1,27.773201889893816,27.79621284193253,1
1053,1055,0.005425006106787086,2,27.78178409990362,27.960282232402943,2
1056,1063,0.05367927186954858,7,28.04390562971586,29.577325969927056,7
1064,1065,-0.006451336965953873,1,29.514194199034726,29.353302381177187,1
1070,1072,-0.01730272515311537,2,29.168754084379636,28.693223903483183,2
1073,1076,-0.003893669930657873,3,28.76963637381682,28.686386542125945,3
1079,1080,0.001936953029702372,1,29.134606976133075,29.220173948360816,1
1082,1083,-0.006903062525511298,1,29.187481743771468,29.015186214075765,1
1086,1088,-0.005861375277275839,2,28.573335096351784,28.43442939152506,2
1089,1090,0.0009451392119084025,1,28.491591717608046,28.54701182986765,1
1100,1102,0.0010824928180327561,2,27.825979165057504,27.883926566823465,2
1103,1105,-0.0030079957651521537,2,27.972859880919195,27.916690496739115,2
1110,1116,-0.04563084422042792,6,28.283004122107535,27.020709771048033,6
1121,1123,0.006508608805161295,2,27.29641009654659,27.501368161746814,2
1126,1128,0.0023516458348456647,2,27.528205651889003,27.62047044770293,2
1130,1135,-0.006741071555662139,5,27.672425439063602,27.513556064499213,5
1138,1139,-0.001300944757035957,1,27.86489862827616,27.85651283312864,1
1141,1142,0.002213206053485778,1,27.894402718704704,27.984033182378816,1
1143,1144,0.003017815736476307,1,28.119890408249386,28.23287094643964,1
1148,1153,0.00911712477926004,5,28.44583342718337,28.73362347341623,5
1154,1156,-0.0056695273539890305,2,28.746112475519578,28.611881716994294,2
1157,1159,-0.011351873343104286,2,28.60303238219876,28.306937413749527,2
1161,1164,-0.009496336739763682,3,28.285162206041043,28.044841943199682,3
1166,1170,-0.00973516646927296,4,27.986751858192257,27.742282921776713,4
1171,1173,-0.0014963809289328662,2,27.683355909210455,27.669614419288262,2
1177,1186,-0.015476936111878736,9,27.088293202539376,26.696137712466374,9
1188,1198,-0.00039902056592703216,10,26.841002758915106,26.85713364956311,10
1199,1200,0.0009924887712555942,1,26.822520953087327,26.87596452490312,1
1201,1203,-0.00027011731068833254,2,26.891872953744333,26.91150086629644,2
1205,1206,-0.0038120773211848895,1,26.998121686874782,26.92220088116453,1
1208,1212,0.019912879940828496,4,27.118977903761937,27.68611383278129,4
1213,1215,-0.008538634194918904,2,27.67166551996388,27.463058956044723,2
1216,1217,-0.002303164533417618,1,27.487197444790176,27.45137710395708,1
1219,1220,-0.0020238727413239028,1,27.750171202625744,27.721758558764304,1
1222,1224,-0.0014141229708173313,2,28.01789951262318,28.006296656840952,2
1233,1235,-0.0012428571532434754,2,27.710279797594822,27.703550157927598,2
1237,1239,-0.007744521428734437,2,27.61891269792275,27.432636349393263,2
1250,1251,-0.002476666712406055,1,26.822229209710674,26.78262171668417,1
1254,1255,0.0003135015316901009,1,26.57422727248204,26.609132560707927,1
1258,1260,0.002417018505330929,2,26.392485437594807,26.482669048736746,2
1265,1267,0.0005560925175531241,2,26.952058242603144,26.993998138767115,2
1268,1269,0.0024781401819531307,1,27.012001685878346,27.105953214336985,1
1277,1281,-0.003130507648903106,4,26.57848269627127,26.521857035590624,4
1282,1286,-0.017657931394653797,4,26.416085607780534,25.976048266010825,4
1293,1297,-0.005960393378767699,4,26.12085257603208,25.991282871866165,4
1298,1299,-0.007568146965666724,1,26.04430475983197,25.87324193855078,1
1300,1302,-0.01180224878202481,2,25.969098281451473,25.68857362117038,2
1306,1308,0.006676092394952438,2,25.294070090225702,25.488229709282678,2
1310,1311,0.001796571608226692,1,25.71147229450454,25.783376267929057,1
1318,1319,-0.010327251778745057,1,25.99446134788182,25.75200446203727,1
1321,1322,-0.005602331138044842,1,25.726278379728768,25.607877527675733,1
1323,1324,-0.005092326414770709,1,25.589919635102206,25.485197331027617,1
1326,1327,-0.001672520670807519,1,25.35010293110162,25.333054462873356,1
1328,1331,0.008496070381657263,3,25.394590558811682,25.635739378071527,3
1332,1335,0.002426519260762934,3,25.83960892503821,25.928148842710435,3
1337,1342,0.008093336057120835,5,26.14562055477826,26.383371468904826,5
1343,1350,-0.007058187016263841,7,26.41396884718716,26.253948084069133,7
1351,1354,-0.021162134249955153,3,26.182701047881448,25.65480191432762,3
1358,1364,0.0033200368566224285,6,25.71295270075612,25.824033604115975,6
1365,1366,0.000853843593597408,1,25.828324650896814,25.876206325084233,1
1367,1368,-0.0010682378654375269,1,25.98011186007299,25.978339032695832,1
1370,1371,0.0004943751371423838,1,26.16726211695318,26.20636582286784,1
1374,1376,2.121812589271849e-05,2,26.656949495882028,26.68417205588823,2
1377,1382,-0.0032687274889329236,5,26.686104561084402,26.625561062094132,5
1383,1386,-0.004540647365041432,3,26.688518981906846,26.5940243474967,3
1389,1391,0.0034315731655833953,2,26.550744996074794,26.668406565125647,2
1393,1394,0.005062600954007813,1,26.98603830851379,27.14964389010788,1
1396,1397,7.361126902794826e-05,1,27.264496466508035,27.29376793715885,1
1403,1404,-0.0007111315715952109,1,27.462497937536376,27.470430986155662,1
1406,1407,-0.004581695341489198,1,27.42820730491032,27.329967822580922,1
1412,1413,-0.0067687090789075475,1,27.0456091299097,26.889590878977405,1
1414,1416,0.002814159519603337,2,26.98435701842066,27.087279660622844,2
1417,1418,-0.0021718986559558923,1,27.133562953288966,27.10176516733271,1
1428,1429,-0.003089884626550571,1,27.8926268224266,27.834334450436298,1
1430,1436,-0.0009888805548632815,6,27.910257589537103,27.91056793611512,6
1438,1441,0.004362991920703287,3,27.822375691712047,27.97158686776147,3
1442,1444,-0.0037014218364878216,2,28.05180842081978,27.976028652998803,2
1445,1447,-0.011360368334389977,2,27.95179299094471,27.662202119951903,2
1453,1454,0.000618488313154666,1,27.786337745902408,27.83130960880952,1
1455,1459,-0.018677488969737453,4,27.912516492445135,27.419093290032322,4
1462,1463,-0.004058644417277002,1,27.269127552584884,27.185720987832156,1
1464,1468,-0.0013266765159586596,4,27.023514433229796,27.01468648568579,4
1474,1475,-0.008663106985290315,1,26.971193647682284,26.764510505239112,1
1476,1478,-0.013126741995220948,2,26.62392665413993,26.301065164705488,2
1479,1480,0.0005489037271541833,1,26.335241113865372,26.376031866982142,1
1481,1482,-0.013174895891169734,1,26.37382746506574,26.052728861426893,1
1487,1490,-0.001636148645689095,3,26.031700164810886,26.015140134006057,3
1493,1494,-0.006628225643622863,1,25.70512513854564,25.560450894068342,1
1500,1504,0.0006109677346833075,4,25.694753000729776,25.73614641876461,4
1505,1506,-0.0031409900226393203,1,25.63345845363372,25.578577474838752,1
1511,1513,-0.006634926351411145,2,25.806902019595665,25.66148202735716,2
1523,1530,-0.017200694468884378,7,25.900186739039235,25.48058572699301,7
1531,1534,-0.002102012737987283,3,25.361699511351013,25.333750595432498,3
1535,1536,-0.0031355769166472283,1,25.334391757336643,25.280288215102377,1
1538,1540,0.006173086439096765,2,25.287659291109236,25.46904985704679,2
1542,1544,0.001079520978024533,2,25.66347786556957,25.71684560616009,2
1545,1549,-0.003759531875083887,4,25.75829345129503,25.68721261946842,4
1551,1554,0.0017362774261417495,3,25.812579724011957,25.883210103221256,3
1555,1558,-0.005497847315625759,3,25.830313290840884,25.714132485543903,3
1560,1562,0.0011781447879132476,2,25.68254754140099,25.738487848468626,2
1566,1568,0.00037327272613051055,2,26.11545149035193,26.151315127614215,2
1569,1570,0.0024481364389048604,1,26.218259659361937,26.308663795858052,1
1572,1573,-0.0024613210936668983,1,26.384872917424186,26.346316146076234,1
1579,1582,-0.0176583863678284,3,26.350032500601607,25.91108347840175,3
1583,1585,-0.0017713522884663037,2,25.926965815067593,25.906966990653153,2
1588,1590,0.006200497023745428,2,26.11475893312078,26.302798177094544,2
1592,1594,9.868852473951225e-05,2,26.463026619260386,26.492101242936844,2
1595,1598,-0.013961459763517627,3,26.375097167324444,26.0332374066313,3
1599,1601,-0.00012618762275961573,2,26.040972418156908,26.06372734217127,2
1604,1605,-0.0032037072946824088,1,26.22840044979466,26.170600732395595,1
1606,1607,-0.009705390944055058,1,26.0932770445827,25.86612486689807,1
1614,1615,-0.0011698502188496195,1,25.31228491942297,25.307985622289824,1
1617,1619,0.0028825135882624307,2,25.5126718323415,25.611725127403446,2
1621,1624,-0.006005259591322104,3,25.593684221036437,25.465581187611825,3
1627,1628,-0.004730023187849068,1,25.291878197069632,25.19753890493031,1
1629,1631,-0.009876448904174023,2,25.05767092028596,24.835247784704436,2
1633,1635,-0.01782608865949643,2,24.419775951457876,24.008886636253607,2
1638,1639,-0.009080181848609935,1,23.766459923522135,23.574422605442376,1
1640,1642,-0.010696722813470179,2,23.418982437692023,23.191895056420197,2
1644,1645,-0.013879800447283656,1,22.63600787630059,22.344460611930696,1
1646,1652,0.09466925498043986,6,22.01130447844463,24.117109579045046,6
1653,1656,0.01593882006038997,3,24.26358295099874,24.674579416626052,3
1658,1659,0.01337702964106962,1,25.05730603902622,25.417555670674652,1
1661,1662,0.013677853392993853,1,26.64422242251624,27.035302413004253,1
1663,1667,0.014071616631323926,4,27.119849270132406,27.52858924143113,4
1669,1670,-0.005485583312832296,1,26.82696596277032,26.706631371913797,1
1674,1685,-0.013702915793513081,11,26.800650872886717,26.460204461637094,11
1688,1689,0.005064728889894801,1,26.565555642994777,26.726668535778956,1
1691,1694,0.019276110227860837,3,27.124037061610494,27.67400702689629,3
1696,1698,-0.004426473002281844,2,27.98379108756903,27.88790538290598,2
1701,1702,-0.009149823419730984,1,27.85263278147477,27.62563874253114,1
1704,1705,0.012238713606529235,1,27.82746624244788,28.195866098427008,1
1709,1710,-0.002717620155532928,1,30.153138926404957,30.10134728723238,1
1715,1718,-0.020771585189433027,3,30.890345743772855,30.27959464136881,3
1719,1725,0.06152438699872051,6,30.521546652041582,32.42988764671333,6
1728,1730,-0.001281945713843679,2,31.90488711943366,31.89589167325967,2
1734,1737,-0.003863737403727532,3,31.18874226361035,31.099425895814832,3
1738,1739,-0.007644325038214062,1,31.28595677175118,31.07808270582815,1
1740,1741,-0.002707935653330213,1,31.058033683080467,31.004988560030803,1
1742,1744,-0.0022494616003590367,2,31.19251300105582,31.1535391538423,2
1746,1747,-0.007749640643882246,1,30.57314971925745,30.366791945300854,1
1756,1763,0.02837276204403849,7,30.401296228814914,31.29426626877422,7
1765,1770,0.014263074978689769,5,30.88750567599989,31.358943991037382,5
1771,1778,0.03095971647338832,7,32.563407474389244,33.60412474467814,7
1782,1783,-0.004647260976277493,1,34.07312333635746,33.948849763272875,1
1784,1787,-0.0461332749668994,3,33.404824673677325,31.89715553645918,3
1791,1793,0.043587943447662855,2,31.081471680384393,32.46733058193951,2
1802,1803,0.00279182521362398,1,34.92684746436211,35.05928396520988,1
1804,1805,-0.012341527563415871,1,35.309477206672604,34.90901379768332,1
1806,1811,-0.038083564568962065,5,34.70411187541192,33.4171597018716,5
1812,1813,-0.003511416657622112,1,33.26061909894185,33.177087826093945,1
1816,1818,-0.01938428628259699,2,33.34948958669869,32.73638302275833,2
1820,1822,-0.017944982694016672,2,32.22151800436598,31.675524939407055,2
1825,1831,0.004446137150338532,6,30.58269690439007,30.74925446615861,6
1838,1840,-0.03025743307920264,2,30.869168431901983,29.966015802294976,2
1842,1844,-0.006035238861972078,2,29.974681701718502,29.823752019538766,2
1846,1847,-0.0020782542231606886,1,30.238643969556918,30.20603902399409,1
1848,1849,0.0027401962317011213,1,30.135556362067998,30.24826925641362,1
1851,1852,-0.006818431053324521,1,30.504730422484684,30.327240751721206,1
1855,1858,-0.007385128461960438,3,30.96989488350727,30.772148126222664,3
1859,1861,0.0056534518337024615,2,30.735911734808656,30.940411643101136,2
1866,1868,-0.012630720238506626,2,30.696106301724157,30.339088476917343,2
1869,1872,-0.019139060170908998,3,30.45988398972717,29.907370321238602,3
1875,1876,-0.004525758917358337,1,29.53281241408025,29.428686837356636,1
1877,1879,0.0016102190584170077,2,29.69872484988761,29.77624502750147,2
1880,1882,0.015180087719384519,2,30.03225331258979,30.51817780559827,2
1884,1893,0.04593965552898582,9,30.368665888637647,31.79416060432516,9
1894,1900,-0.012845028093153316,6,32.005546454773395,31.62643985787988,6
1907,1909,-0.009154190046371736,2,32.002608622209976,31.74165326952482,2
1910,1911,-0.008211020261357883,1,31.654048742642246,31.425790755805043,1
1912,1913,-0.005775691217544687,1,31.21839931003417,31.069309874623436,1
1914,1917,0.00786522841936078,3,31.248425055200936,31.52544948106057,3
1920,1922,0.03449179742897242,2,31.96105288830749,33.09540810303597,2
1927,1928,-0.002173961381372619,1,32.623267697490306,32.58496924107927,1
1931,1932,-0.004980911171130418,1,32.63705748599237,32.50713225925356,1
1934,1936,-0.0058940411872754435,2,32.42747049773854,32.26876912152345,2
1938,1942,-0.014547575311641994,4,31.92018916032609,31.487747993714713,4
1943,1944,-0.0005658534477524792,1,31.460938367762225,31.47459702568506,1
1945,1946,-0.001117829499716234,1,31.43765651789405,31.433952234554297,1
1947,1948,0.00018517238469654214,1,31.322636444848378,31.3597591685787,1
1954,1957,-0.004899984524597006,3,30.818838597490544,30.698645603894278,3
1961,1966,0.04318493605008287,5,32.03462070436029,33.45006837157111,5
1972,1973,-0.00524155400877031,1,34.251238823293754,34.10596034395746,1
1976,1977,-0.004118161919309301,1,33.874126306256166,33.768501295558124,1
1979,1980,-0.0028818453536743477,1,33.86770796168087,33.80397417281358,1
1983,1986,-0.007450418137789875,3,33.44878989162511,33.23303121062105,3
1990,1993,0.0009927055097445903,3,33.31349991160398,33.379883906426706,3
1995,1998,-0.0032171051204834713,3,33.80591139089168,33.73096013164432,3
676,682,-0.03163283080558433,6,26.99770076231429,26.170684762722523,6
685,687,-0.0015629464461588984,2,26.134836501469117,26.12012398813967,2
688,689,0.0027441656863443,1,26.207219456565216,26.305343628388982,1
691,694,0.006734118621644792,3,26.538016759028128,26.74326492862565,3
696,702,-0.0028152860333030836,6,26.98326568845882,26.934283343121653,6
704,706,0.006214344660450753,2,27.353885618800657,27.551225977457232,2
709,710,-0.0013511249399101996,1,27.654447968025934,27.64473780164491,1
716,718,-0.012483368322976994,2,27.088460472713678,26.777393703803103,2
722,733,-0.03727186223610184,11,26.847492519994088,25.873683969924087,11
734,735,0.007893496245701691,1,26.11541898910646,26.347676369841004,1
738,740,-0.012397853505154068,2,26.653927859830866,26.35013029474757,2
743,746,0.0019774497655161995,3,26.27720113488604,26.35544018124353,3
747,751,-0.005187222343924698,4,26.355943734379753,26.245585537879936,4
753,758,0.003925247108276204,5,26.266282938518195,26.395650872606296,5
761,769,0.009257756584602705,8,26.680686685238282,26.954370674765507,8
770,773,0.006380378956555301,3,27.02972023684326,27.229209815280836,3
776,777,-0.0009045633468810984,1,27.208197819714734,27.210794479052044,1
780,781,-0.0016440724669224804,1,27.790876906963376,27.77297756831597,1
784,787,0.010632878660667033,3,27.93263788051958,28.257574867656015,3
792,796,-0.007871089596798195,4,27.846236496718497,27.654902510815912,4
798,801,0.002372400900413283,3,27.953644571786125,28.04791546790985,3
802,806,0.012115234169084006,4,28.15143532851784,28.520647995047177,4
807,808,-0.0007484164895373147,1,28.573110364583645,28.580298887994005,1
810,813,-0.0034894393310567267,3,28.65351295621606,28.58218177408991,3
820,821,-0.0033120989238938758,1,28.539970015012784,28.47398278105311,1
823,824,0.005018975713863645,1,28.459724131145315,28.631022519513937,1
825,826,-0.0027529981514331833,1,28.605928748295167,28.555782608079376,1
828,840,0.008003348287158867,12,28.4806930618187,28.737114660913925,12
841,842,-0.0029262796822567857,1,28.717627063294582,28.66230888175993,1
849,850,-0.0043958264108477415,1,28.394642519065552,28.29821924207273,1
852,853,-0.001383099027749096,1,28.148449162340913,28.137665518834176,1
859,864,-0.0011953103463206325,5,27.927245278322218,27.921790798375127,5
865,866,-0.007045568827502712,1,27.864036211356538,27.695582262628754,1
869,878,-0.004884737460180552,9,27.684438739815548,27.576891963578912,9
885,887,-1.6602722803166605e-05,2,27.122305543398276,27.148977544820955,2
892,893,-0.0021230795859999924,1,27.110117234420496,27.079670415180452,1
894,898,0.009115012854310142,4,27.02036146450475,27.29367276804632,4
901,910,0.01557533436072851,9,27.341901544236464,27.795102704390303,9
913,919,-0.021291246903344507,6,27.913105864789205,27.346714141847574,6
920,921,-0.0017607884501144575,1,27.285041282720123,27.264283138451333,1
923,924,-0.007390088181153126,1,27.26622753355399,27.091993935247196,1
925,926,-0.003990722573917004,1,27.074658672019428,26.99368587914792,1
929,932,0.0011651043506683625,3,27.19935485006513,27.25824429158638,3
935,938,-0.008788653387223011,3,27.35464149227523,27.14158567116015,3
942,943,-0.008240473742635073,1,26.905478657903807,26.710670246148226,1
949,951,-0.001537590322984139,2,26.679034464186604,26.664692073432096,2
952,953,-0.003884385954062109,1,26.66600710850528,26.589092052150587,1
959,966,-0.015224250805351558,7,26.825028246287506,26.443462316651672,7
968,970,-0.005372369627547769,2,26.467239728139724,26.35151517302738,2
973,974,0.002910671122456936,1,26.15105831146874,26.25332650002909,1
975,976,-0.001525589084887384,1,26.169285102712642,26.15553081210335,1
977,978,-0.004269346938413495,1,26.164862389514273,26.079320376767104,1
979,980,-0.0005293420800182802,1,26.125981475585405,26.138277875684185,1
983,986,-0.0024426386530441843,3,25.89494889872779,25.85759184452788,3
987,992,0.01315052279013671,5,26.006273884896956,26.374276256191727,5
995,998,-0.006302655779572363,3,26.343358528343735,26.203668765990066,3
999,1001,-0.006070127636998698,2,26.21936507508694,26.086429547595184,2
1005,1007,-0.0015465380161134175,2,26.069975990004323,26.055727757046622,2
1008,1011,0.008433363231676282,3,26.021563771745345,26.267034634660448,3
1013,1015,0.010583930694104886,2,26.447798138879993,26.754167599532455,2
1022,1026,-0.0009179290113579378,4,27.664130435102965,27.666400857637697,4
1033,1034,0.0011958667407697171,1,28.128193707403202,28.189959472443217,1
1035,1036,-0.0008744634856560709,1,28.251341652670423,28.25488822762704,1
1043,1044,-0.0019032067454633553,1,28.446245429901943,28.42055258914655,1
1045,1047,-0.009957901109412609,2,28.44495688201458,28.190149771203988,2
1048,1050,-0.008801771566070819,2,28.071332719991055,27.852326594554516,2
1057,1058,0.0004205103713587595,1,28.2487063082611,28.28883388854945,1
1061,1064,0.011150220687553412,3,29.10346326044024,29.45707676182669,3
1065,1067,-0.005918320803988272,2,29.375227480234276,29.230750687796352,2
1077,1084,0.0024862594626746037,7,28.74926936477925,28.84949677714719,7
1086,1088,-0.008902971054331302,2,28.5889991363257,28.363061103679016,2
1089,1094,-0.01789793077274285,5,28.49876999059151,28.017199748182172,5
1097,1099,-0.009702565916216689,2,27.955217696064736,27.711935571362545,2
1101,1102,-0.0007811656326376167,1,27.841672454701374,27.84776516947931,1
1103,1111,0.0028244189570053404,8,28.01899644106731,28.12615282221279,8
1114,1120,-0.0187840664837264,6,27.690031977524352,27.19759060789955,6
1122,1131,0.005340937032350992,9,27.435923311988144,27.609892774133872,9
1143,1145,0.0023008843552762277,2,28.141512039382803,28.23440391620742,2
1146,1147,0.0014687095242417354,1,28.168331143419586,28.23787057079534,1
1148,1150,0.00010508695896787202,2,28.43491093541864,28.466333984672783,2
1153,1154,-0.002900091473178116,1,28.68643174571817,28.631924901362225,1
1155,1157,-0.0027155715906631824,2,28.62638695781631,28.57727634160815,2
1160,1161,-0.002792832173109192,1,28.331581465174313,28.280787694408485,1
1163,1164,-0.006815405688466916,1,28.16997828546619,28.0061584335009,1
1165,1166,0.00033703350557717326,1,27.922372360432032,27.95970550783313,1
1171,1173,-0.004580060218022382,2,27.73663756434243,27.637338731616623,2
1174,1178,-0.019174954646176155,4,27.44817160220597,26.949302328215417,4
1183,1184,-0.0019974545821637335,1,26.707798255544656,26.68115843979516,1
1185,1191,0.012982847090939064,6,26.710290062662757,27.0837759643636,6
1192,1198,-0.009630724224074128,6,27.13472176176007,26.900529461337335,6
1199,1201,-0.0002569768956530407,2,26.86541849209766,26.88538011874524,2
1207,1209,0.010330527985137745,2,26.996552970199357,27.302438169130454,2
1212,1213,-0.0004828027114101135,1,27.656188778184195,27.670492484033,1
1220,1224,0.00581749812523425,4,27.77396136432357,27.963310293855173,4
1226,1232,-0.004651475579389043,6,27.791463881521818,27.689984029842968,6
1237,1239,-0.006489767142693004,2,27.591645534021612,27.44017382495611,2
1243,1244,-0.000680273564070511,1,27.543993444555788,27.55279998741108,1
1258,1259,-0.0001411853246746893,1,26.350783583151852,26.373414022799384,1
1262,1263,0.002807784306227567,1,26.688618667607148,26.790243170924555,1
1264,1265,0.001202870704498142,1,26.838952189974258,26.898074931492978,1
1266,1271,0.0004264666419635406,5,26.914466598335174,26.95285918712394,5
1273,1276,-0.012261408646211284,3,26.883451599858923,26.58070606557227,3
1280,1281,-0.0035276789473767207,1,26.58583368963634,26.518633237520586,1
1284,1288,-0.002779667117853413,4,26.136271874298266,26.0897580106603,4
1294,1295,-0.006328445740218826,1,26.125495598132847,25.98628731240187,1
1297,1298,-0.0007455202883458127,1,26.022799958845365,26.029422233475326,1
1299,1307,-0.02475486914299722,8,25.95965312945679,25.342984966368945,8
1308,1310,0.004542547481123403,2,25.548345797169343,25.689948716814314,2
1313,1315,0.009592177232606146,2,26.142861699619147,26.419771524109024,2
1316,1321,-0.03291809127486881,5,26.553720475769726,25.706176401936755,5
1322,1327,-0.013242139662618089,5,25.647625469944703,25.33364365692712,5
1328,1332,0.019411432708869747,4,25.285911542642793,25.80203322457788,4
1335,1346,0.012972724690589355,11,25.965639685480824,26.32845042022109,11
1347,1348,-0.0031616875416574305,1,26.409617746333574,26.35252840467139,1
1351,1352,-0.007807540165540628,1,26.184908619847207,26.006653802686586,1
1353,1356,-0.009525121549558268,3,25.8403012659961,25.62000955682628,3
1358,1364,0.0024249735674968065,6,25.737268434444726,25.82541789853227,6
1365,1366,-0.000391691155477626,1,25.862007947825507,25.877740035997277,1
1369,1370,-0.0001890100947082845,1,26.098259911375987,26.119425336709792,1
1371,1373,0.012617402888502775,2,26.17566661957989,26.532111217813842,2
1376,1378,-0.006083136300121957,2,26.732071510020198,26.59618874695016,2
1379,1382,0.002181194336030363,3,26.586214384490383,26.670790299106812,3
1383,1384,-0.0004863308094963997,1,26.610480610211745,26.624149594245704,1
1389,1393,0.015137326922415324,4,26.529802254464357,26.95792234663168,4
1396,1399,0.0004954003222294241,3,27.257697948214417,27.29845911850941,3
1401,1402,0.0033193458629523108,1,27.297374573961623,27.415281375897123,1
1404,1408,-0.01026130365155348,4,27.56876468554771,27.313441984496627,4
1410,1414,-0.009806572824301345,4,27.217197688319935,26.97750745480434,4
1416,1417,0.00012206444805601359,1,27.115284421568038,27.145709518216407,1
1419,1420,-0.003960145451278948,1,27.01856837437674,26.93858948210326,1
1422,1424,0.007587278283706035,2,27.090351526592762,27.322983913955035,2
1431,1432,0.0014109170718618873,1,27.928116653105892,27.995449026329815,1
1438,1444,0.005752724290613911,6,27.83866039968962,28.026647197988755,6
1447,1448,-0.004028274250714846,1,27.660680407418745,27.576916281183706,1
1450,1455,0.01057254553888173,5,27.588310428787587,27.907577407565537,5
1458,1460,-0.00536173108596215,2,27.600368759715774,27.479983373312503,2
1464,1465,-0.00609948385748786,1,27.06843350430063,26.930398464597964,1
1469,1470,-0.001407259950280243,1,27.015811205375037,27.004808747446756,1
1485,1486,0.0003352840550739486,1,25.896223256867884,25.930802070869415,1
1492,1497,-0.016305877466043582,5,25.849938908475284,25.45428291103745,5
1498,1501,0.0011498047408964019,3,25.558730041478775,25.613676320493237,3
1502,1505,-0.004484057819832514,3,25.7258118606684,25.6361816446837,3
1507,1508,0.0035095901996854296,1,25.625160010974778,25.74071898142564,1
1510,1530,-0.013982843883258624,20,25.80671694793168,25.471672370657238,20
1531,1532,-0.0009490459861213552,1,25.37370980956341,25.3750027019252,1
1534,1538,-0.003532621084893412,4,25.33710464609559,25.272935360638737,4
1543,1545,-0.0005351315941953334,2,25.71575626355563,25.72771070617393,2
1550,1551,-0.0005998953785976836,1,25.763246042353007,25.773554036156877,1
1552,1554,1.596969622819273e-05,2,25.84177439883637,25.868028858522354,2
1560,1562,0.0002954731254533004,2,25.695250132618767,25.728537638617375,2
1564,1567,0.0042244167785421725,3,25.924754483440292,26.060196205743164,3
1570,1579,-0.0018662168000450406,9,26.327761081527857,26.304955532571466,9
1583,1587,0.003912196784684449,4,25.873755160526322,26.000852137433572,4
1588,1589,-0.002446427554359259,1,26.1630006201046,26.125157735102963,1
1590,1591,0.001409107679681807,1,26.28416318145532,26.347484560829773,1
1592,1593,-0.0020947888924720192,1,26.411695486718877,26.382780255868663,1
1598,1599,0.0006043963658907176,1,25.990473690558527,26.032172712095438,1
1602,1606,-0.005345712536271001,4,26.112564541629936,25.99908684254719,4
1608,1609,-0.007967986341077465,1,25.782258671045124,25.602608244783156,1
1611,1612,-0.0020613464723922793,1,25.370291297861474,25.343364628688924,1
1614,1615,-0.0012538398078503514,1,25.354735692739116,25.348299651502774,1
1621,1626,-0.012713242148386001,5,25.574528790707767,25.274968142151337,5
1627,1629,-0.009222198542983624,2,25.259905267131884,25.05221331084857,2
1630,1635,-0.04453673090314895,5,25.03554526161481,23.94557946454628,5
1642,1644,-0.02241683262006477,2,23.091779331419467,22.597226558578985,2
1646,1648,0.03725876779120259,2,21.955296971323456,22.795279579936214,2
1651,1652,0.007056350378638085,1,23.95048969891832,24.14344323567277,1
1654,1658,0.02777274183704416,4,24.30545209174884,25.004786590017375,4
1661,1662,0.016271317386635578,1,26.61287227042303,27.0725116339755,1
1668,1672,-0.011208672411143164,4,27.356385681221965,27.077113301449483,4
1673,1675,-0.011148824212460249,2,26.920912708682362,26.647697097962958,2
1683,1688,0.0068042000420686895,5,26.36604820722838,26.571814121756418,5
1689,1692,0.020333100438585845,3,26.743280202739765,27.313797285362057,3
1696,1697,0.0023706708975979804,1,27.988825636748405,28.083166756780138,1
1700,1704,-0.0015472989954738755,4,27.76365849815242,27.7484634757457,4
1708,1709,0.009873576307829889,1,29.813687404846885,30.137868809861274,1
1710,1711,0.005786980419295726,1,30.095184468383597,30.29943989608561,1
1712,1714,0.00405221232077127,2,30.521538907569578,30.6757402024873,2
1716,1717,-0.013170210623406026,1,30.74376569104324,30.3696075872266,1
1718,1719,0.002083346078151323,1,30.303145408419123,30.39658049296982,1
1720,1721,0.013126500812457208,1,30.860353637321168,31.296302448051502,1
1722,1724,0.004441240958134086,2,32.06864742492545,32.24314066276592,2
1725,1727,-0.00547941233495347,2,32.392817615633646,32.24771682884228,2
1729,1731,-0.009668168776402745,2,31.923632035284054,31.646912604846435,2
1732,1734,-0.00939988868404679,2,31.410027602453944,31.146186867030494,2
1735,1736,-0.003640465937798856,1,31.01522941186169,30.93333475504665,1
1738,1746,-0.027357333293555577,8,31.334902550232147,30.508998079994594,8
1749,1750,-0.0031993213429467628,1,30.329893453438803,30.263188271437354,1
1751,1752,0.0019560108493711114,1,30.315268874476494,30.40488113817105,1
1755,1757,-0.005978716264366281,2,30.43516115203591,30.28363312019966,2
1760,1765,-0.008609085954565901,5,31.033908910646833,30.797769230239552,5
1769,1770,0.020892408867618374,1,30.663987949061163,31.335296510753732,1
1771,1772,0.02406286636264593,1,32.592449640456444,33.40930985022647,1
1773,1775,-0.003837424633511101,2,33.8997695160601,33.80358147496488,2
1778,1779,-0.003469187259948517,1,33.67732897077851,33.59417333913477,1
1781,1783,0.009014517721796168,2,33.5577957813211,33.893860921877554,2
1785,1789,-0.026805952313891202,4,32.68402735013167,31.840584898908258,4
1791,1794,0.04393404769172748,3,31.113292639186703,32.51133881448259,3
1797,1802,0.02331905251805368,5,34.056497652793716,34.88471940779298,5
1803,1805,-0.006503099573092056,2,35.07403157514439,34.881015686956594,2
1809,1811,-0.014061588114359355,2,33.870764290037854,33.42835831776283,2
1813,1815,0.011439454514843177,2,33.16426709787188,33.576812489953966,2
1817,1819,-0.019115441369341478,2,32.99373511735433,32.39603904328032,2
1823,1825,-0.02604135666994058,2,31.36672319365276,30.581257890593204,2
1827,1828,0.017315698953282062,1,29.90708072432377,30.45484981144199,1
1829,1830,-0.004956419232561684,1,30.687430790247596,30.566018448871155,1
1835,1836,-0.00966094822232158,1,31.846385086197717,31.570565193898044,1
1837,1838,-0.017759835980716954,1,31.320953381590027,30.796019340154896,1
1840,1843,-0.009190033479046698,3,30.033960661074516,29.787981517751945,3
1844,1847,0.011612098235549734,3,29.849824843974933,30.226293767221097,3
1849,1851,0.009408519363976145,2,30.185461983756774,30.499647949325272,2
1853,1854,0.005394692252263257,1,30.21285691834251,30.406058840396973,1
1857,1859,-0.011027929538211335,2,30.964221894116523,30.653714858756782,2
1860,1861,0.003999296637599012,1,30.801021434277885,30.955004877168886,1
1867,1870,-0.007443346017644815,3,30.510743998484244,30.31415271764623,3
1871,1874,-0.018622410095228,3,30.200933932356683,29.668720689341807,3
1875,1877,0.005606660364437494,2,29.493029185928172,29.687879612878042,2
1878,1880,0.0039605759102154005,2,29.74060148080535,29.88813199206635,2
1884,1885,-0.0025183961984201445,1,30.3593826825607,30.313285111309117,1
1894,1895,0.0004020751541879005,1,32.01548110753852,32.06036921814877,1
1896,1901,-0.012402614123034495,5,32.06347155333746,31.697864159769857,5
1902,1906,0.00017600573707726567,4,31.841289743618493,31.878735283032928,4
1912,1920,0.02277779103174249,8,31.176300322964615,31.917603877186913,8
1921,1924,0.014886662177383703,3,32.582821809494945,33.10045409236828,3
1932,1933,0.0011055364737499098,1,32.47513585305245,32.543513436081035,1
1934,1941,-0.027222113288430775,7,32.443095750866924,31.592369218660284,7
1943,1944,-0.0017334168023585238,1,31.525532345644304,31.50241099051871,1
1946,1950,-0.009703541540737728,4,31.414219640081527,31.140804674474218,4
1951,1953,-0.009176404931610704,2,30.924670526416964,30.671817897816332,2
1954,1956,-0.0068744948473895475,2,30.7745161618546,30.593731425230878,2
1965,1967,0.01189787424531942,2,33.28990306789034,33.719272051298866,2
1969,1973,-0.006850598168637407,4,34.45599554728116,34.25440736283366,4
1978,1980,-0.005655342783958103,2,33.90266611529727,33.74483758324048,2
1981,1984,-0.015664041420003397,3,33.66624315167577,33.17255996764369,3
1989,1990,-0.006123656580858797,1,33.45768940808578,33.28626369756971,1
1993,1995,0.009409178038762421,2,33.47260296482987,33.82102524851159,2
1996,1998,-0.0037191530172978704,2,33.88850981523986,33.79636177152402,2
1999,2000,-0.0025622273166980665,1,33.24184998602328,33.18991865991754,1
672,677,-0.005974247002032982,5,27.00540307159947,26.871071526331875,5
678,681,-0.01986362428271318,3,26.789854575525595,26.284500824224356,3
686,688,0.002895843216391227,2,26.162488840291108,26.264413794963467,2
691,693,0.004339867321160793,2,26.575453491431066,26.717362887074987,2
696,699,0.0037352386113939807,3,26.96015744351426,27.08782022201005,3
705,708,0.00801124007977444,3,27.52682353740714,27.7748743529363,3
710,713,-0.015023746265872936,3,27.685401029261506,27.297147989958205,3
714,718,-0.02199513444251769,4,27.39107643077439,26.815997098585004,4
721,722,-0.0004668806997016441,1,26.805800283259344,26.820090972750293,1
726,729,-0.010854918083550057,3,26.374169154614485,26.114253878074067,3
731,732,-0.004086286301159296,1,25.995874007135797,25.91564329730091,1
737,740,-0.012618053926556249,3,26.61710089262214,26.307861979083068,3
747,750,-0.0038667767141894304,3,26.402929384226546,26.327238081081457,3
751,753,-0.004624168561565882,2,26.298958179096193,26.203646321661576,2
756,766,0.0207234312126323,10,26.31856883681664,26.890298456558156,10
771,772,0.0019778285345170396,1,27.094956898322373,27.175641034115706,1
774,778,0.006201604896289372,4,27.22690107370869,27.422978457791896,4
780,781,0.0027377828817382343,1,27.714300884625487,27.817890924051383,1
782,783,-0.0037151561263133372,1,27.81181426987262,27.736300851973887,1
784,785,0.0033763053741886683,1,27.946895798304716,28.069199948578728,1
786,787,0.000888569760102329,1,28.17071576530643,28.223918127221225,1
789,790,-0.008280975229527547,1,28.156553426675405,27.951546258626912,1
793,795,-0.004119414138032129,2,27.713692802955048,27.62724231780843,2
799,803,0.0014718528790228108,4,28.124640214302023,28.194160187187226,4
804,809,0.005519691804302913,5,28.389863328876245,28.5749564881468,5
810,811,-0.002563209546529067,1,28.664192895118152,28.619384755140953,1
813,816,-0.003613555777663446,3,28.60585375293544,28.53109075858446,3
817,820,0.0009875917065464818,3,28.431967392932123,28.488478535523114,3
822,823,-0.0012676881423057489,1,28.47138616152782,28.463764709057372,1
825,831,-0.016505330862709715,6,28.540084014252123,28.09756056876161,6
835,837,0.01047232187880295,2,28.2142719724546,28.53795518209869,2
838,845,-0.0016456626883366368,7,28.583343366555905,28.564888168236205,7
847,848,-0.0030175597731639577,1,28.62133816112695,28.563592900598938,1
850,857,-0.007162381838860135,7,28.2604028184127,28.086251425325642,7
859,861,-0.008234150575073124,2,27.964800528083597,27.762498950261556,2
868,869,-0.00021205695583100925,1,27.633633218512717,27.65540694759236,1
882,883,-0.0025361481636802545,1,27.224691374942683,27.182870215280303,1
884,885,-0.00244424637231522,1,27.145483822790773,27.106279056254966,1
886,887,-0.0010953362244871334,1,27.185594744942644,27.183002972979224,1
888,889,-0.0008699801162083198,1,27.265812532193824,27.269357629970745,1
891,892,-0.0023119456454154946,1,27.06606582750221,27.03055662030129,1
906,911,0.007606629532968214,5,27.579603484817877,27.816970914677864,5
915,916,-0.0057792858939845265,1,27.60625574730267,27.474317558623856,1
923,924,-0.0063879806067602355,1,27.213820505069595,27.067192967952426,1
928,929,-0.0022256290177904226,1,27.248447884996057,27.215051396578456,1
935,939,-0.008852204508555294,4,27.354674131768,27.13987963622047,4
941,942,-0.004125596508564255,1,27.01095598254574,26.926530632833714,1
943,945,-0.010050227439385526,2,26.732725035945744,26.49078779429588,2
949,951,0.00021969640136648531,2,26.65130332338328,26.68380982213854,2
954,955,0.0008732338239113612,1,26.61482417884285,26.66467996771211,1
960,961,-0.003573993870417316,1,26.79784234607516,26.728864864135954,1
971,975,-0.005338154065693297,4,26.31184386339047,26.197699030958617,4
978,982,-0.005484168632627227,4,26.130703110065124,26.013528630830475,4
985,986,0.0023156065637350383,1,25.738836910653944,25.824176767257814,1
987,994,0.012946784141150431,7,25.936778969809605,26.29851362741827,7
998,1002,-0.013450088148501696,4,26.265532467875147,25.938524273382768,4
1005,1007,-0.0024821222751219064,2,26.06236572707181,26.023738114285344,2
1008,1009,0.00040419696636633516,1,26.025437626200688,26.061982466763755,1
1013,1014,0.0034820976907466734,1,26.528621171980088,26.647525043673713,1
1015,1016,0.003994270090388122,1,26.805833254378435,26.939708825648708,1
1022,1024,0.002991998405166437,2,27.586744218158064,27.696870457080685,2
1028,1029,-0.001332774561291246,1,27.617278940685456,27.60808861280191,1
1032,1033,0.00557742028528252,1,27.939665525778064,28.123436448571326,1
1034,1035,-0.0009500424833572308,1,28.195128374842213,28.196536933437244,1
1037,1038,0.0028519837479820233,1,28.268525864898123,28.37741576710912,1
1040,1041,-0.0007162850488065093,1,28.438598131720063,28.446666587201015,1
1042,1043,-0.0032163061550203767,1,28.496129820673943,28.432973672758123,1
1047,1049,-0.008450290951021882,2,28.191521186594255,27.98148615140223,2
1058,1059,0.0002079213409246659,1,28.327609672973328,28.361827197234696,1
1064,1065,-0.00482064304714554,1,29.49887184507143,29.38616718545792,1
1068,1075,-0.02613632592336493,7,29.32470145202056,28.587586198717197,7
1078,1079,0.0027334469871780824,1,28.953529076000475,29.061625541897442,1
1082,1086,-0.021182540787959614,4,29.171994265916467,28.583229301778484,4
1088,1090,0.0022062880243353187,2,28.410816764888185,28.50191002644303,2
1091,1099,-0.028568981618314438,8,28.48130170936002,27.696101226069008,8
1103,1104,-0.0026994391506305728,1,28.039713075476968,27.992061289304054,1
1106,1107,-0.0005950195991987098,1,27.99328240178287,28.00461913250969,1
1108,1109,-2.24469219296346e-05,1,28.190743611182068,28.21830155937227,1
1110,1120,-0.037922881525369476,10,28.262764209279347,27.219221514800672,10
1121,1123,0.0039374050132035664,2,27.35865310799654,27.493733859006458,2
1125,1130,0.0018546939414277887,5,27.583439349771712,27.662181626967246,5
1132,1134,-0.0029640911162623837,2,27.565048036090804,27.510907770123772,2
1136,1137,0.002693666141833845,1,27.625718461166148,27.72775864208999,1
1139,1141,-0.004934517107941032,2,27.95634193122205,27.846347225618207,2
1148,1150,-0.0009862634942880747,2,28.421133377277876,28.421523784338852,2
1152,1156,-0.003345719094476248,4,28.691186531307075,28.623885067217408,4
1160,1163,-0.005999275110682727,3,28.314566297666378,28.17301399110468,3
1164,1169,-0.011545228773232344,5,28.098881648884458,27.80257251362499,5
1170,1174,-0.00954208539741011,4,27.72373072757459,27.486912252164846,4
1177,1178,-0.005611469720329871,1,27.07402677762104,26.94917572292864,1
1179,1180,-0.003962644411127419,1,26.91957996177368,26.839826818650035,1
1181,1182,-0.004138998243631749,1,26.727642422551927,26.64374439993112,1
1183,1187,0.00025786071823580324,4,26.724258484848132,26.757873879820202,4
1188,1189,0.0003414724132123179,1,26.825717005187578,26.861702964514677,1
1191,1192,-1.4005194373183224e-05,1,27.060847335006,27.087529189914175,1
1193,1194,-0.005702848696740157,1,27.15208746636395,27.024395307208987,1
1196,1200,-0.004983300512167058,4,26.966701951649654,26.85928547395419,4
1201,1202,-0.0006003516078392436,1,26.876841726190516,26.887583012772748,1
1206,1207,-0.0015750041511665125,1,26.968314066658053,26.952807174119762,1
1209,1210,0.0017326039205202673,1,27.32085221225562,27.395509280122784,1
1211,1214,-0.00403699462622006,3,27.627471612771863,27.543567129947828,3
1215,1216,-0.003956186298375995,1,27.50621649442187,27.424902994100897,1
1222,1223,-0.0023462266922094077,1,28.03580539888784,27.99806284932227,1
1225,1227,-0.01252588679130822,2,27.913134637232115,27.591411007412834,2
1232,1233,-0.0030069218797754154,1,27.654835240690073,27.599334146763947,1
1238,1239,-0.0032656213808621615,1,27.52664897073865,27.464284006287055,1
1242,1243,-0.00043789991215673724,1,27.552035082512074,27.567522083852214,1
1245,1247,-0.011093895569235263,2,27.588047206192677,27.309576338734235,2
1252,1253,-0.006285430400811959,1,26.73714880601991,26.59583146688954,1
1254,1259,-0.010269168874149574,5,26.64352677324632,26.396563424182176,5
1262,1263,0.002093308190284962,1,26.71504963448913,26.797687516327365,1
1264,1265,0.0010351103500293932,1,26.856385037742154,26.911040744896837,1
1269,1270,-0.0014490386669893838,1,27.09860920282323,27.086440879469528,1
1276,1279,-0.0033417369638563676,3,26.566192312344096,26.503981277817363,3
1281,1283,-0.012599109139231634,2,26.54622178727459,26.238309263529743,2
1286,1289,-0.001035176769991304,3,26.08723729496652,26.086319630220487,3
1290,1292,-0.0006103226856924313,2,26.13123337460698,26.14141612344794,2
1298,1300,-0.005851171670555961,2,26.053420710965238,25.927031094491127,2
1301,1308,-0.013154605376170352,7,25.859346378710658,25.54503622819173,7
1310,1314,0.020955956508175038,4,25.73235557322938,26.2973340530481,4
1315,1316,0.0050917952528852705,1,26.392330880841133,26.553107556813618,1
1317,1322,-0.028466968175956384,5,26.3265690198917,25.603457986440215,5
1325,1326,-0.0037048350857204083,1,25.36290638814464,25.294303909070145,1
1327,1329,-0.0034295538114274622,2,25.371569894992128,25.30992830065185,2
1330,1331,0.005882228804967321,1,25.52073269958709,25.69637222129606,1
1334,1335,0.00026077993186511615,1,25.977181740797693,26.009933250222904,1
1337,1344,0.00952229490760742,7,26.148323771402612,26.423464145464912,7
1345,1346,-0.004696794713001962,1,26.437126669089967,26.33939403899271,1
1348,1349,-0.0037327143489565484,1,26.406268949825915,26.33410815976432,1
1356,1358,-0.0013285614236020632,2,25.66520828428134,25.656775686910414,2
1362,1370,0.01194155278954747,8,25.816712292062007,26.150820637042287,8
1377,1379,-0.0049447510888658355,2,26.67060749939084,26.565398591416905,2
1380,1381,0.002018048624545526,1,26.52482052026693,26.604873718354437,1
1382,1383,-0.003354157784541233,1,26.742255575020668,26.67930008588254,1
1384,1386,-0.0030535062477943906,2,26.65707139036892,26.602330927720896,2
1387,1388,-0.0007922893154636619,1,26.48710073269124,26.49260238651581,1
1392,1394,0.00838372657519976,2,26.860944429552415,27.11300018763097,2
1397,1399,0.0006842492081455809,2,27.278211865833008,27.324155172567664,2
1400,1402,0.002789253512863574,2,27.326597017281145,27.430144421023485,2
1405,1407,-0.005651531476276073,2,27.45999824793449,27.332267201745736,2
1409,1414,-0.010230178089118896,5,27.199642191680653,26.948584650291128,5
1417,1419,-0.007805442607695615,2,27.168843658978204,26.983947652739573,2
1429,1432,0.007472491792101508,3,27.827147901893763,28.062913184090153,3
1433,1434,-0.004218268277160738,1,28.024015447860222,27.93382664794571,1
1436,1441,0.0003339186501504555,5,27.927405829829365,27.964658717316095,5
1446,1447,-0.007639782539839618,1,27.84629773069304,27.661404369221607,1
1451,1455,0.01154989394707263,4,27.570034658148398,27.916035669225277,4
1461,1466,-0.014270558371955618,5,27.3921456224515,27.02863655503565,5
1467,1469,-0.0022739659737996934,2,27.032704852245416,26.998266106083886,2
1470,1471,-0.0021084694100016775,1,27.020624972872486,26.99067343665093,1
1472,1473,-0.002843267900892673,1,27.07471598028735,27.0248100253951,1
1475,1483,-0.03310051082191378,8,26.762289223205197,25.903206068376512,8
1486,1489,0.003137319059406155,3,25.950079043361782,26.05744279998098,3
1491,1493,-0.010674207622181821,2,25.92849806211098,25.67766038852678,2
1497,1500,0.006518914398627204,3,25.494391578813506,25.686081726739687,3
1508,1511,0.0008762745407006824,3,25.6939984671967,25.742207462369503,3
1517,1520,-0.0008553540534135938,3,25.72820112303349,25.731922603038896,3
1521,1525,0.00515041903529854,4,25.753607260480937,25.9120027368034,4
1529,1531,-0.009576158923844974,2,25.59079930532084,25.371328543490186,2
1534,1543,0.009524989092701972,9,25.39731740537809,25.664623894053584,9
1546,1550,-0.0013555749569563098,4,25.7246137725702,25.715466744135302,4
1552,1561,-0.0071206474906265515,9,25.894764817987788,25.736272090684206,9
1562,1565,0.005207423196588945,3,25.77242373751855,25.932404078459143,3
1571,1572,-8.893358380938497e-05,1,26.34191186363262,26.36591109486983,1
1574,1576,0.0024309776131009636,2,26.41131309294121,26.50192971689569,2
1578,1581,-0.019329643403592743,3,26.44856246625411,25.963769747710025,3
1586,1587,-0.002942828130117551,1,26.01234586844868,25.96180835116511,1
1589,1593,0.008715590740675346,4,26.18780549479983,26.442235495383713,4
1596,1598,-0.011023885813215797,2,26.274051807919328,26.01068371274623,2
1605,1615,-0.0329240216313458,10,26.140319062936623,25.305814951721153,10
1622,1623,-0.0007218486841294711,1,25.508177683992688,25.51527281718095,1
1624,1627,-0.008726962642073698,3,25.406818050949646,25.210500517015994,3
1630,1632,-0.01045837959289097,2,24.941401713666938,24.705496468680295,2
1636,1637,-0.0020105180391350916,1,23.794073938138602,23.7700295971996,1
1638,1640,-0.015241145713994424,2,23.746225487385043,23.408052030061825,2
1643,1644,-0.015221360336725036,1,22.96410597978923,22.637525153839906,1
1647,1653,0.0859768813428695,6,22.304164619706285,24.244111299286306,6
1656,1658,0.014212781787189353,2,24.664630472238215,25.039848113474036,2
1665,1671,-0.018564247233860524,6,27.498049268865707,27.01506673305847,6
1672,1673,-0.012239488697219393,1,27.142173102025172,26.837108954226988,1
1674,1675,-0.005337253590507223,1,26.766630855774856,26.650537189989866,1
1677,1678,-0.019761526484017796,1,26.224646287109174,25.732631891259576,1
1679,1681,0.012578887787373833,2,25.67743016730785,26.02610111021785,2
1684,1686,-0.0023498636056697893,2,26.41979162441952,26.384128509236337,2
1687,1692,0.028401530793982,5,26.510452427507456,27.28990031091721,5
1695,1698,-0.0017559559104797131,3,27.957140761128475,27.936006395329986,3
1700,1701,-0.0015515585048522325,1,27.82244727413903,27.807101566719176,1
1702,1704,0.0015046992924828838,2,27.688526086283797,27.757877517982006,2
1705,1706,0.02446674198410764,1,28.19607935726826,28.914141635223235,1
1710,1713,0.015121887278489468,3,30.085601144835085,30.57063781519771,3
1714,1720,0.00255189420850511,6,30.6737511207574,30.782701039716347,6
1722,1723,0.007934814875316405,1,32.07526935145554,32.361855945186704,1
1725,1726,0.0004178022398576252,1,32.38061921063869,32.42652852508351,1
1729,1730,-0.0019238160114729468,1,31.918357127848587,31.88887043847397,1
1731,1732,-0.012324624403482556,1,31.745068941960785,31.38556795953042,1
1740,1745,-0.00921272253641272,5,31.016219881597742,30.761492273581812,5
1748,1750,-0.005671595709228884,2,30.3684033475121,30.22653444473773,2
1754,1756,-0.003988947979524398,2,30.494614586745403,30.403467770089975,2
1757,1760,0.019829617439218752,3,30.36810787318003,31.000663942531297,3
1763,1764,-0.007332841312756303,1,31.356897785988867,31.15831952824988,1
1772,1777,-0.0009970131967063595,5,33.473967332700894,33.474067312856775,5
1781,1782,0.01563747957056318,1,33.53458532657635,34.09251630485457,1
1791,1792,0.016404060911099732,1,31.154766379266263,31.696985831002095,1
1793,1794,-0.0011420128058764268,1,32.59178243702304,32.587153986550646,1
1795,1798,0.06097512654631064,3,32.71982540076871,34.74764072055454,3
1800,1804,0.005803648869451681,4,35.06799322834904,35.306583540831035,4
1805,1806,-0.009124079424836729,1,34.90975865864455,34.62614900659984,1
1807,1808,-0.008938709104986106,1,34.44441817216552,34.1709739560062,1
1814,1816,-0.0016112305923612685,2,33.35168671317921,33.33130114195327,2
1820,1822,-0.01926032045123465,2,32.19280287827706,31.60495198149629,2
1824,1825,-0.012551278091015357,1,30.947040315786353,30.58956244700484,1
1832,1833,0.003380448905698944,1,31.324219560545323,31.461433703841188,1
1835,1836,-0.008342091332198587,1,31.80403990310473,31.570531737403247,1
1837,1839,-0.027674952250998544,2,31.23185449837535,30.398746270921052,2
1847,1848,-0.0031201257693390465,1,30.2377853622765,30.173677454322196,1
1849,1850,0.004056106146143572,1,30.180438427775133,30.333033928003115,1
1857,1858,-0.006379206545650574,1,30.969000692133726,30.802412040898343,1
1860,1865,0.0010924281013097018,5,30.75771897247212,30.822077287982307,5
1866,1867,-0.00931567449065658,1,30.76279212037077,30.50697875467403,1
1871,1873,-0.018177110993785366,2,30.201272518632777,29.682501908426662,2
1882,1883,-0.003051233047735091,1,30.56468426209687,30.501988971644867,1
1885,1888,0.019730657255959762,3,30.356044673299824,30.985345431068605,3
1889,1892,0.014314992249683297,3,31.188335434501365,31.665984549961276,3
1893,1894,0.0021254097513525184,1,31.892635262942502,31.99231281618963,1
1896,1897,-0.005573873854043979,1,32.02687538341054,31.880388495467635,1
1901,1907,0.007044651561459126,6,31.774054264061487,32.029665459310756,6
1910,1913,-0.0214047999148079,3,31.67024651572073,31.024021472314807,3
1914,1923,0.060500542152604746,9,31.248250846476775,33.17003521485569,9
1925,1926,-0.010317209409101809,1,32.79760259028747,32.49202045883726,1
1927,1932,-0.00543547997073853,5,32.570647020724955,32.426180568230535,5
1934,1935,-0.00047336030265461343,1,32.42180066180223,32.438875269090154,1
1936,1941,-0.01912426626854827,5,32.26703978786238,31.68222336704932,5
1942,1944,5.204553392943855e-06,2,31.5319374361738,31.563633483261942,2
1949,1958,-0.014260265694221688,9,31.36900040567747,30.953039125736037,9
1963,1965,0.003629157236983074,2,33.00739752533918,33.16019395846758,2
1967,1970,0.013139204058033906,3,33.77550956123923,34.25306838308967,3
1976,1978,-0.0017933385451348097,2,33.84349684655506,33.81664749600454,2
1979,1984,-0.01976368260954054,5,33.87332060029958,33.237732363624346,5
1987,1988,0.0008552837194662646,1,33.34974167116277,33.41161490393368,1
1989,1994,0.0015025703297547304,5,33.51449934929305,33.59837174098117,5
1995,1997,0.00017900214366800083,2,33.78547881787265,33.82531196982377,2
1999,2000,-0.002566536772523438,1,33.240497891836185,33.188425429551636,1
672,678,-0.011949921361636175,6,27.03717712129601,26.74112215797719,6
679,681,-0.013233509267374682,2,26.630570876324843,26.304785540713844,2
682,683,-0.0030209688137625788,1,26.28500254228693,26.231881371879297,1
684,685,-0.0018282845890746355,1,26.155590962002226,26.13392668909026,1
686,687,-0.002017368304591173,1,26.151867586568553,26.125261505380113,1
689,692,0.006195406155748245,3,26.358202326750398,26.547860298026755,3
694,699,0.010517387627389723,5,26.79577747087659,27.104394826785953,5
703,707,0.020301493608519423,4,27.12372542193521,27.701501285649798,4
708,711,-0.012353050756303278,3,27.712862515568897,27.39823698082719,3
716,717,-0.008483419633239165,1,27.059637933489842,26.85713930771002,1
721,725,-0.010771315756949538,4,26.758023797206416,26.496562697651942,4
726,729,-0.010448934174498485,3,26.407489221293964,26.15796659392818,3
733,734,0.0061096002949382585,1,25.9462390591165,26.130706447983734,1
735,737,0.010341967733658287,2,26.269107245602893,26.56705061237453,2
738,741,-0.016997008693093,3,26.640934443132647,26.214759183253733,3
742,743,-0.00022930582280491444,1,26.28282750782837,26.303083529948875,1
746,751,-0.005443076179826642,5,26.395499508285987,26.278222293166095,5
754,755,0.0032688437585746515,1,26.21402616849608,26.325929750492577,1
758,759,-0.00022550585400306572,1,26.39282976331794,26.413270855465925,1
760,771,0.02012005113268371,11,26.54895052393643,27.109665716521057,11
773,776,-0.002986055218146382,3,27.23380694097374,27.179719096588627,3
777,778,0.005363819824906957,1,27.24749372412191,27.420891864862504,1
779,781,0.00672177863889481,2,27.536790599164963,27.749423600597314,2
783,785,0.005329375845024738,2,27.829389970516477,28.005532639177638,2
786,789,-0.0023665682865295283,3,28.185979646050487,28.147461580141428,3
790,793,-0.009035531080567552,3,27.945287405334348,27.72073217983339,3
798,800,0.003798915726801147,2,27.95407941072159,28.08822868203395,2
804,807,0.003509010668788762,3,28.35024328250264,28.4780748319262,3
809,813,-0.0008145756113444817,4,28.590885204848224,28.596186652258453,4
814,817,-0.003949996035289225,3,28.574072733527228,28.489779332251256,3
818,820,-3.763216586642488e-05,2,28.465243664083552,28.49263769897664,2
823,825,0.002403168239672363,2,28.47736191349574,28.574275167109406,2
829,832,-0.0169510785450395,3,28.345453276923426,27.893312725308473,3
833,840,0.028364339852198803,7,27.90696803721057,28.726437730899672,7
843,844,-0.003024005936705297,1,28.71651887613445,28.658396471447645,1
846,849,-0.008090187588874243,3,28.60461259848637,28.401800529256025,3
850,851,-0.004265610907053857,1,28.298286832681132,28.20587563854939,1
861,862,-0.001222840654649827,1,27.78442983992736,27.778238339392757,1
863,865,-0.0004169176238680459,2,27.790102695593905,27.806306614706603,2
867,869,-0.0014239740078364623,2,27.70973752261427,27.69798931414071,2
870,874,0.0022102922363940974,4,27.76197539257564,27.85109944664539,4
876,877,-0.00025482840534117005,1,27.660975784741733,27.68158795817707,1
885,886,-0.001482798029985917,1,27.136408422735744,27.123307018208354,1
887,888,0.00208423458187671,1,27.195464797592063,27.279341990591007,1
889,892,-0.006985429587665185,3,27.206700010072982,27.04385622284996,3
894,896,0.011757358549158933,2,27.0000674512186,27.344516992545273,2
898,899,-0.0028737700437515773,1,27.361150091835,27.30988158843033,1
900,901,-0.0011538846129616376,1,27.355551153084388,27.351341554682843,1
902,903,-0.00034150446241609236,1,27.44837220775401,27.466446838366757,1
904,905,-0.002068775928062916,1,27.5922526191391,27.562762683738733,1
906,907,-0.001396901563515802,1,27.639782815322818,27.62881254230818,1
909,911,0.004900389694742711,2,27.69424892639987,27.857655787368838,2
913,914,-0.009353984878659856,1,27.923563457132293,27.69029043025311,1
917,919,-0.003526225133086543,2,27.38171902878698,27.312546641989343,2
926,933,0.006791000439999206,7,27.08584124323727,27.29686704428108,7
939,940,-0.004986912458073308,1,27.14713007035277,27.038896839274344,1
945,949,0.0006184157674185011,4,26.561184348008734,26.60417138755886,4
950,951,-0.0033584395745972404,1,26.661131982272387,26.598253313501836,1
956,958,-0.0009030398581447194,2,26.748162026642067,26.75075553222654,2
959,961,-0.0037672699922584726,2,26.82904814671244,26.754804926855186,2
962,967,-0.012458655743214985,5,26.743966567967856,26.43751666185746,5
968,969,-0.003426279735840186,1,26.485140002594726,26.42087964410554,1
975,977,-0.005673271619519317,2,26.24170605539524,26.119071435238794,2
978,983,-0.011373374537153695,5,26.141219720764337,25.87004705774282,5
984,986,0.00018654429172875364,2,25.794390229405924,25.82499641589125,2
989,995,0.007909909101946319,6,26.084343855917588,26.316752988657726,6
996,997,0.0006233467461658753,1,26.248740372196753,26.29135117947091,1
1000,1001,-0.002682502010434686,1,26.16882428454262,26.124795185073165,1
1003,1004,-0.0010387149690722526,1,26.009728741004835,26.00872177516105,1
1010,1011,0.001959814790727815,1,26.135408899346373,26.212764869168378,1
1016,1017,-0.0017802372555408977,1,26.92134886268843,26.900343823336346,1
1031,1033,0.010755541138098366,2,27.734058340434366,28.060087204181762,2
1036,1041,0.0029556362145147794,5,28.322770698133823,28.43480527560276,5
1042,1043,-0.0034873792115499755,1,28.54335039385669,28.472352257459026,1
1044,1048,-0.015964656749254316,4,28.425994675993135,28.000609422910767,4
1049,1050,-0.0058830519617726834,1,28.022062007945845,27.88522882308503,1
1051,1054,-0.0009445429249294684,3,27.8118958219765,27.813438188370952,3
1057,1058,0.002218560146362274,1,28.211234456848903,28.3020340117514,1
1060,1061,0.011256885449326577,1,28.70952643795582,29.061415814810257,1
1063,1067,-0.00831050386081542,4,29.55057459031266,29.334545000680865,4
1068,1070,-0.006596831860417341,2,29.29937767641872,29.13539398594894,2
1079,1080,0.00027376289421626493,1,29.150283386186345,29.187413935519558,1
1081,1082,-0.0012804212439646997,1,29.224558398462168,29.216363211441752,1
1083,1084,-0.006826148464056973,1,29.024846464320472,28.855743399672882,1
1087,1088,-0.0026334490607980727,1,28.450602298590123,28.40412968898635,1
1093,1095,-0.011032077677396366,2,28.278424742190907,27.99473338858284,2
1096,1097,-0.0029387133005050457,1,27.998227542566404,27.943947006439064,1
1098,1100,0.003398171293185621,2,27.74794403980879,27.869984250729598,2
1109,1110,-0.0006114523268228306,1,28.23039943231202,28.241368288324306,1
1113,1119,-0.027091547252173123,6,27.838716227425795,27.112361047538077,6
1120,1121,0.002564515319939931,1,27.22355268601802,27.320591456630524,1
1126,1129,0.0011159740989248605,3,27.550010799378608,27.608305908655193,3
1130,1133,-0.004840502513508397,3,27.64913269729653,27.542946133676235,3
1134,1137,0.0061262979715920336,3,27.530758316217696,27.72695070336295,3
1138,1139,-0.0008740289133886454,1,27.86853761498012,27.87204824494575,1
1140,1142,0.0023961614685394797,2,27.89366768949045,27.98839908891374,2
1143,1146,0.002059124392280834,3,28.163158012463022,28.249312616102607,3
1147,1149,0.004025364249033533,2,28.303559027808333,28.44579472146709,2
1151,1152,-0.0008672120179275813,1,28.59450890971792,28.598305916854393,1
1154,1161,-0.016979519034124903,7,28.704100656915127,28.245422934110515,7
1162,1163,-0.0027492234081436377,1,28.232840266983732,28.183454721910344,1
1165,1169,-0.0075921682428119405,4,27.95499464196262,27.770710614055897,4
1173,1177,-0.02167372071642902,4,27.674894782492128,27.102751736902327,4
1183,1184,-0.002582583875556199,1,26.73401796836642,26.691709142600853,1
1187,1189,0.002119002857274976,2,26.75602938556579,26.839481517668702,2
1191,1194,-0.0011681568764564056,3,27.077262249304336,27.072709021461502,3
1195,1197,-0.006932890071939961,2,27.05993306283255,26.89938945461671,2
1204,1205,-0.003146832475768568,1,27.022683043676718,26.964669870136152,1
1206,1210,0.015266611531332967,4,26.968242746991706,27.406924675439708,4
1216,1217,-0.0025777956336837235,1,27.50073911174974,27.457348565656147,1
1218,1219,0.0006482889515252209,1,27.641224179566635,27.686784903988446,1
1223,1226,-0.009977398210169679,3,28.002393597266035,27.751004959105472,3
1229,1230,-0.0023559928794500908,1,27.66287248402657,27.625361825913092,1
1234,1235,-0.0019881003707085294,1,27.764280516972473,27.736846621101197,1
1236,1239,-0.009383256235943317,3,27.67662755923662,27.44460729866077,3
1241,1242,0.0004061164972303463,1,27.46494889449722,27.50356781223336,1
1243,1244,-0.001793635205202526,1,27.613770895434346,27.591855634703332,1
1246,1252,-0.032716864948681354,6,27.549732619484903,26.67594147062042,6
1255,1256,-0.008147230708847318,1,26.633118111313276,26.44276507167574,1
1257,1259,8.970263502782643e-05,2,26.3964818354496,26.425246151261153,2
1260,1261,0.0010482692132882001,1,26.46752857197548,26.52174119590128,1
1262,1265,0.0050612163298534175,3,26.70497865345016,26.866843306152838,3
1271,1274,-0.00950485450444951,3,26.926460288929825,26.69745466185264,3
1275,1276,-0.0011988142536653794,1,26.601610532264694,26.596321752920424,1
1278,1280,0.0011991339027711827,2,26.53341920423315,26.59176974596162,2
1285,1290,0.004095720894982961,5,25.989087654697908,26.121520791701496,5
1292,1295,-0.007022303392095799,3,26.172346003433955,26.01472819531837,3
1298,1302,-0.013598693662218983,4,26.053088723602354,25.724853839819076,4
1304,1309,0.016602058527556363,5,25.12239039869574,25.5645961848457,5
1310,1315,0.02443184885386798,5,25.734196134229762,26.388664320691287,5
1317,1320,-0.028225947157317337,3,26.34038780337493,25.623245796937,3
1322,1323,-0.005128873658349416,1,25.645450518721223,25.53956369361797,1
1331,1333,0.00834770704451995,2,25.723637447669685,25.964094474649944,2
1334,1335,-0.0009291240361698207,1,25.912231982559767,25.914068536976522,1
1338,1339,-0.0022300504666171493,1,26.219555083826894,26.18730370786154,1
1340,1341,0.002543474533289728,1,26.261630849322408,26.354688269439638,1
1345,1348,-0.007208057111395564,3,26.442437007701603,26.27828084859331,3
1351,1356,-0.020050669833603332,5,26.176213780575672,25.677539374348108,5
1358,1359,-0.0024212586829408514,1,25.769255123188326,25.732630345591577,1
1360,1361,-0.0012324667155452782,1,25.835309501040236,25.829303651495433,1
1365,1366,-0.0019113630650960003,1,25.865770588316526,25.842197480352088,1
1367,1368,0.001669173919173519,1,25.986192661569373,26.055554329280252,1
1374,1375,0.0019905725266845275,1,26.65566609219454,26.735381794890333,1
1376,1377,-0.0037456165296609204,1,26.763199343808285,26.689717861303315,1
1380,1381,0.0032793449762625517,1,26.506486145408577,26.619916543733304,1
1384,1389,-0.008658770422252238,5,26.69446179269577,26.490015038279928,5
1393,1398,0.01219201830929453,5,26.958145635600914,27.31377798641039,5
1405,1414,-0.019322929677756808,9,27.42551283897213,26.922997095847226,9
1415,1417,-0.0015879073394101278,2,27.11617701356658,27.10023521408356,2
1420,1425,0.017023855159027282,5,26.94327378625956,27.42889545049312,5
1430,1433,0.0017498449243343057,3,27.87011326362411,27.946751753122708,3
1437,1445,0.003392095716664003,8,27.86371170087336,27.986091789685126,8
1446,1448,-0.0104672154840963,2,27.781509379582513,27.518495843812563,2
1451,1453,0.006184553297410818,2,27.557116920709575,27.755102495949394,2
1456,1458,-0.010590275476871462,2,27.872610914800024,27.605304897867438,2
1474,1475,-0.007897400888331397,1,26.94949688578774,26.763615402027625,1
1477,1480,-0.0014524151686497236,3,26.44848877922742,26.436523081715837,3
1483,1484,-0.003021029565285329,1,25.923727060292276,25.871334441461038,1
1485,1491,0.0007327463922902093,6,25.869834841782602,25.914660704773844,6
1493,1497,-0.00951641438394539,4,25.713754743516834,25.494765752753903,4
1501,1502,0.003619276149860293,1,25.616432761816416,25.734762138717574,1
1504,1506,-0.007031561108876112,2,25.735948931092455,25.580720982419656,2
1509,1512,-0.00721665457527514,3,25.81402574031549,25.653548859090687,3
1513,1515,0.007033409817955289,2,25.647506273188114,25.853543201889213,2
1516,1527,-0.0033056619473720897,11,25.818299081784296,25.758770812045555,11
1528,1530,-0.007852332996326816,2,25.672417624268682,25.496501669886424,2
1531,1533,-0.0018626128251581539,2,25.39365751002539,25.371752615379567,2
1535,1536,-0.002851517903331828,1,25.368329893554996,25.32135997657945,1
1537,1538,-0.0007897348552849453,1,25.237032742019238,25.242339210360917,1
1546,1548,-0.00470555407874902,2,25.775519191619864,25.680006611347483,2
1553,1555,-0.005444249134675237,2,25.949043425451425,25.833719411662212,2
1558,1563,-7.674925288552294e-05,5,25.780034654761398,25.803836091017043,5
1567,1568,7.069384275377056e-05,1,26.125637307279426,26.15360986628235,1
1570,1571,-0.0006247115884095461,1,26.31975763979212,26.329635139830202,1
1573,1575,-8.849083699375348e-05,2,26.360365137294135,26.38439285165697,2
1583,1585,-0.0016487311007980883,2,25.950349882691516,25.93351508364602,2
1587,1588,0.0007281560371077168,1,26.01297058605523,26.057925058216625,1
1595,1596,-0.006327861644429021,1,26.447593942828195,26.306684821472768,1
1599,1600,-0.004340873857962668,1,26.04616463885626,25.959147688314115,1
1601,1602,-0.002909562359584599,1,26.10888483244253,26.05902828871577,1
1604,1610,-0.030942609528127014,6,26.22221333639399,25.437051841499102,6
1611,1618,0.009885090308526485,7,25.31232155536125,25.58784846140982,7
1620,1621,-0.0025367473846616834,1,25.59362918683264,25.554298244115774,1
1623,1625,-0.00512218470582807,2,25.51674486294879,25.411560127532226,2
1630,1635,-0.04065546477553897,5,24.949507828081256,23.960123499237746,5
1637,1638,-0.002556641805997662,1,23.769795705876664,23.732794648160873,1
1639,1641,-0.01290415263829011,2,23.625649182039044,23.344405847997358,2
1644,1645,-0.017865643068415756,1,22.676702383948154,22.29424521557179,1
1646,1650,0.08336634134420541,4,21.9688828138465,23.82231708027032,4
1652,1655,0.009936003140646535,3,24.122882797530742,24.386690719565987,3
1657,1666,0.11600138288236565,9,24.924341516555188,27.840523941424504,9
1667,1669,-0.028175471573465893,2,27.574075299749545,26.824736800276593,2
1670,1677,-0.02285542038855909,7,26.741232198417116,26.156791327012638,7
1679,1685,0.028823053208499712,6,25.700576407058996,26.46704606473583,6
1688,1697,0.05398846854287761,9,26.591146549771214,28.053352975342357,9
1700,1702,-0.004283870514082275,2,27.770243258891814,27.679049375885047,2
1704,1705,0.01124223077898735,1,27.816441284760714,28.156976578418906,1
1715,1717,-0.01792265568287972,2,30.92041246232887,30.397156968656255,2
1719,1726,0.0624232843179507,7,30.501814326623965,32.43633956887478,7
1729,1733,-0.02443912164904734,4,31.90330415921254,31.155518732018198,4
1739,1742,0.0036075502452947413,3,31.086437639076912,31.22966996244618,3
1751,1755,0.003888112137256541,4,30.268747380791755,30.416704412243355,4
1757,1758,0.0027820056003615232,1,30.31815303891359,30.43281646349938,1
1759,1762,0.023207531795165433,3,30.73574704234214,31.4797836161178,3
1763,1764,-0.008470127405739394,1,31.316027908993586,31.082093190671714,1
1767,1772,0.09775344026373,5,30.45399046300896,33.46142679098992,5
1775,1778,-0.006737311729559212,3,33.86077115796886,33.66650135843233,3
1779,1781,-0.005248552113770295,2,33.61502628997513,33.47221109897641,2
1783,1789,-0.0629622205065085,6,33.962778129634735,31.858368982152683,6
1796,1797,0.02191710465395244,1,33.232842118562786,33.99444263934217,1
1799,1800,-0.0010551219002640085,1,35.086747848029546,35.08481379981408,1
1801,1805,-0.003305487559930598,4,35.000723495825575,34.92002976321738,4
1806,1816,-0.043001242569895286,10,34.746365049838786,33.286974542958376,10
1821,1826,-0.06300479043937189,5,31.828157309561647,29.854659085510914,5
1827,1829,0.02580470981864814,2,29.89695375372685,30.698332923557043,2
1831,1832,0.013044141578774246,1,30.798219889366358,31.23075444986684,1
1836,1840,-0.05158448603082738,4,31.608567902795432,30.009664741262018,4
1841,1842,-0.000538338002855895,1,29.913995139307193,29.927805294045765,1
1845,1846,0.005863925558031013,1,29.967992595183052,30.173690665480013,1
1850,1859,0.006695609893047861,9,30.43381557835736,30.668022350605362,9
1864,1866,-0.005977577054703329,2,30.846881845059677,30.693339113778563,2
1868,1870,-0.004501714754808572,2,30.41822450525522,30.31170855969009,2
1872,1879,-0.0013974833384218098,7,29.846925252360265,29.83506159686933,7
1882,1890,0.02295985587306025,8,30.52715409429172,31.25858030660565,8
1891,1898,0.012152136001054137,7,31.33149897213963,31.7435751077381,7
1902,1903,0.0005695817883244188,1,31.878660307159276,31.928696471813574,1
1905,1906,-0.0011654630793861969,1,31.87372618414466,31.86845225925872,1
1910,1915,-0.010083495422269922,5,31.60951537123422,31.322390483059444,5
1916,1917,7.033011991516435e-05,1,31.467312178439908,31.500992590457265,1
1918,1919,0.0036108421258983087,1,31.404885473968577,31.549688442870963,1
1921,1924,0.012785232589557355,3,32.58070661297029,33.029839231562214,3
1925,1926,-0.007772543669405669,1,32.756170533324934,32.53432793794549,1
1927,1928,-0.00044820015577508787,1,32.540090553817016,32.55804617071568,1
1932,1938,-0.018046377645804933,6,32.50085428678203,31.946832450798265,6
1941,1942,-0.0033331182906235868,1,31.671161946142643,31.597269378920796,1
1944,1948,-0.005029739944688002,4,31.52669500388044,31.39965062169931,4
1949,1955,-0.022783119033024424,6,31.358212795958355,30.675133113961085,6
1956,1960,0.03375977016116402,4,30.6533999401709,31.71890507674948,4
1961,1964,0.03332431755425305,3,32.05264859997817,33.152833888978705,3
1966,1967,0.004640089877557005,1,33.47133813387462,33.66011948927177,1
1969,1973,-0.004414022816732542,4,34.347520550463955,34.23025733160648,4
1974,1977,-0.00897299454714607,3,34.1136068223849,33.84161922120654,3
1982,1984,-0.011316195834509424,2,33.53093150317559,33.185019847275306,2
1987,1990,-0.0033025982561790523,3,33.4166334446333,33.33968836273631,3
1992,1993,0.0016797359757919615,1,33.337920545808444,33.42725737085314,1
1995,1997,-5.358068238347428e-05,2,33.791474837797296,33.82345574235454,2
1998,2000,-0.018727206861531783,2,33.8590567664742,33.25883026303856,2
672,675,-0.0006641962032364343,3,27.037309234759125,27.046388465854427,3
678,681,-0.019507148347278187,3,26.782999359135392,26.287322416810817,3
683,686,-0.006987366247300398,3,26.266879805994193,26.109610376421887,3
687,694,0.021239443271639746,7,26.153734094541598,26.735378580278706,7
696,699,0.005177049785523331,3,26.949436399871587,27.11590441020539,3
700,702,0.001977514243054776,2,26.941623843159146,27.021842911883176,2
703,704,0.00639247361400582,1,27.19155053882886,27.392563358711058,1
705,708,0.007960643901785726,3,27.481982211558925,27.728238467871915,3
710,718,-0.03232098618151904,8,27.673492415742018,26.80673134219419,8
724,729,-0.02297369704439554,5,26.64892613206248,26.063350702678065,5
731,739,0.016757176081457163,8,26.019179988029222,26.481207148571784,8
743,748,4.3671083644260256e-05,5,26.28757294104238,26.315008520780136,5
751,754,-0.0032288999429376758,3,26.336194935374596,26.277494191985944,3
755,756,2.1333815569378424e-05,1,26.31018296514936,26.337054444705483,1
762,775,0.011409063472430803,13,26.85098203625362,27.18417757663859,13
777,780,0.018270205333633632,3,27.224770706002587,27.74939762766835,3
781,782,-0.00036490964978756627,1,27.764829401757975,27.782462576986326,1
784,789,0.0076975641190177415,5,27.93798641914054,28.18097884737726,5
790,796,-0.011509211661910185,6,27.972093686548764,27.67812903337004,6
797,798,0.0038436192580048514,1,27.814962534346723,27.949687622538768,1
799,800,-0.00019361516401470856,1,28.042230422116525,28.064843251496125,1
804,805,0.00024384618343584598,1,28.411719551824213,28.4470593607536,1
806,807,-0.004437789666192828,1,28.597786242320115,28.499473068300276,1
808,809,0.000802343960561134,1,28.5286853667171,28.58010387049055,1
812,813,-0.0062316358561398215,1,28.71019214482895,28.5599908741674,1
815,817,-0.008185531986609304,2,28.650236880797344,28.44436968726644,2
819,821,-6.913929276081328e-05,2,28.471879339880804,28.498382693619554,2
826,829,-0.010428499169511184,3,28.567808185034863,28.298456629287507,3
833,839,0.02486824404605917,6,27.88519678897649,28.60653786478612,6
840,841,-0.005781494313591926,1,28.748214502349693,28.610755078180787,1
843,847,-0.004255358978603574,4,28.681164895089434,28.587797407431395,4
851,860,-0.014547588312085927,9,28.21210484977032,27.82989886784823,9
866,869,-0.004392367034290542,3,27.745324357313496,27.651202033608048,3
870,873,0.0016811309476305282,3,27.782604805305525,27.857093606854818,3
874,876,-0.009981597079545886,2,27.900821482853583,27.650227546106255,2
884,885,-0.0037954360566624934,1,27.1642980794202,27.08836202111506,1
886,890,-0.0043510982718213236,4,27.190260438022815,27.099143203258585,4
893,896,0.009030469190518649,3,27.044143371911368,27.315408818787294,3
899,904,0.0069490540069264495,5,27.3152950397013,27.532425795187017,5
907,908,0.001631403040344358,1,27.643163080072878,27.715903383446516,1
909,910,-0.001314614853889538,1,27.792648548879328,27.78390456881692,1
911,912,-0.0009723166131370998,1,27.869312359788182,27.87008387674384,1
915,916,-0.0045909385745197245,1,27.60818895148105,27.509049640802548,1
917,918,-0.0027863891144104475,1,27.391706913607074,27.342774666551485,1
919,920,-0.0048771924412895785,1,27.366266687790496,27.26016240544228,1
922,924,-0.007844313591197354,2,27.279325725043122,27.09261746522451,2
926,928,0.0026840413662171437,2,27.077170630316235,27.17692404699844,2
932,936,-0.001613584437237975,4,27.25517632196976,27.238452969944422,4
938,943,-0.017420188917990402,5,27.191372744332195,26.744885266930766,5
950,953,-0.0038974067982598354,3,26.735447305482868,26.657983838705444,3
955,960,0.006767480595331932,5,26.60567364805298,26.812332701839967,5
965,975,-0.01179395342659673,10,26.50454853982543,26.21845967729358,10
977,978,-0.0022300999243593423,1,26.12862698567717,26.096486163598474,1
980,983,-0.009035060977599305,3,26.10083007275283,25.891108311552305,3
985,987,0.005990297128690818,2,25.784294183061405,25.96453406065458,2
996,1002,-0.010754396599710378,6,26.220783606576532,25.9650156841228,6
1003,1006,0.0018571334253334694,3,25.987724300265103,26.06197469601174,3
1007,1008,-0.0027465715570828652,1,26.05010802374363,26.004609646010422,1
1013,1015,0.009321813841874426,2,26.516792559602614,26.790493956086433,2
1020,1022,0.01059166423544906,2,27.30857145186087,27.625123242880612,2
1026,1028,-0.0035161751064198277,2,27.641437771981522,27.57188707435401,2
1029,1030,0.0027468147066892906,1,27.643415544430027,27.74699030033502,1
1037,1039,0.0022821760641279416,2,28.330656962237384,28.42364316639986,2
1040,1042,-0.0019645867547102487,2,28.451609241001613,28.42416519557755,2
1045,1046,-0.006622698200082738,1,28.464168071417653,28.30412264483564,1
1047,1049,-0.005810747857297548,2,28.176509203489413,28.040959122212602,2
1052,1060,0.028502720366084155,8,27.823551373928172,28.64442182970455,8
1061,1062,0.009191864536111122,1,29.061573989452015,29.35776561475868,1
1064,1065,-0.006369762246017368,1,29.540467118692916,29.38184183362924,1
1066,1067,-0.0014066666894293758,1,29.33393890853904,29.32200977271518,1
1069,1071,-0.01642000999170484,2,29.367515782154427,28.914668395362057,2
1073,1078,0.005512265275653082,5,28.7425140406421,28.929692916763944,5
1080,1087,-0.02787673735821845,7,29.190486205763133,28.40594117465214,7
1088,1092,-0.00635904313151192,4,28.455259101811052,28.3027661409661,4
1094,1095,-0.0058378347364455695,1,28.133137363228112,27.997033894047092,1
1101,1105,4.819864452737239e-05,4,27.9027177388649,27.93196532977741,4
1107,1108,0.0028835215735189524,1,28.052423661302143,28.161365853780303,1
1109,1110,-0.0011990685912748233,1,28.25698211847876,28.251357040854757,1
1111,1116,-0.042079813936733976,5,28.162912454651313,27.00598525109771,5
1117,1119,0.0009490810937526912,2,27.106723357865945,27.159556559876346,2
1126,1127,-0.0002782461255024869,1,27.48908846466666,27.50892882077244,1
1128,1130,-0.0011490435344686297,2,27.64156789973642,27.637448102758388,2
1136,1139,0.008425807253791804,3,27.602263504446974,27.862437120008263,3
1140,1142,0.0013930646636794832,2,27.890859730537056,27.957604361397845,2
1145,1147,0.0007778330125541202,2,28.226205531499524,28.27638701151256,2
1150,1155,0.0033210784223968474,5,28.52124998954095,28.644492547450543,5
1157,1158,-0.006925437822638763,1,28.61859686676445,28.44901915045927,1
1160,1161,-0.00546703453774913,1,28.322931073480422,28.196411562164897,1
1163,1176,-0.03611679640747406,13,28.138744782908617,27.150602211205342,13
1177,1178,-0.0071582558455904,1,27.105899735648862,26.938974670151815,1
1181,1184,-0.0020345400611259156,3,26.718480185526257,26.69083884740193,3
1189,1191,0.005639701892898914,2,26.87688018175957,27.055334653977617,2
1192,1196,-0.006734752642897807,4,27.108380021373502,26.952920167401253,4
1197,1198,-0.0036840366542295923,1,26.931264656436973,26.858980154954338,1
1203,1204,0.0016470319921315893,1,26.963371575857092,27.034744483034117,1
1205,1206,-0.00601232681490275,1,27.02760289615322,26.892131717414287,1
1209,1212,0.010070800111306448,3,27.28707816889565,27.58916795692509,3
1214,1219,0.003977375815038005,5,27.579939251912183,27.717214974524868,5
1223,1224,-0.002613722385009079,1,28.01092104041856,27.965719190110914,1
1225,1226,-0.007796129522110733,1,27.94426409392723,27.754351255744833,1
1228,1235,0.003303938367549118,7,27.61583894294468,27.734695811723277,7
1236,1240,-0.01087105613826525,4,27.681148325391693,27.407906156300104,4
1241,1243,0.0026402188230888225,2,27.447854573659157,27.547770770531596,2
1244,1245,-0.001987207023931268,1,27.62209173332281,27.594823010348,1
1246,1253,-0.03767489192985867,7,27.563090877097373,26.552217497926954,7
1254,1255,0.002480949843288255,1,26.5817514302439,26.674281173719336,1
1258,1260,-0.0012167083595579593,2,26.410063450846003,26.40434016931975,2
1266,1268,0.007058144817477093,2,26.872953219530643,27.08949936824691,2
1269,1270,-0.00297389963797009,1,27.121764012400092,27.068228372234906,1
1271,1276,-0.01569467589928816,5,26.95387320728453,26.557794776272978,5
1278,1279,-0.002418915822028732,1,26.54519055215637,26.507525161283148,1
1283,1287,-0.009187802256523846,4,26.230523217206947,26.0157528800193,4
1288,1289,0.0014975218286371532,1,26.05166918259278,26.116733795048738,1
1291,1295,-0.006618464640666091,4,26.19120823338783,26.044053856032217,4
1296,1297,0.0024622286413442033,1,25.961138863147436,26.05102226168134,1
1302,1303,-0.010807203938743487,1,25.743945405418348,25.49146928263953,1
1304,1305,0.000701760861709433,1,25.142460899434898,25.185247355360616,1
1306,1307,2.4033558347378442e-05,1,25.280979314536758,25.30686788574273,1
1312,1324,-0.01739613092070107,12,25.979101575080936,25.553144824453717,12
1327,1329,-0.0006298594008705767,2,25.34995812249192,25.359341171179285,2
1331,1332,0.005504333546736632,1,25.672433339789777,25.83941540918813,1
1334,1336,0.003369310790682912,2,25.964483803234266,26.07793070249025,2
1337,1339,0.0007398191453890461,2,26.126674046625848,26.172129734337506,2
1340,1343,0.00639963429728042,3,26.23768314838024,26.43183240848617,3
1349,1355,-0.02624423270519338,6,26.289183954332103,25.625533676959307,6
1358,1362,0.004209079130569403,4,25.77194583671713,25.906193941929338,4
1364,1366,0.0012337090993408298,2,25.812948372668693,25.870606990329538,2
1368,1369,0.0013537648530136648,1,26.038330289200303,26.099618395866184,1
1370,1371,-0.0030295079575760647,1,26.187784889422524,26.13463657159815,1
1373,1377,0.003148384706146503,4,26.59938067351261,26.709725137491578,4
1379,1387,-0.0055948991817311375,8,26.577438969011254,26.455318316440035,8
1394,1396,-0.00055021322427032,2,27.160272016946326,27.17248834812477,2
1398,1402,0.00033560554752389503,4,27.386059423624825,27.422636396515838,4
1407,1414,-0.01344941531539329,7,27.334592655361163,26.994292958917473,7
1428,1430,-0.00341325002778225,2,27.883113089921597,27.815824166482688,2
1432,1433,-0.0042863306278799465,1,28.02377440528946,27.931679017152558,1
1436,1438,-0.0040960454797177494,2,27.90713134390871,27.82072959605951,2
1440,1449,-0.017452143882422298,9,28.01360795230157,27.552724043604535,9
1452,1457,0.004261174592151379,5,27.67614893449176,27.821757986074505,5
1459,1461,-0.004392531767328272,2,27.447232487826252,27.354116879686057,2
1463,1468,-0.009679896710960614,5,27.235723145195568,26.99931988144695,5
1473,1474,-0.00498039839426149,1,27.08407922611456,26.976273800652883,1
1475,1476,-0.008791424860708483,1,26.789489115620437,26.580760824119313,1
1483,1486,-0.0029498391423054024,3,25.96757121518064,25.91693862839468,3
1490,1492,-0.009783837653704539,2,26.03957554092216,25.810848136799326,2
1493,1498,-0.006866122651204776,5,25.68245292083836,25.53179650202093,5
1499,1502,-0.0001600221955968174,3,25.675235373993964,25.696802001830946,3
1503,1504,-0.005485773387631638,1,25.829693550542864,25.713827398603158,1
1509,1511,-0.0047855731395401585,2,25.830626248768734,25.732842523863894,2
1516,1519,-0.004836533653740932,3,25.837114036100363,25.737989078585322,3
1521,1524,0.0038927073526284434,3,25.741135072180224,25.867078913012882,3
1526,1529,-0.011938674525662465,3,25.872803224825276,25.589789051282402,3
1531,1533,-0.0054763021565935105,2,25.46630490508217,25.35231002951508,2
1536,1540,0.005685413228997599,4,25.28417758715387,25.453212762479353,4
1543,1548,-0.0042089306643360355,5,25.72472344175253,25.642174587868727,5
1549,1550,-0.00028337299230135756,1,25.727677928346417,25.746115077195242,1
1552,1554,0.0018957910834938021,2,25.852205212663055,25.927067798006536,2
1555,1556,-0.001269300943212899,1,25.826288172194456,25.819333128429996,1
1557,1567,0.013189026400967866,10,25.758534605650787,26.12402313322061,10
1570,1574,0.004979470658567983,4,26.264994444000667,26.42204520762602,4
1578,1581,-0.020996184877141208,3,26.47657261783836,25.94714217685901,3
1582,1585,0.00033843501911280703,3,25.889340471486808,25.92399167139558,3
1587,1590,0.009703427849339221,3,26.005573925811003,26.28392271000658,3
1593,1597,-0.014876800007457565,4,26.511000232283504,26.143112384062444,4
1598,1599,-0.002560652092077973,1,26.052119788955377,26.011461493703678,1
1605,1606,-0.006768954402942208,1,26.183946448245585,26.032892455096576,1
1609,1613,-0.012114530384386934,4,25.57822875699139,25.29393875629301,4
1622,1624,-0.008378705604378388,2,25.604432114719998,25.415504547978188,2
1625,1634,-0.046184682274128544,9,25.349990607946886,24.204559336674663,9
1635,1636,-0.007731953744614687,1,23.93412789075999,23.7730044488817,1
1639,1640,-0.009411498567402383,1,23.59538287060581,23.3969103413924,1
1641,1642,-0.009015257273691322,1,23.3034014606065,23.116618702547626,1
1644,1647,-0.019311062367245033,3,22.680805524651895,22.265495880150638,3
1651,1657,0.039909068087520747,6,23.93998731395225,24.919349884993107,6
1662,1670,-0.014155909361693614,8,27.073807879562608,26.717627317023176,8
1677,1678,-0.01855579683672802,1,26.23160226110793,25.771085581110064,1
1679,1680,0.005628439463792663,1,25.687959162528465,25.858230244785663,1
1682,1686,0.003930677204282662,4,26.285760676786833,26.415367277753095,4
1688,1690,0.012980468380870532,2,26.61421128183651,26.986290421144034,2
1701,1702,-0.007539886544025408,1,27.804785789431342,27.62294564498753,1
1705,1707,0.04709209651514011,2,28.161955269777415,29.51632274066661,2
1708,1709,0.010091761918438712,1,29.785084424099846,30.11545348925256,1
1713,1718,-0.014059633141147491,5,30.677181826564436,30.276549086105227,5
1730,1731,-0.009311395417530975,1,31.946317065348765,31.680798592084834,1
1740,1744,0.003646516477516036,4,30.991415272958385,31.135417394685728,4
1746,1750,-0.011221985093523804,4,30.574297129902384,30.261767120395554,4
1751,1754,0.004115509207173085,3,30.2853658460799,30.440290913908125,3
1757,1759,0.011773472926081944,2,30.3308650739907,30.718295557837966,2
1760,1761,0.007950499091461671,1,31.0069123484483,31.284439689252117,1
1766,1770,0.02131670901480617,4,30.677242155600116,31.36185724216339,4
1771,1772,0.025590052127569967,1,32.54525237877002,33.41063233602644,1
1774,1778,-0.015594903730998502,4,34.10775991290689,33.60996044049801,4
1784,1785,-0.02271581970473843,1,33.33608841354241,32.612167927892706,1
1789,1794,0.022926478093957068,5,31.806258804371783,32.567270558905314,5
1795,1800,0.07050945596801496,5,32.69650098044644,35.03460997761583,5
1801,1802,-0.0037422122106111227,1,34.95827375656089,34.862410751403765,1
1803,1806,-0.014789325605384776,3,35.11216561488747,34.627992530513595,3
1810,1811,-0.008000396269438097,1,33.67508966748736,33.43935069540609,1
1812,1813,-0.0064852820644947335,1,33.287051349988275,33.10446248423827,1
1815,1816,-0.00855169762677681,1,33.5562284241763,33.302821933621864,1
1819,1820,-0.007807032775310951,1,32.448652344843445,32.227773304817426,1
1823,1824,-0.014767172237105743,1,31.358014227244155,30.926303044364072,1
1825,1828,-0.00544816985476793,3,30.633178407436226,30.49691682668854,3
1831,1834,0.03699247866931573,3,30.763083607372785,31.931849405128272,3
1836,1838,-0.029139107879848174,2,31.673181536390352,30.78192646423985,2
1839,1840,-0.013413674348720806,1,30.419634781800646,30.042015341812352,1
1842,1844,-0.006411409461648519,2,29.964245738060512,29.80209693516241,2
1846,1848,-0.003291198369703749,2,30.217198952686218,30.14796535570881,2
1850,1851,0.0006564854081853907,1,30.37891064325126,30.429232865448373,1
1855,1856,0.004764730002748641,1,30.918064139554303,31.0962984315265,1
1857,1858,-0.008008051439711564,1,30.950888753039756,30.733983332553663,1
1859,1866,-0.0021846811744646046,7,30.714150146100852,30.677763670633087,7
1867,1869,-0.004965301579993553,2,30.593251454635247,30.471939986305042,2
1870,1873,-0.021137645349998256,3,30.361084898776525,29.749684138643776,3
1875,1880,0.012982358683563799,5,29.53606487884048,29.94904873207744,5
1887,1888,0.010564007898176284,1,30.632111346479974,30.986341324028484,1
1897,1899,-0.006871131037318254,2,31.85082735770153,31.663826976637463,2
1901,1902,0.0022821552745533615,1,31.746390811718822,31.850587395769537,1
1903,1905,-0.004118141988517939,2,31.908633242933252,31.809137593822243,2
1909,1910,-0.006351600317416191,1,31.721235574645302,31.551476200275197,1
1911,1915,-0.004708687838862839,4,31.53433395282017,31.417382951982706,4
1916,1923,0.05176451151542948,7,31.480577292559232,33.14163457562484,7
1928,1932,-0.005079608959371337,4,32.65037890624265,32.517178127929874,4
1937,1941,-0.018211462071951172,4,32.10597189801881,31.553381180412927,4
1948,1951,-0.01656727253301399,3,31.37658536697878,30.888137511415643,3
1952,1957,-0.003560902555806762,5,30.76531923606225,30.686532251400408,5
1959,1960,0.008954034658259846,1,31.348348637243653,31.66039118605799,1
1964,1965,0.0006735263889121941,1,33.16401890495049,33.219519765750306,1
1968,1972,0.0009054758768529869,4,34.129540878334296,34.19457389516603,4
1973,1974,-0.0064480015046741255,1,34.24836427369064,34.061779133594946,1
1976,1981,-0.009017190887313741,5,33.918247899541264,33.64631883156741,5
1985,1987,0.0038198583990554473,2,33.1893324842034,33.34930036713643,2
1988,1990,-0.0050662475160380945,2,33.47544010632273,33.33932068114211,2
1994,2000,-0.011551898307090872,6,33.60098643670523,33.246432244807174,6
676,677,-0.005805175334233088,1,26.967819985296124,26.83823488188474,1
679,685,-0.018776184038121094,6,26.650797134565202,26.17704765993854,6
688,689,0.001086463406304292,1,26.253823792565537,26.308601435184286,1
690,691,0.0015022865110315372,1,26.43532446512669,26.50147322095052,1
693,695,0.0017961332578245136,2,26.747517324018602,26.822306946772528,2
696,699,0.003065038844108205,3,26.95017160212486,27.05972509654288,3
701,707,0.026383764464090256,6,26.945457133081348,27.68332518459089,6
709,713,-0.016357457137833233,4,27.73251468152414,27.306613775978303,4
715,719,-0.021066493103460242,4,27.22032574272281,26.67410926393252,4
728,730,-0.009410050596643862,2,26.258769303316257,26.037931724869768,2
734,740,0.005004638108122569,6,26.16049755734242,26.317581877902686,6
741,742,-0.005136169066394067,1,26.30600130977862,26.19719524090059,1
743,744,-0.004403444863778319,1,26.308577996983765,26.21903820232662,1
745,747,0.00164808719221766,2,26.319914912750725,26.38961234233144,2
748,751,-0.003562727316374098,3,26.329292540266067,26.261817743052323,3
752,753,-0.0035182368773000144,1,26.287160883998087,26.220963586060485,1
756,759,0.0015080596438277064,3,26.381102027553922,26.44726740490893,3
762,763,0.001021712999648062,1,26.85027692605683,26.904560479962388,1
764,767,-0.0034630597112292583,3,26.975318720511368,26.908876899773308,3
768,773,0.010455928101834128,5,26.975078806400642,27.284103369748077,5
774,778,0.004100407278131998,4,27.28748749560037,27.426664795424866,4
781,788,0.0139685462846032,7,27.77485166586173,28.190600818570168,7
789,792,-0.01492082914561213,3,28.197901874538392,27.805363700278207,3
794,797,0.0020419387579510406,3,27.72869619590771,27.81304519157349,3
800,802,0.001371903489773011,2,28.07225156502816,28.138836236481037,2
805,813,0.0014664310125432592,8,28.515885853229417,28.586218318447965,8
814,815,0.00013792631414173934,1,28.576682965804654,28.60920112532233,1
817,824,0.004781244353206435,7,28.41633392258486,28.580615692613634,7
828,832,-0.02040564428145205,4,28.469804395986806,27.917329499115766,4
834,838,0.017805136320141916,4,28.01986841318623,28.546785858368636,4
844,846,-0.005513486176601961,2,28.684301565820576,28.554835367217763,2
848,849,-0.007990260478244658,1,28.613006821594603,28.412994450845865,1
853,857,-0.0021505367959167316,4,28.052142812234035,28.01986778972425,4
862,867,-0.004164603400070083,5,27.76350993620459,27.675649438262596,5
870,872,0.002737100424785601,2,27.75097284131134,27.85468101370482,2
874,875,-0.0043363829288432885,1,27.871962016642005,27.778970478376312,1
878,880,-0.011007975090965738,2,27.522607081633897,27.247161515522468,2
883,885,-0.006087058451981786,2,27.221517234461615,27.08303978513828,2
886,890,-0.004201540831683507,4,27.21101638843692,27.12389920839773,4
892,895,0.0009429144095790775,3,27.087801728430783,27.140431008732772,3
896,897,-0.000350974622093284,1,27.33414793543967,27.351888491133227,1
906,908,-8.562199303238129e-06,2,27.63313417007871,27.66053070384665,2
911,915,-0.01205092900797598,4,27.868910183188625,27.56093283522455,4
920,924,-0.007127221869269272,4,27.2817071978504,27.114546124876732,4
931,933,-0.001215581187829979,2,27.289845990830194,27.283962813415794,2
934,935,-0.0021513015712111613,1,27.391321801995208,27.35978613016702,1
938,939,-0.005131446276168413,1,27.24393767267869,27.131380807832738,1
940,943,-0.014880120597008085,3,27.09956503213885,26.7234198013663,3
944,947,-0.01378943591247916,3,26.653291183810964,26.312410624358968,3
948,951,0.004730352532447987,3,26.489341334264555,26.641134598462237,3
953,956,-5.64731540343027e-05,3,26.641665061115066,26.666802187321455,3
957,960,0.0002766773102517333,3,26.74734875392589,26.78149648718942,3
962,966,-0.012493618509138084,4,26.736782609810515,26.429480230331595,4
968,969,-0.0012537802062666588,1,26.468826200794147,26.462108936621274,1
970,979,-0.010722477523449334,9,26.359301118386295,26.10302340572895,9
980,984,-0.019943999969556273,4,26.166981389927372,25.67127409527321,4
987,988,0.0010604309265982736,1,25.964327326978285,26.017825029991112,1
990,998,-0.0014818824135407358,8,26.25500748719678,26.24235566082132,8
999,1004,-0.009864274086788763,5,26.249124586294084,26.016445151422907,5
1005,1009,-0.0008823331983109962,4,26.09945042348309,26.102521462340263,4
1011,1012,0.0017694180477718997,1,26.284725777485175,26.357519171434078,1
1013,1015,0.008161514457494842,2,26.517698757313987,26.760641037858612,2
1018,1021,0.012500551944552001,3,27.04310904097802,27.408205939327928,3
1025,1030,-0.003828309490970031,5,27.750793772037046,27.67230593862964,5
1031,1035,0.016717430841545897,4,27.756032283256953,28.247797865671274,4
1037,1038,0.000355340119086915,1,28.31764850440258,28.3560285494988,1
1040,1042,-0.0015131303334877414,2,28.43207255378148,28.41748319491021,2
1043,1050,-0.01996380456078282,7,28.427378469097754,27.88828721963438,7
1053,1058,0.01615352933222354,5,27.80652966223093,28.28350978441935,5
1059,1061,0.02164425360832879,2,28.425801587699397,29.069482647871297,2
1064,1066,-0.006398957389058138,2,29.475842991589325,29.316704171271166,2
1068,1070,-0.00643360979092285,2,29.32006172381093,29.16074794935797,2
1072,1073,-0.0017480702489105545,1,28.755500116174968,28.733988982045513,1
1074,1076,-0.0015695666270693093,2,28.665576891952313,28.649249936008967,2
1077,1079,0.008623092054800312,2,28.81125906345138,29.088512461633673,2
1081,1083,-0.009168550700402435,2,29.25738862961738,29.018398167234974,2
1084,1087,-0.01713967863665664,3,28.828165752615742,28.362888421684254,3
1088,1089,-0.0017643140497247466,1,28.47440153576903,28.452638150617737,1
1096,1099,-0.010698416499399063,3,28.01900897732914,27.7472689583666,3
1102,1103,0.0009282196203297404,1,27.912095883673352,27.965916534600776,1
1106,1107,-0.0012826184202937802,1,27.979666724957763,27.97175915574761,1
1108,1112,-0.007369147955899081,4,28.1896658758767,28.01012172308588,4
1113,1114,-0.010428546869292944,1,27.879755502181627,27.61688992072488,1
1115,1116,-0.009842563706108788,1,27.29866839440607,27.057278180036597,1
1117,1118,0.0034179045893495867,1,27.054973201511164,27.17449949178285,1
1121,1124,0.00792584551536164,3,27.370928020809153,27.61523669593498,3
1131,1135,-0.003370820172815596,4,27.656612221741714,27.59104336757467,4
1139,1142,0.0017690088079288903,3,27.879569739252414,27.95676851342167,3
1147,1149,0.007328072062361849,2,28.261118563215714,28.496479195173126,2
1152,1160,-0.01272174401072821,8,28.6483638689884,28.312555081389924,8
1162,1164,-0.007976639154344822,2,28.23899302053457,28.041979756148237,2
1176,1178,-0.010205683416767836,2,27.172551476615375,26.922409570095827,2
1179,1185,-0.010449969182174997,6,26.954230861780044,26.699514210806992,6
1188,1190,0.0034095951071953616,2,26.808777025707247,26.926992877709697,2
1196,1197,-0.004038116830745207,1,26.98255660267018,26.900580443319072,1
1198,1199,-0.00275482647661599,1,26.90367367737611,26.856462398488812,1
1200,1201,-0.002084929606619838,1,26.884807625029364,26.85563950126869,1
1202,1204,0.0029091901202674113,2,26.913858159397,27.019069547811995,2
1205,1207,0.0006501001361369134,2,26.93834696946202,26.982797939463634,2
1208,1209,0.005321593334804844,1,27.12098682234301,27.292434671872464,1
1213,1214,-0.004123225359761986,1,27.66041269604505,27.57402299365128,1
1220,1221,0.0013922715443564358,1,27.853094097149206,27.9197262615801,1
1222,1226,-0.008568783838407916,4,27.983671723379757,27.771869361100528,4
1229,1231,0.0012126788103776886,2,27.623031909768045,27.684152807153176,2
1233,1235,-0.00403726860492061,2,27.763530818528594,27.67920551801173,2
1239,1241,-0.00047802286579107917,2,27.46566248142094,27.47999892921214,2
1242,1246,-0.0033194328155325176,4,27.554307697153796,27.490397331671737,4
1250,1252,-0.009194888273209741,2,26.886780727305226,26.66644656321867,2
1256,1257,-0.005230524911208578,1,26.507484651091687,26.395344076941765,1
1262,1270,0.015496211933143666,8,26.70150826646397,27.14198200576215,8
1275,1277,-0.004871121624329626,2,26.677947997112742,26.574674415728378,2
1278,1280,-0.00027083296030148984,2,26.53401042820505,26.553358154040314,2
1281,1282,-0.005310105553212136,1,26.52227026317417,26.40795647882907,1
1283,1286,-0.011981762002968823,3,26.242072106246166,25.953887915910624,3
1289,1294,-0.0014298710147395933,5,26.079766969709034,26.068556033817593,5
1296,1300,-0.0004625934359054106,4,25.93629756836804,25.950235904929592,4
1301,1302,-0.007141472331210497,1,25.888869021834957,25.729873249051025,1
1307,1310,0.01230956963516866,3,25.349745133310932,25.687139331396512,3
1312,1316,0.02073115539425946,4,25.95379830434623,26.517804328369245,4
1317,1326,-0.043095498319507625,9,26.418600076713933,25.306495941580877,9
1328,1330,0.006808834656103326,2,25.320142536742647,25.51786334328104,2
1331,1335,0.012435207421143082,4,25.656044339743556,26.000738617054054,4
1336,1340,0.004154803218711655,4,26.127500261317053,26.26218238376098,4
1343,1345,-0.0027268379371632105,2,26.441288983210132,26.39562916228643,2
1348,1352,-0.015172498340472497,4,26.357862947280832,25.984306178402093,4
1354,1357,-0.0018574439965413228,3,25.682089860391375,25.660068906621948,3
1359,1360,-0.00020344062867351726,1,25.755354378039193,25.775870046930855,1
1362,1364,-0.004846692054562191,2,25.905649852114305,25.805998794659907,2
1366,1375,0.030202522336584322,9,25.859915867662966,26.66681047014591,9
1376,1378,-0.004980368918028436,2,26.732929648093325,26.626522725834214,2
1380,1381,0.0013276976262624317,1,26.547170185121015,26.608963970144906,1
1383,1384,-0.0044130805750298195,1,26.7525641258576,26.661255468907395,1
1386,1388,-0.006808334338312414,2,26.598014995343547,26.443524831515145,2
1389,1391,0.0032057938108973737,2,26.54361584318431,26.65525281841641,2
1396,1397,0.0005705577143541849,1,27.203029656714797,27.245753584795956,1
1400,1404,0.004574558180153412,4,27.308724038139477,27.46095810911584,4
1405,1406,-0.0036535240042891728,1,27.437019643171524,27.364214852942215,1
1408,1409,-0.005370677723023302,1,27.295790277988292,27.176489175487973,1
1413,1415,0.0021773313591631352,2,26.950534131306767,27.036164908548365,2
1417,1418,-0.004320939046588715,1,27.14008707057182,27.04995649569134,1
1419,1423,0.005974563976182839,4,27.017494435775255,27.205929679193734,4
1428,1429,-0.002159203784723736,1,27.90539238922593,27.87304435275414,1
1430,1437,-0.00211533406595447,7,27.87608553019051,27.84499438237323,7
1438,1439,-0.0003143038394469158,1,27.85560081468993,27.87470129321846,1
1440,1441,-0.003360905494543393,1,27.992547879915215,27.926460119819254,1
1444,1445,-0.0011790348122699885,1,28.02231177739739,28.017294808068954,1
1448,1451,-0.003386003424191849,3,27.617676281046577,27.55178041087178,3
1452,1453,0.0023700911720652812,1,27.647347280356193,27.740521361356745,1
1455,1459,-0.018115389329470846,4,27.92429812326783,27.446362889135887,4
1461,1469,-0.014912329003786303,8,27.40731836808323,27.026018737834942,8
1473,1476,-0.020129318295605107,3,27.076043421957543,26.558097169153292,3
1477,1479,-0.006943682466024439,2,26.483398542408608,26.325989630851357,2
1480,1483,-0.022840640703798848,3,26.46470415870833,25.88669806384565,3
1484,1487,0.004680624779724414,3,25.8967646368542,26.043874439765005,3
1489,1490,-0.003175732504889438,1,26.037033347585982,25.98038372780075,1
1491,1497,-0.018995998916448948,6,25.929144274743336,25.462523422470607,6
1498,1499,0.0013295336548531608,1,25.56038694928059,25.61993073091001,1
1501,1502,0.0030828945535910455,1,25.63569247028174,25.740360299446188,1
1503,1509,0.0006143087710768227,6,25.774472676668157,25.816080633979983,6
1510,1514,-0.004695876959565014,4,25.8068365716831,25.711457678998556,4
1515,1516,-0.0020316254992970356,1,25.851414230098754,25.824745251986094,1
1517,1518,-0.0018311123039697727,1,25.72290805193423,25.701529426558384,1
1521,1522,0.0011709128605873372,1,25.762442250060634,25.81837026726143,1
1528,1529,-0.003935809062920453,1,25.651680368760843,25.576371933055096,1
1531,1532,-0.001070398967147948,1,25.376810625306604,25.375024124049073,1
1534,1535,-0.002661038355991705,1,25.340462085587312,25.298370606104598,1
1536,1538,-0.0014092948297543244,2,25.281219234894564,25.270871762571836,2
1540,1544,0.00848160637860049,4,25.504364953127816,25.746187302549547,4
1545,1547,-0.0007607794443237895,2,25.73008886999672,25.7362440361538,2
1555,1558,-0.00846703272176078,3,25.865579349690886,25.672440222319445,3
1559,1565,0.008691604495527385,6,25.692973937889438,25.941980079609355,6
1569,1571,-0.0006555264824202539,2,26.26662416761963,26.275672324041594,2
1572,1574,0.00019396560087517724,2,26.399224299195474,26.4307440648985,2
1575,1576,-0.0009035624575090675,1,26.45124061140339,26.45379150404379,1
1577,1582,-0.02605313297627079,5,26.541415365395558,25.876469756867866,5
1586,1598,-0.00045961875622440446,12,25.984639384121184,25.998680995870636,12
1600,1602,0.004013886621371921,2,25.981751423571282,26.112020979433737,2
1604,1610,-0.029920262318637966,6,26.26555318969821,25.505946501508,6
1611,1612,-0.002894758374998528,1,25.33810325274829,25.290093669403568,1
1615,1616,0.00144954673164577,1,25.35283006525708,25.4149330072814,1
1617,1618,-0.0005744751029192655,1,25.545474476197917,25.55634471159528,1
1622,1630,-0.024024059148781314,8,25.553364361144094,24.965022188642752,8
1631,1632,-0.0069983036340172345,1,24.859452399320173,24.710337855653652,1
1634,1638,-0.02370670140999039,4,24.237190835032408,23.68684417972437,4
1641,1645,-0.043597775428722216,4,23.29785919031892,22.305422216559723,4
1646,1650,0.07989549986795302,4,22.007310072248515,23.787602421292096,4
1651,1652,0.00809401627297391,1,23.95853540593615,24.176414716794355,1
1655,1662,0.10557869382115997,7,24.427818379541424,27.031303355333474,7
1663,1665,0.012144683308975134,2,27.186711859349867,27.54407257695338,2
1667,1670,-0.03347732233181372,3,27.57363517277961,26.67811733541341,3
1675,1677,-0.02067612541432609,2,26.640950243834798,26.116759565680283,2
1680,1683,0.016293172256449093,3,25.90256863750518,26.350506218838053,3
1687,1688,-7.963183348937283e-05,1,26.499465644858727,26.523854909467797,1
1689,1690,0.0062081159011423874,1,26.756147116635812,26.94900852612054,1
1694,1695,0.005921242602087621,1,27.73569389740978,27.927659363610996,1
1699,1700,-0.0028366548753725462,1,27.834966344745514,27.783843118102606,1
1702,1705,0.016180940182195534,3,27.702549990213544,28.178505844489685,3
1708,1714,0.027965427469911035,6,29.796492599526985,30.659560744776325,6
1715,1716,-0.004446583326620382,1,30.85668670675238,30.75033656483414,1
1717,1719,0.00016702497656392585,2,30.430548225792037,30.46606143562207,2
1720,1727,0.046087108661598306,7,30.808769538806768,32.2594654178107,7
1728,1729,-0.001092292809307999,1,31.91381623676056,31.91087082100433,1
1736,1738,0.010104035749933963,2,30.932871186502442,31.276350894005468,2
1739,1741,-0.007148253988112701,2,31.10766806219991,30.916410217975603,2
1743,1746,-0.030701746205571777,3,31.401436647745385,30.46875914594371,3
1747,1753,-0.000400101877143913,6,30.463544375341847,30.481819398428158,6
1755,1758,-0.0012015782337606576,3,30.475858815853147,30.46971554606071,3
1761,1762,0.004240216476833194,1,31.282304183580834,31.446230229396942,1
1763,1765,-0.014959904556399478,2,31.328079924869577,30.890742919183143,2
1771,1772,0.027226336630590323,1,32.533128155403666,33.451419182364226,1
1773,1774,0.006445146508159527,1,33.88027384550423,34.13251744802057,1
1775,1776,-0.011311458805764917,1,33.84605314185901,33.497050959149,1
1777,1787,-0.04736924176606173,10,33.48353917839795,31.930932855051413,10
1790,1793,0.04370623393324736,3,31.11802742014114,32.509197233527175,3
1795,1796,0.01455189489185179,1,32.664318384305226,33.17231043053192,1
1802,1803,0.0006914406696972779,1,35.001871599063655,35.06107518820183,1
1806,1807,-0.011522124448320608,1,34.684445959221655,34.319491902417674,1
1809,1810,-0.009939624517647856,1,33.85817907067452,33.5554996629314,1
1813,1820,-0.029167538857795897,7,33.157152301782645,32.223196925908326,7
1821,1829,-0.034796061719812595,8,31.785964730228006,30.711724304381434,8
1830,1833,0.029133003441853322,3,30.588224742425595,31.50993982386929,3
1835,1840,-0.057840972526000387,5,31.81000752118624,30.001895757622627,5
1841,1844,-0.003775568004027874,3,29.942916854037037,29.859808252069705,3
1845,1846,0.008980309412749684,1,29.92410703643206,30.22275888355589,1
1850,1856,0.02152927100712245,6,30.368786487467233,31.05297310840082,6
1857,1860,-0.009067944521761292,3,30.989139789860115,30.739121129258418,3
1862,1866,-0.004231750358599778,4,30.792946359504473,30.6934312440648,4
1867,1869,-0.0036971649079262097,2,30.525586011557966,30.44325347217371,2
1876,1879,0.011283637346817602,3,29.491042934762213,29.85330021115226,3
1882,1884,-0.0063465235104467705,2,30.518078343094874,30.35491271973986,2
1885,1891,0.029921253197091366,6,30.308973663450274,31.246165112241794,6
1892,1896,0.007951753007248135,4,31.697932888553744,31.981684954612405,4
1897,1899,-0.007312849885102656,2,31.89322166579448,31.691884545066017,2
1900,1902,0.002624359613070398,2,31.736310830989627,31.851334634233314,2
1903,1904,-0.0036582240783940884,1,31.958260005951278,31.87330778969988,1
1909,1910,-0.006293575741784793,1,31.73373336456215,31.565748443427236,1
1913,1914,0.0043261423447266845,1,31.04498252564178,31.210332521662902,1
1915,1916,0.0021504281189253568,1,31.391441776469698,31.490338257335896,1
1917,1921,0.03128799670422514,4,31.502241391788253,32.51938565802202,4
1924,1925,-0.014684682261588231,1,33.171718608729584,32.717774179498306,1
1927,1928,-0.0017952618781015227,1,32.59655408871041,32.57063129188619,1
1929,1931,-0.000759485887891123,2,32.52659277934241,32.53441588392466,2
1934,1936,-0.0076974238677407275,2,32.431747336880115,32.21453817819356,2
1937,1943,-0.021302475800788097,6,32.11972047607573,31.467610628382122,6
1944,1948,-0.006088295160883343,4,31.534351728363482,31.373895639062457,4
1951,1959,0.010542528480220716,8,30.93967314896566,31.296795207456316,8
1960,1961,0.007123003211920898,1,31.717868266703835,31.975512612509554,1
1963,1969,0.037652936122380264,6,33.03744521842294,34.31443947809728,6
1970,1976,-0.014919523750282965,6,34.28290701636861,33.805705277925526,6
1979,1980,-0.004844382609482261,1,33.84879764029915,33.7186699112989,1
1981,1984,-0.015402808520752341,3,33.717900248635296,33.232267787632374,3
1988,1989,0.002449408606372735,1,33.43889130787458,33.55423570733952,1
1990,1991,-0.0011327821536363978,1,33.27277440365105,33.268356373008274,1
1995,1997,-0.0015674230298313168,2,33.822425016175934,33.80323339329701,2
1998,2000,-0.019607940852511104,2,33.798790096691,33.169864209685336,2
678,692,-0.007026781424567638,14,26.751997616654744,26.590769174348612,14
694,697,0.008987352423975012,3,26.836154990266937,27.10417712785915,3
698,703,0.0005200373610840501,5,27.13300342521746,27.174246604142212,5
705,708,0.008279122159846965,3,27.510293450019514,27.765564823595483,3
709,713,-0.015880121471556125,4,27.73794540748674,27.325201410451946,4
714,715,-0.008990263686434442,1,27.488318983956162,27.26868006697753,1
716,722,-0.008561843568909159,6,27.038136932044775,26.833678770169907,6
725,727,-0.006899694418411868,2,26.487822497473726,26.331552438929496,2
730,732,-0.007148704514627943,2,26.076859082856245,25.91652018168617,2
734,740,0.006072244181040888,6,26.15317467599256,26.338136313410594,6
741,742,-0.0062119995470177715,1,26.280725867021832,26.143750735707616,1
746,749,-0.002834161787993279,3,26.407226238901444,26.358791113607158,3
752,754,-0.002662519816112113,2,26.263198384951217,26.21953529720175,2
756,757,-0.004219708990105657,1,26.367470740904803,26.282575158313964,1
759,765,0.018441490981508858,6,26.459893651236023,26.97431343502821,6
767,775,0.00613580131545999,8,27.009895927165832,27.20263317805334,8
776,778,0.00890777753921216,2,27.213573538152463,27.48319957081547,2
780,781,-0.003906718312287716,1,27.774402533068344,27.693670168612623,1
782,783,-0.001377090613158612,1,27.816385632417667,27.805896334503682,1
784,787,0.011126545057294716,3,27.903292097348693,28.241662626214048,3
789,794,-0.02018619278855738,5,28.18003384710598,27.639366284927334,5
796,797,0.00350884637069892,1,27.678374379912437,27.80317191778215,1
800,802,-0.0009560039559127485,2,28.123512453272973,28.124749776566755,2
803,804,0.007167644565176636,1,28.19674337501382,28.427044352796432,1
809,810,0.001262334277609105,1,28.60889886008832,28.67362175262415,1
813,816,-0.0027868076305314184,3,28.58945586081037,28.538372002925534,3
817,818,-0.002341743346783294,1,28.447127368771316,28.40895862488917,1
819,820,0.0005330294650691886,1,28.41770962220607,28.46127480838669,1
823,824,0.004833936220725481,1,28.502870916069977,28.6691548471019,1
825,827,-0.005072665769496364,2,28.582531870117283,28.466124770964317,2
831,844,0.020031489115599713,13,28.06196881286925,28.652153804519408,13
845,846,-0.0017890402337019684,1,28.623022113613395,28.600437397555613,1
847,850,-0.013231253536597876,3,28.6233002181873,28.273201376164494,3
851,854,-0.004729916041791946,3,28.228331773678548,28.12304246616288,3
856,858,-0.007818256209173147,2,28.166676854304814,27.974629234951177,2
859,862,-0.002551260903733225,3,27.865144216015292,27.8219181072161,3
864,867,-0.006498153117060062,3,27.904112978200747,27.750691892450856,3
868,869,-0.0026225233342165185,1,27.700993856751367,27.6560483478378,1
872,880,-0.025482051857015773,8,27.93304953204157,27.249191164873537,8
881,886,-0.0021624463838028412,5,27.176096910090685,27.144506154511674,5
893,895,0.0010318914641540022,2,27.043149585313994,27.098098330120234,2
897,899,-0.005186725201165528,2,27.37755152108876,27.26292923618921,2
901,913,0.015490333161591402,12,27.408860441395237,27.860841681653408,12
914,915,-0.004844300257855774,1,27.712862038655537,27.606325475974412,1
916,917,-0.007401378267154618,1,27.493058099354982,27.317064634740152,1
919,920,-0.004329127832530862,1,27.364949061791673,27.273847648234273,1
923,924,-0.0045991399109210655,1,27.174415256166544,27.076610733662132,1
925,928,0.004082697806467454,3,27.048464871688505,27.18594404476015,3
931,932,-0.004671130653873555,1,27.284095176949602,27.1839316987823,1
938,941,-0.008387407313541383,3,27.219270152602505,27.01819031720791,3
944,945,-0.005318754408138689,1,26.635530245938696,26.520497932275937,1
946,950,0.012003422818045353,4,26.376733660350865,26.719721480695377,4
951,952,-0.002941217455551109,1,26.70916355610088,26.657315261582607,1
953,954,-0.0020807591273328922,1,26.638694184310847,26.609904172430923,1
955,956,0.003314069580622061,1,26.60356189050957,26.718331507597615,1
958,960,-0.001975371303955561,2,26.82083532373676,26.79467505061387,2
961,962,-0.003685053439701979,1,26.76746882291049,26.69559673867542,1
963,966,-0.009976936653264781,3,26.64553625515404,26.40634096409925,3
970,971,-0.005206254022708917,1,26.3711994532731,26.26027548948911,1
974,976,-0.0009664682492037891,2,26.176199232995,26.177076966784472,2
978,983,-0.012320484317551741,5,26.157896658868033,25.86177659996118,5
985,988,0.008753987709263122,3,25.761250533057304,26.012525454131993,3
990,996,-0.00020132512619818594,6,26.21129217912635,26.232226479599696,6
997,998,-0.0025093786073663938,1,26.296882290652018,26.257190339082076,1
999,1000,-0.004226130790268869,1,26.242873147792434,26.15821020670522,1
1001,1007,-0.005405434378595285,6,26.149538276144476,26.034338201238356,6
1012,1013,0.0039448914340011534,1,26.37941330156668,26.509856636435572,1
1017,1018,0.00203461969198532,1,26.92264303796748,27.004343020690786,1
1022,1026,7.788917491829668e-05,4,27.60293897729019,27.63269188640974,4
1028,1033,0.016111520908251544,5,27.603749152135872,28.076091282898776,5
1036,1038,0.004170362193846172,2,28.255457225342035,28.40154817314978,2
1041,1044,-0.0022345531849341407,3,28.433030056316124,28.39792796850277,3
1048,1051,-0.011052799235520498,3,28.06383987741869,27.781719729353206,3
1056,1057,0.00394708979078217,1,28.06941042287653,28.208272316612817,1
1058,1061,0.024587392853974908,3,28.343955758647724,29.069203689679927,3
1062,1064,-0.0010715066184697401,2,29.409874360918927,29.407771360253758,2
1066,1067,-0.003261774339057861,1,29.33818247905624,29.271826130770513,1
1071,1072,-0.007501413558855066,1,28.918426202203392,28.730415553991637,1
1073,1074,-0.003628480688894671,1,28.735727190909902,28.66019588690725,1
1086,1087,-0.0073067994071826904,1,28.583829652337734,28.40355717243136,1
1088,1089,-0.001967771222277982,1,28.44505661134415,28.417528304139623,1
1090,1091,-0.001524860414171719,1,28.51537685330364,28.50041026079815,1
1095,1097,-0.006385637786296243,2,28.038985084352838,27.88797726679315,2
1099,1100,-0.0011941918827816362,1,27.78623956402995,27.78084370185359,1
1102,1108,0.008409215358095565,6,27.900209191575893,28.162728268395348,6
1109,1117,-0.04142464002786962,8,28.22867454703934,27.08754054001139,8
1119,1122,0.007779257008128484,3,27.201577546522543,27.44038718683,3
1123,1125,0.002277973976917516,2,27.4881981300229,27.57830372816547,2
1127,1128,0.0023240428503451477,1,27.568973248295936,27.66061369671329,1
1134,1135,0.0018259066026598738,1,27.546996028287015,27.624841266246797,1
1136,1138,0.005244548201828361,2,27.640775014490725,27.813379166404605,2
1141,1143,0.004911195688128144,2,27.92834608749707,28.093436006466032,2
1148,1151,0.0033520433021284072,3,28.455395426444912,28.579234539519987,3
1157,1158,-0.00884195128438343,1,28.637808890231078,28.413232588022403,1
1159,1166,-0.017731411546014143,7,28.41715331257668,27.94169422553778,7
1174,1179,-0.022125939087805514,5,27.512868862084915,26.931633670373728,5
1186,1188,0.0001739419909493195,2,26.74222725196733,26.773621075469922,2
1190,1193,0.004078392833243211,3,26.99204247343122,27.12911866848289,3
1202,1204,0.0017830500177677968,2,26.936280646825953,27.0112456631587,2
1205,1209,0.008111794270267318,4,27.01654179870228,27.262710969466134,4
1211,1213,0.003107028502929817,2,27.55240956085569,27.66556809224652,2
1218,1219,0.0010564998226101543,1,27.643923159880103,27.700772882954645,1
1221,1222,0.0005435180975033975,1,27.91797005988936,27.961061951922357,1
1227,1234,0.003866654791905815,7,27.634583031356907,27.76907100728878,7
1240,1246,0.0025792380000954564,6,27.4160034583724,27.514131859761356,6
1251,1252,-0.005550483381228426,1,26.77242916679502,26.650601672796405,1
1253,1254,-0.0005060206558323113,1,26.574327126492193,26.587454295177835,1
1255,1259,-0.009128265739233046,4,26.573007199430055,26.357014735422535,4
1262,1266,0.004471302504963834,4,26.667847898339573,26.813755761347753,4
1268,1271,-0.003765057972185079,3,27.035831917441087,26.96107627486311,3
1272,1275,-0.011171938060846945,3,26.906576157130715,26.63288413103092,3
1277,1280,0.0015410074325414034,3,26.50312723784675,26.57047188114371,3
1282,1283,-0.008219390575582712,1,26.37686653626014,26.186441634574862,1
1285,1290,0.0039154209124538965,5,25.98588525915072,26.113616822982177,5
1293,1298,-0.006773713077716437,5,26.182299585684078,26.031130500161524,5
1301,1302,-0.00729504909806104,1,25.831104143986284,25.668496075142762,1
1303,1308,-0.0001408324131124929,5,25.48988171506211,25.51178179522529,5
1309,1312,0.013018103129435615,3,25.59144995882521,25.95019354357981,3
1313,1314,0.00376908334577311,1,26.149589607576935,26.274299179873232,1
1317,1318,-0.015084181862250301,1,26.376117719017536,26.00463168024277,1
1321,1327,-0.014279616017160494,6,25.707297543183277,25.36591450297091,6
1328,1329,0.0013147935753551883,1,25.365143502763637,25.423858573981796,1
1332,1337,0.011044349454383925,5,25.824865328493857,26.13590903112264,5
1339,1341,0.0028058895507960028,2,26.182679877369477,26.282328265126594,2
1343,1344,-0.0013066138223835472,1,26.43771866533452,26.42961249535944,1
1347,1349,-0.0034762178988009033,2,26.372684207251996,26.307379694578575,2
1351,1352,-0.0077537493882220915,1,26.148083025737446,25.97148542599919,1
1355,1358,0.003562469539342173,3,25.635521196789817,25.75248248137533,3
1360,1362,0.00048416653775440596,2,25.843071764135985,25.8814271864811,2
1365,1366,-0.0025271251460916876,1,25.8618273913683,25.82233314443506,1
1367,1368,0.0008747165425216715,1,25.972987026570106,26.021679015007518,1
1370,1372,0.006707263054353414,2,26.141341804021195,26.342820001898552,2
1374,1375,0.00020543218043985985,1,26.67055196644894,26.70270150805939,1
1376,1378,-0.005945147317939468,2,26.769184139144127,26.63680657999501,2
1379,1382,0.0026660953297702964,3,26.58809025037328,26.685564723867685,3
1384,1386,-0.004165990030851399,2,26.65170496046784,26.567325928257805,2
1387,1392,0.012947594330326339,5,26.478070996735525,26.84737638964757,5
1395,1399,-0.0008198262922345463,4,27.275920590022945,27.280834993768366,4
1401,1406,0.0022777605365082378,5,27.334767638521356,27.424364461161524,5
1414,1419,-0.00014454921863599538,5,26.932301456482215,26.955340714807093,5
1420,1421,-0.0022387210499640593,1,26.930891125428918,26.89753126369756,1
1422,1427,0.02266975941272107,5,27.116101240332252,27.757932832901904,5
1434,1441,-0.00030088067093738736,7,27.965261527323843,27.984812582199886,7
1442,1443,5.6655767498580605e-05,1,27.99093177481513,28.02050855431265,1
1444,1445,-0.002664440058095522,1,28.037587083202133,27.99092020012851,1
1446,1448,-0.009169765744193526,2,27.80908012877404,27.581886458560447,2
1449,1464,-0.02339891446013828,15,27.635826650515337,27.016814133335235,15
1466,1476,-0.014315790084185952,10,26.96146089716974,26.60244774350004,10
1477,1478,-0.007851412936312401,1,26.466202943991263,26.284872058765732,1
1480,1482,-0.017035896648284386,2,26.5018230288303,26.076842533748856,2
1485,1488,0.0013849106006713118,3,25.913455957954405,25.97525723376856,3
1489,1493,-0.015065930679081213,4,26.071748443016734,25.705025036734817,4
1494,1496,-0.007271757352001596,2,25.58180564735625,25.42136276970997,2
1497,1501,0.004643335575386339,4,25.47406028707385,25.61781895774143,4
1502,1504,0.0014332984332153533,2,25.703800517714136,25.76634553524157,2
1505,1507,-0.0026053235713694705,2,25.689616392374514,25.648376245640396,2
1515,1517,-0.00910866740156754,2,25.87262537264615,25.662832858694006,2
1518,1521,0.0010313116042004996,3,25.69372626823191,25.74591823255572,3
1523,1524,0.00028494666863869054,1,25.853732498755484,25.886953166201636,1
1525,1529,-0.016595210619526287,4,25.95900035861574,25.55416428055077,4
1530,1536,-0.010903115011503747,6,25.525024039747255,25.27224679101024,6
1539,1541,0.004168163298734999,2,25.39809128769942,25.529352770950428,2
1542,1550,0.0013260077961085226,8,25.670176861459446,25.729885892966685,8
1551,1552,-0.0010906629472132855,1,25.804480955233657,25.802141444938947,1
1554,1568,0.00807371969193444,14,25.934382415811093,26.169703732235597,14
1579,1582,-0.019660428920468057,3,26.360484093085326,25.868586153357178,3
1585,1587,0.0031260884104595673,2,25.9061175216679,26.013008452934056,2
1588,1589,0.0008604636291852949,1,26.100326879462738,26.148885588331826,1
1590,1592,0.0018484735980685198,2,26.304970910422337,26.379899925558636,2
1595,1597,-0.010113015038502503,2,26.40644101003054,26.165798715992803,2
1601,1605,0.004753477790964162,4,26.030595278485126,26.180361730305467,4
1606,1608,-0.014058693327498713,2,26.088475207317487,25.747793810203074,2
1609,1613,-0.01362495992396634,4,25.62750766289193,25.30396140569678,4
1617,1618,-0.001214487048678751,1,25.52488215793001,25.51940740128808,1
1621,1622,-0.0030726774333931614,1,25.61132605876442,25.558242041203144,1
1623,1624,-0.004876964223944277,1,25.550502919063785,25.45144453334279,1
1629,1630,-0.006873896187402214,1,25.088636914562514,24.941268865842947,1
1634,1638,-0.021712419121353865,4,24.23416221601644,23.73221409114343,4
1640,1641,-0.006736387075902159,1,23.413056462768406,23.278750108268014,1
1644,1648,0.005434008838723253,4,22.66942567276258,22.815280957909913,4
1652,1653,0.0040967345009000665,1,24.140599787752063,24.26363801556272,1
1656,1665,0.1137921161736492,9,24.655305068818134,27.485539712574667,9
1669,1671,0.003692539111035607,2,26.874629580563596,27.000739830964985,2
1676,1678,-0.02595574870610237,2,26.43952599248178,25.779707825904943,2
1680,1682,0.011623652222082437,2,25.910701504589426,26.23778918921355,2
1685,1687,-0.0014920880255352366,2,26.532975835362667,26.51991927567227,2
1688,1689,0.0033615154085204647,1,26.57349896812013,26.68939969332789,1
1694,1695,0.0064676201696878205,1,27.72955792182664,27.9366317278602,1
1697,1699,-0.011760266036254685,2,28.11381735179605,27.811305197796052,2
1702,1709,0.08626965984666916,7,27.64824018897026,30.061092705620702,7
1711,1717,0.0019134374656806282,6,30.258412435670987,30.346568428113088,6
1718,1719,0.0034760848696731546,1,30.30757969040856,30.44323898929721,1
1725,1730,-0.01608838829085835,5,32.42203744861634,31.932841158410863,5
1731,1733,-0.017040067385375564,2,31.716869787399197,31.208129058756132,2
1742,1744,-0.002068685081095583,2,31.192228263213558,31.158893594222533,2
1747,1750,-0.008412175249743387,3,30.401993350566254,30.176648447910324,3
1753,1754,-0.002486047487438793,1,30.52185881707859,30.47650188547151,1
1755,1758,-0.00025521112676624765,3,30.45894031090433,30.481625790738384,3
1759,1760,0.0060912137266799825,1,30.754365361416642,30.97245113922285,1
1763,1770,0.0021086365945855554,7,31.296007101583346,31.393295014523737,7
1772,1775,0.009208207563130035,3,33.50981526013387,33.85189040971146,3
1777,1778,0.006357793237699935,1,33.4349398696589,33.68094724413478,1
1783,1784,-0.019152374079794764,1,34.00998733384459,33.39262532131156,1
1787,1790,-0.02703114323623098,3,31.935512409812436,31.104194511950176,3
1793,1795,0.0012970348534748041,2,32.551692747461594,32.626465120242116,2
1796,1799,0.056759475970669625,3,33.18491835153665,35.10166184565087,3
1800,1803,-0.0016027167616308117,3,35.11192143930043,35.0907588957159,3
1805,1807,-0.014094681964931008,2,34.89169758612064,34.43480190301384,2
1809,1810,-0.008206582255404164,1,33.886241411973394,33.642037425911525,1
1811,1815,0.0031370294147328353,4,33.393891763587945,33.53204327608631,4
1823,1824,-0.01346486655386437,1,31.33487085453524,30.944285870850884,1
1828,1830,0.0005371188672164851,2,30.46790978899683,30.514742587978148,2
1831,1832,0.012938347806858774,1,30.799654860053778,31.228951161824416,1
1835,1836,-0.008829953997009952,1,31.824297785629522,31.575114997980897,1
1846,1853,-0.0006369143747784968,7,30.18975892874046,30.200720396236388,7
1857,1861,-0.004595599215747693,4,31.02685357764796,30.91529344725705,4
1863,1868,-0.018902732955792225,5,30.910824717671836,30.357436477308056,5
1869,1870,-0.006607169978610477,1,30.48619694383248,30.315255655567015,1
1871,1872,-0.009465218353982861,1,30.161633027802186,29.90630821830914,1
1875,1881,0.02288501245241544,6,29.569562879655187,30.275832257248233,6
1883,1884,-0.00762722676375807,1,30.5341671552041,30.331810305424067,1
1885,1888,0.02215221784741051,3,30.32615044966931,31.0282680913534,3
1890,1892,0.009612318568769603,2,31.325311703793176,31.657745890859836,2
1898,1899,-0.003941571221106206,1,31.759144392020907,31.665722606870382,1
1910,1911,-0.005146485896610658,1,31.594378355095504,31.46337271083392,1
1915,1916,0.0006090499972564673,1,31.443837709956334,31.494432416937272,1
1918,1924,0.05262154087094527,6,31.42693337019502,33.112093962353406,6
1929,1931,-0.0020233232623794173,2,32.63345359970523,32.60005902750487,2
1936,1937,-0.006726905550482767,1,32.26398770140648,32.079214891158585,1
1940,1944,-0.005796008887787887,4,31.626381538629147,31.47470113168131,4
1948,1950,-0.009377174017332499,2,31.455487875758102,31.191979780022784,2
1951,1953,-0.010558576875046518,2,30.97887125053467,30.682757328184266,2
1956,1958,0.006648207682470897,2,30.640789515713216,30.875136637484268,2
1960,1961,0.006887668440990557,1,31.714454636874734,31.964607739837238,1
1970,1973,-0.0007697180862280767,3,34.26926339417295,34.27715498573092,3
1974,1977,-0.008240233779714192,3,34.08228818001593,33.835524445845024,3
1982,1987,-0.009927358577419016,5,33.633613529830484,33.333354201595355,5
1990,1993,0.0029214619662390126,3,33.307856152741635,33.43847164382157,3
1999,2000,0.0003034591072996573,1,33.24699546720757,33.29033156623965,1
672,673,-0.0015125956550071963,1,27.02472264556749,27.010869890161597,1
674,676,-0.006636127218850022,2,27.12252848484531,26.96966246380784,2
677,683,-0.024438991366972373,6,26.883009454019422,26.252898827508425,6
685,687,-0.0026623192763887394,2,26.161802983192285,26.11831371378824,2
691,694,0.009710523590183009,3,26.474595514639617,26.758152294439718,3
695,697,0.00563011753981253,2,26.85914163518201,27.03722090124174,2
699,705,0.011579379852753143,6,27.133493185275036,27.4748157027847,6
706,707,0.0021773714817162945,1,27.566883080569426,27.654473308709434,1
712,715,-0.005604842971553758,3,27.346928915684522,27.221000602273552,3
718,724,-0.009825512338277258,6,26.79969431755034,26.56317328468874,6
725,727,-0.006647053321398475,2,26.463318855475514,26.313879082837474,2
731,732,-0.0015225464905082586,1,25.982531147691226,25.96895406722548,1
736,741,-0.011667431107653677,5,26.490603508414814,26.20801682048863,5
742,743,-0.001549326962363466,1,26.245854833508798,26.231437277798474,1
749,750,-0.002873303576522033,1,26.356238554874903,26.306865318926388,1
752,754,-0.004276234969875698,2,26.32989638919465,26.243633461891168,2
755,758,-7.027526364089954e-05,3,26.30744467203196,26.331903354093946,3
762,763,0.003192016764600324,1,26.80320911824347,26.915568620212234,1
767,769,-0.0037256662697426448,2,26.98603471294829,26.9124797883771,2
771,774,0.0006704920722996547,3,27.143380826676783,27.188723629163157,3
777,779,0.010566218953826131,2,27.2454547632845,27.560581658573213,2
786,789,-0.00190012460395821,3,28.205313692017352,28.179925395200808,3
790,791,-0.005780116763959663,1,27.95638598298078,27.822751193683807,1
792,793,-0.002965154110863573,1,27.801765348601208,27.74713059513714,1
801,810,0.017780803429178663,9,28.056834103202984,28.583763989340316,9
818,820,-0.002853148577618804,2,28.493873371782225,28.441069990872457,2
829,832,-0.015327642892882881,3,28.339018511768515,27.9329871745971,3
834,835,0.0038219297915953908,1,28.02298650567186,28.158111379153034,1
836,837,0.0019020194833821134,1,28.328608055824162,28.41081822833926,1
845,849,-0.008809898716524678,4,28.629540940845768,28.405947125797166,4
850,851,-0.0028250476907521176,1,28.297442664510065,28.24579848212101,1
854,855,0.00037455244599180013,1,28.151086854992485,28.189782000286343,1
858,860,-0.006229930182385205,2,27.9807796061392,27.834442082350385,2
863,864,0.004126365124510093,1,27.814181608209783,27.9567672587729,1
866,867,-0.001608317744408666,1,27.7211954939827,27.70433219886749,1
871,872,-0.001343652377687227,1,27.884651323322515,27.875068696594276,1
876,879,-0.012137981537338086,3,27.692487216209674,27.38404880487256,3
881,885,-0.004165480980783407,4,27.189560123858378,27.103492088410437,4
887,888,0.002550930189589099,1,27.175290717296093,27.271788277515,1
893,894,-0.005615304939091739,1,27.031185340591314,26.90642817737938,1
895,901,0.006805618473507016,6,27.15581116451846,27.367779065807294,6
902,903,0.0006611822460122531,1,27.40394971085243,27.44947266558271,1
905,906,-0.0009282910178448677,1,27.60683921889736,27.608818877238267,1
911,913,-0.002273797873576601,2,27.903920341176715,27.868376386781673,2
914,915,-0.006997263221685242,1,27.752779839249758,27.586339113420298,1
924,926,-0.0025322040001413025,2,27.06841996146012,27.026945620117665,2
927,928,0.0010095159021816665,1,27.163883474439587,27.218469730246483,1
929,930,0.002249696516035523,1,27.235794077145442,27.324302142269403,1
932,934,0.0010912844297056067,2,27.28846574874914,27.345533692280053,2
935,938,-0.007649577333739145,3,27.352158107062778,27.170277816485203,3
940,952,-0.017405207795421956,12,27.099233297177953,26.65466474384113,12
954,955,-0.00037141130462811785,1,26.612290757327816,26.629018942455822,1
957,960,0.002346414341708496,3,26.755819294207214,26.84535535161751,3
961,964,-0.011766431504760713,3,26.82204140770378,26.53326373606988,3
973,974,0.0008130589348923085,1,26.15975674941771,26.20718593012685,1
976,977,-0.002133030727986748,1,26.14129709943071,26.111678206547623,1
979,980,-0.00015574413956033983,1,26.113199309875487,26.135245531427678,1
987,989,0.005779193426053935,2,25.964340406122503,26.140357691915515,2
993,996,-0.006799317412950442,3,26.339459844631232,26.186708956506553,3
998,1005,-0.007607919532810387,7,26.27020923369899,26.096617804972613,7
1006,1007,-0.002819588805131173,1,26.09124389698397,26.04376856167707,1
1008,1010,0.005579969797439603,2,25.989814060654894,26.160826252215074,2
1012,1016,0.019246353016617694,4,26.34914364735431,26.882617711324215,4
1019,1020,0.00576563504323763,1,27.15974308889817,27.34349599850575,1
1021,1022,0.0032085094624588343,1,27.459066546202937,27.57462828759292,1
1025,1026,-0.005748122907359061,1,27.76343021231879,27.631606033340816,1
1027,1029,0.002072521767967002,2,27.551479450102836,27.636131970452972,2
1030,1032,0.004364253237002484,2,27.774430100409024,27.923419176981042,2
1033,1034,0.0006205498666808954,1,28.107489237934725,28.153038825871995,1
1036,1037,-0.0051820898978458515,1,28.327421582826336,28.208953759192777,1
1038,1039,0.0007125335138640537,1,28.424837583628083,28.47351607061619,1
1041,1042,0.0007779973759818007,1,28.410533150942243,28.461047004334862,1
1043,1044,-8.424552203219876e-05,1,28.43913175864483,28.465175020902326,1
1048,1052,-0.010067014375135002,4,28.05850957843391,27.804102668741386,4
1056,1058,0.0046518107105654755,2,28.106124701371947,28.26497519799165,2
1059,1060,0.006428215742078891,1,28.406727852839705,28.61773915585712,1
1067,1069,-0.0005566791428913165,2,29.275661222502222,29.288639733727805,2
1071,1072,-0.0065823124050497315,1,28.932093473932824,28.77058548962923,1
1077,1079,0.007385363541849293,2,28.80453602258715,29.046072528790837,2
1081,1082,-0.003585526006079627,1,29.24483019461725,29.169216925605685,1
1088,1090,0.0007090632237541671,2,28.447208337276173,28.495826414863885,2
1097,1099,-0.007165653109078637,2,27.92729171106772,27.75510171810123,2
1103,1106,-0.0027582962362740797,3,28.025093140459234,27.975816724669134,3
1109,1110,-0.0013939486003691115,1,28.273094029327492,28.261955883506534,1
1111,1116,-0.04083510353722504,5,28.216751556939666,27.09273433718482,5
1127,1129,0.0017707809743033,2,27.54424976750065,27.620568850707897,2
1142,1144,0.0062812238880317365,2,27.996367557329357,28.2002153775659,2
1146,1148,0.0042788626523639454,2,28.21747209298934,28.366428252565143,2
1149,1153,0.002010149107674314,4,28.57386812514123,28.65987972878093,4
1157,1159,-0.010623421315256336,2,28.60877456504288,28.33346027409028,2
1163,1168,-0.014845481016435652,5,28.184652959205735,27.794422881704225,5
1170,1171,-0.0037813695859090367,1,27.756787200688617,27.679585316966072,1
1173,1176,-0.016902235126113455,3,27.65009633735691,27.210398004140572,3
1177,1178,-0.006760197509560314,1,27.090561074414513,26.93451409198108,1
1180,1182,-0.010059581403838117,2,26.890930640688918,26.647310065524632,2
1183,1185,-0.003243061418742282,2,26.741134144204345,26.68115213791207,2
1188,1190,0.003262562763635587,2,26.827493221502376,26.941847095150038,2
1197,1198,-0.0019725434465172557,1,26.896627448696616,26.87046930993797,1
1200,1201,-0.0041696365867994875,1,26.910498180749755,26.82520168114705,1
1205,1207,-0.00015038097295466755,2,26.998150540912857,27.02108868330745,2
1209,1210,0.0023274598663269243,1,27.3405561979141,27.431530801385716,1
1212,1214,-0.005398599071786968,2,27.676280697951967,27.55454383536344,2
1216,1220,0.0075538763414951865,4,27.53572438246934,27.771261563810477,4
1223,1224,-0.0041511992554001745,1,28.079450985239255,27.990967040202523,1
1226,1229,-0.010026682552530058,3,27.804693202935617,27.553709063922227,3
1236,1240,-0.010061977675452041,4,27.641106917210834,27.390623823402287,4
1246,1248,-0.018491398381765004,2,27.49806394243669,27.017084351292283,2
1252,1253,-0.007437799965336598,1,26.715345077080368,26.543357029469185,1
1254,1256,-0.007303399970595815,2,26.600796187038018,26.433120729134817,2
1257,1258,-0.0037638982947532915,1,26.430147633257977,26.357097393284338,1
1262,1264,0.004086841525823424,2,26.715144653582417,26.85104036077464,2
1267,1268,0.0005655039229368337,1,26.985379033729938,27.02762475046918,1
1275,1276,-0.004718613096038823,1,26.656721800155037,26.557595765371516,1
1278,1279,-0.003651567662940827,1,26.542618767943456,26.47223921832861,1
1281,1283,-0.012272321308050657,2,26.53252233920488,26.233439222284332,2
1286,1287,-0.004514986722900986,1,26.03224196627557,25.940738981396766,1
1288,1289,0.0010445637204824334,1,26.077829727534194,26.13114751210403,1
1293,1294,-0.002230372502432852,1,26.127524680529866,26.095378092606307,1
1295,1297,-0.0015741982203334249,2,26.028866573494753,26.013920844630956,2
1303,1305,-0.0138555730755965,2,25.47746356495047,25.1499361703104,2
1309,1311,0.005224327953674615,2,25.626471381710807,25.785978943886033,2
1313,1318,-0.0058505612541371495,5,26.108217781563205,25.98157827197738,5
1322,1324,-0.005711590104201571,2,25.632503065973484,25.511733218181927,2
1330,1331,0.0033168962227981052,1,25.52952610113026,25.639734415926053,1
1333,1336,0.006602382480055665,3,25.889212497345916,26.086032192858177,3
1340,1343,0.006534637109385416,3,26.236927672752433,26.434613401631815,3
1344,1345,-0.002723355328690724,1,26.477804682410184,26.43217401661872,1
1347,1349,-0.0045563768091670285,2,26.387180840998887,26.293338082996662,2
1354,1355,-0.001967221363623216,1,25.66573976498957,25.64091531317568,1
1359,1360,-0.0004557100761163695,1,25.78062749103178,25.794659626806546,1
1364,1366,0.00041539157774181184,2,25.857521522133514,25.89412004031722,2
1367,1368,-0.00043077792977437904,1,26.01720071066023,26.032010275510228,1
1369,1370,0.000246968300627543,1,26.098358137481313,26.130901962777177,1
1371,1372,0.0012104009014848064,1,26.249791332290137,26.30781389471482,1
1375,1377,-0.0029190906058317078,2,26.719918686282718,26.668640741343285,2
1378,1381,-0.003359324281204833,3,26.624142882763355,26.561327895993784,3
1384,1390,-0.0022068226095133267,6,26.61435140654024,26.582232605525295,6
1391,1392,0.0013453573631628814,1,26.71996281144731,26.782630672970576,1
1398,1399,-0.003065500597201298,1,27.379204693878055,27.322652930231953,1
1403,1405,0.0009534824229738897,2,27.432954823069657,27.48654461812676,2
1406,1409,-0.006237003304729852,3,27.400679744912264,27.257182294536314,3
1412,1414,-0.005744283159396277,2,27.05433342050288,26.925980002067295,2
1415,1418,-0.0023895570512737956,3,27.093280504666176,27.055632845698778,3
1420,1421,-0.00031044123871501786,1,26.922040094847315,26.940604423466382,1
1426,1428,0.008754829328455012,2,27.629205476892253,27.89872366080015,2
1432,1433,-0.0020101005936573654,1,28.03154819753799,28.003233514062522,1
1434,1444,0.000972903329566743,10,27.964469780669987,28.01964097620984,10
1448,1449,-0.0020713626927442927,1,27.608329377185807,27.578750843082094,1
1454,1455,0.0025562688174647036,1,27.80047482600157,27.89934078773599,1
1463,1465,-0.00858638417695127,2,27.157308445200513,26.95128267012326,2
1466,1473,0.002273462330753652,7,26.998930580410708,27.087310562636315,7
1474,1475,-0.00856401056665667,1,26.979228695074482,26.775157524144692,1
1477,1480,-0.003198956593654892,3,26.482778102778077,26.424543623250674,3
1485,1490,0.006282017500971656,5,25.880587736063795,26.069050628893244,5
1491,1492,-0.003889618321933994,1,25.933036866498103,25.85810028802528,1
1493,1494,-0.006431824982642308,1,25.692982485694884,25.553422701550495,1
1495,1498,0.007579673801977486,3,25.322454192581947,25.539712589419818,3
1500,1501,-0.0035692991280061198,1,25.6909432554599,25.62493553735599,1
1505,1506,-0.003720200604827002,1,25.64753679752494,25.57777035241599,1
1509,1510,3.578704651894778e-05,1,25.769041836257305,25.795733075992505,1
1511,1512,-0.004110521723978985,1,25.749655499127023,25.669560636312013,1
1515,1516,-0.0009354210662003687,1,25.837113860528266,25.83878239379384,1
1522,1525,0.0004985495090566571,3,25.864610971786245,25.903370371859957,3
1529,1531,-0.008210363595291186,2,25.557991848477375,25.373709434484365,2
1533,1537,-0.004970013673995012,4,25.38677248394796,25.285986650048088,4
1538,1539,0.0031708017294209733,1,25.26824847876202,25.373637333216678,1
1544,1546,-0.0006305556266401463,2,25.787168056325683,25.796694980468978,2
1547,1551,0.0009769336534090167,4,25.778894797550407,25.829857962223375,4
1552,1558,-0.007805224520813139,6,25.90477446576985,25.72848665936926,6
1559,1562,0.0010017414427862517,3,25.743306581300864,25.794838024959006,3
1565,1566,0.0002266230169913441,1,25.95907794602413,25.990919948532596,1
1570,1573,0.001867107798835566,3,26.25119465125443,26.326459656167792,3
1576,1581,-0.018221999484657643,5,26.456273537046666,26.000643607825687,5
1585,1587,0.0034251966004223474,2,25.924102123594665,26.038821372180998,2
1589,1595,0.0043376600410193625,6,26.188733414442684,26.328519970313863,6
1596,1598,-0.011746764805700072,2,26.299861879545354,26.017223449503483,2
1603,1607,-0.014972016081638114,4,26.229454318487917,25.862975960937412,4
1608,1616,-0.01605336349758386,8,25.80382078270734,25.415386488838738,8
1623,1628,-0.016827798911422706,5,25.575470836455125,25.170667426990757,5
1637,1640,-0.017159097303499824,3,23.730006727736445,23.346551240010246,3
1641,1642,-0.008905445436652906,1,23.32535371546532,23.14095640437708,1
1649,1652,0.026520244117730588,3,23.49757223478661,24.144231158861945,3
1654,1655,0.003228995849245293,1,24.307668449837383,24.410465478816576,1
1656,1657,0.009993169469032129,1,24.629981437712956,24.90074299767685,1
1661,1662,0.015614830037071332,1,26.610395609628203,27.052522809901404,1
1663,1665,0.010480169819759702,2,27.199678228491457,27.51193515359736,2
1666,1667,-0.012662738800981135,1,27.843437231578434,27.518706495825022,1
1669,1671,0.004264905561366802,2,26.841129118873802,26.982445128845125,2
1672,1673,-0.009471814239345046,1,27.112175520583314,26.882486205948414,1
1677,1681,-0.007646647343693227,4,26.19120121471321,26.017117536731302,4
1683,1684,0.0007443343575871072,1,26.3590051154865,26.404984033741258,1
1686,1689,0.010277268606790173,3,26.43345532831486,26.731552504257856,3
1691,1696,0.032563789334539676,5,27.08308733497631,27.992098372816393,5
1698,1701,-0.008578875273947073,3,28.017194113956936,27.804855294241293,3
1702,1704,0.0038435389681381266,2,27.66345119625474,27.797440200116988,2
1705,1706,0.026429245940849905,1,28.131509260077568,28.903135346259532,1
1708,1709,0.007523821622233923,1,29.83246916600534,30.086755811727162,1
1711,1717,0.0001719649010426276,6,30.318397488105365,30.353929585817284,6
1720,1721,0.01775327152395421,1,30.810822650139833,31.388626373174304,1
1728,1735,-0.029219204784816818,7,31.832158212022755,30.933880020694996,7
1738,1739,-0.006572742730816119,1,31.27460061281744,31.100315309593185,1
1740,1744,0.0025807695512097524,4,31.04438316881174,31.15554595079871,4
1752,1759,0.008478494116875606,7,30.454082308640334,30.742741148637627,7
1764,1767,-0.027588672630575028,3,31.164917837001394,30.336284039074595,3
1770,1774,0.08524450633915469,4,31.408398524295844,34.117200349927174,4
1775,1777,-0.011148541695209919,2,33.845278099587524,33.501797883607885,2
1779,1781,-0.006353306555368097,2,33.67640917134958,33.49612902937134,2
1782,1791,-0.08996780313969877,9,34.13546499590932,31.09850766607118,9
1792,1795,0.030935067393834476,3,31.718169812750762,32.731091703330044,3
1801,1803,0.0025714810360829812,2,34.925013226182955,35.049747248605215,2
1805,1807,-0.01493098100418113,2,34.923477904990925,34.43695959769656,2
1808,1813,-0.03362987903760744,5,34.26930865219357,33.15110525617006,5
1822,1827,-0.05383070844179282,5,31.606689325159515,29.936885536611687,5
1828,1829,0.006070823586473844,1,30.46909963230346,30.684541260642174,1
1835,1837,-0.01756300954374209,2,31.74240481996268,31.216655065988313,2
1841,1845,-0.003397523794257052,4,29.95619209209559,29.884371408769457,4
1851,1853,-0.00910500228977703,2,30.454639056263865,30.207804136978513,2
1856,1857,-0.006171538287271824,1,31.12997526431983,30.968985405358577,1
1859,1860,-0.0008643144479953157,1,30.67239267016822,30.676554470698978,1
1861,1862,-0.005369112314094103,1,30.947112588757115,30.81190117805992,1
1865,1869,-0.013561012767460558,4,30.82449133051221,30.43730450135917,4
1874,1883,0.026697197001480075,9,29.681230682145706,30.50331757559547,9
1884,1887,0.00922749287073011,3,30.32820426605254,30.63838575896564,3
1888,1891,0.008527839564152217,3,31.038989906392825,31.334724422454276,3
1898,1902,0.0019382503334204916,4,31.749469328503988,31.84275721734439,4
1904,1906,-0.0011436368825713155,2,31.871163582669347,31.86658570808841,2
1909,1911,-0.00756114678117829,2,31.710267026737288,31.502211310304506,2
1912,1914,0.001821392518010416,2,31.19639398598867,31.284411258569644,2
1916,1919,0.0017207039023657425,3,31.4669925246467,31.55260489400422,3
1921,1923,0.014050605494510694,2,32.661484999079015,33.15306012466503,2
1927,1934,-0.005953162938268449,7,32.553541782531504,32.392298785864895,7
1935,1938,-0.018761436547935984,3,32.465007198081715,31.8883820327047,3
1944,1949,-0.0076334926460445,5,31.51090788010718,31.301880504414303,5
1950,1952,-0.016905922614316237,2,31.213823682933754,30.717339018936098,2
1955,1957,0.0020486848485640596,2,30.66631938584037,30.75981132911321,2
1961,1963,0.028389935098580562,2,32.00783709101486,32.94854534576573,2
1964,1965,0.002849344065471864,1,33.07478714033147,33.20210337592685,1
1966,1968,0.015230735352093516,2,33.53105908422866,34.075292830300185,2
1969,1972,-0.002837904280223157,3,34.353748690212086,34.290609788452635,3
1975,1982,-0.012766092680818016,7,33.93534976173094,33.53606329127844,7
1987,1988,0.003034139761843407,1,33.344319735566984,33.478835381643854,1
1995,2000,-0.016109686848133242,5,33.77100278987921,33.2607335131767,5
673,675,0.0006098127539239033,2,27.005551811448402,27.049025693181225,2
676,680,-0.024355310772153624,4,27.056136444111953,26.424231969165927,4
681,684,-0.005250243076134599,3,26.308468849400285,26.19665146182942,3
685,688,0.0018603924866064025,3,26.16017210108183,26.235000460808095,3
691,694,0.008744380189529579,3,26.472961597737882,26.730924200289056,3
695,698,0.006752166070628677,3,26.853451817490498,27.06162423554931,3
700,702,0.0006846304264188994,2,26.947794782659212,26.993191857674972,2
703,704,0.006257184178844965,1,27.161396680972512,27.358511939240998,1
705,708,0.007761519019084294,3,27.481272709608497,27.722050403122374,3
709,710,-0.002679396616650483,1,27.68276239626279,27.636272058754965,1
711,712,-0.0065235091278413645,1,27.44505796981528,27.29346494160487,1
716,718,-0.01253507219942333,2,27.09813973211729,26.785560733837254,2
719,723,0.00316324679951003,4,26.679618302710274,26.790692138221182,4
726,730,-0.015043647116016683,4,26.36943769937087,25.99911462167312,4
733,735,0.011383055100735336,2,25.971520917000603,26.293127691565722,2
740,742,-0.009289677744401446,2,26.376851370052748,26.158195772283037,2
743,744,-0.0032097211441657948,1,26.30376609386455,26.245642105755746,1
745,748,-0.0026335621112758174,3,26.300380025226204,26.25741672090484,3
753,754,-0.00486091985348567,1,26.286410280877625,26.184920557547315,1
755,759,0.005706078100317378,4,26.27925432178741,26.45548505368742,4
760,763,0.009798293446821798,3,26.5873555526889,26.874453619921823,3
764,767,0.0007418417074281205,3,26.915611314242746,26.962494048610818,3
770,780,0.025054375501195235,10,27.01535565073209,27.7192238711546,10
781,783,-0.0009462667844600793,2,27.78950373948186,27.79099695887604,2
790,794,-0.011755734930279944,4,27.96633989470283,27.665541355825294,4
796,797,0.002493136242610466,1,27.72699364769901,27.82384781410842,1
798,802,0.006768527615616887,4,27.969125900341425,28.186404827282892,4
810,811,-0.005075147824650654,1,28.68508983291096,28.568193851478465,1
821,825,0.0009439649448691092,4,28.520867077762187,28.576310643558628,4
828,829,-0.005522371082828322,1,28.472146106672145,28.343384496453268,1
830,831,-0.005016722641314287,1,28.202790622194524,28.08950783455411,1
833,834,0.0011324738552105757,1,27.920955180229587,27.980495887163933,1
839,840,0.0019327940263817204,1,28.676478622594395,28.760580827796403,1
843,844,-0.0009335949253452283,1,28.66802288461863,28.669926586818487,1
845,847,-0.0032738726699128714,2,28.67553054273181,28.61032603753544,2
853,858,-0.005920188537130057,5,28.09878468182897,27.96053336353015,5
859,860,-0.005383933211894865,1,27.93099957901373,27.80855194231787,1
861,862,-0.0003903141373773621,1,27.75873004286963,27.775654148141125,1
863,866,-0.006145634426970538,3,27.794473046166434,27.651452848780576,3
868,870,-0.00044974741284036065,2,27.683266932713398,27.698499721964154,2
882,885,-0.003116796659521061,3,27.181069179581915,27.123532383140365,3
886,888,0.002774714702877515,2,27.184432029147754,27.287045504417552,2
890,892,-0.0022940143167204468,2,27.12823267053752,27.093128349074522,2
896,898,0.0006296674011779814,2,27.309292115698454,27.353797178808655,2
899,903,0.004975154046685216,4,27.293088253396373,27.45616866012019,4
908,909,-0.000728404015558023,1,27.718175509308153,27.72570365447254,1
911,913,0.0015598309172082242,2,27.822956582828457,27.894178647297323,2
916,918,-0.005586482702008765,2,27.490351628384698,27.364267606168973,2
919,920,-0.0006422408343593146,1,27.291485716233066,27.301249495392,1
922,932,-0.0009824949891386063,10,27.24914807004614,27.24962506667907,10
933,937,-0.005057071602669284,4,27.336404247576922,27.22549849818499,4
940,941,-0.004757850420626422,1,27.061167233390304,26.959475414719666,1
943,946,-0.014416799828080574,3,26.76137431834955,26.402322315995917,3
951,953,-0.003912318005525891,2,26.701005263182417,26.62324344478881,2
959,961,-0.004106012631965388,2,26.836399613138404,26.753045416943525,2
962,963,-0.006514034129917787,1,26.733432542265327,26.58602348281742,1
964,968,-0.0062996371911311095,4,26.600314303403998,26.4593422884259,4
978,979,-0.003349496392334382,1,26.12665741363732,26.065272926300224,1
983,984,-0.00854483291720716,1,25.920581986864896,25.72501552665723,1
987,988,0.001363372585479949,1,25.959448236048786,26.02080008434405,1
989,991,0.004019636823156516,2,26.12396134707576,26.25509414542026,2
995,1000,-0.009731207802411358,5,26.38450418489809,26.154135596096154,5
1002,1003,-0.003869934235041705,1,26.031789488660756,25.95707996480785,1
1004,1006,0.00045286040844597195,2,26.039793520754525,26.077625705804937,2
1008,1012,0.011245430916690141,4,25.98181893220628,26.299977501030565,4
1014,1016,0.006981060922022311,2,26.66353665688737,26.876339967342563,2
1017,1018,0.0006870442855297794,1,26.93553037983653,26.980971812441545,1
1019,1021,0.009314207371343353,2,27.167976333999146,27.448192475767762,2
1024,1027,-0.009801376809051725,3,27.743904314056458,27.49971975803417,3
1030,1033,0.013653956663873416,3,27.67811814030891,28.083712084074566,3
1034,1037,0.003485855514032043,3,28.169322843361083,28.295686355564523,3
1041,1042,0.0019425204860854788,1,28.416016389719392,28.499631100079082,1
1043,1045,-0.0013917663620212574,2,28.437287808598132,28.426147035807606,2
1046,1050,-0.01753413188033064,4,28.349173438738212,27.88044446640375,4
1051,1056,0.010522041004654946,5,27.77731364770035,28.097364994548315,5
1057,1061,0.027367319014358557,4,28.239671031139643,29.04075478814052,4
1062,1066,-0.006953953208457551,4,29.39842798726107,29.223391122622708,4
1069,1073,-0.021611091567620547,4,29.365733376095132,28.760473556530105,4
1075,1076,-0.0004279444631884435,1,28.643517019451473,28.659902701956206,1
1077,1078,0.003591936188839114,1,28.82416127397471,28.95651998324161,1
1080,1083,-0.0065055937849008,3,29.234124834422516,29.073173618427106,3
1086,1087,-0.008002205584612274,1,28.568836233555114,28.36879136893464,1
1089,1093,-0.010654243176051046,4,28.491484436322267,28.21642071712734,4
1095,1099,-0.010103909324355835,4,28.000761843239125,27.745845446405394,4
1100,1102,0.0020514147578655517,2,27.802857430925307,27.887695480400865,2
1105,1107,-0.0010050497180204066,2,27.982940300633345,27.982798994675445,2
1109,1112,-0.009625767488925699,3,28.20205070579088,27.958786373691837,3
1123,1125,0.0004516792866255358,2,27.50952282885312,27.54945783332872,2
1133,1134,-0.0023157710791858266,1,27.57735858819376,27.54107309732308,1
1136,1137,0.0028184196380357175,1,27.623928554166135,27.729408305437058,1
1148,1150,-0.0005067077608518853,2,28.43711249202703,28.45114029892313,2
1153,1154,-0.0007842790001394636,1,28.679469898218027,28.68565666213994,1
1155,1157,-0.005922453018224314,2,28.67719106303159,28.536028937329174,2
1162,1163,-0.002137041617915429,1,28.169047844028213,28.137018464292503,1
1164,1168,-0.009805957600076683,4,28.043422444424234,27.796473255417595,4
1172,1173,-0.002918807297108862,1,27.712870347724564,27.65969468987752,1
1174,1177,-0.01916352565956129,3,27.54783696638759,27.047471122783197,3
1178,1180,-0.005700437535868037,2,26.992624445144138,26.865747300010593,2
1181,1182,-0.0048093132791385464,1,26.729029144024306,26.627209898367493,1
1187,1188,-0.0008851520858393066,1,26.778463485929507,26.781538936605294,1
1192,1197,-0.009580803154775799,5,27.111193750746846,26.8785579338807,5
1202,1203,-0.0005640376239591089,1,26.932697074768218,26.944438717378123,1
1206,1211,0.020589023745179243,5,26.93781046623943,27.51937149603821,5
1214,1215,-0.005020933816125415,1,27.607089359700886,27.49608308052967,1
1225,1229,-0.014264325780541785,4,27.916244568279396,27.545954405756458,4
1234,1235,-0.00304830620995883,1,27.771317074474293,27.714432913251912,1
1239,1240,-0.0012454903732091532,1,27.443769780333092,27.437032599047452,1
1241,1243,-0.0020744869392194613,2,27.521077487186677,27.491506448873448,2
1246,1249,-0.022788756987247055,3,27.550192210963235,26.94990776792661,3
1254,1255,-0.0017700660184658931,1,26.61091772941167,26.59042556594806,1
1258,1263,0.015390528149110246,5,26.34807615996572,26.77993504394054,5
1275,1276,-0.0035297778518553627,1,26.659820859158774,26.592377434814843,1
1281,1282,-0.00629870593484829,1,26.604150231786257,26.463182663061495,1
1288,1289,-0.002274647095276487,1,26.079515872945837,26.04627369379217,1
1290,1292,-0.0025575270527053266,2,26.174221980527868,26.13345492170968,2
1295,1297,0.0013846222033969007,2,25.99967061360523,26.061670005431438,2
1300,1302,-0.011347355534172487,2,25.94622763749174,25.677752795356042,2
1305,1314,0.04067368072019402,9,25.19786570174896,26.247953511833973,9
1315,1317,-0.005934261488209387,2,26.43354130815027,26.303111303276474,2
1320,1321,-0.0018818870849705992,1,25.70073720281751,25.678072054604122,1
1322,1325,-0.012654539842008785,3,25.639776707250334,25.340956908075476,3
1327,1332,0.01940424704512556,5,25.347251348156245,25.864442926578917,5
1333,1334,-0.0007672851386414983,1,25.94684756813154,25.952885785166046,1
1337,1340,0.0021995645059239674,3,26.13791936100936,26.221549320055548,3
1341,1342,-0.0020988514678221366,1,26.377706192261446,26.348721011094298,1
1344,1346,-0.007083005897341304,2,26.481791429023325,26.320702535588413,2
1347,1349,-0.003188603333631133,2,26.361320056761265,26.30362558380612,2
1353,1354,-0.008019536137294746,1,25.822359455333924,25.641098469986993,1
1360,1367,0.0043503724535052775,7,25.806134503202774,25.944206934380162,7
1369,1371,0.0033659112525388285,2,26.116304365422994,26.230325832526724,2
1374,1377,-0.00594213109485534,3,26.706609359208098,26.5746217946558,3
1382,1383,-0.0004367042774550329,1,26.665020444561108,26.680040736519103,1
1384,1387,-0.007614262973362674,3,26.6899042525221,26.51337020706205,3
1388,1389,-0.000605534086009948,1,26.525104555630712,26.53556780524293,1
1391,1392,0.00565256882481934,1,26.633301086899458,26.810480955412192,1
1393,1395,0.007562271134114834,2,27.00808858135008,27.23933915859779,2
1396,1397,-0.000547678716883425,1,27.26492277592952,27.277255280783603,1
1398,1404,0.0035849531393540284,6,27.3511629719442,27.476566772477398,6
1409,1410,-0.003849850834548605,1,27.204929216784574,27.127399226552285,1
1413,1418,0.004135613989858057,5,26.937396589000077,27.0757366597729,5
1419,1420,-0.005050377429533078,1,27.031757106231215,26.922268287367515,1
1422,1424,0.007537689706385937,2,27.104096633564403,27.335503000393675,2
1425,1427,0.01064671771276596,2,27.47375381422129,27.793732869405552,2
1428,1431,6.267406882961516e-05,3,27.909377988817525,27.939036561083405,3
1432,1433,-0.0046199970014552776,1,28.014768608270177,27.913355229911776,1
1435,1436,-0.002924109997446103,1,27.96420341630184,27.910397212937916,1
1438,1439,0.0006341389076182111,1,27.80330902677989,27.848743495821083,1
1442,1444,-0.0006029543883743526,2,28.038122966376612,28.049255380058632,2
1449,1452,-0.002629795068356638,3,27.65180481847114,27.606738043346834,3
1453,1460,-0.012667482585424765,7,27.786166246480473,27.461971635683945,7
1462,1463,-0.0063212715861836405,1,27.287234445536914,27.142031660216347,1
1466,1467,-0.00274565601375866,1,27.019624147218092,26.972457177836002,1
1469,1470,-0.000683992376510678,1,27.034218478840803,27.042761497975192,1
1476,1477,-0.008940301543374104,1,26.59455903535955,26.38339021720573,1
1484,1485,-0.00014330612419731882,1,25.907324663720203,25.929519310098044,1
1486,1487,0.0015684432439602631,1,25.95028610276317,26.016937939782647,1
1488,1492,-0.011359245779261465,4,26.02348651066145,25.753902817864212,4
1493,1495,-0.017320249422708465,2,25.70103845522086,25.281591097209034,2
1498,1501,0.0031997889762183556,3,25.53432901786702,25.64156781139139,3
1503,1504,-0.006855281781550278,1,25.832601675473363,25.68134451351292,1
1505,1511,0.0035460354019546973,6,25.60110239888301,25.7174859167174,6
1515,1516,-0.0013928285330794435,1,25.799656937440098,25.78952209605141,1
1517,1518,-0.0016313849201725046,1,25.71395667293598,25.697721268454718,1
1519,1520,-0.003215418817568188,1,25.746310241986766,25.68927138179372,1
1521,1529,-0.00908334615397971,8,25.749562719772225,25.541420090994695,8
1532,1533,-0.0030191486556798517,1,25.405100533176878,25.353803858587902,1
1537,1538,-0.0017893935179797062,1,25.301090503289835,25.28111798644872,1
1540,1541,0.0008640379948716525,1,25.497872736944153,25.54540174051422,1
1542,1546,0.001213176337829797,4,25.658131382452765,25.714917351701338,4
1560,1561,0.0016844194884966883,1,25.68267445689238,25.751617528721177,1
1562,1563,0.00013693111040484224,1,25.770570084541852,25.799869447403836,1
1564,1565,0.0023204193486509187,1,25.857699411104353,25.943557816540583,1
1571,1572,-0.0006827797121614481,1,26.357212378593424,26.365573421090783,1
1575,1577,-0.0011172182505748503,2,26.456868198497435,26.453766970691518,2
1578,1580,-0.01129357735860717,2,26.435576189746175,26.16345954121767,2
1581,1582,-0.005825901995702,1,25.98439306401938,25.858994929674623,1
1583,1584,-0.002872869543426886,1,25.92285080047872,25.874300682735704,1
1585,1591,0.01556802700568198,6,25.916375187029754,26.34575839101785,6
1592,1595,-0.004238573014672436,3,26.42984716836634,26.344252178544952,3
1596,1597,-0.006858786973011001,1,26.305141328162254,26.151025108825603,1
1600,1602,0.00393505548610656,2,25.98588544691329,26.114127233449416,2
1606,1607,-0.009822259655385943,1,26.105247254366112,25.874939984720044,1
1608,1613,-0.02296424161450688,5,25.828752604260707,25.2614436414594,5
1616,1619,0.004949088218458924,3,25.424966649885643,25.57622201943719,3
1620,1626,-0.012640334508807066,6,25.604636672928706,25.306590137079347,6
1627,1629,-0.007063628549754877,2,25.23351953519781,25.080512845733388,2
1630,1632,-0.011865637790739694,2,24.977639115592314,24.706241136094476,2
1652,1656,0.0196859474792542,4,24.164821820710348,24.664694055739098,4
1657,1658,0.0033281484023009213,1,24.938888869641215,25.046828081657512,1
1659,1660,0.019005377554155108,1,25.492268765653602,26.002251227022498,1
1661,1663,0.021454946915736794,2,26.58550121384745,27.18247723233265,2
1665,1666,0.0075200230025700065,1,27.5212265281729,27.755708011251873,1
1668,1671,-0.012784890188946872,3,27.328829227138158,27.006761975703853,3
1679,1680,0.007548297177262474,1,25.653369534442163,25.872662160820706,1
1687,1689,0.004493227130264185,2,26.558110595448134,26.704000329099607,2
1690,1691,0.002518393600503587,1,26.984730017867296,27.079672919273477,1
1698,1701,-0.0056622914079981,3,27.93751369722445,27.80726086715305,3
1704,1705,0.009256129099967324,1,27.845267068114623,28.130851721988275,1
1710,1712,0.012032961566452144,2,30.126466505876376,30.51910358598047,2
1716,1717,-0.013565545076513873,1,30.777253164645437,30.390520202673805,1
1721,1724,0.026256796616444766,3,31.385756747183866,32.241231935495065,3
1725,1727,-0.006510371662825836,2,32.37494114896522,32.19654319067231,2
1729,1730,-0.0007120693265206183,1,31.91974973347363,31.928940408511682,1
1731,1732,-0.014560422470471741,1,31.771995177176965,31.341153499844655,1
1733,1734,-0.00544372080258892,1,31.242448743190284,31.10361602378635,1
1735,1736,-0.004944145662030188,1,31.018029573409393,30.895689946622706,1
1740,1742,0.003957339291511131,2,31.016740749101167,31.1705012567113,2
1744,1752,-0.023347199870066886,8,31.119743299553967,30.42430417613366,8
1755,1761,0.02356640973543898,6,30.518724193494847,31.268459676635096,6
1764,1769,-0.019670665122625594,5,31.17222098754329,30.59021488835639,5
1770,1773,0.07730414223547112,3,31.429193318684504,33.890229342656895,3
1774,1776,-0.01831470319132031,2,34.12349675753085,33.532658539324224,2
1777,1780,-0.0011688085213428904,3,33.535518873497054,33.52985779214355,3
1782,1784,-0.02458483825634882,2,34.13293331814067,33.327913606617585,2
1787,1789,-0.004822961984799432,2,31.90880970098656,31.78682353451949,2
1790,1794,0.04263898167006384,4,31.171504585671677,32.531797302914114,4
1800,1809,-0.03594505505474674,9,35.05646930639074,33.831419056453875,9
1810,1812,-0.013013886678403318,2,33.64477847674049,33.24057392080095,2
1825,1830,0.00017502838594889874,5,30.548269253795723,30.584164337310543,5
1834,1839,-0.04717298582422308,5,31.917361317863392,30.44364144618708,5
1841,1845,-0.0006282856744964285,4,29.947166393281186,29.958298184037808,4
1847,1849,-0.0020044153527827412,2,30.237203111648228,30.206832400617678,2
1850,1853,-0.007662199192555694,3,30.411432050945223,30.208825032890953,3
1854,1857,0.017515979732577604,3,30.46380334215227,31.027870507412793,3
1860,1868,-0.01656629388586619,8,30.796995050499195,30.317599974741558,8
1879,1881,0.014797443090713073,2,29.8479071168944,30.31942773095043,2
1886,1887,0.007183571575589615,1,30.37538247240024,30.623961588999038,1
1889,1893,0.017909175001627947,4,31.24051069867979,31.831242982621355,4
1895,1897,-0.005715454029796524,2,32.009869240365745,31.858928173463003,2
1902,1903,0.002942328471679176,1,31.83812993401351,31.96364630013739,1
1911,1912,-0.01396868428602736,1,31.560837338809133,31.151534803559453,1
1913,1916,0.012409965909749614,3,31.027081458550715,31.443153563188904,3
1917,1920,0.012612179801660274,3,31.508854676457563,31.937758871657888,3
1923,1924,-0.005953971527154527,1,33.20773314922983,33.0432229847272,1
1929,1931,-0.00423203478590596,2,32.65116111412992,32.54563142560883,2
1932,1944,-0.03061986191046981,12,32.53510555861459,31.571420224725866,12
1945,1946,-0.0024565231136969554,1,31.40758318687025,31.361837316013215,1
1950,1955,-0.01737418269393497,5,31.15376759086506,30.643650108727844,5
1957,1958,0.002830682460564534,1,30.774012413369782,30.891897882962873,1
1960,1963,0.0380936456890204,3,31.721210866346052,32.96130864478169,3
1970,1974,-0.007223185275863612,4,34.324829209272174,34.1112194375405,4
1975,1977,-0.004944749555499155,2,33.961133457686984,33.827165291575525,2
1984,1986,-0.00531692956821832,2,33.270615703993414,33.126988799308016,2
1988,1992,-0.006951203427587048,4,33.48169215223262,33.28243579113484,4
1997,2000,-0.019138374804190793,3,33.80984434597599,33.196588717157326,3
674,675,-0.001086244940049589,1,27.078326693686595,27.075991325024255,1
681,682,-0.006297810832788681,1,26.32643568856983,26.18696321239021,1
685,686,-0.0010732888704652003,1,26.11213677897048,26.110223049960517,1
687,688,0.0019632566505845828,1,26.13820356170811,26.215657767246675,1
693,695,0.00400476070202335,2,26.698437491192113,26.832056781953458,2
696,697,0.003589672229929882,1,26.928328182378355,27.051920382435455,1
698,701,-0.008604605848845415,3,27.124065245062116,26.917797419855052,3
702,703,0.0044485912439501995,1,26.992757652125096,27.139830155118535,1
708,712,-0.01868158233169239,4,27.790021536105005,27.29864998231486,4
716,718,-0.011858220718896889,2,27.084736068506135,26.790644026161228,2
722,723,1.0307229537286512e-05,1,26.855179657861168,26.882311640020028,1
725,726,-0.007389706280112721,1,26.493766126543896,26.32447874274128,1
729,730,-0.004296234736961922,1,26.128063276463656,26.041939046682238,1
738,751,-0.016282262339357978,13,26.6702124695605,26.26263128595426,13
753,759,0.006101503459278748,6,26.241213789086885,26.42756585958576,6
763,765,-0.002513787885139499,2,26.939666824067775,26.898885882799807,2
769,771,0.0039950728005928035,2,26.964238662893738,27.09892699802745,2
772,773,-0.00018990735435305277,1,27.18440195710934,27.206423841211105,1
783,784,0.0014675755840604294,1,27.811240350159164,27.879866687809653,1
785,788,0.007456755691335176,3,28.033258843747774,28.27032926502131,3
790,793,-0.009317078871677018,3,27.982988989709753,27.750252263217067,3
794,800,0.012875711286770206,6,27.70640685405416,28.090852956354805,6
801,802,0.0005345835584285217,1,28.087531167365295,28.130633830891583,1
803,805,0.008715577252601928,2,28.24793601587408,28.522381020462863,2
809,810,0.0016996979545647567,1,28.567753405453306,28.64487771088852,1
811,812,-0.001975728360949614,1,28.642320931654,28.614373806797566,1
816,821,-0.0021772852582480143,5,28.497324525012,28.463775044949195,5
822,825,0.0026484646829408134,3,28.45217773878295,28.555984504415655,3
829,830,-0.008407887775667767,1,28.361477389394103,28.151378747741333,1
833,842,0.025181883379946726,9,27.97164857126363,28.703999012101306,9
844,847,-0.004124496985616487,3,28.716564805507694,28.626839985335625,3
850,855,-0.00461552798071805,5,28.262924179180686,28.160738785993946,5
856,857,-0.00263443390150899,1,28.121353000654505,28.075390507953934,1
858,859,-0.0023560687821404295,1,27.966596752213093,27.928672123414707,1
860,862,-0.0030175191481378273,2,27.842741740174294,27.786568475576836,2
871,873,-0.004920113369517163,2,27.951661229104534,27.842087548220107,2
874,878,-0.013812204835351578,4,27.8722675776229,27.515162376192666,4
884,885,-0.0020080270660882975,1,27.14183777429688,27.114478067197012,1
886,887,-0.0008795125670357549,1,27.149216958952525,27.1524880984109,1
889,890,-0.0062255787108590034,1,27.266921783672753,27.124436337689335,1
891,893,-0.0030807865945793734,2,27.06880564959122,27.012481241664275,2
898,900,-0.00023203705941792874,2,27.325913464004156,27.346898752862064,2
902,910,0.012275338094529985,8,27.431031530052024,27.795187747895177,8
912,913,-0.005403440728428772,1,28.010787726872415,27.887443883360532,1
914,916,-0.01000676531694785,2,27.762615070277224,27.512563711754478,2
922,923,-0.005728584296322905,1,27.305486349033938,27.176370055080437,1
931,934,0.002468836995656479,3,27.275606978655674,27.37022161322222,3
937,942,-0.013721942196688586,5,27.267004603162437,26.920115346724163,5
943,945,-0.008229693748475372,2,26.706094136710124,26.513017254883756,2
947,948,0.00708781605156326,1,26.292607934230496,26.505257710718425,1
949,951,-0.0006509413720271594,2,26.60868331420562,26.61797130469544,2
958,959,0.0005168340718637397,1,26.78853317169647,26.829166931546553,1
960,963,-0.009693847154371701,3,26.82782449969177,26.59458749400714,3
964,967,-0.003927529868892901,3,26.505102215544856,26.42750773713079,3
969,971,-0.007005871096867698,2,26.418996038690437,26.260326953973404,2
972,973,-0.004873042549428533,1,26.250749290252863,26.149079021297332,1
974,975,-0.001754657749816116,1,26.210678544403354,26.19089845271188,1
980,981,-0.0024036811647409582,1,26.18299678658939,26.14624420716358,1
985,986,0.004622474552007027,1,25.76359260811976,25.90844775192719,1
988,990,0.006354226305243082,2,26.02109024256219,26.212455228915147,2
996,997,-0.0006892383554070536,1,26.283096659305343,26.291264437648184,1
1003,1004,0.0007738410048277629,1,25.92842675175735,25.97441965832029,1
1005,1006,-0.0012675405865594286,1,26.068223340078188,26.06124903231522,1
1007,1008,-0.005154761211978418,1,26.102497964786494,25.994048318706653,1
1009,1011,0.005100879887769098,2,26.065633322102723,26.224656620199504,2
1013,1016,0.013055613590738348,3,26.51021032294621,26.882827595454746,3
1021,1022,0.003088071478684646,1,27.46429601322171,27.576572018435513,1
1025,1029,-0.006262748149723293,4,27.792899475902992,27.646632445610738,4
1031,1032,0.0044455694112034,1,27.780693714751873,27.931975410666936,1
1047,1048,-0.009265554815513513,1,28.196076563374824,27.963020346957833,1
1054,1055,0.00282201227581424,1,27.821404960944275,27.927738712235403,1
1058,1060,0.01046738301788782,2,28.338586230679123,28.663555653171763,2
1062,1064,0.001970080392954632,2,29.39610378962229,29.483412581117108,2
1065,1068,-0.0033832056666596895,3,29.374455376438263,29.304450007930093,3
1075,1077,0.004543534293336531,2,28.599944504718064,28.75848927786749,2
1080,1081,2.807626054484127e-05,1,29.208234721397314,29.238263014126805,1
1083,1084,-0.009741125301030825,1,29.08195617562793,28.82774715269768,1
1086,1097,-0.02367948779553329,11,28.562224872473177,27.914448242064644,11
1104,1105,-0.002512106075917708,1,28.000501861142133,27.958162132149155,1
1109,1110,-0.0003784311510307395,1,28.204860337075868,28.222391599650923,1
1112,1113,-0.010063899670986243,1,28.075277756047388,27.820806255231503,1
1114,1116,-0.02136795387205463,2,27.655302327964602,27.092020405830894,2
1119,1120,-0.002087198979370569,1,27.188977322963144,27.15941749456749,1
1121,1123,0.004983019607390253,2,27.33388971011316,27.49742890819501,2
1126,1127,-0.0004191607395511402,1,27.539918159438596,27.555914425135146,1
1132,1140,0.007940887072850261,8,27.615349585490417,27.86225530761157,8
1146,1148,0.003461775953719979,2,28.24403615302799,28.37005471437157,2
1149,1151,0.0005947631849691237,2,28.524681472617843,28.570171584493345,2
1153,1156,-0.005197061903030464,3,28.723986394449227,28.60343004544992,3
1167,1172,-0.008373853995816784,5,27.896736381493287,27.691029920456366,5
1175,1176,-0.0036642681650169793,1,27.237202722329915,27.164635510212698,1
1178,1186,-0.010961239050359839,8,27.00169158152608,26.73272127691841,8
1189,1195,0.0008804228712436855,6,26.895010774217326,26.94558476759951,6
1197,1200,-0.002286471554957722,3,26.90427967336256,26.86966808285615,3
1202,1205,0.0018997337742118364,3,26.92556846721122,27.003645447485447,3
1216,1219,0.006706732818837285,3,27.470543691655838,27.682251832275625,3
1222,1224,0.00017027884867355835,2,27.98419635839903,28.01694567149439,2
1225,1230,-0.015095990633459108,5,27.942054941790186,27.54818399705111,5
1231,1232,-0.0003145227924567659,1,27.678982686771228,27.697955998530993,1
1234,1235,-0.0040195909833851545,1,27.750569553356122,27.666774183749006,1
1238,1239,-0.005657333205071297,1,27.556940179298525,27.428598326771315,1
1246,1249,-0.019683868795296544,3,27.471898723258267,26.958617371955235,3
1253,1259,-0.010159033808408477,6,26.580334804240156,26.336884619129304,6
1260,1262,0.008172547734972665,2,26.431696119812695,26.67414211418797,2
1263,1264,-0.0007886976577806115,1,26.791513711167912,26.797174820766685,1
1265,1266,-0.0016232888865960124,1,26.911304143333474,26.89453062653713,1
1280,1281,-0.0032138264625976133,1,26.58310553261964,26.524255150133502,1
1282,1283,-0.009087222696197977,1,26.408465122014622,26.194893983508113,1
1284,1288,-0.001773105188948478,4,26.05897244964003,26.03882612282055,4
1289,1290,-6.89451672847254e-05,1,26.13784099079478,26.162176753966,1
1298,1299,-0.006388283135446925,1,26.06493741624365,25.924492153537226,1
1300,1301,-0.007322209729723177,1,25.974014211175465,25.809801045809603,1
1303,1304,-0.01523581834196475,1,25.48045497969778,25.11771985133619,1
1305,1308,0.013658829270157189,3,25.181770264492275,25.55090553551979,3
1310,1311,0.0008983595345633576,1,25.73308869991031,25.78193935419755,1
1312,1315,0.01761590889472884,3,25.950752242325944,26.433849081818764,3
1316,1319,-0.03129536694639532,3,26.55705547065017,25.752499730151047,3
1320,1325,-0.015756814769985417,5,25.678096510184034,25.29916959633744,5
1326,1328,-0.00021653216921279739,2,25.310252184424506,25.330081952800114,2
1329,1330,0.0027350540261215505,1,25.38720489870832,25.482027480577212,1
1331,1336,0.014425175326521877,5,25.684866473727904,26.08106004232346,5
1338,1339,-0.004344643271422078,1,26.24914009057358,26.161346080789027,1
1340,1343,0.004533108375795395,3,26.25940596464274,26.404702103729115,3
1347,1353,-0.022610477988578757,6,26.402521462736964,25.83195035382351,6
1356,1359,0.0009662021198814101,3,25.655604255032355,25.706048358505438,3
1362,1363,-0.004181958451770534,1,25.921871138151367,25.83938882119762,1
1365,1366,-0.0019851453496661457,1,25.87459458183941,25.849104345312615,1
1371,1373,0.009535266186833233,2,26.236593314856407,26.51300280926411,2
1378,1382,-5.8437470446342957e-05,4,26.66353590853416,26.688641294851045,4
1387,1389,-0.0008855961541398589,2,26.51240445831681,26.51543757934984,2
1390,1391,-0.0002296230201206058,1,26.623502852150366,26.644012985871417,1
1395,1400,-0.0016350238090516245,5,27.278643125590293,27.26132053772692,5
1404,1414,-0.02282982637643483,10,27.539237500457364,26.938060727282977,10
1421,1423,0.009414538707561697,2,26.940952478878366,27.221530071288225,2
1424,1431,0.019896512566871017,7,27.348548901619242,27.920038197427616,7
1432,1433,-0.0021432550257268284,1,28.004832448600013,27.972815783158513,1
1438,1440,0.0035732396769187586,2,27.818189386144446,27.945408633585203,2
1442,1444,-0.0019096541125097595,2,28.050954198191768,28.02543753234556,2
1445,1447,-0.013666755646312832,2,28.00150324738034,27.64681504801634,2
1448,1449,0.00017624030677966074,1,27.56012956287006,27.592546898121977,1
1452,1456,0.007741003318052897,4,27.672654624622783,27.914541390515943,4
1458,1460,-0.006007194611301133,2,27.6372070383797,27.49882216422571,2
1463,1465,-0.00830624781065532,2,27.152250564806923,26.953869493563438,2
1470,1472,-0.0027598564535101615,2,27.06000045641468,27.01237873997947,2
1473,1474,-0.003860321019038906,1,27.038163741040467,26.960825912975753,1
1478,1482,-0.010711574420519995,4,26.323249529314477,26.06760933252062,4
1483,1484,-0.0068603647561006,1,26.012759392015365,25.860315133665473,1
1485,1490,0.0025265688938300437,5,25.899689418480904,25.991026457543978,5
1504,1506,-0.004878645615706395,2,25.71413259193649,25.614396584297083,2
1508,1510,0.0012296263563688885,2,25.715678033366476,25.773014386881567,2
1512,1513,-0.0022180094807873734,1,25.694095196424932,25.662799544875433,1
1514,1518,-0.005401444847765748,4,25.805576719323447,25.691994896628557,4
1520,1521,-0.0002633858058365763,1,25.716507700771107,25.735450845367808,1
1522,1525,-0.0009338721489840687,3,25.848882036590876,25.85059136761112,3
1526,1527,-0.0057041020621691856,1,25.871566550334098,25.749864060773124,1
1528,1535,-0.01593031262968703,7,25.651182937606162,25.26820275702641,7
1537,1538,-0.0016346693828998247,1,25.265683757854998,25.249648401935858,1
1539,1540,0.003375759932518896,1,25.364620416440196,25.475609906162006,1
1542,1545,0.0008278369495747346,3,25.67301503219919,25.71994111768203,3
1548,1549,0.0005024388903918167,1,25.697436523515243,25.736045351531548,1
1551,1554,-0.0004344227057330877,3,25.84749586832761,25.862114625104393,3
1555,1556,-0.00597889093604159,1,25.87642545516439,25.747589555008517,1
1557,1562,6.290808068944186e-05,5,25.757868279601013,25.785246525936735,5
1564,1567,0.007636600199095059,3,25.922483463053407,26.146365588891452,3
1569,1570,0.002180147201807475,1,26.21377617787988,26.29713984484077,1
1574,1578,0.0016415207577414252,4,26.431226263201005,26.50104489602781,4
1580,1586,-0.010098503043452407,6,26.19939483173607,25.961019558122906,6
1589,1593,0.010198895765316417,4,26.118895595737627,26.411398385019474,4
1597,1600,-0.008895064987652732,3,26.160946895965022,25.954404520082846,3
1602,1605,-0.002482358440544216,3,26.179001981107042,26.140195316555324,3
1606,1608,-0.013406912565073845,2,26.106103698573143,25.782207552570195,2
1611,1613,-0.0048892971394463875,2,25.338242977644622,25.23969502171307,2
1617,1619,0.001688899337797685,2,25.485051788396316,25.553578527273874,2
1620,1623,-0.00230371395001809,3,25.578104914687476,25.54475838249517,3
1625,1626,-0.005490249216761465,1,25.362268358909258,25.24838545327537,1
1627,1629,-0.00840558190397249,2,25.255595358577455,25.068562978615923,2
1631,1632,-0.005936717166666671,1,24.8577893091944,24.735073433986315,1
1637,1639,-0.010442261145181674,2,23.782672065795946,23.558109865420484,2
1641,1644,-0.031016856620800906,3,23.33586082397881,22.635391635502472,3
1647,1648,0.02301935431354874,1,22.246792500072274,22.78114609147151,1
1650,1651,0.004034500963406039,1,23.824997610403056,23.944944583825777,1
1652,1662,0.11860790263291685,10,24.133265207778468,27.019794442964795,10
1667,1673,-0.027408124474303013,6,27.610042202616636,26.880912771389177,6
1677,1678,-0.014861908469978698,1,26.153878980652713,25.791336304088006,1
1680,1685,0.01916446679383777,5,25.946921040059596,26.47012686777421,5
1688,1690,0.014300271428552124,2,26.55159444633382,26.957841048223564,2
1691,1692,0.004423790421393652,1,27.138690956779257,27.2858855288398,1
1696,1701,-0.008320160108507918,5,27.962233162623086,27.757545138881255,5
1703,1706,0.0421745413274393,3,27.662976887342648,28.85731322620522,3
1707,1710,0.01872358890958457,3,29.505002983148533,30.08694753276422,3
1713,1716,0.00495265995509553,3,30.568090317334608,30.75005176447035,3
1717,1718,-0.006989749673751388,1,30.430606530420267,30.248334814882625,1
1721,1722,0.01977880048989282,1,31.409878921041624,32.06253852855364,1
1725,1726,-0.0012728323424646489,1,32.461100076844126,32.45224363887118,1
1729,1730,0.0007778617460598111,1,31.845950596817463,31.902568294150456,1
1736,1740,0.0009873106651227571,4,30.95589101554063,31.01740998790419,4
1744,1748,-0.028329172573691937,4,31.162512695642974,30.31086700835388,4
1750,1753,0.003860921925903717,3,30.267449931791916,30.414577642806556,3
1761,1765,-0.011455408511923847,4,31.24932742953477,30.922602945536116,4
1767,1768,-0.007995963174600045,1,30.47007541272436,30.256907887209653,1
1773,1774,0.007541998199650513,1,33.854768376696825,34.143955747220154,1
1775,1778,-0.005861128776781675,3,33.80409225219822,33.639766206578074,3
1784,1789,-0.04823306220456311,5,33.3946158418778,31.8172858745209,5
1791,1793,0.042367806993238825,2,31.118467569549274,32.46800726503085,2
1798,1800,0.004958507065927666,2,34.799279792189374,35.00663154672033,2
1804,1805,-0.012838215275190464,1,35.28434452541402,34.86664085907818,1
1807,1810,-0.02579390770618373,3,34.47468052559161,33.61991847843992,3
1813,1815,0.010837988124331833,2,33.16512238765675,33.557730712623844,2
1816,1819,-0.026863192558952014,3,33.35049718941915,32.487946858672416,3
1821,1823,-0.017398675699763114,2,31.83360191058339,31.311572996496373,2
1825,1828,-0.005086929120209465,3,30.616407942431536,30.4912808532554,3
1829,1831,0.0034576658371907832,2,30.660337788021746,30.79701132833614,2
1839,1840,-0.016738363564406684,1,30.458530308109747,29.979162884483216,1
1844,1846,0.010975333113765435,2,29.807715058467863,30.16467237565322,2
1848,1852,0.002960103969774779,4,30.207405854969164,30.327030322812025,4
1853,1855,0.021117706896497626,2,30.219405749505427,30.887789708459323,2
1856,1857,-0.006631172632341779,1,31.13330168159817,30.957984685214313,1
1859,1860,0.0016772553806731968,1,30.712230161327753,30.79445464477964,1
1861,1862,-0.005668387992298238,1,30.961589386667555,30.817048674552368,1
1865,1872,-0.031506961855374965,7,30.816201591011982,29.876092904547434,7
1873,1876,-0.008243658076917227,3,29.736618217103036,29.521216322374514,3
1878,1881,0.012203318593014705,3,29.82302647490087,30.2167893948569,3
1885,1887,0.007662213686158519,2,30.379528398858632,30.642682365534267,2
1889,1890,0.001838724051013682,1,31.21389143251518,31.30249905685039,1
1891,1894,0.018776727339537516,3,31.39554074700525,32.01644179603611,3
1897,1898,-0.007270628801036522,1,31.896118734462284,31.696110013684685,1
1899,1904,0.0037135362706688674,5,31.638014171697737,31.78714109902797,5
1905,1906,-0.001940584809276886,1,31.860210772367704,31.830243542094856,1
1908,1916,-0.015071577510890076,8,31.931357840602523,31.482033263720517,8
1917,1918,-0.0039807455843002375,1,31.52401417073649,31.43004910469765,1
1923,1933,-0.02165888302780421,10,33.20823717479534,32.52219208744167,10
1934,1941,-0.02659932976204912,7,32.47160706955787,31.640355692280572,7
1942,1943,-0.005090737050640409,1,31.56970529414965,31.440561931025073,1
1944,1945,-0.003228661135068958,1,31.516877587925368,31.446637147746433,1
1947,1952,-0.02093126228074088,5,31.373837464941236,30.748517281674157,5
1953,1956,-0.00496705919605893,3,30.759245301560256,30.63722155462287,3
1962,1974,0.051292302860078055,12,32.39918798831552,34.093416139021116,12
1976,1978,0.0006110323924626753,2,33.86502666712629,33.91958432205864,2
1979,1980,-0.005043053598064612,1,33.87557096532858,33.73861021625071,1
1981,1985,-0.021021701577820465,4,33.755939393821194,33.08008804879911,4
1986,1987,0.0026145550085567735,1,33.246170809771115,33.36634092298691,1
1990,1992,-0.0009832622337537045,2,33.349309365664006,33.34986755860864,2
1996,2000,-0.01906345123983158,4,33.85465741566113,33.24312546219213,4
674,678,-0.016312435343474454,4,27.113833967052418,26.698655137518227,4
679,685,-0.01972027419116695,6,26.64875706943421,26.149885030240604,6
686,687,-0.0006038208942468148,1,26.122493242820603,26.132842428833587,1
688,690,0.006498883804921758,2,26.23162811634141,26.42833604759977,2
691,692,0.0008760842809469509,1,26.525903237882332,26.575668067984843,1
695,701,0.0021332845822084057,6,26.835603782681623,26.919687366268153,6
703,710,0.016459491601419005,7,27.1635600731832,27.63782202214558,7
720,723,0.004095279289207819,3,26.680695877026995,26.816641474150863,3
728,729,-0.006788933124148692,1,26.26795413207765,26.11589070229885,1
730,733,-0.003867385379968052,3,26.00556290951896,25.930994938634367,3
734,735,0.0035657703039221967,1,26.157214884135854,26.276642719087153,1
736,737,-0.0013259476055233396,1,26.522404286117528,26.513759371947746,1
742,766,0.02691226881008132,24,26.199065286274802,26.930340639118175,24
768,769,-0.0007065334597840197,1,26.94736330491225,26.955271454389287,1
770,772,0.0032283703564094206,2,27.068415595796917,27.182870881897156,2
774,779,0.009681373692637676,5,27.273831983361536,27.565153974806034,5
780,782,0.0006122127078354409,2,27.77623691905624,27.821018121192992,2
783,786,0.010804812438361004,3,27.820759348503287,28.149178194505147,3
788,789,-0.005326810894046293,1,28.248167124927736,28.12594264767476,1
791,798,0.003993782076623378,7,27.80282931093522,27.941670581627587,7
801,803,0.0020422187150271314,2,28.09684284586352,28.182319587002382,2
804,806,0.0057564590369065475,2,28.38431083427463,28.57608826771723,2
807,808,-0.002441625147516371,1,28.543648246323023,28.502499005209263,1
811,813,-0.0005642994176338269,2,28.594319023465555,28.606777584916443,2
816,817,-0.005143248782684107,1,28.530166612058654,28.411959033973467,1
818,821,0.0043773720986987645,3,28.378962564756815,28.531566806242555,3
822,823,-0.0010599554461119393,1,28.48753014788742,28.485822165308775,1
824,835,-0.01918070879652544,11,28.711028045560887,28.18904120541567,11
836,840,0.012971374551339659,4,28.348689110507745,28.744759264110133,4
846,849,-0.010253701034038252,3,28.61976228070162,28.354923556890764,3
852,855,-0.002535307481242351,3,28.15012052073442,28.10690143010106,3
856,857,-0.0027944861119739593,1,28.10252290953018,28.052093322457598,1
859,860,-0.008092424131136991,1,27.937901366204414,27.73975392038142,1
863,865,-0.002459406721002841,2,27.818304888930705,27.777706667808893,2
876,877,-0.00404418683107217,1,27.744021129504272,27.659563145740847,1
881,882,-0.002372953667634381,1,27.18759787598607,27.150270563768068,1
883,891,-0.0037543503097160085,8,27.20992475966342,27.13497909497429,8
892,893,-0.004457342943013012,1,27.08699417625572,26.993345148093006,1
894,898,0.008323676720529322,4,27.03557351221045,27.287644459592407,4
899,900,-0.001473143088580009,1,27.307792442135806,27.294871948877432,1
902,907,0.007072918056695591,5,27.440634870149943,27.662160866880367,5
910,912,0.00421612457667618,2,27.812967538930703,27.958043442460816,2
913,917,-0.018257095548066652,4,27.874169399613486,27.39314219496136,4
927,928,-0.00016186335723770008,1,27.163241210392957,27.18600771818758,1
930,931,-0.0034747401073045633,1,27.377047595413806,27.30929651770985,1
937,940,-0.008459998773447833,3,27.241793102878454,27.03856935974446,3
941,946,-0.02464399780954375,5,26.971928521128238,26.33420430225551,5
948,949,0.005304184628123064,1,26.482378257241777,26.64932805916722,1
960,961,-0.0025400917652456537,1,26.842397220052618,26.801057465134562,1
962,963,-0.003972563242476681,1,26.69180355350523,26.612460479386673,1
966,969,-0.0023803659473040713,3,26.44281215085294,26.406311393408945,3
971,972,-0.004851217967372649,1,26.32712440818415,26.225732913634097,1
975,979,-0.003548571322803802,4,26.184151254966423,26.11741907796606,4
983,984,-0.004745517771761881,1,25.85364552716858,25.75681023838174,1
997,999,-0.007751563124756021,2,26.32504464246714,26.147309441801504,2
1006,1009,-0.0015522518526770136,3,26.06012709414437,26.04573534067563,3
1010,1013,0.011199186430009573,3,26.141556555415754,26.46046227740591,3
1017,1020,0.010596065882571198,3,26.999005203819838,27.312087446927215,3
1021,1022,0.0038016208012297123,1,27.459704683177698,27.59155577238007,1
1025,1027,-0.010522657291560062,2,27.764594875552937,27.500202153714042,2
1028,1031,0.0034055594184506117,3,27.607517775105475,27.729144335059633,3
1040,1043,-0.0020866702839786666,3,28.42756516856898,28.396673778254428,3
1044,1045,-0.002869530720102401,1,28.433423019299617,28.38026586148737,1
1047,1050,-0.009979269091928433,3,28.197454093464014,27.9442615654515,3
1054,1056,0.008509613439075272,2,27.855208584372562,28.120100850274756,2
1057,1059,0.004120627555061848,2,28.241992312290368,28.386609036334526,2
1063,1064,-0.006704434663014374,1,29.58206227369902,29.41331333226148,1
1067,1072,-0.0196068302090588,5,29.295654520142804,28.75055525062326,5
1073,1075,-0.0034068812577555635,2,28.709997483461024,28.640895928607872,2
1084,1086,-0.011527873350330464,2,28.86864970017467,28.564724212336177,2
1090,1092,-0.006172467447795017,2,28.552585740277447,28.404898419985486,2
1093,1095,-0.012846760581642875,2,28.325325626134443,27.989762275044555,2
1096,1103,-0.0037015123244279924,7,28.04079214815235,27.96503960257739,7
1106,1109,0.007299328891445735,3,27.977154304990044,28.209345910013884,3
1113,1115,-0.020342100707725637,2,27.826960042214868,27.28872817868849,2
1118,1123,0.009919465332360534,5,27.16885888061036,27.465528293276982,5
1128,1130,-0.004189482966459096,2,27.652184452116792,27.56398828082138,2
1142,1143,0.002325403121615584,1,28.02151480975883,28.1146976425796,1
1145,1148,0.006080897599663392,3,28.22987956496083,28.429772451411147,3
1158,1159,-0.0055134313151162535,1,28.49861314033871,28.36998660735372,1
1162,1169,-0.018285820121860807,7,28.270320639871624,27.781644962503474,7
1170,1173,-0.005084369680365043,3,27.762831539403976,27.649437872023352,3
1174,1176,-0.014490557677565966,2,27.53288303791597,27.161449091263286,2
1177,1180,-0.011009066115160854,3,27.118187708128872,26.846759974434868,3
1181,1183,-0.0035135777669098403,2,26.74124293260416,26.67402673890923,2
1188,1192,0.008426516119404016,4,26.82326122428442,27.07611112859012,4
1194,1196,-0.008320105014734415,2,27.098412196080687,26.900048973072817,2
1197,1198,-0.007285249663953734,1,26.969999821716534,26.80048663940026,1
1199,1201,-0.00011767796797155367,2,26.853074151193493,26.876767210144784,2
1203,1207,-0.0009997690135269692,4,26.976475072350627,26.97648130355146,4
1210,1213,0.008380204940290157,3,27.408606894667308,27.665705244467137,3
1217,1219,0.009540358222995881,2,27.42946154746974,27.71857789804396,2
1221,1222,0.0005059470821271274,1,27.968851904078328,28.01097151499372,1
1223,1226,-0.011635347954801343,3,28.049259819309512,27.750946181256527,3
1228,1229,-0.0029051970485624076,1,27.64953595409489,27.59685813980103,1
1231,1237,-0.004497519853118072,6,27.648509407116215,27.551808196555704,6
1238,1240,-0.008361830223594751,2,27.568925515550557,27.365967766458144,2
1241,1242,-0.0008038485573802078,1,27.446659885477423,27.452043587409054,1
1243,1245,-0.003699639845833211,2,27.607624617507444,27.533093974041215,2
1246,1247,-0.006188005199970128,1,27.470468806888746,27.32795187187299,1
1251,1253,-0.007875714976720424,2,26.76038960198692,26.576392790417664,2
1254,1257,-0.008591808831499279,3,26.59310808806901,26.39121829522899,3
1259,1260,0.002044363498670458,1,26.3871667202053,26.467498847401625,1
1262,1265,0.007644404364645631,3,26.701888676789494,26.932710599811415,3
1266,1268,0.0026553769875325996,2,26.945257989842126,27.043753065821324,2
1269,1272,-0.00739239257413247,3,27.122377708650394,26.9490008227928,3
1274,1277,-0.010509373064029298,3,26.763157200684066,26.5086563544915,3
1279,1281,-0.0026800012881712807,2,26.520041464207353,26.47548776038513,2
1289,1295,-0.0071895498250028386,6,26.160327600783305,25.99840694965986,6
1296,1297,0.003933125193163763,1,25.92458972467653,26.052478971369766,1
1299,1300,-0.0017569795359206582,1,25.96537997769336,25.94572471640784,1
1301,1302,-0.006715960143434429,1,25.880734879577307,25.73280163052285,1
1304,1306,0.0032822601421383596,2,25.13167879896524,25.239299185391072,2
1307,1317,0.03765206997435609,10,25.382019564943093,26.36308716125775,10
1325,1332,0.01845543512188927,7,25.33129342987159,25.824124765749996,7
1333,1336,0.005636690254878238,3,25.918326601070206,26.09033850664628,3
1337,1339,0.0016092990849827676,2,26.157146694748647,26.225398513685015,2
1340,1343,0.006877247807580987,3,26.240346040311014,26.44704774862722,3
1345,1348,-0.005939216329010544,3,26.479468784746842,26.348680960141696,3
1350,1351,-0.004478996312217622,1,26.25158915249798,26.16025997064659,1
1362,1370,0.007360283500180251,8,25.92413760786155,26.140870747760957,8
1374,1375,-0.002032788168169062,1,26.73031125761855,26.702704508420204,1
1376,1377,-0.00591030187723756,1,26.770842238061455,26.63938932116467,1
1381,1383,-0.0007822532624103375,2,26.623673269800495,26.629470487797647,2
1387,1388,-0.0034418920128407014,1,26.532381612606894,26.467592401865428,1
1391,1392,0.0023925568233054595,1,26.681969336580305,26.772489433712348,1
1395,1401,0.0011650946144943428,6,27.264495923641967,27.323526136933147,6
1402,1404,-0.0007443916393214192,2,27.447903953237404,27.454919866970954,2
1405,1406,0.0003642492197441466,1,27.4247752781877,27.462189506462625,1
1412,1413,-0.005504692809490817,1,27.110328631671912,26.988204929221887,1
1415,1416,0.00042884729394704725,1,27.11005042930052,27.148786551495196,1
1418,1419,-0.003506147828430925,1,27.089480690469657,27.021590447263915,1
1422,1423,0.006520627969643288,1,27.052127321218588,27.255576306588896,1
1424,1425,-0.00125567788249068,1,27.383734356934767,27.3767329417197,1
1430,1433,0.003539084881030616,3,27.846354771642165,27.97275173957794,3
1439,1447,-0.009769564106969476,8,27.879774069770697,27.635280603778018,8
1449,1451,-0.0033645699567362835,2,27.611827711296634,27.546537613039924,2
1457,1458,-0.0086264517484032,1,27.824152670738574,27.611953112954982,1
1462,1464,-0.01076847149538378,2,27.319293398791313,27.052425659951194,2
1467,1469,-0.0015452789392064335,2,27.024668888954075,27.0099329061699,2
1470,1471,-0.005281953283494627,1,27.08047332795839,26.96451600627315,1
1477,1478,-0.007417355264427055,1,26.461321097415297,26.291509399167104,1
1485,1491,-0.0017932713193993758,6,25.93030928886359,25.90973951820158,6
1492,1493,-0.005649100161155853,1,25.81593430818351,25.695913443830946,1
1498,1499,0.0036121767029610088,1,25.49976006195367,25.617369461242507,1
1500,1504,0.0007955042857213592,4,25.66230286301243,25.70837963778445,4
1508,1509,0.003730344859323483,1,25.72353836717413,25.8452195746529,1
1510,1511,-0.00234357165687364,1,25.805409229352936,25.77073781291835,1
1516,1517,-0.007412304089633917,1,25.813226949147744,25.647704688415075,1
1519,1520,0.0006229221192867358,1,25.713776386860356,25.755507843328985,1
1525,1527,-0.004589519565704492,2,25.894635381623793,25.80168608127467,2
1528,1531,-0.012551758186248218,3,25.64890383053861,25.352613895745893,3
1534,1535,-0.00421831184083493,1,25.36706758157442,25.28542844760938,1
1537,1538,-0.0026542255074160455,1,25.303266788716712,25.261409479373864,1
1541,1546,0.004455966931663424,5,25.606665299593306,25.74637441869806,5
1552,1558,-0.008076331800634422,6,25.86120647603734,25.678203998248183,6
1560,1562,0.004347941552351138,2,25.680003225342393,25.817338381655713,2
1564,1571,0.01522907418042252,7,25.90937175679157,26.329856873000683,7
1572,1575,-0.0017113211234131918,3,26.41649880734179,26.397708193733507,3
1579,1580,-0.006234939161318277,1,26.340094041706628,26.202205251894892,1
1586,1587,2.2764066610021306e-05,1,25.974193213657678,26.000758685135793,1
1588,1589,-9.995814357064434e-05,1,26.12305942008043,26.146571266976494,1
1593,1595,-0.004983181577344036,2,26.451186462249577,26.345826583634253,2
1597,1599,-0.009160768517741953,2,26.17633641647746,25.96271739434005,2
1600,1601,-3.371656800620797e-05,1,26.022616842102977,26.047762065614624,1
1607,1610,-0.016961630141103357,3,25.88923270151153,25.475998344493046,3
1615,1618,0.005734591543470402,3,25.37070902285517,25.54157038529234,3
1620,1621,-0.004213783614024901,1,25.618322684212526,25.5359909385512,1
1632,1633,-0.015896147435562332,1,24.7249694317064,24.356662641711928,1
1634,1635,-0.013426595279925561,1,24.244758831207356,23.94347902555254,1
1637,1639,-0.009585610604325712,2,23.75749241594384,23.553519837125325,2
1641,1643,-0.01746978723970306,2,23.305163227892816,22.92133214794287,2
1646,1647,0.01355869337102606,1,21.94494206462099,22.264431747184737,1
1649,1650,0.011942443578627514,1,23.492398954762454,23.796448002761075,1
1651,1654,0.012745779547290004,3,23.94851577747138,24.277706795833296,3
1655,1656,0.007822688884665866,1,24.43467548265707,24.650255022438326,1
1658,1661,0.058979391716097326,3,25.0688461104509,26.572460251180196,3
1664,1673,-0.012356418394173882,9,27.13973052060304,26.831520385705943,9
1677,1679,-0.02449118470949662,2,26.19825277634417,25.582824781308986,2
1685,1686,-0.0060162614486639066,1,26.551142156454613,26.417954685637195,1
1689,1693,0.02603641783877425,4,26.790231094214995,27.514542976075514,4
1696,1697,0.0018778654518719529,1,27.969759951887056,28.050253157749744,1
1698,1699,-0.005809396310983755,1,27.980791176680068,27.846220462816536,1
1700,1701,-0.00016898066536475884,1,27.77533288509387,27.798414723747314,1
1704,1705,0.013112605401982419,1,27.821133379572807,28.21376205679464,1
1707,1711,0.024483928582361977,4,29.50164997537051,30.25346791640469,4
1714,1717,-0.010554775483856974,3,30.69751450824055,30.404206649201868,3
1718,1722,0.05756754259831399,4,30.287208918351396,32.06105631686098,4
1724,1725,0.004144278560934395,1,32.24643804555967,32.41232270546394,1
1726,1727,-0.008691548655011084,1,32.5010715064339,32.25108793360217,1
1732,1733,-0.008213485289581088,1,31.410911739241556,31.184329589478207,1
1734,1739,-0.001389141664391684,5,31.14328384645366,31.131164697143028,5
1744,1759,-0.013167448140520437,15,31.12836267627205,30.7496099377092,15
1760,1761,0.006467278717031986,1,31.063457750365693,31.29541724730242,1
1762,1769,-0.030066540566398074,7,31.49782817414734,30.58229527377005,7
1770,1785,0.039046358139891164,15,31.399208487384286,32.65663243577919,15
1787,1790,-0.02742685163239414,3,31.941030535118877,31.09692966018152,3
1791,1792,0.016999240747023334,1,31.12004042555991,31.68017752523666,1
1794,1800,0.075509798059661,6,32.584175356686735,35.07718403316742,6
1804,1806,-0.018804937780786957,2,35.309868494309534,34.68117848272058,2
1807,1808,-0.006561243547469887,1,34.45898637560332,34.26735155996964,1
1809,1810,-0.0065435874172775094,1,33.8464790933438,33.658848177722795,1
1813,1815,0.012540010705274985,2,33.145087522674565,33.593872362558855,2
1817,1820,-0.025801486942766683,3,33.02850633445621,32.20935026586311,3
1822,1823,-0.013634325032667607,1,31.730986474986807,31.330086878254644,1
1824,1826,-0.037229472446751115,2,30.96974756006835,29.847729944158015,2
1829,1830,-0.006337201480614677,1,30.687651197957,30.523865020546676,1
1832,1837,-0.0047635420195309116,5,31.317600638721668,31.19973553276695,5
1838,1840,-0.027224661353328804,2,30.809821773851557,30.001844631475883,2
1844,1846,0.009968712368585972,2,29.81689348932407,30.14394641773323,2
1850,1854,-0.0004584996412878435,4,30.408638481271232,30.42510476991679,4
1855,1856,0.007304681357761379,1,30.877296610573495,31.133722720113393,1
1861,1866,-0.00823627707606155,5,30.96133286065967,30.737288077435768,5
1872,1873,-0.00841576225591173,1,29.91744678821876,29.69558611553344,1
1874,1876,-0.00885126995528859,2,29.69289670067861,29.459769752927084,2
1884,1886,0.0002762838189331537,2,30.333765232845884,30.372479726579883,2
1887,1889,0.014455369064733777,2,30.681794665841018,31.15599312596997,2
1893,1897,-0.0015756595617806603,4,31.86810585781586,31.84976067796297,4
1898,1900,-0.0031978661505981036,2,31.769868981657996,31.700043062014274,2
1909,1913,-0.023072691995277093,4,31.75272709625567,31.051858931049928,4
1918,1922,0.05174805360811361,4,31.449266180845807,33.108153759288896,4
1923,1926,-0.022792901479030066,3,33.19697619415036,32.473517762549534,3
1928,1929,-0.0022314443775932583,1,32.58321581133422,32.543091393419445,1
1930,1931,-0.007412991557847876,1,32.726593119883596,32.51671775448866,1
1932,1935,-0.0035505219214771212,3,32.50259048256293,32.41969191303236,3
1936,1937,-0.008619243742047304,1,32.28535658706664,32.039366585930864,1
1943,1948,-0.004343188246222807,5,31.521384719149417,31.41600279625169,5
1950,1957,-0.013637360591251386,7,31.12831975713939,30.734939955768645,7
1958,1961,0.032174577666550394,3,30.98301569840155,32.010864159032124,3
1962,1966,0.032843906800859655,4,32.37656636255623,33.47231585706243,4
1967,1970,0.01528941916390885,3,33.71613725363421,34.26535354594654,3
1974,1977,-0.008395145921221366,3,34.05935884898211,33.80748492031064,3
1978,1982,-0.01049504993588855,4,33.89566010329952,33.573819118008785,4
1984,1988,0.0033764478425171354,4,33.26768086737053,33.41327513752808,4
1989,1990,-0.009363529538079934,1,33.58353804366452,33.3026611312431,1
1994,1997,0.004521831959303286,3,33.61020683887216,33.79579675315384,3
673,676,-0.0011609054218828113,3,27.001592230284164,26.997247527694842,3
680,685,-0.013434438897141084,5,26.45458561760378,26.125637689192498,5
686,691,0.014045709713737812,5,26.121568928779176,26.51458647214898,5
692,695,0.006802674431385265,3,26.606223375611336,26.813823074459943,3
696,697,0.003282568169553253,1,26.941393402945543,27.05677175677641,1
699,701,-0.009577489185532972,2,27.11077632908108,26.878233938306984,2
702,707,0.024280768548908777,5,26.98254596163419,27.664685460950558,5
713,714,0.0024721654866110086,1,27.31668873692999,27.411536800770854,1
715,717,-0.011432722462467175,2,27.21629202816998,26.932352006982626,2
718,724,-0.009764698561654208,6,26.84342594036907,26.608151403639646,6
726,732,-0.017432931062391403,6,26.373369402125334,25.939977640857226,6
736,738,0.0018721420237639134,2,26.547291695136515,26.623539287231235,2
742,743,0.0009307318492974698,1,26.24560393427725,26.296277157697205,1
747,750,-0.0020399337310963717,3,26.374610349450812,26.347182502503895,3
752,761,0.012298700528102315,9,26.297952848853996,26.64768144829306,9
764,765,-0.0023802459872982107,1,26.96952219903726,26.93229762424269,1
768,772,0.008296992069968319,4,26.922243733673184,27.172539620170898,4
774,776,-0.00306146054206618,2,27.246341269512627,27.190174012069857,2
782,790,0.007890859538852133,8,27.73410790680198,27.980687964636726,8
793,794,-0.003997422243800806,1,27.753761347543445,27.67057160593118,1
797,798,0.0006925066845820649,1,27.89698245811288,27.944198287402905,1
802,811,0.017112232196395405,9,28.11140792936299,28.620568277147203,9
813,815,-0.001923754804177503,2,28.60724151992937,28.58081544314107,2
817,819,-0.0015595618806425035,2,28.466578477386715,28.45064966519845,2
820,821,-0.0014403352016433447,1,28.46728873600965,28.45475358668384,1
823,825,0.0017845148519464974,2,28.52283684896945,28.602259111795053,2
826,827,-0.00471555287663953,1,28.557730995248647,28.451623235698953,1
829,830,-0.008532658422819047,1,28.332983383281544,28.119560697355876,1
832,834,-0.0002406449634026499,2,27.960175114262487,27.981406814059646,2
835,838,0.013841699562087601,3,28.194915317754727,28.613375780079345,3
841,843,-0.0017363796909200691,2,28.717221563764596,28.696074785025388,2
847,848,-0.005473468110476753,1,28.637309877404252,28.509201784897844,1
849,853,-0.011534689022423248,4,28.412612674948157,28.113294636103017,4
856,857,-0.007067750157693935,1,28.16342130363408,27.992532699577755,1
861,866,-0.004644446311076103,5,27.779731649364273,27.678489908832063,5
870,872,0.003321616647030059,2,27.765232978789296,27.8852236718391,2
873,875,-0.0029445362155625645,2,27.856045493092633,27.801878403808956,2
877,880,-0.013437764474554446,3,27.636879021317306,27.293138029238406,3
881,884,-0.004544878283449471,3,27.221445099949214,27.124948390370292,3
890,891,-0.0030709732995997077,1,27.127405977808436,27.071225844340994,1
893,894,-0.0026592340020759287,1,27.015078677644393,26.97025434053369,1
896,898,0.0003109776121687437,2,27.284691082260373,27.320460701424157,2
899,905,0.007538801026150452,6,27.337677130557783,27.57110811609276,6
907,909,0.001135635643827067,2,27.6327738570297,27.691787393816586,2
912,913,-0.003974192652920711,1,27.9370190981311,27.853929021184932,1
914,915,-0.004154647521536235,1,27.679100296519387,27.59178249137062,1
916,918,-0.009044470917587762,2,27.533811808773528,27.312316860427515,2
920,921,-0.0007435246234217241,1,27.309719307643224,27.3167235781869,1
922,923,-0.001878284189674776,1,27.19760219579043,27.173714971784804,1
924,926,-0.0006187016754825726,2,27.07086675561442,27.08118883175157,2
928,929,-0.0031609664069168907,1,27.221726574779808,27.162901338113432,1
931,934,-0.00032093067633514444,3,27.32191411887207,27.340467592614,3
935,936,-0.0027540479676349382,1,27.322695502591724,27.274770184075095,1
944,945,-0.0069593643777614385,1,26.698536895117577,26.539430585406464,1
947,948,0.0049611757128718,1,26.332390188838556,26.489362193694124,1
949,952,0.001359514036963942,3,26.61302734967554,26.675821161273205,3
953,955,-0.0020656241936667947,2,26.614999564159966,26.586637976709966,2
956,957,0.0007346812136010301,1,26.69415745728372,26.740463310737777,1
958,961,-0.0024897573992388533,3,26.786229120555987,26.74632413752593,3
963,966,-0.00848075282044768,3,26.591886118166677,26.392958791087178,3
969,972,-0.011943814283093306,3,26.465227958378478,26.175597418642255,3
974,975,-0.0039054899116735585,1,26.29286481059827,26.21647115714208,1
977,978,-0.00241611614895979,1,26.15432583984186,26.117288276654904,1
979,981,-0.0005321597951021522,2,26.081632544027194,26.093834580340662,2
983,986,-0.002797361734616404,3,25.914976223539842,25.868397636922158,3
987,988,0.002595890555653961,1,25.924046764913154,26.017266799839437,1
991,992,-0.0020839304116869245,1,26.346071919956024,26.317514611373493,1
995,996,-0.005247223815327964,1,26.332398821960485,26.22055923056914,1
1002,1004,0.0015039552973414574,2,25.935171036213042,26.000111545116624,2
1006,1013,0.012634423938307798,7,26.10936839752318,26.465354595016468,7
1014,1018,0.014727438002325174,4,26.577829790583333,26.995830960851084,4
1023,1025,0.002977441976368374,2,27.63416164570634,27.74407492021772,2
1027,1028,0.0005946114263459547,1,27.566206282331812,27.61016366985063,1
1029,1030,0.002899171667346061,1,27.620316834604985,27.728013191449598,1
1032,1033,0.005425588080506307,1,27.929905033398683,28.109371098270962,1
1036,1040,0.0025397008395743087,4,28.30992539483838,28.410134061526776,4
1041,1043,-0.002443938067629112,2,28.448674579915792,28.40759645571626,2
1044,1045,-0.004289726498806672,1,28.494396924586578,28.40065815195625,1
1046,1049,-0.012311633909147641,3,28.3253300919882,28.004924327631866,3
1050,1051,-0.005868825752541761,1,27.899859744314746,27.764020188699323,1
1052,1053,-0.0033584671420826,1,27.847638592600006,27.781960851994768,1
1057,1060,0.013201538646067275,3,28.27476915109236,28.67631437790023,3
1061,1062,0.009037354000860826,1,29.10199981599221,29.394106890278312,1
1063,1065,-0.005632146895428204,2,29.539542314632687,29.40271081540759,2
1068,1070,-0.00575487003953112,2,29.295394011260846,29.156098219980443,2
1072,1074,-0.004777115487966371,2,28.762368547094894,28.653729759385065,2
1078,1084,-0.006088846495515822,6,28.955743279785022,28.808391947070632,6
1086,1088,-0.006114902460769075,2,28.570142871803945,28.42400937772443,2
1089,1090,0.0019256859143534778,1,28.471839778363503,28.55513943895879,1
1096,1099,-0.010581589697427438,3,28.045286861328062,27.776568429676164,3
1103,1105,-0.00039591554151265724,2,28.00776060950648,28.024679662407717,2
1108,1109,0.002363808136849848,1,28.211851929365668,28.30675118644127,1
1112,1113,-0.005927740963226276,1,28.009644454610633,27.871620182266245,1
1114,1115,-0.012185609988266888,1,27.604197376845164,27.295427590948634,1
1116,1120,0.0028066270859339977,4,27.086883336312557,27.1899930000941,4
1125,1127,-0.0026398980942836645,2,27.592075117635154,27.546826926232413,2
1129,1131,-0.004284691083338933,2,27.635619230595886,27.544844758526597,2
1132,1133,-0.0049457653077264714,1,27.6266608411818,27.51765252126634,1
1134,1135,0.00029713292340327645,1,27.52008796478188,27.555785176935952,1
1138,1139,0.00047771691087864984,1,27.836922829253147,27.87805792086476,1
1140,1143,0.007284283635816693,3,27.88886046302337,28.11989969337877,3
1148,1150,0.003357841322388975,2,28.38408157144401,28.50777489501411,2
1151,1152,0.0004546288648463535,1,28.595614846829207,28.637210853593434,1
1158,1161,-0.009366874028234384,3,28.482341106576428,28.2440329465085,3
1162,1164,-0.008832784539970738,2,28.182715030391073,27.961965895806625,2
1167,1168,-0.004546058582508807,1,27.943808324680337,27.844717943342623,1
1170,1171,0.0004407483199160081,1,27.69747643714509,27.73738152978782,1
1172,1174,-0.009555478887712084,2,27.722309355125997,27.485131722719593,2
1179,1182,-0.009957340111418897,3,26.912153059599916,26.671091751514517,3
1186,1187,-5.06221714769514e-05,1,26.72208250651497,26.747451859178618,1
1188,1193,0.009912068332183645,5,26.80756083046347,27.100086766064656,5
1195,1196,-0.0008960750639368907,1,26.997196199902973,27.00000188179193,1
1197,1198,-0.0032570183114831053,1,26.912344980679674,26.85160332525333,1
1199,1200,0.0014116709569824359,1,26.81111671177598,26.875776303274037,1
1202,1204,0.0036416187417994492,2,26.895051998849215,27.019888576268745,2
1207,1208,0.0012822035816912412,1,27.011554961969672,27.07320082945093,1
1210,1213,0.008695358014522186,3,27.41168942152033,27.67745556424486,3
1216,1222,0.017835520531046832,6,27.491423448947053,28.009238719747398,6
1226,1228,-0.00826662027263367,2,27.811076793680858,27.608984259248125,2
1233,1235,0.0005917143913815484,2,27.687333266161502,27.73140359298023,2
1237,1239,-0.004528182743925682,2,27.5708183315223,27.473543446049113,2
1247,1248,-0.010308454003264276,1,27.31159832589822,27.057369569125967,1
1249,1254,-0.013419789972595974,5,26.924405286070215,26.59000982728017,5
1257,1259,-0.0019764538712126935,2,26.38831918549491,26.36255220907144,2
1262,1263,0.002135504668887001,1,26.703536359620134,26.787265422551517,1
1264,1265,0.0013143384464658786,1,26.851733193171523,26.913877191654723,1
1270,1275,-0.02010093569142792,5,27.157078276232596,26.638352670511203,5
1277,1280,-0.0007596223508313396,3,26.575411805987365,26.581799941002977,3
1283,1286,-0.00941976304383985,3,26.219904862129603,25.999139476158447,3
1288,1295,-0.005638042949001925,7,26.071822544415674,25.950900311695918,7
1297,1301,-0.005518010198166639,4,26.005929363911754,25.8884343098328,4
1302,1303,-0.011233252848050178,1,25.730006993478177,25.466705326131816,1
1309,1310,0.0016830101626619707,1,25.663667874859335,25.732523756578765,1
1317,1318,-0.014809503205698852,1,26.35779154850874,25.993803541624466,1
1322,1325,-0.012266666991382454,3,25.628501238110907,25.33975344917288,3
1327,1328,-0.003952185540563102,1,25.389926537026014,25.314970763027446,1
1332,1333,0.000379629868035942,1,25.86179601045332,25.897475716670396,1
1337,1338,0.00040186208940262377,1,26.150398280024604,26.18705753199615,1
1342,1344,0.0006879306296658126,2,26.40053081267412,26.44509307727227,2
1349,1351,-0.007269996005862864,2,26.324870817758327,26.159813982876127,2
1361,1364,-0.005329353529652902,3,25.92422786242825,25.81199271502852,3
1366,1369,0.005107319975255004,3,25.93626163638403,26.09466268515936,3
1370,1371,0.001023486710569353,1,26.14487861679624,26.197782431226777,1
1373,1376,0.00265685276144297,3,26.58085279953594,26.678055064497432,3
1380,1381,-0.0015769298812800454,1,26.553604957225957,26.538285389070428,1
1382,1384,-0.0022672211400755135,2,26.721742826956028,26.687880469546048,2
1387,1391,0.0038102507258277584,4,26.547964458801022,26.67566682410822,4
1392,1395,0.01450689314497804,3,26.797026836511215,27.212565468268103,3
1396,1398,0.0006216752785759756,2,27.257506514654548,27.301709339124987,2
1400,1401,-0.0007423164609467094,1,27.326840369543493,27.33388204648106,1
1404,1408,-0.008973250817219822,4,27.504914036935393,27.285610458612837,4
1410,1411,-0.00041379070559726663,1,27.145459105548028,27.16137202597653,1
1412,1414,-0.006262148163608745,2,27.09532872937426,26.952749095058607,2
1418,1419,-0.00596341447701933,1,27.12196277729292,26.987345234598926,1
1421,1423,0.010019110645381572,2,26.95190612002126,27.24889215566171,2
1424,1425,0.0025672629838528727,1,27.33471550651468,27.43222562531522,1
1432,1433,-0.004778603940452628,1,28.017677040615897,27.911809335747897,1
1435,1439,-0.004463377457504941,4,27.94481424347286,27.848030803767852,4
1442,1443,-0.003646942352772889,1,28.071731621470203,27.99742736612566,1
1444,1446,-0.010883431462454053,2,28.048332817808333,27.771119042767424,2
1449,1453,0.005671469729078954,4,27.601707243774257,27.785851198121996,4
1456,1458,-0.011112929915658282,2,27.913553198156166,27.631265390966213,2
1460,1461,-0.001914970455194461,1,27.45168740321394,27.426569920294764,1
1462,1466,-0.010853664607634709,4,27.314534086273074,27.045385828473133,4
1467,1468,-0.0021466626346350404,1,27.009818704979974,26.978847555102707,1
1469,1470,-0.0028679852202960036,1,27.071962575708465,27.021392549732635,1
1472,1473,-0.0010731235530415974,1,27.04969081466406,27.047712845163016,1
1480,1486,-0.019391413680707573,6,26.444489660284514,25.958138111367028,6
1490,1491,-0.00592330200835571,1,26.032820452473736,25.90465301525691,1
1493,1496,-0.012988481768308295,3,25.69664708411151,25.388583299036988,3
1499,1500,0.00034321016721272483,1,25.63233022118877,25.666759827751225,1
1501,1503,0.004505714529552719,2,25.70492376679212,25.846447739055993,2
1510,1516,-0.0009816561300755697,6,25.7966663664084,25.797139577100708,6
1517,1519,-0.002652368431625902,2,25.76411799685533,25.72154618160864,2
1523,1525,0.0005803044121983358,2,25.86681334972619,25.907690788992273,2
1530,1531,-0.003690940845629215,1,25.45948720075741,25.390977226740116,1
1532,1533,-0.0034537077865806837,1,25.387165834076093,25.324873147589805,1
1543,1545,0.0033119415632358153,2,25.664455400665805,25.775119032605748,2
1547,1555,-0.00040200112382386417,8,25.788818865167826,25.804240549867107,8
1556,1558,-0.004231422246531728,2,25.816571029742853,25.733146787788176,2
1560,1562,0.0021856951254421303,2,25.650770671321162,25.732486206412624,2
1563,1569,0.012171862132829631,6,25.812296453072072,26.152292463283665,6
1573,1578,-0.0004974252535533753,5,26.379338188663137,26.392595777864734,5
1580,1581,-0.011120083371781733,1,26.244182563692178,25.978589248123352,1
1583,1584,-0.002462764897901676,1,25.93129687634858,25.89336548552079,1
1589,1591,0.006077086905686681,2,26.172088751423082,26.35731089802025,2
1596,1598,-0.011517885620980918,2,26.2629007852295,25.986670598695287,2
1599,1600,-0.0023350325473586184,1,26.02868043145246,25.993931295911676,1
1601,1603,0.00445060985004679,2,26.09533757213067,26.237573076141622,2
1608,1609,-0.012185531159265614,1,25.844777580368625,25.555690015439122,1
1615,1616,-0.0008666113738876123,1,25.39238613992209,25.395773195423008,1
1619,1621,-0.0029745747660095607,2,25.591261150371203,25.54072929187332,2
1623,1626,-0.010138463569220265,3,25.508911906075294,25.275799643931176,3
1627,1628,-0.004181235717871398,1,25.265166476443657,25.184792026430827,1
1629,1633,-0.03018054015483839,4,25.102399225267767,24.369897656692057,4
1646,1647,0.012006138907856408,1,21.95698010682234,22.24255564008871,1
1652,1653,0.0035016294021430845,1,24.154128381405798,24.262861315910673,1
1654,1655,0.004448372299879167,1,24.284718123554388,24.417030309089135,1
1658,1662,0.07884519174103474,4,25.040107237988483,27.039439401621745,4
1663,1666,0.023839582711116847,3,27.14891451495508,27.82328222256635,3
1671,1672,0.0017586038119505785,1,27.022681278789754,27.09722615037455,1
1673,1674,-0.0069275236377349765,1,26.886814860971647,26.727442630339834,1
1676,1681,-0.01744700753179336,5,26.426974909244205,25.99233025386935,5
1682,1685,0.005892060740347893,3,26.276153640414943,26.457250487327396,3
1686,1687,0.0041989216357779325,1,26.39834918552858,26.535592134258046,1
1688,1693,0.03261314418034417,5,26.610443405722886,27.50490407662234,5
1694,1700,0.0006170997581140157,6,27.707925060599603,27.75273153951294,6
1701,1703,-0.010030900598221308,2,27.84598852302343,27.594514168612793,2
1706,1711,0.047807117470304104,5,28.88067997361913,30.29026271371382,5
1719,1720,0.009317002842242142,1,30.505122552585267,30.819843988663234,1
1723,1724,-0.004326635950535809,1,32.347328161149754,32.239720376385094,1
1725,1730,-0.01818538319564419,5,32.49092855822056,31.93255950056524,5
1731,1732,-0.009500438751860706,1,31.70577017009414,31.436257212682683,1
1735,1738,0.009424141986542123,3,30.95072283969031,31.273357569157355,3
1740,1743,0.010392523093173456,3,31.006548309354965,31.35979112700889,3
1744,1750,-0.032651945087339325,6,31.182534611190295,30.195546737992842,6
1751,1755,0.00475033379544152,4,30.25331019742791,30.427276829480157,4
1758,1764,0.017960012315167428,6,30.506903558175487,31.08531482533612,6
1767,1769,0.00542752185951804,2,30.40002786721488,30.595424710861362,2
1770,1774,0.08249996209673291,4,31.46075105283596,34.08772257328251,4
1775,1778,-0.008149187700291001,3,33.90173866751751,33.65936877441722,3
1781,1788,-0.044349232965123005,7,33.57952603145477,32.123879334658824,7
1790,1791,-0.002557204894653635,1,31.138543302416178,31.09005421037327,1
1794,1802,0.07099670482941035,8,32.601667384635654,34.94888000827388,8
1804,1805,-0.012553108349605855,1,35.32744948680881,34.91930763517248,1
1809,1811,-0.014493033912665671,2,33.862009836968454,33.40510858988722,2
1812,1814,-0.003224081152055127,2,33.31287477545186,33.238784238543005,2
1816,1818,-0.021683463955419275,2,33.375306957950414,32.68498999948459,2
1828,1834,0.04764066918019632,6,30.46420795832596,31.946007419463598,6
1839,1841,-0.01822468706147528,2,30.43664755029353,29.912385821039305,2
1842,1844,-0.007520739429541268,2,29.99538870057285,29.799796586768608,2
1846,1848,-0.005492842806522993,2,30.22636533996101,30.09056303187603,2
1849,1851,0.009269895993517737,2,30.183338257453727,30.49331800209494,2
1853,1855,0.021314118517860924,2,30.20943618337355,30.883533122727105,2
1856,1858,-0.012415396021266258,2,31.10987369333361,30.754742164952635,2
1859,1860,0.0011491995019863284,1,30.72158909769687,30.78761592168587,1
1861,1862,-0.0070126535589368775,1,30.91255727494113,30.726690777426114,1
1870,1872,-0.015674883705315733,2,30.368445477528564,29.92279207183461,2
1873,1874,-0.002752485326642841,1,29.747706152090252,29.69557373355743,1
1878,1882,0.02126283145525528,4,29.808625616773448,30.47225002479248,4
1885,1888,0.02172673066207677,3,30.350021146075665,31.03977790225086,3
1890,1892,0.010286818553955898,2,31.326414283525875,31.679989837490083,2
1894,1895,-0.0018296112955863005,1,32.010480231915366,31.983923975937827,1
1898,1899,-0.006113180617806766,1,31.74220453958577,31.579900914567503,1
1900,1902,0.004006366560825153,2,31.661304175775403,31.81981227027312,2
1907,1913,-0.03435177541689203,6,32.06253464540024,30.993192190610532,6
1916,1917,-0.0016559124086184588,1,31.464356282333785,31.44371842061901,1
1920,1924,0.032789327206468925,4,31.950397128819176,33.02997955178147,4
1927,1931,-0.0006962988622973842,4,32.50413182721629,32.51400336903225,4
1936,1941,-0.020489821743318617,5,32.26675718571937,31.637883839934755,5
1945,1949,-0.006030589594797262,4,31.465321594471103,31.307032475061007,4
1950,1953,-0.012925692345053103,3,31.126597271357383,30.755391048550806,3
1955,1962,0.05123763696746596,7,30.715268104326242,32.31976112891842,7
1963,1964,0.0015184767392834677,1,33.03304542079192,33.11623837731188,1
1967,1968,0.00796102757317985,1,33.79709938572013,34.09995612520907,1
1971,1973,-0.0014224795849446807,2,34.166446456730924,34.15201183061285,2
1975,1977,-0.00471046194967063,2,33.88408154412816,33.75835594885913,2
1978,1983,-0.015069094643689076,5,33.886757889290635,33.41000188537843,5
1986,1987,0.003693781959122547,1,33.24071752327124,33.39674220349026,1
1991,1993,0.001602787540117678,2,33.29325398290126,33.37990924953793,2
1997,2000,-0.01982070154103505,3,33.822426550689165,33.185864755185065,3
672,674,-3.4778167456500446e-05,2,27.038402634372396,27.064500690912194,2
679,680,-0.009834153541558522,1,26.68162958678467,26.445919974276023,1
681,685,-0.0077747731655218475,4,26.33076373647775,26.152378784888164,4
687,689,0.00436609538933164,2,26.138969929615115,26.2792341356363,2
691,692,-3.3719381470707216e-05,1,26.548741080463397,26.5743946144158,1
697,699,-0.00028594601477204397,2,27.094529076496258,27.113876032961205,2
701,702,0.0012155137429032317,1,26.941196644551038,27.0008852359673,1
704,708,0.013513927527454318,4,27.40586230250763,27.803629001793617,4
715,716,-0.009730280627812189,1,27.290801402372768,27.052545047572163,1
719,725,-0.010132259370321542,6,26.676390180799444,26.432774466604485,6
726,728,-0.005196084591368216,2,26.36864438637544,26.257999323970502,2
730,738,0.020990187454155054,8,26.044882379905467,26.617614225661008,8
739,740,-0.008748070744198881,1,26.542726559846603,26.337071636716985,1
741,744,-0.0014861740843525686,3,26.26011185423485,26.24734486839912,3
745,748,-0.0008411560074334783,3,26.34421187186701,26.348396491661756,3
751,757,-0.0010730170061279331,6,26.307349759570428,26.305428875651824,6
758,759,0.00023428474721088623,1,26.430779180947354,26.463402288547297,1
766,767,-0.0012862756142095564,1,26.93992664199079,26.932214397944595,1
772,774,-0.0003711670569394452,2,27.18013429419817,27.19722605803917,2
776,777,-0.0007828704592356467,1,27.234707310673066,27.240620770164284,1
778,779,0.003374068046586076,1,27.444274724532853,27.564317849667162,1
780,782,-3.3428314490419444e-05,2,27.77716761147813,27.80401623519504,2
783,786,0.013519877289463206,3,27.761230281528942,28.164319938621272,3
787,802,-0.004606918526178095,15,28.2717679103221,28.169793946878553,15
803,806,0.014107571109497279,3,28.162089831561616,28.587550606283983,3
808,809,0.001487932748139509,1,28.500352041711277,28.571259000889356,1
811,816,-0.00494119822300555,5,28.61060421008612,28.497844147614213,5
821,823,-0.0011370844128196984,2,28.508696596874987,28.50478849894175,2
826,828,-0.0024255126930187447,2,28.49347514977257,28.452857339278356,2
829,830,-0.005122122575003598,1,28.261125594185632,28.144629770378828,1
831,833,-0.006797835935464555,2,28.130877538471363,27.96777932578266,2
836,838,0.004653294317704079,2,28.41113476303155,28.571751269746922,2
841,842,0.0006783009068699309,1,28.64607928415331,28.69415602499417,1
843,844,-0.0019701187771038434,1,28.696480148939653,28.66864115471038,1
845,848,-0.0020416189792711687,3,28.62515058675515,28.59533408661949,3
849,850,-0.007388707383421044,1,28.42023881202764,28.23867022249065,1
853,860,-0.011513935645124214,7,28.05798478467151,27.7629849383136,7
861,862,-0.0016908512064839369,1,27.822864362871872,27.803642903458943,1
864,867,-0.011259920669371589,3,27.965358215883217,27.678435859097696,3
872,875,-0.005819667659414967,3,27.94766758527338,27.812969115656557,3
876,878,-0.010377246791901714,2,27.739055804366075,27.4789398323142,2
879,881,-0.009255004428064706,2,27.43008745075944,27.20365195739122,2
883,886,-0.0028713279364993363,3,27.184493295470663,27.13362219372727,3
889,890,-0.00452551569961153,1,27.20732256592985,27.11140272307927,1
891,894,-0.004435294208225027,3,27.06872627933395,26.975737240722527,3
895,897,0.009827991654310787,2,27.11303916635003,27.40661892816627,2
902,903,0.00015483111247043425,1,27.39204574878964,27.423678935454557,1
904,908,0.005257698533167982,4,27.545583034924,27.7179549894769,4
909,911,0.0004954831520109406,2,27.794179619551986,27.835745346896992,2
913,914,-0.007879978873046273,1,27.92039600041003,27.728304265800123,1
915,920,-0.012617663207818451,5,27.60173934942694,27.281071637715307,5
921,922,-0.003200177315983984,1,27.34366110140366,27.2835001985124,1
924,925,-0.004300582051943211,1,27.114421925532174,27.024928551175947,1
928,932,0.0011021092949600859,4,27.205398230346308,27.26258695083941,4
935,938,-0.0075045167084881554,3,27.378571733091572,27.200487355799137,3
939,941,-0.007024370482772671,2,27.164614154882706,27.000964455192122,2
944,946,-0.01338985571546408,2,26.674297876751588,26.343807174747326,2
947,948,0.0035043023971489534,1,26.34835483463982,26.46703579248242,1
951,952,-0.0028989886784840423,1,26.616654762465465,26.566110036412425,1
962,963,-0.0042497338600694275,1,26.677987043779314,26.59129068596465,1
964,965,-0.005326476881921732,1,26.574136064909986,26.45916367956811,1
969,974,-0.008904031616248042,5,26.418820067392925,26.210004878316283,5
977,979,-0.005306925370287661,2,26.18231161762784,26.0695463554691,2
985,988,0.008553331633208126,3,25.78238582864305,26.028693510759403,3
998,999,-0.004392216306475764,1,26.266754155928194,26.177651644162264,1
1003,1004,0.0016145159524833387,1,25.947387419182448,26.015227277515166,1
1005,1011,0.006762283975886733,6,26.02757579345876,26.2296092279715,6
1012,1013,0.003869558465515799,1,26.35632984123339,26.484673530331694,1
1018,1019,0.00010572294882831533,1,27.077744713362968,27.107685197095048,1
1021,1022,0.004028306969485509,1,27.434521356382056,27.57247055132285,1
1024,1025,-7.593823595544366e-05,1,27.710516517934145,27.736122746710294,1
1027,1028,0.0013171781958074705,1,27.521839708255474,27.58561271513595,1
1030,1031,-0.0005143853640785373,1,27.778143519446314,27.791632992498084,1
1033,1034,-0.00060056987739988,1,28.110755496428407,28.121983778942727,1
1037,1039,0.004313811244521203,2,28.26714228472101,28.417348543244042,2
1041,1042,0.00022441444453234023,1,28.43612025608821,28.470937852476222,1
1049,1052,-0.007612273944138324,3,28.03392100891167,27.84855304347241,3
1057,1059,0.003173309426553585,2,28.280809221497268,28.398833789211906,2
1061,1063,0.01421364558659111,2,29.084120122556293,29.526595618298707,2
1064,1065,-0.005422792303723519,1,29.50170139814787,29.37122150025739,1
1071,1073,-0.00931089642879528,2,28.924082411862685,28.683697358639755,2
1074,1077,0.0023065400142536843,3,28.61944135102022,28.714072679032956,3
1086,1091,-0.002963070175014699,5,28.553767136655953,28.49771408800567,5
1094,1095,-0.007121219917009283,1,28.124031098075953,27.951877718771822,1
1097,1098,-0.008388278352744711,1,27.91270212907783,27.706475316170952,1
1100,1101,-0.0040407980085437785,1,27.85971427072437,27.774998507051354,1
1105,1107,0.0007469916854463631,2,27.961593999263833,28.010442671492374,2
1110,1111,-0.006140180515929604,1,28.312153255156623,28.166623676630454,1
1112,1115,-0.027332446300370038,3,28.01524795431956,27.277537941970888,3
1117,1118,0.002264031202330435,1,27.0918770156056,27.180305747514236,1
1119,1121,0.0035856029900702725,2,27.202960246987754,27.327702222835104,2
1127,1128,0.0008173249647704191,1,27.57680961153272,27.62692563608848,1
1133,1135,0.0017101650107247826,2,27.53439108822215,27.609013831541063,2
1138,1139,-0.00038868372556454293,1,27.863447976441606,27.88048135565149,1
1140,1143,0.007075747233132308,3,27.881916642491078,28.1070839536711,3
1144,1147,1.1223785007520885e-05,3,28.27614293255656,28.304736440838234,3
1150,1152,0.005373959926098977,2,28.472141768770463,28.653622059414815,2
1154,1155,-0.004645566190395965,1,28.699054610492112,28.594430307307775,1
1156,1157,-0.0037758898859165243,1,28.636328954742044,28.556837658826797,1
1160,1161,-0.005199323454100481,1,28.350749457830112,28.23169549069052,1
1163,1165,-0.007483660892004255,2,28.101075833998813,27.91887798759067,2
1167,1170,-0.009041299346294985,3,27.970036485674132,27.745121049566034,3
1173,1176,-0.020414664345527033,3,27.706451625824233,27.168540167303274,3
1177,1181,-0.014810794959338163,4,27.058481786426032,26.684782642562716,4
1182,1183,0.0011743508510447392,1,26.66209685516549,26.720069608153157,1
1186,1188,0.004688911281708787,2,26.685607503307686,26.837419556892506,2
1189,1190,0.0018078173955543902,1,26.87598886732041,26.951451736384797,1
1191,1195,-0.0034501349512423675,4,27.05643837562926,26.990146450308995,4
1196,1201,-0.007347893658335564,5,26.99447979421948,26.823121707123686,5
1203,1204,0.00022415875946055403,1,26.94248623413052,26.975468114655676,1
1205,1209,0.009423976390104553,4,26.98331772291437,27.26459118978472,4
1210,1211,0.002043482381889459,1,27.406747855984264,27.49015981022884,1
1214,1215,-0.0035861844988064186,1,27.59340085362195,27.522039228064962,1
1216,1217,-0.0034552613948660334,1,27.502773146506556,27.43524664934818,1
1218,1221,0.011081426721084458,3,27.566244735200936,27.899284300944746,3
1222,1225,-0.0052986245207306375,3,28.017405169855984,27.896968864985595,3
1227,1228,-0.00189156818264639,1,27.599334376078648,27.574727687686718,1
1232,1236,-0.004652002310759858,4,27.70901292195588,27.60781954273602,4
1238,1242,-0.002125199187485393,4,27.54131476887519,27.51032530387497,4
1250,1254,-0.012715530948721899,4,26.875209812819833,26.560352460504348,4
1260,1261,0.006459803324914343,1,26.420687119073005,26.617780248690387,1
1267,1271,-0.00297209984313466,4,27.014093843547467,26.960819353316182,4
1284,1290,-0.0011570603334042852,6,26.10659519139068,26.10249488084587,6
1291,1292,-0.0030871563962081494,1,26.217480914184225,26.16276093120172,1
1293,1294,-0.0011890421449291461,1,26.142221516564256,26.13727953493555,1
1295,1297,-0.0031755418640031213,2,26.072907040195126,26.01618433941292,2
1299,1300,-0.004508351033853964,1,25.977398316229042,25.886260483989464,1
1302,1308,-0.00967426495937054,6,25.726290962048846,25.503134297822175,6
1318,1323,-0.02026826399283646,5,26.036856637227565,25.53517160999783,5
1324,1326,-0.00963752781610894,2,25.53420199960843,25.31364961957467,2
1330,1332,0.010442125364800874,2,25.551529723826253,25.84389353018871,2
1337,1338,0.0038945780560810167,1,26.11687470626804,26.244705788098756,1
1346,1349,-0.0028151990145575323,3,26.341423548127523,26.29360862206092,3
1350,1353,-0.016778043083304293,3,26.2654096296701,25.85099286493253,3
1364,1365,-0.0029434007387777548,1,25.84545941038447,25.79523132547228,1
1367,1368,0.0004929646483713497,1,25.960152265168322,25.998909854766556,1
1369,1370,-0.0009617169667852199,1,26.123248518738297,26.124248595929018,1
1378,1379,-0.005572398719553189,1,26.64279623980444,26.52097475239224,1
1382,1384,-0.003060683360294403,2,26.67959333669688,26.624615142648526,2
1389,1391,0.003757654556265798,2,26.512263305917326,26.638399496231642,2
1396,1399,0.0016641457005409765,3,27.238907436963807,27.311475855099427,3
1403,1406,-0.004247360766987767,3,27.484619484257895,27.395367009249128,3
1411,1413,-0.011599846904929871,2,27.199277505207764,26.91096932772786,2
1416,1423,0.003296878094691923,7,27.117077457238885,27.23359623335696,7
1428,1429,-0.004167145467610578,1,27.90041172615626,27.812047063613296,1
1430,1431,0.0018713503170624318,1,27.890130097203766,27.970212431101285,1
1433,1434,-0.003765369163731226,1,27.99069690757035,27.913292297470807,1
1436,1437,-0.0015656149124557836,1,27.860709481143353,27.84495104838922,1
1443,1444,0.0020914042485561746,1,28.0142239503404,28.100827241280488,1
1462,1463,-0.0030140062374602976,1,27.212653215505842,27.15784676219197,1
1464,1465,-0.007962853871213645,1,27.11721857935358,26.92840534899178,1
1470,1473,-0.0006439275024624806,3,27.040802399431872,27.050430885477656,3
1475,1477,-0.014750865140614917,2,26.804452020004355,26.435867615109192,2
1490,1491,-0.006529832070055835,1,26.03302833934702,25.889070064355426,1
1492,1495,-0.02056124672749204,3,25.844307659349642,25.33876078072389,3
1500,1504,-0.002735265486551628,4,25.705807728064762,25.66120132711032,4
1515,1517,-0.0067557914268538905,2,25.814062560037517,25.665482200062183,2
1518,1519,-0.0012721620912470193,1,25.727011787297762,25.720009869968194,1
1520,1521,-0.001561517397902197,1,25.734212612148134,25.7197624040451,1
1527,1528,-0.007473063345096142,1,25.822712969353077,25.65556091256022,1
1529,1531,-0.011840747095911548,2,25.640022212715614,25.36206521637401,2
1532,1535,-0.004249511534294075,3,25.383507280234287,25.301023280546328,3
1539,1544,0.012852449486549147,5,25.406872494261975,25.758819912099934,5
1545,1548,-0.002989290471456312,3,25.73491113937871,25.68371692586537,3
1558,1559,-0.00289722481712471,1,25.73834245394152,25.689511031886248,1
1567,1571,0.0052210593439127265,4,26.15114323738974,26.313831051380703,4
1572,1574,-0.0027001932693369634,2,26.459983540759758,26.41499645483699,2
1576,1577,0.00041304069019122854,1,26.471139666173602,26.50854446363764,1
1581,1582,-0.004539421358011119,1,25.998665606417713,25.90664537409057,1
1585,1587,0.0006725235017572245,2,25.92279754574852,25.96615403387508,2
1592,1593,0.0014555315191703711,1,26.36195011247183,26.426682711879803,1
1594,1596,-0.008451738050256742,2,26.45939680597737,26.262228312011427,2
1598,1600,-0.002999090746977539,2,26.034602823325077,25.982557289719733,2
1603,1604,-0.003120881123463126,1,26.19777328005015,26.142210917223725,1
1607,1608,-0.0047580082590775,1,25.917026736119833,25.819630335594763,1
1609,1610,-0.007526931051053081,1,25.624810031988293,25.457558663713172,1
1612,1616,0.00270951724602277,4,25.29465211076642,25.388483059003455,4
1620,1622,-0.000794042061482915,2,25.568448369253932,25.573714394171144,2
1623,1626,-0.010141866105175642,3,25.542272939954223,25.30876890071531,3
1629,1630,-0.004015388961977562,1,25.048713372621354,24.97318175880581,1
1632,1634,-0.02170427185652199,2,24.701024577732074,24.189607849740078,2
1636,1637,-0.006251491208477325,1,23.811950112569185,23.686901865896328,1
1639,1642,-0.021979794203684035,3,23.591217879903763,23.09627898376911,3
1646,1647,0.012052255488691207,1,21.974809581486927,22.261630410459833,1
1649,1650,0.013015681739981425,1,23.503665401387217,23.833085295376073,1
1652,1656,0.018755802622805056,4,24.144890563562637,24.62189225588561,4
1659,1660,0.019669691586153316,1,25.4677420575097,25.99415243123413,1
1662,1664,0.000348253389374365,2,27.059147932225653,27.095630520138858,2
1665,1670,-0.02831263288077459,5,27.49380410494001,26.74287592692585,5
1671,1673,-0.00708521999348285,2,27.039617285271277,26.87507526555082,2
1675,1677,-0.016346414739043993,2,26.56905942694797,26.16131962175572,2
1680,1682,0.013919853017398658,2,25.91822307986526,26.304919158689,2
1684,1688,0.0031615335629665052,4,26.427140193545018,26.537117624433677,4
1689,1693,0.027585727622489908,4,26.749626324681685,27.51428385680242,4
1696,1701,-0.0052388446180990506,5,27.91768907876784,27.799350332666542,5
1703,1704,0.0038776164191938337,1,27.67575467501488,27.810746390431312,1
1705,1706,0.024880712395313333,1,28.158618834025354,28.887383949518018,1
1710,1713,0.014804323979999829,3,30.143066642164438,30.61945743312793,3
1718,1730,0.05144566260803001,12,30.295224709506577,31.884077843255813,12
1732,1735,-0.0140480346732452,3,31.39459963562163,30.98496181102339,3
1737,1739,-0.001730455542610648,2,31.108274123241507,31.085550911987134,2
1743,1744,-0.007599161581522648,1,31.371322364369696,31.164297939061186,1
1746,1748,-0.006678545804485279,2,30.49145787765527,30.318310737451473,2
1749,1750,-0.0030242510167627157,1,30.269675600201428,30.208402178590642,1
1753,1754,-0.0016048208560951944,1,30.496451687668706,30.478006797651105,1
1755,1756,-0.005107625946977555,1,30.482284115729257,30.357074294572346,1
1757,1759,0.01388516786034566,2,30.34098140321639,30.79261200445089,2
1764,1765,-0.010763113062753932,1,31.16786327460135,30.86356790152696,1
1772,1773,0.011416316085086118,1,33.464512091351004,33.880018051110405,1
1775,1777,-0.014097047628742393,2,33.83987969564792,33.39667717952311,2
1778,1780,-0.004675128840550137,2,33.62628825626494,33.50270731449369,2
1795,1802,0.06501647508230975,7,32.71647993931375,34.87630662200834,7
1803,1805,-0.007048533546029961,2,35.1274056896395,34.914936397940714,2
1809,1811,-0.013552302343640351,2,33.851188622536085,33.426278268254414,2
1812,1813,-0.004025263089861024,1,33.25285298223604,33.15225435347631,1
1815,1816,-0.008381771873103367,1,33.57200207665705,33.324181216003815,1
1822,1828,-0.04272371744916981,6,31.780500003553207,30.454499401011613,6
1829,1831,-0.0003880418449025766,2,30.705076432994556,30.723866654920617,2
1832,1838,-0.015207245943242537,6,31.257649087558985,30.813563979364464,6
1841,1850,0.011003993164851372,9,29.990546657519182,30.3505529746062,9
1853,1861,0.02190023861811188,8,30.238178960666634,30.93064047424307,8
1864,1866,-0.0022877665737112583,2,30.814353123990454,30.774671430046844,2
1869,1871,-0.009508619195776748,2,30.40657844596352,30.147860448920305,2
1872,1874,-0.010490364707975451,2,29.890442343664233,29.606771144540147,2
1875,1877,0.0033369303022809937,2,29.458362414070866,29.586121278680025,2
1878,1880,0.005554157071425401,2,29.77722817584715,29.972392806463326,2
1883,1884,-0.005414554770650209,1,30.54574524432354,30.410899378932147,1
1886,1887,0.009578072303776036,1,30.35056172581443,30.671612162210312,1
1888,1893,0.02100073387049725,5,31.079415175438136,31.763185117563644,5
1894,1898,-0.009544089645865696,4,31.99298131056401,31.719630410208044,4
1911,1912,-0.01003606340231052,1,31.458992676397376,31.174727224000627,1
1914,1917,0.00802193397716771,3,31.241048411555607,31.52290308770216,3
1918,1922,0.051694498203616435,4,31.411816733368855,33.06704665379769,4
1923,1928,-0.01944712052675638,5,33.16425005600373,32.55246513804114,5
1931,1935,-0.006350001595759333,4,32.55564277005619,32.38147002928542,4
1936,1942,-0.023381956788531402,6,32.269241893887724,31.54699311622006,6
1943,1949,-0.006586092491074455,6,31.513128128148082,31.337092879741167,6
1950,1951,-0.012781749067443265,1,31.2022480585524,30.834631001586416,1
1955,1957,0.0034412597692502047,2,30.626767767442402,30.762789198990113,2
1962,1964,0.02352145813038395,2,32.37847097502137,33.17243829536121,2
1968,1970,0.003059940184394431,2,34.0800084054641,34.21837120107394,2
1972,1975,-0.012758312747690438,3,34.25120861251282,33.848472189660505,3
1976,1977,-0.0023189976752201282,1,33.79911830962203,33.75453735114715,1
1979,1983,-0.012972930870951502,4,33.78602680871387,33.381509045329025,4
1984,1988,0.0042013189398621585,4,33.259870926466675,33.43286612305388,4
1989,1991,-0.006717896008312404,2,33.50779994340312,33.316205827859406,2
1997,1998,-0.0028247587390070007,1,33.84574157219698,33.78398125948494,1
680,685,-0.015358683753894525,5,26.509609483636492,26.128966384621712,5
687,692,0.018582830134971303,5,26.10160928645918,26.6127526673653,5
694,700,0.008131387058186421,6,26.74927725022723,26.993535254325796,6
702,703,0.00422591206647236,1,27.038834952302196,27.180137526142786,1
704,707,0.00908219191708319,3,27.415081404952225,27.691485517099412,3
709,712,-0.016696932418846195,3,27.68130685744775,27.24679525444105,3
713,714,0.002965569624538974,1,27.300321450097076,27.40858277557973,1
716,724,-0.018825994255699363,8,27.06989148931557,26.587343759124625,8
726,728,-0.006671565025605094,2,26.39219374496093,26.242508701968017,2
730,733,-0.004523535469820517,3,26.017881021257303,25.926206094629332,3
736,738,0.0033201536753170715,2,26.509693032613477,26.62421898039985,2
742,744,0.00023439723764525386,2,26.21630688863492,26.248668225439513,2
745,750,-0.0004942648543222239,5,26.300852421070804,26.314153686501424,5
751,752,-0.0025245122589082607,1,26.30811781764836,26.26801076952655,1
753,758,0.0036558568929283683,5,26.21291047995554,26.334954039897355,5
761,763,0.005731688637751727,2,26.722912437039625,26.90280276305968,2
764,765,-0.0016557413880556593,1,26.972207303927117,26.954520511270715,1
767,768,-0.002575653031915053,1,26.96386314851895,26.921377455796843,1
769,776,0.002546763663730197,7,27.02372811563111,27.119574892570153,7
780,781,-0.00020700626238215683,1,27.73410362952568,27.75609660002234,1
785,795,-0.014082073221871539,10,27.988708647382097,27.622558311471415,10
796,797,0.003165650975730931,1,27.730139383209035,27.845653465387855,1
804,805,0.002170305591985678,1,28.390780798911717,28.480788250039346,1
806,807,-0.0038780723427964455,1,28.596651807541313,28.51434857487745,1
817,819,-0.00093131755634089,2,28.438665677468475,28.440618914521608,2
823,824,0.00245458128649593,1,28.495299881972493,28.593739211697844,1
825,826,-0.006529637161762433,1,28.639664568871723,28.48129761537128,1
827,828,0.0003537743952862558,1,28.453884675728474,28.492404816248904,1
830,831,-0.004554320956289579,1,28.166340115822806,28.066227902887157,1
838,842,0.0017728075937243192,4,28.628867371040858,28.708249711887007,4
844,850,-0.015967652841230095,6,28.665372808729245,28.23631945996375,6
859,861,-0.008907840912805397,2,27.97044053816901,27.749254744132088,2
862,863,-0.0013429798741197234,1,27.79294053516185,27.783408115915684,1
864,866,-0.008514958534985167,2,27.90069092278006,27.691018387397932,2
867,868,-0.0018992431668247555,1,27.67097183847654,27.64608890613139,1
869,870,0.0018278693974275503,1,27.65930318849072,27.737520085531624,1
872,874,-0.004523544387455423,2,27.94804049482103,27.849564333595126,2
875,879,-0.014191108145389299,4,27.753404968444574,27.387306802103037,4
880,882,-0.002681242619649239,2,27.23227294523318,27.186488887327734,2
885,890,-0.0025192825508257586,5,27.13487790206307,27.09365235554768,5
893,897,0.013591347897504224,4,27.0173594634989,27.41157915470274,4
902,910,0.015100833675622177,8,27.403020616290938,27.844232093443484,8
912,926,-0.030342200338677124,14,27.95373668769467,27.133512545589703,14
927,934,0.0062794628763728445,7,27.130330229123484,27.327824460850124,7
936,938,-0.007029205472084415,2,27.328260038762263,27.16349234379401,2
941,942,-0.005525575976734648,1,27.008557473020286,26.886328194154128,1
946,948,0.0021880658685731504,2,26.401017828991133,26.48518601282733,2
949,952,-0.002303458786260255,3,26.642589809131575,26.607862291356135,3
953,955,-0.0008272160054271583,2,26.635572039224925,26.640174239759595,2
957,961,-0.0033705365251656644,4,26.752965460324287,26.689546578544093,4
965,967,-0.0013298830163571424,2,26.480916432456596,26.472180827867955,2
972,973,-0.0035641588110791656,1,26.231851759378916,26.164589125559182,1
975,976,-0.003337574660985637,1,26.200278498565932,26.139033391436918,1
978,979,-0.003888125737353283,1,26.175547271830418,26.099949000065337,1
981,984,-0.01905181649937492,3,26.175455907398888,25.702941380571044,3
985,994,0.02024960680325992,9,25.76958366746886,26.317177187886283,9
996,997,-0.0008648921887616731,1,26.30197410969058,26.305527711843787,1
998,1002,-0.008081618635119272,4,26.235894925409415,26.050102322996604,4
1004,1006,0.00201533802054326,2,26.03686654298974,26.115376496612626,2
1007,1008,-0.005982826197914557,1,26.091722906592054,25.96171238614436,1
1010,1012,0.004022460900739955,2,26.163676141461938,26.295082181902053,2
1018,1021,0.014589641212771173,3,27.019096899192377,27.440314925743884,3
1023,1024,-0.00031189533254087805,1,27.68363215762808,27.702681394127964,1
1025,1030,-0.003298361146498675,5,27.78613975857751,27.722277174545212,5
1032,1036,0.011715315116373075,4,27.92542844386757,28.280509066291074,4
1038,1044,-0.0025157918171898035,6,28.444586279511974,28.40147020838614,6
1047,1056,-0.0067806917743957595,9,28.220422672124396,28.057289106913675,9
1057,1058,0.0015527885180922551,1,28.21502717507863,28.287054172488833,1
1064,1069,-0.00704014921535311,5,29.4550408319633,29.27712799019392,5
1075,1076,-0.0006780710733839364,1,28.701443307815808,28.710683132652225,1
1078,1080,0.007244229390272573,2,28.955235648905198,29.19394925364417,2
1082,1085,-0.020859091456578088,3,29.23452564471692,28.65395452624881,3
1089,1100,-0.02499960049835041,11,28.49877612262556,27.81481688099062,11
1101,1102,0.0014938557088651208,1,27.834544250117457,27.90395958719927,1
1107,1109,0.006855114355177328,2,28.043006728415175,28.263287753129884,2
1115,1120,-0.004549536058834258,5,27.267750596875167,27.17096273288826,5
1121,1123,0.004860302318214858,2,27.3151930668829,27.475268356135242,2
1125,1128,-0.0016090834150354395,3,27.6365783131517,27.61974533165283,3
1135,1143,0.020211827886162673,8,27.570980190577927,28.155811077033267,8
1145,1148,0.005068493796835814,3,28.23699421332811,28.40835023755298,3
1149,1150,-0.0020400825527186073,1,28.495450443119868,28.46581282228212,1
1154,1156,-0.005572311879106918,2,28.709965456510663,28.57869454040511,2
1163,1166,-0.010716925936018366,3,28.235678715365502,27.961314716535085,3
1168,1170,-0.0050953658116339035,2,27.842824179622582,27.728797629378022,2
1172,1175,-0.01872754015855613,3,27.70663175440176,27.215461327317275,3
1178,1179,-0.00017855963075949163,1,26.955393372910404,26.97753562119567,1
1180,1181,-0.008738812743469628,1,26.900746307016746,26.69256646868716,1
1183,1187,0.0001686829221747674,4,26.710724490741693,26.74194085829294,4
1189,1190,0.0013561333397356227,1,26.888300283494303,26.951652704241067,1
1192,1193,-0.0007724086795364219,1,27.117068590933613,27.123240200381325,1
1197,1201,-0.004866744685505452,4,26.95707549604438,26.85283936763328,4
1203,1207,0.0017577745741832176,4,26.952565885327747,27.026894986235302,4
1210,1216,-0.003335375310632084,6,27.460104981810243,27.39597533060836,6
1217,1222,0.015914594851458873,5,27.50435991459415,27.969585019198217,5
1225,1229,-0.014724069186821915,4,27.967491987708904,27.5836641926877,4
1233,1241,-0.005599106406215625,8,27.637918069751425,27.51080834370237,8
1242,1243,0.0027498633212429996,1,27.474966634903417,27.577994004540017,1
1245,1249,-0.02443003694189993,4,27.59448266448177,26.947942916260345,4
1252,1253,-0.005349968887630537,1,26.68428494539839,26.568209136097238,1
1256,1259,-0.006120325599661078,3,26.509291707145614,26.373555502188633,3
1267,1270,0.0022129971051301823,3,27.008357783988863,27.09513555936314,3
1271,1275,-0.01599362220332781,4,26.996955645868134,26.59217349227399,4
1277,1279,-0.001994569188540669,2,26.543034215108026,26.5166353311073,2
1282,1283,-0.0120106684991282,1,26.45934640758696,26.16801131558942,1
1289,1293,-0.001875063660838748,4,26.115218037046716,26.092365558747616,4
1295,1298,-0.00043958553500049696,3,26.04130579784428,26.055899722300868,3
1299,1300,-0.0015205304939815579,1,25.949683983573806,25.93617638175117,1
1303,1304,-0.015597019985951949,1,25.46459567763417,25.092888465593557,1
1307,1308,0.005099698167837785,1,25.348503277220406,25.503121496217897,1
1313,1320,-0.017841589031568957,7,26.10966936340998,25.669941042241284,7
1323,1324,-0.004298468407586119,1,25.567926851136487,25.48359185217054,1
1326,1327,0.0006814867712804016,1,25.328698334550893,25.371288205734192,1
1328,1331,0.00961705722345443,3,25.374112134644427,25.643510535172297,3
1335,1336,0.0019920496035674387,1,25.962142691980535,26.039822710729837,1
1338,1339,-0.004414939849012225,1,26.243779229593272,26.154158302113455,1
1340,1341,0.0035755355654523485,1,26.231410693465886,26.351433446025826,1
1349,1352,-0.013042764925808428,3,26.331222560261928,26.01412183675955,3
1356,1358,0.0006573935734071959,2,25.664942917526876,25.707479828980247,2
1359,1360,0.002193660835347815,1,25.724244310977692,25.80639882255258,1
1361,1362,-0.0015794108422627926,1,25.916889179261602,25.901872652673415,1
1364,1365,-0.0027286918452229074,1,25.85381133922036,25.80911806639032,1
1366,1367,0.004243624290085644,1,25.841087663244753,25.976588618197976,1
1369,1370,0.0009250177145106704,1,26.110801727294294,26.161065483159412,1
1371,1372,0.0034392883256544934,1,26.224361468048052,26.3407789697609,1
1379,1380,-0.003458191406362939,1,26.605014241918116,26.53961402454247,1
1381,1383,-0.002715349763624703,2,26.651834295464518,26.606117077805628,2
1386,1389,-0.004646330325210425,3,26.60494845438755,26.507938024037657,3
1396,1400,0.001662744772374697,4,27.252220582005567,27.324786289895904,4
1403,1404,1.5305789252345516e-05,1,27.505328379603387,27.533254698742486,1
1409,1412,-0.006854134448557237,3,27.226028495233294,27.066643663921948,3
1416,1419,-0.004069354091508768,3,27.10208647874237,27.018900578720416,3
1421,1427,0.029477375164213154,6,26.97916745217289,27.801421660230893,6
1428,1429,-0.0015561033479771032,1,27.842875656999574,27.827392140629406,1
1431,1432,-0.00027490885193749736,1,27.944945471357222,27.965208103951593,1
1439,1442,0.005428280948935113,3,27.868578335280517,28.047725386467107,3
1443,1446,-0.011984537225003321,3,28.08619540848243,27.777681549509236,3
1449,1450,-0.005406473202779081,1,27.656277394440114,27.53441074921289,1
1454,1456,-0.00027278976205056,2,27.84378959094144,27.864037879795283,2
1457,1458,-0.008605217244711229,1,27.8651514707126,27.653230940221047,1
1461,1467,-0.016871825508163036,6,27.406079202821928,26.971094695851843,6
1470,1475,-0.009583649400352182,5,27.02698055183234,26.794990426425276,5
1477,1478,-0.004164344766553425,1,26.373425295492297,26.289970685182418,1
1479,1480,0.0034208715294027836,1,26.347893235296038,26.464373886359702,1
1481,1482,-0.012346831373282116,1,26.386996472049905,26.087587672634164,1
1483,1484,-0.005286417294202412,1,25.972589541773278,25.8612601847862,1
1485,1487,0.0021375306624163534,2,25.93165517630663,26.0130165395495,2
1494,1499,0.0010345081600347606,5,25.545714918472854,25.59768788392841,5
1505,1507,0.0008846562570262785,2,25.623121322856402,25.671412098782067,2
1515,1518,-0.005245090020708346,3,25.827078816862425,25.717440542312914,3
1523,1526,-0.002160244367507608,3,25.86251924822208,25.83251240593477,3
1529,1530,-0.003910941157065542,1,25.55405784655043,25.479671487834874,1
1535,1537,-0.004980850822076529,2,25.346570010399702,25.245669096336982,2
1539,1540,-6.364817025189269e-05,1,25.41932394463806,25.44312537512458,1
1542,1548,0.0024589865863765877,6,25.617241912837063,25.70585160899353,6
1552,1553,0.0016480108914216783,1,25.846953108044914,25.915396121385083,1
1556,1560,-0.00631938855941985,4,25.82339929976016,25.686034604959683,4
1561,1562,0.0019616807801299744,1,25.698725328254053,25.774836749132582,1
1564,1565,0.0001372619333317919,1,25.930542877660763,25.960032696986154,1
1566,1569,0.005102538800642709,3,26.001697115425088,26.16037348095453,3
1574,1575,-0.002517702389428852,1,26.452119978564813,26.411973532867886,1
1579,1583,-0.018331191177486782,4,26.36610675888984,25.909150722045492,4
1584,1585,-0.0034318611014533145,1,25.952509949116564,25.889397049686227,1
1588,1589,0.0012793577082668853,1,26.10697540296236,26.166482538586635,1
1591,1595,-0.0015500364193277863,4,26.378773634373324,26.364264348177215,4
1596,1597,-0.004856335239586814,1,26.273728644698465,26.172408339050573,1
1598,1599,-0.00038597270254945595,1,26.02070613701088,26.036683560877943,1
1600,1607,-0.00656124179008268,7,26.011028747609494,25.866375127535246,7
1609,1611,-0.010576352730975389,2,25.580704281618534,25.335734434310982,2
1618,1621,-0.0011545019013341773,3,25.558174825755867,25.554226039150656,3
1622,1625,-0.007053645309413836,3,25.548757528105448,25.39409441193408,3
1628,1632,-0.022273144335692576,4,25.20725779968983,24.671020166210017,4
1636,1637,-0.0037322446589226764,1,23.808870009747512,23.743818351828395,1
1639,1642,-0.019326406142755166,3,23.544518675240827,23.11303226356268,3
1643,1647,-0.029763953540628264,4,22.89267381951758,22.23419001335222,4
1648,1649,0.03127847127198958,1,22.80104641371209,23.537029335348397,1
1650,1651,0.0042984134816296034,1,23.817789624556386,23.943986122205754,1
1653,1656,0.014798246740451604,3,24.256555373913116,24.639766420783623,3
1664,1667,0.010342014134553008,3,27.2212374552773,27.52998111525508,3
1673,1675,-0.012174691352346424,2,26.90532204324167,26.604663373672963,2
1677,1700,0.06319378353201113,23,26.174752240940233,27.855008620299174,23
1701,1703,-0.0073861898192967455,2,27.812342310933914,27.634727413617032,2
1704,1706,0.03607971428742494,2,27.826287321039217,28.858078104583146,2
1708,1710,0.009217214055604023,2,29.83757195296498,30.14242881250791,2
1712,1716,0.0076282187469613,4,30.527936758853652,30.791338475102442,4
1717,1723,0.06301565963705799,6,30.396916494149405,32.34279515445495,6
1725,1727,-0.007507119882061294,2,32.45695016570715,32.2457488999728,2
1729,1730,-0.002022641437977984,1,31.905699578281272,31.873071487784845,1
1731,1732,-0.012104143916029961,1,31.69758371983705,31.34560918842157,1
1734,1735,-0.005732998304983615,1,31.104665483937044,30.957447154924488,1
1736,1737,0.006880211232022977,1,30.890355628783173,31.133778156170294,1
1748,1753,0.0016010787095020827,5,30.374853630747857,30.453861015831038,5
1755,1759,0.008722903811475224,4,30.45781179810583,30.753950172526828,4
1761,1770,-0.0019866613280205047,9,31.363456371435504,31.33251126192075,9
1771,1779,0.0331617911751328,8,32.54709011528126,33.658957011157725,8
1780,1786,-0.04986288514002538,6,33.5511709329872,31.911763921375286,6
1788,1789,-0.01160247651280891,1,32.160184179661044,31.81920658224858,1
1790,1793,0.0426482202998851,3,31.170612766631248,32.53115453955158,3
1795,1796,0.013969173609014736,1,32.72407098111015,33.21392328082011,1
1800,1801,-0.0044614681909364035,1,35.09906035469509,34.97756607374556,1
1802,1803,0.001955903115041818,1,34.977090037012616,35.08047892640812,1
1805,1806,-0.009016212086526802,1,34.943830224621955,34.6637130704258,1
1807,1808,-0.008271739811366384,1,34.46417064011197,34.21355615840255,1
1809,1814,-0.0182746598801313,5,33.85814164213653,33.27325376109531,5
1816,1819,-0.029574644545607445,3,33.34291348265681,32.39015158177495,3
1821,1822,-0.00968403795620338,1,31.887356957982977,31.610445939836847,1
1825,1826,-0.025760515017303066,1,30.609174962812382,29.85127602647841,1
1828,1844,-0.02326859480730788,16,30.463865916194923,29.78547842984302,16
1845,1846,0.007304995681790937,1,29.948256060273618,30.19697619753136,1
1848,1850,0.0067381886530992795,2,30.21000507544548,30.443775793930364,2
1851,1852,-0.006206082344775469,1,30.51307391023532,30.354220334866415,1
1855,1859,-0.008279053735514005,4,30.918560331147937,30.69350246907278,4
1861,1866,-0.00569782071203985,5,30.90145303229246,30.75628354620523,5
1872,1876,-0.014752273509424194,4,29.936753648599108,29.52505522443932,4
1877,1881,0.017069045531336594,4,29.745144989435197,30.28261136858551,4
1884,1888,0.019852576260118576,4,30.410961459756198,31.04510835273929,4
1891,1895,0.023444352822498602,4,31.305010801272616,32.07024153041105,4
1897,1901,-0.006989270722062994,4,31.918340338635662,31.72717275734863,4
1902,1904,-0.003978528358906039,2,31.880902141124853,31.785943969990004,2
1905,1906,-0.003869401225723068,1,31.909925310234065,31.81836293143615,1
1907,1909,-0.010565845906242446,2,32.034804669108986,31.728364664007714,2
1910,1917,-0.006081065655359162,7,31.600330949625583,31.439767593339457,7
1920,1921,0.015181873050207937,1,32.00790097425653,32.525848764425575,1
1922,1931,-0.0192337963964582,9,33.16582601879148,32.56108709984448,9
1932,1933,-0.00028801559710516325,1,32.483870813916184,32.50699882328134,1
1935,1937,-0.012972336429271453,2,32.41808341373459,32.02996321271318,2
1938,1951,-0.031101107142347657,13,31.853264450251828,30.894445924201264,13
1952,1957,-0.0029341393058398882,5,30.784322709069336,30.724781540514066,5
1958,1960,0.022876751048211786,2,30.94767097316319,31.68660080851138,2
1961,1964,0.03254740084003307,3,32.02816522197232,33.102626918844635,3
1965,1966,0.00625490720252945,1,33.203647790931505,33.444537174440185,1
1969,1974,-0.009168429025342942,5,34.37261072531274,34.09184049418728,5
1975,1978,-0.0005789388398738333,3,33.85572029345482,33.86997562231849,3
1980,1982,-0.006692665518747897,2,33.76514545976264,33.572931780468345,2
1994,2000,-0.013436850252094363,6,33.68301947543009,33.26410880617579,6
673,675,0.00202063612344074,2,26.989310476500854,27.07083536267293,2
678,683,-0.020945736978374895,5,26.751080018540076,26.217510012602816,5
686,694,0.020457989261936527,8,26.130654962737303,26.69136627633509,8
696,698,0.004230212271787497,2,26.968603592376255,27.109655113838073,2
700,701,-0.003235458251676833,1,26.975390519247505,26.915088159919048,1
702,711,0.01133180954571637,9,27.018063844242477,27.35124546186368,9
715,717,-0.01350719134614425,2,27.25152340517661,26.910683387474137,2
718,719,-0.010562173851501884,1,26.900126664772706,26.64290297697673,1
724,729,-0.02074747824546417,5,26.607459519313963,26.082029291289242,5
733,738,0.02481268842165129,5,25.918826819832383,26.587861420787455,5
744,748,0.0007889308431375498,4,26.247482385280858,26.294437316074596,4
753,755,-0.0017540314007552476,2,26.299283793712558,26.279453307914725,2
756,764,0.02204001889968874,8,26.350325958589426,26.957437966688286,8
767,779,0.021663625764098336,12,26.93925220396227,27.54979333427753,12
780,781,0.0008029743538354758,1,27.725196267712743,27.775184085538484,1
784,789,0.00824587871430513,5,27.936298405076023,28.194594031855992,5
791,796,-0.007674362494079371,5,27.845000707088822,27.659153078721815,5
800,807,0.014289936559065592,7,28.13336299348828,28.56352032885188,7
808,809,0.001329830131515163,1,28.534454269725316,28.600934701069264,1
810,812,-0.0002633880336408643,2,28.66889591728909,28.690013769084068,2
813,814,-0.000932438433682109,1,28.520529362771807,28.52245625440777,1
817,819,-0.0005944224211598986,2,28.425330142334893,28.43685881891175,2
821,822,0.0013098448302578647,1,28.459093553183585,28.52482964330123,1
824,828,-0.007589798587579023,4,28.672514627078836,28.483568530686973,4
829,831,-0.011032743954467773,2,28.3704859382561,28.085852116973747,2
832,834,0.002646692785143145,2,27.946071202132767,28.04798193835868,2
838,842,0.0020596962944326876,4,28.5914432543989,28.678924387376867,4
845,846,-0.0018137815678856287,1,28.637734567921985,28.61442970738461,1
848,855,-0.017595783178342952,7,28.56844731954691,28.094331562089796,7
857,861,-0.009935148849873083,4,28.057159414691096,27.806464519016213,4
863,866,-0.0034406971007283084,3,27.79526733575479,27.727427507354445,3
873,877,-0.010384832662916652,4,27.892866265886454,27.631096383491997,4
879,884,-0.011043516185255616,5,27.410979165072394,27.135676552174285,5
885,888,0.002073708452337171,3,27.15197313681105,27.2354303861393,3
889,890,-0.0060911757417975495,1,27.26437859974908,27.125570856806853,1
891,894,-0.003405306292324922,3,27.031367348543142,26.966348630569545,3
895,899,0.0057623000229189356,4,27.06855519065282,27.251600882038954,4
900,902,0.0016566643042476483,2,27.325314752563056,27.397908940868522,2
904,906,0.002004626471907168,2,27.523324147308095,27.60602145563598,2
908,910,0.0007561726535228238,2,27.717849423300542,27.766526752472206,2
911,915,-0.012993441920883284,4,27.918001577751166,27.58316864728128,4
918,919,-0.0040288595050715775,1,27.348473459937978,27.265638776149647,1
920,922,-0.0034487498991689555,2,27.297910548474064,27.231064792770965,2
924,928,0.0029372865897278663,4,27.093840180010297,27.20051639361528,4
929,930,0.0034176427083898765,1,27.21860501909128,27.338847091086414,1
934,937,-0.00923130379897602,3,27.376958953661696,27.15161088742201,3
942,943,-0.010024444201649451,1,26.954467805499114,26.71121871480323,1
946,952,0.010278604789696423,6,26.351547964451914,26.648756659539696,6
953,955,-0.003367016455322624,2,26.654200431828656,26.59110950080305,2
960,963,-0.00848652526228956,3,26.828154174090347,26.62730452012542,3
966,970,-0.005298006848893914,4,26.463820987354136,26.350079303502586,4
975,977,-0.005242420247857899,2,26.21610708663591,26.104887343111553,2
980,984,-0.016435451909462558,4,26.142705970615456,25.7391814898228,4
987,998,0.009891194631759324,11,25.97555024346699,26.258455016835633,11
1001,1002,-0.004858902880974999,1,26.066434745663038,25.965846905526252,1
1009,1010,0.002438653668685036,1,26.07755605481201,26.16722773861023,1
1012,1013,0.004508955485262324,1,26.37240558014301,26.5176899885233,1
1016,1017,-0.0044470807940120635,1,26.939463517002533,26.846601009712085,1
1019,1020,0.004361277120353756,1,27.18518726391779,27.330934586408365,1
1021,1024,0.008894765530941477,3,27.449334326323093,27.720939053462484,3
1026,1027,-0.00611839668817566,1,27.616214770784374,27.474864028561644,1
1028,1030,0.006484704866713613,2,27.5883180014576,27.794808419467554,2
1031,1033,0.011880979602186904,2,27.761975152465354,28.11957658812068,2
1034,1035,-0.0027391973554953203,1,28.21129165138696,28.162226647551762,1
1036,1038,0.0006651457427804025,2,28.32189027190746,28.36905034692122,2
1039,1040,-0.0026472401285749813,1,28.431183755096885,28.3843507683126,1
1043,1048,-0.016821786027094318,5,28.467849464500617,28.017437241621757,5
1050,1056,0.0034668722706879982,6,27.904761790405036,28.02940879706675,6
1060,1063,0.026050423431597716,3,28.713887117578945,29.490609922476555,3
1066,1067,-0.0024918614103935123,1,29.35624525543475,29.31244980598412,1
1070,1072,-0.013677328528564531,2,29.166525381714443,28.796771757413733,2
1074,1077,0.0021905046744056973,3,28.664069020425014,28.755521866622168,3
1078,1079,0.0032278312608496097,1,28.909447657668363,29.03167192420935,1
1081,1083,-0.00752360217425116,2,29.224016107813632,29.03337025279235,2
1084,1087,-0.014872593334247647,3,28.863807412891205,28.463391550574123,3
1088,1091,0.00038067435712671807,3,28.46864519962393,28.507951128033188,3
1092,1099,-0.022640265028337905,7,28.336847362436387,27.723630475445706,7
1100,1101,-0.0021433597567707408,1,27.83880614501598,27.806976374393226,1
1103,1106,-0.0013627683644057253,3,28.025788855898707,28.015621986314272,3
1107,1108,0.0040604459560285465,1,28.055588522907453,28.1975623123922,1
1113,1116,-0.028023846559590438,3,27.809038996659105,27.057531793843722,3
1118,1119,1.7292871345114032e-05,1,27.19435441362023,27.222019036506037,1
1122,1126,0.002849898103014599,4,27.446635302267584,27.552302051451917,4
1128,1129,0.0015671356594632274,1,27.605478568988357,27.676345577419355,1
1130,1132,-0.004417885317670353,2,27.629070877839485,27.534637882145244,2
1133,1134,-0.003080539866110182,1,27.597731361636356,27.540313181324272,1
1135,1139,0.004643771298646191,4,27.62965935484334,27.785594833301577,4
1140,1141,0.000270455707706287,1,27.85672527322662,27.892116008847996,1
1142,1143,0.001445699550048734,1,28.024634114102085,28.093173949145225,1
1144,1146,-0.00296912937633332,2,28.268665040829926,28.2130003820683,2
1149,1155,0.0021870640058203107,6,28.513278699527707,28.604152343758894,6
1156,1157,-0.0039682013049334615,1,28.60111140021788,28.516217544037207,1
1160,1163,-0.006511346822659042,3,28.306346493085066,28.150340400279315,3
1164,1169,-0.012563999191018162,5,28.083856801781085,27.75909510444462,5
1171,1177,-0.02773053773011752,6,27.792739759962483,27.04982488118547,6
1178,1179,-0.0019726917387901184,1,26.946308002296277,26.92009755111155,1
1182,1185,-0.0006054380707022585,3,26.6653973181297,26.67591846874103,3
1186,1187,-0.0007470129302267075,1,26.72823319897484,26.734995096372067,1
1188,1189,-4.304601484317241e-05,1,26.803275680296565,26.828925181774082,1
1190,1194,0.0015251698235894998,4,26.97138587540556,27.03949320511852,4
1201,1205,0.0025968965005835716,4,26.872916736961212,26.96957583713286,4
1209,1212,0.011352149086507248,3,27.276664682543274,27.613590111284715,3
1213,1216,-0.010019385881435711,3,27.682541048829858,27.432861528931777,3
1218,1219,0.0019886638369675065,1,27.63342831717723,27.716015345080212,1
1220,1221,0.005356209189179185,1,27.76210912443355,27.93857089756127,1
1222,1224,-0.0008804580177301138,2,27.995255544360734,27.99860215270266,2
1225,1226,-0.0078637175055617,1,27.98112284402991,27.789068321340068,1
1229,1230,-0.0019060665232337676,1,27.581660524253564,27.55666970499734,1
1231,1234,-0.0004068020320360773,3,27.73459567841691,27.751047784215647,3
1235,1239,-0.008344000634136137,4,27.686752600618803,27.483421071962688,4
1241,1242,-0.000635214164290241,1,27.43027016378778,27.440276337813224,1
1243,1246,-0.0038958687573730213,3,27.578477972799604,27.498614320062273,3
1248,1250,-0.00605855994524,2,27.0366872794989,26.899920576174846,2
1252,1253,-0.006160270325611146,1,26.700414422814685,26.562633066587114,1
1255,1256,-0.0052248085205082,1,26.59466305493729,26.482305695862745,1
1258,1261,0.006599659694169208,3,26.393639910967025,26.594222592380817,3
1263,1264,-0.0008961373965024673,1,26.840208531695332,26.84299622563185,1
1266,1270,0.00549202231962685,4,26.92219604812875,27.096975545766572,4
1271,1272,-0.0020273333310751344,1,26.958236743623385,26.930541648469646,1
1274,1276,-0.00720078536030994,2,26.733933867851935,26.568162482100664,2
1279,1280,0.0008625023923883733,1,26.52148368045709,26.570880007261632,1
1281,1283,-0.014187389903995939,2,26.570116957622055,26.21972646550712,2
1286,1289,0.0026406574396672434,3,26.033024004432505,26.12780132695128,3
1291,1292,-0.003813417822763461,1,26.174856412754103,26.101215605214186,1
1294,1297,-0.006995456029663157,3,26.171165437474727,26.014257365849307,3
1298,1299,-0.0059156338852177645,1,26.056506405299167,25.928422159482885,1
1300,1301,-0.005748596698283614,1,25.963284985421456,25.839995816063087,1
1303,1307,-0.0049610194191959615,4,25.466952343206785,25.366077250427605,4
1314,1315,0.0031169804391984164,1,26.31950508886989,26.42786197649015,1
1321,1322,-0.006222763610091124,1,25.742954535057287,25.60850516889536,1
1323,1327,-0.011240334362316234,4,25.56689497152406,25.305081418409433,4
1328,1330,0.0033757299818800157,2,25.364492735121516,25.475480906457765,2
1331,1332,0.00461226687603493,1,25.685987268438065,25.830143883962975,1
1337,1338,0.0010593582095025206,1,26.12756148607704,26.181367494317676,1
1340,1342,0.0037226509871722963,2,26.275155065470816,26.399243452478867,2
1343,1351,-0.011346144559731992,8,26.429738615677262,26.156292719283535,8
1352,1353,-0.009817116120384689,1,26.009795391395386,25.780464005162006,1
1359,1360,0.001918949590888553,1,25.757803486650264,25.83298921659981,1
1362,1365,-0.0037823482483639536,3,25.91923519274128,25.847118854103822,3
1376,1380,-0.010721722570985071,4,26.7581787225626,26.49804313251701,4
1381,1383,-0.00024304703173922651,2,26.59442243236353,26.614553159362888,2
1388,1392,0.009169071699398512,4,26.506148896428503,26.775691825031217,4
1397,1403,0.00672783765946921,6,27.28828441637077,27.49916384834591,6
1406,1408,-0.006280968751060591,2,27.453889320715778,27.308906189118,2
1409,1411,-0.0049168525011652675,2,27.26308231545619,27.156296843299423,2
1413,1415,0.00415137526084527,2,26.923866345482157,27.06256128450058,2
1416,1417,-0.0016004608022881094,1,27.113644588954337,27.0973639081715,1
1419,1423,0.006782954237783044,4,27.03532670668823,27.2457414172499,4
1425,1429,0.013704728735075066,4,27.450910057704878,27.854568243634372,4
1434,1436,-0.0034203328325532025,2,27.907234170657013,27.83968937552802,2
1437,1440,0.0031810015760717243,3,27.861811510812537,27.978301788651457,3
1441,1448,-0.017503236415186908,7,28.032167183145408,27.569545700891915,7
1449,1450,-0.0022777616915746475,1,27.629763363360038,27.594459110187064,1
1451,1452,0.00010280467442352588,1,27.60643538766868,27.63687989365837,1
1454,1455,0.002452543368674817,1,27.81125255290437,27.90727210848044,1
1456,1460,-0.016534195611876815,4,27.881061503975133,27.447951640705615,4
1462,1463,-0.00425861615384455,1,27.266690674004632,27.177838995312438,1
1468,1471,-0.00047954461975326036,3,27.025665767061493,27.03973142021471,3
1472,1477,-0.021179301801776046,5,27.00530189801606,26.46035376076792,5
1478,1483,-0.01679803313608009,5,26.352566352255675,25.93624763580199,5
1487,1489,-0.002273045951847674,2,26.044468190152134,26.011312385354636,2
1490,1493,-0.014161523854318136,3,26.024959857405314,25.682431727434402,3
1494,1495,-0.00952405453269525,1,25.565173990166834,25.34725505293681,1
1497,1499,0.001261917062845961,2,25.50450215870186,25.56219122731402,2
1502,1506,-0.008020683341790397,4,25.732071031548703,25.55141430910774,4
1512,1514,-0.0021265346332695035,2,25.724297261747296,25.695317949965418,2
1518,1526,0.004674164502735861,8,25.734217068791448,25.880237249788884,8
1529,1530,-0.005542259184086115,1,25.582096873937765,25.46589635946394,1
1532,1533,-0.0018629857482750963,1,25.388482000309526,25.36657210217292,1
1534,1535,-0.0007656347701115648,1,25.341108912091197,25.347047986907008,1
1536,1537,-0.0017374081836241564,1,25.295492566464816,25.2768394632375,1
1538,1545,0.01569063365398582,7,25.27199528213893,25.69380089709837,7
1546,1548,-0.005480183192325733,2,25.79147248064589,25.67592195913277,2
1551,1552,0.0010071389453323084,1,25.769538924775247,25.82126196995442,1
1553,1554,-0.002841063685798178,1,25.948150078270476,25.90037788144773,1
1561,1565,0.008112853669287115,4,25.740602190762438,25.975172531886187,4
1567,1571,0.0037605810598405204,4,26.131224191017743,26.25562400197195,4
1573,1575,0.003791092337365987,2,26.339471909238974,26.465666751273595,2
1579,1580,-0.006137597027046361,1,26.352295713286527,26.2169082371741,1
1585,1586,0.0006385314875144677,1,25.920146629414578,25.962617605827866,1
1599,1600,-0.002799750094238141,1,26.01089004189538,25.96407694009126,1
1602,1605,-0.0014967718300927767,3,26.15444287557182,26.141450085119466,3
1606,1608,-0.012446240092188678,2,26.087508549624413,25.788904663358387,2
1614,1617,0.0046351589682395375,3,25.32664621061977,25.469365888148975,3
1621,1623,-0.0036954516341556453,2,25.605014394043888,25.535997316152883,2
1626,1629,-0.010324183913175543,3,25.312024951150004,25.076010975290593,3
1630,1633,-0.025055976793285594,3,24.997596483778253,24.396254882876566,3
1634,1635,-0.011764291703913417,1,24.225426312398046,23.964656756919734,1
1636,1639,-0.010913378889846087,3,23.80705111253565,23.571042794607152,3
1640,1643,-0.021278214417866155,3,23.38447205371703,22.910276715363157,3
1644,1646,-0.03310447678618213,2,22.65598527664639,21.928626723264212,2
1649,1654,0.03356908822444794,5,23.500817512722083,24.313219346666024,5
1655,1656,0.009133512942017762,1,24.42405220997722,24.67155365914354,1
1659,1665,0.07596328961898058,6,25.450266781366558,27.409003034541193,6
1667,1668,-0.0130556005216469,1,27.594908873268743,27.262235675461366,1
1670,1672,0.010162174046156342,2,26.742185199459495,27.04068612503041,2
1673,1681,-0.03449385288286863,8,26.90908681434442,26.007797819372428,8
1683,1685,0.0046781347657271904,2,26.3421393626826,26.49171358000148,2
1689,1690,0.006901272661722893,1,26.741733383961407,26.953027110875183,1
1694,1705,0.016982266400421293,11,27.70342920331332,28.20159964745251,11
1706,1709,0.0390912934080474,3,28.970560245804826,30.1320274768149,3
1710,1719,0.009654426711845434,9,30.137418415001722,30.45851533078858,9
1726,1729,-0.0193786722595306,3,32.43406381139751,31.83796878256313,3
1736,1738,0.010957069157949962,2,30.938608335792267,31.308543415314062,2
1740,1744,0.0013560817726285296,4,31.058888546068697,31.13206582725019,4
1745,1746,-0.01265561919168215,1,30.872483620231634,30.51264570765277,1
1753,1754,-0.0010525296529635445,1,30.49755451059834,30.495952484643663,1
1755,1762,0.03223887008204857,7,30.43182442512337,31.44334388354976,7
1765,1766,-0.0066994406159650135,1,30.842426765082035,30.6666421852822,1
1768,1771,0.06922656341782525,3,30.354262057574434,32.48593756696197,3
1773,1777,-0.014250418543357835,4,33.92831780506964,33.47875339368041,4
1778,1779,-0.0028937598181757616,1,33.69435200997789,33.630543000041925,1
1783,1789,-0.0647912769264521,6,33.98523313101542,31.81727171294478,6
1792,1807,0.08420304164588706,15,31.70656237512828,34.40805792962425,15
1808,1809,-0.012910159526230758,1,34.2250316118052,33.81740602551831,1
1810,1812,-0.013674419632371669,2,33.64875048471047,33.22227210096228,2
1815,1821,-0.05471982009649059,6,33.62599278221128,31.819610499384996,6
1822,1826,-0.0575511728011962,4,31.642655209250307,29.853225946623322,4
1828,1831,0.006833116156106707,3,30.49704802704924,30.73593494666348,3
1833,1834,0.01256086327755224,1,31.493838441643994,31.920922078836448,1
1836,1841,-0.05401620471914623,5,31.60779444823986,29.932069147051283,5
1846,1851,0.0062582531990902175,5,30.237294575755815,30.456764515842128,5
1854,1855,0.015648494999940574,1,30.37857220507305,30.88432971253454,1
1862,1871,-0.022658143882747773,9,30.76681125907257,30.10045923401023,9
1877,1885,0.02005881639792069,8,29.663578563923096,30.28825841860605,8
1889,1890,0.0036095078559898065,1,31.19166618536039,31.33544441568322,1
1891,1894,0.01826755023010385,3,31.35887696417716,31.96308570124409,3
1895,1897,-0.004622460413296697,2,32.0636023622999,31.947453232034785,2
1901,1911,-0.011128185415022286,10,31.761006595883096,31.439325232112246,10
1912,1916,0.00602302563913871,4,31.252035396467054,31.471519242331713,4
1919,1923,0.05001248750696875,4,31.580475133621338,33.191473726839334,4
1924,1926,-0.019001308397916233,2,33.0964293522647,32.500650320624736,2
1927,1930,0.003328389113117048,3,32.58021746778658,32.721237326377135,3
1932,1933,-0.0008622495864676232,1,32.52495207921866,32.52943240481769,1
1936,1951,-0.045793143278212246,15,32.373716167417136,30.923595660681844,15
1953,1954,-0.0014040756603925953,1,30.778072190470276,30.7656355206243,1
1961,1962,0.010106631914141868,1,32.02077699679234,32.376419980500536,1
1964,1966,0.010947910789287703,2,33.13238304144397,33.528245798259654,2
1977,1981,-0.00456458058018051,4,33.7971516750576,33.67667900453127,4
1982,1993,-0.0065160500624183715,11,33.589079580328345,33.4038005358127,11
1994,1996,0.005199117420092574,2,33.619839725528045,33.82825305963129,2
674,676,-0.0028036794249487445,2,27.0502454769878,27.001455505781145,2
681,683,-0.004444455419543516,2,26.34933572622612,26.258576613982548,2
686,698,0.03874453465920228,12,26.076613911934384,27.113016797351897,12
700,701,-0.0012995948660949348,1,26.95974165824605,26.951664658053993,1
702,705,0.01705195582900385,3,27.019558030336025,27.507313898418857,3
706,707,0.003004488510499969,1,27.554525502390618,27.66486728317722,1
710,718,-0.03248520432501099,8,27.66943662188923,26.798258756291105,8
720,722,0.00908900445668507,2,26.60293858284122,26.871335748764423,2
723,727,-0.01942179978819729,4,26.80401539127996,26.310237186222043,4
728,730,-0.008790680386041104,2,26.236257972949723,26.03185967255675,2
732,733,-0.004094958137418291,1,25.96431091024606,25.883952454911935,1
740,744,-0.005116544369609673,4,26.355081981379108,26.24659011703806,4
747,756,-0.0034089695932350656,9,26.389662481147575,26.326090586654754,9
757,759,0.00017106993598971568,2,26.358796288117066,26.389664281998957,2
760,764,0.01308908136518104,4,26.54654507295938,26.92056150645675,4
766,776,0.00799204193775074,10,26.93724855210794,27.17946942077611,10
777,783,0.01829581075123206,6,27.227667980080668,27.753047908621685,6
785,786,0.003442885164789678,1,28.014934022427017,28.13940115718782,1
787,792,-0.01629311406719783,5,28.24962222028423,27.817597525314177,5
794,796,-0.003181198367229292,2,27.73245161027434,27.671961632102743,2
799,800,-0.0009719958014139441,1,28.08299021212778,28.08377665376257,1
803,813,0.01350193417627911,10,28.172174840661064,28.580725865802957,10
814,828,-0.003013631617710521,14,28.55192449840089,28.494431440484426,14
829,833,-0.01675062772885928,4,28.33976135344943,27.893392322446534,4
837,838,0.0022761550557457155,1,28.511933980669184,28.60534349732904,1
840,845,-0.007671671847348178,5,28.75656992426698,28.56471552627695,5
850,854,-0.010032848051015151,4,28.32080807080608,28.064990514820526,4
857,859,-0.003969181021844308,2,28.01614485532593,27.932959849716255,2
860,866,-0.007219239935282837,6,27.858861499065032,27.685600555078533,6
869,871,0.009694637096335224,2,27.659148956005804,27.954953516483766,2
874,877,-0.00782789487411237,3,27.84795807613065,27.65781514592814,3
882,883,-0.003921170141782851,1,27.237133979913963,27.1575696773841,1
884,888,0.0033796100219133816,4,27.12908023578634,27.247895027472282,4
889,890,-0.004707104505882686,1,27.214850664064482,27.113962368540804,1
892,895,-0.000367700276124495,3,27.076199347710208,27.093319621081363,3
897,899,-0.006538395909030823,2,27.435696599419952,27.283746849612314,2
901,905,0.004756860892239105,4,27.400255705181145,27.557995165687654,4
907,909,0.0025587577557980756,2,27.707267563858245,27.8058710171931,2
910,914,-0.004491010458532315,4,27.848007587317582,27.75078990158097,4
917,919,-0.003202581089772788,2,27.353538807697262,27.293290420381062,2
920,922,-0.0007342372010867831,2,27.25987656720224,27.26712122829677,2
923,927,-0.004735872076221854,4,27.218553868993958,27.116868833639643,4
929,932,-0.0011523428149554902,3,27.277601386940567,27.273445840360047,3
933,934,-0.0008592300186534886,1,27.325786633307825,27.329633283782474,1
935,936,-0.003038869705533332,1,27.33236924580407,27.27664210616835,1
940,946,-0.026867622108264065,6,27.054044709164593,26.354220904127843,6
948,953,0.004634166865377018,5,26.474673243443004,26.623835970202894,5
957,959,-9.57678960036225e-05,2,26.76004197903246,26.784239268094193,2
961,962,-0.0015506090523732014,1,26.728135721027115,26.71341896754606,1
963,965,-0.0074148876413748024,2,26.614028139086447,26.44330213888982,2
966,967,0.0012609606738058082,1,26.37195460758569,26.431580559844832,1
971,977,-0.007955934355470567,6,26.305525153327565,26.12254564717484,6
978,984,-0.017213576231318178,6,26.132210414615326,25.708513828965113,6
986,989,0.009269382558943915,3,25.85062643559777,26.116096407853274,3
991,993,-0.0005936439014662123,2,26.2857632361487,26.296444616344324,2
995,998,-0.007221277317384327,3,26.369958333828837,26.205903510186218,3
999,1008,-0.010348686254257732,9,26.194029861095306,25.949150094189267,9
1010,1012,0.007883520093929404,2,26.091938084662864,26.32372634092753,2
1014,1020,0.026156322286673167,6,26.651500661322086,27.37525740270443,6
1026,1029,-0.000793205479819693,3,27.653171478671457,27.658890002998852,3
1030,1031,-0.0013131879863021753,1,27.814558883059807,27.805847697373338,1
1034,1038,0.005743783132741096,4,28.230402422737633,28.420782134426585,4
1040,1041,-0.0002158266592282844,1,28.430235929548342,28.452530162636144,1
1042,1043,-0.003826110525732903,1,28.455124315363296,28.37470698902461,1
1052,1057,0.012940207225268612,5,27.861814512489776,28.25021398046588,5
1059,1069,0.031900487485289085,10,28.394803734594376,29.329006619511638,10
1074,1075,-0.0037244561615067608,1,28.692143987397596,28.61397349892429,1
1077,1079,0.01030174033648992,2,28.718237390808632,29.042803452721227,2
1080,1081,0.0027215372322954732,1,29.178399636051076,29.286988136675436,1
1089,1097,-0.02221532141152408,8,28.529045241027124,27.92379237667482,8
1102,1108,0.009837751513110962,6,27.851945531526365,28.15379799635375,6
1109,1110,-0.0013216474248113716,1,28.24977489754106,28.240688430193764,1
1112,1113,-0.006738994689845101,1,27.987820621574425,27.827198667646872,1
1114,1118,-0.01712494145499775,4,27.61568999707445,27.17038861263226,4
1125,1130,0.002044513842958235,5,27.556588395197267,27.640484810031147,5
1132,1136,0.002118103471474734,4,27.55134964334749,27.637257602314225,4
1138,1140,0.00043285424144507366,2,27.82263448013106,27.862500259954093,2
1141,1143,0.0058728645326265715,2,27.913706291612268,28.105553413558045,2
1144,1145,-0.0003241363805314958,1,28.238887161413174,28.25797279789985,1
1147,1148,0.0021441793435535597,1,28.338196168079023,28.427296539104265,1
1152,1154,-0.0015087936938562225,2,28.705530324699247,28.69092513189124,2
1158,1159,-0.004018676791734602,1,28.454769918624244,28.368874165056745,1
1160,1162,-0.004168466512636763,2,28.31967310897478,28.229943173080173,2
1170,1177,-0.026876723111709567,7,27.770228807298196,27.05162628570292,7
1178,1179,-0.0019797858677262307,1,26.944684977300184,26.91828495574909,1
1182,1183,0.00019024620341714406,1,26.653802962460897,26.685527550243595,1
1184,1186,-0.002349159097830334,2,26.679299424550354,26.643304805007983,2
1187,1189,-0.00255819695365952,2,26.817483436422965,26.775696515427516,2
1191,1195,-0.004140532101286766,4,27.084810687402225,26.999749969981163,4
1196,1198,-0.00331634461316703,2,26.935471415266814,26.873079581150947,2
1200,1201,-0.004035764656956223,1,26.880221199257566,26.798619173769694,1
1206,1208,0.0017318816072078385,2,26.983560215524378,27.057276107374154,2
1209,1212,0.012384765121424831,3,27.257123171898986,27.6219533634406,3
1214,1219,0.0028248464987895637,5,27.556081856139354,27.661479639347167,5
1221,1223,0.0011840856344715513,2,27.914911045628354,27.975879601830663,2
1227,1230,-0.0012936063448671683,3,27.620644203828384,27.61253460744082,3
1236,1237,-0.004546514444128924,1,27.669005321515314,27.57087679448788,1
1239,1240,-0.0064028445686263764,1,27.485631801917027,27.337131205420775,1
1243,1245,-0.0015505284908819217,2,27.591343762984074,27.576153942140834,2
1249,1253,-0.01571268133124974,4,26.987014813046876,26.5899634640208,4
1255,1256,-0.007034466565393288,1,26.62836907808424,26.46768107519159,1
1257,1261,0.006309824146658205,4,26.390312931524157,26.58322147822888,4
1262,1263,2.8554717683552423e-05,1,26.707858309535737,26.735328803199234,1
1264,1266,-0.0008303221529970589,2,26.879566085739626,26.884126952641427,2
1267,1268,0.0009029840000465343,1,26.991670207428065,27.043034923967333,1
1271,1272,0.0005149792768850915,1,26.915296493168025,26.956072609586393,1
1273,1283,-0.02595505239061844,10,26.879947356275032,26.209156861742123,10
1284,1285,-0.007444178528211897,1,26.102552880229737,25.934343369427445,1
1289,1291,0.0013689855111091711,2,26.095870419971444,26.15769115889614,2
1292,1298,-0.005023683272594174,6,26.150048807303687,26.044829293340218,6
1299,1301,-0.006308712548702837,2,25.981607119109846,25.84367823536116,2
1303,1310,0.006397341008598737,7,25.475624353516373,25.664076234266297,7
1311,1315,0.021143896218336893,4,25.809695704649023,26.381222927759627,4
1317,1326,-0.041202118021808246,9,26.381257568583425,25.320675138247513,9
1327,1328,-0.005454099101027761,1,25.41189618009004,25.29870907615889,1
1336,1337,0.00041742046066533807,1,26.09518645369498,26.132174304899323,1
1338,1342,0.003343769880398811,4,26.23616601249884,26.350129880201074,4
1345,1347,-0.0023374578473457216,2,26.433360399519284,26.39800689422123,2
1349,1350,-0.002013549265517581,1,26.27509779917657,26.248466693100813,1
1351,1355,-0.02383570616334334,4,26.164839566893914,25.567346978733305,4
1356,1357,-0.0005055771959213861,1,25.669834305889662,25.682526057347413,1
1358,1363,0.0012676662994849136,5,25.775300603211704,25.8337503837487,5
1368,1371,0.0026590355432769045,3,26.093468343924446,26.188945272042236,3
1372,1375,0.013465986853238906,3,26.336438027575287,26.717420593843332,3
1382,1383,-0.0024936640434049884,1,26.72242476284457,26.682510437823716,1
1386,1387,-0.004881615862725324,1,26.59868155777933,26.495435693517074,1
1389,1391,0.004108569629890746,2,26.53272190369742,26.668266161012987,2
1392,1395,0.013759538600333566,3,26.835116221408004,27.231190155122313,3
1397,1404,0.007210197060790413,7,27.23102668576316,27.45459878102092,7
1408,1409,-0.0044385753725258836,1,27.318717127371215,27.224779659448036,1
1411,1413,-0.010206346730004798,2,27.160826397904053,26.91077441261148,2
1417,1418,-0.0026033832662702237,1,27.093313338403867,27.049872373169254,1
1422,1423,0.003870498676060574,1,27.081547931406895,27.213448574752483,1
1425,1426,0.006662058375905284,1,27.404748553620134,27.614725336814978,1
1434,1436,-0.004107452870460193,2,27.94271065277944,27.85587999635302,2
1444,1445,-0.003953184519813779,1,28.05860976700198,27.975747514990573,1
1446,1447,-0.0059332561691951575,1,27.749200139545945,27.6123062267673,1
1449,1450,-0.001665151547023565,1,27.583901075925386,27.56555360145179,1
1451,1459,-0.001989245830316395,8,27.5481396206974,27.52088773844465,8
1465,1466,-0.0011470862430675286,1,26.97664547862738,26.972677585193363,1
1470,1471,-0.0030380785397813863,1,27.063144581554482,27.007987767363815,1
1475,1478,-0.01966966303073716,3,26.829378807377633,26.328483345719892,3
1480,1481,-0.0043141300134628725,1,26.41928845409628,26.331731497296225,1
1482,1486,-0.006880170307321216,4,26.04870687095094,25.89553603826426,4
1489,1493,-0.01740715533777629,4,26.09339845609202,25.665280014332428,4
1494,1496,-0.006406977599934641,2,25.56741735493098,25.42917490200469,2
1500,1502,0.0012245180821801528,2,25.685671512332092,25.742809753064215,2
1503,1504,-0.007359992381780074,1,25.866481183998022,25.701970560724337,1
1511,1514,-0.0016722211031815993,3,25.770400245473404,25.75307683859096,3
1517,1518,-0.001537673626795895,1,25.71602234987067,25.70219552286705,1
1526,1535,-0.02363623936163153,9,25.901219232301614,25.31491303400114,9
1536,1537,0.0006201378129807992,1,25.268212457408826,25.309150443877506,1
1541,1542,0.0006519298355784104,1,25.605181976723614,25.64747994077638,1
1545,1549,-0.0040875711375481915,4,25.784120027234728,25.70450972243156,4
1551,1553,0.0043375354935809044,2,25.78321952306917,25.92083837241234,2
1557,1564,0.0026910867129858775,7,25.775467574743146,25.87060706062928,7
1568,1569,0.0001979533477884665,1,26.186725898718255,26.218096374676243,1
1570,1573,-0.0009626189154056188,3,26.318039960943132,26.31902375782127,3
1574,1576,0.0006129512394745433,2,26.433383042825795,26.476018800768227,2
1578,1579,-0.002892351913300246,1,26.434826306683977,26.384802312544764,1
1580,1585,-0.013402289638638848,5,26.222596526077957,25.897376288884374,5
1586,1588,0.002003667386886655,2,26.018983247066863,26.09713561848603,2
1589,1590,0.0038858822615796974,1,26.205720267526143,26.33375833133317,1
1593,1599,-0.017392140533866843,6,26.43235439098709,25.999071523169057,6
1601,1605,0.0012434092264089884,4,26.090093757946267,26.14862451500072,4
1611,1613,-0.005470991072371232,2,25.394728467702407,25.281188863438018,2
1614,1615,-0.00110448374900876,1,25.332584484724833,25.329937641325788,1
1617,1619,0.001051486777446012,2,25.52548466845868,25.577849862743925,2
1621,1625,-0.008468754390559165,4,25.558722825008473,25.367831001692107,4
1626,1627,-0.004033928176578817,1,25.34844695724388,25.271541589787784,1
1634,1638,-0.022664034267525286,4,24.255251342291917,23.729784746045066,4
1639,1641,-0.012801741467253235,2,23.574449721262337,23.29623016041924,2
1647,1649,0.05593562924566978,2,22.270855106209744,23.538860255520934,2
1650,1654,0.020174466306060287,4,23.767875494291523,24.271147573112035,4
1655,1657,0.01842715300123755,2,24.430878303832433,24.9055007145956,2
1659,1661,0.042071100828500504,2,25.48707413899842,26.58483047906269,2
1663,1665,0.009351502475073912,2,27.224137984153803,27.505948715878525,2
1666,1670,-0.038269358785476215,4,27.803846153219723,26.767614635319195,4
1671,1677,-0.035415304573565995,6,27.015494318850404,26.085747853661726,6
1678,1679,-0.006757585626404229,1,25.800432937595268,25.651884735758763,1
1680,1681,0.0026757731149729654,1,25.94849448256958,26.043875260962633,1
1689,1690,0.006268293989903498,1,26.71695255931702,26.91113922503244,1
1693,1700,0.007155962090552821,7,27.556602500683713,27.781353106023722,7
1702,1708,0.07392116527384514,6,27.688398073783816,29.76284512203779,6
1717,1719,0.001712533944538026,2,30.39266035408351,30.475101476958777,2
1720,1727,0.04462295900603578,7,30.818425573629547,32.22445334020581,7
1728,1733,-0.022069967346283546,5,31.849709855845255,31.17863750919399,5
1735,1737,-0.000655552559082085,2,31.013490766569216,31.024173284097692,2
1738,1739,-0.006162876871476476,1,31.271814670095473,31.11036214140614,1
1741,1742,0.007873930253702026,1,30.97177422422209,31.246615588521244,1
1744,1745,-0.012205472316264825,1,31.144049161155756,30.795065380464035,1
1747,1749,-0.007442824986731809,2,30.444213102079015,30.248066365203552,2
1753,1754,-0.002396199412003386,1,30.484108150371494,30.441546256496498,1
1757,1759,0.012946378779277824,2,30.37959669027226,30.80328205287649,2
1763,1767,-0.03382511071099418,4,31.35385750348296,30.324663659714396,4
1769,1775,0.10498985005771054,6,30.597897487694077,33.84096405449597,6
1776,1786,-0.0484117800125047,10,33.53357048288236,31.94368421611412,10
1790,1792,0.013969159521623916,2,31.181501660687317,31.648262533169927,2
1794,1795,0.001772211829982899,1,32.61696873951101,32.707389886108864,1
1796,1797,0.022878640673664057,1,33.23759765371369,34.03126630494254,1
1798,1802,0.004345103320012476,4,34.719301482570096,34.904879736193095,4
1803,1806,-0.01597335775741237,3,35.151606255925735,34.625268679708064,3
1809,1811,-0.014982777592138112,2,33.88484722558594,33.411042943087,2
1813,1823,-0.05540376725109153,10,33.13635996241663,31.333617147472925,10
1825,1827,-0.024853776336307323,2,30.671022740558538,29.93940302409946,2
1828,1833,0.029752858171095936,5,30.512555912999698,31.450904217429812,5
1837,1842,-0.043997357116707866,5,31.260964411333134,29.91682556072635,5
1843,1846,0.01447649342480229,3,29.7651486880644,30.22580881602349,3
1852,1853,-0.006372129246728536,1,30.36706417822974,30.20392838462059,1
1854,1855,0.015311847357572107,1,30.424886688005117,30.921172795531284,1
1858,1861,0.001532184023222511,3,30.819172510232956,30.897212326472307,3
1862,1868,-0.017235898555498615,6,30.79452611520541,30.294549313134283,6
1869,1870,-0.006384554508406827,1,30.469885991994264,30.30581923000543,1
1874,1881,0.017759858098485383,7,29.67845861204513,30.23522228418887,7
1882,1883,-0.0019683447930348855,1,30.50195709081289,30.47242067948663,1
1889,1891,0.0014605139286251916,2,31.179779580504135,31.25649786245343,2
1892,1894,0.006825229398144191,2,31.733895154588694,31.982220163870007,2
1895,1898,-0.01153061490059851,3,32.06014434097985,31.722531307267392,3
1900,1904,0.004341779388269927,4,31.635182145067123,31.804170308993807,4
1907,1908,-0.006001892078273698,1,32.06957881032735,31.9091702381224,1
1911,1915,-0.003265322202418264,4,31.50054639869918,31.4291875115539,4
1917,1920,0.012873954462536693,3,31.538656575079035,31.976222460211265,3
1921,1932,-0.003944115142613858,11,32.555741575142,32.4598937233916,11
1934,1935,2.729116265585735e-05,1,32.37181805214699,32.405073334751066,1
1937,1941,-0.01675299657948522,4,32.12237323859723,31.616349602844657,4
1945,1951,-0.018099340450413528,6,31.45494559803075,30.917086774400786,6
1953,1958,0.004004620909341534,5,30.755560946310357,30.90948086970079,5
1965,1966,0.006839856497200846,1,33.21576383065013,33.476170652527344,1
1967,1969,0.01684039735677515,2,33.78254747541648,34.38524154610203,2
1970,1971,-0.005623483526927657,1,34.255424154918565,34.09704476563038,1
1972,1975,-0.01161920544178299,3,34.20601584347728,33.84277513389051,3
1980,1981,-0.0030645054796090937,1,33.743028976703954,33.67336630848294,1
1984,1987,0.00281406959107586,3,33.22874706891489,33.35548382265999,3
1992,1994,0.007494940711256388,2,33.35129135131048,33.6346085939837,2
1997,1998,-0.0042126880406068564,1,33.862044971701636,33.75325678479056,1
677,678,-0.005976108515192576,1,26.812501082004886,26.67907916705711,1
679,680,-0.005928951122085437,1,26.64123473350429,26.509921389670843,1
681,684,-0.007838533092868197,3,26.3139286358513,26.13397996407166,3
686,690,0.009966364349046606,4,26.093707482957498,26.379860586433054,4
691,694,0.008884534105180187,3,26.498938275617174,26.760867934753577,3
701,706,0.022729578114011134,5,26.88247340830443,27.52038316094462,5
707,709,-0.002639183359071288,2,27.709211349020627,27.663790870884323,2
715,717,-0.013339574001057564,2,27.24556243735051,26.90936380345439,2
720,724,0.0009192071373022752,4,26.55403590176987,26.604998596996726,4
727,733,-0.016562125954815196,6,26.333280990051712,25.923479154480987,6
734,735,0.006107958396477277,1,26.137467970883886,26.323252005810186,1
736,739,-0.004377289286667374,3,26.551761747913254,26.462088767419882,3
740,743,-0.004057955340549464,3,26.351636632438563,26.27105450446618,3
744,747,0.004800225335583639,3,26.22679611584929,26.378917443151625,3
753,754,-0.0018503512507396784,1,26.244728072258628,26.22241083491706,1
755,756,-0.0015220270984186023,1,26.335674785426765,26.321926849533632,1
759,760,0.0009812556519719269,1,26.44404711148223,26.496439529282867,1
762,765,0.003390033865038669,3,26.845211231440103,26.963062617860242,3
768,770,-0.00020920549365466322,2,26.98101009436489,27.002346528923162,2
777,779,0.012456403341171342,2,27.223320915112705,27.589648901632607,2
782,784,0.002007817325548877,2,27.80742424903014,27.891063901465262,2
785,786,0.0030573255098785886,1,28.006134002141973,28.119764004061942,1
790,795,-0.013660006705043286,5,27.990194921576258,27.635838866193634,5
799,801,-0.0003140644616240377,2,28.06767444798011,28.086927063363547,2
802,803,0.0021784588729081454,1,28.139682605922992,28.229123429782607,1
804,805,-0.001140599856065631,1,28.452648683976204,28.44864824566655,1
807,810,0.0026701631766324393,3,28.541613882409653,28.646366262682534,3
813,814,-0.004661624284506291,1,28.621083251834897,28.5162835983511,1
824,825,-0.00402015218262255,1,28.66205873512103,28.575494955873697,1
828,829,-0.006518070345782657,1,28.48879736526213,28.331594177333866,1
832,835,0.005300842513437171,3,27.954465912269228,28.130602599529684,3
842,843,-0.003549390846423461,1,28.726887447061003,28.65365138315723,1
844,845,-0.0034593736024532895,1,28.679656391229436,28.609122401373416,1
846,847,-0.002611931143370538,1,28.640987562675374,28.59482026284621,1
850,853,-0.0068644709593429125,3,28.308717910825926,28.142702256741657,3
860,861,-0.003967489637270833,1,27.80612511118554,27.72361072306544,1
864,866,-0.008501433616144425,2,27.90180365701761,27.692500129113796,2
867,869,-0.002488623132561176,2,27.651101060970596,27.60993899229045,2
871,876,-0.010716185854624652,5,27.980566816799683,27.708702429289914,5
877,879,-0.010126497310162054,2,27.659601837512074,27.407166555741867,2
882,883,-0.0021493560402664784,1,27.17546995805147,27.144235667508102,1
884,886,-0.002110137591037757,2,27.148763340792733,27.11862447805793,2
887,891,-0.0062583757048938395,4,27.220017588558274,27.076884509383817,4
894,895,0.0018590331532319184,1,26.991655134528497,27.068825171418716,1
897,898,-0.005891973177166785,1,27.403754298385905,27.269695867404533,1
899,901,0.0005853380794068022,2,27.280873040530132,27.324122447400747,2
902,904,0.0009371741195843334,2,27.42518618000525,27.47831354089794,2
905,908,0.001607506445924869,3,27.608929229591343,27.680919690522586,3
911,913,-0.0013614300163852571,2,27.897039318204452,27.886956490826574,2
914,919,-0.015722168166469954,5,27.72521411486299,27.31703885021259,5
923,924,-0.008286638832804297,1,27.22408942103289,27.025717313869855,1
927,930,0.003808504911280189,3,27.155101667456197,27.285677107190473,3
931,934,0.0027756140467762665,3,27.271088584717525,27.374053689848864,3
936,937,-0.0011184469768513315,1,27.232364903391,27.229139312095683,1
939,942,-0.008899211250656847,3,27.12774309816405,26.913455324678104,3
947,950,0.014572429206482749,3,26.33210670416403,26.742161571672174,3
951,953,-0.0031722592635260913,2,26.684265896353367,26.62630075256962,2
956,958,0.001638033278773886,2,26.720638419535987,26.791128352916807,2
960,961,-0.005848891996340998,1,26.83148087914331,26.701377926258456,1
963,965,-0.006944481031354643,2,26.63241759702115,26.47410169579654,2
966,968,-0.0008938390863270711,2,26.45391236452169,26.45672073602853,2
974,976,-0.003974607495019841,2,26.225616687811073,26.147605771849992,2
978,979,-0.004290539248122963,1,26.1361463318328,26.05014431653322,1
980,983,-0.01051805056460818,3,26.176739437209505,25.927587907629572,3
986,992,0.0159068308158367,6,25.908961500525287,26.346999929228694,6
993,996,-0.007269177822306155,3,26.356818292040813,26.191582711337798,3
997,999,-0.0029274612290720093,2,26.26085894277844,26.210242155324107,2
1002,1005,0.0014355045817747948,3,25.984117473668412,26.047401910828906,3
1008,1010,0.0019239961192925917,2,26.052411224060222,26.12858837337759,2
1011,1015,0.017789493840700502,4,26.277339625436742,26.77107753647888,4
1016,1017,0.00045305410271433946,1,26.88238600293795,26.92144756421027,1
1019,1020,0.007235736238423351,1,27.143352529821023,27.36689802188317,1
1024,1026,-0.0065519386721864395,2,27.740804146305322,27.5867889029679,2
1027,1028,0.000975071184584736,1,27.51555568288332,27.56990086404042,1
1029,1040,0.02574475841776593,11,27.632683818498126,28.37171327165837,11
1042,1049,-0.016805657111132594,7,28.469792028117965,28.019808257296276,7
1051,1053,-0.002447112122065073,2,27.842082480770344,27.801791865708886,2
1055,1057,0.00790421428079071,2,27.958395462317096,28.207343006460654,2
1058,1061,0.026231917749838508,3,28.360588479371753,29.132901692179022,3
1064,1066,-0.006806533076260794,2,29.4411261597812,29.270175286932062,2
1067,1070,-0.007156289831877752,3,29.34399895757049,29.16334879516137,3
1072,1077,-0.004462001906719097,5,28.794201227174828,28.694515647623895,5
1078,1083,0.003074562952021116,5,28.946985007466253,29.064931320150386,5
1088,1093,-0.010553424877294406,5,28.44088111161485,28.169173290470976,5
1094,1100,-0.010125210739318786,6,28.067007124075893,27.81088976924674,6
1101,1103,0.004278141440988671,2,27.826308501531667,27.973179693583337,2
1105,1109,0.007729084139039726,4,28.025475903306976,28.270112640503573,4
1114,1116,-0.022564910371482404,2,27.634076287844053,27.03814990949799,2
1117,1118,-0.001693255118287614,1,27.13232909377849,27.113519467763165,1
1119,1120,-0.002523251010317815,1,27.1887349690247,27.14731970101387,1
1125,1128,-0.0001921819473484019,3,27.574541200080752,27.596816412255762,3
1129,1133,-0.007427937645945718,4,27.70577793096159,27.52768691798895,4
1138,1143,0.008630712542938256,5,27.856379947830458,28.124656735594883,5
1146,1149,0.006395521970471359,3,28.259211903679326,28.468203526181192,3
1152,1157,-0.004271449413828763,5,28.630793553481823,28.537129360693832,5
1159,1164,-0.01194828028311935,5,28.379484754644146,28.06877820125979,5
1169,1170,-0.005118068172331128,1,27.826375012413276,27.711784103123307,1
1173,1178,-0.027922598186606258,5,27.68707526825704,26.941667265847432,5
1180,1181,-0.01011575200210759,1,26.941178572522745,26.695589470011132,1
1183,1185,-0.0022972491467170954,2,26.72132824922434,26.686664028953885,2
1186,1189,0.0035316212059088997,3,26.714933068424624,26.835995025631934,3
1198,1205,0.004185616471975891,7,26.818003037237794,26.957070915533194,7
1207,1210,0.013746842809171628,3,26.97753768138688,27.375371188952798,3
1216,1227,0.004550156123181175,11,27.428862966961926,27.581097438709907,11
1233,1234,0.0003469877570378096,1,27.729166057271083,27.766516904463096,1
1239,1243,0.0012128001882022363,4,27.473541943248158,27.53433540203076,4
1246,1247,-0.007731642524562181,1,27.49278121422905,27.307709639088863,1
1253,1254,0.00139488010655683,1,26.536522110931337,26.60007389983201,1
1257,1267,0.022228179417571915,10,26.366733105032516,26.979184312251444,10
1268,1269,-0.0003381481780608738,1,27.105111804756977,27.12305137238882,1
1272,1276,-0.01612222409867234,4,26.96442037202776,26.55665836447115,4
1278,1279,-0.005610562059319048,1,26.574089455778527,26.451567967172764,1
1291,1292,-0.005504637921459869,1,26.21115816912822,26.09308639207418,1
1296,1302,-0.010056723560828307,6,25.966017597985573,25.730850554625015,6
1304,1306,0.0033754004144331603,2,25.154143621292516,25.26420307171783,2
1310,1311,0.001773511662444609,1,25.710294305377243,25.78160210647809,1
1314,1318,-0.009449334754319246,4,26.22580027556888,26.00420970984068,4
1321,1327,-0.016912550672515878,6,25.731951372659708,25.322490392539546,6
1329,1330,0.0033722435284483532,1,25.379201344402066,25.490165393237316,1
1336,1342,0.010186782082302781,6,26.095894474104735,26.387823558829314,6
1343,1344,-0.0031776277816685608,1,26.441731990913713,26.384151740734865,1
1345,1347,-0.003948774334878469,2,26.45384752657279,26.375841099927644,2
1353,1356,-0.008085323746330919,3,25.805247452744396,25.62240892018752,3
1363,1368,0.005678552385037812,5,25.864392393348197,26.037129092854347,5
1369,1370,0.0010654435315385832,1,26.137237863491986,26.19122285236942,1
1371,1373,0.013436903857361376,2,26.185985685981226,26.56403024373998,2
1376,1378,-0.004022229985405343,2,26.67803992969066,26.597412757463307,2
1381,1382,0.0003083657051804838,1,26.638699933876538,26.673553095300615,1
1383,1386,-0.004560616258576851,3,26.7274658583204,26.632299608834707,3
1388,1389,0.00029790461154226397,1,26.493371844014632,26.527757713506283,1
1391,1392,0.005239434166449183,1,26.679467193576333,26.845931972726593,1
1394,1396,0.0018038283985581578,2,27.12261963517248,27.198666806348868,2
1398,1399,-0.0035119244146352272,1,27.36048638429133,27.291758910546335,1
1401,1403,0.003775675766735799,2,27.31732368286614,27.44778236359048,2
1407,1408,-0.002650766901960001,1,27.324559669174775,27.27945319046227,1
1414,1415,0.001988509342638262,1,26.977562074506228,27.058184770807493,1
1418,1419,-0.005387726665039948,1,27.116574209582947,26.997594093859025,1
1421,1424,0.010743411803383708,3,26.97960904877292,27.29644170812696,3
1428,1431,0.0007197688311107301,3,27.889198455889932,27.937161430119033,3
1432,1434,-0.0054710130553774165,2,28.021442578210102,27.896158342612416,2
1435,1438,-0.004036078499500514,3,27.909648560277244,27.82491267635477,3
1439,1441,0.004223420359061622,2,27.857935202089017,28.003448907985028,2
1444,1446,-0.01098420353390888,2,28.07848494172319,27.79814363314123,2
1449,1454,0.005754850777121719,5,27.615473549636086,27.80201195260343,5
1458,1465,-0.022433889029240307,7,27.565345355290965,26.974512801892974,7
1469,1470,-0.0021482471052035896,1,27.051896908720067,27.020834646404364,1
1472,1476,-0.018559614960730053,4,27.103508892216297,26.627581711984256,4
1477,1489,-0.017221695719856277,12,26.47600629074655,26.04652057282106,12
1490,1492,-0.007944565097188775,2,26.005548334858066,25.824951111558555,2
1494,1496,-0.009269010436750009,2,25.57927418626592,25.367758901055197,2
1497,1499,0.004207848748894902,2,25.470733861714205,25.60338159118937,2
1500,1501,-0.003184488012015008,1,25.700157418369887,25.64401573258256,1
1505,1507,5.84090081668777e-05,2,25.57914657066451,25.60621976981612,2
1512,1513,-0.003371778749603143,1,25.70886995019088,25.647894198766707,1
1515,1517,-0.008205833200343484,2,25.86487056531028,25.67849262226818,2
1520,1522,0.0036066311361487883,2,25.721345797434704,25.839834549848817,2
1523,1525,0.0008983130483908792,2,25.865306532398428,25.91440698128951,2
1527,1529,-0.01158017228384416,2,25.80882166179536,25.535759882170556,2
1530,1532,-0.00810003044870823,2,25.53097728490379,25.349706568795696,2
1533,1536,-0.005203477556528572,3,25.369857672964994,25.26321604562436,3
1537,1539,0.0045870636544451835,2,25.281973352240694,25.42322534666965,2
1542,1543,-0.0016038459851165647,1,25.664871285559926,25.649373656075607,1
1548,1550,-5.676348388738441e-05,2,25.70166466120585,25.72590740983918,2
1551,1556,-0.0035146141194972802,5,25.835676742426287,25.770709984903014,5
1557,1560,-0.007582112556109959,3,25.812813531048597,25.642910686997357,3
1565,1566,-0.00038841176537825195,1,25.962165123673156,25.9780432784081,1
1571,1573,-0.00015512621212624507,2,26.321583688056066,26.34382210416943,2
1574,1575,-0.0006147317892287591,1,26.469244049862116,26.479441808157674,1
1577,1578,-0.0038766671728067167,1,26.491103659131323,26.41489757086368,1
1582,1583,-0.002087457127533922,1,25.908216891053744,25.880042815933873,1
1587,1589,0.005303456103244113,2,26.01143736765218,26.17539932128146,2
1590,1591,0.0004860034732461398,1,26.269544603659806,26.30858123818144,1
1592,1594,-0.0026154739619175353,2,26.45144701739459,26.408715393482947,2
1596,1603,-0.0042907561667083335,7,26.262119006276077,26.175696776205346,7
1606,1608,-0.008413730106055822,2,26.03345925776245,25.840454217098397,2
1612,1614,-0.00279165853356329,2,25.328175908347887,25.282796465842104,2
1616,1618,0.0032972314654899524,2,25.443647224124373,25.552984465572706,2
1619,1623,-0.004551595048841424,4,25.58484400666281,25.493977001363366,4
1625,1626,-0.00262792970591861,1,25.36041963755911,25.319134657076567,1
1627,1631,-0.017273839890893244,4,25.256364776801135,24.845346740197478,4
1636,1637,-0.006587782605447487,1,23.8479372254618,23.71468013665756,1
1638,1645,-0.059238570403277166,7,23.7275794877142,22.3457191792196,7
1649,1662,0.14961180620280035,13,23.511918777229685,27.053091331561784,13
1664,1669,-0.014726252849905717,5,27.145934015083938,26.77332206094604,5
1671,1675,-0.01567144966661677,4,27.017141121978216,26.62076049587123,4
1676,1679,-0.03044419854952624,3,26.438836697899085,25.660366340747643,3
1681,1682,0.005639148867277558,1,26.0617486302935,26.234776459191586,1
1684,1685,-0.0008439954282173716,1,26.446296758805147,26.45042250200624,1
1687,1690,0.015094299508214268,3,26.522469205005272,26.949329768088017,3
1691,1697,0.03446398432729296,6,27.121516779436252,28.083353825434592,6
1699,1714,0.09878291979405672,15,27.829280616019137,30.60616749165367,15
1715,1718,-0.02078991395792184,3,30.875953503448983,30.264921040246932,3
1721,1727,0.02623430616063775,6,31.36145206894503,32.215559456232846,6
1728,1729,-0.002213952688085625,1,31.931441447597525,31.892678188417765,1
1730,1731,-0.006185732598546953,1,31.880444981172932,31.71512151837788,1
1743,1747,-0.03349410206982372,4,31.39299724047301,30.372909983863387,4
1750,1751,-0.0004248325120279385,1,30.228980178477922,30.246366905071135,1
1753,1754,-9.05113751474585e-05,1,30.458905865869855,30.48660789428032,1
1757,1758,0.0002860872152039718,1,30.38337607487846,30.422451746403095,1
1759,1762,0.02014261990287521,3,30.760211080908476,31.410562531924334,3
1763,1770,-0.0013865366596910581,7,31.3519970171882,31.339878320986532,7
1773,1774,0.007006979286582257,1,33.87777506805957,34.149033711305016,1
1779,1780,-0.005889992794357804,1,33.62973166930642,33.46528252376733,1
1785,1787,-0.02435420280605485,2,32.622777005608675,31.860898055322988,2
1788,1792,-0.016914836279072584,4,32.16887162662156,31.656909301401374,4
1793,1797,0.04218232062987496,4,32.59632202879889,34.00390685800114,4
1801,1804,0.005910967911486229,3,35.05756937256239,35.29985110955087,3
1808,1811,-0.02144058367207127,3,34.11851447217453,33.421112122339274,3
1812,1815,0.01156147559748176,3,33.190112976769704,33.60702977100506,3
1818,1820,-0.017319827520787583,2,32.79379423171705,32.25860516610323,2
1821,1823,-0.018806389286500413,2,31.916936359933295,31.348610966275864,2
1824,1832,0.01065222049532731,8,30.938753379194704,31.299258555419634,8
1834,1836,-0.011927485036775771,2,31.934721222540272,31.585755034227358,2
1837,1838,-0.016199863588327656,1,31.230103776640355,30.755410459386106,1
1845,1848,0.004863656485883975,3,29.990421762458308,30.166275293540142,3
1853,1859,0.013961321374106495,6,30.229628615734484,30.681903804474373,6
1861,1862,-0.009937469946308904,1,31.029089647777983,30.751768091589643,1
1865,1869,-0.013765320358958742,4,30.839723744650122,30.446044791267877,4
1870,1877,-0.017950564249773246,7,30.25025209616653,29.737493254438622,7
1878,1881,0.014683928716755154,3,29.783140614399727,30.250257268757068,3
1887,1890,0.017213664640280357,3,30.669473723693805,31.228077232791055,3
1892,1894,0.0067705799173071865,2,31.70906180746604,31.955459606343787,2
1895,1896,-0.002751011863085032,1,32.01744222009031,31.961379298937292,1
1898,1900,-0.006315954044851265,2,31.774117002115617,31.605207256316643,2
1905,1907,0.006065097665510994,2,31.8219753089872,32.04680067245467,2
1910,1914,-0.014329016394184164,4,31.675065142094027,31.252867679528205,4
1917,1918,-0.0003495503879177225,1,31.4740826050409,31.494554909861993,1
1919,1920,0.008300014215484711,1,31.623266678704532,31.917363508356548,1
1921,1925,0.00225238204972277,4,32.636424037216536,32.74257015692232,4
1927,1929,0.00027515366274427763,2,32.56901052991791,32.61054102298709,2
1932,1934,-0.004401624067113801,2,32.47342806178793,32.36296566735126,2
1936,1948,-0.030804692073138445,12,32.29248287156518,31.33001536330108,12
1949,1951,-0.015668350221507515,2,31.345736125616,30.885945890174504,2
1952,1953,-0.004981901522793305,1,30.80715008850104,30.684479050650715,1
1957,1962,0.051337014852667805,5,30.786094554283753,32.39734684222694,5
1963,1968,0.033600157571960866,5,32.98267569391092,34.12388147006512,5
1969,1977,-0.020316399396501487,8,34.46792362609957,33.80212744696972,8
1980,1981,-0.0033026626750577654,1,33.76998386756559,33.692222986176446,1
1992,2000,-0.0033825768887994637,8,33.35606001437121,33.27658663667956,8
672,673,0.0002249889944006306,1,26.986178862552897,27.01923663466045,1
676,681,-0.02627757514155815,5,26.971134942964557,26.289370052790666,5
682,683,-0.0006973929489906131,1,26.255670062253067,26.26361521314288,1
685,687,-0.006366845720584968,2,26.245540358037623,26.10468459208265,2
692,693,0.002234539455163306,1,26.59525716438015,26.681280572998553,1
695,705,0.02351634327165031,10,26.849235757667266,27.507480838083705,10
709,710,-0.00503424603490543,1,27.686431319464322,27.574737443693092,1
711,712,-0.00792500947383405,1,27.453160758022573,27.263047359686578,1
716,717,-0.00854195097598507,1,27.08016513140219,26.875927853559574,1
718,724,-0.010977368464946409,6,26.887089552928625,26.618827153509045,6
725,726,-0.0044793879367810985,1,26.45291350662302,26.36087355847536,1
727,728,-0.004629172936454384,1,26.32339281651106,26.22786067170572,1
730,732,-0.005928087818953667,2,26.085348397331124,25.956797509641074,2
733,734,0.006169571027235366,1,25.934473516788714,26.120412566721285,1
737,738,-0.0017820609855284633,1,26.631136374042807,26.61030920128438,1
742,744,0.0002506771395985889,2,26.234126601483403,26.266937023901214,2
745,749,-0.0019526244483836963,4,26.360152713848795,26.335041387910454,4
754,755,-0.0006187213008925182,1,26.231970539882287,26.24197223148476,1
757,760,0.00680066678243641,3,26.32076471839161,26.526084233418693,3
762,763,0.0030666633119766015,1,26.8111055274638,26.92013726666587,1
765,769,-0.00010499666715145311,4,26.955573115263466,26.97969844304047,4
771,773,0.0017574067957399193,2,27.120169039844978,27.19495037825706,2
775,776,-0.0029374194976618893,1,27.198639219868948,27.145944045934502,1
780,784,0.006728657590401955,4,27.725392339473753,27.9396724034251,4
785,789,0.003078389907609243,4,28.000018381598238,28.11421337397862,4
790,792,-0.007283035601637974,2,27.95837229505731,27.782708846563615,2
794,796,-0.0010546738713283921,2,27.704711126660964,27.703196402849635,2
799,800,-0.0039453606301164765,1,28.11416598694022,28.031359629293725,1
801,802,0.001270720697652503,1,28.095346039072812,28.159142722831444,1
803,805,0.009792723226611514,2,28.21867385058667,28.52323018727807,2
806,814,-0.0005733593451667594,8,28.504379460022555,28.516540587140994,8
817,818,-0.001115362659922441,1,28.411582682770714,28.408305047019823,1
822,824,0.004399818356632846,2,28.49434378029265,28.64820806089768,2
826,829,-0.007859206784334532,3,28.51901675585234,28.32339892263805,3
832,837,0.022405047844843425,5,27.92120579522709,28.574702952750098,5
842,843,-0.003809266515041362,1,28.737687254775953,28.65695543225138,1
844,845,-0.0022784066944000914,1,28.629811694157606,28.59321115122838,1
846,849,-0.009229674291582998,3,28.681160643177193,28.445124032779276,3
856,860,-0.009716356871416792,4,28.097324482543435,27.85241817522159,4
863,865,-0.0026359713715611533,2,27.80255648517345,27.757072298707495,2
869,875,0.002659772661851663,6,27.664924186573156,27.766171519803375,6
878,879,-0.007619827825654333,1,27.575859845997027,27.39331240167215,1
880,882,-0.003877313852602749,2,27.250585162867328,27.17217667668668,2
886,887,0.0004436193824929129,1,27.144478291140775,27.183664586129524,1
889,890,-0.004147888314316152,1,27.202773511817227,27.11714221896239,1
891,893,-0.00722604407290409,2,27.160904250784455,26.991799263859143,2
899,900,-0.0011269458206987905,1,27.299974944875647,27.296509327151213,1
902,903,-0.002010799964728165,1,27.46619971948908,27.438436885781403,1
904,908,0.0033009714524693265,4,27.550898415238127,27.66939404281195,4
913,914,-0.006755923334509632,1,27.87825492632543,27.717789828269584,1
915,916,-0.006974860511192193,1,27.619045292999644,27.45402534992167,1
917,921,-0.0048422817876877435,4,27.380663781016224,27.275459555235624,4
924,929,0.0022922112471777598,5,27.094733280530548,27.183934866175992,5
931,932,-0.0027768603614674397,1,27.264955503712574,27.216509485020854,1
933,941,-0.012683223653920581,8,27.32364384361733,27.004415601552278,8
942,948,-0.019385246715455825,6,26.941788904352617,26.446457468390363,6
949,955,-0.0015974457986130263,6,26.62615238763638,26.610244704759157,6
957,962,-0.002055911145429363,5,26.762734316600607,26.734475247153544,5
965,967,-0.0022903222457259197,2,26.485927481159138,26.451752099731515,2
971,976,-0.007530064051937295,5,26.335667568714708,26.163693972640473,5
978,979,-0.002681075553110206,1,26.090111210573582,26.04625176243956,1
982,983,-0.007215684965100417,1,26.029302326493813,25.867512383370972,1
984,985,-0.0036675439754862756,1,25.754040590578636,25.68534055475681,1
988,990,0.006912972727268097,2,26.001867744443164,26.207619814762975,2
992,997,-0.00763675439006113,5,26.420977106975148,26.245627571170726,5
999,1000,-0.00419623046986881,1,26.230155833337776,26.146318210033854,1
1003,1006,0.003253301976301127,3,25.96824189896461,26.078692673554542,3
1007,1010,-0.0014854948688721547,3,26.10028177192586,26.087610219049473,3
1019,1021,0.008735825761280885,2,27.16955082011935,27.4340688329163,2
1022,1023,0.0002929410359616682,1,27.609636488068674,27.645334120072082,1
1024,1025,-0.002320560392932965,1,27.75912002775093,27.72246243329961,1
1028,1029,-0.002247907391070515,1,27.634088090223408,27.599603307450124,1
1031,1032,0.001693569019255756,1,27.772057212215973,27.846863165123796,1
1035,1036,-0.0007594310192800012,1,28.253512046857164,28.260308965452037,1
1037,1040,-0.0007076470860106159,3,28.334793535696804,28.343077295154252,3
1042,1046,-0.009499368343020717,4,28.536793917128477,28.29424919429793,4
1050,1062,0.05134359878678416,12,27.93024003958537,29.392209318236002,12
1072,1073,-0.0039215519394971525,1,28.789544161588708,28.70543401300618,1
1074,1075,-0.0025152681493218294,1,28.666274273459397,28.6228371810931,1
1080,1081,0.003625506555946327,1,29.17857566663632,29.313541359675522,1
1082,1089,-0.024933352661582284,7,29.191894167144238,28.493234269182388,7
1090,1091,-0.00609063742054074,1,28.579119386918894,28.433633452321743,1
1092,1094,-0.013197614626833915,2,28.41704087789486,28.07042076443131,2
1099,1100,0.001398301900151046,1,27.786984978061447,27.8536265569338,1
1103,1108,0.006600379983792991,5,27.955757623396554,28.168232004069186,5
1109,1114,-0.0244242640424527,5,28.247651912146367,27.585971455176956,5
1118,1122,0.008670531891832218,4,27.202065786167434,27.465124230876285,4
1123,1125,-0.002265248818246169,2,27.541099939969616,27.50625359581737,2
1130,1131,-0.003537050850705549,1,27.642517163030536,27.572386691346427,1
1133,1138,0.006692232356665352,5,27.590573505369843,27.802806607626803,5
1146,1147,-0.0005690682704654673,1,28.257902536080582,28.270079762893474,1
1148,1149,-0.0013250865312970064,1,28.437073952886443,28.427829443154863,1
1152,1156,-0.004390374178655807,4,28.708614281435796,28.611281336871027,4
1158,1166,-0.01673936576944101,8,28.44411371125631,27.996421401567275,8
1168,1172,-0.009388963408000942,4,27.9381422426001,27.703770189639403,4
1174,1179,-0.023973738127845905,5,27.501939931596656,26.870117565600406,5
1182,1184,-0.0016825364109113905,2,26.664563876212522,26.646364340485935,2
1188,1197,0.0014470289894263021,9,26.870371307942165,26.936123885489348,9
1200,1202,-0.0026148542048799813,2,26.931408216191368,26.887917918390112,2
1203,1209,0.010790425941736757,6,26.947855865644694,27.265582564517175,6
1210,1214,0.002667715289302838,4,27.453361698249857,27.55405281269329,4
1216,1218,0.0033891649154358747,2,27.475085867271964,27.595678550209183,2
1222,1224,-0.0026106205989959554,2,28.03085619632122,27.985709121923932,2
1225,1229,-0.01647769454934827,4,27.987190807309748,27.55401361669988,4
1230,1232,8.801843109659466e-05,2,27.679787601075024,27.709903720153832,2
1233,1238,-0.007733380414448033,5,27.69670354622044,27.510211105017547,5
1239,1242,-0.0005860670743256989,3,27.525937708309588,27.537331600237117,3
1243,1245,-0.0018249256995735061,2,27.58448980240181,27.561734647854184,2
1247,1253,-0.029876959029872915,6,27.330221351511263,26.541007669266314,6
1255,1256,-0.005931844081542169,1,26.599266917672434,26.46808348055115,1
1257,1263,0.015553777860604481,6,26.39295670497131,26.829859847349958,6
1267,1269,0.004491082492009085,2,26.971381298227218,27.119483377859215,2
1272,1273,-0.0033153143250016135,1,26.90779282178429,26.84549282360984,1
1278,1280,0.00034223909641005056,2,26.52183424356742,26.557432886397642,2
1281,1283,-0.013688804247907777,2,26.5483122124123,26.21144587563666,2
1287,1300,-0.004046006762729329,13,26.036218111811557,25.956911615367083,13
1313,1314,0.00492048652835462,1,26.093895473595946,26.248384030219665,1
1317,1318,-0.014873191241164145,1,26.361462910906077,25.99574529454622,1
1322,1324,-0.006271429562571983,2,25.632354808763484,25.497235655866234,2
1325,1327,0.0010917161736924974,2,25.29604488682472,25.348957033044943,2
1328,1329,-0.0004927898547584195,1,25.3825330012276,25.39540727947775,1
1331,1332,0.0037037686389852957,1,25.680630314686905,25.801426058190504,1
1336,1337,-1.2313825574995427e-05,1,26.092033980664382,26.117804721889712,1
1338,1344,0.005877359680916258,6,26.237523598556535,26.417968485480337,6
1350,1351,-0.007187146953910276,1,26.264057045517923,26.10155746497142,1
1352,1354,-0.013657559067346618,2,25.989805996881977,25.660838492327564,2
1357,1360,0.002245606649690107,3,25.70553623803547,25.78896629738349,3
1365,1368,0.006290267650130874,3,25.848955343336755,26.03740114626596,3
1370,1371,0.0005605355365922013,1,26.16489817393053,26.205729427342266,1
1372,1376,0.00940022182468574,4,26.399966240328805,26.67453174539244,4
1378,1379,-0.004489415232504832,1,26.59817762377716,26.505365537619884,1
1380,1382,0.002323466217442821,2,26.554186157663892,26.642438098290576,2
1384,1385,-0.003729014443847887,1,26.669596272079616,26.59681455864152,1
1390,1392,0.005555878757200356,2,26.589347753571854,26.76366429367731,2
1394,1397,0.0013264596772394055,3,27.16487284245674,27.228070823762053,3
1405,1414,-0.01949689474349992,9,27.459659427832957,26.951740997703975,9
1419,1420,-0.0035899781680779055,1,26.9819099916945,26.91202743388297,1
1422,1423,0.0036781586108997934,1,27.117957665644326,27.244819772807876,1
1426,1431,0.010396535925742283,5,27.630660969942227,27.94555479033818,5
1433,1436,-0.0032235951573749443,3,27.973779817068,27.911577455733294,3
1439,1442,0.006083026145365186,3,27.861314743359866,28.058657164131333,3
1444,1449,-0.016068076644882873,5,28.04618724494322,27.62358514593968,5
1452,1454,0.0038018626981900783,2,27.7172692797938,27.850363801244132,2
1458,1459,-0.007052916438074744,1,27.58005374775485,27.41311398706208,1
1462,1463,-0.006414036376230021,1,27.32735926896095,27.17940795181249,1
1464,1465,-0.007462075041594034,1,27.1259452664778,26.950655372591648,1
1468,1470,-0.0016748582467836003,2,27.020933773355445,27.002698473362702,2
1472,1474,-0.00625322079570511,2,27.063890504160614,26.92171791175147,2
1476,1477,-0.009190117913529736,1,26.593254828225632,26.37545293547792,1
1478,1481,-0.0007770322398692039,3,26.35286912458291,26.358744964784638,3
1482,1484,-0.012061357576051573,2,26.167935016754974,25.878482130507766,2
1486,1489,0.0025851402625283355,3,25.969295951611503,26.06239952011714,3
1491,1501,-0.014323005807491546,10,25.955085008887867,25.609285260580517,10
1503,1504,-0.005925269169999001,1,25.805719436347946,25.678619321998458,1
1505,1510,0.007310646116741691,5,25.62138065572939,25.834310883381487,5
1516,1518,-0.006600661050083138,2,25.85486101815894,25.710056705099223,2
1519,1521,-0.00010450037278430103,2,25.693060578038633,25.716068704208297,2
1523,1527,-0.00462678161056294,4,25.8579848709225,25.764203606906424,4
1531,1535,-0.007736694824018609,4,25.44611675103187,25.27469402802382,4
1537,1539,0.002748750766746425,2,25.313215253731038,25.40810818882228,2
1543,1549,-0.0029384368456171505,6,25.747715385460012,25.697805065266373,6
1551,1552,0.001481486148725042,1,25.763758165538892,25.82769057456578,1
1553,1554,-0.002728068537976582,1,25.93601470025017,25.89119548924617,1
1556,1559,-0.005100520786731431,3,25.78355319843528,25.6778272025893,3
1562,1563,0.0008658385612498652,1,25.772528911260178,25.820616289523734,1
1566,1567,0.002741101327175968,1,26.023215747056216,26.120571234024915,1
1571,1577,0.0027081256692145254,6,26.381488116813273,26.479313990091306,6
1578,1588,-0.01420939227988038,10,26.43841765886527,26.08918222875,10
1591,1596,-0.00538253914532306,5,26.37520165978906,26.259611306049244,5
1597,1599,-0.007447492575802701,2,26.171841112811286,26.003098361541348,2
1605,1606,-0.005463171110334503,1,26.16824904117286,26.05145566804426,1
1610,1611,-0.005717884203754613,1,25.47791042730427,25.357708596154616,1
1614,1616,0.0010753389850138152,2,25.358302065733753,25.410929138604526,2
1617,1619,0.0036853580267198205,2,25.495268484428735,25.61472294526563,2
1631,1633,-0.020862361289721118,2,24.868241445906836,24.374299449668218,2
1634,1639,-0.026703114021630402,5,24.174738153991747,23.55337210277664,5
1641,1645,-0.04377299064561394,4,23.31775680453072,22.320386610853827,4
1648,1650,0.042111024022307264,2,22.83511505084852,23.8195602443578,2
1651,1652,0.008039805111591174,1,23.992318537191863,24.209204420943294,1
1656,1658,0.014210447991331768,2,24.678596687505973,25.053969198920335,2
1671,1676,-0.022801918291691144,5,27.030546461299544,26.44122869597053,5
1685,1686,-0.006148700855845145,1,26.531489505042305,26.394886802320848,1
1687,1691,0.020484820214413363,4,26.535247035226103,27.10535204712298,4
1694,1696,0.009335579066410242,2,27.739427924975057,28.026130975550625,2
1703,1705,0.01623908562366943,2,27.688442648161793,28.165766081759514,2
1706,1708,0.029018998326707447,2,28.912168400315863,29.78008273514643,2
1709,1714,0.016858660096269667,5,30.135490473678566,30.673669954882364,5
1718,1719,0.001471019342625197,1,30.383156407970965,30.458233775145068,1
1722,1723,0.007572297711643851,1,32.06491182488269,32.339781795143196,1
1730,1732,-0.01794906678292197,2,31.949995065092516,31.408472465020235,2
1733,1742,-0.001381615691171902,9,31.18785481695573,31.17595304218359,9
1744,1746,-0.02403989576513101,2,31.15653233856385,30.438689081080405,2
1748,1754,0.0022489316308501282,6,30.345974903868004,30.444566901602165,6
1755,1757,-0.004266070660333021,2,30.466953687150536,30.36744646360321,2
1763,1769,-0.020623954627968028,6,31.305993629543455,30.691646230973838,6
1771,1774,0.04531250895452684,3,32.550744166757916,34.058250797457404,3
1776,1778,-0.0008640282168849824,2,33.55794816926101,33.562511103311266,2
1783,1785,-0.04145892448914585,2,33.95495185871929,32.581171025434784,2
1789,1792,-0.0037489660560070773,3,31.800495533399374,31.713077050613855,3
1794,1798,0.06706316377668785,4,32.57897789476792,34.7964062028966,4
1800,1801,-0.001820679353506488,1,35.0496940324614,35.02092947222224,1
1808,1810,-0.020188924978894813,2,34.24900031264767,33.591798815046126,2
1814,1815,0.006252404106859404,1,33.309235336116295,33.55080737126429,1
1817,1821,-0.03542530349554427,4,33.00277316378501,31.866642681427106,4
1825,1827,-0.022839843218096546,2,30.57621112193185,29.908431464825437,2
1828,1832,0.024801462301395634,4,30.450063301422826,31.235719461769598,4
1834,1838,-0.03611836517599559,4,31.894004357976293,30.773939066008086,4
1843,1845,0.002140778660516049,2,29.829394938308443,29.923082465386788,2
1849,1850,0.006280450889929761,1,30.219697747563284,30.43971077292294,1
1851,1857,0.012679701234949436,6,30.570577683227903,30.988774052514273,6
1861,1862,-0.005814608451099996,1,30.97187021294328,30.82275278486967,1
1866,1867,-0.0076107956790581535,1,30.725407211614616,30.522287822382772,1
1869,1870,-0.003449078327286775,1,30.41082276900799,30.336344282049453,1
1871,1873,-0.014590219528973866,2,30.142451830176274,29.732809292662658,2
1876,1886,0.02681157185731709,10,29.54606931538884,30.36779194525505,10
1889,1890,0.0018174471417442715,1,31.170719285396753,31.258541139353508,1
1891,1893,0.013545553856566046,2,31.342409199191017,31.79830190019238,2
1894,1898,-0.010234441292757225,4,32.03783006003424,31.74197859919752,4
1901,1907,0.007704355357560546,6,31.72992544521235,32.00611399175638,6
1908,1910,-0.00885345794605517,2,31.87072781339988,31.620432392807174,2
1911,1914,-0.011917374966233657,3,31.57576615584967,31.23104167688015,3
1915,1917,0.0016405969333095345,2,31.355143549468124,31.43793984536833,2
1924,1925,-0.011509552054997228,1,33.10039957405089,32.752529201686194,1
1926,1928,0.0014736820718073708,2,32.49592251875138,32.576307099692855,2
1932,1935,-0.0029675450200005006,3,32.51451397480332,32.45054020475446,3
1942,1944,-0.0013586932448230382,2,31.561060646955234,31.54973990770172,2
1946,1947,-0.006231141986161218,1,31.42709366699205,31.262694077807627,1
1950,1955,-0.018387887947036094,5,31.176480884016478,30.634387727822286,5
1958,1959,0.010779015847416654,1,30.931906595306145,31.296254013283068,1
1963,1968,0.030855633561259012,5,33.081709259278135,34.13554806702181,5
1969,1970,-0.0036201820469858666,1,34.393191179602255,34.30307475753491,1
1974,1975,-0.007241885709853426,1,34.09267249419447,33.87986992894224,1
1978,1982,-0.011738400734895939,4,33.89564388249489,33.53165887531733,4
1987,1990,-0.0037705361448034094,3,33.41175353367431,33.319185062848,3
1997,1998,-0.002716270615353355,1,33.85995078011882,33.801837941557594,1
673,676,-0.003949441960576349,3,27.029313366125137,26.94959197511752,3
677,679,-0.01087393589488676,2,26.86247372333122,26.597235379808968,2
680,681,-0.006444894175159433,1,26.478955898436844,26.334780785701142,1
683,684,-0.0047913862206865245,1,26.279596984006602,26.179960882116244,1
688,690,0.004293412974835058,2,26.24456110449654,26.383484404765934,2
694,700,0.0030087063197764014,6,26.800367925871672,26.907802730148447,6
701,703,0.005843451840270815,2,26.9387123890706,27.12306616994411,2
709,711,-0.011461310276028935,2,27.692127966792093,27.402432023927982,2
721,726,-0.015955269917278043,5,26.76116363615622,26.360943210677057,5
733,737,0.023881191437419402,4,25.95901309591189,26.60490427027775,4
739,741,-0.01175921748578847,2,26.483597150600502,26.198654369051184,2
747,751,-0.001715581790451092,4,26.349454568739766,26.330599378862058,4
752,754,-0.0030388871945316483,2,26.253049126623754,26.19952212094207,2
755,756,0.00016494139151752027,1,26.288163715584048,26.31878788560332,1
757,761,0.014932771967045365,4,26.280063586974475,26.69877784738519,4
762,767,0.0028701177992647704,5,26.819962202472908,26.923758615568307,5
768,769,-0.0019536977604452613,1,26.96141126655248,26.935698229009127,1
772,775,-0.0011136194187979257,3,27.20034798818802,27.1972575004585,3
781,782,-1.9849236879724988e-05,1,27.74003736674341,27.76722678553741,1
784,786,0.009619273558646356,2,27.918321106991506,28.21479339612478,2
787,790,-0.010504140665470854,3,28.21825997962539,27.950069667444204,3
792,793,-0.005431409914771498,1,27.84970234273512,27.72628889565009,1
795,800,0.011755462383626031,5,27.67454467197143,28.02754628551874,5
801,804,0.01012618695586482,3,28.09637317785571,28.40897867861428,3
805,806,0.0008949875171341416,1,28.523572912280475,28.577624726893312,1
811,813,-0.0034294828305122165,2,28.636103721299182,28.56653279897552,2
815,816,-0.0054446638861798844,1,28.638976904388162,28.51168627800409,1
821,822,-0.002644240479915104,1,28.499499734432383,28.4526397033117,1
827,830,-0.01373238500022153,3,28.44474701283048,28.08257754262922,3
840,841,-0.004089835404038528,1,28.763401038830622,28.674526863960285,1
846,851,-0.013513272486587204,5,28.560783202158827,28.20339433951987,5
858,862,-0.009339449322881263,4,28.00121962421889,27.76770487218385,4
863,866,-0.005001225737060387,3,27.776347461581185,27.665208025236375,3
869,873,0.0067985412362679114,4,27.662165895815424,27.877890437238424,4
876,878,-0.008291769228517534,2,27.72567618348214,27.523506951047583,2
880,881,-0.00321032324239222,1,27.272852097966933,27.21257027908847,1
882,883,9.733533478050111e-05,1,27.160729471509807,27.19053389967731,1
886,887,-0.001399292935311691,1,27.172795621414885,27.161945716090585,1
888,890,-0.006354082080380429,2,27.230034973272133,27.084243130973604,2
892,893,-0.00565489087634119,1,27.11881532909779,26.99258020304519,1
896,901,-0.0012085628688492652,5,27.340685437221758,27.334983185430666,5
905,906,0.00019961922132833159,1,27.618819400472898,27.6519514670961,1
907,915,-0.0020489113914867584,8,27.63364673428922,27.6046614874413,8
917,918,-0.0032088210750936884,1,27.34051697304154,27.28012666294753,1
922,924,-0.006721306755813124,2,27.246850042329847,27.090962455108038,2
925,926,0.0006940359293121574,1,27.076613724226863,27.12248248071981,1
929,935,0.004343477138452365,6,27.218938580629576,27.36438235666811,6
936,939,-0.0050345800052849655,3,27.24861333692356,27.13867662638267,3
950,951,-0.0037995671925905765,1,26.677537582941106,26.602852023944802,1
952,955,-0.004234857616728828,3,26.662716189002538,26.576466098455864,3
958,959,-0.0038583241317245703,1,26.835382453797955,26.758678232546206,1
965,969,-0.0012936799849907314,4,26.470583681264703,26.462809800646493,4
970,972,-0.008032288148110658,2,26.40072946930896,26.215071932360463,2
973,978,-0.005552353226673577,5,26.211799310406104,26.092473941238456,5
980,983,-0.011427946366601063,3,26.145385594263775,25.87274291555269,3
984,987,0.00557891509656032,3,25.758199695584207,25.9276607044217,3
993,995,-0.005150587121477973,2,26.386390514442965,26.27687150179143,2
998,999,-0.0019197206658383265,1,26.297416242341804,26.27322996516557,1
1001,1004,-0.0037408585904046506,3,26.064078785189952,25.99264083095058,3
1007,1008,-0.005226198654403642,1,26.06293535934222,25.95278821699676,1
1009,1012,0.011186812024080662,3,26.05414540182192,26.37166237428199,3
1014,1018,0.010409302816247856,4,26.65181366521188,26.955892277920494,4
1019,1024,0.020111096799920045,5,27.162746858271905,27.736182236548608,5
1025,1027,-0.0077041110574949875,2,27.75319786404469,27.567137343363502,2
1029,1032,0.00918902954347162,3,27.616086586136575,27.89746770823779,3
1036,1041,0.00266643545071053,5,28.32631310278809,28.43016970133608,5
1042,1044,-0.005428139577829292,2,28.48477852553009,28.358643950375487,2
1045,1047,-0.011053554808943697,2,28.44683001491598,28.16083825022032,2
1052,1055,0.0018020744679828372,3,27.847395350741376,27.925425826253512,3
1058,1062,0.03863775521476109,4,28.28710373723279,29.408341030903777,4
1063,1065,-0.008158554077952913,2,29.568227978768437,29.356562219793183,2
1066,1068,-0.002103503435252386,2,29.334307682068033,29.30193717277012,2
1069,1070,-0.00643354139752544,1,29.309934337995504,29.150677596411253,1
1071,1074,-0.010296540641817675,3,28.92890499350508,28.659966252509676,3
1076,1080,0.016023820164339744,4,28.693665679456736,29.182141483839494,4
1085,1086,-0.005440956528775247,1,28.71143240203454,28.583926178858235,1
1091,1092,-0.00506210764057694,1,28.476984479613073,28.361307903377845,1
1095,1096,0.0007902065113071786,1,27.989830727811945,28.03993830503126,1
1101,1106,0.0017064996253390256,5,27.858773842309404,27.93417360327602,5
1108,1111,-0.0037289303214958322,3,28.235107467822015,28.158055826922382,3
1112,1120,-0.029850572806793086,8,28.04515117485395,27.236032499006306,8
1125,1126,-0.0038154314765593855,1,27.590472998321747,27.51279391218911,1
1128,1132,-0.005010728984954999,4,27.68783101978866,27.576782633387058,4
1134,1140,0.008913307668734355,6,27.553170357363655,27.826313412365252,6
1141,1146,0.01028465942570653,5,27.896366885721495,28.21116788524142,5
1151,1152,0.0015841752449467484,1,28.575319402465958,28.649163035482257,1
1153,1160,-0.013417057040740928,7,28.70186859186096,28.345475852379973,7
1161,1165,-0.012920729753600268,4,28.300994720912332,27.963626211086268,4
1166,1167,-0.0029830260754204157,1,27.961906707427143,27.906457517307842,1
1169,1172,-0.005925131113286593,3,27.815311691682087,27.67831763464362,3
1174,1185,-0.033764931150831255,11,27.55563337251551,26.65277494224749,11
1186,1187,0.002513978072691041,1,26.70132278496799,26.795150647746212,1
1190,1199,-0.007256375031738632,9,26.98515325393692,26.81632401489135,9
1202,1204,0.0029251763235101508,2,26.8975466665774,27.00312427991356,2
1205,1206,-0.002188829315653933,1,26.95572693306915,26.923681174666356,1
1210,1221,0.017940366559770524,11,27.3989472179103,27.917893321569327,11
1225,1226,-0.004343258735827795,1,27.910063463984628,27.816752900491153,1
1228,1232,-0.00013342987668115292,4,27.63101954152968,27.65496375754121,4
1235,1239,-0.01252427349453828,4,27.765466970323914,27.44549013525433,4
1240,1248,-0.016364229077738834,8,27.432816410546558,27.011332334967367,8
1251,1252,-0.002493169381369341,1,26.77532470240506,26.735344607383208,1
1253,1254,-0.003374013808955482,1,26.616076778136417,26.552889844324902,1
1255,1260,-0.007368602742663455,5,26.599611665293512,26.43020930548814,5
1263,1266,0.0033859330607492345,3,26.778052699485848,26.895499446123008,3
1268,1272,-0.0048007466300433906,4,27.034938489060085,26.93218553770436,4
1276,1277,-0.0008280644591312184,1,26.55972857632394,26.56429513762204,1
1278,1279,-0.004917446193807339,1,26.564359325966283,26.460294877633846,1
1282,1289,-0.013788450518331094,7,26.453388455015457,26.1150906057163,7
1292,1293,-0.003249975988981782,1,26.158570434421723,26.099714279038185,1
1302,1303,-0.01069352673288812,1,25.735812608280057,25.486341820769095,1
1309,1311,0.006397653814642927,2,25.638763922681107,25.82843062241646,2
1316,1322,-0.03502181560792664,6,26.49962608899021,25.598060696511585,6
1323,1334,0.014181054871358848,11,25.584460288585458,25.972859384080575,11
1336,1337,-0.001184216053290069,1,26.136419982559296,26.131605234422977,1
1338,1341,0.0030230355281652636,3,26.248064536985694,26.353661433163563,3
1344,1345,-0.003992328373995144,1,26.4725278450714,26.393313348869217,1
1346,1347,-0.0015962107086775587,1,26.36346947920933,26.34775129638793,1
1352,1356,-0.014088766926743192,4,25.997101533324866,25.6568315305843,4
1357,1358,-0.0009109466696296505,1,25.72314988450053,25.72544061666536,1
1361,1363,-0.003782409836932828,2,25.876407569068082,25.804408798103424,2
1364,1366,-0.0019230302886981598,2,25.86037222990762,25.83650232306241,2
1369,1370,0.0017363939428593524,1,26.11842833066175,26.18989863974278,1
1372,1380,0.0025781792916131046,8,26.370762849669607,26.465122167202335,8
1382,1385,-0.0062725484738201855,3,26.696441427114273,26.55568314561131,3
1389,1391,0.004965797355595312,2,26.525851213444046,26.684099066468125,2
1392,1394,0.009837618934937065,2,26.86902214563318,27.16021836880194,2
1395,1400,0.002044250150927535,5,27.255391977557817,27.338364208699087,5
1401,1405,0.0035183114811253397,4,27.312049002195046,27.43545334677472,4
1407,1408,-0.0023046047724896504,1,27.351156234772144,27.31547378581515,1
1412,1414,-0.003951707676062106,2,27.065328207205958,26.985439270181608,2
1415,1417,-0.0002907658113490292,2,27.092631646026533,27.111846666650422,2
1418,1419,-0.005746923374519726,1,27.136178052667276,27.00736469477394,1
1421,1424,0.012240827230057136,3,26.953987386880176,27.310880477030995,3
1426,1428,0.0049269064028701825,2,27.684195851103315,27.84827748875153,2
1431,1433,0.000682398394737038,2,27.870862030770507,27.917751924311013,2
1436,1438,-0.0039044950174321256,2,27.898749091559534,27.81771731383051,2
1447,1448,-0.003182936762257491,1,27.61301878101602,27.552741307202034,1
1450,1455,0.013454827608481743,5,27.535421863553278,27.93344163971776,5
1456,1457,-0.003931076806988065,1,27.937128982557887,27.855243111743277,1
1461,1462,-0.008552711710669514,1,27.431299299437285,27.224118603979544,1
1467,1468,-0.0022964832629221053,1,27.02475857879972,26.989721431617795,1
1469,1474,-0.004752311280773046,5,27.043648441779446,26.942172254658097,5
1479,1480,0.0008210135891792095,1,26.35079109978188,26.398776248460205,1
1482,1483,-0.008658547084799163,1,26.11077057486417,25.910800008996183,1
1487,1488,-0.0013371880092881202,1,26.008413117755918,25.999643392712,1
1492,1493,-0.006226230819831184,1,25.840517985231568,25.70546947373675,1
1500,1502,0.00010554042457627572,2,25.701249491293844,25.72966326156859,2
1504,1509,0.0015368157834049112,5,25.73529430425779,25.8005800050394,5
1512,1517,-0.0016263650147223824,5,25.73219143483786,25.716073690370937,5
1518,1525,0.0045638586599803296,7,25.741408493873543,25.884630052442272,7
1528,1529,-0.006673143982551199,1,25.71468344089389,25.568800339267973,1
1536,1537,-0.001186214335227732,1,25.283389870190454,25.278681740553473,1
1542,1548,-0.0016558543266821956,6,25.707589446934392,25.69072901316705,6
1550,1553,0.00872503553580736,3,25.720608975550437,25.97074281184027,3
1557,1560,-0.005974716608708308,3,25.79391781819749,25.665600386823645,3
1563,1564,0.0008158059887486348,1,25.823746650804733,25.87063756462519,1
1565,1567,0.0053582463802881305,2,25.972226674347574,26.137364490587768,2
1569,1570,0.0022353780799852746,1,26.214134576325222,26.29894721271925,1
1573,1574,0.0008219837709208923,1,26.36738738555359,26.415428337451655,1
1576,1577,-0.002704522026558354,1,26.49169510911941,26.446539431285046,1
1579,1581,-0.014229412917925753,2,26.340060607950033,25.99159706988427,2
1582,1583,-0.001596512770284046,1,25.903485164505838,25.888033404810347,1
1584,1585,-0.0046230358923576315,1,25.98797053525741,25.89381518523864,1
1586,1587,8.109905934505042e-05,1,25.996105506308055,26.02420987151756,1
1588,1589,0.0007947959351959182,1,26.126253515285406,26.173144808896538,1
1590,1591,-2.966459810978977e-05,1,26.301203101516016,26.32672408999772,1
1592,1594,-0.0009340006712628353,2,26.41193027171697,26.413673441385555,2
1597,1599,-0.007875191091574755,2,26.17074500463665,25.990816131720898,2
1604,1606,-0.007019505169818846,2,26.20861372628541,26.05085084046625,2
1607,1608,-0.006255488132991726,1,25.893451380902654,25.757368654448122,1
1610,1611,-0.006478047046705545,1,25.49647668928564,25.3568057904565,1
1612,1613,-0.0018118816696125434,1,25.27153721124964,25.251019713424895,1
1619,1622,-0.0037654695159493206,3,25.580424234171485,25.509682350746832,3
1623,1625,-0.0074089646751490145,2,25.513545191561835,25.350029781691298,2
1628,1631,-0.016462796632060524,3,25.19949045884461,24.809835862647947,3
1633,1634,-0.008268403269833049,1,24.365628720465807,24.188529505002435,1
1635,1637,-0.011402767174573291,2,23.988434059796585,23.738887965389917,2
1645,1647,-0.003990678893872074,2,22.343895258297003,22.277071842341126,2
1649,1651,0.017867896886859382,2,23.523814584588575,23.96765949255619,2
1654,1657,0.024259917711602012,3,24.288710632235816,24.902241464127005,3
1658,1661,0.05975668695910569,3,25.04410714975102,26.565704128018744,3
1663,1665,0.01178965058947079,2,27.170218605881708,27.517716208290473,2
1666,1680,-0.06947781463913175,14,27.798127681728978,25.894572647024624,14
1688,1689,0.0022340635194491153,1,26.59087348080662,26.676870054681185,1
1690,1695,0.030219313375452726,5,27.044623420644385,27.88893799433459,5
1697,1698,-0.008498021587640691,1,28.13441600994318,27.923463551344962,1
1699,1700,-0.00205260884471746,1,27.79727173311746,27.768012079032165,1
1701,1703,-0.008579217196786592,2,27.808481199143113,27.59771468022205,2
1704,1722,0.15017656696542625,18,27.825784118626892,32.032390634801985,18
1725,1729,-0.019210176314810506,4,32.451246935735384,31.860304007400188,4
1731,1734,-0.02419877721631851,3,31.82143646371016,31.083218048485314,3
1737,1739,-0.0007691792463531807,2,31.09756812052466,31.104746084634822,2
1745,1752,-0.015257301781889727,7,30.85145401658301,30.41159552625849,7
1757,1760,0.0227522989641991,3,30.32645931373402,31.04678244187945,3
1761,1766,-0.019890668620755572,5,31.260151262945577,30.669626104402578,5
1767,1768,-0.0026186673072775687,1,30.423510448144643,30.374264906409614,1
1771,1776,0.028129453782368266,5,32.52284634707805,33.470219096616326,5
1777,1778,0.002425636624700108,1,33.51808945315069,33.632910247971374,1
1780,1782,0.015371096457748458,2,33.509785323548996,34.05837725135926,2
1784,1794,-0.02626211220357873,10,33.388530198968084,32.545065402769175,10
1796,1799,0.05505512344088289,3,33.20547748345777,35.06681462270645,3
1800,1801,-0.004007026360722249,1,35.071206188402776,34.965746146891924,1
1802,1806,-0.008319001909926405,4,34.9160525441748,34.6605018889169,4
1809,1811,-0.015424554164018969,2,33.8799286911749,33.391225824695944,2
1812,1813,-0.0034317166709714113,1,33.2072637803951,33.12651312346297,1
1819,1821,-0.018016257726173077,2,32.42725047034177,31.875460018987265,2
1822,1823,-0.010695880814783214,1,31.629330799319533,31.32265657763798,1
1834,1836,-0.010468771460768269,2,31.935463256423773,31.633073653354934,2
1838,1841,-0.0306306362791665,3,30.87006146335988,29.95536190022355,3
1843,1845,0.003993823637627763,2,29.802881079785287,29.951711411790928,2
1847,1851,0.006375790808382212,4,30.25114997444414,30.474276128368636,4
1852,1858,0.013687972993604098,6,30.338545369373495,30.784157104424086,6
1860,1869,-0.012355190702563922,9,30.76785413044128,30.41847927928145,9
1870,1871,-0.006952351794277866,1,30.327708016164262,30.14718682893791,1
1873,1881,0.016549816055949226,8,29.758147249364516,30.280397259756715,8
1883,1885,-0.00791448722005228,2,30.5193376648638,30.30831209461564,2
1887,1890,0.01837613309916003,3,30.65270301236248,31.24663386577904,3
1892,1895,0.009019619155874223,3,31.708591524384875,32.02629953542839,3
1897,1901,-0.0054423747914616035,4,31.88356414992968,31.741925408288083,4
1904,1916,-0.01500400780834443,12,31.895427907275913,31.448764085811934,12
1917,1918,-0.004523646395725397,1,31.476811732555944,31.365898578345597,1
1923,1927,-0.02017005177466664,4,33.18052349732177,32.54445114396757,4
1928,1929,0.0006143604931732204,1,32.53984930745298,32.592380354628744,1
1931,1932,-0.004663065878868975,1,32.60645076297075,32.48701118574989,1
1935,1937,-0.014107466545840872,2,32.46193195275828,32.036438265674136,2
1938,1944,-0.015456300495055537,6,31.97435455380094,31.512123676235746,6
1946,1947,-0.0045875259662995415,1,31.39071400032112,31.278098998744284,1
1949,1952,-0.019726238856175752,3,31.322525343764163,30.735972252598216,3
1953,1962,0.05081475149859058,9,30.723946468042715,32.31590011934035,9
1966,1967,0.005665144310593954,1,33.5151720244672,33.73855548260465,1
1972,1975,-0.012190602634122069,3,34.19373176295694,33.811083298219934,3
1977,1980,-0.0061303935631028365,3,33.90105635741568,33.72713059609721,3
1989,1991,-0.00580986855171855,2,33.543465524871564,33.38212586492783,2
1996,1998,-0.0028652511523211636,2,33.83956808747052,33.77644879410131,2
673,678,-0.01400791398613209,5,27.05231034473143,26.700416218641013,5
680,681,-0.007058806637288219,1,26.488114247128205,26.327627884718456,1
686,689,0.004277400955114422,3,26.16458844625869,26.302669470315152,3
690,691,0.00024032684080677264,1,26.426501661110635,26.459279160429535,1
694,697,0.010830198191964242,3,26.75929778041534,27.075865576635444,3
698,702,-0.00483074094248759,4,27.098557630642887,26.994750076444824,4
703,704,0.007392158354864671,1,27.134830110560138,27.36254990178031,1
708,709,-0.0027112376338363532,1,27.768053862710584,27.72053612392232,1
712,715,-0.0007800575360388953,3,27.279071833313616,27.285071659587206,3
717,719,-0.009965169787462022,2,26.924353773473776,26.68297237047689,2
720,722,0.008741958759798694,2,26.634050487344776,26.893518308798885,2
723,726,-0.018791041733187876,3,26.843318434227115,26.36574783570653,3
727,728,-0.008794342533130231,1,26.394097540747353,26.188372903661918,1
730,731,-0.004413439734328908,1,26.047769978496433,25.958857485461174,1
737,740,-0.0094877657515045,3,26.598217490273154,26.372458050808145,3
742,743,0.0015521825444830798,1,26.219439989734443,26.286356786802365,1
746,748,-0.007438398548271935,2,26.432683602223445,26.26249945049196,2
750,752,-0.008115269606180092,2,26.42631091382404,26.238280586975442,2
753,761,0.016582196657027735,8,26.261856978733363,26.72359811271219,8
765,767,-0.00037167461783907353,2,26.93474793514883,26.95167172093859,2
768,769,-0.0018732646706131452,1,26.980467896103224,26.956906806692945,1
771,772,0.0021433269839848976,1,27.114915601253678,27.20014664713157,1
773,776,-0.00028246897648184007,3,27.209202037975242,27.228725484562663,3
778,780,0.011065742953215031,2,27.41875558060844,27.749583237541092,2
784,785,0.002659349355214849,1,27.922166319993384,28.024343281312653,1
787,789,-0.005388934574380799,2,28.266605701359858,28.14254541829677,2
790,791,-0.008100801104719058,1,28.010177795472305,27.81128309403884,1
794,797,0.0011067406901807846,3,27.745616311975997,27.80406913083458,3
798,803,0.0055397915431314665,5,27.99819079650336,28.181293127897312,5
805,806,-0.0035209537754502746,1,28.54745871014073,28.47549188632589,1
812,813,-0.004692044874549273,1,28.683117423921583,28.5772180672505,1
818,819,-0.0033165924599796548,1,28.471681763706815,28.405724480410072,1
822,823,-0.0023282990107822274,1,28.504433443047994,28.466571032302685,1
825,826,-0.0029201249868107764,1,28.551313977587856,28.49649188621321,1
827,828,-0.001540421578071324,1,28.52221452820456,28.50680050801914,1
830,833,-0.010359391481726925,3,28.194427134688066,27.930544453531496,3
836,838,0.005616664457082619,2,28.41872310926702,28.60676026437978,2
839,840,0.00020422376569382726,1,28.64334973079799,28.677842733272897,1
844,845,-0.005745094315263749,1,28.712066396172727,28.575824933136772,1
847,850,-0.013399232913704338,3,28.63393068669604,28.27889191087683,3
858,859,-0.004239782268597184,1,28.007053204391564,27.91631645002432,1
862,868,-0.005828451180505612,6,27.753381758421472,27.619375909507,6
870,872,0.00612508168741182,2,27.742536592579853,27.940204432017996,2
873,876,-0.007631226837736923,3,27.920095830159063,27.734951341377926,3
877,879,-0.012001398067242278,2,27.6923202809836,27.387666042166934,2
880,883,-0.005043545017441019,3,27.313276992443445,27.202834527350664,3
884,885,-0.002266708497160603,1,27.17281457320458,27.138394538092932,1
887,893,-0.006497288818356399,6,27.19639751567413,27.046891063711637,6
895,896,0.006663232510307059,1,27.11016674584145,27.317918257008028,1
897,905,0.005361590504239948,8,27.38263727218963,27.55683439744144,8
911,913,-0.000782908162999862,2,27.89062451719746,27.89667934410898,2
915,916,-0.0058925808296576305,1,27.60404635668484,27.468991328659143,1
917,919,-0.002808655463223215,2,27.386576042756527,27.337043162377817,2
930,931,-0.001842346358388012,1,27.327952157292096,27.3049325563102,1
934,935,-0.0017887415421784193,1,27.381955320323353,27.36035803465614,1
937,939,-0.005868355006098608,2,27.268853654440584,27.136099194241417,2
946,948,-0.0008580947921588642,2,26.410757613225435,26.41450543727378,2
949,950,0.0016692942067927001,1,26.627671121347657,26.69874820961225,1
955,956,0.0025954460360679294,1,26.633139250091027,26.728897265035812,1
958,960,-0.0009144729292228974,2,26.803214663829902,26.80550706426751,2
963,964,-0.008303488443454757,1,26.63861194701312,26.444057152508435,1
968,971,-0.008715287805767864,3,26.47783142157512,26.273547331685066,3
972,973,-0.0026017788891256957,1,26.221990464939335,26.17998863418174,1
983,984,-0.008487641640746894,1,25.922724789471815,25.728624715896544,1
986,990,0.012021503527638172,4,25.85959454730759,26.19632534892865,4
992,993,-0.004987398138349496,1,26.416677024737705,26.311343215947886,1
995,998,-0.005443263657911147,3,26.337004202555555,26.219981948924087,3
1000,1001,-0.006006622091999457,1,26.1585232069018,26.027557366720046,1
1005,1006,-0.0008622620404291281,1,26.059788050439288,26.063377472472204,1
1008,1009,0.0006358472125232006,1,26.02600495719264,26.06857952485498,1
1012,1014,0.008233185994273338,2,26.37118657843294,26.614676649001296,2
1015,1017,0.0022465635970869862,2,26.783989082613108,26.870945006553494,2
1018,1019,0.0031598845833810717,1,27.037406092050404,27.149878580827338,1
1022,1025,0.0015978360767598837,3,27.649543912207896,27.721372894888987,3
1029,1033,0.01586850700823212,4,27.630946214424696,28.097039024286804,4
1035,1042,0.008077002507622891,7,28.26341586967739,28.519962966400442,7
1046,1048,-0.007409446792929843,2,28.31020436006991,28.128751611527072,2
1049,1050,-0.005603817733036837,1,28.04251211123315,27.913409496696556,1
1051,1052,-0.0034693480792076133,1,27.82179670394177,27.753095003690788,1
1056,1057,0.003761786564782754,1,28.11519448499616,28.24907304036107,1
1058,1060,0.009192246416389355,2,28.334282250768105,28.62307223749946,2
1062,1064,-0.0011463804028842414,2,29.432762679215227,29.428454299556247,2
1068,1073,-0.02220910353211939,5,29.363607681589926,28.74083188619455,5
1076,1077,0.0018232291686506121,1,28.693231451601218,28.77423901957822,1
1080,1082,-0.0014214026980104385,2,29.18533435990435,29.17303558126275,2
1084,1085,-0.005128287960983612,1,28.818322960219906,28.699352624487492,1
1088,1090,-0.00033398945924733615,2,28.460527737693425,28.479482749162113,2
1092,1095,-0.01600316618858921,3,28.415402274053058,27.989081271419824,3
1097,1103,0.0008500395587521898,6,27.895695250674336,27.94730339040698,6
1104,1105,-0.004228228892259288,1,27.987105287297275,27.89675650539812,1
1107,1109,0.0038846388517867324,2,28.053973932161394,28.191007463177442,2
1111,1113,-0.012678527576517714,2,28.187000033273723,27.85781737608583,2
1116,1125,0.014614331834476978,9,27.10415597959705,27.5273692651559,9
1131,1132,-0.007043601692239307,1,27.682715231046274,27.515411926430144,1
1133,1135,0.0003713076818111275,2,27.54659792331248,27.58437278465248,2
1141,1143,0.005783201183600808,2,27.934454425566038,28.12393944988878,2
1145,1149,0.004659244960375545,4,28.284359789341625,28.444427909936906,4
1150,1151,0.002124446618121617,1,28.44507418740846,28.533949303255525,1
1154,1155,-0.002170999049656173,1,28.655760107942076,28.6222042400885,1
1160,1161,-0.002847794135201762,1,28.334264361931353,28.28190847441812,1
1164,1165,-0.002538026518006652,1,28.013612387707248,27.970526708989794,1
1172,1173,-0.0037438849326414192,1,27.778404131310758,27.70218338676203,1
1175,1177,-0.008898008163639448,2,27.243542980492077,27.028373255625688,2
1181,1189,0.0011930921736051131,8,26.78850298842982,26.84725264467634,8
1191,1192,0.0024725626699149965,1,27.047276129801546,27.141199491212777,1
1194,1201,-0.012649847877091489,7,27.130275655926695,26.81421207167159,7
1210,1213,0.00670910807365197,3,27.452708377815988,27.664344273615022,3
1216,1218,0.004419453023122538,2,27.459686075863992,27.60850255458183,2
1219,1220,0.000744169126196784,1,27.748873408826704,27.797272137113122,1
1223,1224,-0.0034402198330564164,1,28.02912348601576,27.960726262981996,1
1225,1226,-0.00942348174324813,1,27.964420543999005,27.728862758086116,1
1229,1230,0.001338486260997333,1,27.593180418210114,27.65770669151532,1
1231,1233,-0.0010675252303539824,2,27.6773999572542,27.675531034446486,2
1234,1238,-0.012417883214195923,4,27.81226641635877,27.494709206494683,4
1243,1244,-0.0012994708909976906,1,27.59841304360948,27.590148122265187,1
1246,1248,-0.020313454700168643,2,27.56901140852609,27.03655855555909,2
1250,1251,-0.005189590305447741,1,26.861803516326635,26.74926356472779,1
1252,1254,-0.006716252480981625,2,26.71726943094775,26.56454677327804,2
1255,1257,-0.010114854406937008,2,26.61618654358319,26.373583878370553,2
1265,1267,-0.00012120894385184416,2,26.938701087303595,26.962374576883366,2
1270,1272,-0.007354134988659218,2,27.100042849777353,26.92784551931142,2
1273,1277,-0.015070545296347805,4,26.9078227299655,26.529214991417422,4
1280,1284,-0.020480356657233426,4,26.61930809932634,26.10075448358268,4
1289,1295,-0.005705186469341454,6,26.08526911478625,25.962533059498227,6
1296,1297,0.0038913918457069248,1,25.898978971858313,26.025661026413395,1
1299,1302,-0.012371114808011466,3,25.983013055297093,25.68755723078725,3
1304,1307,0.0062324206540632435,3,25.168373800645362,25.350402067150334,3
1309,1312,0.01089291433490026,3,25.64224195066997,25.947202937544073,3
1313,1314,0.00692787378837719,1,26.124812249527267,26.33192646378657,1
1322,1323,-0.0028537775328595144,1,25.61578730900428,25.56830133800434,1
1327,1328,-0.002855856161134888,1,25.36798211006221,25.320902784167693,1
1333,1336,0.004458829069564273,3,25.950111676373876,26.091768900351305,3
1338,1340,-0.0014928628700934146,2,26.220770441904936,26.207847197728878,2
1341,1343,0.0005868427601465683,2,26.353750734546463,26.395569993102285,2
1346,1349,-0.0064565598482957615,3,26.41549891185396,26.271361161118836,3
1350,1353,-0.02105114683219855,3,26.287072566520067,25.759986614700114,3
1355,1356,-0.0024217880816519485,1,25.685253528752003,25.648734541410615,1
1357,1358,-0.001748053928599978,1,25.747641597107723,25.728380972658822,1
1360,1361,0.0005737656557762818,1,25.79086479173593,25.831453568977935,1
1364,1368,0.005482413512202931,4,25.860894452717655,26.028535464355606,4
1372,1373,0.007502390450174327,1,26.282157535839186,26.505618701081882,1
1376,1377,-0.0037362709948974794,1,26.708674935881685,26.635592763342487,1
1381,1383,0.0024698036306021963,2,26.549915984931886,26.642038979808586,2
1392,1394,0.00888198695646819,2,26.867398159146635,27.13290143730956,2
1399,1400,-0.00550426122577392,1,27.40077731929046,27.277357060455113,1
1401,1403,0.0024225255740900325,2,27.346039105408597,27.439631623596924,2
1404,1405,-0.005169049188098442,1,27.57428934327667,27.459330774677692,1
1407,1408,-0.006338928229835799,1,27.362030827896895,27.2159469090842,1
1409,1411,-0.003220642686718228,2,27.242292995738733,27.18179759702831,2
1414,1418,0.0021380573415174207,4,26.99867757000521,27.083400968365027,4
1420,1423,0.009326900630983799,3,26.95751175827232,27.235899303458577,3
1424,1430,0.01697056502460668,6,27.319970355003917,27.810925658738842,6
1434,1435,-0.0013526686425479309,1,27.956883256711706,27.94702374064369,1
1437,1440,0.0013052848143679983,3,27.884365475126188,27.948646879414284,3
1443,1451,-0.015732675086332942,8,27.98889895565789,27.57654760131998,8
1454,1455,0.00047692358427674415,1,27.895025489389138,27.936224310418417,1
1462,1468,-0.010609068620172565,6,27.27033608647368,27.008293555723586,6
1471,1472,-0.0013394078149021956,1,27.03333535934771,27.024160034063875,1
1481,1483,-0.017254804141302194,2,26.360432815230304,25.93194914273878,2
1489,1490,-0.0018675740717729815,1,26.064926116273885,26.042312862192727,1
1493,1494,-0.006897455232907125,1,25.70344214206874,25.551857242704273,1
1496,1500,0.009051419705481081,4,25.410360939227576,25.665771141895515,4
1501,1502,0.0020910093608245677,1,25.64279467112471,25.72205678949086,1
1504,1506,-0.007746801495264522,2,25.76022652025951,25.58642738545427,2
1509,1512,-0.006625610048292671,3,25.836254939939572,25.690910244539197,3
1514,1515,0.002353051088386024,1,25.70957788593304,25.795783414045413,1
1516,1520,-0.004882954107441892,4,25.82769130544505,25.72740356540483,4
1524,1529,-0.010367562016896283,5,25.856661808610532,25.61444792556846,5
1530,1531,-0.006416950326120749,1,25.499452243639947,25.36132297749286,1
1534,1535,-0.003696585374787736,1,25.337679935265857,25.269354718121367,1
1538,1540,0.003926782515054865,2,25.31184505418533,25.436551009822068,2
1542,1544,0.0019089091151117915,2,25.674782845148187,25.749468454994954,2
1545,1547,-0.0036811676811375573,2,25.770309043790792,25.701214524049654,2
1550,1551,-0.0006759777667927153,1,25.717377857340995,25.725710859546567,1
1553,1555,-0.00649202575329868,2,25.996208189627765,25.853436344762216,2
1562,1564,0.002424961981470175,2,25.756621546851104,25.844836996420185,2
1565,1566,0.004624544168174253,1,25.911150195413185,26.056888604135484,1
1568,1572,0.00530296562855181,4,26.226118316032537,26.391420638348823,4
1577,1580,-0.013169619210483728,3,26.521847681159898,26.19908689412173,3
1581,1583,-0.007463151924270106,2,26.02513132719005,25.85692694957334,2
1585,1588,0.006173010510064702,3,25.923458587495716,26.10940782840105,3
1590,1593,0.0021963231962016452,3,26.31940938578801,26.40353472451813,3
1594,1595,-0.003534827903938769,1,26.47430517867652,26.40719737117222,1
1596,1597,-0.004512305259215813,1,26.268373660320208,26.17611111336202,1
1601,1602,-0.00025497150253652877,1,26.067214984644902,26.08663580265797,1
1608,1613,-0.023990547346075843,5,25.843378767337644,25.249225344204596,5
1624,1627,-0.010300674359072719,3,25.444473007107696,25.20782224943037,3
1633,1634,-0.008507680588144093,1,24.40086536289789,24.217671459678943,1
1635,1638,-0.008450436188113848,3,23.925045131046154,23.74679310899955,3
1640,1642,-0.0149302737516047,2,23.442545581783907,23.115984504395186,2
1643,1646,-0.043050687539023136,3,22.919639096676743,21.95585251451521,3
1648,1652,0.05709521941934388,4,22.808972322737958,24.13406457455716,4
1655,1663,0.10734828200831949,8,24.44940549417908,27.09845657559815,8
1664,1666,0.021812203215497743,2,27.16785677083904,27.787615440424958,2
1667,1668,-0.008448575380922314,1,27.55740467925121,27.352141273195226,1
1669,1670,-0.004711642358660262,1,26.806482579744994,26.706986503515324,1
1671,1676,-0.024284852554193034,5,27.013364076896995,26.384361877373713,5
1677,1678,-0.014653645563253086,1,26.18074898113453,25.82328631396562,1
1682,1692,0.03687930561643678,10,26.231482484844168,27.22511282665979,10
1693,1697,0.015888181204730893,4,27.565915111746758,28.031453281228167,4
1698,1700,-0.006937248002363113,2,27.975146534576382,27.809051151698153,2
1703,1707,0.06488233501016598,4,27.641667681634598,29.462765292075726,4
1710,1711,0.004730067674412535,1,30.08730877690463,30.25971109233724,1
1713,1715,0.006808838145648545,2,30.64411465114484,30.883409582572327,2
1716,1717,-0.01247161906736265,1,30.73336008769296,30.38079868810686,1
1718,1723,0.06664657119691074,5,30.320471688412578,32.371547635206696,5
1724,1725,0.004250920731311614,1,32.25159138708139,32.42094193691361,1
1728,1739,-0.02611849887354786,11,31.90275100500186,31.101401789819644,11
1741,1742,0.0025363384509969385,1,31.010623794050527,31.12028785536283,1
1743,1749,-0.03501094990355354,6,31.373707821851227,30.30665821683352,6
1754,1756,-0.004396472370127222,2,30.509895722535557,30.406269704698502,2
1757,1758,-0.00022994213510893198,1,30.377194275232156,30.400586472597123,1
1761,1763,-0.0008283711749777038,2,31.310905771061716,31.316279625029587,2
1766,1767,-0.009746099566995986,1,30.640071049197108,30.372089937061,1
1769,1776,0.0925199548523806,7,30.617873517426002,33.48125566645158,7
1777,1780,-0.004835122544853233,3,33.519490609214756,33.39093925508736,3
1782,1784,-0.022572476099199313,2,34.080684499301775,33.345479747496235,2
1786,1791,-0.02756699193620152,5,31.93099220120274,31.082681788878475,5
1793,1794,-0.002082465151847985,1,32.5630162938959,32.5277679635187,1
1796,1797,0.023376717898263788,1,33.20260466787044,34.01197519534669,1
1799,1802,-0.0054356050632976315,3,35.10223314815122,34.94653350506623,3
1805,1806,-0.009147703769126641,1,34.99331307250798,34.70819792369288,1
1807,1818,-0.04788401772984498,11,34.37256006950556,32.7610363537867,11
1819,1825,-0.059245584737205356,6,32.46304095410515,30.572212151385454,6
1829,1830,-0.00812504288592341,1,30.744394694303775,30.525339563605105,1
1834,1837,-0.02287434561021482,3,31.951365766645367,31.25245054914738,3
1838,1846,-0.023303580250674725,8,30.87213474589027,30.183575611075664,8
1847,1848,-0.0026252986540415855,1,30.226847038996297,30.177719385187896,1
1849,1852,0.0027723084487012934,3,30.19236850006549,30.30626342684459,3
1853,1855,0.021913540624382246,2,30.192243655867973,30.88405485741795,2
1857,1858,-0.007477073591279193,1,30.929259386620238,30.728928297449336,1
1859,1860,0.0016829315872062861,1,30.680023636863357,30.762336041374933,1
1862,1863,-0.0016975535269244276,1,30.80869472703685,30.78720401337007,1
1866,1869,-0.01171794427671205,3,30.741492457348112,30.41200685420729,3
1871,1872,-0.013387945496660832,1,30.214589201016953,29.840292516790758,1
1873,1874,-0.0007124557536889003,1,29.660165125966696,29.668693735793305,1
1877,1879,0.005957835402173631,2,29.602967269160118,29.808939842834867,2
1880,1881,0.008795903826698561,1,29.97767806770624,30.27133651900522,1
1893,1894,0.003290732428181396,1,31.842106517363245,31.9787324763789,1
1895,1900,-0.013122794500863452,5,32.08480137949894,31.695843925774255,5
1903,1908,-0.005361010345794572,5,32.024176180199554,31.884518416562155,5
1910,1914,-0.009261711039152062,4,31.54339370415939,31.282791300181415,4
1916,1917,-0.0023019405556703896,1,31.531068478772305,31.49001690195617,1
1918,1919,0.0037182118676691335,1,31.425615141463766,31.573887851773023,1
1921,1924,0.01391630524614659,3,32.598853733681075,33.08510818664715,3
1926,1931,0.0012093046680945897,5,32.511085992134966,32.582912886182214,5
1932,1936,-0.00867440371670053,4,32.54862788830712,32.29883657746759,4
1941,1944,-0.008633707711293109,3,31.71627625400804,31.474163471394316,3
1948,1953,-0.022631944751116895,5,31.41074153885731,30.731266113297135,5
1954,1962,0.049984208107027694,8,30.749855500507127,32.31761253260601,8
1964,1969,0.03908748709590016,5,33.09703968123888,34.42381683237304,5
1971,1973,-0.002762499233130295,2,34.202324838031906,34.1420432667336,2
1976,1977,-0.0029646169510551914,1,33.83496822020804,33.768495468104206,1
1981,1984,-0.016415200886377147,3,33.71806529816823,33.19829454809698,3
1985,1987,0.006407966085580223,2,33.11842286833375,33.36376302175027,2
1988,1989,-0.0018342406478377361,1,33.54677140973762,33.5187853294239,1
1993,1994,0.002893657294356812,1,33.48168397559675,33.612050178635684,1
1995,1996,-0.0001946039850776745,1,33.8121363059213,33.8393684657581,1
673,677,-0.007159143691123322,4,27.026711799073418,26.860250397604347,4
678,682,-0.01917291059318191,4,26.747817260341737,26.26173156870678,4
688,694,0.017323710950455602,6,26.274869346679587,26.75632245784913,6
698,702,-0.00606861445257306,4,27.13446184017497,26.99692771472907,4
703,707,0.017846896711723667,4,27.16617055650418,27.678168567035684,4
710,711,-0.008669010894988168,1,27.628516706564977,27.416633310929967,1
712,713,-0.0014533860946960785,1,27.31386691887442,27.301483191421024,1
717,718,-0.004743943968305849,1,26.910636968387408,26.809885051426345,1
720,722,0.004357525548360958,2,26.67779053270066,26.820717477053424,2
724,731,-0.024809208810001742,7,26.597839059985805,25.964565555911783,7
732,736,0.02157665338614403,4,25.94530959700725,26.531067858775078,4
738,740,-0.012735687205029943,2,26.655843300535462,26.343018661374085,2
744,746,0.0022247863935501862,2,26.299902828834018,26.384714397628134,2
747,751,-0.006413686150691311,4,26.385955756122456,26.243110472872782,4
752,755,0.0006697226662029491,3,26.281130262303968,26.32501246119637,3
756,757,-0.0027935591730866684,1,26.368880981344155,26.321586832976035,1
760,761,0.004386419586714551,1,26.56296267811502,26.706041940565587,1
764,767,0.0001400914018734479,3,26.928352848222893,26.959053631771766,3
771,775,0.0016553577557128292,4,27.131708142430398,27.203752534072137,4
777,779,0.011769925296035842,2,27.25615951631061,27.604218637190733,2
782,784,0.001208428683708739,2,27.864135252675215,27.925671208213963,2
786,787,0.0011757496739024363,1,28.143383227954487,28.20461618483522,1
789,790,-0.009473038042241512,1,28.13692447030567,27.898519238877093,1
793,794,-0.003090977860766356,1,27.767002328641354,27.708942141512317,1
796,797,0.004801302138829587,1,27.675238476753815,27.835790896921626,1
798,799,0.001825947051795848,1,27.95916189866605,28.038173009804268,1
800,802,-9.139677380738025e-05,2,28.11386959748389,28.139413950100924,2
803,810,0.013171178009362797,7,28.19465228731029,28.594203723785853,7
814,823,-0.0024124246044757106,9,28.50626030955259,28.46599736610979,9
825,826,-0.004268528885220035,1,28.581464121640703,28.48804478057724,1
827,829,-0.00961921868991834,2,28.544405447374377,28.29837497444976,2
830,833,-0.007725773679856919,3,28.111988930930973,27.92291405569089,3
834,836,0.011105993682083128,2,28.024289149332724,28.363551016719416,2
838,839,-0.002042258162043605,1,28.646584971974832,28.616727834973116,1
841,844,-0.0036231868278123777,3,28.73629961524999,28.660918932619197,3
851,852,-0.003525323748550594,1,28.20157423546357,28.130356130300243,1
859,860,-0.005541005975687075,1,27.915281971848724,27.78851850960157,1
862,864,0.005166017025797955,2,27.755645306193685,27.926787087713684,2
865,866,-0.007402191439065698,1,27.881586352017038,27.703083098566584,1
870,871,0.004059907395862732,1,27.783159557022525,27.923739771545538,1
872,875,-0.007631545269668114,3,27.934926194089783,27.74967446642884,3
876,877,-0.0043297948489794055,1,27.723515509560766,27.63120189042143,1
878,880,-0.010689451076857832,2,27.53830990124675,27.27147879471927,2
889,892,-0.0057335373633681,3,27.19095073572442,27.062241354471368,3
894,895,0.0017311966920961733,1,27.014472486333034,27.08825432422643,1
897,898,-0.0034591602042358827,1,27.373134256203116,27.305819333775055,1
904,907,0.0021225698847506485,3,27.55204764518049,27.638080839420546,3
908,910,0.004566432081330879,2,27.699445645334592,27.853632728209863,2
911,916,-0.015728102405664704,5,27.872658222402062,27.462146857784433,5
921,922,-0.007238224303368417,1,27.38813105066017,27.217277745916103,1
929,933,0.002082184175204156,4,27.224523876792663,27.30843487346318,4
935,937,-0.007142773866978176,2,27.3839752796778,27.215761711955818,2
942,946,-0.023971655940034413,4,26.965256892448302,26.345820288780338,4
948,956,0.008425302611158814,8,26.465145914495125,26.714587923387715,8
957,958,-0.0017127194177314967,1,26.8122417775459,26.79313217219813,1
960,964,-0.011941793284786558,4,26.860031096315,26.566134188436184,4
965,969,0.0013969495029838366,4,26.41492046543615,26.478235695917135,4
970,973,-0.008898219724356692,3,26.41286677203738,26.204252146721668,3
976,977,-0.00010474526856849378,1,26.145010097975014,26.16841654196855,1
978,983,-0.011227372704612507,5,26.139504682236492,25.872166225537296,5
990,991,0.0016525045383136987,1,26.256706391679963,26.326352424545064,1
993,994,-0.0006642246944135667,1,26.357597674834587,26.36644790524838,1
997,1000,-0.008567539677917256,3,26.31842319240075,26.11925748063204,3
1002,1003,-0.002592880880107106,1,26.007745137595386,25.96631789763101,1
1005,1008,5.26390785793307e-05,3,26.00097805893946,26.028347704525583,3
1010,1011,4.386485502111187e-05,1,26.214922849923166,26.24228768656329,1
1013,1014,0.005091747590153454,1,26.466111742010266,26.62733661443539,1
1017,1025,0.026865618532734576,8,26.923624160001186,27.673867600362495,8
1027,1030,0.006567594080825625,3,27.56219112409419,27.77077059849947,3
1031,1032,0.006784389112643612,1,27.71515460842006,27.93090015620908,1
1034,1042,0.00937067663964361,8,28.13768351320821,28.429490330312323,8
1051,1054,-0.00036498897855326816,3,27.821234364191564,27.83890115464308,3
1062,1064,0.002570045297973409,2,29.366338152441116,29.471177309880936,2
1065,1067,-0.006155379137425223,2,29.404420703969787,29.252829766924467,2
1068,1071,-0.01375665516271158,3,29.324609235556263,28.950525307757005,3
1074,1080,0.017699545847423854,6,28.69433272638453,29.230903716762793,6
1081,1082,-0.003448956934473275,1,29.25285999428194,29.18122099994577,1
1084,1087,-0.016473996676188138,3,28.907963833673662,28.46064209739603,3
1090,1093,-0.009837148893354727,3,28.49498834575674,28.24317389103088,3
1095,1097,-0.0044697026505114605,2,28.00801949230992,27.910839992841876,2
1098,1102,0.005057638088762255,4,27.72077845604913,27.88870089947463,4
1103,1104,-0.0021616058871254786,1,27.983069722464588,27.95056442393513,1
1106,1107,0.0028563877038415317,1,27.92037751317879,28.028049313707225,1
1108,1109,-0.0005693099127891429,1,28.205954800042388,28.218102825175084,1
1110,1114,-0.023995075332650127,4,28.24530362548335,27.595800740821783,4
1120,1121,0.002598377353127923,1,27.239947054659282,27.337966663241172,1
1125,1130,0.0022936423107219783,5,27.557441783343513,27.64820613957639,5
1133,1137,0.006424592810490073,4,27.56312891351014,27.767773922276,4
1138,1139,-0.0012014550678916404,1,27.845738269383716,27.840128604290165,1
1140,1141,-0.0007655729939495681,1,27.90717926566764,27.913721462150203,1
1145,1146,-0.0034942692739807955,1,28.253914256004528,28.183441385806088,1
1148,1149,0.000892206397384306,1,28.441054128531693,28.494870473102054,1
1152,1154,-0.0006297559114850063,2,28.647437855671516,28.65804440018868,2
1155,1156,-0.002124815336056235,1,28.596801976329377,28.56463585490424,1
1161,1164,-0.008997183255797802,3,28.23923822393681,28.013403860855856,3
1165,1168,-0.007440082141986984,3,28.018967972081462,27.838523516807555,3
1169,1173,-0.004720352895011699,4,27.774616727236545,27.67128535148753,4
1174,1176,-0.01276316878836891,2,27.49447543198275,27.171053276728674,2
1178,1179,-0.00460698658437826,1,26.99289685456739,26.89553383773946,1
1180,1181,-0.009277213889434349,1,26.872522489359216,26.650092872966155,1
1184,1185,-0.001210705068827286,1,26.709181873097528,26.703554113092636,1
1186,1190,0.009406447420027365,4,26.69989146244362,26.977742479067977,4
1191,1193,6.416693900492768e-05,2,27.094902397465695,27.123735896812644,2
1194,1195,-0.003423078455388657,1,27.054250620501502,26.98869604869628,1
1196,1197,-0.00529638583189024,1,26.94861319158534,26.832831551679924,1
1199,1200,0.0034140663071629013,1,26.796144033175665,26.91442398971439,1
1204,1205,-0.0017315421497312994,1,27.037652686765913,27.017873504195748,1
1208,1210,0.011065371473991989,2,27.10792101669738,27.434988153651467,2
1211,1212,0.0038549720693354817,1,27.557953531194524,27.69174662587652,1
1214,1219,0.002444552070864288,5,27.61281151476675,27.707925281852326,5
1222,1225,-0.0031116216147852077,3,28.00836911431045,27.94922603669379,3
1227,1228,-0.001625750888094163,1,27.607671651869637,27.590396126815268,1
1230,1233,-0.0013218991837726107,3,27.67727923570865,27.668369942113628,3
1234,1235,-0.000365202394492469,1,27.689949238711463,27.707526752184823,1
1237,1242,-0.0016734813522175434,5,27.550346765385445,27.53179212059183,5
1246,1247,-0.008380334744127634,1,27.50593563203604,27.302932619621185,1
1252,1254,-0.007409453475528282,2,26.679141981491533,26.50814326219415,2
1259,1261,0.005298482394629834,2,26.371928888312826,26.538032018128295,2
1262,1265,0.008634256880574055,3,26.6882279538517,26.945349197646426,3
1268,1272,-0.004078946389089788,4,27.04885067441642,26.965568713303398,4
1273,1276,-0.01567755949436343,3,26.934144615571693,26.53881710554685,3
1277,1283,-0.01456254315260953,6,26.552500716846442,26.192381280064517,6
1286,1294,0.002667755525682515,8,25.99821372309651,26.09356881513727,8
1295,1298,-0.00142476278897533,3,26.03965393815576,26.028593262125035,3
1299,1307,-0.02304377557855312,8,25.944541291092584,25.372625645383234,8
1312,1314,0.010571429432448355,2,25.969867166774915,26.270375652065308,2
1316,1317,-0.010019599205912933,1,26.547364883336478,26.307918292115655,1
1321,1323,-0.006974638332135019,2,25.711602367054727,25.55798484197191,2
1328,1331,0.010032589359017786,3,25.359362581500285,25.63914201526842,3
1337,1340,0.0014022522600448755,3,26.14319882549136,26.2060013839547,3
1341,1342,0.00030623968682571027,1,26.330416667315053,26.364810502536557,1
1344,1347,-0.004828715498228252,3,26.475231852441894,26.373865721929263,3
1348,1351,-0.009454797975414195,3,26.37121362244169,26.148250338897455,3
1358,1360,0.0013980576271173271,2,25.740182183338273,25.801908623546417,2
1363,1364,-0.0022364015697493617,1,25.856046371295374,25.824077914974392,1
1365,1369,0.009041723081102744,4,25.843428233669254,26.102940783458113,4
1374,1376,-0.0009057399824911068,2,26.681535034874894,26.684050036834446,2
1378,1380,-0.003923593045661254,2,26.618198169316997,26.54037739026115,2
1385,1387,-0.006507531961058932,2,26.60933863405668,26.462786851066973,2
1388,1389,-0.00017019900704041177,1,26.49008015944084,26.512061654260723,1
1393,1395,0.010565607976872695,2,26.96539295390466,27.277264117751848,2
1397,1400,-0.0010068918682150621,3,27.323368188860695,27.323179879807945,3
1402,1404,0.0014505274902427432,2,27.42842115937681,27.49563525944182,2
1407,1408,-0.00352691297913945,1,27.325387773962827,27.256338896936782,1
1410,1412,-0.006719259665835463,2,27.180186107185,27.024735565072277,2
1415,1417,0.0005517209383063826,2,27.079016729106566,27.12103580635387,2
1421,1424,0.014259197027564709,3,26.949541110536703,27.360769468144838,3
1431,1433,-0.00206665972655353,2,27.99003798756749,27.96018214130145,2
1436,1437,-0.004604847226574041,1,27.927097054038363,27.82642413567685,1
1441,1442,0.002253063991590746,1,27.95069824259663,28.04162365258944,1
1449,1453,0.003621271451932438,4,27.575960669560224,27.703396669362075,4
1455,1456,-0.0020047249323418984,1,27.892241927553798,27.864217896670272,1
1457,1463,-0.031118769289866986,6,27.960421564127145,27.118288077789778,6
1466,1468,-0.002195834234135096,2,27.026923329458388,26.994603609297677,2
1470,1472,-0.002478980721012501,2,27.062348294055123,27.02232360266289,2
1473,1475,-0.0082715323230503,2,27.011958989034248,26.815540656136577,2
1477,1480,-0.004217057503298533,3,26.48383339620556,26.39863338126219,3
1481,1483,-0.019256026071702913,2,26.381471546156565,25.899850713800042,2
1486,1487,0.0006133869887634488,1,25.940859347149193,25.982711992097226,1
1498,1499,-0.00038543470998963613,1,25.557773789397224,25.573480710058124,1
1503,1504,-0.006095012044751663,1,25.80909101671266,25.677593387118417,1
1506,1508,0.004466512262547794,2,25.577659079616218,25.717479666622207,2
1514,1515,0.00029214993349905346,1,25.741665347930294,25.774927439097777,1
1516,1519,-0.0036828298260130473,3,25.814513177493353,25.745257231596767,3
1520,1523,0.002343909747967156,3,25.71620405970489,25.80219672514085,3
1527,1530,-0.017815956538154307,3,25.868099828193674,25.433102985758133,3
1532,1533,-0.0005633945931508474,1,25.367937533301966,25.379013311989617,1
1539,1541,0.007701453887935072,2,25.355037658802903,25.575663349817834,2
1542,1545,0.0016580728637311626,3,25.65796108037577,25.726161810462187,3
1548,1552,0.004512877229780951,4,25.705839326190468,25.84755246248423,4
1553,1554,-0.0023311651171171732,1,25.93313366313034,25.898612380220445,1
1558,1559,-0.0028913017844346602,1,25.74815364760856,25.69945611866894,1
1562,1563,0.0007160485494102046,1,25.791579205136042,25.835838807218014,1
1572,1573,-0.0043885556812354055,1,26.399132688490436,26.309677757439164,1
1574,1575,-0.003892957570293491,1,26.515566485973775,26.438858077177557,1
1577,1579,-0.00800004664067181,2,26.5467916848426,26.360962904888503,2
1585,1588,0.0024648758981728443,3,25.982728132621887,26.072755061097386,3
1589,1590,0.0034267930205372863,1,26.172481265480947,26.28834142287712,1
1595,1597,-0.010481577467827428,2,26.413472006514365,26.163030625490308,2
1598,1599,-0.0033265562416639576,1,26.071664404325357,26.011007210774906,1
1613,1618,0.010298294360012394,5,25.26863213464072,25.554124578572758,5
1619,1620,-0.001104514377391934,1,25.58251551474237,25.579841774061226,1
1621,1622,-0.0035014966125923525,1,25.628499171231457,25.564389567368796,1
1627,1628,-0.0074698402211594,1,25.330584693156524,25.166699857483255,1
1630,1631,-0.009532710534577382,1,25.00558191697125,24.79221652472507,1
1639,1642,-0.020457007314586845,3,23.605293885360556,23.146005509570124,3
1646,1648,0.03805856426795845,2,21.960284747433146,22.81802194058343,2
1650,1653,0.016194575827964373,3,23.831633749284183,24.241408582890525,3
1654,1656,0.011101739502702462,2,24.31894145665565,24.61324295114557,2
1658,1665,0.09452537912750945,7,25.057855770407603,27.45151694299824,7
1668,1669,-0.019173669458468844,1,27.34593839878895,26.848962353297708,1
1674,1676,-0.01725364818719862,2,26.81275615096787,26.376951045560894,2
1677,1678,-0.015978798220912593,1,26.152433824946915,25.760701795697265,1
1681,1682,0.005076231243293547,1,26.08028579486835,26.238755642249153,1
1686,1687,0.0011217027044533438,1,26.422380770080586,26.478441206818562,1
1690,1691,0.0026681868601036024,1,26.991611566433075,27.090621841314086,1
1692,1694,0.013949167663283867,2,27.283961166647966,27.691833676646713,2
1697,1705,0.0009278110568292362,8,28.108811244238687,28.162999721349657,8
1714,1717,-0.010155544621138084,3,30.68927081130713,30.408293823004016,3
1719,1727,0.05620557890226346,8,30.49141046992138,32.23568925739977,8
1732,1736,-0.017248810347626493,4,31.373016709626565,30.863242511078926,4
1738,1745,-0.016645919854443372,7,31.280607481326413,30.79119360367528,7
1746,1752,-0.004006649991963412,6,30.50486038697824,30.413142948740887,6
1754,1756,-0.004640182992686967,2,30.482280939181834,30.371319858528718,2
1758,1763,0.0245417061229705,5,30.50868610062406,31.287929995204156,5
1765,1768,-0.01951616996109918,3,30.912344783176064,30.339966553274678,3
1770,1771,0.036575542256509164,1,31.368574542711332,32.54726574096744,1
1774,1775,-0.01000791147611339,1,34.113978857227494,33.806683155583585,1
1777,1783,0.010744198025658146,6,33.512657458963375,33.90623674452749,6
1788,1790,-0.03488537607984939,2,32.198638380857595,31.107575410063163,2
1796,1800,0.053890418075972085,4,33.23244920224977,35.05659223264976,4
1801,1805,-0.0051011953032967655,4,35.022126349994664,34.8784937698966,4
1808,1815,-0.018548600121541737,7,34.11639561079674,33.51770062663454,7
1817,1821,-0.03477125143646518,4,32.999150308875734,31.884727706604984,4
1822,1823,-0.012825181086876448,1,31.659573673548888,31.285193481725866,1
1825,1826,-0.02281539686032335,1,30.561268953027298,29.89456274226193,1
1831,1832,0.012778224856796163,1,30.858755759072736,31.283934634722193,1
1834,1835,-0.0079247887470571,1,31.926223478053597,31.70514112497674,1
1837,1843,-0.04691887605088586,6,31.22984497187328,29.79580559152145,6
1844,1848,0.008377926074664858,4,29.895180291875196,30.17553508264118,4
1849,1851,0.008755848132845849,2,30.172255266453266,30.466611206658243,2
1852,1857,0.019901152300269814,5,30.35192770983539,30.98631797350544,5
1858,1863,-0.0018528928031296492,5,30.76840344471908,30.74216129485729,5
1864,1868,-0.016279290613271526,4,30.81913793986126,30.348243374827618,4
1869,1873,-0.023963295254045426,4,30.427026401567066,29.728321610605246,4
1874,1879,0.0018207392431955167,5,29.68708500044015,29.77082452611697,5
1883,1884,-0.006007387724867717,1,30.51813797915732,30.36532182965467,1
1885,1888,0.02085928461025493,3,30.383222845089744,31.04737836063736,3
1889,1898,0.01502881762240561,9,31.21613107001234,31.71648874181068,9
1899,1900,-0.000873296058959729,1,31.670076271220708,31.674088994697318,1
1907,1919,-0.016839298805402664,12,32.08481285925548,31.576611921262305,12
1926,1928,-0.001101989721540177,2,32.545023864943495,32.54170460702199,2
1929,1936,-0.011991748717541051,7,32.61811987988298,32.25958970252468,7
1939,1940,-0.005483582301059466,1,31.742752421125267,31.600431178182998,1
1944,1945,-0.003620749263977414,1,31.512209921695078,31.429624320736494,1
1946,1952,-0.02207683326668933,6,31.395215967913657,30.73350423558624,6
1954,1961,0.03709706641680453,7,30.792739831616913,31.965852886137405,7
1966,1969,0.023584187609731796,3,33.467125871353446,34.28988797253331,3
1973,1975,-0.010778429847404444,2,34.23198250003656,33.897247460622374,2
1976,1978,-0.0008155858779118455,2,33.896328748591394,33.90257971029958,2
1980,1981,-0.0025513011182612703,1,33.75789349904387,33.705524841108655,1
1982,1984,-0.011870133814683288,2,33.55045595271543,33.18575800696578,2
1985,1986,1.1218080560762393e-06,1,33.148232459852814,33.181417878266885,1
1992,1994,0.007321299569004426,2,33.376919500595854,33.65465884645086,2
1995,1998,-0.002106112041558887,3,33.8415772763653,33.804144700234566,3
672,676,-0.0034967904463379554,4,27.019486588051635,26.95202459207363,4
686,688,0.005538655618041411,2,26.075526688859494,26.246025577936994,2
689,691,0.002172660279320919,2,26.382362975992663,26.466065251081222,2
692,694,0.005685534144665251,2,26.612528184646568,26.79044715050089,2
697,698,-9.369470579574754e-05,1,27.0968084643908,27.121366445358117,1
699,703,-0.000770010243920496,4,27.08698843408767,27.093218163950553,4
704,709,0.011904080246160971,5,27.356920912591686,27.70993681533565,5
711,712,-0.008005979323680601,1,27.417208714659846,27.225124317291904,1
714,716,-0.01328977982965171,2,27.42687770887394,27.089807420417095,2
717,720,-0.013641851189161051,3,26.95164076915658,26.610922137249176,3
722,724,-0.012064014637324264,2,26.90239957868883,26.60475103597107,2
726,727,-0.0019917595959930007,1,26.358335914358157,26.332194781780686,1
728,729,-0.004404740695004008,1,26.212003493452332,26.122758418460588,1
731,732,-0.003902054767647514,1,25.99914692829747,25.923695979999437,1
736,740,-0.010429822458473369,4,26.51617863579091,26.26613577897824,4
742,746,0.0029034902396754864,4,26.271495718886545,26.374046246006895,4
747,751,-0.00030045076042028117,4,26.35133413587756,26.369768191634225,4
752,754,-0.0058804542338797994,2,26.308822441611323,26.18042343773777,2
755,757,0.0004976958258328073,2,26.287114431146,26.326484532702718,2
759,764,0.016025456396576977,5,26.434011743586048,26.884062857913076,5
765,766,-0.005579110173961558,1,26.984614973779916,26.861049448813045,1
767,768,-0.001532736183750446,1,26.97072759732735,26.956359314834177,1
771,773,-0.00033326346660680374,2,27.2015098140326,27.21964605438907,2
777,779,0.011280202555284904,2,27.207052383572577,27.541160497775095,2
780,783,0.0002566653578521085,3,27.747305299390536,27.782174376734027,3
786,793,-0.017419356634708838,7,28.18824238797991,27.72540958330605,7
795,796,-0.0020989753005426007,1,27.671836928375605,27.641426263070677,1
798,802,0.006420640403965831,4,27.932623520325933,28.13990147500963,4
806,809,-0.0005492096476847492,3,28.590464762958586,28.603353068641937,3
813,814,-0.001683073259948532,1,28.573155672488475,28.553638113896252,1
819,821,0.0019258523687599345,2,28.403075554483348,28.4861787603745,2
822,825,0.0029765015046513193,3,28.45086902889754,28.564003952399588,3
827,828,-0.0019801175494443437,1,28.482932532408206,28.455015910373554,1
833,834,0.0016167775085147436,1,27.95428456850507,28.027434711630555,1
837,839,0.0025509998683776046,2,28.515232024292363,28.616489609457382,2
840,841,-0.0013925796570269332,1,28.714838019563043,28.70356515830174,1
849,851,-0.009708808076417493,2,28.423825175690247,28.176287537437517,2
853,856,-0.0015653626120858172,3,28.095508618157943,28.079624468017702,3
857,861,-0.009792376830772293,4,28.03592373863226,27.78942133232341,4
864,869,-0.011455185315494339,5,27.921439067843053,27.62951524811347,5
872,874,2.4010449897437537e-05,2,27.870197946474143,27.898737320412042,2
877,878,-0.008012293267141691,1,27.717497169774532,27.523133950988903,1
879,881,-0.012007847006273054,2,27.467499180890545,27.165141152262372,2
885,896,0.003383358429790628,11,27.15056769292794,27.269578362698336,11
897,899,-0.006945563566207186,2,27.41356154061509,27.25057246789923,2
901,903,0.0016072670875434056,2,27.374571186279226,27.445944004768826,2
905,908,0.000809664832234746,3,27.611849219282075,27.661817411767178,3
912,918,-0.024205979748399192,6,27.94032357307325,27.291940990072792,6
920,923,-0.005275769783354283,3,27.315522701948694,27.198727815363174,3
925,927,0.0006172243590325732,2,27.072192881434855,27.11597469121514,2
929,931,0.0020346560672889823,2,27.20998139965014,27.29255433479541,2
933,935,-0.0009669970075052135,2,27.316521213360893,27.31742274030548,2
938,941,-0.008154823814565362,3,27.209901670505324,27.01521961804121,3
942,944,-0.011483456749838944,2,26.926114919854992,26.6438361586515,2
949,951,-0.0009953829759680709,2,26.613783932945243,26.61390680942524,2
953,954,-0.002060392970970919,1,26.61030191548024,26.58208453837365,1
955,957,0.004220943198151751,2,26.631003527182347,26.770042483907545,2
958,960,-0.0010131082346435233,2,26.792053119933236,26.791701923414358,2
961,962,-0.006293842879419721,1,26.802847403583797,26.660957340708162,1
968,970,-0.004445075964476958,2,26.44619522949061,26.355086077953626,2
972,974,-0.002121027967085091,2,26.262747168432146,26.23330589436385,2
975,978,-0.006062396253383478,3,26.222399494042772,26.089651317089405,3
980,982,-0.0073937764235652,2,26.12789704153602,25.960841109434508,2
986,987,0.0004893716167200053,1,25.893795316644617,25.932360800438385,1
989,990,0.0012351344337498248,1,26.115479293321595,26.17385090034398,1
992,993,-0.0007639220441842023,1,26.35766161996104,26.363884082836364,1
997,1000,-0.008351654417992647,3,26.30922632356946,26.115809983633824,3
1001,1002,-0.0050705109377260854,1,26.089706959062482,25.98350852152355,1
1008,1009,-0.0002437933473501883,1,26.02060374965335,26.040280703314803,1
1010,1012,0.004240496585649674,2,26.16061130460624,26.297705898826536,2
1013,1014,0.003997931707552868,1,26.473765997869137,26.606080072368222,1
1016,1017,-0.0009230694611075938,1,26.895525379377464,26.897594466638694,1
1020,1021,0.0011013190443188402,1,27.343762888167383,27.401220857867628,1
1024,1025,-0.000499946805444818,1,27.72864595505616,27.742511753046674,1
1028,1032,0.010997380616763489,4,27.586480346752687,27.917445851349544,4
1036,1039,0.00467615755493044,3,28.302663946939603,28.46331432672668,3
1040,1042,-0.00018437021388332912,2,28.446149966324835,28.46935149353771,2
1044,1051,-0.024002039644014556,7,28.4400977759374,27.785917519415637,7
1053,1055,0.0031006533013301207,2,27.859278484378187,27.973519726667828,2
1061,1062,0.008577414229066865,1,29.077974248444637,29.35646605276413,1
1063,1064,-0.004267760783033399,1,29.542741305559225,29.446202694097618,1
1065,1066,-0.005353068226883853,1,29.404991439583224,29.276989505635783,1
1067,1068,-0.003628844900163512,1,29.34977479612172,29.27261879032799,1
1069,1072,-0.02432499847737237,3,29.367316051009425,28.682323448835117,3
1074,1077,0.002959128774392035,3,28.67183428876594,28.785349772913193,3
1078,1080,0.006859605445489656,2,28.96972030704952,29.19741087852912,2
1083,1087,-0.020709386202017645,4,29.046789295717296,28.474294907559372,4
1092,1095,-0.014198028477493262,3,28.364093198510876,27.989743088738656,3
1099,1100,0.0005125048711664834,1,27.754963600225246,27.796943117869635,1
1103,1106,-0.0021088178423169708,3,28.02435074990992,27.993276849779072,3
1108,1109,0.00028005849266960663,1,28.20347880959282,28.239580912165867,1
1110,1112,-0.011922288266393487,2,28.297122654651787,27.988053323908186,2
1113,1116,-0.02823486693537628,3,27.88492032699404,27.12547823238479,3
1124,1130,0.0016235872516828782,6,27.54273268667517,27.61499344902844,6
1132,1135,0.00032922898115209597,3,27.587093760661407,27.62376332519384,3
1139,1143,0.007813630669347725,4,27.874194644131656,28.119867500930543,4
1146,1152,0.012290284608855888,6,28.23108798377103,28.606287177892998,6
1153,1154,-0.0024806132629354456,1,28.689844667757598,28.647366103230958,1
1155,1156,-0.0013035885390855766,1,28.625177613894227,28.61648733804136,1
1158,1159,-0.0058920304904405306,1,28.47793167279457,28.338616762746575,1
1160,1161,-0.003430798481344269,1,28.321353548316917,28.252510045122055,1
1162,1163,-0.003906492104862302,1,28.20097013512965,28.11900423808244,1
1165,1166,-0.005189199464888023,1,28.013111400740424,27.895758889450594,1
1167,1175,-0.024906161028651553,8,27.89991915181453,27.232939191884892,8
1178,1181,-0.01030594174099594,3,26.966848402323752,26.715896482153457,3
1184,1186,-0.0017609532669467754,2,26.719617558551512,26.699285178278764,2
1190,1198,-0.003998598700970739,8,26.98962269442489,26.9086916468737,8
1199,1200,-0.001347658087017833,1,26.866283385506396,26.85694310481931,1
1203,1204,0.0011033696331546254,1,26.928391025990592,26.985031385944374,1
1206,1208,0.003169593134427202,2,26.971891609986134,27.084353424065647,2
1213,1220,0.0032529524903852566,7,27.6801730039034,27.797895464614644,7
1228,1230,-0.003692941667666942,2,27.6373961612048,27.562970265496475,2
1231,1232,-0.0008484813879348415,1,27.66616733653609,27.670359275812086,1
1233,1236,-0.0027613278790911597,3,27.712649587079124,27.663838524757917,3
1238,1239,-0.003775591370535482,1,27.514095032964565,27.437727148222976,1
1240,1243,0.004855911672507643,3,27.421105278987316,27.5816808494636,3
1244,1248,-0.021846550271698736,4,27.596282838633805,27.020995541126208,4
1249,1253,-0.013910238735860583,4,26.91829769157583,26.57077604201462,4
1254,1257,-0.005972229908349997,3,26.567050847025843,26.434953362227606,3
1258,1259,-0.001382407124253794,1,26.392710844288082,26.382618083632856,1
1260,1266,0.015308449456563504,6,26.42005803469488,26.850928215793175,6
1267,1268,0.00038738406010712604,1,26.99842509708673,27.035882281714425,1
1270,1274,-0.011984172618686846,4,27.077596480671726,26.78017148682888,4
1276,1280,-0.00043105841384544327,4,26.598360405617726,26.61349331897601,4
1281,1284,-0.018578336613527476,3,26.550973889278225,26.084251932835514,3
1287,1289,0.001745390555463301,2,26.059967004565447,26.131511791855466,2
1293,1296,-0.008698182804349659,3,26.1492587273449,25.947956953463564,3
1298,1300,-0.004757996105258724,2,26.0217430586007,25.923953449534434,2
1301,1304,-0.029085044196992253,3,25.87075423703671,25.14417296088001,3
1308,1310,0.0018296310424576485,2,25.59364233073953,25.66606289556815,2
1317,1318,-0.017353933792958267,1,26.368389118160223,25.93716222829487,1
1319,1320,-0.007037475459889747,1,25.783484881466944,25.62781772422465,1
1322,1323,-0.005161056234071928,1,25.639697015521318,25.533008794415167,1
1327,1329,-0.0012303140186071438,2,25.374115483787484,25.36827146928181,2
1330,1332,0.012985357246011329,2,25.450272369252104,25.806203520344386,2
1333,1336,0.005689793941688441,3,25.949970959180312,26.123570917690028,3
1338,1339,-0.003978495511105003,1,26.25454198808633,26.176342952628698,1
1340,1341,0.00045550881523610137,1,26.265088040688994,26.30331710786517,1
1345,1346,-0.005289731523931766,1,26.454355680704296,26.340873597195475,1
1348,1349,-0.002641889511969378,1,26.379946477723205,26.336633520275118,1
1354,1355,-0.005637871596569866,1,25.67522373881141,25.5561453478976,1
1360,1362,-0.000286263505127857,2,25.8373283973321,25.855769441539273,2
1367,1370,0.0037340230530542584,3,26.01585483141382,26.139014487930645,3
1371,1375,0.015599391901438203,4,26.238711622132822,26.674258279337426,4
1379,1382,0.0034113155677734834,3,26.52559292218057,26.64260568318261,3
1387,1389,-0.0008399903151111645,2,26.52515286437978,26.529397145731238,2
1391,1392,0.0022680717141171304,1,26.71788477634195,26.805200739840554,1
1393,1398,0.012142826845674054,5,26.985875331116148,27.340546017871954,5
1407,1408,-0.0035506468444321533,1,27.28951506491095,27.219909149424552,1
1418,1419,-0.005556838456384915,1,27.130029797275697,27.006402634172602,1
1426,1428,0.006977817445902957,2,27.657023082017705,27.877665763263167,2
1430,1431,0.0007390958090479876,1,27.88274297415373,27.93123373560484,1
1432,1436,-0.005224380352609913,4,28.018719458746048,27.900357730759232,4
1437,1438,-0.0018002578623056873,1,27.863493974338503,27.84119599421423,1
1441,1445,-6.93011979738177e-05,4,27.97870890646451,28.004748657325997,4
1447,1451,-0.005870306510575227,4,27.66526287558387,27.53052456568414,4
1456,1457,-0.006618284671287854,1,27.95332611922458,27.79627637557743,1
1458,1459,-0.005776621668518615,1,27.562350757666003,27.430695835801625,1
1463,1466,-0.008605183031849843,3,27.164132409969266,26.957544211090045,3
1467,1468,-0.004005533662958475,1,27.081769110954298,27.000373942238856,1
1469,1470,-0.003774010206583622,1,27.04180587151227,26.966791626020242,1
1473,1474,-0.004357152947637142,1,27.036859531923003,26.946092659250557,1
1475,1478,-0.019131444789593274,3,26.804169260356787,26.318170945281715,3
1481,1482,-0.012335499281679568,1,26.385435702302093,26.086343614851845,1
1483,1485,-0.0018023374572637362,2,25.925516704610462,25.904715691459437,2
1490,1491,-0.004333146733747769,1,26.0426821209925,25.95587804014288,1
1492,1495,-0.02028019032540401,3,25.832362684200294,25.33430981509405,3
1496,1498,0.0032756287277825036,2,25.40388951988178,25.5125071197104,2
1499,1502,-0.0001519521827862034,3,25.654056566173132,25.675812432846755,3
1505,1508,-9.92481202588178e-06,3,25.662012045185403,25.687419366584834,3
1509,1511,0.00013472764679516632,2,25.7648675772551,25.794103684811027,2
1515,1519,-0.004242902333987402,4,25.84260074370439,25.758795713436328,4
1520,1521,-0.002072791567581527,1,25.794227312076693,25.766555482524016,1
1522,1526,-5.512861642973418e-05,4,25.88115564257789,25.90561000591829,4
1531,1534,-0.002619924280901983,3,25.42265850062874,25.38147571883849,3
1538,1544,0.016250996417198585,6,25.313142965337196,25.749819903940264,6
1546,1547,-0.001428157335635968,1,25.728978740543656,25.71796268955747,1
1551,1552,-0.0006153844046481978,1,25.81325237545936,25.823180554889714,1
1555,1557,-0.004000333913891659,2,25.833746962767567,25.75623709563228,2
1558,1560,-0.004100576331614389,2,25.701858178367072,25.622167605220717,2
1562,1563,-0.00026586693743645953,1,25.814209332603916,25.833160397158917,1
1567,1568,0.0011223088263781341,1,26.10666623077987,26.16207263894876,1
1569,1570,0.0023056731113319418,1,26.20763875738794,26.29427264413974,1
1578,1580,-0.010570748174733028,2,26.43457393448965,26.181575284256287,2
1581,1584,-0.0021746610793972774,3,25.963057432960383,25.93255963989173,3
1587,1588,0.004117069419587187,1,25.98325106062034,26.116209160044097,1
1600,1601,-0.0024168967497887137,1,26.03113487529972,25.994251444901597,1
1602,1605,-0.0022442806453919855,3,26.174301123336416,26.141732947041987,3
1608,1609,-0.009757292837044532,1,25.816533355642175,25.59045041300949,1
1614,1615,7.709125598703631e-05,1,25.337071035038356,25.36436137270252,1
1617,1618,0.0005462946343694291,1,25.491273715389394,25.530690735158743,1
1619,1620,-0.002522221754498009,1,25.57510697842492,25.536175994208747,1
1622,1623,-0.0020687776764481305,1,25.549128532110597,25.521822193882773,1
1625,1630,-0.01713458235473517,5,25.377706010217416,24.968247322621306,5
1635,1637,-0.011804502810263753,2,23.975561401446846,23.716517380907263,2
1647,1657,0.11639569525901584,10,22.27032609505018,24.8847665106236,10
1658,1660,0.038781910239017,2,25.03589794616631,26.031873791013886,2
1661,1662,0.01578886480524373,1,26.623112315879098,27.07008414924521,1
1666,1671,-0.03019362123709735,5,27.827753519766567,27.0153606236312,5
1673,1674,-0.006342804836425759,1,26.88091859039203,26.737299088539718,1
1675,1676,-0.008512869451142956,1,26.59674502442868,26.396927151234813,1
1677,1679,-0.023373318812259677,2,26.20606309941815,25.619746494880673,2
1680,1682,0.01064869514840834,2,25.933914351911746,26.236010614202097,2
1684,1685,0.000674926364172577,1,26.44314895771546,26.48743928505648,1
1691,1693,0.01427167577109804,2,27.09897062837827,27.512817321545374,2
1695,1703,-0.012744003792313597,8,27.944643121415808,27.61646112662305,8
1708,1712,0.024679005712297062,4,29.788608480265445,30.553550327591562,4
1714,1716,0.003130837508852762,2,30.670358195787816,30.797052461832926,2
1717,1718,-0.005219632605481343,1,30.430199183989956,30.3017949233219,1
1719,1721,0.026760528741274686,2,30.491784688019546,31.338252753224072,2
1725,1727,-0.00917698695297,2,32.41437844445326,32.14932649482434,2
1736,1745,-0.004164411157320424,9,30.92823982774808,30.83037016056087,9
1746,1749,-0.010156381649718691,3,30.57013820846172,30.290226355940398,3
1753,1759,0.009331421937469466,6,30.454260442875135,30.768896257304064,6
1761,1768,-0.03288738277006985,7,31.33264826941109,30.333532120844414,7
1771,1774,0.045665587719899405,3,32.5813743256669,34.10180330729619,3
1777,1784,-0.004652684887655481,7,33.485017158409605,33.3627069422722,7
1785,1787,-0.02063333968986006,2,32.599364958381074,31.959330552479457,2
1789,1790,-0.023081087725806554,1,31.80639546203242,31.104075653593586,1
1793,1795,0.005936779064769805,2,32.53530232174271,32.76099252575413,2
1796,1797,0.02228126459332324,1,33.228115587827276,34.00170813876501,1
1801,1806,-0.010564864279326264,5,34.96415228237546,34.62972491115284,5
1807,1811,-0.03133996851209802,4,34.42582236623816,33.38134399964341,4
1815,1821,-0.0548423437125595,6,33.62018133701612,31.80999197778992,6
1824,1826,-0.036388113774241795,2,30.95346723441375,29.85808241421505,2
1831,1834,0.03404064299417583,3,30.82559140267416,31.9057399460996,3
1836,1838,-0.026162331851922467,2,31.6142692681484,30.818780533567217,2
1839,1846,-0.009210146703229088,7,30.425986188095077,30.176184377900395,7
1847,1849,-0.0023968498658906165,2,30.176915512038974,30.13476289165299,2
1855,1857,0.0009743165582524679,2,30.923494221359913,30.98454698804017,2
1858,1862,-0.004687068487241096,4,30.817782464222624,30.704155189652138,4
1864,1865,-0.0016003394489451004,1,30.85426305499016,30.83574002371012,1
1866,1867,-0.010817749023525385,1,30.734038900430797,30.4322998200271,1
1869,1870,-0.005772818593566581,1,30.480184045653743,30.334707656505316,1
1871,1879,-0.014018316234448141,8,30.179926633808652,29.787034804957287,8
1885,1890,0.030029767451039118,5,30.35483977433156,31.29674339354262,5
1892,1897,0.006575062150792788,5,31.704259626595928,31.944421363712262,5
1900,1903,0.006257249654103779,3,31.681878180561007,31.91180148002824,3
1904,1907,0.005113002173729016,3,31.846333733909802,32.04101044125049,3
1908,1910,-0.011029658825685778,2,31.879947574553885,31.56020257700036,2
1911,1916,-0.0015405418295049796,5,31.48755741156954,31.470537069679647,5
1918,1919,0.0037164428198085,1,31.41730495751104,31.565482879895626,1
1921,1927,-0.0006671920754799674,6,32.539656566102,32.55048602166836,6
1932,1933,-0.0015676290708424828,1,32.56334017953662,32.54485628100698,1
1934,1936,-0.004527569854336015,2,32.370571575068965,32.256382122613125,2
1939,1942,-0.006309836402627702,3,31.710799487371375,31.542420329896903,3
1945,1946,-0.001749360895601696,1,31.43143760307386,31.407884112841572,1
1949,1951,-0.014593831815634138,2,31.350573056152896,30.924398638703803,2
1953,1954,-0.0022149222418283237,1,30.75242738896524,30.715065580940177,1
1955,1961,0.03983781751441342,6,30.743191729060467,31.998676582702462,6
1963,1965,0.004112639037099004,2,33.001622258164595,33.17034764040928,2
1967,1969,0.01610312591241292,2,33.7911697369966,34.36910436773617,2
1971,1972,-0.00045734979535423605,1,34.21688682043899,34.23545462107444,1
1974,1980,-0.013599672300417996,6,34.17543406939815,33.74483479939919,6
1981,1985,-0.018911934033153558,4,33.73643867608234,33.13215381200282,4
1986,1989,0.008120727127123063,3,33.21701713499596,33.51998048426123,3
1994,1995,0.004169944785514651,1,33.573808297484774,33.747383032622224,1
1998,2000,-0.02034811574683917,2,33.80366059189546,33.1496234540966,2
674,676,-0.007160753560353743,2,27.126975412176456,26.959852801824262,2
678,680,-0.011374901546038409,2,26.7735970994888,26.495823665548304,2
682,684,-0.001336095619277929,2,26.187593525701818,26.1787919902384,2
688,689,0.00282614270602818,1,26.254498755361926,26.35495221427518,1
692,694,0.0034397798999785635,2,26.60582998467626,26.72395401386447,2
700,702,-0.0006821820681938406,2,26.96069639667781,26.969264989446657,2
703,709,0.019093083668329885,6,27.138555501595285,27.683852767926453,6
710,723,-0.032421378905801664,13,27.666514158534905,26.797194134156854,13
724,729,-0.017256099684606892,5,26.528802617344414,26.097547757483603,5
731,734,0.004346948221562538,3,25.95968893440496,26.098494046985092,3
738,739,-0.006907316146364804,1,26.67890217845341,26.521301468847344,1
741,743,-0.00010747661455805843,2,26.2635330426966,26.286973860121535,2
748,752,-0.002610338061996473,4,26.33603006510205,26.293620153486334,4
755,761,0.014572428737301694,6,26.275730570682878,26.684907512515377,6
763,767,-0.0009632757647843008,4,26.949059068889866,26.950048752473954,4
768,769,-0.0020514270689348775,1,26.968628646468648,26.9402731002977,1
778,782,0.01066769931866364,4,27.44764865484399,27.767899566353034,4
783,784,0.00319021747908595,1,27.803819874206535,27.920323926228793,1
785,790,-0.005591836826528161,5,28.053089764570522,27.924274553891667,5
792,793,-0.0033603798130080577,1,27.78405925442227,27.718478321834713,1
796,798,0.009600466478280844,2,27.667652108929715,27.96094212764316,2
804,814,0.0035869557946422957,10,28.41168645540543,28.542009605227612,10
815,816,-0.006682207158150513,1,28.652993810683633,28.490181564150124,1
821,822,-0.0016731994679765013,1,28.49754884893101,28.478364314207276,1
828,829,-0.007734319324514241,1,28.48760440890646,28.295759784026444,1
837,845,0.0011471536767587043,8,28.543124204878417,28.604410678961102,8
846,847,-0.002367849053894071,1,28.605741390341088,28.56661305404437,1
848,850,-0.012191874827060897,2,28.583506382610814,28.263603357058138,2
857,860,-0.011430441099798475,3,28.101858813974506,27.808744030820492,3
862,863,-0.00145716080670004,1,27.776462955365986,27.763764645154037,1
866,869,-0.0031757692695914244,3,27.74396106555222,27.68359660764905,3
871,874,-0.0025939478953973276,3,27.88500890995463,27.840561658689474,3
875,881,-0.021628608542476543,6,27.78795851433962,27.21473159595273,6
882,883,-0.0012789756493904133,1,27.170761629542937,27.163181648672904,1
885,889,0.0005358946866221214,4,27.146698342879038,27.1883928126232,4
891,894,-0.007257194619630636,3,27.119290531082836,26.949599852283544,3
895,896,0.0035362512504604664,1,27.14237255823767,27.26549717969544,1
902,903,-0.001797067094713698,1,27.437783045033168,27.41591329101608,1
905,909,0.004218782348403321,4,27.63630376417185,27.78053161843142,4
911,912,0.0039950625912409015,1,27.81715189142896,27.956100306236703,1
913,915,-0.011346342222604864,2,27.920320536702725,27.631447345465176,2
916,925,-0.019346934130229292,9,27.560592508971723,27.054940133619528,9
928,929,-0.0014316603546007023,1,27.24317046396364,27.231410667340718,1
933,937,-0.003172100425099589,4,27.303814928713177,27.244508300699678,4
939,940,-0.005869862433285952,1,27.172660853660375,27.040333733356714,1
946,950,0.00868370609021938,4,26.41963812149683,26.675478132075362,4
955,956,0.00042545613591548855,1,26.66296299797636,26.700969882183514,1
957,960,1.4182925607589443e-05,3,26.76335279710428,26.790495732543114,3
961,968,-0.01387990125443983,7,26.774415038612695,26.429563216769974,7
973,977,-0.0038098635212969476,4,26.206621029792903,26.132984001344834,4
983,984,-0.005999491019812457,1,25.91596008639841,25.786393476676643,1
990,998,-0.001716517933917729,8,26.21370327636662,26.194920687854705,8
1000,1002,-0.007978154897977156,2,26.1717416400629,25.989111172948704,2
1006,1007,-0.0020344600723050834,1,26.065855560477477,26.03889147364969,1
1009,1014,0.01989645688225887,5,26.06182675164357,26.60642659063219,5
1016,1018,0.003270091321848307,2,26.872346996803945,26.987094372512693,2
1020,1021,0.0013421804654551923,1,27.371536569572786,27.435645647835532,1
1023,1032,0.007950481834256028,9,27.679168482893218,27.926910377586665,9
1037,1042,0.005286973498645215,5,28.31753038857065,28.495561951670673,5
1045,1047,-0.011451017278012687,2,28.464110072886765,28.16663116671177,2
1049,1054,-0.008513873742375149,5,28.02669936939867,27.816110288921504,5
1056,1059,0.011153823782281615,3,28.087842645248017,28.429217335182816,3
1061,1064,0.01223111954308009,3,29.093716132770222,29.478658568875343,3
1066,1067,-0.00274936001538593,1,29.357810591124494,29.306453211137107,1
1069,1070,-0.005713766617881392,1,29.295580334248896,29.15748780561785,1
1071,1073,-0.009174570215784522,2,28.96981217595717,28.73299641218672,2
1074,1078,0.007653359702059722,4,28.68655868923383,28.934793800186018,4
1086,1087,-0.00805973896457792,1,28.618545100921978,28.416505642963468,1
1089,1097,-0.019035498487713447,8,28.43837421471229,27.925473959569818,8
1100,1102,0.002364844840431872,2,27.781976911877294,27.87545895354622,2
1106,1109,0.007905189210642486,3,27.98771487706102,28.236950773614762,3
1114,1116,-0.018524291951258,2,27.57672021969186,27.09345772350382,2
1119,1122,0.008715099621263836,3,27.178548919652762,27.44259122996858,3
1123,1127,0.0009024454120190944,4,27.494006236754654,27.546312082777792,4
1133,1136,0.0011428979170775909,3,27.548379279961356,27.60741264453925,3
1138,1140,-0.0029950285602490063,2,27.865394410865115,27.809802153172836,2
1142,1143,0.004520598904675348,1,27.984956983633445,28.13945070650468,1
1144,1145,0.001435399853724925,1,28.20804402034164,28.276741886622645,1
1146,1148,0.005838131196830955,2,28.206753230016915,28.399634709240406,2
1152,1153,0.0002107220555038862,1,28.65102170959385,28.685710133490375,1
1154,1156,-0.003874588400334794,2,28.66866947958016,28.586258854841127,2
1158,1159,-0.002846791646771718,1,28.40975476664141,28.357287868851543,1
1160,1161,-0.004468782688701503,1,28.361385749026862,28.263006265113052,1
1163,1165,-0.008301333547808069,2,28.17076718892308,27.965083021379105,2
1166,1171,-0.008733580721909086,5,27.955761140141746,27.73956300472205,5
1174,1177,-0.013940744092502805,3,27.457982201611713,27.10265548064416,3
1179,1184,-0.01207373295856055,5,26.98788704263852,26.689030388412544,5
1189,1190,0.0014648699612781046,1,26.859977578939066,26.926183930833997,1
1194,1195,-0.005404086035383987,1,27.100921978737404,26.981567186704815,1
1196,1197,-0.0034643175950177857,1,26.92702039135213,26.86066366122032,1
1199,1200,0.0011768296873783755,1,26.848326727271115,26.906770961947473,1
1202,1206,0.0010895302930923976,4,26.925482495811472,26.9817441071426,4
1208,1210,0.010308096885687765,2,27.11994659477157,27.426621578399924,2
1214,1215,-0.004866680532172098,1,27.631965517197987,27.525121534066987,1
1216,1218,0.0034462419434531447,2,27.462729688093965,27.584835628714885,2
1219,1220,7.185110997968221e-05,1,27.713114302570975,27.74281863489718,1
1228,1229,-0.0027730679636311754,1,27.602642199110747,27.55370083851593,1
1231,1237,-0.006588674053022417,6,27.710087091735723,27.555224446999148,6
1238,1242,-0.002945411366766533,4,27.524104475801177,27.470558770093884,4
1244,1245,-0.0005911789544868737,1,27.537773206882143,27.549031228115684,1
1248,1252,-0.012860209015193275,4,27.012322903919276,26.6919511082929,4
1254,1257,-0.008974856615789222,3,26.59032782595499,26.37827377417617,3
1258,1259,-6.794594799801052e-05,1,26.357429761991003,26.381996311201025,1
1262,1264,0.00573095248022953,2,26.69116954043678,26.870826534255208,2
1272,1277,-0.01969317769916546,5,26.99002478346232,26.48549545408018,5
1279,1281,0.0018029114486804122,2,26.480492734005363,26.554715210256205,2
1284,1286,-0.005682887615518616,2,26.129592580564765,26.00723063507069,2
1287,1288,0.00012638844986997163,1,26.000815344168085,26.03010236225896,1
1291,1293,-0.003930585586427683,2,26.17602478652929,26.099313705579913,2
1294,1297,-0.006784142251660402,3,26.15542119074595,26.004134513926584,3
1298,1299,-0.0048829691452533085,1,26.03956582727453,25.93845499661143,1
1308,1309,0.001023132306333832,1,25.563841971144374,25.61556100571021,1
1313,1317,0.0066978001771068885,4,26.10361406910487,26.304554474109157,4
1318,1319,-0.009876081562943125,1,26.001729594900954,25.77093612223902,1
1320,1323,-0.004574380162114681,3,25.62638535643637,25.534786912991617,3
1326,1327,-0.0010733431955189058,1,25.37244352101944,25.370582624933487,1
1333,1334,0.002621785896696361,1,25.87060387340895,25.96430166165668,1
1337,1339,-8.343994319520676e-05,2,26.143549136169504,26.16751126905083,2
1342,1345,-0.0003318145572508977,3,26.3878221975051,26.405454156163323,3
1351,1352,-0.0076783583896276935,1,26.156701400784552,25.982017574539636,1
1354,1356,-0.002042275538359559,2,25.66583644162375,25.639085568129108,2
1357,1361,0.00546080250787388,4,25.71973572060474,25.885905853650275,4
1363,1369,0.010947967986670207,6,25.826797251760247,26.1353749985225,6
1372,1373,0.004685711905737208,1,26.334215048025722,26.483943808052526,1
1377,1378,-0.0033317696510998447,1,26.661767142150435,26.599598042683677,1
1379,1380,-0.0019167378012390284,1,26.582995062727303,26.55862542628315,1
1383,1387,-0.006625085784214328,4,26.649023134275087,26.499120093079277,4
1390,1393,0.014293873176047911,3,26.55397276942379,26.960085861279588,3
1394,1395,0.00501205579091654,1,27.129045911592367,27.292147249167197,1
1396,1397,-0.0007101807220100385,1,27.287136398053544,27.29504473622284,1
1398,1399,-0.0032127317639932726,1,27.382734605654385,27.322143959007455,1
1400,1415,-0.011508042830189046,15,27.34540718267583,27.058060472791315,15
1420,1425,0.015860408873334043,5,26.940339275253304,27.394564410620415,5
1426,1433,0.008829551579379893,7,27.67435489544345,27.946381394314276,7
1434,1437,-0.004751839719381133,3,27.954906797602796,27.850024467927952,3
1442,1443,-0.0016329518749266432,1,28.00349154106239,27.985766678586984,1
1446,1449,-0.007125353968951441,3,27.73392924323672,27.56404910967204,3
1459,1460,-0.004438081013572891,1,27.477861593571337,27.383390479332895,1
1464,1468,-0.0030107778285464485,4,27.029603620191136,26.975253092517256,4
1473,1474,-0.003956077164651551,1,27.039241803229725,26.959311717985706,1
1478,1479,-0.00027176690765554653,1,26.32179319702597,26.34096159788189,1
1480,1481,-0.003348301591121301,1,26.422772854746427,26.36072421520979,1
1485,1486,0.002041166162711394,1,25.854879350459225,25.933508334680827,1
1487,1489,-0.0008742618407932786,2,26.04533849856058,26.048613391479304,2
1492,1493,-0.006437632327582607,1,25.844821693959833,25.70428705601615,1
1495,1498,0.005617137891055995,3,25.365196953554484,25.533041959429948,3
1500,1501,-0.001433393814480849,1,25.660491206988677,25.649370108823028,1
1505,1512,0.0032637232585603177,7,25.592331298142476,25.701449916339147,7
1513,1514,0.0018759773228011218,1,25.661129776979227,25.734930604295275,1
1517,1519,-0.0019054204146425596,2,25.723463839130247,25.70017328983498,2
1520,1522,0.004309717747042885,2,25.730678716455294,25.867301357879516,2
1524,1525,-0.0013969546372837177,1,25.92710903762296,25.916817151459114,1
1530,1531,-0.00477935197134221,1,25.471668635394703,25.37540223432415,1
1533,1534,-0.005398343358593615,1,25.40589647144083,25.29415261542655,1
1536,1538,-0.0025529052534962182,2,25.306931453881504,25.267632187076902,2
1539,1540,0.0014021052233718222,1,25.40748591882709,25.46851737346545,1
1544,1547,-0.0034382923733387244,3,25.772020934749357,25.70918121265863,3
1556,1558,-0.00364774582899742,2,25.814958893536986,25.746607443800883,2
1561,1562,-0.0004112147108574286,1,25.747940742542593,25.763100751277516,1
1563,1564,0.0018943058653826117,1,25.77684856230316,25.851454646288115,1
1571,1572,0.0026367251219096663,1,26.320343335917965,26.416063189744985,1
1574,1577,0.0028806966630093747,3,26.450538089039853,26.553184603936792,3
1579,1581,-0.014807736082005685,2,26.30508322781681,25.94186958099192,2
1584,1586,-0.0005907842251704932,2,25.941186023168033,25.9518015657065,2
1588,1590,0.0049013652760918425,2,26.148289836418364,26.30260044608819,2
1593,1594,-0.0031131131582679905,1,26.47821321601183,26.42226175525765,1
1596,1598,-0.009668984908479363,2,26.25650724531402,26.028889980255013,2
1603,1606,-0.0066373868690233215,3,26.242643721955314,26.094703786828706,3
1607,1615,-0.022493957670953527,8,25.89236379621315,25.335834424776415,8
1616,1618,-0.0018781694939969723,2,25.497969732980206,25.475578193801844,2
1619,1623,-0.005214565231091516,4,25.60133874118357,25.493440229055583,4
1631,1633,-0.017879144587826107,2,24.81302778841257,24.394205104710206,2
1634,1638,-0.022444107868671848,4,24.24041774266391,23.72060360980856,4
1646,1647,0.012974934455849855,1,21.966506917357233,22.273487411751272,1
1648,1655,0.06860518775575855,7,22.80182824668291,24.388953782967832,7
1662,1671,-0.004540223223548623,9,27.076736060499282,26.980878370680006,9
1684,1690,0.016389531597618138,6,26.469259965457418,26.92954799799231,6
1693,1694,0.005739114610156534,1,27.52436228878031,27.70985212081587,1
1695,1699,-0.004792454170710657,4,27.92809133629584,27.822175329827516,4
1702,1704,0.0030033548401310374,2,27.6790394588013,27.78984847538887,2
1709,1710,-0.0026860175013119093,1,30.126024994380998,30.07523198899551,1
1711,1712,0.004594234037392288,1,30.366940323377648,30.536820094546147,1
1716,1722,0.03713233517140073,6,30.835172733852936,32.01098987560825,6
1723,1725,0.0005531305969923872,2,32.33631787884424,32.386540403535946,2
1726,1727,-0.008979269812087371,1,32.49857882510833,32.2392638961534,1
1728,1731,-0.007566372150359199,3,31.88904276361076,31.679647441306173,3
1732,1733,-0.008763870429039672,1,31.423003323642344,31.179039197346302,1
1736,1738,0.009334191173465064,2,30.917773036212225,31.237283213426245,2
1739,1742,-0.00020622979257352422,3,31.0935713860597,31.118252536668443,3
1743,1747,-0.03351424339802422,4,31.411037103270747,30.389730997510632,4
1750,1751,-0.0012206027476502936,1,30.261763047552794,30.25508721947576,1
1754,1757,-0.007585320153226702,3,30.492705671053862,30.29190144187186,3
1759,1764,0.0085424002444556,5,30.794876298808344,31.088733333930072,5
1765,1769,-0.011266468195916448,4,30.896246683865865,30.579051349912767,4
1770,1774,0.08560838958383657,4,31.419153949364556,34.14031627500566,4
1779,1783,0.009737174592101865,4,33.56709688472457,33.92751266452586,4
1786,1792,-0.01031402804791091,6,31.99243345083421,31.694455028352216,6
1793,1794,-0.0008618819903382831,1,32.501860361502274,32.50634945376571,1
1795,1799,0.06810229031931254,4,32.779670956413476,35.0448212954151,4
1802,1804,0.010410831209657374,2,34.932478902349935,35.33108752283957,2
1805,1807,-0.015412113204228663,2,34.92612619518006,34.42276691066995,2
1812,1814,-0.0010204250289900954,2,33.28947824544395,33.288798306885724,2
1815,1816,-0.009250416712584291,1,33.6055346569529,33.32827499218384,1
1817,1821,-0.03779567653979591,4,33.03526598912608,31.819711027384077,4
1823,1824,-0.015447882539191993,1,31.371421987648628,30.918171367683655,1
1830,1831,0.007192584729586665,1,30.562551359695853,30.812937651262505,1
1832,1835,0.01573214005536016,3,31.275390123560197,31.798694331393634,3
1836,1841,-0.05514438686774219,5,31.62610603061802,29.913729910576002,5
1842,1846,0.005818002783738848,4,29.99314512175393,30.19763846868713,4
1849,1852,0.00404320090022508,3,30.177866389494714,30.330059432437086,3
1855,1857,-0.001057255952789285,2,30.973072842677283,30.971299449880863,2
1859,1865,0.004613840414560007,6,30.678491812122413,30.850715969315054,6
1866,1867,-0.00916576809232707,1,30.702757765554235,30.452046165845825,1
1868,1870,-0.0032127834252835023,2,30.363920786239042,30.29673200559663,2
1873,1874,-0.006295868459573329,1,29.76105669355742,29.603446052090437,1
1876,1881,0.024600043704749608,5,29.499655678738733,30.25484815338951,5
1885,1887,0.007762484071411253,2,30.3701265067046,30.636244256466345,2
1888,1892,0.020006018659272415,4,31.06449384044614,31.717035177699405,4
1894,1895,-0.0006705735834218302,1,32.01171119605827,32.022256699366125,1
1896,1897,-0.0032366527132657802,1,31.975928029932795,31.904408983745455,1
1900,1902,0.0026325328786590972,2,31.688817917927132,31.803928590899844,2
1905,1906,0.001672495815542012,1,31.817490579829258,31.9025226902649,1
1910,1912,-0.01472491660996958,2,31.653404589133878,31.218964250726387,2
1914,1917,0.005675835905283336,3,31.261154379976006,31.469848716826455,3
1918,1919,0.0015133872484693633,1,31.46109688634642,31.540170806083424,1
1921,1922,0.014987410332613565,1,32.57040877232552,33.091125262069646,1
1923,1927,-0.02428673199863642,4,33.26703730716932,32.49235672500863,4
1929,1931,-0.0037527818807923247,2,32.64651647777404,32.55664773874304,2
1933,1935,-0.007950657701778708,2,32.62343728927662,32.39668294362342,2
1937,1939,-0.015490999816526355,2,32.10835561338461,31.64307343808209,2
1942,1946,-0.006204496968447609,4,31.543520389429453,31.379352233188502,4
1949,1951,-0.015357105075125763,2,31.374549313825987,30.924101612642673,2
1962,1964,0.02433781096844085,2,32.30371173902248,33.12221708064484,2
1966,1967,0.00445884781756542,1,33.52488587209815,33.707893122175186,1
1968,1974,-7.620527779791822e-05,6,34.06693431062093,34.098405164738686,6
1975,1982,-0.011483942200232515,7,33.90025891040054,33.54485055541098,7
1990,1992,-0.004243306834762239,2,33.37066119632628,33.2624299027877,2
1994,1998,0.0020592301562739725,4,33.70918542836775,33.81230958497365,4
1999,2000,-0.0020973730897763327,1,33.243493983982084,33.20701346827392,1
673,676,-0.002558414097031394,3,27.039274778513835,26.997136391525494,3
680,682,-0.011083114855106383,2,26.506755076734883,26.23948442085999,2
683,686,-0.006194156231807772,3,26.26525099961743,26.12882518245777,3
687,688,0.002525726841666851,1,26.13384256350589,26.22598335370794,1
689,690,0.0009364339226653428,1,26.324461622993965,26.375437203476633,1
694,695,0.00039546566086021313,1,26.773171031381164,26.810532072187794,1
697,703,0.0009195467829354177,6,27.054532613661323,27.106465054703698,6
709,710,-0.005674321765519612,1,27.719742877529118,27.590171880062076,1
712,715,-0.0034299970274688733,3,27.28495943550996,27.218657065187063,3
721,722,0.0014536656663893628,1,26.79176993390153,26.857507979930148,1
725,726,-0.005925502790028825,1,26.47742112433918,26.34700651271848,1
727,733,-0.015480116686790495,6,26.31605196733439,25.934992464111744,6
734,737,0.01537726306815302,3,26.14290569967816,26.571054943687706,3
738,739,-0.007849375125287057,1,26.664075324068158,26.481443069804705,1
742,744,-0.00061135793640433,2,26.22755966371719,26.237752796627976,2
745,746,0.0011515961721095375,1,26.323938262741937,26.3805767475429,1
748,751,-0.002928544647699523,3,26.318520681603776,26.2677642394079,3
752,753,-0.004981818721620274,1,26.302810569492287,26.19807754593545,1
760,763,0.010115483075137145,3,26.575640091560498,26.871041169209175,3
771,777,0.0020323436414511884,6,27.116489965422936,27.19871648134806,6
780,781,-0.0018298026140018803,1,27.732426221615114,27.709413781843804,1
783,786,0.013277933712461096,3,27.766429502799557,28.162876742672253,3
787,792,-0.017343930857061773,5,28.272861718922698,27.810772021857357,5
793,795,-0.00596884549001888,2,27.754854461129717,27.616944877714403,2
798,799,0.0020998634206517764,1,27.959217081970554,28.045886836273016,1
800,810,0.01693444881858439,10,28.141577835615692,28.64628152298275,10
813,816,-0.0042486989810416025,3,28.61396506916963,28.52100691000586,3
819,820,-0.00036489646544479726,1,28.492581101326817,28.51067684029287,1
821,822,0.00046442398008279535,1,28.494297492495743,28.536025225039367,1
823,824,-0.0001466186527006128,1,28.580032634149354,28.604422300904545,1
828,830,-0.013789819304437397,2,28.51401335955929,28.149324281046212,2
836,839,0.006859449793931534,3,28.403828263718605,28.627066725912755,3
843,844,-0.0012554298489738072,1,28.660754209038807,28.653433396919716,1
845,846,-0.0022644114180290767,1,28.61000807626553,28.573833255383995,1
852,856,-0.004894451846356963,4,28.193917833911097,28.084117978546786,4
858,863,-0.008641028821072646,5,27.99761199771397,27.78368143751823,5
865,868,-0.008026574547393958,3,27.822270796273514,27.626775536445717,3
869,870,0.0014586659598435424,1,27.645979744033138,27.713951973356316,1
876,878,-0.009508076689211296,2,27.759282684983674,27.523104579062338,2
880,882,-0.006055572768413361,2,27.295859946802867,27.157863740565386,2
883,884,-0.00474675580629263,1,27.225003743808593,27.12299830295514,1
887,893,-0.009029837499442018,6,27.204127825953968,26.98568310019751,6
894,898,0.011743233718141493,4,27.04143456814783,27.38602988892357,4
905,909,0.007198032718490376,4,27.52787911332559,27.75355356696728,4
910,912,0.0050056445528182175,2,27.797292534820233,27.96423319331507,2
913,917,-0.02130205528155922,4,27.924573257668143,27.357647027677015,4
923,925,-0.007115479451246857,2,27.249857599713383,27.083211655512933,2
927,930,0.005968432458491837,3,27.11218592295943,27.301115359365646,3
933,937,-0.006150844850961236,4,27.32907433856849,27.188306516730137,4
939,942,-0.01322929882608288,3,27.227234911329482,26.894264919390878,3
944,948,-0.01060424948688055,4,26.72298800095772,26.466333757161607,4
949,950,0.0008486288791563334,1,26.60696741126665,26.656153819609887,1
951,953,-0.0021806700800458623,2,26.63813570968459,26.606684859863964,2
954,958,0.003572332383034907,4,26.602438354559116,26.724073544915356,4
961,962,-0.005932199722351555,1,26.795669882722844,26.663508287167055,1
973,974,0.00029746420045894165,1,26.167059441040518,26.20101026389655,1
975,976,-0.003861306698123571,1,26.22837937588594,26.15333193829679,1
978,979,-0.0038336434023915717,1,26.144752122795044,26.070667218435123,1
988,990,0.006115044399827311,2,26.035152218641684,26.220393482633582,2
994,997,-0.004324980322045345,3,26.38332015504047,26.295596134694737,3
998,999,-0.006245126278075713,1,26.32243889842535,26.184374382456177,1
1000,1001,-0.006723538513166149,1,26.2163894227479,26.06633890821064,1
1003,1006,0.005857402783761685,3,25.936885318767757,26.114744988354783,3
1007,1009,-0.0012921637315611596,2,26.07738929144686,26.069770424082098,2
1012,1015,0.014196824686896519,3,26.352225430542195,26.75269558051972,3
1032,1037,0.009018778856368589,5,27.992285222650384,28.272733737980513,5
1039,1040,-0.004177005000285904,1,28.490371722986055,28.399857669562124,1
1041,1044,-0.0037747249604783446,3,28.47290490707519,28.393900427132202,3
1047,1049,-0.007177300613985698,2,28.190812076434494,28.01666895568598,2
1051,1052,-0.00027577553039594366,1,27.794662802410887,27.814792377336786,1
1054,1055,-0.0005460997907153136,1,27.897552675303757,27.910215380301608,1
1056,1058,0.0068938639212550576,2,28.111073763671346,28.33297875464213,2
1059,1065,0.03225708423464155,6,28.42961845512128,29.375104670841967,6
1067,1070,-0.008681902350184414,3,29.3375757261763,29.112207334256674,3
1072,1073,-0.0020105113138923873,1,28.783263548506525,28.754177735040013,1
1074,1075,-0.004231882512013233,1,28.659865924911,28.567240605431635,1
1079,1082,0.0015280424649048554,3,29.079707829692335,29.153222565952824,3
1083,1084,-0.01058862382865082,1,29.068720633417108,28.78999160608313,1
1089,1093,-0.01033955527110932,4,28.535958712984364,28.269445549370353,4
1100,1104,0.0035775180229924578,4,27.82350527089074,27.95086786773107,4
1105,1106,-0.0034815685159993027,1,28.024415330365258,27.954870823602135,1
1107,1122,-0.019208159889865104,15,28.001718029435185,27.49185827036431,15
1126,1127,-0.0004147049982067895,1,27.524419350081498,27.54052925515436,1
1132,1134,-0.0056061661182277315,2,27.60648187664531,27.47932183518164,2
1137,1138,0.0004544223992901126,1,27.781096361401747,27.821501810226607,1
1139,1143,0.00862879911902769,4,27.873350127616256,28.141737016769397,4
1144,1147,-9.097490003768312e-05,3,28.22757250165899,28.253232073574004,3
1149,1150,-0.0007997247534427061,1,28.47837555011145,28.4840790637963,1
1153,1158,-0.010866586283475924,5,28.695405957212554,28.412280258396347,5
1160,1165,-0.013516099769569433,5,28.31929353490233,27.96484643161577,5
1166,1175,-0.02862889984786546,9,28.00095410292578,27.227318546371365,9
1178,1179,-0.006406127398470024,1,26.987008493532162,26.841113287512535,1
1182,1183,-0.0007185050417474743,1,26.657461133566,26.66496507447491,1
1186,1187,0.0017822657827345407,1,26.68060102321905,26.754833546508745,1
1189,1194,0.006283135831793276,5,26.86546571140529,27.06113054736584,5
1197,1201,-0.0007719772407345725,4,26.891865426531673,26.897997383888026,4
1202,1203,-0.0007857341597760165,1,26.921904839676518,26.92767328423742,1
1205,1206,-0.003162783640554233,1,26.98989414378635,26.93152084227188,1
1208,1212,0.018712917583767072,4,27.102861136893015,27.63713760476887,4
1213,1219,0.0028041428878839945,6,27.66376305141441,27.768999958878556,6
1224,1228,-0.013391761012555951,4,27.981044369927986,27.634309955214114,4
1230,1231,0.00028138082195470777,1,27.637760707905546,27.67317520443843,1
1232,1239,-0.012702705449116784,7,27.73018490576007,27.405666719758415,7
1245,1246,-0.005258803862638232,1,27.607786598911375,27.49021045070504,1
1247,1249,-0.01774272587712036,2,27.343271037157272,26.885470145598344,2
1255,1256,-0.0075957294252978706,1,26.64658693385393,26.47083325633055,1
1258,1259,-0.0023629869344319303,1,26.39159894689765,26.35562754235426,1
1261,1266,0.011175748329865048,5,26.58990549866681,26.91365749613347,5
1268,1275,-0.017404602354873958,7,27.05209011875919,26.60831133749273,7
1283,1284,-0.006519574991744315,1,26.249096111009482,26.10421225655926,1
1287,1288,-0.002057157349541811,1,26.014821058517004,25.987319299237978,1
1292,1295,-0.006375736412295089,3,26.133586003669034,25.993098733805265,3
1296,1300,-0.0029856564623529183,4,25.971320531887052,25.91975041143707,4
1302,1307,-0.01632349128987394,5,25.723049895056576,25.328882964040684,5
1311,1312,0.0035441676339805243,1,25.81879799739733,25.936122943605383,1
1313,1316,0.012421335970805282,3,26.112464214294366,26.46292836954004,3
1318,1320,-0.012484173359991788,2,25.973573344420846,25.675288325355055,2
1324,1325,-0.011196014379170425,1,25.565550565950698,25.304883844768856,1
1328,1329,-0.00036426393585055686,1,25.318158694426817,25.334254360986723,1
1330,1333,0.01314293941373968,3,25.53623902603004,25.897396507429956,3
1334,1335,-0.00028154410533835696,1,25.945688356714246,25.96432918945518,1
1337,1342,0.007362062788546641,5,26.17759220151286,26.396490871154878,5
1344,1347,-0.002660629429525437,3,26.46791459267736,26.423961194766594,3
1350,1352,-0.009933498176063597,2,26.237039657511758,26.00265111158607,2
1354,1357,0.001748472862983669,3,25.64602451562175,25.71651191804635,3
1370,1373,0.013675765056765717,3,26.145299365972072,26.529001636805884,3
1376,1380,-0.007444258224422833,4,26.721101347994534,26.548903670867084,4
1383,1388,-0.009958412568881227,5,26.68256641415567,26.44353297582109,5
1390,1391,0.00012625950135868036,1,26.60141715341978,26.631377252238426,1
1398,1404,0.004091225000425744,6,27.324146540528737,27.463259918511174,6
1406,1407,-0.006756529729947033,1,27.439806306664025,27.281848245875725,1
1416,1420,-0.010922623865154045,4,27.15103960105388,26.88163004754472,4
1422,1423,0.00552458768088914,1,27.074568101551815,27.251218495052594,1
1429,1435,0.004966389380019854,6,27.83999777773316,28.006102044814003,6
1436,1437,-0.002048510166502645,1,27.90576965446209,27.876510171275307,1
1438,1439,-0.001639308712982825,1,27.85620090882087,27.83839219686926,1
1440,1441,-0.0017053508490577523,1,28.01888333697715,27.999120193825764,1
1448,1449,-0.0021195264398754824,1,27.614611755524407,27.5836964675372,1
1450,1454,0.006943283728733524,4,27.595167070753167,27.814363312337964,4
1455,1456,-0.002663738346180669,1,27.93209413563809,27.8856224395355,1
1458,1463,-0.019062413879545416,5,27.628784065118836,27.12974153234607,5
1465,1468,-0.0013792542729602392,3,26.981542827400798,26.971309961992446,3
1471,1475,-0.0092250926575697,4,27.00971807850388,26.78756064465335,4
1477,1479,-0.005132424217123234,2,26.466796194622056,26.357424165077735,2
1490,1494,-0.020517601915552106,4,26.042923986225976,25.534628563145834,4
1495,1497,0.001974554109009148,2,25.376139834026993,25.45162253504109,2
1498,1501,0.0046248409624072995,3,25.501066914954592,25.644506360722918,3
1503,1506,-0.012710819324178353,3,25.852716571489804,25.549960078681895,3
1508,1510,0.0007005263959214078,2,25.767667348772484,25.811485947260394,2
1511,1514,-0.002941827048865604,3,25.727171839952444,25.67721412178281,3
1518,1519,-0.0007514491985400418,1,25.73476538525699,25.741161781818878,1
1523,1524,-0.00202919137755813,1,25.853892544574055,25.827283941290865,1
1525,1528,-0.012761192908575723,3,25.914321317499784,25.609537985389853,3
1529,1530,-0.004523347706516815,1,25.57827135375584,25.48815021004492,1
1535,1536,-0.0036584584198268485,1,25.31966446425593,25.252353189073737,1
1540,1541,0.0036271742747535345,1,25.437987960949954,25.55569396444435,1
1542,1544,0.004239868822218912,2,25.632623187602352,25.766934770674755,2
1547,1548,-0.002708167057848576,1,25.688955878024682,25.645074849843315,1
1552,1555,-0.003969365364622864,3,25.870276544346638,25.79345824120264,3
1556,1563,-0.0007604616523265364,7,25.805329965123335,25.81151133122435,7
1564,1570,0.011080151434697455,6,25.935160037106872,26.248460697838237,6
1573,1577,0.004213445485445571,4,26.378664959279288,26.516188691023324,4
1578,1579,-0.004938909732788329,1,26.43197435211181,26.327861191079464,1
1586,1588,0.003184545961792084,2,25.997361342711624,26.106148496135518,2
1594,1596,-0.006901290133228811,2,26.432897784529022,26.276909585640535,2
1598,1599,-0.004787282949961204,1,26.083261023630353,25.98447633387617,1
1613,1616,0.006091128627689776,3,25.244705685947363,25.423719141134587,3
1618,1619,-0.00012552251322693543,1,25.542273062963712,25.564609205718284,1
1621,1625,-0.012924600128544617,4,25.656929054494015,25.350980434992735,4
1627,1635,-0.05169492880700071,8,25.259512934074447,23.97898372418203,8
1636,1637,-0.0045953323615710315,1,23.835951308413616,23.750253141305645,1
1640,1642,-0.013151474081078331,2,23.391987583975205,23.107740453143624,2
1643,1653,0.0533650747690387,10,22.94576160433689,24.193209649589203,10
1654,1662,0.11258801058988215,8,24.285673387186907,27.044234713073113,8
1663,1667,0.015601344647911675,4,27.1178484062689,27.568041153771194,4
1671,1673,-0.004543413278609526,2,26.997074832422943,26.90141303897812,2
1675,1677,-0.019499754682546337,2,26.653700737228803,26.160613812208066,2
1679,1680,0.007632721716905607,1,25.67192596594022,25.893544558741183,1
1681,1686,0.012346879815023946,5,26.06538391315545,26.413275459576795,5
1689,1691,0.010718802879250814,2,26.779694262978857,27.09352022121331,2
1694,1699,0.0022555419026050916,5,27.692203458705386,27.782356587440667,5
1700,1701,-0.0022505593515209366,1,27.819275656739368,27.784486001414294,1
1702,1704,0.004492530955120681,2,27.649144522483343,27.80100830465569,2
1708,1710,0.007674039679323169,2,29.885669766726664,30.1448992521264,2
1711,1712,0.008412217415661071,1,30.315772298746452,30.60111093874593,1
1713,1714,0.0004010354909323574,1,30.663548986570788,30.706509706978917,1
1724,1730,-0.012856910805111529,6,32.264517116981374,31.88195961535533,6
1739,1749,-0.02332347440108456,10,31.04464642829779,30.35162205846496,10
1752,1754,-0.001465641860933998,2,30.453298050872053,30.439117720496068,2
1756,1760,0.018374777098031824,4,30.456790380684343,31.04688390543158,4
1763,1765,-0.01648657411649958,2,31.320124438041695,30.835083009593973,2
1768,1785,0.07596827752518442,17,30.340549787910224,32.67580964425277,17
1787,1793,0.0159113928488811,6,32.00225883037225,32.54346160150425,6
1795,1798,0.058606689837962356,3,32.76487765978141,34.717883560026785,3
1799,1801,-0.003360614637565052,2,35.050830405108336,34.96808890179523,2
1811,1813,-0.01089222517052887,2,33.398324989986584,33.067941238867135,2
1814,1815,0.0033510188452452174,1,33.35681707079644,33.50195321048887,1
1819,1822,-0.025637161663468692,3,32.4572992604861,31.657643531445924,3
1824,1826,-0.03834573015918735,2,30.97631521368458,29.819482104388385,2
1828,1829,0.00647816887278697,1,30.43899063650468,30.666618548801644,1
1830,1833,0.031160661187776294,3,30.548088064876165,31.530534775065,3
1834,1837,-0.023718197384504057,3,31.961298078431643,31.235195000020862,3
1838,1839,-0.011522346571747243,1,30.744675953744643,30.42116981812328,1
1840,1846,0.003330528023644871,6,30.06699640322189,30.19720237373287,6
1847,1852,0.0023176294683891797,5,30.200003005751764,30.300195425669088,5
1855,1857,0.0006759436450316104,2,30.943190649359057,30.99504969308485,2
1859,1861,0.007216580869239562,2,30.702678820063703,30.954949863491045,2
1862,1866,-0.004797325053433499,4,30.817289590791766,30.700266324949737,4
1869,1870,-0.003948797057735537,1,30.431528050906895,30.341791650527984,1
1874,1880,0.007997652234759539,6,29.687288052245073,29.954403945932306,6
1881,1885,-0.0024332068442461667,4,30.398155690668474,30.354588845880148,4
1891,1892,0.010338807610488849,1,31.30378487433445,31.65873246850466,1
1898,1899,-0.0018883402709713544,1,31.73620558384186,31.708013034373906,1
1901,1910,-0.006344010113013907,9,31.772804851016197,31.60301066057355,9
1911,1913,-0.018225887784117965,2,31.52035660382624,30.977390478053348,2
1915,1916,0.0005365328761268481,1,31.422069558570275,31.470350601482963,1
1917,1918,-0.004099046823996574,1,31.512956256110627,31.415296129110384,1
1919,1922,0.04635120884908797,3,31.589605740154706,33.08541175901712,3
1923,1924,-0.0027235005736477207,1,33.12820031225425,33.071103840012164,1
1927,1929,-0.0014042901968615055,2,32.57146849031375,32.55830016490573,2
1931,1935,-0.00329059846635641,4,32.54125167538466,32.4667127342037,4
1938,1939,-0.005552658056005168,1,31.85801273409618,31.712974095773983,1
1940,1945,-0.00702623899880353,5,31.656541027815948,31.4657711457069,5
1946,1947,-0.004938272146999577,1,31.431419206401554,31.307633723600315,1
1948,1949,-0.004958778165571852,1,31.400421498547416,31.276114195529214,1
1950,1951,-0.008912559624492757,1,31.171625034857648,30.924977693177006,1
1952,1954,-0.002849040803728539,2,30.76942004810645,30.71252613493044,2
1962,1964,0.024248817743457263,2,32.378928946795455,33.196458622501446,2
1967,1969,0.01825874400797343,2,33.75666589879473,34.4067768859023,2
1972,1974,-0.003973793150628945,2,34.22628931316254,34.12450740843161,2
1975,1989,-0.01485285010253369,14,33.93648507277158,33.466368032051605,14
1992,1995,0.010516989760953024,3,33.368461619677674,33.752765850490256,3
1996,2000,-0.01869680261951051,4,33.843314878925334,33.24439641552305,4
673,674,0.0009844487316125598,1,27.02559662586451,27.07922753680978,1
676,680,-0.018727107761036046,4,26.964498236334386,26.48649567037662,4
682,683,-0.00046048450129877543,1,26.25728400841538,26.27145022009172,1
684,686,-0.005899515844663173,2,26.193850191625756,26.065513007579153,2
688,694,0.016763531438892174,6,26.206403986868388,26.671922267989434,6
697,699,-0.0008184470308768588,2,27.08911389800485,27.094032007063948,2
700,702,-0.0011554629530620276,2,27.022380190762,27.01817921173878,2
703,705,0.01126778081687808,2,27.20229955334255,27.536011401978016,2
706,709,0.002414504725698054,3,27.576452526357308,27.670612453826543,3
710,714,-0.007416292406501516,4,27.61751678609024,27.44031472284922,4
717,718,-0.0050464974638508246,1,26.873438335167158,26.764695035098953,1
724,727,-0.014328470821914938,3,26.664122926872256,26.308730942449486,3
728,732,-0.014428558255468845,4,26.266680394072957,25.913956746223366,4
737,738,-0.0021356677183491986,1,26.621805061959346,26.591571537346294,1
740,741,-0.005801972275934511,1,26.3575242795898,26.23095617873694,1
744,748,0.0010236600246875558,4,26.295079611445434,26.348291912901093,4
749,751,-0.0015068600626709117,2,26.360063452630566,26.346702589216957,2
755,756,-0.0025200397537471836,1,26.305395386839034,26.265410140113,1
760,765,0.015545903685547084,5,26.496983194452604,26.935399726345576,5
768,770,0.003683080925556286,2,26.94600889053139,27.07219923078651,2
771,774,0.0015829356599228682,3,27.142806702754108,27.212914826097045,3
775,777,-0.0011249279990585622,2,27.208890301782414,27.20549114956041,2
781,785,0.008006855422163537,4,27.787810252686008,28.038091042130464,4
786,787,0.0006067891168776572,1,28.176091071499176,28.221364107989015,1
789,792,-0.01391127743927835,3,28.168450493069763,27.804759813719162,3
795,797,0.0055255307652010924,2,27.61981906286992,27.800053041893964,2
803,807,0.011208319667312203,4,28.15912656869053,28.50290218739341,4
810,811,-0.0006559872420979283,1,28.630081380212044,28.63993049346661,1
814,815,0.0008909894905077811,1,28.533520607099746,28.58747719469496,1
817,818,-0.0013884141001957331,1,28.41947532973161,28.40843680479338,1
820,821,-0.0011426767531827699,1,28.485405569060717,28.48134136388103,1
826,828,-0.0030614638624614113,2,28.542260249523686,28.483421411466324,2
829,830,-0.0086263797564557,1,28.395266455925626,28.17871337064699,1
835,836,0.0037433503660389772,1,28.243063537569125,28.377030283338115,1
838,841,0.004424673887894693,3,28.55969436202289,28.714621390274807,3
842,843,-0.002036571274159074,1,28.692750957046872,28.663008875628197,1
844,846,-0.0025268901165921205,2,28.655413732101234,28.61166006408683,2
847,851,-0.017940519914968638,4,28.615751820964405,28.130986107359558,4
852,854,-0.006020283543155869,2,28.19747927016376,28.05591992902528,2
855,858,-0.00827569914292035,3,28.15026437302833,27.94545151865651,3
862,864,0.0023929632354712446,2,27.787164600747563,27.881445428655887,2
865,866,-0.005003772512026998,1,27.810751786421736,27.699403862880455,1
868,870,0.0019016418350120685,2,27.682311731945347,27.762635885756605,2
871,872,-0.003625391900132604,1,27.967490968182748,27.89406534392785,1
877,885,-0.021791552288209982,8,27.681203463543117,27.10566827433028,8
892,896,0.006768711083440255,4,27.06659576863208,27.27686833117085,4
897,898,-0.003282222448759059,1,27.431167988222427,27.368563960844025,1
906,907,-0.0011427954470919865,1,27.645127575582173,27.641179977230102,1
908,909,0.0008248131166647,1,27.692624438670464,27.74315830298102,1
910,911,-0.00032116392545476356,1,27.848922251684375,27.867827104746024,1
913,920,-0.022161796827321813,7,27.898821880561645,27.30843268020356,7
921,923,-0.005753399543679188,2,27.305923957489217,27.17612799100995,2
925,927,-0.001020160903216269,2,27.091242609584466,27.090696425664206,2
929,930,0.002001513348937943,1,27.255637617439927,27.337445777582488,1
933,937,-0.003963364653280217,4,27.298966933803065,27.218070140120368,4
939,941,-0.007873727160244134,2,27.166645776897465,26.979909665968073,2
944,945,-0.00532571768115661,1,26.652439528793398,26.53714859987774,1
950,956,-0.0005926410932606426,6,26.700157906538006,26.711034453672582,6
961,963,-0.006318759121693301,2,26.765023368987926,26.622666656801787,2
965,967,-0.004836417214077461,2,26.50495810127213,26.40327402375401,2
973,974,-0.0013090532054543926,1,26.18539731627445,26.17730463529776,1
975,979,-0.00791133292347156,4,26.2289496957289,26.04767269214873,4
981,982,-0.005366577382641778,1,26.141310789160883,26.027162732716324,1
983,991,0.013634692817952078,8,25.928269650283166,26.30772191191609,8
994,996,-0.005117753671383987,2,26.378059770383782,26.269441417920298,2
998,1003,-0.012097679722975138,5,26.2391054794414,25.947912290613196,5
1008,1009,-0.0011681987273972968,1,26.057423361973793,26.053040536525057,1
1011,1023,0.04921649508890699,12,26.28725525926292,27.60730908389054,12
1028,1029,0.00045240113164808225,1,27.61659193091655,27.656702300289275,1
1030,1032,0.004774605714831813,2,27.753076123636568,27.913339195624282,2
1034,1036,0.0028972389009688884,2,28.188186429290088,28.29804252599008,2
1037,1038,0.0018053369938269906,1,28.28846368918154,28.367822362867333,1
1039,1043,-0.002111306351636649,4,28.451820601367686,28.42020191241776,4
1048,1049,-0.004088108609339615,1,28.077777378708817,27.991070152654505,1
1050,1062,0.05390164820589864,12,27.87343728011346,29.40373492795543,12
1064,1066,-0.008544215276300293,2,29.501251299865896,29.278687509139473,2
1067,1071,-0.01402829177854481,4,29.270694702059618,28.88934755092048,4
1074,1081,0.019129605428235497,7,28.687547498896652,29.265016510753206,7
1088,1089,-0.0009190274019657438,1,28.440540977164876,28.442843881657296,1
1093,1097,-0.013333043137097364,4,28.294640731810357,27.945681707116268,4
1098,1100,0.0003516762604542994,2,27.770937359162236,27.80847467592118,2
1102,1103,0.0022779481637379257,1,27.91204085005106,28.003535073101663,1
1104,1110,0.009474429722671793,6,27.94927708892078,28.242029827588162,6
1112,1118,-0.033813775760652164,6,28.08226188580992,27.160776841437045,6
1119,1120,0.001469477170727357,1,27.150522196671613,27.21756979140962,1
1121,1123,0.003648857872101832,2,27.354583246698493,27.481750816362972,2
1127,1134,-0.002297040399465682,7,27.5859060503599,27.550126015756717,7
1135,1137,0.0036685522015610164,2,27.57274989707219,27.701474719307257,2
1138,1139,-0.0013012484619823906,1,27.83481934233348,27.826434145817043,1
1141,1143,0.006951125454634887,2,27.869604306154145,28.09119902636341,2
1144,1145,0.0013839125697052523,1,28.198598535703283,28.26582152920062,1
1153,1154,-0.0022479434450747033,1,28.689003117255215,28.65320086386931,1
1156,1161,-0.014105031194896218,5,28.623801857199286,28.24868604094416,5
1166,1167,-0.0011284360115471695,1,27.9165308214427,27.91294533356776,1
1169,1170,-0.004397865909864608,1,27.813298850327268,27.718792990322864,1
1175,1181,-0.020880831493531832,6,27.245762401108713,26.704093989899466,6
1183,1190,0.00707154162775927,7,26.754926705818008,26.970880210471666,7
1194,1196,-0.006085060332694681,2,27.06033248794128,26.92272906461732,2
1197,1198,-0.00039579013808798563,1,26.822875436485603,26.839082082349165,1
1200,1201,-0.0037135172995150997,1,26.918700582580797,26.845656222869497,1
1203,1204,0.0011802006463084058,1,26.951657584179838,27.01041760546395,1
1207,1208,0.004765942776928575,1,26.97530714101802,27.130845218383204,1
1211,1213,0.0044485262961464185,2,27.499186777474204,27.649016819753914,2
1216,1220,0.007477912489207354,4,27.489523066339657,27.722576837266132,4
1221,1224,0.0017347338431533336,3,27.911686109562726,27.98801714218602,3
1226,1238,-0.008305144588694448,12,27.727025146229373,27.5244752185218,12
1241,1242,0.0005624436522748582,1,27.43449639774754,27.47736125249756,1
1245,1247,-0.010164895793717793,2,27.616839134228766,27.36373368141169,2
1251,1254,-0.008356868159399324,3,26.74186031030252,26.54512396966255,3
1259,1260,0.0004925949166356327,1,26.363106622550067,26.402456061481608,1
1262,1266,0.005431199698587381,4,26.744246139180184,26.916243726889427,4
1270,1271,-0.008212462699357643,1,27.114471614977663,26.918909499841845,1
1272,1279,-0.02032395521694522,7,26.985373881646158,26.463909725244704,7
1280,1282,-0.007516114916235053,2,26.561024943363435,26.387950252539493,2
1284,1286,-0.003832488328739299,2,26.058962379538205,25.985150672739106,2
1289,1294,-0.0025344954708921845,5,26.15506556197391,26.114930732328173,5
1296,1298,0.004355540814174898,2,25.912488271537025,26.05126366007207,2
1302,1304,-0.026105287249891203,2,25.767616991616524,25.120713565296814,2
1306,1307,0.0013136992327795849,1,25.272063581386313,25.330535535505323,1
1308,1311,0.006985984874585579,3,25.540683392611147,25.74465090387112,3
1312,1317,0.014384529124500181,5,25.930624084333964,26.329554525775865,5
1321,1323,-0.006595268207882947,2,25.705161375886753,25.561334103661753,2
1324,1329,-0.00843546842078009,5,25.492217444929913,25.302670867142478,5
1330,1332,0.01355399919237833,2,25.469545947120107,25.840229698264736,2
1333,1334,0.0020750126641884154,1,25.878993787503152,25.958572021136177,1
1335,1336,0.0029811205035403902,1,25.95280608280237,26.05612733122302,1
1338,1340,-0.001991248701141482,2,26.241667481554483,26.215655462747605,2
1342,1345,-7.444141954288564e-05,3,26.382075008588732,26.406493164483194,3
1346,1349,-0.004668137283622342,3,26.411441850218484,26.314561055653474,3
1353,1357,-0.006188125378005067,4,25.798891179638424,25.66504329758495,4
1359,1363,0.0015252116330943784,4,25.740990284507586,25.805991732621393,4
1364,1366,-0.0013840914458040114,2,25.851225400820688,25.84129616628068,2
1367,1368,-7.160786899541556e-05,1,25.98442335129714,26.008547085465175,1
1370,1376,0.017756708174873286,6,26.204237717628274,26.695742957442835,6
1379,1388,-0.008252117965097467,9,26.603974278170373,26.411039118364663,9
1389,1393,0.013983156839041368,4,26.535565278413095,26.93315181479218,4
1395,1397,-0.000824332737167384,2,27.25633979033137,27.261127836937174,2
1402,1404,0.0006882369730099507,2,27.4572845467881,27.50363894973844,2
1406,1409,-0.009337239537332731,3,27.460165646681766,27.231223667950545,3
1411,1417,-0.0012874226099847796,6,27.09852803451303,27.090739304858605,6
1418,1419,-0.006797052938361701,1,27.111078623676207,26.95391426567867,1
1420,1423,0.00924133159914848,3,26.933165546357774,27.208997025732785,3
1424,1429,0.017506354844362988,5,27.32397060035523,27.829637696042347,5
1431,1434,-0.0021002862492738436,3,27.969054438988522,27.93828047298411,3
1440,1443,0.002181735112663091,3,27.94833898308296,28.037263194566044,3
1444,1446,-0.010762875225230728,2,28.057009922016547,27.78309283495484,2
1447,1449,-0.0033802976666528544,2,27.664170907937137,27.59832194647509,2
1451,1453,0.005495152726393404,2,27.574361699302376,27.753461389872157,2
1455,1458,-0.01205676458500263,3,27.880988236291063,27.572714712965166,3
1461,1462,-0.00585855953695611,1,27.38842528797832,27.2553569930932,1
1465,1469,0.0015808440699967632,4,26.93825678736499,27.00778022765071,4
1470,1475,-0.010357374282501292,5,27.023216925189963,26.770350570103737,5
1478,1483,-0.016751626358791915,5,26.355296616797983,25.940157831915048,5
1486,1491,-0.0073328577689220865,5,26.010975670324186,25.84625186097313,5
1493,1495,-0.015904167857603912,2,25.681526666219927,25.298764881947054,2
1496,1508,0.013369671737298309,12,25.391388655496552,25.756254575430198,12
1510,1512,-0.004373906763941851,2,25.751224330414658,25.664342100466488,2
1515,1518,-0.007200097398273919,3,25.831885954192888,25.671725745295788,3
1521,1523,0.004117810189492842,2,25.773466434263067,25.90537014339889,2
1524,1525,-0.0009028220392511013,1,25.901659734838887,25.90417680531193,1
1526,1527,-0.006309285646596374,1,25.90992207699266,25.772358899604853,1
1528,1532,-0.011777646187692246,4,25.649383151844138,25.372943175301007,4
1534,1538,-0.00391316983977105,4,25.344608468963774,25.270775319971182,4
1541,1542,0.00023470416785684916,1,25.60821096944292,25.639829534258247,1
1543,1548,-0.004744819639607048,5,25.746918574067646,25.650501007732114,5
1550,1551,-0.0030469541505664492,1,25.787582804068382,25.73479680441452,1
1552,1554,-0.0018235326483667033,2,25.863991497677695,25.84269165626228,2
1555,1563,-0.004899522446143969,8,25.893977038066733,25.793002893386856,8
1572,1573,-0.006438289933478434,1,26.448128821258813,26.30429622853082,1
1576,1578,-0.004090984230971208,2,26.488757397318867,26.406881065905733,2
1580,1592,0.007153320739417722,12,26.18996436128829,26.403499540879793,12
1600,1601,-0.0005559096667798248,1,26.033123313011245,26.044684371418082,1
1604,1606,-0.005697631453453543,2,26.2228547922685,26.099669484796994,2
1613,1614,-0.00018132475825351636,1,25.30613306399801,25.32685056860185,1
1618,1620,0.0006078545277629383,2,25.548156105111616,25.589233823581214,2
1624,1625,-0.003941699113003714,1,25.40840179239786,25.333657919382322,1
1627,1628,-0.003183046320205216,1,25.25865087971385,25.203510074857544,1
1629,1630,-0.005985148854532207,1,25.05847728507295,24.933557045738947,1
1631,1632,-0.006932194096473548,1,24.89764212606833,24.749944480431957,1
1633,1634,-0.0080607568404745,1,24.384271863444503,24.212100449084698,1
1636,1638,-0.0035476622797043595,2,23.819045594874545,23.758362710873925,2
1644,1645,-0.018613786244354683,1,22.70469742882638,22.30478174157228,1
1647,1649,0.05292477173332863,2,22.290933369071467,23.492966862721484,2
1650,1653,0.015988088158059795,3,23.80804850134393,24.212501728156123,3
1655,1658,0.024842149770685353,3,24.409128765725136,25.03991312706095,3
1659,1661,0.04211608737681718,2,25.485322042590756,26.584149414605424,2
1665,1666,0.00939059694218684,1,27.479924935968896,27.765457759980098,1
1667,1670,-0.0319004149403758,3,27.54629449789879,26.695102567843925,3
1672,1676,-0.029575873305679408,4,27.156179462704685,26.380167918912143,4
1677,1679,-0.021123881576100206,2,26.177163356210023,25.650377220831423,2
1680,1682,0.013871730453264682,2,25.882986639781183,26.26791144041346,2
1683,1686,-0.0006621135299036635,3,26.37632361213273,26.38523581501215,3
1690,1692,0.00978543461972178,2,26.98717815834759,27.27824660394523,2
1694,1695,0.007127751440359229,1,27.690067013042373,27.915124995091272,1
1696,1699,-0.007414080982784746,3,28.00217748844848,27.82256925434326,3
1705,1706,0.024367400274934274,1,28.17874132076768,28.893562731095425,1
1707,1713,0.038118286032726184,6,29.48345267118418,30.636794806007906,6
1721,1727,0.025756982673259064,6,31.396672609788247,32.23675283480634,6
1730,1731,-0.008999728540779895,1,31.94298254106543,31.687447351954035,1
1733,1739,-0.004415480498832267,6,31.239938744804967,31.13323934323737,6
1742,1743,0.006517292260758496,1,31.15818153560761,31.392406692524542,1
1745,1747,-0.017241249680263974,2,30.820285687529537,30.319725732461304,2
1748,1749,-0.002422211381427445,1,30.34165549174348,30.298503243971773,1
1752,1754,-0.00034082829969270354,2,30.457179102372542,30.477255612908017,2
1757,1759,0.013889799885898783,2,30.310620685610935,30.761939762037066,2
1762,1763,-0.007603736292969849,1,31.503723525659186,31.295681243249103,1
1764,1768,-0.028398741278304707,4,31.15212209033705,30.298593156913743,4
1769,1774,0.10913103201885635,5,30.67483744355589,34.05308894822536,5
1775,1779,-0.006948580060717717,4,33.84485689388671,33.64352805300989,4
1783,1786,-0.05959642950102218,3,33.98113828305315,31.98996490928574,3
1789,1792,-0.007252876877415073,3,31.86136228062243,31.66213710513498,3
1793,1794,0.002446725372573492,1,32.47440545174864,32.58633580897842,1
1802,1806,-0.012043885022246303,4,35.012286156358016,34.62561449368121,4
1809,1810,-0.008020597880545936,1,33.893202357376474,33.65525181274136,1
1812,1813,-0.0050712812070688755,1,33.265138391258645,33.12970665847577,1
1815,1817,-0.016949678463460873,2,33.53879633566708,33.00386331806169,2
1820,1824,-0.03978263523789112,4,32.211655407829795,30.96240252573929,4
1825,1827,-0.02721985867587542,2,30.65515426184032,29.851380449407706,2
1828,1829,0.004402898240771757,1,30.50742860909422,30.672257141456765,1
1831,1834,0.03527914979456894,3,30.80341199515047,31.920933593106355,3
1841,1842,-0.00232772855694562,1,29.988957861435004,29.949140665689338,1
1843,1844,0.0004757228317618604,1,29.798823104030813,29.842797907645064,1
1845,1850,0.012636597411327711,5,29.974555213124592,30.383306155149587,5
1852,1853,-0.004744839761690314,1,30.305785921251253,30.192295609124077,1
1854,1859,0.007855758975542602,5,30.41691685176665,30.686281736185016,5
1864,1866,-0.006473826875658133,2,30.834123364646928,30.665342711486165,2
1869,1873,-0.024718373893266202,4,30.46348007162481,29.74093586119595,4
1876,1877,0.0016434524514799837,1,29.549490566090263,29.62760323936718,1
1881,1883,0.006229747428291819,2,30.280299346919463,30.49921826325076,2
1885,1903,0.05213711026966975,18,30.333666507259927,31.945509889339586,18
1910,1913,-0.023297880416988066,3,31.669780733831086,30.963611750195888,3
1914,1921,0.040956401878302705,7,31.223897802194095,32.53394020659,7
1922,1923,-0.0017140458192937047,1,33.107461130410535,33.083820886202936,1
1928,1930,0.0017621214546596205,2,32.60400062032114,32.69405682994226,2
1940,1941,0.00024595136926836925,1,31.605942294696284,31.645321761775378,1
1942,1943,-0.0025239798068277,1,31.521401705026324,31.47336372534496,1
1945,1947,-0.0054726384868552715,2,31.472103641765607,31.331340299755148,2
1953,1954,-0.0011454838211664722,1,30.71339731675903,30.708929014356382,1
1957,1958,0.0026522520805825796,1,30.76874499202316,30.88112020493719,1
1959,1962,0.02983527315859067,3,31.341304009616962,32.307721679899934,3
1963,1964,0.004675995003124892,1,32.967326591100395,33.15444897209787,1
1966,1975,0.010067043199126286,9,33.52341546612215,33.894420553267985,9
1976,1979,-0.0006789318510501137,3,33.85510335435138,33.86597314971787,3
1985,1986,0.0029198791444506513,1,33.11029939713758,33.24008776921094,1
1987,1989,0.003957727503911381,2,33.36878269480398,33.534216026542055,2
1993,1997,0.009270439676033922,4,33.447597958386396,33.79111949552624,4
674,676,-0.0069186775285033,2,27.109979306838955,26.949524081517378,2
677,679,-0.01115081614703834,2,26.86987427281876,26.59712311918134,2
683,684,-0.005736160126042019,1,26.268118694940657,26.14370867859154,1
689,693,0.015093623616045975,4,26.31981206622332,26.743393215262184,4
697,705,0.01534758064066627,8,27.053037658050563,27.495289372740526,8
707,708,-0.0019285163965159962,1,27.733177988302636,27.707427277813,1
709,710,-0.003989980923662829,1,27.715351726086823,27.632483353133217,1
714,722,-0.02313877874405608,8,27.46047052418994,26.852529243047226,8
732,733,-0.004737493652330624,1,25.992307330932025,25.89516124727324,1
735,742,-0.005089827335638057,7,26.285109885314178,26.17760832438497,7
743,744,-0.0016634040049449187,1,26.27363837874683,26.256208341821896,1
752,754,-0.002120398799748638,2,26.265070953495744,26.235643599524135,2
755,758,0.0019962029109478014,3,26.257745955237173,26.336419490103182,3
759,761,0.008586833188785687,2,26.42610136481826,26.679443990432713,2
764,768,0.0006513269391417039,4,26.951406929110366,26.995912513420176,4
769,774,0.009944648718878842,5,26.960669629318616,27.255744687637254,5
781,784,0.0032012153678757987,3,27.778028851641878,27.894730333342693,3
789,791,-0.01602126550747231,2,28.215529666292472,27.79169670374113,2
796,798,0.00606293279751139,2,27.74492960945691,27.94089018276019,2
800,802,0.0021903305732342494,2,28.062398867114172,28.15192719617822,2
804,805,-0.0011003419742080804,1,28.440204174182565,28.437350427948846,1
806,811,0.000804735543858316,5,28.568779485060578,28.620338576841917,5
819,821,-0.0013147352239748968,2,28.45762189891636,28.448665282914213,2
824,828,-0.007583268839152857,4,28.669651893201255,28.480911867263384,4
830,834,-0.008387135626444886,4,28.180723214106827,27.972548389672916,4
835,840,0.016078315653973593,5,28.195283845687193,28.67681180315722,5
843,857,-0.024721423169925868,14,28.71176669488371,28.03068272715819,14
858,859,-0.004171162673917929,1,27.99453951390169,27.905764275121683,1
860,862,-0.004342263394973777,2,27.852615181859534,27.759524405682914,2
863,868,-0.008512683291242405,5,27.789018858432947,27.580248760775177,5
871,877,-0.010986719032910555,6,27.915027820194616,27.63624828055845,6
880,882,-0.004370640450819986,2,27.281261686734815,27.1893063625441,2
884,885,-0.002509293728623835,1,27.142101525782856,27.10113612216832,1
886,887,-0.0002740566498728174,1,27.179888613559132,27.199619672955343,1
888,890,-0.008335619877928475,2,27.322764464429675,27.122335050304446,2
893,894,-0.00022198841159408315,1,26.962656310479705,26.983633569543464,1
898,900,-0.0026646284885103663,2,27.33103065970562,27.285534647449122,2
905,906,-0.0032371408832513535,1,27.616330631242768,27.554549008942228,1
907,909,0.001850959340223494,2,27.651853714831297,27.73068802545409,2
911,912,-0.001899620687623956,1,27.906050354173175,27.880945493964685,1
916,918,-0.006742070314833506,2,27.517308933301553,27.35930261053154,2
920,921,0.0004605206032971456,1,27.247678488120762,27.28747428394468,1
923,924,-0.005672379781391865,1,27.23110872834189,27.103874646494702,1
929,932,-0.0004367620900882556,3,27.21166887389081,27.226995517392552,3
933,940,-0.013028708091854642,7,27.37632027989629,27.047018514620298,7
945,953,0.002649442358926828,8,26.54241657595775,26.63928159531833,8
957,959,-0.0004062110161518175,2,26.76922047670692,26.78511574493219,2
965,970,-0.005939791543523333,5,26.484644182887212,26.35381556151936,5
971,972,-0.0037337151385767073,1,26.30290438846883,26.230999740553536,1
973,976,-0.0050682008418806495,3,26.224884704415704,26.118196606382977,3
977,978,-0.0006214485849408855,1,26.155521242595725,26.16542245217372,1
979,980,0.0009290678228705829,1,26.04350632344495,26.093746013488236,1
981,984,-0.01621877645383532,3,26.153352895391876,25.75533086415864,3
985,987,0.004148715314059271,2,25.810265511742394,25.943155221042637,2
991,993,-0.0003396418670888954,2,26.316788467894565,26.33416697319144,2
997,1005,-0.013163606863198871,8,26.318480046192867,25.998352401674033,8
1006,1008,-0.005466006780126384,2,26.14025660524794,26.02351404201466,2
1011,1013,0.009857672043820355,2,26.235666225718273,26.520524485448256,2
1015,1017,0.0010502879459172694,2,26.836319973449566,26.89134215680391,2
1019,1020,0.003628456288266178,1,27.19982303932874,27.32571623131485,1
1021,1023,0.002381451497684692,2,27.49650248814311,27.589480577662734,2
1027,1028,-0.00012628306602341757,1,27.560587737862523,27.58466789007944,1
1029,1033,0.01680631868724764,4,27.63432381678257,28.126389393370797,4
1039,1042,-0.0025348787052104733,3,28.507607014420923,28.46385129547798,3
1044,1046,-0.005208968652643755,2,28.424132996365458,28.30449671160518,2
1048,1049,-0.003179602887317166,1,28.08531535173993,28.024100517308064,1
1054,1056,0.007601573101437108,2,27.855321069309436,28.094920649751103,2
1058,1059,0.0015997642531411713,1,28.303121174012464,28.376702616692985,1
1060,1068,0.021813451264563574,8,28.680210682198688,29.334505270854443,8
1072,1079,0.00919703072477479,7,28.762732959896503,29.05602743161706,7
1082,1087,-0.027230845037435298,5,29.14775721898825,28.383186916188183,5
1088,1096,-0.018686519200357805,8,28.513308673089238,28.009007491776917,8
1097,1099,-0.006013156057986214,2,27.941762515407106,27.80168609938218,2
1101,1102,0.0015584886354095715,1,27.807544540176178,27.878689826860864,1
1104,1106,0.0006418749177860615,2,27.969686736966263,28.01560946407802,2
1107,1109,0.005358619901639584,2,28.019906155433883,28.1980740883559,2
1110,1126,-0.026385887353270347,16,28.229532817903458,27.512901077752712,16
1130,1133,-0.002680938083002032,3,27.615163018930538,27.56874363974371,3
1139,1141,-0.0013921744269037378,2,27.875917746193338,27.86498552412681,2
1143,1144,-0.0011637159605839519,1,28.16223493738547,28.157624330040505,1
1146,1147,-0.0007945078264773299,1,28.258119476872118,28.263926299263083,1
1149,1150,-0.0007892574585176254,1,28.470357190426974,28.476357105858195,1
1153,1154,-0.0001366355093770299,1,28.70143053679333,28.726210332748877,1
1155,1159,-0.009162527622822915,4,28.61770727142905,28.38411444532415,4
1161,1163,-0.0035380854265537843,2,28.236242558988923,28.164576563249316,2
1165,1172,-0.01332634183547014,7,28.011918535008416,27.66663405167856,7
1173,1176,-0.021343784579030287,3,27.714530113660665,27.150711683319305,3
1178,1180,-0.004772289356223253,2,26.931901867612332,26.83030694085429,2
1184,1193,0.01556901392226278,9,26.700543283067862,27.142944956456994,9
1195,1199,-0.00816862064520668,4,27.035086975126596,26.841282692491745,4
1201,1204,0.0035218112139166506,3,26.87686420250844,26.998396308454257,3
1207,1211,0.019842747093827693,4,27.026966809210005,27.590283043127645,4
1212,1214,-0.004853408366857197,2,27.661882280945566,27.55528975232115,2
1216,1220,0.009850369205245485,4,27.466767787149028,27.764792358514338,4
1221,1224,0.0026108217963343805,3,27.946639642870572,28.04754997842735,3
1231,1233,-0.002039302464840728,2,27.71129756920659,27.682497149338978,2
1235,1239,-0.012468628167772382,4,27.725775311930597,27.407798704214862,4
1241,1243,0.0022862637617327175,2,27.496622117972475,27.586983270808826,2
1247,1249,-0.01640522705140855,2,27.356929648421,26.935489935757666,2
1250,1252,-0.005832599103631102,2,26.800861299489064,26.67134348119661,2
1253,1257,-0.009876479691531985,4,26.563786126956956,26.327993218870823,4
1258,1259,0.00261638229214368,1,26.27538834267752,26.370410191799177,1
1260,1262,0.007806991847615334,2,26.42228199208555,26.654982814185242,2
1264,1265,-0.0003023603750543168,1,26.88608580720474,26.904842606023536,1
1267,1269,-0.0003197910235852561,2,27.043340119321126,27.061735242022525,2
1271,1278,-0.016784861489727573,7,26.94226245702601,26.51698257592197,7
1280,1281,-0.00431079723965993,1,26.60795010692127,26.519856579154265,1
1286,1288,0.0029091078230443195,2,26.001183222686482,26.102824651430694,2
1290,1292,-0.0003151620426645372,2,26.138869936594396,26.15677082688883,2
1296,1297,0.002735556297228806,1,25.937276896901533,26.03416705494672,1
1303,1308,-0.001025969645527302,5,25.4965371575244,25.495875021492246,5
1310,1315,0.027458582776037067,5,25.70603382524371,26.437591116703018,5
1319,1321,-0.0031166769932412528,2,25.767656104987484,25.713114300140305,2
1322,1323,-0.0023072518383518135,1,25.61979376199267,25.586302239499112,1
1324,1325,-0.009862003642752675,1,25.539596562104574,25.31326456433677,1
1326,1327,0.0016776208121812154,1,25.29612267740699,25.363856101955506,1
1329,1332,0.01878600027964104,3,25.345133132163028,25.846611943403545,3
1334,1339,0.006018288794899467,5,25.953614657352166,26.135764620289,5
1340,1342,0.005070360250148037,2,26.223861111538298,26.383049395635183,2
1343,1345,-0.0006617627328686856,2,26.424479735291662,26.433417479102694,2
1347,1356,-0.03254295221770446,9,26.461052330567444,25.626392621274178,9
1357,1360,0.0007361458701576511,3,25.750346836019144,25.795053194333626,3
1365,1367,0.004929452335618858,2,25.832445456262075,25.985617710307455,2
1371,1378,0.012122959433972944,7,26.252338106556284,26.596846474575564,7
1382,1386,-0.004082838599597037,4,26.657141779076603,26.574962113445135,4
1389,1392,0.007326153504787635,3,26.592490631410993,26.813903790482748,3
1398,1399,-0.00036688976834802747,1,27.307328302100082,27.32461685104722,1
1401,1403,0.003516484448341366,2,27.359495267913445,27.483064002805445,2
1406,1409,-0.008526215312269523,3,27.3823311525912,27.176245832584932,3
1411,1415,-0.004609214098854578,4,27.139547153488888,27.041594717265987,4
1428,1429,-0.0038877907097163962,1,27.873068031754205,27.79257644484081,1
1430,1431,0.0026312294096475014,1,27.813958416123477,27.914957279922817,1
1432,1435,-0.00560581718588237,3,28.05445732805504,27.92524362635288,3
1438,1443,0.0044376435364248,5,27.88724965822339,28.038890581076092,5
1444,1448,-0.017340389298448177,4,28.07772352979409,27.618922596703054,4
1449,1452,0.0004788861391153553,3,27.608930798781,27.649761263855112,3
1455,1456,-0.005465919200200807,1,27.9978189636181,27.872782966344733,1
1459,1461,-0.0038782411312344753,2,27.482153059434967,27.40305279612442,2
1465,1470,0.002471709186817713,5,26.953670550735534,27.04724585640498,5
1472,1473,-0.0028977672909666057,1,27.07116434365492,27.01978957343515,1
1475,1476,-0.010633230942473617,1,26.808903160714006,26.550646805252438,1
1477,1479,-0.0047335203258498295,2,26.50232616692636,26.403379193499838,2
1480,1487,-0.016011294866542312,7,26.435301742551225,26.03847363320777,7
1490,1494,-0.02075473078902485,4,26.047246451297916,25.532690109857143,4
1495,1499,0.010592098060327581,4,25.34145262158193,25.635213225362453,4
1506,1507,0.002266849221660929,1,25.557639049216686,25.64113200245211,1
1509,1514,-0.007853522538715631,5,25.880765079434102,25.703390672642996,5
1516,1517,-0.00650963339127341,1,25.839013217812564,25.69664972779015,1
1518,1519,-0.0014673182548968784,1,25.708640944502726,25.69662682728077,1
1520,1521,-0.0034377093879219773,1,25.764980192476138,25.702172658381315,1
1525,1533,-0.02344133738269847,8,25.93496067901782,25.352945476412962,8
1537,1544,0.017697829514429032,7,25.271743800375,25.74427055748674,7
1545,1549,-0.003461136121459187,4,25.72097440750097,25.657671588307544,4
1550,1551,0.0014857725654623933,1,25.7000930707492,25.7639776570343,1
1555,1559,-0.007175762768847371,4,25.846810120911247,25.687186353273056,4
1561,1564,0.004318363019572394,3,25.71358237094588,25.850336536528246,3
1566,1569,0.00358357772220951,3,26.047215352654668,26.16660478867069,3
1570,1572,0.0013053970929241365,2,26.284086715376684,26.34468197248048,2
1574,1575,-0.002460122779650965,1,26.437823544978983,26.399221076576566,1
1578,1579,-0.0058817244738770015,1,26.458952430539473,26.32978711490616,1
1591,1593,0.00206446174128797,2,26.370618702386786,26.451430454494343,2
1600,1601,0.0007083140371496454,1,26.00855312530602,26.05298390169593,1
1602,1611,-0.029974206470012234,9,26.131101991535882,25.373974047144173,9
1613,1615,-0.0006905141109694514,2,25.307827316201564,25.31565973163795,2
1617,1623,-0.0008543895553716466,6,25.518622094531295,25.522337872440783,6
1624,1626,-0.008545065079012187,2,25.44701296415985,25.255013595278797,2
1631,1632,-0.007429310271437357,1,24.87137892983923,24.711473117820805,1
1634,1635,-0.011991367122079537,1,24.21327976711668,23.94714271996668,1
1638,1639,-0.010382408756194214,1,23.794363298124892,23.5711148555685,1
1641,1643,-0.01613268525018136,2,23.30475504960793,22.95209152660964,2
1644,1646,-0.03313569674888637,2,22.64535313552663,21.917628934391903,2
1651,1658,0.046011815844842395,7,23.928019682734707,25.052919337591195,7
1661,1666,0.044329531757773835,5,26.60396550955554,27.809910809003657,5
1667,1672,-0.01840633461284429,5,27.587092907476762,27.1069027373336,5
1674,1677,-0.026456620503498837,3,26.80103811968932,26.118774263176583,3
1678,1683,0.018575479368354113,5,25.816634659545763,26.322007658684036,5
1684,1690,0.018594326069638442,6,26.437154917676626,26.955173151487127,6
1694,1701,0.002134757028317917,7,27.73174479076398,27.818677072654346,7
1706,1708,0.026946164722125153,2,28.94490093752733,29.753799906993063,2
1709,1714,0.015491351300973979,5,30.089545507917368,30.585762773375077,5
1723,1724,-0.0047563557653433255,1,32.39268874983443,32.271010286694015,1
1725,1728,-0.01752818111566444,3,32.41572674512219,31.879953742482925,3
1729,1741,-0.029062439968842304,12,31.897000955226858,31.0018932807347,12
1742,1747,-0.0264977141935342,5,31.169761044116473,30.375003385532835,5
1750,1765,0.018937232922936798,15,30.27382550093693,30.877401811417453,15
1768,1769,0.006150355531269838,1,30.37965247370313,30.596877789806527,1
1771,1774,0.04543112769646633,3,32.581718842538216,34.09452479068647,3
1776,1779,0.0023833023929393598,3,33.51989455920728,33.63330249868052,3
1780,1781,-0.0005922652338451735,1,33.51367695575245,33.527341646988994,1
1785,1786,-0.02578018815125516,1,32.675490462964866,31.865785661358053,1
1787,1789,-0.0033158050635357646,2,31.915966409770913,31.84205525315153,2
1790,1796,0.06154567393477822,6,31.15497518174208,33.10358410090543,6
1797,1798,0.019233466695575088,1,34.05165175034927,34.740634711969285,1
1804,1805,-0.012973842712585826,1,35.32908587366792,34.906060956237184,1
1807,1810,-0.024790724060442054,3,34.4295706214879,33.61046620731258,3
1812,1815,0.007254490303586432,3,33.242388071425374,33.51678704142901,3
1816,1817,-0.013507174645460703,1,33.3688234123797,32.95147371024753,1
1821,1824,-0.028139806293633836,3,31.851654079361122,30.98720635751543,3
1827,1829,0.024035487232578447,2,29.937505707000227,30.687005748903076,2
1830,1833,0.0293977608929504,3,30.601145387459816,31.53135168799823,3
1835,1836,-0.007994084917353528,1,31.795945016536013,31.573561477062857,1
1838,1839,-0.015300697727628234,1,30.872845772090553,30.4313425367122,1
1844,1845,0.001669936203675713,1,29.861283938871583,29.941011661948217,1
1846,1848,-0.002721479130152655,2,30.19274438304206,30.14076820370462,2
1850,1851,0.0005968622875282216,1,30.423864706574953,30.472447428765744,1
1852,1855,0.018222273966362206,3,30.337636223781075,30.92079457876643,3
1861,1862,-0.008836697031226786,1,30.999506267927522,30.75657252918816,1
1864,1865,-0.0013839842355522452,1,30.81557165853485,30.803738964808442,1
1869,1878,-0.024479196501764305,9,30.45224089755066,29.737246749598004,9
1880,1883,0.014943738042818292,3,30.01419494031242,30.492733402006845,3
1887,1890,0.020000355586022357,3,30.63034129322486,31.273589352103805,3
1892,1893,0.0020012957233090842,1,31.704687327580448,31.799842470065567,1
1896,1898,-0.010754336738959234,2,32.030390359786125,31.717955146336458,2
1904,1905,-0.0053548105911400525,1,31.94664014787178,31.807518581004487,1
1906,1909,-0.00627188608944496,3,31.864192257035434,31.69620786512417,3
1910,1911,-0.004979828430762611,1,31.628728689368458,31.502851775701632,1
1912,1918,0.005876271479947447,6,31.18740597443804,31.40185904467361,6
1925,1928,-0.0060593709230006,3,32.710661594918506,32.54516622477306,3
1934,1936,-0.005490577664207837,2,32.44557874217997,32.29987935097804,2
1937,1945,-0.01957034697653761,8,32.06634536049835,31.47086220088441,8
1952,1954,-0.0019041612263489278,2,30.807154040724612,30.77929940654683,2
1956,1961,0.043447766410119146,5,30.65943034570461,32.02217354397781,5
1962,1964,0.021856004885377974,2,32.380256678268125,33.120339983096414,2
1966,1968,0.01875615471032689,2,33.490257733949825,34.15189644703046,2
1969,1970,-0.006991316721773517,1,34.441296908968305,34.234948190878036,1
1971,1973,-0.0004954197592938178,2,34.21004763750434,34.22730935157584,2
1976,1977,-0.00352812025815458,1,33.847144045986376,33.76157439544304,1
1982,1983,-0.00812985798335265,1,33.528777383755816,33.28972196265419,1
1986,1988,0.004790717644895324,2,33.2092600179587,33.40156546591861,2
1991,1992,-0.0006275555995583981,1,33.30836668911877,33.32077220377999,1
1994,1998,0.0013690323739834862,4,33.67386590148122,33.75364037995901,4
673,675,0.00011621290249322694,2,27.019615799365386,27.049775443141048,2
676,678,-0.011371172076133501,2,27.015830627086153,26.735644798872965,2
679,681,-0.01445799301394603,2,26.637811793225584,26.279320308205545,2
684,686,-0.006622145558031014,2,26.21258548154513,26.065214510515553,2
687,692,0.016974937164432373,5,26.080938101078065,26.549741324634393,5
693,695,0.004200427160983855,2,26.70820076092152,26.847094813579627,2
702,706,0.018964850357610044,4,27.02024610454158,27.55970127464455,4
710,712,-0.013975845340503692,2,27.66084864944523,27.30192575538295,2
714,715,-0.009512385350438284,1,27.446196152269426,27.212563554217592,1
717,719,-0.012538153203002621,2,26.93755462636746,26.62674499417418,2
721,722,0.002805349665392269,1,26.74276350122118,26.844529067362217,1
723,724,-0.009947933131691535,1,26.819011364249896,26.579036643904512,1
730,735,0.009323471266353252,5,26.018114694294248,26.286711953745478,5
740,742,-0.010590854952026892,2,26.38383074494344,26.13078725118986,2
743,753,-0.0041466587017291385,10,26.303317675292593,26.220550111845288,10
757,759,0.0035788944692085687,2,26.327091385126568,26.447640358260273,2
761,762,0.0032113925622003206,1,26.698770454855552,26.811209458169024,1
765,768,-0.0013468987199562567,3,26.948253053303034,26.938904738813786,3
770,774,0.004973986090939172,4,27.018491342840537,27.179899434320827,4
776,777,-0.002649694825640843,1,27.19971732483418,27.154846091904506,1
783,785,0.004420142675612824,2,27.8211094207971,27.971903803251656,2
787,792,-0.015138325790418232,5,28.196343339323043,27.797694251093205,5
793,795,-0.0021551153263515664,2,27.717817708741066,27.68580043269268,2
800,803,0.003824100248104041,3,28.109934725630556,28.24553986871466,3
804,805,0.0035462176595589872,1,28.356071018591347,28.484983889411776,1
807,808,-0.0037814612866165164,1,28.585751748298495,28.506241586461773,1
809,815,-0.0014561251265765237,6,28.624526466526838,28.6114701007691,6
817,818,-0.0029500271062835245,1,28.459600674436235,28.40410368168708,1
836,844,0.008719556877232842,8,28.385631775647568,28.661527538187162,8
846,847,-0.0007283531561366174,1,28.57949836586894,28.587261896399227,1
848,850,-0.010197999242497976,2,28.561166634283328,28.29846104521633,2
851,852,-0.003927504889508573,1,28.227117860152628,28.144482834600296,1
856,857,-0.006770958408176746,1,28.181597521080132,28.01896269391,1
863,864,0.0037105980611183116,1,27.793258404155736,27.924181273306512,1
868,871,0.009900269401349051,3,27.59973493059803,27.90057947674737,3
875,878,-0.01178212643625352,3,27.826349964168486,27.526322740595383,3
883,885,-0.004666093346428894,2,27.201465624581843,27.10174251244245,2
886,892,-0.005023111250673825,6,27.15130271260261,27.04207000118909,6
893,898,0.011943138099236823,5,27.016218259586374,27.365892903439324,5
899,900,-0.0016902834294856058,1,27.29944852464156,27.280604167690903,1
903,904,0.0022121811527244925,1,27.492599850870683,27.580911061951046,1
906,908,-0.00022899536166316866,2,27.625562614627736,27.64686205154028,2
909,916,-0.010838164770578803,7,27.773328230475517,27.50008965111673,7
917,918,-0.0024541035258858895,1,27.33707251269978,27.297321579171665,1
921,922,-0.00391935964400923,1,27.361212613430776,27.28133539351597,1
925,927,-0.0003016717109083566,2,27.048003632920533,27.066892019020855,2
929,931,0.0024957288898214427,2,27.21209409911016,27.30722020260496,2
932,934,0.002735134486784639,2,27.234343943610863,27.3360678808996,2
937,943,-0.02148995945261203,6,27.24460218254817,26.686361388525214,6
948,952,0.005433085664304055,4,26.452560070038476,26.622731655009183,4
953,954,-0.0014199322677198088,1,26.64035829837591,26.629171152302806,1
955,958,0.0042805320783136,3,26.662661310670487,26.803454349014693,3
960,961,-0.005630640239090149,1,26.869688961035305,26.7452650981205,1
962,963,-0.00366306922290238,1,26.668079753012396,26.597060810588243,1
966,967,0.001406029684156445,1,26.41500109718129,26.478556373928132,1
968,970,-0.006326904451906656,2,26.469859356749048,26.328856945100238,2
971,975,-0.007898424139638538,4,26.33687081376597,26.155187908381745,4
976,977,0.0005356609632608076,1,26.16406787223034,26.20424700990183,1
983,987,0.0004715178405984325,4,25.899347221992407,25.937458573489423,4
991,993,0.00012619906056420753,2,26.33085791897963,26.360511706431833,2
994,1002,-0.012942585013826873,8,26.338683524165283,26.024131557025658,8
1004,1009,0.0023246860226122513,5,25.997979383716707,26.08441450238991,5
1012,1015,0.012465290573551977,3,26.41361142548092,26.769278378421912,3
1018,1024,0.025105672950342283,6,27.053868269765186,27.76012770685732,6
1027,1032,0.014040535640341432,5,27.50802295801571,27.921758357711077,5
1033,1043,0.008758348781330697,10,28.11867621980786,28.393068069630054,10
1045,1053,-0.02487521169228217,8,28.432010648378434,27.753190375311178,8
1056,1058,0.004203550327729304,2,28.14643565503269,28.292897049509847,2
1062,1066,-0.004291299871412391,4,29.458978819072712,29.362020485873558,4
1069,1073,-0.02111141130984238,4,29.326426724081255,28.736630893985303,4
1075,1082,0.018804565242849687,7,28.656957696486117,29.22449628484776,7
1085,1089,-0.010352504362168793,4,28.685030150281527,28.416753280672076,4
1090,1091,-0.002622816980934286,1,28.513003729185634,28.46673234255647,1
1096,1100,-0.008230503786944069,4,28.04240950917036,27.839648761019266,4
1107,1117,-0.03212870222740407,10,27.9911326146829,27.119804982512658,10
1122,1124,-2.575222852511049e-05,2,27.461493960668086,27.48824825996064,2
1129,1130,0.00045393748125011936,1,27.633143958267187,27.673320821992892,1
1132,1136,-0.0013406918720785658,4,27.582339762176446,27.572942683206563,4
1137,1147,0.017682148136779315,10,27.78640877161278,28.305518576473155,10
1150,1153,0.0034108060896917546,3,28.47042638368106,28.59600391375032,3
1158,1159,-0.005490035353054844,1,28.49457471506694,28.366633067226026,1
1166,1173,-0.015585243682310575,7,28.013769193138163,27.605181542996238,7
1177,1183,-0.017148664673622114,6,27.066859291305484,26.62976565684208,6
1185,1186,-0.0019188273984653737,1,26.708052813378405,26.683512722693813,1
1188,1190,0.00446296095221654,2,26.842545933727223,26.989185714021254,2
1199,1200,0.0009596129707387028,1,26.856507774062543,26.90913613504534,1
1202,1203,0.0004409088629971612,1,26.910943995357748,26.94972021307228,1
1206,1212,0.024073227624443166,6,26.966386179578187,27.64252051846739,6
1213,1215,-0.010004745467871438,2,27.699323921584206,27.449898560038218,2
1218,1219,0.004241226818947451,1,27.589089018386197,27.73368969165969,1
1221,1223,0.0006667982631608372,2,27.965465285025104,28.01207807399067,2
1225,1229,-0.014780402185708509,4,27.931548896127932,27.546640918669507,4
1237,1238,-0.0033277093365316045,1,27.565506686922657,27.501342199641282,1
1239,1242,-0.0005745516026267623,3,27.487617233820185,27.499311796519923,3
1244,1249,-0.02458657322737334,5,27.554420727771152,26.904506365537724,5
1252,1253,-0.006940322341950293,1,26.718515249086963,26.55979865600907,1
1254,1262,0.0009424993988640391,8,26.654422347442235,26.70619854682921,8
1265,1267,-0.0009648557004774424,2,26.954269881425084,26.95521717035921,2
1270,1271,-0.008689498060116933,1,27.14568482391924,26.936948133125167,1
1272,1275,-0.014962167678320992,3,26.966998108236933,26.590480358868763,3
1276,1278,-0.0029484164485223396,2,26.56374759595537,26.511990353205015,2
1284,1291,-0.0014805677923554346,7,26.153705487610637,26.14113685910254,7
1300,1304,-0.03198115547264261,4,25.935574609680643,25.132060540425805,4
1306,1307,0.005292744844332517,1,25.21211741071088,25.37077083256184,1
1312,1317,0.015884337323541362,5,25.92161504556858,26.359284337968944,5
1324,1327,-0.008981931482949995,3,25.558592543259852,25.354585608778915,3
1332,1334,-0.00028958051267499556,2,25.903359676425126,25.921761927926447,2
1335,1336,0.0038438860382902706,1,25.989029018926445,26.114916913739943,1
1338,1341,0.003328558205436532,3,26.21884275389728,26.332332540836713,3
1344,1351,-0.014346275174600825,7,26.459869308415826,26.106728611541733,7
1353,1355,-0.008873554509918086,2,25.849290671076105,25.64576487193467,2
1358,1359,0.0012238150782952072,1,25.71104595985633,25.7682225715406,1
1366,1369,0.007048375514138995,3,25.8817624247851,26.090068567747505,3
1371,1372,0.001349521545919088,1,26.236035964068872,26.29767809584596,1
1374,1379,-0.005718423848383853,5,26.6523832063744,26.526625965837177,5
1380,1384,0.0012275438252074278,4,26.55451931232701,26.613670667852535,4
1388,1390,0.004369169951225388,2,26.45563601651847,26.597680822458916,2
1393,1397,0.009085597510034401,4,27.003473242491488,27.27581940498824,4
1398,1401,-0.0030449597543717125,3,27.357655155738865,27.3017098519714,3
1403,1411,-0.015886102279960138,8,27.518625924462885,27.108980844347368,8
1414,1415,-4.479496715663399e-05,1,26.987317300480285,27.013095721788645,1
1416,1418,-8.325060939396367e-05,2,27.105336496874063,27.130185297589744,2
1422,1423,0.003492430121703009,1,27.084058022202505,27.2057312602794,1
1428,1432,0.004654778200710017,4,27.88122489352449,28.038887036261485,4
1437,1440,0.0061220430956211375,3,27.803418367162823,28.00143551097934,3
1441,1442,0.0008293538437541101,1,27.997083186668064,28.0482997584095,1
1443,1444,-0.002208581959289147,1,28.05739340191042,28.023483742420193,1
1446,1447,-0.0056174600568161155,1,27.780562783768737,27.652287144758812,1
1448,1450,-0.004405870632331294,2,27.63188180676717,27.53777119200545,2
1460,1465,-0.020736318637696784,5,27.45387391434197,26.912035510929364,5
1469,1470,-0.0006932973522334132,1,27.021789552665524,27.030077207068718,1
1473,1475,-0.008340594131669012,2,26.98706524313796,26.78896415038321,2
1476,1477,-0.0077978589954406236,1,26.602743591295592,26.421901891470103,1
1480,1481,0.00013608445227002337,1,26.371821065876055,26.401781681767044,1
1483,1484,-0.0008365259628812232,1,25.892991214921228,25.897224046728212,1
1487,1489,-0.0016475576262103232,2,26.06089552679536,26.044019595151113,2
1490,1498,-0.018424818968335217,8,25.975842793222462,25.523218435000626,8
1500,1501,-0.0034652933585945225,1,25.696806692430055,25.63345652555412,1
1502,1508,-0.003867384730811526,6,25.789747959086437,25.715798829577075,6
1509,1510,-0.0016645704001019418,1,25.826247400903615,25.809084041335264,1
1512,1513,-0.0024841174834758675,1,25.707906470100696,25.669752916644857,1
1514,1517,-0.00447022001156906,3,25.76516843213245,25.675757629037818,3
1519,1520,0.0004948370903087305,1,25.69424043539665,25.732649139006792,1
1521,1522,-0.000998764857821726,1,25.742707298181916,25.742739094085483,1
1523,1529,-0.011701268470317282,6,25.8815605344916,25.60459500678124,6
1531,1534,-0.0026311386046726465,3,25.41017178293672,25.36872427079021,3
1536,1539,0.0019371599549051007,3,25.310645476710665,25.38498689103766,3
1541,1544,0.0059219159170818365,3,25.573991948667697,25.751012970600502,3
1545,1547,-0.005878193433466964,2,25.807127054003733,25.681234896272244,2
1548,1551,0.00206366216760239,3,25.712188939820088,25.79096240032126,3
1554,1555,-0.005652932749865311,1,25.916108526430662,25.79552261631897,1
1560,1561,-0.00011951917841303056,1,25.701471828321115,25.72410148135251,1
1562,1565,0.00449615577153182,3,25.793694537969756,25.935460701073747,3
1568,1570,0.0022679414990222435,2,26.218735529988646,26.304416823878984,2
1573,1576,0.0025863228415433826,3,26.359238386351088,26.453771125061746,3
1577,1582,-0.02492779884885248,5,26.512183441850343,25.87780524940987,5
1584,1586,0.002407708043809048,2,25.89235685142671,25.980590444142493,2
1588,1590,0.004409465627581721,2,26.136801793280387,26.278187924196054,2
1591,1592,0.0001251065970531355,1,26.36849338357583,26.398160749436045,1
1597,1598,-0.004718721468444971,1,26.14111322715518,26.043901708188308,1
1599,1605,0.0031353073845932266,6,26.04155967352106,26.149249527545297,6
1606,1609,-0.02101822916495303,3,26.101379243554536,25.578875852335713,3
1613,1621,0.010960958349165446,8,25.285074422576358,25.587508144600342,8
1622,1624,-0.007666002044520958,2,25.579458946871604,25.408946221234018,2
1625,1626,-0.005563947939404908,1,25.357055622904408,25.241327341144878,1
1631,1639,-0.05416330135365057,8,24.900843324652207,23.577032287023684,8
1640,1642,-0.011376749254807646,2,23.40391047973853,23.16105396910832,2
1643,1651,0.043914861753143956,8,22.909198180505104,23.938161649657868,8
1652,1656,0.01699329528554141,4,24.191701765462494,24.626990198788214,4
1659,1661,0.043894057471624004,2,25.448529233799604,26.591016967790107,2
1668,1672,-0.01350014869380221,4,27.371644427391477,27.0294948020552,4
1674,1675,-0.007851083398516884,1,26.803128683337913,26.619498213387185,1
1676,1680,-0.02276667760700655,4,26.488949449754433,25.912373026933334,4
1685,1692,0.028275461624295506,7,26.517057300578415,27.293356393970743,7
1693,1695,0.012380996520362637,2,27.53007379690696,27.8984536185887,2
1696,1698,-0.0014337415509080888,2,27.9481663485726,27.93604406755553,2
1700,1701,-0.00033536335169995907,1,27.76854171382565,27.786997704318505,1
1702,1712,0.104912672785457,10,27.65716524528536,30.58640953808258,10
1713,1715,0.006241353280173561,2,30.672414739748323,30.894524530834843,2
1717,1719,0.0025680912455990374,2,30.336721563072494,30.44496575370187,2
1720,1721,0.01635381912664761,1,30.803914228739345,31.338479784657654,1
1728,1729,-0.0022841532142833508,1,31.917327816622596,31.876341077515544,1
1730,1738,-0.021358431649143514,8,31.93853277514365,31.288314338666957,8
1742,1745,-0.012921093506321063,3,31.19352610090256,30.821665159461833,3
1752,1753,-0.002769029799101032,1,30.482877751889752,30.428952632784306,1
1755,1757,-0.003368650458414258,2,30.486753660796715,30.414541197762507,2
1760,1761,0.004559344994101836,1,31.052009218499816,31.224638050505487,1
1762,1765,-0.02045730187144989,3,31.509040233882892,30.895959326372573,3
1770,1771,0.03464791419622875,1,31.4001178574586,32.519466564592754,1
1774,1776,-0.017474863629558426,2,34.07536591684596,33.51397891023862,2
1778,1780,-0.005931733763141781,2,33.69165963722119,33.52550134185203,2
1781,1789,-0.050568641240047306,8,33.48474221802983,31.824949044008843,8
1790,1794,0.04324259116684755,4,31.158148343823537,32.53666556251531,4
1798,1799,0.005797052719960895,1,34.79372909648276,35.03022390747559,1
1802,1803,0.0029636493892739616,1,34.976249810116165,35.114883401315126,1
1805,1807,-0.015800877599499875,2,34.90550782798778,34.38887567907735,2
1808,1814,-0.029357168863922728,6,34.27787705337562,33.305853505476264,6
1816,1823,-0.06141882184821031,7,33.31893496352136,31.305844167788255,7
1824,1828,-0.017748644882826316,4,30.98661463784101,30.467630833150825,4
1830,1833,0.02794509861595742,3,30.606764124236957,31.492679930128343,3
1835,1837,-0.01839782939706823,2,31.814371473436648,31.260870466166843,2
1841,1843,-0.00527023590404261,2,29.947559185401058,29.819676042929117,2
1850,1855,0.013759124287953263,5,30.45071519091712,30.90014108107693,5
1856,1857,-0.0068187626867374325,1,31.12631602887081,30.94519938258642,1
1858,1859,-0.0049429031556270766,1,30.813621531358432,30.69212640578614,1
1863,1867,-0.010673865222318897,4,30.80476728565038,30.5067661187241,4
1870,1871,-0.008416398337452124,1,30.351641275452785,30.126541413558574,1
1874,1876,-0.007201357807787922,2,29.722309722606237,29.537991045142462,2
1877,1879,0.003817191017328068,2,29.725677921732853,29.86887219040141,2
1880,1882,0.01493812205740086,2,30.03322854173648,30.511901804012492,2
1883,1889,0.01964258674222407,6,30.55404650236536,31.184761057616385,6
1890,1891,-0.003244366280656991,1,31.310458609138568,31.24018647160431,1
1893,1895,0.005615944712473935,2,31.815601341065264,32.02609160053186,2
1897,1905,-0.004257791931172698,8,31.920297290964672,31.816307604009534,8
1908,1909,-0.010309705221232122,1,31.979953532235548,31.682229591861734,1
1911,1913,-0.01600395054642849,2,31.52408017476243,31.05109443479865,2
1914,1915,0.001218275009776768,1,31.312091213013655,31.381550042455334,1
1916,1917,-0.004421570421811934,1,31.552119311988648,31.444161513805266,1
1922,1924,-0.0019160425645849887,2,33.058211662891935,33.027928933899666,2
1934,1935,-0.00357227531860872,1,32.47198023210241,32.38845335880502,1
1939,1941,-0.002629691894855787,2,31.698370174909893,31.646711597955704,2
1943,1945,-0.0011853786641805458,2,31.48732361932224,31.48148654133107,2
1947,1951,-0.014080092737267954,4,31.300328146940632,30.89091695207173,4
1956,1958,0.006335878671962177,2,30.693384809688283,30.918547756684003,2
1969,1970,-0.0068461903615002085,1,34.41197105370545,34.21079212021105,1
1972,1982,-0.019782123322902963,10,34.171429290049716,33.52961729100414,10
1983,1985,-0.010561854970174742,2,33.409333707623844,33.089878504061375,2
1986,1993,0.003695001433549369,7,33.246093734280926,33.40218419202329,7
1998,2000,-0.019863705236829378,2,33.83057533659361,33.19240533545176,2
674,676,-0.005679179379076519,2,27.124624862509027,26.99770387718719,2
677,678,-0.005917771167037724,1,26.83390683487216,26.70194382154065,1
680,683,-0.007916712743763925,3,26.444969679683272,26.262057420891356,3
684,685,-9.971899879964244e-05,1,26.159744247344502,26.183295368086647,1
687,688,5.121106468059054e-06,1,26.165172884077272,26.191472051597444,1
689,691,0.005100330709944281,2,26.338942031907322,26.49961828885201,2
696,699,0.0021293905409923725,3,26.99335968322548,27.077832447687772,3
700,703,0.004092819053240373,3,26.98931421084884,27.12676590449574,3
716,717,-0.007485693240633776,1,27.07461813156054,26.89902046375194,1
720,724,-0.0028977764937879345,4,26.614590546661017,26.564082002329773,4
727,738,0.007812665308804596,11,26.35557809103496,26.587840979771315,11
739,740,-0.005691950740382075,1,26.521702347768468,26.397263826801662,1
742,745,0.0007780264450951244,3,26.238950045487165,26.28560359255957,3
749,751,-0.004365673018906711,2,26.362692629385684,26.27396442609723,2
752,753,-0.006164081222026137,1,26.318788506462102,26.182876144949404,1
754,763,0.023974876591778764,9,26.201029131594694,26.855396600733872,9
764,767,-0.0022076915844917574,3,26.971795206735084,26.939221596645275,3
768,770,-0.002627145373694066,2,27.015032658150563,26.97107527274066,2
773,777,-0.0019331921324089692,4,27.22420803923596,27.19880262248268,4
780,782,0.0003719502084228701,2,27.716293190608617,27.754318564828182,2
783,787,0.013743465397448706,4,27.786889638201956,28.196564684085512,4
790,792,-0.00825259716371698,2,28.000112919845687,27.79703938029946,2
793,798,0.006317426341734642,5,27.749760076939925,27.95281690230374,5
799,802,0.0008125081685037676,3,28.098207791194717,28.149136022336574,3
805,807,-2.795426708213718e-05,2,28.521007550491582,28.548731274179556,2
812,814,-0.005920713979356296,2,28.661767129850343,28.520730771661434,2
815,818,-0.007596568314625438,3,28.636391141282896,28.44748923083509,3
819,824,0.003396711797614237,5,28.473517898429723,28.59870775049333,5
827,833,-0.02022901794064982,6,28.449212936776078,27.902162510817444,6
835,839,0.01747302753636476,4,28.14330490497176,28.663196951445613,4
845,848,-0.0021296648890716877,3,28.63989687276123,28.60754338683744,3
851,852,-0.005388565328534362,1,28.250176075853123,28.126198332601643,1
861,863,-0.0026511844627313853,2,27.790353156384583,27.744466157038943,2
870,871,0.00634394249983727,1,27.728827502619456,27.9324664173866,1
873,875,-0.005362262286447659,2,27.8879893123195,27.766334588297514,2
883,885,-0.0036373366224822156,2,27.195233202655107,27.1235102181728,2
887,897,0.004248952530175005,10,27.19757489412895,27.340333673684114,10
899,904,0.006409070164641101,5,27.30043001106535,27.50270081254221,5
905,908,0.0012103366163733302,3,27.58050479077193,27.641466990409032,3
910,912,0.0034820410748041316,2,27.86008817094104,27.984958230470863,2
915,917,-0.008973129063968046,2,27.590416784543716,27.37043483059188,2
919,920,-0.0006233549246878032,1,27.324969066782895,27.335260881814957,1
923,924,-0.008098659639457927,1,27.251748051644512,27.058297167645627,1
931,932,-0.005818243573746617,1,27.345655551305367,27.2138975221754,1
935,946,-0.03923538655749217,11,27.37054403470543,26.324020703249605,11
958,961,-0.0017022243623682994,3,26.80184857163362,26.783027660610113,3
965,968,-0.00016303702480925653,3,26.413100736970556,26.435207524347383,3
969,972,-0.012934679682025198,3,26.511588003852438,26.195180693164637,3
973,974,-0.0021117232073032495,1,26.235203981364414,26.206037696249997,1
979,980,0.0010100934497739842,1,26.08341196800869,26.13584206355334,1
986,988,0.004206891356911391,2,25.888708707960372,26.023508401573448,2
989,990,0.0034952976168664916,1,26.14450339469847,26.262030718502817,1
991,992,-0.0004966038603360918,1,26.325540717647282,26.33879289321911,1
996,1002,-0.009438390217965456,6,26.241218240105834,26.019784600801028,6
1004,1007,-0.0001489080807638277,3,25.98526325136502,26.00737909893748,3
1010,1014,0.014558840527820308,4,26.16848306293623,26.57563431776742,4
1016,1017,-0.0027173765808028265,1,26.9150717256994,26.868848411847054,1
1018,1019,0.0031018753037814527,1,26.99984230184096,27.110592288184876,1
1020,1022,0.007858921804375644,2,27.346819446595553,27.589082781671323,2
1024,1025,-0.0007307500392151175,1,27.74767047736829,27.75514153655619,1
1026,1028,-0.0035219984461307163,2,27.661376712952006,27.591614763864104,2
1029,1033,0.014205491333856714,4,27.628844347834843,28.04895450113032,4
1038,1039,4.808898789229461e-05,1,28.36887560606606,28.398608712187663,1
1041,1042,-0.0002773188367433475,1,28.424158662703714,28.44470026675067,1
1045,1047,-0.01244563859463129,2,28.45453066888802,28.128850394472074,2
1048,1050,-0.009327182133924253,2,28.104217525384225,27.870188587318925,2
1051,1062,0.05525331631991986,11,27.834895715427574,29.400700908839504,11
1065,1067,-0.004611829451425792,2,29.41059065948455,29.304364621956797,2
1075,1076,0.0005525736648890776,1,28.65114125301127,28.695624260389714,1
1078,1087,-0.01848312441909608,9,28.936299578435978,28.430402652677945,9
1088,1092,-0.004470740892476039,4,28.44198419891822,28.343269441295877,4
1094,1095,-0.005704156497528739,1,28.133239276417193,28.000896116078504,1
1097,1099,-0.00962887733632762,2,27.953118239084183,27.711914210631264,2
1100,1103,0.004528186203854344,3,27.850041823853434,28.004002040840827,3
1106,1110,0.009058340406045327,4,28.008122018382075,28.289837243777015,4
1114,1118,-0.018756692701092346,4,27.658067301609158,27.166951499828354,4
1126,1127,-0.0032717102457440347,1,27.58455046676399,27.521886360844398,1
1129,1134,-0.005383200061073173,5,27.642051593313347,27.52089095108135,5
1135,1139,0.008591942121326225,4,27.57476532200555,27.83926087498338,4
1140,1146,0.009529087438482662,6,27.916004348302323,28.20993439901866,6
1149,1152,0.0037643500602169058,3,28.49486304694757,28.63062254942117,3
1153,1154,-0.0014878182082698483,1,28.65035039828998,28.636374235692383,1
1156,1157,-0.004727659789386494,1,28.659181170293653,28.552349493048407,1
1165,1169,-0.008005846144740925,4,27.968682313375066,27.772738028216423,4
1171,1176,-0.02059863012644549,5,27.7098823181818,27.166806583780424,5
1179,1180,-0.0020208414182813074,1,26.895132197365164,26.867676532467943,1
1182,1187,0.003968744793001137,5,26.660390554059614,26.792859230804474,5
1188,1192,0.00943617063837144,4,26.81206578243993,27.091881076112713,4
1193,1198,-0.011683581338579427,5,27.110002894724776,26.82037097370986,5
1202,1203,-0.0010690505388305902,1,26.924318054821736,26.922458916152404,1
1204,1207,-0.005252533987024321,3,27.03802138737517,26.923041282483467,3
1209,1210,0.0034392837609165394,1,27.300551114351244,27.421746007577255,1
1211,1217,-0.002299814561607127,6,27.53680194847411,27.501009212321392,6
1220,1223,0.006179638221418536,3,27.817385156197183,28.017103917884537,3
1224,1235,-0.011195066272996778,11,28.001198003321246,27.71572393395408,11
1242,1245,-0.0002872732447046762,3,27.529664229667354,27.549285357928134,3
1250,1251,-0.006442076556694752,1,26.874816955740982,26.728562144420682,1
1252,1260,-0.011891455341904417,8,26.71174039863855,26.420810670982235,8
1262,1265,0.007215183064008081,3,26.722803897687502,26.942336623690593,3
1267,1271,-0.004523022445238998,4,27.05747242262216,26.962148339965825,4
1273,1276,-0.013681885875675159,3,26.90789259492728,26.566649771883487,3
1277,1281,0.00028177992131301743,4,26.524093022726905,26.558091072594475,4
1282,1286,-0.018066523498361346,4,26.415663222340125,25.964839685231258,4
1290,1292,-0.003458064337262679,2,26.19435599705923,26.129968584745296,2
1293,1294,-0.0013392745575460056,1,26.091039083817726,26.08218705807665,1
1296,1298,0.0028446521434924072,2,25.91241389157338,26.01203810918468,2
1302,1307,-0.01906155155634557,5,25.781841961759216,25.31618189394935,5
1310,1311,0.001681393092440911,1,25.71543304682409,25.78438623136497,1
1316,1318,-0.021983346194008158,2,26.545313823727504,25.98830431393564,2
1319,1320,-0.005745162530650477,1,25.769113745455417,25.646835112462412,1
1322,1323,-0.0033702108229419535,1,25.630759756285215,25.570009452110643,1
1326,1329,0.001817078650400259,3,25.281566617351245,25.352786778917658,3
1332,1334,0.0021846920697319505,2,25.877062808995937,25.959473285711702,2
1338,1339,-0.0004046130445264295,1,26.16760174701214,26.183181595748337,1
1341,1342,-7.841826883680017e-05,1,26.372140322196948,26.396444404929557,1
1346,1348,-0.0025590165054538297,2,26.3815664920539,26.34043719445306,2
1349,1350,-0.0011474812704422225,1,26.285274242490164,26.28139765685096,1
1353,1356,-0.006449552214587296,3,25.78999874997225,25.649454805170134,3
1358,1361,0.0037739480988646665,3,25.74421514284019,25.867116689778115,3
1362,1364,-0.004744655542447768,2,25.90760263772987,25.81058758992096,2
1365,1366,0.0007962053877287655,1,25.831136226827795,25.87753425288958,1
1368,1370,0.0036218532822148335,2,26.048272861212524,26.168664156632147,2
1377,1382,-0.002175164204672544,5,26.673304786917406,26.6419592739115,5
1384,1386,-0.003540591510336672,2,26.656414877275573,26.588691815942354,2
1389,1390,0.0002961921466986422,1,26.57089218574115,26.605333167523085,1
1392,1397,0.015537969923466337,5,26.82818973777793,27.27187353276235,5
1398,1402,0.002137090142051123,4,27.336131103188727,27.421887010594357,4
1404,1405,-0.005817807079051299,1,27.534841418814867,27.402183864906746,1
1407,1409,-0.00698592301692929,2,27.379003369824872,27.215114763372853,2
1411,1414,-0.008674530784357993,3,27.169375582031506,26.96086337273542,3
1416,1419,-0.00550070096690315,3,27.13961645333332,27.017469155320423,3
1420,1421,-0.004036975240456869,1,26.97118357559412,26.889272758869225,1
1423,1424,-1.4754076290935877e-05,1,27.275190215713906,27.302062985692327,1
1428,1431,-0.0019910354248254144,3,27.949832571347972,27.922133297151827,3
1432,1433,-0.0053594748502615005,1,28.064905174591164,27.94255692630756,1
1436,1439,-0.0037948032264712526,3,27.89718838717486,27.81922123506091,3
1442,1448,-0.01995113185123028,6,28.088985880842145,27.55666780584696,6
1449,1452,0.0009292765324601935,3,27.59430066743335,27.64753770414068,3
1453,1456,0.005098779461955156,3,27.77730936513731,27.946717049001784,3
1462,1463,-0.005838107529092531,1,27.295319203724,27.163261514375478,1
1465,1466,-5.6017639382375715e-05,1,26.93973650807428,26.965167144137588,1
1469,1470,-0.00047979523773476306,1,27.04465708549175,27.058725844901453,1
1472,1474,-0.00728076591097585,2,27.071347813753842,26.901319015241047,2
1475,1477,-0.015354686572144706,2,26.822735401823056,26.437703442122316,2
1480,1484,-0.02152708655383667,4,26.419807933808116,25.877486249615096,4
1485,1490,0.0010571220667252054,5,25.975373426483156,26.0288079403502,5
1492,1501,-0.009110544501316629,9,25.855161736312773,25.64546229646167,9
1508,1509,-0.0009402411556204055,1,25.765004107666606,25.766543794537515,1
1511,1512,-0.0060550908376684875,1,25.784645605363355,25.654301879611154,1
1513,1514,0.004797175282939085,1,25.618493408052437,25.767008304823737,1
1515,1517,-0.006703733534677513,2,25.871351420768164,25.723788126082102,2
1519,1522,0.0013084370414690816,3,25.74356802592625,25.80299543193688,3
1524,1525,0.0008894471941181619,1,25.865546566230062,25.914418150613958,1
1528,1529,-0.004835136753465455,1,25.668848666048582,25.570405121110277,1
1532,1541,0.006516412905776993,9,25.38397082849837,25.574767234433562,9
1544,1545,-0.003023345430281777,1,25.80995361074485,25.757731159050763,1
1546,1548,-0.006201543392894503,2,25.784903019833635,25.650781727894394,2
1549,1552,0.005272037547134602,3,25.68827250940994,25.849390319109986,3
1554,1557,-0.007381827786541785,3,25.906102652700415,25.740774366950408,3
1558,1562,-0.0008384576392275638,4,25.76272394702293,25.76688571826926,4
1564,1567,0.007503024044710768,3,25.8828477374079,26.102930214064667,3
1570,1574,0.005019812484502921,4,26.28334648809366,26.441567305417202,4
1577,1579,-0.008308570798094767,2,26.515397629991167,26.321607969172742,2
1580,1583,-0.01304747535270524,3,26.236005750521468,25.919928117888627,3
1588,1592,0.00842065495639522,4,26.104556690338622,26.35047871170796,4
1594,1598,-0.014393056723071944,4,26.438999709209742,26.084900686403014,4
1599,1602,0.002452092227562321,3,26.044850557061547,26.1347597832376,3
1604,1610,-0.028909314789133948,6,26.19411723152346,25.463057368085394,6
1614,1615,-0.0008562222961234879,1,25.325424697426243,25.329065928838936,1
1618,1623,-0.0037821768296547333,5,25.57433947255232,25.50318713783806,5
1625,1626,-0.004059219283894812,1,25.342313472841894,25.26478577876727,1
1627,1634,-0.043579122523629436,7,25.292134234162205,24.21521735172173,7
1635,1636,-0.0069619638139766776,1,23.963538484078498,23.820668734781584,1
1647,1648,0.021163518704168962,1,22.305831208372464,22.800206915571263,1
1649,1659,0.07985675885723612,10,23.51786428999235,25.419442571725465,10
1662,1664,0.001099843878933663,2,27.09864876990166,27.155551701648513,2
1665,1670,-0.03102065271539604,5,27.513390130456685,26.68742020032704,5
1671,1676,-0.024677389547137104,5,27.00694028416742,26.36748643858292,5
1679,1680,0.008979384238461334,1,25.648979881875768,25.90494090744157,1
1681,1686,0.01350202305412786,5,26.053917761750238,26.43175227778149,5
1687,1688,0.0006475835598643287,1,26.55775706200861,26.601513185930845,1
1690,1691,0.0014623374399100825,1,27.033420467452952,27.099985870798793,1
1692,1704,0.015080377282155225,12,27.337571206189317,27.777169665162624,12
1705,1706,0.024971405061720815,1,28.171212106245484,28.90285806693644,1
1716,1718,-0.016300150497299996,2,30.772715877036806,30.30188869290749,2
1720,1724,0.04578848350861936,4,30.75242745863607,32.19128690363448,4
1727,1731,-0.018074832043023847,4,32.25533009848419,31.704575754560278,4
1733,1734,-0.0032196573952766655,1,31.216526575143735,31.147236581076367,1
1736,1742,0.0035088574319493346,6,30.978401860742558,31.11807905820228,6
1744,1748,-0.03051732910413861,4,31.210468462849846,30.289218793737568,4
1750,1757,0.0008919937706600252,7,30.23524202881458,30.292446918387494,7
1758,1768,-0.005929816139249392,10,30.440570111243005,30.290503697420647,10
1772,1776,0.002263081358978329,4,33.408037517236835,33.51705066169938,4
1777,1781,-0.0006185388321058549,4,33.4916622414962,33.50443801008956,4
1786,1787,-0.0023265034087544033,1,31.95686248164619,31.91447159463119,1
1789,1792,-0.007107635012714214,3,31.85266078827294,31.658116361994374,3
1793,1797,0.04440673858846087,4,32.52283305498002,33.99958883366365,4
1799,1803,-3.5587062997325357e-06,4,35.0596645156908,35.09459941315751,4
1806,1807,-0.005826330755959398,1,34.62114951970287,34.45405640096926,1
1809,1814,-0.021066284371680212,5,33.92737958050011,33.24658313385186,5
1815,1816,-0.009639191650001763,1,33.58461828594303,33.294474332078615,1
1821,1826,-0.06399518874581146,5,31.83673580738113,29.831174626144623,5
1828,1830,0.001520118659124901,2,30.48960973251162,30.56644716690796,2
1839,1841,-0.015386560908132164,2,30.405481268442593,29.96805096023307,2
1842,1843,-0.009804487447165656,1,30.030802393121352,29.766396570422803,1
1846,1847,-0.0005407909536747311,1,30.205028607617884,30.218899029999015,1
1849,1854,0.004944401730065839,5,30.253110434910834,30.43294707691999,5
1855,1857,-0.0009597374561746371,2,30.950108580345862,30.951354710448978,2
1858,1861,0.003097610062502508,3,30.796023246186717,30.922213340925353,3
1865,1867,-0.014121892152528522,2,30.881116216827944,30.47589754028103,2
1869,1877,-0.026688033613296667,8,30.456854266375217,29.674477570225292,8
1880,1882,0.014762590510524497,2,29.994708160382995,30.4675024625978,2
1884,1887,0.005745762781914964,3,30.429539668789833,30.63481012495836,3
1890,1893,0.016276678619488224,3,31.281966395629354,31.822414875632273,3
1897,1899,-0.00808921511269242,2,31.889529906157122,31.663458168809736,2
1902,1903,-0.000731190131320769,1,31.887701731458574,31.89627346037349,1
1906,1912,-0.019861064996919104,6,31.883393391272516,31.282038636197385,6
1913,1919,0.016193832343458475,6,31.03301105990855,31.56658744918531,6
1921,1924,0.013268754466852675,3,32.58884421334559,33.05384642978433,3
1928,1933,-0.003172049303600871,5,32.59723647058861,32.52643366581336,5
1935,1945,-0.03216293246508454,10,32.499265047950736,31.486492646096565,10
1947,1948,-0.000440427437467361,1,31.33570138738635,31.353235986110448,1
1949,1950,-0.008279422475974123,1,31.350787105429177,31.122571481134436,1
1954,1956,-0.007305320633082506,2,30.78965176870354,30.595513142120907,2
1957,1962,0.05100191973729805,5,30.767202679747978,32.367156284041414,5
1964,1965,-0.00028427629854582345,1,33.17195237122476,33.19569432376036,1
1966,1967,0.007736325857538087,1,33.46836500921207,33.760755551851574,1
1970,1971,-0.0029996209441897816,1,34.27584134813858,34.20730265789911,1
1972,1974,-0.0055528530181380865,2,34.21446779362317,34.058694350664986,2
1976,1977,-0.0029400759640055866,1,33.87468307362738,33.80896361520793,1
1980,1981,-0.005819582065897503,1,33.77902533685268,33.61622455213569,1
1983,1984,-0.006575670074626177,1,33.373638965094365,33.18755856503531,1
1986,1987,0.0018684793377486348,1,33.23849515687496,33.333839093450315,1
1991,1994,0.006704917239199205,3,33.30930298010641,33.56594840286354,3
1995,1996,0.001707288486701014,1,33.748342891061405,33.839709391215614,1
1997,2000,-0.02045232882759003,3,33.88182794216966,33.222747483758745,3
672,673,-0.0018443869711532953,1,26.99456611358227,26.971772253664025,1
674,677,-0.010942998072501296,3,27.107835449782225,26.83830229415536,3
679,681,-0.013727504986087893,2,26.625565607129364,26.286688588107214,2
685,689,0.005654619719456823,4,26.164500850041442,26.338615653347873,4
693,694,0.00023581731406118302,1,26.702238941747055,26.735238030955465,1
695,697,0.008691418543510382,2,26.838505723217434,27.098608915263533,2
700,701,-0.00221201054398418,1,26.930194108387116,26.89755442917621,1
705,711,-0.00581691345634814,6,27.512281178083036,27.379756900661494,6
713,716,-0.01433752282446744,3,27.374506722935593,27.0093986147099,3
727,735,-0.0053669213366406,8,26.382651358346067,26.267440395212155,8
737,739,-0.002700749936958233,2,26.589604934132527,26.544382665217057,2
743,744,-0.00327787943785394,1,26.30378640950596,26.243869555306045,1
745,750,0.0013344582603889293,5,26.304135889686364,26.365541796996435,5
753,759,0.006245568618640129,6,26.270555781586772,26.460900896152072,6
765,771,0.0043634273340047445,6,26.915675611475223,27.060035881763014,6
775,783,0.017630050514850067,8,27.25907396041284,27.766911885283367,8
784,788,0.008481645307289565,4,27.949988656209953,28.215000534990903,4
790,791,-0.012160658037488906,1,28.070801858673263,27.757513238290503,1
793,795,-0.0061295975553103356,2,27.771348287120027,27.628892446838744,2
797,799,0.007022904401555871,2,27.83020720765604,28.053486299558557,2
800,802,0.002081205598064417,2,28.111202814747035,28.197819210228158,2
806,808,-0.004767930087146499,2,28.556262658393695,28.448664657146676,2
822,823,-0.0014689105782433763,1,28.48824341352181,28.47488497482964,1
825,827,-0.005968279185715437,2,28.599692401285843,28.45760114481067,2
828,832,-0.020674134404474555,4,28.529355106038306,27.968064739209126,4
836,841,0.00843797068402161,5,28.404674421167424,28.67275690564358,5
843,845,-0.005076028111739827,2,28.691397111061423,28.574450169871646,2
849,854,-0.016049706115120535,5,28.473958830918928,28.045434118579557,5
858,862,-0.008483724181591006,4,27.98484269909413,27.7754118550689,4
863,869,-0.004278376398587341,6,27.803692890663353,27.71254192009703,6
870,871,0.003996279593811107,1,27.764248413186813,27.90296636097112,1
874,880,-0.024092530917947087,6,27.90294300726004,27.25859343316317,6
882,883,-0.0009658279650976097,1,27.186564123537448,27.187493143755553,1
888,890,-0.00565852917619606,2,27.273861377826563,27.14680529885043,2
891,909,0.023283687473772303,18,27.087826682264232,27.745618999760048,18
912,918,-0.02511220924061575,6,27.963373804480693,27.2891150842335,6
921,925,-0.009907457452954842,4,27.316319167063817,27.07300021631186,4
929,930,0.00042839320602554385,1,27.257053210274556,27.29598699989639,1
932,935,0.0022021823279000487,3,27.285951996505965,27.373326589789105,3
941,950,-0.012103080454923195,9,27.003776375194914,26.70395127351437,9
953,956,0.002356606455828326,3,26.636169498181935,26.72557663667807,3
958,960,-0.002957452154325422,2,26.83614878547799,26.78361830822406,2
961,963,-0.00869770943469042,2,26.83147816454861,26.624937241934674,2
965,967,-0.0014607684751611724,2,26.45567293659508,26.44348299651672,2
969,971,-0.010919587711766515,2,26.509327621824603,26.24636602129996,2
975,979,-0.006730075719367653,4,26.23444335353804,26.084118006666806,4
980,983,-0.009546701410858092,3,26.113050068116454,25.889869626257475,3
984,985,-0.002922339170240331,1,25.799495866591425,25.749900485114622,1
989,991,0.004516217393470024,2,26.160482215361785,26.304789122379727,2
993,994,-0.005183948820244718,1,26.38919724832001,26.278786197625696,1
998,999,-0.0026497974322520846,1,26.26881327519296,26.22547505450324,1
1001,1003,-0.006423398636155972,2,26.0872017703413,25.945720475838904,2
1005,1007,-0.006056155258935698,2,26.114594967289207,25.982555520610372,2
1012,1017,0.017889268423093112,5,26.399052686569526,26.897711478881515,5
1021,1024,0.009928796083230499,3,27.4637759969008,27.76392200444645,3
1025,1026,-0.003939538161240977,1,27.72276342345937,27.641271302441055,1
1030,1033,0.010129779627475508,3,27.77749186664562,28.086649229725378,3
1034,1035,0.00011533511102963193,1,28.19088312267816,28.222325404435814,1
1037,1039,0.004260128772723309,2,28.285030675022295,28.43381357871334,2
1043,1044,-0.0026867492160587985,1,28.465588451414607,28.41757414240953,1
1045,1046,-0.003428373202662403,1,28.412277770751295,28.343282156786202,1
1048,1052,-0.009937311081898038,4,28.051175033816122,27.800472956326136,4
1055,1058,0.012485285177866814,3,27.926876593373184,28.303478488361915,3
1064,1067,-0.007120007648139463,3,29.431822150229202,29.25169917357112,3
1068,1072,-0.020255530181155612,4,29.318594975738137,28.754049885313734,4
1074,1075,-0.0012264005241425806,1,28.64368006215528,28.637195117975836,1
1076,1077,0.0009801086845093675,1,28.719423382947088,28.776290962601763,1
1080,1083,-0.004942663712558829,3,29.19830711036439,29.083188004452207,3
1084,1085,-0.008232118222625505,1,28.89374939357096,28.68478638206174,1
1087,1088,-0.005101178378763887,1,28.495384264796108,28.378519610954758,1
1089,1090,-0.001582257020522997,1,28.509677127015312,28.493077167355263,1
1092,1093,-0.006793916539170009,1,28.3921941794945,28.2276921760546,1
1099,1101,0.0013253345790820857,2,27.765685697614778,27.830250206679366,2
1106,1107,0.0005342166664065776,1,27.97890999960735,28.021835709636637,1
1108,1109,0.0015655456946656642,1,28.152801175169916,28.22502847301765,1
1112,1116,-0.03508089862380623,4,28.04749059371967,27.09160691014295,4
1118,1121,0.0009529646106697437,3,27.237483815106764,27.290677657081357,3
1122,1124,0.002169267978366728,2,27.479923001378797,27.56701424139505,2
1126,1127,-0.0004026242800619336,1,27.538173234164827,27.554623870226365,1
1129,1130,-0.001759979158589481,1,27.661469822260596,27.640447681699726,1
1132,1135,-0.00021090682798816747,3,27.569341002803263,27.59109578154544,3
1137,1145,0.01716406795624504,8,27.73573478718392,28.239528558674717,8
1146,1150,0.008046146299560939,4,28.20632949207616,28.461488075235103,4
1151,1155,2.229014764469476e-05,4,28.549021482880864,28.57820686626771,4
1161,1162,-0.004494544503853713,1,28.273764225311297,28.17496029793448,1
1163,1165,-0.009948795830612377,2,28.193360265217304,27.941063640424975,2
1170,1171,-0.0022193672779929436,1,27.749507749183405,27.71567090745364,1
1172,1174,-0.00883078563684778,2,27.69843700411995,27.481536481464953,2
1175,1180,-0.01586755667501311,5,27.23706225095825,26.832113684281268,5
1181,1182,-0.003209470503602454,1,26.71935485005382,26.660319223637337,1
1186,1188,-0.0005786180213537425,2,26.738877874394074,26.750145155659567,2
1191,1192,0.0017322220466246502,1,27.04647692705431,27.120373907597934,1
1196,1198,-0.004220732944417548,2,26.921203271545618,26.83449726526559,2
1202,1203,0.0011851353706607446,1,26.901181898064458,26.959964622142497,1
1204,1207,-0.0026939257920718636,3,27.02078844278256,26.975017232317214,3
1208,1210,0.01039092297256929,2,27.088280425316533,27.39684094110067,2
1213,1214,-0.005514665561836117,1,27.696493995043873,27.571453587420848,1
1216,1218,0.003181846684122946,2,27.488739382775442,27.60369307641402,2
1221,1222,-0.0001520073461415821,1,27.93457140274598,27.958259714084193,1
1223,1228,-0.017436366860849435,5,27.98905688242008,27.52901847541144,5
1229,1231,0.0036899566284062527,2,27.5842643936389,27.713633397271558,2
1234,1235,0.0002707245004735506,1,27.698833855235936,27.73403144205033,1
1239,1243,0.0011429389118691254,4,27.483827539039535,27.542723702520043,4
1244,1249,-0.025556158197537315,5,27.576019990563434,26.898858881216707,5
1251,1253,-0.007106750947208399,2,26.786827202225798,26.623246719835898,2
1258,1260,-0.0013485213728298736,2,26.374280554353753,26.36508855388755,2
1261,1262,0.004894714026585618,1,26.545014989739748,26.701490261935692,1
1267,1268,-0.00238714195843201,1,27.018864429048033,26.981385428529315,1
1271,1272,-0.002131688672285129,1,26.946294638428522,26.915799822026155,1
1276,1277,-0.004407093667940032,1,26.586969999776812,26.49638570264086,1
1279,1281,-0.0005289204537507371,2,26.530031906565622,26.542529661958145,2
1287,1290,0.0021918934685404546,3,26.042571930575654,26.125697045824854,3
1294,1301,-0.008849833072389443,7,26.09126581195648,25.88645373068528,7
1307,1312,0.01941406231302192,5,25.372997769194857,25.890963726723367,5
1313,1320,-0.017951567622230363,7,26.113197853930533,25.67053821467695,7
1321,1323,-0.007171344236729889,2,25.7327631314537,25.57395739200727,2
1324,1330,-0.003237533093277825,6,25.54274699747148,25.485594255771414,6
1331,1333,0.007501390436274993,2,25.67654123984864,25.89482754198171,2
1339,1342,0.0024652821000602345,3,26.253865011711795,26.344842060194278,3
1351,1356,-0.02072908789522964,5,26.13780972072368,25.622134575354735,5
1358,1362,0.0026914384827181415,4,25.762752953075818,25.857854570747563,4
1363,1366,0.00018981211340157733,3,25.828090676099368,25.858821251251825,3
1377,1379,-0.006963756653830042,2,26.72390320408437,26.5645283485347,2
1383,1384,-0.0006463932414123147,1,26.629085407120442,26.63850163169541,1
1385,1387,-0.007983155914949094,2,26.64862104035345,26.46252956471027,2
1390,1391,4.8978910987734986e-05,1,26.647894815670593,26.67584789535445,1
1392,1394,0.009042304432249612,2,26.836495489098862,27.105995746695086,2
1395,1396,-0.003461330093015011,1,27.29640995547376,27.229224480219077,1
1397,1399,0.0016904800976520347,2,27.263139730369222,27.336490665213287,2
1400,1401,-0.0007031633908814603,1,27.334019705230375,27.342133442953255,1
1403,1405,-0.0030328147268725235,2,27.517070238288277,27.4611331326675,2
1412,1414,-0.006319912392416561,2,27.087719536103496,26.943615241261075,2
1416,1429,0.022946373751789706,13,27.149859998591843,27.800000693426888,13
1431,1434,-0.003014731530320264,3,27.97714647271197,27.920780033585007,3
1435,1441,0.001048849737618946,6,27.936081429672438,27.993318262779724,6
1442,1443,-0.002823439944093894,1,28.077142950190662,28.02594596621925,1
1445,1447,-0.01595156041633251,2,28.023483655411578,27.604488846461585,2
1449,1453,0.002990276404512741,4,27.65562136598577,27.7659749393746,4
1455,1457,-0.003093266759006363,2,27.9041634702228,27.845752612392705,2
1462,1466,-0.012482232756823624,4,27.263529744648302,26.950483550347666,4
1467,1468,-0.003090816191927351,1,27.040546278802637,26.984009466804356,1
1469,1470,-0.0020857451938152216,1,27.076944573717714,27.0475459112836,1
1471,1473,-0.002361269876285218,2,27.056065818329508,27.019235210960225,2
1476,1477,-0.0059436447215845695,1,26.592699861873,26.46123500156817,1
1478,1485,-0.01738167682301901,7,26.32289945564844,25.891686223721184,7
1486,1487,0.00351955698933705,1,25.894617100848635,26.01164929855298,1
1488,1489,0.0005900175824732961,1,26.037515830613916,26.07891593858852,1
1492,1494,-0.011941696200637016,2,25.835618484922872,25.552932996305284,2
1495,1496,0.001714776170931354,1,25.348722980240776,25.417539089351074,1
1502,1507,-0.004153722597498458,5,25.75150250692156,25.670289411545944,5
1509,1510,-0.002727068882167185,1,25.799193531637524,25.754636547304024,1
1517,1524,0.006214828497252553,7,25.687331172843034,25.872660861807226,7
1527,1532,-0.018614062783388924,5,25.84113500212499,25.38596762780353,5
1538,1544,0.016917473969970093,6,25.282104861028355,25.735096316781885,6
1545,1546,-0.002130521931340402,1,25.723628591590902,25.694547465314454,1
1554,1556,-0.004940743760375819,2,25.90873239622271,25.80663272069305,2
1557,1562,-0.0009827352800461711,5,25.772939042743705,25.773384005318665,5
1563,1568,0.009664566152019986,5,25.866858561044822,26.14271738531403,5
1569,1571,0.0025653175635296883,2,26.23811701980526,26.331664239249918,2
1579,1581,-0.014660531059604173,2,26.345221133027763,25.985331421467897,2
1584,1588,0.004902122069172523,4,25.948962676199667,26.102116621483,4
1589,1590,0.0018642075305523582,1,26.220578041912198,26.29567921899528,1
1598,1600,-0.0033247508559193575,2,26.082145324988588,26.021510835320107,2
1601,1602,-0.000234845785369121,1,26.104258859518115,26.12423264320429,1
1604,1607,-0.014879030621337577,3,26.26013367979922,25.89566848033687,3
1614,1617,0.007708308214040186,3,25.29229135800515,25.512544426589965,3
1619,1620,-0.001441214333216475,1,25.59558874985494,25.58429560923139,1
1621,1622,-0.0034787780467729363,1,25.59873909723173,25.535285504732443,1
1625,1627,-0.007061240842218665,2,25.369933035724447,25.21615976144396,2
1628,1631,-0.016165373769734506,3,25.18973430690451,24.807722570979998,3
1632,1637,-0.040055965306246596,5,24.70252294524507,23.73774206611882,5
1638,1643,-0.03552765177228242,5,23.730142576808635,22.910796477409974,5
1647,1648,0.02389338934198314,1,22.250149090253537,22.80403071447439,1
1649,1662,0.14900299901546174,13,23.54728121813428,27.079444019514877,13
1667,1669,-0.02793154476146022,2,27.562701284257898,26.82039516087415,2
1670,1672,0.013197382166365526,2,26.70456521380287,27.08370013172986,2
1674,1676,-0.0164294860771356,2,26.767292474501104,26.354286907943173,2
1682,1690,0.0257173543715207,8,26.281317869728724,26.983485152604846,8
1691,1693,0.01566428015422402,2,27.053628651926672,27.50445789897072,2
1700,1703,-0.00922860407118175,3,27.85193975411601,27.622757169264982,3
1706,1708,0.029823669544437666,2,28.925155255524327,29.816734682642164,2
1715,1716,-0.0029636686465441503,1,30.836529779911025,30.77597705321399,1
1724,1726,0.0018790288268736317,2,32.33228897083179,32.42537456281762,2
1728,1729,-0.004124579552021199,1,31.89103651933288,31.79139043873181,1
1738,1740,-0.009698388657803245,2,31.248683663617783,30.97687046806689,2
1741,1742,0.005947088879137588,1,30.9459425756642,31.16092678918603,1
1744,1745,-0.013448767251297018,1,31.20022652546011,30.811822167256913,1
1746,1747,-0.005861013397359029,1,30.568181851099336,30.419589509588235,1
1748,1749,-0.0008424256711736379,1,30.394323097719855,30.39911246278211,1
1757,1760,0.018467141888139735,3,30.406787899808915,30.998721154217066,3
1765,1767,-0.015382693748509688,2,30.85490752771339,30.411130842103702,2
1768,1773,0.11539152103301752,5,30.375467718732963,33.910914608605616,5
1774,1775,-0.009017777851878187,1,34.097923176706246,33.82453360346501,1
1780,1782,0.01517075085438557,2,33.565755183950124,34.10853864826908,2
1788,1791,-0.033928813261623995,3,32.190363507122456,31.130373038372625,3
1792,1799,0.1066566010774472,7,31.66860217276702,35.07793624356098,7
1803,1809,-0.03685161956222843,6,35.060822701033054,33.803835424016874,6
1810,1811,-0.009209582146943854,1,33.68294511328187,33.40642220842338,1
1814,1815,0.007913655912059617,1,33.29826639815188,33.595075687293104,1
1817,1818,-0.010988875795886564,1,33.066007675187066,32.73571543145379,1
1819,1821,-0.0200094307230406,2,32.46453272446812,31.84740043868646,2
1826,1827,-0.0009411224250888941,1,29.86987828509785,29.871636951094168,1
1830,1832,0.021995229488682655,2,30.602605930151572,31.30631987646713,2
1834,1835,-0.005148691366211388,1,31.971216513393934,31.83857780347754,1
1840,1843,-0.009377603250814655,3,30.038382971899544,29.786733317064943,3
1851,1852,-0.005371353966144068,1,30.468492486733503,30.33530392125919,1
1855,1857,0.0008687637523457764,2,30.961009044735604,31.018867856174456,2
1861,1862,-0.00624271725741886,1,30.912820883719963,30.750753704197386,1
1865,1866,-0.005298204225538988,1,30.848762302157002,30.716168021677223,1
1869,1875,-0.035313220189434155,6,30.498210748693506,29.451718927889818,6
1877,1878,0.003949469879121991,1,29.621598200423296,29.768209408487746,1
1881,1886,-0.00017891828887468114,5,30.31915749668513,30.344052002402385,5
1888,1894,0.02908714691571135,6,31.04729976088045,31.98142443012219,6
1895,1898,-0.006846259528861648,3,31.99515269305551,31.80810072674635,3
1902,1903,0.0011341444416718767,1,31.874326221521454,31.94235063765915,1
1904,1907,0.005795517227846105,3,31.86331268657737,32.079840376875254,3
1909,1914,-0.018038678332906784,5,31.781633385366685,31.24011635721905,5
1917,1919,0.00018404605027826397,2,31.466653319842614,31.50391128642145,2
1921,1922,0.014175188874735858,1,32.531481328277565,33.02515270180912,1
1925,1926,-0.008612191756405766,1,32.75053293716487,32.50122960032269,1
1927,1928,-0.002551220472891999,1,32.592477823193505,32.54191970433189,1
1931,1932,-0.004367918548130907,1,32.66525982322156,32.55524588878342,1
1936,1938,-0.016636014971179214,2,32.28793131199877,31.78307673461595,2
1943,1945,-0.002290401065321375,2,31.492270932717396,31.45163327275643,2
1949,1950,-0.00824579769047038,1,31.347471352058413,31.120333916533582,1
1955,1956,-0.001869293646733793,1,30.671902629796424,30.645239739707105,1
1959,1965,0.058158847037629136,6,31.325845276951387,33.17904616601499,6
1966,1967,0.006518047494052225,1,33.500576216756855,33.75243513983255,1
1969,1970,-0.00664821236232976,1,34.42829937917839,34.233841033010926,1
1972,1975,-0.010353456677277974,3,34.2400339603981,33.91977128612099,3
1979,1980,-0.0021774149575830588,1,33.801085982493916,33.76128807827558,1
1982,1984,-0.010397697019663955,2,33.59253483716005,33.276842372637915,2
1986,1988,0.005391355442557855,2,33.21478301755093,33.42707050176353,2
1989,1995,0.00687600122895713,6,33.53100016965973,33.79509036820413,6
1997,1998,-0.00337975732710352,1,33.830700054814464,33.75019119847798,1
673,676,-0.002688952771137217,3,27.043179390159743,26.997504737388372,3
677,681,-0.02241476145108616,4,26.881344693047723,26.305687108961685,4
687,699,0.03635686308379999,12,26.135531880146,27.111873366214905,12
704,711,-0.0013265320909915347,7,27.402880602522426,27.393932682620093,7
713,717,-0.016416384897970957,4,27.29103695817924,26.8703078281672,4
724,725,-0.007937262086848302,1,26.63766806127055,26.452875576547047,1
730,731,-0.0030023809332491175,1,26.047717664845365,25.995560211638622,1
733,735,0.011697502711012976,2,25.9363703799466,26.265697513159807,2
737,739,-0.004774966407198374,2,26.596219370343427,26.4958195356619,2
742,749,0.005651114478888303,7,26.201505311092486,26.375774522435762,7
750,757,-0.0023026186538553702,7,26.3658214956421,26.331476884737654,7
759,761,0.009568773773670072,2,26.39974772775751,26.67876068917414,2
765,766,-0.0015597377027386115,1,26.92080700730742,26.90573841663728,1
769,772,0.006155280792832309,3,26.956334019817664,27.149214158874837,3
773,777,-0.00029001555270072516,4,27.228146610527578,27.247478171149837,4
781,789,0.011636184005398086,8,27.82058751835279,28.17213358137298,8
790,791,-0.007095522979894444,1,28.004069296656244,27.83336984872792,1
794,796,-0.0028518560094601127,2,27.69817091803404,27.646877893768426,2
798,800,0.0029956252283531255,2,27.974266041186272,28.0860407243251,2
802,805,0.010739098137816792,3,28.149485434604944,28.479935006650816,3
806,808,-0.0020686033183504675,2,28.539290771835564,28.50879359101341,2
813,815,-0.001103453779583353,2,28.60261628124879,28.59965723248852,2
816,817,-0.004168298262756142,1,28.581613129527852,28.4910580543028,1
822,826,-0.001231734984981654,4,28.489446540961296,28.48284453949499,4
830,832,-0.01056492623905286,2,28.167834987643907,27.89841172367328,2
833,837,0.01970887137518428,4,27.87349133772555,28.450719884615822,4
839,841,0.0004215867084820112,2,28.650812069315005,28.69154168293996,2
846,851,-0.01636653855473403,5,28.59482365671246,28.155420196525768,5
855,857,-0.008242679445028123,2,28.189971281732642,27.985800356174504,2
860,862,-0.0019265955348873739,2,27.83728780079374,27.81149389421415,2
864,870,-0.009902795155732003,6,27.967559536824677,27.718570083262588,6
871,873,-0.0058735599551850695,2,27.98674457895696,27.85034950130096,2
877,878,-0.004428101192405288,1,27.63586099486217,27.541122466832537,1
879,882,-0.010202045507282424,3,27.425875267916794,27.173501115624372,3
887,888,0.0005041569213936658,1,27.250698349176194,27.291687675710918,1
889,894,-0.010507899644538646,5,27.226907748214472,26.968037041713337,5
895,899,0.007003461232071112,4,27.112065845545853,27.32905621346204,4
900,904,0.004615251580606645,4,27.335247910441193,27.488742204476573,4
908,911,0.0030107590395416287,3,27.70761583422082,27.81874440489207,3
916,919,-0.0075125137171795295,3,27.50683590673458,27.327697260575764,3
925,928,0.005305195284450623,3,27.06566265100299,27.236316939520627,3
931,935,0.0013373743481254314,4,27.269684213505528,27.333423673867657,4
943,945,-0.007482877046998489,2,26.695163438632072,26.52210197630989,2
950,952,-0.006066989813311446,2,26.74546313804444,26.60994414877167,2
955,959,0.004730644167946253,4,26.658182791040964,26.81095135078049,4
961,965,-0.013394851767756458,4,26.75051504362457,26.418946374947705,4
966,969,-0.0011313631743963604,3,26.40592258718346,26.402453821369544,3
970,972,-0.007379193893622899,2,26.395085152105292,26.226705786081325,2
973,975,-0.005201372707399403,2,26.25851135834389,26.148189565386005,2
979,982,-0.005148456352518176,3,26.138275925688337,26.029842428880542,3
983,993,0.01647003154065513,10,25.89100920728641,26.343325954757095,10
994,998,-0.006705621668130053,4,26.35239618639567,26.202039383707422,4
1001,1003,-0.004380607324334472,2,26.07096015756607,25.98282447870497,2
1005,1006,0.0018222094730463469,1,26.023542384990694,26.09698627283184,1
1011,1017,0.021648112677882643,6,26.312205467901578,26.908127262142212,6
1020,1021,0.0005212951515353502,1,27.392169565322828,27.433841140072587,1
1022,1024,0.0009285980824007562,2,27.659425444078735,27.712769358950492,2
1026,1032,0.010056207651135858,6,27.6175170633184,27.922862066779235,6
1035,1036,0.0006348329907067637,1,28.276248073738497,28.322475016942853,1
1038,1039,0.0026103539812694283,1,28.364823203556817,28.467230255937782,1
1040,1041,-0.00015248760240862437,1,28.415006763262202,28.43908883377171,1
1042,1043,-0.0013062484824862837,1,28.489899508330303,28.48117451983969,1
1044,1046,-0.004232210669194556,2,28.41490150689473,28.32305855908003,2
1048,1053,-0.01027093108908186,5,28.036851963948294,27.77692424143574,5
1055,1057,0.007616560066493294,2,27.93050357073591,28.171168432440563,2
1059,1070,0.02212591515588275,11,28.40200540688283,29.058827774179324,11
1072,1073,-0.003689085971725994,1,28.81277114560824,28.735291126914035,1
1076,1077,-0.0010084210197199577,1,28.768186314045114,28.767944056580856,1
1078,1081,0.00981380791242353,3,28.958497055150133,29.27164867973701,3
1083,1089,-0.020110971441806673,6,29.063506701861275,28.508074855283247,6
1090,1091,-0.0035195204727866587,1,28.520645528914713,28.44878717860752,1
1096,1102,-0.0032100834311627087,6,27.967413659393266,27.905603341852167,6
1106,1110,0.006737155148443672,4,28.02743576938412,28.244288388344884,4
1111,1112,-0.007411190415617698,1,28.1855993866519,28.00489614200576,1
1116,1118,0.0016222697156493288,2,27.087525597579226,27.158556395625634,2
1120,1124,0.010918591700283226,4,27.193287727843998,27.517393421260493,4
1125,1127,-0.00398388019412243,2,27.59172940164211,27.509398986758963,2
1129,1130,-0.003805076235072592,1,27.69335127275715,27.61566931123242,1
1139,1140,-0.0032724621152723176,1,27.912991019343817,27.849559804728422,1
1143,1144,0.0007102241469100594,1,28.16679335606262,28.214964886201184,1
1150,1151,0.0023445736399503505,1,28.505552899788682,28.600891820609526,1
1155,1156,-0.00023783421035361465,1,28.584789322610316,28.60657567113626,1
1162,1165,-0.011389186582278051,3,28.268206785776254,27.974523111132406,3
1166,1171,-0.009653128888888564,5,27.97149945438659,27.729458464392305,5
1173,1175,-0.01849294649249559,2,27.720840823796703,27.23592163853904,2
1177,1181,-0.015971436328535645,4,27.124903045240043,26.71880428638053,4
1183,1185,-0.002680284712129627,2,26.735139790270637,26.690217143604396,2
1187,1190,0.004742179818868979,3,26.78426803681188,26.93806812019604,3
1191,1192,-0.0001576586223537579,1,27.06197190515388,27.08476732385029,1
1194,1197,-0.009328871900036464,3,27.12973137196674,26.90377131468723,3
1202,1204,-0.00022838072743162246,2,26.947560539148252,26.968353796208962,2
1207,1208,0.0023380861790886147,1,26.985208839748616,27.0752877924164,1
1212,1213,0.0012624313295658022,1,27.592734796849165,27.655161464521957,1
1217,1220,0.005362613159587673,3,27.531443133364974,27.70661505574776,3
1222,1225,-0.0030428793345090976,3,27.973745460795634,27.916598474284957,3
1227,1229,-0.0020461090488297796,2,27.57487844023283,27.54603211037612,2
1230,1233,0.001868215714205698,3,27.608573302184215,27.68776064597634,3
1237,1241,-0.006475758073415628,4,27.580735546142325,27.429710110804795,4
1242,1244,0.0035019333140034,2,27.489527158505332,27.61328317660641,2
1245,1249,-0.024946112904735085,4,27.600550259407765,26.93962436666317,4
1251,1255,-0.006710753457649453,4,26.75786372772635,26.605056164923923,4
1257,1258,-0.004301521621727682,1,26.45056190055834,26.3632347985368,1
1259,1263,0.014761022704404395,4,26.36699919116887,26.782570064067894,4
1266,1267,0.001838087102072727,1,26.878574609325018,26.954858345245842,1
1269,1271,-0.006581724414100879,2,27.099159580492273,26.947899539860224,2
1274,1281,-0.009194371021123714,7,26.766200740641036,26.546868560946347,7
1282,1284,-0.01305848622917,2,26.41489168907718,26.096368081399426,2
1285,1286,-0.002004264658499953,1,25.95869836655186,25.932628963201672,1
1291,1294,-0.003429421665708091,3,26.178848246705876,26.115248785592044,3
1300,1302,-0.012706964449124235,2,25.98660245100061,25.682378219953222,2
1303,1306,-0.01348646086138542,3,25.526419261379303,25.207684626340775,3
1307,1308,0.005956475657011788,1,25.35484919223672,25.53122958342972,1
1312,1319,-0.009723756848881045,7,25.981479369179453,25.754823260588513,7
1320,1324,-0.006766597271420285,4,25.65175019515205,25.503826882469532,4
1325,1326,-0.002799186239814056,1,25.342344308726336,25.296748711561445,1
1329,1330,0.00627516582488914,1,25.31712847109044,25.501314778927647,1
1333,1334,-0.0008190185772709185,1,25.941057619489342,25.945752469004415,1
1335,1338,0.007369891899553568,3,26.010187602532703,26.22789006105301,3
1340,1341,0.0013519038074564587,1,26.258173773628876,26.319930472503927,1
1342,1344,0.00017003819208181157,2,26.433072400325145,26.46400010456759,2
1349,1353,-0.02233922770299322,4,26.339205463614295,25.777147160710307,4
1354,1356,-0.0014599935093183435,2,25.657145283026164,25.645343162728334,2
1357,1358,-0.002161835530205815,1,25.736444930474946,25.706543414333535,1
1359,1364,0.0027297493232258064,5,25.72354054503631,25.819482902975132,5
1373,1375,0.002330375718185403,2,26.567174780440496,26.655653454230062,2
1376,1380,-0.005817894812656866,4,26.698878185346167,26.57024579863323,4
1385,1390,-0.002528533881595547,5,26.64294386014563,26.602219217749948,5
1399,1406,0.002431847739954858,7,27.333603553470816,27.427408319050617,7
1409,1411,-0.007411526096325628,2,27.273030172515604,27.098168427838644,2
1412,1418,-0.0011591100805497568,6,27.12757704969575,27.12326077872625,6
1421,1422,0.001188731563651257,1,26.988601485157528,27.047672289086897,1
1423,1426,0.012816674890994882,3,27.259501795082738,27.636137469075887,3
1427,1430,-0.00023835260488972712,3,27.81077686073844,27.831958866490414,3
1432,1433,-0.003925145607922714,1,28.038101686901015,27.956086156897086,1
1437,1438,-0.0003063336931020615,1,27.818974777473205,27.83827186296878,1
1439,1442,0.00559628089537363,3,27.858290648376116,28.042051758757765,3
1443,1447,-0.015956348947815353,4,28.06736519754433,27.64757988960409,4
1449,1458,-0.002847460917569299,9,27.594865038320684,27.543884603636787,9
1459,1460,-0.0023256887337886325,1,27.425789249801138,27.389431189977415,1
1464,1469,-0.0018282842498793042,5,27.063067399986615,27.040651487505784,5
1470,1480,-0.02374166483470892,10,27.019623088634017,26.40515187639214,10
1481,1487,-0.01561786155774545,6,26.420931315840004,26.034713799638354,6
1492,1494,-0.011997539574218362,2,25.825353621777058,25.54133827330338,2
1498,1499,0.0012859062637813846,1,25.583290035121372,25.641771038060792,1
1501,1504,0.0011995376762403294,3,25.647930747056133,25.704344337051886,3
1505,1509,0.004885746624061062,4,25.63542479602058,25.78630841097013,4
1515,1516,-0.0032960800902464772,1,25.858178322265424,25.798805873849627,1
1517,1529,-0.007299421161025903,12,25.70514884067493,25.543221282120662,12
1530,1531,-0.005366715774742861,1,25.5026187938562,25.391256106071815,1
1534,1536,-0.003573116724532266,2,25.370816933730577,25.30553486036335,2
1540,1543,0.008565342936307549,3,25.453551443339894,25.697023391842386,3
1544,1546,-0.0023168564848158046,2,25.775888159417757,25.74194501394314,2
1547,1549,-0.00030681505572540107,2,25.733971397448457,25.75180979897756,2
1551,1553,0.003778100460668188,2,25.819621696090117,25.942990442410483,2
1554,1562,-0.006096697850851595,8,25.882698259279096,25.750781966686787,8
1567,1568,-0.00029118700973667353,1,26.160578544191495,26.17912150209642,1
1569,1570,-0.0017970004938313942,1,26.27652487338472,26.25558247008446,1
1572,1582,-0.02064159341380092,10,26.42454092379418,25.90552083482267,10
1588,1591,0.006260144768419007,3,26.115845779323564,26.305450600431158,3
1594,1603,-0.010385959865499478,9,26.446700243930486,26.19847257686606,9
1604,1606,-0.007689825049615439,2,26.190021684987308,26.014815021869108,2
1607,1616,-0.020833811941844454,9,25.912472769911954,25.398529658045355,9
1617,1621,0.00016675953807210038,4,25.540283116571498,25.57008248550282,4
1624,1625,-0.005391779317972932,1,25.438667430320614,25.32694641682334,1
1627,1628,-0.0020040574535062335,1,25.256630037391044,25.231270929751553,1
1629,1633,-0.02852852644549225,4,25.05466291540251,24.364944964752958,4
1634,1635,-0.01066635282341859,1,24.215768965895336,23.9816907991806,1
1636,1639,-0.011099792314236204,3,23.808013857348694,23.567557861975015,3
1640,1645,-0.04969848001758308,5,23.413988127557516,22.27376249459573,5
1646,1647,0.011279962694166534,1,21.94745658002731,22.216970528061886,1
1651,1667,0.15147769521379306,16,23.927959512432626,27.57643963005731,16
1668,1669,-0.021410476430181957,1,27.333611368529755,26.775719337940625,1
1672,1673,-0.009444004119949629,1,27.09351401260366,26.86473626865732,1
1675,1676,-0.011854261475713203,1,26.63986821004528,26.350712114814907,1
1677,1680,-0.013613712806861446,3,26.22011314962839,25.889380172595565,3
1685,1691,0.018564710133244556,6,26.55543443035668,27.07498380744899,6
1692,1693,0.008132155901963922,1,27.30987062750182,27.55926862373463,1
1694,1696,0.006636398789313997,2,27.72822736745727,27.939971169355942,2
1698,1704,-0.004272771127983778,6,27.947396653892945,27.855931221021773,6
1707,1709,0.01597496395795516,2,29.551423184522303,30.05305752798585,2
1713,1718,-0.013840841967369243,5,30.673515484781216,30.279641719857487,5
1726,1729,-0.01868810445907524,3,32.448591591259316,31.87463751364325,3
1730,1732,-0.019329263879968434,2,31.939107446857278,31.353687118373166,2
1735,1738,0.006356558159552014,3,30.97256808634075,31.2004195848186,3
1740,1741,0.0005423682033640811,1,31.018181702122348,31.06602315930587,1
1746,1747,-0.006092384850466331,1,30.6024362294284,30.446596846786296,1
1748,1750,-0.007513377416289631,2,30.406608784836102,30.208559065870997,2
1761,1762,0.005323621695605118,1,31.27756839349736,31.475355903576254,1
1767,1769,0.005348978874025456,2,30.44265674066687,30.635936525182572,2
1770,1772,0.0645798223773971,2,31.396448441477357,33.45542195355055,2
1773,1774,0.005384533428720916,1,33.905294031067335,34.121763514219296,1
1776,1778,0.0033651126259584265,2,33.555418284823894,33.701891464848295,2
1780,1782,0.017074727247201334,2,33.524290226558115,34.13023262855917,2
1787,1791,-0.029114598253161653,4,31.977837710612615,31.07879365037394,4
1794,1798,0.06587297664590158,4,32.544715160086845,34.72107713693485,4
1805,1806,-0.011151920458606992,1,34.99253621091078,34.63729476665269,1
1810,1811,-0.007044470354948691,1,33.67386129506021,33.47032063872557,1
1812,1814,-0.00048215112614116424,2,33.288121942728395,33.30536015918931,2
1817,1824,-0.06440520958023219,7,33.0139327302121,30.920677406385312,7
1825,1827,-0.023372175393798777,2,30.606086952167104,29.921362206755365,2
1829,1830,-0.00576404786559636,1,30.68723223525293,30.541036792021515,1
1833,1836,0.0002035697095059978,3,31.552661819765735,31.59063764778629,3
1841,1842,0.0002313481463191941,1,29.920562220428884,29.957404849255838,1
1845,1847,0.007491293284834195,2,29.974398703392545,30.228920113819605,2
1852,1853,-0.004069695789649179,1,30.326333440091755,30.23324082201521,1
1858,1859,-0.007258803344315687,1,30.79082773930942,30.598114003680383,1
1864,1866,-0.006250959096909817,2,30.86650883332441,30.704430057976218,2
1868,1869,0.002572799463867291,1,30.317672523568003,30.42599148770591,1
1871,1873,-0.017242882683378036,2,30.20319347490785,29.71260654663155,2
1882,1888,0.015225005294522354,6,30.505233962892476,31.00018154545105,6
1889,1890,0.0006412462632866794,1,31.18501373428198,31.236196021543915,1
1895,1899,-0.012887762626001012,4,32.04389485541686,31.66296463976313,4
1900,1905,0.003512347441945859,5,31.658437561591487,31.801291431338537,5
1906,1907,0.0033479435859928124,1,31.913157900244858,32.051914510446004,1
1908,1909,-0.005943312071513525,1,31.912573024497664,31.75481921703261,1
1910,1911,-0.0037652962891686465,1,31.58320917894486,31.495872247802286,1
1914,1915,0.0029149901566797465,1,31.304660856041163,31.427218295150762,1
1916,1919,0.0016637463358270509,3,31.462325454123352,31.54613310826837,3
1923,1926,-0.021062576954621264,3,33.18830280632379,32.522459927278646,3
1931,1937,-0.015912848957775245,6,32.5731479432768,32.08738950791945,6
1938,1939,-0.00474339366027451,1,31.860935577628712,31.741667553377003,1
1942,1945,-0.003850972836641134,3,31.528391339527904,31.438504752235918,3
1948,1949,-0.002329250736292778,1,31.36276904852077,31.321080064670845,1
1951,1952,-0.006348463966945978,1,30.930817288747125,30.76538492701007,1
1953,1956,-0.002150861242020351,3,30.692041220524498,30.656718939845305,3
1957,1967,0.09416245752477309,10,30.804123063904044,33.735519116560695,10
1969,1973,-0.0067167747651553115,4,34.42679384681155,34.22998362050289,4
1975,1976,-0.0018534555500718175,1,33.87198614648705,33.84307791191838,1
1978,1983,-0.01529003302610129,5,33.864624446582276,33.3806978448241,5
1984,1985,-0.003973990021181088,1,33.20906040885862,33.11029699458987,1
1989,1990,-0.0048064623173029045,1,33.451248967024036,33.32391804836434,1
1992,1993,0.0019464739299042797,1,33.30678787859689,33.40492546077003,1
1994,1996,0.00500894236802935,2,33.61536494756901,33.81735773821923,2
1997,1998,-0.0007311605331954698,1,33.76976203644426,33.778840681264256,1
673,674,0.0018238391038272813,1,27.04133342276542,27.117693797504256,1
675,676,-0.007110238695195098,1,27.144074243578064,26.978217470789705,1
680,681,-0.007265163748618022,1,26.46195131904707,26.296162860925282,1
682,683,0.00028193086028087963,1,26.241716785300486,26.275356851874314,1
689,691,0.005845390498093037,2,26.32555471448847,26.505763416588056,2
692,697,0.016745348418321662,5,26.607019071734182,27.079169895535035,5
700,706,0.01852612771732206,6,26.96536951184082,27.491898760873806,6
708,711,-0.015250366976452573,3,27.79274546139149,27.396688639283525,3
714,715,-0.009344092079976062,1,27.4884644907005,27.259098211852944,1
716,721,-0.01307857508182873,5,27.066934694827854,26.74000469188142,5
724,726,-0.010685285304631382,2,26.61193119650085,26.35418705035552,2
727,728,-0.00550520052059043,1,26.344571101610683,26.225883526168975,1
729,731,-0.007116243051934768,2,26.144102409972724,25.984198725258658,2
735,736,0.00886290165642396,1,26.259093804357065,26.51808466413625,1
739,740,-0.007418624853834004,1,26.508264083653682,26.338117480974347,1
741,746,0.0018254057888215233,5,26.278557706088066,26.352805295152727,5
753,755,-0.0032383330983510785,2,26.28947489484594,26.230630293050538,2
758,760,0.0009221645368795561,2,26.450325846949887,26.501167725281803,2
764,769,1.3269926267762359e-05,5,26.946008391757246,26.973311971693573,5
771,773,0.0030794168837053057,2,27.08982502266127,27.200335712235336,2
776,777,-0.0007031287930851764,1,27.193122490584596,27.20119534567816,1
783,785,0.006154182557793993,2,27.830185173653792,28.029287399003323,2
787,796,-0.018937660888646967,9,28.181349149191348,27.675841664768594,9
798,805,0.01759199031161078,7,27.96039621393855,28.480235629456896,7
806,811,0.0006603506535762353,5,28.59268726734996,28.640161154341804,5
814,815,-0.00022349358897825208,1,28.564767530624156,28.58694825574103,1
817,822,-0.002552417659045052,5,28.460222248025836,28.416040096427654,5
831,833,-0.006068804201284403,2,28.09512156846921,27.952712898227357,2
834,842,0.021373425273069128,8,28.025787013701187,28.652819865171182,8
844,846,-0.0023129985587170615,2,28.62868546245662,28.59109603970645,2
858,860,-0.005980644353877138,2,27.969839444258653,27.830531621351756,2
864,867,-0.009226398096742167,3,27.907232622605058,27.67765661727312,3
868,870,0.002519037502359331,2,27.639776427078953,27.73704183688267,2
878,887,-0.016483791642416604,9,27.585167736494007,27.15804474684102,9
889,890,-0.004631846546343847,1,27.23072987977565,27.131832047507366,1
894,895,0.0029718952597871714,1,27.016511954175936,27.12381870994271,1
903,904,-0.0016816185037857438,1,27.503257947045903,27.484511217514804,1
907,908,0.0010845703684544896,1,27.65346455498568,27.711110147782108,1
912,913,-0.0038575119741655734,1,27.94700560525253,27.86714670209345,1
918,920,-0.005398701547508789,2,27.372103330230875,27.251701616953618,2
921,922,-0.0014986762302564888,1,27.250648522088483,27.237059271411443,1
931,932,-0.0026965808668144428,1,27.246788485966448,27.200562105939017,1
936,937,-0.0033139911649673445,1,27.275013070972484,27.211898931701885,1
938,940,-0.005342887609412565,2,27.14703340499506,27.029136889988198,2
942,944,-0.014064817124255401,2,26.938461765040724,26.58651568847172,2
946,947,-0.006484145330484705,1,26.43684750099455,26.291863987219234,1
950,951,-0.002732322265069341,1,26.716849584519256,26.670567391131485,1
955,958,0.00581975335134276,3,26.601016215134738,26.782428584617026,3
961,967,-0.013060844970389455,6,26.7969527575357,26.47375886464821,6
971,972,-0.003068554295255178,1,26.291749953474195,26.23736404117816,1
978,981,-0.002388895074543297,3,26.139655877459784,26.103350638161324,3
983,984,-0.008545995338700985,1,25.91048785169363,25.714967431141282,1
986,993,0.015848239399998253,7,25.923613167556013,26.360380408315944,7
994,995,-0.004821631332524168,1,26.407887364427,26.306966154649338,1
996,997,-0.00017586078291090593,1,26.23341288124942,26.25503286560295,1
998,999,-0.0038569043676317653,1,26.28580906560885,26.210713022882576,1
1000,1008,-0.008523689132999054,8,26.173802494605454,25.976878941207527,8
1010,1012,0.0061728935236436905,2,26.183560225772503,26.37137211534188,2
1013,1014,0.0026672132155673442,1,26.511682961236186,26.608906955358563,1
1015,1016,0.0036106222586666644,1,26.77065349030399,26.894082861165437,1
1018,1019,0.002675030109705773,1,27.059947487266655,27.159393609049417,1
1022,1024,0.001356671953618912,2,27.614260407369866,27.679338160391843,2
1027,1028,-0.0005005333232491497,1,27.56005781714399,27.57382314763298,1
1035,1036,-0.0024062826009176213,1,28.2741983856464,28.234436872401773,1
1046,1049,-0.01465519735317707,3,28.3590013720446,27.97175361157031,3
1053,1054,-0.0013347457883620356,1,27.8399932360137,27.830673915529918,1
1058,1059,0.002080716043025992,1,28.28808369576797,28.375231249035984,1
1060,1062,0.021662089001970822,2,28.674292742486514,29.32411211668531,2
1063,1066,-0.011573435296290117,3,29.577750869511046,29.265012434482482,3
1068,1076,-0.021246054817580753,8,29.29207011259772,28.699021255377648,8
1083,1084,-0.011618180697713493,1,29.113212513704568,28.80408316254312,1
1086,1087,-0.007077075616315339,1,28.580549557054464,28.406863396240396,1
1090,1095,-0.02234079148822392,5,28.58913849967094,27.97902365612151,5
1098,1099,-0.0009348966946645262,1,27.719992673943228,27.721797337090177,1
1102,1105,0.0006561924355571323,3,27.897775352036284,27.9439794365432,3
1108,1109,0.0003982330102831977,1,28.175278006583824,28.214673610366535,1
1111,1114,-0.020940331433761634,3,28.176892516893847,27.615035941333506,3
1117,1120,0.002239193836265947,3,27.138188463372796,27.226094316170776,3
1121,1123,0.003019414051370478,2,27.36434954080539,27.474338191856315,2
1130,1131,-0.0028446564118582976,1,27.636343757718652,27.585364199005657,1
1134,1135,0.001026642932970361,1,27.54649873022628,27.60232564720597,1
1138,1139,0.0008158597718877986,1,27.802719916752384,27.85320575739828,1
1141,1143,0.0059998114411604795,2,27.91131332346885,28.106687253808282,2
1146,1148,0.005414134412431996,2,28.236400681556123,28.41751275085091,2
1149,1151,0.0011939499539099863,2,28.488227007757203,28.55072875208785,2
1156,1157,-0.004869145345631799,1,28.612842113603126,28.50213486871398,1
1162,1167,-0.013841515664256926,5,28.248995981151115,27.886236056759632,5
1168,1169,-0.004973786537274621,1,27.881183868128634,27.770389995030186,1
1179,1180,-0.004277147669796456,1,26.931382090085158,26.843123974024238,1
1183,1186,-0.0013642644373225512,3,26.69733672860495,26.687611838263493,3
1188,1190,0.005660049206313815,2,26.802259074812152,26.980763439090772,2
1191,1193,0.003676909104964459,2,27.038410458600598,27.164866646658194,2
1200,1202,-0.001229855885108193,2,26.966835588218625,26.96063710235593,2
1208,1211,0.016889209887572795,3,27.088844877215216,27.57344290883562,3
1212,1213,-3.584441228810366e-05,1,27.657381775189922,27.684047794369953,1
1214,1215,-0.005228579564367738,1,27.613003392888047,27.496239611030063,1
1221,1224,-0.0005463102559389906,3,27.97713055323799,27.98982349043825,3
1227,1229,-0.0037699941219818717,2,27.60118134712752,27.52472623703622,2
1235,1237,-0.007473869334654769,2,27.708146828194835,27.528767906123672,2
1241,1244,0.0035571658766024306,3,27.46993280650799,27.59511784692637,3
1246,1255,-0.03293288364782403,9,27.488762320412224,26.61096687161181,9
1256,1257,-0.004616501150796737,1,26.461347779179302,26.365650284484268,1
1259,1260,-0.0007932584594692111,1,26.426727801343983,26.43219130376082,1
1263,1264,0.000719179320319969,1,26.804882357411408,26.85096475684388,1
1273,1278,-0.011606692402974302,5,26.856230114724802,26.57137434279442,5
1292,1294,-0.00510461009668452,2,26.17471422854,26.067277232239704,2
1295,1296,-0.004845257194411901,1,26.019582251935848,25.919530266086,1
1303,1306,-0.011193187142596938,3,25.491876965649073,25.232033493122156,3
1307,1308,0.0046556698362111995,1,25.361506539719183,25.504942847256746,1
1309,1313,0.01955018946351036,4,25.582391903821357,26.10811490437466,4
1317,1322,-0.03052753491846572,5,26.371569885789484,25.592882435132076,5
1323,1325,-0.008177613209172027,2,25.524628242056924,25.34142233322753,2
1331,1334,0.009735607976533871,3,25.6863204891576,25.962078756288804,3
1341,1342,0.0001925427897245763,1,26.334571113767414,26.365976216669626,1
1346,1347,-0.0011893914778212586,1,26.372145972674925,26.367151312975842,1
1349,1351,-0.011096308254553097,2,26.39180677941785,26.12534696277824,2
1352,1353,-0.010534300451949665,1,26.023007911012645,25.774896734925587,1
1356,1359,0.0012206939033023645,3,25.67111086973313,25.728118549132546,3
1363,1365,0.0006881153133883476,2,25.80437000607199,25.84793075823158,2
1369,1373,0.012397894457617926,4,26.15031110123283,26.500670209401022,4
1374,1375,-0.0022787360544426812,1,26.744498658678545,26.7102995039857,1
1376,1377,-0.004966359807892004,1,26.73832836271775,26.632274531769646,1
1378,1380,-0.006344148428042629,2,26.63355432820941,26.49122066071312,2
1381,1384,0.0009397644076798639,3,26.62417206203839,26.675816683388277,3
1391,1393,0.009374192638833042,2,26.67372900266377,26.95044740573343,2
1395,1397,-0.0004195076624959376,2,27.265714561381003,27.281542099760458,2
1399,1402,0.0013823039383661917,3,27.336275689001056,27.401399006235227,3
1403,1404,-0.0010645613085234933,1,27.479749696700424,27.477975568102107,1
1406,1408,-0.005724471067238253,2,27.409387011227853,27.27989215532257,2
1413,1414,-0.0009004144238416635,1,26.970436737629857,26.973122604111616,1
1415,1417,0.0006460691942396526,2,27.04338174973687,27.087897027343175,2
1418,1424,0.004766386151900875,6,27.13631118998,27.292789639039572,6
1428,1430,-0.0020455002385097046,2,27.861249158503995,27.8321202158636,2
1431,1435,-0.0012700629040055796,4,27.92226071043493,27.91471994362107,4
1436,1439,-0.002858212050749746,3,27.887608543314638,27.83578745305286,3
1440,1441,-7.420945531308248e-05,1,27.927418691828276,27.953273631990683,1
1445,1446,-0.008780727183469134,1,27.98979543264299,27.772014470460483,1
1448,1452,0.00311997981636438,4,27.587337366603784,27.700996639741426,4
1455,1457,-0.003153445037616357,2,27.947706422953775,27.887522573244507,2
1459,1463,-0.012901121639597439,4,27.43815217354364,27.11160738696051,4
1464,1465,-0.00458024226372163,1,27.049874557157505,26.9530294530396,1
1467,1468,-0.0030092915934319757,1,27.0563765697883,27.002012419797893,1
1470,1471,-0.0023251237757059154,1,27.01883703140218,26.983033728059947,1
1472,1473,-0.002314977619966141,1,27.074163357898524,27.03856143900358,1
1476,1479,-0.008112200099140664,3,26.56954699944095,26.380579064637402,3
1480,1487,-0.01623999768647442,7,26.438691792604246,26.035766190851547,7
1490,1491,-0.004674439647920074,1,26.027478541782667,25.931842142693352,1
1497,1502,0.009541310417935638,5,25.454364798899242,25.722687159735813,5
1511,1512,-0.0028655790162896077,1,25.770698969027293,25.72262169379556,1
1513,1515,0.00560902939913456,2,25.68612215901801,25.85588249551672,2
1516,1517,-0.0061893636913893015,1,25.859493161673026,25.72529884678211,1
1524,1525,0.000862708379029836,1,25.881584224964122,25.92979406876253,1
1526,1529,-0.01305573915111696,3,25.89359958608645,25.58143310379312,3
1531,1535,0.00017896996152169512,4,25.35070302879892,25.380590746173333,4
1536,1539,0.001958816175057932,3,25.29970261069708,25.374559780005765,3
1542,1543,-0.0004045160963517849,1,25.64296344640546,25.658233418379634,1
1550,1551,0.00017608511142599655,1,25.71364783919106,25.743889277575185,1
1557,1558,-0.0020299611993653596,1,25.745118346612344,25.718601873642264,1
1562,1568,0.01470841773109239,6,25.769491780229,26.17428972183079,6
1571,1578,0.003365384792718905,7,26.357944132548667,26.47300670103223,7
1581,1583,-0.0071529603782532645,2,26.03282740330395,25.872648447757516,2
1584,1590,0.009839409054576857,6,25.95664151941746,26.23799617452944,6
1591,1594,0.0024696441374999663,3,26.334235753604148,26.425606180302182,3
1598,1599,-0.0022675075128938916,1,26.027783046109565,25.99479263555465,1
1600,1603,0.0064144528265513215,3,26.01187715217975,26.204740988254635,3
1606,1607,-0.010605018721086868,1,26.12152687586267,25.870629121196636,1
1612,1613,-0.004952326725800452,1,25.37925711352606,25.27894999735531,1
1616,1619,0.0035723339226978127,3,25.438405809521583,25.554718695343812,3
1620,1621,-0.001475829968986366,1,25.56259249717612,25.550429049580977,1
1622,1624,-0.006957602035266904,2,25.587901912642952,25.43545937612998,2
1626,1629,-0.010730009155501444,3,25.300400016263996,25.0542268924679,3
1631,1634,-0.028146810352502813,3,24.862298701552195,24.18736659377388,3
1639,1641,-0.016187189029750068,2,23.594619277615582,23.23628333456145,2
1642,1644,-0.02482710030906784,2,23.165556888809196,22.61358884110412,2
1646,1648,0.03692294984859566,2,21.983902647418134,22.81759708499258,2
1650,1651,0.004836466569892181,1,23.801058823230317,23.939972907380138,1
1654,1657,0.022215922066015914,3,24.34012774245207,24.905206251197708,3
1659,1660,0.0217226024081532,1,25.45251767064762,26.03086510996424,1
1662,1664,0.0014587622775081958,2,27.076713056088078,27.1432882567493,2
1665,1666,0.01015295764135471,1,27.478716533742684,27.78518549528231,1
1667,1685,-0.04102101509178246,18,27.602332335377458,26.49765897641492,18
1687,1692,0.026092327103005276,5,26.58144634180525,27.30159958096842,5
1694,1696,0.009221732408600684,2,27.67605536251366,27.958952594554894,2
1699,1701,-0.0034344612897667976,2,27.812891433376837,27.745182025825795,2
1704,1707,0.05777497143114912,3,27.849173845630418,29.48600824278845,3
1715,1717,-0.017078237275197725,2,30.85231386064393,30.356263037903627,2
1719,1723,0.05990531531160794,4,30.478891529869482,32.33521802884448,4
1726,1727,-0.0038636708586887152,1,32.37862294444377,32.285901225473296,1
1731,1733,-0.01802687234030204,2,31.74680657765412,31.20625775484414,2
1737,1747,-0.023058706301848482,10,31.102051911152945,30.415980882659976,10
1750,1752,0.0022421708966055514,2,30.30372900643755,30.401978874680843,2
1755,1758,-0.0016171048713093232,3,30.47985894156371,30.46104967213405,3
1760,1763,0.00691289192738027,3,31.01101315797965,31.25639995365731,3
1767,1770,0.030792425629590073,3,30.414937999281562,31.381902653652315,3
1773,1774,0.003936457879564887,1,33.93675419006033,34.10428154768871,1
1777,1779,0.004727294554694665,2,33.42724120016564,33.61868885666981,2
1780,1783,0.010187822644152064,3,33.504085180984795,33.878922943844216,3
1785,1789,-0.024208834970971996,4,32.603488046099734,31.846799072559747,4
1793,1798,0.06626197911028059,5,32.54753979576316,34.736751737596805,5
1799,1802,-0.004806693001755676,3,35.05357654834895,34.92013834381584,3
1803,1804,0.0038766155673805305,1,35.140522716543515,35.3118895366689,1
1808,1810,-0.01685878696460199,2,34.221706342260326,33.67899159181325,2
1821,1823,-0.017545237061752296,2,31.876347698034248,31.34894596870743,2
1824,1828,-0.0163608427724702,4,30.973873601560065,30.498088799112136,4
1830,1833,0.028472797134682065,3,30.597570578303316,31.499366568771766,3
1834,1835,-0.005485916399162492,1,31.940363594161134,31.797081793318874,1
1840,1841,-0.003795949273394476,1,30.002986011160477,29.919099184222908,1
1842,1843,-0.007235592519690344,1,29.977539046416062,29.790611328179505,1
1844,1848,0.010932406571047073,4,29.786664764243113,30.142091358605544,4
1850,1852,-0.0040491912180311024,2,30.444000122417638,30.351170544602624,2
1854,1856,0.020462182861134746,2,30.436572064184332,31.089807339491962,2
1858,1863,-0.0019505481567114692,5,30.80170397469963,30.772425471762908,5
1864,1867,-0.0124198297512088,3,30.844771374543562,30.492529336731316,3
1869,1872,-0.019852392565528343,3,30.465270649078768,29.890927407187267,3
1873,1874,-0.0035748368779389183,1,29.721021088022066,29.644494306874627,1
1877,1878,0.0012001646558831573,1,29.683420908206436,29.748729321754375,1
1882,1884,-0.0066575951455682455,2,30.551597690316765,30.378749119534675,2
1893,1897,0.0026351192796875097,4,31.78716706603207,31.90271720988045,4
1903,1907,0.0009796465543712215,4,31.974766340362454,32.03806507637498,4
1910,1915,-0.007860286425519569,5,31.565629852698965,31.34908059070752,5
1917,1918,-0.0027219458669098928,1,31.473708803333626,31.4195127805434,1
1919,1921,0.03028333576761799,2,31.521042320930768,32.50712567160174,2
1923,1924,-0.003965351729291883,1,33.21577949414944,33.11728302498668,1
1929,1930,0.004142776670703619,1,32.55312661575446,32.72054007587242,1
1931,1932,-0.004857611731508208,1,32.61462352914959,32.48880897480482,1
1935,1937,-0.010925309778701205,2,32.41324974572579,32.091538201065056,2
1938,1945,-0.015785955066772377,7,31.902946859676828,31.43123132091202,7
1947,1949,-0.0014941940472683584,2,31.328131112121966,31.312648936214313,2
1950,1954,-0.01314286274236055,4,31.116377891752705,30.73853598597373,4
1955,1959,0.01914543868786861,4,30.673470533585263,31.29140105356375,4
1964,1965,0.0005728386475690771,1,33.122622766489705,33.17471930768569,1
1967,1968,0.008641505518275923,1,33.783641134191775,34.10936629661454,1
1973,1975,-0.010220349519119418,2,34.22928417310238,33.91367820923711,2
1978,1981,-0.005850554313932326,3,33.84971001803153,33.68552016107821,3
1983,1984,-0.006906173345147864,1,33.36901352700402,33.17193034875695,1
1986,1987,0.0016600874300555651,1,33.25677104026659,33.34523695887504,1
1989,1990,-0.00848667433947525,1,33.43724136935339,33.18690763241061,1
1991,1995,0.010556936793382897,4,33.379174477038184,33.764935486684614,4
675,686,-0.035707674641914114,11,27.051537121126653,26.112641172162927,11
688,702,0.027791958739438273,14,26.238587788552696,26.994048125541834,14
703,708,0.02376172996096186,5,27.114964706291158,27.78637814024935,5
715,716,-0.010380266824216056,1,27.30059993022106,27.044513018414413,1
717,718,-0.005371489526820017,1,26.91375972535923,26.796106506592473,1
719,727,-0.015101235637142062,8,26.674163350727376,26.29802468789515,8
728,730,-0.010743918874599124,2,26.279620380771377,26.02355389172588,2
732,736,0.021034613485718126,4,25.962276405480086,26.53434513128422,4
738,748,-0.013181849238492294,10,26.658306313030753,26.333558844571865,10
749,754,-0.008053362886333213,5,26.396896528501518,26.210709638213007,5
756,760,0.005019588102513924,4,26.371864922816787,26.53061268714728,4
764,765,-0.0013253811194394636,1,26.959365983075585,26.950593914392634,1
767,769,-0.0010867510908598966,2,26.93465351243058,26.932316901856442,2
773,778,0.0057113607395397606,5,27.22084877965775,27.403537715454494,5
786,787,-0.0003539538860694658,1,28.186166708195742,28.20437627166417,1
788,793,-0.019068195996426243,5,28.250662394892434,27.74022388971265,5
795,797,0.005023441018257346,2,27.64561614903851,27.812137887325626,2
801,802,0.0006465148919291184,1,28.08098287843434,28.12721863492369,1
804,805,0.0007830811202837599,1,28.41255437432882,28.463216263612722,1
806,811,0.0005353886426888988,5,28.6175478795505,28.661486937546368,5
813,824,-0.0015442108687471348,11,28.60010032981783,28.584535844371086,11
825,829,-0.00955842356947317,4,28.56689753602307,28.322409926844045,4
841,842,-0.0037601110625917317,1,28.727823442508182,28.648531459220333,1
851,853,-0.005091314968043335,2,28.198234386942413,28.08286652852272,2
860,862,-0.0019153850068759498,2,27.803635325063993,27.778184294150783,2
864,868,-0.011575212142226291,4,27.912057436899875,27.616881508178654,4
872,877,-0.011756454573089662,5,27.949255749650966,27.64862084982818,5
878,880,-0.013237215495456141,2,27.570878463711093,27.23348768255163,2
881,883,-0.003987108869238708,2,27.21366445563949,27.13237427717956,2
884,885,-0.00012081027735579919,1,27.109294673453054,27.133128886718087,1
888,890,-0.007498845087294819,2,27.29257907066576,27.115208827252758,2
892,893,-0.00384334714251812,1,27.094127094005014,27.017089085153252,1
894,895,0.0016488548328574427,1,26.985048292476606,27.056527768061024,1
898,901,-0.000976665485351849,3,27.36191244461266,27.3625509215594,3
902,904,0.004730889434597105,2,27.452537808180136,27.609865267057913,2
907,909,0.0029853877161277126,2,27.667091414712804,27.777355500977983,2
912,913,-0.003575847226222165,1,27.954057522779546,27.88205214124784,1
916,917,-0.006126096789430119,1,27.490294372360424,27.349376462637778,1
918,920,-0.0066742714501095805,2,27.371577089494657,27.216263331071264,2
922,928,-0.0026927210767756253,6,27.239749179779313,27.19363988221662,6
930,932,-0.004373984555791192,2,27.32954987275682,27.237340393569415,2
938,943,-0.020671350684512473,5,27.221572618039293,26.68608751688592,5
948,952,0.007790765689757519,4,26.462835855375598,26.69546444486672,4
953,954,-0.0035969161814355154,1,26.64611682660876,26.57691909464932,1
956,958,0.0004922803106865805,2,26.752032349850683,26.791953880997216,2
960,962,-0.004234137886107825,2,26.806117423854268,26.719422743914325,2
965,973,-0.013731137984194043,8,26.53464701428354,26.196830761782813,8
983,985,-0.008383103267298894,2,25.91246469173536,25.72115028900604,2
986,987,0.0009983187674109319,1,25.88656231681068,25.938291920112114,1
991,994,-0.0010880221949888629,3,26.327811283417077,26.325493851678658,3
1001,1004,-0.0048433378135407205,3,26.070964596012242,25.970765071944907,3
1006,1007,-0.004870269889035328,1,26.12649077958493,26.025374209014544,1
1008,1012,0.009527129227086747,4,26.061552316921283,26.335905646019995,4
1013,1014,0.005328633431288747,1,26.460547541698407,26.628006647481005,1
1017,1020,0.015626412374419352,3,26.865756067764497,27.31243720689771,3
1029,1030,0.0025265257335706057,1,27.645473496795873,27.742965970499068,1
1033,1034,0.0033286008993059467,1,28.121412554442546,28.24313892611546,1
1035,1038,0.0019541215835535766,3,28.27103213886597,28.35454820509673,3
1040,1043,0.00048177573561488675,3,28.388578248261943,28.430643754678822,3
1046,1047,-0.007743047649160245,1,28.310917744435383,28.1200158770932,1
1049,1055,-0.005207602748061101,6,28.0582263738575,27.940168503461138,6
1056,1060,0.01755878451788996,4,28.144549469352068,28.666878098306867,4
1068,1073,-0.02260600699123949,5,29.347904923874207,28.71381388491075,5
1078,1080,0.003767604336473096,2,28.965556091707704,29.103652402538884,2
1081,1082,-0.0034563254007291184,1,29.23586726532742,29.164054461951253,1
1087,1092,-0.004455851933177107,5,28.445390712402574,28.34708765391914,5
1095,1096,-0.001891359580274989,1,28.023543021746153,27.99856396820047,1
1098,1100,0.003461052992403702,2,27.719602287007945,27.843260901738642,2
1101,1103,0.005222754265261971,2,27.86119555346165,28.03456892692725,2
1105,1110,0.010010785502784496,5,27.940986591621378,28.2486388017179,5
1116,1118,-5.177909785945194e-05,2,27.120088706281734,27.145804541260937,2
1123,1124,0.0005738197114986538,1,27.490911733433606,27.534177472206753,1
1125,1126,-0.007078315958829474,1,27.628312492768732,27.460378880028408,1
1127,1134,-0.0039944490119334045,7,27.568903143410555,27.48634946863268,7
1135,1136,-0.003604562800658274,1,27.62120533406502,27.54926417014257,1
1140,1141,-0.000551876122576359,1,27.900827435621203,27.91333046259498,1
1143,1144,-0.00016166473547566903,1,28.158009059865453,28.181614911839134,1
1148,1152,0.007753402016446676,4,28.386724601926613,28.635205014297433,4
1154,1157,-0.00448291362695262,3,28.662906720033433,28.563076291630157,3
1164,1165,-0.002518259111604279,1,28.02205573797147,27.979510996521412,1
1166,1175,-0.026501621008807305,9,27.93768261420789,27.225226420316016,9
1178,1180,-0.007907064627205116,2,27.020431371962513,26.833799506221407,2
1183,1184,-0.002386919003061501,1,26.740698830534143,26.70361164717093,1
1187,1188,-0.0018283858729471185,1,26.778139764430225,26.755957131745568,1
1197,1198,-0.001419964940205798,1,26.87444009083218,26.86315376820637,1
1199,1201,0.0006360291088195126,2,26.848405896129158,26.892330669700627,2
1204,1209,0.006895998906663463,5,27.047855817178206,27.261425657138236,5
1213,1216,-0.012185353826441762,3,27.709086798224067,27.399150858178345,3
1219,1220,0.002217402116195254,1,27.709281242397147,27.798433142504685,1
1224,1227,-0.01569113586988246,3,28.045087508964087,27.633073317887153,3
1229,1231,0.003940491155586995,2,27.584757035969425,27.721039284134648,2
1233,1234,-0.00020685043723935612,1,27.70832533853516,27.73030218466225,1
1237,1238,-0.0034623572903809447,1,27.53653641121781,27.468731620033807,1
1241,1245,9.518770433230368e-05,4,27.50970938748705,27.53983768295798,4
1251,1253,-0.007616168184578433,2,26.740808193699554,26.563886509298484,2
1255,1257,-0.008982067696769746,2,26.609566734070913,26.397167371017847,2
1260,1263,0.013113664003707292,3,26.42266484137071,26.795585455024387,3
1264,1268,0.006698734572242281,4,26.840478015361874,27.04711573139425,4
1271,1272,-0.003429928349224213,1,27.007748211745458,26.942121318717028,1
1274,1275,-0.006631447526325387,1,26.771900344680848,26.621135792709765,1
1277,1279,-0.0030640992027796497,2,26.5473647743803,26.4925683799136,2
1281,1282,-0.009564881443371583,1,26.56526981037706,26.337741423940003,1
1284,1285,-0.007291217749711298,1,26.125345699153243,25.960985460573387,1
1289,1290,-0.00010094659542793458,1,26.162897865738568,26.18641970813823,1
1296,1299,-0.001990030702775365,3,25.962504569789097,25.93680089314406,3
1301,1302,-0.005021394626747214,1,25.8368615044743,25.732961288448195,1
1306,1307,0.002794745939027633,1,25.24061454788359,25.336396267437735,1
1311,1313,0.009905248632834044,2,25.795425645349344,26.07673117560166,2
1318,1319,-0.012641312943496984,1,26.027356787789863,25.72436418233115,1
1321,1325,-0.015218553170054269,4,25.731339195821793,25.3654767813293,4
1327,1328,-0.004618803991568865,1,25.36626800631891,25.27447245440644,1
1332,1333,0.001200590665043876,1,25.86788927127801,25.924813906932773,1
1335,1336,0.0010205946363791587,1,25.97909775339006,26.03159097896853,1
1337,1338,0.00034267895703340664,1,26.142334994265365,26.177435757349883,1
1344,1345,-6.521701218576532e-05,1,26.44105857746931,26.465775229207328,1
1347,1349,-0.006914081458946737,2,26.415056763262964,26.258835965822325,2
1350,1355,-0.02717424289513222,5,26.2865272942341,25.598497343965295,5
1356,1357,-0.001042721052717787,1,25.69115614322995,25.690058589993974,1
1358,1360,0.0045402126422136625,2,25.721299741106062,25.863801211105905,2
1362,1364,-0.005667932099473945,2,25.91905060256574,25.798062234270134,2
1366,1367,0.004590767697943276,1,25.86467869761024,26.009282107790522,1
1368,1369,0.0011902420167123548,1,26.05480541252828,26.111871742080066,1
1374,1376,-0.0015578854172059939,2,26.691913419249303,26.67702238999538,2
1381,1382,0.00018207688894896022,1,26.637667693637106,26.669155464993256,1
1384,1388,-0.006877794672554269,4,26.629654857479437,26.473131214026186,4
1391,1394,0.016408489492789592,3,26.64955542405936,27.113483929646613,3
1399,1405,0.0021515167092047037,6,27.36212247083526,27.448354657001403,6
1409,1414,-0.01050855335024448,5,27.212182604989422,26.953434114913286,5
1416,1418,-0.002925202215820253,2,27.124748782806126,27.0725281563459,2
1421,1423,0.008933338199270238,2,26.953077920280872,27.220811958774306,2
1436,1439,-0.00502391510800396,3,27.932435440521274,27.820037691548816,3
1442,1445,-0.002965555009550987,3,28.037694585010097,27.98258495396227,3
1446,1454,0.0010181976413808618,8,27.7301024749779,27.78606730238815,8
1463,1467,-0.005227004597883093,4,27.16677179824094,27.051937728940135,4
1469,1470,-0.002404572254006817,1,27.05572253848423,27.017720821294567,1
1473,1477,-0.02312880843248287,4,27.037611415047568,26.439301291572068,4
1480,1481,-0.003832211419155347,1,26.451061345341515,26.37614634735046,1
1482,1485,-0.00996139944404954,3,26.128211898346475,25.894066554766624,3
1486,1489,0.0036753254433350016,3,25.898205386540834,26.019287925121244,3
1490,1493,-0.01253156912354091,3,25.987806138795186,25.68812595593649,3
1498,1499,0.0013337289417814113,1,25.55899114378881,25.618638901143804,1
1503,1504,-0.004329100535066876,1,25.79409082756201,25.70821970598641,1
1510,1511,-0.005159399870162685,1,25.780692475337347,25.673460266402724,1
1518,1524,0.00503068628398974,6,25.721731730533005,25.876851425280794,6
1526,1527,-0.008254990181922366,1,25.908600104995582,25.720633465606486,1
1528,1529,-0.0025511378156172185,1,25.596277926219905,25.556574571589497,1
1530,1532,-0.005736803908168896,2,25.481652898826585,25.36095130578882,2
1534,1536,-0.0033155251633488676,2,25.385754073840754,25.32697272149219,2
1541,1542,0.0009186641011734646,1,25.604079101841606,25.653204729257915,1
1552,1555,-0.0013652476586004465,3,25.848590980831762,25.839149843497893,3
1557,1558,-0.0029079317332388424,1,25.763265436544543,25.714110884866304,1
1569,1571,0.0025022776868833647,2,26.194026822966197,26.285765578637896,2
1572,1577,0.0008133910590240644,5,26.45119942807386,26.49916579661719,5
1580,1581,-0.0097061015967067,1,26.22396739526742,25.995658870855497,1
1584,1587,0.001996854057244404,3,25.934152918805253,26.01187379020117,3
1593,1594,0.0007649337762956219,1,26.40103098419695,26.447627055509987,1
1595,1597,-0.010469465017513148,2,26.41397661123491,26.163850383741412,2
1599,1602,0.0037099538463637085,3,26.002811943181435,26.125283987309494,3
1606,1610,-0.02519547487834135,4,26.078137648959036,25.44716472459972,4
1611,1613,-0.005287847485677147,2,25.37064164437014,25.26185620238531,2
1617,1619,0.0007346737002146804,2,25.51764457494838,25.56190936188397,2
1622,1623,-0.0009544350598996436,1,25.56221455181791,25.563379292592796,1
1627,1628,-0.005468169514073431,1,25.293801510030885,25.18078451722874,1
1632,1634,-0.02441980985836876,2,24.75340488558763,24.173684849819953,2
1636,1638,-0.0022836640860982426,2,23.773421997934797,23.74290490991239,2
1642,1646,-0.052016000843493206,4,23.126033090792763,21.946235367126228,4
1650,1667,0.1503164513777654,17,23.88489216238214,27.499069285934407,17
1670,1681,-0.02717334391562356,11,26.769712223393906,26.069059338848746,11
1683,1687,0.0013343899525838521,4,26.381362197429652,26.442946584278808,4
1688,1693,0.031059681515847648,5,26.657109925333682,27.51172837967282,5
1695,1696,-0.0034642181072711588,1,27.98371965313323,27.91476166445518,1
1698,1699,-0.006643490832102328,1,27.97124675693738,27.81339128230213,1
1702,1703,-0.0006167836019563392,1,27.63466758162644,27.645257639398206,1
1705,1708,0.056817637456834665,3,28.17300311711024,29.801899597405594,3
1710,1712,0.011409547753023084,2,30.17106811369224,30.545477424208816,2
1717,1723,0.06427648619518779,6,30.415301069190274,32.400705049555754,6
1725,1728,-0.017177602167880817,3,32.44693939727871,31.922025720144198,3
1729,1730,-0.0031943358226165907,1,31.899387703288983,31.82938973413212,1
1733,1734,-0.0038152949717251785,1,31.221968364909966,31.134069314364872,1
1737,1738,0.003340137142708568,1,31.08598973950465,31.220907198190933,1
1739,1741,-0.006250858396437361,2,31.168974014158536,31.005310145247954,2
1749,1751,-0.004061209118347605,2,30.365028232857227,30.272074531551922,2
1754,1758,-0.003083075300188384,4,30.50267799518305,30.439138620061684,4
1759,1763,0.013284179312548456,4,30.860683507761987,31.301503044694666,4
1767,1769,0.005678779377682908,2,30.428688674164214,30.631915172571155,2
1770,1771,0.03667886644844772,1,31.381867303314635,32.564300490339136,1
1774,1778,-0.015801968073839864,4,34.12772876698902,33.622571215347385,4
1780,1781,-0.001826221185693548,1,33.488380822764654,33.46071201305431,1
1784,1790,-0.06890098746223608,6,33.364795409443765,31.099292854667052,6
1795,1796,0.011273616219081052,1,32.73171847770252,33.13345502848885,1
1797,1798,0.02081100339031352,1,34.00849903527452,34.750258523032365,1
1800,1803,-0.0002486441732768021,3,35.04965497458072,35.07598973707051,3
1804,1809,-0.042697098703829775,5,35.30191457414059,33.82992715770848,5
1814,1815,0.006653010359459881,1,33.32666287696508,33.58171217320872,1
1818,1820,-0.018721345549660064,2,32.77285893673565,32.192079778867495,2
1824,1829,-0.008005890120716588,5,30.9562016286332,30.739325881468247,5
1832,1834,0.02072979942109422,2,31.26409764089793,31.943460211716147,2
1837,1839,-0.02846325132823836,2,31.261154212183474,30.402621277243462,2
1843,1845,0.00042358694071535836,2,29.844697328443225,29.8871838498096,2
1850,1851,0.0032497998543964757,1,30.384504993079965,30.513633057975465,1
1856,1858,-0.013820191097207741,2,31.12270214661852,30.72370315763739,2
1862,1872,-0.03245635992305861,10,30.787098763856136,29.818648704153524,10
1874,1875,-0.009958203684387872,1,29.7153146518713,29.44911881067416,1
1886,1894,0.05048755880994099,8,30.407013499920346,31.972596395732165,8
1895,1898,-0.01274095469232639,3,32.11210007218708,31.735073360164083,3
1902,1908,6.870653719658211e-05,6,31.84193200063725,31.8759616815233,6
1912,1914,0.00048556053966182294,2,31.234209289503205,31.28060959831123,2
1915,1917,0.002024685785849981,2,31.418188913090194,31.513219062512768,2
1922,1923,0.0006011980875340985,1,33.14063129956033,33.19369601501686,1
1924,1926,-0.018074159135469385,2,33.11312445825731,32.54774570178442,2
1929,1931,-0.0024642283067560673,2,32.5961407601775,32.54841256818544,2
1933,1934,-0.006168007073239709,1,32.52393586335254,32.35585193276114,1
1935,1939,-0.026154528964766572,4,32.48687693802499,31.669684851112635,4
1943,1945,-0.003934236338112958,2,31.533716431293072,31.441189054664623,2
1946,1947,-0.003640603734013238,1,31.39395939360827,31.311060387208048,1
1955,1956,-5.730852891174291e-05,1,30.63425117337648,30.663129820680798,1
1957,1960,0.028255846408223623,3,30.787139169726085,31.687842984624197,3
1961,1964,0.03286068644891964,3,32.076933579839114,33.16308057002887,3
1965,1968,0.023555977184943563,3,33.25560478214852,34.072228654450456,3
1972,1973,-0.0016343420456123776,1,34.18108166090186,34.15939916363984,1
1974,1978,-0.008519359745705609,4,34.118192439378355,33.861645476553456,4
1980,1981,-0.007569743276316284,1,33.81867117854005,33.596491190950886,1
1982,1986,-0.012286560198757093,4,33.600973196036804,33.22173378932291,4
1987,1988,0.001479049235257181,1,33.35999740104109,33.442698477086324,1
1989,1994,0.0026771292757646107,5,33.532077238205126,33.65537902109493,5
1997,1999,-0.021716862296184865,2,33.88380624542242,33.181840097365395,2
676,677,-0.0063993341444161835,1,26.986138617010877,26.8404314373501,1
678,679,-0.005502141450643172,1,26.749220313541485,26.628791539995504,1
683,689,-2.680931839254663e-05,6,26.270662142181713,26.296228505778142,6
690,697,0.02193537643281364,7,26.40707631903649,27.012732554903632,7
700,702,-0.0011477155348210302,2,26.9906847754122,26.986697831975412,2
706,707,0.005893362699060146,1,27.53251608922829,27.72230770864905,1
708,711,-0.0117427687803585,3,27.734624649679752,27.43667798985821,3
713,715,-0.0023041944618832928,2,27.25346893447024,27.217925111218797,2
717,718,-0.0073685243648853385,1,26.96465689123083,26.792931816828254,1
725,728,-0.01009046130770749,3,26.483278420417758,26.242533202635705,3
730,735,0.006122084026397908,5,26.05290620117072,26.238457188267322,5
738,742,-0.01874476838372395,4,26.666840223340916,26.193643320051958,4
744,745,-0.0007479243928477415,1,26.2737676649527,26.28039064088902,1
746,752,-0.003852821455496828,6,26.34658571332045,26.271423608318404,6
754,763,0.02397630810621847,9,26.233941083707897,26.88916807905497,9
765,767,-0.00033638690003805747,2,26.95550419258206,26.97339221828034,2
768,773,0.008069162272307213,5,26.97033485339014,27.214933196713996,5
774,780,0.018317110655759257,6,27.22007627065133,27.745889496029708,6
782,783,-0.001992201487343139,1,27.780055912156723,27.752492499362205,1
784,787,0.00905980249406304,3,27.940611389484076,28.221688421625654,3
789,790,-0.006622385637992572,1,28.13650337779177,27.978309105297143,1
797,801,0.006976790124173376,4,27.832084067105896,28.05409476042755,4
803,807,0.010953617616537768,4,28.18819218403651,28.52514305470596,4
809,816,-0.005463401677229553,7,28.64199148519497,28.514150772360757,7
818,820,-0.0009642465711021235,2,28.431995366649275,28.43301190797404,2
822,825,0.0008983516914969386,3,28.457451578477777,28.511473829817472,3
826,831,-0.016922800392105895,5,28.52102297013199,28.066888414399912,5
832,833,-0.0011364335849986978,1,27.933190373474854,27.92937934817175,1
844,851,-0.018011468345970255,7,28.603501573528884,28.116914011926887,7
852,854,-0.00410633850093391,2,28.168930275740152,28.081428043094498,2
855,856,-0.0038675157234515953,1,28.14631873059636,28.065608719079094,1
858,859,-0.00423025342527349,1,28.022683125252023,27.932162757101324,1
861,862,-0.00226437082571233,1,27.78702184870496,27.751888748946026,1
866,870,-0.000741249520495057,4,27.717584609764465,27.72475654807296,4
871,872,-0.0028883222316211567,1,27.96087665781962,27.908077512811044,1
873,876,-0.008762331495624581,3,27.89763235474422,27.681081684463635,3
877,879,-0.00898684131741195,2,27.63542346150133,27.414703719574835,2
884,885,-0.0016343266878612005,1,27.09437399344157,27.07718730892664,1
886,890,-0.001242793819024517,4,27.124979156852895,27.118393379572442,4
892,894,-0.003883748309308548,2,27.0662412034119,26.988188976102222,2
895,904,0.013840216227675929,9,27.11325224641261,27.515618772384894,9
905,906,-0.0017609893720464255,1,27.634916448668204,27.613886570953376,1
908,909,-0.00018969210786073845,1,27.725408951838038,27.7478750695245,1
916,921,-0.008743168169716369,5,27.50019282109876,27.287254203385366,5
922,924,-0.006603317819633402,2,27.237252577683773,27.08463359495738,2
926,927,-0.00319268627462744,1,27.144591824432453,27.085072250508656,1
929,930,0.002387228148902024,1,27.21053534469596,27.302703635962207,1
932,934,0.0014149565567973979,2,27.2552222037023,27.3210423812701,2
935,936,-0.0048517530451733255,1,27.325659403121882,27.22040771130454,1
937,938,-0.003924924710144863,1,27.263266259806148,27.183523258643582,1
942,949,-0.010062843137150546,7,26.867661085176085,26.62416368729901,7
952,955,-0.003902798544392917,3,26.67047575611345,26.593056737910338,3
960,962,-0.008014060064372344,2,26.822745536676024,26.634609188390403,2
969,975,-0.012987313617015463,6,26.477808607416762,26.160410811748346,6
982,988,-0.0032387180783748875,6,26.06496834130169,26.00661622546375,6
992,993,-0.0020405890623378196,1,26.381046413586812,26.353594585235808,1
998,1001,-0.006630043930367347,3,26.242617703821526,26.094870613301175,3
1003,1004,-0.004241909706861273,1,26.013823464748313,25.92948899794537,1
1005,1007,-0.002241934731024588,2,26.089270737235676,26.0568695658,2
1008,1010,0.0033768413259162022,2,26.020976918629838,26.13486660574801,2
1012,1014,0.007635005938442417,2,26.35715090869306,26.58474506331005,2
1022,1024,0.004003152881873318,2,27.62522677449658,27.763440007445805,2
1026,1027,-0.0048618849892150505,1,27.61653851528094,27.509886619734697,1
1031,1037,0.017244922360884853,6,27.77647211879309,28.283251696059754,6
1040,1045,-0.001536853332018979,5,28.412857137784254,28.397603600757655,5
1046,1050,-0.015674445913395917,4,28.32970554380164,27.91398281205669,4
1051,1054,-0.0004545258466712547,3,27.839833403867072,27.85501931342186,3
1056,1058,0.005779757298035113,2,28.109964708575404,28.300543446955878,2
1059,1061,0.021610031044662126,2,28.42730095851409,29.070043115702045,2
1062,1065,-0.000404801278633233,3,29.40508161308226,29.42258348006005,3
1066,1067,-0.0042549150526574615,1,29.370644416813988,29.27504546419545,1
1071,1072,-0.009722026063645414,1,28.961651428945768,28.70904715033629,1
1075,1076,0.000554790885025227,1,28.67567119378005,28.72025586597412,1
1083,1086,-0.018062426088002268,3,29.065887962060906,28.569953397026087,3
1087,1089,-0.0017019280023497204,2,28.492276327151867,28.472276800547153,2
1090,1091,-0.0015678190314423008,1,28.505476727679703,28.48929077549339,1
1093,1099,-0.01814509313471976,6,28.235924579588097,27.751817022926137,6
1101,1103,0.0055059941880252474,2,27.799661326601253,27.98052576162119,2
1111,1112,-0.004217898758754139,1,28.15376120832218,28.06316525507566,1
1114,1119,-0.018497215320534707,5,27.66082350207141,27.17683611731236,5
1121,1122,0.0029244059148945184,1,27.34513492161755,27.452448330847535,1
1123,1125,0.0018585590692560524,2,27.50945890692265,27.58809632017136,2
1126,1127,-0.0013355012649993627,1,27.52826175302872,27.519025986387344,1
1129,1130,0.0016397588026783616,1,27.601434768760647,27.674295899158036,1
1132,1138,0.007461955473335701,6,27.55567662619974,27.78885153484828,6
1146,1154,0.014573101405112837,8,28.226393951823077,28.66596644713548,8
1157,1164,-0.023633166383371727,7,28.625766545000133,27.97787480793559,7
1174,1176,-0.012907360113852483,2,27.516646041065272,27.188995427528894,2
1178,1179,-0.0038071863328766106,1,26.96152951573449,26.88584347856447,1
1189,1190,0.0030106967762760055,1,26.840489597839714,26.94813866294344,1
1192,1196,-0.010695644092476989,4,27.14249309850946,26.879329145643798,4
1206,1208,0.005023982803316573,2,26.950318036870808,27.11266628926883,2
1218,1228,-0.0032917808848604234,10,27.62434410119956,27.561035157431625,10
1229,1234,0.0036146182143325933,5,27.603761535939523,27.731142356707362,5
1235,1237,-0.005373668270936402,2,27.68031905521343,27.559254522032248,2
1239,1244,0.0026868310823498333,5,27.4777255744179,27.579031307137942,5
1246,1249,-0.022399936708836398,3,27.502324871855286,26.913776860251726,3
1254,1255,0.0011467116459159777,1,26.568662917032405,26.625698175132815,1
1258,1261,0.0073331758968256675,3,26.38807383649617,26.607970297354115,3
1263,1265,0.0027597073408671476,2,26.76617002823433,26.866802994176382,2
1269,1273,-0.010714820049740448,4,27.128598236534227,26.86504878646459,4
1276,1281,-0.0010647676018061686,5,26.543682704638634,26.54196353396675,5
1282,1283,-0.008298463107175257,1,26.37402237418654,26.181532544900726,1
1285,1293,0.002445772889723498,8,25.980006740261963,26.06952794316239,8
1295,1298,-0.00020886108808421534,3,26.03167608853946,26.05227076043549,3
1301,1303,-0.015462169856709847,2,25.833959356308807,25.46034424802653,2
1308,1312,0.016101344698143998,4,25.50025968459697,25.936348415355447,4
1313,1314,0.00911755515356311,1,26.041699957568316,26.305178293181555,1
1316,1317,-0.008324809549602012,1,26.53299282664913,26.33864370741297,1
1318,1320,-0.01426303881894251,2,26.01853772793662,25.673452852038878,2
1323,1328,-0.010514654956492439,5,25.581762427069698,25.338360784397167,5
1330,1333,0.011063673457427366,3,25.559751037771683,25.8680955279445,3
1340,1350,-0.0014392023564819409,10,26.236711139571945,26.22518791421311,10
1355,1358,0.003739490666733825,3,25.63422819497238,25.755721380251376,3
1359,1362,0.0047380031340897785,3,25.743579089205323,25.89129582670187,3
1363,1367,0.004279337714974402,4,25.81966581457931,25.955976550102253,4
1370,1374,0.01686825488212601,4,26.16358523963441,26.63108284932643,4
1381,1385,0.0014930816172660814,4,26.56722483101033,26.633459090858295,4
1388,1391,0.004948535926324967,3,26.50086468291809,26.658506028563103,3
1392,1395,0.014541261429315173,3,26.82384471808191,27.240721101384977,3
1397,1398,0.0007184385115809062,1,27.30495319596892,27.351875079097788,1
1405,1406,-0.0010219807603995318,1,27.50781251540915,27.507207872773133,1
1407,1408,-0.0036862985324377286,1,27.34034920467218,27.266904864727334,1
1411,1412,-0.0076941681750189875,1,27.169807578596224,26.987928317382195,1
1414,1415,0.0037921356665631097,1,26.987933095526834,27.117262932280727,1
1416,1418,-0.0014060400327741856,2,27.121746465969732,27.110733951145797,2
1420,1424,0.011213613205665832,4,26.972970870238566,27.30240830345535,4
1432,1433,-0.004531737690285684,1,28.023472758617498,27.924501203663194,1
1446,1447,-0.006140000519644641,1,27.76372930261944,27.6210237195767,1
1451,1453,0.00599526383405347,2,27.57782577817964,27.770739945467568,2
1461,1462,-0.005705424655550746,1,27.352911124742196,27.224204062334746,1
1465,1467,0.0025863769775851153,2,26.92599691505103,27.022563690485697,2
1469,1472,-0.002876722604088472,3,27.107752421268806,27.056878689553777,3
1481,1482,-0.009437543201505867,1,26.359657371332663,26.13724662348515,1
1483,1484,0.0007677119528913662,1,25.873827235479123,25.919564709150325,1
1487,1490,-0.00290070521746614,3,26.04145712627903,25.99195999284869,3
1492,1493,-0.007614147974915123,1,25.822025759505383,25.651235060119944,1
1498,1500,0.0033361562587411403,2,25.579316236863534,25.69023214905833,2
1503,1505,-0.010375581653432574,2,25.843499711393136,25.60120186963851,2
1514,1517,-0.003384866156112616,3,25.695680278686925,25.634399520431995,3
1518,1519,-0.0004493855760398692,1,25.718492897773853,25.732653870925883,1
1521,1522,0.0020137871074082823,1,25.742972635647583,25.82055647468326,1
1523,1525,0.0005885722356495017,2,25.863062432517303,25.90414777542647,2
1528,1530,-0.00788003425282012,2,25.655444374853754,25.47893403878344,2
1532,1534,-0.0040917927016646625,2,25.412697745837665,25.334126952417474,2
1535,1543,0.012948806664251859,8,25.31571079282613,25.668834748243377,8
1546,1552,0.002402389458263296,6,25.75969861625196,25.847343143271935,6
1553,1556,-0.003927542076161295,3,25.889901609505333,25.81410783319583,3
1563,1568,0.01140798256331104,5,25.804579086209067,26.12476185356433,5
1569,1579,0.0023335753421024306,10,26.219611883959722,26.307016935615586,10
1589,1591,0.005219768255674723,2,26.197753565656278,26.360697521653936,2
1592,1595,-0.004773966640733897,3,26.43714361280477,26.337370714733755,3
1596,1599,-0.008977829877488856,3,26.236265195990427,26.026956735636134,3
1600,1601,0.0018545130176918796,1,26.003344699729354,26.07757158567826,1
1603,1604,-0.0023078473260934756,1,26.20164474009022,26.167376989077642,1
1607,1609,-0.011250545044863912,2,25.861331858643844,25.59623911150664,2
1611,1615,-0.0023414558459036337,4,25.347580988029403,25.313578327333495,4
1620,1623,-0.005697378488927537,3,25.634697395972854,25.514281519854844,3
1624,1625,-0.006199099691759206,1,25.44307209736747,25.31079102906864,1
1627,1628,-0.002698092287384051,1,25.23645804647839,25.193604211708774,1
1631,1637,-0.045255641159241446,6,24.83709965503305,23.737917885263588,6
1652,1656,0.017257617960679723,4,24.168202163481283,24.609455965378597,4
1666,1669,-0.037834464380341694,3,27.868402812825536,26.8418851220795,3
1670,1673,0.003898143576365195,3,26.78101269999841,26.912189945323462,3
1675,1677,-0.018057362975602734,2,26.627677021614183,26.173479069459393,2
1680,1684,0.020952267629940242,4,25.918785433686406,26.487761548169686,4
1690,1691,0.0040155202844924555,1,26.99864460163711,27.134056851290424,1
1692,1693,0.004614803982702051,1,27.348242637628427,27.501797659310085,1
1695,1698,0.00046733184321999543,3,27.907228923588413,27.948178089244024,3
1702,1705,0.01836918891612659,3,27.64856349293935,28.184093742493612,3
1706,1707,0.020055540342949423,1,28.878903343658756,29.4869642580713,1
1709,1712,0.014634007245549193,3,30.070163309309873,30.54028046036247,3
1713,1720,0.002537139734524552,7,30.62403037090605,30.732351845562267,7
1722,1723,0.005340680510169287,1,32.08093520622892,32.28435016683906,1
1725,1726,0.00020830802504817787,1,32.379862582837866,32.418987430646666,1
1730,1734,-0.025383278342944175,4,31.93274552840488,31.154120505931377,4
1735,1736,-0.0026073494678818497,1,30.93146340306465,30.881745731822928,1
1738,1739,-0.006576373050334329,1,31.27460870083843,31.100209815719325,1
1743,1748,-0.03190431037751064,5,31.36260080209328,30.393361252659425,5
1751,1752,0.0019583574149125206,1,30.29803029729926,30.38766269988652,1
1756,1757,-0.0027600666411066134,1,30.426300313788218,30.372747997593628,1
1758,1760,0.01774364114426529,2,30.46587713627181,31.036918604459366,2
1764,1765,-0.011063626534375565,1,31.136465561468363,30.8231198004573,1
1768,1770,0.033237456286229955,2,30.38155430226496,31.421741439596477,2
1774,1777,-0.020948447096712872,3,34.13286007561589,33.45196252213796,3
1778,1781,-0.00438527234809706,3,33.654498790389496,33.540569146245325,3
1783,1785,-0.036919402418421655,2,33.915166129214946,32.69695362893205,2
1791,1793,0.04438308037836344,2,31.113339775272955,32.5253589751335,2
1796,1799,0.0544517560463294,3,33.236039562991664,35.07903632078483,3
1801,1803,0.0007405499322932732,2,35.00456609321403,35.06549328835753,2
1805,1811,-0.04379642760567973,6,34.9392603340255,33.44398480854438,6
1812,1816,0.0001903595304243264,4,33.287057976348905,33.32668154305084,4
1817,1819,-0.018836640302440377,2,33.0121457455021,32.423319976227845,2
1820,1822,-0.021255228186589613,2,32.28090194785588,31.627044912833135,2
1824,1825,-0.014846056878640858,1,30.99324772867971,30.564113457774603,1
1826,1827,-0.001517330751736086,1,29.88650034889474,29.871039143202484,1
1834,1838,-0.035538363081825605,4,31.90598559459018,30.804005079640728,4
1839,1845,-0.014006192847266452,6,30.34344194077793,29.948789283246338,6
1847,1850,0.001941339474996397,3,30.26090151437635,30.349909098549563,3
1851,1856,0.018058033874007298,5,30.50603998842823,31.087425131889518,5
1859,1861,0.006947595699156136,2,30.660654651533687,30.904333138575527,2
1864,1872,-0.03209937928373839,8,30.841528948741324,29.88237654227402,8
1875,1877,0.005012485532410034,2,29.512137655792444,29.68957895647839,2
1881,1882,0.004902060885529772,1,30.335191503862376,30.514231651092377,1
1886,1888,0.0199602741078404,2,30.396437480405964,31.033555141897107,2
1890,1891,-0.0005285944402967768,1,31.269903738079496,31.28464454455301,1
1894,1899,-0.012782084926631531,5,32.002388916416095,31.62533405234779,5
1901,1903,0.003788011371718584,2,31.748874743539798,31.900888716851135,2
1904,1908,0.0007811065541015274,4,31.82685181585815,31.88353883022379,4
1910,1912,-0.013568249704261726,2,31.611691132362456,31.214387504636928,2
1913,1915,0.0120310407620569,2,31.017496945768894,31.421687212806184,2
1916,1919,0.00139888842859301,3,31.464259268275494,31.53973851574841,3
1921,1924,0.014903390814613691,3,32.587580148830384,33.10583317163978,3
1930,1933,-0.00889056111981567,3,32.753926708932674,32.49547984832188,3
1935,1936,-0.005298554474882065,1,32.402965294826494,32.26367938335897,1
1937,1945,-0.02024431362630482,8,32.080928590687535,31.463553139465255,8
1948,1949,-0.0027412819874715793,1,31.351710159550368,31.297117991373113,1
1957,1958,0.001360489451221651,1,30.80394242515742,30.876654806308043,1
1959,1961,0.020296542543413537,2,31.30454479399381,31.971223364001293,2
1963,1964,0.0008891560988968437,1,33.01191374549029,33.07427840367884,1
1967,1970,0.0147202407796855,3,33.75851869737463,34.28921073966288,3
1977,1983,-0.014238725350702582,6,33.77397927014095,33.32685483458323,6
1985,1986,0.0005205602052376175,1,33.13005920863785,33.180435458267674,1
1987,1988,0.0037786210472855715,1,33.34045070591867,33.49977208538796,1
1989,1990,-0.009359953933052709,1,33.516334021461965,33.236139013037736,1
1991,1992,-0.00030064215620705396,1,33.28602658508364,33.30930542886462,1
1995,1996,0.0014353206648431288,1,33.76093756966159,33.84315627858947,1
1997,1999,-0.018454568681418943,2,33.85681216301928,33.26585610978596,2
673,674,0.0028346319631732684,1,27.01598153511493,27.11957788142598,1
675,677,-0.00995868795714705,2,27.096253844377006,26.853506961377587,2
681,684,-0.011010408732134307,3,26.39316288253332,26.128956534345367,3
688,690,0.0021307433223382425,2,26.26424037134405,26.346466966502923,2
693,695,0.002864697203901956,2,26.69781951985006,26.800998508298704,2
698,699,-0.0028692159068668694,1,27.150600071591995,27.099849738057195,1
701,703,0.00716338418059513,2,26.92204151677495,27.141816484602316,2
709,711,-0.01195606141243101,2,27.69169627579533,27.38830435078333,2
713,714,-0.0006735854246093067,1,27.346497726683697,27.355424022127576,1
718,721,-0.0032599539694518065,3,26.829896200002942,26.769261869585765,3
724,727,-0.01151943510570905,3,26.653009119705487,26.372634519898874,3
728,732,-0.012689798326435728,4,26.227757270328116,25.92116007728327,4
735,737,0.009422913921936747,2,26.27416625664741,26.5480196299111,2
738,739,-0.00494308365540461,1,26.63593952380822,26.530911786025545,1
740,743,-0.00422995712802759,3,26.393986919935255,26.308735473746143,3
745,748,0.00029513247581892986,3,26.29257405603413,26.326626422566974,3
749,750,-0.0032817298501627455,1,26.39976702138727,26.339529884937228,1
752,753,-0.004094397922049461,1,26.315618329862293,26.23418733518492,1
762,774,0.014861735867246359,12,26.820076043863004,27.24548900601022,12
775,782,0.0214974410329937,7,27.169228534710495,27.780466651582074,7
783,788,0.014218211924397851,5,27.79911315612483,28.222165951445053,5
792,797,-0.0011461737553046041,5,27.832010394528893,27.82794208505185,5
807,808,-0.004238083261409297,1,28.57927600558676,28.486733930329873,1
810,821,-0.008772118157383654,11,28.661649532128067,28.438887805378847,11
825,827,-0.0017514934830578145,2,28.522330690518256,28.50089634488271,2
833,837,0.019872742950641224,4,27.934865002105756,28.517942258655573,4
839,841,0.0017462873393994365,2,28.632996793017988,28.711631229599718,2
843,848,-0.003901984511637539,5,28.661875434062285,28.578699115478152,5
851,852,-0.005029099607117056,1,28.244874375148207,28.131072962900227,1
855,861,-0.016803034149446762,6,28.18883459697082,27.743365481201785,6
864,868,-0.010213079450489552,4,27.937223859880223,27.679835996833035,4
870,871,0.003465873126037371,1,27.76810712500331,27.89211596837379,1
873,877,-0.0077517147459466714,4,27.87980296316393,27.691566486383447,4
878,883,-0.013000587865048464,5,27.54159001507456,27.211074744155518,5
885,890,-0.0044457380672706095,5,27.17533118508952,27.08169211193437,5
891,893,-0.003738685062535213,2,27.116161479714243,27.041898853316457,2
900,902,0.004559755721822527,2,27.29216835322645,27.443906142389245,2
903,910,0.00792348721567649,7,27.519686605042033,27.76525817664155,7
915,916,-0.006310753926898219,1,27.628670515545956,27.481941445110543,1
920,925,-0.010855298912246129,5,27.324904161771308,27.055609063508573,5
926,927,0.00015694723227038408,1,27.062625145249616,27.093935174509383,1
929,935,0.004902441859546706,6,27.175525506012676,27.335927465314544,6
939,947,-0.032427864979851916,8,27.153806964182962,26.300420785223658,8
949,951,0.0020760123551129633,2,26.57279827353304,26.65453652933235,2
953,955,-0.000762705797498349,2,26.641129030039696,26.647450815506623,2
959,967,-0.017035002303197083,8,26.817972150059028,26.387945904865756,8
970,971,-0.0070846926404905365,1,26.421098428240352,26.260334165080362,1
975,976,-0.0017229431945436707,1,26.190467222862726,26.171533002822038,1
980,982,-0.004504303243358926,2,26.166465898113167,26.074770666799168,2
986,989,0.007417207177071321,3,25.87791413708415,26.09573390168645,3
992,996,-0.0023433073754477595,4,26.28302649696861,26.247720313626143,4
1001,1003,-0.008406742058825209,2,26.13105529530274,25.937509309005534,2
1008,1010,0.004690045296330729,2,26.053011468780134,26.201254284143317,2
1011,1013,0.009392657928091016,2,26.24314774770325,26.515883805201483,2
1015,1016,0.0009177660254410666,1,26.824156316269672,26.875598771914134,1
1019,1022,0.0159924138591718,3,27.124211185900908,27.585117007975313,3
1023,1025,0.0027274898732039107,2,27.665825527635338,27.768949612123425,2
1026,1030,0.00019554736646788915,4,27.672051413247363,27.705134661439235,4
1031,1035,0.016556784669570727,4,27.767718405048655,28.25523025785137,4
1041,1046,-0.0043710879377472645,5,28.401054419790324,28.305311967816465,5
1047,1049,-0.009000526617051828,2,28.23651250996859,28.01060554005987,2
1059,1061,0.022451438469492237,2,28.405264462318264,29.071408774065976,2
1063,1070,-0.014609766421840052,7,29.548178352464305,29.146034546896395,7
1071,1072,-0.008982120530509532,1,28.951616686515205,28.72052139257033,1
1077,1078,0.004957561468073211,1,28.770461869990964,28.94186366504629,1
1079,1080,0.002643412521913418,1,29.10828352381931,29.2143370085014,1
1082,1083,-0.00413985578133867,1,29.151072571459345,29.059542407713625,1
1089,1090,-0.0022696770769747732,1,28.524105938860473,28.4878895354087,1
1096,1097,-0.007906496696132281,1,28.056547294614447,27.862774843419313,1
1098,1106,0.006069454491945884,8,27.76659849734414,27.96289320181725,8
1109,1117,-0.04290375921939597,8,28.271463055775598,27.08678247510633,8
1123,1126,0.00020754581859348006,3,27.492162569913397,27.525360615868788,3
1131,1133,-0.005266213266660077,2,27.667189814367116,27.54915568212986,2
1136,1137,0.0025148279873938246,1,27.63555184577517,27.732686056849772,1
1138,1139,0.00033857425060699817,1,27.827995565204183,27.86524540351377,1
1144,1152,0.012944462362292585,8,28.243676208055074,28.637519087911077,8
1153,1156,-0.006583611262670163,3,28.738279539588685,28.577816158281674,3
1160,1161,-0.00487514223168305,1,28.323555250559693,28.21379744545684,1
1164,1165,-0.0037316568085358224,1,28.032781609978056,27.95620567123096,1
1168,1170,-0.003822572775667413,2,27.83068227958841,27.752128153457793,2
1171,1172,-0.005602094342418775,1,27.77136279556255,27.64355636395983,1
1175,1179,-0.01380219367832669,4,27.285776171927072,26.93645838071059,4
1191,1193,-0.001167908424789619,2,27.078143588244043,27.073596939807913,2
1198,1200,0.0005395674336657289,2,26.858177365605613,26.899527340805317,2
1204,1207,-0.00045913238097916706,3,27.008987191119076,27.0235954777133,3
1208,1209,0.0042638492954150614,1,27.099887864559637,27.242537590201326,1
1212,1216,-0.009438094566713625,4,27.669752239990725,27.436272253952147,4
1232,1233,-0.0012548160320226191,1,27.707252129721763,27.700191877675817,1
1234,1239,-0.009940396135253559,5,27.74915555781871,27.501067114713038,5
1249,1250,-0.005552580791573254,1,26.93389567035666,26.811276934285555,1
1252,1253,-0.00507977275266015,1,26.662531893685998,26.553754822549205,1
1256,1258,-0.006880255641571129,2,26.546478918393763,26.39037883597003,2
1260,1261,0.0012314554753546508,1,26.492005089915594,26.55112081972661,1
1263,1264,0.0013846228184347066,1,26.834999973433444,26.898991326702788,1
1265,1266,-8.297958294742824e-05,1,26.88083130770918,26.905481578845695,1
1267,1269,0.0029054715189225032,2,26.982799375040216,27.088179929500235,2
1273,1279,-0.016193673311717307,6,26.88376236280088,26.475299260070642,6
1280,1281,-0.0026504417501993375,1,26.596715941169773,26.552819610762274,1
1290,1292,-0.0035146055941170378,2,26.199580985970204,26.13369937305936,2
1293,1294,-0.0018037024295656837,1,26.11702990436911,26.09603958398193,1
1299,1303,-0.020166192458827805,4,25.96198295992419,25.464390597901474,4
1304,1310,0.02168918393232338,6,25.10058050574827,25.670092193651282,6
1312,1315,0.017764045772494016,3,25.93684192096074,26.42352200995959,3
1320,1323,-0.007051974506594545,3,25.722570779810653,25.566898437207165,3
1327,1328,-0.0017057057311835623,1,25.33729317268778,25.319412499683136,1
1334,1335,-0.0003112118133265842,1,25.97054180790621,25.988430010305002,1
1337,1343,0.008896767267019625,6,26.15809401183073,26.41697458041464,6
1345,1346,-0.005071676731808992,1,26.421821696910005,26.31424058029469,1
1347,1348,-0.002513857190180768,1,26.390987967030423,26.35103578014056,1
1351,1352,-0.009390194922383552,1,26.20245393202114,25.982610236086707,1
1359,1363,0.0005664006984755191,4,25.757377921960718,25.797724296728575,4
1364,1365,-0.000947125614658194,1,25.846788698326797,25.84815533139228,1
1366,1367,0.002178797253251506,1,25.889369027845184,25.971666082999313,1
1371,1372,0.005474172427549867,1,26.195970178302275,26.36556740614356,1
1380,1382,-0.0003868447289005353,2,26.58337871230995,26.599678451091037,2
1384,1387,-0.007908385725422528,3,26.66480267954035,26.480591937337806,3
1389,1394,0.021974524655086165,5,26.52048193724551,27.129777403377524,5
1395,1398,0.000663949151812244,3,27.25158918560336,27.29693444431428,3
1400,1402,0.003751635194921682,2,27.269707880775204,27.39928358449673,2
1406,1408,-0.005785115993091579,2,27.44182965113007,27.310517313186754,2
1412,1415,-0.002990757018787125,3,27.074512468123963,27.020613692397806,3
1445,1449,-0.015200255831178296,4,28.036353824851076,27.638230427964757,4
1451,1452,0.004231530558987737,1,27.565998856030163,27.710211221434506,1
1464,1466,-0.0038849572535044666,2,27.072937306362043,26.994833039506382,2
1472,1474,-0.004048040784406523,2,27.037873608511987,26.955461067029614,2
1476,1477,-0.008398020812983558,1,26.602541022211913,26.40573487005134,1
1483,1486,-0.0029531105947484607,3,25.9569470630929,25.90625027477665,3
1487,1490,-0.0022938991425946716,3,26.07415826671962,26.040420935694435,3
1492,1495,-0.01977807192534021,3,25.846382383611772,25.361037156202464,3
1496,1499,0.0066843569089628995,3,25.408155609016923,25.603400945115077,3
1500,1501,-0.004689939573280865,1,25.70822663570564,25.613364832883676,1
1505,1507,0.003381587766754319,2,25.602899668898623,25.715081020881307,2
1510,1511,-0.005815126892433813,1,25.814904130656455,25.69060209155133,1
1513,1514,0.002077889375570114,1,25.660624182489972,25.739604745031755,1
1515,1518,-0.0077677026985276615,3,25.83238849032077,25.65756256502541,3
1521,1526,0.004853820541574892,5,25.742765949406856,25.89345948151845,5
1530,1532,-0.006155539162768974,2,25.510536181235878,25.37901561289028,2
1533,1543,0.010369821659548868,10,25.390078117436932,25.678758777554204,10
1547,1551,-0.0006788722736730264,4,25.761465676775092,25.769738397674725,4
1558,1563,-0.0008947075615035204,5,25.809257483175404,25.81197500283159,5
1566,1570,0.008735834678047998,4,26.011837322191777,26.265084270032915,4
1579,1584,-0.017222539390643415,5,26.33124258063815,25.90408296066916,5
1591,1593,0.00033527052634972003,2,26.39537982724538,26.43062479996051,2
1594,1598,-0.015609086037747504,4,26.42605274658921,26.039992268376235,4
1599,1605,0.006540628528623512,6,25.98565860454387,26.181606803152366,6
1612,1614,-0.0008961250497273095,2,25.343273443985492,25.345905975254233,2
1619,1620,-0.005025297979789074,1,25.6393165869807,25.536110697719955,1
1621,1622,-0.0050456689968193125,1,25.61315388611363,25.509531543525817,1
1624,1628,-0.011596375853729607,4,25.454662479349963,25.184935308488942,4
1632,1633,-0.017467697763680543,1,24.706876825871284,24.300011445618352,1
1637,1639,-0.008698823250886,2,23.71827249497708,23.5356697072219,2
1642,1644,-0.022693705554798115,2,23.158480498182875,22.65608724115876,2
1646,1647,0.013441354804581123,1,21.918426304385676,22.234958075405373,1
1649,1673,0.13989531630409488,24,23.538966508338557,26.855496640002414,24
1674,1678,-0.03950118643511155,4,26.775990281240844,25.745082887438056,4
1680,1682,0.01231440672763887,2,25.896629653070562,26.241427913146577,2
1685,1686,-0.004226181035475557,1,26.519840213347166,26.434282407787023,1
1689,1691,0.015316450378772082,2,26.711828210206484,27.147670429724602,2
1693,1698,0.011706459935973641,5,27.607744499453236,27.958541198858136,5
1704,1705,0.011128937542943293,1,27.80770592334571,28.144983851702506,1
1707,1710,0.02055733074419497,3,29.47255260541365,30.107902169804238,3
1711,1713,0.007341603993251817,2,30.354367686490644,30.607571801196908,2
1714,1715,0.003151193714730692,1,30.72144998709236,30.84898067718619,1
1717,1718,-0.004802677935827905,1,30.432379483650685,30.316654945653465,1
1721,1724,0.02553714637728028,3,31.413791739378098,32.24742412903137,3
1726,1731,-0.024620836722676002,5,32.463621741072615,31.696803832500024,5
1737,1739,0.00015127116393642316,2,31.09666919222158,31.132469890757054,2
1741,1742,0.006114259807236137,1,30.995633862424018,31.21614485461127,1
1745,1747,-0.015221654146607155,2,30.85046264404982,30.41171803406332,2
1749,1755,0.003034762507666742,6,30.310896867649344,30.43319413790469,6
1756,1761,0.028541289469998163,5,30.404581072389853,31.30277160306335,5
1764,1767,-0.02527213465507948,3,31.167185624489143,30.410691498191685,3
1773,1777,-0.011561147178487104,4,33.87653256751859,33.51875752117621,4
1785,1789,-0.027855038249241938,4,32.66278805781166,31.785627635192245,4
1790,1791,-0.004215436300860869,1,31.168224281309108,31.068004841521613,1
1795,1797,0.03713624509623029,2,32.72653984433833,33.974607188993566,2
1800,1804,0.00643604140983497,4,35.03387245512769,35.2943857814509,4
1805,1809,-0.031088451270864553,4,34.9142800479217,33.86376343404249,4
1812,1816,0.0005110056833822093,4,33.27644733102964,33.32672823206959,4
1821,1825,-0.039360488721320065,4,31.861963239988825,30.63972275848212,4
1828,1830,0.0015586877136145906,2,30.499186074839045,30.57722396752398,2
1836,1840,-0.050245693960447015,4,31.599985804257745,30.043822574186798,4
1843,1849,0.01013631095621476,6,29.868585848641725,30.201211708474595,6
1850,1854,-0.0012886143257777325,4,30.434957973950365,30.42617400907464,4
1858,1864,8.764361834853306e-05,6,30.790172492265075,30.823661226884138,6
1865,1870,-0.016662797552421792,5,30.814163729049806,30.33152772081452,5
1873,1887,0.026612413365425164,14,29.80386606470082,30.626822734367106,14
1888,1889,0.0014768740890855497,1,31.10068626835953,31.17771875233041,1
1892,1895,0.010574911681547058,3,31.676426449344657,32.04307828788284,3
1898,1903,0.002402042792870482,5,31.773935765411284,31.88203205458313,5
1907,1909,-0.009157318105699308,2,32.01987474622628,31.758678442216663,2
1911,1920,0.009551887629562987,9,31.544873812986463,31.87773177674984,9
1921,1922,0.014380109352107033,1,32.57459075625689,33.075591524188255,1
1923,1930,-0.01725915437293736,7,33.18064447355386,32.6411552528648,7
1933,1934,-0.005928386028488754,1,32.505970135195774,32.345768166139,1
1940,1941,-0.0012531893806455579,1,31.666083311274683,31.65806579525363,1
1945,1947,-0.005266786968897595,2,31.456560357461118,31.322341915641562,2
1951,1953,-0.00617979250599609,2,30.921685237675618,30.761517324208736,2
1955,1956,-0.0003736394180251485,1,30.636596586713893,30.655786143181675,1
1963,1969,0.04311371878116677,6,32.95677595047283,34.41062189668591,6
1971,1976,-0.011692169606283255,5,34.14413107160555,33.77905623112878,5
1977,1981,-0.0017083613896183418,4,33.74574834091996,33.721844155731475,4
1984,1988,0.006889137788704616,4,33.208609131303376,33.47059642451146,4
1990,1994,0.006545951378666491,4,33.33096381402628,33.58247764637102,4
1996,2000,-0.019860788293600273,4,33.83746970768168,33.19926835513398,4
673,675,-0.0005629118145625797,2,27.0355887758671,27.047405712307377,2
676,677,-0.006024522309679811,1,26.991033476326663,26.855416426463545,1
678,679,-0.004252742959087501,1,26.7449005169781,26.657906230130003,1
683,688,-0.0029134673704641163,5,26.27102092427992,26.22075218295253,5
689,691,0.005421142072656887,2,26.327120476637795,26.49617065758224,2
692,697,0.014569414178646128,5,26.65405873142613,27.069046811357662,5
698,700,-0.006622957266583035,2,27.14094209946793,26.98832974186782,2
703,713,0.002527509450981817,10,27.21499627931274,27.31099743589645,10
717,718,-0.006822593878352211,1,26.932689118508954,26.77587100771996,1
723,728,-0.025471972595999565,5,26.892529202514535,26.23441596483348,5
731,732,-0.004478226141943044,1,25.97845012659869,25.888091202241192,1
733,735,0.012498106439633744,2,25.979881944169644,26.330561155941165,2
737,739,-0.004385594595019995,2,26.59779483898064,26.507745488534336,2
740,754,-0.00902839277382374,14,26.37624436755391,26.16448551787283,14
756,758,-0.0036968208926126335,2,26.382276288241812,26.311128014353002,2
759,760,0.0040729460112171705,1,26.39572904058206,26.52963314893165,1
761,762,0.003311220840408546,1,26.70439518539451,26.81952373044829,1
764,776,0.008247708815906786,12,26.927031405743005,27.176044751460093,12
777,780,0.017137562889822752,3,27.243259515814074,27.737385848605914,3
784,785,0.0013990860918245015,1,27.940252274640596,28.007283345274754,1
786,787,0.00146930212790908,1,28.21566891944751,28.28534193075068,1
789,790,-0.006769993972596022,1,28.158767410922266,27.99629149268551,1
792,793,-0.004190229831266967,1,27.845161343001468,27.756328878628583,1
796,798,0.007544602360678111,2,27.705213575821958,27.941943609145017,2
800,803,0.0011443885761559269,3,28.09868259416704,28.158937088127004,3
804,806,0.004454115648504446,2,28.403420235629447,28.55833577440764,2
807,809,0.002644416000811017,2,28.52563412768477,28.629593405132987,2
810,813,-0.0025321381011709026,3,28.64531646689575,28.60142788611672,3
816,819,-0.006583998798543927,3,28.556127807108545,28.396670423742584,3
821,822,-0.004414695168020035,1,28.53053998037753,28.433116883365532,1
823,826,-0.0013451560242771507,3,28.512599420415423,28.502758124957666,3
827,830,-0.013803062741484698,3,28.46124578817692,28.096854672650075,3
835,836,0.0025994703232633276,1,28.205584972497,28.307110138555785,1
838,842,0.003385448107390952,4,28.599200903971152,28.724621215448366,4
843,844,-0.0028580870533524492,1,28.688078661461837,28.63477371391542,1
846,849,-0.0071126465543665,3,28.59345760630078,28.418675906186202,3
850,854,-0.007055076596511866,4,28.29565862012347,28.12432623982987,4
855,857,-0.004575052928218271,2,28.138697277927697,28.038099945827994,2
862,863,-0.0030346351923407934,1,27.79330242922738,27.736753197993504,1
865,870,-0.0031735701619856147,5,27.84895769574385,27.78842603225398,5
872,873,-0.00430341211653393,1,27.963026117903002,27.870652718610167,1
879,882,-0.011982720818848418,3,27.433994911691844,27.132695004631024,3
883,886,-0.0028654356161027165,3,27.221685683797652,27.170905381792743,3
888,889,-0.0020815855372462487,1,27.23641158523756,27.20695307638048,1
890,895,9.827256232111626e-05,5,27.095021844612905,27.124779563680335,5
898,899,-0.005057872603005278,1,27.385108398414808,27.27398311731455,1
900,902,-0.0006232350490345574,2,27.352526541198063,27.36283201451914,2
903,905,0.0016118195042466804,2,27.50426711762621,27.576103298934036,2
906,907,-0.00016824065954528877,1,27.6402051465855,27.663195145388258,1
914,916,-0.00937929562854007,2,27.70089463106525,27.468780645776516,2
921,924,-0.008846214286219282,3,27.28686257165947,27.072764000723613,3
927,928,0.0003887781564990921,1,27.14463303538352,27.182330908809245,1
930,934,0.0016997563639705063,4,27.30894809792104,27.382675604341742,4
935,941,-0.01382588988049863,6,27.37826930668331,27.027118639437155,6
944,952,-0.0012630871507251786,8,26.661903692559434,26.65488928828405,8
955,957,0.0035349754342878055,2,26.620615446990495,26.74133928408822,2
961,964,-0.010085567820182252,3,26.766627818378254,26.5234378060168,3
965,967,-0.00447494249648898,2,26.491911781932277,26.399853911868004,2
968,971,-0.008126685534829738,3,26.464304310627156,26.275701535907277,3
974,976,-0.0037994110320957106,2,26.273753322126442,26.20020228722192,2
979,981,-0.0017667905041615422,2,26.11499337195724,26.094968643023382,2
984,985,-0.0028757491881041645,1,25.771090045918974,25.722749944688783,1
988,992,0.010194124374056736,4,26.03478693646009,26.326223579478892,4
998,1003,-0.012686377782332833,5,26.248662092596174,25.941910311101296,5
1010,1012,0.005631747377934297,2,26.19161946268328,26.365315666378784,2
1015,1017,0.0032777126165540868,2,26.82842504820115,26.943189340512117,2
1022,1023,-0.0016334830242431203,1,27.630202338530133,27.61269907439227,1
1031,1033,0.010646691716626265,2,27.785414069448716,28.109022221334396,2
1039,1040,-0.0035528660214524657,1,28.51912845980965,28.446322945803164,1
1045,1048,-0.014633051603341125,3,28.45443270050655,28.06651195115675,3
1050,1051,-0.007002802473167857,1,27.944557982685154,27.77681232091511,1
1052,1053,0.0001349298908100516,1,27.76639930761063,27.797912224145005,1
1057,1061,0.027067770991865983,4,28.264023756743953,29.0573319028569,4
1062,1065,-0.0026367083997221276,3,29.418164504733703,29.370015547784398,3
1069,1071,-0.017504670603858363,2,29.392773515690816,28.907655470680528,2
1074,1075,-0.004457286667251093,1,28.68420964440492,28.585040108840683,1
1078,1079,0.0019219385400914926,1,28.98569165453001,29.07038606408659,1
1083,1085,-0.014549994400672749,2,29.0854288065732,28.69132140910297,2
1088,1089,-0.00043266193433095775,1,28.441613350946056,28.45774936084909,1
1093,1097,-0.012457015409804772,4,28.24261083567681,27.919034808119342,4
1098,1105,0.005338479114608999,7,27.739371968906706,27.91519739878399,7
1117,1121,0.007285627066318725,4,27.09362460117262,27.318112270492776,4
1122,1125,0.0010089715672983342,3,27.459814428251637,27.514980414681283,3
1126,1129,0.00014321986931579208,3,27.555809652055384,27.587312001164698,3
1131,1133,-0.003819872541087088,2,27.65231861093449,27.574342596986124,2
1140,1141,-0.0031601362452192733,1,27.88461817839134,27.824383603980095,1
1142,1144,0.00803459793093729,2,27.95768479217832,28.21027123335553,2
1147,1148,0.003911626645174914,1,28.290020590724627,28.428970609650577,1
1158,1159,-0.0041865079900726705,1,28.514612414910733,28.423750374616795,1
1164,1165,-0.007603349682398241,1,28.10338267377279,27.917806210719615,1
1167,1168,-0.002447135774467666,1,27.886118036709455,27.845763037687504,1
1169,1170,-0.006117650038353023,1,27.823332965495855,27.680942884477876,1
1172,1173,-0.003433555411449902,1,27.738376149188294,27.670873273805604,1
1176,1177,-0.006442945518054209,1,27.213191952423553,27.06507203125416,1
1179,1182,-0.008995759657727212,3,26.882414984799265,26.667469655561526,3
1183,1191,0.01046242562847964,8,26.736955129670132,27.043425489375974,8
1193,1195,-0.007513911515571031,2,27.152603491792494,26.975733835229573,2
1198,1200,-0.0014828342872220913,2,26.831502555164047,26.818547385752726,2
1201,1206,0.0016191469084308827,5,26.913595095032306,26.98408575442022,5
1207,1211,0.01818888493190752,4,26.99363163191509,27.511609323194207,4
1215,1216,-0.004948327428767708,1,27.554462666248146,27.445668625518042,1
1222,1225,-0.00538109320743483,3,28.018136776256377,27.89538670754094,3
1231,1232,0.0009940379492014055,1,27.611413025907687,27.66647123131242,1
1236,1238,-0.008263378846932368,2,27.66278052173768,27.461855266848758,2
1240,1245,0.003700271030926258,5,27.42074187644561,27.549626795133975,5
1247,1248,-0.009859182723074459,1,27.265605862972386,27.024054878576983,1
1252,1253,-0.004826652621829276,1,26.71702556836692,26.61478879242825,1
1256,1258,-0.004599915588520729,2,26.48347866076487,26.388140373095727,2
1259,1261,0.003276471459411401,2,26.4413148748384,26.554390403249958,2
1262,1264,0.00331196095195931,2,26.71968736734357,26.834901615920117,2
1266,1270,0.005108004959822342,4,26.92958150338667,27.094067520775297,4
1276,1277,-0.0031123946492512245,1,26.5855627845024,26.529403583929085,1
1279,1280,0.001826331119945184,1,26.516101105057,26.591044386789836,1
1281,1290,-0.015225928597412234,9,26.544947112878546,26.167320590628652,9
1295,1300,-0.005095163430991656,5,26.056584272646568,25.949878301596673,5
1301,1302,-0.006975774682742812,1,25.863940502166734,25.70938342131792,1
1306,1307,0.00234138116521271,1,25.29156242639704,25.376071176727404,1
1308,1309,3.1332827217549685e-05,1,25.570441621229584,25.596813257080008,1
1311,1312,0.0014830989185225002,1,25.85728620591823,25.92149240533207,1
1317,1325,-0.040287986839226415,8,26.391101227818822,25.354247990107584,8
1327,1329,-0.0018111600197759895,2,25.36776131704988,25.34718400327827,2
1334,1337,0.0034419185201346614,3,25.98355614840098,26.09897298767552,3
1339,1341,0.001864797155249542,2,26.195106584347126,26.270150251171422,2
1347,1350,-0.0048111485327313455,3,26.350079055325306,26.249654990196248,3
1353,1357,-0.003919902448605262,4,25.83351695705173,25.75808560763275,4
1360,1361,0.002185388588464978,1,25.787478824039862,25.86962196481124,1
1362,1363,-0.0024496404196217886,1,25.8774375762552,25.83992459678842,1
1364,1370,0.008744996800778497,6,25.853714832157063,26.105659200484673,6
1371,1373,0.012453839820783852,2,26.22798958969012,26.580856760451,2
1374,1377,-0.0015270055044599626,3,26.693145037212332,26.679077602846373,3
1386,1392,0.006921790008854708,6,26.58580668562711,26.796413863406652,6
1394,1395,0.002099429014985249,1,27.176801661814576,27.261034229419703,1
1397,1399,0.002519413156327018,2,27.233695756242582,27.32954238338251,2
1400,1401,-0.0028474319630996323,1,27.337636384884412,27.28713196163138,1
1409,1410,-0.004769370415477023,1,27.292730757116942,27.189854345243486,1
1413,1418,0.0030674688812669165,5,26.976484903626968,27.086210916498437,5
1420,1422,0.0018254640022258182,2,26.951111933597424,27.027261330185762,2
1425,1427,0.010037901924867507,2,27.45678708453555,27.75985240754662,2
1431,1440,-0.002302623016957363,9,27.971101030027818,27.934665230016464,9
1442,1443,-0.0013581817945491105,1,28.056946958771565,28.046897471160303,1
1452,1453,-0.00147472670545306,1,27.699980187736344,27.686830267400705,1
1454,1457,-0.001970635356432727,3,27.874511008282713,27.8474550223548,3
1458,1459,-0.007657951489474581,1,27.62848935316452,27.444540211323687,1
1472,1474,-0.00412351781386687,2,27.037622539609224,26.953170043962146,2
1478,1480,-0.0006999650097095896,2,26.419494824268572,26.42742159714165,2
1481,1484,-0.018845224411893003,3,26.38067952392827,25.909910377685538,3
1485,1487,0.0019970386278008925,2,25.905881333333564,25.98352226037679,2
1493,1495,-0.019020380121515374,2,25.761059650094666,25.296835562866928,2
1505,1506,-0.004857381141044644,1,25.67261410931209,25.573585051805512,1
1507,1508,-0.0012177992495653713,1,25.71004168277968,25.704442054994875,1
1510,1512,-0.004657339526467422,2,25.775575811758312,25.68130577952451,2
1514,1516,0.003359484551995147,2,25.70784025531248,25.819913187770673,2
1521,1523,0.0011950799290521815,2,25.77619510946264,25.832775917994756,2
1524,1526,5.4207998571804365e-05,2,25.84344166191532,25.870686024825936,2
1529,1530,-0.007295283793213493,1,25.593915864467494,25.432794900721042,1
1535,1537,-0.007020494021631899,2,25.364190702558695,25.21148574407041,2
1538,1544,0.016585211828776,6,25.31390017649161,25.759050473307706,6
1552,1556,-0.0014982916543545034,4,25.849696310035245,25.836815622096356,4
1560,1561,0.0012566106772468116,1,25.671152463235362,25.72908225998113,1
1563,1567,0.010159329129952075,4,25.82849380408889,26.116722467379645,4
1569,1574,0.007561635718915385,5,26.19617718684096,26.420459313142853,5
1577,1578,-0.0010613296617431101,1,26.448745650195704,26.447123557571448,1
1580,1583,-0.01366754833722247,3,26.214108253066627,25.882039769653723,3
1584,1586,0.003659548565079081,2,25.904380731480412,26.025083451547044,2
1587,1596,0.006978172330567674,9,26.030375874995,26.23805069955516,9
1598,1600,0.0003354898258041579,2,26.020440350325536,26.05519038367634,2
1604,1607,-0.01453430732661691,3,26.226079181506933,25.871127365892228,3
1609,1610,-0.007979677743177194,1,25.589669399602723,25.411061753639054,1
1612,1614,-0.0034632968297741017,2,25.347541464682603,25.285102946150083,2
1616,1617,0.0013058236706397107,1,25.416419904665013,25.475025687304107,1
1620,1622,-0.003103091385255577,2,25.575617647202236,25.521829786055815,2
1625,1628,-0.010181629163918397,3,25.390140768374778,25.157017911419874,3
1630,1633,-0.02633761023688673,3,25.028421869192336,24.39426147102637,3
1636,1637,-0.008602577368434183,1,23.828131445676092,23.64697623281512,1
1639,1640,-0.009372709767013654,1,23.590966522710822,23.39344620689283,1
1642,1646,-0.05230789282572098,4,23.127184622001437,21.940577512055125,4
1653,1662,0.11382935483743055,9,24.264780495341487,27.05108958489342,9
1663,1664,-0.0013473158480580743,1,27.14808625241792,27.138657291818006,1
1681,1682,0.006527824999170819,1,26.078373661235002,26.274687094419765,1
1683,1684,0.0020751014006470904,1,26.349684689263068,26.43071264155763,1
1685,1687,-0.002668230350312891,2,26.50944651567518,26.465222652427734,2
1689,1693,0.027741832942881163,4,26.73757618072478,27.50606312860873,4
1694,1696,0.008213023744306058,2,27.7087879335175,27.964069654674937,2
1698,1702,-0.013588179097586157,4,27.97422100194942,27.622076497861425,4
1703,1704,0.0036305040876121924,1,27.654026686933616,27.7820787705464,1
1706,1707,0.018980986692500798,1,28.92944820551834,29.507487125134194,1
1711,1713,0.008242863721434901,2,30.293223614395416,30.573219751946226,2
1714,1716,0.002328729442045403,2,30.64048242997201,30.742476305955133,2
1718,1719,0.0043609051008669285,1,30.315076328623697,30.477592575946986,1
1723,1725,-0.0001960792021626274,2,32.37976494654121,32.40579571301082,2
1728,1733,-0.022021313049619597,5,31.905543606451662,31.234847186282153,5
1734,1735,-0.008418210862230692,1,31.170573231007175,30.93934334608296,1
1739,1740,-0.0060109238850261084,1,31.130229667309333,30.974238455923064,1
1742,1746,-0.022612076672067702,4,31.180546895646263,30.506670525460553,4
1749,1753,0.004624670918497139,4,30.343233970926466,30.51390467661589,4
1757,1762,0.03550234438802077,5,30.375935590587982,31.484728452623962,5
1763,1765,-0.015007351168927586,2,31.27907922894476,30.84094218194422,2
1766,1767,-0.011213351320924696,1,30.738638500406424,30.42469398627487,1
1774,1778,-0.014138561030204496,4,34.070857508067746,33.6232154673466,4
1779,1784,-0.009107772909848807,5,33.69241061224359,33.41924019821414,5
1789,1791,-0.02384625390514687,2,31.845051719206513,31.117511582006987,2
1798,1799,0.004467913771727804,1,34.79510758345882,34.98536423140317,1
1800,1806,-0.011585868318095903,6,35.05626623060005,34.68516521255881,6
1810,1813,-0.015141159166859593,3,33.63734569438503,33.161674634970055,3
1816,1817,-0.011676716920722526,1,33.32588124890953,32.97007024868131,1
1819,1822,-0.024968324028149122,3,32.44622593198196,31.66854427535368,3
1825,1829,0.0025062619763114766,4,30.595782142877198,30.703058970440278,4
1830,1834,0.04274568054993415,4,30.553885017973293,31.890485511528972,4
1836,1837,-0.013618868148245637,1,31.61618137873743,31.217220954568123,1
1840,1841,-0.004308259285120644,1,30.031443659459498,29.932091857127514,1
1844,1846,0.009372044911494737,2,29.856006077579778,30.165673913494295,2
1851,1853,-0.008220971878138866,2,30.422584150911643,30.202903526297597,2
1854,1855,0.01385879118890804,1,30.442918670780948,30.895263642490992,1
1857,1861,-0.005128955885665812,4,31.026688631426794,30.898580802789343,4
1863,1872,-0.03125963549791229,9,30.7957288091825,29.86386128052408,9
1873,1876,-0.01049717897040445,3,29.763237612674676,29.48057081832843,3
1881,1887,0.010207716071582485,6,30.321487640244804,30.661322264584665,6
1889,1896,0.0227566947237624,7,31.19490222278379,31.93598999182808,7
1897,1909,-0.00634647233918633,12,31.91542536129659,31.744790422409054,12
1910,1911,-0.007173117893132957,1,31.657684351345072,31.46225773362063,1
1913,1914,0.004279439427962529,1,31.070297262660134,31.234331015067138,1
1921,1924,0.014757947568908525,3,32.55570599272866,33.06871710083088,3
1925,1927,-0.007175912414639275,2,32.77570089420365,32.573281036152636,2
1930,1931,-0.004023959691627869,1,32.69858502518919,32.59970582209975,1
1935,1937,-0.010541607510015486,2,32.3934520894693,32.08436648373709,2
1940,1941,-0.0028379899996969506,1,31.652830498491248,31.59465291257292,1
1945,1947,-0.00883325604615091,2,31.573008268542228,31.325688810627497,2
1948,1950,-0.01140706497977401,2,31.40851902131595,31.081648522942647,2
1953,1954,6.11775787006134e-05,1,30.709234053854033,30.741822004491052,1
1955,1956,-0.0028260855954499653,1,30.663346147359054,30.607352252651065,1
1962,1965,0.02697746055075902,3,32.31529903243715,33.219399036303145,3
1974,1975,-0.009893510957869153,1,34.148476728378306,33.84477687639993,1
1976,1981,-0.005877735815712132,5,33.85850112097777,33.69334829739365,5
1983,1985,-0.008079639354050103,2,33.404078036865315,33.16758921140976,2
1989,1992,-0.006165848362709519,3,33.534173349825394,33.36094089533138,3
1995,1996,0.003007040559262296,1,33.72838248831942,33.86353348494843,1
673,674,0.004993227691249387,1,26.978915041886456,27.140605822595354,1
677,679,-0.009001542535616382,2,26.863297058331376,26.64834924427224,2
682,684,-0.0027746371199515105,2,26.230058298128284,26.183509463013934,2
687,691,0.011493507429539189,4,26.14264612491075,26.469259468500137,4
697,708,0.02709548366887076,11,27.04635146396226,27.80623178982055,11
710,711,-0.011927384941771566,1,27.710856078539358,27.408048887103128,1
715,718,-0.015398622327788974,3,27.18621719835742,26.79477312439703,3
721,727,-0.01732746639383878,6,26.785263824784227,26.347928329834957,6
728,729,-0.006376476868911199,1,26.298853915307447,26.157458735552922,1
733,737,0.0231910840654831,4,25.9826729806239,26.61122200694413,4
739,743,-0.011443295175947613,4,26.54982088203933,26.272553265699656,4
745,751,-0.004525415093332363,6,26.303433867708122,26.210703344944434,6
753,758,0.004916758192827258,5,26.22998686011557,26.38518334976791,5
765,774,0.0076248530661552115,9,26.978379985657067,27.211064548996262,9
776,783,0.018951917577444105,7,27.240478758747226,27.783978545711868,7
786,790,-0.011237159392282373,4,28.223810572183705,27.934878924698676,4
791,794,-0.007778869045370266,3,27.868997821085625,27.680077534430776,3
796,802,0.014221422126235589,6,27.69449790150608,28.11604754463905,6
803,806,0.011603157746279708,3,28.221058124607044,28.576732571918395,3
807,816,-0.0015017636559219892,9,28.575360234004,28.561022156783697,9
818,820,0.0005525708782427559,2,28.413240200042623,28.457353769333725,2
821,825,0.0008536034505379955,4,28.464940977922126,28.517703690738163,4
827,831,-0.014457548120363938,4,28.46774441708548,28.08463837671433,4
833,836,0.013065638799818643,3,27.975466381294712,28.368959186670473,3
840,842,-0.0068167354103577564,2,28.799297754555937,28.631779859513575,2
847,848,-0.0016596743481643431,1,28.644346526235935,28.625450585612647,1
850,851,-0.005270049681248348,1,28.302060298774503,28.18120909521705,1
856,857,-0.0025428928428016325,1,28.090388784582185,28.047048324774938,1
859,860,-0.005570078289267646,1,27.922737051030047,27.795127956656206,1
867,869,-0.0011524764922913242,2,27.692469094965233,27.688246644414747,2
875,876,-0.0041819803149594215,1,27.79063913899451,27.70220987231409,1
877,880,-0.014986125458066372,3,27.65300421612762,27.26624582986842,3
881,882,-0.00019498877013176988,1,27.156035517420637,27.17789643097086,1
885,886,0.0013283119253100512,1,27.09798437759483,27.16107693777305,1
887,888,0.0035461563365644915,1,27.154795262106667,27.278245206655605,1
889,893,-0.011175526343169973,4,27.24244611982179,26.965239891677154,4
901,911,0.016997425438488645,10,27.387942279957663,27.880854729054832,10
917,918,-0.0015144286443143295,1,27.351935468993958,27.33786484991127,1
919,922,-0.0017560515682344881,3,27.29771340654281,27.27707492751258,3
925,932,0.004524645159050786,7,27.111907311947785,27.26169097943137,7
933,936,-0.0038705926587225626,3,27.329574044946515,27.251121970327077,3
938,940,-0.004640506111410788,2,27.164335412031114,27.065443482951203,2
941,944,-0.01495851020855117,3,26.987772264447166,26.611063169787826,3
947,949,0.01097372857158159,2,26.313100462701076,26.628166385518217,2
950,952,-0.00466115010389578,2,26.698491010304984,26.600743827168746,2
954,957,0.0023114600923388427,3,26.61808185202482,26.706226567812408,3
958,959,-0.0009402809635271877,1,26.771129276589036,26.772728022634723,1
960,961,-0.004189250580524918,1,26.812240499076704,26.72672954549985,1
962,964,-0.007713727893966936,2,26.6935513326052,26.51433809243445,2
969,970,-0.0028272823863729054,1,26.443177191988692,26.394858040066033,1
971,977,-0.0036364922051337245,6,26.254786867777018,26.185566326852676,6
978,979,-0.002331994245621147,1,26.130131164064753,26.095325979716893,1
983,988,0.0018017051291324701,5,25.92031570429989,25.99293678575736,5
991,994,-0.0030183325834990363,3,26.330303728458453,26.27716041850988,3
998,1002,-0.011593552012468495,4,26.232379570061013,25.954485492674756,4
1007,1011,0.005500280786104686,4,26.090841940017043,26.26043973857303,4
1012,1013,0.0025231175487350583,1,26.384711932848766,26.477668374477705,1
1017,1020,0.013229436126379324,3,26.915250856381395,27.29823969926775,3
1025,1026,-0.005939139949866101,1,27.75677233766565,27.61967775453335,1
1033,1036,0.007461306508433531,3,28.1015272140844,28.339302849197853,3
1039,1044,-0.00686002778082285,5,28.503708973281938,28.336676446842016,5
1045,1049,-0.014801246450268573,4,28.437416697112003,28.044944900866177,4
1053,1056,0.010225746527967025,3,27.814915811217254,28.12715900581072,3
1057,1058,0.0014355565197310045,1,28.265174996952258,28.334016428197422,1
1059,1063,0.03876459378931626,4,28.417860031032404,29.547884691528054,4
1065,1068,-0.0024151210575626744,3,29.344406722488323,29.302880834613646,3
1071,1074,-0.008973116218207115,3,28.953256083546847,28.722408407897216,3
1080,1084,-0.015865419944522945,4,29.23832070651267,28.80368079073772,4
1088,1096,-0.015104837472888804,8,28.430596514308753,28.02958757121715,8
1097,1098,-0.010431676469720683,1,27.952316509693848,27.688679303795183,1
1103,1104,-0.0018469627788908645,1,28.004935125377187,27.98121598770074,1
1105,1106,-0.001866042447468067,1,27.99106198672507,27.966820538894858,1
1107,1108,0.004710221688473662,1,28.03005460721684,28.19011243296407,1
1111,1112,-0.009174310718367978,1,28.23395896041103,28.00316580705898,1
1114,1115,-0.012014932346728041,1,27.640460592168306,27.33600278871317,1
1116,1117,-0.0009930578915377894,1,27.087928959376907,27.08811700671776,1
1123,1124,0.00013763526408899708,1,27.527440104894318,27.558756291487743,1
1127,1128,-0.0009507577799860331,1,27.61592805796279,27.61728792756811,1
1133,1135,-0.0013987355426098346,2,27.550823045510118,27.53983755313372,2
1137,1138,0.003258425169256479,1,27.7381030337501,27.85622366985645,1
1139,1150,0.020179220715640996,11,27.87396373529363,28.464312565463185,11
1152,1157,-0.004555366300179011,5,28.638492366299744,28.536672035652668,5
1164,1165,-0.002741101690953853,1,28.04467940872124,27.995850769980457,1
1169,1172,-0.007532374883431712,3,27.8276805656728,27.64589972408144,3
1173,1179,-0.02892764790095504,6,27.71637928333237,26.942326001618138,6
1182,1183,0.0014228964972034476,1,26.646291042810933,26.710852248042023,1
1184,1190,0.00828688785925592,6,26.683178947490614,26.930982638104418,6
1194,1195,-0.004025874685312158,1,27.093260734017147,27.011279922219522,1
1200,1204,0.003276502138221938,4,26.893009327710754,27.00801733960393,4
1207,1208,0.003064828830003384,1,26.99364433982249,27.10336888356186,1
1213,1221,0.007032908364527368,8,27.6845604218452,27.906947958826105,8
1222,1223,-8.288513606334331e-05,1,27.98633087125737,28.01199755128645,1
1226,1233,-0.0057417639196604775,7,27.816627204766725,27.684727325520516,7
1236,1241,-0.008335571906094085,5,27.704525277145056,27.501296739850357,5
1242,1243,7.752933713207812e-05,1,27.54057501882756,27.570250796371834,1
1244,1245,-0.001716311212669183,1,27.60261638330654,27.58284431969217,1
1255,1256,-0.005635603889007145,1,26.602225857594636,26.478908475952924,1
1257,1263,0.012554593063951434,6,26.420044540106577,26.778157492579194,6
1271,1272,-0.00282930319441105,1,26.973517228616362,26.924174487385553,1
1274,1277,-0.006175743931714856,3,26.69672487960544,26.55854946781316,3
1278,1282,-0.006250318741490429,4,26.517234839065267,26.37801090401722,4
1283,1284,-0.005341808726992901,1,26.208658721386097,26.094865738226805,1
1288,1289,-0.0003628592099246575,1,26.106312346212267,26.122945742686486,1
1290,1291,-0.00027153586624733867,1,26.176049921403227,26.195118234934288,1
1292,1295,-0.006415069788609616,3,26.1516997783962,26.010086499005418,3
1298,1299,-0.004994216734717284,1,26.05751500466146,25.953435642164695,1
1305,1307,0.007415450120192592,2,25.15080208218611,25.362457402591584,2
1315,1319,-0.026687150775016516,4,26.470562140429365,25.790608819628712,4
1321,1322,-0.004934057222819811,1,25.74104861574393,25.63978185751421,1
1324,1325,-0.00643254282975183,1,25.483522755524934,25.34508242670259,1
1329,1331,0.011538874086613853,2,25.359414617727058,25.677393124528972,2
1337,1339,-0.0008670639428000499,2,26.17278775679804,26.17626706400836,2
1342,1343,-0.0008715679464643444,1,26.395712662557724,26.399102718139513,1
1344,1347,-0.005461340821197357,3,26.481393128489486,26.36325060832318,3
1348,1353,-0.02457550522022871,5,26.41642890570878,25.793648248142443,5
1354,1355,-0.0023773500357789855,1,25.639997936293465,25.604682684218538,1
1358,1362,0.004315375110793617,4,25.743850717465058,25.88068894082466,4
1364,1366,1.48758738925058e-05,2,25.84242801086814,25.868654867579174,2
1375,1384,-0.002409049443978324,9,26.748379693398967,26.71068990386466,9
1386,1387,-0.004365607153306037,1,26.593917922878596,26.504413242482922,1
1388,1394,0.022615973327167294,6,26.527526060165826,27.153999408038437,6
1395,1397,-0.0018630517876396077,2,27.284281504333322,27.260733756406545,2
1398,1402,0.0022736353268626467,4,27.326213311329802,27.415669368575156,4
1404,1405,-0.003669300958987505,1,27.49718834462961,27.42379007341183,1
1407,1414,-0.014424355321952645,7,27.336476266215996,26.969501695568187,7
1416,1418,-0.005769464852006007,2,27.131579375681223,27.0021762614695,2
1419,1427,0.027148098575669178,8,27.002695999618076,27.762770548424154,8
1431,1432,0.0010052934444917758,1,27.989815918236232,28.045943712609603,1
1436,1437,-0.004949292271546174,1,27.906945467368967,27.796732783312226,1
1448,1450,-0.007814113807566556,2,27.62641043031955,27.438160925552808,2
1453,1458,-0.007569749848012665,5,27.737583362521644,27.55535437844148,5
1461,1462,-0.006378960909828967,1,27.400279586390862,27.25289455357728,1
1463,1464,-0.007541192982497759,1,27.1831028304405,27.005292908963508,1
1470,1472,-0.0020082742432573357,2,27.06695706840787,27.039666152752442,2
1473,1477,-0.02424945492230724,4,27.053134888170586,26.424164248080967,4
1479,1482,-0.011871847394602324,3,26.35205341423485,26.06555791098088,3
1483,1486,-0.0013587479751661468,3,25.93674164677884,25.927436893230652,3
1487,1490,-0.004121374126699109,3,26.073886328073186,25.992499973906245,3
1495,1497,0.0033357944018069935,2,25.3584436904975,25.468392688689296,2
1500,1503,0.005553586970029838,3,25.66308902186343,25.83127430768783,3
1507,1508,0.002113590007836225,1,25.65341458216777,25.733288797477687,1
1518,1519,-0.0016156768831670789,1,25.72063613220709,25.70480053112014,1
1531,1537,-0.0041893693734559295,6,25.383381077523385,25.30242409931997,6
1543,1544,-0.00022056139014340215,1,25.7083746290269,25.72841272880942,1
1550,1551,-0.0016179282885936193,1,25.75333973427268,25.73742601712511,1
1555,1556,-0.002713831939964065,1,25.85420768451044,25.80989791759826,1
1559,1561,0.001715808467341887,2,25.685259025656396,25.755015269604144,2
1563,1569,0.013301753543580187,6,25.80781615712456,26.17691318330178,6
1573,1574,-0.00039478112243001814,1,26.372366382276965,26.38832743625771,1
1578,1579,-0.008105509878308614,1,26.466267221288444,26.278210898105623,1
1583,1584,-0.0012534168443914199,1,25.948562360434316,25.94198655764444,1
1586,1587,-0.002633086258660341,1,26.02696416686315,25.9844598893276,1
1588,1590,0.0040776598385653005,2,26.16778504616297,26.30065615735608,2
1593,1597,-0.011419958303331656,4,26.416091517051672,26.140836944907,4
1600,1601,-0.00033542677632588595,1,26.04934464584209,26.066656342787976,1
1603,1612,-0.0337970766190505,9,26.226698492251668,25.366539452336553,9
1614,1622,0.007792853648354524,8,25.308977944991984,25.53151608405173,8
1627,1629,-0.0068999257627526695,2,25.23366186172174,25.084785130015177,2
1632,1637,-0.04439102746368458,5,24.77387154669688,23.698907806032363,5
1638,1639,-0.009288893666780991,1,23.731341369869916,23.534634804684984,1
1646,1647,0.013152881753132048,1,21.95931383629824,22.270101408403285,1
1648,1650,0.04001681852165477,2,22.839306995384955,23.77610270557502,2
1651,1656,0.02894428071837544,5,23.91985550270832,24.636118370624395,5
1664,1667,0.012201418403874831,3,27.194734701195276,27.55374377236813,3
1670,1676,-0.01388439283081943,6,26.767491316236065,26.42260844302213,6
1678,1679,-0.0068331609241364805,1,25.796457811959414,25.645982922269557,1
1680,1688,0.024533901474346777,8,25.910204172172836,26.571792772685306,8
1689,1692,0.019457507559809125,3,26.771517200243363,27.3191957157549,3
1696,1697,0.0018486655656671071,1,27.984338931940936,28.064056954634314,1
1702,1703,-0.0018161032822018746,1,27.61708165154592,27.594543260565256,1
1704,1706,0.03648460787586579,2,27.879443417596292,28.924493421902277,2
1708,1711,0.013639768450473,3,29.82897688761432,30.265666202363505,3
1714,1717,-0.011511915543941875,3,30.741196120654045,30.418047263313976,3
1718,1720,0.015017812549359327,2,30.304292445361718,30.789700921192487,2
1723,1724,-0.006226349023094829,1,32.36406357092326,32.19491767889598,1
1725,1726,0.0008617826905575566,1,32.39643926028294,32.45675439013343,1
1730,1734,-0.026827510078881116,4,31.941878221904776,31.116899040190138,4
1735,1738,0.006568153434234009,3,31.014399932046796,31.249121669403223,3
1741,1749,-0.023013597464170053,8,30.967324723279216,30.285622502278706,8
1750,1758,0.007472941369234448,8,30.201329919822086,30.457224017505645,8
1762,1766,-0.024438951315310365,4,31.445596908607218,30.7085450935855,4
1768,1769,0.007823692885298435,1,30.36088438181844,30.62877950132966,1
1772,1773,0.01073894768288744,1,33.46163684852649,33.85444125287512,1
1774,1778,-0.014778471613905345,4,34.1166877973882,33.64661198301142,4
1779,1780,-0.0051371237758425555,1,33.63143502442992,33.492297614974646,1
1781,1783,0.01046030323777171,2,33.523618462630154,33.90780929583926,2
1784,1786,-0.04398791999349658,2,33.37841241007092,31.94354388787686,2
1787,1790,-0.028024694762670388,3,31.953383653280696,31.089853213416283,3
1793,1796,0.017157197970017954,3,32.580149048292476,33.171713264455015,3
1797,1803,0.0304862817616504,6,34.02167768044783,35.09289380989846,6
1805,1808,-0.02271560754436578,3,34.90254724881252,34.14461723045862,3
1810,1811,-0.006947066099776654,1,33.6352841144046,33.435252856491466,1
1817,1818,-0.007142980615253423,1,32.98964578832164,32.7869910337399,1
1819,1824,-0.04581288651047594,5,32.39025692895163,30.938756021149363,5
1825,1826,-0.02673680968108574,1,30.618270099702265,29.83025350938215,1
1828,1830,0.0028691934835996208,2,30.493007472109365,30.610990817915805,2
1842,1844,-0.00499385586749261,2,29.939718639996105,29.82014371903468,2
1845,1856,0.037115170738408323,11,29.96762344052712,31.10984452458714,11
1858,1860,-0.00290564089910708,2,30.80480666365023,30.74610376418289,2
1866,1872,-0.030289787170546898,6,30.775806255493197,29.874389440267816,6
1876,1878,0.0037204634628057046,2,29.60986453895747,29.749636822652246,2
1881,1884,0.0008577564815455375,3,30.312609610990506,30.368923057967883,3
1888,1889,0.0033334035869997114,1,31.03247173929918,31.166947963647726,1
1893,1895,0.006328721140511946,2,31.82954257534738,32.06281241691215,2
1899,1902,0.005197251078945443,3,31.64590764311117,31.842025278396648,3
1903,1907,0.001951552701291924,4,31.890309882414307,31.984435812692784,4
1910,1912,-0.016139208605285647,2,31.676079862979616,31.19652908213628,2
1920,1923,0.03546215561917944,3,31.952985457851483,33.11806018611304,3
1924,1925,-0.011854848369109498,1,33.14280249963765,32.78304240397674,1
1926,1928,0.0005728175727423509,2,32.53369491988675,32.584864486962985,2
1930,1933,-0.008532569248817679,3,32.72817203852435,32.481644816256946,3
1934,1936,-0.00498923490005429,2,32.39414508982183,32.264917235672094,2
1938,1940,-0.007706071765905112,2,31.834756422538575,31.621270261318923,2
1941,1946,-0.0076466334423086505,5,31.568699055666848,31.358873484793275,5
1947,1948,0.00012388929700421643,1,31.342282082458038,31.3775073378342,1
1949,1953,-0.020456030660882564,4,31.3459449285085,30.736077262885104,4
1958,1959,0.011134911664067004,1,30.91437923211345,31.289522493244615,1
1960,1962,0.01850958091063208,2,31.7178571136696,32.3366592133406,2
1963,1966,0.013809377707056696,3,32.982584827263935,33.471036383725924,3
1970,1972,-0.0034259587622478484,2,34.329180992303854,34.24589981487478,2
1974,1976,-0.009586466876965766,2,34.074577165953656,33.78199693777158,2
1979,1985,-0.021775410288212796,6,33.82956025898954,33.12673726473921,6
1986,1989,0.009620999026700522,3,33.12850168473417,33.480359468883776,3
1994,1997,0.004587454153726942,3,33.60678546130703,33.79456183432622,3
672,679,-0.019227116951052663,7,27.06270170350431,26.569426674543084,7
688,690,0.003593879650679405,2,26.243311400924984,26.363870015136136,2
692,695,0.004646557157978836,3,26.62098755868983,26.771304486541815,3
696,698,0.0023871934692948254,2,26.97249031289541,27.063851355933867,2
704,705,0.005708775173299441,1,27.32094412945852,27.504234201145334,1
706,709,0.003448077159753326,3,27.54669605246665,27.669225882004294,3
711,715,-0.008461765825969669,4,27.432323142834974,27.22762957148081,4
716,719,-0.015306929603140642,3,27.041061660161834,26.654187094595713,3
722,723,-0.0035715987380687225,1,26.86072083308581,26.79164583728783,1
727,728,-0.004759314057529794,1,26.360626633759175,26.26152875948959,1
729,730,-0.0038504782260308785,1,26.112996758723238,26.038562230046082,1
732,739,0.021276949469433787,7,25.90645722596859,26.48357406452354,7
741,744,-0.00018634153294184292,3,26.242436510149656,26.263788890812375,3
745,748,-0.0003982959602758504,3,26.307886872362143,26.32371643416985,3
756,758,-0.0007668437338463096,2,26.38721310068275,26.393365444763507,2
759,762,0.014115619540244363,3,26.42098682952879,26.820356414321754,3
763,767,-0.00012700719231771638,4,26.91537827620767,26.938875207858846,4
771,775,0.0006397994327246369,4,27.147726326220823,27.192243152450324,4
780,785,0.007183670384164217,5,27.775313185614348,28.002617193542346,5
786,791,-0.015452507170591694,5,28.17380148409087,27.76661941611922,5
795,800,0.015548392041585011,5,27.638641326576646,28.09601639874559,5
803,804,0.004383351450126882,1,28.205172498861053,28.357010855133876,1
805,806,0.0021750544423287136,1,28.485786904457672,28.5762308287119,1
807,808,-0.005517156576934365,1,28.57564912724055,28.446568445845266,1
811,812,-0.0010334370222330677,1,28.632675251720475,28.63171786032149,1
816,820,-0.0032827598145243617,4,28.52709116596055,28.46197066862162,4
821,823,-0.0013229344333151192,2,28.475610896003946,28.466415140735943,2
826,829,-0.008210073883278057,3,28.50456051045089,28.29904052316017,3
830,832,-0.009789817819211146,2,28.158055275043527,27.910551099032617,2
835,836,0.0006083851882801668,1,28.24923070461653,28.294666348862144,1
840,848,-0.008965663571392182,8,28.7773110524667,28.548080674133445,8
849,850,-0.006552024589602448,1,28.408640526328508,28.250915055569155,1
855,856,-0.00252260516575125,1,28.156442593744234,28.11357144880182,1
857,858,-0.00514358489786905,1,28.063344663974334,27.947061812840996,1
859,860,-0.007012464349011549,1,27.94622026212319,27.77819460910755,1
861,863,-0.0019321866946677372,2,27.782604901672002,27.756706327039453,2
864,866,-0.009586167637343213,2,27.916408364405182,27.67671340235587,2
869,871,0.007801385264763538,2,27.652583874797138,27.895964919045415,2
877,880,-0.015984245614488333,3,27.66193920192942,27.247445910754667,3
884,887,0.001506037569214191,3,27.15019419120331,27.218233597857925,3
888,892,-0.008219883061476075,4,27.242392652718607,27.045705763451164,4
893,896,0.009336396978057108,3,27.005592965207256,27.284733494723465,3
897,900,-0.0042416787917038765,3,27.36831997893697,27.279600676496685,3
902,907,0.005532107027822895,5,27.457998766968156,27.63735735368382,5
909,912,0.00464284251150899,3,27.765665011174832,27.922342286060207,3
922,929,-0.0032306001255509044,7,27.24144673030834,27.180681955811526,7
930,932,-0.005716399685451063,2,27.360578141229812,27.231534719090757,2
933,935,0.000936377402576257,2,27.3050604176915,27.357933319660297,2
936,940,-0.011272034364787051,4,27.3016266092858,27.021183362540633,4
941,943,-0.011985127426694137,2,27.051541265499893,26.7543766376099,2
944,951,-0.001277730638969962,7,26.67614512764996,26.668736344818402,7
955,962,-0.0011374991500178546,7,26.65092650216307,26.647262022421835,7
963,966,-0.010185244068071468,3,26.62858129475783,26.383991276378996,3
971,975,-0.006253891410307704,4,26.327248547046793,26.188928042048428,4
976,977,-0.0036776670242051846,1,26.194179088329925,26.12403979875898,1
984,986,0.0032212317488430247,2,25.756384802735873,25.8651084720006,2
989,993,0.007819606603303123,4,26.120504080288644,26.350876650556764,4
994,995,-0.002703017997256492,1,26.353182281165246,26.30830233745544,1
996,1005,-0.009683635479637919,9,26.24456815191368,26.016669888761946,9
1006,1009,-0.004926957259204547,3,26.131289488453394,26.028673031504336,3
1011,1012,0.0008895128402088943,1,26.254974730192362,26.30458384206442,1
1013,1014,0.005234193407095611,1,26.49879256468184,26.663991162584573,1
1015,1020,0.01985888890994669,5,26.81824335915053,27.377642118138965,5
1022,1024,0.003462451771631218,2,27.575136328975724,27.698189044939934,2
1031,1033,0.009861908460812266,2,27.797044811563396,28.098973767787694,2
1034,1035,0.0005784103455175678,1,28.18123391777887,28.22571546894414,1
1038,1040,0.0001403869515841517,2,28.42293362608477,28.4553467687177,2
1041,1042,-0.0014425063286158605,1,28.45567892128102,28.443087103273292,1
1046,1047,-0.007137335725746166,1,28.36613150527396,28.192039032985427,1
1048,1051,-0.009921817270939957,3,28.07410562223382,27.82363358182718,3
1057,1059,0.003541796386519998,2,28.23350273773477,28.361733558447817,2
1061,1064,0.013210335831717511,3,29.095568257560835,29.509026053715434,3
1065,1068,-0.00508416317118238,3,29.405734146726633,29.285636330302992,3
1069,1071,-0.014525534108457843,2,29.322299126438132,28.92569936946509,2
1072,1074,-0.005904376698827531,2,28.78209737924128,28.640939131511143,2
1075,1076,-0.0015911501544884077,1,28.63662313218251,28.619694587993894,1
1077,1079,0.009701467333921156,2,28.758172227935965,29.0659268686165,2
1082,1084,-0.013709589847821852,2,29.19468899774764,28.82363647485155,2
1086,1091,-0.0029220882874054807,5,28.562819811793794,28.507919550378272,5
1093,1094,-0.007160131142199807,1,28.23949010178271,28.065531139366875,1
1101,1103,0.0064415080646565296,2,27.783435669982435,27.990186330584475,2
1111,1112,-0.005447221302941472,1,28.15123740976846,28.026042627055574,1
1113,1119,-0.028216043824087118,6,27.89199638407669,27.13288658814638,6
1120,1121,0.003312989878993148,1,27.22971884118682,27.347160342956688,1
1122,1124,0.0018290878030996515,2,27.483026427214995,27.560778322072494,2
1129,1136,-0.002211217008786389,7,27.665210952832403,27.63170237877467,7
1141,1146,0.011349515676523956,5,27.91206305938541,28.256763519701416,5
1156,1157,-0.002947025853878741,1,28.637970201106675,28.582211332722512,1
1158,1159,-0.002599835322693633,1,28.434477346722222,28.388986865480604,1
1160,1161,-0.004629909235419399,1,28.38468848584958,28.28165464297029,1
1162,1163,-0.002443186892018599,1,28.20001973709728,28.159321838258034,1
1164,1165,-0.0019052187898501048,1,28.00189192486048,27.976544086138745,1
1167,1169,-0.007366273109594541,2,27.922979056966252,27.745213746256116,2
1172,1176,-0.022720628165157124,4,27.698018674922654,27.09640031037308,4
1177,1179,-0.007873838836434449,2,27.10828440344867,26.921946425327135,2
1188,1189,-0.0005496773191379135,1,26.84805698422831,26.860147273225387,1
1190,1191,-8.828323796936121e-05,1,26.99047734491928,27.015085015529852,1
1194,1195,-0.0030929560370208126,1,27.093097539748168,27.03639287769076,1
1200,1203,0.0026095512987816217,3,26.853460920258165,26.950389864999664,3
1208,1211,0.013257681764350129,3,27.161263043991486,27.54851968879052,3
1216,1217,-0.000514485300609625,1,27.44756816644977,27.4608943642571,1
1218,1220,0.002294963021334759,2,27.64963283123863,27.740737348971045,2
1223,1224,-0.003398022206784977,1,28.044985991940383,27.977733492742736,1
1228,1230,-0.003790290940077681,2,27.65157513578507,27.57441919620481,2
1233,1234,0.000492687390369291,1,27.700066692761787,27.74141423302646,1
1236,1237,-0.0048818434347892865,1,27.64597461243438,27.53865726738675,1
1241,1242,-0.003639653334913595,1,27.538065272628454,27.465374326794493,1
1247,1256,-0.033238406864788204,9,27.373782142768103,26.49129501662147,9
1259,1263,0.014172168705103818,4,26.383895165064754,26.78419607360689,4
1266,1267,2.8973843674951578e-05,1,26.929950423342117,26.9576606379392,1
1268,1271,-0.00512098586121892,3,27.05727908518982,26.945776420636697,3
1273,1274,-0.009051646732582186,1,26.925388390713067,26.708594675253476,1
1280,1282,-0.008351467769699687,2,26.596039259333526,26.40051933391687,2
1283,1287,-0.008891309558563272,4,26.222364563272226,26.015435767145945,4
1288,1289,-0.0008049720323545422,1,26.074279569320954,26.079364783073178,1
1298,1299,-0.005672657400877868,1,26.092215703224998,25.97029571841402,1
1301,1302,-0.007673260949598031,1,25.893652165062438,25.720857067226852,1
1304,1311,0.024697305379400358,7,25.13458794319778,25.780479125159527,7
1312,1321,-0.0120178838698153,9,25.937888205697853,25.65210756561922,9
1329,1330,0.0038866996466409634,1,25.35563436640353,25.479539735902193,1
1333,1334,-0.0017717567659214207,1,25.92277389888416,25.902767822736244,1
1338,1339,-0.0026974637513629087,1,26.23178424866589,26.187256745770206,1
1340,1342,0.005520936473859794,2,26.234654154744025,26.405728667900792,2
1344,1346,-0.0049300291791021175,2,26.462128784810663,26.3581318465452,2
1353,1354,-0.007727905384373361,1,25.838773875204804,25.66493304932421,1
1356,1357,0.0009383392543304754,1,25.653822308479302,25.703548119283447,1
1359,1362,0.0011324299881001216,3,25.76924274213716,25.824193848131124,3
1364,1366,0.0016581668122412152,2,25.813353618888467,25.881969818790843,2
1367,1375,0.028242438899291716,8,25.95202739713476,26.710927972608218,8
1376,1377,-0.004060168531252838,1,26.707429298466657,26.62570006377683,1
1379,1381,-0.00041698022423890865,2,26.58172930142873,26.59722697528539,2
1384,1386,-0.005438053294558456,2,26.675792579537056,26.557403990394484,2
1387,1390,0.0002739405420499957,3,26.52600249868099,26.55979504868258,3
1395,1396,-0.003970797453179555,1,27.283646120868642,27.202591934459313,1
1399,1400,-0.0014466894686901346,1,27.31504948276895,27.302848137828246,1
1402,1412,-0.015916189670220394,10,27.394506327558418,26.985884675254503,10
1417,1426,0.015906440511161506,9,27.150800966345372,27.609824367713276,9
1427,1428,0.0037437616695632616,1,27.76555587057777,27.897269050250735,1
1429,1430,-0.003024309948993041,1,27.852758620475047,27.796376004092718,1
1431,1432,0.0026651854825926876,1,27.928768227031988,28.0311323428844,1
1433,1434,-0.003308671704817024,1,27.981301323555478,27.916701684925826,1
1435,1439,-0.004786184208667067,4,27.95451571977846,27.8486747737993,4
1450,1451,-0.0004316840213306367,1,27.5369567979297,27.552606490481892,1
1466,1468,-0.0012608741967216805,2,26.98697734754677,26.979937141509282,2
1473,1474,-0.003059092738847211,1,27.049972531073067,26.994274129048318,1
1478,1479,0.0009172540028207416,1,26.336302402276388,26.38679578347665,1
1482,1484,-0.012292556897071923,2,26.170548256825967,25.875015851608193,2
1486,1487,0.0035394387607026283,1,25.954942127310677,26.072762997635184,1
1488,1490,0.00035451105362067827,2,25.9991970741837,26.034413274005946,2
1496,1497,0.0013032571987712785,1,25.415258202746607,25.473796079160714,1
1501,1502,0.0022915446367328604,1,25.645214496118616,25.72962686435118,1
1505,1506,-0.0034654849287369524,1,25.64934282485762,25.586104756690926,1
1507,1509,0.0011038256287726287,2,25.7127556388762,25.766850793175635,2
1512,1513,-0.0059422383174315835,1,25.73212088856559,25.60494661472134,1
1514,1517,-0.003374505671730105,3,25.72887343088444,25.66778007499558,3
1526,1527,-0.005727947194152013,1,25.885485425681996,25.76310021749438,1
1537,1540,0.007041780748126009,3,25.263308523626353,25.46647051174562,3
1544,1552,-0.0015508778481899987,8,25.83002574989142,25.815796560887627,8
1561,1563,0.0003583767532284235,2,25.75492432136319,25.789909211842488,2
1565,1567,0.007306568919339194,2,25.922392207081845,26.137718344504112,2
1572,1578,-0.001650962711654084,6,26.413956199630533,26.39676169907731,6
1579,1585,-0.016642755068777573,6,26.31605884476071,25.90440318187658,6
1586,1587,-2.3205707772191433e-05,1,25.967796112189358,25.99316130721348,1
1588,1595,0.007052042927234319,7,26.125005822879647,26.33536549123972,7
1596,1599,-0.015074959363742192,3,26.341552804978456,25.970796519670515,3
1600,1604,0.006217781905313433,4,26.028146045032074,26.21601152658476,4
1605,1608,-0.013609615512681372,3,26.18474248639171,25.854562951339737,3
1609,1614,-0.014081590705847108,5,25.636229763550073,25.300867098542255,5
1619,1620,-0.00012848358151435466,1,25.56472655154907,25.587006630472843,1
1621,1624,-0.008742539761233108,3,25.644495915849117,25.445942386563875,3
1628,1630,-0.012114863150172718,2,25.22225261297453,24.94191072684223,2
1632,1633,-0.015203532921132714,1,24.767466061071378,24.415680541499913,1
1635,1636,-0.008588014300801545,1,23.954628151105435,23.772860090124464,1
1637,1638,-0.00010180489392476401,1,23.721169728350915,23.7424759669113,1
1644,1651,0.05452948898557864,7,22.683575057050916,23.94318238833497,7
1652,1663,0.12319068802002446,11,24.154570887503873,27.15434366485143,11
1664,1668,0.004144398898208905,4,27.167457902874656,27.30721814337734,4
1673,1677,-0.028869684198510187,4,26.88660183851276,26.137280736102326,4
1679,1680,0.006075141695663006,1,25.698458650867277,25.8802788871823,1
1684,1687,-0.00102912642489877,3,26.47789621884122,26.477125012385525,3
1688,1696,0.05086352849331944,8,26.550322667805137,27.927316083993674,8
1697,1701,-0.01186573524039317,4,28.112555939250523,27.807092349483884,4
1703,1707,0.06578505247137574,4,27.59881233813046,29.442000468280156,4
1708,1711,0.013507336975314747,3,29.877841685739284,30.31128960316941,3
1714,1718,-0.01549652320333143,4,30.673855400420184,30.22919114387236,4
1720,1723,0.04871501179366358,3,30.800527112142728,32.33177568077396,3
1727,1730,-0.011629513952825542,3,32.20188482211349,31.859594438089555,3
1731,1736,-0.02352067689746919,5,31.665422754190278,30.95229599952139,5
1737,1738,0.004744905051304635,1,31.01578041861004,31.193963132207067,1
1739,1740,-0.004612643309908118,1,31.109862985049563,30.997474146664466,1
1741,1742,0.003615193620289953,1,31.000001330054207,31.143072338421653,1
1746,1747,-0.003737925683363367,1,30.507646038919944,30.424118371291026,1
1748,1750,-0.005723457087241391,2,30.39067492478831,30.24712587592877,2
1751,1752,0.0020380030159553794,1,30.311036716369525,30.40312173733059,1
1753,1756,-0.003367795830085797,3,30.447647582963928,30.375553769981064,3
1757,1759,0.014504747604162923,2,30.33667540931508,30.807037904685927,2
1761,1764,-0.006285081243221809,3,31.328606325152233,31.16303209548689,3
1765,1768,-0.018652454931403484,3,30.843254737267323,30.298795573079914,3
1770,1773,0.0784882494180689,3,31.348045846398946,33.839847133406565,3
1774,1781,-0.020777217185482994,7,34.1778050160855,33.50186314335929,7
1783,1787,-0.062123223719465694,4,33.94082588263942,31.866253188991422,4
1788,1793,0.011379659335348628,5,32.11500145547482,32.51257423304782,5
1794,1799,0.07594454734779466,5,32.55830950787507,35.06349389536792,5
1800,1801,-0.008293286088152973,1,35.14560398057139,34.88927703600015,1
1804,1805,-0.012483042273115422,1,35.34423674927707,34.938377384574125,1
1809,1810,-0.004974701793991214,1,33.81977148436337,33.6853479779721,1
1812,1820,-0.032919588613680585,8,33.286986832777814,32.22447990688654,8
1824,1827,-0.034660970768372226,3,30.984120067383497,29.941164507511566,3
1828,1829,0.006757018938135408,1,30.438198477960597,30.674308159996862,1
1830,1831,0.0029117373309784497,1,30.615440947062716,30.735200510319707,1
1835,1839,-0.04449699039459208,4,31.789812323967162,30.407051162665677,4
1840,1843,-0.011191043511744547,3,30.065353693150612,29.758956365467725,3
1847,1848,-0.0014103594057320197,1,30.228219764206273,30.215815329907496,1
1858,1860,-0.00229944641228141,2,30.804903205508598,30.764873884557524,2
1863,1869,-0.008644737604627873,6,30.714623136012104,30.47981790151226,6
1870,1871,-0.009659007213877923,1,30.360295179431567,30.097405164457406,1
1874,1875,-0.00891553262668508,1,29.694458792269963,29.459411334867994,1
1876,1877,0.003487322874643652,1,29.499559036704326,29.63193308276163,1
1880,1881,0.00873414661516888,1,29.978282205269384,30.270095199526384,1
1883,1884,-0.005859685179011825,1,30.523115081874,30.374782351893344,1
1888,1894,0.02917978158948541,6,30.99202520713441,31.927357758901554,6
1896,1897,-0.0020277356540492134,1,31.91666216940197,31.883860277732232,1
1898,1902,0.0018271744962641183,4,31.76137403879025,31.851168985439024,4
1903,1905,-0.005918612902293057,2,31.922312957255393,31.7652994568728,2
1906,1909,-0.008228292215105095,3,31.907300878625346,31.676665584079363,3
1911,1912,-0.009945438121612457,1,31.53076849291377,31.24871195443352,1
1914,1915,0.0024260328706008573,1,31.267224341962173,31.374346880330187,1
1919,1920,0.009748584967517106,1,31.665021748840218,32.005375925605904,1
1928,1929,0.00011802370128318981,1,32.553281605959086,32.589676946349094,1
1930,1932,-0.008267750149414265,2,32.695249178895864,32.45762827679081,2
1933,1934,-0.0046994139885273515,1,32.50954311105677,32.389276852511095,1
1935,1936,-0.006100315294502678,1,32.42807347424647,32.26268007513451,1
1937,1941,-0.017160068814285754,4,32.13223858762181,31.612979400888797,4
1942,1944,-0.0015308714705155766,2,31.5009619049518,31.484238942982664,2
1946,1950,-0.010073634578337015,4,31.40489764819476,31.119941082964964,4
1951,1954,-0.006729173685053938,3,30.951156450600994,30.773831899542223,3
1955,1956,-0.004820676820454816,1,30.692042585086355,30.574778209409104,1
1961,1962,0.010701717271544928,1,31.969113906583324,32.34320743893998,1
1964,1968,0.0309636142564214,4,33.11607670920463,34.174586210823705,4
1969,1972,-0.007692613916207399,3,34.39653066971528,34.16632796988589,3
1973,1976,-0.011585761186988293,3,34.19314771544711,33.831187219499974,3
1979,1980,-0.0030072378084860037,1,33.80111633099708,33.73326945232847,1
1984,1987,0.0032625521542592843,3,33.21792427448167,33.35951740915788,3
1988,1991,-0.006063327778721764,3,33.473276762629695,33.30379059055263,3
1993,1995,0.005270783456062468,2,33.48943110822939,33.69943607877582,2
1996,2000,-0.018959839843691248,4,33.82867885610121,33.22112120172197,4
672,673,-0.0007610853840932987,1,26.99678651757504,27.0032364444566,1
674,676,-0.0030118293925280796,2,27.03107142294275,26.976689518942546,2
677,681,-0.01969456571254813,4,26.82631832464985,26.32481195390395,4
682,684,-0.004369441503502315,2,26.248477782796012,26.1600350723509,2
685,687,-0.004043496261744208,2,26.19859665709434,26.118861326105527,2
691,696,0.015519073683079573,5,26.498246848253316,26.935973340412044,5
702,704,0.012538359207538523,2,27.0320899538151,27.39806009774034,2
706,709,0.005842024809278167,3,27.510671902796453,27.698900602475298,3
712,718,-0.015500810797785959,6,27.232718810434985,26.83782230745556,6
722,738,-0.011596778457565779,16,26.890079826610986,26.60513160798213,16
740,741,-0.005732698463355742,1,26.365667312081534,26.240886558908297,1
745,746,0.0009440324659540874,1,26.335693233698382,26.3868906763581,1
747,752,-0.004790005150089862,5,26.38810933104462,26.288098260778828,5
754,762,0.01737344638119589,8,26.296437874183674,26.779594065481437,8
765,766,-0.0019003878382431328,1,26.93873688231168,26.914481571245215,1
772,773,-0.0015350191139931746,1,27.199762887107266,27.18521049406658,1
774,776,-0.001560354428053386,2,27.2218273004424,27.20657342897489,2
780,781,-0.0012714173916233615,1,27.757091753385854,27.7495579959431,1
782,788,0.014514272684182285,6,27.777982397143365,28.208937590669063,6
793,794,-0.005045255461454728,1,27.75136683217372,27.639105463933035,1
795,798,0.009373670492992429,3,27.64703678821083,27.93383803795937,3
801,804,0.010809821854097887,3,28.10107944099438,28.432948183100375,3
808,810,0.0038985914004678384,2,28.517812131579714,28.657509240847627,2
812,813,-0.006472701833504953,1,28.699183218232477,28.54212114561396,1
814,817,-0.008502229597201235,3,28.582949161095367,28.3685133139237,3
818,821,-0.0008306943671218397,3,28.44342596092391,28.448241593157448,3
823,825,0.0011157880252735445,2,28.508693868903762,28.56901222200778,2
826,827,-0.0031814933756458587,1,28.54707977404058,28.484804508619476,1
831,834,-0.00393941576831101,3,28.10997927018661,28.027352353872928,3
838,840,0.005233305283172159,2,28.576633007555973,28.754759885057243,2
842,844,-0.0022593379514127894,2,28.703884771686045,28.66773688024008,2
847,849,-0.008312168421540898,2,28.639857580632388,28.43043811843386,2
851,853,-0.006036248825250326,2,28.261449849674918,28.11911815606962,2
857,860,-0.007693372014752197,3,28.04510681908358,27.85739048594999,3
861,862,-0.0018324559073164739,1,27.781304016932896,27.758177306291046,1
864,865,-0.004632452991902134,1,27.949650383471727,27.848124592313667,1
870,873,0.005282987709620776,3,27.720642486795242,27.894810942842568,3
876,877,-0.004727161065666218,1,27.74958672516281,27.646159545932456,1
878,880,-0.013453520654890968,2,27.560661192036804,27.21743392861932,2
881,883,-0.001182727510336077,2,27.214099206679673,27.209126442085598,2
887,889,-0.0005504797654284658,2,27.196689209568667,27.208914671681722,2
890,891,-0.003901861419558343,1,27.14272847019206,27.063964033622863,1
895,899,0.007145759585537314,4,27.12944697357477,27.350436926310092,4
901,902,0.0017501157100361336,1,27.368025023189308,27.443290258758243,1
906,907,-0.002508544405410421,1,27.67070494355392,27.628962456417558,1
908,910,0.0001824845002342955,2,27.73635245500345,27.769150261874525,2
912,915,-0.015312710114883363,3,27.962899735680335,27.562674857791993,3
916,917,-0.005929872265656242,1,27.512110985646597,27.3764797927288,1
919,920,-0.005659205412839151,1,27.36874264850635,27.241226054615826,1
927,928,-0.0004926389772031653,1,27.14188099538944,27.15565172789189,1
930,934,0.0005730576290263378,4,27.327752853107356,27.370740983217082,4
936,937,-0.0020588844863688627,1,27.25814551396075,27.22928228654883,1
938,942,-0.012927213763072008,4,27.220050285153146,26.895390926760555,4
943,944,-0.0029531360668086696,1,26.697692830969707,26.64554860420096,1
945,950,0.006542902199214123,5,26.542046464821993,26.742250525473143,5
953,958,0.005040227107449386,5,26.632968133026523,26.793837309095466,5
960,962,-0.007241963463742859,2,26.8458862561249,26.67831521496237,2
963,964,-0.004789817447997895,1,26.645831614779183,26.54484877720908,1
965,967,-0.0023594503235506697,2,26.479114406584443,26.443117365937077,2
969,971,-0.009469598713527837,2,26.472992224271806,26.24877660338588,2
974,975,-0.003428587170834907,1,26.24673151023416,26.182989034812056,1
978,980,-0.005759940566469329,2,26.191735854176592,26.067064748178048,2
985,989,0.012740732782882434,4,25.74318942967542,26.096919716607715,4
992,995,-0.0042299781791592835,3,26.385972115170436,26.30074600100253,3
996,999,-0.0004274366478691599,3,26.22961855806436,26.244636676391078,3
1002,1003,-0.002491056927517648,1,25.991567102659303,25.952812196473843,1
1005,1010,0.0005039470970185148,5,26.102197106822985,26.141453430387596,5
1011,1012,0.0024492017882069817,1,26.260073581571913,26.350649874327917,1
1013,1015,0.008469074396740172,2,26.46668126164452,26.71729623554584,2
1016,1018,0.0038531761192219516,2,26.894988210562317,27.025514325072574,2
1021,1023,0.0070068620925432855,2,27.449699223734434,27.66948517990067,2
1025,1028,-0.009028876089553606,3,27.74559841473458,27.52283244303216,3
1030,1033,0.011459270200604634,3,27.734199115800585,28.079746996381715,3
1036,1040,0.0024962564538510024,4,28.318203845919232,28.417211548876995,4
1042,1045,-0.004372313979276772,3,28.46297060013274,28.366984526486167,3
1047,1050,-0.01186957911620681,3,28.18125197401508,27.874933626089764,3
1062,1064,0.0015548124988980592,2,29.406220291362633,29.481347670508356,2
1066,1067,-0.0027779939937725906,1,29.33141763456244,29.279266550179354,1
1072,1073,-0.005169917089082456,1,28.77828676890672,28.65828369911454,1
1076,1078,0.007509975700865001,2,28.711883699759504,28.95622113237052,2
1088,1092,-0.0022159917372590095,4,28.41210808758249,28.37755919890988,4
1094,1101,-0.010582087147021177,7,28.05302668654029,27.78422014009215,7
1103,1106,-0.0032709089453902733,3,27.982442260091535,27.918896681649226,3
1108,1113,-0.012158231617732742,5,28.186994963255664,27.87247794484779,5
1117,1119,0.0017780345477369872,2,27.095008404698543,27.17027927411802,2
1122,1123,-0.0012946520030493644,1,27.47003296989944,27.461938869661026,1
1124,1127,-0.0036526764516921243,3,27.578038725343433,27.50488311143286,3
1135,1137,0.004373071159812698,2,27.60365260573875,27.751968995460132,2
1138,1141,0.0024521004350634332,3,27.847818900060066,27.94395236780053,3
1145,1151,0.009143879571782896,6,28.238067497541287,28.524511053576223,6
1157,1164,-0.021753017028504677,7,28.609358146130603,28.015627649349366,7
1173,1175,-0.019631389082585268,2,27.692106639374146,27.176164226059523,2
1178,1180,-0.006770849381317283,2,26.983310700587683,26.827594078725305,2
1181,1182,-0.004707737452802839,1,26.73525562700021,26.636128318401724,1
1185,1186,-0.003713079930507603,1,26.718201278801185,26.645712663132407,1
1191,1194,0.0008851294411001179,3,27.038545568509157,27.08951672680488,3
1199,1206,-0.00010958036057547276,7,26.85510275455593,26.87901506546735,7
1210,1211,0.0027831728312588204,1,27.427732166840784,27.53149601799742,1
1214,1216,-0.007536923764198412,2,27.64026048999724,27.45957821435154,2
1217,1218,0.0017993080037879351,1,27.51543651451735,27.592460696180158,1
1219,1223,0.009067919616550651,4,27.737452304687338,28.016710744858838,4
1226,1233,-0.005258304820644495,7,27.771794824411906,27.653534056633163,7
1234,1235,-0.004498736632542815,1,27.76653762758085,27.669389825224354,1
1236,1237,-0.005736531451405936,1,27.654292562951078,27.52330713646028,1
1241,1242,-0.0015265710967995402,1,27.469289995020095,27.454825460859112,1
1247,1249,-0.015147661089614024,2,27.343083822842097,26.95624313977162,2
1252,1253,-0.007416119267344309,1,26.687823273757743,26.516591016647507,1
1255,1258,-0.009240099409634016,3,26.599856618037837,26.380671155223194,3
1259,1263,0.01466219192027542,4,26.38917354214709,26.802485842781653,4
1264,1268,0.0036182861187331015,4,26.88533923263593,27.00950342161144,4
1269,1270,-0.0024522666667550217,1,27.129860574039487,27.090460781854098,1
1272,1276,-0.01925116207731745,4,26.99229225580894,26.49965155500985,4
1277,1280,-0.0032096306057499665,3,26.55251738693155,26.49384613185368,3
1285,1291,0.0066094600700221506,6,25.996109326926568,26.193925682825746,6
1292,1297,-0.007066701803549422,5,26.131279109436825,25.97274843133455,5
1299,1300,-0.0017572052089258766,1,25.961590085583833,25.94193183433903,1
1302,1305,-0.023196293143625916,3,25.694251787069106,25.123934642297186,3
1307,1308,0.005781866355504005,1,25.377881999387114,25.549991403492708,1
1316,1317,-0.009214810413054164,1,26.537013545208872,26.31901701000633,1
1320,1323,-0.008705592972889298,3,25.665547245619813,25.467778985118606,3
1325,1326,0.0013211188101668893,1,25.266799244729064,25.325446487728716,1
1333,1334,0.000812195741660113,1,25.925098211062355,25.972079563642563,1
1338,1341,0.000712105817611943,3,26.241794047147685,26.28672277540038,3
1342,1345,0.00010933453257175579,3,26.38013639633133,26.409400792609734,3
1347,1352,-0.014746187541402736,5,26.347665153000214,25.985485206528992,5
1354,1355,-0.004757277114873492,1,25.68090913481026,25.584418842628892,1
1356,1359,0.004705466952328629,3,25.600530479986123,25.746593460601765,3
1366,1373,0.023105279681163604,7,25.913522512635495,26.538175220326703,7
1375,1376,-0.002172440186576347,1,26.70798220141723,26.676668689781923,1
1378,1380,-0.004802446500937287,2,26.63490971777146,26.53363189851234,2
1383,1384,-0.001328645913891911,1,26.644638705837377,26.635882054199577,1
1385,1386,-0.0020451086534651833,1,26.62197479405747,26.594151937827867,1
1392,1397,0.016142998974770985,5,26.80843855210975,27.268015586723777,5
1400,1403,0.006248405114029817,3,27.310572434153205,27.508530527052002,3
1406,1407,-0.004528093339820776,1,27.446266083414613,27.34943309484277,1
1409,1413,-0.012794480902084276,4,27.268929424180232,26.947306556866454,4
1416,1420,-0.007481947358730837,4,27.117734705796426,26.941958976945426,4
1421,1424,0.010963625490244117,3,26.984047687285535,27.306874728027108,3
1429,1432,0.0074050321021798616,3,27.80188199427918,28.035557704942114,3
1433,1440,-0.0004701135965342898,7,27.990645632425085,28.005477494969934,7
1445,1446,-0.008351141836439906,1,27.96621024302037,27.76062666489623,1
1450,1451,-0.002052905465262662,1,27.573180819883746,27.544148867103814,1
1452,1453,0.0013516694031528056,1,27.637259448058902,27.702253145489898,1
1456,1458,-0.014478638689141822,2,27.891729578647915,27.51578703324207,2
1462,1465,-0.01577237073587142,3,27.30103177699093,26.897730814109412,3
1467,1471,-0.0027520075650543643,4,27.000422424228727,26.953117479881815,4
1477,1489,-0.01570461366441518,12,26.433120203750693,26.044431383209492,12
1490,1491,-0.001701094961142939,1,25.98376678733065,25.96554969936454,1
1492,1494,-0.012421703240702676,2,25.832716703421976,25.537663079334347,2
1496,1503,0.011920582710890242,7,25.431935605291468,25.76053103277767,7
1505,1507,-0.00029302275295686384,2,25.671702346806633,25.68985165625869,2
1510,1513,-0.007704862862883547,3,25.82232105282513,25.64918593136459,3
1515,1519,-0.004962626856439146,4,25.82522791305906,25.72289217135711,4
1522,1524,0.00012651708178699236,2,25.847185339474937,25.87630263527597,2
1525,1533,-0.021351975821680354,8,25.917297174777357,25.389828969312983,8
1534,1536,-0.004486775454901365,2,25.35614531316424,25.267734128055388,2
1537,1543,0.015510797670547069,6,25.295396756466246,25.713043934308473,6
1546,1547,-0.0034967725828725445,1,25.755218191421026,25.690913268774786,1
1548,1549,-0.0027491843799735305,1,25.740696498624867,25.695671274379833,1
1561,1567,0.014388758116132341,6,25.750707717905104,26.14697913029517,6
1568,1571,0.004580423934860522,3,26.1551147802301,26.30107140876872,3
1573,1578,0.0027710725962174494,5,26.332713451927546,26.432016026010157,5
1580,1582,-0.014767645635754598,2,26.23219372905327,25.871038181543202,2
1589,1598,-0.005765178594814437,9,26.17663997078341,26.051903606310468,9
1599,1607,-0.007957972227253174,8,26.039050494528116,25.857871504363146,8
1610,1615,-0.007897367080183489,5,25.469011223182893,25.293342103607287,5
1620,1621,-0.0021556550960423657,1,25.609412940714318,25.579817292142728,1
1623,1635,-0.06361302398127192,12,25.529500358184507,23.93102114002761,12
1636,1638,-0.0017407331633137926,2,23.779123771141155,23.761509785569327,2
1640,1642,-0.015140481037060897,2,23.411275791787933,23.080229090400753,2
1643,1645,-0.02869204998362544,2,22.95402355163608,22.31837958411886,2
1648,1650,0.04274570382551152,2,22.835823510266856,23.834792682158643,2
1651,1664,0.13160750685475192,13,23.93876735840547,27.113227614979536,13
1668,1679,-0.06392805589149472,11,27.35132675980406,25.630160940756575,11
1680,1689,0.02862309924428081,9,25.940165111629607,26.70859319714444,9
1690,1692,0.010105136848767442,2,26.96602071567456,27.265482065988824,2
1698,1700,-0.008603306330932994,2,27.93933137053068,27.72690007543909,2
1702,1706,0.04469573811876573,4,27.637201820802073,28.90010415754092,4
1707,1709,0.01816234713045879,2,29.52173938755941,30.087445205598762,2
1710,1711,0.003152500084445677,1,30.140034825340788,30.26519132249821,1
1713,1716,0.0032651604304064063,3,30.629141482752445,30.759779685022,3
1725,1727,-0.006197527656259154,2,32.39068544977414,32.22233396634375,2
1736,1741,-0.0003659841820925616,5,30.903840323442786,30.923433847041935,5
1742,1745,-0.014424335831632482,3,31.235592487110477,30.81627540366349,3
1748,1750,-0.0056715662623451225,2,30.33004609514639,30.18835727507293,2
1751,1752,0.0021954330292058614,1,30.299383854804546,30.396203506738775,1
1754,1755,-0.0018166108842708152,1,30.44383907390675,30.41897830356001,1
1756,1757,-0.0024009975603145476,1,30.404405283766536,30.361808786141165,1
1764,1766,-0.018187226631622526,2,31.15793983207306,30.62242125880476,2
1769,1771,0.060226781135630764,2,30.62912160551685,32.50444413043445,2
1774,1775,-0.008445586919831027,1,34.112745176007905,33.85875576672589,1
1782,1785,-0.04592103208820802,3,34.18876620774327,32.65297154386899,3
1787,1789,-0.006312605832680151,2,31.985716642190997,31.81578913739524,2
1792,1793,0.02332738925736298,1,31.753411698215665,32.52588930484746,1
1797,1798,0.021335857924319006,1,34.02304558684493,34.78297949922533,1
1799,1800,-0.0037103538723951756,1,35.156892071777705,35.06160445320958,1
1802,1803,0.0030664550597155685,1,34.927679831703884,35.06971167207964,1
1804,1807,-0.029640422499800263,3,35.38057414187864,34.36725955016973,3
1811,1819,-0.030548285656103617,8,33.435035432886615,32.447087454993735,8
1822,1823,-0.0114061199738998,1,31.659346279402282,31.329895323723584,1
1825,1826,-0.026173129600841633,1,30.59609851990802,29.825898966586255,1
1827,1828,0.014899368490550128,1,29.977589607669184,30.454214351300003,1
1834,1836,-0.0151938708172101,2,32.05163381325531,31.59669706342944,2
1839,1842,-0.018812463161703423,3,30.473968865239183,29.931152417436213,3
1848,1850,0.005984467746512344,2,30.16802960983011,30.3787372396158,2
1853,1855,0.02164213848607239,2,30.16420239365288,30.847184441571883,2
1859,1860,7.447004605363214e-05,1,30.700659604639686,30.73364654377896,1
1867,1868,-0.008087731007373717,1,30.55360358154061,30.33704785804872,1
1870,1871,-0.008495319715442515,1,30.29708970331732,30.070003329543514,1
1881,1884,0.00215781365294358,3,30.2903281658904,30.38597937772479,3
1888,1889,0.00194728922251754,1,31.067699155142147,31.159264650030515,1
1896,1899,-0.012688836194002833,3,32.00650493581107,31.632386142473834,3
1900,1902,0.0039153707023914935,2,31.67816676843297,31.833876701271997,2
1903,1907,0.0035686782888975027,4,31.915683713351893,32.0614962046084,4
1908,1909,-0.006393683005169872,1,31.92671780851251,31.754515213257882,1
1910,1916,-0.0037297072348403677,6,31.5936738203666,31.50743234036396,6
1918,1919,0.004568261746653305,1,31.35940204210886,31.534019400897858,1
1924,1926,-0.019882977064313342,2,33.12707918809873,32.50154131158217,2
1928,1931,-0.0017468486986695515,3,32.63615539762906,32.611781127440764,3
1935,1936,-0.005720150900762077,1,32.4500850934812,32.2969157950974,1
1938,1940,-0.009850374344321004,2,31.893199946350084,31.610933187786607,2
1949,1951,-0.013692647714032304,2,31.321860322287968,30.92430298346904,2
1952,1955,-0.009920472707626467,3,30.882489739109776,30.607003332248492,3
1956,1958,0.007795780875245324,2,30.655506348200948,30.925145464659415,2
1959,1960,0.009410568108645219,1,31.311542757471198,31.63751370593461,1
1961,1966,0.045737740697180236,5,31.992665844367394,33.48793076481297,5
1969,1971,-0.009609496657981519,2,34.420943407032446,34.12459640980503,2
1974,1976,-0.009407204868105586,2,34.116258021810054,33.82943565128755,2
1980,1982,-0.006621276877515685,2,33.782436021387774,33.592535594914594,2
1983,1984,-0.005907164882252173,1,33.40678320769427,33.24285061430846,1
1985,1988,0.007169312208248946,3,33.15921670541988,33.43010469926744,3
1990,1993,0.0024247396045121465,3,33.27554862823845,33.389508717487445,3
673,674,2.8864904874769054e-05,1,27.039771289470362,27.06759156118594,1
678,689,-0.014209134969448714,11,26.663380467037864,26.311180275707,11
690,693,0.012431198651336746,3,26.389998458405614,26.74444777010893,3
697,704,0.012272909319996667,7,27.015530300687423,27.37410498460007,7
707,717,-0.03160859428449125,10,27.724955222292436,26.8763333163376,10
721,722,0.0008744093841047814,1,26.75203881177984,26.802183084372576,1
723,727,-0.02052370500005055,4,26.87040779611083,26.345797881068503,4
728,742,-0.00410406804549935,14,26.2627620615454,26.181240661043603,14
745,746,0.0025568043211101565,1,26.306979004719565,26.400547781318906,1
751,760,0.00439440486518154,9,26.336273540018677,26.478342062133706,9
761,762,0.002435505100393366,1,26.737444187280833,26.82930081315772,1
764,766,-0.004160469209058543,2,27.01125202731263,26.925883796982188,2
769,772,0.008451858256046427,3,26.94948114524831,27.204203821107193,3
773,786,0.03028106813331613,13,27.259952139198884,28.1126725593761,13
792,794,-0.00545766177859636,2,27.830781434869753,27.706721224199065,2
795,797,0.004501525865824806,2,27.657965534119374,27.810126546901422,2
803,804,0.0024958876071239267,1,28.24184822313529,28.340578550340823,1
809,812,0.002013936809349545,3,28.586073219743927,28.672229838055674,3
813,814,-0.00545514937552661,1,28.62452657942431,28.497000037709242,1
822,826,-0.0027378335793142384,4,28.527191954943895,28.47761644284105,4
827,828,-0.0016666677587582508,1,28.463706675094908,28.44473083955987,1
830,831,-0.0055222683816029275,1,28.188917909444413,28.061440057270932,1
834,838,0.016014862376289525,4,28.074326199522414,28.552006996114347,4
839,841,-0.0012842903307522338,2,28.684943315515557,28.67678846349278,2
844,845,-0.003461396422629943,1,28.69137141616821,28.620750577204106,1
851,852,-0.004049006485728,1,28.23618450552503,28.150092195835473,1
856,858,-0.006076445115074573,2,28.101596176858873,27.95893996622106,2
859,861,-0.0086334997462954,2,27.926405523990006,27.713229314507686,2
862,863,-0.0009665233775330642,1,27.8044292239775,27.80536002235754,1
866,867,-0.004166340473203219,1,27.7331164027597,27.645303913845584,1
868,869,-0.003027502475752669,1,27.67992036899286,27.62379926191609,1
872,879,-0.018127385749013455,7,27.921227370223445,27.443009738467715,7
892,893,-0.004402012993830714,1,27.074333241928006,26.982226008439664,1
896,899,-0.0027376757340854254,3,27.34442483977567,27.29690909626907,3
900,901,0.0017491844243306535,1,27.310634091699303,27.385716061562796,1
911,913,-0.00025555965220452187,2,27.872280183025648,27.893029432978953,2
915,919,-0.013557635079155118,4,27.632435883862435,27.28543783768474,4
920,921,-0.002365540416968146,1,27.33244044046737,27.295116888351536,1
922,925,-0.008172940651371438,3,27.233893595557436,27.038546493090738,3
932,933,-0.0011365240999442966,1,27.25492052700914,27.251199573515137,1
941,944,-0.014444943644160602,3,27.01183288423807,26.648660313384006,3
949,951,-0.0023768808315565598,2,26.66536303689601,26.628648009664012,2
954,956,0.0018860365748427834,2,26.59469897530308,26.671452249242737,2
959,962,-0.005261207878485111,3,26.801550355783444,26.687343378251764,3
964,967,-0.003872674420681452,3,26.529630738169377,26.453419746557714,3
971,972,-0.0051213995078275305,1,26.300079384294147,26.191686250063892,1
973,974,-0.002820903038159621,1,26.233404109646848,26.185635624402323,1
982,984,-0.011635265287682477,2,26.03690944462616,25.760000005411197,2
992,993,-0.0035979408672119793,1,26.412517829100004,26.34389966962582,1
994,996,-0.006107170705488954,2,26.375382303115636,26.240678723271092,2
1000,1010,-0.004423552026780245,10,26.182194122985244,26.092558019229944,10
1013,1017,0.013565967509550102,4,26.48639376837782,26.87219371945316,4
1018,1019,0.003444049507227394,1,27.021792190370746,27.141878372638764,1
1020,1022,0.005912642311002926,2,27.371997376733372,27.56121020393644,2
1024,1030,-0.002854409874638411,6,27.745007973168054,27.69355735641069,6
1033,1034,-0.0002301212380265681,1,28.141157756181038,28.162823035874865,1
1036,1038,0.0002614640101404838,2,28.358359053526232,28.394132102858897,2
1045,1046,-0.008015308706890876,1,28.486114389388703,28.286275503087335,1
1047,1051,-0.01626768687212192,4,28.214236468902165,27.783470341158964,4
1052,1063,0.06099307449577872,11,27.810138096342175,29.53417405908661,11
1066,1067,-0.001192083107784383,1,29.266542125391776,29.26092051702623,1
1069,1070,-0.006895911001390091,1,29.291874576070185,29.119172290505794,1
1071,1072,-0.0112260091822943,1,29.013001391649567,28.71631417301264,1
1073,1079,0.009066292440564908,6,28.739884675876247,29.029188759731728,6
1081,1084,-0.015598644894530559,3,29.2379520736563,28.811117593889687,3
1085,1086,-0.007718006257543795,1,28.72845749195412,28.535459534753592,1
1091,1094,-0.01654816231793441,3,28.514844047734513,28.07149062400975,3
1096,1101,-0.008637174673470735,5,28.02859804335378,27.81453874424419,5
1106,1107,-0.0002795995801766723,1,27.978107688623137,27.998263129147883,1
1114,1117,-0.02347841371182285,3,27.677532345326263,27.05538532274566,3
1123,1132,0.0006459718454794293,9,27.515830117144567,27.561120398822382,9
1134,1136,0.0012139416972807363,2,27.519550672396193,27.58047735312024,2
1137,1138,0.0035854786460035705,1,27.760539066676483,27.887834425768276,1
1141,1142,0.0017597344153035244,1,27.865607994420913,27.942509671806473,1
1143,1151,0.012771480788687666,8,28.15891380581868,28.546703746325825,8
1152,1154,-0.0009009021996994565,2,28.66109055581431,28.663930806842608,2
1156,1159,-0.010352209385404168,3,28.610282289918647,28.342712939367807,3
1160,1161,-0.0014464695278142284,1,28.335493262243777,28.3228423279466,1
1166,1171,-0.009178961588591977,5,27.957016935616274,27.728357567968253,5
1173,1181,-0.03517075074887979,8,27.668589360453147,26.723132889843995,8
1188,1193,0.01026999185143427,5,26.8171877316124,27.119417218826054,5
1195,1196,-0.00611548831405371,1,27.064782641237038,26.926333061913386,1
1199,1202,0.0036292130685859547,3,26.8405343809822,26.964784933506472,3
1204,1212,0.02326722178360668,8,27.035235000592515,27.69130504432382,8
1215,1216,-0.00787319615466699,1,27.572071110618225,27.38256285748452,1
1218,1220,0.005095919288618921,2,27.601218021101605,27.769472818425815,2
1223,1225,-0.00516642569957923,2,28.013239302010813,27.896524221854452,2
1226,1227,-0.01031858640208664,1,27.846949338800513,27.58745513535237,1
1228,1232,0.0029388995851249936,4,27.596035544499262,27.704733557456585,4
1234,1235,-0.0022754743472876765,1,27.73801328094694,27.702634156562368,1
1241,1242,-0.0016539123184773873,1,27.493165081024486,27.475186961704072,1
1243,1248,-0.021493421213215368,5,27.57842092588731,27.01324472945775,5
1249,1260,-0.01782166705352034,11,26.921641976223654,26.468775078365542,11
1261,1265,0.011906676628826107,4,26.562049888274046,26.904877676780746,4
1269,1274,-0.016312493928730132,5,27.12358187160944,26.708252188875004,5
1276,1277,-0.0042790840785852016,1,26.647309733371525,26.559930964287698,1
1279,1282,-0.004016041406264634,3,26.479954603428098,26.40008996390815,3
1285,1291,0.006036809124798068,6,25.967680155386653,26.150409764053915,6
1293,1296,-0.010797923683334532,3,26.176812619865903,25.920334207543508,3
1300,1301,-0.0030616425626985777,1,25.93863682844578,25.885160630741876,1
1303,1306,-0.013306454979318792,3,25.494647785093075,25.180899049912238,3
1315,1317,-0.004354831395167788,2,26.444279384752274,26.35556328604972,2
1318,1319,-0.01057871668615784,1,25.998987786562836,25.749950848428472,1
1321,1322,-0.009031907114071622,1,25.78922815430811,25.582091469229105,1
1326,1327,-0.0013176333833334192,1,25.329098273351832,25.321052906170483,1
1332,1335,0.0015434122751061693,3,25.85699651692022,25.92276151925873,3
1336,1337,-0.0015701699862532234,1,26.11595716847943,26.101066633539688,1
1338,1340,-0.0015969724453755065,2,26.238808842331174,26.223144996452827,2
1342,1345,0.0012071643261662417,3,26.39169609970514,26.44994690984343,3
1351,1357,-0.016743004216626344,6,26.141293787810604,25.729751289481033,6
1361,1366,-0.0022358535179822802,5,25.890848102171773,25.85885080646116,5
1373,1375,0.004953235584864597,2,26.572768660630683,26.730962612609524,2
1378,1379,-0.004245800233520664,1,26.64537071124656,26.55888516076975,1
1381,1389,-0.0069392096716400465,8,26.6033937856668,26.44539065199652,8
1390,1391,0.001707466952331533,1,26.57758706021475,26.649544998852996,1
1392,1393,0.0046041913966777025,1,26.82392269013362,26.974249086898816,1
1403,1404,-0.0014792098300355988,1,27.4881523579168,27.47497976509737,1
1408,1412,-0.009074004506083522,4,27.267152095022865,27.046996986139586,4
1416,1418,-0.002695765924977498,2,27.137164843468874,27.091146564026822,2
1420,1421,-0.00024017115752144886,1,26.907451282493405,26.92789634005543,1
1426,1429,0.005228426268555988,3,27.633518747042565,27.80563208109928,3
1434,1435,-0.0038340165933264825,1,27.996306120497398,27.91696412440006,1
1436,1445,0.003461709579258258,9,27.898984689118148,28.023461856357166,9
1446,1456,0.0019866718796262674,10,27.78004929854264,27.863019190597228,10
1462,1463,-0.005655010029607893,1,27.256238302494328,27.129360239826834,1
1465,1469,-0.000924972075946871,4,27.00847887321838,27.01050526332007,4
1473,1474,-0.005621740171621064,1,27.07462310927425,26.949491236018616,1
1478,1479,-0.002041117045615389,1,26.34520043990277,26.317772002654632,1
1480,1488,-0.01383241927968525,8,26.389101239807964,26.050465228284686,8
1493,1496,-0.013520200661716678,3,25.719031620243857,25.397024183533368,3
1499,1500,0.0023639835999668367,1,25.620354773265404,25.706541226548,1
1516,1518,-0.007716523853303218,2,25.85608109717275,25.682418111730648,2
1519,1520,-0.0013027949532537389,1,25.775761493752995,25.767956723256415,1
1521,1522,-0.0008492800334274157,1,25.77710763331644,25.78099275811727,1
1525,1527,-0.00724493742313762,2,25.93391604275022,25.77196035992634,2
1530,1532,-0.004758224919186026,2,25.4933422778507,25.397532563628744,2
1536,1540,0.006239369739178089,4,25.275451050389623,25.45842938586789,4
1541,1548,0.0033623300359365057,7,25.55338736677569,25.664859676005698,7
1549,1558,-0.001921023159136187,9,25.73119483449166,25.707495808136848,9
1560,1561,0.0030971654423076686,1,25.652694546253112,25.757797879850095,1
1563,1568,0.010355080652499116,5,25.82723106258391,26.12050135433028,5
1571,1576,0.0044955770814866045,5,26.331103033155067,26.475807639514336,5
1579,1581,-0.014145166283216017,2,26.299417214936806,25.953707002494788,2
1582,1588,0.00605008415576888,6,25.89428807979017,26.076844989906412,6
1592,1599,-0.01630391575831753,7,26.375699372402043,25.972047891140093,7
1605,1608,-0.01676048207118938,3,26.193380561421556,25.78056025669943,3
1613,1616,0.004655795892440223,3,25.277429882386055,25.4203938664863,3
1621,1624,-0.008418162102031728,3,25.59067035000856,25.400834609052538,3
1626,1630,-0.014779056574694246,4,25.30681484218893,24.958110808753098,4
1631,1632,-0.008137861100638822,1,24.881478047245054,24.703877512965224,1
1636,1642,-0.0283561592306424,6,23.804929929290434,23.15371847567048,6
1647,1648,0.02227097553318398,1,22.302398840354826,22.821397418100034,1
1649,1650,0.012728196066356424,1,23.478137506143803,23.80044998110102,1
1653,1668,0.1287892531791189,15,24.1913606573806,27.331139290488746,15
1673,1677,-0.028448082338372944,4,26.878998871886804,26.14122189767822,4
1680,1683,0.014006315481575368,3,25.942952020618836,26.332260143163616,3
1684,1685,0.000992165384084497,1,26.426505541185858,26.479151510747325,1
1686,1687,0.0009487471238476528,1,26.393586354516543,26.445020780012932,1
1690,1695,0.0341003846078613,5,26.989908310467282,27.937264472695595,5
1697,1701,-0.012173891302524165,4,28.11631720460843,27.802148532336844,4
1706,1710,0.04245892364202432,4,28.87912802210735,30.134183841668357,4
1715,1717,-0.016751372265001216,2,30.8845693389127,30.398094990011245,2
1718,1720,0.01492097818762329,2,30.318523710893775,30.801224265575854,2
1721,1723,0.029111929612975714,2,31.36874789539048,32.31332142406366,2
1731,1732,-0.010394833940945515,1,31.666182694495156,31.36868416653673,1
1733,1734,-0.005223869825519734,1,31.235071044601668,31.10313817051841,1
1736,1737,0.003974145512777966,1,30.91823909251775,31.072030912762795,1
1745,1746,-0.011251773992461939,1,30.84050443376325,30.52433455249479,1
1753,1754,-0.00024391441111197272,1,30.442088320298822,30.465105144573457,1
1755,1756,-0.003242362624144038,1,30.445296248891395,30.37702685450189,1
1758,1760,0.016254017947324444,2,30.477311866624305,31.003167952557245,2
1761,1762,0.00043045993855857874,1,31.35238240182164,31.397230728825814,1
1763,1765,-0.018550132385074206,2,31.367848736238745,30.817338838282772,2
1773,1774,0.006598675989742686,1,33.85980429613065,34.11709397805304,1
1781,1787,-0.04738592078817258,6,33.51320170224183,31.95866098272359,6
1788,1789,-0.011447590500458262,1,32.164649018479466,31.828605936943426,1
1791,1793,0.04532770372765149,2,31.08571393574775,32.5258436811256,2
1794,1796,0.01871250117024321,2,32.54875859824325,33.19037604020109,2
1799,1803,-0.001705144356814547,4,35.105689099033796,35.08093452047353,4
1805,1810,-0.039241646951040314,5,34.97890637138489,33.64125538319689,5
1811,1813,-0.011499687081939075,2,33.47052181374333,33.11909180822981,2
1818,1820,-0.019162057626087452,2,32.79525977358046,32.199630375710186,2
1821,1823,-0.017011604364888907,2,31.84310128018596,31.333242140736534,2
1829,1831,0.0008027205983236216,2,30.72427426120782,30.779661543287045,2
1837,1843,-0.04807283985693844,6,31.252902026108572,29.781739173968976,6
1850,1851,0.0022093767135696507,1,30.38987541107486,30.487407969547448,1
1853,1855,0.02232513980749366,2,30.252773127822074,30.95842329059291,2
1856,1858,-0.012112344692042268,2,31.111657798866332,30.765934333464465,2
1864,1866,-0.0080809821525316,2,30.855625209493212,30.637137078079586,2
1867,1869,-0.003243312413323649,2,30.52397225161222,30.455497445756233,2
1871,1872,-0.00965912526456774,1,30.169598927708034,29.90835659141124,1
1874,1877,-0.0008453423788761833,3,29.65785929706002,29.66244611102653,3
1878,1879,0.002186600464078559,1,29.728285913689078,29.8230180833779,1
1883,1891,0.021187934324312267,8,30.602087748778242,31.281084861934975,8
1899,1901,0.0001032933782406072,2,31.685861858657987,31.72082066023049,2
1902,1907,0.006084975693840463,5,31.83259713236982,32.058130309324476,5
1909,1911,-0.009969408581404392,2,31.767503745755533,31.482568025048558,2
1913,1919,0.01570904609530218,6,31.030732981442235,31.549226929200167,6
1924,1932,-0.021979232100492577,8,33.11014275932195,32.415517389493694,8
1933,1937,-0.01702504889559872,4,32.5597421903054,32.03797072967767,4
1938,1940,-0.010772970379805388,2,31.87935043597691,31.567794488438672,2
1941,1942,-0.005895185291742343,1,31.720116970411183,31.56484112036528,1
1943,1944,-0.0003749453105011712,1,31.492144917021974,31.511829229884736,1
1947,1948,-0.0010728148273511263,1,31.37203030559395,31.369745956623593,1
1951,1952,-0.006507757075424588,1,30.948412214971675,30.77795587862151,1
1956,1960,0.0316059616206464,4,30.676813225553083,31.677060220229205,4
1961,1962,0.007375486449434399,1,32.00233316262444,32.270368270378285,1
1966,1967,0.006312463382577203,1,33.492779292302004,33.7376940144577,1
1968,1969,0.005892132623708124,1,34.15048975494386,34.38585945949952,1
1974,1976,-0.010669054218883808,2,34.15636169285294,33.82610197972494,2
1978,1980,-0.004480582082870075,2,33.86504689231961,33.74717681687065,2
1985,1988,0.006670658456497487,3,33.17627640216777,33.43076028730716,3
1989,1992,-0.008679454785172385,3,33.55407069323139,33.29639372448424,3
672,673,-0.0011317908645214357,1,26.989273139128926,26.985716199489115,1
677,678,-0.007734462326843685,1,26.863804167016323,26.682890889897845,1
682,683,-3.172840492288978e-05,1,26.22913834152169,26.254535271141133,1
691,692,0.0007507519131255021,1,26.53699108905678,26.58345077697454,1
694,697,0.009495143043959788,3,26.78943557898185,27.07059453745021,3
698,699,-0.0012752400964884181,1,27.0959002618627,27.088442383660183,1
700,701,-0.00258975812475614,1,26.993208798872832,26.950296125871585,1
702,703,0.003165445690204504,1,26.996220799097003,27.10867209067641,1
705,707,0.002248471832688735,2,27.54415121179026,27.63362761115708,2
708,712,-0.02071075195434345,4,27.78868210782997,27.240946287664432,4
714,724,-0.033069708773139334,10,27.451446296591726,26.571086408458555,10
727,729,-0.009941549287324485,2,26.36153888450787,26.12582588528232,2
730,732,-0.0027565127572716864,2,26.023762521528237,25.978051450666964,2
734,735,0.0030414448553598714,1,26.164773722645815,26.270517212798858,1
740,741,-0.006451119321858973,1,26.38814272843776,26.2442978137428,1
746,748,-0.00454227618140687,2,26.413555375229954,26.319991267158006,2
750,760,0.007643823616826198,10,26.355766381730955,26.583580977620915,10
763,764,-0.00017281824493567812,1,26.88934120058792,26.911583573034747,1
766,769,0.0011247616316439162,3,26.93539769137921,26.992628990926924,3
771,775,0.0002687190650688914,4,27.157215258016915,27.19167013476894,4
776,784,0.0242067439284009,8,27.228905698062306,27.91525775144394,8
788,796,-0.024380732079384373,8,28.290980238500076,27.629516409280548,8
798,802,0.003202338145177559,4,27.986104789169893,28.103711864860358,4
806,807,-0.0015263610315341286,1,28.541727957435263,28.52670470406582,1
811,813,-0.0032989391532178285,2,28.64558794513384,28.579733481439828,2
815,817,-0.007322176886529984,2,28.60515214299674,28.424305311282613,2
818,822,-0.0010218616114995136,4,28.44404640531475,28.443424572622764,4
825,826,-0.00048058707421718924,1,28.554551988862656,28.56938359225561,1
828,829,-0.008392555287147403,1,28.50013390373535,28.289445088160882,1
831,834,-0.007098656416498365,3,28.12805210875786,27.956508783281183,3
836,837,-0.0005579159790403766,1,28.434461184273946,28.44703160520811,1
838,840,0.0023404957262614513,2,28.6129996860906,28.708581289257506,2
841,842,-0.0018243164531615325,1,28.704628236103567,28.68096653876666,1
846,847,-0.0010062934872565549,1,28.583885992513153,28.583706100190916,1
853,858,-0.007363969015309956,5,28.12982528528989,27.950807948768222,5
860,862,-0.0037100366559060394,2,27.853865248451516,27.778380252619545,2
864,865,-0.004372869749161214,1,27.948679351810917,27.854412096696187,1
868,870,0.0009519085896053097,2,27.665898882829065,27.71990018849761,2
874,877,-0.008395714673210502,3,27.88156798303788,27.67536386159361,3
884,890,-0.0006055004088857754,6,27.136214626981317,27.14691985255605,6
893,894,-0.003182788765744889,1,27.005246834948412,26.94630008554092,1
896,897,0.002157730452437682,1,27.32209313114984,27.40836893665441,1
898,900,-0.005160711295634984,2,27.412472480678574,27.29841709678693,2
902,904,0.0015760011328740452,2,27.467227501731845,27.537983110893215,2
908,911,0.0028453069530906434,3,27.71648678467554,27.823065184023896,3
916,919,-0.00775969514330154,3,27.498594711024783,27.31271259390905,3
922,923,-0.005094649779337714,1,27.289412180627576,27.177671595063913,1
926,929,0.003183218252356096,3,27.07962377837683,27.192903754833473,3
932,933,-0.0001299788287334149,1,27.302568221919838,27.32632203430286,1
935,937,-0.00551661823957132,2,27.37177920820687,27.248151330985564,2
940,941,-0.004412217170918909,1,27.046147099224232,26.95385977168506,1
944,945,-0.007301451325420354,1,26.645329774223626,26.477425525601582,1
948,951,0.005533848664614239,3,26.46682924042232,26.639759497311427,3
952,953,0.00048820433458927523,1,26.606806714886382,26.646403079969055,1
957,958,0.002942588978465421,1,26.71746951347709,26.822805514313412,1
959,964,-0.012994425703957705,5,26.824218422269137,26.502477327336496,5
965,967,-0.0011915776733662023,2,26.437865188434607,26.432800283733037,2
970,971,-0.006637760943773648,1,26.41810904211081,26.269170058744844,1
973,976,-0.004856055203542561,3,26.207924541163386,26.106865337362382,3
977,978,-0.0014549519440936116,1,26.14510961827956,26.133214849830182,1
982,983,-0.007990999525354826,1,26.06720903139787,25.88497318543204,1
984,993,0.020653115278680703,9,25.76229337567355,26.320127283980202,9
997,1000,-0.007500446653375331,3,26.31191893614858,26.14087971075621,3
1002,1007,0.0022860697762283307,5,25.971387165948205,26.05673095636095,5
1010,1030,0.05864649087668734,20,26.191788507219776,27.754036781459785,20
1032,1033,0.006004643215650343,1,27.92379162698059,28.119387824555755,1
1034,1044,0.00402137996926803,10,28.279113050242167,28.42111322206132,10
1045,1047,-0.0098511700941952,2,28.42011314382246,28.168561888290213,2
1048,1049,-0.0033271017918237956,1,28.118753736444745,28.053318534240812,1
1050,1051,-0.004966771258457109,1,27.90727621978209,27.796574438571636,1
1053,1056,0.009426985626698657,3,27.8129795259745,28.102985063727502,3
1066,1070,-0.00623358596069981,4,29.318168996376105,29.164729838723247,4
1074,1077,0.005057576734080528,3,28.66885811899369,28.84252192692796,3
1084,1089,-0.012468368295551688,5,28.809064923590277,28.478671956796084,5
1091,1093,-0.010422563782811239,2,28.467830831007447,28.199590879244,2
1094,1098,-0.01558456638356858,4,28.10980833235309,27.699838966700497,4
1099,1101,-0.00262797435689745,2,27.79616068866384,27.750909251842494,2
1102,1108,0.010402172247835385,6,27.899651218314332,28.217767847160083,6
1113,1116,-0.02891383311044343,3,27.83074128317196,27.05387861565357,3
1117,1118,0.0038362323766752485,1,27.09257099411144,27.223596963120535,1
1122,1123,-0.00033038632404496914,1,27.466830198753186,27.485222363889406,1
1124,1131,-0.00010146708859637161,7,27.57879637561905,27.603576831819442,7
1132,1135,-0.0018933529008072166,3,27.568486157742306,27.543857770662424,3
1138,1139,-0.0004575418478300951,1,27.84624302498737,27.86134844652358,1
1141,1145,0.014049387849056953,4,27.891394337499772,28.311142748535797,4
1146,1148,0.005695336249407363,2,28.218883726961433,28.40781864209637,2
1151,1153,0.002936098566864659,2,28.58198476281185,28.6944862720749,2
1155,1156,-0.00037470084377415997,1,28.589960624736122,28.6078379029913,1
1160,1163,-0.007337877304454134,3,28.304103622195445,28.124715686225414,3
1164,1165,-0.0043936138829887075,1,28.03446802707264,27.939329867173765,1
1166,1168,-0.003954553101352804,2,27.931842759179744,27.84931664652911,2
1172,1178,-0.029824612372601592,6,27.709007625164396,26.91030622113957,6
1188,1194,0.007992504867973,6,26.821697579036844,27.062891825083632,6
1196,1197,-0.0018614231880862636,1,26.955610605822432,26.932390417797553,1
1200,1201,-0.0013685598683798813,1,26.869725582399795,26.859822479875742,1
1205,1206,-0.004332248436358346,1,27.018631803664444,26.92859901008414,1
1207,1208,0.0032833120936947915,1,27.025127279027377,27.140884333535276,1
1209,1216,0.0026451794969703127,7,27.332918241454426,27.43255163462054,7
1219,1220,-0.0009734546961607379,1,27.75015901612414,27.75089565252681,1
1222,1225,-0.0022490556147771765,3,27.979142863779284,27.944195358288628,3
1227,1229,-0.004066470911376487,2,27.648283541926613,27.563500884695806,2
1230,1231,-0.0005082596462060184,1,27.66499269157493,27.678596684868793,1
1232,1235,0.0015136414895838765,3,27.68619605787241,27.755789228972233,3
1236,1238,-0.006789871694454544,2,27.689275002851602,27.528957653272624,2
1239,1240,-0.0022636635033360043,1,27.453512224621104,27.41882022318446,1
1247,1251,-0.023287022846564576,4,27.329747622621163,26.72064891296496,4
1252,1258,-0.015034119190980383,6,26.75511682627476,26.379632327766217,6
1259,1263,0.01262720280676306,4,26.425238981355566,26.78534107217168,4
1264,1269,0.009580465306712437,5,26.866437603409132,27.150697014386957,5
1274,1278,-0.01075531322262525,4,26.761854877469204,26.50078460072105,4
1281,1283,-0.01434452515593328,2,26.56141022607827,26.206960819139304,2
1284,1288,-0.0019902886881014766,4,26.07869808062482,26.052872640915165,4
1289,1294,-0.0015338437996483003,5,26.126233738694566,26.112286410805,5
1295,1298,-0.0023005068331157117,3,26.031966762338612,25.99811201168475,3
1304,1306,0.0023241450163763474,2,25.124653251486354,25.208171242380466,2
1308,1309,0.00013532685694619896,1,25.543844311120953,25.57284492359702,1
1313,1314,0.003702647555540708,1,26.14292103787102,26.265861981584457,1
1315,1318,-0.018221661386292328,3,26.435506877229813,25.98024352921516,3
1319,1320,-0.006163943361148505,1,25.77258717877983,25.63949899831835,1
1328,1335,0.023373056397015732,7,25.339909370495036,25.95752041067738,7
1338,1339,-0.005972805263053998,1,26.304368232414465,26.173561731627004,1
1340,1341,0.0012236436123730181,1,26.2117090700046,26.269994569447494,1
1345,1347,-0.004430378743459952,2,26.46789737416657,26.377102461630148,2
1350,1351,-0.006511357655781976,1,26.256099449041223,26.111392694331776,1
1356,1359,0.0012776578700896437,3,25.679462382548465,25.737951412143747,3
1365,1367,0.0029429493996224474,2,25.846873340360435,25.948786254079927,2
1372,1376,0.010984368261191146,4,26.378405137201952,26.694533658509076,4
1377,1378,-0.005049488862404601,1,26.67993129680193,26.57189121216581,1
1388,1391,0.005275155785470535,3,26.492240605269266,26.6584835421735,3
1392,1393,0.0023842084200676734,1,26.837895389202522,26.928720420755557,1
1394,1400,0.00725818943584865,6,27.11710711774189,27.341045325272404,6
1406,1407,-0.004588174940439851,1,27.41243498111639,27.314074368860712,1
1419,1420,-0.003114724566366331,1,26.972938749497775,26.915898413297118,1
1422,1429,0.025997797869229653,7,27.101651671519434,27.833336585269386,7
1436,1440,-0.00173893686824714,4,27.939988840302696,27.919342952450183,4
1444,1446,-0.010207896058390894,2,28.036305117948277,27.778149734560877,2
1451,1455,0.010845099404713909,4,27.55320348042106,27.879573914564958,4
1462,1466,-0.01260143729011309,4,27.276791943778157,26.960341952566953,4
1468,1473,-0.002842940418326014,5,27.05672671009904,27.006862774857396,5
1475,1477,-0.015704057883586676,2,26.80687410112459,26.412704272663632,2
1480,1484,-0.022154491150742705,4,26.42576417120802,25.866740576896586,4
1489,1497,-0.022696956749220752,8,26.068567754574165,25.50295916748904,8
1501,1510,0.002859949874308668,9,25.675722099371473,25.774829099661726,9
1526,1528,-0.01292851129026007,2,25.914086192803023,25.6049697230754,2
1529,1530,-0.003078573461247685,1,25.56232230147153,25.50918913672783,1
1532,1534,-0.003169857188186567,2,25.405271483835886,25.350145672888853,2
1537,1538,-0.0012117941438968833,1,25.276819792063666,25.27146630965537,1
1543,1544,-0.0008606313333099087,1,25.742873921982973,25.74646167199825,1
1553,1557,-0.008249028892640033,4,25.951618174439748,25.763494144482472,4
1558,1560,-0.004327731906923774,2,25.73127363971971,25.645646859423028,2
1566,1573,0.012698293160718611,7,26.016457144799816,26.372838201772556,7
1576,1580,-0.010517123018148954,4,26.44219205514651,26.19053846048816,4
1582,1591,0.016917772902542743,9,25.884921697261074,26.3487218458327,9
1592,1596,-0.006460901282199388,4,26.38989430280544,26.245781695170145,4
1597,1607,-0.015653369791295297,10,26.196197667302403,25.812335095757554,10
1608,1609,-0.013044715357375676,1,25.875503768640442,25.563840691018466,1
1612,1615,-0.0020441067459329217,3,25.352351916984396,25.325881355322608,3
1616,1617,0.001957563981817439,1,25.42408217338454,25.49927552309131,1
1618,1626,-0.011178947896224655,8,25.556811207423358,25.296669757749346,8
1629,1632,-0.017373459436924813,3,25.1097061760553,24.69857342050856,3
1633,1635,-0.022360297253461617,2,24.464227719608385,23.941664543441174,2
1636,1638,-0.004394476507136423,2,23.77046922374337,23.689780924399763,2
1642,1643,-0.012423814124156971,1,23.161761525826908,22.89716586736781,1
1644,1653,0.0688682661588083,9,22.63906380600366,24.220815941587766,9
1660,1665,0.05383757573061096,5,26.036434418227877,27.464209362392534,5
1666,1674,-0.03968539101450575,8,27.838288302088383,26.761353233947553,8
1676,1678,-0.025535235364947118,2,26.419525566507126,25.771316288502636,2
1679,1680,0.007807433560888447,1,25.667592694762874,25.893658312089944,1
1681,1685,0.01615267583894968,4,26.03495595728472,26.481525117301356,4
1686,1690,0.017570721847068364,4,26.42911161742918,26.91991929794158,4
1695,1698,-0.003884512370373063,3,27.983704279387595,27.90298493822484,3
1699,1700,-0.005238593634264935,1,27.851412211662264,27.733361393156624,1
1701,1702,-0.007159459731011099,1,27.827175608805657,27.655775241215444,1
1704,1707,0.061453478105730985,3,27.797806743630776,29.533876458481462,3
1708,1714,0.029136378230957043,6,29.815203498219642,30.713725747874943,6
1719,1722,0.05128929205223136,3,30.48922176361951,32.08348158486266,3
1725,1726,-0.001854512197055892,1,32.4467465840769,32.41902044336602,1
1727,1729,-0.014671558278460655,2,32.27515967467342,31.833907948234497,2
1730,1738,-0.02060906959592437,8,31.89657383815327,31.27111170188938,8
1746,1750,-0.00977407905743231,4,30.526776352782214,30.258932003694348,4
1751,1752,0.0029588458309408863,1,30.23718729604396,30.356891658910282,1
1753,1756,-0.0015645205809626784,3,30.45550687844559,30.438314118009057,3
1757,1760,0.017115780017943564,3,30.410367853923365,30.961275388229783,3
1764,1767,-0.025541383634236504,3,31.12220590052317,30.358423905974732,3
1770,1771,0.034837908595210756,1,31.432940353134573,32.55943119638892,1
1775,1779,-0.00813434021993668,4,33.86982785109186,33.62818897601149,4
1782,1783,-0.00552265236285344,1,34.07808514275465,33.92396181046225,1
1784,1785,-0.021289926853561944,1,33.308886478020064,32.63305160780744,1
1788,1789,-0.013378717399627038,1,32.207883229178286,31.8091909446441,1
1791,1794,0.04394740323839956,3,31.133138675981083,32.53249241412742,3
1795,1799,0.06816895480008778,4,32.77597559861204,35.04305557332122,4
1804,1808,-0.03370490227164936,4,35.350697099576315,34.194556005699994,4
1809,1812,-0.018929446924414412,3,33.867447956275335,33.26022334567793,3
1813,1819,-0.023398055905295298,6,33.14427464215537,32.40190732577991,6
1821,1822,-0.008493720566185008,1,31.83372139330936,31.595168380606115,1
1825,1826,-0.027753668550636983,1,30.62160080778022,29.80236064927895,1
1828,1829,0.004830292555631902,1,30.49296751261562,30.67075043410355,1
1843,1845,0.0016226697237982555,2,29.823794507998453,29.90201247090336,2
1846,1847,-0.0029904743981962736,1,30.26116183966598,30.20092777176445,1
1848,1850,0.005682003483439436,2,30.186129060842678,30.38783288037878,2
1851,1853,-0.010366806407722206,2,30.439275215120507,30.154156416989096,2
1857,1858,-0.009332295733296445,1,31.004529955245392,30.74619104258644,1
1859,1865,0.0019928069506320125,6,30.663634895826824,30.755405235474697,6
1866,1868,-0.016416226107369536,2,30.77951436555629,30.305010412621847,2
1871,1874,-0.017709708220371885,3,30.16651323642245,29.662439602215844,3
1875,1878,0.006744443898829705,3,29.54178117809878,29.77056584510407,3
1880,1881,0.007734967758876989,1,29.993132338227646,30.255121382189795,1
1886,1888,0.02150453967315272,2,30.376839550847127,31.06045634166416,2
1889,1891,0.002190746021390882,2,31.19445055238483,31.293984121374326,2
1892,1894,0.009479156478163785,2,31.66511702174541,31.996940737915647,2
1896,1899,-0.01130228684545732,3,31.961703632831284,31.63242499393636,3
1900,1904,0.003170382108883799,4,31.676084156778238,31.808185531425163,4
1905,1910,-0.008933664156933061,5,31.85047585257323,31.597784873920407,5
1912,1913,-0.007281771428245286,1,31.230592343244247,31.03440890057528,1
1915,1920,0.014974710356206618,5,31.44321039334591,31.945506572048878,5
1923,1925,-0.013085040031966876,2,33.182586013625965,32.78157313328711,2
1927,1928,-0.0016581564088175797,1,32.54811414713274,32.52669239721188,1
1929,1934,-0.007584250908444851,5,32.592811470885124,32.37821222234918,5
1937,1938,-0.0075734932728100494,1,32.065071845219336,31.854292311152616,1
1945,1948,-0.00573632377995051,3,31.486755995679996,31.337624524504157,3
1949,1950,-0.006966671226354002,1,31.30288731981353,31.116113282740596,1
1960,1963,0.037119181840372065,3,31.68062732155248,32.8882669152398,3
1965,1968,0.026406777457042035,3,33.210743488435384,34.12094294440584,3
1970,1975,-0.015609664094691583,5,34.33293922185029,33.831346512435594,5
1977,1978,0.00189362957670519,1,33.783337076107436,33.88109353947066,1
1979,1981,-0.0070339935933673384,2,33.85614314826824,33.65185539741546,2
1982,1984,-0.01126214742029441,2,33.59378553717204,33.249041157583825,2
1990,1995,0.01322165028708987,5,33.33560820713142,33.80969556916069,5
1996,2000,-0.021706934856357007,4,33.89236548244243,33.19055847826965,4
674,675,-0.006381230438924411,1,27.12768715181991,26.981706815980917,1
676,677,-0.008657335250508312,1,27.02994470425265,26.822967355849485,1
678,680,-0.011757401756303774,2,26.748364506832342,26.46062160350829,2
684,692,0.013818586378470735,8,26.236601734414656,26.625391083493614,8
693,696,0.00910820660549527,3,26.666767119173244,26.936320310714475,3
697,701,-0.008711966025821125,4,27.07431310214278,26.865516919326613,4
708,709,-0.005185483675055194,1,27.81974190036677,27.703302824798534,1
710,717,-0.027869182560897904,7,27.665669137802745,26.922315223069724,7
719,721,-1.5636230137963452e-05,2,26.70545609612084,26.731743979559504,2
722,724,-0.0091745378412391,2,26.82114553022973,26.601895061147488,2
725,727,-0.006828837011800388,2,26.490212322659122,26.335805192622356,2
728,730,-0.007656578073761811,2,26.24197134153295,26.067289610488615,2
731,737,0.021318425940446008,6,25.976702409898124,26.55646151881044,6
744,748,0.0021425735416891177,4,26.257128503829996,26.339643461146864,4
750,751,-0.004166300743568699,1,26.3665787563557,26.28309423843409,1
752,753,-0.0034916444485507767,1,26.2834540682308,26.217965045812953,1
758,760,0.0015114932684685634,2,26.426871109136908,26.49324201803419,2
761,762,0.000615088887575404,1,26.759406834945995,26.802625655563226,1
763,771,0.0037150831353971207,8,26.954754173534887,27.081848080357297,8
775,777,-0.0005147533956919982,2,27.228278509161086,27.24149093884881,2
786,787,-0.0005182876990761287,1,28.211537210605414,28.225127055107734,1
788,789,-0.0022894967006063132,1,28.220936836740677,28.18454603180168,1
790,792,-0.010244741674104964,2,28.015709346230842,27.75671135050813,2
793,794,-0.0009666953965200008,1,27.711538288064872,27.712461209859377,1
797,803,0.01183339356793454,6,27.842250931258224,28.199561495276253,6
810,812,-0.002184638592790542,2,28.6833199061982,28.64934053846796,2
813,814,-0.0037397013349738132,1,28.5772657281155,28.49897255505028,1
816,819,-0.004407186519230635,3,28.544913721357464,28.447655876133453,3
826,834,-0.019862981842957022,8,28.524750210906372,27.98668836560316,8
835,838,0.011888747313985485,3,28.216477299459648,28.58015234546319,3
841,844,3.4446026411261675e-05,3,28.675509797344258,28.705173064509438,3
846,849,-0.005708646100358596,3,28.55502620072088,28.42057068795522,3
850,851,-0.0036516765235301515,1,28.276572968189303,28.201592643483668,1
852,857,-0.005402925802596627,5,28.142105612059535,28.0181980091208,5
862,868,-0.007590079384438559,6,27.790893313188516,27.60774912009014,6
869,871,0.00897240693276984,2,27.672882382638306,27.948847626760653,2
872,876,-0.008241320584120007,4,27.921798375067052,27.71960768174803,4
877,879,-0.00958674651376824,2,27.651773266424716,27.414334498729733,2
880,883,-0.005090427860315718,3,27.267934787972383,27.15639726782239,3
897,900,-0.0027263234274397044,3,27.400032555142065,27.352731237029513,3
901,903,0.004355899958146296,2,27.367967211640096,27.514547306083468,2
905,909,0.004005341692751042,4,27.612731727743647,27.75094288511127,4
913,921,-0.02107968117626852,8,27.852929024886688,27.293651090241728,8
922,926,-0.010711243273237647,4,27.318041286292694,27.052749141613155,4
929,932,0.001167364636513259,3,27.199305151866945,27.258255963990834,3
934,935,-0.001499146578838857,1,27.360132575272623,27.346475858701098,1
938,945,-0.026477383990801157,7,27.22212043873964,26.528572023278034,7
947,950,0.012583650619550735,3,26.33361232148885,26.69131891081465,3
956,959,0.001454250147728384,3,26.723060464406686,26.78864553949921,3
960,963,-0.008405589062863105,3,26.82657898805235,26.627912368104397,3
964,965,-0.00440890690988552,1,26.575332355124097,26.48473952102621,1
967,968,-0.002079985315861112,1,26.449296861294084,26.420732009069035,1
969,971,-0.00852228816178481,2,26.448410176585323,26.249457613815967,2
974,975,-0.004496693455201634,1,26.255902099715044,26.164093258682556,1
976,979,-0.00529278148988157,3,26.182394427939386,26.06999912977835,3
980,983,-0.013289490867567096,3,26.167386114099244,25.84580226142192,3
984,987,0.005058608989918233,3,25.8049537695537,25.96129589444634,3
988,993,0.011233394741612852,5,26.017154311478976,26.335432430224753,5
995,996,-0.00443228148690758,1,26.322478656252578,26.232132500071202,1
998,1004,-0.01078668789492282,6,26.251955327602893,25.995035634180187,6
1005,1006,0.0019107542695847007,1,26.024892775448212,26.10064484320983,1
1009,1011,0.00581038768578993,2,26.07469013014731,26.252268878720454,2
1014,1020,0.022344750762734452,6,26.696495749294428,27.319718788800106,6
1025,1030,-0.002151814188788224,5,27.774040997398064,27.742050462897275,5
1038,1042,-0.0022112367304449273,4,28.466489094924736,28.432009437746153,4
1049,1052,-0.007447662539958994,3,28.019191014760718,27.83853272645489,3
1053,1055,0.0025373615745213876,2,27.79622410026669,27.89454939531576,2
1058,1060,0.011584489487454577,2,28.32193000020879,28.678347030560843,2
1066,1071,-0.014047936538171407,5,29.329977291719224,28.947281609350863,5
1073,1079,0.010668968613054837,6,28.743092676603737,29.078494922889153,6
1081,1082,-0.0059154404833552734,1,29.294236307586687,29.1502422325114,1
1085,1087,-0.011186222530529377,2,28.74700848745511,28.454185061914874,2
1091,1092,-0.008021450290525124,1,28.522041448050576,28.32177535183879,1
1095,1106,-0.0008996506201666395,11,27.977173815242438,27.979981307284287,11
1109,1110,-0.001036518226990806,1,28.251301641098554,28.250269953652438,1
1111,1112,-0.006200052182434794,1,28.173522193233396,28.027018407665597,1
1114,1115,-0.011682000723009445,1,27.63806644065591,27.34283659495424,1
1117,1119,-0.0013488026133721054,2,27.13584862962998,27.126383574711895,2
1120,1121,0.0025158065796972917,1,27.25691013032116,27.35274015429956,1
1122,1124,0.0014036148150988123,2,27.497981901973397,27.5640764586583,2
1125,1131,-0.0022247660883235564,6,27.618173626266774,27.58434782378789,6
1136,1138,0.0039711095955776736,2,27.637979490262705,27.77537091530913,2
1139,1144,0.011504787164589449,5,27.88220614401567,28.230867197525793,5
1145,1151,0.007714836185791604,6,28.281122372347607,28.527587720972942,6
1152,1153,-0.003082641356820176,1,28.714865406007497,28.65506263975742,1
1154,1155,-0.0033011344268818413,1,28.655264249757128,28.589324634680615,1
1156,1157,-0.003172483937966241,1,28.607163158183123,28.54501455571119,1
1161,1162,-0.004431367978726406,1,28.25581716879537,28.15886106254962,1
1164,1168,-0.00952661992240424,4,28.08065574845164,27.841222669712717,4
1169,1173,-0.006829634902940352,4,27.842353132722224,27.680042379119715,4
1177,1185,-0.015799292701659078,8,27.070716706539006,26.670089246355243,8
1187,1194,0.01027397157346021,7,26.756460524943176,27.058112100307795,7
1195,1205,-0.002042544330505219,10,27.023850893342424,26.99567733080515,10
1206,1209,0.009649153081960675,3,26.94766236771068,27.234632149465423,3
1210,1212,0.0061526698443357866,2,27.42293951958972,27.619086752134532,2
1215,1217,-0.0016267650723124298,2,27.53932132453427,27.522060639812864,2
1221,1225,-0.0007282120878425784,4,27.930117499782714,27.93770856810429,4
1227,1228,-0.0009013703127546759,1,27.577786626444727,27.58050661491461,1
1231,1233,-0.0004368501010818611,2,27.675873313018606,27.691458978277304,2
1243,1244,-0.0031165272352918264,1,27.60047881060712,27.542061645497377,1
1251,1253,-0.010339922521074626,2,26.790760221430045,26.5405365966812,2
1258,1259,-0.001443522271732263,1,26.347737862972057,26.336052054420065,1
1264,1269,0.008170262673921527,5,26.850559682398607,27.09678636762801,5
1271,1274,-0.007846484966209847,3,26.95486060881926,26.770314560894697,3
1276,1282,-0.008164744088419877,6,26.606288982932778,26.41566173122752,6
1287,1288,0.00011046188834074608,1,26.002668487395674,26.031543459746086,1
1289,1299,-0.007347098286399087,10,26.092424288012218,25.926813106525778,10
1301,1302,-0.009046025154127873,1,25.88708506220473,25.678796924627182,1
1305,1316,0.05250726341117336,11,25.16070412491795,26.50698454814053,11
1320,1322,-0.003932311417662539,2,25.687401948631475,25.612078486607416,2
1323,1327,-0.00900896720827319,4,25.586951020112878,25.3820259684331,4
1335,1337,0.0029212898263561004,2,26.004169217299225,26.106139101493863,2
1338,1339,-0.003418168629992455,1,26.2585240871471,26.19502654792966,1
1342,1343,-0.0019546767791990883,1,26.421654399424128,26.396430259500974,1
1349,1353,-0.02004653709831044,4,26.28694632467283,25.786271026298653,4
1355,1356,-0.001875325333660312,1,25.653001607442196,25.630546885250773,1
1357,1358,-0.0009046246610008208,1,25.729220258301698,25.731674191406018,1
1361,1363,-0.005539650911226282,2,25.91461094343689,25.796967656253443,2
1368,1369,0.0018151743128572472,1,26.013932826014948,26.08716658148314,1
1370,1371,0.00095546571120886,1,26.150133639020638,26.201269328695272,1
1373,1374,0.0026811508326030254,1,26.53870240400922,26.636395370459944,1
1375,1376,-0.003759189764133463,1,26.737783882725868,26.664009263121038,1
1380,1381,-0.0005867326460820241,1,26.56896169869575,26.57994178319332,1
1384,1391,0.00026879458151606375,7,26.63412849393344,26.667921731849944,7
1393,1395,0.008709313202311535,2,26.994363632600972,27.256460363806983,2
1403,1404,-0.0017905034041853928,1,27.511186852130894,27.489439165271104,1
1405,1418,-0.01324079641912184,13,27.41922126746444,27.083588161958552,13
1424,1432,0.02428672612399754,8,27.33959270343755,28.030921496471016,8
1446,1447,-0.007712224038824181,1,27.81088393535214,27.62421105166032,1
1452,1453,0.0006013122404117143,1,27.68368292068371,27.72801314100428,1
1457,1462,-0.02407797764413261,5,27.886578684019096,27.243012844577958,5
1469,1470,-0.0004521596020948727,1,26.998262732518093,27.013053471516223,1
1477,1479,-0.0017466017306213572,2,26.432019736680196,26.412285545000973,2
1483,1484,-0.0009454655324772767,1,25.893083912246702,25.894495977790378,1
1487,1488,-0.0030145655370966,1,26.076230487063462,26.023698211786837,1
1491,1493,-0.010206864509145413,2,25.913134438068028,25.674555720289465,2
1494,1495,-0.009621023139430689,1,25.55350701937722,25.333209644069566,1
1501,1503,0.004419058157093123,2,25.66708919250969,25.806180641567195,2
1509,1511,-0.004777400882452808,2,25.830880156441644,25.73330656694417,2
1512,1521,-0.003317341744205002,9,25.742096056926183,25.682442823150133,9
1522,1523,6.675372801196637e-06,1,25.85050097178467,25.876524034487538,1
1524,1526,-0.0023293696968164153,2,25.901199857300867,25.866767587099385,2
1528,1532,-0.010828791955948821,4,25.639262621125148,25.387259642918174,4
1533,1541,0.005965986750013504,8,25.419288939861467,25.596359369811307,8
1542,1546,0.005285797489016293,4,25.61251896507508,25.77351407247313,4
1551,1555,0.0023001793262455396,4,25.742623995052565,25.82757927056435,4
1559,1567,0.015722873045451554,8,25.699031353799203,26.128792992519866,8
1568,1569,-0.0009327111230678241,1,26.207902956835458,26.20966645719217,1
1570,1573,0.0007388227971238902,3,26.307386115020037,26.353129997729575,3
1574,1576,0.0017970381713153425,2,26.402741809594428,26.476591286263247,2
1578,1580,-0.012644580351805434,2,26.46204821199701,26.153908765319063,2
1581,1593,0.015645324740276544,12,25.996954244570297,26.42968199022928,12
1595,1599,-0.014972608415318878,4,26.37282654685243,26.004329368708134,4
1602,1604,0.0007177902704367243,2,26.151792669299702,26.196715964301504,2
1605,1606,-0.006253921819158397,1,26.183184792510776,26.045620386634347,1
1608,1610,-0.01475043491834693,2,25.805485645419868,25.450648994516186,2
1614,1616,0.0027777718463990997,2,25.28639525779985,25.381921489901686,2
1617,1619,0.0012894475511305908,2,25.510808503561197,25.569214161617037,2
1620,1624,-0.0068197547431507865,4,25.60539313988304,25.456376031706967,4
1625,1627,-0.004919019658222018,2,25.339783486073564,25.240476376456552,2
1629,1632,-0.015752345591920198,3,25.061021156508726,24.691312311521486,3
1634,1642,-0.047318582998241925,8,24.238367312930222,23.11568048480439,8
1645,1646,-0.019672258029111846,1,22.358130860367066,21.940654071893643,1
1649,1651,0.016108863321255492,2,23.502138477290295,23.904233352255474,2
1652,1653,0.0036218926199876357,1,24.133031357020183,24.244571636547125,1
1655,1657,0.017516070691754856,2,24.429576684363905,24.881916453221233,2
1658,1665,0.09729584432570039,7,25.06214833059214,27.525653361363638,7
1666,1669,-0.0378633364836063,3,27.862675342364916,26.835564165885838,3
1670,1671,0.009102974068959102,1,26.724025220676552,26.994017354499256,1
1672,1674,-0.015666449879083513,2,27.14533460999651,26.747208920488045,2
1678,1680,0.002239793550405913,2,25.783319051251798,25.8668516820221,2
1689,1691,0.013446856115909206,2,26.72880914173307,27.114956401553286,2
1692,1694,0.012652955574890656,2,27.312551926559685,27.6854489846499,2
1697,1699,-0.012404039596528998,2,28.119727164038256,27.79904868201597,2
1700,1701,-0.0019510174258971624,1,27.818207628200746,27.7917520279891,1
1707,1709,0.018793068039641127,2,29.533150636013747,30.117702295977338,2
1715,1718,-0.020391723486604185,3,30.884238040761907,30.28533943658099,3
1719,1723,0.059197574246534435,4,30.52057872808271,32.35784353211367,4
1727,1729,-0.011641354077298785,2,32.259575113057714,31.91628955189645,2
1730,1731,-0.007739807055772244,1,31.906800510935625,31.691754831724904,1
1732,1739,-0.007457623614330083,7,31.346454978163504,31.14403137027098,7
1743,1746,-0.031200674864120363,3,31.463606931731423,30.51338476873372,3
1749,1750,-0.0016461738339706685,1,30.299744760354134,30.280165858114003,1
1754,1755,-0.0017132322541478823,1,30.470518896892262,30.448786340014376,1
1756,1758,-0.0006174187023118534,2,30.42243231031249,30.4340713639446,2
1759,1760,0.0035283512374307156,1,30.792806154790668,30.93224679664568,1
1761,1766,-0.020549459209530014,5,31.28846326793103,30.676790731545733,5
1771,1772,0.02597166105215074,1,32.58535726537554,33.46423847680049,1
1774,1775,-0.011288074384846664,1,34.17560819907225,33.82400699977282,1
1777,1782,0.01418629063273695,5,33.54622477060917,34.05566748960676,5
1785,1786,-0.02555526754615433,1,32.71254307252458,31.909277825263644,1
1787,1788,0.0035412703312435396,1,31.971708278169768,32.11690044841259,1
1791,1793,0.043548447187371934,2,31.112185940847333,32.498185513116866,2
1794,1795,0.00177036039490267,1,32.55583070067732,32.64602208467363,1
1796,1797,0.020630453330150334,1,33.25940396665256,33.97881995194186,1
1798,1802,0.0019245734701055545,4,34.81664042066596,34.91846424355845,4
1809,1811,-0.013545837987904277,2,33.85794461004396,33.43316832236291,2
1812,1813,-0.004426950196693597,1,33.282781220655,33.16872278700437,1
1818,1819,-0.013671791765833996,1,32.79071738498706,32.37520024243219,1
1823,1825,-0.02903214615688579,2,31.409835229126525,30.52935013721995,2
1828,1831,0.006225737295285558,3,30.549964068500934,30.770710083240335,3
1833,1834,0.01202648496618991,1,31.507647183568228,31.918081075924995,1
1835,1841,-0.06211053629096693,6,31.832142973123045,29.88686364474476,6
1846,1847,-0.0018826205054759374,1,30.265328437706888,30.238615638222804,1
1849,1850,0.003602481978612745,1,30.21938612581526,30.358470305864063,1
1851,1852,-0.0071743166683795705,1,30.515434385011602,30.327022429845382,1
1853,1856,0.02936599888332555,3,30.191909368811647,31.108716854990448,3
1861,1863,-0.007884814533438558,2,30.951689833439154,30.73859318943941,2
1864,1865,-0.0034011952849526536,1,30.82327293067973,30.749260233051775,1
1867,1869,-0.00394335755447933,2,30.499874274440288,30.410102239083944,2
1873,1876,-0.009220415222516341,3,29.763112906352,29.51844775994715,3
1885,1887,0.008988491317842458,2,30.35473020772208,30.657928166857364,2
1890,1891,-0.0004650621452861166,1,31.250937523087742,31.26765483256414,1
1892,1894,0.008058267551028515,2,31.7164519906347,32.00374809853522,2
1896,1897,-0.00484764238185474,1,31.996699166984378,31.873587311190033,1
1901,1903,0.0031578189956655766,2,31.787098994998505,31.919263999017012,2
1904,1907,0.003927784664240819,3,31.84702721986994,32.003962512205675,3
1908,1909,-0.007107774962624927,1,31.95705304668331,31.7618665582055,1
1911,1916,-9.921414730984805e-05,5,31.47411348672215,31.502464922876953,5
1919,1922,0.04602112262313951,3,31.588439029130303,33.073762894192605,3
1929,1931,-0.0026247275728410054,2,32.65661570744519,32.60355760346963,2
1932,1933,0.0010864808476948522,1,32.47720785791909,32.54497093010124,1
1935,1936,-0.006269834574915879,1,32.44638423072204,32.275397153271975,1
1940,1944,-0.004463803736439495,4,31.625826100602698,31.516280445987444,4
1945,1946,-0.006265449434055502,1,31.5499221852218,31.383797665307128,1
1950,1951,-0.009144158369610016,1,31.15182956076325,30.898124127317296,1
1952,1955,-0.007127315336886601,3,30.811935485735383,30.623141040874476,3
1956,1957,0.0019306124419326133,1,30.68762266328786,30.777556192078226,1
1959,1960,0.010217017240758994,1,31.349674751287004,31.701324593464378,1
1961,1965,0.036053773697141786,4,32.030587234635846,33.2174413654146,4
1971,1972,-0.0021844645597862812,1,34.20816506580951,34.16764670663374,1
1974,1975,-0.008910866360183851,1,34.10341629360939,33.83362872488493,1
1976,1980,-0.004484269962347151,4,33.83763654000443,33.719737079411274,4
1981,1982,-0.008012626351936988,1,33.72496686340607,33.488466272061544,1
1989,1995,0.003517725484174345,6,33.55667305997075,33.708272897017885,6
1997,1998,-0.0037093000016157926,1,33.89657397756194,33.804737989629764,1
673,679,-0.017144019234854382,6,27.079899844054125,26.642721420093785,6
684,691,0.011147936296526013,7,26.205046832842825,26.52338407241568,7
692,695,0.0063845183771045096,3,26.5991711958696,26.79559326438125,3
697,698,-0.0005500252287153043,1,27.097060411124804,27.109253404685788,1
699,700,-0.0060340950450483944,1,27.08234118648273,26.946006106907546,1
702,704,0.011683673364182533,2,27.014276695639094,27.356916957416228,2
706,708,0.006737412527749205,2,27.538709453519786,27.751787809043496,2
712,713,0.0009256974830770567,1,27.266307986283593,27.318814646945583,1
714,727,-0.04122725423057494,13,27.40600834338699,26.303539878312304,13
729,730,-0.006203593625882469,1,26.173499616912164,26.037303361138562,1
741,744,-0.002403825648479228,3,26.270403173819922,26.233524108048623,3
747,751,-0.004240485837470406,4,26.375827757612004,26.290357261311904,4
752,756,0.0018006484855264807,4,26.275526181643578,26.34911469425061,4
757,769,0.021745676782538473,12,26.302958191261396,26.90123677670445,12
770,774,0.002771581384040501,4,27.071451279245498,27.17355346092926,4
775,784,0.02660911910702765,9,27.18247391153068,27.9329580713778,9
790,797,-0.004573807317091649,7,27.925527623039365,27.8257271680865,7
804,805,0.0031271111120922826,1,28.382877650104398,28.5000169398473,1
806,808,-0.003543644828083938,2,28.594621116570725,28.52188655645654,2
811,822,-0.006622870274375648,11,28.629960191965516,28.468977639845555,11
827,831,-0.015994631538384756,4,28.460849861749846,28.03408990480362,4
836,841,0.011881086392869136,5,28.323594264471176,28.6884329291484,5
842,843,-0.004644012867554383,1,28.715299142634073,28.61066022306264,1
846,847,-0.0017944293142307197,1,28.623462563025672,28.60072324529082,1
848,850,-0.010437099885801666,2,28.599691374307827,28.329793230105384,2
853,855,-0.003584880705159092,2,28.193036123597757,28.120160488502016,2
860,861,-0.006378977530914673,1,27.89185341484881,27.741823762034773,1
865,868,-0.007736748470960978,3,27.826966202336443,27.63950293032137,3
875,882,-0.023380937199843372,7,27.803176132528417,27.180914993550115,7
883,884,-0.004309945742255389,1,27.16004811638267,27.070149830760396,1
885,887,0.0018070240768863167,2,27.13986014596797,27.21604238684103,2
890,892,-0.004416616100186034,2,27.1167981400442,27.02415045093343,2
895,897,0.010635695742134441,2,27.113228586106636,27.428709864521515,2
898,900,-0.004924149797067131,2,27.410990007129662,27.303425176255775,2
901,903,0.0011823501701142642,2,27.384001763227314,27.443763244133702,2
907,908,0.0009672399095698313,1,27.624046516578023,27.67838964334925,1
917,923,-0.008908503299796772,6,27.36047365122047,27.14409325506579,6
926,941,-0.0036489526891985797,15,27.130572933673093,27.058705329540942,15
943,944,-0.006784181002203284,1,26.755073872333988,26.600317682329088,1
945,953,0.0049960204261343885,8,26.513262304819268,26.672236367162423,8
954,962,0.002851214910894365,8,26.615349550433216,26.71785098148051,8
964,965,-0.0041121786106564084,1,26.556861241158305,26.474211545637402,1
966,968,0.0001980255647550228,2,26.458203892625807,26.489901497286674,2
969,971,-0.006275613255468745,2,26.426392172511292,26.286976747671776,2
972,974,-0.004050565229950167,2,26.25552915353318,26.175434949203467,2
977,979,-0.005128798452847315,2,26.17952796626022,26.071437971696852,2
983,987,0.0009412440805517148,4,25.919672069053515,25.969988479027407,4
993,997,-0.004552637056426572,4,26.36620687585741,26.27253731227283,4
1004,1008,0.00012676608149974787,4,26.000015445771112,26.029311381293876,4
1009,1011,0.005620023821129385,2,26.092021726202322,26.264751531571207,2
1013,1014,0.0021246302773489634,1,26.50663046688908,26.589453886996424,1
1016,1019,0.005598789345922963,3,26.97307128779559,27.151060903236317,3
1020,1022,0.009110729500553031,2,27.34773394543539,27.62423948581078,2
1023,1024,9.749727259610258e-06,1,27.67157973886878,27.699521108962944,1
1028,1031,0.004858151479725079,3,27.57938720476337,27.740951432726867,3
1032,1033,0.004380095806247279,1,27.92623684117352,28.076482670886985,1
1034,1037,0.0028056117291901175,3,28.159515387086362,28.266679569131767,3
1040,1044,-0.002404641448263782,4,28.41466010019762,28.374747690882554,4
1046,1055,-0.016901780421169695,9,28.34825523465829,27.89746750459348,9
1058,1059,0.0013144638472632258,1,28.316116333217057,28.381652960765187,1
1067,1070,-0.005013908380005151,3,29.275467047444696,29.157958004934393,3
1075,1083,0.011543873151498615,8,28.62315710865936,28.9822023606258,8
1084,1085,-0.007708163386144189,1,28.85508465507374,28.661520032686482,1
1093,1094,-0.008230354611601796,1,28.27597316518067,28.071527852208277,1
1100,1105,0.0016070820567117864,5,27.827872534313986,27.90042208147466,5
1107,1108,0.004283629482346308,1,28.041710556891026,28.189872565524837,1
1110,1118,-0.03818533136623738,8,28.241633051519994,27.19145856817554,8
1119,1120,-0.0009066119612236598,1,27.1901359983549,27.19267523182985,1
1121,1122,0.0034069083529351275,1,27.33245036601969,27.452901969843886,1
1124,1129,0.0023239907493239477,5,27.557033842011577,27.64863316758123,5
1131,1132,-0.0017224178245893278,1,27.56835727108926,27.548441398401977,1
1134,1137,0.004188353243465814,3,27.548275982764466,27.691206169811533,3
1139,1141,0.00202945454942307,2,27.831176449967014,27.915489734079163,2
1142,1152,0.022175699325571636,10,27.971198177823403,28.619450256568616,10
1153,1157,-0.0073971166749116106,4,28.717342996566202,28.533634802823713,4
1158,1159,-0.005879202481262024,1,28.470657304043357,28.331743202282308,1
1161,1164,-0.009439117833382325,3,28.236070523992815,27.997782997689146,3
1166,1167,-0.0026327918499003773,1,27.99848626266875,27.952770562489516,1
1168,1170,-0.005902479547518891,2,27.890064277539576,27.75333380783995,2
1171,1173,-0.0036042257489554592,2,27.727309533679552,27.655101360242686,2
1175,1177,-0.008812951268110412,2,27.259014831657293,27.046041477160855,2
1178,1179,-0.001908400956085863,1,26.939960251648138,26.915487965998626,1
1182,1185,-0.003584390573837255,3,26.69833510446062,26.629336178879505,3
1186,1188,0.003956425389893663,2,26.673462479417495,26.805667506086856,2
1190,1192,0.0025262243585914773,2,26.958990049564132,27.05405349695993,2
1193,1194,-0.005447565779247175,1,27.186541086642325,27.065627156849278,1
1195,1200,-0.00741353131955717,5,27.02815227590893,26.854806374777628,5
1201,1206,-0.00378122649038927,5,26.93017784422044,26.8552789202092,5
1208,1210,0.008510448984041331,2,27.13765060680037,27.395741848443084,2
1211,1216,-0.004353461405771898,5,27.547294313051058,27.4549155247388,5
1220,1222,0.007567700153331685,2,27.761340165944752,27.99919100434121,2
1223,1226,-0.010759907246064907,3,28.024915291216082,27.751394717394987,3
1230,1233,0.0007679850073756074,3,27.612303778590054,27.6611219176897,3
1242,1243,0.0017194465930862957,1,27.535570008545438,27.610451520593866,1
1245,1250,-0.027099353170982724,5,27.604224311427846,26.883771912112863,5
1252,1255,-0.0037086244761441,3,26.70054460358405,26.628222854944404,3
1257,1260,-2.9385278046693245e-05,3,26.403549838735962,26.429177512921267,3
1261,1263,0.007160952735922437,2,26.578617186191643,26.79552402483433,2
1264,1281,-0.017230719152529547,17,26.920550246260166,26.483610355781558,17
1283,1285,-0.011070102774916893,2,26.268198460241994,26.003675002035443,2
1286,1290,0.0036843912336860934,4,25.99796345787906,26.11974808999484,4
1293,1297,-0.005322861215915975,4,26.11054220828212,25.9976699580434,4
1298,1306,-0.03211578817326735,8,26.033166163715777,25.223123679886125,8
1307,1308,0.003551628546491714,1,25.371873365283644,25.487356708371042,1
1310,1311,0.002846694955624101,1,25.664989342824214,25.763714727865402,1
1312,1315,0.01582366073995755,3,25.95596634856222,26.392640720588187,3
1316,1318,-0.021310539557228236,2,26.515169426145203,25.976632028648872,2
1319,1326,-0.018010471124596632,7,25.713077045251946,25.27568549064916,7
1327,1330,0.00108585389575414,3,25.434481715220755,25.487534327992936,3
1332,1337,0.009343389613450614,5,25.85966040403661,26.127136946867083,5
1347,1350,-0.0073367904053615466,3,26.41707463242105,26.249675167352603,3
1351,1356,-0.021248972124454465,5,26.172075925779975,25.64211828991975,5
1358,1361,0.0026928106807053965,3,25.768742857741234,25.863901946594652,3
1362,1363,-0.004864513054424094,1,25.889839238511467,25.789787616797298,1
1368,1370,0.00256624541320955,2,26.049878908698883,26.142779169871694,2
1373,1374,0.0023082243155849295,1,26.5460541839203,26.63387448585438,1
1375,1377,-0.005200733225562259,2,26.72646161210517,26.614190876809484,2
1378,1379,-0.003201873016472205,1,26.594676509690817,26.536118409102322,1
1381,1387,-0.002917706764436371,6,26.590307756182767,26.53931534313029,6
1388,1389,0.00029094421620659994,1,26.467931203647748,26.50209982635005,1
1394,1396,0.00166616990503941,2,27.185540404232295,27.258021673910292,2
1397,1398,-0.0010582857224624225,1,27.308669040503432,27.30707733499892,1
1399,1405,0.0019095643054939694,6,27.36903891145206,27.448670890144495,6
1406,1410,-0.009151765758706864,4,27.397699768602077,27.174360137761056,4
1413,1414,-0.001260805620991296,1,26.945944674702044,26.93891702086796,1
1415,1420,-0.008583212242000395,5,27.08447636698087,26.87908903422661,5
1422,1425,0.011577403817032348,3,27.11222618245328,27.453227599528713,3
1426,1428,0.007160553958016483,2,27.65434828665267,27.88002308801968,2
1432,1433,-0.0031750412046454846,1,28.04066185312858,27.979672258192494,1
1435,1439,-0.004657269017985705,4,27.984315826988734,27.88196965572516,4
1440,1442,0.00021164213749904812,2,27.980112620532463,28.01401450399547,2
1444,1445,-0.002726786224445143,1,28.044324922432352,27.995898368482433,1
1446,1448,-0.009443346721666437,2,27.803513504262057,27.568758799665037,2
1451,1453,0.006446567600516638,2,27.573519516987187,27.778847594054596,2
1457,1459,-0.016899999029410282,2,27.891485279170123,27.448010690302507,2
1460,1464,-0.015330541107141174,4,27.449233622657893,27.055871251868872,4
1467,1469,0.0016693253487433638,2,26.99745556920478,27.069520561707233,2
1471,1472,-0.0018198114421028168,1,27.058911209852663,27.036728004831982,1
1475,1480,-0.016134881975347473,5,26.801960250583065,26.396315745482536,5
1482,1483,-0.008795206076264465,1,26.1124611690162,25.908909153045265,1
1484,1485,-0.002190947449022984,1,25.93350748021491,25.90262203563713,1
1486,1488,-0.0012334994740393873,2,25.978456089592573,25.972390133759298,2
1489,1491,-0.008210532961874802,2,26.060280123236787,25.872371614412497,2
1492,1497,-0.013554592443809122,5,25.799358869218697,25.475458433304084,5
1498,1499,0.00022175635603712105,1,25.55888945381642,25.59011618945987,1
1501,1506,-0.0047230741713933325,5,25.671020533043848,25.575445419543964,5
1512,1513,-0.0019479581117423244,1,25.696352115245976,25.67199304981614,1
1515,1523,-0.0019744571201792656,8,25.840181948683966,25.815001799397344,8
1526,1527,-0.0046572369876544395,1,25.860536197907013,25.76595808840345,1
1530,1532,-0.004518365347796769,2,25.47704529530225,25.38740774197101,2
1533,1537,-0.005391349750531748,4,25.382633817189088,25.271169794508136,4
1538,1542,0.013208310037007034,4,25.299229917346857,25.658689219710045,4
1543,1545,-0.0014941800757961306,2,25.728715245700062,25.716000627249805,2
1546,1547,-0.0036082795444749055,1,25.752335173989465,25.685165884932687,1
1548,1549,-0.0016363909860997376,1,25.713043860243946,25.6966803109061,1
1551,1555,0.002477616399979399,4,25.766203170592355,25.85580814130361,4
1558,1559,-0.002303757859986961,1,25.745131969106883,25.711566550945758,1
1561,1563,0.001762704389786555,2,25.72892310013082,25.800004508924033,2
1572,1573,-0.0055242983599123495,1,26.43048038795107,26.31090100888017,1
1574,1575,-0.0022929397048988215,1,26.44024803130689,26.40606238481984,1
1577,1580,-0.012211006327900082,3,26.46607930321272,26.169367920669696,3
1581,1583,-0.006946972311364727,2,26.026114004189857,25.87133742483452,2
1586,1588,0.0031502730453490035,2,26.013798138406752,26.121762503627732,2
1593,1596,-0.009328614580853118,3,26.446437063728908,26.22617488238832,3
1598,1599,-0.0037734463961082553,1,26.07385771053279,26.001543263832872,1
1605,1607,-0.013772023873777694,2,26.182065537479403,25.847667571369904,2
1609,1612,-0.012252357859475874,3,25.565861315447677,25.27818509494053,3
1613,1615,0.003533007071967337,2,25.262639400820074,25.377155123880552,2
1616,1617,0.0038012141880033653,1,25.400130435028448,25.522081901650242,1
1618,1632,-0.03476923481894421,14,25.54320492972993,24.680630444429468,14
1635,1638,-0.0123830368829299,3,23.990414412176325,23.71733064008575,3
1641,1648,-0.023068122947223088,7,23.313017482746233,22.798542946666227,7
1652,1654,0.003115023445840191,2,24.154275521991206,24.253670932081484,2
1657,1659,0.01989815287143445,2,24.921971708291007,25.442794882908437,2
1660,1669,0.029371003039190106,9,25.99537220753785,26.78487773585786,9
1676,1677,-0.01139885316358151,1,26.427980560638982,26.15315987137891,1
1682,1684,0.005097935179964056,2,26.293746467272804,26.454084028868643,2
1686,1689,0.01121672679870546,3,26.43774482714108,26.760727532868152,3
1690,1694,0.02309737697133079,4,26.99095696177271,27.641368226497512,4
1698,1701,-0.005927947004838541,3,27.95926845936296,27.821486666101165,3
1704,1708,0.06891678681797231,4,27.807462784393646,29.751671231838795,4
1715,1717,-0.015180871729219794,2,30.85552906067064,30.417970760924057,2
1719,1720,0.00838556353221791,1,30.486869482699966,30.77300593312828,1
1721,1725,0.03183535449289057,4,31.35198993504776,32.38144363862259,4
1730,1734,-0.02437441770840803,4,31.900584167098327,31.154926587634343,4
1735,1736,-0.0053479866311239395,1,31.018163589599716,30.88329702899012,1
1737,1738,0.0037565854950983224,1,31.12340867243243,31.27144982668174,1
1740,1743,0.010083238010709782,3,31.04589392050551,31.38998295208172,3
1749,1755,0.0029917212597504643,6,30.354317644001757,30.475483619066537,6
1758,1761,0.024876536806689924,3,30.47396395963268,31.262524609679858,3
1762,1763,-0.006483402020087924,1,31.44312011718241,31.270704848813985,1
1767,1772,0.09782242755681461,5,30.460663024353956,33.470859689410716,5
1774,1784,-0.022864833857698438,10,34.112349537759,33.366488682620165,10
1785,1786,-0.025175109079049303,1,32.70424239122846,31.913613764072846,1
1787,1791,-0.028208972710985245,4,31.958863008565384,31.089295177091213,4
1793,1795,0.004363685321835764,2,32.557241901828256,32.73186870233655,2
1796,1798,0.04521918986549707,2,33.25320465869154,34.79014083844783,2
1800,1801,-0.004747566777167188,1,35.06920947682133,34.937785272484476,1
1803,1804,0.002518402826278373,1,35.14199209017317,35.265635774464286,1
1805,1808,-0.022660639364860118,3,34.94352537260254,34.186626271369754,3
1810,1813,-0.018103820169405323,3,33.66059504710795,33.08487028262704,3
1814,1815,0.0032510068614897284,1,33.35858774783771,33.500395333243375,1
1818,1820,-0.01766650100913526,2,32.80177975433186,32.255088858954856,2
1821,1823,-0.015312924368786986,2,31.80588866507996,31.35065338613461,2
1830,1831,0.00638504175364525,1,30.57173290419782,30.79750642817661,1
1835,1838,-0.032304837906815265,3,31.80410134071055,30.80847910346768,3
1844,1849,0.008220891602861716,5,29.88960119251621,30.165209965165168,5
1855,1857,0.002830114159785153,2,30.90534535633618,31.023716357198534,2
1858,1859,-0.004435371055188403,1,30.75773432808585,30.65207009785197,1
1863,1865,-0.002677274016885004,2,30.838137896137496,30.786413888715188,2
1866,1867,-0.008149432905210103,1,30.740301098362135,30.52052537817344,1
1870,1872,-0.015002998267196938,2,30.27879580392929,29.85480187875406,2
1875,1878,0.006440316899555828,3,29.54730939129841,29.76715073669889,3
1881,1885,0.0013882235573509987,4,30.25589490927606,30.328152750247128,4
1889,1890,0.0012079683800252468,1,31.249574657426244,31.31857273015908,1
1891,1892,0.00721440299080425,1,31.399266829672598,31.65719306102732,1
1896,1897,-0.005323947269892778,1,31.99917509740012,31.860812351598895,1
1900,1901,0.0005204194336899907,1,31.691986292483257,31.740171404334586,1
1904,1906,-0.0038328882883682863,2,31.881972806678906,31.79165473930479,2
1916,1924,0.04771041688391274,8,31.529417905544104,33.06522899583026,8
1925,1927,-0.0077099064549168905,2,32.73094571594581,32.51132413201085,2
1930,1931,-0.005804496628197885,1,32.75800876784016,32.600623025168595,1
1932,1933,1.779666370942232e-05,1,32.4922905146275,32.525361059509564,1
1934,1935,0.0016108113679963506,1,32.404215673564856,32.488816968216405,1
1936,1938,-0.01401347195054246,2,32.30743901981511,31.88700706833688,2
1940,1944,-0.005625697433783173,4,31.671585756678336,31.525082583719826,4
1947,1954,-0.022120219784680782,7,31.39395314028011,30.730905950047426,7
1955,1956,-0.0008280719806909435,1,30.64023742929956,30.64550534463194,1
1959,1960,0.010769777478653684,1,31.311341368472913,31.679868888938003,1
1963,1966,0.010868096419129784,3,33.02446244784245,33.41639995236338,3
1967,1968,0.011907805483847834,1,33.767006941146384,34.20286489851444,1
1975,1980,-0.00878021105807032,5,33.90663256317516,33.642831805565216,5
1985,1987,0.0029930521608602257,2,33.193894999429155,33.32643995358399,2
1991,1992,-0.0017719851519515085,1,33.33926985315352,33.31353243184998,1
1993,1994,0.0034783463606448076,1,33.42360506077597,33.573287540859525,1
1995,1996,0.00013273061244050018,1,33.7700799942335,33.80833239762753,1
1997,2000,-0.02090276412400615,3,33.862314693207566,33.18836103117579,3
672,674,-0.0007353489007449071,2,27.029535848289964,27.03668924466457,2
679,682,-0.015694550598313487,3,26.64263319475814,26.25113167320546,3
686,697,0.03417619073402339,11,26.145613612704615,27.06531670400319,11
698,707,0.019470234022364377,9,27.101187979663635,27.655955639891438,9
708,710,-0.0032565243582016504,2,27.74540553098711,27.682797347578255,2
712,713,-0.002232207649044077,1,27.30899089932237,27.27534055184855,1
715,716,-0.007269097063644715,1,27.209754476759063,27.03917388486632,1
719,727,-0.01324302105523386,8,26.690763429893767,26.363987851241312,8
728,739,0.011765294035728405,11,26.187364278465736,26.521653683501082,11
743,744,-0.004170965666499186,1,26.306558376824896,26.223141183408227,1
745,747,-0.0028347944553379152,2,26.381757058466537,26.33335195689359,2
748,749,0.0022857921745455777,1,26.31043237761467,26.396882990429948,1
753,754,-0.00446662108874169,1,26.272186622337774,26.18111090614542,1
755,761,0.013817463610204049,6,26.27747160126696,26.666837080486903,6
764,766,-0.002158779367223273,2,26.958532786573485,26.927293795009792,2
770,771,0.0014627156743846825,1,27.020145262021,27.08668819728193,1
775,780,0.019393910287882087,5,27.179758633724163,27.73406019294662,5
784,785,0.0009272167490082771,1,27.957944637481468,28.01182565665467,1
791,792,-0.00048488233023819157,1,27.812965190227622,27.82729214004558,1
793,795,-0.006969367674103877,2,27.78106438848094,27.615229000768142,2
796,801,0.012704945691066484,5,27.678070597508704,28.057397051881065,5
802,806,0.012424567275242347,4,28.1878682121916,28.56627814535183,4
808,814,4.6614832417592265e-05,6,28.516130641404697,28.54597604669715,6
816,817,-0.005010268765445311,1,28.58223561532116,28.46761316858644,1
819,821,-0.0012350759515738561,2,28.48988082689278,28.483183541047172,2
822,823,-0.0032017560481848967,1,28.515026257723832,28.452243126196738,1
828,829,-0.0055157498600900065,1,28.4588892725217,28.330376047270992,1
831,834,-0.004589642331519751,3,28.104934852325243,28.004048188454732,3
840,842,-0.0027158135185125936,2,28.724026568345934,28.67474149525385,2
851,854,-0.005923426935628149,3,28.240993069461855,28.101950603494778,3
859,862,-0.006185363975877009,3,27.90337123062216,27.75868209463737,3
873,877,-0.00804118445199492,4,27.881811476888384,27.685490499423864,4
879,881,-0.007677472854178938,2,27.40643631128676,27.22343057678836,2
884,885,-0.003551834696207865,1,27.19444010022884,27.12504438443713,1
890,894,-0.007629431131692759,4,27.18671563642215,27.006483177413575,4
899,909,0.01288375228774609,10,27.338285283070427,27.71784326391231,10
912,914,-0.008500698612769891,2,27.929903356517283,27.720409569156256,2
916,918,-0.0069787941871544724,2,27.513567827889563,27.349069868492297,2
922,924,-0.0076346779050473984,2,27.252973350524528,27.072158650388957,2
930,931,-0.005031560655665024,1,27.371571461720745,27.261221311131948,1
934,938,-0.007372453439449004,4,27.37000394989874,27.195589874090476,4
940,941,-0.004283263055909333,1,27.08554111995922,26.996612163450745,1
942,945,-0.016355679808825574,3,26.890757396530724,26.47783153613279,3
950,952,-0.003877365562719518,2,26.712943253071934,26.636080350076664,2
953,955,-0.0011465033982025529,2,26.633096960948162,26.629195121738725,2
959,960,0.00042222003103034524,1,26.82749646873304,26.86565107159327,1
964,969,-0.004816246657991573,5,26.534200247607178,26.432939194589768,5
971,978,-0.005859139553039676,7,26.255909947760987,26.128328817232774,7
980,988,-0.0047743378534822346,8,26.137906344592988,26.039253055265817,8
989,990,0.0003617247638783179,1,26.13415208057632,26.169739602647404,1
991,993,-0.002521391959251011,2,26.358338497568013,26.318237133318597,2
996,998,-0.0011716703012107825,2,26.266212700638366,26.26170357199238,2
1000,1001,-0.005853809677883256,1,26.176281141906742,26.049226455169162,1
1002,1007,-0.0014066658904748146,5,26.028574322353467,26.017989388998878,5
1008,1009,-0.002097155944347195,1,26.033154354114416,26.00459192406469,1
1010,1012,0.00622403320111111,2,26.171161960456118,26.36022330337011,2
1014,1016,0.007854871055474846,2,26.610015731164477,26.845643989248096,2
1018,1019,0.003525930534333017,1,27.014367916104366,27.13663306872157,1
1023,1027,-0.004790140711437229,4,27.6345372217996,27.52979843723353,4
1033,1039,0.009546984115786899,6,28.128130803786682,28.424797752580997,6
1040,1041,-7.911302390889289e-05,1,28.402152604853725,28.428307777280487,1
1042,1046,-0.0073319749197557444,4,28.4731779561778,28.29288650747354,4
1047,1056,-0.00529306538000268,9,28.182118294543105,28.061130618157662,9
1059,1061,0.021655324999095227,2,28.41696471917819,29.060760290378994,2
1064,1067,-0.006382912807264233,3,29.45319293077974,29.29464896133782,3
1068,1069,-0.0008423581566373525,1,29.3123083074266,29.3169291537414,1
1070,1074,-0.018486204357892663,4,29.16015574983906,28.650255307289395,4
1077,1078,0.004438966430655234,1,28.725057503605075,28.881292127085825,1
1082,1085,-0.021298864826278106,3,29.240316673473174,28.646771437840776,3
1086,1089,-0.005603499578837781,3,28.61411704676979,28.48239197099617,3
1094,1097,-0.008434287432516063,3,28.06246227342037,27.853837862815624,3
1098,1102,0.004234256172077502,4,27.722386363856234,27.867492435785966,4
1109,1112,-0.011590370355649929,3,28.274417304699295,27.974980753852332,3
1114,1121,-0.01493396612211486,7,27.681570698974365,27.29585663064793,7
1123,1126,9.333368911956753e-05,3,27.5022490869406,27.53231822239391,3
1130,1131,-0.001999420217573989,1,27.614816418432465,27.58721761259929,1
1132,1133,-0.0008882205718140473,1,27.555907587886995,27.558987771480314,1
1139,1144,0.009087966117147569,5,27.880116025296488,28.16136969110182,5
1149,1152,0.005500400031524702,3,28.457044198280734,28.642026369284338,3
1155,1157,-0.004417662051249905,2,28.63753256888776,28.53965916058564,2
1165,1166,-0.0012217395953500268,1,27.981678818370977,27.975474172232577,1
1171,1174,-0.010237620348211799,3,27.75029641321571,27.49394971040008,3
1176,1184,-0.018112630670162926,8,27.2027445410804,26.7372340205341,8
1186,1191,0.009331656961524173,5,26.74015969188406,27.01642984891698,5
1194,1195,-0.006277579157759998,1,27.084390493817533,26.94145047904673,1
1197,1198,-0.007799998893821462,1,26.97333070054901,26.789912081622596,1
1200,1208,0.00818172124340106,8,26.874084287558247,27.12083463815827,8
1212,1217,-0.006400911564938693,5,27.604916275714103,27.455824564151435,5
1222,1233,-0.011394820987251388,11,27.994382153321276,27.703385562188796,11
1235,1240,-0.014321873575112568,5,27.782414913237986,27.412301094152507,5
1242,1246,-0.0010251389235870622,4,27.524694456330916,27.52400251514022,4
1247,1250,-0.019551445951731396,3,27.34339032930141,26.83613090147028,3
1251,1252,-0.005024452311376989,1,26.780580527122705,26.67280335792031,1
1258,1263,0.01285627179358086,5,26.392791843826274,26.758497541005735,5
1267,1269,0.0037468166818700023,2,26.97820694382402,27.106267546591905,2
1270,1281,-0.02464039227931191,11,27.155865626588877,26.513890310492034,11
1287,1288,0.0019943442688080664,1,25.996487090395217,26.074329522523485,1
1290,1291,-0.0014962198369024753,1,26.15514918154613,26.142170477685102,1
1294,1297,-0.00565774329843952,3,26.157957014992775,26.036119966005323,3
1298,1300,-0.005306566936401789,2,26.017457493415257,25.905411571204876,2
1309,1311,0.005612569894990775,2,25.614504057592313,25.783881755998667,2
1317,1318,-0.016995712973310834,1,26.41251822689066,25.990031166430978,1
1319,1320,-0.00530936626850089,1,25.779298420889738,25.668205981849137,1
1323,1326,-0.012467014168092688,3,25.59621602497264,25.30270385316472,3
1329,1332,0.018109654790619295,3,25.376813628967724,25.86175577710318,3
1335,1337,0.0036655028720731135,2,25.982195523091598,26.103415530927347,2
1338,1343,0.005682552324703914,5,26.205061200583838,26.380177893228808,5
1344,1347,-0.0022120209164293546,3,26.446641130513044,26.41458724829356,3
1351,1352,-0.008722895139218163,1,26.141493960208937,25.93960594357174,1
1356,1359,0.0009908384410568217,3,25.66969194548653,25.72079615498169,3
1360,1362,0.0030385271464377743,2,25.80764365121701,25.911868520688042,2
1363,1365,-0.0008908236790822762,2,25.823256318451726,25.82607560657069,2
1368,1373,0.018246911414078026,5,26.01979827489038,26.520599027299376,5
1374,1382,0.00046520560258332265,8,26.6810319546265,26.720125152129125,8
1384,1385,-0.006610718122087053,1,26.671311774619205,26.521666562305516,1
1388,1389,0.001373545161495225,1,26.47195615470622,26.534788538152537,1
1393,1396,0.008390463827234133,3,26.964444743278523,27.217653386261734,3
1398,1402,0.001618149125037602,4,27.352900008571375,27.424513979796057,4
1403,1408,-0.010478559684588006,5,27.498571113689295,27.237924266147303,5
1409,1411,-0.004749404142110107,2,27.258258197892545,27.15605597169866,2
1412,1417,0.0014009710639103544,5,27.066781966448556,27.13176852674317,5
1420,1422,0.003211363728713396,2,26.940371152287227,27.053826854196046,2
1424,1427,0.013855581603277118,3,27.338429976315417,27.74455825373405,3
1429,1430,-0.0020595151179921096,1,27.83498858406141,27.80549699284746,1
1433,1435,-0.0038887394576203986,2,27.9809060287472,27.90007648144199,2
1443,1447,-0.017115470122610114,4,28.03572686763259,27.5839179489316,4
1448,1449,-0.0025174422280020547,1,27.614451298566873,27.57254796406332,1
1452,1453,0.0013289435309243067,1,27.688406272391692,27.752891007061383,1
1454,1460,-0.01711762717288799,6,27.859791004212276,27.410757279691804,6
1466,1472,0.001529397483254397,6,26.93111593954695,26.99923543642567,6
1475,1479,-0.01839783428309558,4,26.795685748590866,26.329498848434977,4
1480,1482,-0.015373608661030918,2,26.473602277804154,26.09308107881522,2
1484,1485,-0.0017021809975276054,1,25.902775268893546,25.8845868323165,1
1486,1499,-0.016774103277934806,13,25.994105205518203,25.584071505388856,13
1501,1502,0.002990528204438166,1,25.646898690879446,25.74924336346177,1
1504,1507,-0.003538444090729669,3,25.74762766032025,25.682268747035604,3
1508,1511,-0.0010214870786025953,3,25.758227811385456,25.75767434231981,3
1514,1517,-0.0033808449166443312,3,25.707526594546774,25.64632096053465,3
1518,1525,0.005162977773624694,7,25.7246256295174,25.883165925506933,7
1527,1529,-0.010259999470473291,2,25.762158284588143,25.523600712514607,2
1530,1534,-0.005148537235202354,4,25.44458304607525,25.339025245874407,4
1536,1551,0.01733159984755672,15,25.305384022769307,25.76927219666347,15
1554,1556,-0.00625495902388338,2,25.8993549704707,25.763254921355866,2
1557,1562,-0.0026815599528846297,5,25.821991029480934,25.778569803462013,5
1566,1568,0.003207113270886155,2,26.0438891655845,26.153458757318518,2
1569,1572,0.006388228235536693,3,26.174110282175548,26.36749058280237,3
1579,1583,-0.019751347282340348,4,26.39051529296186,25.89565757574362,4
1584,1593,0.018745975074522782,9,25.937324863117354,26.44948263336427,9
1606,1614,-0.03116993243809006,8,26.07298849954116,25.286368198050905,8
1616,1621,0.005055974617370728,5,25.427822833259487,25.581813082912706,5
1622,1623,-0.002408478271999244,1,25.59283696051132,25.55679000573362,1
1624,1625,-0.003036821851872273,1,25.43925264533975,25.387437419656422,1
1627,1635,-0.05245844121757749,8,25.25682882802838,23.957151786438864,8
1638,1644,-0.04932168252024037,6,23.76557788453142,22.617185175085048,6
1646,1668,0.24390901379635974,22,21.957815012485483,27.335481832316205,22
1670,1673,0.00375430406135462,3,26.75001795313728,26.87719567213319,3
1674,1675,-0.007518307210676384,1,26.773887185223888,26.599366763326607,1
1676,1677,-0.011776395231101317,1,26.39822547498322,26.113747763865074,1
1678,1684,0.024224131537102584,6,25.772781148286036,26.42287717004736,6
1689,1690,0.007686750437675085,1,26.719180750874195,26.95128360595617,1
1696,1702,-0.015856622398578702,6,28.011364823109588,27.59521055306382,6
1708,1709,0.007162486664633971,1,29.819238031137004,30.062637163915706,1
1711,1716,0.015770663260388233,5,30.264786627433622,30.772347172609813,5
1721,1727,0.02362533588005555,6,31.401559217552915,32.17483316044261,6
1728,1733,-0.024660995638806627,5,31.9121932458502,31.157118980635385,5
1734,1735,-0.00651763810612401,1,31.109669693233673,30.938017794265356,1
1737,1738,0.0032081025208945887,1,31.140173940211575,31.271214984670475,1
1739,1740,-0.005275230439738832,1,31.141867325986226,31.00872866684386,1
1743,1745,-0.01798825493143337,2,31.38467474276273,30.85150388729256,2
1746,1748,-0.010044895353793725,2,30.60326365716906,30.326460339905406,2
1751,1752,0.00044661294048661706,1,30.332278769423635,30.37615783640593,1
1755,1756,-0.0048526491850237,1,30.534551449039014,30.41691253428381,1
1758,1762,0.03108879980551236,4,30.471552415312836,31.449347960530986,4
1766,1767,-0.00970591612780413,1,30.671206062237303,30.404185114720867,1
1771,1776,0.025793488977013862,5,32.58500702296627,33.45807304945204,5
1781,1783,0.010649852740821631,2,33.50674094509425,33.89708954292946,2
1785,1789,-0.028760085659476138,4,32.70240724868786,31.794585622193214,4
1790,1791,-0.0035676007574302108,1,31.166908423155213,31.086884245481162,1
1797,1799,0.030643229681540707,2,33.95833955001258,35.03289108799738,2
1800,1802,-0.003028808222361367,2,34.99252811444753,34.92153498568773,2
1805,1806,-0.00880553016493173,1,34.910550146236396,34.638054793995586,1
1807,1814,-0.0322059939291798,7,34.38858922863401,33.3154591219322,7
1815,1817,-0.019373985948190207,2,33.58349264813559,32.9664300261276,2
1819,1820,-0.010918975420346033,1,32.488568529774795,32.16631521708573,1
1823,1824,-0.01630042614059192,1,31.375261928329195,30.89520705055307,1
1830,1832,0.024585004468468133,2,30.541618671548047,31.323026121733854,2
1835,1836,-0.010102661847208982,1,31.83164950703741,31.541896765535974,1
1840,1841,-0.0042762347521067955,1,30.039857759275677,29.941440133336393,1
1845,1846,0.006445868810772074,1,29.91646304958105,30.13921710873054,1
1853,1856,0.02596057765675276,3,30.231629806332542,31.046692009416372,3
1859,1861,0.008036595840602342,2,30.634344033464284,30.91117421933667,2
1867,1868,-0.008574073337084227,1,30.546243239245133,30.314883752778677,1
1869,1872,-0.021068138961559884,3,30.46586924042283,29.85447594292131,3
1874,1875,-0.00885566058557535,1,29.710243058773205,29.476849473388537,1
1885,1892,0.039058754347587904,7,30.38240499835106,31.599486296668932,7
1894,1895,0.0003897626427221705,1,32.01622612734181,32.060721082374535,1
1897,1901,-0.009018823399607717,4,31.919587285244308,31.66362975181557,4
1902,1904,-0.003942651046174663,2,31.904854787950782,31.810969933630968,2
1907,1909,-0.009089382851504638,2,32.04644342788425,31.78720747796701,2
1911,1912,-0.010015384888715034,1,31.46949013937237,31.185780573514304,1
1914,1915,0.0020880779828150713,1,31.251100060560358,31.347605894596125,1
1917,1923,0.05240530388048432,6,31.508548619087023,33.19127223292238,6
1924,1925,-0.012265874124961013,1,33.07654051482566,32.70390437289646,1
1928,1930,-0.0007864541387148068,2,32.63098549911639,32.637953711019385,2
1934,1937,-0.01236039749366135,3,32.434357082836165,32.065889893923796,3
1940,1942,-0.004416160413674061,2,31.559952691069444,31.452138830028787,2
1946,1948,-0.0031512390645097293,2,31.432823132121356,31.365203615091712,2
1949,1955,-0.02396185769310956,6,31.374274389391047,30.653862765637278,6
1957,1958,0.0015475388636100869,1,30.808745462401507,30.887231938806046,1
1961,1963,0.028782949930233774,2,32.00711336418288,32.96037961891965,2
1964,1969,0.03407246592940217,5,33.154997483722596,34.31782500335987,5
1980,1983,-0.012082306994063773,3,33.767170614552164,33.39295246348077,3
1985,1986,3.434148402671564e-05,1,33.21348568115938,33.247839767228534,1
1988,1989,-0.0006250504442584363,1,33.47355224289929,33.486103136441855,1
1990,1992,-0.0016998699534617365,2,33.308068828610196,33.284757512029216,2
1995,2000,-0.01670883650588492,5,33.79631013739984,33.26540942694925,5
672,675,0.00033805912903106376,3,27.020251319130523,27.0564060130768,3
677,683,-0.023724547368925677,6,26.863138321117127,26.252685661860898,6
686,687,-0.0022283362554696034,1,26.12977296203933,26.097676814562867,1
688,694,0.020492779218186236,6,26.19809264878684,26.761162470024804,6
696,698,0.0034258356184487205,2,26.988338342343788,27.107784291462078,2
702,705,0.018144784265387938,3,26.962432177448367,27.47862212475577,3
706,710,0.0016453001284649476,4,27.569524445149877,27.64245411170635,4
711,719,-0.029854677534747943,8,27.440898339406687,26.649100066559306,8
724,725,-0.009638625241968544,1,26.701722933619248,26.471056755880834,1
726,727,-0.005940806907321103,1,26.41275108154095,26.28225077855592,1
728,731,-0.008883367144211628,3,26.181108630373775,25.97471333879805,3
734,735,0.0026835791427759098,1,26.189429256578556,26.285900091949294,1
736,737,-0.000979676586901608,1,26.54757423899139,26.54811377630941,1
739,741,-0.012465901782096233,2,26.53112731748521,26.226924017494635,2
750,757,-0.003042479204842062,7,26.34558824193216,26.29177792580868,7
764,768,-0.002130548159468314,4,26.94965965791341,26.91919176978886,4
769,770,-3.959127778772279e-05,1,26.993958968927437,27.019884202568235,1
773,783,0.018967349408169607,10,27.229483271138943,27.773183877817683,10
784,790,-0.0017100840803775251,6,27.957754870293993,27.9379025136375,6
791,793,-0.005134762564970636,2,27.816571507364387,27.701556588809908,2
794,795,-0.0020955765102122857,1,27.68078806953629,27.650461648343143,1
802,803,-0.003910872577232277,1,28.211467722326162,28.12934773456977,1
804,807,0.002372546432241555,3,28.417950056090802,28.51379091216409,3
813,817,-0.007666408394035243,4,28.62117331416562,28.43037288413693,4
820,825,0.0011490587103199926,5,28.49545715306321,28.55669556346255,5
828,830,-0.011959911291710541,2,28.455401167408244,28.143532494843413,2
831,832,-0.008032206676242153,1,28.12528789170053,27.92750505441728,1
837,842,0.005816838291991961,5,28.489858607347227,28.684069366435228,5
845,847,-0.0006874556639445968,2,28.618389608157383,28.62733412373644,2
850,853,-0.010192368389648786,3,28.35991039216852,28.099215648346277,3
857,861,-0.011351833773037702,4,28.04962701150437,27.75926193528557,4
871,872,-0.0017849293302026343,1,27.93941357894709,27.917483113760312,1
875,880,-0.021590866042633636,5,27.80222892792887,27.229756956387252,5
882,884,-0.0033270157769078627,2,27.187037265782756,27.123772601137897,2
886,887,-0.0007614634564144939,1,27.164409895100476,27.170889599545394,1
890,893,-0.006028799208855787,3,27.131121743539232,26.994684779979952,3
899,901,-0.0005033848602087596,2,27.325998134217514,27.339568638600873,2
906,907,-0.0017141183017220642,1,27.655563215443458,27.635813871606878,1
908,909,-0.0024685505228773975,1,27.761551907106792,27.720782665537723,1
911,913,0.0005193049975744058,2,27.871862267621523,27.914208127256426,2
915,919,-0.014264879364499071,4,27.616373004312337,27.250045147925125,4
920,921,-0.0007215451993629737,1,27.30718311261888,27.314786928848463,1
922,923,-0.0034169662355065544,1,27.236473960452045,27.17064432251538,1
925,931,0.004074148711426394,6,27.098549129554293,27.236051197701546,6
934,940,-0.01325435623533202,6,27.409834743902554,27.07394486459919,6
941,949,-0.01768438692646385,8,27.040542318309203,26.589387447569113,8
950,951,-0.004514377238205695,1,26.71867862780507,26.624779111800578,1
954,959,0.002545153417497852,5,26.671684358727397,26.766239571682164,5
960,962,-0.007411317111663411,2,26.8343020733305,26.662258853268213,2
966,968,-0.00027796230681480336,2,26.432277073322656,26.45136217368631,2
971,982,-0.009145889158990797,11,26.272895544158562,26.058879449170103,11
984,988,0.007857784176634242,4,25.75887448530593,25.98704103612978,4
989,991,0.005776851195636058,2,26.128081440691812,26.30514756064284,2
995,999,-0.006873432699668159,4,26.391910054960615,26.23689894743711,4
1000,1001,-0.0054563835825700855,1,26.190213357781758,26.07349972095013,1
1003,1007,0.0017832372607062739,4,26.008748595078078,26.08113711327224,4
1009,1011,0.007553634700065638,2,26.090586488072237,26.313755834001675,2
1013,1014,0.003548340060546092,1,26.513203165528882,26.633794229620054,1
1016,1022,0.023352908573358377,6,26.933751196527577,27.589666376954195,6
1024,1028,-0.004108896476527969,4,27.70510709307944,27.618974783255936,4
1029,1031,0.004172856573778507,2,27.618729806273173,27.761597534310965,2
1032,1037,0.009135949041903325,5,27.98328248412316,28.266919609407417,5
1048,1062,0.043927856266909926,14,28.123811550345486,29.38735411335707,14
1063,1074,-0.03226295960336837,11,29.562458025431045,28.63824809440572,11
1078,1079,0.0026121103475260977,1,28.93898888735974,29.043519708566716,1
1081,1083,-0.010568731493281483,2,29.30731091271586,29.026877123801963,2
1086,1089,-0.006224068543527725,3,28.616002796692275,28.466510836640573,3
1091,1096,-0.0168137690615817,5,28.461006605074175,28.01093081936138,5
1098,1102,0.005303553284331893,4,27.718196290461684,27.89291941772418,4
1106,1107,-0.001284281287739701,1,28.018705550221046,28.01074035652643,1
1114,1115,-0.012396218737833798,1,27.578974545957255,27.264678519466376,1
1117,1120,0.004029617763476532,3,27.08825663180434,27.224500208541276,3
1128,1130,-0.003248972546514368,2,27.67470832712267,27.612468667862178,2
1134,1137,0.003975192187890386,3,27.58282806917436,27.72005793990404,3
1140,1142,-0.0012342801571466199,2,27.96094509846541,27.954394403853772,2
1143,1145,0.0011886296776455977,2,28.119740389327845,28.181284087671617,2
1147,1149,0.006377998738792964,2,28.28595918564377,28.494652956840998,2
1152,1154,-0.0030158261835545493,2,28.715570109181204,28.65768451107942,2
1157,1158,-0.007470503551304662,1,28.595626211908165,28.410598110952233,1
1159,1161,-0.004396770743784792,2,28.323786575623387,28.227577166030105,2
1164,1169,-0.008449940834578371,5,28.03151453849339,27.82268141367799,5
1172,1180,-0.034024114445418585,8,27.71132469645572,26.79618273824581,8
1181,1184,-0.0021278282100198114,3,26.703162287009622,26.673045707285596,3
1185,1187,-0.0007125404276740637,2,26.728763298344216,26.73644673721076,2
1189,1190,0.001347799350525767,1,26.878688642289337,26.941794410026688,1
1192,1194,-0.0024555439609169785,2,27.119133793791068,27.079660702372216,2
1196,1199,-0.0063155677666628645,3,26.964870726522083,26.82153712885595,3
1202,1203,0.0019530649177564446,1,26.8844377989644,26.963829289062126,1
1205,1215,0.01576215678403401,10,27.014422007590902,27.4672419847122,10
1216,1218,0.0023474789750810416,2,27.48441441136673,27.576417910751193,2
1219,1224,0.009286487290022339,5,27.71336431155871,27.998437481313317,5
1227,1228,-0.0020449028924729223,1,27.584051242969785,27.555228588039885,1
1230,1233,4.482566144656643e-05,3,27.61693387311383,27.645788754314932,3
1236,1237,-0.0024206656971537855,1,27.67365078928618,27.63433578289483,1
1238,1242,0.0006908778369192708,4,27.513032961721393,27.559554139382797,4
1245,1247,-0.010934111346709359,2,27.561348346456867,27.28755084311772,2
1248,1251,-0.01003970772748895,3,27.034781460995863,26.790394938111923,3
1253,1257,-0.006511776796293867,4,26.552682115276998,26.406329658114647,4
1260,1261,0.0014320723461301367,1,26.460296480571557,26.52464983591236,1
1262,1263,0.0022432146233976134,1,26.718676496409575,26.80533089874056,1
1267,1271,-0.001923884315014421,4,26.949772687366973,26.92487421508791,4
1273,1276,-0.01210879809097119,3,26.827310858427253,26.529291678777266,3
1279,1281,-0.0017286277051113354,2,26.529633939039797,26.51030371274535,2
1286,1287,-0.001539695996783648,1,26.007136076406326,25.99310012917808,1
1290,1296,-0.011199361228117828,6,26.215337381943563,25.94795768626814,6
1300,1303,-0.02012746803033476,3,25.954396280259772,25.457954395162464,3
1307,1311,0.013046604612758719,4,25.386030805423598,25.742618342834696,4
1316,1317,-0.010745679815288966,1,26.56112771403016,26.302271467796224,1
1318,1319,-0.011305941745159535,1,26.007416093822208,25.73938517861715,1
1321,1322,-0.008389154013253512,1,25.788196636510712,25.597643679839468,1
1324,1325,-0.010525162781929207,1,25.54086051853252,25.297579664502948,1
1328,1329,-0.0035403383185131786,1,25.37858718296108,25.314116985470477,1
1330,1332,0.013618818282188774,2,25.495184687562272,25.867894159580587,2
1333,1334,-0.001276767303754469,1,25.938092300879422,25.930913485008773,1
1337,1339,0.00121964873004993,2,26.118725836568142,26.176700233201803,2
1340,1341,0.0008706188848343101,1,26.265333404750915,26.314465833434312,1
1342,1345,-0.0007593069681556199,3,26.41073198469956,26.417088863854186,3
1348,1349,-0.003447957227449516,1,26.388922018979198,26.324323066598236,1
1353,1355,-0.012784920701620898,2,25.855352426828556,25.55064914876592,2
1357,1360,0.0012733081603008346,3,25.723931196942097,25.782409619647122,3
1366,1368,0.003733350983673012,2,25.89936514584281,26.021955931332393,2
1370,1373,0.010965392625131909,3,26.193238406219734,26.506650787873838,3
1374,1381,-0.008204540003492454,7,26.722142231743227,26.529621489055618,7
1384,1392,0.0031850422951363823,8,26.678425320899173,26.790075659234773,8
1395,1396,-0.0008278965955901999,1,27.267364187446937,27.27205699365288,1
1399,1401,-0.003325028270594589,2,27.367634831196458,27.304004306514617,2
1402,1405,-0.00028369307966050455,3,27.449621003833496,27.469283357319238,3
1407,1409,-0.00587069522275112,2,27.320639460333403,27.18756895223145,2
1413,1414,0.0009667607827791107,1,26.940967635285954,26.993954073881156,1
1415,1422,-0.00021891722780595574,7,27.065803371092702,27.086944003821454,7
1424,1428,0.018935000590042942,4,27.34952332480951,27.89473608842698,4
1429,1433,0.0015365428572182917,4,27.863992786828895,27.934670998705908,4
1434,1437,-0.004011754802559291,3,27.932053406824714,27.847928910831367,3
1439,1440,0.001037768089466453,1,27.886271624489417,27.943097378939996,1
1446,1447,-0.004459014816129037,1,27.76886429584103,27.67281138281464,1
1448,1450,-0.000707885302854842,2,27.58005759128776,27.588114131458283,2
1451,1455,0.008390766167956188,4,27.607231713955905,27.86648477152625,4
1457,1462,-0.02340633710713514,5,27.86762438073207,27.24321299448237,5
1463,1466,-0.008905587180113476,3,27.18164416507539,26.966757307429564,3
1467,1480,-0.025617263780323134,13,27.001725049607753,26.3370164615378,13
1482,1487,-0.004102288814031607,5,26.093684019055114,26.012733875005924,5
1488,1489,0.0003167924105565822,1,26.011301579850503,26.04555306435955,1
1491,1497,-0.018441428876126164,6,25.918354864013555,25.466301721066664,6
1500,1501,-0.0003970698754762761,1,25.675009601654594,25.690489838390867,1
1502,1504,-0.002171784284705382,2,25.759831678915383,25.729646712977374,2
1505,1507,0.0015274080726186542,2,25.632414411914773,25.697197983020153,2
1509,1510,-0.0023631232598933048,1,25.829416337954267,25.794207659754534,1
1511,1512,-0.0051568110601629006,1,25.765936694474846,25.658832563847795,1
1514,1517,-0.006702027901904864,3,25.789399665120772,25.642347788656878,3
1518,1520,-0.0012771492781171892,2,25.711830969814788,25.704704954422432,2
1522,1526,0.003210794867513387,4,25.797074405670134,25.90570059417439,4
1532,1533,-0.0037294260688347145,1,25.459872422054932,25.39038158255697,1
1536,1542,0.015416973087814274,6,25.261339429919385,25.676054159502513,6
1546,1548,-0.0012002719593106972,2,25.711529908479598,25.70638061000795,2
1554,1556,-0.007800951898601977,2,25.9398078620429,25.76339247651417,2
1557,1558,-0.0011102687146932017,1,25.777358732348517,25.774516296132916,1
1560,1566,0.012864615159855784,6,25.68074642994442,26.03680009621344,6
1568,1572,0.007316445853121189,4,26.174270253462623,26.391947154770506,4
1575,1578,0.0006583014257650591,3,26.434731560249645,26.478568313285724,3
1581,1582,-0.0034790290731140207,1,25.974445794629943,25.91005438834703,1
1585,1587,0.0024052150324648607,2,25.95207310292056,26.040445492374253,2
1590,1593,0.00041089670366787224,3,26.341877216462596,26.379042884195727,3
1594,1595,-0.004796572309570157,1,26.458887543373066,26.358434463583865,1
1596,1600,-0.01066310064405799,4,26.248074239124218,25.994436456038855,4
1605,1609,-0.023359809954483945,4,26.188866920374373,25.60328883311153,4
1615,1618,0.00853016857583139,3,25.33297120530603,25.57439869141928,3
1619,1620,-0.0029885524482022923,1,25.618836297457015,25.567891897817614,1
1624,1625,-0.005509696766920243,1,25.48504381271083,25.37011399302383,1
1629,1632,-0.016254254044115884,3,25.103286877565974,24.720354962193262,3
1636,1638,-0.004909431689472487,2,23.78761765075942,23.694621584498485,2
1639,1640,-0.008941706798495451,1,23.597849668136778,23.410442464997463,1
1641,1655,0.04545689778478482,14,23.282261577590855,24.363883223899617,14
1656,1662,0.09430441987187813,6,24.687341409786928,27.040154161025665,6
1667,1668,-0.012930410989956592,1,27.585366778567355,27.25626201559035,1
1671,1675,-0.016162110771025504,4,27.03328492854726,26.623403267955933,4
1676,1679,-0.028634991490679926,3,26.38635451061433,25.657167828243438,3
1682,1684,0.0025237461825541657,2,26.29482570318469,26.387481994877213,2
1695,1697,0.002068110935951289,2,27.95465777338782,28.040425764613126,2
1698,1704,-0.0073231483820974915,6,27.94082303093529,27.76414906099276,6
1706,1711,0.04636272425627943,5,28.956314213666317,30.32776413924638,5
1713,1715,0.007007321338256943,2,30.654762167370603,30.90022469859258,2
1719,1720,0.010768909305375954,1,30.47537939284461,30.83404136896592,1
1722,1723,0.009830419215691805,1,32.07173631015829,32.41908665937243,1
1724,1725,0.0014169765827843528,1,32.28922492667288,32.367267227196905,1
1727,1728,-0.011612110711194008,1,32.253560985861725,31.911282625849513,1
1730,1732,-0.020491832771061404,2,31.912600710546716,31.290565634207084,2
1735,1738,0.0057067929691814725,3,31.014527103247342,31.22253511556589,3
1741,1742,0.0018493165038947707,1,31.004158305323283,31.092498965272007,1
1745,1747,-0.013662683354650245,2,30.786748530257736,30.39690568209984,2
1750,1752,0.004639535612768211,2,30.242653622516034,30.413208144644827,2
1757,1759,0.013400959649267321,2,30.344699086826314,30.781691873944858,2
1760,1762,0.014409992273196282,2,30.971824648291317,31.449100226808277,2
1766,1767,-0.009616157914553832,1,30.702278894398333,30.437743211107524,1
1769,1773,0.10479175943876275,4,30.634646929855986,33.87554012835074,4
1774,1777,-0.02143079826000011,3,34.174360349053266,33.47615088709721,3
1779,1786,-0.05272946510642593,7,33.637570074085836,31.897516566673456,7
1787,1789,-0.004044157135079959,2,31.860943153268806,31.763953435838406,2
1792,1794,0.022307316415958563,2,31.807572255054517,32.54892140602654,2
1795,1796,0.008608874734313838,1,32.819995487790145,33.135358713213066,1
1800,1802,-0.007249107975579628,2,35.103051064762475,34.88368830838649,2
1815,1816,-0.009150753536902787,1,33.5944106121735,33.32059085105616,1
1819,1821,-0.019477820606442976,2,32.45533646383453,31.855632578934046,2
1822,1823,-0.013509295209480777,1,31.716168881757707,31.31942196230205,1
1826,1838,0.03069261703865845,12,29.859344078053113,30.805664834944384,12
1839,1841,-0.0181485790862612,2,30.438700458659085,29.916719996560754,2
1845,1846,0.00820609464157162,1,29.966249431283995,30.242121559601337,1
1853,1854,0.0023361334762032225,1,30.2383317371169,30.339210847889635,1
1857,1858,-0.007974599237490918,1,30.96840608250998,30.752413861060596,1
1860,1862,0.000721308091712764,2,30.71812026394517,30.770995612917705,2
1865,1866,-0.008715421046812808,1,30.85958494379719,30.62149025262591,1
1871,1874,-0.018687243577388553,3,30.164048080390113,29.630529214712194,3
1875,1876,-0.0010803393357526412,1,29.504219978234644,29.501849628799693,1
1878,1880,0.003611401779966294,2,29.838509809470843,29.976107166717778,2
1881,1882,0.004557308743399864,1,30.292944871825757,30.461292119225284,1
1883,1884,-0.008050689631055518,1,30.52536888037205,30.310143978523065,1
1891,1892,0.009265437216687832,1,31.342691296982743,31.664437726693947,1
1893,1895,0.005807633751480134,2,31.880865940330764,32.09789919933257,2
1900,1901,0.00023524581641822494,1,31.703429973544026,31.742591502784954,1
1902,1906,-0.0005631528538808028,4,31.831377327964944,31.84528277430771,4
1908,1910,-0.008380345300122924,2,31.89922368770516,31.663796402084035,2
1911,1922,0.052721555080556044,11,31.449208041861137,33.13870840392185,11
1923,1925,-0.01548776996044042,2,33.239034156906186,32.75747467633371,2
1926,1929,0.0003986287159261795,3,32.521990754060575,32.56747694422829,3
1932,1934,-0.0025246921299813003,2,32.490281994868575,32.440744317610125,2
1938,1945,-0.015460461136400445,7,31.92150132460104,31.45990169528109,7
1946,1948,-0.0003815991836850879,2,31.331557409347177,31.350932870025535,2
1950,1966,0.07459199836611992,16,31.120807870927603,33.473291928659094,16
1967,1975,0.0011487971037981866,8,33.766162767729206,33.83871940049088,8
1979,1980,-0.0024616810255998827,1,33.794588666483556,33.745191757461804,1
1985,1986,-0.0006093178179647373,1,33.12548947237099,33.13843101087904,1
1987,1990,-0.004715276914793548,3,33.37234841814632,33.24836090247594,3
1998,2000,-0.018551132649486636,2,33.82853348893038,33.234804410328564,2
673,675,-0.0008462153997800764,2,27.053286273501026,27.05744665231523,2
679,680,-0.008571379149587666,1,26.635148609762858,26.43348380093273,1
682,684,-0.004771518924351605,2,26.251861043799437,26.1528516530733,2
687,692,0.015796535949498206,5,26.13926654851419,26.578315678789824,5
695,697,0.00980513812984771,2,26.824456387290535,27.114298343813285,2
699,701,-0.00893483741715952,2,27.1113277236321,26.89620374598175,2
705,707,0.0019454640510678462,2,27.568355853122643,27.64955745423506,2
708,709,-0.0017953102877669952,1,27.68711958337026,27.665099732326972,1
713,719,-0.026593231185203473,6,27.29265879176508,26.59415146564856,6
720,721,0.005006552681106868,1,26.58249663117978,26.742165797590307,1
722,723,-0.004914955188498254,1,26.880939798186862,26.77570212345224,1
725,728,-0.012720688243467993,3,26.508822962019902,26.19812131238078,3
731,732,-0.0018194084845181346,1,25.980883217957274,25.959594261813205,1
735,736,0.009843492488780397,1,26.23496501449821,26.51944366057634,1
737,738,-0.0029137494201907322,1,26.63831846559242,26.587339399074036,1
739,743,-0.010901872707702182,4,26.532462097982265,26.26974103566611,4
744,749,0.0022026036907413014,5,26.26785527752903,26.351980807788703,5
750,756,-0.004060720402382116,6,26.37265206374266,26.291932749506238,6
757,760,0.0026675009643090343,3,26.399233751086577,26.496052966325706,3
761,763,0.00343615280380569,2,26.745604941259078,26.864252531608724,2
765,778,0.017638545329409547,13,26.941609056273993,27.443761457916587,13
782,784,0.0009089164473972072,2,27.821758040949163,27.874867452469037,2
785,788,0.005694157118245718,3,28.051876675333183,28.239660345259516,3
791,796,-0.007941620947691838,5,27.87790317095658,27.68438533432734,5
797,799,0.007125348816643101,2,27.833175235688405,28.059329493153125,2
800,801,-0.004551741647804027,1,28.125350573458647,28.025456594467805,1
803,804,0.00278199805493366,1,28.22326259465308,28.33000291888994,1
807,810,0.0024307936022119857,3,28.488286985366493,28.586024418093867,3
812,814,-0.006064472282190763,2,28.67801681901782,28.532777797729704,2
817,818,-0.001340541009178766,1,28.451139233181117,28.441450453514364,1
822,825,0.003021862250665484,3,28.465343270545574,28.579826960097616,3
827,831,-0.01896894477516923,4,28.54564871410003,28.032713528784985,4
832,833,-0.001424434299818096,1,27.94001489179337,27.928156191135866,1
838,840,0.0006401371828460521,2,28.605277843047205,28.65219442286323,2
846,847,-0.0019171885868229216,1,28.627978620296698,28.60172136504235,1
849,850,-0.006850355311255723,1,28.427379062760888,28.261068794675985,1
851,852,-0.003931033658819213,1,28.200182350700437,28.117526667045695,1
855,856,-0.004596297426110507,1,28.191850951387707,28.09046467037394,1
857,859,-0.0053877579060553835,2,28.05712964015117,27.934021747751377,2
860,863,-0.0025073604047781617,3,27.840284440042467,27.798319097619785,3
864,865,-0.00804739786895499,1,27.964861016337878,27.767781514405716,1
866,867,-0.00036376438146368793,1,27.67703091301529,27.69464002589748,1
869,871,0.008831293169130932,2,27.646609579396035,27.91841150330358,2
873,877,-0.01047907390918424,4,27.884792080319883,27.620470075248296,4
878,881,-0.01401249789474138,3,27.583861579093657,27.224926638366863,3
882,884,-0.003745563665864362,2,27.200169135980754,27.12548933989564,2
885,887,0.0004996014352371158,2,27.135226226457828,27.175918250652508,2
888,889,-0.004489784946494628,1,27.308224636312197,27.2129248050609,1
890,891,-0.0021674935238766265,1,27.11429274653063,27.08263698534456,1
894,897,0.015165544582179245,3,26.952074600334374,27.3877695638683,3
899,902,0.002814541412345811,3,27.30308980976063,27.407238576524957,3
903,906,0.0027491152923864136,3,27.472888516745485,27.575887543209642,3
912,913,-0.005740461413135162,1,28.006211560314245,27.873449195084476,1
914,916,-0.010531228204545964,2,27.738973658654313,27.47458717055379,2
920,923,-0.0063620273863162925,3,27.28540605012303,27.13910095563551,3
932,935,-0.0004530468174347264,3,27.300844233447346,27.31577651708755,3
936,942,-0.015990879357271733,6,27.29409643165713,26.884933924884418,6
946,952,0.008641384744306969,6,26.376460084066437,26.630765683929777,6
963,968,-0.006142567762612293,5,26.57576811299066,26.439100424626133,5
970,972,-0.008656784326194315,2,26.374181927757043,26.172240504956395,2
973,974,-0.0021236745772328105,1,26.22092572538611,26.191461937756984,1
980,981,-0.003127418396597449,1,26.13267577661591,26.07708064141642,1
982,984,-0.011170737453856508,2,26.030709054303717,25.76595754677467,2
988,991,0.010335356251783008,3,26.004177563720667,26.298944180440063,3
992,995,-0.004139510456163689,3,26.3677082333469,26.284926537643234,3
996,999,-0.00276719155305779,3,26.254744378930763,26.208347216436625,3
1001,1004,-0.0031204248272154273,3,26.048010421423964,25.99277757342681,3
1005,1007,-0.0008609943949704562,2,26.056428924691005,26.06005091435859,2
1008,1009,0.002457641047250113,1,26.009678574735386,26.099610707001172,1
1013,1014,0.0025922778679300833,1,26.534464747220316,26.629783917669126,1
1018,1024,0.02610306266324397,6,26.988377975378224,27.719845674824214,6
1025,1026,-0.007582369426258412,1,27.772770912601246,27.58996027446366,1
1027,1029,0.0013441105630638689,2,27.536202571992437,27.60075047530811,2
1033,1040,0.009318686289368206,7,28.116269404191186,28.406392367800397,7
1043,1045,-0.0019525891983401137,2,28.471288382563962,28.444166940787905,2
1047,1049,-0.0076757008568652954,2,28.199762463578153,28.011509285136647,2
1052,1053,-0.0024417692119206164,1,27.85436187119721,27.81420230983362,1
1058,1062,0.038613030657264916,4,28.339880889567983,29.462509460069676,4
1063,1065,-0.008172119011063999,2,29.597423577714952,29.38514733339471,2
1067,1069,-0.001119906364519164,2,29.323270040823115,29.319753994116706,2
1071,1073,-0.008838825418336391,2,28.968035827379282,28.740960451816342,2
1077,1083,0.006193309309953808,6,28.8105920531969,29.01783555323844,6
1086,1088,-0.008050879439416847,2,28.568684733433567,28.36725038163542,2
1090,1093,-0.011225487863640964,3,28.501265589634386,28.20982624424917,3
1096,1098,-0.013100139822877114,2,28.03480558845302,27.69558052092556,2
1099,1100,0.0013876614052975049,1,27.736705665172753,27.802931526799583,1
1107,1117,-0.03450645044147388,10,28.020546391942965,27.081677342918308,10
1118,1120,-0.00030850685697243285,2,27.190983167255574,27.20978554566791,2
1121,1126,0.0075719134690855954,5,27.32864186959911,27.562900622932943,5
1127,1135,-0.0021185166241931065,8,27.56598114541355,27.53514813724021,8
1137,1138,0.0014051243405850114,1,27.75108364170041,27.817828448444676,1
1140,1144,0.011102436304577513,4,27.86150408314277,28.19869616165873,4
1147,1152,0.00948418659045382,5,28.310767363527564,28.607582731085717,5
1153,1159,-0.01399444903826173,6,28.71068078085283,28.337601302592237,6
1160,1166,-0.012767225420979238,6,28.296336341246096,27.963366972930807,6
1170,1171,-0.0011472849482020752,1,27.72201013816569,27.717927103338432,1
1177,1179,-0.008648561167511865,2,27.106897841750563,26.899569075546438,2
1182,1183,0.0013495090200424157,1,26.631230534741587,26.69380085109779,1
1184,1185,-0.0017882269535054276,1,26.710596395650338,26.68954238362708,1
1186,1187,0.0005431506704994056,1,26.71042843032337,26.75164664586495,1
1196,1198,-0.0038214552509993477,2,26.94718863141779,26.871158344554008,2
1200,1204,0.005261587323961494,4,26.878558763864064,27.04686120670623,4
1206,1207,-0.0004722876421177204,1,26.945899756220378,26.960119440515992,1
1210,1212,0.005148568843021768,2,27.476662115089923,27.645604263681,2
1219,1220,-0.0033931260292797112,1,27.75125540788191,27.68484315622012,1
1221,1222,-0.0015484415205844174,1,27.978837706340006,27.963492950044156,1
1225,1226,-0.005678292700924705,1,27.89403419174668,27.763537735188088,1
1227,1231,0.0009802723691887225,4,27.595971731502647,27.650619271823455,4
1232,1234,-0.0016451262695168474,2,27.717729175034915,27.699847739812746,2
1238,1240,-0.005436473612629082,2,27.498592096721968,27.37659531850041,2
1241,1242,-0.0013691314601045875,1,27.481895257915102,27.471750825792107,1
1243,1244,-0.0011330362758017816,1,27.54937786130647,27.545712794675147,1
1245,1250,-0.028271509288732125,5,27.61747885732185,26.864308526133033,5
1253,1254,-0.0010661827873425652,1,26.5520085767979,26.550251290860743,1
1258,1259,0.001657578080254716,1,26.35761351687358,26.42766093280385,1
1263,1266,0.0016761888318881932,3,26.779591068066942,26.851258310605836,3
1267,1269,0.001402091550513785,2,27.037293257318087,27.102239311000254,2
1270,1271,-0.007801546301230543,1,27.12805788650894,26.943545144731388,1
1274,1275,-0.006391181297723155,1,26.774963308402796,26.63061462696731,1
1276,1277,-0.0033522437111828058,1,26.549299330606228,26.4868489082195,1
1278,1281,-0.0009988449443676056,3,26.50769414425533,26.50772476211675,3
1283,1284,-0.006069099216138662,1,26.225029133433416,26.092091858809916,1
1289,1295,-0.0073151482914706155,6,26.193412698158475,26.027997412709915,6
1296,1297,0.0011239613914338477,1,25.956485309661907,26.01161588231695,1
1302,1305,-0.022372415698551203,3,25.7386977807661,25.18859963225619,3
1307,1308,0.005510695666088163,1,25.393422826161117,25.55875167410255,1
1310,1313,0.01239409005754228,3,25.720032211244543,26.06452863896484,3
1316,1320,-0.03265203231612534,4,26.48150205298598,25.64330869422533,4
1322,1325,-0.010139882992252068,3,25.581577726462978,25.347765099285905,3
1326,1329,0.0012706364709351762,3,25.334301553419287,25.39182654249215,3
1333,1334,0.0027753853252875283,1,25.855134490553557,25.952747585892528,1
1335,1337,0.002747941500934129,2,25.99086555913485,26.08827780280913,2
1340,1345,0.003804454590099696,5,26.280876662659765,26.407141941173524,5
1346,1349,-0.005044143390944239,3,26.380295151926727,26.273609455636905,3
1352,1353,-0.009483843190448735,1,26.02444779973973,25.80366046548872,1
1354,1357,0.00029103167097427633,3,25.66725226044889,25.700389496024016,3
1360,1362,-0.001645441681476486,2,25.846301284359704,25.82961900419878,2
1367,1369,0.004377012400024714,2,26.0050008781771,26.14483009036171,2
1371,1373,0.012293110346290832,2,26.18955336470477,26.537693987501864,2
1380,1383,0.0019145411701433214,3,26.543508548494,26.620870696958637,3
1389,1393,0.016576230871877328,4,26.51071066839693,26.976669039682214,4
1394,1397,0.0029976704918292796,3,27.174081503989502,27.282714527760564,3
1398,1399,-0.0028343018618701204,1,27.3492802517287,27.299113416042147,1
1401,1407,-0.001282074057072143,6,27.317459312454208,27.30975376587704,6
1410,1411,-0.003420813096429605,1,27.190453434351248,27.12463042857951,1
1412,1413,-0.007794259462298049,1,27.09568762350676,26.911592491483276,1
1422,1426,0.018477751115074166,4,27.10090551168641,27.62877020423618,4
1427,1428,-2.6054002698217373e-05,1,27.81835114475608,27.84544471650505,1
1429,1435,0.003766087286781342,6,27.820717615797317,27.953313584335103,6
1438,1440,0.0024084373291867757,2,27.857083043360735,27.95203216508798,2
1441,1443,9.809831400974162e-05,2,27.96093970673545,27.991643567485543,2
1445,1447,-0.013707017527947053,2,28.02001848875163,27.663967622681664,2
1451,1453,0.004282678909405328,2,27.578253097996825,27.723940153995855,2
1459,1465,-0.01899259317154599,6,27.446337669182036,26.952506881451566,6
1471,1472,-0.0016214520152106596,1,27.024065346407287,27.007271186538578,1
1474,1476,-0.015453318272748644,2,26.967109611196108,26.57734539308939,2
1478,1480,0.003302326482922084,2,26.312983661047372,26.426190707496993,2
1482,1483,-0.009124747817657954,1,26.108566827957006,25.896441306599385,1
1484,1485,-0.0010640157553464557,1,25.91104752666781,25.909388811388574,1
1486,1488,-8.026378713944804e-05,2,25.98469707733887,26.00859614422111,2
1491,1492,-0.005764692507927838,1,25.927531011412494,25.80399429865335,1
1496,1497,-0.0016903051000999119,1,25.450800539492988,25.43323172207895,1
1500,1501,-0.0026846073452578105,1,25.679039927575275,25.635780828294113,1
1504,1506,-0.004943205039382483,2,25.703958303715943,25.602602325800653,2
1507,1508,0.00043373836251484553,1,25.695066295449887,25.731906297725036,1
1510,1511,-0.0036006283085520865,1,25.799472987291452,25.732378147494977,1
1513,1517,-0.0014871036619968111,4,25.683441765987247,25.670931267450353,4
1520,1521,-0.0006257459603638052,1,25.69401094269135,25.70362703008111,1
1523,1526,-0.0016551087626291462,3,25.87417719699363,25.857226796786062,3
1530,1533,-0.0062601270430648085,3,25.51342289135779,25.37921904564581,3
1535,1539,-0.0007787682565263006,4,25.356642258434793,25.362251952610265,4
1540,1541,-0.0003171209966489016,1,25.490485608681713,25.507892526089105,1
1542,1543,-0.002263861033669716,1,25.670331339615252,25.637887608113722,1
1545,1547,-0.0006986962900677487,2,25.733913664265092,25.74166738792321,2
1549,1550,-8.831428993772577e-05,1,25.663214286228452,25.686611071967473,1
1552,1553,0.0005683222688949864,1,25.8659973175218,25.906563537122047,1
1555,1557,-0.004936408128149358,2,25.8543250823966,25.752551906994437,2
1562,1568,0.01268271018491814,6,25.807400313603598,26.1605154927208,6
1570,1572,-0.00042982203198849676,2,26.30428022278048,26.31927834382791,2
1573,1574,0.001367234086133828,1,26.379644388098573,26.44209118147417,1
1575,1584,-0.01851640547684231,9,26.405635409674183,25.943103592964665,9
1591,1593,-0.002052475675567756,2,26.41298130959301,26.38518228924544,2
1596,1597,-0.006617485699844808,1,26.311921629031318,26.164114785544797,1
1600,1601,0.0006415198921607172,1,26.031698306611453,26.074429857208482,1
1602,1607,-0.011465718529926436,5,26.16004511328545,25.886261444399626,5
1609,1612,-0.01040652810233528,3,25.553837425674097,25.313464535806986,3
1623,1624,-0.004628600326180489,1,25.524865406585356,25.432245871645307,1
1632,1639,-0.04686329002589145,7,24.67927645718127,23.54740364339641,7
1641,1642,-0.008063134138344748,1,23.29118070728458,23.1266719737086,1
1649,1651,0.01609177933539002,2,23.51437056254551,23.916272995411127,2
1652,1657,0.02974333106077267,5,24.157285267864886,24.899960686384382,5
1658,1668,0.08996504250273336,10,25.04431987918887,27.322477501451335,10
1671,1674,-0.011580208556202787,3,27.032830417642003,26.74681743395889,3
1676,1677,-0.012004140707940113,1,26.441658988407802,26.150691252347993,1
1678,1682,0.018476155834846936,4,25.777604305492993,26.279652943995796,4
1685,1686,-0.007071114175160106,1,26.504518158486178,26.343606202588404,1
1687,1688,-0.0011803603842483455,1,26.55837412024452,26.55358404168318,1
1692,1693,0.0055555868028182975,1,27.33738792234114,27.516600541828364,1
1694,1696,0.008302492375305458,2,27.706667628013886,27.964408692368607,2
1697,1700,-0.013626738855315644,3,28.1268034646744,27.77165366249117,3
1701,1709,0.08144695686246961,8,27.7941997231319,30.08574690873182,8
1710,1711,0.004709863942253848,1,30.148122822471414,30.320264501902084,1
1715,1717,-0.015039290837694862,2,30.83461782010957,30.401721652663884,2
1719,1722,0.04885059438470837,3,30.531940302428023,32.05397567422249,3
1726,1728,-0.018002570426521994,2,32.43235075629028,31.880917428458794,2
1731,1733,-0.01634583551769444,2,31.735028534621243,31.248028006579606,2
1734,1736,-0.009638312182723496,2,31.153290264808817,30.884178417982397,2
1737,1738,0.004774726728126936,1,31.090617762269535,31.27015758365529,1
1740,1742,0.0062068578920787265,2,30.97731029486968,31.200559368043635,2
1747,1750,-0.006657478527461653,3,30.453161066953797,30.280872962124175,3
1760,1764,0.0009700022769973922,4,31.002563880908728,31.063639002346875,4
1771,1775,0.03805805989058772,4,32.54457127644329,33.815699090472116,4
1776,1777,-0.002277113537445999,1,33.5025360906165,33.4597495482364,1
1779,1780,-0.0052733673335087355,1,33.63967447518663,33.4959197891745,1
1785,1788,-0.014916191314896736,3,32.64182223549516,32.18757239239916,3
1789,1792,-0.006965984411707938,3,31.851814357306854,31.661786929366546,3
1797,1799,0.028146696334515765,2,34.07825656709086,35.071525162861576,2
1801,1806,-0.010097975289959926,5,35.024662579696134,34.706009065006874,5
1807,1810,-0.02350351003336742,3,34.45457994642369,33.67923096090389,3
1811,1813,-0.009212572028067686,2,33.403553259149795,33.12922417201563,2
1814,1815,0.006446368381112677,1,33.33197492538279,33.5801770895472,1
1822,1823,-0.01168590030864769,1,31.660654704009588,31.322332104136024,1
1827,1832,0.04317014871707839,5,29.938071049134326,31.260440099677048,5
1833,1836,6.762179571036123e-05,3,31.544648782093496,31.578326536671288,3
1838,1839,-0.014443614229687849,1,30.799690262065084,30.385631107788008,1
1856,1857,-0.005871401477115941,1,31.122415834722222,30.97080605225354,1
1858,1868,-0.018322352034458846,10,30.823922844754875,30.289980002155033,10
1869,1870,-0.00681215040412672,1,30.485655644315013,30.30846842854184,1
1871,1873,-0.014976082746170252,2,30.15150016782861,29.73010030656187,2
1874,1880,0.008230728086080243,6,29.697152275310426,29.971278612894736,6
1883,1890,0.02251133557521451,7,30.54312580859295,31.261235488994775,7
1892,1893,0.003326382850058653,1,31.684783908353676,31.821864414062592,1
1895,1896,-0.0022228068707690132,1,32.03262826992343,31.993458551986176,1
1897,1900,-0.008101346264926729,3,31.919804331400748,31.693130748134763,3
1904,1906,-0.0002447895730328402,2,31.833253606940556,31.857294411988807,2
1908,1909,-0.006208361282435713,1,31.909458458544396,31.743262470565423,1
1910,1911,-0.006123434111812784,1,31.602184434973715,31.44027272523177,1
1915,1917,0.0001586707321546341,2,31.442467376916554,31.478898843612914,2
1919,1924,0.045995900772287455,5,31.574688681267478,33.05856961744819,5
1925,1926,-0.010316759319677935,1,32.753047019012676,32.44789476295044,1
1928,1931,-0.0016505372923421293,3,32.56965486764032,32.548467092550204,3
1932,1938,-0.0209866196645424,6,32.503025242631075,31.853399639159587,6
1943,1947,-0.009848814003425365,4,31.553308455069025,31.27409909735741,4
1948,1949,-0.001090799511859328,1,31.37245580000328,31.36960719633081,1
1950,1953,-0.016397162279410696,3,31.178659500082787,30.698596620105523,3
1954,1955,-0.003835082764931059,1,30.783505249692823,30.696231464515254,1
1956,1958,0.009390891685294354,2,30.647898306080076,30.96635729776047,2
1959,1962,0.033101439592373036,3,31.267594039036766,32.33386400835782,3
1965,1968,0.0243232768844218,3,33.22983573006912,34.07132406108551,3
1969,1972,-0.008329045210853002,3,34.41967590354999,34.16741254270996,3
1976,1977,-0.0025052137112731975,1,33.816337478407085,33.765436663569545,1
1979,1980,-0.002532685382079791,1,33.777031162636476,33.72526160072345,1
1984,1987,0.0005393825865473666,3,33.25515611806105,33.30634852630211,3
1990,1992,-0.0010715127290856963,2,33.31832791488993,33.31594523033216,2
672,674,0.0020854976512343732,2,27.01238535923275,27.0957320108129,2
675,678,-0.01199315718241727,3,27.04607333044399,26.748751595155234,3
679,680,-0.005679702710505522,1,26.624590246656183,26.499995079512807,1
681,682,-0.0055960807851688395,1,26.329951533561818,26.208936949243988,1
683,684,-0.003521924797063506,1,26.251020566803994,26.184817467088347,1
685,689,0.004909337152571792,4,26.172612467492492,26.32727525872651,4
690,691,0.0018301314291443117,1,26.424553613956483,26.49933857364045,1
692,695,0.008214546420048187,3,26.590280220120295,26.835297591530683,3
696,698,0.005507394286181734,2,26.98693632313774,27.162550958368477,2
704,706,0.005822721761645085,2,27.375898280619527,27.562676417563292,2
707,712,-0.017986823134278816,5,27.732873277671015,27.26177986429785,5
713,721,-0.0242440719234843,8,27.322091577273362,26.687014915551195,8
722,724,-0.012715328198124883,2,26.865845983127194,26.551103780114584,2
725,726,-0.007836799470817994,1,26.504006918323654,26.322804337849902,1
727,729,-0.010503263065250745,2,26.360213373290897,26.109705331148373,2
730,733,-0.004083315896849191,3,26.019226861822478,25.939001366015695,3
734,735,0.002257132528190997,1,26.147124537332918,26.232289187182126,1
737,739,-0.004834663840016722,2,26.603166100942357,26.501151901865114,2
741,744,-0.003679989616106864,3,26.295302791941946,26.224831653507156,3
745,757,-0.00031287163250957515,12,26.32496126732798,26.343049894987846,12
758,759,0.0014334990054317579,1,26.401745956553903,26.46599457908084,1
760,768,0.013465671039004132,8,26.552260812108763,26.93635708235857,8
769,770,-0.001355737351110617,1,27.006303073611306,26.99669592289261,1
771,774,0.0030229036254315013,3,27.087438645729485,27.196408800861043,3
777,781,0.016703726316126415,4,27.25009966553527,27.732527972101074,4
782,786,0.01702825922111389,4,27.74775679804932,28.248000550408978,4
787,793,-0.022600130844841942,6,28.30203884054997,27.69071109841829,6
794,797,0.00424527196726592,3,27.68154935376593,27.826746608601727,3
798,799,0.0026621375631835247,1,27.95962788287315,28.062019886395653,1
802,806,0.01445103622193045,4,28.135518586756127,28.570241503562894,4
808,811,0.0011164826748121994,3,28.548209186201987,28.608630976341498,3
812,816,-0.0062219331463606265,4,28.68172658373572,28.531952524993258,4
817,819,-0.0004649138039968237,2,28.455099486853786,28.4703254177951,2
820,821,-0.0017778446030839558,1,28.509585511000946,28.487409483775053,1
824,829,-0.013341714823600716,5,28.622905733646807,28.269649993659332,5
832,834,0.0018889017072702564,2,27.963009632676567,28.04379201894482,2
836,841,0.010306872016726757,5,28.39316393439662,28.714201805152783,5
842,843,-0.0022758068475175076,1,28.715305214065836,28.678670031045176,1
844,846,-0.004007673862041533,2,28.68358861458894,28.597317734843287,2
847,852,-0.01766627509337967,5,28.61400777845206,28.13711885329227,5
853,854,-0.003192496579077275,1,28.129645502404422,28.067971350869744,1
856,858,-0.005526486618503947,2,28.107535083023965,27.980306701591527,2
859,860,-0.006386579495047965,1,27.934582688708243,27.784110838394525,1
864,868,-0.012305748858674557,4,27.958355944940934,27.642265794126,4
872,873,-0.004449185260420891,1,27.91687056038585,27.82058010193189,1
875,877,-0.0066471553069108865,2,27.76924405611517,27.612426822174776,2
881,889,-0.0023544310154770785,8,27.229915363484867,27.193034321567747,8
890,894,-0.005418602392127865,4,27.0912434034522,26.971537970543988,4
896,899,-0.0034807532425449794,3,27.35396446067006,27.286106024637792,3
900,906,0.00892344887665028,6,27.331242799723142,27.60246299038151,6
909,916,-0.012987911115214117,7,27.808543388605525,27.475177042219347,7
917,919,-0.0035857703498578335,2,27.37633568040157,27.305546763311433,2
920,921,-0.0012831702968403114,1,27.311474655603213,27.30374085721784,1
926,929,0.004882797830468766,3,27.07354935020022,27.232817567580668,3
930,931,-0.0034807218016011383,1,27.334647383768036,27.266837728064043,1
937,943,-0.019406301096459255,6,27.232119854326946,26.730877256793338,6
944,947,-0.01638102885003039,3,26.709968312551904,26.299141519353146,3
949,952,-0.00325931054374625,3,26.688619615774318,26.628321736078366,3
954,955,-0.0013183245517420174,1,26.63985963173944,26.631379510363697,1
956,957,-0.0015157461779618433,1,26.75410587204865,26.740307544200355,1
959,960,0.0004635620409129831,1,26.796946845246577,26.836165839461643,1
964,965,-0.0034361224829450583,1,26.54405165658508,26.479387095556017,1
966,968,0.0009360654772154634,2,26.37849868513545,26.429569185780515,2
971,972,-0.00454761117149334,1,26.276251654580683,26.183033730665922,1
973,977,-0.004730251952139714,4,26.18599991403369,26.088319536735636,4
981,982,-0.0015026692859102634,1,26.109943198818122,26.096818532315215,1
983,984,-0.00629311427247283,1,25.938229716241562,25.800935702327845,1
986,988,0.002766500724106852,2,25.885421237786865,25.9829186956228,2
989,990,0.0015109439032301472,1,26.142936190836586,26.208579637077502,1
993,994,0.00010132765588775124,1,26.314928237621686,26.34390959585248,1
996,997,-0.0014872328214901778,1,26.279282291032843,26.266478162175446,1
1004,1005,-0.0005551066112421559,1,26.01234258511229,26.02391530435451,1
1009,1010,6.273672728575406e-05,1,26.045762022111344,26.073441810002386,1
1011,1013,0.004219023638272699,2,26.327437511058594,26.464841029763956,2
1024,1025,0.000541203518203941,1,27.714323144405267,27.757036556740065,1
1027,1036,0.025212970058839622,9,27.586812617931493,28.30994491110415,9
1041,1042,-0.000849621515917847,1,28.463872598633582,28.468152952646072,1
1043,1049,-0.017044129652036083,6,28.460766389631246,28.00413816367969,6
1050,1054,-0.0035130596946172676,4,27.927530412221298,27.857346861172147,4
1056,1057,0.003602857406925595,1,28.101155367249838,28.23050097837515,1
1059,1061,0.021869682075030285,2,28.435215769307895,29.085520113686854,2
1063,1064,-0.004755197725944241,1,29.5757873837321,29.464724454205697,1
1065,1067,-0.004801626007165773,2,29.41127892161694,29.299468238764515,2
1069,1072,-0.02116925088617386,3,29.3596810075645,28.767518235384898,3
1073,1074,-0.005238745103483941,1,28.774870205967208,28.652900865778278,1
1078,1079,0.0029369684823639325,1,28.94416202469062,29.05811427833026,1
1081,1082,-0.003429108061329546,1,29.230703022211426,29.159698485861842,1
1086,1088,-0.006915993889670093,2,28.60549972437403,28.436269762793675,2
1089,1097,-0.019426589913466557,8,28.464875539323575,27.940364950822595,8
1099,1101,-0.00018222747476006175,2,27.755843700523783,27.778541666916926,2
1102,1103,0.0005361945405747866,1,27.881099191404108,27.923929983767167,1
1105,1106,-0.0008607922422485175,1,27.95571727095021,27.959608923667833,1
1109,1110,-0.0015320449270324877,1,28.224249598998394,28.20923303017995,1
1119,1120,-0.001641614014375807,1,27.205610090781082,27.188154590077193,1
1122,1123,-0.0007065631610079616,1,27.438796648537664,27.446848202291957,1
1124,1125,-0.002584590938890228,1,27.578329644002935,27.53462927273932,1
1129,1130,-0.00228089473338783,1,27.628347014283662,27.592958010100855,1
1131,1134,-0.004539126016932784,3,27.60437528149327,27.50667991875336,3
1136,1140,0.01033833570500442,4,27.566782571124183,27.879344006222453,4
1141,1146,0.010107846704204577,5,27.92428779477219,28.23446650292061,5
1147,1150,0.007146328794978326,3,28.303007663729673,28.533573270045206,3
1151,1157,0.00050381912303854,6,28.514033139900874,28.556913088211612,6
1160,1162,-0.006107236755597476,2,28.354837273875454,28.21002240675133,2
1163,1167,-0.009774710659887005,4,28.15628447039552,27.90922122091033,4
1169,1173,-0.008284174220295497,4,27.83711820685407,27.634347788044384,4
1175,1179,-0.013229172825994825,4,27.23407866267086,26.90102840794832,4
1181,1182,-0.00201589561555042,1,26.71412941664788,26.68699064970026,1
1185,1186,-0.0024668639706851955,1,26.699103291527916,26.65993933885997,1
1187,1188,-0.0017522791391848917,1,26.796544194901426,26.776385713701355,1
1190,1192,0.003758026777977418,2,26.94726159270598,27.07547738495724,2
1197,1198,-0.0023500209581580243,1,26.893015360817557,26.856709226452388,1
1205,1210,0.01207589756462818,5,27.058045356928762,27.411853586315026,5
1212,1215,-0.005022793456294847,3,27.696160047835505,27.584744116430578,3
1217,1219,0.005631954894812469,2,27.50592514003619,27.688343194905,2
1223,1226,-0.01232154627173752,3,28.05246451933351,27.7348672442416,3
1227,1231,-0.0004969044984732559,4,27.658094649400287,27.6720093123992,4
1232,1234,-0.0005417665923144195,2,27.718133970149275,27.7308353451331,2
1236,1238,-0.007037714289960596,2,27.666506383352438,27.499463922408385,2
1239,1240,-0.003097452831664366,1,27.47011121639188,27.412493953834925,1
1241,1243,0.003127866516607682,2,27.48963599512344,27.603109543101443,2
1245,1247,-0.009345919380602762,2,27.595354026674634,27.365045426688816,2
1251,1253,-0.00956494175040994,2,26.765506115429414,26.53626111463052,2
1255,1257,-0.013087711540327913,2,26.650215213333926,26.328075099347487,2
1258,1260,0.0006755083422791144,2,26.363308143498628,26.407480086223135,2
1262,1263,0.001337035802738082,1,26.686843316081045,26.74921142437279,1
1267,1271,-0.0017170318521662988,4,26.969469582210696,26.95013161348422,4
1276,1279,-0.006034972953928511,3,26.575394655438252,26.441588262108144,3
1286,1289,0.0024256513475572655,3,26.008190560241225,26.09728555328144,3
1290,1292,0.0006128113299805234,2,26.137346321981642,26.17950093026536,2
1297,1301,-0.009715150180235926,4,26.0370017434512,25.810085363013958,4
1309,1313,0.017963072315551352,4,25.619680553619208,26.105508408658814,4
1315,1323,-0.03470476530452247,8,26.422599977170133,25.532032446204333,8
1324,1329,-0.007199051159893562,5,25.53460499021515,25.376314667533133,5
1330,1332,0.009420581754977942,2,25.544731816223326,25.810922782523267,2
1333,1334,-0.0012014741813213671,1,25.91498561753221,25.909764417020963,1
1335,1337,0.004147408190355792,2,25.986531694056715,26.120294980137643,2
1338,1339,-0.0023900818221355624,1,26.267901543515723,26.231387011074435,1
1340,1349,-0.00071962453189292,9,26.253334586360197,26.26069537733422,9
1350,1351,-0.007032555734146987,1,26.292195939839736,26.13358680245954,1
1353,1355,-0.012437397908106537,2,25.83935040074941,25.543815468529047,2
1361,1364,-0.003342019739681943,3,25.86945571777527,25.808868941829413,3
1366,1368,0.002458433352962398,2,25.899097054548072,25.98866735561313,2
1378,1382,-0.0013840745457666217,4,26.621299570449615,26.611075006909378,4
1383,1387,-0.008732847947167562,4,26.683851698154566,26.477509530327968,4
1390,1392,0.006589671210669855,2,26.619879016023443,26.82191514542287,2
1393,1398,0.010689767214958654,5,27.009677086929127,27.32541392462653,5
1403,1405,-0.0032285821392901144,2,27.519211817625614,27.457882993681512,2
1409,1410,-0.004260052995746992,1,27.298294857802198,27.209300969872235,1
1412,1414,-0.0059110246410266735,2,27.08533848387083,26.952321719165994,2
1415,1417,-0.001870187992842988,2,27.1114197583447,27.08782772640206,2
1419,1421,-0.006508080243378604,2,27.039854099519957,26.89091641337055,2
1424,1425,0.0005162616690715853,1,27.3442614713664,27.385722526904505,1
1428,1429,-0.00019947485927199996,1,27.824167289594357,27.8464412350295,1
1431,1446,-0.006828200218414908,15,27.93631640625085,27.77349796087023,15
1450,1454,0.008688402840103724,4,27.562457828132803,27.829494022835124,4
1455,1456,-0.0011231721537463342,1,27.91393534119343,27.91049712165792,1
1457,1460,-0.015052263807331462,3,27.827607247825792,27.436566369652535,3
1462,1464,-0.009838281662952027,2,27.27167545981121,27.03064071067678,2
1470,1471,-0.0036565845624022273,1,27.051655531047384,26.97979052057618,1
1472,1479,-0.027874463621569593,7,27.047771913102814,26.32087755077962,7
1480,1481,-0.005398341754750769,1,26.431155451473224,26.3149021968247,1
1484,1485,0.001007362012481534,1,25.916261866013016,25.968285185588375,1
1486,1489,0.0025057936883777984,3,25.9784268829108,26.069501887910892,3
1490,1491,-0.008038101901182218,1,26.02409121742222,25.840931011548342,1
1492,1499,-0.009919457361312452,7,25.817531833567344,25.587253459203513,7
1501,1502,0.0005675726081371061,1,25.65900460571587,25.699226958487856,1
1507,1512,-0.00022356767733077093,5,25.661177880542862,25.68110204848708,5
1515,1516,-0.002971565968315504,1,25.856007114990266,25.805030291285828,1
1517,1520,5.916314506941383e-05,3,25.70073061378162,25.727951880449094,3
1521,1522,-0.0008012255963238833,1,25.79446709380991,25.799594373624625,1
1523,1524,-0.003670096848807246,1,25.919308873328198,25.850101808382263,1
1527,1529,-0.011691615199495298,2,25.835197493728746,25.558977503522833,2
1533,1535,-0.0061263436319913545,2,25.423574954165737,25.293244972596995,2
1536,1537,-0.003059177824269473,1,25.289630238306124,25.23755439253543,1
1539,1540,-0.0001762531377710137,1,25.412326983393193,25.4332603080077,1
1541,1543,0.003614070485849381,2,25.598593698531285,25.71670741419493,2
1549,1550,-0.0023069465595004727,1,25.721087708327207,25.6874716212402,1
1552,1553,0.0016449622285066904,1,25.875601458346072,25.94404144684329,1
1554,1555,-0.003003395440454931,1,25.891358353600406,25.83948772432762,1
1563,1564,0.00022082170103078958,1,25.805680179273637,25.837184313646354,1
1567,1569,0.0003453997943606002,2,26.150134553392054,26.18531693904269,2
1571,1572,-6.293053339327182e-05,1,26.363261680153656,26.38796588771429,1
1573,1574,0.0007168962498215602,1,26.37099580940741,26.416272073216643,1
1576,1577,-0.0009625709277820508,1,26.4910686122223,26.492060148342517,1
1580,1582,-0.0139949382573147,2,26.256102672095835,25.914906238994234,2
1584,1586,0.0007645926583063011,2,25.934164080532874,25.979927316068693,2
1589,1596,0.0038193486405145496,7,26.144527490210116,26.270527083226956,7
1598,1601,-0.0017243946729122695,3,26.058704340883267,26.039827554275735,3
1602,1610,-0.026894368553102944,8,26.132166523346257,25.45549057229967,8
1611,1614,-0.003736425748247402,3,25.367254357417135,25.297838749431158,3
1616,1617,0.0031430108185161185,1,25.430516638004608,25.535875543556315,1
1620,1622,-0.0026404415758304067,2,25.566344361646543,25.5244042674137,2
1623,1624,-0.00508522836839561,1,25.5354830647377,25.43116478492095,1
1625,1631,-0.024341021671138413,6,25.38755285910092,24.794981437639475,6
1633,1637,-0.029285557531184763,4,24.418686926735443,23.72799075283328,4
1646,1647,0.013805463973248278,1,21.945947352050336,22.27086728492992,1
1650,1652,0.011515364535064965,2,23.82728267066512,24.12548979916853,2
1656,1659,0.03383257337198058,3,24.640326104004007,25.498612070931255,3
1660,1663,0.04265286347844426,3,26.01105602573172,27.14651310335315,3
1664,1668,0.0028405116200794804,4,27.155795283544617,27.26008743088357,4
1669,1670,-0.004874667857274414,1,26.784181926653638,26.680402117859042,1
1671,1674,-0.009356048414507014,3,26.98854144192988,26.763023883004184,3
1675,1677,-0.019490899629017285,2,26.637471297622927,26.144920489487752,2
1680,1690,0.037950128997038944,10,25.941659221648898,26.952090194729347,10
1701,1702,-0.007392771621263269,1,27.800469337842664,27.622747286401903,1
1703,1704,0.002865718471415985,1,27.684860773203507,27.79188265087306,1
1706,1709,0.03872760597281132,3,28.941577094634624,30.09135666568201,3
1711,1714,0.009332586718337497,3,30.313745017279455,30.626964416428066,3
1718,1719,0.00379974134824302,1,30.31869909990904,30.46422101360381,1
1720,1721,0.015628359070340762,1,30.81475815496713,31.327157018233635,1
1723,1724,-0.0059302245713983934,1,32.38529982549106,32.22563302453932,1
1725,1735,-0.04376939701712936,10,32.386699781600534,31.001540160566684,10
1737,1738,0.0049731589390898225,1,31.099897722835603,31.285662354923538,1
1739,1740,-0.005875469642744213,1,31.1847137329932,31.032673607870322,1
1741,1742,0.005684196912370045,1,30.947854115613165,31.154715666537225,1
1745,1749,-0.020639635334934382,4,30.884451962959062,30.277892588887248,4
1756,1757,-0.004218655734881541,1,30.45438034010108,30.35635817416715,1
1759,1760,0.00638715409383649,1,30.73381816514319,30.960853615821055,1
1763,1764,-0.009103897537888171,1,31.34414279001656,31.090133068433328,1
1768,1773,0.11461685323936857,5,30.37343906185704,33.88512050824667,5
1774,1776,-0.01916565725639113,2,34.14416126562947,33.5239101347711,2
1777,1778,0.004549164225084927,1,33.43885742350457,33.6244151348468,1
1779,1780,-0.007457142565882767,1,33.66994712225203,33.45253547349792,1
1781,1782,0.013991933599293623,1,33.56394030070068,34.06712866501944,1
1787,1789,-0.0009375828319313969,2,31.88429585977132,31.88628598722475,2
1792,1793,0.02365063496773851,1,31.72838917452377,32.5105141141793,1
1796,1797,0.02467042247892362,1,33.17614281119566,34.02778841338016,1
1800,1801,-0.005638659920395623,1,35.130967331583356,34.96800672145761,1
1802,1804,0.009404507127011054,2,34.978703856965545,35.34264003053895,2
1805,1807,-0.015400025401169987,2,34.88387034994519,34.38154173081486,2
1810,1812,-0.01634769064156155,2,33.70777710759385,33.19044057233179,2
1822,1826,-0.058858652343169074,4,31.639584028655953,29.808960336059464,4
1830,1832,0.021130283110128295,2,30.575386712390983,31.25202867653785,2
1834,1836,-0.01183269730151108,2,31.90444676889958,31.558835554479916,2
1837,1839,-0.02630613587372182,2,31.234926006958652,30.44449072542091,2
1845,1848,0.0047980943837723534,3,29.954348295175276,30.128026433795092,3
1851,1853,-0.011859538048898114,2,30.502613647530644,30.171369354034447,2
1859,1862,0.0024462254768119565,3,30.688117376984803,30.793875548924763,3
1864,1871,-0.023135913233088504,7,30.797338324956417,30.11561111598511,7
1872,1873,-0.006331816489499956,1,29.899563569467897,29.740144583399356,1
1874,1875,-0.008231465846113784,1,29.723090481080288,29.508148967425406,1
1877,1879,0.0018541044926276462,2,29.68343495232675,29.768154577380805,2
1881,1884,-7.600934334152658e-05,3,30.349323560914254,30.377366052320443,3
1886,1887,0.006088491407293274,1,30.3958244780367,30.61128501866686,1
1891,1899,0.011244726117002824,8,31.27971667677087,31.662728240495376,8
1903,1905,-0.001711988707027992,2,31.938346520346215,31.915606778302582,2
1906,1908,7.222595159071484e-05,2,31.875373670311628,31.909551273177588,2
1919,1922,0.049496877967330107,3,31.520769928729447,33.112470401256786,3
1925,1926,-0.007996196697449456,1,32.77464075078394,32.54534291740321,1
1927,1929,0.0007123546824501197,2,32.53217829201927,32.58788491984791,2
1930,1931,-0.0064864647134370654,1,32.705704506103835,32.526265812403,1
1935,1937,-0.01500690491564935,2,32.48407356424168,32.02907223455439,2
1940,1942,-0.0018646078756727013,2,31.600889264597825,31.573566886861393,2
1943,1944,-0.0024487232419115193,1,31.51515728732958,31.469500546494928,1
1945,1949,-0.00512654908642986,4,31.419485548360136,31.289831498974454,4
1954,1955,-0.00519023513217106,1,30.765193310088577,30.63627991623261,1
1957,1960,0.02892307775357305,3,30.764861614367597,31.685440960532233,3
1961,1962,0.006702247219312531,1,32.059644797960246,32.30657610795748,1
1966,1967,0.00812398679133199,1,33.457801268987694,33.76306980583295,1
1973,1975,-0.01377092128921958,2,34.314008742127136,33.87578723736384,2
1976,1979,6.751441106260829e-06,3,33.84472316517112,33.878796388991496,3
1985,1986,0.0009269970053588535,1,33.12814143756494,33.191979266908234,1
1988,1989,-0.0007229313381778617,1,33.494195627486405,33.50347581944772,1
1991,1992,-0.002500467999052408,1,33.35662160696342,33.30657106368567,1
1993,1997,0.01305993466912049,4,33.39775511239142,33.86732536736693,4
1998,1999,-0.017656264741319483,1,33.76133307484879,33.198995373134245,1
674,678,-0.015934567855051453,4,27.13264511744735,26.7274307878538,4
681,682,-0.005613822071798235,1,26.365911167967973,26.24426354507813,1
684,686,-0.004188974905008287,2,26.19164407555477,26.108119579876917,2
687,706,0.05403534865480823,19,26.1043193330706,27.54097964896259,19
708,711,-0.014421855743911943,3,27.767502784725203,27.394811367979948,3
713,716,-0.01088122052886871,3,27.322003587036516,27.052028844302466,3
723,732,-0.035228488302622506,9,26.857287847010827,25.93800348409925,9
734,749,0.006562137532574181,15,26.14767994925101,26.34541230118498,15
751,765,0.022823654255984895,14,26.31832907642001,26.945327848931875,14
766,767,-0.0019940662799259904,1,26.94230004482815,26.91551761284994,1
769,771,0.005388801720767518,2,26.934332078691714,27.106410185823783,2
773,778,0.006372042386386566,5,27.25398242590692,27.45489993954854,5
780,781,-0.002603122932242839,1,27.785762576665448,27.74121858348894,1
782,791,0.0010539610227002431,9,27.774956536075976,27.83200521420827,9
792,793,-0.004336358362379129,1,27.752558448664804,27.659965968207185,1
794,795,-0.005429771073018864,1,27.732759843123908,27.60991006579586,1
796,806,0.030096775810770585,10,27.716256918562408,28.578143146272662,10
810,811,-0.0030971402767909734,1,28.63385701303141,28.573807798209508,1
814,815,-5.9732155436387885e-05,1,28.515813908706868,28.542626411586784,1
816,817,-0.0048983455571771795,1,28.546373984239718,28.43509035404474,1
819,827,-0.0003543189458244814,8,28.466871541072805,28.485252060698524,8
835,838,0.010979569478690686,3,28.215011163049486,28.55301484961927,3
843,844,-0.002795204039497846,1,28.71516389889377,28.663614320667634,1
846,850,-0.011947562727213337,4,28.603912440515362,28.290769314829102,4
851,852,-0.0052631269706031256,1,28.227988464288245,28.107648965340264,1
861,863,-0.002888364507495523,2,27.8166856759216,27.76415763397503,2
867,868,-0.004576665818224586,1,27.691476826701894,27.59243366807967,1
869,871,0.009846516030321162,2,27.607071490975322,27.90651203445241,2
873,877,-0.009635988778586721,4,27.893061171359253,27.652177008082962,4
878,880,-0.01104143736498939,2,27.540559285860844,27.264012484795096,2
883,884,-0.002754799066669594,1,27.154705064025503,27.107054012923463,1
885,888,0.0032025186437626228,3,27.144473080139573,27.258548234333972,3
889,892,-0.009007118398706625,3,27.246866267079042,27.028697382884815,3
895,896,0.005748292275748919,1,27.08327215163399,27.26603798789687,1
897,898,-0.005472860929861761,1,27.428153453022944,27.305471137064664,1
900,901,-0.0020162609405572052,1,27.343961848570345,27.316173248183556,1
903,906,0.0022925296753599023,3,27.49289114613649,27.583412306096584,3
907,908,-0.002353974435518411,1,27.706082621385317,27.6685692938076,1
911,913,-0.001373695925508692,2,27.88300200939961,27.872582245157748,2
918,919,-0.0001348411643527246,1,27.30785583445411,27.33148146721187,1
921,924,-0.007386379980811767,3,27.29470374086215,27.12038939130932,3
928,929,-0.0011754569842395432,1,27.193477775847075,27.18870649024554,1
934,935,-0.0015143269810835055,1,27.338321909127224,27.324261072551813,1
938,944,-0.0210283934738035,6,27.1923812715845,26.647761559987522,6
948,950,0.009173926215924059,2,26.46716575814688,26.736440749714898,2
951,953,-0.0032672640402494077,2,26.680833981504986,26.620341486054855,2
954,957,0.002531892864733036,3,26.61807042420351,26.712082597207715,3
958,960,-0.0006067977684714632,2,26.767471167531312,26.77799619692676,2
961,962,-0.0042054644539292925,1,26.769143429451354,26.683335891726113,1
965,966,-0.003198417201494682,1,26.477337970012893,26.41912973476983,1
968,969,-0.002838769115980692,1,26.482633454043395,26.433938005538263,1
973,977,-0.0031618800331664567,4,26.197382015374167,26.140746418273896,4
982,984,-0.013339787303092588,2,26.051854319455142,25.73037997830191,2
988,989,0.003686309141309089,1,26.013875592793386,26.13578465578477,1
994,996,-0.004208335278361365,2,26.361269315312743,26.27669352498604,2
997,999,-0.0051452861648882044,2,26.311792012509766,26.202722105106893,2
1000,1001,-0.0038111321980888613,1,26.136367677259106,26.062894892540474,1
1003,1004,-0.0034447751308512306,1,26.01443525645403,25.95083581209591,1
1006,1007,-0.003298104184534702,1,26.113287845210223,26.053276789141186,1
1012,1022,0.0486986514922974,10,26.331540000694208,27.640182030444198,10
1025,1026,-0.006958700455297409,1,27.751741724788133,27.58637740873734,1
1028,1029,-0.0004000735988740888,1,27.644084624413605,27.66066904061475,1
1031,1032,0.0025038403493102246,1,27.809140762085264,27.906579551567106,1
1033,1035,0.0032790758082780072,2,28.120948379523977,28.241280049440633,2
1036,1042,0.006113343286262925,6,28.308365176735496,28.509732296110506,6
1050,1054,-0.004068522580503383,4,27.91107726955514,27.825431498707335,4
1055,1056,0.00398786242593586,1,27.95982490886733,28.099284668966014,1
1059,1062,0.032440048946156874,3,28.38854976049582,29.33786425399721,3
1069,1075,-0.023547933888788928,6,29.28926201415068,28.628849670604193,6
1076,1088,-0.008989498240651254,12,28.69816206325156,28.468878147937286,12
1090,1094,-0.016614090215295703,4,28.49066761302232,28.045811758618587,4
1096,1099,-0.009127547675602553,3,28.009493471954123,27.781844978391337,3
1103,1112,0.0024586093458458295,9,27.951398133197735,28.04807110001067,9
1113,1116,-0.031125805824546913,3,27.934487016129054,27.092938084472824,3
1117,1120,0.0016370809869283502,3,27.087746530521397,27.15917911187577,3
1124,1126,-0.004514805629432594,2,27.56087066891568,27.46399956553651,2
1128,1130,-0.003420738290873585,2,27.66447620058053,27.597507743744824,2
1131,1146,0.019936496326792216,15,27.66457882100387,28.243778173872073,15
1147,1148,0.0038064145683850466,1,28.299518831455455,28.43553805104525,1
1149,1150,-0.0016773820229232504,1,28.50020070548369,28.48089518187609,1
1151,1153,0.0017915984732300634,2,28.587324710679066,28.66712904269513,2
1155,1159,-0.011629581792437414,4,28.650413608964158,28.34587169412051,4
1163,1169,-0.015289626564958747,6,28.15836349600508,27.7559909969668,6
1172,1173,-0.00292490592377842,1,27.67891700484686,27.625637693540458,1
1176,1177,-0.00457355589928873,1,27.1506730087533,27.053648561053212,1
1180,1187,-0.005762382521992893,7,26.871030348313088,26.74306022303434,7
1189,1190,0.0026648801051735826,1,26.855098616140282,26.95351933278105,1
1191,1192,-0.0011375496048156993,1,27.064428020019804,27.060705318641087,1
1195,1196,-0.006847521080286007,1,27.055278790339145,26.89707247727962,1
1206,1213,0.02836217757267833,7,26.898341934667013,27.688135826963325,7
1214,1215,-0.0037355953162937303,1,27.557802887629006,27.482415891122262,1
1218,1220,0.00234627656723604,2,27.655906389456884,27.748450700953597,2
1223,1224,-0.0007198302858635346,1,27.99387371068257,28.001716746277665,1
1226,1228,-0.0076567903814662285,2,27.78137399770847,27.59643921449661,2
1231,1236,-0.0025446689361162777,5,27.649898338413085,27.607188399362965,5
1237,1238,-0.0055106217504031895,1,27.627422731576306,27.502805877695675,1
1240,1241,0.0016479532916227621,1,27.413474191710506,27.48606379093126,1
1242,1245,0.003631917730922504,3,27.473292500356898,27.60054653101612,3
1246,1247,-0.008744850840524373,1,27.549894486911075,27.336524663437764,1
1249,1251,-0.008475577883535012,2,26.935892258134896,26.7345308976967,2
1260,1264,0.012621114481412513,4,26.466909116983754,26.82741791603533,4
1267,1268,-0.0014626774905162987,1,26.992568914789807,26.980080060741724,1
1273,1274,-0.007452853148570063,1,26.889429806803637,26.71591626501155,1
1275,1277,-0.004493394074158006,2,26.62560879998536,26.532595055982643,2
1280,1284,-0.018211556055875947,4,26.55934419811711,26.102216556643913,4
1286,1289,0.0021350635075653938,3,26.035593839134275,26.11721707927714,3
1292,1295,-0.005192282314565782,3,26.131634286079276,26.022083097811045,3
1297,1301,-0.006265434585021258,4,26.012418658586753,25.87545196974178,4
1303,1304,-0.015360054288155942,1,25.47725568520025,25.111400910447546,1
1306,1309,0.01239368620304062,3,25.283322729173445,25.6219596199782,3
1315,1319,-0.022760062676550022,4,26.39960987900242,25.825152713398857,4
1322,1323,-0.005067511140976846,1,25.63493622093328,25.530665832256403,1
1324,1327,-0.005412183156076129,3,25.4832829765131,25.370846064602606,3
1328,1329,-0.003929065522779803,1,25.39119827965682,25.31682579619381,1
1330,1331,0.0039298730500587605,1,25.546571220032362,25.672512573011407,1
1332,1333,0.0018914293847447044,1,25.856041706547135,25.93080262531063,1
1334,1336,0.0016929788150899443,2,25.995717843861552,26.065723761298127,2
1339,1343,0.00699367858429454,4,26.205575607127393,26.4150545556472,4
1344,1347,-0.002260752290256588,3,26.418153971657777,26.384847223533658,3
1349,1351,-0.005149776094305607,2,26.277656401247153,26.16861001089888,2
1354,1355,-0.002340606090239585,1,25.662135082312222,25.627732267732323,1
1356,1357,-0.0010560772140937966,1,25.663076264084314,25.661637150262347,1
1362,1363,-0.004330351551397117,1,25.917497801337092,25.831183422326077,1
1365,1366,4.739750027579889e-05,1,25.82534135446331,25.852390752441742,1
1367,1369,0.0024606892289947705,2,25.976610609281757,26.06650758582309,2
1372,1373,0.00665613408110995,1,26.346103393528498,26.547812693624138,1
1377,1380,-0.007464384576223167,3,26.686507240915404,26.513995395113962,3
1381,1386,-0.002376099351968258,5,26.579117767484004,26.54254226074828,5
1388,1391,0.008483104249748352,3,26.46336283909353,26.71431766769557,3
1394,1395,0.002894499731827559,1,27.120739680663732,27.226361394077042,1
1397,1399,0.003974832079826686,2,27.255898101468606,27.39149161770828,2
1400,1401,-0.001848370299975892,1,27.35923478972082,27.336024027495153,1
1402,1403,-0.0016292723159739217,1,27.453168357509764,27.43589283867661,1
1408,1409,-0.0028825415671084867,1,27.272025023786245,27.220684303059745,1
1411,1417,-0.0032089146009986825,6,27.148824954931452,27.088855519088547,6
1421,1423,0.009327750263126076,2,26.946138265129424,27.224431251687346,2
1428,1433,0.0006849183467886552,5,27.89056098599141,27.937554303898935,5
1437,1438,-0.0005978228806946039,1,27.832913644156925,27.844107405188208,1
1439,1440,0.0034126545627963644,1,27.842136398968556,27.964994129187463,1
1447,1449,-0.0033888072804645684,2,27.62838452957562,27.562385643463895,2
1450,1451,-0.003292042989465741,1,27.58058964252237,27.517373745386895,1
1454,1455,0.00014276768246156862,1,27.857499691706774,27.88933434206864,1
1456,1457,-0.0029859223253632886,1,27.930638923405827,27.875170844006174,1
1458,1460,-0.00470401750882077,2,27.56338324014338,27.461287986019553,2
1461,1464,-0.015013214996046707,3,27.436499476573058,27.052025910668917,3
1470,1471,-0.0022803437422163194,1,27.032394704045867,26.99778394664942,1
1472,1476,-0.017994439808866537,4,27.047310244542377,26.587656358599762,4
1477,1478,-0.0066482650511120785,1,26.454746377786524,26.30532295838484,1
1480,1486,-0.015875301506774762,6,26.372206354512592,25.979911833590336,6
1487,1488,-0.003038366269175941,1,26.053813832828098,26.00070661752787,1
1490,1493,-0.0140879169220667,3,26.03137242299391,25.69067598335439,3
1499,1502,0.004977060999246811,3,25.6210024884329,25.774140783168118,3
1503,1506,-0.011929172206249661,3,25.864862776017613,25.5821812366475,3
1507,1509,0.0015588923865501904,2,25.71971208157901,25.785526057008827,2
1510,1512,-0.005835180663149609,2,25.815992283150877,25.691167296463366,2
1514,1516,0.0011521006958439442,2,25.744606178706643,25.800011163578066,2
1519,1520,0.0005140691047062803,1,25.719733133362503,25.758674586681018,1
1523,1524,-0.003151041332583778,1,25.871884713178773,25.816233219808883,1
1527,1528,-0.007195774679598139,1,25.800139856907958,25.640288003652437,1
1530,1531,-0.009075693322345323,1,25.505857956938762,25.299880470155223,1
1533,1536,-0.0034722883805015565,3,25.337925720596033,25.275283061250992,3
1538,1540,0.007691539742345813,2,25.25251968271235,25.472002961129014,2
1541,1542,0.00434468911624778,1,25.571384816082727,25.708055918196628,1
1544,1545,-0.0035260379391368764,1,25.804142988264335,25.738960744089066,1
1549,1550,-0.0009809038418234497,1,25.713301351082333,25.713792376352174,1
1551,1552,0.001479992517718643,1,25.796029666761925,25.860003627322342,1
1557,1561,-0.004358509207855221,4,25.782991225105743,25.696398811670175,4
1569,1571,0.001560885333867105,2,26.220381840868715,26.28752923217339,2
1575,1579,-0.005250835817254455,4,26.45868860400399,26.346217062808506,4
1581,1582,-0.004343164550870736,1,25.995104286978194,25.90819837582978,1
1586,1587,-0.0005068259837958595,1,25.983532965449285,25.99634736875703,1
1588,1590,0.005296609910520807,2,26.11582704053642,26.28026821590131,2
1596,1597,-0.005574824538615055,1,26.275044850553783,26.15484113061826,1
1599,1603,0.0052203623855836875,4,26.047038197755437,26.209060214416617,4
1604,1606,-0.0033856041410187717,2,26.164234026031945,26.10181652099286,2
1611,1612,-0.003426283283611543,1,25.337553374358404,25.276077292158583,1
1617,1620,0.002388881610849047,3,25.515835598040976,25.602305744084624,3
1624,1625,-0.001228978352317155,1,25.39593697481802,25.390121855013977,1
1628,1631,-0.014790399601044637,3,25.21568211425774,24.86794778168921,3
1632,1633,-0.01549984427938884,1,24.755599395932393,24.39664705964844,1
1634,1636,-0.01887912355250319,2,24.216612156338808,23.783640355572576,2
1637,1638,0.0005399322332037715,1,23.736765674806527,23.773318685381167,1
1645,1659,0.1364119560424525,14,22.347620858400003,25.418451153447858,14
1660,1668,0.047348099801681774,8,26.051406517037684,27.310942519297605,8
1670,1675,-0.0063946502581128765,5,26.751759887316453,26.607443498935368,5
1676,1678,-0.02453349132007603,2,26.36504637583025,25.744584785791247,2
1683,1684,0.00035407626896927875,1,26.3790896610914,26.414808960398496,1
1687,1689,0.007896952520166561,2,26.467166214450575,26.7026433356039,2
1693,1696,0.013029233589954625,3,27.53707235510436,27.9233963755576,3
1698,1704,-0.005921363232902433,6,27.94720221853602,27.809663885075228,6
1707,1708,0.008363992086087759,1,29.474028739771665,29.75002331163601,1
1711,1716,0.012975405206445103,5,30.28309344764198,30.70631194947742,5
1719,1721,0.02418605781985277,2,30.55006905623865,31.319504861889573,2
1724,1726,0.004429791970090256,2,32.25162791521708,32.42674754549346,2
1729,1730,-0.0031141636105766414,1,31.909593360230232,31.842131259119736,1
1731,1732,-0.012069632055272016,1,31.747108048164197,31.395679243252054,1
1734,1735,-0.0071683615665962,1,31.17023553766637,30.977966254754076,1
1736,1739,0.004121923214999702,3,30.90905142462119,31.067365212666576,3
1744,1749,-0.02891903550606436,5,31.151770396239417,30.282043012470044,5
1757,1758,0.0004133258453104783,1,30.331688836287654,30.374557396051895,1
1759,1761,0.015661419726250795,2,30.73809291437692,31.25023318200785,2
1762,1764,-0.013446430998633217,2,31.47357676855092,31.081843067020966,2
1766,1767,-0.00876681924768979,1,30.70255829732797,30.464097076590964,1
1770,1771,0.03755384731545052,1,31.369751482079913,32.57917609104365,1
1779,1780,-0.007686460290447434,1,33.66511592419732,33.44001546339687,1
1782,1783,-0.00770693312837807,1,34.12442760805094,33.89555735403956,1
1784,1791,-0.0684542859450131,7,33.363502237853915,31.112991017774632,7
1797,1801,0.025399014792744885,4,34.075691894150815,34.97525658853752,4
1805,1806,-0.010829358876450382,1,34.96183327187185,34.618180865664,1
1814,1815,0.005959369941675107,1,33.33711142324568,33.56911671442689,1
1817,1818,-0.006513222279418222,1,33.014638442264506,32.832621402057676,1
1819,1820,-0.01067537464076727,1,32.45832528595001,32.144278828596555,1
1821,1822,-0.008029293954847656,1,31.906218515456,31.681940326523257,1
1823,1825,-0.02808682489614492,2,31.408852409122996,30.558086323728222,2
1834,1846,-0.057669797225380154,12,31.974311752147823,30.162333988732517,12
1850,1851,0.0016920408975022627,1,30.394688214701254,30.47651195844206,1
1852,1858,0.013135947531600002,6,30.38070073218725,30.81016072371069,6
1859,1860,0.0009727814991180453,1,30.713150537802658,30.773740872963263,1
1863,1866,-0.004423000752356439,3,30.829310503520187,30.723781750472007,3
1870,1876,-0.028844326678717683,6,30.399448276508377,29.552996107844496,6
1879,1883,0.021259086862805504,4,29.887798001012595,30.55307309285512,4
1889,1891,0.0012746026420198866,2,31.22990208809439,31.300937705893993,2
1892,1897,0.0044214785216651524,5,31.699732708545,31.871592128566903,5
1898,1899,-0.0045335007279885,1,31.740840437870304,31.628684155076122,1
1902,1903,-0.001798872964248631,1,31.91948417158922,31.893984558651777,1
1906,1908,-0.0013301660494630357,2,31.923097529416452,31.91255760641854,2
1909,1911,-0.009597453206067138,2,31.76855219462126,31.495423553703503,2
1912,1913,-0.007937078923079925,1,31.253973876359368,31.037162592919184,1
1915,1918,-0.0021799146641634866,3,31.390172399584458,31.353134674859568,3
1934,1935,-0.0011971081682806044,1,32.36161664383332,32.35523790485406,1
1936,1946,-0.029487014878232198,10,32.280381730546395,31.360810015913305,10
1950,1951,-0.00772336079075374,1,31.111013102917354,30.901842537260574,1
1953,1956,-0.002983196379086787,3,30.697478057196687,30.636598929866558,3
1959,1960,0.009243389596006096,1,31.33898321431087,31.66000062891775,1
1966,1969,0.026596621286414678,3,33.47687694448427,34.40072563937311,3
1970,1972,-0.0009258608655238218,2,34.238674468056196,34.24121289374687,2
1975,1977,-0.0069581966047142915,2,33.94939933733164,33.74712214146786,2
1984,1987,0.004515186033097282,3,33.25249252688434,33.43588620923428,3
1991,1992,-0.003922657348102198,1,33.364954338582635,33.26744000961588,1
1994,1996,0.0035044841351055582,2,33.67410897717514,33.82579346682664,2
1997,2000,-0.018324529355656496,3,33.843465225834386,33.25714311903228,3
673,676,-0.003846285393811382,3,27.05044970639401,26.97345640649867,3
679,680,-0.010694420612400994,1,26.67172177640853,26.41315488705109,1
685,688,0.0021078285754584742,3,26.169602655643004,26.250933294584605,3
689,690,0.0007983891892805609,1,26.32693554390825,26.3742816201773,1
691,692,0.0016662416882753063,1,26.520878585190726,26.59158965728425,1
694,696,0.006366215252666322,2,26.76075042600712,26.95787587396797,2
698,699,-0.003098954115073749,1,27.147628771890208,27.090647144764954,1
701,707,0.02602280091027918,6,26.970488332731023,27.69930646939942,6
711,713,-0.0030697682533331076,2,27.420088834958133,27.363335605583963,2
714,720,-0.03163594793457525,6,27.471821372346316,26.630196083115163,6
724,726,-0.011045618013084402,2,26.630184297528867,26.362667638457854,2
728,733,-0.014990833236070488,5,26.26790365644146,25.900393796923023,5
735,739,0.005260009798266552,4,26.295458181474928,26.46006800734087,4
740,744,-0.008063769246314566,4,26.41852484918476,26.23191048582209,4
747,755,-0.00256620031182838,8,26.33388738348131,26.29264324084965,8
758,759,0.0009157581702820814,1,26.375767040605155,26.42629663181065,1
760,762,0.010230778173743155,2,26.548005965518918,26.84616073147287,2
763,764,0.0008965032372792545,1,26.902571422861808,26.9535922366564,1
765,767,-0.0023680443505449816,2,26.960384650289857,26.92350164838051,2
770,773,0.004505036056314497,3,27.047960685703575,27.19686068452815,3
775,778,0.007765991585361217,3,27.15917719538931,27.39725431414943,3
780,781,0.000872943066650222,1,27.69649304671787,27.748367001340245,1
782,783,-0.0020223710504958985,1,27.744263157044827,27.715898225575724,1
785,786,0.003642560279877945,1,28.047153999723015,28.17736460284575,1
789,790,-0.012251680165713128,1,28.23162992573494,27.913976655253794,1
793,795,-0.005514357624455786,2,27.773033915408664,27.64765650799837,2
799,803,0.0028377921799336322,4,28.073554714261117,28.181295183006448,4
804,805,0.000912687190532976,1,28.401171002934536,28.455493558907985,1
806,807,-0.002422167345678258,1,28.59596169059136,28.555293447656734,1
811,818,-0.010765679626831604,7,28.680067303056514,28.399986954098896,7
819,822,-0.0020350371478875437,3,28.488799386877307,28.459312421213173,3
823,826,0.0006327211498562172,3,28.484806235829147,28.53131398141994,3
829,831,-0.009120137345040958,2,28.31496659010689,28.085045172474977,2
833,835,0.007180712083469018,2,27.95271484330864,28.18138795539306,2
837,844,0.0005957065836717501,7,28.562342122449195,28.607919239819072,7
848,850,-0.011099045604251099,2,28.551244072296054,28.262903756351832,2
851,852,-0.004049419773397938,1,28.243153448465442,28.15702821787658,1
853,859,-0.007677854879161142,6,28.115232916136346,27.927483470828573,6
860,862,0.00023049929270204023,2,27.7932288751496,27.82742842362238,2
863,865,0.00015371274185948147,2,27.759282595546747,27.791308833582107,2
866,867,-0.0015281912827882287,1,27.64569289659349,27.63109068259887,1
871,879,-0.019465795218754252,8,27.904646012859768,27.389364533934472,8
880,883,-0.006819489927266322,3,27.29072736719861,27.131909254177426,3
886,888,-4.124981862608753e-05,2,27.18364015120701,27.20970247113238,2
889,890,-0.005531576277229174,1,27.237272477020714,27.11384469920742,1
895,900,0.006001892581371605,5,27.13479771459899,27.32479265341386,5
903,904,-3.660087510689615e-06,1,27.45322729579413,27.48058004187557,1
905,906,-0.0024716838800523735,1,27.61759575132064,27.576951380847618,1
909,912,0.003415915893452382,3,27.7874837017368,27.91019089265435,3
914,918,-0.01515564311527667,4,27.723219947032696,27.330779939456182,4
922,924,-0.006540477763348464,2,27.24719094451809,27.096228488976276,2
931,934,0.0027621486761604387,3,27.283644096994326,27.386289222514666,3
935,936,-0.0035748313364771266,1,27.35066458162376,27.28024123338552,1
938,940,-0.008749585535016636,2,27.214232496458983,27.003333473957845,2
941,945,-0.020878655941901376,4,27.04086537906877,26.50332931982699,4
947,952,0.012813635817492841,5,26.29319333192029,26.656397929086367,5
955,956,0.0014587686017702114,1,26.609022008581398,26.67444743641991,1
957,963,-0.005813658494358813,6,26.769383968539668,26.640525296010754,6
964,968,-0.00408135003076698,4,26.52355864390498,26.441830275661534,4
969,970,-0.004446426642645877,1,26.44516834724594,26.354027014484736,1
971,976,-0.006118759891361518,5,26.281938490952072,26.147407558337356,5
977,979,-0.00280656238535855,2,26.15015916186896,26.102917267955988,2
982,983,-0.009904060743504136,1,26.08573274294474,25.853463794062744,1
987,990,0.009326652145157814,3,25.959734777546945,26.22781192837523,3
991,996,-0.007503555264631838,5,26.3432346329624,26.171909950677765,5
999,1001,-0.008717265891259856,2,26.252402976002575,26.04980620195226,2
1006,1007,-0.001684432428904027,1,26.103502857947085,26.085636774083117,1
1010,1012,0.006635684337515206,2,26.147839143562567,26.347495789370935,2
1013,1015,0.007371882128824885,2,26.49450449454111,26.71631336323103,2
1017,1018,0.0006419548374941295,1,26.959368871835412,27.00363493797031,1
1021,1023,0.0045377698671578495,2,27.440062245735408,27.592018995592777,2
1024,1026,-0.004866861356687898,2,27.73453856607724,27.627292950650506,2
1030,1033,0.00796909012163734,3,27.808604930954623,28.058022814737363,3
1034,1038,0.006954256884249418,4,28.181565710955002,28.405729124020294,4
1040,1042,0.00020976266498139574,2,28.395404923431034,28.42975662416443,2
1050,1052,-0.005242033416658054,2,27.899786055512845,27.78143423074775,2
1053,1055,0.0007215079897255762,2,27.850080434907845,27.89802457089104,2
1059,1065,0.03040892666885984,6,28.459840087475715,29.353733117790718,6
1070,1071,-0.005799374674757089,1,29.14809042419412,29.008197817194713,1
1073,1076,-0.0031370083983183546,3,28.711580752788137,28.650223863590433,3
1078,1080,0.0057992905686795795,2,28.978837307919196,29.17587284311823,2
1088,1089,0.0004254448424522144,1,28.46014539918282,28.500713766657526,1
1090,1091,-0.0029512728603030055,1,28.49173314973276,28.43613800409469,1
1092,1099,-0.024172103860658815,7,28.395309715452147,27.737330649570115,7
1100,1101,-0.003114299539424659,1,27.858749222814154,27.79984748216341,1
1109,1111,-0.003931977300513303,2,28.250382817180835,28.16755333603005,2
1112,1113,-0.007036887871589316,1,27.99735408964732,27.828337202306937,1
1117,1120,0.0021066367733025724,3,27.116154091452863,27.20039413290391,3
1123,1128,0.0007106350983009596,5,27.57225276797899,27.619418831303122,5
1129,1132,-0.00480275331661238,3,27.650580514778188,27.545432178019357,3
1136,1137,0.002543828359350078,1,27.66139184679044,27.75941907167619,1
1140,1141,-0.0024554848760972438,1,27.911197588682217,27.87057326271813,1
1144,1150,0.0072000427420279125,6,28.21279731904351,28.444143462931837,6
1158,1160,-0.007506938682918655,2,28.449749348763817,28.264628574207006,2
1162,1164,-0.008049979388827698,2,28.228023543992222,28.029016559819734,2
1165,1172,-0.015393564176397045,7,28.051560451203226,27.64779851560075,7
1174,1175,-0.012032701737993475,1,27.501038825549927,27.197628066702656,1
1182,1183,-0.0009688693472866235,1,26.699062901444687,26.699894060699645,1
1185,1188,0.0017781011230424046,3,26.716365743748447,26.790586509424767,3
1190,1191,5.008202642994191e-05,1,26.98949848299761,27.017839670256965,1
1192,1194,-0.0019468893727541538,2,27.088516435969296,27.0628666076324,2
1197,1199,-0.0061704327975606625,2,26.954053571803012,26.814689449188155,2
1202,1205,0.0005210411169719186,3,26.910330791245162,26.95126251084996,3
1206,1207,0.0011236481645183162,1,26.91688523375272,26.97404722767393,1
1208,1212,0.01867443457610298,4,27.080710328679437,27.613507992315437,4
1225,1227,-0.013273703905358657,2,27.9164489670262,27.573810738315863,2
1228,1230,-0.0004214780863310265,2,27.59053259485565,27.60649432257157,2
1236,1237,-0.004964434040880534,1,27.673563864016934,27.563853845401944,1
1238,1239,-0.005469576176312363,1,27.583470903975247,27.460184479562834,1
1240,1242,0.004836478472167673,2,27.368732877494782,27.528469897744788,2
1246,1247,-0.005285962273564626,1,27.494665321649318,27.376824223356444,1
1250,1253,-0.012283772554250661,3,26.84025337827633,26.537394063857402,3
1263,1268,0.008276451879754124,5,26.81588077495634,27.064637002578447,5
1269,1270,-0.0007047255506864439,1,27.09672601928346,27.104726990137003,1
1271,1273,-0.004363219542312252,2,26.969168233280005,26.87846499963793,2
1275,1279,-0.006894395597880004,4,26.642072561529602,26.485033646304522,4
1285,1286,-0.002389355632973735,1,25.978661391439406,25.942567791898092,1
1287,1294,-0.001436316775686518,7,26.023733566186856,26.012378974665932,7
1296,1299,0.0003706463406770253,3,25.92634456998136,25.961880419293337,3
1305,1307,0.001994208559481392,2,25.220574556609478,25.296090216821916,2
1312,1314,0.012831718821165374,2,25.946360497793954,26.305243260632032,2
1318,1320,-0.016076427972811454,2,26.03986561674192,25.64727745834942,2
1325,1329,0.0008374441321716056,4,25.322658768913033,25.369187739678956,4
1331,1335,0.009762352007689101,4,25.707000200816292,25.98366798603921,4
1341,1344,0.0013852944106519764,3,26.327519585265627,26.39031847057869,3
1348,1349,-0.0018180217723550393,1,26.340557186150193,26.31901003687596,1
1351,1352,-0.006643545460581636,1,26.15550102181057,26.00789126274969,1
1353,1354,-0.007349155533858014,1,25.799465914846845,25.635661093063014,1
1362,1372,0.014542043363888622,10,25.908112954883475,26.310777969904798,10
1373,1374,0.001345341294392283,1,26.59094790299652,26.65331275117045,1
1377,1378,-0.0013107336506269548,1,26.674179642807545,26.665891077589656,1
1381,1382,-0.00039939509200439996,1,26.60654737430471,26.622527397242536,1
1384,1385,-0.003454717520736441,1,26.670320213041258,26.604852110730654,1
1386,1388,-0.004898840629366405,2,26.57212811531281,26.4685276226081,2
1390,1391,0.0008904864445493325,1,26.6178067570129,26.668127359870667,1
1393,1394,0.0037086960792851037,1,27.018423825356443,27.145645371691362,1
1398,1403,0.0021220463965960935,5,27.362247831492855,27.447674038737937,5
1408,1413,-0.011849869883354201,5,27.286896269521975,26.99083699547708,5
1414,1417,0.005809337483902567,3,26.927865084209184,27.11122600528856,3
1420,1422,0.002777368161128834,2,26.919240681890532,27.02092456456407,2
1430,1435,0.0019720121249984304,5,27.817455768849946,27.900129584681576,5
1436,1437,-0.0017991000067761323,1,27.883853143889212,27.861571156652985,1
1443,1445,-0.0007830198718439692,2,28.020004742154143,28.026084526374028,2
1446,1447,-0.004877596003306809,1,27.734056109628522,27.62651464450234,1
1448,1449,-0.002430398918650079,1,27.600015349180705,27.56053631707051,1
1452,1455,0.007172261220445185,3,27.682426360877418,27.908654380314246,3
1456,1457,-0.0021861398066412175,1,27.906220535549462,27.873119856519338,1
1458,1464,-0.021642414623953596,6,27.61865224789713,27.04853657684125,6
1465,1466,-0.0016013976635664545,1,26.955913980011466,26.93970275632459,1
1467,1468,-0.0030456717701165897,1,27.04809601473353,26.992764488280788,1
1469,1475,-0.012991288619624845,6,27.048072782185802,26.723731534849993,6
1482,1493,-0.017083937041236927,11,26.113036584872006,25.693036148485408,11
1494,1496,-0.006879011959789374,2,25.58782109305083,25.437389986819834,2
1498,1507,0.0057774853973988766,9,25.526583976545812,25.699590026692327,9
1509,1516,-0.003984083185723113,7,25.80308186104465,25.72608331832327,7
1518,1519,-0.002095430093895433,1,25.748275573865705,25.72007013793618,1
1526,1532,-0.01777405490153739,6,25.82384778604891,25.39067714551678,6
1533,1534,-0.002549175526306551,1,25.397496152809094,25.358150973339697,1
1540,1543,0.007109015645549292,3,25.49996827615941,25.706747917871798,3
1552,1553,-1.0064938226595757e-05,1,25.91504019109818,25.940694398010613,1
1554,1558,-0.008924612723169172,4,25.912658753272773,25.707310968025446,4
1562,1565,0.003317456509410039,3,25.80976937269426,25.92120192947877,3
1567,1571,0.005211001051860793,4,26.119028521658745,26.28125383528035,4
1581,1583,-0.005250066748249053,2,25.980630367628667,25.87021095440466,2
1584,1587,-0.0010784374556955178,3,25.93818213798147,25.9361476129692,3
1590,1592,0.0014071557142543017,2,26.310538455816463,26.37387201880549,2
1597,1600,-0.009022971007250774,3,26.1817307963968,25.971675529297663,3
1616,1617,0.0013949181056664103,1,25.394468884911973,25.45528655822823,1
1618,1620,-0.002068962565052639,2,25.55228991767856,25.52497547630519,2
1624,1632,-0.03039554410429075,8,25.442840844354585,24.69493469417591,8
1633,1635,-0.019902753899144678,2,24.40636652354913,23.94501898358216,2
1636,1639,-0.010465146876592394,3,23.762853081645535,23.537934187020873,3
1640,1648,-0.02612134960164641,8,23.400020986229865,22.812180878348922,8
1651,1652,0.007211350885911153,1,23.941381091114827,24.13797217194729,1
1654,1658,0.030550111608654736,4,24.26684704805978,25.03246878081622,4
1659,1660,0.022552758275998848,1,25.434243370929284,26.033289956977708,1
1663,1666,0.02333130765068408,3,27.174935034619985,27.836136739334677,3
1668,1669,-0.021062856465801534,1,27.333707518020667,26.785315267408418,1
1671,1674,-0.011964393647749798,3,27.04960072753091,26.7530182571398,3
1675,1677,-0.01784860377838546,2,26.64095543323184,26.192092530859693,2
1678,1680,-0.0002618364635223174,2,25.83142366492344,25.850491479968195,2
1684,1687,-0.00020433348281546535,3,26.45436616652763,26.475415019919676,3
1689,1690,0.008753434271641339,1,26.724484227023385,26.985139727375174,1
1693,1700,0.008749062742469435,7,27.53228735642968,27.80070135331121,7
1701,1703,-0.011093939587000359,2,27.87664161763127,27.59525648125444,2
1705,1706,0.024239583433408943,1,28.16404609721168,28.87489488850463,1
1707,1711,0.023291726708850262,4,29.53348944271501,30.250908897016156,4
1712,1715,0.00811535235890308,3,30.583725483902963,30.862506918136702,3
1719,1723,0.061774973109359116,4,30.478286792814107,32.39156042665235,4
1727,1730,-0.012825246434418056,3,32.28242581688855,31.90067817610302,3
1733,1735,-0.008922700172561589,2,31.20171553926877,30.954513702181586,2
1736,1739,0.004454860096788164,3,30.93006001781008,31.098779167992497,3
1741,1743,0.012963992311501141,2,30.938992753711403,31.37102461064982,2
1748,1749,-0.0071574923452687525,1,30.449742539692664,30.262248483089103,1
1750,1751,-0.00024086247338794917,1,30.30761285532863,30.33062050158914,1
1754,1755,-0.0009853470604490502,1,30.45932099633026,30.45976731491958,1
1756,1761,0.027444574465161062,5,30.42586451482729,31.291315283686195,5
1762,1774,0.08217687038610971,12,31.502471977718102,34.122749006250814,12
1775,1782,0.00884515029057456,7,33.83983244235239,34.17299067855521,7
1783,1786,-0.05798740265249425,3,33.924847768530775,31.99155880882094,3
1787,1789,-0.0022150874728040296,2,31.879466326279285,31.840729986106545,2
1791,1793,0.04722870982201954,2,31.051854543756775,32.54944542598318,2
1796,1799,0.05647549351401793,3,33.1889559926938,35.0965076175889,3
1801,1809,-0.03355944704435301,8,34.97308500746603,33.834380698187786,8
1810,1812,-0.015054505075185815,2,33.701299345767396,33.22764426307195,2
1818,1819,-0.011287801078828538,1,32.778356399269896,32.44113918894326,1
1821,1824,-0.029695174061647907,3,31.84654060687051,30.93269858089502,3
1827,1832,0.040460956317773064,5,29.98145757618406,31.224517479093393,5
1835,1839,-0.04743124958510361,4,31.88540883736707,30.40492946151621,4
1841,1843,-0.006699659207973324,2,29.97664482088273,29.80578816120524,2
1846,1848,-0.005518470935514401,2,30.264745134709553,30.127994763447617,2
1850,1857,0.017523530809876585,7,30.407644909025887,30.970901856354015,7
1858,1860,-0.0013814954520407754,2,30.764256539945713,30.752520115990308,2
1861,1862,-0.007545094440708505,1,31.009931759391932,30.806968827426786,1
1865,1866,-0.004875503631544469,1,30.845905489409613,30.72636207066713,1
1868,1869,-0.0005235567673177231,1,30.396309381749568,30.41079149765302,1
1873,1874,-0.004607145881646093,1,29.760284476767836,29.652934789180847,1
1875,1881,0.0235606350983476,6,29.524278309440447,30.249413335540673,6
1886,1888,0.019308229583663836,2,30.381256526424988,30.99824605900381,2
1889,1890,0.002227880823642098,1,31.170507089487995,31.271121771585353,1
1891,1892,0.007487557274160016,1,31.34184286866885,31.6078585550944,1
1893,1900,-0.005473058795193951,7,31.818681852068554,31.67635501735868,7
1902,1905,-0.004441280321776309,3,31.871117668114614,31.761440218050314,3
1908,1913,-0.029782497405633827,5,31.924854274107915,31.005977238788166,5
1914,1917,0.003810262774698766,3,31.294946757683896,31.445483675108562,3
1918,1920,0.015443115926734738,2,31.469284561531715,31.986737655708385,2
1921,1924,0.01623137590851578,3,32.523486422207824,33.083910842604396,3
1926,1928,0.00023105935011365035,2,32.54820467128837,32.58827344297837,2
1930,1937,-0.02066430175967295,7,32.693235207748764,32.05034556512363,7
1939,1942,-0.00658045407257183,3,31.67284692580645,31.49609805818939,3
1944,1946,-0.00640001270081539,2,31.548388756610112,31.378027056634156,2
1948,1950,-0.008548850155244266,2,31.42128243197972,31.184087879215095,2
1959,1962,0.030071120137430105,3,31.312204974619597,32.28511025715384,3
1963,1964,0.003052126559003011,1,33.062480354559725,33.19645370931095,1
1968,1973,7.255404554860488e-05,5,34.130126640036146,34.166733045439,5
1975,1979,-0.003878703325940899,4,33.88283792352663,33.78529928530386,4
1988,1990,-0.004143491269607203,2,33.470922542071364,33.36570698927466,2
1997,2000,-0.019729586257557295,3,33.87013730277533,33.235763644607694,3
674,680,-0.023523404340388368,6,27.08586852300881,26.475802554354484,6
686,687,-0.002685400251797092,1,26.14868958211342,26.104618574107562,1
690,693,0.00915476240456618,3,26.410022603283508,26.678210107919075,3
695,696,0.0025517712335590974,1,26.84080863964343,26.93614105165518,1
697,701,-0.006545951342407746,4,27.04689974183703,26.896898951905822,4
707,710,-0.004540053271845255,3,27.723526225534833,27.62538346581304,3
711,720,-0.03252157995824404,9,27.436567410116783,26.571723456719035,9
725,726,-0.004115051328253523,1,26.4757328998018,26.393259632865785,1
727,729,-0.008417742110100837,2,26.308577714039192,26.113427469272903,2
731,739,0.015821991073423258,8,25.996043030040628,26.4333482338363,8
740,752,-0.004937722504617784,12,26.350977429459732,26.247214592617073,12
753,755,-0.0014600935020384074,2,26.269085561611103,26.256999326039715,2
763,774,0.010978236232456438,11,26.88672389632491,27.20877942667192,11
775,778,0.009464904791692662,3,27.163728834323965,27.447994670362522,3
780,782,-0.0001357312301156732,2,27.748197453791757,27.772179354271653,2
784,786,0.006850751304884433,2,27.968471840831192,28.18804535763122,2
791,796,-0.004578058537143012,5,27.823698242145507,27.724143421115308,5
798,802,0.0056489944927745365,4,27.98994326608545,28.176048244714725,4
807,808,-0.004977581797569612,1,28.60491500337433,28.491136614135883,1
814,818,-0.004902937600300087,4,28.570000396410872,28.458493467623132,4
819,821,-0.0013822822350621415,2,28.47260659735192,28.46172202566384,2
823,827,2.852330176454339e-05,4,28.48543889233441,28.514736829996167,4
830,831,-0.003985824420350807,1,28.184896830849816,28.100741677607196,1
833,835,0.005355754402242387,2,27.968205656587937,28.145964702812616,2
836,837,0.0016837834183822576,1,28.39839015634429,28.474605284954638,1
839,841,0.0019934403341471986,2,28.600210893745242,28.685823918599695,2
844,850,-0.014490312169265367,6,28.657119235351278,28.27052575099453,6
853,854,-0.00193584719614195,1,28.09601459948948,28.069721023003783,1
856,857,-0.004477792506536385,1,28.16061647897479,28.062679698004768,1
864,867,-0.008794265594343008,3,27.884954103613317,27.66761136524369,3
868,870,0.002958473933003871,2,27.653816376827148,27.763283288102894,2
872,875,-0.006870735319865626,3,27.958492398176833,27.794355489364662,3
882,884,-0.005560346130657895,2,27.244713295424194,27.120467972566523,2
885,891,-0.002249045194915868,6,27.114687696912547,27.080820226533074,6
892,896,0.008562776321890026,4,27.02898583029293,27.287457975995554,4
898,900,-0.0013883053031850817,2,27.3207485379392,27.31013974639493,2
902,904,0.0006034485665226358,2,27.423790805039076,27.467763443094032,2
911,912,-0.0005460257594977363,1,27.92868237274571,27.941361275114105,1
915,917,-0.010907678345659342,2,27.62356023758636,27.34987488799041,2
918,919,-0.004668371109179568,1,27.37580082818018,27.27537623133143,1
920,922,-0.0026471473022580847,2,27.297369399325742,27.2524066109609,2
925,926,-0.002164709395242951,1,27.086344000212588,27.054796280872758,1
927,928,-0.0009372265098766113,1,27.16938981257966,27.171095330002718,1
931,947,-0.03103762838390027,16,27.225876690357268,26.408075923906424,16
950,951,-0.004305920161559736,1,26.70305310944183,26.614774947792124,1
952,953,-0.0005669473530629147,1,26.59371367936137,26.605230157462106,1
954,957,-0.0005648931846815213,3,26.662704457640334,26.674305582064676,3
958,960,0.0006180453355014088,2,26.76067750976144,26.803977499180967,2
962,963,-0.006681770330106245,1,26.750153176675287,26.598164950030256,1
967,971,-0.006738198585057887,4,26.441923410284428,26.290194402785325,4
972,977,-0.004637944660809008,5,26.250744077479457,26.155245323220527,5
978,984,-0.01572669273161872,6,26.19325370027619,25.80751370139089,6
987,988,-0.00040197140814358023,1,25.98595343692761,26.00149378006954,1
989,990,0.0013063893186605465,1,26.117027886024573,26.17726392017606,1
991,992,-0.0006571497372410535,1,26.334216823991103,26.34324551714876,1
994,997,-0.0029628028973279624,3,26.313463719226192,26.26181557639936,3
1000,1001,-0.006992277696923181,1,26.16500805199368,26.008220057803904,1
1002,1004,-0.0026404644717230533,2,26.009321929006216,25.966654560448074,2
1005,1007,-0.0005577652367247385,2,26.066649424687277,26.078177003224983,2
1013,1017,0.013021533729640728,4,26.49627456873887,26.867792976314263,4
1019,1023,0.0163759622489907,4,27.17121981405483,27.643345903802874,4
1024,1029,-0.00526889367753453,5,27.72561147377604,27.60725378624986,5
1031,1036,0.015719013565539515,5,27.799897582318984,28.264684447118384,5
1037,1039,0.002460581698030476,2,28.31339680710057,28.411377629900297,2
1045,1048,-0.015746643027287337,3,28.435281754849548,28.015956805430445,3
1054,1061,0.041565456295758765,7,27.859389737715777,29.045237374023028,7
1064,1066,-0.006086892056495183,2,29.471912787736407,29.321992348686752,2
1068,1069,-0.00012961683660875183,1,29.300367241453166,29.325869787781308,1
1070,1080,-0.0007493710122285944,10,29.182888012309316,29.190202089992088,10
1087,1090,-0.0005302976532737061,3,28.46563753532773,28.479007912079133,3
1094,1095,-0.0052759561020003076,1,28.101359749613493,27.981199568917628,1
1099,1100,-0.0005989912720492806,1,27.765705768299167,27.776840058649967,1
1103,1104,-0.002424682551796722,1,27.99624329121551,27.95635753188266,1
1106,1112,-0.00012518503830992358,6,27.97974881407208,28.004225916958962,6
1116,1118,0.00034097754635818885,2,27.109722789639022,27.146076319187923,2
1131,1132,-0.0053553086026268334,1,27.623471258859052,27.503162516850928,1
1135,1137,0.0032567995388877603,2,27.57090743336907,27.68827125941815,2
1139,1143,0.008966049146583294,4,27.829543301001596,28.106893897266346,4
1145,1146,-0.0035671212900390487,1,28.30218696634925,28.22953181963327,1
1148,1158,-0.00022200470027105982,10,28.407284657196644,28.429385391138005,10
1159,1163,-0.00887602872316589,4,28.381844993856983,28.158308767468924,4
1164,1166,-0.0017584843938955605,2,27.970667435147355,27.949452120410953,2
1167,1168,-0.0035498190910924154,1,27.939404222200984,27.86816379592147,1
1169,1172,-0.005707355486698528,3,27.796037129262203,27.665191301373294,3
1175,1177,-0.0062206826624750695,2,27.248635303534876,27.106378825629605,2
1178,1179,-0.002330249962152707,1,26.932214064603794,26.896387487863667,1
1180,1183,-0.0074672423864728795,3,26.909203547538485,26.735175205769618,3
1187,1188,-0.0017013270737364433,1,26.799185235372985,26.78039024121334,1
1190,1191,-0.0014444809661763405,1,27.015317586638343,27.003309792175873,1
1192,1195,-0.005344364814820434,3,27.11931920319522,27.001502987046976,3
1196,1197,-0.004530989876365415,1,26.99441811451398,26.899101097433256,1
1201,1202,-0.0003384398745171093,1,26.875735169144708,26.893515083875652,1
1203,1204,-0.0003270513684459711,1,26.976479153009272,26.994632937739436,1
1206,1208,0.005731700972045606,2,26.92881504072579,27.11009177111148,2
1209,1211,0.010023807308879955,2,27.245374631904365,27.545722391904725,2
1213,1216,-0.010837997296583544,3,27.749119815140673,27.476124049416747,3
1224,1227,-0.01628745442159165,3,27.979724508422553,27.551985745271352,3
1229,1232,0.0015490777129951762,3,27.5710417973297,27.64132252549933,3
1236,1240,-0.011415378173658383,4,27.63599332524954,27.348154003562367,4
1244,1251,-0.030368626629872653,7,27.598567684633732,26.788035654784455,7
1252,1256,-0.011415012478670307,4,26.744755277243385,26.466208317291912,4
1257,1262,0.010793919366755944,5,26.368492177644434,26.679480048210507,5
1263,1269,0.01020408678102358,6,26.78637372287602,27.086490578616054,6
1270,1273,-0.00922894181460332,3,27.100261449567384,26.877254974938356,3
1279,1280,0.001534190171787304,1,26.478149887020535,26.545250554231334,1
1281,1285,-0.023570783673515824,4,26.569803746392783,25.97010245378518,4
1288,1290,0.0018190265824253008,2,26.0785724146868,26.152088603555505,2
1297,1306,-0.032640490556206436,9,26.056330326106547,25.231895252493977,9
1307,1308,0.0026649486916176706,1,25.401747939078593,25.49484404195272,1
1311,1313,0.009773899380358633,2,25.81629727942513,26.09443946868708,2
1315,1321,-0.02713304120669206,6,26.476448946414884,25.784538815091345,6
1332,1333,-0.0001801458738430972,1,25.878216175453964,25.89943253776299,1
1334,1337,0.006459289312610368,3,25.965003127441197,26.158683597771613,3
1338,1341,0.0031203986231657134,3,26.243387455195517,26.35152067273311,3
1342,1347,-0.001207705975360681,5,26.381280111543035,26.375800562026203,5
1348,1349,-0.004126494898867649,1,26.366526151394464,26.28409134188127,1
1350,1351,-0.0055252505090060775,1,26.263818412726085,26.144968055085453,1
1352,1353,-0.012059532574783233,1,26.05403978786522,25.765894286126628,1
1356,1358,0.002672706122906654,2,25.66435454460177,25.758612176678177,2
1363,1368,0.005930179668235525,5,25.837258473970362,26.016315317329617,5
1369,1375,0.02214256289311552,6,26.10306662491317,26.707158485983406,6
1376,1377,-0.004476435088170264,1,26.724966185745775,26.632058575567484,1
1380,1388,-0.0019360251262122512,8,26.50220287710976,26.47739614931681,8
1389,1392,0.007889841983436608,3,26.594842820564768,26.831266770813922,3
1393,1394,0.004541737098975108,1,26.983707031582846,27.133243641907644,1
1398,1402,0.001425730017710427,4,27.34278020883956,27.4091064115598,4
1408,1410,-0.003993918827941297,2,27.28212986435705,27.20044938208981,2
1416,1417,-0.0008263144231771473,1,27.10128393266812,27.105991034800606,1
1418,1424,0.007739038385192877,6,27.11228731345241,27.349222632995048,6
1430,1437,-0.004346703084389281,7,27.894701386057474,27.801346102890637,7
1441,1443,5.568837617096105e-05,2,28.00658392953205,28.036150154642712,2
1450,1452,0.0010075308717141691,2,27.57600592181034,27.631365605016946,2
1454,1459,-0.016053935430854285,5,27.851899551976757,27.43261885449466,5
1460,1462,-0.00929372165286409,2,27.456117969064483,27.228404568960862,2
1469,1472,-0.0026234609578345692,3,27.06997204606949,27.026025003323024,3
1475,1477,-0.013377186765326614,2,26.77133246414098,26.439978682275655,2
1478,1484,-0.016652249719130693,6,26.337617810882158,25.925374839899206,6
1488,1489,0.0009636022521237997,1,26.028599497626853,26.079709314220022,1
1494,1495,-0.011032114041225411,1,25.572336800818384,25.31579220173195,1
1496,1500,0.009976282774246791,4,25.434693818416793,25.713872210044123,4
1505,1507,0.001346831551197966,2,25.64601765097528,25.70620453436117,2
1509,1510,-0.0032769999660736677,1,25.816237617870236,25.757454045690196,1
1513,1514,0.001345300090995663,1,25.68261941357376,25.742852863221422,1
1518,1519,-0.0004883566247798294,1,25.684998258543022,25.698139817744547,1
1520,1521,-0.0003677497366281746,1,25.719209270848577,25.735470247683786,1
1524,1527,-0.006863797568981461,3,25.915788461255943,25.763823523878592,3
1532,1533,-0.0009277985868027589,1,25.37725159243917,25.379083865867205,1
1534,1536,-0.0044934085082386456,2,25.35192397782983,25.26335935090546,2
1539,1540,0.0019924899799416518,1,25.40834865610933,25.4843828848696,1
1542,1545,0.000685539825939601,3,25.632078129284356,25.67528201779286,3
1546,1548,-0.005564312738736761,2,25.75587130735634,25.63831345585091,2
1551,1554,0.00274080931145928,3,25.826090325772842,25.92270080494208,3
1556,1574,0.02364344395371977,18,25.781367538595408,26.416709224583034,18
1576,1577,-0.002003214812540599,1,26.523374616412525,26.496765974118777,1
1582,1586,0.0005877176291651594,4,25.93457016479685,25.975746939052318,4
1588,1590,0.004252367494843736,2,26.120677474931547,26.257872872244175,2
1593,1598,-0.01916769255374896,5,26.473596966113764,25.992632795641548,5
1599,1601,0.0025391365276089795,2,25.98907565527306,26.08105454224343,2
1602,1603,0.00010606989069769819,1,26.19909338125445,26.228071409607033,1
1605,1606,-0.00577742130943273,1,26.15026091927993,26.025330105516936,1
1607,1609,-0.015195194691242107,2,25.94048970909819,25.57225940729138,2
1610,1615,-0.0033581596749925825,5,25.45148439543735,25.391465731267328,5
1616,1619,0.00741155685675137,3,25.411034713040785,25.62478107631841,3
1620,1621,-0.004224866109043346,1,25.59582201426662,25.513278915319706,1
1624,1626,-0.008906177836195711,2,25.464682823331465,25.263354512387888,2
1627,1629,-0.008871020829789793,2,25.267328020496826,25.068448355334365,2
1632,1634,-0.024310099311914905,2,24.74316354074919,24.166397941323375,2
1638,1640,-0.014078377719855362,2,23.73155405943523,23.42118383156677,2
1641,1644,-0.02871120723157665,3,23.313845080112507,22.667790287732636,3
1645,1646,-0.01790507342659048,1,22.342506456772913,21.964804744587095,1
1647,1655,0.09669198882714954,8,22.24768618093884,24.421106890757045,8
1656,1659,0.03261415109747132,3,24.628427012825828,25.456290679728,3
1660,1664,0.0413922961621495,4,26.01074038452629,27.11339539430391,4
1665,1670,-0.03150110196715886,5,27.55079500505426,26.710465397328807,5
1672,1678,-0.05142912687921674,6,27.155312933373228,25.785894212011314,6
1679,1681,0.013034488394654771,2,25.640023056893472,25.999867662924125,2
1682,1688,0.012444142607845068,6,26.233696707024148,26.586386266684336,6
1690,1694,0.02578601412071522,4,26.966406053525034,27.688728586859696,4
1695,1696,-0.0009761424836351171,1,27.97666248726878,27.977329940951904,1
1702,1707,0.06476789765832722,5,27.66754790667072,29.487184365853505,5
1710,1716,0.016424981234521387,6,30.157798499132877,30.683297572054745,6
1718,1720,0.016558128506224595,2,30.31485745627851,30.84712961914373,2
1721,1722,0.019095908909979233,1,31.42990566705914,32.0615181883936,1
1724,1725,0.003159647199761754,1,32.279853415884496,32.4141262177546,1
1726,1730,-0.021438471065421648,4,32.503620554289874,31.839296246069576,4
1732,1735,-0.015365907740764611,3,31.407378516706437,30.95618301455616,3
1736,1742,0.004698812194484791,6,30.959073580279135,31.13550352632838,6
1744,1748,-0.027966212010587473,4,31.183081620360266,30.342192030242177,4
1750,1755,0.003889487009092478,5,30.270336037408267,30.41834245222404,5
1757,1761,0.03023691789141133,4,30.362560588299445,31.310993400369156,4
1766,1770,0.0194207533271287,4,30.732270952581377,31.359847076886524,4
1772,1773,0.01193849245094038,1,33.437337912059114,33.86996665621383,1
1774,1775,-0.011355124304340589,1,34.14807497311893,33.79446741201834,1
1782,1784,-0.022982874677727947,2,34.122552313133355,33.37244052194953,2
1785,1786,-0.022732884091934105,1,32.6156342670075,31.906802467897712,1
1789,1791,-0.02242273374010061,2,31.82556626238823,31.143775630221157,2
1795,1796,0.012903432179453753,1,32.740772266825395,33.19598137354014,1
1798,1799,0.0069811623716023825,1,34.76831397106111,35.045805530251,1
1800,1802,-0.007719392740299795,2,35.071755666997035,34.83609476657865,2
1803,1805,-0.008065142159665894,2,35.08803471795379,34.84013276456815,2
1808,1809,-0.00918694887558186,1,34.18364968547271,33.903789893116944,1
1812,1814,0.0017237275614186563,2,33.23717244200955,33.32770144465348,2
1827,1838,0.029406550905988753,11,29.905995771742315,30.815333954570082,11
1840,1842,-0.0028113592405468613,2,30.02394711175782,29.969562957719248,2
1846,1847,-0.0009659789480896439,1,30.237388640302395,30.23841734807096,1
1849,1852,0.0052665113342185215,3,30.16507963405135,30.354109447475736,3
1858,1860,-0.0009384039547135906,2,30.77975726241003,30.78165317373227,2
1861,1862,-0.007818963458597618,1,30.95398647060572,30.742912367964735,1
1867,1874,-0.03026618343850441,7,30.5559869979173,29.661729877291698,7
1876,1877,0.004136749652733189,1,29.555455600404027,29.707274576695774,1
1878,1879,0.0001009711164257558,1,29.748908178053902,29.78166086670314,1
1881,1884,0.001901504116519319,3,30.229788318509065,30.317500173756727,3
1890,1903,0.018731492763010355,13,31.277642228394043,31.894796799667628,13
1905,1906,-0.00125080580020887,1,31.841242314369165,31.833256346110865,1
1912,1913,-0.010255329299866573,1,31.301473383220483,31.01176793948777,1
1915,1920,0.014889762423039733,5,31.434505950152626,31.93399278158618,5
1924,1929,-0.015380298339986057,5,33.08535834553882,32.609581021844626,5
1931,1936,-0.010745980024923558,5,32.570783596891545,32.25334939056013,5
1938,1940,-0.009881306800732334,2,31.92270606357676,31.639190717116538,2
1941,1946,-0.008771538128712595,5,31.615979869069125,31.370275076040045,5
1947,1948,-0.002471142325228492,1,31.39589429850692,31.349706469565987,1
1949,1954,-0.019189477162397304,5,31.337989333378946,30.767967692084,5
1956,1959,0.01900579894974609,3,30.64454903292413,31.257617719782445,3
1960,1961,0.0068974018874842806,1,31.708727122852302,31.95914368428204,1
1969,1972,-0.009107411977559411,3,34.49997613174606,34.22027061203003,3
1978,1980,-0.008359931541721235,2,33.94482063138286,33.694989075339876,2
1981,1983,-0.009510864043477386,2,33.66955636406442,33.38299934744567,2
1988,1989,-0.0003478842206668536,1,33.468362291289694,33.49018753844828,1
1990,1996,0.015568140877093226,6,33.2632058374729,33.814315317811904,6
1998,2000,-0.018563718056286045,2,33.75821895719424,33.16529911734771,2
672,673,-0.0027857328081287453,1,27.032006543671482,26.983734602716897,1
677,680,-0.014650235722623996,3,26.851581440764065,26.4850510245724,3
681,682,-0.0029134804282765834,1,26.298402097372257,26.248080619663988,1
685,690,0.006143536138720979,5,26.199018192224518,26.386171825479682,5
693,694,-0.002443461995716619,1,26.787236765004884,26.748570406764337,1
695,702,0.0025742470099706645,7,26.828566076550032,26.924457998630942,7
704,705,0.004137162450879698,1,27.391175694630558,27.531888613894463,1
707,725,-0.044249206190674926,18,27.685880505002302,26.48848815047107,18
726,733,-0.01936783680525622,7,26.391106794813492,25.90635925209627,7
738,744,-0.017576866315766153,6,26.68639542956036,26.244018620074865,6
745,750,-0.0013603198695491883,5,26.31687889293986,26.307396398570216,5
753,757,0.00287243704545756,4,26.21706635430824,26.318590293281883,4
759,764,0.01865939245674308,5,26.424165532335504,26.94364857287763,5
765,771,0.0030019524549649637,6,26.956906669538107,27.064786928362526,6
774,775,-0.0029980773532859635,1,27.25107337909324,27.19662362652174,1
778,779,0.001846432506239819,1,27.496054616735133,27.574320280389554,1
780,781,-0.002779559783080171,1,27.762307798280933,27.71290311183762,1
785,798,-0.0034299363138439983,13,28.035322228272193,27.967198180719397,13
800,801,-0.0015618776063583036,1,28.09260184003523,28.076817236156973,1
806,808,-0.00399065837788669,2,28.573049173739967,28.487596944846754,2
814,821,-0.005143964178165625,7,28.570639108332927,28.452243403320697,7
826,827,-0.0029295385975589765,1,28.502530253507363,28.447533521255128,1
828,829,-0.006994429411514934,1,28.48538544051514,28.31463180823218,1
835,836,0.0036661477617790034,1,28.212310338714303,28.34395314745591,1
837,842,0.005167372800930708,5,28.525971599527754,28.701901900890803,5
843,847,-0.004767729518925197,4,28.674136566938053,28.566100176165108,4
848,855,-0.015447862345023256,7,28.564552342149042,28.15185562196246,7
856,858,-0.008253501092672378,2,28.164885964556305,27.960591933437403,2
860,861,-0.0029375013027066067,1,27.8435212560779,27.78957439737231,1
863,865,6.0699267432826314e-05,2,27.76775581927817,27.797209057533934,2
869,873,0.0029768987677587667,4,27.682306374542534,27.792396104652173,4
874,876,-0.007824328348155767,2,27.87640559157029,27.68616784664705,2
877,897,-0.011237439721982826,20,27.672474692389752,27.389179400768317,20
898,899,-0.004422454391008954,1,27.349781518723876,27.256178138871984,1
902,903,-0.0008748078430308088,1,27.454602920052928,27.45804002101122,1
906,908,0.002459106738327709,2,27.60125026843205,27.696725939221853,2
912,917,-0.022043447544363402,5,27.968873771341293,27.38031224325915,5
918,919,-0.000463629783215551,1,27.290017233822304,27.30465478628206,1
920,922,-0.0018954696809407885,2,27.3213286597357,27.296863238277886,2
927,929,0.0016222827284705383,2,27.148683538907843,27.219875062852633,2
930,934,0.001488708346811962,4,27.314357663977,27.382335133883146,4
938,939,-0.002804255673222378,1,27.160097629026605,27.11109386879416,1
943,945,-0.010081668187316109,2,26.719945276238047,26.47728359925601,2
947,948,0.004896303572141781,1,26.310480517594836,26.465615097855498,1
952,955,6.777439631816757e-06,3,26.614715999012773,26.641511094642787,3
958,959,-0.0005358768533001745,1,26.795967670766682,26.808404299600905,1
961,969,-0.01484821978956127,8,26.82613946187246,26.45464518649903,8
970,971,-0.007957645846879417,1,26.422980554826683,26.239138813907218,1
974,979,-0.006954271156078656,5,26.259473649458098,26.103117622933322,5
982,987,-0.005423107064601191,5,26.0422539692187,25.92706629170931,5
989,990,0.0018210550062154095,1,26.126495348194343,26.20019962869123,1
991,994,0.000588843527025632,3,26.27934195660463,26.321095718966873,3
998,1009,-0.009548583007010128,11,26.256885967905664,26.032426798703423,11
1012,1014,0.008275351901325789,2,26.36816145161234,26.61273542806702,2
1017,1023,0.02285363616592462,6,26.937879480062712,27.580445856261655,6
1029,1033,0.015559471364986376,4,27.649219746534403,28.107076209191355,4
1034,1039,0.004094071553178642,5,28.22871172838674,28.372510805785197,5
1040,1041,-0.002235529539646062,1,28.440334489589873,28.40519561621057,1
1048,1051,-0.012427909487920372,3,28.112169236489407,27.790905910945707,3
1055,1056,0.0022565686373283364,1,27.95833043077281,28.04937865280573,1
1058,1065,0.035499875881755225,7,28.323338041969155,29.357136365058025,7
1067,1069,0.0002685424226936319,2,29.299355928018084,29.336523403970375,2
1070,1077,-0.015330806036233553,7,29.220639471604375,28.801884155082103,7
1081,1083,-0.010014379539608452,2,29.24847169873641,28.984814873890503,2
1088,1090,0.0017793664673621612,2,28.45240148272555,28.53148113332256,2
1091,1101,-0.023160971236938565,10,28.46883097348918,27.83793402913642,10
1108,1112,-0.00922258010427255,4,28.209219700288962,27.977267131624313,4
1115,1116,-0.009860129521464766,1,27.313060701151795,27.07106344571196,1
1118,1121,0.0018718896000474174,3,27.198784448578518,27.276896354770322,3
1127,1131,0.0015659790201534031,4,27.54829246249834,27.61898080299816,4
1136,1138,0.006126848683995741,2,27.62844350144683,27.82534723765597,2
1140,1141,0.000419284092622531,1,27.875922074989642,27.91548592775786,1
1142,1146,0.007748119148871277,4,27.940338490807868,28.18476390098525,4
1152,1155,-0.0007279786916219304,3,28.644442955450323,28.652234854300826,3
1158,1165,-0.02033263570099978,7,28.43520948383683,27.885481937804197,7
1169,1173,-0.005440838519677898,4,27.7909959685643,27.667580643166886,4
1174,1176,-0.013406581406252279,2,27.527772560340992,27.186247009138324,2
1181,1182,-0.006384715121120245,1,26.745273661665646,26.601257982161176,1
1185,1191,0.011312405103644195,6,26.711865829898752,27.040753143070656,6
1201,1203,0.0038980561209794847,2,26.84587685002608,26.977369461454412,2
1205,1209,0.009272494579380553,4,27.017432829017967,27.294969261302832,4
1211,1214,0.001010558963479573,3,27.53142840401955,27.586781964174648,3
1220,1225,0.002250170644947899,5,27.811909661478772,27.902303113840453,5
1226,1230,-0.008740028870802385,4,27.779038284146527,27.564027725824108,4
1232,1233,-0.00310293135565812,1,27.724552323554867,27.66624949315208,1
1234,1235,-0.0020188167585363835,1,27.78174977165881,27.75344525940998,1
1236,1237,-0.0036880241800250095,1,27.600829054131342,27.5266373582451,1
1241,1248,-0.019199827552095906,7,27.50290541692607,27.00235728115641,7
1249,1252,-0.010706245058112303,3,26.95398526240467,26.692363276155024,3
1253,1254,-0.001716888933268315,1,26.568890792022255,26.54984384824424,1
1259,1260,0.0028714746694227964,1,26.36233885998758,26.464399987110763,1
1266,1267,0.0021422822439375907,1,26.923916904225084,27.008519450250482,1
1268,1269,-0.000343070450399004,1,27.060077983822335,27.077854548664416,1
1271,1273,-0.004850677135956338,2,26.966521338137007,26.862681970983964,2
1275,1276,-0.004375563641982666,1,26.640514609814282,26.550587857293685,1
1278,1279,-0.002095273013885534,1,26.57034083328544,26.541239056001,1
1280,1282,-0.009386034697777722,2,26.63325167683586,26.40990430415927,2
1283,1285,-0.009606567612319695,2,26.20148629255925,25.97598142923907,2
1289,1293,-0.000496554402207558,4,26.115228565802894,26.12837616265969,4
1298,1299,-0.0026784668055137278,1,26.030778093872957,25.987086296920697,1
1304,1305,0.0008205115066067601,1,25.11215836626679,25.15787533952831,1
1308,1310,0.006495528938209839,2,25.52464267328464,25.71596337107971,2
1319,1320,-0.0061353625300051996,1,25.778493684761884,25.646111774213182,1
1322,1323,-0.005496272028870581,1,25.65159298548408,25.536256445447474,1
1324,1326,-0.009186312003907779,2,25.55403141348653,25.34483813937807,2
1327,1329,-0.003936327597008748,2,25.422573629238954,25.347924624704433,2
1330,1332,0.010677126070298804,2,25.52217908832268,25.820204791125768,2
1338,1340,0.0006268300639767261,2,26.194685685176093,26.23729998736516,2
1343,1344,-0.00037756870176105877,1,26.40674420150097,26.423180585576574,1
1347,1354,-0.028558320781313592,7,26.387209381320066,25.66002220066596,7
1357,1359,-0.002266758757737616,2,25.737792414504103,25.705188840558197,2
1360,1362,-0.0010502390622014713,2,25.852509463454478,25.85121065762348,2
1363,1365,-0.0031779847457490623,2,25.869631968597748,25.813288304792,2
1372,1374,0.011478838640231914,2,26.341032827873033,26.669738326149112,2
1378,1379,-0.003747936256773524,1,26.5832274795829,26.510178464969695,1
1382,1384,-0.005586058882423775,2,26.682508407949655,26.56014085326003,2
1385,1387,-0.006574235542053704,2,26.628606178857655,26.480172055860116,2
1388,1394,0.0225108023979757,6,26.517604351829725,27.141054507813294,6
1397,1398,-0.0008358574417932028,1,27.295523792306955,27.30000414940982,1
1401,1404,0.003510081580483695,3,27.34024443167745,27.46355116449468,3
1405,1409,-0.00814293232477044,4,27.414896000871547,27.2190732540467,4
1413,1414,-0.0018154878360030378,1,26.947323273594485,26.925348059252027,1
1424,1426,0.009523131576428152,2,27.346744446752904,27.63451783675304,2
1427,1428,0.0020485605877633875,1,27.798695118494393,27.883441124823886,1
1431,1434,-0.0004293172368488346,3,27.95822629049559,27.974181568327854,3
1436,1440,0.0007317470192331158,4,27.917043938445232,27.965389196071435,4
1446,1448,-0.0086800635091342,2,27.847793344381007,27.633920522906916,2
1451,1452,0.001975026148839809,1,27.556025203814464,27.6380050993539,1
1456,1457,-0.0026099667088002585,1,27.938209070068442,27.89322948356213,1
1461,1463,-0.00983330861054377,2,27.355628564609802,27.113987855263197,2
1464,1466,-0.004145928989740101,2,27.065864360815933,26.98071707349087,2
1467,1469,-0.0003666022453477667,2,27.043339636223546,27.060468826827428,2
1470,1473,-0.00044238093375100233,3,26.999657274829108,27.01471279850774,3
1474,1477,-0.019507054889739413,3,26.948032262845597,26.449303550586645,3
1482,1486,-0.008574573735970231,4,26.12357381255634,25.925698876466072,4
1487,1491,-0.008398252635290107,4,26.09488508847641,25.901828536102997,4
1493,1497,-0.00989695046736188,4,25.714629053329435,25.48584727235538,4
1499,1500,-0.000499855559562757,1,25.64428339530168,25.657109241070838,1
1503,1504,-0.003774095400952794,1,25.793467778155485,25.72191423781748,1
1506,1507,0.0023301124109078738,1,25.607349209900708,25.69262456131505,1
1508,1509,-0.000561986097235749,1,25.792326986978598,25.803624384783536,1
1514,1516,-7.886554374813388e-05,2,25.763881271962322,25.78761327072871,2
1517,1521,0.0018662637401923158,4,25.688812794288832,25.76244370692969,4
1523,1529,-0.015594450739011289,6,25.889545297912218,25.511701604406436,6
1532,1543,0.010987108197403946,11,25.39451644601495,25.698923262274086,11
1544,1549,-0.0042325903656248495,5,25.784592448667564,25.701241423536437,5
1550,1553,0.005137533837207708,3,25.77478872203689,25.932982359965273,3
1557,1562,-0.0023767448586120106,5,25.80539190964628,25.769864469010205,5
1564,1567,0.00515631478795703,3,25.8901536547477,26.049541590554902,3
1568,1569,-0.0011177756148621288,1,26.172712746843686,26.169630239507317,1
1573,1575,0.002205769617149838,2,26.367736209586703,26.452265097200417,2
1577,1580,-0.013302678496258383,3,26.52108867296358,26.194808245649348,3
1584,1588,0.0061578227986701815,4,25.95946752716129,26.145280795668544,4
1590,1600,-0.014604259565012667,10,26.35359782916726,25.995076643827314,10
1601,1605,0.002517998722608461,4,26.076859260057635,26.168597617624158,4
1606,1611,-0.029665851072993354,5,26.07293581449097,25.32553291939706,5
1612,1614,-0.0031004811496561473,2,25.345048525095816,25.291811728431732,2
1616,1620,0.005746167877372513,4,25.394019985714802,25.565332307619787,4
1624,1627,-0.01087038035523441,3,25.442243165236057,25.191118548104814,3
1630,1632,-0.01287636351133985,2,24.976457869104983,24.679828376225828,2
1633,1639,-0.03354205353986487,6,24.384353017068058,23.590836095651664,6
1649,1654,0.03014978663538826,5,23.51627219403964,24.24879905534369,5
1658,1661,0.06129915383546142,3,25.06885798726743,26.63062662749554,3
1663,1664,-0.0034593191075790782,1,27.20465928630401,27.137754347906025,1
1665,1669,-0.02625677700356183,4,27.486179587128074,26.791967278616127,4
1677,1678,-0.018081893283662727,1,26.198967576478875,25.751439608195323,1
1679,1686,0.02752964252884255,7,25.666529657171715,26.39878657324676,7
1691,1701,0.02453060933862561,10,27.13103301355198,27.82370481837433,10
1703,1704,0.004510031881377602,1,27.68010897743009,27.832627260375737,1
1708,1709,0.008546666985167678,1,29.7776408167404,30.06191803722176,1
1714,1716,0.0012901984701697289,2,30.629726220813357,30.69987437294598,2
1719,1720,0.011016419344204973,1,30.442434036235536,30.80824308947324,1
1721,1726,0.03195904274312346,5,31.37754178144661,32.41171552219545,5
1737,1738,0.0018439138735433227,1,31.13319887282941,31.221739009031634,1
1739,1740,-0.005399682642277181,1,31.1155020525796,30.978603718293126,1
1744,1746,-0.024862033460853136,2,31.261578539133883,30.51561370599398,2
1747,1748,-0.004823814259951937,1,30.445184845127347,30.328768113169676,1
1749,1756,0.0009382509588815966,7,30.34266036745028,30.401472058002508,7
1758,1765,0.009998448273950893,7,30.472970916557752,30.808126310937123,7
1766,1771,0.05943123078599449,5,30.681784293821273,32.53592228140729,5
1772,1778,0.005677622427228198,6,33.414122040200006,33.637248930921785,6
1783,1784,-0.017743142558658075,1,33.929374533578006,33.36129017883621,1
1786,1790,-0.02546244453165435,4,31.95397776586856,31.172305357205286,4
1792,1793,0.02366401271109612,1,31.71603393833255,32.49827860253314,1
1799,1805,-0.005731854999454761,6,35.09781310093641,34.93173533854482,6
1812,1816,0.0024853910813228937,4,33.257041263269365,33.37295505827955,4
1820,1822,-0.018793910513475558,2,32.21626086434828,31.64300760144928,2
1824,1825,-0.015039153291437565,1,30.943510063127956,30.509089381976562,1
1832,1833,0.0054600426773671685,1,31.31720264177356,31.51951310737517,1
1836,1837,-0.012701474705615633,1,31.64059284216252,31.27035124534927,1
1838,1840,-0.027919470171824397,2,30.859307836154265,30.028591619335764,2
1841,1843,-0.00791142737913671,2,29.966428407077732,29.759317613330115,2
1853,1855,0.021093239268484394,2,30.218595593306254,30.886222256106738,2
1866,1867,-0.009044040049599342,1,30.730653528824636,30.48345492108841,1
1870,1872,-0.019434208780819296,2,30.387297284309085,29.827131501885308,2
1873,1874,-0.003679513312770171,1,29.726093376364304,29.646441913425686,1
1880,1881,0.007962306686779774,1,29.976376966722015,30.2450344504563,1
1885,1889,0.02511651734139453,4,30.38729188427918,31.180902119732973,4
1891,1893,0.014840452450500318,2,31.317551108910763,31.813635288117577,2
1896,1899,-0.012297929132940047,3,31.99459899219703,31.633126280146353,3
1907,1908,-0.004378231359747483,1,32.016885438458566,31.908724992028922,1
1909,1911,-0.011450742868758385,2,31.79570114338473,31.46341244640333,2
1912,1918,0.00540691295572775,6,31.213807454015697,31.41379160139042,6
1923,1924,-0.003819292934137789,1,33.1242778966615,33.03089085403903,1
1928,1929,-0.0011670586196720154,1,32.61743328933511,32.61198426595255,1
1932,1933,0.0007404532134267635,1,32.491294459378,32.54784403722822,1
1944,1946,-0.005275686490054285,2,31.52727403070245,31.392473291061137,2
1949,1950,-0.006623514746497923,1,31.32487176678028,31.148715888467635,1
1952,1954,-0.0034511457662645124,2,30.781712520295383,30.70626205597289,2
1956,1959,0.018945883967666652,3,30.712317936214983,31.324902266148815,3
1962,1963,0.016530036068585635,1,32.368001739695345,32.93541397766025,1
1964,1965,-0.0005758782312725948,1,33.186529758353004,33.20060488805204,1
1966,1969,0.026030600658159913,3,33.44654126656741,34.35062136694066,3
1971,1973,3.848294160327783e-05,2,34.20297271182162,34.23849191553497,2
1975,1981,-0.009039722236179253,6,33.90862847914263,33.636012524760524,6
1984,1985,-0.0051724166368263234,1,33.23997487838057,33.10128385419033,1
1988,1989,0.0005726163814466544,1,33.44040140785779,33.49299033091394,1
1994,1996,0.0022540169847951675,2,33.62701463438654,33.73643751115479,2
1997,2000,-0.018839878525942683,3,33.81386602359626,33.210630761242804,3
673,674,0.001362962999633956,1,27.015448185311904,27.079284689792324,1
675,680,-0.019892037831459382,5,26.994147306206358,26.48417285406952,5
681,685,-0.00918774196097992,4,26.353121760145953,26.137349199307593,4
687,689,0.0036103622254667622,2,26.141366060345185,26.2618872269519,2
690,692,0.008592831194426949,2,26.36438530392269,26.61729440168805,2
695,698,0.009515695936073522,3,26.818627678099837,27.1006442121855,3
699,701,-0.008919811275803022,2,27.110963616031096,26.896249900686968,2
702,703,0.0037409544129672484,1,26.993890457606106,27.12186726169425,1
704,708,0.011178374888194217,4,27.41890995037215,27.75282771477342,4
709,710,-0.004046042409045049,1,27.71690371019712,27.63247684604844,1
713,717,-0.016114210172657267,4,27.364373972137766,26.950783072679684,4
718,720,-0.007709621367533212,2,26.812967448501663,26.633062589182224,2
723,727,-0.02035435486422079,4,26.837730862989726,26.318303896116973,4
728,730,-0.008693559400136722,2,26.25986437819502,26.05783255176184,2
732,739,0.019138936107719235,7,25.9800020617525,26.50321166335255,7
746,747,-0.003324282477309328,1,26.39757802502408,26.336222596977112,1
748,749,0.0026697804271578734,1,26.33435101628502,26.430992302206487,1
750,757,-0.002948852608301759,7,26.404410427512776,26.352952123380447,7
758,759,-0.0031696004965814885,1,26.410285042523434,26.352985274980316,1
760,762,0.008354441380660896,2,26.574278442076725,26.822865971996492,2
767,771,0.0036925260880926796,4,26.951333053708854,27.077802887172258,4
773,774,-0.004391308549567435,1,27.264199320974875,27.171738008720542,1
781,783,-0.0010149884340094454,2,27.78485635055529,27.78443989906942,2
787,789,-0.0035939671359267416,2,28.21106428670177,28.13788571307255,2
790,792,-0.009247311331760526,2,28.00000713223573,27.769082356124667,2
794,795,-0.001969292289516824,1,27.693106385623047,27.666263671130693,1
797,799,0.004931082013369341,2,27.913352872784866,28.078909257941472,2
802,807,0.012353443188259625,5,28.131805110319707,28.507461571643553,5
813,817,-0.007100913574522552,4,28.59255008769206,28.418109410731844,4
824,825,-0.0026252124043437365,1,28.627293303012852,28.58076787083401,1
828,829,-0.007290706878758624,1,28.489984867276895,28.310762723496588,1
835,836,0.006832598741947087,1,28.156164384410808,28.3767003221462,1
840,841,-0.002485310074013384,1,28.754205472750545,28.711496561691618,1
842,850,-0.015766633795745916,8,28.70692753649851,28.283022850166024,8
852,856,-0.0030196865072653904,4,28.15642661603539,28.099559461106175,4
857,858,-0.006129171909050186,1,28.067067104762067,27.923106292598895,1
859,862,-0.005940368011077577,3,27.92298242282704,27.785032613691424,3
867,873,0.0053519066212638945,6,27.685815330025367,27.861673043735244,6
875,877,-0.005576904077162894,2,27.771437073997653,27.644329870425,2
882,887,-0.0024953661612470293,5,27.245464489162835,27.204722543518283,5
888,889,-0.0023119352895917193,1,27.263073885646666,27.22730649691334,1
890,891,-0.003546630761931374,1,27.130955985978535,27.061863458864035,1
893,895,0.0024684467198338622,2,27.02318897340555,27.11691746455981,2
896,899,-0.004344045703095569,3,27.374297476334906,27.28275657448391,3
901,902,-0.0011047753970626773,1,27.39011886724404,27.387249056664132,1
904,907,0.0012072179177069551,3,27.56295200137306,27.623789442895387,3
913,915,-0.012732116775769242,2,27.915734068858782,27.58822341688161,2
916,917,-0.004982777795226928,1,27.47000984389248,27.36060289865156,1
921,924,-0.00970273185924982,3,27.302603042980085,27.06499580963749,3
926,927,0.0013782195738777179,1,27.045925297260705,27.110246446196285,1
936,938,-0.006910206307503287,2,27.27822231660933,27.11700239501623,2
946,951,0.007587483862291115,5,26.424634365058452,26.651555486235335,5
955,959,0.002823588120251728,4,26.64795968413125,26.749850506208443,4
960,961,-0.005404879490861484,1,26.84848288353526,26.73021855192083,1
963,964,-0.004518085369062943,1,26.610482113610182,26.51686416582258,1
971,972,-0.004900324133598899,1,26.282632497086478,26.18012171126358,1
973,974,-0.001958848186129048,1,26.202662852386435,26.177538476638674,1
976,980,-0.001180292945120673,4,26.11856449121187,26.113855498297426,4
981,983,-0.01037180443049929,2,26.089167889322248,25.844665310109058,2
988,989,0.0015210651115414179,1,26.04711977450253,26.11278625942217,1
993,994,-0.0021456881540662534,1,26.33298620480288,26.302816814446846,1
996,1002,-0.008354249225997805,6,26.21808730038538,26.02527295214938,6
1011,1017,0.021136431271981445,6,26.28276227284541,26.86456883353608,6
1018,1026,0.020193699763694714,8,27.019141714521172,27.591777291891454,8
1029,1030,0.004747014824855454,1,27.604150654684084,27.762792117724096,1
1032,1033,0.002687356955122075,1,27.955690636259458,28.05877324656231,1
1038,1045,-0.00020817250654065736,7,28.388757310727282,28.41123630927106,7
1050,1054,-0.005470011888592427,4,27.937777736653672,27.812895538029977,4
1055,1058,0.010596213641615417,3,27.974562047800042,28.298961045836958,3
1060,1063,0.02804669799555277,3,28.73266349988139,29.567252499170287,3
1064,1065,-0.008016104136394284,1,29.541751119318427,29.334483117093846,1
1066,1067,-0.0025573380908830443,1,29.346170684202974,29.30046877477491,1
1068,1070,-0.004277048240107054,2,29.289184168960453,29.19320209952539,2
1074,1076,-0.00011462179174401928,2,28.636481974218242,28.66183609131933,2
1081,1083,-0.0105397799967124,2,29.298173272963176,29.018675145633548,2
1086,1088,-0.0072031252456703325,2,28.59974946748229,28.422341639540704,2
1095,1098,-0.011275569589993373,3,28.013719226074656,27.72586230469259,3
1102,1107,0.005152064377287277,5,27.867427259708485,28.038869466239582,5
1108,1110,0.0022872425099596835,2,28.183704644825504,28.276351316822122,2
1112,1116,-0.036570200807363985,4,28.057591880931952,27.059577703556137,4
1121,1123,0.006137333150069861,2,27.343155898645513,27.538313111668444,2
1126,1128,0.0011614546127515454,2,27.551011459703858,27.610561720509406,2
1129,1130,-0.004956455543757616,1,27.724599241632266,27.61490809726425,1
1131,1132,-0.003436512465542493,1,27.609830467803167,27.54255877169685,1
1133,1136,-0.0006944401491544303,3,27.60414759372815,27.61258231294961,3
1137,1139,0.005096566305091775,2,27.71272365970986,27.881676116995965,2
1142,1144,0.005241869779116917,2,28.048049328896937,28.22312160036616,2
1145,1148,0.002551142221426287,3,28.27666659297407,28.377081057593575,3
1151,1154,0.005375406768310303,3,28.52072897891198,28.70256022748128,3
1156,1162,-0.020386185560845867,6,28.697788802760158,28.141448143843885,6
1164,1165,-0.0006248098325806976,1,27.99818204603406,28.008686688643348,1
1170,1171,-0.0002720879686776193,1,27.735216002394978,27.755404799814446,1
1172,1173,0.00019864877916459184,1,27.676398233492634,27.709572514446883,1
1174,1176,-0.01485202904175268,2,27.54105440927115,27.159554923753436,2
1184,1192,0.012662218542543006,8,26.720655457630855,27.085718892093002,8
1202,1204,0.0012263361603563794,2,26.94047485629772,27.000453409647466,2
1209,1212,0.012502208730497493,3,27.25238887540212,27.620356318402486,3
1213,1215,-0.009617272122779727,2,27.73378046635679,27.49479093308476,2
1217,1219,0.008000275662674517,2,27.47519206379975,27.722476366258874,2
1223,1224,-0.003787237605020222,1,28.060020632502358,27.981810687797804,1
1235,1237,-0.007595255506874813,2,27.73518091798552,27.552260313302007,2
1238,1240,-0.006366358527150766,2,27.53271063693753,27.384960240435426,2
1245,1247,-0.00960102894422276,2,27.574259088031447,27.33709208749979,2
1255,1261,-0.004019459242882731,6,26.608579072098323,26.5282355520791,6
1263,1265,0.0042230203380940814,2,26.783660866654223,26.923552472089373,2
1270,1272,-0.005907122206376818,2,27.08224096500575,26.94934509896792,2
1277,1284,-0.017892082383607302,7,26.541819377524174,26.09347277798821,7
1287,1288,0.0024563986732317068,1,25.997053753209283,26.08690993530981,1
1289,1294,-0.0006581870466910736,5,26.096079216476962,26.10499919438373,5
1297,1298,-0.0019784862537974104,1,26.067908966595073,26.042401876006018,1
1299,1300,-0.003567684647617226,1,25.973993845064943,25.907300819831665,1
1301,1302,-0.008342027834649254,1,25.89689208659705,25.706756384066345,1
1304,1305,0.000624904405683034,1,25.12925077338356,25.170083403676745,1
1306,1308,0.007510064140494029,2,25.281895034113923,25.49704558244747,2
1310,1314,0.021005251094695924,4,25.71306134929033,26.278883720694786,4
1319,1321,-0.005612682240785306,2,25.810803727577508,25.691746691602916,2
1328,1330,0.0041233676857793085,2,25.384096746406975,25.514148807410212,2
1331,1333,0.008888145792193793,2,25.661178814521158,25.914920291838698,2
1334,1335,0.00014137039168151452,1,25.93982168002629,25.96942862445737,1
1336,1338,0.00266395373349175,2,26.13213945460869,26.22788640452753,2
1339,1341,0.0010475183715050007,2,26.241057690776746,26.294786738486334,2
1343,1345,-0.001878513513650159,2,26.452475703706046,26.429236846330838,2
1350,1353,-0.01696864018751319,3,26.241648645092386,25.822605199951763,3
1358,1359,0.0003235808714495544,1,25.741236455733386,25.775307063913655,1
1360,1362,0.0009822985185659865,2,25.84907692768964,25.900317514589698,2
1363,1364,-0.004159402987973779,1,25.857280787566985,25.77558721738587,1
1367,1368,0.0007438718693380548,1,25.968660234519202,26.013946250586578,1
1370,1372,0.005053103325767268,2,26.17776196775602,26.336218665784187,2
1377,1381,-0.0030385742721574416,4,26.675353737481743,26.620974047651814,4
1384,1386,-0.002973054498442091,2,26.624397680147155,26.57186629253603,2
1389,1391,0.00570135374959448,2,26.503435390267075,26.681044286396776,2
1392,1393,0.005230403962106291,1,26.834209431099097,27.001397395858607,1
1402,1403,0.0012582856962056748,1,27.418612456548818,27.48053151686925,1
1405,1406,-0.0013326308025669899,1,27.461529451468092,27.452394900886933,1
1407,1409,-0.0035857533933698242,2,27.300475134100964,27.229882837882354,2
1420,1421,-0.00322748937706229,1,26.96611169271561,26.90604496537941,1
1431,1435,-0.004358185715509364,4,27.993500482628022,27.899493109180156,4
1436,1442,0.0035061090149994837,6,27.943167885703595,28.069082846421008,6
1445,1446,-0.008655578731082185,1,27.97806376297377,27.763875493093085,1
1447,1450,-0.005642225788158219,3,27.694222844990975,27.565660009516957,3
1451,1452,0.0015930490452195738,1,27.57922998909675,27.650744285087868,1
1460,1462,-0.009786110574504885,2,27.480960466637313,27.23950970928384,2
1465,1470,0.0018391611456020102,5,26.972910408099985,27.049490847314466,5
1472,1473,-0.000829944141074347,1,27.068470655049023,27.07307380707607,1
1477,1478,-0.005501800503457577,1,26.479612296364174,26.36040636439704,1
1480,1483,-0.019850329140830226,3,26.426522711830412,25.928374060664783,3
1485,1487,0.0022806179830979346,2,25.953094448328823,26.03823663669305,2
1488,1489,-0.0010260047965695708,1,26.014221807665383,26.01354531311936,1
1490,1491,-0.0042177476713181755,1,26.00437572048923,25.92070020107054,1
1492,1503,-0.0026531031034917807,11,25.86509112400081,25.822333461591626,11
1507,1509,0.002335495560893592,2,25.707993048507795,25.793741945200576,2
1510,1513,-0.006650619477526162,3,25.79109874765646,25.64536306272615,3
1515,1516,-0.003947248081563184,1,25.853830644132433,25.777632991365454,1
1518,1519,-8.815105306709322e-05,1,25.71689987158193,25.74034979964821,1
1520,1521,-0.0030031448106316787,1,25.736443174383066,25.684889351794183,1
1524,1525,-0.0010188960392021854,1,25.88484296779098,25.88435384678352,1
1526,1530,-0.01828393440286664,4,25.91843784059744,25.47046526113578,4
1531,1534,-0.0029850858571373617,3,25.389395890504098,25.338995759800596,3
1537,1540,0.005405248523925949,3,25.29196781353919,25.453969153044046,3
1541,1542,0.0010829955943945702,1,25.609574510040243,25.662919140918977,1
1544,1545,-0.0029452103302386903,1,25.781676087033244,25.73152530437788,1
1549,1551,0.0013117880364832027,2,25.680269413852304,25.739636753456914,2
1554,1556,-0.005242808348149381,2,25.92721394466377,25.817209744895095,2
1559,1560,-0.004960024515411071,1,25.721555047370096,25.619697058808015,1
1561,1562,-0.00023493902584831533,1,25.744914907803903,25.76461133748272,1
1564,1566,0.004920260281622836,2,25.894403395371473,26.04770500330941,2
1569,1571,0.0020108639799183373,2,26.213291170661442,26.292215824842298,2
1580,1581,-0.008258859617426628,1,26.21023783622144,26.019981399228946,1
1583,1585,-0.002991610335832957,2,25.907320357250597,25.85572307025336,2
1590,1592,0.00032193378839678855,2,26.328233475503655,26.363037656923723,2
1594,1597,-0.009903140457141309,3,26.438472451976338,26.20308701826413,3
1600,1603,0.005501440377598371,3,25.996803515665057,26.165820183730293,3
1605,1606,-0.00836534944550238,1,26.23030113532674,26.0371058014043,1
1614,1615,0.0022528838696779835,1,25.248488872847762,25.330619275035993,1
1616,1621,0.004112460388971467,5,25.434764648483736,25.56479887525192,5
1624,1626,-0.007901617065508904,2,25.421230534006494,25.24578293552676,2
1630,1631,-0.004636642048801078,1,24.963730927137075,24.872946773552492,1
1633,1636,-0.024108346690761014,3,24.373126823503515,23.80990415892811,3
1647,1655,0.09554196165282274,8,22.25169086249095,24.399912748448017,8
1656,1664,0.09832960659284311,8,24.682790013411434,27.13452183505735,8
1672,1678,-0.05081672939760837,6,27.137095013722035,25.785213694786258,6
1683,1684,0.0030899277794212794,1,26.314099293738476,26.421722059430387,1
1687,1690,0.018448896614749397,3,26.508409580933968,27.023968898294985,3
1699,1700,-0.0038182750829151403,1,27.8404339764227,27.761971975049402,1
1701,1708,0.06902690993989592,7,27.830327478877628,29.779199314838802,7
1711,1715,0.016840392726668936,4,30.323910020822584,30.86490048460223,4
1723,1724,-0.005874590237648087,1,32.41450090221486,32.25649349255869,1
1725,1727,-0.005318937681058421,2,32.39657443717134,32.256655651097425,2
1731,1739,-0.019599449113511462,8,31.715746481019433,31.125851068248682,8
1740,1745,-0.00661080615919899,5,31.002284315635663,30.828336507848256,5
1748,1749,-0.0017309515742579456,1,30.32785442289965,30.305686229965367,1
1752,1753,0.0005342674558460293,1,30.435596924117505,30.482293269977426,1
1754,1769,0.004083398048417947,15,30.496902190795147,30.65193008387463,15
1773,1777,-0.013704456061983221,4,33.87278751743564,33.442452176723485,4
1778,1782,0.009599325741279353,4,33.70925477707372,34.0665501489517,4
1793,1795,0.006177023367024191,2,32.513962465064786,32.7473159334311,2
1801,1803,0.002349283978549074,2,34.97436104146466,35.09150010856083,2
1810,1818,-0.028026970746662307,8,33.61411555019159,32.70562783254164,8
1821,1825,-0.04270152897054643,4,31.851557054181757,30.523298424929784,4
1827,1830,0.02058211507395101,3,29.937014034956455,30.58311811682937,3
1831,1832,0.017135385976661886,1,30.725976027657246,31.28320346242847,1
1834,1838,-0.03732724009627286,4,31.949774541488747,30.7891274106983,4
1840,1846,0.006398868713357926,6,30.011983011198396,30.23403773332578,6
1848,1861,0.027457737428238673,13,30.134053639677212,30.991600625803606,13
1863,1867,-0.008779982141017547,4,30.77781602675952,30.538365167731808,4
1868,1871,-0.008500491392599091,3,30.35570073091393,30.128018058865397,3
1879,1883,0.022593813453893483,4,29.82076076729267,30.524346233889357,4
1887,1889,0.01650302874806784,2,30.629770405328614,31.165884157279798,2
1892,1896,0.008600217968904103,4,31.656624413056882,31.96053490758196,4
1898,1899,-0.004211823133947497,1,31.742983859747618,31.64103100984636,1
1901,1905,0.0013927114950840831,4,31.731179585340268,31.80710314348669,4
1907,1914,-0.02744556832775204,7,32.06875914693933,31.22068258573272,7
1915,1916,0.0010670473658054725,1,31.382793106052535,31.44766282587402,1
1919,1920,0.008186385005696933,1,31.637906242302424,31.928544229818357,1
1921,1922,0.017248988628871774,1,32.58737589600062,33.18206254817151,1
1925,1928,-0.0065242066316806195,3,32.77554760645907,32.594488709014506,3
1929,1931,-0.0032865580813250784,2,32.60759932905712,32.53304015929866,2
1932,1942,-0.033774322358697484,10,32.5238944595698,31.457945858191607,10
1945,1947,-0.0080841072719197,2,31.5031257892562,31.279954266764328,2
1948,1958,-0.015796311186559702,10,31.3879868792845,30.923560457898954,10
1960,1962,0.02019014196516755,2,31.700802817181206,32.37254732928706,2
1963,1966,0.012527385767241446,3,33.04369129850697,33.490686057875514,3
1973,1975,-0.01504827962929382,2,34.308234962006736,33.82626328367295,2
1980,1985,-0.02167883531672849,5,33.799743285861325,33.1008039607053,5
1987,1991,-0.0038376859992400657,4,33.358961042436064,33.26429878573675,4
1993,1994,0.0024019252168078044,1,33.47734453662203,33.591231959192925,1
672,678,-0.013444796512693116,6,27.027523049621045,26.69117102502639,6
681,685,-0.009536995565738646,4,26.38612021574535,26.160862024466486,4
686,689,0.006570766326291333,3,26.126270477053453,26.32406636581271,3
693,695,0.000931334389810429,2,26.707246315717974,26.758826938984658,2
696,697,0.0027300342250939336,1,26.979981912949746,27.080618168877464,1
698,699,-0.0035645474694594803,1,27.153337948518764,27.083701924395513,1
700,704,0.014778826465370924,4,26.971045755417556,27.39661720598187,4
707,708,0.00034339248592888164,1,27.73561585120489,27.77287566913201,1
709,713,-0.01656225690316282,4,27.76418818367704,27.3321147544549,4
714,729,-0.047984705157221995,15,27.4278491428061,26.13915973773459,15
731,738,0.02445267578785441,7,25.955024972950458,26.61564980865263,7
739,743,-0.011606315043144168,4,26.559064523507626,26.27737071792011,4
744,746,0.0042338342762982635,2,26.253433017006017,26.390839134600924,2
748,749,4.404309092701669e-05,1,26.333668226588006,26.36116171095874,1
752,754,-0.0006967118610125558,2,26.237056917329074,26.24501430549404,2
756,761,0.014182117686405461,5,26.33389602880425,26.733700337455122,5
766,770,-0.00018262274188475557,4,26.943805686281472,26.965828940296515,4
771,775,-0.0006259851763625244,4,27.17351582651132,27.183679124240783,4
777,780,0.017418646735126057,3,27.226440657816845,27.727914850148046,3
781,783,-0.0031031520714559536,2,27.793890280642948,27.735435502725394,2
785,787,0.006337915210516707,2,28.052549030956275,28.258396257184295,2
790,791,-0.00762901777534743,1,27.983567481170695,27.79806391492038,1
792,799,0.009525690246701544,7,27.8374148782907,28.13042288456851,7
802,803,0.0027900376716410726,1,28.15582197486541,28.26253360082617,1
808,811,0.002383709388001991,3,28.53390378664812,28.630454224767348,3
812,825,-0.004647833174374866,13,28.64599190486474,28.5414961052813,13
826,827,-0.0012959473802697855,1,28.51977983652995,28.511339482401457,1
828,829,-0.0073736838116347046,1,28.477607535721454,28.29610026957694,1
833,837,0.019465155047034596,4,27.925270647923558,28.496765641463718,4
842,844,-0.0013966425227701046,2,28.689328841339734,28.677949433571523,2
845,848,-0.0018895535669491504,3,28.59102752058215,28.565594270068473,3
850,853,-0.009692428388817256,3,28.329398821471003,28.083147550917122,3
854,857,-0.004138708504874329,3,28.084531546815686,27.996382388794284,3
864,872,-0.002461904888368065,8,27.958204565754095,27.917332329829424,8
878,879,-0.00614788398044198,1,27.495135334529934,27.353593567801223,1
881,882,-0.0019158146172683832,1,27.200379645080144,27.17546913980593,1
883,884,-0.002766924911548666,1,27.168330154668773,27.12032575531331,1
885,890,-0.004593331918947501,5,27.175854069382382,27.07820220553021,5
893,895,0.0004660502757310161,2,27.043794101587192,27.083441663386637,2
898,903,0.0020259775989772623,5,27.398747400748785,27.481655396623488,5
908,910,0.0033049492775284964,2,27.71095503673773,27.83024929260276,2
919,922,-0.002332094505815233,3,27.273079126732767,27.236748807871383,3
923,928,-0.0019330812400905472,5,27.18955466308266,27.16418459970012,5
930,935,-0.001198671133727813,5,27.378171161541765,27.372731909237707,5
937,941,-0.010602449981319251,4,27.253545458454465,26.991844651376045,4
942,944,-0.008365294976225263,2,26.899503013150586,26.70138023874487,2
945,947,-0.010298621766167648,2,26.54355944054034,26.296740920974965,2
952,956,0.0021946031322259787,4,26.65261602519146,26.737760555827553,4
958,960,0.00018542305402870457,2,26.78071618290393,26.812462661270544,2
976,979,-0.0032598780310589648,3,26.183659106592767,26.12448723060504,3
983,991,0.014300136732130323,8,25.864492733945273,26.260223009281827,8
993,994,-0.0028805472846134194,1,26.37817720656322,26.328571797044365,1
996,997,0.00022026464431734033,1,26.224833090439546,26.256834327062933,1
999,1003,-0.012709991551619754,4,26.256928507007448,25.949460096018907,4
1007,1008,-0.0019921388703332144,1,26.021510212304268,25.995693260557868,1
1009,1018,0.03547437275473915,9,26.040829712403223,26.990652642176105,9
1026,1028,-0.003371956650207949,2,27.653375665431206,27.587783057120888,2
1045,1047,-0.007912253983152446,2,28.383993468041968,28.187796096134722,2
1048,1049,-0.001628509461712053,1,28.064931933887955,28.0472928586252,1
1051,1053,-0.004185141460228924,2,27.803743551727994,27.715184695391812,2
1059,1068,0.031517832386238176,9,28.375054306654203,29.29774956654839,9
1073,1074,-0.001974692165447303,1,28.708177354690925,28.680195719139036,1
1077,1079,0.0090341680815052,2,28.81364943129038,29.102770432725514,2
1080,1084,-0.015379443606297519,4,29.229101278762595,28.80880306526187,4
1085,1087,-0.012458501613481276,2,28.733558187139927,28.404314664291526,2
1089,1091,-0.0017198176993480831,2,28.491809597256648,28.471300688422087,2
1095,1096,-0.002783218071939499,1,27.994377840109554,27.944457759632368,1
1097,1099,-0.007185651846003648,2,27.93619117048125,27.763387617997253,2
1101,1102,-0.00012196316546516457,1,27.80419480177451,27.82860790896505,1
1103,1107,0.002015482861800497,4,27.976237796093578,28.060599661705353,4
1109,1112,-0.010279544311382997,3,28.242080971681254,27.98000732985887,3
1120,1122,0.008867476424716896,2,27.179740908844227,27.44793636149216,2
1123,1125,-0.0009445642078226859,2,27.522791070899927,27.524316818625874,2
1126,1128,-0.00019912781195709206,2,27.568702737771584,27.590781745054688,2
1132,1133,-0.0015114005728813847,1,27.587665806163507,27.573557458065775,1
1135,1138,0.008171549068256352,3,27.56579871730304,27.818619792844462,3
1145,1146,-0.002292102769093669,1,28.23011783163107,28.19364161820898,1
1151,1152,0.0009039433530906732,1,28.591112026864426,28.645547884565445,1
1153,1156,-0.005033264201687223,3,28.71865294478226,28.60282302993939,3
1157,1158,-0.0065670325433082625,1,28.553503468606404,28.394545185571207,1
1161,1163,-0.005823378414201916,2,28.276094610240783,28.139708305859816,2
1164,1166,-0.006374333025661384,2,28.037865145623773,27.887180321002607,2
1167,1175,-0.026595620376306525,8,27.91026934938492,27.1958886905176,8
1178,1180,-0.006228716762192379,2,27.00343774542277,26.86224441784646,2
1182,1186,0.0013168160200576215,4,26.63373630997352,26.69544177693046,4
1187,1188,-0.0021988136993338556,1,26.81555728776735,26.783410430335504,1
1194,1196,-0.00693040251461046,2,27.10458411194426,26.943843018169314,2
1203,1204,0.0008930787472022155,1,26.96572565671255,27.016773898856158,1
1207,1209,0.009051444665954492,2,26.98291313494061,27.254130393242722,2
1215,1217,-0.0021097572702587853,2,27.547986250458507,27.51741467243607,2
1219,1220,0.0002632418303879366,1,27.709909905450864,27.74491422275971,1
1221,1228,-0.009744375230070022,7,27.89315497376502,27.649246760323926,7
1233,1234,7.962777595677353e-05,1,27.71338831889353,27.743308462688482,1
1236,1237,-0.003639872937994596,1,27.63170042342243,27.558756245243863,1
1238,1245,0.0029055867244887805,7,27.476912976425456,27.584226442976117,7
1249,1255,-0.015155105433097862,6,26.985600764724467,26.603616740724306,6
1258,1259,-0.0022934455853248314,1,26.40877106774539,26.374612759393962,1
1263,1265,0.0032672635741069584,2,26.797741125818117,26.91209415039267,2
1267,1268,-0.00023459511949973832,1,27.002955143229958,27.023623336884516,1
1271,1273,-0.002828296410954047,2,26.936694883833546,26.88744662125447,2
1275,1278,-0.006437624591281282,3,26.667321726237077,26.52231484183488,3
1279,1280,0.000948826037623515,1,26.512512644104238,26.56418091906789,1
1282,1284,-0.015025031514341425,2,26.426408803092155,26.055777586817918,2
1287,1288,0.002411075868317531,1,26.008263687452718,26.096979848093827,1
1292,1300,-0.008970984807256822,8,26.140143563460484,25.931780876256628,8
1304,1309,0.016651975871544412,5,25.10621352584328,25.549387801227308,5
1313,1314,0.0055791664338746905,1,26.107366721557945,26.279131432369276,1
1316,1319,-0.030516854869080002,3,26.52613500463385,25.74316692746445,3
1325,1329,-0.001145763031018297,4,25.31823035693806,25.314539894941213,4
1331,1332,0.00382853638911731,1,25.694453170237598,25.81851977236856,1
1333,1335,0.0010334495305207524,2,25.91955735925316,25.97226347099664,2
1339,1340,3.898087773821098e-05,1,26.209674438467076,26.236905789020387,1
1343,1344,-0.001895161029803155,1,26.439656942924795,26.415989192388125,1
1346,1347,-0.0007836909418194994,1,26.388948136422226,26.39465630493999,1
1349,1350,-0.0016274117905739622,1,26.28749677590546,26.27100369048358,1
1355,1356,-0.0025393845346091686,1,25.620063587279102,25.58062445761714,1
1357,1361,0.0003685205891130511,4,25.792108682017137,25.82740571378512,4
1362,1363,-0.004854562144952574,1,25.93787630755883,25.837897151423252,1
1365,1369,0.007444510736626784,4,25.8203984055737,26.03843903713355,4
1374,1375,0.00031607296986622545,1,26.683793106914838,26.71891092575635,1
1380,1383,0.002452393863615012,3,26.516304074060173,26.607848799531208,3
1384,1385,-0.004389751773241897,1,26.686332277880123,26.595872235719856,1
1386,1387,-0.006158198846379106,1,26.63097816052245,26.493610279696895,1
1397,1398,-0.002245311241561113,1,27.3423518832223,27.308302145051403,1
1402,1405,-0.0024614435359981562,3,27.480828180977685,27.44066650226872,3
1406,1409,-0.010639786473095856,3,27.466126564391974,27.20135896906821,3
1410,1411,-0.005259234569106075,1,27.222005788101516,27.106060880008428,1
1413,1417,0.0027098607119385686,4,26.998805630744002,27.098967439022765,4
1426,1428,0.00889250689752057,2,27.63356440293962,27.90692962939878,2
1429,1433,0.004035697982060765,4,27.83537616132765,27.975546708893148,4
1442,1446,-0.013234887005025182,4,28.079774259183797,27.73622139399607,4
1450,1451,-0.0037919093208573246,1,27.57272692664915,27.495746373341184,1
1453,1457,0.0005279225563454945,4,27.797803326012588,27.840276216731258,4
1459,1462,-0.008661217023566273,3,27.478133011245763,27.26761707084419,3
1468,1469,-0.005401631375782527,1,27.097970324321935,26.978695047922375,1
1470,1473,-0.0011016384710473735,3,27.022957021398835,27.020210449364,3
1477,1478,-0.005888371669579996,1,26.438613044323386,26.309371277334527,1
1481,1489,-0.017063389349577695,8,26.40682612646113,25.982642996905184,8
1491,1494,-0.016256989607805784,3,25.90819886725193,25.5129177463773,3
1497,1501,0.003665838153362317,4,25.477607963127344,25.59648235841811,4
1502,1504,-0.004560453154779882,2,25.748622539485773,25.656945775133824,2
1506,1507,0.0009521739743791583,1,25.611004416927344,25.66100155320778,1
1508,1510,0.00034701756762390906,2,25.768233391020033,25.80294365408437,2
1518,1523,0.0032018005303234573,5,25.73841366226851,25.846561342444314,5
1525,1526,-0.004338501971132067,1,25.935276873174672,25.848691900211723,1
1527,1528,-0.007062321113761831,1,25.79890205351626,25.642500824885357,1
1529,1531,-0.009989781587760312,2,25.555836322779314,25.326094935944976,2
1533,1535,-0.005635307076358434,2,25.409119817966282,25.291340745070023,2
1536,1537,0.00030783757894410667,1,25.265545195271446,25.298588424730333,1
1538,1539,0.00198777572698528,1,25.28688033996185,25.36243186725277,1
1540,1554,0.015419922870524884,14,25.466209704034835,25.8843629031797,14
1555,1557,-0.003306521958071442,2,25.82653335396104,25.766963887679264,2
1559,1561,-0.0001543290457326048,2,25.711140062949216,25.732883227301553,2
1565,1569,0.005250274051731998,4,25.973928172617818,26.13627234189668,4
1572,1574,0.0009714070978263161,2,26.369589544580183,26.421574740575135,2
1575,1578,-0.0038744151066474617,3,26.467668155743418,26.391589090558817,3
1583,1591,0.015717100044508037,8,25.90676637326966,26.339852378561307,8
1599,1603,0.006410235425001338,4,26.006400888860973,26.199114442004397,4
1604,1605,-0.00118576766828691,1,26.199096070436344,26.194229125448114,1
1606,1612,-0.031190321935000976,6,26.096299243127213,25.30844356766508,6
1615,1616,0.0030926007240615365,1,25.29409238312885,25.39761100393052,1
1620,1622,-0.0037518903670075363,2,25.60941076818025,25.538936477382556,2
1632,1633,-0.011875645150826914,1,24.70168730788644,24.433040522099184,1
1636,1643,-0.038609779646348354,7,23.821733297071827,22.925803156974876,7
1646,1648,0.038174158912829506,2,21.963125545597407,22.823512515943065,2
1651,1652,0.0036671048588523686,1,23.974604624009146,24.086496617738923,1
1657,1663,0.08783323579268497,6,24.933064970098503,27.147949809621597,6
1670,1671,0.00883232313093987,1,26.773773366046306,27.037021757215825,1
1673,1674,-0.0033670670907187407,1,26.903471496449132,26.839789174443798,1
1675,1677,-0.019386508263916517,2,26.665618367128598,26.175330754658944,2
1678,1683,0.020489521910886425,5,25.813444757657457,26.368163344372594,5
1685,1686,-0.003916470093418681,1,26.487540232973423,26.410290114035732,1
1689,1690,0.006546935351355006,1,26.70368114469851,26.905212099940748,1
1691,1694,0.01752603906976744,3,27.156168664675373,27.659264906342344,3
1695,1698,-0.0034305245374272758,3,27.965877801739808,27.897906049531986,3
1703,1705,0.015672999937682598,2,27.64829539389013,28.10927542126949,2
1706,1715,0.06590362329686093,9,28.941297021710536,30.87757465537362,9
1716,1719,-0.01016180064629011,3,30.732547635276244,30.45098216048923,3
1726,1728,-0.01785099748798939,2,32.432074577684205,31.885561770445364,2
1731,1737,-0.01774181840483699,6,31.661825042274828,31.131748517051342,6
1740,1741,-0.006065768780544532,1,31.062109843817534,30.90475637751288,1
1742,1746,-0.02168100459229818,4,31.189497560851144,30.54446741856371,4
1750,1753,0.006523503019031859,3,30.249083124369328,30.476662192578466,3
1755,1756,-0.0035549007878390225,1,30.41215264289222,30.334452610145014,1
1762,1763,-0.0062943365474889745,1,31.445497210559356,31.27901416542353,1
1766,1767,-0.012231883077401424,1,30.719895868596975,30.374853590050947,1
1768,1773,0.11407967511475357,5,30.372383806677693,33.867627867610764,5
1775,1776,-0.008655998448015165,1,33.806983264581625,33.54815705317591,1
1777,1778,0.0014837322882752966,1,33.51952985773499,33.60278339633045,1
1779,1782,0.009571026002860951,3,33.725644398313335,34.08215906221115,3
1783,1787,-0.060398015513782044,4,33.933640632116706,31.918049719411133,4
1794,1795,0.003879270379304447,1,32.55988392346576,32.71875240064712,1
1797,1800,0.028853433663831127,3,34.054475493758694,35.07111851886818,3
1801,1803,0.0015411393330728605,2,34.975420271087266,35.06429768722888,2
1804,1811,-0.05480031265554967,7,35.29356738013611,33.39476242035508,7
1813,1814,0.0045560930633485605,1,33.124844417388125,33.308889135680076,1
1815,1816,-0.010177904949334831,1,33.622160590860126,33.31357959676594,1
1817,1818,-0.011677573252329834,1,33.07661843445281,32.72344041817958,1
1825,1827,-0.02330914554795058,2,30.595271208373603,29.912716849906975,2
1830,1835,0.03936626732527274,5,30.621414438737673,31.857486639849725,5
1836,1838,-0.029295407936355728,2,31.644279756482355,30.748891951920523,2
1847,1852,0.0027892642774136125,5,30.224871331543856,30.339401356769898,5
1854,1859,0.007078674602084227,5,30.406869808552937,30.652517015404175,5
1862,1865,-0.0026026288158797397,3,30.827521960560993,30.778116885544833,3
1866,1869,-0.01333000533871501,3,30.817446256095245,30.437466979232028,3
1870,1871,-0.009342702538788085,1,30.347586679320838,30.094405790885176,1
1872,1877,-0.010514548228121725,5,29.914611646773167,29.629987631534412,5
1879,1880,0.004834103136164336,1,29.81626068671245,29.990211826693493,1
1882,1885,-0.0069248059500335996,3,30.522226812634255,30.341388541606484,3
1886,1887,0.00949558246250165,1,30.335118979040505,30.653503721794824,1
1888,1892,0.016678773744054985,4,31.048030196940303,31.596921297990598,4
1893,1894,0.003111609394453859,1,31.83834921838084,31.96925607413104,1
1896,1898,-0.007919753461980917,2,31.942475764033208,31.721441706780798,2
1900,1903,0.005720903988380003,3,31.689316462534872,31.90229731593696,3
1904,1906,0.00026225142216395486,2,31.84619199871027,31.88638989985115,2
1908,1911,-0.013941519783580571,3,31.934752985905483,31.52146874835463,3
1917,1925,0.036412868352230905,8,31.529362745775092,32.70896664341251,8
1927,1928,-0.001955661567620774,1,32.58291229099154,32.55177405395388,1
1929,1930,-0.00037808514505463563,1,32.6474047474942,32.66770865348208,1
1931,1935,-0.004226351391240205,4,32.552947596012224,32.44792034824686,4
1940,1941,-0.0001518273903358435,1,31.61528779885791,31.64210302001555,1
1943,1944,5.097854032170418e-05,1,31.504923118274064,31.538034116385855,1
1945,1946,-0.002580352440709274,1,31.480093470404427,31.430343827854717,1
1947,1951,-0.015903580003854747,4,31.378894733358738,30.91123686526759,4
1958,1961,0.034413508254214555,3,30.898647619993593,31.992877132528303,3
1964,1966,0.008163886952138783,2,33.1451994420715,33.44893830276474,2
1968,1973,0.0015626261220387403,5,34.14928522337338,34.23679707373575,5
1975,1976,-0.0011284906929434873,1,33.866822086609545,33.86247051517184,1
1980,1982,-0.00742554755683447,2,33.754107883525336,33.53721925808122,2
1983,1985,-0.009667687025324022,2,33.422384365518624,33.132689598198226,2
1988,1989,-0.001070267657741994,1,33.492400359779836,33.4900469272544,1
1991,1992,0.0002568208766549054,1,33.295420246127435,33.337266625389766,1
1993,1994,0.0047010849774631125,1,33.446330551246625,33.6370109239036,1
1997,2000,-0.01966896010387474,3,33.87095436859596,33.23861887280848,3
672,681,-0.02822663058658059,9,27.0514259093977,26.314906729322274,9
683,686,-0.003933878915084038,3,26.214684498332915,26.137773788217675,3
688,695,0.021470529030143803,7,26.20660150584982,26.79547770576843,7
696,710,0.024052969749907182,14,26.961486335811916,27.636951637395548,14
713,715,-0.004435234403985213,2,27.355678707388694,27.261705538748707,2
716,717,-0.008074282524738022,1,27.102785965802273,26.911053200672683,1
718,720,-0.0090155936484452,2,26.83172772426356,26.61665549794014,2
727,729,-0.008303760475604473,2,26.332002857936487,26.139680216219187,2
735,736,0.0067466667566315084,1,26.273319008513138,26.47684965546276,1
739,740,-0.008885682040108145,1,26.553203704814592,26.343813583252203,1
745,746,-0.000383332625346144,1,26.337726245227824,26.35396786172582,1
748,750,0.0004461537528266733,2,26.338488630240445,26.37657813441685,2
751,761,0.012323312649773977,10,26.32840755798521,26.679189163450918,10
762,769,0.004890453070938571,7,26.831625429297823,26.989675859706104,7
770,775,0.003965593434350884,5,27.042786085684547,27.177069566718178,5
780,781,-0.0008146875689879886,1,27.761563092730377,27.766707655475784,1
782,783,0.0006688178065429563,1,27.773000859587132,27.819348937962744,1
786,791,-0.014403207920422139,5,28.200997038722107,27.823013211848906,5
795,796,-0.0021441288520541815,1,27.677409427943733,27.645742905267106,1
811,813,-0.0026899735686431257,2,28.637351078057318,28.588954711659447,2
817,818,-0.00420493564566714,1,28.4966071461104,28.405277354087257,1
819,823,-0.0012786244595209227,4,28.49852274799189,28.490582362494084,4
824,826,-0.002573506141128308,2,28.595899502126763,28.550903678649078,2
827,830,-0.012800531950362782,3,28.477283507624616,28.141236413733353,3
835,836,0.005606417250316432,1,28.173676103346597,28.359803163160574,1
840,841,-0.0019561312218678616,1,28.730071693966238,28.702601975413135,1
843,845,-0.00486877538163011,2,28.6746323099229,28.563696598364974,2
852,853,-0.0013512563421257259,1,28.11230124197161,28.10242661786862,1
860,861,-0.0038276237601422374,1,27.836785277273858,27.75807332181786,1
871,882,-0.02864984380499848,11,27.944174669080226,27.171522604220563,11
885,887,-0.00038929068583485834,2,27.144056003503398,27.160633131328957,2
892,895,0.0033255516934505725,3,27.031836860955163,27.148764468666148,3
896,899,-0.0036414778694020245,3,27.311842754005255,27.239699125797962,3
900,901,-0.0011243287677422092,1,27.363083609109236,27.359681590642488,1
908,912,0.00416412386051476,4,27.734640807456664,27.877865927813257,4
917,919,-0.003598227321104259,2,27.334291439439234,27.263270736618257,2
920,922,-0.0030550358658710834,2,27.290499385434522,27.23441643039992,2
924,931,0.005012579827654063,7,27.114725215749562,27.27775466561416,7
933,934,-0.0014780399592014477,1,27.339019615757064,27.32595047193534,1
938,940,-0.005456836984414041,2,27.192365214210717,27.07117327523033,2
941,944,-0.014566393962218153,3,26.98541746504815,26.619322660482386,3
945,946,-0.007622429545500349,1,26.538296542117187,26.36254854300942,1
960,963,-0.010681424333677005,3,26.837161077492084,26.577339133189643,3
965,968,-0.0007471976861682113,3,26.43888637055554,26.445570182205152,3
971,974,-0.003483471153329516,3,26.25698410161136,26.191775639021575,3
975,978,-0.004625212968317724,3,26.21496005592176,26.119925242763102,3
981,982,-0.003072363510322819,1,26.156593734002165,26.10238776359348,1
985,988,0.009206240663905189,3,25.76403243784287,26.026986353376156,3
989,990,0.003991085990812348,1,26.09534899163581,26.225593122413322,1
992,993,-0.0033783589484838693,1,26.37676900267427,26.314035578084667,1
996,999,1.5164591876798026e-05,3,26.198612546799367,26.225208450613177,3
1002,1003,-0.0006750095725905095,1,25.9687318440351,25.977171433296377,1
1004,1005,0.0024608808128747054,1,25.97057687633179,26.060457947542375,1
1011,1014,0.010856116268934658,3,26.28068956943363,26.592276480596613,3
1015,1021,0.021130828150407933,6,26.809738258179,27.403059968328176,6
1026,1032,0.007437009701206494,6,27.6619010010852,27.89528472818517,6
1035,1036,0.0014650733767414509,1,28.243728769881024,28.313351633731564,1
1039,1040,-0.0033045835862285976,1,28.463839322952037,28.398242026047313,1
1043,1045,-0.00047249226642912445,2,28.42543625853524,28.440430895991742,2
1049,1051,-0.01008811631242736,2,28.07304602285217,27.817914915352365,2
1053,1054,-0.0023371318784651653,1,27.828037001932948,27.790827246542555,1
1057,1061,0.02876694487061079,4,28.237458229512292,29.07800109191636,4
1064,1065,-0.002514634721010338,1,29.44588793010282,29.401288165852907,1
1066,1068,-0.0034512815362960345,2,29.394741502559572,29.322686715450153,2
1070,1073,-0.015897987792195496,3,29.13205985981209,28.698050787659103,3
1074,1075,-0.002845897376579136,1,28.648552263253027,28.595669975787498,1
1078,1080,0.005113017164500021,2,28.989884819834927,29.167100483335457,2
1090,1092,-0.0057608786783823526,2,28.49769070213805,28.362016654091107,2
1098,1099,0.0014120745890370979,1,27.6912228534128,27.75801614839688,1
1102,1103,0.001885487273486957,1,27.919435253703597,27.9999964288111,1
1104,1107,0.000850263927337439,3,27.98647023234409,28.0382525886685,3
1108,1109,0.0009032456387517919,1,28.174026427392402,28.227648520316414,1
1110,1111,-0.006401288450501428,1,28.3199535496977,28.16698931167098,1
1114,1115,-0.014409443740905591,1,27.612581777691652,27.24231241580254,1
1117,1124,0.01604975220278587,7,27.088999871386275,27.55086060661471,7
1127,1128,0.001505682714807275,1,27.562748418060174,27.63181192034389,1
1130,1132,-0.004746896124742957,2,27.675753819784944,27.572055645048252,2
1134,1135,-0.0006291070412389826,1,27.56650122664911,27.57672544785175,1
1137,1140,0.0011246456689420889,3,27.75239420270515,27.811358206850702,3
1141,1144,0.00979020364986288,3,27.914566571299012,28.215770429400983,3
1147,1148,0.0029113383805908916,1,28.3045320412851,28.415240643802843,1
1149,1153,0.004864281828867285,4,28.47646035159295,28.643454340583258,4
1157,1159,-0.00877506897069338,2,28.561330049424182,28.33926373839517,2
1160,1161,-0.0028219290653270527,1,28.324610560425725,28.273005129181616,1
1162,1176,-0.03803304805175378,14,28.182352192824787,27.13867378985646,14
1183,1184,-0.0023542393639374186,1,26.737695923252375,26.701486682932117,1
1186,1187,0.0027667630563672683,1,26.68693368027188,26.787457036146453,1
1192,1193,-0.0031019698722085003,1,27.12382966514194,27.066816192366897,1
1197,1203,0.0015571714177861572,6,26.897398211673085,26.966179469592788,6
1207,1210,0.014019986005490776,3,27.004717224215735,27.41032769900569,3
1213,1219,0.0014792137842530207,6,27.654311438903214,27.72287238901657,6
1221,1224,0.000564033496471327,3,27.94538893932215,27.98909646369517,3
1225,1227,-0.009668080127906035,2,27.89319251470464,27.651412086964072,2
1232,1234,-0.0005650150554860914,2,27.72854993401462,27.740611435769118,2
1237,1242,-0.006655189725617105,5,27.619677833987158,27.46348331567554,5
1245,1246,-0.005344495781992289,1,27.587839602495407,27.467984349708086,1
1247,1248,-0.011166545383298192,1,27.352695309902792,27.074612891679138,1
1252,1254,-0.005929169102461942,2,26.726457189137818,26.594717962142848,2
1256,1258,-0.007014043944781358,2,26.523655088206453,26.364140660929756,2
1262,1274,-0.0029264779220832754,12,26.7409941643685,26.689478229496288,12
1278,1279,-0.0036571381090526674,1,26.53762972435042,26.46711557708592,1
1281,1282,-0.00558976761432745,1,26.50412582813172,26.3824780497597,1
1283,1284,-0.007139576751595436,1,26.237427808204266,26.076341106411352,1
1286,1290,0.0035192110714475323,4,26.017998100826677,26.135578925900834,4
1292,1299,-0.010223127387942545,7,26.172454081737364,25.931062203686423,7
1301,1302,-0.008956612114785864,1,25.90601312184148,25.699889023990433,1
1305,1311,0.023677240723589264,6,25.151878077284156,25.772557027247665,6
1313,1314,0.007359291722765781,1,26.085434582302206,26.303490339690793,1
1317,1318,-0.013549267937052332,1,26.30504232016972,25.974933295998408,1
1319,1320,-0.007333869017398886,1,25.791131341772285,25.62777369404297,1
1322,1323,-0.004310407704847485,1,25.625977089181777,25.541144657181505,1
1324,1326,-0.011298958697970905,2,25.576210616099658,25.312802279313843,2
1327,1328,-0.002957128599507123,1,25.38543736863334,25.33575480314819,1
1331,1332,0.0035409548411649257,1,25.66443419839727,25.78097523511624,1
1335,1336,6.270702353314544e-05,1,26.054655539607083,26.08234400504476,1
1338,1339,-0.0030750784371217756,1,26.262263516922914,26.207767260188938,1
1345,1347,-0.004915890946706935,2,26.432672211121638,26.329164749312834,2
1349,1352,-0.013283178580319917,3,26.348983166625715,26.025333900980208,3
1354,1357,-0.0016449381873943495,3,25.661030381308123,25.64448060288733,3
1358,1359,-0.004289739728029868,1,25.780570627711352,25.69575926030609,1
1361,1363,-0.0033000823344568548,2,25.880717856263754,25.8211900743195,2
1370,1372,0.0075603444966269385,2,26.16796236483744,26.391969137455217,2
1379,1382,0.0028117263246666734,3,26.569198466554052,26.67047297977431,3
1384,1385,-0.005831571654756365,1,26.6822087417406,26.553291738297712,1
1387,1388,-0.00023009332129467436,1,26.485228051483823,26.505619205447694,1
1390,1391,-0.0017552336551492848,1,26.691330809528665,26.671172618200586,1
1398,1401,-0.0042272659038098135,3,27.401660118660512,27.313227675251774,3
1405,1408,-0.008326493653683518,3,27.487938949177792,27.2865487389138,3
1415,1416,0.0007638778736872326,1,27.06314557595746,27.110881659631268,1
1421,1422,0.0028341964885085272,1,26.959194461986517,27.062561310725684,1
1431,1432,0.0004827431818122017,1,27.96819932754008,28.009668984400555,1
1433,1434,-0.003923838008063414,1,28.031889539469176,27.94992883539584,1
1437,1439,-0.0009131861067415345,2,27.85380828531239,27.856226382851712,2
1441,1444,0.0008031427904775044,3,27.98284775529325,28.033304825480236,3
1448,1449,-0.0035420663062525467,1,27.60949788194863,27.539312707650378,1
1451,1454,0.008723975196300617,3,27.538724323913115,27.806510196176607,3
1459,1466,-0.016533761219512243,7,27.453609794456906,27.02715197529615,7
1467,1468,-0.002463710360979913,1,27.007321521609416,26.96779062527592,1
1469,1470,-0.00043819165728621037,1,27.03197291148764,27.047159699389326,1
1477,1480,-0.0031708352678790617,3,26.477128847819255,26.41965136272423,3
1483,1484,-0.003687231364737471,1,25.96001233687901,25.890251777498378,1
1488,1490,-0.0019430595268913303,2,26.03529408127989,26.01074124916112,2
1493,1495,-0.01584515210351548,2,25.6978750667686,25.31638620266528,2
1503,1504,-0.006208552075074629,1,25.826610067093384,25.69209082363628,1
1505,1507,-0.0027197889477934105,2,25.680907498380936,25.636741757495916,2
1508,1516,0.0002856441488913147,8,25.75192784672037,25.785035662079178,8
1521,1522,0.00018498491682900184,1,25.804798307571954,25.83537660434824,1
1534,1539,-0.0013460823073899446,5,25.362967688161064,25.354190013781288,5
1542,1543,-0.0022618701275815,1,25.689767408638833,25.657350258561355,1
1546,1550,-0.0025553482722778286,4,25.739133921377395,25.699100603902853,4
1557,1562,-0.00330448472703002,5,25.813688203663165,25.75420095344951,5
1563,1564,4.876170737069243e-05,1,25.85460403969143,25.88171935836749,1
1575,1576,0.0005972120118577415,1,26.419197838648284,26.46139489877982,1
1586,1587,-0.0008057998028922162,1,25.97060264660608,25.975646142759057,1
1594,1596,-0.006720479962460999,2,26.430338772588474,26.279144549238826,2
1604,1605,-0.0025153762126665547,1,26.25342737098821,26.213643551649245,1
1607,1610,-0.018171112247735214,3,25.912553631030853,25.467606264006964,3
1616,1618,0.004496153064422838,2,25.44971340781061,25.58958892814563,2
1620,1621,-0.0033585330626811328,1,25.651377810406817,25.590878187737648,1
1623,1631,-0.029474399067826784,8,25.538851900396324,24.811648439650313,8
1635,1636,-0.009238371211544708,1,23.958672301636433,23.761291865479798,1
1641,1648,-0.023951368601869995,7,23.344302717881273,22.808519021449545,7
1649,1651,0.018266102271951273,2,23.473087230300806,23.925322129518214,2
1652,1659,0.05201583923699492,7,24.13423414830967,25.413730826024448,7
1662,1668,0.009708303566024087,6,27.065867681379874,27.35569720878993,6
1670,1674,-0.00037787131421069663,4,26.740844767678567,26.75748101429078,4
1678,1679,-0.007082653824768693,1,25.772805407788724,25.61603835440002,1
1682,1704,0.05858351830080873,22,26.248338792360126,27.812307167160544,22
1715,1718,-0.02046267057259391,3,30.90235965562639,30.300917209733118,3
1719,1721,0.02697646324523654,2,30.512639099598225,31.366274825883302,2
1722,1723,0.008120349189886297,1,32.00693618418116,32.298850618679296,1
1724,1725,0.004292623185346147,1,32.2287318957323,32.39930642939796,1
1732,1737,-0.01126854083070276,5,31.41304389225903,31.09047776843471,5
1739,1741,-0.007346074448982847,2,31.128746397168175,30.93120105502824,2
1745,1746,-0.012170567991380093,1,30.816844275844844,30.472602621581746,1
1747,1751,-0.007239867559747425,4,30.44460367606649,30.254633381218834,4
1753,1754,-0.0021770338566269305,1,30.51352067629219,30.477605229371306,1
1774,1775,-0.011328594457117341,1,34.14752191051636,33.79482600498711,1
1780,1782,0.01660795756423801,2,33.49030714085826,34.08000304780779,2
1787,1789,-0.002911265622786283,2,31.911951497017885,31.85095928116561,2
1791,1798,0.11795722151849254,7,31.088105714017964,34.78626039203071,7
1804,1807,-0.027256018427991274,3,35.34569556698002,34.41765833282322,3
1813,1814,0.004198447017730529,1,33.10976906015076,33.28188844037925,1
1819,1831,-0.051264948367050624,12,32.40849470420058,30.779483391240102,12
1836,1839,-0.04118199385558462,3,31.674420227602706,30.40167886863797,3
1841,1843,-0.006974039836075178,2,30.01144891703766,29.832159325668943,2
1847,1854,0.004026127914272653,7,30.247431658842377,30.39945911943794,7
1862,1865,-0.0017815648268877863,3,30.804938831488908,30.780862774803786,3
1871,1875,-0.019576740325623183,4,30.173249083490262,29.612728470485916,4
1876,1881,0.025256628526492002,5,29.514964532329582,30.289927992027547,5
1882,1884,-0.00620890336790019,2,30.558289550400325,30.399114373043975,2
1888,1891,0.007826585263292343,3,31.00387090386986,31.277529213894976,3
1895,1896,-0.005497462869800375,1,32.06989013346908,31.925656993355226,1
1897,1901,-0.0073592195193380346,4,31.9430003064748,31.739867755419645,4
1902,1904,-0.000782177419495734,2,31.813444705332724,31.82037439195317,2
1906,1911,-0.015286164089122166,5,31.897462460901927,31.441770078158868,5
1912,1914,-0.0030496424707364017,2,31.262126842984802,31.198050660081872,2
1915,1917,0.0006440212006949486,2,31.388534598371436,31.440138014709905,2
1919,1922,0.047596301707109885,3,31.54758514502546,33.08068111086386,3
1926,1929,0.0007470750834662457,3,32.523739841486076,32.580561256984275,3
1932,1934,-0.006529022428739952,2,32.52109583150055,32.341285963240985,2
1936,1937,-0.00769407956833325,1,32.254575987960784,32.038661289854524,1
1941,1945,-0.005929258430146892,4,31.627791068294485,31.47188951254417,4
1947,1949,-0.003923601288299428,2,31.371974030214933,31.2802548865237,2
1954,1956,-0.005555196859049641,2,30.788918613010356,30.648669027650836,2
1960,1965,0.04826846853984682,5,31.677314616723294,33.238007395344155,5
1968,1969,0.005181984210438325,1,34.17488015708581,34.386148726610536,1
1970,1971,-0.003282645185696296,1,34.262796996897755,34.1845871882843,1
1972,1981,-0.017665661505247673,9,34.23194673718977,33.6614487002021,9
1983,1985,-0.010242136807049461,2,33.45397656448032,33.14479033633157,2
1986,1987,0.004157139105038841,1,33.19830291940133,33.3695111856079,1
1990,1991,-0.0002731565164858482,1,33.29261079731796,33.316809314525166,1
1998,2000,-0.020082440397181867,2,33.818166107927844,33.172832968831315,2
674,679,-0.019100369908469552,5,27.12624950086144,26.63525435066641,5
685,686,-0.002182545786204549,1,26.17374835376663,26.142796697941705,1
689,693,0.013721751363961456,4,26.300664180144437,26.68785601891157,4
696,697,0.001278381881546423,1,26.98177648137269,27.043251272039786,1
704,708,0.012134078084168012,4,27.38044013050634,27.740056969159298,4
713,714,0.0011838070035887801,1,27.341840828995792,27.401550132489163,1
715,722,-0.01614335892230286,7,27.24249469530099,26.829951820191116,7
731,733,-0.0032202976444145634,2,26.01584205904202,25.958079146200866,2
737,738,-0.0028335282486695794,1,26.669382769007374,26.620483702325817,1
742,744,-0.0019115195303965368,2,26.22738473862597,26.20347796520549,2
750,751,-0.0028212437019423534,1,26.33652643882959,26.288561205921834,1
755,766,0.026003446757227218,11,26.225756196066754,26.933942007175265,11
768,769,-0.0035935753705533128,1,26.966037624479412,26.89609917345515,1
770,771,0.002156443271720469,1,27.03116016196974,27.11648248558979,1
772,774,-0.0007703937261369523,2,27.22433957918279,27.230590458351948,2
775,776,-0.0013512238048971042,1,27.209444054258025,27.199887449788154,1
782,783,0.0001390703058984327,1,27.76714813451388,27.79877686843339,1
785,788,0.004922657975076899,3,28.031010724421503,28.197028813637964,3
790,791,-0.008128951740809378,1,27.968555498625932,27.76916901621608,1
792,794,-0.006780700742537741,2,27.854071240864858,27.69305519056009,2
798,800,0.0018821805780314224,2,27.996819335110782,28.077511224045093,2
803,805,0.008421897241644941,2,28.22887485491745,28.494844413047737,2
810,818,-0.010482192687021594,8,28.660217908709466,28.388456200047056,8
819,821,-0.0012111128788734533,2,28.48792962260485,28.481915453769076,2
822,823,0.0008720419382474383,1,28.44625979103184,28.499512382346932,1
825,826,-0.005732863997492679,1,28.612646520382917,28.477226755793613,1
827,829,-0.006883746823426106,2,28.480861383892197,28.313287206196282,2
830,831,-0.003789090600575839,1,28.16830036182409,28.08973642005073,1
835,837,0.009549428180674426,2,28.18860401730494,28.48597767089897,2
838,842,0.0002474316203197439,4,28.634756051878874,28.67047595201813,4
843,845,-0.005428498700433416,2,28.694151189244565,28.567079177992955,2
846,849,-0.006973426440557776,3,28.630213682365035,28.459193206955977,3
851,854,-0.005045587525764768,3,28.186964698625136,28.072931865851206,3
856,858,-0.0066649193022583625,2,28.114807879108582,27.955539761274935,2
860,864,0.002798939607643247,4,27.81184082410734,27.91749632777551,4
868,870,0.003543000219451269,2,27.60086400368334,27.72625473490912,2
871,875,-0.0067908840892558706,4,27.94596972274113,27.78413785131488,4
876,877,-0.0023396577132541517,1,27.72232888985856,27.685190458131892,1
878,881,-0.012076562749439343,3,27.53248286635629,27.22751759223923,3
882,884,-0.005065388619866941,2,27.202071527700685,27.091484535675164,2
885,891,-0.002104349404661892,6,27.121036277126983,27.091085176860524,6
894,897,0.01304094185566267,3,26.983236360653073,27.362106413470606,3
899,904,0.006149415145589426,5,27.347643192510255,27.543162846946963,5
905,908,0.0033180371531391847,3,27.59915223785262,27.718326402610813,3
915,916,-0.006156529821183322,1,27.603047547108776,27.46071160927657,1
918,919,-0.003158119597330358,1,27.33456841490598,27.275577147125205,1
920,923,-0.0034368235985617573,3,27.27152475732574,27.205068862228327,3
931,932,-0.0011281181353271024,1,27.25602307288925,27.252531082036718,1
936,940,-0.00837925313230527,4,27.275619373252603,27.074345673556962,4
941,945,-0.01882951526964186,4,27.013050528978557,26.531420932092526,4
950,951,-0.004702598819563841,1,26.72928718656968,26.630319359384906,1
962,963,-0.002723501845987358,1,26.684648192501125,26.638657152081826,1
964,965,-0.0040591903604936955,1,26.535943776203588,26.454765272796823,1
966,968,-0.0032009375545182534,2,26.464949266156637,26.406701565438333,2
972,977,-0.00589328206982996,5,26.24119027335913,26.112784727503506,5
980,982,-0.005284490439748968,2,26.1618120682773,26.049722034584256,2
986,995,0.015782517600235687,9,25.870279920335225,26.304448348421275,9
996,997,0.0005364376678102434,1,26.22409225699278,26.264383940140554,1
1000,1002,-0.00898985462855494,2,26.187183595332375,25.97795180527439,2
1012,1013,0.002708794874158165,1,26.394384485995317,26.492275843883537,1
1015,1016,0.0017143448146535434,1,26.79381333690818,26.86654098520401,1
1017,1019,0.005761928031991425,2,26.980813896986458,27.163256218802434,2
1020,1022,0.007298432773932935,2,27.378988422217848,27.60619111705791,2
1026,1027,-0.006090841776357464,1,27.673310398691967,27.5324299540242,1
1030,1032,0.005408182250257862,2,27.72490031488425,27.902566528972258,2
1034,1036,0.0013016802826043596,2,28.177134057877712,28.24198881175903,2
1037,1038,0.0036599428865067398,1,28.26489416599406,28.39660695850075,1
1040,1043,-0.003104406740736565,3,28.43083066089746,28.371000629209927,3
1046,1048,-0.012415282068948333,2,28.357858274896277,28.034145323817075,2
1053,1058,0.015942504982787518,5,27.828089505642474,28.29956705075328,5
1061,1067,0.004047379358411712,6,29.07325226641823,29.219995999789646,6
1068,1070,-0.0091581224033472,2,29.33094156320807,29.091656151729996,2
1072,1078,0.003524423337076278,6,28.777411054110612,28.907612244264467,6
1080,1082,-0.002723701944980397,2,29.21825861650408,29.167895047297872,2
1089,1092,-0.006124809277314318,3,28.513399746967593,28.367274011416562,3
1095,1098,-0.01431105258187738,3,27.9991142543069,27.626416572221828,3
1103,1104,-0.0034701644200606416,1,28.042494925282682,27.973225352068518,1
1105,1106,0.000245188964097911,1,27.944806645449958,27.979603210288722,1
1107,1108,0.003990496586869576,1,28.069445823080912,28.209526296656318,1
1110,1112,-0.011408299801733614,2,28.24190376406145,27.94795356271339,2
1114,1115,-0.013361046017606945,1,27.615020892131366,27.273670348106553,1
1116,1117,-0.00034892891779375503,1,27.102059145667603,27.11970451264559,1
1118,1119,-0.0011916397568315358,1,27.180080886736157,27.17487210264436,1
1125,1135,-0.0008597129942902485,10,27.59916283495595,27.603034638870163,10
1136,1137,0.00268948243792785,1,27.61555599153078,27.717443100375146,1
1139,1144,0.012657332803649644,5,27.836855212329173,28.21703240817096,5
1145,1153,0.01376429256383007,8,28.263921836139957,28.681218647129953,8
1157,1171,-0.032188646301213174,14,28.58787814948409,27.69626092937765,14
1172,1173,-0.0027526054821865463,1,27.72433851995876,27.675748692278685,1
1174,1176,-0.01376720515833538,2,27.519751754566457,27.168401438009447,2
1177,1178,-0.005339765166860355,1,27.07781606083004,26.960304697894596,1
1179,1181,-0.010136837145472179,2,26.959695351759734,26.713369005839162,2
1186,1188,0.001048070065426801,2,26.7088744919208,26.763576138248943,2
1189,1193,0.009069395166580708,4,26.847349604329967,27.11768617667131,4
1195,1196,-0.0050108930108093246,1,27.06585922476317,26.957300959167018,1
1197,1199,-0.005299149907075583,2,26.920390671165435,26.804655876113056,2
1201,1203,0.0012614633876261703,2,26.851403089035834,26.91212655402808,2
1204,1205,-0.005908065934985213,1,27.04867289926385,26.915916229220414,1
1208,1209,0.007025340456920086,1,27.083480060593715,27.300834208838186,1
1211,1212,0.004432796144345199,1,27.50189698223314,27.651309182120396,1
1213,1215,-0.009950274819733176,2,27.70946502565177,27.461457698564402,2
1217,1222,0.01689749592910801,5,27.500935418839006,27.99313329854434,5
1223,1224,-0.0003965060875129202,1,27.998244356909964,28.015141126939685,1
1230,1232,0.0034074291405307303,2,27.556962623291653,27.678417983382065,2
1234,1235,-0.00365909089060345,1,27.780219958269686,27.70634982843969,1
1236,1237,-0.004608845640831732,1,27.67707494944099,27.577192658158726,1
1242,1243,0.001330264238858101,1,27.504863381592877,27.56895698112568,1
1244,1248,-0.02357089309035242,4,27.595241514338042,26.972392268315463,4
1250,1252,-0.009710149882358576,2,26.84759677127174,26.613750179412836,2
1255,1259,-0.010227077631605502,4,26.65266787803116,26.406741642431168,4
1260,1263,0.009508226760228524,3,26.510887254729028,26.789469669616572,3
1265,1266,-0.0019492801303377535,1,26.936660148096692,26.911089711840443,1
1268,1270,-0.0006126911725663424,2,27.048869397916924,27.059345663806837,2
1271,1275,-0.012964130956959807,4,26.945315117424027,26.622937838682617,4
1276,1277,-0.0020350794072177057,1,26.59225007374585,26.56472498330293,1
1278,1280,-0.0022068983793821014,2,26.573272769882397,26.541201530041548,2
1281,1282,-0.008092338547395876,1,26.580767935481283,26.392248130433085,1
1290,1294,-0.0033029791150580574,4,26.187847474216063,26.127537408414618,4
1296,1299,-0.002164098707329207,3,25.948080155998024,25.917874029430752,3
1303,1304,-0.015652244768405616,1,25.48854915034828,25.11508468940584,1
1305,1306,-0.002082382651915088,1,25.235738247760064,25.20842352247242,1
1307,1308,0.005102337977165102,1,25.38171687757083,25.536604692398484,1
1313,1314,0.005650202622787992,1,26.087519350042445,26.26100663964613,1
1316,1317,-0.007380767886045279,1,26.507605472081547,26.33846659434933,1
1318,1326,-0.028227309857197805,8,25.99163737574748,25.28395501122208,8
1328,1332,0.01765473478538314,4,25.3778016608797,25.851217820299468,4
1334,1335,-0.0019265048415340715,1,25.964451465271456,25.940395275281105,1
1336,1339,0.0018410316412019912,3,26.10458499836138,26.17874895032217,3
1340,1341,0.002741945604550547,1,26.22182628484701,26.31994693245688,1
1343,1344,-0.0008053127961682234,1,26.436960282967252,26.442107220842555,1
1346,1348,-0.000142596270408469,2,26.325998608976725,26.348570618369283,2
1349,1350,-0.004920869517663005,1,26.344208580386976,26.24091637599718,1
1351,1352,-0.007357343376793073,1,26.154334964234977,25.98806287607567,1
1357,1359,-0.002718721146038593,2,25.75254214959109,25.708280710834337,2
1362,1368,0.0033765358436768124,6,25.878542897440447,25.991801268013223,6
1369,1373,0.01639409185239116,4,26.10913958397338,26.563284356083916,4
1374,1376,-0.00029046400004396065,2,26.706253798403306,26.725202846897236,2
1377,1379,-0.0053154000837011455,2,26.664451110824025,26.54938333626853,2
1381,1388,-0.0049448841497821755,7,26.5886988937444,26.483809556915137,7
1391,1393,0.00964103626689472,2,26.69854624061639,26.982646439436156,2
1396,1397,-0.0021436453422233855,1,27.270871641570952,27.239683436239698,1
1399,1400,-0.0013760441085193449,1,27.30318277194009,27.292915570914875,1
1401,1402,0.0009251863201190107,1,27.359052886182102,27.411724160529992,1
1408,1410,-0.006039931489044306,2,27.28750297842936,27.149975832910982,2
1414,1417,0.0024872489271081243,3,27.038579542326353,27.13286979982586,3
1420,1422,0.004576059676454771,2,26.93575483588233,27.085950212277567,2
1429,1431,-0.0003306185508197898,2,27.87374730536574,27.89240547473109,2
1432,1436,-0.006223695209558755,4,28.057659863407835,27.911095199987923,4
1438,1444,0.00507178723949896,6,27.824230359186426,27.993173166030214,6
1446,1449,-0.008031893946924513,3,27.786311094794275,27.59092070199943,3
1457,1459,-0.016182698630785818,2,27.858754575549273,27.435783500599683,2
1465,1468,0.0012525442686213517,3,26.971827836793015,27.032583073001025,3
1471,1473,0.00029008247138053063,2,27.006525666591102,27.04136631196646,2
1481,1482,-0.012485355118378273,1,26.35290019609748,26.05022777894612,1
1486,1488,0.0007916822395369447,2,25.94180097879617,25.98828044287148,2
1492,1493,-0.006614834186852977,1,25.79174892996159,25.64693253633091,1
1494,1497,-0.0021857200217933713,3,25.52191040199772,25.491648561839654,3
1506,1511,0.0036304537618113046,5,25.608459156023596,25.727037942056796,5
1513,1515,0.0028662979557402433,2,25.709822799663016,25.809224634995797,2
1518,1523,0.0066318067749968936,5,25.700194353719628,25.896333271107082,5
1525,1526,-0.005490769124656156,1,25.97770287130656,25.861043005322603,1
1527,1529,-0.014600459122776192,2,25.81940148781727,25.468245773307665,2
1530,1532,-0.007629018934491547,2,25.535661577005893,25.366385192907153,2
1535,1536,-0.000903831643428825,1,25.299050371807013,25.30148333990408,1
1538,1539,-8.413743600108525e-05,1,25.309409719329324,25.332589660208168,1
1541,1543,0.00372471669792521,2,25.605566292948602,25.726545339572727,2
1545,1552,0.0034902078945675315,7,25.721402906311116,25.836897352700387,7
1553,1562,-0.010142111723132771,9,25.94605913745534,25.708857366045713,9
1565,1568,0.00965578325127081,3,25.911762728799463,26.187872856095908,3
1569,1576,0.010465984438383015,7,26.161370661989928,26.461336530887074,7
1577,1578,-0.0043728881726977364,1,26.49309923830458,26.403740977225596,1
1580,1582,-0.014422641312726865,2,26.233697742414815,25.88157222731189,2
1583,1586,0.0011063648094407534,3,25.885820550329996,25.94034553180071,3
1588,1593,0.011409539799826753,5,26.121076791110713,26.445227333164333,5
1596,1598,-0.011245722600104393,2,26.289570577985977,26.020214930568066,2
1600,1601,-0.0015828221659817112,1,26.053900978753102,26.038716187752392,1
1602,1603,-0.0009752169867580909,1,26.153177492418298,26.15382564696241,1
1612,1616,0.003046105084519737,4,25.304113820509578,25.406496924098008,4
1624,1625,-0.00494056839334817,1,25.427987762955087,25.327787038069943,1
1626,1628,-0.007038028930438589,2,25.312415679853363,25.15957858167912,2
1637,1639,-0.007547464526111272,2,23.725298768874474,23.569958216813877,2
1646,1650,0.08352580639020836,4,21.934027654026867,23.788019028868618,4
1651,1655,0.017527822474893012,4,23.971613656706605,24.415755458974786,4
1656,1657,0.0068595066777441096,1,24.697737719352038,24.891849753882457,1
1659,1661,0.0429872012991042,2,25.45787642616171,26.577697161167006,2
1665,1671,-0.019237678966522623,6,27.50478805755963,27.00316456292361,6
1676,1677,-0.009216568122380475,1,26.36484462696049,26.148216085047093,1
1678,1679,-0.008773097961752487,1,25.786124684514597,25.5856866112879,1
1684,1686,-0.004577157380179521,2,26.46754168044828,26.372863118390857,2
1696,1697,0.0037315779005629903,1,27.943413240292497,28.075629676846564,1
1698,1700,-0.00878354118513855,2,28.003980356397665,27.786010221945833,2
1701,1702,-0.004841638391515378,1,27.756164961035577,27.64953581212003,1
1705,1719,0.08169486793061907,14,28.139571000508763,30.466569108020114,14
1721,1723,0.030666856937781678,2,31.379727726818942,32.37342507549066,2
1724,1725,0.004977670550913871,1,32.22779423607766,32.42044137260358,1
1727,1729,-0.012951503903290851,2,32.243160205217315,31.857805950170228,2
1733,1738,0.001323927770960825,5,31.184843550716067,31.257314874676645,5
1745,1746,-0.01023377372976499,1,30.829287634337017,30.544616968071708,1
1750,1751,-0.0013129660466434034,1,30.283068960413033,30.273591388040263,1
1753,1757,-0.004366427358482427,4,30.48208990638966,30.37947416498507,4
1760,1762,0.010391816746204968,2,31.05258732460518,31.40633270890261,2
1764,1766,-0.01591354186577318,2,31.12317667984163,30.659019881430957,2
1773,1775,-0.0030820904834305734,2,33.873022717406734,33.802496019161794,2
1776,1779,0.002235968866896083,3,33.54077654428498,33.649313452953805,3
1780,1783,0.009170938788463166,3,33.53492893081358,33.876010640244345,3
1787,1788,0.005612341013309688,1,31.91593025330467,32.12696926789653,1
1789,1792,-0.0069322930129024005,3,31.862002818537608,31.67298808184012,3
1795,1796,0.013361878823640008,1,32.72519849737025,33.19519383266905,1
1798,1808,-0.018481532521878844,10,34.74164194547266,34.13430480193941,10
1809,1811,-0.01688166022215178,2,33.93963426522603,33.40061652576161,2
1814,1815,0.005601085972803885,1,33.343491202152904,33.563594454211746,1
1817,1819,-0.018251933533194282,2,32.99723289968462,32.42796683091993,2
1823,1824,-0.016513944273056354,1,31.358313678559192,30.871822547653004,1
1827,1828,0.017785650965685483,1,29.922737902130564,30.484856012297676,1
1832,1835,0.014828388059381671,3,31.277816452059227,31.772893868512533,3
1842,1844,-0.006010438083832993,2,29.96957748886406,29.819416776457473,2
1850,1852,-0.004469964217130791,2,30.447644534587944,30.341992297557006,2
1855,1857,-0.0012052746989465349,2,30.948751287165006,30.942398291561762,2
1858,1860,-0.0014621740493419083,2,30.779017800179098,30.764792536887622,2
1862,1865,2.0650926720090735e-05,3,30.817851372423757,30.849305640986543,3
1866,1867,-0.008570297051240358,1,30.732854979953267,30.50019813852233,1
1876,1879,0.007213339815771813,3,29.573350658186953,29.816246636633622,3
1881,1886,-0.0013815605932997422,5,30.295834962713226,30.284275265950342,5
1887,1888,0.009465379789534958,1,30.646410698180574,30.9671370253231,1
1891,1894,0.02147181918708121,3,31.322955015868487,32.02683879739016,3
1895,1897,-0.008148149911840243,2,32.08983379464577,31.860450852035605,2
1899,1900,-0.0013920085394420311,1,31.68602113608983,31.673599945223543,1
1907,1913,-0.03364703900944331,6,31.999389711406696,30.954704387220023,6
1914,1918,0.0017367511131438263,4,31.318309517660037,31.404019936094276,4
1923,1926,-0.018824954108681572,3,33.148916432705505,32.55803851854001,3
1931,1935,-0.006728112862010061,4,32.64836898357495,32.46135544127648,4
1937,1943,-0.020645256918759926,6,32.10276540667087,31.47209833245414,6
1944,1946,-0.004203548297435104,2,31.5219455358503,31.420963460897084,2
1947,1950,-0.008023285848761202,3,31.37515462337009,31.15479794390108,3
1957,1963,0.07065145556815416,6,30.771644334650798,32.97647744145407,6
1965,1968,0.0263778935447979,3,33.202709692700196,34.11172994406577,3
1971,1976,-0.010162105855359156,5,34.13483384442804,33.82208688339029,5
1979,1980,-0.005231834311127557,1,33.8615847942698,33.718288177908256,1
1982,1983,-0.007077570013327166,1,33.54629092189837,33.34241099013309,1
1984,1986,-0.005539763175446974,2,33.31137129987728,33.160145563126456,2
1987,1990,-0.005316213575896731,3,33.39649382379429,33.252347423764675,3
1991,1995,0.013912031769365459,4,33.30283971729202,33.79945272116636,4
1997,2000,-0.019148463200733986,3,33.838843018000716,33.224720020733116,3
672,677,-0.007521539790183466,5,27.052378069133926,26.875954909136983,5
680,681,-0.01048154026157147,1,26.533199189376262,26.281623592993895,1
685,687,-0.004793150019545519,2,26.179728748202606,26.080425109589665,2
691,692,-0.0007931942015361456,1,26.535647644084644,26.541135369883435,1
693,696,0.004859726203710035,3,26.754172078582503,26.91094420176994,3
700,702,0.0009155458146575407,2,26.940171777525144,26.991776910819738,2
704,705,0.003415213783329394,1,27.355177610029767,27.475956567258994,1
711,712,-0.00555418973101554,1,27.420004284489693,27.295128382552868,1
714,718,-0.026850320618929686,4,27.478102471822083,26.76778471292568,4
727,730,-0.013644628889979953,3,26.35980473672918,26.026494788220905,3
734,736,0.012020453667763591,2,26.174488382012864,26.51529209526828,2
738,739,-0.007228261868872104,1,26.674366844265965,26.508231902373517,1
744,745,2.1314738141626306e-05,1,26.269274641742058,26.29610383909396,1
747,753,-0.005449706728917584,6,26.346440528604425,26.229206594901267,6
756,759,0.00018068481531509383,3,26.38114639725915,26.412294216221,3
763,765,-0.001695192724597818,2,26.94264777044821,26.923917437736794,2
768,772,0.006544491302978198,4,26.9913829547242,27.195019208681472,4
774,775,-0.004724780448609611,1,27.254047691826976,27.152532347838985,1
781,782,0.0006269324998640685,1,27.761575781979918,27.80674199186706,1
784,786,0.005826773160247072,2,27.935564672132635,28.126274435252697,2
787,789,-0.0028064036797360472,2,28.24495116091772,28.193929377206672,2
791,794,-0.00799171306773578,3,27.8608515709044,27.666056490897862,3
795,806,0.03167282929396941,11,27.632666398423154,28.53550379059604,11
807,808,-0.0017364376836227907,1,28.525143309992398,28.50413631952818,1
815,817,-0.006469743776311476,2,28.57965630831634,28.423332911094807,2
824,831,-0.021469497811145027,7,28.658893051503536,28.072259902915945,7
845,850,-0.01296787345485675,5,28.631295152718327,28.28863943548194,5
852,858,-0.00857988612328428,6,28.168367032849083,27.954854018461212,6
862,871,0.0032490971628988553,9,27.78359988599518,27.90165510144588,9
873,875,-0.004441433490043163,2,27.84794825167275,27.752111389930455,2
877,883,-0.014001712802054273,6,27.58807527716583,27.229383045650668,6
884,888,0.002039032110793115,4,27.153968304783742,27.23649008639744,4
890,892,0.00018840986532447728,2,27.08161051049322,27.113794563592766,2
893,898,0.008506166886634973,5,27.07442069121227,27.3317946526619,5
900,902,0.0007424630542784941,2,27.344384532251617,27.39203111204105,2
903,905,0.0033471039855760207,2,27.476438790220925,27.59588172679533,2
909,912,0.005526217913614508,3,27.733851636875503,27.914848796241607,3
916,917,-0.006535845354715523,1,27.525439160423712,27.373062585910976,1
922,923,-0.004758862633224112,1,27.262895751706107,27.160418271591535,1
925,932,0.0053210323638999074,7,27.08151407559394,27.25269720252918,7
934,940,-0.012481648670214191,6,27.35320940799148,27.039149467566123,6
941,944,-0.01700710162506529,3,27.070494499005118,26.637174342518772,3
945,951,0.0012026988943368466,6,26.574875598929932,26.633412048028834,6
952,958,0.004552907695028197,6,26.641629096886067,26.789567604106253,6
962,965,-0.007266220217546514,3,26.67259695220798,26.505460585931583,3
966,967,0.0002974212709731922,1,26.42900058124649,26.463290128771163,1
969,970,-0.0025386289990027835,1,26.409984294104152,26.369349126406036,1
972,976,-0.00318423150704382,4,26.162265744335045,26.105121299200615,4
978,981,-0.006320524963112681,3,26.19031645098964,26.05097021852033,3
983,985,-0.008497451399592008,2,25.926676697233226,25.732292698742786,2
986,989,0.005840777740279604,3,25.90427506198067,26.081480450202747,3
990,993,0.002060295831458514,3,26.209858781418887,26.29006870299078,3
994,996,-0.0038828413732117407,2,26.299314431809485,26.22349768007836,2
1000,1007,-0.0037323311944552646,7,26.152536341092677,26.081078950233785,7
1009,1010,0.0020618337118422357,1,26.050443268419176,26.130205393826856,1
1017,1018,0.002005152666234905,1,26.926069207323632,27.006986155993246,1
1019,1021,0.010291401050572812,2,27.12696863355062,27.43327011567835,2
1027,1028,-0.001849575667990648,1,27.596932316962178,27.573486634754502,1
1032,1037,0.011193537088024199,5,27.913091797053493,28.25345111712229,5
1039,1041,-0.003140430125381407,2,28.466990565839012,28.406058961652942,2
1042,1047,-0.012755263852206909,5,28.48952231619162,28.154620464341452,5
1054,1056,0.0071523620625786105,2,27.85534365848285,28.082430505364357,2
1062,1067,-0.0050353019682068175,5,29.377741793826946,29.259193734544844,5
1068,1072,-0.020028081890853987,4,29.290958838546413,28.733608075104918,4
1074,1076,-0.0012046640131172747,2,28.717457881221005,28.711580451044508,2
1089,1092,-0.007301656720525416,3,28.523793370579366,28.344046216390776,3
1093,1094,-0.009718127870156888,1,28.27445475886309,28.027954446816356,1
1099,1100,0.000491950192712189,1,27.78282872599407,27.824279322665905,1
1108,1111,-0.0009734731307364452,3,28.215989099555355,28.21673758140934,3
1116,1118,0.0019468556962915313,2,27.07635914620951,27.15614926939435,2
1123,1125,-0.0023060575278664,2,27.528017712534904,27.49206453777421,2
1128,1130,-0.0025825909098255856,2,27.663607897848877,27.619827723456762,2
1131,1134,-0.004253311593316541,3,27.628565362616126,27.538681030615223,3
1135,1137,0.005908214424923764,2,27.54592750415044,27.736220677882518,2
1140,1141,-0.0003260101397879467,1,27.865445037123806,27.884226064529123,1
1142,1144,0.005425665510664064,2,28.033408185792414,28.213541489918228,2
1145,1147,-0.00029569833477895017,2,28.279835678595187,28.2997532139558,2
1151,1156,0.0002706125713840763,5,28.543859717286544,28.580127904279152,5
1158,1161,-0.005847902667780722,3,28.39657406330427,28.258910236146946,3
1165,1167,-0.006973743264149544,2,28.013776063318776,27.84642895725713,2
1170,1172,-0.002442564170434557,2,27.737581492425313,27.697568251189832,2
1176,1177,-0.005207317006698638,1,27.197641957228413,27.083212855679665,1
1182,1185,0.0004731609438833504,3,26.630726703964296,26.669958050451807,3
1186,1194,0.009434656578984818,8,26.73732195152914,27.0163167239351,8
1203,1210,0.014225628178335548,7,26.97700250532116,27.387744314833206,7
1216,1217,-0.001836410481178219,1,27.49473440203479,27.471737518003717,1
1224,1225,-0.0049539022056554775,1,28.02943439755855,27.918608755070768,1
1229,1232,0.002612567315108844,3,27.61140846134024,27.711156533071797,3
1237,1238,-0.003347842103972906,1,27.60181111032137,27.53700641605065,1
1239,1245,0.0008133854610945504,6,27.48191668020952,27.531751988360423,6
1246,1255,-0.034213892670106216,9,27.543979949853277,26.629137156091293,9
1256,1257,-0.004673586248102095,1,26.45943031498389,26.36222931564615,1
1258,1259,-0.000262731858598092,1,26.34948437229885,26.368911007668913,1
1261,1266,0.0111138238488885,5,26.58569634213437,26.907750784523024,5
1269,1270,-0.001386293894510151,1,27.16019165821077,27.149699841999478,1
1277,1278,-0.0016068085736863666,1,26.556873435329862,26.540758496839,1
1279,1281,0.0008277411083164412,2,26.465629572003696,26.514001891129922,2
1286,1289,0.0009496057517596173,3,26.01986859926067,26.070597084741816,3
1292,1300,-0.011556481281921424,8,26.162018307889774,25.88583945132525,8
1303,1305,-0.012320970565471871,2,25.45043363889617,25.16231002879173,2
1306,1308,0.010739590037245759,2,25.236698249872845,25.53296674122003,2
1311,1312,0.003002453589961377,1,25.84599389241511,25.949441283455926,1
1313,1314,0.0059517894657428365,1,26.092010131179013,26.273396292349,1
1318,1319,-0.006703050445951463,1,25.985522874224138,25.837326126408012,1
1321,1335,0.008950006094307274,14,25.666696417341544,25.922080203114827,14
1336,1337,0.0007924015218950425,1,26.064699703570657,26.111418110987074,1
1340,1341,0.0006291060475952152,1,26.29134881804113,26.334180213400035,1
1343,1350,-0.009005021027740662,7,26.46975010431841,26.2578591981343,7
1352,1353,-0.00937396331962127,1,26.0315464700133,25.813559254720392,1
1354,1359,0.0023290207769459934,5,25.661218413775536,25.746645143036744,5
1364,1368,0.006818941219997147,4,25.829351986036347,26.03131017096578,4
1370,1371,-0.0004287817995663574,1,26.153632933320605,26.16857236445958,1
1374,1378,-0.002756616588345021,4,26.643452746365462,26.59665041530041,4
1380,1382,0.0020831862066101746,2,26.603484526217635,26.685508022756636,2
1384,1387,-0.004580725600294546,3,26.58705856605008,26.491857604806093,3
1389,1395,0.023844183447137828,6,26.592241152868905,27.252903670341308,6
1396,1398,0.00173158907208084,2,27.24212600439545,27.316540298089304,2
1400,1401,-0.001603514026651182,1,27.3198256546015,27.303337756613285,1
1402,1404,-0.0007300466432827279,2,27.444896084244494,27.452304926067193,2
1408,1416,-0.008205594590803587,8,27.315748388699447,27.118922179866082,8
1417,1419,-0.005430245145240663,2,27.13932935116425,27.019095469061167,2
1422,1424,0.008475496113277931,2,27.066512717422075,27.322981353475996,2
1426,1428,0.005392330770886965,2,27.658503506245992,27.835305809285654,2
1431,1434,-0.003386193965129251,3,27.96360339037349,27.896876808720112,3
1435,1436,-0.004022065616072122,1,27.97022678202196,27.885698921390272,1
1437,1438,-0.002060052279888347,1,27.8529918608678,27.823466233343975,1
1439,1440,0.002611106479597881,1,27.86239052042387,27.963004579369258,1
1453,1457,0.001108751063446429,4,27.75792631488696,27.816460871522544,4
1459,1460,-0.0011439173839026383,1,27.43642759044288,27.432479011560428,1
1461,1464,-0.015173883862050978,3,27.398700971877574,27.010354966331118,3
1467,1469,-0.00034964165077026746,2,27.027678819800606,27.045256496381363,2
1471,1472,0.00015726606961630044,1,27.007465718035366,27.038720541737174,1
1476,1480,-0.007159397244824259,4,26.57917762262653,26.41546590920803,4
1481,1484,-0.01899156040789586,3,26.377613190927747,25.90303876978706,3
1486,1488,-0.0011501555264567041,2,25.992083063782314,25.988180208866165,2
1491,1495,-0.024384501372508593,4,25.94308366511013,25.336417589536257,4
1496,1498,0.0020840910830840203,2,25.403470662753296,25.48181728010368,2
1499,1501,-0.0016998397525087115,2,25.640944075034852,25.62299952307929,2
1502,1503,5.402812305074344e-05,1,25.76899829784541,25.796159546754186,1
1505,1508,0.0014454050266661748,3,25.643394112906538,25.70610259777102,3
1509,1515,0.0014245661877409508,6,25.791115470945968,25.853647737460946,6
1519,1523,0.0011726499277571315,4,25.770335892780228,25.826325811195954,4
1525,1526,-0.0039935095981247365,1,25.901060574349813,25.823525500918887,1
1527,1533,-0.018736807317093356,6,25.830030079957833,25.371887813434896,6
1534,1537,-0.005927227402725994,3,25.383640835846542,25.258569865139204,3
1538,1541,0.01056508974633421,3,25.304981863281352,25.59763624955956,3
1542,1549,-0.00021671293757169583,7,25.64559463813925,25.665682500627586,7
1550,1551,0.0015059545035935764,1,25.722554556811055,25.787014108246627,1
1554,1555,-0.004889926253755408,1,25.935786844985866,25.83489854682575,1
1559,1560,0.001346057220695146,1,25.658024743262306,25.71821993748001,1
1562,1564,-1.1609580523565515e-05,2,25.777996381290304,25.80347510594687,2
1565,1567,0.0058150608728929475,2,25.935023732487668,26.111772497964495,2
1568,1569,0.0007209752493547469,1,26.150788087148968,26.195792946198072,1
1570,1571,-0.00017049895343221712,1,26.279072299060036,26.300870817034937,1
1572,1575,-0.004015567461937304,3,26.429830172216313,26.35012923632445,3
1579,1580,-0.006022293810982872,1,26.365159404844146,26.23274582793962,1
1581,1584,-0.0047159600216688125,3,26.00624199073254,25.909603835181134,3
1585,1589,0.00815707931767579,4,25.91317824311253,26.15046727165778,4
1591,1592,0.0012969324078524387,1,26.349352940486227,26.409875623181172,1
1594,1596,-0.009220607902369424,2,26.45596216261193,26.238478070993175,2
1598,1600,-0.0006843712577866302,2,26.002930674494202,26.011137946796854,2
1601,1602,0.0023021714116427663,1,26.065708328009457,26.15178176487443,1
1605,1608,-0.015058570231001947,3,26.130170816623387,25.76281797504981,3
1612,1613,-0.005070234176982085,1,25.34985496199071,25.246675115942878,1
1617,1618,0.002434313536695865,1,25.49914883856843,25.58672091059895,1
1623,1629,-0.02093480167801386,6,25.554677083615374,25.045249664007816,6
1630,1632,-0.010958066863898296,2,24.995348058687014,24.7464427114322,2
1633,1634,-0.008454136015753963,1,24.374454947296027,24.192764444809015,1
1635,1636,-0.008956451424003954,1,23.97621871557066,23.785453096028927,1
1637,1644,-0.047167237057362886,7,23.75381058724055,22.65716278284372,7
1646,1647,0.012382891027648904,1,21.927587413860703,22.221041926719646,1
1650,1651,0.004752140121359446,1,23.829435666180398,23.966505919145188,1
1653,1656,0.01461983872268843,3,24.270887381338763,24.64999472789181,3
1659,1662,0.061450614620786166,3,25.407771870412365,26.99450283986434,3
1666,1668,-0.018922518204549897,2,27.844729282394017,27.345681614929546,2
1673,1674,-0.007118793111290706,1,26.9145331745354,26.749848714353448,1
1675,1676,-0.011996327453184075,1,26.676100610226317,26.382761472742185,1
1678,1680,0.002973785584939705,2,25.778246832004495,25.880684057670532,2
1685,1686,-0.003008751210583264,1,26.483082255416683,26.42988433187614,1
1691,1693,0.01245663112938548,2,27.134187331354003,27.499322081267678,2
1694,1699,0.004152848953928137,5,27.69447428266082,27.83717972549782,5
1703,1723,0.17024388617527825,20,27.61914070319666,32.34874969003386,20
1726,1727,-0.007057316988870877,1,32.44712766769288,32.250585130031304,1
1729,1731,-0.007221844303813118,2,31.878827162883162,31.680482063687535,2
1732,1735,-0.014870228589213191,3,31.3894347654413,30.954056129958435,3
1742,1744,-0.003122060509531178,2,31.203000270606434,31.13678561595329,2
1746,1747,-0.007261990368781052,1,30.559018557180156,30.367658277295693,1
1748,1750,-0.007025009604887572,2,30.355206816216757,30.172316403590703,2
1754,1761,0.023085592581578638,7,30.5294097905453,31.264728716516434,7
1767,1771,0.06735032511504035,4,30.438405765343614,32.51888069538837,4
1772,1774,0.018368569694135934,2,33.43489890106931,34.08248507065106,2
1776,1778,0.001245924535796473,2,33.552676770878385,33.62803355087975,2
1780,1782,0.01684348860432531,2,33.485227413014876,34.08272068677225,2
1788,1793,0.0066840577425940515,5,32.234599947294505,32.482292474598935,5
1795,1797,0.03891998380196608,2,32.70396536921797,34.00950713701721,2
1798,1799,0.007267680266079876,1,34.76806875364073,35.05552002956492,1
1801,1803,0.002273559390626534,2,35.02917586040361,35.143845947987344,2
1804,1805,-0.013153042305312886,1,35.377472216294635,34.947528299794975,1
1806,1807,-0.007521473966646885,1,34.66597159365213,34.43989836237561,1
1809,1811,-0.015907522462672827,2,33.83514501065013,33.33074682637607,2
1812,1813,-0.005518084670995819,1,33.27527764870887,33.12493712684111,1
1814,1817,-0.011810924387556695,3,33.32495546514793,32.96468189139552,3
1824,1825,-0.013548493540795542,1,30.936547362227742,30.548340297478312,1
1829,1831,0.001739294722454431,2,30.69551992392448,30.77960399965508,2
1833,1838,-0.021838593013442046,5,31.457646678331574,30.802113582041166,5
1845,1848,0.003582013318451231,3,30.017038136024297,30.15457660454402,3
1850,1851,0.0018382058037597088,1,30.40866263169391,30.494968674459756,1
1856,1857,-0.007821135323526624,1,31.16507660123427,30.952495396369176,1
1864,1866,-0.005966985388899404,2,30.861568553841384,30.708279593755936,2
1867,1870,-0.0078111350923224495,3,30.54097989590034,30.332961155977458,3
1872,1877,-0.00988217216205875,5,29.894610358729558,29.629081282805657,5
1878,1880,0.006322402859698883,2,29.75833596547072,29.976238489844164,2
1881,1884,0.0011318474461802087,3,30.271887771087382,30.33642281772323,3
1885,1891,0.031100224831751927,6,30.329591924619383,31.303178644454952,6
1895,1898,-0.0135091793190154,3,32.08932164574514,31.68791056705295,3
1899,1902,0.005886618227570752,3,31.663911884126822,31.881969156864244,3
1903,1911,-0.017424269402446634,8,31.982778411372752,31.457484642505612,8
1912,1913,-0.00782438341323342,1,31.213843982735515,31.00082874359648,1
1918,1924,0.048188503809337375,6,31.506092235338137,33.0558297732734,6
1929,1930,0.0008649046793072015,1,32.610584735065245,32.67140036713261,1
1934,1936,-0.007260233723401513,2,32.4866494733461,32.28327545475273,2
1940,1943,-0.005857668254436215,3,31.614341669937275,31.46076968602232,3
1946,1949,-0.0048609546788178845,3,31.412599072007506,31.291316450646608,3
1952,1955,-0.003937171059437348,3,30.7477153869831,30.657404087204636,3
1957,1962,0.04853546129177146,5,30.80507001610129,32.331013369474185,5
1963,1964,0.004464406483203262,1,32.97046282003378,33.150626830821786,1
1966,1970,0.01931719672230839,4,33.49538345231672,34.175915747206595,4
1973,1976,-0.013482799724318699,3,34.206016458932474,33.77902960610887,3
1979,1987,-0.012631986974950264,8,33.766990995973934,33.3742137965255,8
1988,1991,-0.006234671383924645,3,33.499851407851764,33.324490694321355,3
1993,1994,0.002247317872470284,1,33.485008063566404,33.593744528711035,1
1996,2000,-0.017954539421874048,4,33.79146138117109,33.21854271706129,4
674,675,-0.004028937802682226,1,27.11555242011325,27.033421098347358,1
682,685,-0.0026715741346031953,3,26.25139623543281,26.20751508048844,3
686,687,-0.0027152459809692384,1,26.125560948431577,26.080749185014213,1
689,692,0.01083265200113711,3,26.313251725398835,26.6246072760838,3
694,696,0.006749757372209742,2,26.74132996109791,26.948568780106623,2
702,704,0.009433727466488073,2,27.051425414162363,27.333672614513763,2
706,708,0.006216488480246996,2,27.54113328631417,27.739883557407804,2
710,712,-0.014793740228053305,2,27.657309472631628,27.27581173035927,2
716,717,-0.008953143870924347,1,27.080086290351744,26.86471446804753,1
720,721,0.003572792948024525,1,26.623775800528225,26.745520814758667,1
723,726,-0.019883593217668527,3,26.86098011447641,26.353748292566753,3
729,730,-0.00429443467887716,1,26.158325520236517,26.072148625501292,1
733,734,0.007531597400341387,1,25.930234411022468,26.15146073151379,1
738,739,-0.007506566904591241,1,26.661058493793405,26.487586532956318,1
740,743,-0.005568642987966724,3,26.391619643700032,26.271045755673757,3
744,750,0.003165355935981132,6,26.25728666163155,26.366657606490335,6
754,761,0.018355366907575978,7,26.204103634991693,26.711293675331103,7
763,765,-0.0020533234417963054,2,26.94393833645937,26.915557654595265,2
766,769,-0.0041518750653823135,3,26.98391174500282,26.89886182640727,3
771,772,0.0016852096795541998,1,27.11729124679494,27.190106859734126,1
776,777,0.0001894605918921269,1,27.178839428598515,27.211167587032197,1
781,784,0.0030509150254134114,3,27.779035527734454,27.891566040145246,3
787,788,-0.00015246555469848773,1,28.170909367609188,28.194785183653703,1
789,790,-0.0073979687759077525,1,28.09657347442074,27.9168124746214,1
792,793,-0.0027701931807341705,1,27.810328912489954,27.76109925789509,1
796,797,0.003768991833148394,1,27.686197446574763,27.818232696088412,1
800,801,-0.002040710901458324,1,28.10974857950435,28.080494457720405,1
808,810,0.0013984539894231962,2,28.53048067218345,28.59890971737181,2
812,813,-0.0056183635385928295,1,28.761607458763596,28.628775899564722,1
814,818,-0.00617070705394466,4,28.564304940936175,28.41660728788705,4
819,821,0.0020059617762157624,2,28.408624169567066,28.494019407935664,2
825,826,-0.0045534048431481455,1,28.607086023061747,28.505433465039044,1
828,831,-0.016442614210267048,3,28.51582300828629,28.075464154681068,3
832,833,-0.0019114494409852437,1,27.920230907012577,27.8947830281602,1
834,836,0.011963863828523838,2,27.98628172972562,28.349092075136486,2
840,841,-0.001190270202717986,1,28.725223209051713,28.719757655008607,1
847,849,-0.009248428270387257,2,28.630630918229887,28.394473212764936,2
854,855,0.00012383526536013565,1,28.100714450859027,28.132295024740717,1
856,857,-0.004899934579407543,1,28.11910141979846,28.00943876382952,1
862,863,-0.0005644837691246603,1,27.772476701662193,27.784572066037374,1
865,866,-0.0046010179358567296,1,27.789337518647038,27.689267615816814,1
867,874,0.006586092723914415,7,27.694523169519616,27.90461639022819,7
876,878,-0.009611258132714764,2,27.744100596853006,27.5051889849535,2
881,883,-0.0030338724953298474,2,27.229884632984884,27.17450251957885,2
885,886,-0.0016327037482965537,1,27.15440576139926,27.137225067091258,1
891,894,-0.0060741702536226926,3,27.118491339032154,26.980887496956512,3
895,897,0.007055990291018592,2,27.140380590941753,27.35902323347693,2
899,900,-0.0026003110036237594,1,27.35355946087901,27.309785258685487,1
903,904,5.95580664816105e-05,1,27.46874202611709,27.497846753306966,1
912,916,-0.017390744967214402,4,27.90271860354697,27.445372259024282,4
920,931,-0.003709538276877611,11,27.320945451735206,27.246918304273244,11
934,935,-0.0010086023182589723,1,27.344630664574428,27.344395437358777,1
936,937,-0.0027188517224919313,1,27.273025828306213,27.226147540883662,1
945,946,-0.010903069834775205,1,26.59154503068883,26.32820710323535,1
948,950,0.007507551916498029,2,26.479293451632824,26.704567415384776,2
951,963,-0.00314877157671627,12,26.64926515447828,26.59200197097396,12
966,969,-3.0131086607813342e-05,3,26.430375971757957,26.456009971782233,3
970,973,-0.009511277201230722,3,26.36119705668757,26.136829601181834,3
974,979,-0.006022722562202993,5,26.181882635191343,26.050378302558617,5
983,984,-0.008429219815202615,1,25.91394216157999,25.721421788983164,1
985,990,0.01659224132143725,5,25.75754905289911,26.210682071686467,5
991,995,-0.00033818121551257557,4,26.303318721356554,26.320726751780708,4
996,999,-0.0020178744549846778,3,26.23129493072235,26.204594765691198,3
1000,1008,-0.007953341740334862,8,26.211299071598336,26.02904295169539,8
1013,1022,0.040907589135158115,9,26.50210751357725,27.612746946472033,9
1025,1027,-0.010268915841623642,2,27.747734762793655,27.490543344481626,2
1037,1044,0.0028558673353332466,7,28.298816967272636,28.407933451245317,7
1045,1047,-0.009638109082501137,2,28.418549994776917,28.173067459955522,2
1048,1049,-0.002686895922833287,1,28.07150513102732,28.024151423473995,1
1051,1052,-0.0009922988473506427,1,27.826549182205483,27.82676347870844,1
1055,1061,0.041047695304716955,6,27.91178385281089,29.085410035665,6
1064,1065,-0.004614848090050281,1,29.48803430366589,29.381439539183948,1
1067,1068,-0.0010495656884743317,1,29.331621943630594,29.33016810159489,1
1069,1074,-0.022694237756244174,5,29.297606859922343,28.662017611014218,5
1076,1078,0.007046993130897687,2,28.720116301188593,28.95122687978284,2
1079,1081,0.0034620504283410227,2,29.089904743036783,29.21970536495585,2
1084,1090,-0.015954540554846634,6,28.88850027750467,28.456486028536027,6
1094,1101,-0.011815341887210846,7,28.12403186268863,27.81986084284684,7
1102,1103,0.0021596334731980296,1,27.878254259422473,27.96633932475487,1
1107,1108,0.004932721573313796,1,28.014575629878177,28.180778307084786,1
1109,1111,-0.004159707783315583,2,28.266677434910203,28.177362994210647,2
1113,1115,-0.020294354947069757,2,27.816133245863497,27.27943889776282,2
1119,1125,0.01100639057023596,6,27.22738515830267,27.554287778719498,6
1132,1138,0.006660241587117861,6,27.58906761245827,27.80040653553303,6
1140,1141,-0.0013068055450462751,1,27.87901293626931,27.870459500510044,1
1145,1158,0.0053092702786744495,13,28.233679054691073,28.41181296680847,13
1160,1161,-0.0033968981116024115,1,28.319125181648253,28.25124712397813,1
1162,1167,-0.012195829885417918,5,28.20551704814583,27.889732877444533,5
1169,1172,-0.006803554436621862,3,27.809322449377014,27.647929532696484,3
1174,1176,-0.012258467265001339,2,27.505658731005013,27.195987172579695,2
1179,1181,-0.010876378377153027,2,26.955971433971488,26.689744060565857,2
1186,1195,0.008495198010849237,9,26.710829468816186,26.964454083656623,9
1199,1201,-0.001195203861625033,2,26.83149839105147,26.82626077895235,2
1204,1216,0.01201842988136316,12,27.07838775948307,27.430905851830264,12
1217,1223,0.019001787503438446,6,27.46682918313344,28.01621486384772,6
1225,1228,-0.01438622569298086,3,27.960296265577004,27.58601342932338,3
1229,1231,0.0005713883723698276,2,27.592451317696476,27.635809774862285,2
1235,1239,-0.011460636564662369,4,27.759681081587207,27.46929714664179,4
1240,1244,0.005840301192391147,4,27.405519965208637,27.592981976104753,4
1245,1247,-0.010315955804884345,2,27.534617100940796,27.27810582492402,2
1254,1258,-0.01035920371172262,4,26.631475005867898,26.38222560614433,4
1260,1262,0.00639057985470094,2,26.485132869024394,26.680873358455283,2
1263,1268,0.008810842260357717,5,26.793369017502158,27.056234534556427,5
1272,1273,-0.006906836925488416,1,26.990201386609314,26.83077466843252,1
1275,1276,-0.003963874639576934,1,26.680339314178706,26.601262133110104,1
1277,1279,-0.001305334031574207,2,26.51538715899794,26.50729110893793,2
1280,1283,-0.014159179334892337,3,26.594075126013177,26.24411892218437,3
1286,1287,0.0011269370933643672,1,25.97418808978671,26.0294335539049,1
1288,1294,-0.0018461897204882993,6,26.057730980266363,26.035681196171613,6
1302,1305,-0.02234084103701099,3,25.736431662907272,25.18719456592927,3
1307,1309,0.007181052296759658,2,25.35254828888587,25.55995881229337,2
1310,1316,0.029713827477959302,6,25.693599781887304,26.482748572875924,6
1317,1321,-0.02405528567121082,4,26.34773437463895,25.740279831842468,4
1328,1331,0.011168306291647077,3,25.378858617466904,25.687676342456648,3
1333,1335,0.001005843402636679,2,25.93019850037568,25.98221041796672,2
1336,1337,-0.0013407263190705642,1,26.129056241452957,26.12015338429902,1
1338,1339,-0.0028033666472894398,1,26.216419138368124,26.16914132248263,1
1340,1341,0.003209133165425873,1,26.23598639701174,26.346417157483064,1
1345,1346,-0.005099069117061403,1,26.448787732981284,26.340372324001308,1
1350,1351,-0.004975150120238766,1,26.258704582517403,26.154322289838895,1
1352,1353,-0.009326734060835281,1,26.016323136549378,25.799692132550575,1
1355,1357,0.0019332843230098727,2,25.586912977987023,25.66196666869957,2
1358,1359,-0.0019331826764249166,1,25.72908853094732,25.705078591250036,1
1360,1363,-0.0012993585253042578,3,25.844606186957805,25.836869383762608,3
1368,1369,0.00114570853382599,1,26.06880562904234,26.12474168774723,1
1371,1378,0.013873930132143369,7,26.20713046533881,26.596933492844226,7
1379,1380,-0.003383020488962455,1,26.562546844540567,26.499247751171,1
1381,1384,-0.00023626964020325976,3,26.642784313927002,26.663132217177065,3
1385,1387,-0.005557445515416665,2,26.666896506128946,26.54536357823701,2
1391,1394,0.014939357409443549,3,26.68993702187847,27.11535746730573,3
1395,1397,0.0009278203451827626,2,27.25281411054304,27.305352640048827,2
1398,1399,-0.003675669191824524,1,27.399421269898667,27.326109482532978,1
1407,1410,-0.007109883676110071,3,27.351002230224463,27.183890788172764,3
1411,1414,-0.007050051919164173,3,27.13146409770275,26.96731733126871,3
1416,1417,-0.002604043639612648,1,27.119035182762232,27.07553506686489,1
1421,1424,0.011763057745841382,3,26.933868250150667,27.277626765946223,3
1425,1426,0.006976065800526712,1,27.418058144123183,27.636746380003377,1
1427,1436,0.003019055301452505,9,27.80917789722467,27.920944521081548,9
1437,1438,-0.0023026710228370587,1,27.87453166498005,27.838220320304927,1
1439,1440,0.003490949839607024,1,27.870682510144395,27.995848347293066,1
1441,1443,0.0009135801142755348,2,27.95867394547473,28.012175107958303,2
1444,1445,-0.006377874465815209,1,28.07684057359717,27.925846849595658,1
1447,1451,-0.0063777577129689915,4,27.656778613817465,27.508047159311133,4
1455,1456,-0.0024380454443197405,1,27.891903109230018,27.851793285030382,1
1458,1461,-0.007353963494753978,3,27.58244851081488,27.407190639881232,3
1470,1473,-0.0020868140020242256,3,27.078421180052867,27.048991972761677,3
1475,1480,-0.015557423461836355,5,26.837662112203223,26.4469749001102,5
1486,1496,-0.02344883634076711,10,25.985235241995426,25.401896948771537,10
1499,1503,0.004289722672726545,4,25.64928807412615,25.78496569479115,4
1504,1509,0.001886322646212637,5,25.731241307999362,25.805509972501802,5
1512,1513,-0.0026233364298008524,1,25.720316594478035,25.678563867564208,1
1514,1517,-0.0014386643459930947,3,25.712260319146985,25.700981267290082,3
1518,1522,0.0019117902257752648,4,25.75119501821535,25.82617709617142,4
1526,1527,-0.004959184213102944,1,25.860985655547672,25.758597249404946,1
1528,1530,-0.008503198145357908,2,25.673643352992112,25.48100891980136,2
1536,1538,0.00023034436637859148,2,25.223882975818878,25.25491703813637,2
1542,1545,0.00045378180490716425,3,25.688293180903074,25.72563835412859,3
1546,1547,-0.0036822920551285447,1,25.729406295109584,25.660392513021037,1
1549,1551,0.002057591938313301,2,25.713877824937487,25.79250037047779,2
1553,1556,-0.0037370953433962617,3,25.921574207932522,25.85062438787449,3
1557,1558,-0.002868518098195468,1,25.760053288383304,25.71192016260348,1
1563,1565,0.0038497929076484923,2,25.81717424376635,25.942382192309292,2
1566,1567,8.804256660359063e-05,1,26.099658219150886,26.128055758267127,1
1570,1571,0.0022561044705274157,1,26.27501506483296,26.360569258848738,1
1572,1573,0.0014247579380646399,1,26.357090619058223,26.421000183761073,1
1574,1576,0.0046501878651154255,2,26.386045224601542,26.535131337137972,2
1579,1588,-0.010287905262961135,9,26.312202511410447,26.06781726722462,9
1596,1597,-0.007344085215496403,1,26.326001529411514,26.158987132325638,1
1612,1614,-0.0011365737142182018,2,25.315991547738925,25.312534048744133,2
1615,1619,0.005680607423133008,4,25.378838077112164,25.54838413116061,4
1620,1621,-0.0026239914280222617,1,25.60835447123271,25.56676672308567,1
1623,1624,-0.0036133924429614544,1,25.524574970322494,25.45786923898525,1
1627,1632,-0.02355962075905195,5,25.251841749578006,24.68216977623993,5
1634,1636,-0.019822066583226508,2,24.23464385504824,23.77849777478774,2
1638,1639,-0.007923052308630572,1,23.76545407813481,23.600924596413524,1
1640,1643,-0.021645220880046615,3,23.404804067290936,22.9216067176675,3
1644,1653,0.07099801818679238,9,22.609866600108994,24.23773218678459,9
1654,1660,0.0695318357737225,6,24.29168233523258,26.00501928436864,6
1664,1667,0.011032735609118272,3,27.177962152775336,27.504987385754305,3
1668,1671,-0.01363062368129326,3,27.37194655431491,27.026221797962886,3
1672,1673,-0.010101627688710414,1,27.12692162791946,26.880022486921312,1
1680,1682,0.012692884367763963,2,25.894433550482123,26.249003034857623,2
1686,1692,0.03133044249495128,6,26.45307623043974,27.308315890322536,6
1699,1702,-0.009020069156958688,3,27.866935090395984,27.64344034377853,3
1708,1713,0.024253119914167287,5,29.826256537419447,30.579462570349616,5
1714,1715,0.004273805842358303,1,30.685359963018787,30.847188593666623,1
1716,1727,0.04375978787587378,11,30.809524167972558,32.18855193428762,11
1728,1732,-0.016404790343990356,4,31.914700441298923,31.423061172109456,4
1735,1736,-0.0035116945439540585,1,31.012359181955805,30.934465608603343,1
1739,1740,-0.005027709379663732,1,31.112233687845208,30.986922652398384,1
1742,1743,0.005212591420047816,1,31.182987302562992,31.376714461930355,1
1747,1749,-0.0073217007648765,2,30.440187374653775,30.247753618844442,2
1751,1752,0.0018880617941856581,1,30.32951914073944,30.41711266620583,1
1754,1755,-0.0014489194021066413,1,30.40842446958666,30.394773537854768,1
1760,1766,-0.012587445695411089,6,31.059299225524818,30.699401282411525,6
1767,1768,-0.005639869932451312,1,30.47410194578295,30.332706076446257,1
1771,1775,0.03851494780804055,4,32.533795273574746,33.81936649580753,4
1776,1778,0.001516985321549976,2,33.55534027015414,33.63979856907373,2
1779,1780,-0.004047627131692051,1,33.68321217233489,33.58055830103594,1
1781,1782,0.013021091083873119,1,33.583922782279004,34.0548060225631,1
1784,1786,-0.04165825050268613,2,33.36967608998717,32.01292344032698,2
1788,1794,0.0092246767266938,6,32.187356334068035,32.51646164727078,6
1795,1796,0.014135167933676938,1,32.72297709904601,33.21824485272994,1
1797,1801,0.026775367782281873,4,34.039151172365685,34.98460111517483,4
1802,1807,-0.014646956971497867,5,34.92646647254836,34.44982648743103,5
1809,1810,-0.007047275419762307,1,33.86935746463987,33.66454013176081,1
1814,1815,0.005311619727545353,1,33.34577865228439,33.556244526656506,1
1816,1819,-0.030323853561017834,3,33.41246009456892,32.43267800764243,3
1821,1825,-0.0404490607682646,4,31.83794219730589,30.581965280827873,4
1828,1829,0.003924055965504846,1,30.56377819268445,30.714275947022504,1
1830,1832,0.022478229794814314,2,30.56526399541494,31.282882287238458,2
1834,1835,-0.006197944010427221,1,31.985295114055617,31.819037340895765,1
1839,1844,-0.02076572977882609,5,30.42023245603941,29.81895436150426,5
1845,1851,0.016112739976529518,6,29.955747744813454,30.468372666772957,6
1852,1854,0.0006148014602928849,2,30.378567694524484,30.42762304999921,2
1855,1858,-0.006874331955784658,3,30.904692026643488,30.723147606687693,3
1859,1862,-0.0001042897535687775,3,30.67166112870776,30.69913404985581,3
1864,1871,-0.024763518764421604,7,30.833559923865106,30.10084604404042,7
1874,1875,-0.007255364517703215,1,29.660749079076627,29.475210281718873,1
1877,1883,0.027424901493968604,6,29.67573438451992,30.519264211161076,6
1884,1892,0.04087651821572408,8,30.42599228454813,31.70012690468349,8
1897,1898,-0.0076977261253882686,1,31.924744492717824,31.710921297482603,1
1899,1902,0.004591975945924569,3,31.720302943277566,31.897682114333815,3
1904,1905,-0.003570360872863101,1,31.895172985320862,31.813190880646193,1
1908,1913,-0.027396693023485713,5,31.915511584872636,31.07304762287925,5
1914,1919,0.010292680700706457,5,31.21998633780882,31.572543675002112,5
1921,1924,0.014924700687060689,3,32.57451735376209,33.093256792646216,3
1927,1936,-0.00974310487695857,9,32.56914240409264,32.28438697630106,9
1937,1939,-0.013190363345733383,2,32.09792284864345,31.706637506475168,2
1941,1944,-0.004747116378658557,3,31.620420949798994,31.501935552557924,3
1946,1947,-0.0013120867837671689,1,31.344375337466257,31.334593172177996,1
1954,1956,-0.00793646274012388,2,30.81355514132998,30.599818064201393,2
1958,1962,0.04233486051179712,4,30.963854713206004,32.30566903811034,4
1970,1971,-0.0036680807132884767,1,34.24054454509383,34.14918800858057,1
1973,1974,-0.005009776821994991,1,34.209041193710995,34.07187057322978,1
1976,1978,-0.0006352762891495968,2,33.89980550924459,33.912169572107025,2
1979,1982,-0.008514550760643285,3,33.81983278306209,33.5656919328973,3
1985,1987,0.0027822575797978246,2,33.167466475327934,33.292914376806934,2
1992,1993,0.003283436459368916,1,33.238736216971155,33.381112231546275,1
1995,1997,-0.0020305147461463853,2,33.81627262757195,33.78142445996953,2
1999,2000,-0.002076804331973924,1,33.24944260637688,33.213639462542616,1
673,675,-0.0008471457047003229,2,27.053335139451352,27.0574703579296,2
681,684,-0.005368314411499865,3,26.333946932711722,26.218911972813885,3
688,693,0.01624191270021268,5,26.277838215960372,26.730918408430274,5
698,699,-0.0025063279202393865,1,27.148528469068754,27.107633882642382,1
711,712,-0.004462579518171413,1,27.397603156757775,27.302736777220197,1
714,715,-0.008593707885810136,1,27.41892190302232,27.210710619546926,1
717,718,-0.0037500657747096557,1,26.896849115797107,26.822881011596223,1
720,721,0.002512832939095588,1,26.649868818034506,26.743485355041074,1
723,724,-0.011759347908195699,1,26.876692908821532,26.587517219193785,1
725,727,-0.009707224235409824,2,26.506352353839052,26.275555600231392,2
731,734,0.0060597292042774,3,25.95892057777806,26.142183527492517,3
736,738,0.0027983724807763137,2,26.509217425012732,26.609909306966816,2
742,746,0.002403753797097409,4,26.274839245355555,26.364272329205058,4
747,748,-0.0036078892259400986,1,26.42719518770128,26.358275990099457,1
751,753,-0.006479915830600225,2,26.3218445882042,26.1776030953547,2
761,766,0.005697219752306097,5,26.768161202611516,26.94743346055056,5
772,773,-0.003170511124370231,1,27.252936127835344,27.193783326798126,1
777,779,0.009028533095317152,2,27.255953795657334,27.52929103034152,2
785,789,0.0036866660456983166,4,28.071095284754634,28.202655133891255,4
791,798,0.002529216067061058,7,27.893197029214708,27.991638148331912,7
800,808,0.012778716981488861,8,28.122302541385263,28.509791788970816,8
811,814,-0.00175807489209244,3,28.557872108132454,28.53622310231569,3
816,819,-0.003875376268268689,3,28.536459533089097,28.454406474567243,3
820,823,-0.0014370046801188787,3,28.508654563646928,28.496196148178722,3
825,826,-0.00629625907330752,1,28.6165418844207,28.46498126481865,1
827,831,-0.013253571613979755,4,28.49584040503134,28.146664583927752,4
838,840,0.002614859838928733,2,28.614919552384574,28.718358475868666,2
841,845,-0.004683775872062994,4,28.731051207230163,28.625212454013962,4
848,853,-0.017760831625449867,5,28.5958366634906,28.11654665998497,5
854,857,-0.005190925421643909,3,28.123217542430037,28.005355235093045,3
858,860,-0.006197517154903349,2,27.979202144434378,27.833779761308172,2
863,866,-0.006892307353008985,3,27.812966882075933,27.649084332807682,3
867,875,0.000602319357705858,8,27.709232986881812,27.753632027283874,8
876,880,-0.01922381668551055,4,27.770288631922565,27.26420798259069,4
881,884,-0.005595482823777158,3,27.263800008238498,27.138509683589742,3
885,892,-0.004654706337826237,7,27.142595532902327,27.043397316983175,7
893,894,-0.003220255504779526,1,27.030716272544165,26.970701175941915,1
895,896,0.006406173097500456,1,27.108216519022903,27.30898466292731,1
897,899,-0.00415269431593605,2,27.37207353312117,27.285777752477916,2
910,912,0.0033726912242240245,2,27.814613734225563,27.936238451606393,2
922,923,-0.0008331004389482875,1,27.220543108503218,27.225086205199617,1
924,927,-0.0008804889194350718,3,27.1032458797783,27.10648501798021,3
928,938,-0.0053497829170309815,10,27.252081483068896,27.133540844580306,10
941,944,-0.017649766639363528,3,27.055205715415873,26.604742853874225,3
945,948,-0.004630342785640104,3,26.541197037924174,26.444843394735294,3
953,954,-0.0051989883026089005,1,26.693729363178974,26.581642705829978,1
955,956,0.003359352020212103,1,26.623082475935337,26.73914186431108,1
957,958,-0.0019516906706969364,1,26.81362224149744,26.788103967362616,1
965,967,-0.004615695663950007,2,26.494238469155306,26.398443366002724,2
969,970,-0.006758155938102473,1,26.519261948770673,26.366559903106264,1
971,976,-0.0078926424503609,5,26.274206741333813,26.093108028598937,5
978,981,-0.0019341581365489664,3,26.15869646230168,26.134260103159907,3
983,989,0.008385129948399427,6,25.876107604706817,26.118958237135757,6
992,993,-0.004502985217413992,1,26.39577273547979,26.303308733785187,1
994,998,-0.007161126379889074,4,26.399763940764903,26.23711165872661,4
1000,1006,-0.004686885949099583,6,26.165521152116536,26.06905185982993,6
1008,1011,0.008815399109131126,3,25.999415175392834,26.254609811943315,3
1012,1013,0.003580388805780106,1,26.379536345455396,26.50036487843379,1
1016,1017,-0.00036784231075298493,1,26.891937928237983,26.908937873578072,1
1021,1025,0.00882066100853067,4,27.474716891396113,27.744536772291866,4
1028,1032,0.008743003313231974,4,27.62575658374382,27.894914421669775,4
1039,1041,-0.0011976015216241343,2,28.411064750287494,28.405450680661875,2
1042,1046,-0.007537865581864733,4,28.4844010858275,28.298173900348438,4
1047,1048,-0.005516912706004064,1,28.202841782205734,28.075452007814267,1
1052,1058,0.016972309006872636,6,27.797057175073036,28.296634476105154,6
1064,1065,-0.0062935698419346355,1,29.488647841019805,29.332547624129152,1
1066,1067,-0.0034264960884142935,1,29.33779434858617,29.26660630535662,1
1068,1069,-0.0014829057782082976,1,29.318592089364692,29.304433971835806,1
1070,1073,-0.017542274875061537,3,29.172346166744305,28.689769197703573,3
1074,1081,0.019361402588078145,7,28.640202981381883,29.223357684490075,7
1083,1089,-0.022313136928863827,6,29.08160336939718,28.46178317467431,6
1092,1093,-0.007095588776620475,1,28.388777919221212,28.215731603154836,1
1094,1095,-0.002530961046775558,1,28.03746898153282,27.994544708671917,1
1097,1098,-0.009528601497285828,1,27.965470861968136,27.72696450530245,1
1103,1104,-0.0027643001526161037,1,27.986454457921102,27.93707795204981,1
1109,1113,-0.015846586100037734,4,28.23767641244759,27.818443318325183,4
1119,1120,-0.0011478598640734723,1,27.16990355751513,27.165886219268227,1
1124,1125,-0.0032781787142712004,1,27.57569231523557,27.51286995997171,1
1131,1134,-0.005318020972031309,3,27.636115548988016,27.516782222462005,3
1137,1144,0.014085965320257889,7,27.759318046937192,28.178094156307296,7
1145,1148,0.004474616875134042,3,28.23358970062969,28.388157787250368,3
1149,1154,0.004389494014675298,5,28.49418273686159,28.64775196417497,5
1155,1158,-0.0055062729667803845,3,28.601010707498858,28.47212674612506,3
1159,1164,-0.012543298627140358,5,28.35012350225094,28.02286956054815,5
1165,1171,-0.012496109039710376,6,27.976082033115475,27.654465943558897,6
1172,1175,-0.014405074244338623,3,27.657165264162373,27.286418910408333,3
1176,1180,-0.015099936319104522,4,27.245074059174925,26.860920249931272,4
1183,1184,-0.003675734777365028,1,26.734009321268633,26.662476202789314,1
1186,1188,0.0006412229764566359,2,26.7382686805974,26.782152141506668,2
1193,1195,-0.0072836702866867714,2,27.174855028962437,27.004097199871925,2
1200,1203,0.002940968798792085,3,26.872430804579214,26.97833421592776,3
1204,1206,-0.005114730048655756,2,27.005028699058684,26.893910296005856,2
1208,1209,0.0056029514577324415,1,27.109020884265604,27.288020433231065,1
1210,1214,0.0025529181633028417,4,27.468559451046495,27.566152994839882,4
1215,1216,-0.005456650527035347,1,27.525453439792912,27.402782113213572,1
1217,1218,0.001268703477351332,1,27.51041565331316,27.572828628969212,1
1219,1222,0.007773913173562494,3,27.738047744436308,27.981418966950123,3
1228,1234,0.002920210326923257,6,27.62659281667907,27.73489487113672,6
1239,1240,-0.006110663410298204,1,27.478872521032294,27.338437252682805,1
1241,1242,-0.001615259388093932,1,27.49299938058633,27.476084054610563,1
1250,1259,-0.01837867127178621,9,26.869609559903395,26.40265144816059,9
1261,1262,0.0031332036656329257,1,26.56232119469685,26.67210867802649,1
1266,1270,0.004408210894276822,4,26.922325010139147,27.067926621558243,4
1271,1273,-0.004806138504627785,2,26.98022044085783,26.877529984974537,2
1275,1276,-0.004705860380046556,1,26.661571767627073,26.562767705143656,1
1277,1278,-0.005232877437167183,1,26.60991244948035,26.49727595146795,1
1280,1281,0.0006910395885075947,1,26.52911086203832,26.573972638753933,1
1282,1286,-0.019204060094011363,4,26.405805301040505,25.9251124345096,4
1287,1291,0.0027300980512573233,4,25.998967259256204,26.09594595636466,4
1298,1300,-0.004688165898328907,2,26.030458992568587,25.934454341394346,2
1302,1307,-0.0141538748236999,5,25.71248516812999,25.37426635682217,5
1311,1318,0.007041219320795526,7,25.775397589674693,25.98266321477397,7
1319,1324,-0.012781451427581313,5,25.787155737036496,25.483345614265126,5
1327,1337,0.02926802936046646,10,25.36158005816832,26.12922510799678,10
1347,1353,-0.021386071896288605,6,26.347548200364848,25.81042518846128,6
1354,1357,-0.0006561364566842424,3,25.69566209273692,25.704497894151974,3
1362,1367,-0.0009288914280414697,5,25.93467699186189,25.936521169706985,5
1368,1374,0.02295464474168876,6,26.04636004111758,26.67029134271667,6
1376,1379,-0.00751949537662558,3,26.735151960043066,26.560852260446183,3
1382,1387,-0.00898629113294935,5,26.669553738459133,26.45656291791796,5
1388,1390,0.006259018803990985,2,26.449822167513755,26.641821923989955,2
1391,1393,0.012796205411441785,2,26.65904431492759,27.02683796636906,2
1394,1399,0.005064903104166172,5,27.15876730178192,27.323482593895825,5
1402,1409,-0.008177208187849238,7,27.44439798590956,27.247423827974497,7
1410,1411,-0.0025294318728038634,1,27.1811315737957,27.13955988482786,1
1414,1415,0.0017506983091918897,1,26.97493348393931,27.049133387864146,1
1421,1424,0.01162393260067153,3,26.93846852264602,27.278537933641214,3
1426,1428,0.006710222300165488,2,27.64847871249464,27.861654629629367,2
1432,1435,-0.004916089543621985,3,28.038198565005455,27.92839846878304,3
1446,1450,-0.010816259098220385,4,27.819293406938726,27.5462120149268,4
1457,1458,-0.01296077347174334,1,27.87309230509005,27.539708562071876,1
1460,1466,-0.017708622042515228,6,27.44509894738278,26.98652916215153,6
1469,1470,-0.0012784618846198603,1,27.06444163598752,27.05690522056338,1
1471,1472,-0.0006070162382468948,1,27.01710777782656,27.02772506247278,1
1482,1483,-0.008214185027994718,1,26.088704955289085,25.900496210600867,1
1484,1486,-0.0021094449508476695,2,25.88466255893319,25.855944950752786,2
1488,1493,-0.01305869015053189,5,26.04987618205983,25.73574879672065,5
1497,1499,0.005294966037830989,2,25.46219372178125,25.622477366508537,2
1501,1502,0.0015121954001894116,1,25.640457570621457,25.704871410189124,1
1513,1514,0.0019509105665779067,1,25.65250901682833,25.728207276745323,1
1522,1528,-0.007443433627066081,6,25.81181260920586,25.645495907864174,6
1530,1531,-0.005842841796100823,1,25.486521550454068,25.363094358652305,1
1532,1533,-0.0039873675354362694,1,25.465718793832565,25.38964333224132,1
1536,1538,-0.004013924071547811,2,25.31873822327051,25.24242946867818,2
1539,1541,0.00623103293193143,2,25.382377044116694,25.565917848413402,2
1545,1550,-0.0013077602331533476,5,25.724120103181864,25.716203241981244,5
1552,1554,-0.0016177602866658757,2,25.88332427530395,25.86733458547977,2
1557,1562,-0.0013742614574369072,5,25.777072047141196,25.767424682588377,5
1565,1566,0.001823645667280558,1,25.96694115257988,26.040262593457893,1
1568,1574,0.010476606294945186,6,26.12842921448458,26.428294909684563,6
1577,1579,-0.008346421417757368,2,26.512662956861508,26.317889761873438,2
1581,1582,-0.006164327272191374,1,26.009838872270656,25.875515552037285,1
1584,1585,-0.0015902359205763228,1,25.92497431194926,25.90967246087033,1
1590,1593,0.0031928209750221436,3,26.29634565242235,26.40660152204026,3
1597,1598,-0.0059210872804604155,1,26.187010790684113,26.058142224968798,1
1601,1604,0.0035214021235644363,3,26.119728140243865,26.23782593452409,3
1607,1612,-0.02394977600804145,5,25.926403317733175,25.331398168897056,5
1613,1619,0.008714144841867538,6,25.33080274822003,25.576869835077016,6
1620,1622,-0.0013351319109876887,2,25.577173956078063,25.568602228892498,2
1625,1627,-0.0053660221740387416,2,25.340571141914022,25.22993364640562,2
1629,1630,-0.0033261428994452117,1,25.03466773641356,24.97643352181853,1
1632,1634,-0.020179950914293626,2,24.689283480747964,24.215744235478137,2
1637,1638,-0.0021921334357054376,1,23.758097871330953,23.729775048489778,1
1639,1641,-0.012526422287255833,2,23.588215560024814,23.31632782647715,2
1642,1649,0.014783577969993432,7,23.127063521784727,23.492091332097807,7
1651,1656,0.030466356752413992,5,23.91622182513769,24.668778193257342,5
1657,1659,0.01914712671676498,2,24.882140278199707,25.383443911368918,2
1661,1667,0.03359147927397083,6,26.631692559107453,27.55292220029658,6
1670,1671,0.007887419825389184,1,26.74992937372096,26.987667226364728,1
1674,1676,-0.015028226253504019,2,26.760573176285526,26.38516980109514,2
1679,1685,0.028124026524108822,6,25.703046967174096,26.45162318879649,6
1686,1692,0.029183593370590056,6,26.461544124078088,27.260248611877188,6
1707,1710,0.017496632412611828,3,29.58210991193706,30.12927932496764,3
1711,1718,-0.0017913524467076112,7,30.327781740983195,30.303781776699253,7
1719,1720,0.008382711901777123,1,30.521673918206822,30.808049991341342,1
1721,1730,0.014360410755222902,9,31.41401848934692,31.896550716815455,9
1732,1733,-0.007203085739132033,1,31.428033136640916,31.23308235248205,1
1736,1738,0.009736650191939342,2,30.926106142403086,31.258148925852854,2
1739,1740,-0.004548374006696629,1,31.12092368177867,31.010495005121857,1
1741,1762,0.015438921807216423,21,30.968922420346345,31.47801811446817,21
1763,1764,-0.0048255148422363114,1,31.26736209514987,31.147748337377298,1
1765,1769,-0.009835952794822304,4,30.885314480173523,30.61241329937347,4
1770,1774,0.08688424377606335,4,31.376392018430867,34.13388250339197,4
1777,1779,0.0027568921801385104,2,33.512383951132946,33.63828636433676,2
1781,1782,0.016531600482871833,1,33.52525863389544,34.113010074349845,1
1785,1792,-0.029882320425532523,7,32.63437340356554,31.691816974037284,7
1794,1804,0.08189606948391619,10,32.57170776559326,35.27177431573969,10
1808,1811,-0.024028753595327804,3,34.26248223587756,33.47345997490324,3
1813,1817,-0.009007664418615308,4,33.22764111041059,32.96156531097623,4
1819,1825,-0.058849236453620946,6,32.41378261039923,30.53867003581398,6
1826,1829,0.025646665848371688,3,29.90754824185685,30.704484686201667,3
1830,1833,0.02682285267137016,3,30.6087181420116,31.460339997336284,3
1837,1838,-0.017473794333918283,1,31.264132238188843,30.749093353668496,1
1842,1844,-0.008443804797097998,2,29.987917060726968,29.76469285985535,2
1845,1847,0.00719527770564276,2,29.95800422603682,30.20351839017601,2
1848,1853,-0.00020106322584395521,5,30.165823669384498,30.189924255236676,5
1862,1863,-0.0018631462475583002,1,30.791491312576195,30.76491375239302,1
1864,1865,-0.0007409342890613065,1,30.767975535460057,30.775946462916295,1
1868,1871,-0.009404712971966385,3,30.39526137635651,30.139797928780336,3
1872,1873,-0.007528240321501649,1,29.879450693380228,29.684390458579383,1
1874,1876,-0.007785726716793111,2,29.671987674334066,29.47064167483198,2
1879,1882,0.02162007048567386,3,29.84245181859173,30.5174901821936,3
1884,1890,0.028545646037372238,6,30.35739165449324,31.254320402934777,6
1892,1893,0.004598492190306577,1,31.642082643201814,31.819230595764814,1
1894,1896,-0.002791156898999088,2,32.007801932082614,31.95047093683017,2
1897,1898,-0.00737759267793964,1,31.912602130480636,31.70907655279928,1
1899,1905,0.0007240193584641041,6,31.69342936523453,31.748069450996308,6
1908,1910,-0.00899482999717342,2,31.843768207529315,31.589182694240723,2
1912,1920,0.021719916223012396,8,31.247387688614026,31.957325719087326,8
1921,1922,0.014067654818508291,1,32.5400537019142,33.03035599887037,1
1927,1930,0.0007245795775658625,3,32.59665199589364,32.65286751622278,3
1931,1933,-0.004262104748111001,2,32.60238705819873,32.49603465657643,2
1934,1936,-0.004554352278938086,2,32.35698531399947,32.24197718950909,2
1940,1941,-0.0002684862805775307,1,31.64818010893199,31.671331186876426,1
1942,1943,-0.0040837320933241154,1,31.58518734523781,31.487787089347645,1
1946,1950,-0.01021605891469117,4,31.400998891629524,31.111605435864114,4
1957,1960,0.02708460463241192,3,30.802524401545757,31.66760112104339,3
1961,1970,0.0670975563614041,9,32.064566986929016,34.24808564452543,9
1971,1972,-0.0005438156158105683,1,34.15856274938256,34.174145352295184,1
1974,1975,-0.009314692211129596,1,34.16773164744025,33.88363747523931,1
1977,1979,-0.0015414972106603223,2,33.81774446193669,33.79943224763973,2
1981,1985,-0.019178862495447483,4,33.71374412043473,33.10086660186265,4
1989,1990,-0.0060237763683035,1,33.48823464974146,33.319997247891884,1
1994,2000,-0.01427609246969272,6,33.615882411640925,33.16959484829366,6
672,673,-0.003664098153859121,1,27.103066649565015,27.03086141973999,1
678,680,-0.010467952165641118,2,26.726765710447076,26.473717971158266,2
682,683,-0.0024711182673944803,1,26.27005706075393,26.23141069992636,1
686,687,-0.0014347935947544301,1,26.09409573138365,26.082750185698735,1
688,689,0.0048942850244575,1,26.195069261585648,26.34947046604884,1
690,693,0.008340272450365678,3,26.42953003575677,26.67638904702586,3
697,702,-0.004938462110907774,5,27.089233707743286,26.982543787171814,5
703,705,0.012350978865996728,2,27.134638224264478,27.4969122057331,2
710,714,-0.008793146742791635,4,27.65569764688017,27.440172736843756,4
716,717,-0.005464301053298934,1,27.059060519026726,26.938260726650356,1
718,719,-0.008539543899457016,1,26.84493818667731,26.642539596740647,1
722,724,-0.009852608790669303,2,26.845291949728452,26.607641082226202,2
725,728,-0.007572223071241018,3,26.467732966558877,26.293781121312612,3
729,730,-0.005224690402152522,1,26.133946964150816,26.023539129241005,1
732,733,-0.0020032430534054346,1,25.931682590345975,25.905666809924096,1
746,752,-0.002539740323185119,6,26.356749623620583,26.316167073437,6
753,761,0.017319242226423007,8,26.221318436506017,26.701673120440542,8
765,768,-0.0030225084628819053,3,26.977393407545158,26.922831401071903,3
770,771,0.000848100550583581,1,27.026761955183815,27.076710128833682,1
772,773,-0.0004945538932088336,1,27.18200094571665,27.195739982269455,1
782,783,-0.0023100146918912084,1,27.787826181528395,27.751423720974874,1
785,787,0.006172898585960851,2,28.001959936612042,28.2028151554455,2
791,792,-0.0019232775910935811,1,27.86442685955546,27.838700258647368,1
793,795,-0.005342390023087537,2,27.713931960257035,27.59358725861229,2
796,797,0.002523292573750718,1,27.688153180759965,27.78570664524261,1
809,810,0.001666530454225873,1,28.599037964393855,28.675298170087473,1
811,812,-0.0007926817417291324,1,28.619396745810224,28.62533006929633,1
814,817,-0.0062885016567879965,3,28.575552615142897,28.42443075779408,3
820,821,-0.0016064724436302994,1,28.46282582845508,28.445563908922274,1
822,825,0.0011919703451657546,3,28.481530057591154,28.54396072686234,3
826,830,-0.016935117999931144,4,28.528166596445004,28.07356689540896,4
833,834,0.0032720506523322007,1,27.92560476787326,28.044904365938624,1
835,836,0.004845149224475004,1,28.148715186248516,28.313248626989385,1
839,840,0.0020841388097328096,1,28.626616647109312,28.714905106502005,1
841,844,-0.0047184075955526775,3,28.71303462258441,28.606267856552424,3
849,851,-0.00922276550194218,2,28.4571197877108,28.223123564835774,2
853,854,-0.00015643185166131347,1,28.055252852446316,28.078919370146227,1
859,862,-0.005627395984367387,3,27.933770259964607,27.804509643635406,3
864,865,-0.006837495845704437,1,27.995077820271643,27.831656669795635,1
866,878,-0.009145204113483407,12,27.709503542850292,27.483803980610485,12
880,884,-0.005629835928344625,4,27.283345090051128,27.157027678707784,4
885,891,-0.002531544642418529,6,27.146318210720626,27.104742412503608,6
892,896,0.008652530584879286,4,27.081577404712068,27.342983158897827,4
897,902,-0.002465908274619108,5,27.404143660072137,27.363971699121986,5
903,904,0.0013643481711231834,1,27.462459178699454,27.527389993833157,1
906,911,0.008015212998822678,5,27.580234199231167,27.82887588509465,5
912,914,-0.009990117495088404,2,27.93809874764776,27.686931957317025,2
916,924,-0.014429113293414283,8,27.46753128078056,27.098666691320556,8
927,928,0.0030645228435376218,1,27.131680376421393,27.24195771109492,1
929,930,0.0005805682667368367,1,27.25601670284287,27.299096697921033,1
933,937,-0.0055539361337617705,4,27.316525766767246,27.19212805302913,4
940,945,-0.01944108680185082,5,27.059581452752838,26.56057336236087,5
949,953,-0.000629041082067883,4,26.61913308747299,26.62900769227941,4
958,961,-0.002852775386211011,3,26.793695142296137,26.74405244343085,3
964,965,-0.0049017416181462384,1,26.551046464599636,26.447451141603374,1
966,970,-0.002501899130184869,4,26.44174781618663,26.402034978140932,4
973,975,-0.0028789305178253564,2,26.236224594691063,26.186928551627577,2
984,997,0.020375853082633448,13,25.73977850122998,26.2899882248518,13
1000,1001,-0.006030764682651211,1,26.203238251697687,26.07141592612995,1
1003,1005,0.004519208509228509,2,25.933004538263447,26.076134197580892,2
1007,1008,-0.0013144878704401245,1,26.071849722148627,26.063650441651074,1
1009,1014,0.020542572947470913,5,26.080187492500905,26.642021834041824,5
1017,1020,0.013084000085529058,3,26.905734432427437,27.284674798474967,3
1021,1024,0.007751512994226393,3,27.474951459402398,27.715398854115097,3
1025,1026,-0.009100035180483648,1,27.795763382663143,27.570616721395172,1
1027,1028,0.000443793388274893,1,27.524666549432244,27.564406481010785,1
1030,1036,0.01962340917972686,6,27.68498368012105,28.255942426690247,6
1038,1039,0.00018471595784073144,1,28.393387260315194,28.42702535929964,1
1040,1042,-0.0008869042891207168,2,28.44694727111621,28.45016449884018,2
1043,1048,-0.01609511544869731,5,28.456442725486127,28.02688943728567,5
1051,1052,-0.0016686134405592187,1,27.834899817747377,27.816289029612612,1
1053,1063,0.06101605620654434,10,27.829924674031126,29.555826846839736,10
1067,1071,-0.015564675996961819,4,29.332134189482097,28.904921158712884,4
1072,1077,-0.002128246066860306,5,28.769644986392493,28.737185747591628,5
1078,1080,0.0064243805030318075,2,28.95469740611124,29.169668097004358,2
1083,1085,-0.015108803484887287,2,29.08760831236116,28.67721696283668,2
1089,1091,-0.0036284443811735218,2,28.496729838597215,28.421827769171134,2
1094,1095,-0.002546424939451279,1,28.048864450320504,28.00548898681124,1
1097,1098,-0.011376693983834469,1,27.980959697415255,27.69060984126117,1
1099,1105,0.004869631916468648,6,27.771740829454693,27.934750725803156,6
1106,1111,0.00447490743942024,5,28.0307964457539,28.184262461747632,5
1112,1118,-0.03094468859982925,6,28.001524769686434,27.163027830137768,6
1119,1123,0.007730637590101259,4,27.237862541800943,27.475666448382402,4
1126,1128,-0.0010970919280918494,2,27.607320511511762,27.60464006353385,2
1137,1138,0.0017998675573061731,1,27.712245444165212,27.789836061124436,1
1141,1144,0.009079473024172856,3,27.88306959054837,28.164116238317437,3
1148,1149,0.0001188471473665808,1,28.413443516235258,28.44523381646026,1
1150,1164,-0.018611213398259763,14,28.49552198428829,27.993681265728185,14
1165,1166,-0.002976128788619939,1,27.98777955169433,27.93247209479268,1
1168,1171,-0.005951057837244248,3,27.827728416698047,27.68995172382785,3
1172,1181,-0.03640651479997254,9,27.696550862109838,26.715912524102354,9
1182,1185,-0.00015588871247414746,3,26.648412339782627,26.67090656543328,3
1186,1187,0.00011586434699943312,1,26.73052581437423,26.760353455107037,1
1189,1191,0.0018073626211746493,2,26.953174567329096,27.02884190213141,2
1195,1196,-0.007512132868069729,1,27.069822940320844,26.893540656618352,1
1197,1205,0.0007039545415428996,8,26.886644617608482,26.932458237811506,8
1207,1211,0.01752057410880329,4,27.013498289718793,27.51380378673156,4
1214,1216,-0.007747046337416681,2,27.62469143073065,27.438306357590672,2
1218,1222,0.01480176015643097,4,27.57478623562493,28.01051639408513,4
1225,1230,-0.015953892987647916,5,27.978490357316982,27.560103006557725,5
1232,1234,0.002328418504468379,2,27.664276836839907,27.75635512777638,2
1238,1242,-0.002876268675926184,4,27.541597922168613,27.489922484702294,4
1243,1245,-0.0016313663497968993,2,27.568732757721193,27.551326787551425,2
1254,1256,-0.005082726311820442,2,26.576432947023072,26.46792864495593,2
1257,1264,0.015243533496689995,7,26.38658862496916,26.815200061162226,7
1274,1278,-0.006524392463101356,4,26.707705886577568,26.56016203747103,4
1282,1283,-0.008990927831894369,1,26.40899691128257,26.19796452285179,1
1284,1287,-0.005346219236408453,3,26.0995334943013,25.986099199767082,3
1289,1293,-0.002236868736154744,4,26.118415941315924,26.086110889200224,4
1299,1301,-0.004880340012397864,2,25.941559458496084,25.840897387345283,2
1305,1309,0.01408967645450988,4,25.188672653067275,25.56876157372062,4
1310,1316,0.029124877263644083,6,25.747398465189796,26.523035683811777,6
1320,1321,-0.002127794482439456,1,25.71988296886424,25.690876226762967,1
1322,1323,-0.00776071533654377,1,25.663829804840304,25.49032395708427,1
1324,1334,0.012113953959495431,10,25.549171924768785,25.884222589093437,10
1336,1337,0.00035220706539781173,1,26.123837050374547,26.159161887409365,1
1338,1339,-0.004683657128392702,1,26.28071890388887,26.183909746359276,1
1341,1344,0.00019459849533128427,3,26.391664663782628,26.42319210667927,3
1346,1350,-0.00713604627244879,4,26.38686168730663,26.22495068300861,4
1356,1359,0.000660137023990577,3,25.69908788153192,25.74175188880684,3
1360,1361,-0.0006743440023104803,1,25.839420607281586,25.84783536957917,1
1362,1363,-0.0016527315270699618,1,25.882734158845313,25.865839682253064,1
1364,1368,0.0055605511597401095,4,25.84114023950207,26.010672362069343,4
1369,1371,0.0027023557470635417,2,26.107774788596902,26.204435058628505,2
1376,1377,-0.003073437346087097,1,26.68845699965588,26.633120156203354,1
1380,1382,0.004626446917755124,2,26.525415423321718,26.67465926517244,2
1386,1387,-0.006228452594884454,1,26.614309175529147,26.475157521659295,1
1391,1393,0.010948396299350228,2,26.663818728589543,26.982408601612768,2
1394,1403,0.010090841060840423,9,27.15869784980908,27.4599106510807,9
1406,1408,-0.008040419358805622,2,27.450921061726977,27.25765506566695,2
1410,1411,0.0010931733244474752,1,27.141157275147012,27.197968421549984,1
1414,1415,0.0018900683221530477,1,26.970788325060482,27.048735746022235,1
1416,1417,-0.0018304476522960629,1,27.14785821832574,27.125313343203466,1
1418,1424,0.007855932947888701,6,27.063876654291658,27.303552531251995,6
1425,1428,0.014944327007783097,3,27.437537635322954,27.8750107076689,3
1429,1430,-0.0011522586514147197,1,27.874608279360352,27.870364129095023,1
1432,1433,-0.0035647791932512662,1,28.04555287058836,27.973622220122646,1
1435,1436,-0.005570545251272578,1,27.994622098476857,27.866671411383493,1
1444,1447,-0.01686352542106382,3,28.06051067085708,27.615372046501907,3
1449,1452,-0.004060406993072268,3,27.725641811303724,27.640790063216993,3
1458,1461,-0.009559675660406615,3,27.62365228341638,27.387202779314485,3
1467,1469,-0.0017005753877542857,2,27.006032271959363,26.98711251042873,2
1474,1475,-0.008005231790661708,1,26.9521245275983,26.763318648031696,1
1476,1477,-0.005882609004655107,1,26.58615790167541,26.456348087705507,1
1479,1488,-0.014888918247529522,9,26.378901335361796,26.01252693125531,9
1492,1495,-0.018559297947310798,3,25.80098416674561,25.347936998427876,3
1496,1498,0.0012904366134629391,2,25.44685374008036,25.505138145584077,2
1501,1509,0.00681708965807462,8,25.63737296344497,25.83778260649772,8
1511,1513,-0.00713727121587057,2,25.795446318432372,25.637132668241723,2
1523,1524,-0.002244736383359726,1,25.875619863212457,25.84341153772673,1
1529,1533,-0.010621827425977452,4,25.60511117988055,25.358743218884772,4
1537,1539,0.003534577026076414,2,25.243653517664715,25.35812280896015,2
1550,1551,0.0008056454435357633,1,25.715589144743404,25.762022381110448,1
1558,1560,-0.006566092795528877,2,25.819228413708053,25.6755161924484,2
1568,1571,0.0035411850107762415,3,26.179214471726418,26.29809912807932,3
1579,1581,-0.015170475351088251,2,26.330406846082703,25.957292464886162,2
1589,1591,0.0029362985752327854,2,26.225517896946393,26.328749365678885,2
1594,1596,-0.008405085682014025,2,26.459095472908068,26.263163603862594,2
1602,1606,-0.0036245815876638147,4,26.148316855816564,26.079688464848388,4
1611,1612,-0.003015674012953381,1,25.36866499347139,25.31753003470073,1
1613,1618,0.011191675202327545,5,25.2683535856305,25.576417145444076,5
1619,1622,-0.0026438214325839775,3,25.61342198102205,25.57131808900783,3
1624,1626,-0.007976379009789628,2,25.428630143416253,25.25123038183602,2
1627,1631,-0.016117361168109454,4,25.214093041540444,24.83292249050516,4
1633,1634,-0.009941478605846165,1,24.412488080590244,24.19420434070217,1
1637,1640,-0.016136518094230966,3,23.7398798323983,23.380540711760336,3
1641,1642,-0.009375515195701473,1,23.331283615074877,23.135872094621597,1
1646,1648,0.03647578669564578,2,21.96439528166767,22.787528274142296,2
1651,1653,0.012551581849627694,2,23.90945125105873,24.233462136667136,2
1658,1660,0.03825784331374997,2,25.050414223308128,26.03383945983129,2
1661,1665,0.03537392116122624,4,26.567157762674167,27.533509464611537,4
1667,1672,-0.016640387095336398,5,27.546777213395874,27.11593495454937,5
1673,1682,-0.023862505207460236,9,26.90447426500323,26.289370582015614,9
1683,1684,0.00028005009537082214,1,26.36103305593822,26.394776498815546,1
1685,1686,-0.006935802290933333,1,26.52135556145104,26.36393003835072,1
1688,1689,0.006675790697673397,1,26.54397822159786,26.747724242710447,1
1694,1697,0.010778256603646154,3,27.711987912496667,28.038386817127193,3
1701,1705,0.009159292212251074,4,27.81865470991387,28.101272552063598,4
1709,1713,0.013416183174311948,4,30.148090837817943,30.582711237691722,4
1714,1717,-0.007213278495479247,3,30.6283037597782,30.438001578674562,3
1720,1723,0.04668457941333347,3,30.821417830035486,32.291124176183345,3
1725,1728,-0.015002485428827667,3,32.387912562449806,31.934401288723958,3
1732,1736,-0.01648066105488376,4,31.383400016003886,30.897564237606296,4
1737,1738,0.0046240424517636335,1,31.08764231958861,31.26248053971922,1
1739,1744,-0.001896897343706852,5,31.163780070323114,31.135829358758176,5
1749,1750,-0.0012565549741480706,1,30.250631102065565,30.242870152185212,1
1751,1757,0.0011027270508500386,6,30.321036989583334,30.384793854271155,6
1759,1761,0.015867240327004612,2,30.806762402122185,31.32638746725571,2
1766,1767,-0.011113360511414656,1,30.70136486765664,30.390870896557548,1
1769,1774,0.1121112781155161,5,30.63585643381135,34.10111731120321,5
1776,1781,0.00015063925363535766,5,33.50587960075155,33.54443278104775,5
1783,1786,-0.05897824565680659,3,33.93944830250179,31.97169863136285,3
1791,1793,0.04371557610376282,2,31.113127169796076,32.50436857558314,2
1797,1803,0.030051787043757005,6,34.02106630326688,35.07748120911746,6
1804,1805,-0.013219235333968272,1,35.33557272165212,34.9037990429057,1
1807,1808,-0.010698826733447051,1,34.48797469025022,34.153481799341975,1
1811,1815,0.003396323398049193,4,33.4508767439724,33.59793761608719,4
1818,1820,-0.017775286568291738,2,32.772010691277444,32.222250820512144,2
1822,1830,-0.03712352837016644,8,31.65253680825495,30.509135496874215,8
1832,1836,0.009986090470621253,4,31.216559575651658,31.559507523331305,4
1838,1839,-0.013993336601861476,1,30.784768727055912,30.384771864774816,1
1841,1847,0.007049998239083969,6,29.960101205245152,30.201279967190153,6
1850,1851,0.0006371630738339637,1,30.42153147477562,30.4713364827556,1
1852,1856,0.022325524935688217,4,30.380309716476642,31.08894638832225,4
1857,1860,-0.009295273187245403,3,30.975665202033035,30.71871359702552,3
1867,1872,-0.02401947210159979,5,30.51883834232244,29.816310794528114,5
1875,1879,0.008741300379574362,4,29.557129956953563,29.845054838222364,4
1882,1884,-0.008128367576854346,2,30.54756354000847,30.329809278517974,2
1887,1889,0.0159923124907381,2,30.663076667106846,31.184113247761786,2
1890,1893,0.014152344192187891,3,31.279059706082652,31.753010784757212,3
1896,1900,-0.01211904116513655,4,31.98228624669996,31.626673889367723,4
1902,1906,-0.002406420992537856,4,31.8957424454567,31.85088360370883,4
1907,1909,-0.010876044761787919,2,32.04712876052125,31.730629882395558,2
1910,1911,-0.005387282693011933,1,31.662756785623195,31.523843320764584,1
1912,1914,0.00010190612185130414,2,31.221498994438495,31.25590215531384,2
1916,1922,0.050508728458001806,6,31.49259513173372,33.11473866281198,6
1923,1928,-0.02154719837668848,5,33.20303876029213,32.52080933617553,5
1931,1932,-0.004126371258102187,1,32.57050643149562,32.46867893632636,1
1933,1939,-0.029719975894593634,6,32.599123180394514,31.662877148468695,6
1940,1941,-0.004381465937495464,1,31.69435065397492,31.587177286827465,1
1942,1943,-0.0022771125599760525,1,31.4774779713197,31.43727768884616,1
1944,1946,-0.00822817975378046,2,31.59440255913917,31.36603253822841,2
1948,1950,-0.00903783508633647,2,31.386108327367246,31.133831964629977,2
1951,1953,-0.007599142878769073,2,30.90985737370512,30.705878808533665,2
1955,1957,0.00014933180240162425,2,30.70300050840756,30.738288443321025,2
1960,1965,0.04560400443830057,5,31.73135514551046,33.21016336154512,5
1966,1967,0.006384354195363296,1,33.465857095430515,33.712980837674586,1
1972,1974,-0.003037958672472682,2,34.20025381651345,34.13055511264732,2
1975,1979,-0.004570483012183754,4,33.92650721781437,33.80537320013043,4
1981,1982,-0.004827627329453486,1,33.692611807229184,33.56364904547517,1
1983,1986,-0.009281983812876229,3,33.41856768043815,33.141795643859254,3
1987,1988,-0.0005460503760318665,1,33.44419949731868,33.4593814791044,1
1989,1990,-0.0067199954620117235,1,33.53159191970232,33.339791366087596,1
1991,1993,0.004170259624524074,2,33.277105156692244,33.44915642990493,2
1994,1995,0.0010959272296457699,1,33.67214039479878,33.742714750732695,1
1998,2000,-0.01660342618693553,2,33.78860629394118,33.26138826967424,2
674,680,-0.02513656722151367,6,27.095250610364634,26.44126427262381,6
681,689,0.0010931800520883723,8,26.316956119407482,26.37204224698831,8
692,696,0.008551103789424957,4,26.661624705830505,26.91627265059059,4
699,703,0.00010202412177755488,4,27.092782672985138,27.122639573016844,4
705,707,0.007094964569599952,2,27.503877367848617,27.726520280667973,2
708,711,-0.012822174300035086,3,27.763692848651925,27.435465632582524,3
712,713,-0.0018565306857693496,1,27.32587850180954,27.302473048357136,1
715,717,-0.013769023710513514,2,27.238323530775652,26.89051673177654,2
722,724,-0.010189817036884912,2,26.863632478935138,26.616760611507605,2
725,730,-0.01937297668085354,5,26.497376530587566,26.010540849487285,5
732,734,0.006395769000269936,2,25.968516381321813,26.160573529757794,2
735,736,0.006210372332603277,1,26.30430438175256,26.493968210295122,1
738,748,-0.011768756373955417,10,26.635969257072325,26.349132993358747,10
753,757,-0.00041446111955102314,4,26.27116828210738,26.28655107257137,4
758,759,0.00042281855238011576,1,26.370224882790378,26.407744927984048,1
760,761,0.005657146071878599,1,26.55077084398114,26.7275232038105,1
764,767,0.0005762652917783067,3,26.91744747065899,26.959876508850254,3
772,773,0.0001313693248529452,1,27.209328979712836,27.240112779870316,1
774,778,0.004831221837260938,4,27.244303671162932,27.403171249671185,4
780,781,0.003132996206118322,1,27.71037554859198,27.824902425604424,1
785,786,0.0033458692350195286,1,28.063480293193503,28.18544050882727,1
789,790,-0.008996160222148636,1,28.171138562450672,27.945877624864966,1
793,795,-0.0025598024553422248,2,27.700920993121187,27.657713028540876,2
796,800,0.013439444666534388,4,27.680021720738104,28.07970586274317,4
801,809,0.01683578610134376,8,28.11260257283376,28.61401293907491,8
810,811,-0.002202125276034264,1,28.65474533355323,28.62029873990944,1
813,816,-0.003900661556543729,3,28.573391956505557,28.490510216917265,3
820,822,-0.002121531524763181,2,28.506394132609405,28.47442331293236,2
827,834,-0.019349077864796563,7,28.543882841274158,28.020128912455988,7
845,848,-0.003718731310621114,3,28.62052126258015,28.542709755297277,3
849,850,-0.008683192241310606,1,28.453269213491065,28.23465727623005,1
851,854,-0.008568797131593212,3,28.305904869199516,28.09166321761837,3
856,859,-0.009835200980534774,3,28.13932765242564,27.89071103715934,3
862,863,-0.0018218620884277873,1,27.79346051292326,27.770618121421474,1
866,872,0.0046035599664150766,6,27.69803829082612,27.853245909340824,6
878,879,-0.008147907928668024,1,27.571024293842925,27.373949150691466,1
880,885,-0.004637837826988249,5,27.25247242040966,27.15333234535974,5
886,888,0.0027475635330001364,2,27.191510654983727,27.29341256872153,2
892,893,-0.004896418171757878,1,27.10517319076823,26.999560101399076,1
895,897,0.007773059484529626,2,27.12079390540951,27.358726243609336,2
910,911,0.0012032215967856031,1,27.80741591595965,27.86868181525649,1
918,920,-0.0035846625424177155,2,27.318667006492763,27.2480574711723,2
923,924,-0.002745778078484722,1,27.195816060416202,27.148338200911425,1
929,932,0.0005179940885397397,3,27.233943440719916,27.275284405870554,3
934,939,-0.009448568463437192,5,27.356757975577228,27.125632532882882,5
942,943,-0.009908338849661094,1,26.940585486738176,26.70058962241405,1
945,949,0.0010306511608656217,4,26.539059480788374,26.59295105273132,4
951,954,-0.0009713970504762438,3,26.63234503145855,26.633106795079183,3
955,957,0.005605347573532009,2,26.586758177622468,26.76237295623911,2
958,961,-0.0036624511135597234,3,26.840248972616205,26.768788121850843,3
962,965,-0.011205792486878058,3,26.716488272077136,26.443825336794205,3
966,967,-0.0003249763267388164,1,26.433495263785122,26.451338498855215,1
968,969,-0.0023114938648956113,1,26.465389145152507,26.430679949656565,1
974,976,-0.004623695320171289,2,26.207111431280303,26.112144844231565,2
977,984,-0.016572790568468634,7,26.164168588855574,25.75671947102322,7
990,991,-0.00019301455325996457,1,26.261998329585133,26.28319138003942,1
992,996,-0.005106587995776515,4,26.36370141712279,26.255436557358998,4
998,999,-0.0031358231882545745,1,26.283240376739705,26.227104022480596,1
1000,1002,-0.010361437505130931,2,26.19379254574344,25.9485809938041,2
1003,1004,-0.0008556088872265282,1,25.949474224834113,25.953221098293323,1
1013,1014,0.003236129962027277,1,26.522041995854224,26.634392812607008,1
1016,1021,0.021942302586683424,5,26.854129440522403,27.47022500384883,5
1023,1028,-0.005388881983413157,5,27.685460767728344,27.56395254776237,5
1032,1033,0.004632042266596623,1,27.94926585061752,28.10667729720854,1
1034,1037,0.000496738171430214,3,28.21553229028472,28.25776355449081,3
1044,1045,-0.0011929170401040771,1,28.40090449734314,28.395425478911235,1
1047,1048,-0.007776178939704464,1,28.253224640489975,28.061775734702348,1
1052,1056,0.009570886184829583,4,27.81192183969134,28.105918500040094,4
1057,1060,0.013819888063487457,3,28.24672611055695,28.66533942967539,3
1061,1063,0.013198199516619283,2,29.108905468317918,29.522199515867506,2
1065,1067,-0.0015019733816559384,2,29.375749529896495,29.361003685566295,2
1072,1080,0.013329784500052993,8,28.7820341311963,29.194474477769514,8
1083,1085,-0.01300233257756243,2,29.04638945733181,28.69776503088751,2
1086,1087,-0.006788273578710068,1,28.557839628893348,28.392539040304385,1
1090,1099,-0.02940580587024351,9,28.513892243880115,27.703932156195414,9
1101,1102,-0.0010821737974500809,1,27.8483620306616,27.846073625000777,1
1103,1106,-0.003541234976232596,3,28.031279479192673,27.960045411351597,3
1108,1110,0.0005837514613329365,2,28.19936487187457,28.244025657199064,2
1114,1116,-0.02262135373781796,2,27.64342070687249,27.04573252924588,2
1119,1121,0.002390676297174592,2,27.200086119774006,27.292312807061432,2
1129,1130,-0.001893685922765951,1,27.640773394833136,27.61607122475581,1
1133,1135,-0.0030810171946413093,2,27.58402053954643,27.526617718506294,2
1142,1143,0.004846621669573584,1,27.99415521767184,28.157826452188885,1
1145,1146,-0.00412795710063587,1,28.284567799919635,28.19609488523146,1
1155,1157,-0.005772931912854221,2,28.64058192676876,28.50388237928777,2
1160,1164,-0.014313656543465617,4,28.366369806582995,27.988709701593216,4
1167,1172,-0.008318335611865627,5,27.897120419352607,27.692959929519155,5
1174,1180,-0.023954714263224475,6,27.478185564790774,26.847431666679142,6
1181,1185,-0.0039705677596823495,4,26.75503629616022,26.675558647929716,4
1187,1188,0.000763012896577326,1,26.77369287274155,26.820895238565193,1
1195,1198,-0.007186293140248849,3,27.056456213069403,26.88907704359905,3
1199,1208,0.007783481335678415,9,26.830211617204128,27.065874280176143,9
1211,1216,-0.004945337124955475,5,27.571892602783475,27.463112191292428,5
1217,1221,0.016648374104654896,4,27.467273650894118,27.952026371920027,4
1226,1229,-0.0094022654166276,3,27.787682132818286,27.554202652225467,3
1234,1235,-0.0031687453948038616,1,27.762613820511564,27.702403779640612,1
1236,1242,-0.008215541351200988,6,27.693874066092224,27.494047772593383,6
1244,1247,-0.012905724644500467,3,27.643457410613806,27.314342018461062,3
1248,1252,-0.015580125666952386,4,27.06639808153186,26.671766596151368,4
1254,1258,-0.007765645561468457,4,26.55615028558574,26.376480785276378,4
1260,1262,0.005584406211795332,2,26.46982008404706,26.644108131833566,2
1263,1272,0.0008614202286625569,9,26.80475401056653,26.854648921906122,9
1274,1275,-0.00705113253937853,1,26.782647861107613,26.620582509144548,1
1278,1283,-0.012126117917445278,5,26.49524104446932,26.20045186835742,5
1284,1287,-0.00522496369953005,3,26.11842410098468,26.00807470726909,3
1289,1291,-0.00010465328500160371,2,26.129749362055215,26.153144547310262,2
1294,1296,-0.008718879609364419,2,26.113017317751392,25.91145408083842,2
1299,1300,-0.0005127633699822112,1,25.942825383361363,25.955465678174292,1
1309,1314,0.023878350420513464,5,25.626723708976897,26.264274321538505,5
1315,1318,-0.019267129750821822,3,26.44372022083457,25.960669352466155,3
1319,1320,-0.005783901585270723,1,25.764972116332345,25.641715025380567,1
1321,1323,-0.009416034512806717,2,25.7268603633259,25.51034221860199,2
1324,1326,-0.009212746977709754,2,25.51753478016212,25.30796572351774,2
1328,1336,0.029696603862815016,8,25.321709158802832,26.098999633980018,8
1343,1345,-0.002273379973390954,2,26.41164530237226,26.378013242179914,2
1348,1349,-0.0029921137577530754,1,26.351428408416634,26.298933365347782,1
1350,1353,-0.0173114254706012,3,26.238699264829105,25.810708677325326,3
1360,1362,0.003199174561903686,2,25.802437090005586,25.910786027469058,2
1363,1364,-0.001249177035516579,1,25.838661518141368,25.83222311706256,1
1367,1369,0.0031679749559472576,2,25.985820460672183,26.094128709562007,2
1374,1375,0.0002317970101100601,1,26.642828119102024,26.67564667512001,1
1376,1383,-0.004812660780834529,7,26.717776808273786,26.61591098848579,7
1385,1391,-0.0013957347270235276,6,26.630787556822728,26.620248829378507,6
1394,1397,0.002845920830882479,3,27.130608815986974,27.234950989586903,3
1403,1404,-0.001450616394466443,1,27.509051909203105,27.49665587941659,1
1405,1406,-0.0028662055102900764,1,27.459958583157388,27.408712657137162,1
1408,1410,-0.005199512401076624,2,27.31940096840157,27.204672805244783,2
1413,1424,0.01339454620453671,11,26.919072809873324,27.306560647218333,11
1441,1444,0.0010627768353509148,3,27.99372273596882,28.051467538763813,3
1446,1455,0.006686598700008063,9,27.733087465224518,27.946260579281923,9
1458,1462,-0.013171397734508879,4,27.562813395634958,27.227335431114636,4
1465,1466,-0.0009278816372010896,1,26.973365060055833,26.975310334983142,1
1470,1471,-0.005800596699192993,1,27.12052313541411,26.990328441569854,1
1478,1479,0.0001923194091524318,1,26.302201299914408,26.33356192502773,1
1480,1490,-0.018700981675864606,10,26.461215174195885,25.992825689276334,10
1491,1492,-0.006570068425385928,1,25.911224321533684,25.766897029077217,1
1494,1497,-0.004785746281934469,3,25.549933699184322,25.453208132678963,3
1498,1500,0.0030739849376408878,2,25.550588591252225,25.654681304320846,2
1502,1503,0.0010431059456905388,1,25.75503225899658,25.807652518536386,1
1510,1512,-0.004081098195109667,2,25.764274822564893,25.68489256191078,2
1520,1523,0.0020933660085214294,3,25.76039403432554,25.84008036159744,3
1524,1525,-0.0007193915879415427,1,25.903133651043994,25.91040228824515,1
1529,1530,-0.005118693247591553,1,25.57252066481583,25.467195296629757,1
1533,1535,-0.003155612253494063,2,25.34954068035434,25.294896899843323,2
1540,1550,0.006357523987436578,10,25.507900588583972,25.695575579033626,10
1554,1555,-0.001296420514200183,1,25.87346038288729,25.865790958456458,1
1560,1561,0.0016267630812637174,1,25.6488999694914,25.716273553006285,1
1564,1565,0.00013417401136002114,1,25.92611715318882,25.95552188147944,1
1567,1572,0.00701019412848984,5,26.1309609041729,26.3402749737793,5
1577,1578,-0.00227040400684303,1,26.483470026912478,26.44982532047518,1
1579,1587,-0.012428164363215852,8,26.373710694462297,26.072307593778078,8
1589,1592,0.00884799628507204,3,26.18335635821965,26.441209954366116,3
1601,1603,0.0027872469368353907,2,26.081294983300467,26.18007128783467,2
1607,1612,-0.022848735738266002,5,25.8752215208981,25.309880643718905,5
1614,1616,0.0034187606479765716,2,25.29251368710058,25.40427525126955,2
1621,1623,-0.004906475012504191,2,25.61060197894175,25.510554802255825,2
1625,1630,-0.019374013911730097,5,25.400404765816038,24.93369737528536,5
1635,1640,-0.024610544091037072,5,23.980157317522604,23.41397275586723,5
1641,1642,-0.008613870594423204,1,23.28276348166944,23.105491533439448,1
1647,1648,0.024577149672022014,1,22.263002789912544,22.83242694441878,1
1663,1664,-0.0036303194743569005,1,27.19125993419943,27.119738233662204,1
1665,1671,-0.014864842067366959,6,27.477596870674404,27.096624329671727,6
1672,1678,-0.0494201310690604,6,27.12866777158421,25.81509412235511,6
1680,1686,0.01767071023572215,6,25.92540912886689,26.40945493045451,6
1687,1691,0.02078528989161624,4,26.48570744531493,27.062706259995654,4
1692,1701,0.02002198412826551,9,27.239267181659393,27.81189062401782,9
1702,1704,0.00443726372310519,2,27.676661532773004,27.82714684050181,2
1706,1713,0.05668987761068249,7,28.94624490765213,30.616150233663422,7
1714,1717,-0.011224374640751697,3,30.69359476216981,30.37977195024997,3
1728,1730,-0.002910355551907524,2,31.93327958810119,31.872275670149445,2
1735,1737,0.001225043851100783,2,31.00882921265195,31.077825217421395,2
1740,1743,0.012379411678720371,3,30.913028270978504,31.326626402451847,3
1744,1752,-0.02259955938345625,8,31.127586483573285,30.455244330857674,8
1753,1757,-0.00712759252509824,4,30.5273267343308,30.340267715222282,4
1758,1760,0.011659774719368212,2,30.52753155212244,30.914003224310715,2
1762,1763,-0.005120551697727826,1,31.47036667369538,31.340691400869968,1
1764,1773,0.08997904183397491,9,31.119963944178306,33.951228445727494,9
1774,1776,-0.018238879357841128,2,34.092326841590925,33.50461333214065,2
1777,1780,-0.0014154501376718903,3,33.52811060089694,33.514181342731916,3
1782,1784,-0.023886376889359937,2,34.16243320848467,33.380578886617705,2
1786,1788,0.0058100192550195615,2,31.962358032741637,32.18002230638044,2
1790,1792,0.017176343431389653,2,31.137075903306894,31.703034088374647,2
1795,1797,0.03717094146629331,2,32.7474556238519,33.99745683563999,2
1798,1799,0.008335065830041889,1,34.78454861122646,35.10926466238055,1
1805,1806,-0.008527752849358954,1,34.86404119172671,34.601593306305524,1
1807,1810,-0.022649006840342854,3,34.431715521138905,33.68630307629703,3
1812,1815,0.008995030480450309,3,33.26428751617658,33.59676508381123,3
1816,1820,-0.036509906132341056,4,33.39924262554626,32.213238655021826,4
1821,1831,-0.03318264891307667,10,31.830271299645887,30.805888853601402,10
1833,1841,-0.050749089956867104,8,31.5143940871399,29.946581660762618,8
1843,1854,0.016654670551664034,11,29.854713088658222,30.381788212652935,11
1855,1856,0.004119427720130781,1,30.953461572510413,31.111925581718726,1
1857,1861,-0.0014980243388464736,4,30.980334596155434,30.96490563550094,4
1863,1866,-0.004342402414456081,3,30.79524191040121,30.692311819486125,3
1868,1870,-0.003610502382769689,2,30.419472741399794,30.340062635325772,2
1873,1874,-0.002807695581231652,1,29.736326215465056,29.682571989963296,1
1876,1881,0.023204985187421402,5,29.568177326925984,30.283874621143276,5
1892,1893,0.002975534944072748,1,31.711299797122454,31.83736917758788,1
1894,1895,-0.0004848496427215282,1,32.01923976463697,32.03573448744151,1
1896,1897,-0.006868319927852154,1,32.08272934385084,31.894457623902436,1
1899,1907,0.010950574978060491,8,31.639914765027573,32.01802993872648,8
1909,1910,-0.00597377372961153,1,31.76960881514011,31.61159396941533,1
1913,1914,0.0031915453204116265,1,31.069959013644247,31.20019015495327,1
1917,1921,0.03284669339912321,4,31.466653013076446,32.53169516990664,4
1923,1924,-0.004524417741303721,1,33.218446654563145,33.10137097183525,1
1930,1935,-0.010637212195713893,5,32.71461087566748,32.399333228758465,5
1936,1938,-0.014324718263507213,2,32.301082137796655,31.87067931870411,2
1939,1945,-0.007177819627067766,6,31.733438384979504,31.537394926490432,6
1947,1948,0.00021269723029881146,1,31.268639596161197,31.306558988794674,1
1950,1951,-0.006408811416984667,1,31.11540075792091,30.947103423057413,1
1952,1966,0.08606009724389116,14,30.80796012426538,33.49010412856985,14
1967,1970,0.01295414510512402,3,33.77621895677645,34.247537217201746,3
1974,1975,-0.00794340654828699,1,34.111575919428155,33.87472537981681,1
1979,1981,-0.0049273766336373065,2,33.808647751186065,33.67586845799318,2
1984,1986,-0.0041164072040764735,2,33.27847413083861,33.17476485431659,2
1989,1994,0.0009237665232382857,5,33.54191690463449,33.60644372150087,5
1997,2000,-0.019076440342234557,3,33.780960607943555,33.17032108881069,3
674,675,-0.002370123458049507,1,27.085635484818912,27.048524820264984,1
679,686,-0.0216620704286983,7,26.655976454766368,26.10520879191226,7
688,695,0.02165243188454233,7,26.225365572936305,26.819433880224466,7
702,704,0.013297681950171333,2,26.98127879165833,27.367048534430364,2
710,712,-0.014976643392827827,2,27.65510849997377,27.268582910479676,2
719,725,-0.009497132766030779,6,26.683540376882398,26.456806791632285,6
728,733,-0.01079426087212641,5,26.22697698508934,25.97010313061012,5
734,738,0.015525345114092384,4,26.156807810125496,26.589058086270807,4
740,744,-0.005939757232065796,4,26.36966299371977,26.239403260239406,4
747,752,-0.005894004822705088,5,26.408035243998096,26.278794192155804,5
754,755,-0.00012066491656949937,1,26.191358992800687,26.21438997364578,1
757,764,0.020215855823417925,7,26.36626371517333,26.92564656475666,7
766,767,-0.0003540627269962267,1,26.911091231229406,26.928474108112862,1
768,771,0.003419084174796992,3,26.925927261014053,27.044915200064935,3
772,773,-0.002167401572657282,1,27.232518287274516,27.200727002598533,1
774,777,-0.00014372875284755023,3,27.25974002397357,27.28308175556095,3
779,783,0.005053815415892932,4,27.6035042727053,27.77061079240407,4
789,790,-0.008221986163474384,1,28.150696892049908,27.947392948603362,1
794,802,0.01414764308841427,8,27.683972974230688,28.10331991611364,8
803,805,0.007412654315402295,2,28.212920786268423,28.450266336071127,2
808,809,9.575210051580938e-05,1,28.551977732541832,28.583263622116146,1
811,812,0.00028923312211528215,1,28.59904565923806,28.63591649616284,1
815,816,-0.002514521206088264,1,28.58318151393729,28.539891679396963,1
817,821,-7.228287577881146e-05,4,28.478369561458916,28.50478943257098,4
825,829,-0.010902541070148902,4,28.597319813177936,28.31413367923176,4
830,832,-0.008703516194415999,2,28.189643439322158,27.972484064572527,2
834,837,0.014335336941457878,3,28.043689628881797,28.473749058422367,3
846,847,-0.0012338169555908196,1,28.632082114894818,28.625387448622487,1
848,849,-0.008336029080215144,1,28.580861794097384,28.371191760838276,1
852,853,-0.004514207490578347,1,28.17222696773606,28.073223916699767,1
856,857,-0.004464970801004175,1,28.116750427410384,28.019326708160285,1
859,861,-0.008124593333058039,2,27.918425955167894,27.71951852373823,2
862,863,0.0008134919325131929,1,27.750646079856274,27.800971652644122,1
864,869,-0.00841549473849796,5,27.915168093774646,27.708163311650974,5
870,876,-0.004434858772283142,6,27.765943247926884,27.670571154191027,6
880,889,-0.0038671397449904672,9,27.268235925491677,27.190054082493923,9
892,896,0.0069332267659298315,4,27.06177944703873,27.27646668008167,4
899,900,-0.002434946250949842,1,27.33770852715166,27.298480384791063,1
904,906,0.00013895713171799056,2,27.537077653960342,27.568441204940992,2
912,914,-0.008812891261536636,2,27.935030736781293,27.716777379247137,2
918,919,-0.0036066574739908597,1,27.342618334529227,27.271345494089047,1
920,921,-0.00017857913791511075,1,27.282643140571267,27.30505367281975,1
925,926,-0.0010858347884087948,1,27.03123279704688,27.028912576899316,1
928,932,-0.0009836411503751212,4,27.211765892282944,27.212211045469203,4
933,937,-0.005467548640525682,4,27.350111985128187,27.227924029510802,4
943,945,-0.009220933684978738,2,26.72626893999761,26.506554055394982,2
957,958,-0.0034636519784876367,1,26.8257347625965,26.759645488074245,1
960,961,-0.003950950732085425,1,26.816877842731444,26.73774255742919,1
962,967,-0.011047468645424219,5,26.708295551750105,26.439944789621173,5
968,977,-0.011584684734409847,9,26.44971294365161,26.169751070827417,9
982,983,-0.008673836855044052,1,26.10480787610307,25.904483839329586,1
985,986,0.0033142871774388856,1,25.769777420771888,25.880955641063778,1
988,989,0.004328727698434044,1,26.008861497329953,26.14745563799551,1
990,991,0.002514653286473441,1,26.197775509399392,26.289851607191796,1
994,996,-0.004098943464234726,2,26.296683358809986,26.21519142378415,2
1000,1001,-0.0064710253406746595,1,26.219854156185978,26.07640466966869,1
1007,1008,-0.004170335863651694,1,26.059406041699404,25.976788972139943,1
1012,1013,0.002614751706362557,1,26.37547754373403,26.47081834619137,1
1014,1020,0.02582502461121089,6,26.605400392527688,27.319090912848363,6
1030,1036,0.017482677900474777,6,27.76684840049172,28.280054115789323,6
1046,1051,-0.0181468700565573,5,28.270330705272844,27.78558301821363,5
1052,1053,-0.0014518295773024372,1,27.79490655915159,27.782347998269806,1
1055,1056,0.0062573182235621735,1,27.885717213429615,28.08809273713974,1
1059,1061,0.020546370724292537,2,28.428837120758935,29.041375384623336,2
1064,1069,-0.005740211634282936,5,29.430932565401797,29.291423716447483,5
1070,1073,-0.01794522521929673,3,29.18678264003234,28.692206034770333,3
1077,1079,0.009263711181669545,2,28.7801610092003,29.075552269560678,2
1084,1090,-0.012596825153732644,6,28.831353855304336,28.497001685698976,6
1091,1095,-0.02174378539022799,4,28.54352544460816,27.951424678504697,4
1098,1099,-5.783510937727547e-05,1,27.731864924734488,27.757992914218065,1
1101,1105,0.006822119893829018,4,27.77761468762929,27.99489452008051,4
1106,1110,0.0077963466111807085,4,27.996601495415437,28.24286930610421,4
1111,1115,-0.031253576904295255,4,28.15935185576212,27.307430738818713,4
1116,1118,0.00159492552076624,2,27.087140683084108,27.15742979572723,2
1122,1128,0.002289701147820988,6,27.522553858695748,27.613094835715664,6
1134,1135,-0.002453259114367606,1,27.571263372608176,27.531195182817303,1
1136,1138,0.005537281127198314,2,27.638793123032148,27.819475683693884,2
1144,1145,-0.0009561412708570796,1,28.236104619913526,28.237343019578102,1
1147,1155,0.008083006827039548,8,28.337128168136186,28.59451449674606,8
1160,1161,-0.0032039445393264024,1,28.310841379915022,28.248445855652022,1
1167,1169,-0.0062140409359161975,2,27.933228809346662,27.787583810862415,2
1170,1177,-0.02742536036507404,7,27.758866520460014,27.02532846933087,7
1178,1179,-0.0055034290908146065,1,27.03637949543306,26.914623077503023,1
1183,1185,-0.0024548587476407435,2,26.7508942357026,26.711975463216575,2
1189,1190,0.003028210245490816,1,26.873983133639477,26.98223718783555,1
1198,1201,-0.0019984070596483884,3,26.885518895419406,26.85867620355191,3
1204,1205,-0.0017481693256087183,1,26.961372562295587,26.94120089036817,1
1214,1215,-0.006555321143005128,1,27.65183612680407,27.498221296925923,1
1222,1225,-0.00330360393054033,3,27.98788685981989,27.923413853642092,3
1229,1232,0.0020271822412479016,3,27.55980903711281,27.64323760160214,3
1237,1238,-0.0021845523117138325,1,27.533290179564684,27.500675557033393,1
1242,1245,0.00044806519228793047,3,27.499494129332145,27.539315189586357,3
1246,1248,-0.02164297744249567,2,27.55811646930835,26.989234892674748,2
1250,1257,-0.016756481955079495,7,26.852632056887586,26.429529044436848,7
1263,1264,-0.0018381150562219893,1,26.842272307643633,26.819775395079386,1
1265,1266,-0.0037374344838233334,1,26.921364363409097,26.84766889224913,1
1267,1270,0.0007612872889216035,3,27.014835980635706,27.0624168678607,3
1278,1279,-0.0014540624919198502,1,26.525788450954792,26.513744085350613,1
1288,1289,-7.540417573209614e-05,1,26.1013549300245,26.125488133800534,1
1290,1296,-0.011216997251088497,6,26.191549941401615,25.923950947648567,6
1298,1301,-0.007846435168695128,3,26.008371620679025,25.830306990534716,3
1302,1310,-0.0030763959482859064,8,25.753169909515357,25.69969613185972,8
1318,1319,-0.011487053113008086,1,25.987740369527273,25.715205555984976,1
1321,1326,-0.015307861013157585,5,25.697908991593017,25.330226881412532,5
1327,1330,0.0044030208446120545,3,25.36022727054207,25.497249107108907,3
1332,1340,0.014487150549175504,8,25.815537831116643,26.215346952015082,8
1345,1348,-0.0043630154651794414,3,26.40838592963321,26.319574119341425,3
1351,1355,-0.023263991886783963,4,26.153810243708204,25.571522024633797,4
1356,1359,0.0030688251642212606,3,25.649282923804808,25.753645371609416,3
1362,1363,-0.0031477005536130176,1,25.915183914898673,25.859525860057662,1
1365,1368,0.005998941865191917,3,25.841056457954565,26.02191650983893,3
1371,1372,0.004546099263407808,1,26.203073315751237,26.348398161366745,1
1374,1375,-0.0008307940442392026,1,26.7086936712844,26.713212941324173,1
1377,1379,-0.0067966164839434115,2,26.67432669134524,26.519705849548096,2
1380,1381,-0.00037144898057767204,1,26.581553419633067,26.598261282132807,1
1382,1388,-0.007825180353320315,6,26.637124161179067,26.455320984685233,6
1390,1391,0.0024447458087493413,1,26.574174111451544,26.665715386342942,1
1392,1396,0.01569336796962335,4,26.791639468152013,27.23888216430336,4
1397,1398,0.0027357080085564636,1,27.269958000007062,27.371830600500687,1
1402,1404,0.0016055073684145093,2,27.4395688157846,27.511062814520244,2
1410,1412,-0.0076234706686330155,2,27.237904711169758,27.057495248240304,2
1414,1419,-0.004605771845285369,5,27.02185309120114,26.92441845411745,5
1420,1429,0.03156113911571648,9,26.948969726581364,27.82645887887381,9
1430,1433,0.002928289275395418,3,27.82239589062714,27.931690310020095,3
1436,1439,-0.0035309327295623503,3,27.913279242648912,27.84263261062428,3
1442,1444,-0.003049323003632966,2,28.06509534567504,28.007580900183996,2
1446,1449,-0.01007398672938202,3,27.80964931395451,27.557304925130918,3
1450,1460,-0.0044224380146660166,10,27.539536684393887,27.44528432713893,10
1466,1467,-0.0008492921278959917,1,27.037729886721465,27.041804685459216,1
1468,1469,0.00032447362113642206,1,27.021939281201533,27.057729126971434,1
1470,1473,-0.0043056276638358485,3,27.088588047615506,26.999043261591055,3
1475,1476,-0.008892617048053018,1,26.79211855077078,26.58065861914351,1
1484,1485,-0.0024131939842918365,1,25.90979428562588,25.873178720207193,1
1486,1492,-0.006727763249971986,6,25.958540220009507,25.809855847314417,6
1496,1499,0.009551676304143893,3,25.359527756115863,25.62711328422435,3
1502,1503,0.00069180039501838,1,25.726668344385732,25.77019273205327,1
1505,1506,-0.0045472263010365305,1,25.64938277387782,25.55839860869697,1
1507,1509,0.0037081383720432666,2,25.672533418885614,25.793403258582632,2
1510,1512,-0.004250989377903442,2,25.770170318378444,25.686391768406633,2
1514,1517,-0.00682190324171769,3,25.794456685381373,25.644283854386405,3
1520,1526,0.005734721465659355,6,25.727725366938778,25.90099443123009,6
1532,1541,0.004208855795143419,9,25.41364082659202,25.546016816887306,9
1542,1546,0.0029035595112985764,4,25.65384587808508,25.753987192163866,4
1548,1550,-0.0029916460051725388,2,25.72604130432733,25.674804136934664,2
1555,1556,-0.002553032207390851,1,25.843091917508694,25.80295676342224,1
1561,1564,0.0037063597496057137,3,25.75142109848334,25.87261655023639,3
1575,1578,2.3012331379849548e-05,3,26.44358255963331,26.470634670677676,3
1582,1584,-0.001535898583360855,2,25.933802544437192,25.919904656392468,2
1585,1590,0.013366917834299656,5,25.90863784683625,26.280865117980373,5
1591,1592,-9.005667040131306e-05,1,26.357483907572036,26.381467724238735,1
1593,1600,-0.016619909670055298,7,26.421729871595858,26.00902483767493,7
1603,1604,-0.0012007301769170263,1,26.194716531039614,26.189458460956047,1
1607,1613,-0.025022740923891378,6,25.903080360053302,25.280817371433002,6
1615,1617,0.0032556405190112053,2,25.364252306081326,25.47219344592951,2
1624,1627,-0.009517839466914545,3,25.47026170241916,25.253310102057654,3
1631,1632,-0.006918767283619129,1,24.84646458736793,24.699404145654615,1
1633,1636,-0.027536187553344853,3,24.377283587705808,23.73040341838137,3
1641,1642,-0.010131279780133423,1,23.320705744030406,23.1077578552115,1
1645,1647,-0.004061945645262941,2,22.31185420570879,22.24353652088588,2
1649,1655,0.03846847245564607,6,23.504208092967733,24.431883282676804,6
1656,1657,0.008234587294341535,1,24.679372924628126,24.907276748270213,1
1661,1666,0.041512867549880414,5,26.652480810274195,27.78555419683711,5
1667,1668,-0.009883820129985208,1,27.51359743310153,27.269171582377034,1
1669,1672,0.008468565732280383,3,26.837104041837488,27.091212925521674,3
1673,1677,-0.028690257407571564,4,26.88781783405094,26.143287237098175,4
1678,1681,0.005704534660709674,3,25.832642007436014,26.005837851152574,3
1683,1686,0.0017533680993679747,3,26.34292188671395,26.41545364748097,3
1688,1691,0.01902062120644289,3,26.567331462938906,27.099225942624418,3
1693,1698,0.011455302433070413,5,27.543282272962568,27.886342183671744,5
1700,1703,-0.009206863033497617,3,27.835854749579756,27.60740970222962,3
1705,1706,0.023262944902446306,1,28.187580973536548,28.87149469763071,1
1709,1710,-0.0026689636557934854,1,30.145711770870445,30.095399673546837,1
1712,1713,-0.0017336508075617204,1,30.582223079823038,30.559786407163493,1
1715,1716,-0.006572551686056779,1,30.87815653160169,30.706086408359187,1
1717,1719,0.00021851574003210208,2,30.411522592381726,30.448579511338885,2
1725,1731,-0.02380094748267027,6,32.456451311853826,31.716413470018402,6
1732,1736,-0.018093650487729634,4,31.45416574945241,30.916499233748155,4
1738,1742,-0.0046014166812501575,4,31.292110977106578,31.179415046642095,4
1746,1748,-0.007332029802738961,2,30.499045282931732,30.305924419245123,2
1749,1750,-0.0038608274847456107,1,30.28397571253424,30.197338482468453,1
1752,1755,-0.001226681571268548,3,30.427637047774247,30.42073966319827,3
1756,1762,0.0323195247615236,6,30.42887369553305,31.442749306096637,6
1766,1773,0.10036552318915858,7,30.72139898262408,33.835489663600654,7
1774,1785,-0.045429666357744564,11,34.160134290950765,32.64241092166807,11
1787,1800,0.09749010658827857,13,31.915746111414002,35.059131347771604,13
1810,1811,-0.01055614665579116,1,33.68118140491611,33.359319095870426,1
1815,1817,-0.01681257023459593,2,33.55964608808128,33.02898182726531,2
1820,1825,-0.05259996104094013,5,32.20437285998604,30.54262847506285,5
1827,1831,0.027847135885822404,4,29.89646492319436,30.758892309339473,4
1833,1837,-0.008970089662558627,4,31.508695821239808,31.25756869039424,4
1843,1845,0.001840468974169964,2,29.840953806703197,29.925716110150777,2
1846,1847,-0.0019665004462712738,1,30.220732334895967,30.191523983607645,1
1848,1850,0.006713000075591206,2,30.1310914863006,30.363492597212083,2
1851,1856,0.01878854197740404,5,30.476348967393154,31.079431478252427,5
1859,1860,0.0029966366037814706,1,30.6395071531706,30.761962128980787,1
1861,1867,-0.015460920588797847,6,30.9392916665669,30.49188102670302,6
1870,1871,-0.009254512229828888,1,30.34950367223357,30.09898332300188,1
1872,1873,-0.007982015627867801,1,29.876139139136885,29.66754346876708,1
1876,1879,0.008152967155578079,3,29.551452658842774,29.821936134428782,3
1883,1884,-0.005950533103704568,1,30.523517446048327,30.37240976249016,1
1885,1888,0.02115097737365113,3,30.356738440050282,31.02916986637368,3
1889,1902,0.021420205148433666,13,31.19630406428284,31.895731601276978,13
1903,1909,-0.008873567392167454,6,31.98926037600258,31.73739077860653,6
1910,1912,-0.015206441626143305,2,31.622992485580905,31.17374228879053,2
1913,1924,0.0658421134139002,11,31.047412548108053,33.12268721885684,11
1925,1929,-0.004066867556365173,4,32.735523402814856,32.63512788815013,4
1930,1933,-0.0074168444800681,3,32.72229233658906,32.51231847563384,3
1934,1941,-0.02280756754732134,7,32.3177926950911,31.613020247912573,7
1942,1943,-0.0023474987316897634,1,31.561310679501595,31.5187818533905,1
1944,1948,-0.00749280218414241,4,31.58679187601456,31.38170508473192,4
1950,1960,0.01539508786933734,10,31.165041561403108,31.67599515625386,10
1962,1963,0.01883739235372963,1,32.321128854190256,32.96229576858628,1
1966,1967,0.008493296941736901,1,33.45581305254361,33.773419020278645,1
1968,1974,-0.006425512754397315,6,34.147418965029274,33.96215170790476,6
1975,1977,-0.0053373172883857505,2,33.92140676365365,33.77427885965129,2
1980,1981,-0.004103115754182986,1,33.80062272401811,33.695735479142016,1
1989,1992,-0.007975028819457766,3,33.5281859299338,33.29432586680837,3
1993,1997,0.007811242763237977,4,33.49046389388442,33.78555650150689,4
1999,2000,-0.00248705444198184,1,33.246474247725104,33.19703493051479,1
679,684,-0.019875128082823088,5,26.66508575547979,26.161778846505648,5
685,691,0.009383225617509452,6,26.194650359146983,26.46663532379778,6
692,693,0.002431857896405443,1,26.60958213924693,26.700902443831552,1
695,699,0.009164550837158555,4,26.850638070946058,27.123562746628334,4
702,705,0.01909169245641269,3,26.985740076809105,27.527929267141044,3
709,714,-0.011140914892546278,5,27.725653407224733,27.44448991568183,5
716,720,-0.016093929251993534,4,27.074719112552575,26.66605521775011,4
723,730,-0.033528684762724574,7,26.837817657318457,25.96481874702406,7
737,739,-0.003974449760087094,2,26.570365122080105,26.491332905917307,2
742,745,0.0004204402496266967,3,26.22989470767024,26.267152705856486,3
747,750,-0.001236368803383326,3,26.342490768255544,26.336264225234515,3
751,752,-0.0032911992594464954,1,26.3200321620906,26.25972772389221,1
753,754,-0.0012197475991184202,1,26.222237207826808,26.216474934156874,1
755,757,-9.289261868404585e-05,2,26.28309594099923,26.306937531331148,2
763,764,-0.001319206283149914,1,26.88563772225016,26.877055657762725,1
766,768,-0.0007937949028904404,2,26.938157416332327,26.943712201698315,2
778,780,0.008671500900628442,2,27.46544586903287,27.731077953491383,2
788,789,-0.00421490132031704,1,28.249695661801404,28.158875677919724,1
793,799,0.0135538875582185,6,27.692883700127148,28.09592281566162,6
800,805,0.012295118156533183,5,28.089062831654257,28.462510240907385,5
808,820,2.9198294758722883e-05,12,28.467328995541447,28.496627521999994,12
822,824,0.004510217283917206,2,28.463000831269884,28.619838150402497,2
825,830,-0.019197815377745994,5,28.626408401956876,28.10547030693011,5
835,842,0.015569105787107664,7,28.227066158207045,28.694763403442064,7
843,844,-0.0014710615913539104,1,28.694460516087084,28.680943657853334,1
855,856,-0.004449225897028066,1,28.19305067176261,28.09580647126934,1
858,882,-0.02803773508079971,24,27.956435498248013,27.200556801442918,24
883,885,-0.0022636216635908337,2,27.172734166603313,27.138398111051398,2
886,887,-0.002066055137906563,1,27.178733903975463,27.149759875055334,1
896,900,-0.0011164473198220118,4,27.330460780169155,27.327278221261803,4
901,903,0.004356934775525037,2,27.355876510309447,27.50242015650249,2
905,908,0.002159124164655195,3,27.645761463576413,27.73309785666629,3
909,915,-0.007230806098810871,6,27.778274073242972,27.60519303373297,6
920,921,-0.002108916834736252,1,27.32134378256262,27.29104668449452,1
922,923,-0.004998652589688917,1,27.308395879400354,27.19919909149694,1
927,936,0.004792276918203599,9,27.132852934425113,27.290013932202196,9
937,939,-0.005651277970390116,2,27.228655020617595,27.102006977356844,2
940,945,-0.022695931812112165,5,27.13595842449248,26.54721852085838,5
948,949,0.003752447264118783,1,26.469204774787972,26.594998274603313,1
950,951,-0.004498758940464717,1,26.752643917562906,26.659042865475264,1
952,954,-0.004334792212954298,2,26.694096575576364,26.60507731018428,2
957,960,-0.0003255915359884309,3,26.76034920876481,26.778396614771108,3
964,965,-0.00446910626705742,1,26.54987824402877,26.457773895022797,1
966,967,-0.0025883468423887526,1,26.46734191080293,26.425302591852482,1
978,982,-0.007484938754433716,4,26.19005329198921,26.020212400415303,4
986,988,0.005369501875430437,2,25.86584870058514,26.030601272393117,2
990,991,0.004307683264899622,1,26.231346504231038,26.370574183087328,1
993,994,-0.0016403853433793853,1,26.357349488512302,26.34047062820953,1
995,996,-0.007409380399411972,1,26.32335453413903,26.154638141541145,1
997,999,-0.004224730468973694,2,26.297828741270163,26.213025331660337,2
1014,1015,0.005455796499583075,1,26.609727760908566,26.781514748242298,1
1020,1021,0.005052122657084273,1,27.323976171987837,27.489344227259956,1
1031,1037,0.0188637445483682,6,27.742953646049923,28.29403259029228,6
1041,1042,0.0015634203489228015,1,28.442892851016705,28.515803941333232,1
1045,1048,-0.014940837722384429,3,28.435874395969904,28.03945448552158,3
1050,1051,-0.0034137880616772476,1,27.887081008646366,27.81976750543267,1
1054,1063,0.058373615264108135,9,27.870678346248148,29.525461279527995,9
1064,1070,-0.013269016543094904,6,29.494689566805004,29.132818732576425,6
1072,1073,-0.005468803095600663,1,28.81834734705386,28.68956382721925,1
1074,1076,-0.0005308008261994093,2,28.64789328816714,28.661334856029075,2
1077,1082,0.01223165431910967,5,28.792056300321118,29.17302283642331,5
1085,1090,-0.010245420807310168,5,28.781190877929472,28.515096656927497,5
1092,1093,-0.005821491015462554,1,28.39447034395562,28.25756666030342,1
1095,1096,-0.0033198366188191366,1,28.039463323814953,27.97441635002433,1
1106,1107,-0.0005447819264439223,1,28.01040427853013,28.02315512080533,1
1112,1116,-0.03784007824031715,4,28.0811579339482,27.046645878582847,4
1120,1125,0.01178088168364107,5,27.188133008408403,27.535621319587968,5
1126,1127,-0.0019600853815023643,1,27.519930460596957,27.493508977661776,1
1135,1137,0.0033829737765598156,2,27.61547751805151,27.736515431840306,2
1139,1150,0.018389921963927178,11,27.879703350670574,28.420288623017516,11
1153,1155,-0.003964245214213632,2,28.66464651410909,28.579677472862517,2
1156,1157,-0.004768422049502894,1,28.62342842985964,28.51556327103219,1
1159,1160,-0.004335731007280075,1,28.36921925058093,28.27458716627444,1
1164,1165,-0.0024914490736342113,1,28.032662475269518,27.990853186789277,1
1169,1173,-0.007507542324807023,4,27.807880616257638,27.62691965618416,4
1177,1183,-0.015693666115179163,6,27.077892402531482,26.680018892465938,6
1184,1192,0.01569647120500167,8,26.680552807098987,27.126023888776242,8
1193,1195,-0.004625754423328253,2,27.10967382871978,27.011380808920315,2
1201,1202,-0.0014516608988411261,1,26.891082283038106,26.878936632643338,1
1206,1207,0.0016424136532320875,1,26.89924361595695,26.970322544549372,1
1208,1211,0.01368474711430051,3,27.121980072469988,27.520259491073308,3
1212,1214,-0.0030378931759520874,2,27.654501119636212,27.598144200520146,2
1219,1222,0.010290030881601499,3,27.71540118362954,28.028308918888694,3
1225,1228,-0.013092057044311475,3,27.955977250230386,27.617931978591127,3
1234,1237,-0.008270289719221186,3,27.7194770378871,27.51794840895636,3
1238,1239,-0.0029116532438677716,1,27.50070335302229,27.448131544248838,1
1240,1241,0.0011035643203911867,1,27.416152801268982,27.473824442104124,1
1244,1246,-0.005479500512132332,2,27.606034496349558,27.482373250685217,2
1247,1248,-0.010753785989415694,1,27.27552646936854,27.009486821437676,1
1249,1250,-0.005652742400039633,1,26.958994836554325,26.83356157821584,1
1251,1255,-0.007806477996974894,4,26.780882990967886,26.598599500150303,4
1257,1258,-0.0015588291545159485,1,26.38282661897134,26.36808312627812,1
1259,1260,0.0006097415611456254,1,26.394595602147657,26.437084079678066,1
1263,1265,0.004012003756648362,2,26.800296009782738,26.934619194063057,2
1266,1274,-0.008564627859242885,8,26.904612300004764,26.70108892025802,8
1278,1282,-0.00808514445024696,4,26.56899300634296,26.38074785299542,4
1285,1286,0.002270612420513865,1,25.934091648798166,26.01891201105947,1
1290,1296,-0.010682748002248499,6,26.178177853054358,25.92470115374519,6
1297,1304,-0.036147550041472055,7,26.044383664052866,25.12898738592127,7
1305,1307,0.00602692034315468,2,25.15925985372996,25.33605196861485,2
1309,1310,0.002064384476753593,1,25.640570556363542,25.719143122751568,1
1314,1315,0.001743756055704313,1,26.308859132981816,26.381044224546606,1
1316,1320,-0.03546754840375013,4,26.573598379701032,25.65767159128687,4
1321,1324,-0.0061418837592083116,3,25.68547825944683,25.55340651593708,3
1325,1326,-0.0011490867278237747,1,25.30686844312199,25.303095524914337,1
1331,1333,0.005740306730714246,2,25.73016248126972,25.903591668624593,2
1334,1335,-0.001180540316252116,1,25.954533717313975,25.949847877588475,1
1337,1338,0.0035204885207956284,1,26.116815200454322,26.234875963767717,1
1341,1344,0.004804396875236083,3,26.31009769256145,26.46281194139531,3
1345,1346,-0.0044520735936591765,1,26.446973562523873,26.35567666345648,1
1347,1349,-0.003639608236191595,2,26.39461912508454,26.324947671050825,2
1350,1351,-0.00502442714503629,1,26.260202219623608,26.154519948976812,1
1353,1363,0.0009221046805463478,10,25.806739188392328,25.856342442575976,10
1371,1376,0.017258694741443207,5,26.227748892610386,26.706633353395784,5
1377,1378,-0.004880856032009497,1,26.69524798027683,26.591647566126582,1
1379,1380,-0.0014311225820915425,1,26.531515931701048,26.52007759604577,1
1381,1384,-0.00036622621583752113,3,26.617548505034733,26.634418009475898,3
1385,1388,-0.005711676206978537,3,26.609156470895293,26.483782741463607,3
1389,1390,0.0010170779219301432,1,26.550363190747536,26.60391734215882,1
1395,1396,-0.0020097092124875208,1,27.269389239183106,27.241855085649394,1
1397,1399,0.0037773977552521846,2,27.296285298907062,27.426690511020784,2
1400,1402,0.0007378775703207952,2,27.37562361465097,27.423199096904415,2
1404,1405,-0.00482327215810175,1,27.531857445257064,27.426595661225786,1
1406,1410,-0.013351017592134105,4,27.46357650799107,27.124373391397953,4
1413,1422,0.001204895252360028,9,27.003680262292452,27.06322054869903,9
1424,1425,-0.0005568810974247598,1,27.37489167798177,27.38702200994023,1
1426,1429,0.0056109038794155235,3,27.65046652349448,27.8332610999023,3
1433,1441,-0.00448826681722077,8,27.994444222114883,27.89679213126834,8
1442,1454,-0.01122591184679532,12,28.07718212285646,27.790067333561712,12
1456,1463,-0.028890331644053163,7,27.885519806712164,27.10778341123615,7
1464,1466,-0.00471899894041554,2,27.052383412790032,26.95177562754215,2
1467,1468,-0.001645570872273891,1,27.03031121806173,27.01286123647085,1
1471,1474,-0.006141678957187896,3,27.029630700062004,26.890653016670935,3
1475,1478,-0.01842159524898652,3,26.785978731527212,26.319324251718584,3
1479,1480,0.0013807920220819288,1,26.39666257438347,26.45950753805015,1
1481,1487,-0.015872400230698656,6,26.400267663865232,26.007632316970657,6
1488,1492,-0.008899900287355003,4,26.035274986939253,25.829598910588565,4
1497,1499,0.0034562414934459227,2,25.519238692804418,25.632958583148444,2
1502,1506,-0.007153058575117013,4,25.72404421210514,25.56576266127916,4
1509,1515,0.0018559348094429602,6,25.789529472970273,25.863182687911284,6
1518,1522,0.002561386669734742,4,25.726195675011812,25.817816605351787,4
1523,1525,0.0007315175109353258,2,25.881596058033896,25.926410494819336,2
1527,1533,-0.018276233489836684,6,25.79213782147447,25.34654682626863,6
1534,1535,-0.0033278121566443497,1,25.346500131997292,25.28749824086164,1
1538,1539,0.0008823405009692536,1,25.3094579321018,25.357098949824973,1
1540,1542,0.004698012589871193,2,25.49146015072889,25.636710811601944,2
1544,1546,-0.0020667643434785993,2,25.761820758737915,25.734338966929407,2
1550,1556,0.0020500930664545157,6,25.702805513079685,25.78120146196356,6
1559,1560,-0.004941360839115328,1,25.745827295833315,25.64435370035889,1
1564,1566,0.003836222938993164,2,25.89350773176615,26.018734507829514,2
1567,1568,0.0015180958808908148,1,26.107360094750067,26.17310093066559,1
1578,1579,-0.005096666680376186,1,26.456113025276366,26.34773114855345,1
1580,1582,-0.01376112324619213,2,26.22472676234271,25.89006979203074,2
1583,1584,-0.00254746067461859,1,25.93072852298299,25.890601740329462,1
1588,1591,0.0075593378036413654,3,26.14334969497979,26.367119456337846,3
1592,1597,-0.011238664027501153,5,26.431388168237067,26.16076606500202,5
1598,1600,-0.003374538984726298,2,26.019232800292603,25.95744911765564,2
1602,1609,-0.022849709964406228,7,26.13893916226318,25.56781092279047,7
1610,1611,-0.005657245202780898,1,25.49727536524552,25.378528301866748,1
1613,1618,0.008922528806426692,5,25.262649591236798,25.51331895953251,5
1619,1624,-0.006634656068506334,5,25.582707570704923,25.438557812242827,5
1625,1626,-0.0055958539588787624,1,25.381856854282823,25.265205546975373,1
1627,1630,-0.013568489560010125,3,25.217452610622235,24.90050732075558,3
1631,1634,-0.028469890238147964,3,24.8716685974609,24.188446591049058,3
1635,1639,-0.019039106311850497,4,23.982408308679613,23.549787095585135,4
1647,1650,0.06685127952447821,3,22.270846941146225,23.781952402196808,3
1653,1656,0.014499090684908518,3,24.26708132215764,24.64319901622781,3
1658,1661,0.05994509876993558,3,25.068286224533203,26.596075404480395,3
1662,1667,0.015876821355847073,5,27.08728282839296,27.544430061703054,5
1670,1675,-0.00600327605366757,5,26.74370754052399,26.609901389000196,5
1676,1680,-0.021718904359940318,4,26.409596395712207,25.86241849380482,4
1681,1684,0.01196579910780984,3,26.026546123411475,26.364001091917775,3
1686,1691,0.023552046077357978,5,26.459043565158947,27.10866722193355,5
1692,1697,0.02896304037475319,5,27.299366943671025,28.117338977609442,5
1698,1702,-0.013975344196522379,4,27.998127974464964,27.634842627138,4
1703,1706,0.042612549729027116,3,27.660467297770506,28.86681080332265,3
1707,1709,0.020033089692653668,2,29.52808843252716,30.149155364981112,2
1714,1716,-0.0017178599045486222,2,30.710855555839856,30.688809464001935,2
1719,1728,0.04610622496212511,9,30.470323128097967,31.905665024038793,9
1729,1734,-0.025929099801610525,5,31.94403586483137,31.147699806690763,5
1735,1736,-0.0032366727330308508,1,30.979417227026364,30.910126409229488,1
1737,1738,0.007441438589105692,1,31.018146268488785,31.27998404536213,1
1740,1743,0.011080923212560174,3,31.004693031133268,31.37925834687139,3
1744,1749,-0.028856796934033948,5,31.160645738023067,30.29260995736559,5
1750,1754,0.005677181070949325,4,30.214688392257212,30.416437337654624,4
1756,1761,0.026972498060943626,5,30.370738321791926,31.220283740607677,5
1763,1765,-0.016158050896687624,2,31.36411315780589,30.888694334230397,2
1767,1769,0.004853695264211252,2,30.4229948299559,30.601081770715137,2
1772,1778,0.0038365721241741145,6,33.51015814816403,33.67223244494011,6
1782,1784,-0.026357989150706668,2,34.152507806423586,33.28646888399887,2
1788,1789,-0.009356465990375602,1,32.12660906877778,31.858144152708448,1
1794,1796,0.01683296481088915,2,32.60832026798319,33.189823295864336,2
1798,1799,0.008001612377851648,1,34.75998975326823,35.072885707285245,1
1800,1811,-0.04978908740219419,11,35.100529820482514,33.38800700320767,11
1815,1821,-0.05517952080966511,6,33.65294194140752,31.82964167318658,6
1824,1827,-0.03464022907648938,3,30.972544079038865,29.930620601138333,3
1831,1835,0.03272982949688442,4,30.761822037458124,31.79941304979509,4
1839,1841,-0.019876011040313387,2,30.47986094106255,29.904522749431838,2
1843,1845,0.0020638365661425863,2,29.834332957645575,29.925740477887683,2
1846,1847,-3.725891594647901e-05,1,30.224205648462593,30.25330373297325,1
1854,1862,0.009069506309851944,8,30.44409174756641,30.750648721516242,8
1863,1872,-0.03259550084410078,9,30.809808581167424,29.836357248134565,9
1875,1880,0.013927163392755685,5,29.484977473432146,29.925104549809788,5
1883,1885,-0.007784195336631477,2,30.551075925646316,30.343811458822472,2
1890,1893,0.017024328959044724,3,31.22912864606588,31.7920127338869,3
1894,1895,9.499200604921355e-05,1,32.00353091622979,32.03857452674841,1
1896,1900,-0.011864179506276332,4,31.969666523837304,31.622342327966543,4
1901,1904,0.001663207263599368,3,31.73807339667701,31.82259846427969,3
1906,1907,0.0014755368910352074,1,31.91835102781514,31.99736608328551,1
1908,1912,-0.024062125081125738,4,31.91362344138343,31.177627465786298,4
1913,1915,0.010165856571583299,2,31.03835947141064,31.384929341485655,2
1920,1923,0.0357821241058072,3,31.98609640681582,33.16261297451163,3
1924,1925,-0.014742604434332104,1,33.16874827686916,32.71292328971821,1
1926,1930,0.0009420692795280771,4,32.56578776771262,32.62903278369993,4
1934,1939,-0.023905041576116254,5,32.394967606697094,31.652959526808758,5
1940,1950,-0.018689819983441613,10,31.69618668048717,31.135486843947792,10
1951,1957,-0.007273386125905833,6,30.94698042359776,30.752838065969684,6
1960,1962,0.02131753172217578,2,31.657664097448087,32.36418502019287,2
1964,1967,0.01816194269996554,3,33.169731066021185,33.80532755208155,3
1968,1969,0.003804808455364096,1,34.14288040379004,34.30693040424465,1
1971,1972,-0.002186048240735215,1,34.23244025615464,34.191838930612754,1
1973,1976,-0.011436155264834835,3,34.20270958067862,33.845764793016606,3
1978,1984,-0.020339125870838397,6,33.90172890034088,33.246099097898146,6
1994,1996,0.0057399450798927805,2,33.59946721716147,33.825925780918794,2
674,675,-0.002907447073294974,1,27.1271591505962,27.075415530267588,1
678,687,-0.026231269443442916,9,26.772968396122995,26.097452416719634,9
688,696,0.024338878174207174,8,26.234877880417457,26.899640254944558,8
702,704,0.0142155357239888,2,26.98939467275793,27.40005277157011,2
707,711,-0.01362412097212921,4,27.755376409547807,27.404989180126694,4
712,720,-0.02785895233272037,8,27.312943676469143,26.57934662419658,8
721,732,-0.03295534971956941,11,26.753497746886282,25.89858037016282,11
736,738,0.0009135292862817496,2,26.58288594644869,26.633753077221108,2
739,750,-0.007828458185984885,11,26.507067270419093,26.326064869929947,11
754,756,0.0018617543540299071,2,26.247807159770083,26.322921936193293,2
760,761,0.00293541484948837,1,26.537737160056295,26.6421741649478,1
772,776,-0.0003085880450928634,4,27.14611295687674,27.164882103904382,4
779,780,0.003327226631156894,1,27.608402694143066,27.727870509524866,1
787,793,-0.017165100477823138,6,28.17751613221507,27.722023752722333,6
794,795,-0.0036564555220365723,1,27.696670575476666,27.623095601984414,1
797,801,0.006529135844477092,4,27.82664663843404,28.03615724107107,4
804,808,0.003034347297739686,4,28.370037709373104,28.484492294342687,4
815,816,-0.0012103835756788256,1,28.54069726194537,28.534692768003033,1
818,820,-0.0003864232048756412,2,28.473646447701512,28.491117216434397,2
821,825,0.0004215148760692701,4,28.508640024317597,28.549165480208668,4
826,829,-0.009372914171555159,3,28.533343812410244,28.29443657364146,3
831,834,-0.003177285590990316,3,28.120265689731003,28.059039840429932,3
841,842,0.0010096125465730694,1,28.712401754168997,28.770102556976422,1
845,846,-0.0027987775782989674,1,28.64932045669352,28.597786701422518,1
847,848,-0.004526215164343894,1,28.642585546831768,28.541585627330512,1
849,864,-0.019384269931450065,15,28.42428387047954,27.901724163196484,15
866,867,-0.004235846620385782,1,27.75023356392554,27.660438064432796,1
871,881,-0.028766841896821802,10,27.9575050011109,27.181213379915448,10
882,884,-0.0052949557791592125,2,27.23802586504032,27.121039748438378,2
886,887,0.0005759520224324064,1,27.131344603885314,27.174102301285117,1
891,895,0.0001493888839889611,4,27.075368856631364,27.106488984625077,4
898,901,-0.0022717020421786104,3,27.359951149659054,27.325157443908125,3
907,912,0.0075997757909827,5,27.65934134785129,27.897205481969067,5
915,919,-0.010636703238977748,4,27.557728418984617,27.29216276827052,4
920,922,-0.0017222684539166216,2,27.266016343010847,27.246322959542315,2
928,929,-0.0011389505109445674,1,27.206542758156186,27.202762395138905,1
936,937,-0.002056944833205546,1,27.2571556526601,27.22834634282514,1
943,945,-0.007764968394007091,2,26.717902975481792,26.53715720629851,2
947,950,0.010307319860461007,3,26.331201918480897,26.628937240883545,3
951,955,-0.0041308982789187414,4,26.680373185714064,26.596839651226002,4
957,961,-0.002473825898949263,4,26.78728535983133,26.747805564905466,4
962,964,-0.008338771090129824,2,26.715405049440523,26.51934680720258,2
965,971,-0.009523761637626145,6,26.496065615146467,26.270219467508056,6
975,981,-0.0022989121649957026,6,26.169773758214845,26.135781520725114,6
983,986,-0.0030839043703177636,3,25.89564459832404,25.841680551373397,3
988,989,0.0012338342591815955,1,26.045885851085885,26.104068043210773,1
991,1001,-0.013921826886013039,10,26.369316216600428,26.02857647734698,10
1004,1014,0.023654953774896872,10,25.983370734671162,26.623989539050488,10
1015,1020,0.018391386037468198,5,26.809267563404738,27.329136420108494,5
1022,1028,-0.0023948796242207614,6,27.570872195587352,27.532414147739733,6
1030,1033,0.00993142821181884,3,27.787683197989487,28.091442262041074,3
1034,1039,0.008632094670016216,5,28.15231112491643,28.423476850851376,5
1040,1045,-0.0023431147698231205,5,28.483907310305216,28.445650153694473,5
1050,1056,0.007053638882182626,6,27.892893037092524,28.117532324992613,6
1059,1061,0.020656132407099757,2,28.428210251740403,29.043855337048964,2
1062,1065,-0.001104012649063114,3,29.392278262166865,29.389221093442817,3
1067,1068,0.0005121454639379448,1,29.290285424793062,29.33457659703561,1
1069,1073,-0.02344107456496979,4,29.343575607349432,28.685074239142075,4
1074,1076,-0.001908735280541886,2,28.680277665617655,28.65421488544717,2
1077,1079,0.007499912714436397,2,28.78562624147688,29.030301551959823,2
1089,1090,0.0014184606191477121,1,28.476038744449042,28.544906922741816,1
1091,1093,-0.008870561323366843,2,28.456569261894867,28.232600088466487,2
1094,1096,-0.005508459519083707,2,28.079459405997792,27.952864299948097,2
1097,1098,-0.01059515143847678,1,27.942494962693438,27.67438249195752,1
1105,1106,-0.00040423628500912316,1,27.972325893745975,27.98899079053737,1
1107,1109,0.0067091518642825665,2,28.01297127542886,28.228927525160927,2
1110,1113,-0.016744780154395733,3,28.286428187694934,27.841064594526575,3
1114,1117,-0.021333623109857834,3,27.629290729210457,27.067487144730002,3
1124,1129,0.00012933399159831206,5,27.588772000236272,27.619928938242595,5
1140,1146,0.012524818636733263,6,27.8723145608362,28.24928256025749,6
1147,1152,0.010077403737747934,5,28.282327664353527,28.59562242653485,5
1163,1164,-0.0057207343955348,1,28.15316142820605,28.020257830708875,1
1172,1175,-0.019715160663103404,3,27.737236412519717,27.21812957670893,3
1178,1181,-0.012885362701103482,3,27.005608567213017,26.684637114427662,3
1183,1185,-0.002573793012623014,2,26.71601798704192,26.673972504608802,2
1188,1190,0.005975808977954176,2,26.82424254752642,27.011363339516276,2
1201,1204,0.002592785621937609,3,26.896224022864207,26.992856389817966,3
1205,1207,-0.003969109629943485,2,26.995087515737712,26.914936141433568,2
1208,1209,0.0027764732282995665,1,27.10314197574775,27.205496265821964,1
1212,1216,-0.008521614880574017,4,27.6587495868714,27.45071112440072,4
1217,1219,0.005898571406238429,2,27.537059241023112,27.727025610515128,2
1222,1234,-0.011161725128665798,12,28.035117342152486,27.75023218577164,12
1235,1238,-0.0051782178977946534,3,27.68020582822999,27.56455189682384,3
1241,1242,-0.0005707290369381426,1,27.46949220707299,27.48128406244754,1
1243,1244,-0.0022347105075630324,1,27.61660717862722,27.582508663560528,1
1246,1248,-0.01842520201050949,2,27.520901289192516,27.041344024717045,2
1250,1255,-0.010597945748498705,5,26.83887395442438,26.58127589825902,5
1261,1262,0.004086301948761501,1,26.55231826423037,26.68737137236186,1
1268,1273,-0.0073206137587241964,5,27.044748098173145,26.8738086912426,5
1275,1276,-0.004631205084233349,1,26.62024852386596,26.523584942082543,1
1282,1284,-0.014484527364401662,2,26.41729021448952,26.061065541698895,2
1295,1298,0.0018649262195247936,3,26.026509061994375,26.101073090208782,3
1307,1312,0.02218915763069272,5,25.35493485663572,25.94289443774219,5
1317,1318,-0.014252473574728985,1,26.363854975244468,26.014468683857054,1
1322,1324,-0.007414559102961988,2,25.64915589657208,25.48462787013243,2
1327,1335,0.022557897844258476,8,25.384121469116035,25.98211800955172,8
1338,1341,0.001879935393261832,3,26.262282315564242,26.33791599191267,3
1343,1344,-0.0019306691663825543,1,26.42964476760477,26.405047512141117,1
1345,1351,-0.012225309817977401,6,26.442165334412657,26.145343836275693,6
1353,1355,-0.011466349129430817,2,25.861002565910354,25.59033228421843,2
1359,1363,-0.00017630534619404118,4,25.800161826405834,25.821413281769573,4
1364,1368,0.006352292103625788,4,25.824890324097236,26.014762461304098,4
1369,1370,0.001004388470785726,1,26.133907300585737,26.186289803075613,1
1376,1381,-0.009047098559159365,5,26.730384297201315,26.51528226023753,5
1384,1387,-0.008733986414329438,3,26.672055380685848,26.46577406672938,3
1389,1390,0.0003154389780852516,1,26.56986762466954,26.604818664185597,1
1392,1394,0.01075478433757892,2,26.83586816742751,27.15131801024732,2
1396,1397,-0.0015614805058665566,1,27.25661074984214,27.24130669425011,1
1398,1399,-0.0027049209770775157,1,27.373964730607483,27.32729428391249,1
1409,1413,-0.013661998835893838,4,27.268980978970184,26.923701173558452,4
1415,1418,0.0002718921616999177,3,27.03378497033219,27.068169029537035,3
1421,1423,0.011461626678436043,2,26.92575557958344,27.261294293651027,2
1428,1429,-0.0023907451526083597,1,27.87539710161227,27.836629528216168,1
1430,1433,0.005070054239059755,3,27.798910842320026,27.967651738919695,3
1434,1438,-0.0026864733925433875,4,27.88938983791575,27.842355124019836,4
1439,1448,-0.011123027751618213,9,27.836150916379395,27.554364788154654,9
1449,1451,-0.0025726425100325422,2,27.61269285588418,27.569267961282545,2
1455,1457,-0.005022564487412504,2,27.951451822648853,27.839015305175444,2
1459,1460,0.0022110487736511255,1,27.40893160225524,27.49694301846375,1
1464,1470,-0.003320383920258297,6,27.055239558745175,26.992461015914326,6
1471,1473,-0.0002983735468873468,2,27.042388942421237,27.0613625978586,2
1474,1481,-0.022480425218216197,7,26.933771323763505,26.355222462998867,7
1482,1484,-0.010786680790405703,2,26.155594795898892,25.899618338748233,2
1485,1487,0.0016496816179560562,2,25.903490815261456,25.972126818715548,2
1489,1490,-0.0019324672175496833,1,26.048252706790585,26.023963565067053,1
1493,1497,-0.010545922731665772,4,25.686845086534703,25.441640448118374,4
1501,1503,0.004309433972183427,2,25.664487281415802,25.80075118206642,2
1507,1513,-0.002582761468948094,6,25.689285720851554,25.648625709247792,6
1514,1515,0.0028570850312261,1,25.782003153856937,25.881446532296703,1
1516,1517,-0.00454871688583996,1,25.808762404423018,25.71717441347581,1
1524,1525,-0.0001467997521494654,1,25.87129410308258,25.893367497623544,1
1528,1529,-0.005192032108645618,1,25.678619394987162,25.570973797977686,1
1532,1539,-0.004364149557541259,7,25.4006984320872,25.315246683695655,7
1542,1543,-0.002886754980108466,1,25.699423080898832,25.65093456641503,1
1545,1555,0.00435984155221177,10,25.70601616353877,25.843796337113933,10
1560,1561,-0.0005927649128032099,1,25.713362098937218,25.7238334821937,1
1562,1563,-0.0002129527640752243,1,25.759183690395947,25.77945738471915,1
1565,1572,0.015789407964500426,7,25.955496229787578,26.391273644910534,7
1575,1577,0.0026140982599167314,2,26.408784502673885,26.504228444791515,2
1579,1581,-0.012681729259586952,2,26.277169126926253,25.970206351477124,2
1587,1593,0.01706579671116518,6,26.00256864940667,26.472325768594967,6
1594,1597,-0.012623374022709449,3,26.46051558440084,26.152955114929618,3
1598,1600,-0.0032067787440082486,2,26.0532711973348,25.99577739224464,2
1602,1603,-0.0014942701190705592,1,26.177180070736835,26.16424147282634,1
1607,1612,-0.02183667619889012,5,25.85887956758845,25.320066467172513,5
1615,1616,0.000796386436861611,1,25.332405817169146,25.377912607392183,1
1617,1621,0.0022469872577924126,4,25.499077514198373,25.581872693972436,4
1623,1624,-0.003574717602157633,1,25.500602017959757,25.4349451690785,1
1631,1633,-0.020062293741140283,2,24.858356762008633,24.384499463489163,2
1635,1638,-0.010289831750979955,3,23.958436710915517,23.73586686485461,3
1641,1642,-0.008931851509851967,1,23.296924291285023,23.112136547170287,1
1645,1646,-0.01888234501735126,1,22.35819368082842,21.958376747463085,1
1650,1658,0.04995074685452749,8,23.818787747887455,25.03237277281179,8
1660,1663,0.03972499090324264,3,26.03513240138853,27.095412931599796,3
1664,1669,-0.015251482995369697,5,27.157312526991884,26.77028054931352,5
1672,1678,-0.05119179816552104,6,27.139325833213945,25.77715426864496,6
1679,1680,0.003423723568542661,1,25.71546228547389,25.82922038206211,1
1681,1682,0.004939348488979083,1,26.07919545937723,26.234088889522674,1
1683,1684,0.0028122183063405038,1,26.306293985242345,26.40657932074486,1
1685,1686,-0.00289218039613031,1,26.47807167300535,26.427970384858355,1
1687,1690,0.016264604842590527,3,26.510728149633596,26.96842539522636,3
1692,1698,0.022514967341664496,6,27.295286159300662,27.937133921918004,6
1701,1720,0.10563747767908471,19,27.82909436611012,30.79671879540533,19
1721,1722,0.01820868872500207,1,31.43344389447131,32.037239133795026,1
1723,1726,0.0007331812841227649,3,32.38138757674505,32.43751039164699,3
1727,1737,-0.03881557722860766,10,32.28486607252191,31.0639952262412,10
1739,1748,-0.026458375362825474,9,31.158718771666088,30.365468413352296,9
1752,1755,0.0006253295947523992,3,30.446849324483647,30.496335489757698,3
1756,1757,-0.0010890527398105417,1,30.39293129086016,30.390224717057837,1
1758,1762,0.030452102552107174,4,30.468508002977455,31.4268066412968,4
1766,1768,-0.012261648119793425,2,30.686132413021447,30.340555987628612,2
1771,1775,0.03680363782192292,4,32.59077660364605,33.82282651870548,4
1777,1779,0.004288219255421501,2,33.45984978247569,33.63679280437889,2
1783,1786,-0.05975661753352376,3,33.958450595121626,31.963166901473002,3
1789,1792,-0.007521576430704892,3,31.86386276091344,31.656060144540653,3
1795,1798,0.05842060939190858,3,32.73643096344637,34.681649640610495,3
1799,1802,-0.007232568676988428,3,35.111956335912765,34.89311865666577,3
1804,1810,-0.04914418554716119,6,35.30256604740622,33.602952757328985,6
1811,1819,-0.03109182679417747,8,33.45091950286806,32.44432022708178,8
1820,1827,-0.07472526666768499,7,32.26621571881615,29.88738036058938,7
1830,1834,0.04272191885792381,4,30.58281624430581,31.919955654586143,4
1835,1838,-0.035240874771191755,3,31.861435832938906,30.770472398552883,3
1841,1842,-0.0007355776878633736,1,29.955484692020423,29.96340559054386,1
1845,1846,0.005784382852102009,1,29.966999600149567,30.17030719836577,1
1851,1854,-0.0013780173522625497,3,30.4451911366714,30.43368232612879,3
1859,1863,0.003199007045081948,4,30.67940928963461,30.808232345380738,4
1864,1865,-0.002478702165339946,1,30.8126212411586,30.767058551409498,1
1868,1869,0.004503009344245202,1,30.3130638281739,30.47987690167304,1
1870,1873,-0.020669519673975956,3,30.34008012109796,29.743305318246016,3
1874,1880,0.01016638013722404,6,29.660207200450717,29.99140434899978,6
1885,1889,0.026438750531242866,4,30.350887063351774,31.18367748188501,4
1894,1897,-0.005168782709936635,3,32.05008223184069,31.916472403180546,3
1900,1903,0.005403269530748829,3,31.731676988094463,31.934863468511892,3
1905,1909,-0.0038326414540906027,4,31.82238151714987,31.732240120096506,4
1912,1914,0.0021018807091339954,2,31.20787801719128,31.304681131985813,2
1918,1919,0.001435023213137042,1,31.41883170355307,31.49533728808087,1
1921,1926,-0.0007345538758078034,5,32.53376350710543,32.54239946853377,5
1927,1931,-0.0002618502773516643,4,32.53791759846446,32.56193545331532,4
1932,1936,-0.00860946272503526,4,32.49560919011795,32.24833506325844,4
1937,1938,-0.009432241794354562,1,32.144460331525984,31.87341046966152,1
1943,1945,-0.002453590013802639,2,31.50440857913329,31.458614085431904,2
1946,1947,-0.004565490652287726,1,31.422867441729974,31.31082950159841,1
1951,1952,-0.006594444313731991,1,30.956113407393513,30.782931154766278,1
1957,1960,0.026166040340846144,3,30.7870795167048,31.62344256083244,3
1962,1963,0.01749547424196104,1,32.33139832181896,32.929382866686744,1
1964,1975,0.023015118277733983,11,33.12570123321817,33.921218866366786,11
1977,1979,-0.0034435303159453968,2,33.84547905201909,33.76277659789778,2
1980,1982,-0.008861665664402975,2,33.74645081071976,33.48114749708566,2
1986,1993,0.0058374859553380724,7,33.25516781855031,33.48254956145206,7
1997,1999,-0.019671352753815173,2,33.85250297626144,33.220430951592085,2
672,674,0.003666827150922894,2,26.981920457628775,27.10784041660448,2
679,680,-0.008934798820541892,1,26.63545994348955,26.42411292734536,1
684,690,0.006961970411418337,6,26.180342604389583,26.388789717566528,6
691,693,0.008527504691733984,2,26.507141854958604,26.75968877334618,2
695,697,0.0074887876401142145,2,26.83681254812991,27.064624550788537,2
698,700,-0.006009536158111225,2,27.109690884133958,26.97388390741467,2
705,712,-0.011377740553458617,7,27.531731834921814,27.2460146649516,7
713,716,-0.009666172024337928,3,27.301566124899438,27.064966056327222,3
722,725,-0.015849424129721044,3,26.896639093429382,26.497239491867013,3
726,727,-0.003779324027055894,1,26.38870608702123,26.315363322150656,1
728,730,-0.01014203389255684,2,26.248971488167005,26.009002501177424,2
731,733,-0.004540396562559532,2,26.020269383425504,25.92814731114355,2
734,735,0.006016643837073875,1,26.11199915673728,26.29521775469408,1
738,744,-0.017736881005420403,6,26.679604182376725,26.23307082190457,6
753,756,0.0026407426513345997,3,26.25429832021493,26.349883463890198,3
757,761,0.011928351430877743,4,26.358908492842303,26.699685725172117,4
762,771,0.00991353094952482,9,26.835264977527615,27.128132472398562,9
773,774,-0.0022600338760885384,1,27.255568012675365,27.22122507366736,1
775,790,0.02435763957938762,15,27.235467398525273,27.92609456459324,15
792,794,-0.0055311856238354305,2,27.813553687855762,27.687525313237575,2
799,812,0.019895122584490006,13,28.100280043079295,28.687438839237934,13
813,815,-0.0019403631264221224,2,28.629511953141666,28.60258981577347,2
819,822,-0.0015538997847665808,3,28.479851565716555,28.46407658206412,3
823,824,0.0025100756330670333,1,28.51329555722354,28.61337938117739,1
825,828,-0.004816389290981682,3,28.56158063844187,28.452578527959812,3
829,830,-0.006174082999149787,1,28.323933615434704,28.177383232046036,1
836,839,0.011360664562619385,3,28.35634601135359,28.706849292621502,3
841,843,-0.004243763400403895,2,28.751903772613243,28.658639399463706,2
845,846,-0.0005854073587769383,1,28.61161026596382,28.62347242903363,1
850,851,-0.004318291470684485,1,28.289256542633808,28.19538454393638,1
857,860,-0.009917813158123519,3,28.049392061737795,27.799252824132264,3
864,875,-0.006274922884694543,11,27.933684997098123,27.78633696285308,11
880,884,-0.006909658082990354,4,27.29744515562584,27.13612658821691,4
888,889,-0.0020070154553686378,1,27.24645591222812,27.219018310020488,1
890,893,-0.005987738203515855,3,27.135764988965814,27.00041889724872,3
894,897,0.012918128092665557,3,26.998334601381153,27.37410088065182,3
898,900,-0.004059505116688683,2,27.38707700289181,27.303286100670316,2
901,907,0.009635364809858528,6,27.354700311100594,27.6456275281735,6
909,910,9.28013893086927e-05,1,27.777196923580046,27.807551882969236,1
912,913,-0.002589288103947226,1,27.949036373840098,27.904617302814366,1
919,923,-0.008814642516812795,4,27.331756117003753,27.118168213592657,4
929,932,-0.0012723653692804575,3,27.22219090503391,27.214776522955436,3
937,938,-0.005741230232039926,1,27.2906387492344,27.16124754774485,1
939,941,-0.009002836373841732,2,27.221029986720012,27.003184537808853,2
943,949,-0.00853145072884993,6,26.75522954378179,26.55372385073373,6
962,967,-0.010943993393377288,5,26.686263645078192,26.42089561569761,5
968,974,-0.011741671865899875,6,26.4353506596673,26.151390797221154,6
975,978,-0.002851518322077087,3,26.178013749469667,26.129544677376938,3
980,981,-0.0008433743159966293,1,26.12727694843831,26.131369151061506,1
982,987,-0.004301766051074641,5,26.063924968865862,25.977867986245904,5
989,990,0.0006900343516997665,1,26.136569725526634,26.18074142619837,1
991,993,-0.0004720649686270037,2,26.306440098134374,26.320328189412894,2
994,997,-0.00426757037898555,3,26.341228563355752,26.255156745156043,3
998,1000,-0.003229583239911149,2,26.234060023895207,26.175569003351107,2
1001,1002,-0.005472219547425992,1,26.10529217379745,25.988543575846528,1
1010,1012,0.004504381835418575,2,26.17383018046475,26.317900935873432,2
1014,1016,0.009427243849443406,2,26.59094815141515,26.868218451977864,2
1017,1018,0.003962406075910407,1,26.915057843805204,27.048621290382783,1
1023,1027,-0.00399785811947812,4,27.594145574893478,27.511422241531722,4
1028,1034,0.022040395857076466,6,27.530348526655374,28.164658654792795,6
1035,1041,0.006231164738040976,6,28.21497157528585,28.418998682825887,6
1042,1048,-0.01527980518052259,6,28.454482969731057,28.0481584964108,6
1053,1056,0.010377769943241546,3,27.757586993135018,28.07340643212242,3
1059,1068,0.031727441453550505,9,28.353419336988207,29.281354208347455,9
1070,1076,-0.014779600003420535,6,29.110533929941294,28.7094024165007,6
1078,1080,0.0048538270981737346,2,28.981391269376033,29.151043322931482,2
1087,1089,0.002854531440330498,2,28.41433860374726,28.5238625652516,2
1101,1102,-0.00020182017574798096,1,27.838983181833644,27.861203696537075,1
1103,1109,0.005990299104353027,6,27.98670424905383,28.182339682699784,6
1111,1113,-0.01154172386254133,2,28.156559053895265,27.859740383429763,2
1114,1115,-0.014916034270403077,1,27.66060289761233,27.275676999749145,1
1116,1118,0.003229996288878068,2,27.04153961907513,27.155925231309368,2
1121,1125,0.008066314522514276,4,27.30231069928134,27.54984203527243,4
1126,1127,-0.0012991200166015849,1,27.55012414375468,27.541883350163424,1
1131,1132,-0.006112624009107691,1,27.663382858301425,27.521950382926935,1
1134,1137,0.00704122932884203,3,27.50738687686637,27.728580082980432,3
1140,1148,0.01781760938113989,8,27.833995386689832,28.35776463939301,8
1149,1160,-0.009159223856022303,11,28.47932566731184,28.24695647392368,11
1161,1162,-0.004988300231556129,1,28.289860435329715,28.1770319784048,1
1164,1165,-0.007152332780630875,1,28.088264201130773,27.915455852535136,1
1166,1167,-0.0032594920930995026,1,27.956302520827876,27.893135476329768,1
1173,1177,-0.02374774712951507,4,27.673198068007544,27.043695156091523,4
1184,1185,-0.0024314950206130296,1,26.69623847836239,26.658022945911515,1
1187,1190,0.005812010666142419,3,26.78820022360823,26.970681729258207,3
1191,1192,-0.0005385378679577538,1,27.034595507098352,27.047070949179957,1
1194,1195,-0.0035661814362149724,1,27.070336590967827,27.000869195735994,1
1196,1197,-0.003231981155024379,1,26.9489614616641,26.88881188753419,1
1198,1203,0.0024494428781308398,5,26.881013098621615,26.973737617811597,5
1207,1208,0.002100494664923783,1,26.98600364196939,27.06967360228893,1
1210,1211,0.0025306071388157218,1,27.43042741642989,27.527273479287103,1
1215,1216,-0.0019640484656387254,1,27.509487155571613,27.482966676688775,1
1218,1219,0.002877356081364241,1,27.6085832012853,27.715631509258653,1
1222,1226,-0.009339136023733312,4,27.969999888534574,27.736754254880278,4
1231,1234,0.0005692838741375341,3,27.66251108991255,27.7059214224841,3
1240,1242,0.004401131426750147,2,27.37496485516251,27.52282063814791,2
1243,1247,-0.009056648593283392,4,27.553870977342086,27.33187912149297,4
1248,1249,-0.004412761039359332,1,27.008006881191374,26.915835007556495,1
1255,1256,-0.009471784151256477,1,26.680478872989475,26.45444761492535,1
1263,1264,0.0014949088521899745,1,26.79209306262124,26.858936892771872,1
1265,1267,-0.0003591354789835631,2,26.927491546717693,26.944748420689955,2
1271,1277,-0.017923414511152654,6,26.986560924498875,26.529856167743105,6
1285,1291,0.005324197858218856,6,25.98064271962304,26.14494944466563,6
1295,1296,-0.0072370509297983825,1,26.029738453093287,25.867389648672013,1
1297,1298,-0.0041460101975889455,1,26.07241646907081,25.990392380983327,1
1301,1311,-0.0041767993828891676,10,25.88855309313314,25.80631035364298,10
1312,1314,0.012092139768322786,2,25.937793217550922,26.277374431636954,2
1317,1319,-0.025344628882488455,2,26.375094680040668,25.733002788314582,2
1321,1322,-0.0041924438170032816,1,25.72279126588303,25.640672699950194,1
1325,1330,0.003431807802416559,5,25.36954561291144,25.481978563102505,5
1334,1339,0.010170298367238678,5,25.938873257337697,26.228618210932147,5
1349,1350,-0.004997555818238051,1,26.348493796693266,26.243164222014485,1
1354,1357,-0.0018749465214763607,3,25.68711121063372,25.6646363620332,3
1359,1363,4.455876470289095e-05,4,25.78247020760517,25.809401512836214,4
1364,1367,0.0033122764385170762,3,25.831372119244293,25.942764136608677,3
1368,1371,0.00651481196897216,3,26.029330693452774,26.224936219292267,3
1377,1380,-0.008191124607259046,3,26.682180978964993,26.49030609075182,3
1381,1386,-0.0011574612818607435,5,26.613819075818874,26.609628429751986,5
1387,1388,-0.003487494710873028,1,26.56701872776934,26.50093340920035,1
1393,1394,0.004987386284844209,1,26.987186844169177,27.148769556546483,1
1397,1411,-0.005222104018727284,14,27.279099273494325,27.163924078824444,14
1412,1415,-0.00021285271763121468,3,27.069227262525413,27.090534731200933,3
1417,1418,-0.0040239892144267875,1,27.138865751604055,27.056798114279427,1
1419,1422,-0.0003030109625155071,3,27.04066031170941,27.059507355513013,3
1429,1431,0.0031609725729502556,2,27.856405742510933,27.972315482786495,2
1432,1433,-0.0050503215505040555,1,28.02884231262516,27.915316488570653,1
1435,1436,-0.0044767471675053825,1,27.962943284467794,27.865723200608407,1
1446,1447,-0.00750210941447139,1,27.81713865658808,27.636268577445424,1
1450,1458,0.002361762692472587,8,27.490169346970873,27.582584772691273,8
1459,1462,-0.006508826977697987,3,27.406065679759056,27.255090405789836,3
1463,1465,-0.008055218381197143,2,27.15118934580572,26.959631775661826,2
1468,1476,-0.020023744394276764,8,27.079324466355313,26.564174319337685,8
1477,1481,-0.005848585992980031,4,26.489883157402538,26.36144468096988,4
1484,1485,-0.00424636172924275,1,25.931096229107165,25.84691451071168,1
1487,1489,-0.003409691983626374,2,26.075659910815776,26.012825602160916,2
1492,1494,-0.013358890746809678,2,25.83930009799739,25.519955011112213,2
1495,1498,0.005394491700140294,3,25.35747365159367,25.51962180639531,3
1502,1507,-0.004266741226787021,5,25.73223411718293,25.648173567134993,5
1511,1516,0.000982793441016836,5,25.75149963343029,25.8025595379998,5
1517,1518,-4.923383188465446e-05,1,25.679018833178752,25.703433575515735,1
1530,1532,-0.002385388605391494,2,25.445907856492724,25.410655385694497,2
1534,1539,-0.0007552829470030564,5,25.36014093511573,25.36634699406896,5
1540,1542,0.003902273414409742,2,25.519154804572523,25.644256678729185,2
1544,1549,-0.0038863112021336496,5,25.766157816321044,25.691788666379853,5
1550,1552,0.0033992125078480704,2,25.68469698785058,25.79768942809982,2
1554,1557,-0.005572157156238437,3,25.89987765631133,25.781459345339325,3
1559,1560,-0.0041351648236626366,1,25.7323300333052,25.651654937353904,1
1563,1565,0.0043159164445489544,2,25.797738388262555,25.934877009992892,2
1566,1568,0.00338457323931453,2,26.053183037418375,26.167415126563203,2
1577,1578,-0.004336407233827101,1,26.513071028284013,26.424612626314275,1
1583,1586,0.0017999619060391492,3,25.943391447891972,26.016031955659532,3
1590,1591,0.0008579567657296863,1,26.309705183287466,26.35858747803711,1
1598,1599,-0.0031974592644998896,1,26.082303568219753,26.02498876860427,1
1601,1602,0.0007260610836540339,1,26.064864472211323,26.109854020427523,1
1607,1609,-0.01391225028488028,2,25.863483287395262,25.529527517949596,2
1611,1613,-0.005381568448784547,2,25.374243052578688,25.26306406980772,2
1614,1616,0.0019921669526482967,2,25.304794857311123,25.380511028226714,2
1623,1627,-0.012403716278955017,4,25.5353450500969,25.244147220060377,4
1633,1634,-0.011828922793124624,1,24.418450132175977,24.15402462096688,1
1635,1636,-0.013101044805544738,1,24.031220089270878,23.740417218238704,1
1644,1645,-0.014741670195405496,1,22.665686779500902,22.354222387024638,1
1650,1651,0.002911192898362412,1,23.819501647080088,23.91266431276468,1
1652,1658,0.03750074278792576,6,24.1294999973422,25.05850367034113,6
1662,1663,0.0031314844915024172,1,27.070290220480388,27.182130704706772,1
1664,1671,-0.007646802868242655,7,27.169553602093824,26.988962935282554,7
1672,1673,-0.012305583064395217,1,27.14071798346512,26.83387634187573,1
1674,1676,-0.01704539500362628,2,26.82798750655021,26.39752184985526,2
1678,1681,0.006252287973693596,3,25.830127404798084,26.017454927134875,3
1682,1686,0.004543911217130622,4,26.257093066526913,26.402660059307674,4
1687,1700,0.04769085682907784,13,26.50959734984772,27.800372359005657,13
1701,1704,-0.001945552188125354,3,27.78445152111654,27.758179872184886,3
1705,1709,0.0694910200180699,4,28.119401163846216,30.101566434183038,4
1712,1722,0.044918660244332026,10,30.621503571010233,32.02760198965805,10
1724,1726,0.003319880370730545,2,32.244021230540696,32.38331154492793,2
1728,1731,-0.007960443324004116,3,31.894634846896988,31.672634048705355,3
1732,1737,-0.0126516248085847,5,31.43028813280725,31.064074207858067,5
1739,1741,-0.006954308326804855,2,31.17524606297164,30.9896190357487,2
1742,1747,-0.027618988073034475,5,31.19807336591349,30.367612223084585,5
1749,1753,0.001754381790405711,4,30.342798036840282,30.426373687222913,4
1758,1766,0.0060315171185586864,8,30.45432955768806,30.66846969730717,8
1768,1769,0.00743785856855545,1,30.331751901327976,30.587686934007895,1
1770,1772,0.06521156069280075,2,31.398520087049437,33.477465105457235,2
1774,1784,-0.022136347578266623,10,34.09380711894105,33.37318856140873,10
1787,1788,0.005763348528394957,1,31.879247228860887,32.09485768869254,1
1789,1793,0.01864840139867239,4,31.869044473938743,32.495220251954834,4
1794,1795,0.004962700725854888,1,32.52243670210659,32.71635825903681,1
1803,1805,-0.008797048112362711,2,35.184406253605374,34.9100717452411,2
1808,1811,-0.025455760684406355,3,34.22436500023106,33.38738212020964,3
1812,1815,0.007024524031479215,3,33.28936877351953,33.55650011323541,3
1818,1819,-0.012544871283836776,1,32.78537307507353,32.40687016292924,1
1822,1824,-0.022131638617480458,2,31.64957328620597,30.980765941124403,2
1829,1832,0.018326437373647905,3,30.72878640940287,31.322664375512396,3
1836,1840,-0.04868649319389106,4,31.581369199378326,30.07536445199841,4
1841,1844,-0.006025139120752676,3,30.003202275931702,29.852432010427062,3
1847,1848,-0.004380918023856676,1,30.213450408067335,30.1113012090198,1
1849,1851,0.011002614440390728,2,30.172211155897656,30.534356573215952,2
1852,1854,0.00203795527560781,2,30.358357507757763,30.450584840107243,2
1857,1858,-0.008786445715894644,1,31.012889211375423,30.771409033037994,1
1863,1866,-0.0031813548281930076,3,30.762590152743734,30.695486028186323,3
1867,1868,-0.004946202878038025,1,30.513015156595962,30.392604608367385,1
1870,1874,-0.02432700629681571,4,30.349684926475707,29.641717635089435,4
1875,1876,0.0018682215342707858,1,29.464071119711615,29.548580602984458,1
1878,1879,0.0003752889725378906,1,29.723868051671438,29.764746959624073,1
1881,1886,0.0015848003314271357,5,30.296798852631383,30.375110028346846,5
1888,1889,0.0021581751682660313,1,31.098856042287657,31.19707167720189,1
1891,1897,0.01835439413679017,6,31.286492074319618,31.89202317308356,6
1900,1901,-0.0022603842143452007,1,31.710466316261137,31.670498945086596,1
1903,1906,-0.005235598234202582,3,31.98792278604326,31.852434796774887,3
1908,1909,-0.007563185270719598,1,31.931228035105953,31.721657469589957,1
1910,1914,-0.014807563222668275,4,31.69947443636254,31.261781938957107,4
1918,1927,0.03350302831056636,9,31.44261303613847,32.52747840388254,9
1930,1935,-0.007544224142809382,5,32.640837411874756,32.42722845564245,5
1936,1937,-0.007274098413850758,1,32.302252084642404,32.09958457607434,1
1938,1941,-0.010162803817624754,3,31.91673050044091,31.62428376036537,3
1948,1949,-0.0035604381060013123,1,31.4034824063536,31.32307573333923,1
1950,1952,-0.010936663927646067,2,31.07936159582293,30.77053642455945,2
1954,1957,0.00138337608817394,3,30.694916902998028,30.76807443397312,3
1961,1963,0.03129294456034675,2,31.983003962294283,33.015829336122,2
1964,1971,0.02875565117584803,7,33.1841350154643,34.1715505615567,7
1980,1993,-0.010502915554855025,13,33.764991085923725,33.44412522692376,13
1995,1996,0.000543690331098651,1,33.76885335079167,33.82098200320158,1
1998,2000,-0.017837935123834987,2,33.79369127008501,33.22467528888441,2
676,677,-0.0029232278740241495,1,26.968174154220275,26.91630820997534,1
680,684,-0.011699737022667762,4,26.517408608914838,26.233679310276823,4
690,693,0.010005958168779364,3,26.406687755717062,26.697318656532502,3
694,699,0.011401112521047446,5,26.754764679917166,27.086553527186965,5
700,702,-0.0009506953184795373,2,26.98826443148285,26.989595079265435,2
703,713,0.004845688784537576,10,27.178744706494705,27.33762318960327,10
714,715,-0.005678513537232311,1,27.356521075114703,27.228533220933198,1
716,722,-0.010354501390649942,6,27.07966938573574,26.826352580808535,6
724,749,-0.011653099563438546,25,26.61646550048505,26.332917643481554,25
750,752,-0.0024157322137943462,2,26.31534305789103,26.278087579006925,2
754,756,0.004301488131943996,2,26.233251975282773,26.37232724929203,2
757,758,-0.0017187726161068874,1,26.375862131895964,26.356903884469347,1
763,764,-0.0003492554583517532,1,26.91925182107493,26.93676937726275,1
766,769,-0.001966709760875095,3,26.946369286725734,26.92031996851611,3
770,772,0.0023899669060958883,2,27.07836189230167,27.17015664298786,2
773,775,-0.004434536205924414,2,27.249645007831436,27.15605511545345,2
777,781,0.021207322332418864,4,27.210920479476215,27.81520216152576,4
782,785,0.008824273579248712,3,27.763092850244526,28.035845069811412,3
786,792,-0.013803270470031239,6,28.16607133859987,27.80545350917358,6
793,796,-0.003125409300944233,3,27.725709127577066,27.66678064752204,3
797,800,0.009021351015360259,3,27.82797754340548,28.10685147441551,3
802,804,0.006444608097184374,2,28.20359252809955,28.413557221403927,2
805,807,3.841897255829835e-05,2,28.49421738465647,28.523806320596897,2
809,816,-0.005163862736946436,7,28.63215144970566,28.512931101205623,7
820,821,-0.0015187740814731486,1,28.491058412223907,28.476277989565908,1
831,832,-0.006927302857426819,1,28.07378107120425,27.907379268442128,1
837,842,0.005767016322144258,5,28.500131713140306,28.692992569626387,5
845,846,-0.0017636363571248864,1,28.61342592111907,28.591575668783804,1
847,850,-0.013249473841739374,3,28.62547988120277,28.27483281419074,3
851,863,-0.01577507139463616,12,28.180670690008732,27.764299268615122,12
864,866,-0.00829403411268119,2,27.88574286096926,27.682343301283893,2
867,870,7.892951012683459e-05,3,27.6951874795495,27.72506863460968,3
876,881,-0.022368452551554518,5,27.749664162102757,27.15669678013329,5
886,890,-0.001916260898256858,4,27.14651587897761,27.121642587953794,4
895,896,0.004506294460712611,1,27.13200746089552,27.28140428328546,1
898,899,-0.0007294927709594104,1,27.31077107390652,27.318158834912683,1
903,905,0.005580156603165141,2,27.45253977272644,27.6331817835856,2
907,911,0.007137888256810753,4,27.666278313898342,27.891423395298673,4
912,915,-0.014996228849414314,3,27.96240999318842,27.571041703742605,3
917,919,-0.003414632238162033,2,27.350265053561593,27.284224221840987,2
922,925,-0.008393854403804833,3,27.227060086324393,27.025747168202464,3
928,929,-0.000574693965818763,1,27.213607086285418,27.225181197591052,1
930,933,-0.0003013745292478251,3,27.318946408948815,27.33803212074422,3
936,939,-0.006821796010426625,3,27.264530155143866,27.105801622260493,3
940,942,-0.0069358468689818325,2,27.054879382520785,26.894285761447367,2
956,958,-0.00030498759324024854,2,26.751275385933905,26.769867854223776,2
965,969,-0.0007745495542492882,4,26.443152403020054,26.44911402351637,4
972,977,-0.0062747326254878315,5,26.24545370744396,26.107015956502575,5
981,982,-0.006088546215739145,1,26.122955452197317,25.990027586087116,1
983,984,-0.006291703761807405,1,25.89796928320142,25.76092490172233,1
985,987,0.006928314695545597,2,25.724256278792183,25.928206277879312,2
989,993,0.0038802462468097597,4,26.142839443075324,26.270422937148343,4
995,998,-0.0056493171809163896,3,26.348148199052783,26.225647300945596,3
1000,1002,-0.008636192673826176,2,26.20207354220135,26.001989460179338,2
1003,1007,2.8935615512997457e-05,4,26.02317469625712,26.049950867530814,4
1008,1017,0.0357643338994137,9,25.978986413172905,26.934086544035125,9
1022,1024,0.004787987022619273,2,27.59561072229461,27.755333759036503,2
1027,1031,0.007307027415032708,4,27.538766143890555,27.76753142922403,4
1034,1036,0.0025780273423449238,2,28.209050520871944,28.309983274937213,2
1038,1041,-0.0019089612301753,3,28.43715313220854,28.411304862514804,3
1042,1052,-0.027013143895603976,10,28.49791392924556,27.756593593479558,10
1055,1059,0.015924455822584137,4,27.92676216506428,28.399407417594723,4
1063,1064,-0.0018297370373710738,1,29.551157985227068,29.52663829494952,1
1065,1066,-0.004492145520535833,1,29.42889042989945,29.326120462010337,1
1070,1071,-0.007061043780055061,1,29.147786737815263,28.971120726305656,1
1073,1076,-0.0029776294753438223,3,28.744990404732757,28.688143464439882,3
1077,1078,0.005437629046234821,1,28.77992544833379,28.965199932348455,1
1082,1084,-0.01367549946730966,2,29.175360232707067,28.80554796961882,2
1085,1086,-0.005634832305430092,1,28.707569831582347,28.57451505951654,1
1087,1090,-0.0004637788542583474,3,28.488469700835104,28.503745820698512,3
1092,1101,-0.021554576797083978,9,28.400194363271215,27.816440387179245,9
1102,1103,0.000478015149708549,1,27.912672953447153,27.953928306941208,1
1106,1108,0.006320988933771846,2,27.95845481343351,28.163138351728016,2
1112,1113,-0.007297605012610171,1,28.030560549520843,27.854035150897907,1
1117,1124,0.01368035628247817,7,27.104621116041933,27.50252661092701,7
1125,1128,0.0010879115830621186,3,27.570395372272653,27.627959920120023,3
1129,1133,-0.003036258029624975,4,27.624218459758797,27.567968423108,4
1134,1135,-0.0031756294351950893,1,27.580626224156937,27.520621001902548,1
1136,1138,0.004493858061049894,2,27.640972314815997,27.792827893383006,2
1140,1144,0.011728303540920405,4,27.88000090470458,28.234866018940796,4
1147,1148,0.002385504920212908,1,28.316552462716682,28.412418290402677,1
1154,1155,-0.005902502064360017,1,28.72506120729908,28.58423653543143,1
1164,1165,-0.002185027920017634,1,28.021761680067204,27.988555110108244,1
1178,1186,-0.010579564531258995,8,26.97029592719289,26.711932236931194,8
1188,1189,-0.00028624314946608354,1,26.81752032489585,26.836661513742076,1
1190,1193,0.003592059442159211,3,27.009353981499412,27.133382540476777,3
1196,1197,-0.0019848913376751143,1,26.949514447287925,26.92297210395424,1
1199,1200,0.0007354848796060948,1,26.828369833444178,26.8749300636346,1
1201,1202,0.001619629699567731,1,26.847802597526332,26.918133898578944,1
1203,1205,-0.002000097956194593,2,26.93631422652142,26.909375273716062,2
1206,1211,0.020317620465674823,5,26.945506308228776,27.519920384963044,5
1215,1220,0.007337119141628706,5,27.523284921053435,27.75274982660925,5
1222,1227,-0.015993900177849796,5,28.012596606286834,27.592578529049796,5
1230,1236,-0.0022120516438862634,6,27.670664401765865,27.63712612749028,6
1239,1241,-0.0022375704718209147,2,27.49706353408815,27.463033980196577,2
1244,1246,-0.005208961319359929,2,27.615959587994013,27.49972508229114,2
1250,1256,-0.018305308296484454,6,26.88889507446772,26.423574455452233,6
1259,1261,0.0033059597113736638,2,26.41946439828433,26.533225547579413,2
1265,1266,-0.0020012631540105782,1,26.939611307411496,26.91263766722602,1
1271,1272,-0.003337810756219059,1,26.96097352687764,26.89794387296837,1
1274,1277,-0.007151092416190817,3,26.717578298208664,26.55323600495957,3
1278,1280,-0.001234260780741806,2,26.541987056705747,26.535769310095404,2
1281,1282,-0.007117635322362234,1,26.586355173362975,26.42370954786154,1
1284,1287,-0.004643927238194798,3,26.111047644487936,26.015900886758384,3
1290,1291,-0.0028805200302613144,1,26.216456326874468,26.16715575562931,1
1293,1297,-0.0051718141338049865,4,26.147484702974996,26.038402256727675,4
1299,1301,-0.005841159903528216,2,25.959852174826874,25.834176379376583,2
1302,1303,-0.012914465614966876,1,25.766541696627247,25.45954712156617,1
1304,1309,0.0168324377828926,5,25.144377605059017,25.59276315429079,5
1319,1322,-0.005843746106755565,3,25.804316353557386,25.679326796682354,3
1323,1324,-0.0031115496236738148,1,25.56957695680801,25.515585526207364,1
1328,1329,-0.0008266530702203843,1,25.341588362775408,25.345981249313834,1
1330,1335,0.01980844109108875,5,25.456551985282108,25.98626314765009,5
1337,1339,0.0003510217302645773,2,26.164454139005855,26.199802885108163,2
1343,1345,-0.0005897335365565345,2,26.412515922641646,26.423352092139872,2
1347,1350,-0.0058642467271444116,3,26.356450631254386,26.228246352532164,3
1353,1354,-0.010614999554700043,1,25.848999282912825,25.600461166318176,1
1355,1356,-0.0009568458386567438,1,25.62265123735935,25.62375696138489,1
1362,1363,-0.005227821694611909,1,25.94685294227299,25.837154274496744,1
1366,1368,0.008281991753352404,2,25.87732582686921,26.117518951793024,2
1369,1372,0.00742759646171457,3,26.10028209069271,26.320244735689982,3
1374,1379,-0.0042267661981810044,5,26.660223660858154,26.57419735231335,5
1381,1385,0.0007132701291741464,4,26.593006867166494,26.638567871476933,4
1386,1389,-0.002917185383268763,3,26.5870531868471,26.536080877093088,3
1390,1392,0.004022427461580341,2,26.63387908370908,26.76764580942751,2
1393,1395,0.007752518840750572,2,27.013667168661257,27.25010479951273,2
1396,1401,0.00044851849524816536,5,27.281403014526894,27.320920631369756,5
1403,1404,-0.002543501741472496,1,27.52658482202931,27.484097490419718,1
1405,1406,-0.0017525767638923427,1,27.432882710398516,27.412237360304086,1
1410,1411,-0.002957119863107367,1,27.19734401360543,27.14411555141264,1
1413,1414,-0.001299049621129918,1,26.945319576917186,26.937261589306484,1
1418,1422,-0.001692827848482782,4,27.105064378880275,27.08628523544367,4
1427,1429,-0.00213048822139518,2,27.807241980831037,27.775806221302222,2
1436,1439,-0.005326744460990245,3,27.931270638038885,27.81041916751733,3
1440,1441,-0.0004493767715228942,1,27.96082010012237,27.976215977156766,1
1445,1448,-0.016933653439957598,3,28.021192322157198,27.574712354721544,3
1450,1451,-0.0014519589353001931,1,27.581526292489098,27.56906057523199,1
1452,1454,0.0040828937426985535,2,27.7024878386113,27.84329664070336,2
1456,1458,-0.015097686819297868,2,27.925719475265463,27.532031427899604,2
1468,1472,-0.0007952941372808355,4,27.03271207157754,27.03824582622379,4
1478,1479,-0.002523688465479189,1,26.355933930362824,26.315775697836198,1
1483,1484,-0.0019371056214776898,1,25.90789988840444,25.883621449778335,1
1488,1490,-0.0013035068018349039,2,25.981090145876266,25.973204708297907,2
1492,1493,-0.006805883102050573,1,25.8279106364389,25.677956806513528,1
1502,1504,-1.603098674229594e-05,2,25.67493313919086,25.700196477817286,2
1511,1514,-0.001587900697052187,3,25.721520113430085,25.706398413826157,3
1518,1519,-0.0015580689663807568,1,25.731461029860384,25.717101099999983,1
1520,1524,0.004364456162852065,4,25.74145952553691,25.879548456729484,4
1526,1530,-0.015406014743779325,4,25.861868497368203,25.489302038493435,4
1531,1535,-0.0039219143064198846,4,25.361838074860707,25.287732957352667,4
1537,1538,-0.001608574398166373,1,25.27196156095556,25.256581692158118,1
1541,1543,0.0014953423264427962,2,25.595135440136644,25.659004064951453,2
1544,1545,-0.0021351966218871293,1,25.768694907083468,25.739442371674507,1
1546,1547,-0.0026227465742252347,1,25.746952967544363,25.705172187819542,1
1548,1549,-0.000411918683385882,1,25.68379679736655,25.698900958402795,1
1552,1554,0.0020751496823718783,2,25.847207178752765,25.926691209698706,2
1555,1556,-0.0030833446302682343,1,25.855554530619987,25.801688499926012,1
1560,1563,0.004441726089876091,3,25.685139303257795,25.824910795926435,3
1564,1565,0.0004830620001775364,1,25.881055333183607,25.919438542872744,1
1573,1574,-0.00023107452245008033,1,26.371467000826282,26.391744693683584,1
1576,1584,-0.0229061461880939,8,26.51085799490924,25.93010726410096,8
1588,1597,0.000603162336971817,9,26.129741296234517,26.171631513355457,9
1598,1600,0.00014169730784962414,2,26.04262595601855,26.072358751961872,2
1601,1603,0.0044516456543724145,2,26.071725804031793,26.213859614713332,2
1604,1606,-0.007161028890305601,2,26.24828066964753,26.086564254120983,2
1609,1610,-0.009300278764918849,1,25.665199420202423,25.45217111045751,1
1611,1612,-0.002105624074566199,1,25.346948362256413,25.318924165930316,1
1614,1616,0.002067676870477747,2,25.326376995513414,25.40407013643555,2
1618,1621,-0.0019468030130748814,3,25.581933187575647,25.55771213615337,3
1623,1624,-0.00684888860599438,1,25.524871160897014,25.37557903279457,1
1625,1627,-0.003391328384223391,2,25.307509565863747,25.24699099990489,2
1631,1632,-0.00880053539319135,1,24.86574246882191,24.671776364615884,1
1633,1634,-0.008811840332321883,1,24.41419048265779,24.223470724764375,1
1636,1637,-0.0034632548614951615,1,23.817398153225792,23.758729831436693,1
1640,1643,-0.021165525415960628,3,23.40855138186722,22.936505644025356,3
1647,1648,0.02341653626267953,1,22.276402354288678,22.820314940174207,1
1650,1661,0.11080648075696706,11,23.902541011217775,26.57500000283111,11
1664,1674,-0.01832208042055593,10,27.17695115143311,26.706189818002464,10
1675,1678,-0.03477208610717774,3,26.645774761223088,25.745891361594598,3
1680,1682,0.011779859612064947,2,25.896182886046116,26.227132467818144,2
1683,1684,-0.00031888375214626883,1,26.413377850338637,26.431368431153203,1
1685,1686,-0.003939271498223077,1,26.45780040920946,26.380033750560997,1
1688,1689,0.004706398994236787,1,26.56211024240847,26.713684241580555,1
1690,1696,0.03310152749699845,6,27.01489058542624,27.936139619553558,6
1697,1699,-0.011325435748886864,2,28.080454988712233,27.790512054926776,2
1701,1707,0.05544667994432044,6,27.867772721642712,29.440815969222342,6
1708,1712,0.022725857883963675,4,29.832288341055808,30.540084974589124,4
1713,1714,-0.0014692046959186276,1,30.666928256770607,30.65253919002313,1
1715,1722,0.03556559701071667,7,30.929467224325695,32.06042165860656,7
1724,1752,-0.060508434965366474,28,32.27901584952765,30.358142134100003,28
1753,1757,-0.006444574957417689,4,30.53365057957899,30.36740783027487,4
1758,1759,0.007993402424735136,1,30.450053845917736,30.72390343400893,1
1760,1762,0.016118973277384152,2,30.959440516899914,31.489434351791488,2
1764,1767,-0.025997527973716815,3,31.15939095427668,30.38048320725317,3
1770,1774,0.0870975859841329,4,31.401539683343426,34.167939525630935,4
1775,1776,-0.008663024296400151,1,33.73850899937115,33.47996998518465,1
1782,1798,0.01647294011019579,16,34.14335757898499,34.739942421123594,16
1800,1801,-0.0031847576296188253,1,35.04307672127646,34.96651609204433,1
1803,1807,-0.02292691745280447,4,35.089415052571454,34.320012345246525,4
1810,1813,-0.018318998217096667,3,33.68007143480611,33.096766337675014,3
1816,1824,-0.0737376514545788,8,33.3346994897538,30.910011736924965,8
1829,1832,0.016215310285780268,3,30.726281389854076,31.25524385790861,3
1835,1836,-0.01049782285026233,1,31.85348807822668,31.55094929129674,1
1842,1848,0.006044161682595336,6,29.97881334710993,30.18998895537932,6
1851,1855,0.012801128055903273,4,30.50153720516114,30.922492826031466,4
1858,1859,-0.004048722121598793,1,30.747085517300068,30.653346197508785,1
1863,1866,-0.0052481722116152815,3,30.835966138389907,30.70496964392249,3
1870,1873,-0.020581599266443207,3,30.313137577461475,29.719557864911064,3
1882,1885,-0.008858013842157383,3,30.535815568716455,30.295864707295916,3
1886,1891,0.029924919737820604,5,30.382786490683657,31.32237172431939,5
1896,1900,-0.013212997687389236,4,32.02033818909956,31.629273872846667,4
1901,1910,-0.0060981571742959465,9,31.749093370381686,31.587231502238083,9
1911,1915,-0.005067871667528355,4,31.511479417889312,31.383294763563377,4
1916,1930,0.03407411970934813,14,31.56227842693875,32.669297558784976,14
1934,1935,0.0008667121308495165,1,32.35730172826793,32.41770349592564,1
1939,1942,-0.005318754617333397,3,31.675949661040875,31.539149007183834,3
1948,1952,-0.020873731979053674,4,31.379472158241317,30.755844938924252,4
1953,1956,-0.0031367266842988184,3,30.726409098128673,30.66075515989602,3
1957,1962,0.04789650114389181,5,30.79313985976291,32.29881665813983,5
1965,1974,0.02507807360706769,9,33.20687128721816,34.07284252090666,9
1978,1979,-0.004150851823325678,1,33.906976944231296,33.8001410841031,1
1982,1987,-0.007703095042566561,5,33.57839085464686,33.35331170937172,5
1988,1990,-0.0047304581937920405,2,33.49394907467494,33.36900129790686,2
1992,2000,-0.0029078587014231896,8,33.2994445156609,33.23591388068914,8
674,677,-0.011484644186281923,3,27.114536790182296,26.830250519661384,3
678,679,-0.005566619098327314,1,26.73641277456391,26.614317761366824,1
680,681,-0.00831966982128747,1,26.529713674222098,26.335524929673497,1
682,684,-0.0023840332502484663,2,26.242019364778802,26.205699537424284,2
685,693,0.0212235899537406,8,26.13046299421884,26.71117568910375,8
694,696,0.004365146724867217,2,26.81263215717863,26.956485862781786,2
699,701,-0.006640565084142779,2,27.090074433726052,26.937271105748348,2
702,708,0.024270857681290527,6,27.04275373400176,27.726147314923907,6
709,712,-0.01560506359835228,3,27.70090904961448,27.29633551121269,3
713,716,-0.012651776396936473,3,27.335083431547233,27.01658115161124,3
721,723,0.0004777482238917292,2,26.757719639283344,26.797260811955688,2
727,732,-0.016436830716373894,5,26.363772572475547,25.95679947822926,5
734,746,0.007057270441478772,12,26.14171225488012,26.352343100321008,12
750,756,-0.003227582955587099,6,26.377496673884373,26.318738611882573,6
757,760,0.007702798352207214,3,26.30474406185491,26.533668945131655,3
763,767,0.0008035986655473496,4,26.919415195356226,26.967967016679886,4
768,770,0.000775795032297895,2,26.98128068524854,27.02919390945444,2
774,776,-0.00391004425253228,2,27.253938830329883,27.174628662277815,2
778,780,0.007200745935949581,2,27.484460149767735,27.70985322464271,2
785,787,0.00475300007396449,2,28.022434987665,28.183648058221703,2
789,790,-0.007838895547811031,1,28.18020733493511,27.98748584045583,1
794,803,0.013907998581657914,9,27.71479109579749,28.127963162144585,9
804,807,0.002583885015829723,3,28.41664122172765,28.51848319640241,3
810,816,-0.004859579144834124,6,28.66972266191173,28.559069598237638,6
817,819,-0.0032807501003098956,2,28.46889181214333,28.403961384287072,2
827,828,-0.002215640874504917,1,28.52000773489163,28.4853376477479,1
835,841,0.016501843977913454,6,28.19087404292646,28.68426632202677,6
843,846,-0.0036241175986290656,3,28.68676632261696,28.611488874262022,3
850,854,-0.008255287617215973,4,28.276968748107368,28.07181120689682,4
856,859,-0.008484147654725688,3,28.119256421380918,27.90880775438221,3
864,867,-0.007929010187544196,3,27.89339483975233,27.700121222742492,3
869,872,0.007012792467473887,3,27.65108081139263,27.87264318343567,3
874,881,-0.027257257549032285,7,27.937073156997062,27.203522231947634,7
887,891,-0.004070794817404191,4,27.208277896421215,27.124726857666392,4
892,894,-0.0024013421588114665,2,27.034123265310658,26.996239208652472,2
898,899,-0.0046579482602110926,1,27.373197856417438,27.27306811494214,1
900,903,0.002596836823509413,3,27.35881201338756,27.457217195884784,3
904,916,-0.002746805122963346,12,27.499011810856715,27.45097639614908,12
917,921,-0.0017947989675464364,4,27.358367146565875,27.33662274460403,4
922,923,-0.005301296768345263,1,27.251671342350733,27.134453816473872,1
925,928,0.0013446794841391438,3,27.13238946176517,27.196006218691846,3
938,939,-0.0033410384862016104,1,27.175764347777964,27.11214483754787,1
945,947,-0.010553774660893404,2,26.53368335381134,26.28018652212553,2
948,949,0.0032125306441674727,1,26.49284479422852,26.60444671477538,1
951,952,-0.0045322391131933076,1,26.712401234642822,26.618046646194504,1
958,965,-0.01502513621907961,7,26.811120923948465,26.435091300803872,7
966,967,-0.0014527248514055995,1,26.427946739165446,26.415982150905002,1
975,978,-0.0028934595273121845,3,26.19223073921247,26.14263681037775,3
979,980,0.00012841101752407457,1,26.100626967845827,26.13007920288063,1
981,983,-0.010367560455933567,2,26.107288892736367,25.862727285693136,2
984,985,-0.002784726262087386,1,25.77154471831622,25.725549565642883,1
987,995,0.012879989555805459,8,25.958699520260147,26.31900599848365,8
996,999,-0.003791433006199922,3,26.28049868337544,26.207138431931273,3
1002,1006,0.0021240911947845186,4,25.95737025941061,26.038463451277796,4
1013,1024,0.04591657177836334,11,26.47300242094251,27.715024939213446,11
1028,1029,-0.0017465208550174474,1,27.636110054129038,27.615479121622073,1
1030,1031,-0.0036557018860977606,1,27.787798350665522,27.714002242175155,1
1033,1036,0.0038360574854216503,3,28.13710471339775,28.27317736926507,3
1040,1041,-0.0018615143312015262,1,28.46635651769741,28.44183234360032,1
1047,1048,-0.004502536962310146,1,28.18048824718541,28.081785045483695,1
1049,1051,-0.009361281539755618,2,28.01843908641928,27.784169028913237,2
1052,1053,-0.00013862305745469285,1,27.78479933708394,27.80873252258615,1
1056,1061,0.03246353383691525,5,28.126181634559398,29.0673830653907,5
1072,1073,-0.0029508265786629263,1,28.772928535632136,28.716797541898856,1
1075,1076,-0.0010167435241664631,1,28.671898948280568,28.67141887964763,1
1082,1084,-0.013135245530137143,2,29.17382496560934,28.819793436598427,2
1085,1086,-0.005585035616657724,1,28.70661036136576,28.574989530425384,1
1093,1099,-0.020627651391612822,6,28.277310488550206,27.722293295988546,6
1100,1103,0.004293772648744424,3,27.810615723466483,27.957838800328112,3
1105,1108,0.005557893334326538,3,27.960684793297197,28.144047981726366,3
1109,1110,-0.00063823913411593,1,28.239121051526325,28.24933686040973,1
1118,1124,0.012078560969596457,6,27.16990973295132,27.525253053932158,6
1126,1128,0.001709564266365391,2,27.57918499837511,27.653912572542186,2
1133,1139,0.008796687365326454,6,27.569106367465444,27.839192283488934,6
1140,1141,-0.0009968120710114492,1,27.875469406748337,27.87555827176533,1
1145,1150,0.006018382236552791,5,28.235195179259126,28.43336057155084,5
1154,1160,-0.016464886144597287,6,28.711633901171098,28.267611751864127,6
1165,1168,-0.005037594992809022,3,27.992430773113693,27.879408674787616,3
1171,1175,-0.018329040998298872,4,27.70788013460391,27.22772914377541,4
1186,1187,0.002922281249597333,1,26.660559755910874,26.765129969545253,1
1188,1193,0.010865493214246326,5,26.789631115702296,27.107503301917824,5
1196,1197,-0.004320373839549679,1,26.986062236667763,26.896458421584672,1
1199,1209,0.015770518751507805,10,26.84403037041756,27.294218685110692,10
1212,1214,-0.0026042400595124486,2,27.674887374402388,27.630490211433877,2
1216,1217,-0.001062212615602298,1,27.472842658673475,27.47113350127365,1
1222,1223,-0.0017826482397061577,1,28.024953619798303,28.00301993917992,1
1232,1236,-0.0014129127915007082,4,27.666954301275474,27.655530261942612,4
1239,1243,0.0035052538719140105,4,27.485526408375513,27.60935568264844,4
1246,1247,-0.007683164811545855,1,27.48913565446382,27.305421230358096,1
1250,1256,-0.016578752273994475,6,26.86039890393196,26.44194740342693,6
1264,1265,0.0008625397308412194,1,26.846332829460245,26.8963351909825,1
1267,1269,0.00258247976764643,2,27.006278794648146,27.103028242029392,2
1273,1276,-0.01251063288896417,3,26.88984148219375,26.580322388449776,3
1279,1280,0.0024146983740107966,1,26.52718543503212,26.617767772004207,1
1281,1299,-0.026212774969150823,18,26.597580283219813,25.92698147681507,18
1300,1305,-0.03262648846250268,5,25.954141786120267,25.133303420367376,5
1309,1310,0.004352976350150645,1,25.601293380084485,25.738336498081345,1
1312,1313,0.0016036083315591047,1,25.984271169218296,26.051924034123964,1
1314,1315,0.00436527163331159,1,26.293662731198793,26.434735373986356,1
1316,1317,-0.010304053970559102,1,26.580308655137152,26.333004028855637,1
1319,1325,-0.02032397671763623,6,25.77146707208527,25.273459842404964,6
1326,1327,0.0002990801793466076,1,25.344180456032117,25.37710457852433,1
1328,1330,0.005481588311836149,2,25.34187591216681,25.506131518879112,2
1335,1346,0.01221404918721616,11,25.996453076760176,26.33997148640964,11
1349,1350,-0.003570691254592207,1,26.328887734414742,26.261204292972742,1
1352,1354,-0.015326295657657966,2,26.057323522264678,25.68401860143747,2
1358,1362,0.004369272091203202,4,25.739467781319608,25.87766998732027,4
1363,1365,-0.0022463622874726833,2,25.84467847493506,25.812466642352042,2
1366,1368,0.005396487273280466,2,25.86628384981741,26.031737205269827,2
1374,1380,-0.007658143837279075,6,26.695812747262003,26.518068186137665,6
1381,1382,0.0013171472034568341,1,26.587783803062173,26.649391611947554,1
1388,1389,-0.0007548680456099003,1,26.505005087254357,26.511502310952515,1
1395,1396,-0.004336853319985152,1,27.292010684850464,27.20094124838765,1
1398,1399,-0.0017613756896091217,1,27.368591826849336,27.347754046373538,1
1404,1405,-0.0022673715996061813,1,27.518148718740427,27.483272998580556,1
1409,1410,-0.0020177652651140352,1,27.19850721492353,27.170825519017228,1
1411,1412,-0.004442781188138668,1,27.143780606765326,27.05033050951739,1
1413,1414,0.00360616755553161,1,26.93092400503998,27.054972353432483,1
1416,1417,-0.0023777040697364445,1,27.094454240335462,27.057126100461264,1
1419,1420,-0.007002817362711373,1,27.04511053947454,26.882763680351733,1
1423,1427,0.019561182167827148,4,27.219605264487647,27.779272526867125,4
1430,1431,0.0007819509240668044,1,27.87992348051547,27.929604135924485,1
1435,1440,-0.00032048705176567806,5,27.929952274375324,27.94893103858933,5
1443,1444,-0.0027524412365072925,1,28.079703207284837,28.030495177475505,1
1445,1449,-0.01691408685389363,4,28.015654447771507,27.569810889621,4
1451,1457,0.00814139685668595,6,27.57236720013965,27.824417150994396,6
1460,1462,-0.008439638731533975,2,27.469893533610374,27.265527449726612,2
1463,1465,-0.00875698961715614,2,27.16086401312479,26.95017747298199,2
1466,1467,-0.0003410262359768824,1,26.979352674052418,26.997131359634945,1
1471,1472,0.00027426305966071545,1,26.999568427886963,27.0339729805614,1
1474,1475,-0.0078108625427719,1,26.96548488604622,26.781826675088166,1
1479,1484,-0.01827043304667421,5,26.369043795053667,25.913638989686373,5
1486,1494,-0.016561346028405075,8,25.93637918000604,25.532774208862044,8
1499,1500,0.0019437368844259918,1,25.63627480443929,25.711741252160397,1
1503,1504,-0.006519700181791378,1,25.857645779419922,25.71491932731056,1
1506,1509,0.006148862906694442,3,25.630598621539967,25.813828257301868,3
1511,1512,-0.00540590500020027,1,25.749484031990338,25.636034251541215,1
1516,1517,-0.0036653521518438224,1,25.772830961180173,25.704137290718684,1
1525,1533,-0.021790356949995728,8,25.918957335224476,25.38009296045345,8
1534,1537,-0.005695824935125557,3,25.388108870297934,25.268890755609107,3
1541,1542,0.002077047514540251,1,25.56596378917468,25.644631474508987,1
1543,1544,-0.00065253933428588,1,25.730787651153236,25.739728087759854,1
1548,1553,0.007515085829224675,5,25.69206836315355,25.91083853039611,5
1554,1557,-0.005174764383419833,3,25.87216163819478,25.764151459265562,3
1563,1567,0.012948921294450657,4,25.81825715271424,26.178393989697337,4
1569,1571,0.0019514522557293112,2,26.22269451943422,26.300089550324905,2
1572,1573,-0.0018499175423128777,1,26.350832798803406,26.32843676375315,1
1576,1577,0.00025161148082521287,1,26.48525739994114,26.518406652175518,1
1579,1585,-0.019062538828586578,6,26.35759188287923,25.881506856066686,6
1586,1588,0.002391687883765278,2,26.006196123496558,26.094401023791445,2
1594,1595,-0.002923192861766375,1,26.445953962240985,26.3950932923582,1
1600,1601,0.000969721910800875,1,25.990389889034386,26.041583729469075,1
1606,1608,-0.01162879908936323,2,26.082993535912195,25.805762637969824,2
1614,1616,0.0032193280747050386,2,25.28964956278964,25.39635489118937,2
1625,1635,-0.05854122726121983,10,25.399270760153822,23.937765549074555,10
1639,1640,-0.009204799790455801,1,23.586193282288562,23.39267328858839,1
1642,1658,0.07943452292722375,16,23.156234093958222,25.018794736096865,16
1659,1665,0.07591259362514599,6,25.49797869764314,27.459094371477597,6
1667,1669,-0.028681948480772726,2,27.57926721342581,26.81581935928629,2
1673,1674,-0.006930137411454989,1,26.877432337401217,26.718045470373344,1
1675,1677,-0.022044419948512767,2,26.669169396495594,26.107932196037716,2
1678,1680,0.00355347611811429,2,25.753412673985043,25.870680223555976,2
1682,1691,0.030081336523835447,9,26.29040171417986,27.107542537205106,9
1694,1696,0.008423128774511568,2,27.72636844565354,27.98763758596649,2
1697,1701,-0.011762819228008738,4,28.087576907108367,27.785275394304367,4
1702,1716,0.11087405475207829,14,27.657977164024242,30.75218721560402,14
1718,1730,0.04844710606341886,12,30.37672327595185,31.878764333636965,12
1731,1741,-0.027034914755302505,10,31.774406025170705,30.947162072905016,10
1742,1743,0.006241781972252141,1,31.167385152362755,31.393092560281374,1
1744,1751,-0.02823476621770995,7,31.154242677125612,30.305764161124294,7
1753,1760,0.014143873222052458,7,30.53349050446772,30.995885813694123,7
1761,1763,-0.0016751815764150173,2,31.316500276481634,31.295355952457157,2
1766,1774,0.11220208491661739,8,30.650783675689127,34.12051629210536,8
1777,1792,-0.05537885462853597,15,33.5160582489071,31.693493389668237,15
1795,1804,0.07484326233879565,9,32.80054053585321,35.288240536568225,9
1806,1808,-0.012451575303667927,2,34.58039333116718,34.18439335290486,2
1813,1816,0.0029286499582445186,3,33.154379279354565,33.284631230126024,3
1817,1821,-0.03789828719050248,4,33.08332973276542,31.862611531067753,4
1825,1826,-0.025172557742954633,1,30.60398623761634,29.86420961312297,1
1834,1835,-0.007671774675349644,1,31.99882533291945,31.78533638042234,1
1843,1845,0.002533427438780265,2,29.83937808424416,29.944813361523167,2
1847,1853,-0.0054630123049610796,6,30.30207465686217,30.166836124802746,6
1854,1855,0.01516598036457394,1,30.42213613364844,30.913939789033396,1
1866,1870,-0.014097664171798845,4,30.734145380646893,30.331599865843938,4
1874,1878,0.0018216440876163247,4,29.674202582468194,29.757932620739744,4
1880,1881,0.009439961592481439,1,30.003730152423326,30.316967942845803,1
1882,1885,-0.006301843338615598,3,30.48939391323724,30.327743923219916,3
1886,1887,0.007380727483612663,1,30.369066031886153,30.62358089823123,1
1890,1894,0.020064114598441037,4,31.333147383193015,31.993152390402436,4
1896,1905,-0.0066965145521954966,9,32.042403697856194,31.859873678904034,9
1908,1913,-0.02917000492701494,5,31.902981073886828,31.00427393984897,5
1914,1924,0.05283188259195288,10,31.2923405780108,32.97686618203368,10
1925,1927,-0.008063105698023765,2,32.77574630342383,32.544247742951136,2
1928,1929,0.0007467790809053472,1,32.54312382001797,32.59996946793409,1
1932,1934,-0.005139696883219467,2,32.50551656858147,32.370953582955075,2
1936,1938,-0.013606575221688226,2,32.309576999303935,31.902263886481283,2
1940,1943,-0.00700973148502522,3,31.659598121107525,31.46933243747586,3
1947,1948,-0.0027854996542645708,1,31.38425148457831,31.328214914403244,1
1955,1958,0.008850479830094068,3,30.625263380186766,30.926936919404614,3
1959,1960,0.007794513410179582,1,31.356689549224804,31.6324563759643,1
1972,1973,-0.0024717759958800293,1,34.25570469776153,34.20528797386541,1
1974,1975,-0.009462531509153705,1,34.14112127209985,33.85220095757687,1
1977,1978,0.00044504830407666616,1,33.83885498166871,33.88775376167187,1
1981,1982,-0.007480488912173669,1,33.69271574096122,33.4743704701809,1
1988,1989,0.002542920555088855,1,33.42374635720244,33.54216403519945,1
1991,1992,-0.00222410747836985,1,33.31939334984629,33.27860683127199,1
1993,2000,-0.007200921307162936,7,33.423204123713525,33.215949465109134,7
675,678,-0.013783328053093374,3,27.078885559677754,26.73272728225622,3
679,700,0.008893323274372048,21,26.636756635139132,26.90028267951134,21
702,707,0.025325601392487653,5,27.016022802060238,27.727235849557633,5
708,709,-0.0035680501217866148,1,27.786602210286162,27.715244823096,1
710,713,-0.01504218344720493,3,27.696551988935777,27.307631925052092,3
714,718,-0.025505303306664555,4,27.426327561677756,26.75423708619091,4
719,720,-0.00423814565948079,1,26.682658779892265,26.59625644418075,1
721,724,-0.00681643882480287,3,26.74727589322832,26.591701999265233,3
725,726,-0.005557590658942385,1,26.487703982999477,26.366983870749728,1
727,729,-0.007731830756452062,2,26.30084006371707,26.123787259655614,2
730,731,-0.0021296162573813575,1,26.03318260968346,26.003775103376185,1
732,733,-0.0006087499496793146,1,25.934991913267652,25.945138980158784,1
736,739,-0.001687135410531999,3,26.537557107341648,26.51932221214418,3
741,746,0.0016754108354914347,5,26.269253350869462,26.339534395924648,5
748,749,-0.0025501371866526877,1,26.34271651035562,26.301881685895466,1
750,762,0.01770294309312433,12,26.334192205085802,26.82671910330092,12
768,769,-0.004510981609548343,1,26.985303959937834,26.89055905400642,1
771,773,0.003012328564319563,2,27.111074058698275,27.219852595553373,2
776,789,0.029976440724378484,13,27.268846956035564,28.113538777391348,13
790,795,-0.015148437259907475,5,27.961768427648074,27.566153101373434,5
796,797,0.0040854316704649835,1,27.698859035839373,27.839719690815976,1
799,800,0.00013038563295097267,1,28.124547514283766,28.15633909872716,1
801,803,0.0035507258080962724,2,28.0858988079951,28.213710032544224,2
811,816,-0.004757595058001995,5,28.656741824368883,28.549061392911195,5
818,819,0.0002442248076488943,1,28.420367667303424,28.455728993797585,1
820,823,-0.0008432658604577732,3,28.51678172475205,28.521251277998193,3
829,830,-0.0036045180606658392,1,28.269695558582804,28.19606662593095,1
831,833,-0.0084548035052402,2,28.127217196973195,27.917534319620547,2
835,838,0.010657272148564191,3,28.230350592612073,28.559439472319532,3
839,845,-0.004113304799648495,6,28.681123450612183,28.59183037131408,6
850,855,-0.0054049042640254,5,28.25292038756407,28.12846897807772,5
864,865,-0.0056867683983793296,1,27.942889523723885,27.81192767214469,1
866,871,0.006118870160344826,5,27.693244227909716,27.890388837886924,5
876,883,-0.021990222974560956,7,27.70747821048206,27.12589206478125,7
885,888,0.001940392386904044,3,27.140444913200287,27.22024847080025,3
889,891,-0.004642481318761693,2,27.23640274811978,27.137194659919484,2
893,897,0.009631738847890054,4,27.03962746800857,27.327105725792673,4
901,904,0.006145637571759944,3,27.355454945725103,27.550927112377863,3
906,907,-0.0019713329233096463,1,27.60811624315018,27.58129957089265,1
914,915,-0.0074253382204637905,1,27.729197161101062,27.551027690759064,1
916,918,-0.008127353671931573,2,27.553985205030312,27.35759820740289,2
919,920,-0.0040757195323834535,1,27.343147582284562,27.259047729188886,1
924,931,0.0037717434915153685,7,27.156514230513128,27.286098150544824,7
932,937,-0.0017255715099758159,5,27.265564754065117,27.245781637076167,5
938,939,-0.002647913451929886,1,27.200022536916414,27.155199253885034,1
941,943,-0.01203855644085083,2,27.00016610487622,26.702123247415198,2
948,950,0.005410810870369184,2,26.502718415213515,26.6726223305241,2
952,953,-0.0022534807075262216,1,26.64923893528116,26.61583462840553,1
954,955,-0.003604428740577315,1,26.663550480074186,26.594107162878046,1
956,959,0.0005132473022383172,3,26.701501606059395,26.741907581330477,3
960,963,-0.009832362758434226,3,26.799810959301993,26.563105307051977,3
965,966,-0.003967971156322089,1,26.458018707382788,26.379492071005846,1
968,970,-0.0049950810991098845,2,26.459441440425202,26.353733826033555,2
974,977,-0.00567703216369568,3,26.21021011552977,26.087624119802214,3
984,985,-0.003063156360523675,1,25.7593313612876,25.706185832946723,1
987,992,0.013709419942297817,5,25.97550170393716,26.357586266712243,5
998,1003,-0.01396614508100243,5,26.23623012183787,25.896047355699555,5
1005,1006,0.00013571901764931676,1,26.039170642778256,26.068743824081075,1
1011,1014,0.010890488857493587,3,26.307270351849553,26.62007665683929,3
1017,1018,-0.0010417316227508764,1,26.947305412900555,26.94618085811691,1
1020,1024,0.011903385525517337,4,27.341671595141396,27.69447172464559,4
1025,1029,-0.0063005826366036525,4,27.76333723058154,27.61617536732295,4
1033,1038,0.009762555142865056,5,28.092869225346927,28.39522027950602,5
1039,1044,-0.0033310615176746433,5,28.471522518781914,28.405153648288774,5
1046,1049,-0.015913742901103155,3,28.4042225330502,27.980609260886567,3
1051,1057,0.011661287667153637,6,27.854406935282434,28.207079594288004,6
1058,1059,0.0008458382367420077,1,28.349103867167603,28.40143172706299,1
1062,1063,0.005058942974247089,1,29.376347011496375,29.554336622830725,1
1064,1069,-0.007921682388599704,5,29.481597196178747,29.277534944078166,5
1071,1072,-0.008388391366084833,1,28.959289110828507,28.745326549194107,1
1074,1076,0.000610966272969873,2,28.651151908903948,28.69730794831093,2
1087,1090,-0.0005985348823060945,3,28.452468390911154,28.463891064482393,3
1094,1097,-0.006474100300518267,3,28.054336037238663,27.900763787906374,3
1099,1101,-0.0013688789448721575,2,27.797358794165728,27.787104933783503,2
1102,1105,0.0003087411459579974,3,27.90129646123354,27.937812035937927,3
1106,1108,0.005205586134679942,2,27.979493140895375,28.153122295585888,2
1110,1115,-0.03674864914469913,5,28.271566411664224,27.26089610324258,5
1118,1119,-0.003750907844558838,1,27.21094566321172,27.136090859328927,1
1125,1126,-0.0022701166886903257,1,27.584639831000736,27.54960411959987,1
1129,1139,0.0056707304082109205,10,27.669470772647283,27.854046352709485,10
1140,1141,-0.0002273260301852468,1,27.819422008540894,27.840917351782185,1
1144,1147,0.0003196163888065063,3,28.23078045767363,28.268034258234376,3
1150,1161,-0.011088026243100284,11,28.517519120915697,28.229833639635785,11
1162,1163,-0.0005924605087091303,1,28.137900727736124,28.1493680334847,1
1164,1165,-0.0071204703928914375,1,28.116063696902067,27.94398016148053,1
1169,1172,-0.0033597073747152176,3,27.78340148290117,27.717840785527294,3
1175,1179,-0.011897780844794092,4,27.24934041934859,26.95238307929334,4
1180,1183,-0.009118099903985818,3,26.86672849656432,26.64862171053595,3
1185,1187,0.0021917566997237824,2,26.668256550332273,26.75337513684675,2
1193,1196,-0.008869099464479686,3,27.137595564518886,26.924047125794864,3
1205,1212,0.025528346161875708,7,26.9565465763342,27.67165917523992,7
1223,1224,-0.0017514018531708839,1,28.010888206741953,27.989840773434445,1
1226,1227,-0.007009045331969989,1,27.775219274177598,27.608316722453658,1
1229,1234,0.0044003527528954775,5,27.608284236573688,27.75737871035339,5
1238,1240,-0.007205433834531016,2,27.53749022393511,27.366608150381435,2
1246,1255,-0.033385920498231685,9,27.510983129975216,26.620014617499645,9
1256,1266,0.015876084981503672,10,26.471580681412267,26.91831732658651,10
1267,1268,0.0003203632456821237,1,26.982314492734123,27.017940949073765,1
1271,1272,-0.005322745626107978,1,27.019354471733124,26.902556675370178,1
1274,1276,-0.010055008491997284,2,26.78849737252407,26.545927301328017,2
1277,1281,-0.0016353904129332247,4,26.572131008607755,26.55524733131368,4
1282,1286,-0.014986917858545053,4,26.41560949530879,26.046136535114503,4
1291,1298,-0.006714888397113634,7,26.187144326310307,26.037487719046336,7
1301,1305,-0.02825580564994554,4,25.8529368560563,25.148294233627315,4
1306,1315,0.04516624105838194,9,25.236926242820278,26.402020263318924,9
1317,1320,-0.028601401825734226,3,26.340576845727988,25.61353999988742,3
1326,1327,-0.004224820260709721,1,25.408306823533476,25.326369600898616,1
1328,1330,0.005315981504600679,2,25.307215894988374,25.467055802514057,2
1332,1333,-0.0008301134256999793,1,25.890110403510867,25.89450878567557,1
1339,1340,0.0012872834030574504,1,26.199631374052,26.259557356060093,1
1346,1351,-0.009881718324372103,5,26.36844348509293,26.13424639740621,5
1353,1358,-0.0043085684614013915,5,25.81643505879734,25.731019615975985,5
1359,1367,0.005702038815445054,8,25.77408512972596,25.94682404869797,8
1368,1375,0.022832888380603128,7,26.083221609941894,26.704860119178175,7
1379,1386,-0.0004296395763663224,7,26.545049322575643,26.560189568152644,7
1387,1388,-0.0021671284874945785,1,26.507059986145364,26.476122841315807,1
1389,1390,0.0016877543052088292,1,26.51694442034929,26.588215451876067,1
1391,1392,0.0027991086854115255,1,26.67566183624831,26.7770055748195,1
1393,1394,0.005291508162984416,1,26.98439439849647,27.1541669361278,1
1395,1396,-0.005068135026179662,1,27.301530841540377,27.190464527655582,1
1397,1399,0.0012216091247992385,2,27.275657447858112,27.336253297329172,2
1401,1402,0.0008106402792046555,1,27.345754784667474,27.395268109745846,1
1404,1407,-0.00675871838193582,3,27.46994903892974,27.311757338448416,3
1411,1424,0.0061755816073114835,13,27.1218332165262,27.316448144111273,13
1431,1435,-0.0022701941623014246,4,27.955649881527663,27.920140778244804,4
1437,1438,0.00010589941060535463,1,27.80754263261703,27.838294977624823,1
1442,1449,-0.01862715656558026,7,28.059215511481288,27.56461132655305,7
1451,1453,0.007163580353571434,2,27.554436300063692,27.779379154896628,2
1465,1466,-0.0002230651852438894,1,26.95366158169943,26.974602819767405,1
1467,1472,-0.0003087229832376872,5,27.029643029911362,27.04832800090923,5
1477,1478,-0.0077844797437743776,1,26.487490658529726,26.307786814693518,1
1484,1487,0.003927841987872521,3,25.91407204643601,26.041772498743192,3
1494,1496,-0.00892764973147735,2,25.564611343509288,25.361944059256594,2
1497,1508,0.010373441429726828,11,25.43660567482828,25.725907419641995,11
1510,1512,-0.0021306251312309733,2,25.779408128761084,25.750261282062446,2
1514,1518,-0.003109832974586543,4,25.7524200107847,25.698086705870544,4
1520,1521,-0.0019126020294410048,1,25.733137048246725,25.70965293515261,1
1522,1523,-0.001563325156494723,1,25.848390677935242,25.833829629211458,1
1525,1530,-0.018161236122681588,5,25.893827828116628,25.449457734638255,5
1532,1533,-0.0020979848165137314,1,25.387719627454683,25.35984429677783,1
1534,1535,-0.004779685346503743,1,25.37594553962185,25.280032450112063,1
1542,1544,0.0027051740258927535,2,25.622560561701825,25.717496607571906,2
1546,1553,0.005985123286313275,7,25.748942372062015,25.928801909023043,7
1556,1558,-0.004062892241385034,2,25.818578545653722,25.73949902174265,2
1561,1562,-0.0004641466176736912,1,25.765450397061613,25.77925690080404,1
1563,1576,0.02168124839074427,13,25.842026700585237,26.428156127101456,13
1578,1583,-0.020554441267772023,5,26.442732437275264,25.925659578871155,5
1584,1593,0.015513435896951911,9,25.941181728547193,26.369559770112737,9
1594,1596,-0.00881344827351356,2,26.439126071195233,26.232545327241045,2
1598,1601,-0.001410625734338696,3,26.064807826960312,26.05410494610597,3
1605,1608,-0.01527962206270271,3,26.18286239601191,25.80898101647711,3
1611,1618,0.0058802868704247065,7,25.344548745879294,25.518926511852406,7
1620,1623,-0.0041292446046181435,3,25.60123505465174,25.521122527985412,3
1625,1628,-0.0054499842530116435,3,25.330590188558467,25.21786946109989,3
1629,1635,-0.04635752648406158,6,25.095122144292198,23.956869477011704,6
1636,1637,-0.0052861136844906,1,23.834770285782966,23.73261175069438,1
1639,1640,-0.00864864929405455,1,23.559957223078836,23.37975537289658,1
1643,1651,0.043902416568224654,8,22.927820472076334,23.957335017914975,8
1656,1657,0.009541686855263774,1,24.629027137036534,24.888658628664967,1
1658,1667,0.0987178148403228,9,25.065475310125496,27.564949735985273,9
1668,1670,-0.02574623639232767,2,27.397489332829227,26.71950458524276,2
1671,1672,-0.0010250160125609153,1,27.069838283143397,27.069161103728884,1
1676,1681,-0.014751696919685885,5,26.400594167585204,26.037541198092946,5
1683,1684,0.0027473976559735957,1,26.36361764456878,26.46241260353302,1
1685,1687,-0.0010994106004321262,2,26.511624730808933,26.508989194276012,2
1690,1692,0.010120758097142829,2,26.99000607439395,27.2901554029877,2
1694,1700,0.0005005471845142457,6,27.758092781084027,27.799745109054168,6
1701,1707,0.0591821980710138,6,27.796944586721963,29.46982581160906,6
1708,1715,0.03524374916020396,7,29.82299318871411,30.903890273052337,7
1718,1721,0.03504098005423209,3,30.281832959347035,31.37321989704045,3
1725,1728,-0.01639593260871657,3,32.41712178949417,31.918029967054558,3
1730,1736,-0.03403826528275871,6,31.945295125646574,30.889877990749444,6
1737,1744,-0.0017904799602637914,7,31.14556002309694,31.12094008204749,7
1747,1751,-0.007761529166662517,4,30.41749144217046,30.211822686607515,4
1752,1753,-0.00039834402029472957,1,30.43465914800174,30.452970342668426,1
1754,1757,-0.0053526558631512445,3,30.485763380955426,30.35306934423267,3
1759,1760,0.007517887050700354,1,30.715081212970272,30.97670880549544,1
1761,1767,-0.029115481807257714,6,31.28062561075231,30.401155750473563,6
1768,1771,0.0687912656061892,3,30.400984805784557,32.52270801105479,3
1772,1774,0.016643733272670002,2,33.485948401016266,34.07676554298619,2
1775,1777,-0.011120990139687259,2,33.82658120555077,33.48422271071006,2
1778,1779,-9.238120522077299e-06,1,33.60807233048303,33.64136992739081,1
1783,1786,-0.059221077251620124,3,33.93343178945635,31.95779083582983,3
1789,1792,-0.006810300203864048,3,31.883859872883527,31.69860507536414,3
1793,1795,0.005087359470164701,2,32.55166882707526,32.74982253657942,2
1797,1800,0.027721517884366782,3,34.0527354550974,35.03078170548259,3
1801,1806,-0.01110875738334505,5,34.99679030507126,34.64301624268149,5
1810,1814,-0.014451308409533285,4,33.71857478070196,33.26501583219682,4
1815,1816,-0.011120050067890255,1,33.594199539744295,33.25422455841139,1
1817,1825,-0.07319676987949618,8,32.95540953473975,30.57613541627559,8
1826,1828,0.0181889026399938,2,29.887705901732396,30.461218180413507,2
1832,1834,0.021431705242119247,2,31.257394832220346,31.958551499733254,2
1835,1837,-0.0223513626770368,2,31.863781524605347,31.183446369011634,2
1844,1852,0.015354725415595908,8,29.823536562907453,30.31129231431579,8
1855,1857,0.00040677851567089227,2,30.92598891789008,30.969494934675645,2
1858,1859,-0.00404352753521612,1,30.79504517331517,30.70131960538196,1
1860,1866,-0.004029239454802633,6,30.825711308812043,30.732332847893034,6
1874,1877,-0.002817407116226373,3,29.68671875254298,29.632765898624697,3
1879,1880,0.002403993846378019,1,29.827214006762453,29.928745659696073,1
1882,1883,-0.0023411918240479326,1,30.52143821628076,30.4805031128869,1
1894,1895,0.002100276378488215,1,31.939776700207627,32.03879883544547,1
1900,1901,-0.002769861341045458,1,31.74189670248299,31.685717946617807,1
1903,1904,-0.004418606527822831,1,31.97502089370303,31.865710878548544,1
1907,1911,-0.018187818395983876,4,32.07767724809676,31.52633195699149,4
1912,1913,-0.00889128959428185,1,31.287890972360497,31.040989163903284,1
1915,1916,0.0009594252119180789,1,31.404696076759848,31.466231230025276,1
1918,1924,0.0530389997823747,6,31.385442883792415,33.08148082495941,6
1928,1929,-0.0001061742039448005,1,32.59449767768506,32.62363148051884,1
1930,1932,-0.01042330468615809,2,32.77296068147397,32.46413108750496,2
1933,1935,-0.005729534540377966,2,32.54072899650004,32.38682649474202,2
1939,1948,-0.012099284572254544,9,31.707613573006196,31.35568174685232,9
1950,1952,-0.013961510840653488,2,31.183076762774355,30.778896975268726,2
1953,1958,0.0031875433578467437,5,30.76779375799698,30.89663522838388,5
1962,1969,0.06286102232088082,7,32.34995020090702,34.41585109276652,7
1973,1982,-0.022167296023843645,9,34.24155677973222,33.51675561105838,9
1987,1993,-0.00017397499780488995,6,33.407062083356166,33.4346571518869,6
1995,1997,3.220037689326445e-06,2,33.78449148255794,33.818384761376386,2
1998,1999,-0.018628967205575997,1,33.79913841272766,33.20329451007296,1
672,679,-0.015687575559151925,7,27.02959373020077,26.632594529955266,7
681,690,-0.0002982002416100929,9,26.327515073421864,26.3459917171394,9
693,700,0.009942484503216775,7,26.703558287685194,26.995761560428935,7
702,703,0.005426752096525821,1,26.984322152312497,27.1577437012782,1
704,705,0.003804581156027824,1,27.372398148348985,27.503911056687834,1
710,711,-0.00941106546236328,1,27.641027606179367,27.408537113536802,1
716,718,-0.013767598262449842,2,27.1201972311333,26.773937448087786,2
719,720,-0.0036996846136423105,1,26.67680216296584,26.6047832106253,1
722,727,-0.02131301804505725,5,26.846414661898446,26.301082956426214,5
734,736,0.012506963985284142,2,26.14878858990125,26.501979335643856,2
740,744,-0.004601681263352369,4,26.33126553689036,26.236428711165786,4
747,750,0.0006767406269925721,3,26.321859450537954,26.36599438165666,3
752,754,-0.005644548174979672,2,26.314923767821806,26.19270283666124,2
763,765,-0.0013865863666021718,2,26.906453888092898,26.89605221984615,2
766,769,-0.0019526662803062355,3,26.97401176590833,26.948314534454365,3
776,777,3.658838611117466e-05,1,27.16937433923068,27.197537797128632,1
778,780,0.0074617779650404835,2,27.476057385928883,27.708553682883323,2
785,788,0.005061730955525772,3,28.060413579572288,28.230508257192437,3
789,790,-0.010773890198881305,1,28.21380643978018,27.938047793545277,1
791,792,-0.001241737211947879,1,27.816167888238297,27.80944368536592,1
796,799,0.011124724652861698,3,27.70123444102261,28.03710428116438,3
803,804,0.0035267138274551755,1,28.24741806737953,28.375286045335045,1
807,811,-0.0001745133321351506,4,28.5522241903077,28.57579367071469,4
812,813,-0.00254224480584952,1,28.636175321405304,28.59201132875647,1
822,823,0.00048716883021744477,1,28.458457775321083,28.5007803066806,1
826,829,-0.010219558379700022,3,28.57175945219472,28.308340447914464,3
834,836,0.009941944076578793,2,28.04663503466562,28.353519746751147,2
838,839,-0.0008561103376950053,1,28.634007335111416,28.638127472757304,1
840,841,-0.0026426878045359586,1,28.706705544367345,28.65954938926121,1
845,853,-0.01794351235585956,8,28.589058021753846,28.104658963919874,8
854,856,0.0004417507914080759,2,28.087147216574465,28.127641883302356,2
865,866,-0.007267762916631864,1,27.843301597056424,27.668786383829797,1
867,870,-0.0002526531495927949,3,27.689517359979543,27.71021103356782,3
875,876,-0.004369728511838119,1,27.796128316921134,27.702462910812894,1
884,886,-0.0012343909737585273,2,27.161113176217093,27.154746856451354,2
889,892,-0.0076268753963041,3,27.24764129868789,27.067074574958294,3
893,894,-0.0030325910042021203,1,27.005606346506642,26.95071499398371,1
897,909,0.011953232122302666,12,27.400106053943144,27.75502598783558,12
910,914,-0.006961190917382248,4,27.849486741127805,27.683470633712837,4
917,923,-0.00761390284049231,6,27.359867319927645,27.178911815744883,6
924,926,-0.002379538079444873,2,27.11970686662529,27.082294198299397,2
928,930,0.00353084946762176,2,27.25445178383079,27.37793760218588,2
932,933,0.0014799607058668183,1,27.23646480677309,27.30401016926061,1
936,939,-0.008241071587359813,3,27.31185261052931,27.114085530593048,3
943,947,-0.01998527584167257,4,26.75958027667339,26.251542263713365,4
951,955,-0.003252738815586356,4,26.659264864606246,26.59920850385075,4
960,965,-0.014610100976498258,5,26.83732157595895,26.472062919371393,5
966,967,-0.0017498518174102157,1,26.467508477165072,26.44766176783115,1
968,969,-0.003124731182539168,1,26.484205057545815,26.427933241215285,1
971,972,-0.003815216404095744,1,26.298055663454125,26.224020945754546,1
982,986,-0.007856904214949266,4,26.02166126733791,25.84323322851392,4
987,988,0.00190487920640882,1,25.915175888545996,25.99045634411506,1
989,991,0.0062890376761934345,2,26.120333929591506,26.310726027719053,2
994,998,-0.0038235084910983623,4,26.35219723561655,26.27779158296269,4
1000,1002,-0.008193372422739889,2,26.17698307792483,25.988682289741558,2
1007,1012,0.007935754148775762,5,26.097459698142675,26.33066018191286,5
1014,1015,0.006114537562892792,1,26.637970995605716,26.827487840853202,1
1017,1019,0.00949461642609175,2,26.895974624447856,27.178237561537333,2
1021,1023,0.0014426071507275145,2,27.500446811704965,27.567619599735437,2
1024,1028,-0.006877992041005035,4,27.715379631079394,27.552468850194476,4
1029,1030,0.0037721523021469446,1,27.59440414240981,27.726088841664385,1
1033,1039,0.009288860773369496,6,28.135167003163424,28.424645819294472,6
1044,1046,-0.007080373096148876,2,28.447852826360258,28.274879267391654,2
1049,1053,-0.0049565628434893715,4,27.975427125063167,27.864740589569397,4
1054,1057,0.012674189666512833,3,27.87570617679554,28.256883870145025,3
1058,1060,0.011533698194365366,2,28.31874754147459,28.67368617640186,2
1064,1068,-0.005999357357854011,4,29.484251465154724,29.336849155651585,4
1070,1071,-0.009348735277430152,1,29.18400088218963,28.94035138448794,1
1073,1078,0.008258163665101955,5,28.71480815455946,28.980654548066376,5
1082,1087,-0.026640904995139224,5,29.215673206959178,28.466556905890503,5
1092,1094,-0.012494287887320071,2,28.43288136463183,28.106065640760733,2
1095,1096,0.0005187628085659033,1,27.98494609671023,28.027448592041637,1
1097,1098,-0.010547419862799116,1,27.97658409102224,27.709479896378344,1
1103,1104,-0.0018765012121252746,1,27.972749632560323,27.948231483600907,1
1105,1107,-0.001748383059500761,2,27.97027657768036,27.949344096520072,2
1108,1111,-0.005327877394135304,3,28.233342908192963,28.111152461659724,3
1114,1127,-0.005892716366913369,13,27.663852599249257,27.52850121486503,13
1129,1130,-0.0033731197239845177,1,27.662279503430092,27.59663360233013,1
1135,1138,0.00507434202771922,3,27.675907243198775,27.844020169721396,3
1140,1141,-0.0015370358781468137,1,27.871846474093392,27.856878292546604,1
1142,1149,0.016133890751653685,7,28.01516928968758,28.49517813968617,7
1150,1153,0.005312409614296147,3,28.503508710318457,28.683434532742645,3
1163,1165,-0.009286185691581943,2,28.163243384724968,27.92987752036192,2
1172,1175,-0.017207604546825014,3,27.70104088536133,27.252073369155962,3
1178,1183,-0.011861216059685493,5,27.014061690580924,26.72065612990985,5
1184,1191,0.007738148844839953,7,26.741548199159542,26.97521982766526,7
1192,1196,-0.006083117397529882,4,27.084877783205993,26.947202169736208,4
1197,1199,-0.006001368756313051,2,26.974078880903317,26.839171565558043,2
1203,1204,0.0031117049768971767,1,26.95485233224999,27.065682732736033,1
1206,1207,-0.00013380393300328666,1,26.911856114206824,26.93516705812853,1
1208,1209,0.005437135425232181,1,27.071471001034045,27.245733726027947,1
1216,1217,-0.003159438318666764,1,27.48278849677277,27.423441110189025,1
1218,1222,0.010604368065057587,4,27.61573060706195,27.93619370941177,4
1223,1224,-0.004903571785750547,1,28.067913464576073,27.958348349490866,1
1227,1230,-0.004035683054651115,3,27.62297277560696,27.53911818523296,3
1240,1242,0.0021195055720368335,2,27.40667149957508,27.492166764028987,2
1244,1249,-0.027123408445528345,5,27.648421640666154,26.926150629272847,5
1250,1253,-0.014711172306684638,3,26.913471091640087,26.544455852131634,3
1254,1256,-0.005677642763265687,2,26.61698660068836,26.49248184593571,2
1259,1272,0.02112549545920313,13,26.378929723365136,26.96257661317809,13
1278,1289,-0.017931798679610225,11,26.572339868444903,26.122422359346213,11
1290,1293,-0.004432555036399883,3,26.183455342282596,26.093579190777092,3
1300,1301,-0.005425492749975933,1,25.951731989710574,25.83688278794079,1
1302,1304,-0.024937842052827917,2,25.735806697375725,25.119747021551834,2
1306,1307,0.007025171954292908,1,25.2037885053078,25.406053241962525,1
1312,1316,0.020665397491339377,4,25.929281379327538,26.491049567075454,4
1317,1322,-0.029280684274448177,5,26.36896535711518,25.623232973206743,5
1328,1329,-0.0005055824796145464,1,25.334109752802913,25.346635380528067,1
1330,1332,0.012516672678618331,2,25.47791152178749,25.82228811236229,2
1334,1335,-0.0014231391236050692,1,25.966843190111025,25.95585560284077,1
1336,1346,0.006509273964566191,10,26.11100967025327,26.30708439535864,10
1347,1349,-0.0019914463309664704,2,26.306512097877707,26.28043060297774,2
1350,1351,-0.006023713954541411,1,26.251560417693508,26.119680087294654,1
1353,1358,-0.004937886265127456,5,25.829658445951782,25.727944188724535,5
1362,1363,-0.004127451832406413,1,25.91360817923215,25.832564617847748,1
1367,1368,0.0024054241864907033,1,25.958994750127285,26.047396138706354,1
1369,1372,0.006609895825297132,3,26.138983410729793,26.337898351464617,3
1373,1374,-0.0001600375935494712,1,26.55993079129176,26.58224013467437,1
1375,1376,-0.001660283022764643,1,26.704306633898668,26.686674233593603,1
1377,1378,-0.0023979874005678474,1,26.674089862752055,26.636799821202313,1
1380,1382,0.0024294260026101553,2,26.56672077094051,26.657829373956456,2
1385,1389,-0.00533479666926874,4,26.666984889035188,26.55138893175876,4
1390,1393,0.01323677437967356,3,26.587545556743336,26.966066444143983,3
1394,1397,0.0035439778443500294,3,27.16212449320545,27.285548585108053,3
1398,1403,0.002922109689627162,5,27.34182833425825,27.449065984100166,5
1405,1414,-0.022231889595758794,9,27.49307257985868,26.909342698194937,9
1422,1423,0.004162790001440136,1,27.093948264591212,27.23382862979118,1
1425,1427,0.013055645885191515,2,27.392043564586835,27.777056429002407,2
1429,1432,0.005002650918421191,3,27.886201233132056,28.053592364575394,3
1437,1439,-0.0009449611513041299,2,27.837943514301656,27.839475682662744,2
1447,1449,-0.004712167909540158,2,27.665056272757926,27.56235893864657,2
1452,1454,0.0041895566157861336,2,27.673715869137357,27.817330184409425,2
1458,1460,-0.007201024425272027,2,27.598771150426135,27.42763049641485,2
1461,1466,-0.01796096898622732,5,27.42276099279781,26.95764439408224,5
1469,1472,-0.002566471448721708,3,27.04093528176167,26.998576428696058,3
1475,1478,-0.02012202970136094,3,26.835649111448053,26.322497032083643,3
1480,1481,-0.0045900335031587745,1,26.443348261158032,26.34841575496478,1
1484,1485,-0.003402947952456012,1,25.964125092944958,25.901734651715554,1
1491,1493,-0.007781261668659683,2,25.859467937190903,25.684108118496496,2
1494,1495,-0.00829392646890609,1,25.544755015651123,25.358433450900744,1
1496,1497,-0.0009100407044070024,1,25.459643065297218,25.46193339685342,1
1498,1502,0.0036194469138832192,4,25.57847546128819,25.696633870819674,4
1507,1512,-0.0003124392961439712,5,25.661428138260195,25.67907192785289,5
1514,1515,0.0028606767918534525,1,25.73601937434804,25.835377827061276,1
1516,1522,0.0007097748864446872,6,25.79052518267724,25.8346211749428,6
1528,1536,-0.013689065510806234,8,25.627032878797262,25.30184977975062,8
1539,1545,0.009632152338493117,6,25.41261164087717,25.68280239916194,6
1546,1550,-0.0023788370602029377,4,25.759885674835665,25.72436698980061,4
1551,1552,0.00063427993825933,1,25.799249106255456,25.841412301491964,1
1558,1561,-0.002341573855084759,3,25.749851607601293,25.715306279912223,3
1562,1564,0.004473612078746004,2,25.7615721242068,25.902580976553345,2
1565,1566,0.0022803580400620853,1,25.95279141886176,26.03792586685468,1
1568,1574,0.007829420889166702,6,26.192099224805258,26.42336029283188,6
1575,1576,0.0013889217876869495,1,26.428231447973097,26.491366425889193,1
1578,1586,-0.020736551111534784,8,26.47127471338754,25.94882304701929,8
1590,1594,0.0020679705765016916,4,26.321476750691605,26.4022302668928,4
1595,1597,-0.009476817346802245,2,26.39182110710151,26.16810246012713,2
1598,1608,-0.009886723446516935,10,25.984609792617796,25.753691751525146,10
1613,1621,0.008523318919995505,8,25.27041476430069,25.511072983341688,8
1624,1632,-0.031184018274483357,8,25.445166174061008,24.677128813265885,8
1634,1639,-0.031724981318888554,5,24.249281270269943,23.504222556244425,5
1641,1642,-0.008114966789037276,1,23.267783260707095,23.102233755552646,1
1648,1662,0.1836020898773586,14,22.812633837463896,27.023893719466678,14
1665,1669,-0.025423161885544325,4,27.519491559510282,26.847378562144492,4
1670,1687,-0.00833462706710509,17,26.73891630825792,26.542796328958314,17
1691,1700,0.02514456210682181,9,27.116723988875542,27.825678863336243,9
1701,1706,0.03733337514066014,5,27.838491306671116,28.905634637279746,5
1707,1709,0.018213776640629575,2,29.544128160622034,30.11178244014236,2
1710,1714,0.01657799188859668,4,30.137917454482547,30.667681523036638,4
1719,1722,0.048640626549710755,3,30.502906210717903,32.017089586605,3
1723,1724,-0.005701693752306236,1,32.38352376405766,32.231266352698526,1
1726,1728,-0.017780800102321873,2,32.4529100717858,31.908324275132536,2
1729,1734,-0.02475808871465507,5,31.90944316183692,31.151335780362754,5
1737,1738,0.0036443911676259785,1,31.13415071332272,31.278749887907214,1
1741,1746,-0.016935190051424204,5,30.998807757109358,30.504835864132257,5
1752,1762,0.02973291879629227,10,30.480284813342934,31.417032931399262,10
1765,1767,-0.01802947059168936,2,30.92314799021798,30.396543150916106,2
1773,1777,-0.013786693218132574,4,33.885260132443314,33.45197970651314,4
1779,1783,0.00629852097410786,4,33.67482612700478,33.92060255179216,4
1784,1786,-0.04479258808523383,2,33.35063097758511,31.890120532801088,2
1787,1788,0.0055932353388412105,1,31.933481913050006,32.144026874491374,1
1789,1794,0.01928736437837815,5,31.861190917998258,32.50757050768076,5
1797,1798,0.02046910233777781,1,33.98890432109298,34.718615586311465,1
1799,1800,-0.003988925386787599,1,35.11048617039735,35.005543546940196,1
1801,1802,-0.004128946562226132,1,35.052966670679126,34.94328781111908,1
1803,1808,-0.027981018279534337,5,35.160580668996424,34.21191239924719,5
1809,1825,-0.1010840214917051,16,33.94868745125985,30.55096628677278,16
1827,1832,0.043010848461725704,5,29.929262365594056,31.246474596137446,5
1833,1834,0.012916212673470616,1,31.49155274445431,31.929795889863954,1
1845,1847,0.009107825668050632,2,29.958349051820907,30.261162821339322,2
1851,1856,0.014687294986614904,5,30.558369071775097,31.037747221713882,5
1858,1862,-0.001982445644398459,4,30.840180538302164,30.809881737259847,4
1863,1864,-0.0011714618739072855,1,30.800296708056933,30.79501563146647,1
1866,1867,-0.006275563859200432,1,30.756389565884145,30.594132268650878,1
1868,1870,0.0006416586268229454,2,30.32685570957925,30.376642053879294,2
1878,1881,0.015463645441521689,3,29.765614646465824,30.255665172354202,3
1882,1884,-0.0077697466963619335,2,30.553293761946453,30.34645570243854,2
1888,1890,0.0050293517875439385,2,31.07638796603882,31.263758441372264,2
1891,1892,0.010401370055561202,1,31.321463890507875,31.678571491005453,1
1893,1895,0.00451492119934871,2,31.817552977169683,31.993024274594877,2
1903,1904,-0.004873291967562227,1,31.965479032882705,31.84166739970536,1
1907,1908,-0.005378664264346438,1,32.07283774273707,31.932401554256767,1
1910,1911,-0.006800934524333598,1,31.657334058149214,31.473691936062934,1
1912,1916,0.005616566379586544,4,31.24705057515968,31.45379875945652,4
1917,1920,0.012110430477417871,3,31.50138931554723,31.914386090110785,3
1926,1931,0.0018503702241528114,5,32.47280017330967,32.56535967601854,5
1932,1935,-0.005744517796010494,3,32.54401185928539,32.389606215865435,3
1947,1952,-0.02103812805364333,5,31.339812201566236,30.711821031494118,5
1958,1963,0.06671333801155194,5,30.905039655909356,32.99772305239036,5
1964,1967,0.015724482960571818,3,33.15666655334972,33.71119465815058,3
1970,1971,-0.004577915180542147,1,34.32097587876967,34.198178338162,1
1972,1976,-0.012553626499892272,4,34.228470212725945,33.83300725222542,4
1978,1983,-0.015682698865550515,5,33.87955852603691,33.382115170501315,5
1984,1985,-0.0059332761269674,1,33.27304710006702,33.108901971136795,1
1987,1989,0.0011428966825415645,2,33.36954883599965,33.441056331498224,2
1990,1991,-0.0004914957243441154,1,33.317152444051295,33.334094358521774,1
1993,1995,0.009327358615454123,2,33.435467957669644,33.780768025744024,2
1998,2000,-0.01763440881548484,2,33.79826890043699,33.23605467829143,2
676,677,-0.007826715015997125,1,27.00065070791014,26.816324960280756,1
678,681,-0.016872944869954682,3,26.76501948836083,26.340179809578817,3
682,688,-0.002244589527509347,6,26.25014477314731,26.217474117867045,6
696,697,0.0003823412578756111,1,27.008705748083088,27.046040996360485,1
698,708,0.024762788946159468,10,27.06180017896734,27.758987625481215,10
713,717,-0.017153789653115637,4,27.301372612633784,26.860351982207966,4
722,724,-0.009685478971077504,2,26.862117279549537,26.62880692479939,2
729,731,-0.005319850215184193,2,26.10816255754584,25.99537920590356,2
736,738,0.0014845500712133285,2,26.581514113662127,26.647557216446184,2
739,745,-0.010137197919431466,6,26.54447732134879,26.301935178395766,6
752,754,-0.0047605462475267726,2,26.294167800309257,26.195287366255965,2
755,758,0.0030843304433283546,3,26.25989592219445,26.367150014548102,3
760,762,0.008977032784669818,2,26.543841380944542,26.8086701566333,2
763,767,-0.0005609894280611265,4,26.9359088018646,26.9477339505934,4
769,770,-0.0010809347590559812,1,26.99009994879136,26.98791551155511,1
774,776,-0.005323554287306645,2,27.279363265119727,27.161419457119823,2
778,780,0.008953295685818017,2,27.44856748399024,27.721771192310523,2
781,784,0.003971374075605515,3,27.741541400743216,27.879454980480208,3
786,787,-0.0005019531630729164,1,28.212438667317357,28.226489783157614,1
792,794,-0.0063944865667756754,2,27.833800045767436,27.683650985318224,2
796,803,0.013258182020396216,7,27.749054499002042,28.144705568942708,7
804,808,0.003124371301184894,4,28.435785424319608,28.553065161650323,4
809,810,0.00029434135413284896,1,28.62872572005321,28.665781063668803,1
813,817,-0.009939737380936751,4,28.660580929817478,28.404362863119825,4
820,823,-0.002280258556378468,3,28.473809785852907,28.437355947241876,3
824,826,-0.006408192096421543,2,28.66586567802954,28.51083516983254,2
835,836,0.007193195862651133,1,28.1218271830972,28.35223482122394,1
840,841,-0.002752259123799755,1,28.739487231267336,28.68912820255302,1
844,853,-0.02047353612482475,9,28.668361190307277,28.110086823028304,9
854,855,-1.4636616910442164e-05,1,28.10036908730591,28.128058162055844,1
856,858,-0.006924135965189087,2,28.143479042282696,27.976753245902763,2
860,864,0.0005145023923497059,4,27.863519659119856,27.905719026302876,4
866,867,-0.00362973814954343,1,27.763074013283273,27.690064398401944,1
873,876,-0.007581405309852609,3,27.892585027344392,27.709012620139912,3
884,895,-0.0010623216232110598,11,27.129761377424433,27.128070606658063,11
898,912,0.02037799487130447,14,27.349099941844816,27.933768860136368,14
913,914,-0.007003068404060827,1,27.899602073149246,27.732118853458054,1
916,919,-0.010704434348039096,3,27.52313367053198,27.256037226773998,3
921,922,-0.004155197865322494,1,27.367604608540425,27.28125440090057,1
925,927,0.00032185402452026874,2,27.07449525781341,27.110283788331806,2
929,931,0.0012930428129452414,2,27.21878144597977,27.2811952771516,2
932,933,-0.0006105870578340901,1,27.292746374172104,27.30337452283746,1
935,950,-0.025760750771182693,15,27.36734821471039,26.689712126297774,15
951,953,-0.00182962865923899,2,26.689843110738128,26.667700451982867,2
954,955,0.0002625006483259443,1,26.613055914181736,26.646654914527325,1
956,960,0.0008647573322966599,4,26.74877516761627,26.798655142240037,4
961,965,-0.012487416896503081,4,26.734821783024664,26.427707739549348,4
968,979,-0.015592629245003278,11,26.490963433179854,26.10439062545652,11
981,983,-0.008951675754709735,2,26.1122287362515,25.904592760108013,2
984,988,0.008358060471124935,4,25.749531678133415,25.990497352680535,4
990,992,0.005584111673230975,2,26.21462243768049,26.387222439281764,2
999,1001,-0.009780175059214233,2,26.25742595051383,26.026881154063965,2
1003,1005,0.0013523321899265028,2,25.99960742766896,26.060767141146517,2
1006,1008,-0.003899894713757359,2,26.08902002247731,26.01336461122702,2
1009,1012,0.010606212136706244,3,26.07382665036222,26.37644501368203,3
1014,1021,0.02839581196467187,7,26.653271586021432,27.43676614580745,7
1037,1041,0.00453774842029022,4,28.291663742482307,28.44833585867962,4
1043,1047,-0.010567329804778869,4,28.45299903882161,28.180779813082147,4
1048,1051,-0.01348759966997309,3,28.11725729725353,27.7661402443078,3
1052,1055,0.002145098245934326,3,27.816278473651565,27.903763402287467,3
1058,1060,0.008680958226465665,2,28.33136425321307,28.60563900704721,2
1064,1072,-0.021807613747360094,8,29.39402503652374,28.78240551708352,8
1073,1075,-0.004229580824670998,2,28.70722733295818,28.614515022034187,2
1078,1081,0.009385034046825929,3,28.950198622605605,29.250847420963737,3
1082,1083,-0.00795487309119203,1,29.28330627967301,29.079644600807377,1
1084,1086,-0.012070119267344668,2,28.88153562817153,28.561813584143607,2
1093,1095,-0.010461939047742022,2,28.24855891751239,27.98127277484834,2
1096,1098,-0.014668053447086278,2,28.06229344442591,27.67873651777968,2
1100,1103,0.003901541549524647,3,27.797809152257987,27.934061268803536,3
1111,1112,-0.006612303877110652,1,28.139549197556416,27.981621496494824,1
1116,1130,0.015542315338054214,14,27.085198812580654,27.533250712332254,14
1131,1133,-0.004443404154561083,2,27.590813418079183,27.49580709652765,2
1134,1136,0.00012100455789287217,2,27.600796080731048,27.63173669893902,2
1139,1141,-0.0021467771125591316,2,27.862544604093014,27.830592475643382,2
1145,1148,0.003632839066915689,3,28.279256768015582,28.410270013553784,3
1149,1150,-0.0011706756885627144,1,28.49142058094656,28.486557788120777,1
1156,1157,-0.005016022409771974,1,28.66810889125311,28.552977123500053,1
1158,1160,-0.005413350646122605,2,28.405517856388588,28.28015434580365,2
1161,1162,-0.004598575367692511,1,28.310019071944758,28.208143334653553,1
1173,1174,-0.007216682453166704,1,27.698198754907423,27.526007848723467,1
1175,1179,-0.014671449915318352,4,27.25347435126558,26.88087984165384,4
1180,1182,-0.008580443940327444,2,26.848398210241474,26.64487543272115,2
1187,1191,0.008373902292769173,4,26.783467673647493,27.034533282681807,4
1198,1200,0.0004455068233601828,2,26.846165105081834,26.884971419922284,2
1201,1204,0.005773314792111107,3,26.842350727890096,27.02416241913035,3
1205,1206,-0.0014932095879956336,1,26.970510403136927,26.957208288812964,1
1209,1219,0.014806390682191025,10,27.310552567600663,27.742233831230674,10
1225,1229,-0.017860661934215,4,28.027323124752908,27.554763904625442,4
1232,1238,-0.007338350368220075,6,27.694439015710138,27.518901957977263,6
1249,1251,-0.008467762474140238,2,26.958671388972856,26.757350434421607,2
1252,1253,-0.0050932823841843946,1,26.68888890506199,26.579643746253446,1
1259,1263,0.01590665264947763,4,26.37173928488248,26.817597120734572,4
1264,1268,0.004524273885288219,4,26.860064175959412,27.00844652704383,4
1272,1275,-0.01394112648396197,3,26.949851247101382,26.601089813388683,3
1283,1285,-0.012546180951167885,2,26.280555169920337,25.977115124431286,2
1288,1291,0.0017754454630525772,3,26.11905297686886,26.191544983952742,3
1292,1297,-0.006641144464313158,5,26.157155225808545,26.009598934404295,5
1300,1302,-0.012258904377415263,2,25.93953298733581,25.647482265836587,2
1311,1313,0.010508348958407781,2,25.80726789789384,26.104266942525918,2
1314,1316,0.005662307224615893,2,26.34303455532101,26.518539944757233,2
1318,1323,-0.019873128018625116,5,26.01083643365828,25.51993058777433,5
1325,1327,-0.003423688190924895,2,25.403011085322504,25.341442107341074,2
1328,1334,0.02007965718821759,6,25.362635140203277,25.897270794348604,6
1340,1344,0.0060255653853072974,4,26.26984288055702,26.454403379376124,4
1345,1346,-0.004971037616545138,1,26.450649376325707,26.34561285267027,1
1351,1357,-0.017963929011676708,6,26.162588834049092,25.718768534306598,6
1358,1360,0.0005126739148855412,2,25.771215361162984,25.810198806394713,2
1361,1363,-0.006133190241262096,2,25.91025804763576,25.777255763877054,2
1366,1368,0.004966781025443609,2,25.8651069777066,26.019438407242248,2
1370,1375,0.020287865462875303,5,26.18560040259328,26.7430359410283,5
1377,1379,-0.004982146524417026,2,26.680204681546876,26.57396019720352,2
1381,1382,0.0020270841332138785,1,26.577970645967255,26.658424399202687,1
1384,1387,-0.009734166534150292,3,26.712597706542947,26.47928542961424,3
1389,1390,0.0014467754763469853,1,26.549341122395425,26.614301399166873,1
1391,1396,0.01881317466825781,5,26.680587030680694,27.209214161771225,5
1397,1398,0.000969917355883912,1,27.290162841417256,27.343922206843462,1
1401,1407,-0.0026347908809805183,6,27.362858162031127,27.318125611030275,6
1408,1409,-0.00437636079890885,1,27.312206837151315,27.219990972654667,1
1413,1418,0.002604071950338094,5,26.97419339393697,27.071410327731055,5
1420,1422,0.005445332906457814,2,26.9415867654837,27.11523426121546,2
1423,1425,0.005141804403309242,2,27.288164867054558,27.455763438193262,2
1437,1439,0.0018710542120555463,2,27.86892233017381,27.948935517015304,2
1443,1444,-0.001670484893092253,1,28.03264827439754,28.01385280721619,1
1446,1456,0.0054534901675375065,10,27.76342524234405,27.94259623416268,10
1457,1460,-0.017516307084179374,3,27.882767850074096,27.422247493905388,3
1463,1466,-0.005558586056055286,3,27.129863424143522,27.006189607035537,3
1468,1469,0.00030529374816456816,1,27.010497250893625,27.045753884090033,1
1470,1474,-0.0013772333136364522,4,27.0248640209822,27.01466934197699,4
1476,1477,-0.006165688763520125,1,26.588841839665637,26.451492158139462,1
1482,1483,-0.012005048048125588,1,26.153567845281835,25.865746574514596,1
1485,1488,0.000631341617246975,3,25.949025318155204,25.991357043083706,3
1489,1490,-0.005163795584898658,1,26.09685852571095,25.98819654140187,1
1491,1493,-0.012821014014688596,2,25.95501556558825,25.648200962835972,2
1499,1500,0.0010490089279803594,1,25.624642161234373,25.677147281799044,1
1502,1510,-0.0019224280372213396,8,25.74780913955084,25.724058638503493,8
1517,1518,-0.0013675431935144886,1,25.71374278992861,25.70429187878639,1
1520,1543,-0.0030323705113656464,23,25.756169428149523,25.703823348918014,23
1546,1548,-0.0037099654895371287,2,25.744350054655495,25.674583754456815,2
1550,1553,0.004392761968571697,3,25.765552879481966,25.90450037314966,3
1554,1555,-0.0033334133561700374,1,25.912470895029042,25.852006389351214,1
1557,1558,-0.004775114364564399,1,25.84328282974294,25.745721481504876,1
1559,1565,0.006138187973648784,6,25.7389454428193,25.922674873633635,6
1567,1571,0.006358437452164453,4,26.10053508178524,26.29259423665258,4
1574,1575,0.00025883770264614574,1,26.43796581637548,26.471246924526405,1
1578,1580,-0.013339581675703385,2,26.500946592680492,26.173935997716658,2
1582,1588,0.0062522306458500385,6,25.966018032500553,26.15432958422655,6
1591,1595,-0.0016206032253343414,4,26.377270053095067,26.3609002342246,4
1596,1597,-0.005714265481381184,1,26.27174067067115,26.147888710491607,1
1599,1601,0.0005132573547456806,2,26.011520019870105,26.050882143848288,2
1605,1608,-0.014716115355375422,3,26.18288855315787,25.823761033425818,3
1609,1613,-0.014358916062274102,4,25.59748766476805,25.255532975649317,4
1618,1619,-0.0010893904139024579,1,25.566254334024045,25.56396895596719,1
1621,1628,-0.017307590966638114,7,25.576420488460542,25.159330684743985,7
1633,1636,-0.02618526080803742,3,24.415272845330875,23.800367831021823,3
1639,1641,-0.01194398650945079,2,23.558952497798202,23.301123639485507,2
1642,1643,-0.011767605028880624,1,23.15855908089851,22.909196863677398,1
1650,1656,0.0335147802422239,6,23.825045317684594,24.647361521085504,6
1658,1674,0.06711848494518671,16,25.030093796072777,26.73510586349717,16
1679,1681,0.012259131896929357,2,25.717943495406395,26.058941100329765,2
1682,1686,0.005390430118651658,4,26.251756203619955,26.41951621713107,4
1687,1697,0.05549128362213676,10,26.533852818930768,28.03278422411302,10
1698,1709,0.07588003105921809,11,27.9408199054815,30.088911007634938,11
1710,1715,0.022993096454959967,5,30.13172771604321,30.854681165488824,5
1716,1719,-0.011453145130571385,3,30.812657167394207,30.490567990164894,3
1723,1725,-0.00179351094236935,2,32.426579940512276,32.400849094505865,2
1727,1734,-0.033846460897319755,7,32.271466609816144,31.21146314371766,7
1736,1743,0.01414895429059767,7,30.9109030946164,31.37917095267784,7
1745,1748,-0.01818124368654103,3,30.862452194077502,30.332196882166834,3
1749,1752,-0.0006097249075693564,3,30.370783443202416,30.382636403517903,3
1754,1757,-0.006484590163398047,3,30.52177787577483,30.354378433067936,3
1758,1759,0.006053421078551118,1,30.468594500335282,30.683502327017774,1
1760,1762,0.010539139410073114,2,31.03292260822057,31.391015828498837,2
1763,1765,-0.014687768559255902,2,31.329286789498674,30.900458762797463,2
1767,1769,0.005308845959900189,2,30.426140988967244,30.618094825620844,2
1774,1780,-0.019366212282303116,6,34.13708440817073,33.510115469231366,6
1781,1784,-0.005095518202877789,3,33.51224539760797,33.37499538656276,3
1789,1791,-0.023615252540199878,2,31.80930189985049,31.08992650425791,2
1801,1802,-0.005672804170010763,1,35.06336945556559,34.899525196559,1
1803,1810,-0.04453686866684784,7,35.16161974607407,33.630792925075596,7
1818,1829,-0.06445527439141495,11,32.7922525927542,30.711411206568396,11
1830,1831,0.005984213677908291,1,30.56259622846109,30.776051931072296,1
1833,1834,0.011626450682467645,1,31.523667659503232,31.92169969453645,1
1838,1844,-0.03492338393503213,6,30.850335540198053,29.803787763143347,6
1847,1855,0.021596652158916894,8,30.19345182641888,30.87572275481748,8
1856,1858,-0.011190689447441667,2,31.098125875064365,30.781214531874134,2
1859,1862,0.0008581630385724385,3,30.686613064834212,30.74363379501026,3
1863,1864,0.0004152789257148091,1,30.75886615346738,30.802398528513265,1
1866,1868,-0.013356967324822035,2,30.702025085943923,30.322641165151047,2
1870,1872,-0.015535230903250152,2,30.33032273777712,29.88946449341343,2
1881,1882,0.006812975538934057,1,30.30579107261009,30.54256947694844,1
1883,1884,-0.005833114578802606,1,30.5549253901431,30.407249934785774,1
1886,1888,0.020382095912293556,2,30.402522725532158,31.05259238242517,2
1889,1895,0.02448450871938386,6,31.23747390955399,32.033545585773545,6
1896,1897,-0.0071481640009560445,1,32.02605529852703,31.829153858247995,1
1902,1903,0.0008878462519592617,1,31.892228531477592,31.95243615557737,1
1907,1911,-0.014780589424742713,4,31.980362992290296,31.539654740239307,4
1912,1918,0.007573580956392367,6,31.199609937693154,31.46710231930183,6
1919,1922,0.04653921478399966,3,31.6013958571434,33.10370140227034,3
1928,1933,-0.003025460804424187,5,32.57973480160799,32.5137458257488,5
1935,1939,-0.024685023731474368,4,32.45214709040989,31.683517216436233,4
1940,1949,-0.010422893275695497,9,31.644137165272845,31.34595783796301,9
1950,1951,-0.010757926807307808,1,31.186140081148576,30.88182800883428,1
1952,1954,-0.0010799120699561842,2,30.78873420383591,30.786273812354352,2
1956,1964,0.08108234667093286,8,30.657278473563533,33.1736998332179,8
1970,1971,-0.0024880265523126556,1,34.229418334330234,34.17848405097853,1
1975,1978,-0.0007696371708720738,3,33.85709877255795,33.86489818961726,3
1979,1980,-0.005234959844513567,1,33.86872751155505,33.72529481055884,1
1985,1986,-0.00026104088698587205,1,33.17812612846259,33.20264340711795,1
1988,1990,-0.005386749580564199,2,33.4580865995596,33.3113143522025,2
1991,1995,0.01330405383929065,4,33.341369205603094,33.81828594579571,4
676,678,-0.010338399867975405,2,26.982871555763076,26.73089471158914,2
679,682,-0.01838046717217926,3,26.696922019296494,26.23291704254188,3
686,688,0.004754854900105485,2,26.084371468675297,26.234483241637975,2
689,693,0.012111687306765977,4,26.33762849011446,26.682959239278613,4
694,695,0.0014939598562389278,1,26.758850221020285,26.82558571927062,1
697,702,-0.0047985180868639786,5,27.104370984636997,27.001414541218782,5
704,709,0.007913154585157792,5,27.40663426104738,27.650913828874977,5
710,711,-0.008811059929886499,1,27.62717827796523,27.411380732742384,1
712,715,-0.002221706536289794,3,27.284519524186845,27.25118584834462,3
717,722,-0.003896660545547609,5,26.925175166530693,26.847182073943845,5
723,733,-0.033244236586991265,10,26.80079143592816,25.936620376149484,10
735,736,0.008319629414006213,1,26.30976899248097,26.554966289459003,1
741,742,-0.00460686104570068,1,26.269926054074887,26.175174081117007,1
743,748,-0.0011977340418103698,5,26.29798989092173,26.29278988308911,5
751,752,-0.001641056387699107,1,26.278260801570944,26.261414954626474,1
754,756,0.0033851412982812716,2,26.213218976333124,26.328167645427133,2
757,762,0.01904579960388407,5,26.313599991507722,26.84107714379425,5
769,770,0.0012447094046831282,1,26.965619446197294,27.02614942577128,1
771,774,0.004735581118646795,3,27.08551344565184,27.240864605159576,3
777,780,0.018768416929618774,3,27.20926366158636,27.747147729996524,3
782,786,0.013329108376433644,4,27.802829450953563,28.201219207327778,4
790,792,-0.00916271188610239,2,27.981965173117,27.753556453401895,2
796,798,0.007436863324861064,2,27.727647611353166,27.961581984570063,2
800,802,0.001843554537677598,2,28.074429266219614,28.15426043695228,2
804,806,0.0037354137707960883,2,28.430842654800873,28.565474458623754,2
808,809,-0.0010280480403793376,1,28.562522125096475,28.561721002322574,1
816,817,-0.008092200042723763,1,28.62292931392329,28.419929773420204,1
824,828,-0.008326713852274905,4,28.683031424551803,28.472879060888303,4
835,836,0.004395340108223575,1,28.216498442297706,28.368736048057063,1
838,840,0.00043889601604813833,2,28.64482100291865,28.686037921740162,2
843,844,-0.003135359340170441,1,28.723925723944767,28.66258982086378,1
854,858,-0.006806044854206714,4,28.113129210905495,27.94990312171487,4
861,864,0.0048547888519661535,3,27.76418511783748,27.92673855934932,3
865,867,-0.0076278186606420295,2,27.832307166203424,27.64783968139854,2
868,869,-0.0002447914783718961,1,27.655127723055884,27.67601311117905,1
873,875,-0.00678574235715862,2,27.91746733533537,27.75594406206873,2
881,885,-0.006764593249372204,4,27.249113815656706,27.092033758103597,4
886,887,0.0005994009756654787,1,27.178630021195623,27.222099548568774,1
890,896,0.004053963569882093,6,27.143188468038236,27.280369153726145,6
900,901,-0.00047602502819930556,1,27.340599645404232,27.354925435332447,1
903,907,0.005278686326247547,4,27.464679735926488,27.637121845039218,4
910,918,-0.018920181021440642,8,27.7609815280271,27.263499713711983,8
921,923,-0.006304413245783438,2,27.31202494243781,27.167150675563974,2
924,925,-0.002159901498013872,1,27.08559055394671,27.054173936888596,1
930,931,-0.003378160759382662,1,27.31962150438674,27.25465105256382,1
933,934,-0.0006158318489820585,1,27.343146070252562,27.353650436121384,1
936,937,-0.0030882411459330437,1,27.26335805435116,27.206425588285757,1
940,948,-0.022943397129266938,8,27.03562936089537,26.442375809189574,8
949,951,-0.0024679348118936,2,26.635234754549867,26.596135966230705,2
953,954,-0.002320766286078535,1,26.623422932335313,26.588259612906274,1
959,967,-0.012974951788124495,8,26.80826820169528,26.48724048245687,8
968,969,-0.002133552683614345,1,26.427537107795086,26.397580102185227,1
970,974,-0.010457681344712165,4,26.40881142939662,26.159045306204796,4
975,976,-0.0033433032894264513,1,26.212224125834496,26.150800934817244,1
980,990,-0.0016385980270454173,10,26.209149245355235,26.192412134356612,10
992,996,-0.007459549994593825,4,26.394250034857976,26.223755057188,4
998,1000,-0.002759113726690121,2,26.26783958288287,26.221631465702128,2
1002,1003,-0.004007485307633663,1,26.012233476553586,25.934002066554115,1
1006,1012,0.007357084223892263,6,26.11680303275745,26.335063355361008,6
1017,1021,0.019399141300530512,4,26.9354486407135,27.484908663528596,4
1023,1029,-0.0023199979771466547,6,27.647994125546823,27.61149882922894,6
1031,1051,0.0006645577398336755,20,27.789550914160433,27.8358082262211,20
1056,1061,0.03346342573581384,5,28.11894428578478,29.088019433947412,5
1063,1067,-0.010434183608608726,4,29.59260332689243,29.3134212736498,4
1071,1075,-0.013000694497849127,4,28.944012258459278,28.596664009803508,4
1077,1079,0.008824564259272721,2,28.823810265347923,29.10699164149692,2
1080,1082,-0.004175571267566403,2,29.19917265617076,29.106448602447113,2
1083,1086,-0.019225919196875333,3,29.08670405176098,28.556572134010157,3
1089,1090,-0.00040129930401158016,1,28.47053676683351,28.48758209701098,1
1091,1092,-0.00400366790631196,1,28.490868896002556,28.405291787476692,1
1094,1096,-0.004112176179116925,2,28.10179118979138,28.014333464659995,2
1102,1106,-8.589606726748305e-05,4,27.92390387435596,27.949429224704755,4
1107,1108,0.0036350998317789896,1,28.042068305423307,28.17204609150851,1
1109,1110,-0.0019029460927604104,1,28.2743868455532,28.24885659842581,1
1113,1121,-0.019528494413215296,8,27.820142913420494,27.30467755087433,8
1122,1125,0.0011674453900060527,3,27.536417522776507,27.59610120399353,3
1127,1128,-0.0004956636552525155,1,27.60924247757973,27.62316682201212,1
1131,1132,-0.003331667467683095,1,27.656012204561478,27.591527580618255,1
1133,1136,0.0014177831818361162,3,27.553562640392474,27.620181180744083,3
1141,1146,0.008805305910861934,5,27.932752105889627,28.206641285220147,5
1148,1151,0.002383662332911757,3,28.427529871978326,28.523719034023863,3
1152,1160,-0.015785554480408782,8,28.683899096290613,28.25979174349186,8
1161,1162,-0.004148657386189869,1,28.284636773376544,28.195578142884354,1
1164,1165,-0.005028222434810996,1,28.05757236718849,27.94455022471265,1
1166,1172,-0.012408144156628258,6,27.980222588413106,27.661020175589943,6
1175,1193,-0.006866179014767384,18,27.270482328008644,27.110508796853495,18
1194,1195,-0.003686123620251517,1,27.089883699867087,27.017116923391008,1
1196,1197,0.0004994051060406544,1,26.875465067276526,26.915762276825618,1
1201,1203,-0.0006140382067033956,2,26.883434179343972,26.893810157809803,2
1207,1208,-0.0007973155794766325,1,27.010652145881892,27.016126784260038,1
1216,1222,0.018182681889307307,6,27.482298428157534,28.00948261649189,6
1224,1226,-0.008545401963215852,2,28.030579167539468,27.81907718045864,2
1227,1228,-0.0014731967387986143,1,27.633368356488752,27.62029233670044,1
1231,1234,-0.0015718533078836138,3,27.712851176545744,27.69700349092955,3
1236,1239,-0.009457436184175418,3,27.664559134526105,27.430587891082503,3
1240,1244,0.00478626093133575,4,27.461404707468485,27.62030356064691,4
1245,1246,-0.006424666817871998,1,27.62890120405625,27.47902362048034,1
1247,1250,-0.01944963787814777,3,27.324242528231984,26.82012014829142,3
1254,1255,0.00097129198314717,1,26.555955002085433,26.60830454328586,1
1256,1262,0.006265394233141944,6,26.479966976112497,26.672354375474534,6
1266,1269,0.004072206085794327,3,26.95845955615358,27.095198418777944,3
1270,1271,-0.007342172153613788,1,27.124406376285965,26.95237872148298,1
1278,1279,-0.0050802116680993695,1,26.55323769624803,26.444894865973982,1
1282,1284,-0.012927908167113162,2,26.41166167505482,26.096625800053904,2
1288,1289,-0.0011311462564839057,1,26.09041421614264,26.08699255598808,1
1293,1297,-0.005238518290424167,4,26.144680607339957,26.03386590038845,4
1298,1299,-0.00645364642411654,1,26.045868463734003,25.90382350632375,1
1302,1304,-0.025434558925245432,2,25.72721391886405,25.09858079438117,2
1306,1307,0.0035744822056080015,1,25.20846916282829,25.323784856444266,1
1308,1311,0.007908683526433317,3,25.562241429090584,25.789967348208634,3
1313,1314,0.004801777485474178,1,26.120948652088074,26.272496583876986,1
1319,1321,-0.0026141923708044683,2,25.768335783201003,25.726740732171432,2
1324,1327,-0.010063933458258078,3,25.567589100472155,25.33584617417739,3
1332,1338,0.01111187017873936,6,25.888788275724142,26.202349918404582,6
1339,1343,0.007984405776768986,4,26.185851198343492,26.421115511119503,4
1344,1345,-0.0038231230563768497,1,26.4876656422501,26.412887702665863,1
1358,1359,-0.0025273901446249405,1,25.74990447978124,25.710574329453788,1
1363,1364,-0.0034223076378661122,1,25.854488111675664,25.791860587649634,1
1366,1367,0.0020779165788955526,1,25.85002772665665,25.929591955561435,1
1368,1373,0.019354898583244948,5,26.051990194529946,26.582275812831295,5
1376,1377,-0.004933940531084567,1,26.71677185219925,26.611669660550145,1
1383,1385,-0.004214185237352712,2,26.673713152902735,26.587978897861294,2
1388,1390,0.002299127750656319,2,26.494855993871163,26.582265908530186,2
1393,1394,0.00477747141413538,1,26.971706075884903,27.12753433672879,1
1395,1400,-0.0003244228139082666,5,27.274449071037253,27.292875066592867,5
1401,1407,-0.0034279978080849617,6,27.367160934912683,27.300713528149206,6
1408,1410,-0.007125417428027713,2,27.30230557081176,27.135067552442973,2
1411,1418,-0.0038401002251044086,7,27.138595801150856,27.06151946910699,7
1422,1423,0.003145263210473137,1,27.11118846233087,27.223571474455973,1
1425,1427,0.012232505499621862,2,27.45760093215631,27.82093378749749,2
1430,1444,0.007381587319873467,14,27.789711036939188,28.022632926589345,14
1445,1446,-0.009375647775920381,1,28.024869133244703,27.790142700418382,1
1452,1453,7.221674880670908e-05,1,27.68131656883297,27.710996940087092,1
1454,1456,0.0017859056090123613,2,27.855065892566095,27.932667476875604,2
1458,1459,-0.006396211127030051,1,27.58160086228599,27.43276472081162,1
1460,1463,-0.01157081841967484,3,27.43732149532489,27.14728655187557,3
1465,1470,0.0005323531340715385,5,26.930436956539385,26.971703896011654,5
1474,1476,-0.01586028250992019,2,26.97433777255048,26.57349149273237,2
1481,1485,-0.02089256733338691,4,26.40357417906654,25.87833930186738,4
1487,1492,-0.013204393705599334,5,26.09335409530656,25.774900528827825,5
1498,1499,0.0006611914892918624,1,25.556446113079858,25.598900263859452,1
1500,1501,-0.00414727721738575,1,25.702815561480737,25.62192167564142,1
1510,1522,-0.0006973586224642986,12,25.795572074901397,25.803378882368467,12
1526,1527,-0.0054591886242562025,1,25.863437124965543,25.74810718035373,1
1529,1535,-0.012667980557843225,6,25.599951581313874,25.301251843981376,6
1536,1537,-0.0005958981064915178,1,25.285041398300653,25.295259131407146,1
1539,1540,0.001596455947473015,1,25.388208038864036,25.454127402622227,1
1541,1543,0.002954519762064872,2,25.587649491937107,25.68883635751776,2
1547,1551,0.00025329641480600364,4,25.742144717624242,25.774407255308258,4
1552,1553,0.0012421782266602947,1,25.842440560831566,25.900383918380825,1
1555,1556,-0.0028513802729896462,1,25.869916857503373,25.82202180376951,1
1558,1560,-0.0037875585628417297,2,25.73372906130249,25.661994784503808,2
1568,1572,0.007856153046075561,4,26.154214859655042,26.38584058925209,4
1578,1584,-0.0257428591673246,6,26.522912527756688,25.866659838375135,6
1585,1590,0.011954331241522575,5,25.914034974698854,26.249733967565504,5
1593,1594,-0.002619012889849062,1,26.457858236070827,26.41502262254883,1
1597,1600,-0.01043472981621598,3,26.17056189730012,25.923649716660538,3
1606,1608,-0.011443837103560537,2,26.039236387580896,25.767286844447895,2
1609,1610,-0.006184340194916419,1,25.57971669482151,25.447102741385972,1
1611,1614,-0.003867216889511032,3,25.343942190925333,25.27127561182872,3
1618,1623,-0.0019236290320579557,5,25.581285192906886,25.557657575225363,5
1624,1625,-0.004991861854308604,1,25.464635652827667,25.362984345131277,1
1626,1627,-0.0009240662021008239,1,25.264683960808043,25.26660240421391,1
1628,1629,-0.00708970316164872,1,25.2383639863269,25.084669841364523,1
1637,1640,-0.012343709411920943,3,23.698130265112038,23.429305561778758,3
1641,1643,-0.01742730622401777,2,23.32974170910103,22.946496897918387,2
1650,1651,0.0008683070208625717,1,23.885128014646615,23.92975276701058,1
1652,1663,0.12255590371907388,11,24.144872267987726,27.128113781240554,11
1664,1665,0.009252796562635588,1,27.181795673253305,27.4604850944983,1
1668,1670,-0.025435266867421726,2,27.35498584516137,26.686559465880308,2
1671,1672,0.0013726052892546418,1,27.018045489138988,27.08214864677184,1
1673,1677,-0.028252973101283278,4,26.883921070559285,26.15125429276631,4
1679,1680,0.006503695517115135,1,25.69232839103591,25.885115800407977,1
1682,1687,0.00827192038130833,5,26.23059423726024,26.473802218582524,5
1688,1689,0.0016780822311479328,1,26.621333062759366,26.692627181804212,1
1690,1694,0.026093532836393526,4,26.96422490335411,27.694781016181036,4
1695,1697,0.0036202675562009177,2,27.94554327221741,28.074659159138445,2
1698,1699,-0.005154619502475192,1,27.93660555559913,27.82053958932488,1
1700,1703,-0.009585999394353058,3,27.828178345581897,27.58924562316078,3
1705,1713,0.08290701163411637,8,28.200201610021683,30.5663962545982,8
1714,1716,0.0017179129284287074,2,30.649996537363048,30.733300559208242,2
1718,1720,0.015001920069505171,2,30.30458973436784,30.789521357036342,2
1724,1728,-0.010024709600709822,4,32.23003905927538,31.939172316345882,4
1733,1736,-0.011368400354602123,3,31.235297398004946,30.91143732938737,3
1737,1738,0.006152590572336358,1,31.049139527109862,31.271221309770624,1
1739,1743,0.007216408997452917,4,31.08131126017512,31.336688025665858,4
1748,1752,0.0014946724575627237,4,30.351749581051003,30.42746725476969,4
1756,1757,-0.0018934686432389937,1,30.39060344357028,30.36345039234434,1
1758,1760,0.015813672590573192,2,30.471958969294942,30.984304510598047,2
1761,1764,-0.004765814576854563,3,31.24615495582689,31.12848773002358,3
1773,1779,-0.008003222534286761,6,33.858667930276546,33.6215481440463,6
1781,1785,-0.028442846004194847,4,33.55241840551188,32.631644554141104,4
1791,1792,0.01817450400949756,1,31.078287525541796,31.674198274308615,1
1793,1807,0.05537026366742008,14,32.56312151913915,34.39871326500727,14
1809,1813,-0.021874066268749683,4,33.85577057044403,33.149062971976996,4
1816,1819,-0.030385018547161604,3,33.40379533253088,32.42222418713887,3
1822,1823,-0.010083386058014149,1,31.673449093737567,31.38574692783029,1
1824,1825,-0.014202303769981248,1,30.94256264671238,30.534049535228807,1
1826,1827,0.00022686751911779168,1,29.87955898940319,29.916217249812853,1
1828,1833,0.031774749230351486,5,30.49614535031478,31.495648866663696,5
1842,1843,-0.006154683638543677,1,29.997588434139388,29.842960355842163,1
1844,1846,0.008540162804155368,2,29.871753173582583,30.156734562104106,2
1847,1848,-0.003022279989306792,1,30.20858866245866,30.14749843810137,1
1849,1854,0.003870962454289021,5,30.2453350599539,30.392658951448325,5
1856,1862,-0.010412095587933375,6,31.088761912234606,30.79615151340615,6
1866,1867,-0.008940729173573823,1,30.740069628508536,30.495971060811748,1
1870,1873,-0.021819258373713197,3,30.303467691638243,29.672571968146556,3
1877,1879,0.0016655163696733433,2,29.71380787929204,29.793010520599623,2
1880,1881,0.008876351240742712,1,29.994453585938874,30.29068934482776,1
1885,1886,-0.0013905390483091437,1,30.381431040460026,30.369565905295214,1
1888,1896,0.029089380589198167,8,31.055601472112084,31.990045284232927,8
1902,1905,-0.002970846904562045,3,31.892189216114925,31.829334593718638,3
1909,1910,-0.004723071828901831,1,31.761135257023852,31.642886269094486,1
1911,1913,-0.016687471382009527,2,31.506926246757835,31.012662242926737,2
1914,1916,0.005543838802983926,2,31.2365253422499,31.440932128854907,2
1917,1919,-0.0006334987956406014,2,31.520339189477514,31.531891431752275,2
1920,1921,0.016589158153371832,1,31.958618689432814,32.52074388792455,1
1922,1925,-0.01151043569215245,3,33.09485518764734,32.747013840456475,3
1926,1929,0.002854127536094428,3,32.51628791625226,32.64160983688186,3
1930,1932,-0.006763875799097039,2,32.67851911693523,32.490164191446794,2
1934,1937,-0.010686453976393024,3,32.372401780655345,32.05882800070172,3
1938,1945,-0.012761284740963455,7,31.84154071673836,31.46704328977782,7
1946,1948,-0.004360282349725039,2,31.41270729373794,31.307151727861715,2
1949,1951,-0.012019498997490139,2,31.314865706201914,30.969791574945884,2
1953,1954,-0.0017302530241151272,1,30.76220799807734,30.739743802658285,1
1958,1963,0.06294236894703034,5,30.970681098582332,32.9510198159287,5
1965,1966,0.004633978663566439,1,33.26242560911812,33.449825405298355,1
1974,1975,-0.006901231078260771,1,34.066480564330405,33.86544639049721,1
1985,1986,0.0012600229906612362,1,33.12661602293739,33.201482936752036,1
1989,1990,-0.008656817809844519,1,33.50420596363213,33.247670362705094,1
1992,1993,0.0015678096886932442,1,33.37289999682361,33.45859525277525,1
1994,1995,0.0009577559341658851,1,33.68240865344755,33.74835058886584,1
1996,1997,-0.0036603545413086344,1,33.89156375751517,33.801400181960815,1
675,677,-0.010359875085826274,2,27.095746452303366,26.842133650152586,2
678,684,-0.02082903730187816,6,26.734243199764244,26.204128894118636,6
685,687,-0.0010661680840164016,2,26.129836756207567,26.128107794973747,2
692,695,0.008469943012790845,3,26.571878109388212,26.823512280826943,3
699,707,0.019580842364211145,8,27.142532164908463,27.701148340759975,8
708,709,-0.004182580906600276,1,27.76861583266382,27.680239966112065,1
710,711,-0.009826672937649397,1,27.632386287768707,27.388484251519785,1
713,714,-0.00012648190348979395,1,27.350801015715447,27.374692435356724,1
716,718,-0.00839329990175186,2,27.040032226473883,26.840117158870527,2
722,723,-0.005774945207366446,1,26.87324642430674,26.744928145086618,1
725,726,-0.004940534526580413,1,26.449981711470713,26.345754645309242,1
727,731,-0.012759499183478316,4,26.326750762157396,26.01716135806617,4
734,735,0.0018286604012200738,1,26.157514811324994,26.231505537666116,1
736,742,-0.01320956775126048,6,26.543856714887625,26.219767697947454,6
744,749,0.001879678132373764,5,26.293059525887966,26.368775074437867,5
750,751,-0.0021716010866087263,1,26.32852416751248,26.29767763998902,1
753,760,0.009735277540388845,7,26.21766726920967,26.499121203806205,7
768,772,0.004724190590277934,4,26.95893235829637,27.11325042522567,4
773,776,-0.001783517566499891,3,27.251206682575635,27.229854883431518,3
778,780,0.011101985892413003,2,27.404576311615937,27.73622610752667,2
781,786,0.012311449067784745,5,27.780947034883376,28.15075169639305,5
787,792,-0.013956570646204258,5,28.212251489653173,27.846717460139,5
793,798,0.005956466465179376,5,27.726400389717544,27.91927816422875,5
800,802,-0.0017719402354321697,2,28.142334981916015,28.120610781224464,2
803,809,0.015221042147912027,6,28.200891677382355,28.658339529889876,6
810,813,-0.0028966890248796695,3,28.669357952319345,28.614981095740834,3
814,815,-0.0017508986028818931,1,28.592831876525423,28.571361559016903,1
816,821,-0.002972968929849762,5,28.523547417046192,28.467271344223263,5
824,825,-0.003983862317457084,1,28.654327610320003,28.5688270419315,1
830,831,-0.002974182465817964,1,28.14253863887595,28.086980132551478,1
840,844,-0.004014106535107661,4,28.74840344119427,28.661752690508255,4
849,850,-0.005359864100360571,1,28.43613026446011,28.312152600966915,1
857,858,-0.004410259797099187,1,28.04643705002534,27.950791413301765,1
859,860,-0.006359583508117222,1,27.930422410718535,27.7807269793913,1
863,864,0.004396116198034764,1,27.760289804318568,27.91008755379379,1
867,870,0.0021132142506241165,3,27.66163134115763,27.747747926044433,3
871,872,-0.0003381672264991234,1,27.9069042704876,27.92537397434076,1
875,876,-0.006870465529026951,1,27.832340909271515,27.66895211137151,1
879,885,-0.013358715699603771,6,27.444004173303547,27.10483152806695,6
888,890,-0.007558232139316842,2,27.274879774645083,27.096004781511002,2
893,894,-0.003901796391516677,1,27.068769587145862,26.990221529235086,1
896,900,-0.0024741063541432965,4,27.305889033177603,27.265637248648265,4
901,902,0.003953050309396922,1,27.33927386360521,27.474686662474028,1
903,905,7.162401275480064e-05,2,27.512541391596056,27.5420244916032,2
906,908,-0.0006809592455952131,2,27.63356127617295,27.642377508409393,2
911,917,-0.020236897392589076,6,27.89247058195124,27.355905987340435,6
920,922,-0.004902055099724817,2,27.32821238603341,27.221576195526126,2
928,931,0.0004320919405088571,3,27.258141206864,27.297177371199602,3
933,935,0.0005849318504413212,2,27.295269647592733,27.338530789823587,2
936,940,-0.009918256784611192,4,27.295210312896568,27.05178461833619,4
941,944,-0.017670553562164314,3,27.042671041590577,26.59185474552775,3
946,948,-0.002653200679205713,2,26.433160744728248,26.38946142543151,2
949,955,0.0011852816282101014,6,26.584158645925623,26.642252519415987,6
956,957,-0.00036213342771438805,1,26.724009410703996,26.74105576298453,1
958,959,-0.002023002901615047,1,26.77966193373989,26.752266261877406,1
961,962,-0.005874641681422102,1,26.807775710271493,26.67709740940799,1
966,967,0.0003185527407037472,1,26.431191441579728,26.466042361495088,1
975,976,-0.004137207494210333,1,26.2051960057376,26.12298486844115,1
980,984,-0.016481159743601714,4,26.196973301842828,25.79141377335813,4
987,990,0.0047120956720587,3,26.02149788171538,26.17013516714601,3
993,998,-0.005153416132987234,5,26.36361600000855,26.254116931990236,5
999,1005,-0.008932479343192405,6,26.226793140606294,26.018749645780254,6
1007,1014,0.01970619220374445,7,26.08036757485065,26.620392678599814,7
1015,1016,0.0014529436923370648,1,26.81731933662058,26.883100710932734,1
1022,1023,-0.0014500701932597978,1,27.623992279076926,27.611559543533275,1
1029,1031,0.0027322492107228194,2,27.6480293933203,27.75121872920156,2
1032,1035,0.01030535361158632,3,27.919024271212532,28.23465871308905,3
1040,1043,-0.0026823963314751157,3,28.466937979070597,28.41904530704628,3
1048,1050,-0.007488447317806836,2,28.105078121020163,27.92271980226908,2
1053,1055,0.002952576666963477,2,27.83900859649847,27.949044412308385,2
1062,1064,0.0018694580672004705,2,29.440765748925543,29.525244791708356,2
1065,1072,-0.022701754576904768,7,29.425080168115805,28.78650429990161,7
1073,1076,-0.002310140442846753,3,28.743984906674545,28.706326249559734,3
1079,1081,0.00616896749947857,2,29.07238125416328,29.280800210506825,2
1083,1085,-0.013160402157158482,2,29.02610494214794,28.673135832995534,2
1086,1089,-0.005304302496436137,3,28.586919628853664,28.46387287932977,3
1108,1109,0.0008397845509751189,1,28.181978569763707,28.23382733855227,1
1115,1118,-0.004732678582278519,3,27.263763289700567,27.16199642439679,3
1119,1120,0.002729542074141569,1,27.1197823832479,27.220926752687788,1
1122,1123,-0.00016056323429763345,1,27.46404265198449,27.487096979121382,1
1124,1125,-0.0030048176711135804,1,27.615366134338075,27.560002360317682,1
1126,1128,-0.0002682948107298414,2,27.57999602425647,27.60017645046747,2
1132,1137,0.0034600683199206214,5,27.583705352994077,27.70673056338499,5
1140,1142,0.0049380017324331645,2,27.850343938741382,28.015719329298488,2
1145,1154,0.012044125136097192,9,28.311961336280994,28.68126610279979,9
1157,1158,-0.006562995831244689,1,28.60228166573413,28.443167292063563,1
1160,1162,-0.006145382336660041,2,28.318345796206625,28.172637079943392,2
1164,1165,-0.0010126228028778134,1,27.99851862288216,27.99816520310071,1
1167,1172,-0.010391688145151734,5,27.933409483349113,27.671067612650674,5
1174,1177,-0.016167497154104482,3,27.48600789763637,27.069113951071277,3
1181,1185,-0.0025193019554189838,4,26.72821377707306,26.687605549616695,4
1192,1196,-0.004588572518313435,4,27.051599158051722,26.954522532736707,4
1197,1198,-0.00301406271960036,1,26.94638663196713,26.892114919223747,1
1201,1203,0.002995042385997464,2,26.858108529397335,26.965407811379997,2
1205,1210,0.015095538346113838,5,26.981267717581975,27.41554574675708,5
1214,1215,-0.005230322404457281,1,27.620353365233115,27.503510365573142,1
1216,1224,0.02066851536625798,8,27.461955343740733,28.05701514509407,8
1225,1238,-0.016211217760003928,13,27.94718789218718,27.522077131379376,13
1241,1250,-0.02386762945327406,9,27.477348505113888,26.84900668114047,9
1251,1255,-0.007946443954540701,4,26.765629054593088,26.57970311245733,4
1257,1262,0.006807710602898531,5,26.460905580392833,26.667504673455163,5
1264,1267,0.000913237890927257,3,26.90536979030413,26.956846163256348,3
1268,1269,0.0014093029804645545,1,27.042085667235643,27.10723824483169,1
1274,1281,-0.007988114683308022,7,26.729133973211383,26.542347719621077,7
1283,1288,-0.007947651835384217,5,26.22430515559198,26.042107813746057,5
1290,1292,-0.005179312691029684,2,26.174194727341995,26.064804583140532,2
1294,1295,-0.0066689027780736975,1,26.139276503277728,25.99109548609146,1
1298,1301,-0.008367896727677758,3,26.056065494163526,25.86408709447292,3
1302,1304,-0.025872281457062475,2,25.763092701355752,25.12230580848324,2
1306,1307,0.0014352893861771326,1,25.26787167921123,25.329406258922898,1
1320,1324,-0.005208670174031201,4,25.649627622865964,25.5416768001146,4
1325,1327,-0.001326145114978639,2,25.34888614839014,25.340618733002692,2
1329,1330,0.002162998016445425,1,25.391150411646183,25.471462570033488,1
1331,1339,0.019950460594632805,8,25.675238119078887,26.213146183550464,8
1340,1341,0.001656981631515811,1,26.247601903157292,26.31734129928532,1
1344,1347,-0.0036855519062496274,3,26.446931159314865,26.375906552925514,3
1352,1362,-0.005335218925935076,10,26.016442740737833,25.90365576578268,10
1366,1369,0.007968265164763969,3,25.891123817309158,26.123322281116522,3
1371,1373,0.013843585288089252,2,26.186260512867996,26.574958504166876,2
1378,1383,0.0003530395452600564,5,26.63188266086641,26.667916651271288,5
1385,1386,-0.001481657597559889,1,26.580930813008244,26.568127905731945,1
1387,1392,0.010660805251463991,5,26.533830038061943,26.84323586271123,5
1394,1396,0.0010370088404210729,2,27.139966917222768,27.195251269761886,2
1398,1400,-0.00046358689196875145,2,27.335322627869758,27.34998565323961,2
1403,1406,-0.002894882109668411,3,27.444274455720265,27.39227079104129,3
1408,1411,-0.009272764870336798,3,27.34421580435157,27.118003536438422,3
1419,1423,0.006725724227468553,4,27.02709330223276,27.235897171755873,4
1424,1428,0.018278152922495176,4,27.31063483206034,27.837133426763224,4
1430,1431,0.0004991224679734062,1,27.83052356502722,27.872244928199017,1
1435,1439,-0.004044802418326681,4,27.952560743515193,27.867450718964914,4
1440,1442,-0.0008368504880554384,2,28.018522169402587,28.023093377619933,2
1447,1450,-0.0051417864615687986,3,27.692674747631035,27.57797760227667,3
1451,1453,0.006288987458597738,2,27.569650152513685,27.770604986713284,2
1455,1456,-0.0024152319731074244,1,27.936178084830985,27.89664191239891,1
1458,1461,-0.009419750515417148,3,27.581700793591246,27.349469754118324,3
1468,1470,-0.0027796839731958245,2,27.03987029163482,26.991747867839504,2
1474,1475,-0.008135972856109026,1,26.987066410412442,26.794487437041727,1
1477,1479,-0.004417530685127467,2,26.469645960278207,26.379185132984496,2
1483,1484,-0.003008010228826762,1,25.955484066477823,25.903365188978185,1
1488,1489,-0.0005284879333591955,1,26.026230021867423,26.038501703371903,1
1493,1494,-0.007395730034343814,1,25.699030338302602,25.534666278114408,1
1495,1498,0.005697161237479991,3,25.35214891827092,25.521936347293185,3
1503,1504,-0.0070499256211395194,1,25.866814469318676,25.710322165723483,1
1505,1508,0.0038120556958749783,3,25.617400563265065,25.740672921559035,3
1510,1515,-9.945637906702987e-05,5,25.80628347781368,25.829523161779612,5
1518,1519,-0.0027853056264448223,1,25.76850029847682,25.722495649908904,1
1524,1527,-0.0031862980742607696,3,25.86094789370953,25.804408153130954,3
1529,1530,-0.006838652575541725,1,25.635357685082045,25.485681737909108,1
1542,1544,0.0020412988019719402,2,25.698739783424124,25.77689732993964,2
1547,1548,-0.00488202648882214,1,25.740916399269143,25.640989479960623,1
1549,1550,-0.0020554777125455386,1,25.73024398044727,25.70308628138755,1
1565,1575,0.01778100850174828,10,25.944138496971096,26.431395582653245,10
1576,1577,-0.0008163274686425209,1,26.49429884807316,26.499165123009128,1
1581,1588,0.0016850997914749904,7,26.01617858413012,26.086034619821344,7
1601,1607,-0.008059582360889522,6,26.062051201528334,25.878064004577425,6
1611,1614,-0.00340941772753838,3,25.313131751952795,25.252141843570126,3
1618,1621,-0.0016319332684635154,3,25.56850501988064,25.5523474309337,3
1622,1624,-0.006208772907992653,2,25.564932522261817,25.4317705943452,2
1629,1630,-0.005720308431871688,1,25.07028674705241,24.951947261130858,1
1632,1634,-0.019262314813171973,2,24.681885097834126,24.23113674199494,2
1641,1643,-0.018617291373638212,2,23.315604764983046,22.904846962285752,2
1644,1651,0.05524415998016853,7,22.627579162295703,23.90024834466379,7
1653,1660,0.06985306999425239,7,24.303348192558584,26.025315023140625,7
1661,1673,0.007121905304229534,12,26.654125402935833,26.870607685425536,12
1674,1675,-0.007342494385521458,1,26.80597358464466,26.635956847685616,1
1677,1678,-0.015451851184523718,1,26.164741111097737,25.786612166278562,1
1680,1682,0.013046918279959251,2,25.9062884168883,26.270191933217387,2
1684,1687,0.0003471488068884786,3,26.44426640084723,26.479890762778172,3
1688,1689,0.00347324392212811,1,26.602821728710452,26.721822639319864,1
1693,1696,0.014469861752031604,3,27.545584770527935,27.97171115880687,3
1698,1708,0.06417981500363605,10,27.965025582032823,29.78778077604167,10
1709,1712,0.012943849846857213,3,30.14156691221962,30.56185639539261,3
1714,1716,0.0017967256935837086,2,30.63512060802221,30.7207986369527,2
1717,1733,0.025095076855879826,16,30.412035333476407,31.205639732847207,16
1734,1735,-0.005339004041488152,1,31.15596487698017,31.02077901946249,1
1740,1751,-0.025369242254747085,11,30.984027953446972,30.228970670221567,11
1754,1756,-0.0040429364910018846,2,30.509539060864125,30.416700471132174,2
1757,1758,0.0034149307484258023,1,30.389986703021897,30.52415638976132,1
1761,1768,-0.033969093556322605,7,31.332925571922164,30.29990741734817,7
1770,1771,0.03292584915667263,1,31.434810117844428,32.501262744171065,1
1773,1774,0.0003991792122665823,1,33.982778431300616,34.03032642845675,1
1776,1781,-0.005553280314514349,5,33.57237403259675,33.41950960280261,5
1792,1796,0.04431949284169585,4,31.717034983265574,33.154434923149495,4
1798,1804,0.015238656230046548,6,34.78660409798352,35.3514918033414,6
1806,1812,-0.041287300394402635,6,34.66378442694875,33.26727413093345,6
1823,1825,-0.027875424940010392,2,31.384588637634817,30.54111448143096,2
1828,1842,-0.016853159262544652,14,30.46325216126718,29.980313373099555,14
1843,1844,-0.0018948096592897898,1,29.837295126633766,29.810596426747374,1
1845,1852,0.01281110414704597,7,29.911883658253487,30.324999798691948,7
1853,1855,0.022222115016118232,2,30.195296022865083,30.896494660053794,2
1857,1858,-0.0070741507141360745,1,30.986524325016102,30.79830750615871,1
1863,1865,-0.0009489242075027743,2,30.78857440344016,30.790146954277674,2
1867,1869,-0.005638744648856815,2,30.546694362380883,30.404996047367124,2
1871,1872,-0.013469857726046738,1,30.210514607081826,29.83379378810086,1
1873,1875,-0.008372945827000659,2,29.697831910582913,29.478871404726814,2
1876,1877,0.0030995186770143655,1,29.52409184750474,29.645126413455472,1
1880,1884,0.012593538727048968,4,29.975789084550005,30.383266134344687,4
1885,1892,0.04513396750308905,7,30.304071857000206,31.70211892326233,7
1893,1895,0.0032779306109400295,2,31.83448155068593,31.970667253795014,2
1897,1902,-0.001306724268921558,5,31.874553872025054,31.864777172791456,5
1904,1905,-0.003230625998647273,1,31.87101563156035,31.7999233154893,1
1907,1908,-0.005754910802338865,1,32.06472526541905,31.91226035688048,1
1914,1920,0.02242180514443841,6,31.252845312358534,31.98484336547387,6
1924,1932,-0.0194788166620424,8,33.087458278155104,32.4760412028201,8
1933,1934,-0.007316711605512885,1,32.53381534203485,32.328308613092204,1
1937,1944,-0.02026063144382436,7,32.12948220844011,31.510648093142432,7
1947,1948,0.00013135871443074312,1,31.348556139417052,31.384022601590203,1
1949,1954,-0.02168698859448788,5,31.38112555359004,30.73194456718073,5
1955,1956,-0.005874933569744784,1,30.726936949412146,30.577145172982025,1
1959,1962,0.03197609469642782,3,31.307007249894973,32.33939008562926,3
1964,1972,0.02931047854107593,8,33.12330261844772,34.12728577167374,8
1979,1981,-0.004889305890002464,2,33.81030208140331,33.67880347437534,2
1984,1986,-0.004315532688188028,2,33.23897352665013,33.1287686234007,2
1992,1995,0.010787474926015977,3,33.363783054581496,33.75705781077441,3
1998,2000,-0.01703932516937143,2,33.761217110868245,33.21970997151328,2
672,673,-0.0024322916503464248,1,27.026326450296953,26.987616868582656,1
674,675,-0.004505639267029974,1,27.12476719062372,27.029677541651225,1
677,681,-0.01977413484736371,4,26.84411516643354,26.340140128440755,4
685,687,-0.0015509704730794064,2,26.136277917131856,26.12187759972332,2
689,690,0.0006139867349520996,1,26.329911803837696,26.37240793222155,1
692,695,0.0060258647581918606,3,26.617653698021243,26.804665733083926,3
696,699,0.0031261950468133414,3,26.922899559336866,27.033988694144455,3
703,704,0.004877106131788817,1,27.182196198744997,27.341948850700128,1
705,707,0.0038986599676175517,2,27.53999871431015,27.67490780352018,2
708,710,-0.00760810141492659,2,27.811956200798054,27.628171973675684,2
711,714,-0.0033513276747541253,3,27.465158471867547,27.400578884661137,3
715,716,-0.008669459098922513,1,27.27196572400535,27.062804498337876,1
717,720,-0.011675839468868215,3,26.91351632220112,26.626191942402535,3
732,734,0.0036057850105411064,2,25.988028642374275,26.107723915148835,2
737,740,-0.014002049347831464,3,26.616085429649164,26.270021773446768,3
741,742,-0.0031254904694242723,1,26.26062515480174,26.204808446314086,1
743,745,-0.001021617896094674,2,26.275604943823247,26.275036920525746,2
747,756,-0.0032995235136747143,9,26.38688946227032,26.326212189499095,9
757,758,-0.001072340425769143,1,26.34670148072449,26.344795549121763,1
759,761,0.008526642558239622,2,26.435054750716244,26.686892068333812,2
768,770,-0.0002139400370266796,2,26.944937180402054,26.9661175167244,2
772,778,0.006581265560999219,6,27.188520979829615,27.394644377588502,6
781,783,-0.0012742626661240747,2,27.794452822245074,27.786829841510585,2
784,785,9.763918027383563e-05,1,27.931608530089562,27.96226735798026,1
786,787,0.0008967771083236284,1,28.190911849531435,28.244383725790396,1
788,796,-0.020320193356259997,8,28.224880761212592,27.679570607448582,8
797,798,0.004958617046772461,1,27.812302353137962,27.97802521204936,1
799,805,0.01355662483438445,6,28.070938384988136,28.47955650380753,6
806,809,-0.0010025206561297885,3,28.62607281943053,28.626000662944605,3
812,815,-0.002227834312926711,3,28.66157526183222,28.62638359626321,3
820,821,-0.0031764740906432983,1,28.50066486360078,28.438633904959044,1
826,830,-0.014797366046790921,4,28.480999888468116,28.08803710762831,4
833,834,0.0017637725168688952,1,27.88928534506747,27.966364985419283,1
837,839,0.003629925089957713,2,28.493304892640896,28.62522675985915,2
843,844,-0.002558365559217334,1,28.708000261788353,28.66326270290638,1
848,849,-0.008242504387576541,1,28.622225706339545,28.414929111079175,1
851,852,-0.005585689471270612,1,28.230489718874107,28.101033459401453,1
853,854,-0.003010919772129949,1,28.10920313394907,28.052677781588194,1
859,860,-0.004144729893742832,1,27.9398101604092,27.85194700417226,1
861,862,-0.00031515291160984704,1,27.75571730058452,27.774725722764007,1
864,865,-0.004692614477455609,1,27.90668190771563,27.80363329008545,1
869,873,0.00500619007639046,4,27.68836176629167,27.85466332996388,4
877,880,-0.015973173833638218,3,27.67302255694146,27.258669579694185,3
882,888,-0.0006117125338520202,6,27.221998753205646,27.232568714125012,6
889,891,-0.008134082733680964,2,27.276997816876175,27.082401457724146,2
893,894,-0.0010959098760095543,1,26.95922184737396,26.956636191749265,1
896,897,0.0020070992582199598,1,27.30146474431525,27.3835629586962,1
900,903,0.004264921205900587,3,27.309066311831863,27.452846394170372,3
905,909,0.004535676921066548,4,27.598560309393473,27.751337022752846,4
910,911,-0.0004914618030064453,1,27.841043382620185,27.855201616624402,1
914,921,-0.016370747592098146,7,27.779701645560305,27.352706863382604,7
923,926,-0.003461557034169961,3,27.179956663660242,27.113051650146375,3
927,932,0.004242357323891327,5,27.10348198410177,27.245568121384082,5
934,935,-0.0023176383894306348,1,27.345902083002514,27.30987007262434,1
942,946,-0.02194567757965406,4,26.934576615162392,26.37041365763671,4
949,950,-0.00011062037440642532,1,26.611924099844988,26.635592202937232,1
953,960,0.005300571872638426,7,26.618450113333687,26.786161571410986,7
962,964,-0.006657368480303742,2,26.703670297305035,26.552597794656638,2
966,971,-0.005054243758117856,5,26.444682514706802,26.337469325686143,5
972,976,-0.003546726093527446,4,26.22601871627342,26.159228230079346,4
977,980,-0.001021946790460884,3,26.144263409646005,26.1436896269752,3
981,984,-0.015720202049208102,3,26.134984733564373,25.750272477733336,3
985,992,0.024813373133943706,7,25.73831097454287,26.402703599566223,7
999,1005,-0.007500154483539457,6,26.21202925592985,26.04164701643925,6
1009,1011,0.0065249450287626,2,26.086313854216808,26.282611931972838,2
1012,1017,0.018768741585776516,5,26.3504270056618,26.871341787811595,5
1018,1039,0.05144755180682343,21,27.02514885337806,28.44255174795272,21
1040,1049,-0.015185675170730484,9,28.455994714539965,28.052327216859478,9
1051,1052,-0.0012210183348448683,1,27.821376577056434,27.81522754273228,1
1054,1055,0.0035709712782793605,1,27.810070964561284,27.937190000187204,1
1056,1058,0.006678458751782478,2,28.128317044989394,28.344299167176406,2
1059,1064,0.038977548699373886,5,28.361178059730257,29.494988436784737,5
1066,1067,-0.003213230843893461,1,29.358853478773653,29.293875558713083,1
1068,1069,-0.0021484172337370277,1,29.338483864444513,29.30479104396287,1
1070,1074,-0.017324848911066892,4,29.133054902637678,28.6574621830343,4
1077,1078,0.003002549220538965,1,28.796749806993606,28.912010215487644,1
1081,1085,-0.020746129584658338,4,29.2797630933057,28.70160109705719,4
1087,1088,-0.0025454547067575474,1,28.44338509458339,28.39942713121285,1
1091,1094,-0.019042314268570504,3,28.51831822402647,28.003781764217482,3
1098,1099,-0.00031049222692574696,1,27.729420262090432,27.748539912903986,1
1104,1107,0.00014353924274552034,3,27.981462955515934,28.013460856474996,3
1109,1112,-0.011331651373064262,3,28.280087905771136,27.987907896729098,3
1114,1116,-0.020691999855855,2,27.639712215448263,27.095431006485782,2
1117,1121,0.008781010102317344,4,27.108937725779388,27.374090519538328,4
1124,1127,-0.0016436823498014576,3,27.55263587333765,27.534900727935476,3
1131,1133,-0.00276864528246664,2,27.599256604501793,27.550443309508655,2
1137,1138,0.0006008556787208044,1,27.750001324011343,27.794425071215397,1
1143,1144,0.00017634905579681347,1,28.17602379849821,28.209168637489682,1
1148,1151,0.002599103469095977,3,28.442863619650062,28.54523242877457,3
1152,1158,-0.009959670760888537,6,28.71959977094746,28.462281612615282,6
1165,1170,-0.010749899255740748,5,27.994503133637103,27.721559548369623,5
1172,1175,-0.018407944228297987,3,27.713858614950748,27.23141730983075,3
1181,1182,-0.006730651259975504,1,26.768265514551718,26.614865920053393,1
1187,1188,-0.0002833587046455237,1,26.765313393826805,26.784494522687925,1
1192,1200,-0.008133282053342634,8,27.12077831704832,26.927318155806635,8
1202,1210,0.015463047558130629,8,26.936914619215298,27.380378325660743,8
1215,1226,0.009294857700252221,11,27.517633010018926,27.800923126104834,11
1228,1230,-0.0004781809311150665,2,27.60365852318795,27.618062638576337,2
1234,1236,-0.004827126770422598,2,27.74453851243491,27.63835664636095,2
1244,1247,-0.01048129764143407,3,27.579552047734747,27.31806210595275,3
1248,1253,-0.01879161567062186,5,27.068369975371105,26.586779939939102,5
1256,1257,-0.005718264958317613,1,26.493790884844085,26.36878615969913,1
1259,1260,0.0013975708119757057,1,26.356501589068433,26.419693167984175,1
1263,1269,0.010006387928757049,6,26.799654636150233,27.094622031432415,6
1270,1273,-0.01242265178069345,3,27.153049166808188,26.84288934139169,3
1274,1276,-0.009287526611918423,2,26.789096427905967,26.567081078350448,2
1280,1282,-0.008294238294847642,2,26.5691259833203,26.375324447112135,2
1283,1294,-0.006251953343579328,11,26.23277717449008,26.095003852697147,11
1296,1297,0.0023000212894315037,1,25.93053333179351,26.01610464383474,1
1298,1299,-0.004566026015997771,1,26.03705992924134,25.944211096153573,1
1302,1304,-0.025131947252686707,2,25.75719764279589,25.135626307902914,2
1309,1315,0.029151542965526137,6,25.61388757440457,26.386185806118384,6
1317,1318,-0.01449174411703684,1,26.32088426394923,25.965769628525887,1
1320,1321,0.00023213468841021094,1,25.674618927627105,25.706253516219547,1
1323,1324,-0.0025137962986975164,1,25.562337075824427,25.523640904572986,1
1327,1330,0.0064556780752061844,3,25.347674323199662,25.53665842290861,3
1331,1332,0.005851823808729215,1,25.684307292737977,25.860291640957076,1
1333,1334,-0.00015657419674715073,1,25.920752630598525,25.942614862206906,1
1335,1344,0.013656603220559851,9,26.055298465352728,26.437180636752664,9
1345,1350,-0.010722857468854315,5,26.46703504769145,26.209699838299574,5
1357,1358,-0.00026159794969012127,1,25.71953227885926,25.73852363422698,1
1361,1364,-0.005369254243364358,3,25.884486812885758,25.771390909041248,3
1366,1367,0.0015279740165327124,1,25.90373467599356,25.96921864418563,1
1373,1375,0.0018354746360622876,2,26.58058489957087,26.655953473865303,2
1377,1379,-0.00701462415140461,2,26.68408487142842,26.523590130102598,2
1382,1384,-0.0005800489655133245,2,26.655110703339005,26.66630454465323,2
1388,1389,-0.0003316077845677835,1,26.515468412704376,26.533191145379966,1
1390,1391,-0.0001413509266398863,1,26.595452149363247,26.61828830970689,1
1398,1399,-0.0015471179445181913,1,27.348070443085835,27.333107822998475,1
1400,1410,-0.007320810533191433,10,27.34453221654659,27.17169260928705,10
1411,1412,-0.00568548934536968,1,27.159317830069554,27.032063135749254,1
1415,1417,0.00021757632098011828,2,27.102167856091647,27.135166813920453,2
1419,1420,-0.0008196466676382551,1,26.95154605698545,26.956406858129128,1
1421,1423,0.008110150499428422,2,26.93349550068771,27.178863698174652,2
1425,1427,0.01089046333390126,2,27.437023704927956,27.76326262928278,2
1428,1429,-0.002546197134697261,1,27.864796123811033,27.821711655885473,1
1430,1431,0.0030634583408269776,1,27.8206946798642,27.933742913708695,1
1433,1435,-0.006161741984636967,2,28.03385794743492,27.889154405876297,2
1436,1445,0.0031066725201484196,9,27.879895714193157,27.994389315787238,9
1450,1452,0.0036806515187046947,2,27.540260645925084,27.669167008742956,2
1455,1460,-0.017252810169569144,5,27.904648742795416,27.451119783930256,5
1465,1467,-0.00031396645175559815,2,26.984420662189844,27.002932880044046,2
1473,1474,-0.006605041077941042,1,27.115418378219214,26.963435344363738,1
1475,1482,-0.028842408349887317,7,26.847912886488093,26.10040233256029,7
1483,1488,0.0030153030357870795,5,25.90243076452076,26.006436873403803,5
1492,1493,-0.01079040714370258,1,25.889181036671694,25.635715413705654,1
1494,1496,-0.006998078150135676,2,25.574796639830407,25.421397010910876,2
1497,1505,0.0039698855793212475,8,25.506393064371995,25.633156919443117,8
1507,1509,0.0035319033871700697,2,25.689933152820434,25.806357447891873,2
1512,1514,-0.0006750459294986351,2,25.680653978938132,25.688999011981725,2
1517,1518,-0.002568117677443464,1,25.715874296903845,25.675548779827956,1
1528,1537,-0.01808943763629613,9,25.695279595932064,25.25616171773019,9
1539,1540,0.004177906880832455,1,25.358913618929112,25.490219712247,1
1543,1544,0.0005451098834307543,1,25.695920288047198,25.73562330844811,1
1545,1546,-0.00047548406039839514,1,25.741059813491272,25.754561409665687,1
1550,1552,0.0024139798663624368,2,25.76324624358944,25.85120144755719,2
1553,1554,-0.005411222637598164,1,25.983032201085734,25.868415261246863,1
1556,1557,-0.004868129238984404,1,25.80963963063464,25.70980460893173,1
1559,1562,-0.0007066997752780359,3,25.747610799383175,25.755162579416687,3
1564,1566,0.0022934009912687777,2,25.909588715948072,25.99491938110854,2
1568,1575,0.008368291217287174,7,26.153571293409488,26.39858556565823,7
1577,1580,-0.012713444517435047,3,26.492637499628323,26.182317460155907,3
1581,1582,-0.0040922228762628465,1,25.981062193948762,25.900722959083026,1
1596,1597,-0.006764645245982538,1,26.300351688770043,26.148739491439706,1
1600,1601,0.0016361356245085494,1,26.021636353639703,26.09023291623954,1
1609,1621,-0.0007465788236196152,12,25.55207833458068,25.558553772331194,12
1622,1623,-0.0065796263479677665,1,25.62224325932271,25.479280715738952,1
1625,1631,-0.023682321612740052,6,25.38416651308175,24.808394684360685,6
1632,1634,-0.021422214358994347,2,24.737443371282993,24.232250000061168,2
1636,1639,-0.009791722752984941,3,23.784560091537124,23.57545283341062,3
1640,1642,-0.011774085475678181,2,23.408831652221235,23.156622899114442,2
1645,1647,-0.006838326129878334,2,22.355300539252536,22.224783003972934,2
1649,1651,0.01657658755198594,2,23.511054667727688,23.92429877853453,2
1652,1657,0.026239653476132524,5,24.197640692013476,24.856776039403886,5
1661,1663,0.02038071036347858,2,26.570989194412245,27.139095818449093,2
1666,1668,-0.01903199818991748,2,27.802695042863558,27.301356896175815,2
1672,1674,-0.01408067547568432,2,27.074670259390455,26.720515284116207,2
1675,1676,-0.009470432100194603,1,26.635314820636836,26.409702194981325,1
1678,1681,0.010198948341441586,3,25.7507145502564,26.03909547225993,3
1682,1683,0.002996235556585799,1,26.28327242247056,26.388306570268668,1
1685,1686,-0.0030811951500924017,1,26.481912509277542,26.426798481398063,1
1687,1693,0.03559918142931611,6,26.559762446943616,27.531828011458842,6
1696,1699,-0.007384298057105109,3,27.983213496795948,27.804560321236796,3
1701,1702,-0.009260930362977801,1,27.7994686707165,27.569819195899928,1
1707,1710,0.018293911012048778,3,29.50598879231463,30.075274714396055,3
1711,1712,0.007433269565732544,1,30.322787308982765,30.57850754834379,1
1719,1724,0.05523173395669073,5,30.512628482026873,32.22840648914755,5
1725,1728,-0.017729941851449518,3,32.42584625623342,31.883363733882593,3
1732,1734,-0.011125453432888208,2,31.44367303102752,31.125291583992887,2
1738,1739,-0.006596838222169718,1,31.27235915414323,31.097332819131903,1
1742,1745,-0.011652617027611199,3,31.206384121513103,30.873954462650097,3
1748,1754,0.0021074259391536338,6,30.380752104932828,30.475158042074693,6
1756,1757,-0.0016185070329059262,1,30.387189417589383,30.36839472722436,1
1760,1761,0.00858534684669288,1,30.986186632883264,31.28319997921581,1
1767,1769,0.006571864087295648,2,30.413563857760774,30.643851229702026,2
1770,1776,0.06629163934141585,6,31.368903121518972,33.47976803690804,6
1778,1782,0.012000053957998233,4,33.65641348184648,34.09394867314318,4
1786,1795,0.021749847197654347,9,31.969315703974658,32.69661275125365,9
1801,1802,-0.0036822819421784914,1,34.99235993344463,34.89850055828094,1
1803,1806,-0.01421362806058056,3,35.10604753030322,34.64216927556073,3
1809,1813,-0.021941910312789813,4,33.84946922642972,33.14059667775429,4
1814,1816,0.0005364107762900327,2,33.28242924710423,33.333564730060594,2
1818,1822,-0.039445903066496604,4,32.85101546986472,31.58802851347432,4
1823,1824,-0.013603548138240627,1,31.343787071285703,30.94874414209799,1
1825,1827,-0.022446069255627546,2,30.60564963217022,29.949278750545226,2
1828,1830,0.0012179791524337268,2,30.499536958420528,30.567184295553187,2
1832,1834,0.02013491973202555,2,31.263896728892206,31.92465667676768,2
1840,1849,0.0029659150333881173,9,30.05541189454695,30.174609104414206,9
1850,1853,-0.009535865851522381,3,30.467629898708278,30.207562297079072,3
1854,1861,0.013419146814612287,7,30.441448147439655,30.880387857526994,7
1863,1867,-0.0111545008028235,4,30.797594067090323,30.484859873411022,4
1869,1873,-0.025716157772118123,4,30.466637292514687,29.713619078406996,4
1875,1876,-0.0010831448382195381,1,29.522020785123527,29.519566181481434,1
1879,1884,0.017207153336970083,5,29.83646717024079,30.37970430304284,5
1885,1890,0.028119835733381494,5,30.38269473270199,31.267433812455746,5
1891,1895,0.02216554323066035,4,31.33359505508017,32.059454805900636,4
1896,1897,-0.004023097532590921,1,31.98203003959208,31.88534524349214,1
1898,1906,0.0016299747284315193,8,31.786157129237885,31.869753919201735,8
1908,1909,-0.0091847765939763,1,31.947815719843405,31.686329985510962,1
1910,1911,-0.004711569898756562,1,31.638930473112865,31.521500371140007,1
1912,1922,0.05768926675275206,10,31.244467908430767,33.07818282005646,10
1923,1926,-0.020106578934575032,3,33.153925897603415,32.520467795449804,3
1927,1928,-0.003647886526215087,1,32.62807569295135,32.54168025094766,1
1929,1931,-0.00464487652102928,2,32.67053217379085,32.55145211814107,2
1932,1933,-0.002884687918937299,1,32.499965132448295,32.43871284079729,1
1935,1940,-0.027790538022750364,5,32.44725013011562,31.577970841771066,5
1941,1943,-0.005887698264403116,2,31.614683103110142,31.460160071377416,2
1944,1947,-0.009505957457742423,3,31.533030188506913,31.264811575209766,3
1948,1949,-0.0029213530298029893,1,31.395214279741428,31.334892989663732,1
1950,1951,-0.007879036035843699,1,31.150007044453563,30.935725023477982,1
1952,1954,-0.001747259930152264,2,30.767620500000213,30.74462909005443,2
1955,1959,0.021896361567045868,4,30.66149128365076,31.363527874266055,4
1961,1964,0.036130231066633454,3,31.968066569712416,33.15504826819936,3
1965,1971,0.025427096354173166,6,33.25078587671611,34.129507598932065,6
1973,1979,-0.01300741920579472,6,34.22961390126669,33.81860457790168,6
1982,1987,-0.006909079306602646,5,33.535932415197145,33.33776593093488,5
1988,1990,-0.006696065486139384,2,33.48765971017645,33.296911807489735,2
1993,1995,0.00772009912173171,2,33.45588160489781,33.74762020869744,2
1996,1998,-0.0029153996497127384,2,33.83341466830359,33.768610157699335,2
673,674,-0.0028599932969388246,1,27.066596300400136,27.016252612710442,1
676,679,-0.013153883054533872,3,26.955352817676932,26.627740611837186,3
681,686,-0.00843548558428396,5,26.306552186843952,26.11095019728646,5
687,690,0.011181403126861288,3,26.08293830224703,26.40066508843975,3
697,700,-0.005455679378677112,3,27.088959608697824,26.96825988997953,3
703,704,0.007101857970115424,1,27.15629670981021,27.376313168747405,1
710,712,-0.015222528785360515,2,27.672057977804013,27.27849133666453,2
714,718,-0.026536043552849085,4,27.47098468220695,26.769484420922463,4
721,722,0.003013931802914216,1,26.76615680361359,26.873594331649404,1
723,728,-0.021104197964494812,5,26.807263477596294,26.268324945756326,5
730,734,0.0030459129876835994,4,26.005596713683726,26.11081309518008,4
744,746,0.0022114859829631627,2,26.277662961120683,26.362053307385352,2
750,751,-0.0050317758831921145,1,26.386389032497693,26.280005025551944,1
755,757,-0.000723067809287612,2,26.307326497973836,26.314611843532706,2
758,759,-0.0006157357207606721,1,26.399299442257956,26.409443750030558,1
760,763,0.015427971463879173,3,26.50247193887365,26.937853791607726,3
766,769,-0.0017467006523407065,3,26.949185200568138,26.929062226398823,3
772,776,-0.0018786062131015923,4,27.21836262702018,27.19444840450563,4
777,779,0.012518491225694907,2,27.187699454598462,27.55523613112228,2
781,790,0.0038181591881987107,9,27.770021812141877,27.903822197892527,9
791,792,-0.0053421402858535106,1,27.863907405511565,27.7429184106448,1
793,796,-0.004919000088755322,3,27.752272592978365,27.64351143422332,3
801,806,0.015729149066302402,5,28.06093477019945,28.530370330909903,5
807,808,-0.00400673866315039,1,28.60255786940139,28.516557452790465,1
812,813,-0.0034492684868446593,1,28.673934507851836,28.603704343667907,1
814,815,0.0005025424670194404,1,28.565045211971157,28.607965405474474,1
816,817,-0.006351826593859424,1,28.589952165147704,28.436943698833097,1
819,820,-0.00044113865923034175,1,28.462486947369033,28.47839353098608,1
822,829,-0.005909664075223287,7,28.460060981620234,28.32033164264011,7
832,842,0.024916106905598232,10,27.951805858816694,28.676207847658315,10
843,844,-0.0026216028812360934,1,28.682569232137062,28.636057495228975,1
847,848,-0.00515860085393941,1,28.621567649258647,28.502541973591356,1
849,851,-0.009509840453389873,2,28.419275359441137,28.17743186033134,2
854,855,0.001268890351145904,1,28.09135166205868,28.155087858795373,1
857,861,-0.009111249003545756,4,28.03098273378889,27.803616453021036,4
862,863,-0.001401857405680042,1,27.80070819664043,27.78953627616846,1
865,867,-0.005867227056056158,2,27.841241013044442,27.705731371511572,2
869,874,0.004402401908679204,5,27.668931020260995,27.818409706015967,5
876,877,-0.007023790362595378,1,27.75387623681577,27.586692704615775,1
882,883,-0.0023252263406569875,1,27.21767947415395,27.181609888383242,1
885,888,0.0025242309165448393,3,27.12546550539141,27.22106190955118,3
894,901,0.007896035590224875,7,27.05355843813184,27.29422785683969,7
903,907,0.004284204909945091,4,27.49232577825624,27.637600861119513,4
910,912,0.0018735702542269019,2,27.83871267640731,27.918709173070205,2
914,916,-0.010649345413966105,2,27.699751891857247,27.432467417971555,2
919,927,-0.008515717605760208,8,27.338199981630282,27.13273379071855,8
928,932,-0.000916268825377335,4,27.234151882578516,27.236432230105496,4
934,940,-0.011589945472336095,6,27.373615430594903,27.083730335804205,6
942,944,-0.010875526106954234,2,26.915066930520936,26.649266484378156,2
947,949,0.00914579254640525,2,26.322911218254724,26.58997801469258,2
952,953,-0.004385590565887186,1,26.647655446592466,26.55743739570947,1
957,964,-0.010431848729848342,7,26.793689082958075,26.540975060613025,7
965,967,-0.0017003566387231953,2,26.484033672124102,26.46548540332166,2
968,974,-0.011069753345193854,6,26.481873511855024,26.21520757747202,6
976,977,-0.0013717402486181174,1,26.1756940700618,26.165963511040445,1
980,981,-0.0037296220177148154,1,26.13758913712501,26.06624339832633,1
983,986,-0.0036957157184373704,3,25.90007530992423,25.830256069802555,3
987,997,0.010910122167919895,10,25.96572630955801,26.27498128208362,10
998,999,-0.0022664646016131128,1,26.23467597434699,26.20145068589069,1
1004,1005,0.002572924776891641,1,25.94104699883794,26.0337324083986,1
1007,1009,-5.2407147552218356e-05,2,26.045259416478068,26.06993971814127,2
1010,1011,0.0004319584783250023,1,26.18830001188344,26.225800570118377,1
1014,1015,0.002057723531002369,1,26.65835557359349,26.739869454728694,1
1017,1020,0.014110919459480124,3,26.90826001266825,27.31486856251443,3
1023,1027,-0.0038035734087870777,4,27.58957742113424,27.512228015516676,4
1029,1037,0.022149595148661633,8,27.59998358102371,28.238912027034118,8
1039,1043,-0.004041761629751444,4,28.493196906721305,28.406527393661488,4
1045,1048,-0.017345664081495075,3,28.46224152328753,27.997007284341493,3
1050,1052,-0.004221418205660305,2,27.867571762955315,27.777798659930586,2
1053,1054,-9.846513953574694e-05,1,27.837228263937305,27.862324495635946,1
1059,1062,0.03085521244643321,3,28.488981466743077,29.396504023748676,3
1063,1064,-0.005478428038003829,1,29.570885754631284,29.438454670759135,1
1065,1069,-0.004572207051717165,4,29.394613637093524,29.289609990976597,4
1071,1073,-0.012916778073051423,2,28.996661986495592,28.651115200743238,2
1074,1075,-0.0019454781440587932,1,28.695320936390935,28.668190137608825,1
1078,1081,0.00712922248850005,3,28.99741522735543,29.23314166733002,3
1082,1084,-0.01437898272095484,2,29.22851548059884,28.837467677024748,2
1085,1087,-0.012919122899668053,2,28.746105532328116,28.40347716760147,2
1088,1090,-0.0017954812572285885,2,28.486208048558215,28.463547803966073,2
1093,1094,-0.008167150056774385,1,28.235177930258086,28.0328121731522,1
1097,1103,0.0011848992362554992,6,27.89709410317399,27.958046442773764,6
1104,1106,-0.0019208245865568359,2,28.000339501610743,27.97455610056572,2
1109,1119,-0.03854790383837276,10,28.266883341081122,27.205521123579707,10
1120,1122,0.007372128720635679,2,27.198588366465614,27.42629844928925,2
1123,1124,0.002211147158220739,1,27.473457070286333,27.561678383884082,1
1127,1128,0.0028543662511371667,1,27.57271856962068,27.67899392552753,1
1130,1131,-0.002616862539422554,1,27.656220176716545,27.61150387033079,1
1132,1136,0.0007280262606963693,4,27.610304469832077,27.65801580102177,4
1138,1142,0.0023516150847822893,4,27.85301945203113,27.946372052183293,4
1144,1154,0.014685300948435488,10,28.22533271990615,28.6680555579876,10
1159,1160,-0.004518383818445564,1,28.39648529551875,28.29657556115427,1
1161,1166,-0.011914849524917042,5,28.287099829748538,27.978350391610526,5
1168,1173,-0.007294322873081121,5,27.86263415381694,27.68725773835828,5
1174,1175,-0.01197149135755057,1,27.524118885453664,27.222138252977715,1
1179,1181,-0.007699736898068333,2,26.88686878351037,26.706733836647963,2
1182,1186,6.179346008628578e-05,4,26.65983391515103,26.688141152449123,4
1187,1188,-0.0003242284525425285,1,26.754706208243803,26.772786277459918,1
1189,1193,0.0064147198388505135,4,26.894929785305855,27.094348154749454,4
1196,1197,-0.0022098101652898248,1,26.91474888868719,26.882187151885432,1
1201,1205,0.0027706025088704697,4,26.855026552953856,26.956286183450207,4
1206,1208,0.002900404527877408,2,26.990091432946112,27.095363707779,2
1209,1210,0.0013764181565438772,1,27.327607485588686,27.392549308192343,1
1211,1224,0.016279335512016147,13,27.5601208640815,28.03634143924368,13
1225,1227,-0.012618667473391878,2,27.943146934425982,27.618484802034757,2
1229,1235,0.004951986453732931,6,27.545848438190063,27.70980095495075,6
1238,1239,-0.003082740016347173,1,27.532550894010992,27.47520774851192,1
1246,1249,-0.022339252520614365,3,27.513915937639204,26.926789537614965,3
1251,1252,-0.0071574963704085105,1,26.805103778957463,26.64005144973011,1
1253,1258,-0.012188408939108615,5,26.60596187930582,26.30828349758181,5
1259,1260,0.0022150942433029246,1,26.352664948208474,26.43739124957915,1
1262,1267,0.010008549960983902,5,26.713059690166002,27.00713174237594,5
1269,1270,-0.0004835464128302642,1,27.091081409194942,27.105072695369028,1
1272,1275,-0.011481370004960023,3,26.933238337141265,26.650941100697914,3
1278,1284,-0.017579206616858335,6,26.52278272654531,26.083056031667873,6
1285,1286,0.0010176321724546136,1,25.93592633638286,25.98825549578156,1
1287,1290,0.00471134498830112,3,26.033198871035356,26.18188345093689,3
1294,1300,-0.007934673534490256,6,26.121737265860403,25.940591545767933,6
1302,1304,-0.02528546870586843,2,25.737903850794286,25.11284679227117,2
1306,1307,0.0026695177312647763,1,25.238864799230544,25.331479261128315,1
1310,1311,0.004725999317459963,1,25.654754683294875,25.801653791101025,1
1312,1315,0.019232850796323718,3,25.907609321407254,26.431794115296732,3
1316,1318,-0.021321072910562497,2,26.53027954345615,25.991155798515972,2
1326,1329,-0.0019142962606444368,3,25.358620771115316,25.335435478969185,3
1330,1332,0.010361529886626007,2,25.517015483019236,25.806927817047058,2
1333,1338,0.01120269222501584,5,25.9333326363593,26.24978911288975,5
1339,1340,-0.0016626407715919363,1,26.202957795403073,26.185594647231536,1
1343,1344,-0.0020083766316930205,1,26.413531498695487,26.386896710771715,1
1346,1347,-0.001405207918364443,1,26.380295059845675,26.369605555398635,1
1352,1355,-0.020072644496928572,3,26.027499853233866,25.531086601389276,3
1359,1362,0.005474124679512382,3,25.739221394669656,25.90586032313232,3
1369,1373,0.015199919890404326,4,26.108874685418918,26.53183636375131,4
1374,1375,0.002889101302953317,1,26.692935109468852,26.796746638182736,1
1378,1382,0.0021637919362990808,4,26.614106366685718,26.698307861800444,4
1385,1390,-0.002719859712424284,5,26.644344229112075,26.59851969490846,5
1393,1397,0.01152727209959055,4,26.973188993326424,27.311089471239505,4
1399,1402,0.001023375103427066,3,27.386539365381452,27.44195260730239,3
1403,1405,-0.0018264005106222135,2,27.479670388436812,27.456961174796078,2
1407,1409,-0.004383808791237141,2,27.31335776280649,27.2209345826905,2
1413,1419,-0.0025492256019121265,6,27.0073412417714,26.96550077728007,6
1421,1426,0.024765452378406248,5,26.946386124757865,27.64067195322546,5
1427,1429,0.0010335497480859668,2,27.81623926104426,27.872804967386255,2
1430,1435,0.001627533342445231,5,27.8639270387993,27.937140436145206,5
1436,1438,-0.0044983218788550005,2,27.897700339229345,27.80010520376288,2
1439,1441,0.0016807314796972905,2,27.85655033575059,27.93122626715141,2
1444,1454,-0.007390329714642452,10,28.071983242278087,27.892594013616012,10
1457,1460,-0.01597477032268177,3,27.82357262516386,27.406921015545574,3
1461,1465,-0.017248818543027847,4,27.34434255661082,26.900029296230056,4
1467,1469,-0.004333106021843882,2,27.057249491608914,26.9670648103939,2
1471,1475,-0.009314770125988008,4,27.013478231768815,26.788867369968276,4
1479,1480,0.0015234369840444913,1,26.345588235640854,26.412069667361077,1
1481,1485,-0.022906469779237628,4,26.43541617098801,25.85630952553669,4
1487,1490,-0.004574205923247587,3,26.08310360628008,25.989877222873833,3
1491,1494,-0.01685825175588641,3,25.9506907542792,25.539158167058687,3
1495,1496,0.0003154993378125298,1,25.362491608524323,25.395855949440612,1
1499,1501,-0.0028206779132549766,2,25.66587251083408,25.619143223629187,2
1502,1503,0.0003443817651489756,1,25.77923320957803,25.81389034062451,1
1508,1509,0.003041772968132961,1,25.69044611359129,25.79428106423248,1
1514,1517,-0.0037457469380908445,3,25.766205138426468,25.695457659561413,3
1521,1523,0.0035700345595590655,2,25.70430120760185,25.821770752449908,2
1532,1534,-0.0034437783843231963,2,25.386561004412847,25.32452187537796,2
1541,1542,0.0006851620118003723,1,25.615731929720106,25.65889858807253,1
1543,1545,-0.001379488539345167,2,25.741633809778595,25.731865154763764,2
1547,1548,-0.0038983066046465007,1,25.768147309543956,25.6934633180072,1
1549,1550,-0.00042848066142874485,1,25.70279014129701,25.717479782918,1
1551,1552,0.0012090065471593355,1,25.770585729248698,25.82751312184874,1
1555,1560,-0.011247985487751865,5,25.869637889490782,25.604526215825885,5
1565,1566,0.0007253064470961995,1,25.968871088279048,26.013675348991466,1
1567,1569,0.0006036878618739651,2,26.17204786473995,26.21401966022102,2
1571,1572,0.0015523578795787018,1,26.328971056020734,26.396172012756768,1
1573,1574,0.00042431655680150366,1,26.36444934181789,26.402000663526394,1
1576,1579,-0.005220295838958227,3,26.442103279890677,26.33050978144525,3
1581,1582,-0.00474949307645984,1,25.975368474754326,25.87797401049974,1
1583,1585,-0.0020217235597900576,2,25.933334170097204,25.906837471591707,2
1586,1592,0.015294790251276204,6,25.979728441368923,26.403062667106145,6
1596,1605,-0.0048658434838407295,9,26.275612302644568,26.174034898040464,9
1608,1609,-0.009628201777133888,1,25.823978844701816,25.601164344541292,1
1612,1613,-0.0019150160672046102,1,25.304296138349894,25.281142300814,1
1626,1628,-0.004629082694404543,2,25.282847988352785,25.191094442252993,2
1630,1634,-0.033407672450077475,4,24.994956065168402,24.184927716104347,4
1636,1637,-0.003405801722854737,1,23.778093826590716,23.720888447496502,1
1642,1646,-0.05459086817351617,4,23.16401610492997,21.922636371481463,4
1648,1649,0.028088645182325005,1,22.843740650957955,23.508234117390725,1
1650,1653,0.01656413411178928,3,23.83617411848918,24.254835877418284,3
1655,1661,0.0874130727956413,6,24.430203538168293,26.5901529020007,6
1662,1668,0.007865082405384794,6,27.065362997329046,27.30529967063202,6
1669,1672,0.008593721910389155,3,26.815257917158178,27.072516044570754,3
1674,1681,-0.030077171197305328,7,26.793160532670125,26.01409121694479,7
1685,1690,0.017435481821035236,5,26.473271549033623,26.96131906541916,5
1694,1695,0.0049176654628565585,1,27.75190301143895,27.91612948941829,1
1696,1698,-0.00195822441421354,2,27.982125065796332,27.95531191039671,2
1701,1703,-0.008412126104952218,2,27.833648323521082,27.627341812186252,2
1704,1707,0.05994325264800837,3,27.771101985233194,29.463563269832868,3
1710,1711,0.006157923691285281,1,30.084015531778274,30.299354619282184,1
1713,1714,-0.00020252979521314133,1,30.646081309327993,30.670520646065658,1
1715,1721,0.015064363361214937,6,30.873837406200703,31.36980594864898,6
1722,1727,0.0046918039278679765,5,32.05650235059713,32.238961676589966,5
1729,1736,-0.03244642451445906,7,31.8988261682524,30.895722139052598,7
1738,1739,-0.008294301884119996,1,31.325576223312982,31.097078013646126,1
1741,1745,-0.005383626497901231,4,30.918074109203403,30.782540820274225,4
1748,1750,-0.007470461585781244,2,30.381400968928524,30.184819281036855,2
1752,1753,0.0027049102692677336,1,30.407522855786578,30.520179999477975,1
1754,1761,0.022068341880030456,7,30.522323360014845,31.226422750256507,7
1765,1770,0.013130364846689484,5,30.932795905536185,31.369887597409594,5
1771,1774,0.04610538347941268,3,32.57860391225991,34.113231542770805,3
1776,1777,-0.001808962361356785,1,33.52121181809181,33.4940944194239,1
1778,1779,0.00040667616627258654,1,33.59963567853395,33.646899485238386,1
1780,1784,-0.0063693361465297724,4,33.520853350093375,33.340868620538195,4
1785,1786,-0.024799347190384163,1,32.688154564510285,31.910197825016564,1
1788,1795,0.01638151060622648,7,32.14016897197421,32.69881365984649,7
1796,1797,0.021941765142321518,1,33.18954981516821,33.95097667220718,1
1800,1808,-0.02439607326726985,8,35.046277048900706,34.22633178331959,8
1810,1812,-0.010755614367031794,2,33.627760464131235,33.29970100101625,2
1813,1819,-0.022175007219864006,6,33.173675522658975,32.471222703957245,6
1820,1821,-0.01189346458739331,1,32.23992777154412,31.888723260064683,1
1823,1825,-0.026647681235462385,2,31.36086212950696,30.55652873434008,2
1826,1832,0.04736287876777128,6,29.873849004413852,31.318634342141024,6
1833,1839,-0.03829615492419013,6,31.54598239900787,30.369438552218696,6
1840,1843,-0.008712497607356356,3,30.06331551861568,29.83145226960916,3
1844,1845,0.0015317465355673995,1,29.855901658998217,29.931489234589627,1
1846,1855,0.02197998697029805,9,30.210256038844463,30.904487328986477,9
1860,1862,-0.00017452451900178232,2,30.769213366424708,30.794612597628294,2
1866,1870,-0.014048709132651552,4,30.730065716534636,30.329078027372308,4
1872,1884,0.014688113338094135,12,29.8955136913703,30.364517898461063,12
1890,1898,0.015497544190932227,8,31.257779964355645,31.77345657062804,8
1900,1901,-0.0007751140764972932,1,31.691574051694683,31.698701040592553,1
1902,1905,-0.0033306098673545506,3,31.858294669378672,31.78404541346513,3
1908,1910,-0.012216551644319337,2,31.952044138448066,31.593652385227593,2
1911,1915,-0.0030504212717668076,4,31.49171711836186,31.427145831697906,4
1919,1921,0.03188584827246439,2,31.541464525108218,32.578732341772245,2
1925,1928,-0.00690470144918147,3,32.758421690097485,32.56499299007107,3
1929,1931,-0.002141409192756935,2,32.593662723268444,32.55646001701049,2
1933,1935,-0.007118298193605432,2,32.57371726003876,32.37442154456765,2
1937,1939,-0.014433472702071785,2,32.127068957834155,31.69549085399151,2
1942,1944,-0.0011398382772950504,2,31.526809532958683,31.522400878224985,2
1946,1950,-0.010762528805630476,4,31.459304993071697,31.15218262187172,4
1953,1958,0.004957110925993754,5,30.75678863528601,30.940010236913754,5
1960,1964,0.042563534105772606,4,31.737208019211383,33.1197929631783,4
1965,1969,0.03143141712011791,4,33.27216318389937,34.351226586605044,4
1970,1971,-0.002504434676142614,1,34.23158219344215,34.18008301417111,1
1972,1973,-0.0006963815655677058,1,34.23957725219967,34.24997301904061,1
1974,1976,-0.009880617090254607,2,34.139842054134576,33.836659189330035,2
1977,1980,-0.0007091892158351744,3,33.742845263993416,33.75265804728459,3
1983,1985,-0.007661381391578227,2,33.3466579148216,33.12452310831648,2
1986,1990,-0.0016835300030605693,4,33.261452239973245,33.23871703942186,4
1991,2000,-0.000992189453438638,9,33.290738717418215,33.29099873628303,9
673,678,-0.014354094487831315,5,27.03907888014146,26.677996465912127,5
679,680,-0.008025078222002324,1,26.689505569833447,26.5020097054988,1
684,686,-0.007362334193327963,2,26.252502257959456,26.08547506518322,2
687,692,0.015972475424978698,5,26.12562326740048,26.569039766268688,5
694,695,0.00012058330945233795,1,26.774357394719058,26.80436029273689,1
697,699,-0.0042693042631642515,2,27.112588425396293,27.023949124471727,2
701,703,0.006811171880546137,2,26.947137720442644,27.15762644486577,2
705,707,0.0051361145069779065,2,27.531221367555258,27.700156094383534,2
708,709,-0.004525602184555059,1,27.753739905037616,27.655891258998842,1
714,716,-0.014422334022851015,2,27.43168409705426,27.063486870294266,2
718,719,-0.007064223135676121,1,26.804575098736713,26.642026174280986,1
722,725,-0.01619885553123195,3,26.867488086410077,26.459133016497635,3
726,728,-0.0077898697315218635,2,26.386822901367008,26.20765981123799,2
729,732,-0.007506746150433026,3,26.13881098500713,25.968732377253538,3
735,736,0.010350883263323223,1,26.29849355213246,26.597004682443973,1
738,739,-0.006264887287927316,1,26.644365121884046,26.504085542658945,1
743,745,-0.004479554085210637,2,26.342004178001908,26.250345749751705,2
753,754,-0.002753052425738586,1,26.227463645459977,26.181485526695333,1
756,760,0.006656432038813381,4,26.314848368661966,26.516326216808306,4
765,766,-0.0012219489375708322,1,26.945880644460598,26.93990003487965,1
768,770,-0.0017672181261331505,2,26.98508942593781,26.964385976194908,2
771,774,0.002594310803606704,3,27.13927915719131,27.2368261614681,3
775,779,0.0140457053383828,4,27.186353868633887,27.595391738166356,4
784,786,0.008566949714150039,2,27.949683125576094,28.217076338564908,2
787,789,-0.005409226954093816,2,28.24137355940744,28.116850933888667,2
790,791,-0.005598865685693519,1,27.977565610525048,27.848900544069565,1
793,797,-0.002039962337870752,4,27.82027622717595,27.791344187670525,4
803,804,0.006135283049140594,1,28.202983341368267,28.404219610339126,1
806,807,-0.0025484384924180535,1,28.570372848588963,28.526133383527473,1
808,810,0.00017387936034173805,2,28.577074147023527,28.610620184543674,2
812,815,-0.007850044158081326,3,28.709073923517753,28.512415499404035,3
817,818,-0.004505061706348207,1,28.46545781706929,28.36568463092101,1
819,822,-0.002655451641622195,3,28.523722544360314,28.476502901049077,3
823,824,0.0038398156523448473,1,28.48452508143871,28.622384931777468,1
825,833,-0.024885789708635725,8,28.576438503955316,27.89386770322808,8
834,835,0.002455587301164701,1,28.050510280077745,28.14744126719277,1
837,839,0.0036490674318648796,2,28.505636956197566,28.63816158459519,2
843,846,-0.004545989013377856,3,28.70057804981775,28.598806115375503,3
847,848,-0.0014112783602286188,1,28.567014846649236,28.55526585162648,1
849,854,-0.01161185783151224,5,28.414817360977807,28.113283358834725,5
855,856,-0.002733807362680125,1,28.207053742509043,28.158148145050767,1
860,863,-0.0025311519828785495,3,27.833374829006758,27.790757701947122,3
865,867,-0.0072054546799196215,2,27.851296341309705,27.678466384086697,2
868,870,0.002725979755904707,2,27.655814152568123,27.758859156233655,2
882,886,-0.006244841544914862,4,27.254490474454737,27.11154499052883,4
887,889,-0.0024469555180945757,2,27.2056555910632,27.16629021758233,2
894,898,0.013118582103172096,4,26.945114540990332,27.32554135291668,4
903,905,0.0033707864159799317,2,27.45172856051991,27.5717142028074,2
907,912,0.005480040128583885,5,27.658515637456556,27.83774392868434,5
914,919,-0.016517248689121702,5,27.76678060264587,27.335916562738333,5
921,926,-0.010390703827619922,5,27.335778530308744,27.079076330233203,5
927,928,0.002323719207533593,1,27.106152627625793,27.19624586775657,1
929,932,-0.0006120066662242127,3,27.253749385292963,27.264323658374852,3
936,945,-0.02875987098394559,9,27.329824992994425,26.571152577175088,9
946,950,0.00906849212491816,4,26.42469831345973,26.690755180332136,4
952,957,0.004547288536587932,5,26.60765526500094,26.755255606037963,5
958,959,-0.002291673005868611,1,26.830042253947475,26.795386612621737,1
961,963,-0.006429636074890949,2,26.770665243022368,26.625310273270024,2
964,966,-0.006564711918606278,2,26.54752158808355,26.399792278292885,2
967,968,-0.003840847130760745,1,26.50326535262038,26.4279736272876,1
970,971,-0.00589072494636191,1,26.351663204528236,26.222784467915723,1
978,983,-0.011598661503676638,5,26.15716584241179,25.879934895752534,5
984,993,0.02088412832237912,9,25.79659278379105,26.36112873055169,9
999,1000,-0.005013139842222558,1,26.25490652852571,26.149541917082253,1
1003,1006,0.003226426372011427,3,25.95197045149843,26.061654543820303,3
1012,1013,0.004708872451359763,1,26.343224060849924,26.493614166970907,1
1015,1022,0.029193932599249933,7,26.82070879138558,27.630531464896787,7
1023,1025,0.001162838595378973,2,27.680326265898497,27.740194343879065,2
1027,1032,0.01041488395305041,5,27.605764567073052,27.920881166041422,5
1033,1044,0.009302719482130722,11,28.11718531274736,28.40686878565168,11
1045,1046,-0.0077901761299733535,1,28.500218774430977,28.306697269209817,1
1047,1049,-0.009632466938998871,2,28.241800081654258,27.998003676151562,2
1053,1055,0.0047729112386264965,2,27.769214534582744,27.929523745257267,2
1056,1057,0.0038042367709192346,1,28.110446010907488,28.24549524928003,1
1058,1060,0.010938136434262887,2,28.35186115840773,28.69032954508208,2
1062,1063,0.0018808056631602135,1,29.48388878330582,29.568826137084752,1
1065,1066,-0.004830502134048892,1,29.42828363773573,29.31555853445999,1
1067,1072,-0.0198636030290242,5,29.340905530487618,28.7874303360484,5
1074,1084,0.003481673886886423,10,28.66979914203671,28.798287832193854,10
1086,1087,-0.007732363361103709,1,28.609836664296086,28.417224848170218,1
1088,1093,-0.00937703109600926,5,28.439396664892488,28.20115895467894,5
1096,1099,-0.012984413069636016,3,28.039857580973184,27.703816345309036,3
1100,1101,-0.0028462937134148265,1,27.850804488188807,27.79938372294872,1
1102,1106,-0.0004579392815465608,4,27.899411561514185,27.914534736589648,4
1108,1110,0.0025726812158433443,2,28.143991911981225,28.244541423224007,2
1114,1116,-0.019401442070647864,2,27.63384915788517,27.125346483417324,2
1122,1128,0.0070879596125414885,6,27.44893659232214,27.670942482888055,6
1135,1138,0.007819668933922348,3,27.576888135281582,27.820107158862577,3
1139,1149,0.018456941817891623,10,27.882176571894252,28.42467845920978,10
1151,1154,0.0015291791933289122,3,28.580889794549105,28.653175986344305,3
1158,1160,-0.006979292188731427,2,28.448383665050766,28.278282466820293,2
1163,1168,-0.01148701134730137,5,28.128817175097737,27.83382995019632,5
1173,1177,-0.024908498313508626,4,27.68758600702102,27.025617403667034,4
1178,1182,-0.01585944875273079,4,27.046582714956028,26.644685405166644,4
1184,1189,0.005826737696135306,5,26.701726945910245,26.884012631803802,5
1191,1195,-0.0030693997342156145,4,27.061164267929165,27.005163901785547,4
1198,1202,-0.00034039838789343244,4,26.861137877390522,26.878855527237466,4
1205,1206,-0.0025422443604919956,1,26.95838180467417,26.91680539236792,1
1211,1212,-0.00039997989090890835,1,27.588367371423935,27.604920946623782,1
1214,1215,-0.007285092248847215,1,27.664148571457584,27.49027684570016,1
1218,1220,0.004231063476619483,2,27.603553802684495,27.74794974480662,2
1223,1239,-0.02232473774168429,16,28.05709554907816,27.45878534470069,16
1240,1242,0.003634976730068227,2,27.393437785793548,27.520405732487273,2
1244,1247,-0.009989978943331444,3,27.618065604223236,27.369779775985723,3
1249,1250,-0.006967173115513362,1,26.954636710382402,26.79379372686578,1
1251,1256,-0.01202246034887711,5,26.73973444208129,26.444996779453945,5
1258,1259,0.0014300209166494523,1,26.33484068277385,26.398834896469623,1
1260,1261,0.0030060444222758343,1,26.484746166828984,26.590845236486,1
1263,1268,0.008260361680609177,5,26.8127875272216,27.061083637389,5
1271,1273,-0.0029789372818398536,2,26.946886834498464,26.893560635512156,2
1275,1277,-0.006781385532992103,2,26.666579153194682,26.512409378264014,2
1279,1283,-0.011663894484762478,4,26.538024299419867,26.25502560845679,4
1285,1286,-0.0017792539688901753,1,26.02413330787898,26.00385389871189,1
1287,1297,-0.001646597959860893,10,25.997410549135434,25.980600676512697,10
1303,1304,-0.01765802789935217,1,25.479254250078263,25.054820121925772,1
1305,1310,0.020771482592372964,5,25.191763739942513,25.740225785677843,5
1311,1312,0.0026603522356258695,1,25.83876109436881,25.933340061306385,1
1313,1318,-0.005156341496052189,5,26.12295891601122,26.014382977868937,5
1319,1326,-0.019755593586749182,7,25.74911261509584,25.266172723667665,7
1327,1329,-0.0008128914013524973,2,25.35918259725409,25.36392751837271,2
1331,1333,0.009020081982862048,2,25.672887208950307,25.93013164352076,2
1335,1341,0.01093535927311955,6,25.98275538430016,26.292868904717363,6
1342,1343,0.0003507027039500001,1,26.402992269070744,26.43865486212095,1
1344,1351,-0.013157154927071639,7,26.50819956482256,26.18593527587528,7
1354,1363,0.004203296313297032,9,25.65229248160134,25.785768960498473,9
1364,1370,0.010427474488237026,6,25.859941527554586,26.155455349628017,6
1372,1373,0.0063347068797119455,1,26.359371238513862,26.55270950008187,1
1374,1375,-0.0006340885285494373,1,26.67911477217454,26.688876966317824,1
1376,1379,-0.008976551032143898,3,26.734770772428487,26.52151950902954,3
1380,1391,0.003710092123168988,11,26.54217622066244,26.667192315811146,11
1395,1397,-0.0012734348232898989,2,27.227085022535242,27.219640189353406,2
1407,1408,-0.004509529970044798,1,27.338279755058633,27.242335242928785,1
1410,1415,-0.0048174368327723914,5,27.182013841747388,27.078248220918972,5
1417,1419,-0.006937950677504674,2,27.10565872062428,26.94470665605994,2
1423,1424,0.002840684133450575,1,27.225181419962727,27.32974474227269,1
1433,1434,-0.003194043489610696,1,27.960797176731997,27.899449971722063,1
1435,1436,-0.0029505258315763593,1,27.96361428183117,27.90907052983022,1
1437,1438,-0.0018155141790726509,1,27.863398028789938,27.840675032620315,1
1443,1447,-0.014712084856387916,4,28.042591374652975,27.65806898213072,4
1449,1455,0.007632694162920902,6,27.63774936913887,27.876337606794106,6
1461,1462,-0.008846005604535433,1,27.41503696707187,27.19993843337968,1
1463,1465,-0.01023139711567864,2,27.249787635119553,26.998234024141855,2
1471,1472,-0.0013191513648401127,1,27.050546010540234,27.0419127918613,1
1473,1475,-0.013062966142847042,2,27.057361151441164,26.730969119956544,2
1476,1478,-0.011436870413419845,2,26.595657725540637,26.3180822922995,2
1482,1484,-0.007219776158134575,2,26.091388849601596,25.929106251302226,2
1487,1489,-0.00036515423216513946,2,26.02870554146428,26.0452297550195,2
1492,1502,-0.005903330211432363,10,25.836422523902314,25.709738012785532,10
1505,1509,0.00786546542607493,4,25.61291721613243,25.839987648172972,4
1515,1516,-0.0029442885825756277,1,25.82004403110209,25.769842414290817,1
1522,1526,-0.002087703437023747,4,25.867870050556267,25.839733479393793,4
1533,1534,-0.0055090109123966695,1,25.434797441711375,25.3201116624921,1
1536,1545,0.017230982007236495,9,25.278095913498383,25.73894042527457,9
1547,1550,-0.003621837632361404,3,25.776051070927984,25.708470450216556,3
1551,1552,-0.0001643017667318828,1,25.77304907210973,25.794587563685223,1
1555,1559,-0.008170168752173869,4,25.854282582025903,25.668903012946387,4
1560,1567,0.015351310510857849,7,25.717507512750437,26.13802246365674,7
1568,1570,0.0025318711550845734,2,26.157176522512202,26.24956029977052,2
1573,1574,0.002659917319329844,1,26.32581997171821,26.422170296178262,1
1577,1578,-0.0024534676850071335,1,26.482712293287772,26.444220526758137,1
1581,1582,-0.005937308839348713,1,26.00877777322535,25.88036440482495,1
1583,1586,-0.0009108860221078115,3,25.96997755498861,25.972291842994306,3
1588,1589,-0.0010048888092566122,1,26.15409697675259,26.153969114361193,1
1591,1593,0.002198013069201171,2,26.376075581740043,26.460426616164685,2
1597,1603,0.0003702634195578362,6,26.17189448795556,26.20775687759293,6
1608,1609,-0.012361318138893046,1,25.86951409428349,25.575602314559756,1
1612,1614,-0.004380160805084065,2,25.356912365265668,25.271201923950645,2
1615,1616,0.0029491696554010648,1,25.349274576475537,25.449383162419384,1
1618,1621,-0.00023255484846793854,3,25.55578142625517,25.575394086804362,3
1625,1629,-0.013443819933723001,4,25.411192311051757,25.094980009631822,4
1633,1637,-0.02857573110272682,4,24.392905599387408,23.7202533937645,4
1641,1646,-0.05674605201218108,5,23.316765610280616,22.016947981814077,5
1648,1661,0.1639891912855067,13,22.811439545718095,26.57508050842435,13
1666,1671,-0.030195088208169466,5,27.799772674372505,26.98815585897714,5
1672,1679,-0.05472602258351246,7,27.126385712610546,25.668992901205762,7
1682,1685,0.009179934821817518,3,26.261797893296695,26.5291412841542,3
1686,1690,0.017755296012127886,4,26.434486490057733,26.93027310910736,4
1693,1698,0.01729813144501687,5,27.495863014808243,27.998985930447382,5
1700,1701,-0.0002662181128283369,1,27.79028176974217,27.810673775144203,1
1702,1703,-0.0021301416092588503,1,27.635177618809706,27.60394595470343,1
1704,1708,0.07013821276222612,4,27.782640447182235,29.759047834410314,4
1709,1713,0.01581452078813087,4,30.097582531515542,30.603658958664195,4
1714,1721,0.020175304671703403,7,30.702168027871,31.352295789943,7
1723,1736,-0.04870575105459392,13,32.417781253408386,30.871266651191004,13
1739,1740,-0.0038089868203109055,1,31.121830302241236,31.034409491098288,1
1741,1742,0.0020446483426734274,1,31.009482698491258,31.10389566859638,1
1744,1746,-0.021818660213709623,2,31.175707723933346,30.526671257906855,2
1747,1752,-0.00193042917494835,5,30.40449738200466,30.376208150590802,5
1754,1755,-0.005162618734073821,1,30.541471481421752,30.414338980067004,1
1757,1759,0.011848817960085679,2,30.359884038650797,30.749972661952732,2
1760,1762,0.012001536398628894,2,31.06838929802133,31.472326092326327,2
1764,1778,0.0810794474556522,14,31.122375529618584,33.67688291659699,14
1780,1784,-0.0055390329005903126,4,33.54661877223322,33.39434956592249,4
1785,1786,-0.023121392300274952,1,32.64403055824914,31.92189915200795,1
1789,1792,-0.007284999798727486,3,31.909065276852722,31.70851680801012,3
1795,1801,0.06805700388722243,6,32.72215704345234,34.98185116960033,6
1802,1804,0.008894513678328903,2,34.94431611067704,35.290073124413986,2
1808,1810,-0.017292107772458792,2,34.19941128046862,33.64223078613258,2
1816,1817,-0.010165922492042158,1,33.356730682753835,33.05098547472779,1
1818,1822,-0.03552515723914368,4,32.81107539825852,31.678267860948242,4
1827,1830,0.017870527678973815,3,29.961268553259746,30.526653500791202,3
1831,1834,0.036301537436144095,3,30.78938703828104,31.93787851152541,3
1835,1838,-0.031683719354229076,3,31.821880949327817,30.845467284954953,3
1840,1842,-0.0056059011292317554,2,30.08486479494826,29.946296882216423,2
1844,1845,0.004099210941868459,1,29.83312919726875,29.98525461610164,1
1847,1849,-0.0030446540835192154,2,30.19813199827067,30.136387264365755,2
1854,1858,0.0072821337721280825,4,30.492053819471263,30.744593088191053,4
1860,1867,-0.011809064083822624,7,30.820557874074307,30.487416488914274,7
1869,1871,-0.01039137695100479,2,30.43245819351667,30.14665550707566,2
1873,1875,-0.01157266243347992,2,29.752807797607524,29.43824140431521,2
1880,1881,0.00728067772532419,1,30.02195359707138,30.270555719493366,1
1883,1884,-0.007284828940308069,1,30.54378397921489,30.351821521715802,1
1890,1891,-0.0022435903632466534,1,31.281843009845232,31.242941211333594,1
1892,1894,0.007069261387321997,2,31.692160491218594,31.947892818151196,2
1899,1903,0.0073621638389154915,4,31.647379235150293,31.91201980538691,4
1904,1905,-0.004377629212917828,1,31.86902415827436,31.76138241129019,1
1906,1912,-0.02152223116033065,6,31.85416725258514,31.200448668807752,6
1913,1914,0.005627974523183388,1,31.04350938111491,31.249264970403143,1
1916,1924,0.04981502429873944,8,31.45437537134647,33.05273022014311,8
1925,1927,-0.007325361401684934,2,32.77095954397844,32.56367138138278,2
1929,1939,-0.02911298934447869,10,32.60277808363828,31.68621653077255,10
1941,1944,-0.008731886997170153,3,31.681493857143874,31.436536126738897,3
1946,1947,-0.0020922323912539354,1,31.374023139620046,31.339755415303003,1
1948,1952,-0.02033557391655304,4,31.38323859340685,30.776425663843213,4
1953,1954,-0.0006427834828527419,1,30.727669148572293,30.7386455795256,1
1957,1958,0.004835524823672191,1,30.75980980182664,30.939309435496636,1
1960,1961,0.0056496503923192465,1,31.73377630145765,31.944794819490408,1
1962,1965,0.02572817144763845,3,32.32983348653578,33.193950818837514,3
1966,1967,0.007275223718397373,1,33.48521055660979,33.76230816522338,1
1969,1971,-0.007655938275649356,2,34.3923066843286,34.16339361388051,2
1975,1976,-0.0021343779344193178,1,33.89101684280675,33.852571621125236,1
1977,1978,-0.000259440924134031,1,33.83880155570735,33.863861187315855,1
1980,1986,-0.01881825775763384,6,33.762433828014444,33.16084607954183,6
1990,1996,0.015693700369377835,6,33.26392070341549,33.81921862874905,6
1998,1999,-0.01803365624496315,1,33.801416889933314,33.2256551740375,1
673,675,0.0006094178391855276,2,27.02722306729996,27.07072116224812,2
678,685,-0.022195280173283906,7,26.740571696328278,26.173797787230814,7
690,692,0.008628539491002271,2,26.366618230199318,26.620490255072973,2
693,694,-0.0008431522328284655,1,26.755630542725864,26.759827103635757,1
696,700,-0.0015296246262031473,4,26.98261247677976,26.96832182073276,4
701,705,0.020750806511314463,4,26.939483894009868,27.52543939570315,4
707,715,-0.01763595961862312,8,27.71165422908816,27.250644268367804,8
716,717,-0.006749167307947726,1,27.05496321778961,26.899419707740165,1
719,722,0.0035161085015749825,3,26.70626542645923,26.82687381879698,3
725,727,-0.007590405540023853,2,26.50990921657102,26.335198164004602,2
728,732,-0.014514484519992866,4,26.28141120423153,25.926231479348377,4
735,741,-0.0009459446767283753,6,26.269045220163918,26.27046520189533,6
742,743,0.0022494655914232524,1,26.193685104730786,26.278800583191185,1
749,753,-0.0072639467722326635,4,26.38332784578412,26.218064084483764,4
764,768,0.00010809571568519546,4,26.96576944834335,26.995650101939216,4
774,775,-0.0010123555464679654,1,27.195878599802803,27.195542579861026,1
779,782,0.006573551936796995,3,27.58489583966082,27.793811480973627,3
784,793,-0.008454921561713617,9,27.905571043053826,27.697537199793032,9
796,797,0.0042584886958011905,1,27.685712850010134,27.83129785806711,1
798,801,0.003172226725613028,3,27.92050731965586,28.036998006487604,3
804,805,0.002634028542515832,1,28.394400301581562,28.49758636272513,1
812,817,-0.010154173966814853,5,28.678118183421002,28.41559370052909,5
818,819,2.021429071750883e-05,1,28.386079266892175,28.415039150617698,1
821,824,0.0015885056765340606,3,28.55272493448961,28.626633825063053,3
825,829,-0.007972541723206529,4,28.59937289751383,28.399962576728374,4
835,836,0.004340638155786462,1,28.17695441748843,28.327437335364326,1
837,838,0.0029197903199204766,1,28.437592812604937,28.549062213633626,1
842,843,-0.002804282627270509,1,28.72724064771448,28.67540858648439,1
846,847,-0.0012841018725430113,1,28.62664568380639,28.618512800162996,1
854,856,-0.0016325802135682182,2,28.103353933803003,28.085576308169575,2
863,865,-0.0017865954112428642,2,27.835644992055585,27.81374960143585,2
867,869,-0.0024975207427652612,2,27.695043091395203,27.65356918989406,2
870,884,-0.025691641528130835,14,27.806271584731707,27.11968909452766,14
886,889,0.002645824694126331,3,27.138500101197945,27.237442315028442,3
890,894,-0.0068070987195762555,4,27.127443509268794,26.96991176680074,4
895,897,0.010695727267010704,2,27.091662173395633,27.40851886538566,2
900,901,0.0006102957197322357,1,27.26680828551151,27.310715910184427,1
904,906,-0.0004881586858989427,2,27.555331048594656,27.56943500544906,2
907,910,0.005864939235420897,3,27.62638063566939,27.816034060027867,3
912,914,-0.011550757325112168,2,27.963459083956877,27.668423413191345,2
916,917,-0.0050894804623911214,1,27.487419907764664,27.37501064109032,1
918,920,-0.0038767166846649264,2,27.317107569315105,27.23852399019367,2
923,930,0.0025888497081531835,7,27.211235666812616,27.308892701993944,7
938,939,-0.00491709630034846,1,27.203981763289804,27.097421146970074,1
941,944,-0.01553073138501887,3,27.042880477895828,26.649927645794353,3
945,955,0.001399880165752247,10,26.53195018522415,26.595623686232397,10
959,962,-0.004090485927278992,3,26.799447768030923,26.716624451844975,3
963,973,-0.01713764228060239,10,26.617112011525048,26.187574579340332,10
975,978,0.0006758354497801416,3,26.124368042922796,26.16814818499223,3
980,987,-0.0067496441102242,7,26.117630994009698,25.96746391079198,7
988,990,0.0072017086717126024,2,26.011251702905163,26.22458841155898,2
992,995,-0.002671051110165294,3,26.39418907404854,26.35008303509444,3
996,998,-0.001983892818132488,2,26.270564159852093,26.244716740446925,2
1001,1003,-0.0040907318932886004,2,26.081056628549995,26.00044707501747,2
1004,1013,0.015483452458480918,9,26.035768930833466,26.464928290224854,9
1014,1015,0.004736423465945022,1,26.607393196944507,26.760024471647085,1
1017,1021,0.01758207858542646,4,26.94751017056958,27.448250922240682,4
1022,1024,0.0032574803165726076,2,27.62363187054901,27.74123893951012,2
1026,1029,-0.0044775323252937435,3,27.675281898700725,27.579040211286376,3
1031,1032,0.004266829615440487,1,27.76951948020185,27.91577680780673,1
1037,1038,0.0020322212163040414,1,28.286200941562438,28.371970960186083,1
1040,1043,-0.0019092882436171999,3,28.447981121794903,28.42211370700621,3
1044,1045,0.0001287405614676545,1,28.39205981967191,28.42410708921399,1
1048,1055,-0.005680724264437848,7,28.072061066807862,27.940663489419673,7
1059,1071,0.01634850687804759,12,28.441010565349742,28.934419632761337,12
1072,1078,0.006201684513153725,6,28.761381635292345,28.968512031992134,6
1079,1082,0.0032412959491951747,3,29.067848405693066,29.191133753387952,3
1084,1086,-0.010410656636253447,2,28.834729991218282,28.563376248071847,2
1092,1097,-0.01661848646092036,5,28.38126228570681,27.93798992495367,5
1098,1100,0.0034436174324118263,2,27.7127183235116,27.835863041753473,2
1103,1104,-0.002647373695810763,1,27.97949118664561,27.93339850884256,1
1105,1111,0.0019451050612744303,6,28.031100196972893,28.11365473203609,6
1117,1121,0.00659403147501671,4,27.138527331070453,27.344618161808203,4
1125,1128,-0.0013578108585094565,3,27.589012299755925,27.57914065157952,3
1129,1133,-0.005517786150785455,4,27.653542399997132,27.528609609122267,4
1138,1141,0.0014960356083498702,3,27.85019229288692,27.919707364549357,3
1142,1144,0.006949043160756673,2,28.007409175722085,28.230041280080872,2
1146,1147,0.00026906542941476457,1,28.20801436641037,28.243812182275217,1
1149,1157,0.0008168804141710925,8,28.55054964080744,28.602422575263642,8
1160,1162,-0.003109423468608381,2,28.33295719154355,28.27319098670863,2
1163,1164,-0.005539286140916674,1,28.14049521220594,28.012757452290643,1
1170,1171,-0.002411416944945633,1,27.742567087054834,27.703410757771874,1
1175,1176,-0.004855675579741356,1,27.234099093431904,27.129093242621103,1
1178,1181,-0.013634779713971337,3,26.998177807467403,26.657061778191423,3
1182,1186,0.00042870017721202995,4,26.63697780278035,26.675034057687576,4
1189,1192,0.0060846963341258,3,26.878486476659365,27.068912391267403,3
1193,1194,-0.00501880771610811,1,27.130602226291256,27.021569552721576,1
1195,1196,-0.006127397507466307,1,27.05936408708649,26.92061997111274,1
1197,1201,-0.0035650779111111005,4,26.91961534014616,26.850564429461542,4
1207,1209,0.009093285114877659,2,27.03818232659687,27.31108640980726,2
1210,1211,0.0016123320037334968,1,27.42883273890951,27.500485956498416,1
1216,1220,0.009321367193128795,4,27.486992861266177,27.770696207622215,4
1223,1227,-0.01685445981060494,4,28.067321711473845,27.622329487407963,4
1233,1234,-9.401222869061699e-05,1,27.704005320205567,27.729104810241964,1
1235,1236,-0.0029776900508005997,1,27.689347892151964,27.6345869443125,1
1237,1245,-0.0010591374395250012,8,27.619748733579545,27.618115372359117,8
1246,1248,-0.02217517639851846,2,27.58239724025521,26.9983351131988,2
1250,1253,-0.013051480260145066,3,26.870737540846832,26.546905377797778,3
1258,1259,-9.188478268709675e-05,1,26.36879863753543,26.392744544840436,1
1261,1266,0.012926387811375204,5,26.563268760558298,26.93319914285562,5
1267,1270,0.0020244965431777113,3,27.040785571392732,27.12257033387822,3
1271,1275,-0.016216016328044414,4,26.986152844940897,26.575531102621174,4
1276,1279,-0.0051286808480517695,3,26.576504089080036,26.46677818563928,3
1281,1282,-0.007858802516522108,1,26.540923139204196,26.358884188786202,1
1283,1288,-0.008216417066074722,5,26.235758908150576,26.046430729824376,5
1291,1294,-0.0055631291699780585,3,26.23347002367704,26.113763311382254,3
1297,1299,-0.0057073495455083135,2,26.040219956199238,25.917639538623487,2
1302,1303,-0.013031718532600278,1,25.76614088588522,25.456129931074926,1
1306,1307,0.0028380566042378675,1,25.263920910994305,25.36088526949569,1
1308,1309,0.0028079465075893555,1,25.55745116346357,25.654772570364365,1
1312,1313,0.0035252105650097594,1,25.972576689445336,26.09010806788094,1
1317,1318,-0.014614547166853918,1,26.33426096793881,25.975731929886567,1
1323,1324,-0.0031987326516231297,1,25.578945282354145,25.52270402016775,1
1326,1327,-0.001533630691879039,1,25.342521893228366,25.328998345736522,1
1329,1330,0.003008147781212109,1,25.370797861697046,25.472487768853988,1
1331,1332,0.00469815789996283,1,25.66927261684593,25.81554018539391,1
1333,1336,0.004002034407657765,3,25.956770906957733,26.086607568146025,3
1341,1342,-0.001426876359108701,1,26.360495080769603,26.34924240860522,1
1343,1346,-0.005085546351231901,3,26.407559309855635,26.299670002272315,3
1349,1350,-0.0035561927729738005,1,26.28799516062549,26.220797977379927,1
1351,1362,-0.012306028156425383,11,26.158065186595195,25.86232136507794,11
1363,1375,0.031852548798168435,12,25.838109851184633,26.686957615923113,12
1376,1381,-0.006987739512090741,5,26.732981401446274,26.572911272432847,5
1383,1384,-0.0016723111627304772,1,26.665410010955544,26.647482558146393,1
1386,1387,-0.0053334747760118125,1,26.56999240994725,26.45485201803992,1
1388,1394,0.021378259935303595,6,26.56705753492672,27.161582054159478,6
1400,1402,0.0031624495390233567,2,27.293411238748483,27.407018685777587,2
1403,1404,0.0011215076735270084,1,27.43647265393531,27.49467934120515,1
1407,1410,-0.007359514939177841,3,27.32191840839466,27.148164260109475,3
1411,1421,-0.00850809966271849,10,27.14392322039306,26.94012393961717,10
1422,1423,0.005734653776269111,1,27.06714559269296,27.249433446971615,1
1424,1427,0.014689323674038825,3,27.360069295084532,27.789330277999245,3
1428,1429,-0.006283014867661909,1,27.948198466610577,27.800547718587108,1
1432,1436,-0.0061820081415387106,4,28.039962299096175,27.89465898617382,4
1438,1439,-0.00048385592229326145,1,27.851260734406736,27.865635997691466,1
1440,1441,-0.002014600498263585,1,28.003169677900114,27.974757647991957,1
1444,1445,-0.002287584779426536,1,28.025479224032864,27.989394043547865,1
1446,1448,-0.008529618862556338,2,27.78874463573397,27.579505979957986,2
1450,1451,-0.0014175097426039215,1,27.557691850423048,27.54618624559182,1
1452,1453,0.00031578680243582414,1,27.67610721508512,27.71252307170153,1
1454,1461,-0.018496284408069483,7,27.853078346096673,27.365752965713124,7
1462,1465,-0.01482705048609139,3,27.312173054092113,26.934526258388317,3
1466,1468,0.0007872200657661522,2,26.98489458886187,27.03312253394367,2
1481,1482,-0.011185113185648785,1,26.336760622927507,26.068517735039652,1
1483,1486,0.0002421091087275618,3,25.912260283140935,25.944446137666343,3
1488,1489,-0.0001027606940661982,1,25.98772942180133,26.011046634110542,1
1493,1494,-0.009399284148565841,1,25.76125825333525,25.5448821252409,1
1495,1498,0.004705498112403316,3,25.376745943322252,25.521532919400816,3
1505,1507,-0.002462257063921732,2,25.63503247670487,25.597547469381944,2
1511,1514,-0.005711712508796441,3,25.802259140992756,25.680686313842934,3
1515,1521,-0.005907093536672711,6,25.84271346708688,25.715900854862454,6
1522,1523,0.002069186410976613,1,25.831041132794407,25.910321413220558,1
1526,1529,-0.013857889174539725,3,25.89491582179325,25.5619618639726,3
1531,1533,-0.0019642667198310074,2,25.401854072636574,25.377359910132327,2
1535,1537,-0.0043261680009089795,2,25.34374114097193,25.259443600165508,2
1538,1539,0.003158695619701707,1,25.274212009921573,25.379319764698646,1
1543,1544,0.0009451099375171774,1,25.699789953224037,25.749778870054158,1
1550,1552,0.001909389252840169,2,25.722747383561536,25.797584868352793,2
1553,1556,-0.006617477727960258,3,25.967074264022294,25.82120480268386,3
1557,1572,0.020052568474741878,15,25.838595669748617,26.38256447437717,15
1576,1577,-0.0013107314097082767,1,26.504881920482465,26.49664602115916,1
1587,1588,0.00032499680498012675,1,26.060157394656255,26.094687019941453,1
1589,1592,0.0065503825703795045,3,26.179916449823214,26.37758483467995,3
1600,1602,0.003420800858342306,2,26.021966435289787,26.13700436684267,2
1607,1609,-0.015785889811077675,2,25.95878087511445,25.574957201465097,2
1612,1613,-0.006429672545939519,1,25.349516599666124,25.21187702533208,1
1616,1617,0.0011305556585429247,1,25.39498353120698,25.449088957067996,1
1618,1621,8.338499938239361e-05,3,25.555556751263737,25.58324325809892,3
1623,1624,-0.006686743640411279,1,25.540628743562095,25.395385735482538,1
1630,1639,-0.05814120339473208,9,24.988534581531198,23.560659644471627,9
1647,1655,0.09386045161244677,8,22.27822903316143,24.391551900372647,8
1657,1658,0.0057139591130896325,1,24.89010833331941,25.05721950298969,1
1661,1670,0.002922083401415581,9,26.618133516235503,26.722532055876194,9
1671,1672,0.002975790046058896,1,27.021319750619256,27.128750844715142,1
1674,1682,-0.01982248263718663,8,26.750340940079987,26.24683311219651,8
1683,1685,0.002791408612839997,2,26.37085485951737,26.470837545759696,2
1686,1694,0.047292438931268124,8,26.404723485395557,27.679871981811043,8
1697,1698,-0.007929897832798977,1,28.10397333733218,27.909215673408763,1
1706,1708,0.03000039951900012,2,28.87470059594452,29.769827850410312,2
1713,1714,-0.003143629717266967,1,30.684642882748832,30.618866370401648,1
1716,1720,-0.0024222752760881443,4,30.80848733378025,30.76466918395174,4
1721,1722,0.019353452657956613,1,31.39686648520104,32.035901120815765,1
1723,1729,-0.015539338452940279,6,32.3342571867532,31.864138477890577,6
1737,1738,0.005034410574112369,1,31.08343686520494,31.27100708530409,1
1739,1751,-0.02817698468375407,12,31.12505805780366,30.279172831685774,12
1752,1753,0.00175892823676378,1,30.403042583041355,30.48692239570724,1
1758,1759,0.0070031249550814205,1,30.539825512017224,30.78423955169628,1
1761,1762,0.005520253241313432,1,31.306992432108622,31.511121950989853,1
1763,1766,-0.023915107241024414,3,31.365811812888047,30.647060871493927,3
1768,1770,0.03152347531127612,2,30.370483749386274,31.35823742780095,2
1773,1776,-0.01076006874589058,3,33.93060528542807,33.599440245252616,3
1778,1781,-0.010628547443635807,3,33.767373466831735,33.44224270935938,3
1782,1784,-0.025199534921589963,2,34.14592718554297,33.31961162818636,2
1786,1787,-0.0031215936319258972,1,31.977876802645195,31.910032742858192,1
1788,1792,-0.016286463976814505,4,32.19342863391765,31.701304946815117,4
1795,1797,0.03800272631679445,2,32.767018349186316,34.04502139807701,2
1798,1801,0.002482475157622209,3,34.821396542914094,34.942661191328504,3
1802,1806,-0.0074911386954281045,4,34.87136556904934,34.64501069864166,4
1807,1820,-0.06691352931337918,13,34.46821471206511,32.19629303126156,13
1821,1825,-0.04309956232863445,4,31.889639708341047,30.547099833802047,4
1827,1834,0.06307990351557909,7,29.97251699488142,31.893152992032476,7
1835,1836,-0.008424116668570666,1,31.816988811011885,31.580775774036326,1
1837,1840,-0.04104500149739096,3,31.295420982931564,30.04219580280859,3
1842,1849,0.0027950850815749444,7,30.024397983398757,30.138343128268822,7
1850,1859,0.008768086755263162,9,30.41758588001279,30.714707497774423,9
1861,1864,-0.006459605059063975,3,30.96634768734972,30.797283658855132,3
1866,1870,-0.014500060768586294,4,30.71421755358444,30.29957375015147,4
1872,1875,-0.014407358755405712,3,29.909197494296087,29.508194153403778,3
1876,1877,0.004241482613565219,1,29.50043406861008,29.655060080873326,1
1879,1880,0.004295207421948708,1,29.837586728088883,29.995582938784498,1
1884,1887,0.009886708381579814,3,30.336734643927496,30.667001827245304,3
1891,1895,0.02271675198448843,4,31.308373168076876,32.05090608954197,4
1897,1899,-0.009975768989992237,2,31.928040989070723,31.64146226884982,2
1901,1906,0.0021038427118746845,5,31.754325856901712,31.85288628978315,5
1910,1914,-0.013104273901903114,4,31.599095175275583,31.216611072221742,4
1915,1920,0.017045313162052742,5,31.392536716543514,31.95902487254478,5
1921,1930,0.003073949332672939,9,32.56712053653311,32.69979733551,9
1932,1935,-0.0038486112814498166,3,32.51541536427633,32.422791585248625,3
1936,1939,-0.021991319551492375,3,32.301177075991326,31.623132746099852,3
1940,1941,-0.0010162049034955936,1,31.64617687633675,31.645664053094464,1
1947,1949,-0.001585960213129096,2,31.32526687065173,31.30691151059988,2
1951,1974,0.09980333337709034,23,30.93299324498508,34.051142075410596,23
1975,1978,-0.0021412012834981786,3,33.92867914153726,33.88995968935354,3
1980,1982,-0.004735247744607518,2,33.67432073646899,33.548538805886906,2
1983,1985,-0.0122195622227343,2,33.45812299954601,33.08273750669671,2
1989,1990,-0.005682781061210196,1,33.45147110550261,33.294825190140145,1
1991,1993,0.002304910952553142,2,33.331098626070386,33.441254938980315,2
1995,1999,-0.019515818184925794,4,33.78353415536865,33.15800437930361,4
674,680,-0.024422949651179495,6,27.092013098795334,26.457438240033156,6
683,686,-0.004924163300281846,3,26.24528170312083,26.142290931855886,3
687,691,0.012497125865317708,4,26.14278169328885,26.495634108272693,4
694,698,0.013301312035669956,4,26.734220498237583,27.116554927613283,4
700,704,0.015083922220137564,4,26.96661051438755,27.400339380441704,4
705,708,0.006419689563356774,3,27.53048560104246,27.73475325773066,3
709,710,-0.005703456865665808,1,27.727041801273575,27.596628856148772,1
712,721,-0.02276434109053907,9,27.320073940777498,26.725470532911668,9
723,724,-0.009734322481322805,1,26.80710787743567,26.572965952442537,1
728,736,0.01151740537861676,8,26.231654777355484,26.56000703395557,8
739,741,-0.010269834525836564,2,26.504104995446404,26.258416327883218,2
742,743,0.001610552719746832,1,26.189712445228622,26.2580820702819,1
749,750,-0.0018799252153393143,1,26.37722069367957,26.35401071208063,1
753,758,0.0032718561255163344,5,26.268390276967896,26.380605060880015,5
763,765,-0.00031732327995864817,2,26.921073571285223,26.93945196149086,2
768,769,0.0004898215974527109,1,26.91554687533679,26.955646238378918,1
772,779,0.015065611757315057,7,27.14149960240329,27.57754439752682,7
780,784,0.003557385773843606,4,27.812996957613382,27.939751514275965,4
794,795,-0.002629740891333045,1,27.636650272574226,27.59160969352554,1
797,799,0.008416467007830029,2,27.829355241582558,28.091409447064102,2
801,802,0.0018285782464047442,1,28.04839087927619,28.12772794756397,1
806,807,-0.003923182872977533,1,28.579404689717197,28.495861863408322,1
808,809,0.0010239737542750184,1,28.569295343501942,28.62711884745532,1
810,812,-0.004608704877692001,2,28.693312711915656,28.589767014375024,2
813,814,-0.004883708258358087,1,28.66030021544079,28.548991970807062,1
818,823,0.002387517478093541,5,28.392807252833737,28.488988383654853,5
825,830,-0.01593219961081224,5,28.566097688507107,28.139543015720356,5
832,833,-0.0012851376423794576,1,27.92397466887422,27.916012492571273,1
835,839,0.01572244150436146,4,28.176092494111035,28.647265552665285,4
842,845,-0.004658648926700259,3,28.744590210294014,28.639423846172683,3
848,851,-0.015669151138922963,3,28.607562411030223,28.18791375430665,3
853,861,-0.011494321421679218,8,28.060088101646613,27.765616517987297,8
862,863,-0.0011273491833582376,1,27.7940180470316,27.790478501531066,1
867,868,-0.0004826932524131667,1,27.641259767514512,27.655558777704048,1
871,873,-0.0033221125606741463,2,27.95965713656512,27.89473166553616,2
874,875,-0.0030392434809521874,1,27.895231206796375,27.83834603840826,1
878,886,-0.013976870488274128,8,27.52944755822644,27.1722014826496,8
888,889,-0.0033074318904370015,1,27.241463066768166,27.178605246145743,1
900,905,0.009334827515961333,5,27.315141117183387,27.59743838920362,5
907,909,0.005028627585947968,2,27.61680386947764,27.783295295120887,2
910,911,-0.00026794784366018104,1,27.853083292159535,27.873473201844273,1
913,915,-0.010696101445072919,2,27.85999208655577,27.589858777025597,2
918,924,-0.007585690193851823,6,27.2790923792373,27.09944072805818,6
926,929,0.0042457252864100325,3,27.107454023719956,27.24965228074238,3
931,939,-0.006997417987186418,8,27.31038111039337,27.14658933948498,8
943,955,-0.00583817305803366,12,26.740195730138677,26.610822035590573,12
960,961,0.0009613225482682716,1,26.7495745899395,26.80203913373933,1
962,964,-0.007335668553287516,2,26.707238781894024,26.538030568998437,2
966,967,-0.0006212934955320827,1,26.460392077802734,26.47041280039337,1
971,973,-0.0021516569469374348,2,26.25201820488483,26.221784885748047,2
975,978,-0.0020045974117340777,3,26.16724096929578,26.140953426745803,3
979,980,-0.00017537202323805615,1,26.11750337940656,26.139040603376394,1
981,982,-0.006430629103487296,1,26.15476614381576,26.01272930960025,1
983,985,-0.008224721527911791,2,25.921236738991926,25.733963021893633,2
986,994,0.01693142913785316,8,25.877896432735216,26.34192409885551,8
995,1003,-0.015846693794709682,8,26.30821200778565,25.91762203981975,8
1004,1007,0.0008027995126036935,3,26.011640689052108,26.058534462208353,3
1009,1012,0.009287937899852008,3,26.059053039514957,26.327146958914437,3
1017,1020,0.013003177614873938,3,26.94746540340833,27.324815547722928,3
1022,1023,-0.001462474990073377,1,27.626466552494303,27.613690002649676,1
1025,1031,-0.0010305404567168767,6,27.76048589078861,27.75963807287082,6
1032,1035,0.008762387569891637,3,27.916919614966083,28.189455404004892,3
1038,1040,0.0011265181133882107,2,28.396954760741593,28.457341399405376,2
1041,1045,-0.003447593311614108,4,28.466305414980383,28.396631476240312,4
1047,1050,-0.011926008329048568,3,28.217970048556456,27.909660272777085,3
1055,1056,0.00840898166700622,1,27.895586503255572,28.15805556525509,1
1059,1061,0.021028030186781062,2,28.44472692136458,29.071308224643143,2
1063,1068,-0.010555786973846654,5,29.580385521328697,29.297721658682622,5
1070,1075,-0.019003598905368367,5,29.16186684666589,28.63684829262676,5
1076,1078,0.008896734047921538,2,28.67643907500176,28.960242165968477,2
1080,1083,-0.006033159145124054,3,29.22300361412406,29.07591958623564,3
1085,1089,-0.009103199146647149,4,28.72507270980805,28.492307725138556,4
1091,1095,-0.01858915846808843,4,28.48361334594141,27.98261055705589,4
1099,1101,0.0022967583130742825,2,27.745530028962214,27.837000335735848,2
1108,1120,-0.03631887923133642,12,28.2113752155637,27.214981061375287,12
1125,1127,-0.0010091100394174766,2,27.569005644531803,27.56875448980368,2
1128,1131,-0.001253050334906758,3,27.60711866155854,27.600132670935423,3
1132,1134,-0.0011357952908206549,2,27.551637561175255,27.54789617854005,2
1135,1142,0.014473530966623665,7,27.543970713496126,27.970173197275184,7
1152,1156,-0.0027851438130114996,4,28.693102273089636,28.641880959090724,4
1157,1158,-0.00448084343837915,1,28.58265233244475,28.483160594621886,1
1159,1160,-0.004165336084462063,1,28.42823685399058,28.33825193005901,1
1163,1164,-0.007541867807902222,1,28.223876953658557,28.039240081601225,1
1165,1167,-0.0029467040491204,2,27.962274085275137,27.907839813090717,2
1168,1172,-0.007106532333715994,4,27.856075083640437,27.685971060451767,4
1173,1181,-0.03752291037111619,8,27.707290565150053,26.695339675212605,8
1183,1184,-0.004369284813828439,1,26.719122876429736,26.629098541483366,1
1185,1188,0.0030707593965364887,3,26.69287263450661,26.80153289660408,3
1189,1191,0.006403217900346379,2,26.8669862140313,27.065888367299376,2
1197,1200,-0.0030587094784930175,3,26.877048260709998,26.82171622670176,3
1202,1209,0.011435436195400262,7,26.952769686201194,27.287939133923267,7
1212,1216,-0.00828338938852063,4,27.65675079016045,27.455315904934437,4
1219,1221,0.003370827643951224,2,27.757813060119357,27.879137676778157,2
1223,1226,-0.01077992247762044,3,28.023516914146317,27.74944909117568,3
1231,1237,-0.005487258097806334,6,27.690540583413878,27.56628598094832,6
1238,1242,-0.0033054555207525783,4,27.542739614461585,27.479241053360774,4
1243,1251,-0.031193527471311298,8,27.607743803219773,26.774168632276332,8
1253,1255,-0.002486268847536492,2,26.621017948835746,26.58145195916868,2
1256,1259,-0.0037131515481593105,3,26.45443251554366,26.38265763100844,3
1261,1267,0.015256873741808511,6,26.59100522013961,27.02329183467119,6
1268,1269,-0.0019427087298945172,1,27.057505736232905,27.031998389366187,1
1270,1273,-0.008977922024222415,3,27.11991413402829,26.903553573763404,3
1274,1276,-0.007140603259112438,2,26.7567557351672,26.592453113696557,2
1277,1282,-0.0076058696746120836,5,26.58362068203939,26.408012748334514,5
1284,1285,-0.009254751495375753,1,26.12729194428365,25.911617642036457,1
1286,1302,-0.01193039335962932,16,26.037597632204584,25.752996447944835,16
1303,1308,-0.000962223999733246,5,25.50963855734976,25.510602209462707,5
1312,1313,0.0033324809939181063,1,25.948112779763918,26.060532485210288,1
1314,1316,0.006886564995019964,2,26.309289417331104,26.516779338293677,2
1317,1318,-0.013844215949715351,1,26.34547200067583,26.00708506900197,1
1320,1321,-0.001307711491247186,1,25.665316333131795,25.657418820369596,1
1324,1326,-0.011587657050276486,2,25.50437751443289,25.23434591202929,2
1329,1332,0.018503844291573583,3,25.345244834828065,25.83957454361836,3
1334,1335,-0.0020285069283205396,1,26.008912216409986,25.982161869997327,1
1337,1338,0.0013473713020513839,1,26.12024746978379,26.181561389096842,1
1341,1343,0.002986246463871753,2,26.310490533896072,26.415370633749546,2
1351,1354,-0.020721111436771068,3,26.165322097880246,25.64931286500894,3
1359,1365,0.0008240003373291753,6,25.786172425643517,25.83320641284632,6
1366,1384,0.027903748287497386,18,25.877200375379985,26.6251484614151,18
1385,1398,0.02560565899608094,13,26.60540808504388,27.313262500006132,13
1403,1407,-0.009785564926418792,4,27.512425818773114,27.270713615459,4
1408,1411,-0.006563215063833933,3,27.30316169762641,27.151268337179882,3
1413,1414,-0.0022658782434937085,1,26.990675304990614,26.956508396344823,1
1415,1424,0.005099073375880528,9,27.101559209628846,27.266853607849143,9
1426,1429,0.006173246683358619,3,27.63627842298804,27.834520265526113,3
1435,1447,-0.010853252803569979,12,27.917355397820312,27.64227863747848,12
1451,1454,0.00843043452883726,3,27.564828402820932,27.82477671237237,3
1455,1456,-0.0019067146462094361,1,27.942146659953494,27.916811106330382,1
1457,1459,-0.016898442812254964,2,27.864098089978928,27.421102319980335,2
1464,1469,-0.0037947740971082805,5,27.06970458074844,26.99405087156979,5
1471,1474,-0.005207309134708023,3,27.04664503307617,26.932851436365304,3
1476,1478,-0.011667892055581826,2,26.582074970060788,26.298500263666796,2
1479,1480,0.0008421786923349063,1,26.364481605869813,26.4130496921186,1
1481,1482,-0.01296096719859973,1,26.41004885430174,26.09415912624202,1
1485,1486,-0.0006667093431630606,1,25.879030017082137,25.887655255994833,1
1487,1488,-0.0013913129395457307,1,26.060783349639063,26.05058542789965,1
1489,1493,-0.014745952385435641,4,26.051882135588922,25.693774204202136,4
1494,1495,-0.009479671139751965,1,25.570650026567378,25.353819323512397,1
1496,1501,0.007617346437984501,5,25.43723835009072,25.656439845379037,5
1503,1505,-0.008890266574559175,2,25.837510390257357,25.633645545655284,2
1507,1510,0.0044981772831065095,3,25.6645526124806,25.80566087263563,3
1512,1520,-0.0013020930524769655,8,25.753173516931195,25.745393662132496,8
1523,1524,0.0011697947345069844,1,25.824862083000532,25.880896732767596,1
1525,1537,-0.025426526917159086,12,25.932007457197514,25.29857857902831,12
1538,1546,0.014199947453710764,8,25.31566512981948,25.700461909548473,8
1551,1558,-0.004133470729583706,7,25.82386606492384,25.742947736484712,7
1559,1560,-0.00360451165491349,1,25.727021142615598,25.66001481620345,1
1561,1564,0.0048391312163632355,3,25.69403028691279,25.844061101235283,3
1569,1572,0.006442005517428056,3,26.194007629181993,26.388943578481918,3
1573,1579,-0.0003822668770963986,6,26.299620212860525,26.315866359385794,6
1580,1586,-0.009914762460370517,6,26.215805205572572,25.982097529457548,6
1587,1589,0.002176988980254547,2,26.056019595143724,26.138799282266792,2
1590,1596,-0.004108035734683374,6,26.318902087221613,26.237101999036895,6
1598,1602,0.0017021156804108597,4,26.03482591431878,26.105175025658628,4
1604,1613,-0.03621103848976384,9,26.226826896005786,25.303353084706153,9
1616,1619,0.0043678448588877535,3,25.447575729883468,25.58417436843628,3
1621,1622,-0.004371174325517983,1,25.630488067425652,25.544083224102252,1
1625,1628,-0.008690957098733678,3,25.38613962805326,25.19089591727144,3
1629,1633,-0.027566249975900743,4,25.09967506306924,24.43287082102986,4
1634,1636,-0.023109503500915993,2,24.278616313012563,23.741828160642616,2
1637,1638,-0.001404925200175432,1,23.706221758645842,23.69662251205482,1
1640,1651,0.020561740213017057,11,23.421722239744014,23.92673533001882,11
1653,1657,0.025884095205542593,4,24.264115259900088,24.9164340446255,4
1658,1662,0.07910077344188231,4,25.06782205313156,27.075773988090873,4
1663,1669,-0.014074403769177866,6,27.149085451906373,26.794127346744236,6
1670,1678,-0.03815295865701818,8,26.73181475741743,25.73864874890803,8
1679,1680,0.005706768660116962,1,25.664251107863567,25.83637530287916,1
1684,1685,0.002292208225274911,1,26.441791777780253,26.528843662162068,1
1687,1691,0.020114912686267375,4,26.534978546784775,27.095262301932113,4
1692,1695,0.01937398108887169,3,27.358647843218755,27.916052416993594,3
1696,1709,0.07467710670985506,13,28.032110609993598,30.153499635928544,13
1711,1713,0.010251807870455789,2,30.274804093800913,30.61545037278005,2
1718,1720,0.016141035671146414,2,30.318709331643706,30.83840340980053,2
1723,1728,-0.014871634067331222,5,32.40288118187502,31.953400271392834,5
1731,1734,-0.01999105851964619,3,31.747700744123645,31.144778301427777,3
1735,1738,0.00635216718232719,3,31.021452663012965,31.249527569230086,3
1739,1745,-0.010465647782387823,6,31.121661582651257,30.82707489570721,6
1746,1753,-0.002309584896171478,7,30.501044505559907,30.461100798357972,7
1754,1755,-0.005234384315028752,1,30.50910245672802,30.379915191819645,1
1756,1757,-0.002655660289243884,1,30.372711442491536,30.32242455027954,1
1759,1770,0.02056723924269924,11,30.755774029428416,31.419091166015495,11
1772,1774,0.019086802174373356,2,33.46304508612131,34.13521065291837,2
1775,1777,-0.01339052015526973,2,33.83023791536498,33.41106367061708,2
1779,1780,-0.0026550670639676165,1,33.580709063565195,33.52513073800941,1
1781,1782,0.015995005695018966,1,33.522402254448814,34.09211567167389,1
1783,1785,-0.03871034333613106,2,33.945064665661484,32.66498462255222,2
1786,1787,-0.004282212682424831,1,31.94672598249327,31.84187003331158,1
1788,1790,-0.03591022918346287,2,32.17933690593209,31.055948879574135,2
1792,1796,0.04564732618320284,4,31.748568344001022,33.229554167393346,4
1797,1800,0.02943980892480254,3,33.99078435900964,35.02545734010206,3
1808,1809,-0.010466832901500266,1,34.220470914040426,33.896511434086555,1
1812,1818,-0.01662942259672129,6,33.312787734630255,32.792128097250846,6
1826,1841,0.0006816931917597313,15,29.89740349606333,29.947681755973953,15
1844,1845,0.0035692434123364408,1,29.803690395080107,29.93987071108114,1
1849,1855,0.020446015702769525,6,30.21888128837103,30.866955891001563,6
1857,1860,-0.009672960371395083,3,31.021828519362,30.75277742996536,3
1861,1863,-0.006331778635240671,2,30.93737138765186,30.772420171856673,2
1864,1865,-0.0007404315447206802,1,30.822968509530266,30.83096917985341,1
1866,1870,-0.013255343550518495,4,30.68123794803427,30.305228836425904,4
1872,1876,-0.013613034219668776,4,29.88524608055654,29.50830244907926,4
1877,1881,0.01928155403199019,4,29.671525597007225,30.273310246614507,4
1891,1893,0.014332564447865456,2,31.33433140808857,31.814767063833862,2
1895,1899,-0.016085978782747527,4,32.06826918006163,31.58448795161178,4
1900,1903,0.00826862840470136,3,31.731546107399115,32.025654016975245,3
1913,1922,0.06423436177689358,9,31.09391738331248,33.122309238956326,9
1928,1936,-0.010243023227639043,8,32.560142114080044,32.259187964224374,8
1940,1941,-0.0017631261696139985,1,31.661599999235232,31.637438203703965,1
1942,1943,-0.004057734432225799,1,31.540199745516738,31.44375819075559,1
1944,1954,-0.02677690768494952,10,31.5623909594977,30.748810121418444,10
1955,1956,-0.001964055440671961,1,30.666733380513037,30.637168949349917,1
1957,1961,0.03691873813004303,4,30.799417012394954,31.96729204064595,4
1967,1971,0.009540312520997123,4,33.839430005926744,34.19610817372162,4
1974,1976,-0.00723033694678641,2,34.07159387701914,33.859316366851246,2
1981,1983,-0.009323459098585764,2,33.72007597182013,33.43940829866748,2
1985,1987,0.00335061998306899,2,33.13604131956437,33.28020364308907,2
1990,1991,-0.0008289591212154853,1,33.31004894660436,33.315746326648544,1
1997,2000,-0.020515975231445334,3,33.87281859672268,33.2117575079698,3
672,676,-0.0038332048202907236,4,27.042300820864416,26.96568444382699,4
677,678,-0.00620318911706268,1,26.828801051237903,26.689205725584262,1
682,683,-0.004598661773682806,1,26.28630264148512,26.19170712899775,1
684,689,0.0038847304845417065,5,26.183845025486136,26.311746051484644,5
690,692,0.00971962348792425,2,26.381447842595428,26.664247030534362,2
696,698,0.002853188583094688,2,26.968196600914087,27.072110148163382,2
702,703,0.00044718153940477004,1,27.02832269069461,27.067437580333657,1
704,705,0.0015146850536914627,1,27.38043402314522,27.44928719134681,1
706,726,-0.04504279288888372,20,27.55061116941328,26.337205307716644,20
729,732,-0.01042271765076979,3,26.180908372850936,25.934213065412887,3
736,742,-0.01421066491990576,6,26.551270930622685,26.200510987160595,6
743,744,-0.0015332408873074278,1,26.265727372584628,26.251721412814696,1
748,762,0.016388284433231017,14,26.2961509047831,26.753395856214635,14
765,766,-0.0008417712322045121,1,26.886911004118065,26.891165286916074,1
768,769,-0.0024934336737222743,1,27.017696711723097,26.977347573667394,1
770,775,0.004444980106374682,5,27.01198960759259,27.15906935363953,5
776,777,0.0006247536703461959,1,27.19061709914081,27.234795154071616,1
778,780,0.01130414426420908,2,27.433665408384687,27.771213185265495,2
781,782,-7.990237779222542e-05,1,27.78927777957805,27.81484662798591,1
787,788,-0.00168807073822885,1,28.26634440722963,28.246895162766318,1
791,792,-0.0023654719096932045,1,27.82417839180541,27.786185257801108,1
794,795,-0.00184080104732786,1,27.671499663298697,27.648233437400663,1
799,803,0.003991075900151608,4,28.045216996903434,28.1851928035712,4
804,806,0.0017235101368154567,2,28.45152010831215,28.529008111734946,2
807,809,-0.0011240439691696017,2,28.567163919782733,28.563620335382204,2
815,818,-0.00888013979054176,3,28.627873144673977,28.40228150238805,3
819,822,-0.0021305082490901484,3,28.483161234937803,28.45096078620154,3
823,825,-0.00011912620829647696,2,28.503593379651825,28.528701448029334,2
830,834,-0.0063163554696785825,4,28.143120160962397,27.993501330160843,4
837,844,0.004347615041882763,7,28.494874103976986,28.64725372135197,7
847,848,-0.0001415515223324816,1,28.541693500804705,28.566195074140524,1
849,852,-0.012008204734225859,3,28.43214278770234,28.11915593886257,3
854,856,-0.0006513965539783999,2,28.11185958275061,28.121659473875233,2
858,866,-0.008414430236277212,8,27.972225135716716,27.764827023894505,8
867,868,-0.0016919836138201052,1,27.668104087114134,27.648958212460382,1
874,877,-0.008978721665473189,3,27.85929753825927,27.637015957405897,3
878,881,-0.013728580188619562,3,27.569849834716052,27.21892479030667,3
883,887,-0.0017612181344617759,4,27.218050433160307,27.19733155958589,4
894,895,0.0025440927657974246,1,26.999187318187317,27.094874942644115,1
896,901,0.0011246333133854147,5,27.298634347347505,27.356633935291807,5
903,908,0.006191095575441173,5,27.473714628081865,27.671280735784798,5
909,910,0.0015631397554119312,1,27.751125526736164,27.82225553983117,1
914,916,-0.00925105977413946,2,27.695491220788128,27.46697406725125,2
921,923,-0.00538590708753931,2,27.317911653429242,27.198097831091694,2
924,925,-0.004600582298631219,1,27.129632753420434,27.031950277960103,1
928,930,0.0027459481668016504,2,27.2109290953637,27.312859825325447,2
931,933,0.001546351660362386,2,27.277214068695606,27.34667144802949,2
935,938,-0.006571185181179541,3,27.348701527869657,27.196336847193088,3
940,947,-0.02953622560959556,7,27.101390049550304,26.328018668762688,7
951,956,-0.0008231682630453627,5,26.69913338730758,26.70385464143964,5
957,960,0.00013565018418468786,3,26.78566096788556,26.816080108697246,3
961,962,-0.002000883976840675,1,26.751681153969784,26.724905824949225,1
964,965,-0.0048904807581294524,1,26.546723309430035,26.44344379320331,1
966,972,-0.009539541544217066,6,26.4153781469083,26.189802927816572,6
977,984,-0.01640931573456169,7,26.1414988013291,25.738676192524753,7
986,987,0.001171239251935971,1,25.889139111359608,25.945350626397023,1
990,992,0.005028258989259385,2,26.215382618167833,26.373415734092678,2
996,998,-0.001384934961109528,2,26.242115072091487,26.23201356454678,2
999,1002,-0.013475455891074056,3,26.272410271738185,25.944649976240914,3
1003,1004,-0.0010872822878427604,1,25.978699556941514,25.976432076609004,1
1007,1012,0.00793066203994736,5,26.088879025299143,26.32186998687516,5
1013,1018,0.020557074947021647,5,26.458787514884154,27.029161580349832,5
1022,1047,0.019900575781176953,25,27.594827860952876,28.171575651829254,25
1049,1050,-0.004011510108055763,1,28.03497417743505,27.950546569320622,1
1051,1053,-0.0026251105554759716,2,27.842989377020018,27.797741441087418,2
1054,1057,0.01166655085497936,3,27.865097527590684,28.21805220250287,3
1062,1071,-0.01853049179500865,9,29.43101233012436,28.915072209952317,9
1075,1083,0.01279153892853235,8,28.652585967739725,29.047749222516927,8
1084,1085,-0.008883310558303981,1,28.894340344824986,28.6665572865094,1
1086,1087,-0.0068664482002802904,1,28.576356277751042,28.40871456389486,1
1089,1094,-0.018021149699566585,5,28.51751518333881,28.032114288343536,5
1096,1097,-0.003315645583555432,1,27.97030455934612,27.905535247122568,1
1098,1102,0.0030877080089748397,4,27.74008306858199,27.85347642831106,4
1103,1108,0.004064292422877104,5,28.002673988461083,28.144487718161145,5
1109,1111,-0.004791334765239741,2,28.256043194215273,28.14891507532493,2
1112,1115,-0.025958373862083207,3,27.994556949261433,27.295858330818387,3
1116,1122,0.011801640678904705,6,27.137594755715313,27.48500049266771,6
1124,1125,0.0006645319137918682,1,27.527337449855008,27.57315758154201,1
1126,1127,-0.002244786512702935,1,27.560464040306773,27.526157146385565,1
1128,1129,0.0019381151968941822,1,27.604630761534533,27.68573634667965,1
1130,1131,-0.0019237145265558124,1,27.630491918725976,27.604969231964766,1
1133,1138,0.007223694714831989,5,27.583505008711317,27.810343333067998,5
1139,1141,-0.0005788834724052632,2,27.860156051459395,27.871888423634033,2
1143,1145,0.0028141453319511906,2,28.154115907187638,28.26149979695025,2
1146,1148,0.004733180475620999,2,28.220238239925298,28.38202995881981,2
1149,1155,0.0032023601369717235,6,28.491416993062927,28.611148188080413,6
1158,1161,-0.007039219440191166,3,28.44923288346063,28.27742172317231,3
1164,1165,-0.003492360051202142,1,28.033096309189297,27.96322773983677,1
1168,1171,-0.007405529363803573,3,27.878562280175935,27.69998533086964,3
1172,1175,-0.018699783364885293,3,27.71822819267464,27.227621558405843,3
1177,1180,-0.011990834132815653,3,27.130935515999976,26.832743903875503,3
1185,1189,0.005082522358013343,4,26.709346328298924,26.871806524508724,4
1193,1194,-0.0021524608668543575,1,27.129622451637488,27.098356623429442,1
1195,1196,-0.0023055246418120963,1,26.95219382446841,26.91700707127967,1
1198,1199,-0.004385443082195734,1,26.913187240043293,26.82207417648165,1
1200,1201,-0.004401424355074398,1,26.916820317204007,26.825264789015907,1
1202,1205,-0.00019500168091154501,3,26.969832714071817,26.99154338407274,3
1206,1207,0.00027354926914020783,1,26.9457957629612,26.98011256146152,1
1209,1211,0.00702189620822108,2,27.29774197722553,27.516721630085634,2
1213,1216,-0.008962308324475622,3,27.669965774308142,27.449648975485413,3
1217,1220,0.011426977740279176,3,27.43777158287802,27.77874015958131,3
1221,1225,-0.0017026636405381346,4,27.953085162165358,27.93344354558104,4
1229,1230,0.0019096169146457075,1,27.566479420508625,27.64668731530777,1
1233,1239,-0.008838367919627929,6,27.658737529901547,27.441938168949758,6
1241,1245,0.0001844063105321703,4,27.526870343452504,27.55947334239649,4
1246,1247,-0.008318139175194243,1,27.548823906248064,27.347217778789222,1
1250,1252,-0.00839123063574795,2,26.866351757756203,26.667776355573494,2
1253,1254,-0.00015017674046037435,1,26.571696203179027,26.59427744865791,1
1259,1260,2.911404632695313e-05,1,26.379906027330676,26.407053959164188,1
1262,1263,0.000805439931673826,1,26.774100460939966,26.822439491046794,1
1271,1273,-0.006478779180557424,2,26.998739036673296,26.850818907337867,2
1277,1282,-0.009357783216747916,5,26.593110822039403,26.370851366729845,5
1283,1285,-0.013284804181218818,2,26.28910320340495,25.966146718451267,2
1286,1289,0.0050794862279074544,3,25.968744640784454,26.12662126618415,3
1290,1291,-0.0019786919470686647,1,26.1726802375217,26.147065246140034,1
1293,1294,-0.003907889887431897,1,26.12119491242859,26.0452373538951,1
1295,1296,-0.007319491246892788,1,26.055694220333827,25.891035488776712,1
1297,1298,5.9618310159093284e-05,1,26.0560905504268,26.083700061065194,1
1301,1302,-0.008892138976587999,1,25.8957193022898,25.691346686657415,1
1303,1305,-0.012545534913948133,2,25.471861772841123,25.177775503419525,2
1311,1315,0.025706957708842338,4,25.776285879928032,26.4646920568143,4
1316,1322,-0.03601771034371204,6,26.572854709428043,25.642334180207747,6
1323,1325,-0.011198508812186047,2,25.62340884606427,25.362088285149436,2
1326,1333,0.021076258365638624,7,25.337383693733184,25.896738322465357,7
1335,1336,0.005527400831768301,1,25.948777034577933,26.118155103376807,1
1337,1346,0.007925305526186817,9,26.08667544453626,26.319506993041223,9
1349,1351,-0.006423068210026969,2,26.278868213060754,26.136356118259016,2
1353,1357,-0.0062201495343054474,4,25.8540981438195,25.719135885434152,4
1360,1361,-0.0003051728403376256,1,25.84434404675913,25.862301398926476,1
1362,1363,-0.004544465686778926,1,25.900436197540195,25.808632990165407,1
1364,1365,-0.002334756723169548,1,25.87932074711384,25.84477814975557,1
1366,1369,0.008539662284285637,3,25.83451162448706,26.08096414066412,3
1370,1371,-0.0029493234408332313,1,26.220979434228568,26.16986626437582,1
1372,1373,0.006137612353194063,1,26.351767544920147,26.539856246477267,1
1374,1375,-0.00028472169169065423,1,26.687909805177245,26.706999088155005,1
1381,1387,-0.007960040083576848,6,26.631195723751752,26.44584153404086,6
1388,1391,0.006076860690640303,3,26.501984553303902,26.689535406013135,3
1395,1396,-0.0006248032733527957,1,27.253074915959047,27.263300180458586,1
1399,1400,-0.0027009503002958504,1,27.354849469997415,27.308320230576875,1
1402,1404,1.5383382105302584e-05,2,27.454478615403723,27.48235543675417,2
1406,1407,-0.005104191534720575,1,27.42475155529363,27.312195122118577,1
1410,1415,-0.0063153978956524805,5,27.16616773983143,27.021768748994187,5
1417,1418,-0.0052093925888613045,1,27.157228788387414,27.042913350791565,1
1421,1426,0.022083208303414217,5,27.01480964557674,27.63839812390267,5
1430,1436,-0.0010470369205624163,6,27.880587373369117,27.879275956395603,6
1440,1442,0.0016129071873235887,2,27.982677330922897,28.055793469641422,2
1444,1448,-0.01851837088977958,4,28.049189046271092,27.557812949400972,4
1451,1452,0.0015288160865161837,1,27.601796795960798,27.671596663715174,1
1454,1457,-0.000306779753032677,3,27.81467321430212,27.833954908937052,3
1458,1459,-0.007625484361458493,1,27.60603264497327,27.423129307402085,1
1464,1467,-0.0013963138731088469,3,27.010180561428168,26.9994760521565,3
1477,1479,-0.007265158035716775,2,26.499449605055837,26.33342636542065,2
1481,1484,-0.019920411262704302,3,26.413108221005245,25.91336135073751,3
1486,1491,-0.0033863426426716933,5,25.974783591237347,25.91279885751941,5
1492,1494,-0.01210224041174732,2,25.847181053292847,25.56021943527323,2
1495,1497,0.003943498631796677,2,25.347574873366607,25.47288057507246,2
1501,1504,0.0027241816793524675,3,25.59859199380192,25.693925801122457,3
1507,1510,0.00514357122055446,3,25.63516286863973,25.79265431747373,3
1513,1515,0.006596144890009168,2,25.64487987445368,25.83968209766691,2
1519,1522,0.0014383798690051183,3,25.744552112438374,25.807327110045897,3
1528,1533,-0.014632870747351878,5,25.685102688862827,25.3349410037731,5
1534,1538,-0.007018616633480791,4,25.36864779370911,25.215963628128975,4
1542,1545,0.0022241848110322667,3,25.68045878346051,25.763257328610482,3
1547,1550,0.0007479852093079894,3,25.726729977874523,25.77169992135971,3
1551,1554,0.002796881840117049,3,25.781309705066768,25.87919829170037,3
1555,1562,-0.002601876491369872,7,25.855757751332455,25.81434002082404,7
1565,1566,0.0018115702192927053,1,25.94170626452921,26.0146431933002,1
1567,1575,0.00802932528366691,8,26.14159697207403,26.37763795456941,8
1581,1583,-0.005446054538423756,2,25.995560682041653,25.87998300149239,2
1588,1590,0.004509611130377959,2,26.126561229957385,26.27050842250846,2
1591,1592,0.0023116341477222163,1,26.33854728332612,26.425770915910977,1
1595,1596,-0.006853541820729579,1,26.400904121211756,26.24636532483317,1
1598,1600,-0.003471574657768809,2,26.0765011238618,26.012051104520783,2
1602,1605,0.003357644594805694,3,26.077343718685626,26.190979514588246,3
1609,1616,-0.007406763135649784,7,25.539077526665597,25.375454706249254,7
1618,1620,-0.0005589281307532541,2,25.53771417447345,25.548978141800674,2
1621,1624,-0.0091999206389278,3,25.61076412737292,25.400757894026164,3
1625,1629,-0.014190280986588585,4,25.392165000793472,25.057235209575186,4
1632,1635,-0.035615371992563934,3,24.760011813552435,23.90293479408604,3
1640,1643,-0.02153760556089255,3,23.398261230979383,22.917716971006804,3
1649,1650,0.011996116952175138,1,23.510401040411484,23.81594496192521,1
1651,1652,0.005314748901087473,1,23.977765850814727,24.129179421371692,1
1653,1658,0.032838844157798724,5,24.234567282908014,25.054637028426026,5
1660,1664,0.04151421400284186,4,26.008598896198116,27.11433403558516,4
1666,1667,-0.00919282888940166,1,27.801736758309485,27.573961886220467,1
1669,1674,-0.004431224700121731,5,26.821570147762248,26.7295393137752,5
1676,1678,-0.02457205189050363,2,26.365683373110357,25.74419011651081,2
1681,1693,0.053591315899890746,12,26.106973597299575,27.532187640139863,12
1695,1697,0.001057678393924242,2,27.954063555872594,28.011584028473898,2
1698,1704,-0.0073656981554759485,6,27.98343353842357,27.805299447164142,6
1706,1713,0.05719476332033364,7,28.91061329158973,30.593059589539486,7
1715,1717,-0.01626370266193595,2,30.867719338335256,30.396563648502816,2
1720,1721,0.015137249484654666,1,30.849489835068525,31.347315749011344,1
1724,1732,-0.027560263431025623,8,32.2586103042321,31.401813116632898,8
1733,1735,-0.007597819313851969,2,31.222073854425503,31.01607625253026,2
1740,1741,-0.005437522742358977,1,31.06548149337876,30.92762771274956,1
1750,1753,0.005043376588125577,3,30.251026172273832,30.433844515610126,3
1757,1762,0.03601211234503091,5,30.324367974150366,31.446736888401677,5
1765,1770,0.013447508257993207,5,30.92912119132104,31.375969925145125,5
1777,1779,0.0009609492604173066,2,33.519468093442796,33.585198069610215,2
1781,1787,-0.04797430037593087,6,33.53000791859388,31.95495925501851,6
1788,1789,-0.012849623847632417,1,32.17292072935752,31.79168372063494,1
1790,1804,0.13150090100310843,14,31.144475210394795,35.27114623704108,14
1806,1807,-0.01282306018055529,1,34.717796809559914,34.3073262085442,1
1809,1815,-0.01152723730247365,6,33.93639457519159,33.57913809630817,6
1820,1822,-0.019959656254750727,2,32.208061559516516,31.597407783716232,2
1829,1834,0.041691361821690996,5,30.673571060081606,31.9830675805709,5
1835,1836,-0.011210702281192763,1,31.82959083125509,31.50458835554496,1
1839,1843,-0.02217707572089345,4,30.449926426463623,29.80508602883477,4
1844,1845,0.0042529732933875375,1,29.844482909951434,30.00125518163237,1
1851,1854,-0.0019341327577345273,3,30.44743265990877,30.418990715672233,3
1855,1858,-0.004826828081618077,3,30.910375314728576,30.79208662246082,3
1863,1868,-0.017953563376618437,5,30.824010439120546,30.301433624619367,5
1871,1875,-0.02007516995007741,4,30.112991916536092,29.53858147802286,4
1877,1878,0.0034189441163830804,1,29.653201615806427,29.784237456618516,1
1882,1884,-0.0071642013344032345,2,30.56962995451725,30.3811926007594,2
1885,1888,0.022876689923440288,3,30.295962459957924,31.019329761546526,3
1892,1900,-0.004007309390661143,8,31.700566316005354,31.605232905233954,8
1901,1902,0.005065467100836517,1,31.694194579943453,31.88643467445561,1
1905,1907,0.0040475148975968765,2,31.89033765785155,32.05130461226895,2
1911,1917,-0.0029079569255255205,6,31.523656961690104,31.463511182072157,6
1920,1922,0.032951687325406764,2,31.980225457211663,33.06600807253093,2
1924,1925,-0.011451262445470865,1,33.08739401220193,32.74158897374371,1
1926,1931,-0.00032635330225818694,5,32.55322775883513,32.575157133215704,5
1932,1933,0.00024158584780195743,1,32.49105428156967,32.53139471474583,1
1934,1943,-0.027560494975533794,9,32.378586980384775,31.51859568357738,9
1949,1950,-0.009352853910231159,1,31.34564199825833,31.08381642992447,1
1951,1953,-0.009980194509926623,2,30.93470380289771,30.656904145640723,2
1955,1957,-0.0004175341643044621,2,30.695419746677466,30.71329877999224,2
1958,1962,0.04613078616722761,4,30.898686054049257,32.35496541931095,4
1967,1971,0.009873747150578677,4,33.77697832225924,34.144260644046064,4
1972,1973,-0.0028750866630037086,1,34.257550432804294,34.193314556880566,1
1976,1991,-0.017247039570317167,15,33.84042390164191,33.29061719543563,15
1992,1995,0.00993579546980176,3,33.36000699621147,33.72482520959319,3
1997,2000,-0.018074692213343888,3,33.79922882897266,33.22211739966957,3
673,674,0.0029039133974280464,1,27.01146504207621,27.11691546233813,1
678,682,-0.021069412745317175,4,26.75643547789892,26.219449530699517,4
683,685,-0.0069870908325904155,2,26.26411955584759,26.106873886428716,2
688,689,-0.0002954133374901988,1,26.2465335015398,26.265026458982103,1
691,693,0.0067238903708260415,2,26.502578352072415,26.70728136180805,2
694,699,0.012525564337471113,5,26.73629897534926,27.09792250728621,5
700,703,0.003341956473745379,3,27.00487308716864,27.122127070692144,3
704,705,0.0043033654661581554,1,27.38949667846994,27.53475318928999,1
710,712,-0.01712822784914927,2,27.66835537777329,27.222113838029326,2
715,718,-0.01772199308845244,3,27.288898679024623,26.832573903922494,3
719,720,-0.0031055880673544534,1,26.653341057247864,26.597220100362595,1
722,723,-0.00383138978501501,1,26.85198476421107,26.775956328842305,1
726,730,-0.013582786534002553,4,26.383709641693667,26.05172905529713,4
735,743,-0.0033828115260780933,8,26.311376032467564,26.248680982390425,8
744,745,0.002774236625990831,1,26.221437332801262,26.320403241968844,1
746,749,-0.002327281164339264,3,26.371050775836242,26.33604897685764,3
750,754,-0.006777234608949955,4,26.38229735302078,26.229880631689298,4
755,762,0.018362525410264934,7,26.293469252515248,26.802577219041094,7
763,775,0.009282224614498624,12,26.905551420770763,27.18220034385607,12
777,778,0.007784918046277269,1,27.198830213074622,27.437769707451093,1
780,783,-0.0008960855864295655,3,27.79497632315606,27.797864621820885,3
787,788,-0.0030783701692314066,1,28.281384696145796,28.22260550984877,1
789,790,-0.007171752769825466,1,28.146620217832318,27.972906236541686,1
793,796,-8.955456714842343e-05,3,27.665318393926288,27.690506156706423,3
798,799,0.0016294722621823048,1,27.991805644671807,28.06540932118287,1
803,804,0.004962110137213672,1,28.210023410209324,28.378214676754368,1
805,812,0.0034397593928502156,7,28.495067089526223,28.621578331286845,7
813,815,-0.002578308654860067,2,28.616110368137317,28.570945313474855,2
816,822,-0.0036571483159607582,6,28.538609208861565,28.462777891462377,6
823,824,0.004418681384805782,1,28.5107479184309,28.665238577443393,1
826,828,-0.005495644440157463,2,28.555723580248618,28.4273472003004,2
829,836,0.0006464927966659808,7,28.332445380911526,28.37909454814313,7
839,845,-0.005631983522931334,6,28.698898511542733,28.56596568651099,6
847,848,-0.0016381868343675287,1,28.65527660165479,28.636989181392455,1
849,855,-0.011037308187761406,6,28.39610435234331,28.11108390162701,6
857,862,-0.010819477138414704,5,28.04788778185058,27.772472188995877,5
863,865,0.00027136833218994235,2,27.8090746891659,27.84443026607321,2
868,870,0.0009998887225303385,2,27.627033830936437,27.68228482433189,2
872,874,-0.0022662697611972055,2,27.93889687467719,27.90351869440358,2
875,878,-0.01122398324504123,3,27.810107922267687,27.525777844827633,3
879,880,-0.008517670377621526,1,27.42859006289857,27.222390963882795,1
882,886,-0.0028853288855921234,4,27.190979769367488,27.139715829780748,4
889,890,-0.005816136105927896,1,27.25452342750253,27.123261933173477,1
892,895,0.00045227560226414917,3,27.073387055654752,27.112705075146334,3
898,899,-0.005416962987298935,1,27.373010741088226,27.252105165793903,1
901,902,0.0015040091490781198,1,27.330594403459727,27.399030461895734,1
903,907,0.0062491419135647696,4,27.47091408983431,27.670054644566864,4
908,909,0.00031832302327604355,1,27.688973129859722,27.725476140627688,1
910,914,-0.0068432004898997985,4,27.850162464543722,27.68742838158711,4
920,922,-0.004043971496098059,2,27.319504963145665,27.23634516875034,2
925,926,-0.0018024317432992537,1,27.061879288517996,27.040163977543557,1
928,930,0.002767949776822111,2,27.192200291769296,27.29465913678997,2
932,937,-0.0026213085462963026,5,27.2452085361413,27.201035646696027,5
940,941,-0.005641246892251747,1,27.117507946954568,26.991648897470153,1
946,947,-0.003306311605693075,1,26.41803676287298,26.35710853808714,1
948,955,0.003268925101016419,7,26.506958103774288,26.62011432257508,7
956,957,-0.00021045585587005453,1,26.74589750980724,26.767014576565607,1
959,960,-0.002049093838454324,1,26.83080128310178,26.802653254794887,1
964,966,-0.005709078890537455,2,26.51830845073,26.393431644191907,2
969,973,-0.014428456209998344,4,26.51049665749948,26.15450161402894,4
974,978,-0.003960448510052548,4,26.242807446640693,26.16511696643569,4
981,984,-0.016421143874516507,3,26.12110349123941,25.71828619613987,3
986,990,0.012613105678178603,4,25.88311705755535,26.235466665340518,4
994,997,-0.00504857544918989,3,26.362057205509696,26.25532842791733,3
999,1000,-0.004830187000500301,1,26.285051131694026,26.184374470541925,1
1006,1013,0.016119481696957542,7,26.06635233729793,26.512594779042747,7
1014,1019,0.0164054422611165,5,26.67126918543353,27.13549442127129,5
1020,1023,0.00840645947389387,3,27.34821441088997,27.605464281429366,3
1028,1034,0.019810308244890544,6,27.592708181850377,28.166920944425996,6
1037,1042,0.0029864395157732423,5,28.271631729178544,28.38433487907913,5
1051,1053,-0.0024906663491468892,2,27.811023742421497,27.769566785193344,2
1054,1056,0.00689838425492753,2,27.85470277958805,28.074709925448033,2
1061,1062,0.007840214395871261,1,29.11690020584876,29.374299846211652,1
1063,1068,-0.011394610354945753,5,29.612412635396147,29.304603144381332,5
1070,1072,-0.01663130644184097,2,29.168959180556467,28.71301024101564,2
1074,1077,0.0002528343504104866,3,28.710131334184062,28.746100372924325,3
1078,1081,0.009058473478284201,3,28.946055915908133,29.237209051639226,3
1082,1087,-0.027746953068314397,5,29.21437687128772,28.432981304191337,5
1092,1095,-0.014142226173656937,3,28.3716682124096,27.99880133183816,3
1099,1102,0.0025214021413202314,3,27.77398975993706,27.871793146950708,3
1104,1111,0.007050580959478873,7,27.979309917741173,28.204559617424298,7
1112,1114,-0.014254309988436995,2,28.019773418048878,27.64839065536029,2
1117,1125,0.015794871722699534,8,27.12163069239842,27.57713500078768,8
1128,1133,-0.0046535511797231605,5,27.601477612030184,27.50063420093865,5
1134,1139,0.010885239698612936,5,27.552242372104196,27.879707376930934,5
1140,1141,-0.0012230243342658466,1,27.862911111090266,27.856697003889007,1
1145,1146,-0.0024379550042242576,1,28.239041248853603,28.19843477817532,1
1150,1151,6.270570936480944e-05,1,28.529147533779547,28.559465621747005,1
1155,1160,-0.01092529607565345,5,28.630308088420765,28.346143803906013,5
1162,1164,-0.006292634202536788,2,28.201892198186126,28.05262989896175,2
1165,1170,-0.00941100929936706,5,27.960387799514336,27.725212717718712,5
1173,1187,-0.0354326507356922,14,27.6810681700863,26.72793561779483,14
1188,1190,0.005406750423226348,2,26.832029479794556,27.003935596020252,2
1193,1194,-0.001915803552928814,1,27.107830131472642,27.08300468432605,1
1195,1196,-0.004767030454805166,1,26.981844048027053,26.88020261977133,1
1197,1203,-0.0019931888505326347,6,26.988045805091666,26.961241578900385,6
1204,1208,0.001809025125761077,4,27.041519735487455,27.117480043863203,4
1210,1217,-0.0007257002875205479,7,27.45310242584623,27.460632803948307,7
1219,1223,0.010681663437107823,4,27.668669706388386,27.991885793650916,4
1232,1234,0.00022220049388356,2,27.708400479843725,27.742265700594913,2
1238,1239,-0.002936590073748761,1,27.518094845584795,27.464803576258358,1
1240,1241,-0.0003459952636291121,1,27.40420410348782,27.422126582767977,1
1242,1243,-0.0008096991433086752,1,27.559333741627654,27.564578306448528,1
1246,1249,-0.023430618850731336,3,27.52570929920598,26.90829060531946,3
1260,1262,0.006351527078613567,2,26.49615565870924,26.690942864513403,2
1263,1264,-0.0011948942912826887,1,26.824485128786964,26.819257189768766,1
1268,1270,0.0011549863625357685,2,27.006874134108493,27.065073579562217,2
1273,1276,-0.013072483019756387,3,26.87386614410813,26.54943185140818,3
1277,1279,-0.004146357297676834,2,26.555740280244255,26.472186433018297,2
1280,1285,-0.02330890307815081,5,26.54467279141895,25.952490258873958,5
1288,1289,0.0001532875000848032,1,26.048715538951804,26.07875719697614,1
1291,1294,-0.005136967255202737,3,26.245344980409804,26.13676884762435,3
1297,1298,-0.00267227538179065,1,26.04923525077574,26.005673755951396,1
1299,1303,-0.0227980572599685,4,25.9816520552448,25.415302516035997,4
1308,1310,0.0039076842837597,2,25.554752078444178,25.680166733594934,2
1313,1315,0.00876748087776787,2,26.145337204236974,26.40071128542215,2
1316,1318,-0.020361137733916044,2,26.512945292158598,25.999624506625334,2
1319,1324,-0.014860451004283886,5,25.830298608716504,25.472279020424367,5
1325,1332,0.01840263150818312,7,25.33895516951032,25.8305975794667,7
1333,1344,0.01696371899167618,11,25.906508895191667,26.37188614104025,11
1348,1352,-0.013098461656144048,4,26.32334937573843,26.004877342654776,4
1355,1373,0.034996625340137894,18,25.642499975855678,26.56554344027105,18
1375,1376,-0.0006590507162560892,1,26.71101714772482,26.72012424988941,1
1381,1383,-0.00035861869530521087,2,26.639476781369197,26.656562843743618,2
1385,1388,-0.004203397409697693,3,26.604225692557964,26.51900178488741,3
1392,1393,0.005175506608268826,1,26.844738773329805,27.010518635021754,1
1394,1405,0.011862377199250915,11,27.08991617091819,27.438356891004627,11
1406,1409,-0.009114559172516395,3,27.446054961588967,27.223342324551016,3
1411,1416,-0.004016733918217709,5,27.158627478521037,27.076697125834343,5
1417,1421,-0.009606668783826839,4,27.19484439124474,26.960787372941585,4
1423,1424,0.0017995567925572328,1,27.231458456063056,27.307694470554967,1
1425,1426,0.008255297369796178,1,27.37037901053483,27.623700007401357,1
1427,1433,0.0034426555870771805,6,27.842633667081913,27.966328899101917,6
1438,1441,-0.0004074189540971675,3,27.93625914632471,27.95281364398825,3
1443,1444,-0.0037367566164323513,1,28.085181838613103,28.008319531392573,1
1446,1447,-0.006574613835887591,1,27.818917786485937,27.663838062493973,1
1449,1450,-0.004163032976379148,1,27.58679961766651,27.499541660763068,1
1451,1457,0.009943010251300396,6,27.575741228728496,27.87750284768168,6
1460,1471,-0.016114562408808125,11,27.444712750332954,27.029897926676234,11
1472,1477,-0.02345765271506961,5,27.022639786308865,26.415774726543518,5
1478,1480,0.0017619182704198427,2,26.350476770953243,26.423254634181212,2
1482,1483,-0.009996608727529548,1,26.151510805300713,25.91623589495166,1
1487,1497,-0.024503261585071663,10,26.06717379172087,25.45451018731053,10
1498,1503,0.011754516705697791,5,25.5392988122691,25.865040225621993,5
1504,1507,-0.004859743496346509,3,25.729191867306284,25.629883786330197,3
1508,1511,-0.001094417848709135,3,25.743927106185083,25.741496419970392,3
1515,1517,-0.008550712060958093,2,25.871425112217526,25.67607743058853,2
1518,1519,-0.0023236555257483086,1,25.741348000678666,25.707275323157358,1
1520,1521,-0.003625727793467507,1,25.788674277219382,25.720960238413006,1
1522,1525,0.0005183682275029435,3,25.849164282011472,25.888412831764782,3
1526,1527,-0.0027661480341959633,1,25.84658337931849,25.800934486892423,1
1528,1530,-0.007654325612372956,2,25.65102061933478,25.480330375844034,2
1531,1538,-0.0046734220365741656,7,25.422593184690644,25.32920527065914,7
1543,1547,-0.0020266882601443536,4,25.76366299359081,25.737211743256974,4
1548,1552,0.0034903667676986754,4,25.749505284943012,25.865130007759202,4
1554,1557,-0.006116220353511221,3,25.8809281913172,25.74851565973702,3
1561,1562,-0.0023793147369038582,1,25.76862477304742,25.73308172914821,1
1568,1569,0.0025646764686715322,1,26.137350513339406,26.230521711667727,1
1571,1574,0.0015819929554708864,3,26.34598722792888,26.41401238135632,3
1575,1582,-0.0237842591940973,7,26.45822052456804,25.855389570321698,7
1584,1585,-0.0006160890335488077,1,25.911394522295936,25.92134219080909,1
1589,1591,0.005191119676750165,2,26.201835544932816,26.36405424454202,2
1592,1593,-0.0012303488093336468,1,26.427017573145875,26.42093014111366,1
1594,1600,-0.019960318069363086,6,26.475531842266417,25.973547337481495,6
1609,1613,-0.011729757576032819,4,25.57086841442573,25.296499195330306,4
1614,1619,0.010875277001949245,5,25.279897819400503,25.580103608586857,5
1620,1624,-0.006868478823249166,4,25.575021648093497,25.42493517514752,4
1626,1631,-0.016996918099476448,5,25.275660136910613,24.871327471790252,5
1632,1634,-0.022842698293457985,2,24.702470070633435,24.162901469777413,2
1635,1642,-0.03823213078514754,7,24.015455341555516,23.12130876741385,7
1645,1646,-0.01534441193508608,1,22.317292375505776,21.997163940395765,1
1657,1662,0.08480331308108482,5,24.862159591699065,26.995415255017516,5
1664,1681,-0.04106406619512801,17,27.13896925422377,26.051671793555006,17
1683,1684,0.0009407044075369795,1,26.37931047818797,26.430504922300777,1
1689,1690,0.008381292702081454,1,26.69393232375571,26.944355916254416,1
1693,1696,0.01352234394583961,3,27.559123982235906,27.959347059551973,3
1699,1701,-0.0034701287778409217,2,27.850738160011545,27.78194325019839,2
1702,1707,0.06405796172135977,5,27.654245857359026,29.45337472578016,5
1708,1714,0.0288109155667072,6,29.810384418097325,30.699059270996308,6
1721,1722,0.021224548701256837,1,31.36918759634332,32.066353633797114,1
1724,1725,0.0013386777932267867,1,32.29567919768703,32.371208385443836,1
1731,1734,-0.020005767642768357,3,31.702970160550866,31.100430876093817,3
1735,1747,-0.019526198428295703,12,30.96192263371753,30.38831591128374,12
1748,1755,0.0014470893787736309,7,30.369678775859054,30.443996094228226,7
1759,1762,0.01973810918359568,3,30.79967449290123,31.43840150535422,3
1767,1771,0.06796000740628255,4,30.393231597193,32.48914907323629,4
1774,1776,-0.01972166582417631,2,34.12160842881004,33.48279507842246,2
1778,1782,0.012166315630488166,4,33.69552459363464,34.13917050576931,4
1794,1796,0.017890620370031207,2,32.58269317190025,33.19820045924383,2
1798,1801,0.003921113161009456,3,34.7938663157132,34.96509086916186,3
1804,1808,-0.03533052759864599,4,35.353957892379356,34.14023786523366,4
1811,1812,-0.00872766374389745,1,33.46372159128431,33.205125203207466,1
1814,1815,0.0070105491919144,1,33.27757634663609,33.544148008948504,1
1817,1818,-0.006762158415464458,1,32.97211174035684,32.782121209216506,1
1819,1825,-0.06001282985932405,6,32.453073372578096,30.537925675229985,6
1826,1827,0.00162148329227834,1,29.86742962099602,29.94572658873076,1
1828,1829,0.008233672754372676,1,30.42365010792532,30.704572137015436,1
1837,1838,-0.017709234169151666,1,31.322102952347343,30.798734599446295,1
1839,1849,-0.010895816595325548,10,30.441679739879103,30.14043446031962,10
1850,1851,4.6232979731609426e-07,1,30.42891119671869,30.459354176107755,1
1852,1858,0.011086112593433388,6,30.35797043532836,30.724880284117862,6
1859,1861,0.006258753899855058,2,30.68789040136778,30.910646245497034,2
1862,1863,-0.00248369934485217,1,30.82839174496386,30.78265168032901,1
1864,1868,-0.016770096985475654,4,30.846096763930166,30.35965082633962,4
1871,1872,-0.012262091335650545,1,30.204701439840903,29.86453333345936,1
1874,1878,0.00483250269558275,4,29.665583624234397,29.83860822068878,4
1879,1880,0.0014084234429518612,1,29.84091666275212,29.912786226001867,1
1884,1885,-0.0012405183433059168,1,30.39535068962238,30.38804005023031,1
1886,1890,0.031929775826809635,4,30.295852881954403,31.293488525839166,4
1892,1896,0.007098461752514059,4,31.708946384070675,31.96574007357459,4
1898,1903,0.003328084532047795,5,31.819870738331044,31.957589828685375,5
1904,1912,-0.020329054798219445,8,31.852263580934466,31.236589432731254,8
1913,1914,0.004080204567140275,1,31.06030617209393,31.218098881366178,1
1915,1919,0.0057480701651125175,4,31.362588307631626,31.57422525409106,4
1923,1925,-0.011950058904164378,2,33.15523162661979,32.79217988732709,2
1929,1934,-0.008954109731344244,5,32.60058979368606,32.34128112516054,5
1935,1936,-0.005848999271748063,1,32.46301379507627,32.3056006648252,1
1938,1941,-0.010278083527879033,3,31.917781278410338,31.621645437684673,3
1945,1946,-0.002770940585514691,1,31.464470790509157,31.408749082184503,1
1947,1951,-0.015383859539468338,4,31.3873045517618,30.935833971766744,4
1953,1955,-0.0010867771979746435,2,30.687116177038675,30.68445323508291,2
1956,1959,0.019865406279002,3,30.6952477705526,31.335716586119812,3
1960,1961,0.00958840085331716,1,31.67185203669889,32.00720630183041,1
1962,1966,0.03335339900491785,4,32.34551656710452,33.45669500375444,4
1967,1972,0.011201912003632873,5,33.800505945590984,34.212936744817355,5
1974,1976,-0.008407685451197883,2,34.09647548062005,33.843899515265136,2
1980,1981,-0.00550093836680496,1,33.788080928986645,33.63600285919266,1
1983,1986,-0.007973021010759376,3,33.36090841771941,33.12828210238463,3
1987,1989,0.0006162544911613168,2,33.40513396750345,33.459125165306276,2
1993,1995,0.008182388106234024,2,33.4331488923881,33.74014504113151,2
1996,1998,-0.0005569150085665343,2,33.824494754723176,33.839481880691814,2
1999,2000,-0.0032146436951061897,1,33.27615286033886,33.20245803820932,1
677,682,-0.024006785479359773,5,26.84895646924415,26.23124828741158,5
683,688,-0.0028300885809572837,5,26.2674703706096,26.219398573033715,5
689,690,0.000706420209475209,1,26.33264113326698,26.377575684265643,1
691,692,0.004211615577865561,1,26.454341560799154,26.59221141937959,1
693,694,-0.0017482490991735714,1,26.765351861048185,26.74532471062909,1
701,703,0.0029195949462110585,2,26.986715466418925,27.092492459975936,2
705,706,-0.0013388035591668963,1,27.543768482489686,27.53443655569495,1
707,708,-0.0016137937001506446,1,27.73974223306061,27.722715754034155,1
712,716,-0.010016022455091988,4,27.262630879146407,27.01683038695514,4
719,720,-0.0025503887993268103,1,26.66983237589383,26.62848376649832,1
721,724,-0.006333768614130399,3,26.743497472124673,26.60085384467578,3
726,728,-0.006822215695833102,2,26.377298181481404,26.223723861995513,2
731,734,0.004271718335805833,3,25.98849229448921,26.125496305838016,3
736,743,-0.010274023910103243,7,26.52122454227048,26.275266071740248,7
744,746,0.0016912012986621382,2,26.292544847512914,26.363303378351674,2
747,752,-0.005294005072589947,5,26.34432141490083,26.231198765111305,5
754,757,0.0020987345076101823,3,26.2176208069224,26.29886225322425,3
761,764,0.009520525075445187,3,26.700792409497897,26.981698765576276,3
765,771,0.0037303793421645587,6,26.970153406664036,27.09773246319393,6
773,780,0.016894779047901837,7,27.2544517617845,27.742164154133334,7
781,783,-0.0005185004665963977,2,27.768807205179527,27.782177872891996,2
786,794,-0.01711751607260832,8,28.141350970741716,27.687782294165874,8
799,800,0.0014815804381923129,1,28.036276981903328,28.10585125842136,1
803,804,0.0029475569422775204,1,28.233231079001982,28.34468336635082,1
808,819,-0.006165879034770402,11,28.558707911871164,28.411177081409097,11
826,828,-0.00226783084871909,2,28.499107771369072,28.46297572337556,2
829,832,-0.016047585251441464,3,28.381707028590114,27.95463087249597,3
835,840,0.014658240096197435,5,28.26228602481467,28.704823685058624,5
841,844,-0.0030323790337018043,3,28.71299011089468,28.65463443179841,3
847,853,-0.023262600994373925,6,28.67823033512571,28.039778335950057,6
855,862,-0.013320021396292556,7,28.16134112561696,27.814392800401066,7
863,867,-0.0034646581743903023,4,27.75624404488287,27.687834391107277,4
871,882,-0.026421741574044307,11,27.92368867813043,27.21381988076093,11
883,887,1.2570802975569876e-05,4,27.164951487876706,27.192457924617578,4
889,890,-0.004014465699909768,1,27.206916192652272,27.124901876989203,1
891,893,-0.004972684338822784,2,27.093598422613024,26.985964108477155,2
895,901,0.004176149167819056,6,27.17580065774758,27.316466655706996,6
904,908,0.0022647810516253177,4,27.556537471538526,27.646503532924008,4
909,910,-0.0007523624668997393,1,27.812735228936134,27.819622706077,1
911,912,-0.003027612671928608,1,27.89946012902689,27.84289083012931,1
913,918,-0.02178641188524824,5,27.92655510121248,27.346062224342596,5
919,928,-0.005399569232925672,9,27.326352857031416,27.20612867575355,9
932,933,0.0026071795559212494,1,27.25288324009028,27.351189283353843,1
935,947,-0.040089104810055516,12,27.36402681843776,26.294391506106678,12
950,952,-0.0067066150033463215,2,26.719873506087158,26.567393475049805,2
957,958,0.0027624900663148016,1,26.756013025978472,26.856682259202906,1
961,963,-0.007329108376286668,2,26.774084079468626,26.604627999653857,2
965,972,-0.01223571276120608,7,26.48085663978165,26.183325340906386,7
973,974,-0.002448956022650577,1,26.225335031521603,26.18733567438165,1
976,977,-0.004599285215741747,1,26.19895451217551,26.104657002531948,1
978,983,-0.010612228718811925,5,26.152050463584374,25.90067097306249,5
984,995,0.019870911762331852,11,25.796268617914734,26.334660264036643,11
998,999,0.00013757841356379775,1,26.247709822013352,26.27756865011236,1
1002,1011,0.00785614271432029,9,26.018619228574597,26.24904383369241,9
1015,1016,0.004295426274426,1,26.76457596039925,26.906305799163817,1
1017,1019,0.008501157446310793,2,26.897344294433037,27.152900197462074,2
1020,1023,0.0078247082441587,3,27.39749958629714,27.63927452676567,3
1025,1026,-0.007621404807047573,1,27.756549857533933,27.572762504880203,1
1029,1033,0.012629487075497731,4,27.660693239259565,28.03769430026336,4
1037,1040,0.004204619288004409,3,28.274796317797506,28.42195586807751,3
1042,1049,-0.0176695116534129,7,28.495538477137035,28.020531766422124,7
1052,1056,0.007763239684009414,4,27.87520796345083,28.119485092076157,4
1057,1060,0.011812243272685683,3,28.26995199599003,28.6321534982698,3
1062,1063,0.0044384651579389275,1,29.403906298168483,29.563818418078373,1
1065,1071,-0.014798311215623802,6,29.355366306164118,28.95031182602303,6
1072,1075,-0.007272572890822693,3,28.760992809424497,28.580587385614955,3
1078,1079,0.0024833942887239283,1,28.982965628179837,29.08392472511932,1
1081,1083,-0.009349689186927586,2,29.27575293162981,29.031309493937417,2
1085,1088,-0.01219892135088083,3,28.73265624298485,28.410881485517766,3
1089,1091,0.0010872273353379333,2,28.443764415732808,28.503133018341238,2
1094,1096,-0.0019424709396011453,2,28.070804947216747,28.044349029302783,2
1097,1102,-0.0048164777165093245,5,27.95132996230871,27.844654334360758,5
1103,1105,-0.0028726127424355185,2,27.9843780826673,27.931974179680562,2
1113,1117,-0.02853012812956934,4,27.86962560581623,27.10237124196498,4
1118,1122,0.008397448655304202,4,27.187463491156816,27.44295628338292,4
1129,1131,-0.004292139328460782,2,27.645994604778682,27.554980138665876,2
1132,1134,-0.002935123780367134,2,27.57820783383907,27.5248405880399,2
1135,1139,0.008624873076021004,4,27.573610254324525,27.83900275327007,4
1140,1142,7.396051266747583e-06,2,27.973943680594697,28.002124520996887,2
1143,1151,0.01440431126712563,8,28.140743447664914,28.57423221902107,8
1156,1157,-0.0025589193947030595,1,28.625395268716378,28.580770584850935,1
1158,1168,-0.023978750191686313,10,28.445505116614164,27.791862960463153,10
1182,1186,0.0010792671746667083,4,26.635152900199202,26.690534499316815,4
1187,1193,0.013146986659095902,6,26.743841559556166,27.122186329312182,6
1196,1197,-0.0022773671467098593,1,26.939778430467577,26.905366442560855,1
1200,1207,0.0023383961796487134,7,26.868814139480698,26.95851288595563,7
1208,1210,0.01249602579750507,2,27.078352384669305,27.443802527006735,2
1214,1217,-0.004657243549091284,3,27.61171959254529,27.510736809186135,3
1219,1223,0.009154171809904285,4,27.699517269154345,27.98078292655675,4
1224,1226,-0.009756071219501554,2,28.022842772625022,27.777472765535023,2
1236,1237,-0.0028122645521840672,1,27.64260484114317,27.592509128259536,1
1238,1239,-0.0036750983790041374,1,27.533209786148024,27.45955574128032,1
1241,1242,0.0003599168775888764,1,27.46467120966827,27.50202087958373,1
1243,1250,-0.028690862921074336,7,27.564948037072128,26.801650839551026,7
1255,1256,-0.004405194102610884,1,26.609062501229534,26.518453478524343,1
1257,1258,-0.003155447166081602,1,26.396417486997464,26.33952140373041,1
1260,1261,0.003031916254127306,1,26.42916628148487,26.535726466598224,1
1265,1270,0.002959761092065906,5,26.94972369320071,27.056438160522973,5
1271,1272,-0.0038848731189710015,1,27.01421235296229,26.936279777915054,1
1275,1281,-0.0056604690563729155,6,26.639828968339643,26.51567486976563,6
1284,1293,-0.00274470165846084,9,26.11807208667183,26.072503842986414,9
1299,1300,7.960349949176016e-05,1,25.93148643292178,25.959482156421785,1
1301,1302,-0.007555223128341132,1,25.872768317108427,25.703166547841906,1
1303,1304,-0.01506528748569827,1,25.48284840289782,25.124424814156594,1
1306,1310,0.014846526614709109,4,25.267547914270512,25.667950784782438,4
1311,1312,0.005084661032957521,1,25.82935371056763,25.9865165725968,1
1315,1319,-0.026950295863626045,4,26.426410538470464,25.74063736638351,4
1326,1329,-0.00043868838280769614,3,25.321893900671657,25.336107373887415,3
1330,1336,0.021957734493860254,6,25.519008698411746,26.104867324656393,6
1337,1341,0.005720517793007459,4,26.182811680243873,26.358773732011915,4
1344,1349,-0.006869059454655442,5,26.46343811451575,26.308122622847062,5
1350,1356,-0.025115772828671057,6,26.263478293152307,25.630114216943912,6
1357,1368,0.011727677714575568,11,25.728568025488784,26.05603294737474,11
1369,1379,0.015651535287055898,10,26.140216653038593,26.57549139304795,10
1380,1382,0.003441810006704707,2,26.533679513446685,26.65153707662421,2
1383,1386,-0.0035160637381310457,3,26.690535996939374,26.623380907166194,3
1396,1399,0.0020388282721847976,3,27.20778052632025,27.29046029900703,3
1401,1402,0.000745107676630078,1,27.36040284512173,27.408149694162443,1
1403,1406,-0.001630263792466182,3,27.482273653454282,27.464952571435862,3
1408,1416,-0.010324849853227205,8,27.353670986887547,27.098602112000243,8
1423,1424,0.0007650645175539433,1,27.257712172050788,27.305823792635373,1
1426,1430,0.00735047695352039,4,27.607967592831244,27.83850728994872,4
1431,1444,0.000719791055306746,13,27.975132653636308,28.02324403654505,13
1445,1450,-0.017299626926357517,5,28.041340841838164,27.58427744760137,5
1451,1454,0.008056663043088406,3,27.57538558376187,27.82512655927724,3
1455,1457,-0.0024649564702201475,2,27.918791828713257,27.877892013983054,2
1459,1463,-0.009937960629458984,4,27.410478644201405,27.165484865244906,4
1470,1471,-0.0034502167930734436,1,27.044125850480615,26.977861879167776,1
1472,1478,-0.02867064574668759,6,27.033991243642983,26.285943248821084,6
1479,1482,-0.012618129860655466,3,26.36658042024276,26.060250064938963,3
1485,1486,0.00017163069577852083,1,25.89458505987333,25.924923950583924,1
1488,1491,-0.006398984539024637,3,26.073661470237298,25.932890175083724,3
1492,1496,-0.018290794258005588,4,25.870555100689494,25.423232655103075,4
1501,1512,0.0018594242470425975,11,25.62583884970472,25.699113994662373,11
1518,1523,0.00456226572533823,5,25.708804432965852,25.85180363470276,5
1529,1531,-0.006998513432874351,2,25.51679834240518,25.363735484784318,2
1532,1539,-0.002862505272260311,7,25.384792470928925,25.337513161116586,7
1543,1549,-0.0031707576224331182,6,25.733427958772538,25.6775669238797,6
1550,1553,0.006241997349749772,3,25.752407565637192,25.938906432977213,3
1554,1555,-0.004729102008781547,1,25.87756109965325,25.781061034574165,1
1556,1559,-0.004562155958584258,3,25.79727829315501,25.70538436456779,3
1563,1564,-0.0007911160943891949,1,25.81270178098787,25.81809363895025,1
1568,1569,-0.00014433115991264534,1,26.202806528115808,26.225227453184754,1
1577,1579,-0.0078022736123460395,2,26.484837645060832,26.304680532820566,2
1582,1585,0.0013075307162500938,3,25.877551755694014,25.93726500123163,3
1588,1589,0.0002552608708063645,1,26.127929207043653,26.160726574212454,1
1592,1596,-0.006784421139768051,4,26.42004900094055,26.267224310985803,4
1599,1602,0.004067222353911602,3,26.005548062098605,26.137323956564593,3
1603,1605,-0.0031162907602019277,2,26.19353360498814,26.138100471842865,2
1609,1610,-0.004691076884783891,1,25.581253459963694,25.486831086633824,1
1618,1620,0.0022404295550918713,2,25.520091286219717,25.602787344272226,2
1621,1623,-0.0012955518761832816,2,25.548692932575157,25.541141968444904,2
1624,1625,-0.002464658652977461,1,25.41257988595335,25.375359130928906,1
1628,1629,-0.005563214456826711,1,25.160155789176642,25.04534460254346,1
1632,1633,-0.013821891971248723,1,24.745012286974223,24.427734412603417,1
1635,1643,-0.0444547156710957,8,23.964827911340105,22.923443128346083,8
1645,1648,0.019058833354938534,3,22.345929761380706,22.794163042625403,3
1649,1655,0.0383831295325365,6,23.476982080814498,24.401579107136254,6
1657,1661,0.06641059744801907,4,24.900510034661817,26.579068292858764,4
1664,1667,0.013156697325286869,3,27.14976593364748,27.53411695242251,3
1668,1669,-0.02068796880412135,1,27.3611972802023,26.82251088170627,1
1671,1672,0.000723248944822757,1,26.999119718688238,27.04564592325461,1
1677,1680,-0.012739551020463799,3,26.193818797239075,25.886315125048103,3
1682,1683,0.0019267465617310835,1,26.2864626121444,26.363396426214567,1
1687,1690,0.018022410269210525,3,26.491978982628837,26.995920275679705,3
1698,1700,-0.005798550973562881,2,27.962824593644847,27.828643554467444,2
1702,1711,0.09475131535089049,9,27.622459280321877,30.26734608963911,9
1714,1717,-0.009791818853472953,3,30.652595590643926,30.38310352282222,3
1719,1721,0.027907438005092433,2,30.471727613128728,31.35258719001331,2
1730,1731,-0.007002315999538386,1,31.855423081962126,31.6642167663252,1
1735,1737,0.0005549295573645289,2,31.025864738207975,31.07410777233221,2
1738,1744,-0.004812026958776789,6,31.290598585846688,31.171317980481177,6
1745,1748,-0.01755690757809575,3,30.86468668894062,30.353662924004947,3
1753,1755,-0.0013573801861780557,2,30.457151682501593,30.446266899962847,2
1758,1763,0.02744405529734627,5,30.457455225381793,31.323788766029,5
1764,1765,-0.01187244092261247,1,31.215526425854268,30.87613745892092,1
1766,1767,-0.009529718065525824,1,30.69822325885416,30.436376069343567,1
1768,1770,0.031483864642448546,2,30.351718283434092,31.337659391818896,2
1775,1782,0.004341888775997434,7,33.89305066663604,34.07410357357646,7
1792,1796,0.04448129935835255,4,31.755727595411287,33.200019348520485,4
1799,1801,-0.003035513878335062,2,35.06511428410187,34.99373875733117,2
1806,1807,-0.01094076462338741,1,34.69281170864754,34.347938633328376,1
1808,1809,-0.01062712974290686,1,34.16704979972032,33.83811917836605,1
1813,1819,-0.022984935589395624,6,33.17188149852315,32.44259982039905,6
1821,1822,-0.005887851638952051,1,31.838162279422175,31.68254206574348,1
1823,1824,-0.01709820062411928,1,31.413348332197923,30.90764994847086,1
1825,1827,-0.024142160404857685,2,30.6296217960211,29.920786175277456,2
1828,1829,0.004137648401188326,1,30.4951776240878,30.651851124652147,1
1831,1838,-0.0005757719045570115,7,30.789765314579242,30.802827198077782,7
1839,1844,-0.019592776354543814,5,30.359142142433747,29.79468140226367,5
1849,1852,0.0025362973358821605,3,30.18519374309253,30.291937563309315,3
1857,1858,-0.00977112633241757,1,31.026887273618808,30.75474652564022,1
1859,1860,0.0020730739739563673,1,30.655787768151693,30.74999527169313,1
1862,1869,-0.015697181652889126,7,30.85768679518203,30.40416576696528,7
1870,1871,-0.009604330574506999,1,30.372638521008057,30.111302298753298,1
1875,1877,0.0036214938898965574,2,29.55256391711231,29.68914091068602,2
1879,1880,0.004156850784894954,1,29.80266367388608,29.95635156344472,1
1882,1884,-0.009254734873801202,2,30.619918716007135,30.367159405149152,2
1887,1889,0.01384978723138916,2,30.663678468897388,31.119027569892243,2
1890,1892,0.010104483759077115,2,31.30022101512726,31.647793811045265,2
1897,1899,-0.006454819219778092,2,31.871678542474562,31.697824297794483,2
1900,1902,0.0037850712831806535,2,31.676564759331047,31.828139379710734,2
1903,1904,-0.004881757151970775,1,31.969052356601903,31.844956258974936,1
1906,1908,-7.293969579094152e-05,2,31.89022100540308,31.919785163389644,2
1910,1911,-0.0060486870991824,1,31.66698483788759,31.507108140066542,1
1914,1915,0.002395215741590516,1,31.252047375994007,31.358154819201914,1
1916,1917,-0.003928896496073829,1,31.52889270889362,31.436547845513452,1
1922,1924,-0.002553636988490977,2,33.09461166425891,33.043194651457576,2
1925,1928,-0.004767552302630262,3,32.67556486345608,32.55245796381502,3
1930,1931,-0.0031922879329628817,1,32.67528791922064,32.60365427980924,1
1932,1935,-0.0059709652645607856,3,32.51425803658241,32.352630789279594,3
1936,1938,-0.014088009755090527,2,32.30045663163581,31.877707940147083,2
1943,1945,-0.0029967244389541028,2,31.501457497572474,31.438557767524397,2
1946,1947,-0.0029905249386059916,1,31.425485319793868,31.36293210755702,1
1948,1952,-0.02012425001992005,4,31.377016100431238,30.776954199647534,4
1953,1956,-0.005353891153569316,3,30.772261678286796,30.638282600390383,3
1957,1959,0.013258518729242337,2,30.849241052873573,31.289105534208883,2
1960,1963,0.0392947374652741,3,31.67096305380598,32.94713619533149,3
1964,1965,-0.0007122860941540358,1,33.18908710760351,33.1986360694867,1
1969,1970,-0.007080005743085797,1,34.394645351743556,34.185525710473556,1
1974,1975,-0.008448624585313515,1,34.096748697876876,33.842774817246614,1
1977,1981,-0.00496133677482564,4,33.84305219110884,33.708988463891856,4
1985,1988,0.008123664849058767,3,33.12374478944724,33.42595473545191,3
1989,1994,0.001198304680987671,5,33.54504749039703,33.618789725319125,5
1999,2000,-0.0034514193753776355,1,33.25788799183393,33.17635896082661,1
673,674,-0.00174530315135148,1,27.058724605959412,27.03855765323904,1
676,677,-0.006164984923787369,1,26.96049053827556,26.821240011107456,1
678,685,-0.023107884186447256,7,26.744236624766366,26.15297813881109,7
689,690,0.0010555691361327697,1,26.30692783746337,26.36100354639253,1
692,697,0.013483130292612899,5,26.660043544106667,27.046164428362697,5
700,701,-0.0024268988499145353,1,26.948871746869965,26.910418432767862,1
704,706,0.004453304627520486,2,27.36023447451625,27.509438167786175,2
707,708,0.00173992026676354,1,27.679287842865158,27.755126884595406,1
710,713,-0.013662533930056436,3,27.664288413887434,27.313988423195717,3
715,719,-0.023028687963177825,4,27.256033867204177,26.65561920202973,4
723,735,-0.022129997898190912,12,26.82797187446478,26.261096885144614,12
736,738,0.0005846463680029528,2,26.58052766322126,26.622648399842387,2
742,743,0.002677446341696275,1,26.224493548062444,26.320932715923604,1
747,749,-0.0015834229121669363,2,26.36859893597238,26.353214891191392,2
750,753,-0.006650671300781619,3,26.361691082787907,26.212729831546326,3
756,757,-0.0015089012191286954,1,26.319613747472726,26.30621966394964,1
764,772,0.00741049866506674,8,26.91132209584324,27.13765973440551,8
775,781,0.021191580326673592,6,27.188150321135044,27.79149834292019,6
782,783,-0.0013385206382935304,1,27.799891621888346,27.790480784832013,1
786,792,-0.013800211433349776,6,28.175878947373725,27.815221739526873,6
794,796,-0.0015387080262129807,2,27.716654862123946,27.701723677689944,2
797,799,0.005932830421817671,2,27.849687220566523,28.042764379367373,2
802,806,0.014154532628478371,4,28.163205418171557,28.590005633603777,4
813,814,-0.002182451373241032,1,28.575950272789715,28.542160601147987,1
817,818,-0.0029188538436746105,1,28.49371837949203,28.43904309845896,1
819,820,-0.0019427843223553567,1,28.508094481651973,28.481217497114447,1
821,825,0.00029867383479040646,4,28.500380831662245,28.537393530529886,4
827,828,-0.0012479878207417596,1,28.471728057631218,28.464667415837454,1
832,833,-0.0017181590021534228,1,27.961792174303113,27.941711161536794,1
837,840,0.005670480476509273,3,28.492074704715364,28.68213053276841,3
841,842,-0.004566447961415228,1,28.76248618941312,28.659906279177655,1
843,844,-0.0020469996176527812,1,28.682404881062507,28.652374414118672,1
846,851,-0.013539052221715444,5,28.57603194748244,28.21771559060355,5
853,855,0.0012557033551070505,2,28.11776126868999,28.181186597121872,2
860,866,-0.0026693893874761496,6,27.788813528030367,27.74242317763612,6
867,868,-0.003822042716009135,1,27.713004863132486,27.634797579619757,1
871,872,-0.0041625426086129335,1,27.983806115983228,27.895306136790268,1
873,877,-0.008147526569066279,4,27.890985824462398,27.6916342622446,4
880,881,-0.003558793671324415,1,27.264584837787673,27.194820390653454,1
882,883,-0.00039269070911185963,1,27.160974942681634,27.177470055113904,1
884,888,0.00139828000081737,4,27.15329435841661,27.218415561232707,4
889,890,-0.00628365415967072,1,27.238652508690006,27.09473288905864,1
891,897,0.01149031445695272,6,27.07826421029988,27.416480245234975,6
901,903,0.0048593390264708,2,27.353004183134626,27.513274708036086,2
906,908,0.0020725624262110613,2,27.61704937688769,27.70190448512593,2
911,920,-0.023853402657306313,9,27.899088436832255,27.26149933501353,9
921,925,-0.01147848641612204,4,27.335363793268677,27.048930555081157,4
926,928,0.0036594817506205215,2,27.07338798438507,27.199535941625783,2
929,933,0.0023680687582826195,4,27.258813389504535,27.35062294726958,4
935,937,-0.008593398307705773,2,27.401319839536956,27.193250703838512,2
938,944,-0.020725554648799455,6,27.156240103359313,26.62056820514458,6
945,946,-0.007995036954460182,1,26.569322889401647,26.383469493935298,1
948,950,0.008165839607079273,2,26.481498786180634,26.72422395660983,2
953,958,0.00533829900837383,5,26.6066441848168,26.77528505126958,5
959,961,-0.004349824938501001,2,26.815862582891334,26.72603413766375,2
962,964,-0.0067863695227246106,2,26.70041285617619,26.545914400981047,2
967,969,-0.002360426274405601,2,26.485401751799934,26.449370315368597,2
971,974,-0.004399462792585246,3,26.293999739011117,26.204614265230102,3
978,987,-0.011547850485620712,9,26.20134242628189,25.924974583846918,9
992,993,-0.0014059815416354762,1,26.375770250252092,26.36506217438407,1
994,995,-0.0014672589049507345,1,26.350205106312163,26.33789273832896,1
998,1001,-0.009100687333930577,3,26.266240979808448,26.053466374193345,3
1002,1015,0.02894625334250852,13,25.999420525445338,26.77800575925874,13
1020,1021,0.003225316213777224,1,27.335317056215516,27.450817414581884,1
1024,1030,-0.002200643612420862,6,27.754906870342936,27.721583118695722,6
1031,1033,0.007615598707838663,2,27.831001687313204,28.070782429488276,2
1036,1039,0.0024022062908960963,3,28.29606137509795,28.39233041311589,3
1042,1044,-0.0026619067944835435,2,28.463433691673202,28.41613011782668,2
1045,1050,-0.021260335531863666,5,28.45059441173635,27.874175822873607,5
1053,1055,0.002011719991594195,2,27.83048175783907,27.914299376124852,2
1058,1061,0.024673570928017047,3,28.338806803942877,29.066365170439276,3
1062,1063,0.003234143175522586,1,29.430437528795657,29.55505021501085,1
1065,1068,-0.0031731531134934353,3,29.387378346572188,29.323515073820925,3
1071,1080,0.0060156960326142005,9,28.980259307834988,29.183575998085097,9
1084,1085,-0.005671491644406743,1,28.82972333026404,28.695045518616155,1
1087,1099,-0.026385773942931786,12,28.454567953628104,27.73222672391351,12
1100,1102,-0.0008837060735132057,2,27.840214737290037,27.84345238517607,2
1104,1106,-0.0005387604225162573,2,27.93302175132216,27.945905566472582,2
1107,1109,0.006824182616501529,2,28.06392337500681,28.283500636428368,2
1112,1118,-0.03151945857631254,6,28.024867210014694,27.16956343609199,6
1121,1124,0.007153735830944045,3,27.339216293534967,27.562133041017493,3
1126,1128,0.001788068214617682,2,27.50882543828478,27.58552192011073,2
1129,1138,0.004563352288673844,9,27.64646160849604,27.8002686139594,9
1140,1141,-0.0027335737562256255,1,27.874917626091733,27.82659440043819,1
1142,1144,0.004410235385069132,2,28.03089618785291,28.18254993428363,2
1146,1148,0.004068059169158333,2,28.2331638965452,28.376251241705436,2
1150,1155,0.0019460282461243425,5,28.503853638190638,28.58782679613214,5
1158,1160,-0.006047125673520074,2,28.431013429184816,28.287518531382183,2
1161,1163,-0.007494136200306543,2,28.281844525675368,28.098178375329738,2
1166,1169,-0.006818631089992325,3,27.933988371914857,27.77145079870655,3
1170,1173,-0.005411905569744916,3,27.79258261863933,27.66996436858656,3
1180,1187,-0.005230172299097473,7,26.891135811888482,26.777381674085763,7
1190,1191,0.0008926673898190642,1,26.97011490952853,27.021160366517467,1
1192,1193,0.0008268400929966402,1,27.11665607930099,27.16619387381466,1
1194,1201,-0.008462840187032283,7,27.086159380820522,26.884019702080973,7
1203,1207,0.0005136349297028067,4,26.913610976516306,26.954348358174794,4
1208,1209,0.007006116033769613,1,27.1091184114794,27.326157159054905,1
1210,1213,0.008900115449326208,3,27.404955567157828,27.676267791156345,3
1214,1216,-0.009484313301256164,2,27.642431745410953,27.407904694074297,2
1218,1228,-0.003080588382692313,10,27.63735371357666,27.579851756511832,10
1229,1238,-0.003341656031450195,9,27.63325236684257,27.568544794769167,9
1240,1246,0.0012705573789938353,6,27.40543262726275,27.4676582345391,6
1248,1250,-0.005956613988608557,2,26.992075353288005,26.85828605501032,2
1252,1253,-0.0061214276492740855,1,26.67902214084734,26.54238745919961,1
1254,1257,-0.00846926684928763,3,26.589483127936788,26.390879183069597,3
1260,1261,0.0036321918942959705,1,26.453490092245794,26.576027734626933,1
1267,1268,0.001216672737737812,1,26.97653611851505,27.03633427068756,1
1273,1281,-0.013288144729108897,8,26.864020792919064,26.533911817409884,8
1285,1286,-0.0014407680927469718,1,25.991818811999334,25.980362447594544,1
1292,1293,-0.0037699694806190773,1,26.16650499428191,26.094024574033284,1
1294,1295,-0.00765744701755679,1,26.140702020150464,25.966671681449572,1
1297,1299,-0.0017634292117977269,2,25.99923265108722,25.979384077397054,2
1300,1301,-0.006324557958098794,1,25.97992223459681,25.8415906329118,1
1303,1307,-0.004996213504318551,4,25.490412379185575,25.388547249005224,4
1312,1313,0.0036299422476799553,1,25.959833695284082,26.080026226052624,1
1316,1328,-0.0466545636605642,12,26.534798704797232,25.32336404810881,12
1329,1330,0.002607980903505208,1,25.387170482108303,25.47876690840178,1
1331,1334,0.007811302966214442,3,25.709173042379543,25.935704355066783,3
1338,1339,-0.003932461777496023,1,26.26019002620891,26.18318302268727,1
1343,1344,-0.00010665428792915239,1,26.430520005848948,26.454131597563975,1
1349,1350,-0.0039557731084908215,1,26.31661162030665,26.23882568737275,1
1352,1357,-0.011742290213202805,5,25.990731606133544,25.711531624366994,5
1358,1365,0.0015965676060240921,7,25.761662573158322,25.828554471673108,7
1368,1369,0.0019404408700576603,1,26.034987728679326,26.111542070648184,1
1373,1376,0.003527325159169286,3,26.58168505839313,26.702028989931108,3
1382,1385,-0.006273937021093095,3,26.709528888934134,26.56866451571083,3
1386,1392,0.006563468564968392,6,26.601801318668826,26.803003206714113,6
1396,1400,0.0009976932687882781,4,27.256395064697344,27.310844981649524,4
1401,1403,0.0023836103424119235,2,27.333674939009093,27.42616144422885,2
1406,1408,-0.011327366718601874,2,27.491748934995574,27.207831562008142,2
1413,1415,0.004442166378064028,2,26.966056246935235,27.11281001159129,2
1421,1424,0.013534811914718926,3,26.930669062803403,27.32210127236879,3
1426,1428,0.006021396802669183,2,27.69717898877814,27.891651872772904,2
1432,1439,-0.008958433885758385,7,28.042609055614687,27.819433805461408,7
1443,1448,-0.01561664822979381,5,27.992621435678767,27.583463135123665,5
1451,1454,0.008972369053840318,3,27.538056137615907,27.812675796445586,3
1457,1463,-0.029667786370149097,6,27.923677145531375,27.123167134454267,6
1465,1466,-0.001637383935380351,1,26.983335407817723,26.9661366633058,1
1468,1469,-0.00297344264765224,1,27.049710426405845,26.996329374243732,1
1470,1476,-0.02037370859145378,6,27.078582826472783,26.553970253723154,6
1483,1486,-0.0005387559484567809,3,25.876574062174683,25.88850947803518,3
1487,1491,-0.004971063746161665,4,26.01548318725259,25.91217404512881,4
1501,1502,0.002491892239306529,1,25.654221359200253,25.743803135669896,1
1506,1507,9.621111833875407e-05,1,25.62214820888383,25.65023549262613,1
1510,1512,-0.006709638139920321,2,25.810803353079812,25.663433005833085,2
1513,1514,0.0022938952610842334,1,25.622308211030393,25.706705410624746,1
1518,1519,-0.001391075413872797,1,25.73178115502538,25.721718088060495,1
1525,1528,-0.01167274681755982,3,25.94002912921564,25.663177765879396,3
1529,1530,-0.005483459276273659,1,25.589722473182245,25.474991994582588,1
1534,1535,-0.0013564452272093355,1,25.29871078733853,25.289693182623832,1
1536,1537,-0.0037881879110436543,1,25.31737115872196,25.246781570517808,1
1539,1542,0.008057499133454795,3,25.39928107079986,25.629335037089003,3
1546,1547,-0.0031520486702235344,1,25.77934994856178,25.72387153278575,1
1548,1552,0.00278240150812059,4,25.672863198355778,25.769968274835012,4
1553,1555,-0.005713366527283967,2,25.956202135412173,25.833861041091705,2
1565,1568,0.006790067684621803,3,25.91893840828697,26.12084869280107,3
1577,1578,-0.0028064397658589296,1,26.509736952030476,26.46184870901787,1
1579,1580,-0.005405245794576151,1,26.291827588984255,26.17600562606616,1
1581,1585,-0.004688948439744012,4,26.01750094117551,25.92152372167252,4
1589,1590,0.002395465588901256,1,26.208287143021625,26.2972764801598,1
1594,1596,-0.006488784308190615,2,26.41526031429191,26.270272647982054,2
1608,1610,-0.014145935683883278,2,25.787944836263556,25.448938172026505,2
1612,1617,0.007473867324752334,5,25.321180784529595,25.535749111003767,5
1619,1620,-0.0005513340368993604,1,25.580808007126272,25.592285244987682,1
1621,1622,-0.00212798459046404,1,25.59336632653287,25.56449740369844,1
1625,1627,-0.005526843306641357,2,25.37265224410872,25.25779422312574,2
1631,1633,-0.01926368190414042,2,24.8635857795678,24.409485157893464,2
1635,1636,-0.00830072131258996,1,23.991175515297297,23.81602262889868,1
1638,1645,-0.0583443602199145,7,23.730482449672294,22.369673115885927,7
1647,1648,0.023109097669585334,1,22.23557948617813,22.771659243750225,1
1649,1658,0.06463651896784625,9,23.482196353305934,25.02348597965639,9
1660,1662,0.03902806573193394,2,26.03511702906872,27.077252404846874,2
1664,1665,0.009626790915649316,1,27.18037517328124,27.469215337256607,1
1666,1668,-0.019302076033958337,2,27.796067471918064,27.287341731601984,2
1674,1675,-0.0048750761178114575,1,26.740024060210995,26.636404431585568,1
1677,1681,-0.0077811443453220846,4,26.206024366969874,26.028317533020424,4
1683,1684,0.0013626269222824566,1,26.374016216718413,26.436328177480746,1
1687,1689,0.006352186258535875,2,26.505644916106487,26.700519354432316,2
1693,1695,0.01119594140449694,2,27.555577990593797,27.891644205134124,2
1696,1702,-0.01192276258806968,6,27.950680084517828,27.645381441779552,6
1703,1710,0.08883446729407958,7,27.615303624811595,30.09610971511081,7
1713,1715,0.0066537825669019,2,30.61038725661521,30.844672504966006,2
1716,1717,-0.012683847137216073,1,30.801488066966726,30.441608188793502,1
1718,1719,0.004940771675916536,1,30.275114768964304,30.45497231326889,1
1721,1724,0.02692473450222531,3,31.36032453909458,32.23605327575242,3
1727,1730,-0.011954660552691246,3,32.27005219805872,31.91654473021136,3
1731,1734,-0.020479427200341165,3,31.68524397814567,31.068033574748334,3
1743,1749,-0.035521568085962,6,31.36785392129096,30.284986416436602,6
1754,1755,-0.003929544588116553,1,30.524101094578,30.434679379409257,1
1759,1766,-0.004433058184995474,7,30.75616969632404,30.650581976208965,7
1770,1771,0.03555863699046627,1,31.377173134928626,32.52427981735549,1
1772,1773,0.010545472627292534,1,33.500343182555234,33.88712047777433,1
1774,1778,-0.016805225085652544,4,34.13013673208061,33.590702238825976,4
1779,1783,0.009042865909300257,4,33.61368974559826,33.95126752443012,4
1788,1792,-0.01548338027666048,4,32.16709169881465,31.70120347734651,4
1796,1797,0.02191377610389448,1,33.23094466040958,33.99239108607911,1
1802,1805,-0.0015219450131008726,3,34.91160371037385,34.89338177291787,3
1807,1809,-0.01593731869983341,2,34.41549427818839,33.9014190719428,2
1810,1817,-0.022481907158172703,7,33.681009436658144,32.957477118946315,7
1819,1825,-0.058765796481518674,6,32.44806544546922,30.573677100727245,6
1830,1831,0.004858589459504687,1,30.56316091014038,30.742217922497673,1
1832,1834,0.02059387571225809,2,31.270188693424817,31.94543326156949,2
1837,1840,-0.0407411568775345,3,31.250664314884297,30.00872676181931,3
1843,1849,0.011764504290504092,6,29.8336896102659,30.214501869297706,6
1850,1851,0.0022717820187777267,1,30.36989816346307,30.4692618501864,1
1854,1855,0.012419322534043764,1,30.435748713989096,30.844175842547223,1
1856,1858,-0.011429230565840262,2,31.107759259518584,30.783329265814412,2
1862,1864,-0.00224672614614122,2,30.83743267286752,30.798986839274388,2
1866,1867,-0.01031436973175694,1,30.755445637767522,30.468978045832404,1
1869,1870,-0.007107015269215354,1,30.456505010991474,30.270506669842415,1
1871,1873,-0.01615055551776209,2,30.162197547539257,29.705223499057556,2
1874,1876,-0.008227996717714653,2,29.70766851614438,29.492941585618734,2
1877,1878,0.0027695194610315756,1,29.662540766697248,29.774354291380956,1
1881,1882,0.007620631244800732,1,30.281424081771018,30.542469072347394,1
1884,1887,0.00882915319784822,3,30.3637692251149,30.662219364492664,3
1890,1896,0.021481474434993687,6,31.263674215237195,31.96652770785102,6
1898,1902,0.0014033043813922977,4,31.79941978989862,31.875843474805418,4
1908,1919,-0.014827411136376922,11,31.94670218564466,31.50496200007236,11
1920,1925,0.021777494523349268,5,32.001431032710364,32.730343452797264,5
1927,1929,0.0013438091566642814,2,32.57246157129407,32.648805204979965,2
1931,1932,-0.0038921805049910913,1,32.5862449267252,32.49199962441726,1
1934,1940,-0.026536964259443605,6,32.42879707766078,31.60066404571181,6
1941,1944,-0.008063412567030834,3,31.65660161253661,31.43299797487713,3
1945,1952,-0.022723318137688315,7,31.466162116017266,30.782612665798947,7
1954,1958,0.005679546153079929,4,30.751576564635332,30.956983139578785,4
1961,1964,0.03567543306255545,3,32.00439598935803,33.17817107217325,3
1965,1966,0.006012306885140376,1,33.23490291043045,33.46795624893623,1
1967,1971,0.009817419051182556,4,33.797503316403606,34.163105072660876,4
1973,1975,-0.015074631424721478,2,34.29307221455714,33.81040986271589,2
1976,1977,-0.003360332600415359,1,33.868016494743195,33.78807671129925,1
1978,1980,-0.0032948516368650474,2,33.832108787315676,33.75446911708651,2
1981,1986,-0.017677628662123395,5,33.76095197222284,33.197899351950326,5
1991,1993,0.0006839287987670303,2,33.35454149255272,33.4107081655417,2
1995,1996,0.0014439904927067617,1,33.75456245982845,33.837058289565746,1
1999,2000,-0.0017496245822740304,1,33.220795024178315,33.195891899585504,1
678,681,-0.0166187925632933,3,26.7551431060873,26.337260075912095,3
682,683,6.608128086827564e-06,1,26.22597270845609,26.252371985751406,1
691,694,0.007237677930019508,3,26.5325130579485,26.751079355193916,3
695,697,0.006829593651240455,2,26.845034642856486,27.055220355663526,2
701,704,0.0136265427034926,3,26.99590346856889,27.390760203471277,3
708,710,-0.007604797428027363,2,27.795725938512227,27.612140799323388,2
717,718,-0.004887789831517851,1,26.923630662119503,26.818957244603773,1
720,722,0.0076067458589009216,2,26.587182426874996,26.816011549127346,2
724,725,-0.007851917851698873,1,26.64351599448105,26.46095681160644,1
732,737,0.02312997671712972,5,25.97175625573064,26.598454129484388,5
738,740,-0.011930235141246005,2,26.65985571267052,26.36845722089934,2
747,749,-0.003866639223294594,2,26.365498478337702,26.289918106257986,2
751,754,-0.007379900767069246,3,26.315654404297852,26.147763140577943,3
756,757,-0.004975799858870825,1,26.42384963169168,26.318793694055177,1
758,759,0.0005002338674175071,1,26.389713193759288,26.429303935244,1
763,768,0.0003492188410386156,5,26.8987385336643,26.93503081849409,5
781,783,-0.0011121864219894276,2,27.779295912894046,27.776179453080193,2
790,794,-0.013163694066221768,4,27.961071206933706,27.620961291008722,4
795,796,0.00040586870010445334,1,27.65202051726293,27.690895627402796,1
797,798,0.0028335707642133286,1,27.80634890244661,27.912946508658546,1
801,802,-0.0004031666840985809,1,28.135243945125552,28.152035996063017,1
803,804,0.0038403528875352476,1,28.23286709641655,28.369524136190087,1
807,809,-0.0006601337744536813,2,28.55845136179439,28.56815741486617,2
810,811,-0.0021616165366348584,1,28.678558328219328,28.64524484061842,1
812,814,-0.0052671847185598196,2,28.65673230871603,28.534448738524418,2
816,820,-0.0038481011052880843,4,28.584259650060847,28.502848788557667,4
823,825,-0.000532495011386695,2,28.569538767754363,28.58289516965067,2
831,838,0.014244849458451066,7,28.127407714144653,28.556205810403263,7
839,840,0.0014181338376084152,1,28.68051181867566,28.74986513478433,1
841,843,-0.002363564494654929,2,28.682053319754942,28.642943490214325,2
844,846,-0.003212657015665571,2,28.68101563404875,28.61755438358966,2
851,854,-0.006568705482132196,3,28.273984127843256,28.116534637428817,3
858,865,-0.007121766798585972,7,28.010183789255557,27.8387119761122,7
866,870,-0.0021375202939644313,4,27.745119416110825,27.713558779716532,4
876,877,-0.004721832189832675,1,27.744368882710063,27.6411089975158,1
879,880,-0.007275425134178443,1,27.456768610159763,27.284465714320245,1
881,885,-0.0037446171073619657,4,27.173677386189738,27.099096046365666,4
886,894,-0.0061291205563745,8,27.155141810178467,27.015859814108616,8
897,898,-0.0031366182830598758,1,27.398117112539335,27.339577794595268,1
901,904,0.0044733245158874455,3,27.379169216767334,27.529024294866097,3
907,911,0.007232195660815796,4,27.636431452344418,27.86393996342684,4
912,920,-0.024870392011474396,8,27.952461316800452,27.28522510748285,8
921,926,-0.009473883071704822,5,27.305412852177025,27.07402997644305,5
927,930,0.004909506828955704,3,27.09711588668287,27.257246478060228,3
931,935,0.00015548797901124506,4,27.308985882735882,27.34054108764237,4
941,942,-0.005430080214978919,1,27.041469152516672,26.921673275040146,1
948,950,0.008577042262257573,2,26.41194768146129,26.66489602063518,2
953,957,0.0020712910779264065,4,26.645254458771404,26.727089791059708,4
959,960,-0.003653009147496709,1,26.828801984882098,26.757624927799828,1
961,965,-0.013669829534981713,4,26.77058476051716,26.431406015049628,4
968,971,-0.00721263235126077,3,26.453664042414285,26.289317153375,3
979,984,-0.014739377684337501,5,26.106457994011496,25.74777150763148,5
985,986,0.003727343176877301,1,25.751616069747858,25.873352796268744,1
989,991,0.007297954088283762,2,26.08466552569323,26.30111488263367,2
992,994,-0.00593579718426345,2,26.445156683683912,26.31462875378718,2
996,997,-0.0014119405901449004,1,26.25310182344654,26.242287105188254,1
999,1006,-0.007854279620882053,7,26.249778780051646,26.069855456306875,7
1008,1013,0.016211672393708496,5,26.04320520062088,26.49145231661609,5
1015,1016,0.0020290346650560323,1,26.78832439309435,26.869467156299798,1
1021,1022,0.0009656789405653116,1,27.500284230718158,27.55434096029004,1
1029,1032,0.010515383163195651,3,27.588070874640906,27.905758081495794,3
1033,1039,0.010039529782067576,6,28.139111891832137,28.44975445560295,6
1040,1042,0.0004021406276746738,2,28.432326798887832,28.472192919431876,2
1043,1046,-0.005201498439008178,3,28.427892637512862,28.30845289097206,3
1051,1052,-0.004804543081400986,1,27.83008201555373,27.724201269566635,1
1053,1058,0.016949410997342623,5,27.85236688451171,28.352300464970586,5
1060,1062,0.02460153511685101,2,28.67619995976314,29.410354700050856,2
1063,1065,-0.008611046431628341,2,29.575639275785523,29.35053771201243,2
1066,1067,-0.00313759859783555,1,29.36413329994272,29.301364569774105,1
1068,1069,-0.0006536276996711322,1,29.317078894063712,29.327233518119172,1
1070,1071,-0.009347342647186313,1,29.144262575677203,28.900985429758457,1
1072,1073,-0.003482295140440076,1,28.758385362186424,28.686998561954965,1
1074,1075,-0.003573678583151806,1,28.68484828784335,28.61102270814397,1
1078,1082,0.0062042840267586144,4,28.961575388648768,29.170222803610976,4
1083,1085,-0.014779222173285818,2,29.096420805053967,28.695494758333712,2
1087,1088,-0.002152087257889004,1,28.473637857479112,28.440833742117764,1
1093,1097,-0.013628203228547724,4,28.271792014079463,27.914770078890434,4
1100,1102,-0.0017319310862887718,2,27.878872327088168,27.858466913781296,2
1104,1107,-0.0020214093598244984,3,28.023318418138526,27.994695138412897,3
1108,1112,-0.007129789043056008,4,28.168593279462765,27.995925745020013,4
1121,1122,0.0012786605021605961,1,27.36086192945799,27.423208044841715,1
1124,1142,0.012792721302463846,18,27.58567953069942,27.966161120405438,18
1143,1146,0.0010726664908453816,3,28.188255279284487,28.246680131437255,3
1153,1154,-0.005226976025180769,1,28.739176001610446,28.617696193668188,1
1157,1161,-0.013816899538097158,4,28.603167484221306,28.236563560104674,4
1165,1167,-0.005262655496873103,2,28.003499428060334,27.88413015729163,2
1170,1171,-0.004155789420568696,1,27.749448941357407,27.66187752396166,1
1174,1179,-0.023503901270887778,5,27.501887288137553,26.882987531842222,5
1180,1184,-0.007605509300749899,4,26.86471628442177,26.687261151143016,4
1185,1187,0.0026448962783673833,2,26.68166470749376,26.77891660788675,2
1190,1199,-0.0049199979044711175,9,26.952962018358566,26.84730646372731,9
1200,1204,0.0021863864768720672,4,26.902434755339613,26.98815630963896,4
1205,1211,0.018881763268323595,6,26.975885676610208,27.512213849585933,6
1214,1218,-0.00046078212027183066,4,27.59806741276597,27.612948784160878,4
1219,1221,0.006217281129260786,2,27.734890336888572,27.935060837539115,2
1223,1224,0.0012762886274728237,1,27.986987866560206,28.050694328758077,1
1227,1233,0.0028082105063764844,6,27.587980440615052,27.69304127757871,6
1235,1238,-0.009759316503505533,3,27.740901111922334,27.497909778990557,3
1241,1243,0.001046431018719294,2,27.498767318259738,27.55504164867637,2
1246,1250,-0.02833952384830524,4,27.568774078235045,26.815056921854598,4
1253,1259,-0.008986647310051419,6,26.57931521302095,26.36703559667187,6
1261,1263,0.004620194042254044,2,26.60587987310196,26.755410080653693,2
1264,1268,0.005326766812052658,4,26.86597480238916,27.03594956014236,4
1269,1271,-0.007376086892254494,2,27.105215933377814,26.932390721353276,2
1272,1278,-0.014780580812849792,6,26.948366669557014,26.577002524892876,6
1281,1282,-0.007578051825168702,1,26.535003324455246,26.360454697405956,1
1284,1288,-0.003995820519493151,4,26.14398129448109,26.06565861885784,4
1289,1295,-0.004359114129547067,6,26.138503891786165,26.050701674038045,6
1298,1299,-0.005243482264739705,1,26.017498831135452,25.907094036272643,1
1300,1303,-0.02120169038699291,3,25.98691299708787,25.46193342660698,3
1308,1311,0.007363611325183845,3,25.552819823548372,25.766533676814984,3
1312,1313,0.0036580239080705474,1,25.959053689771995,26.07997158248984,1
1319,1320,-0.00400603799386754,1,25.748810315498147,25.67140841339287,1
1321,1323,-0.006839253818277281,2,25.70465424827047,25.554558247803758,2
1327,1331,0.008443490508570777,4,25.391409161991067,25.631192693411567,4
1339,1345,0.005669297933389816,6,26.223893521012123,26.398788479877243,6
1346,1348,0.0006411938191487245,2,26.34258163665805,26.385814918820554,2
1350,1352,-0.010975768031360088,2,26.246742623239708,25.984911207251457,2
1353,1355,-0.01168524117832255,2,25.861916509050477,25.58557569381763,2
1358,1364,0.004477074024802682,6,25.734514805148834,25.875464647729014,6
1368,1371,0.003932774983742576,3,26.062534102633744,26.191094718868154,3
1374,1377,-0.002865960432771749,3,26.735456826575188,26.68556952198472,3
1387,1391,0.007255061885033121,4,26.474579507175605,26.69312879938757,4
1392,1397,0.014003546336597592,5,26.87384118118656,27.277044102590857,5
1401,1403,0.003988438862907413,2,27.306026997294186,27.442241443559087,2
1404,1407,-0.0047292875806686195,3,27.48482898201084,27.382330150631425,3
1413,1414,-0.0014599341351983883,1,26.93235680745048,26.91996969721339,1
1415,1417,0.00019649327518827327,2,27.079434881880836,27.111835243612905,2
1419,1421,-0.003929683579894637,2,27.014538424652393,26.935394375011256,2
1422,1423,0.00308678460204079,1,27.09877065241282,27.209517491049336,1
1424,1428,0.018267805716495566,4,27.336376782164635,27.863088778996303,4
1430,1431,0.0007846708637478878,1,27.84689725774959,27.896594803931276,1
1432,1434,-0.006804871167218606,2,28.105697544997852,27.942547591684328,2
1435,1439,-0.006127532089666716,4,28.000070967177006,27.85649970477986,4
1443,1447,-0.016847238132645104,4,28.068698993012056,27.623887635996258,4
1448,1449,-0.0037672182808116683,1,27.630752733435457,27.554292409358908,1
1454,1455,-0.00023663777546012715,1,27.894462926059536,27.915756505331117,1
1456,1458,-0.012095194799490554,2,27.88088765292198,27.5715437732301,2
1462,1465,-0.013594690099020486,3,27.276964259846203,26.933419348151382,3
1466,1472,-0.0007383648508585338,6,27.01320109919997,27.02026870209835,6
1473,1474,-0.004208733684848531,1,27.021842030647637,26.935136135897242,1
1475,1481,-0.016035904307019754,6,26.778877063289812,26.37623243031674,6
1482,1484,-0.011886477335545171,2,26.153221986694682,25.86850552828505,2
1485,1488,0.0017896925090000013,3,25.9208907535569,25.993202068318705,3
1494,1496,-0.008308990704216415,2,25.540320236701287,25.353646273508527,2
1497,1509,0.010668585176527742,12,25.514517740016363,25.81223606350377,12
1510,1515,0.0016760573822981839,5,25.774430558498093,25.843404413668694,5
1516,1517,-0.007256767006247537,1,25.816692377085776,25.655163348010383,1
1518,1520,0.00126432973771587,2,25.679764859813357,25.737912315042983,2
1522,1524,-0.0008064219814960667,2,25.82612589298047,25.831125263256467,2
1525,1527,-0.004932905701355788,2,25.895849205125906,25.794003272145616,2
1528,1531,-0.010849957682131327,3,25.663589772501066,25.410804499270352,3
1536,1537,-0.004093929140591054,1,25.323708840483942,25.245359079754525,1
1538,1539,0.0017550523009629915,1,25.300742807265134,25.370447676952363,1
1541,1544,0.0035252633053895806,3,25.5949988809572,25.710822990194682,3
1548,1549,-0.0029907375828631053,1,25.755357783346692,25.7040856246473,1
1550,1551,0.0002462190795058442,1,25.73757054466249,25.769645196135375,1
1552,1553,0.0026648178718883674,1,25.82505672716943,25.91970085660569,1
1554,1556,-0.0051263360225940885,2,25.890165561799535,25.783334039010956,2
1557,1558,-0.002930314623878479,1,25.765577111459017,25.7158414411681,1
1561,1565,0.006044069272223251,4,25.755872042880927,25.9372981897175,4
1567,1568,0.0005146790839081208,1,26.12863530552758,26.168211802915927,1
1569,1575,0.0024430168934782663,6,26.23947269184949,26.32981563960349,6
1578,1582,-0.022106017865220328,4,26.43975920020431,25.881721170172675,4
1583,1591,0.016119919862014345,8,25.921691888036346,26.365469175847355,8
1592,1594,0.0015200340264843945,2,26.371610836585727,26.438068193227128,2
1598,1600,-0.0017210170410996125,2,26.01342497991917,25.99466885721128,2
1606,1607,-0.009900415844724928,1,26.08445198467387,25.85228951492851,1
1608,1609,-0.011897414785833803,1,25.811306145058385,25.530029635831543,1
1611,1613,-0.006862808611872873,2,25.3999077566183,25.250992958682023,2
1614,1615,0.001000069929388117,1,25.320631258347763,25.37127429152071,1
1616,1618,0.005227451880365458,2,25.41501957058793,25.573290382002313,2
1623,1624,-0.005147463467061456,1,25.552901066630156,25.44692134297887,1
1628,1631,-0.013101398809974713,3,25.14710992717923,24.84279472103216,3
1632,1634,-0.020574194161540472,2,24.66358912501654,24.180819242763008,2
1635,1637,-0.010989061664739334,2,23.99326891644068,23.75359867369568,2
1639,1640,-0.009722993578039709,1,23.597511246277847,23.391670307218845,1
1645,1646,-0.019747780474125422,1,22.34592760722629,21.926991061955313,1
1647,1648,0.023088878579696052,1,22.285701490994306,22.82253904827422,1
1650,1653,0.01730032338710314,3,23.82373233968055,24.25971434578449,3
1655,1661,0.08984688869642014,6,24.371826664624926,26.58593128895455,6
1662,1663,-0.0005932321906996557,1,27.109236611042963,27.12026377583104,1
1665,1667,0.0010620572460943345,2,27.496615969921105,27.553315566124954,2
1668,1670,-0.023059059232833943,2,27.34536572182206,26.74215267962088,2
1672,1677,-0.035611823904466086,5,27.122488344546603,26.183729554114223,5
1678,1679,-0.005812715005221182,1,25.78437355842856,25.66028071690368,1
1684,1693,0.04150031311106684,9,26.40518019173161,27.527408617634343,9
1695,1702,-0.010814774041512917,7,27.934626254669645,27.66045421004595,7
1708,1709,0.006677230115726272,1,29.866835141659234,30.09612970787021,1
1714,1717,-0.010597043728856732,3,30.701003371324184,30.406364499449808,3
1720,1724,0.04526816429598599,4,30.817868006355674,32.24375418652575,4
1725,1727,-0.008290351945501356,2,32.43047993434197,32.194050321859095,2
1729,1730,-0.0032249712163968155,1,31.876516627705684,31.805592295730044,1
1735,1740,-0.0023389375379683124,5,31.041409466653363,30.999846958287016,5
1743,1744,-0.007235664697057533,1,31.340577282084055,31.14514795074076,1
1745,1748,-0.01758735489155089,3,30.89217966518822,30.37976011770819,3
1760,1763,0.00800983293328211,3,31.055181957726596,31.33498395887839,3
1765,1766,-0.007271609757727884,1,30.87897727850633,30.685316383297792,1
1768,1769,0.006200694126273338,1,30.34561431227148,30.56412379900801,1
1772,1774,0.018970039018704126,2,33.446079039096034,34.113998542529444,2
1776,1779,0.0012259702402333135,3,33.561644492425714,33.636351714279144,3
1780,1781,-0.002429015075309169,1,33.522655917827926,33.47475153715695,1
1782,1784,-0.02342373406240857,2,34.08504405394188,33.320730090570805,2
1789,1797,0.0675720028417749,8,31.87985528400657,34.06592081113684,8
1799,1801,-0.0033046672386610014,2,35.02410001672451,34.94338112085238,2
1802,1807,-0.01554774333840529,5,34.959992544661155,34.45140354600886,5
1808,1811,-0.025276561235517022,3,34.26751075639,33.43561343312376,3
1815,1816,-0.008468159911913256,1,33.57229894540769,33.32157564827283,1
1821,1823,-0.01721931433992582,2,31.855036096306765,31.338369252551082,2
1824,1829,-0.010115854397760523,5,30.957471656202344,30.675267852061605,5
1832,1833,0.004573999593774946,1,31.2894326250404,31.463839909781825,1
1836,1845,-0.05411587539853618,9,31.596056631258488,29.91780442414747,9
1846,1850,0.005246854160190417,4,30.204155872117557,30.392836828882334,4
1851,1854,-0.003907281420371576,3,30.50571211055027,30.417023420516063,3
1855,1864,-0.0063699724924647224,9,30.928628623480417,30.76254273854267,9
1865,1866,-0.007054805838767349,1,30.86517516170975,30.678292518926053,1
1871,1877,-0.019871843074744905,6,30.186796629120234,29.61711614020624,6
1880,1883,0.014899928278712997,3,29.998862550545894,30.475842313542543,3
1886,1887,0.009942540654292883,1,30.287169660517414,30.61858824583109,1
1888,1890,0.005942422310435677,2,31.03359596115941,31.24904429013321,2
1891,1894,0.02030036933050959,3,31.328086173229718,31.99538597913754,3
1896,1897,-0.005174744165512647,1,31.999943531917772,31.866351954361164,1
1899,1907,0.00822261562318016,8,31.707547660968036,31.99997418539881,8
1911,1914,-0.011656394953416936,3,31.582053356382946,31.245502522377443,3
1915,1918,-0.00013345160370970097,3,31.41675505997404,31.443979198687906,3
1919,1921,0.030084590437421017,2,31.585993133025873,32.567830793125175,2
1922,1923,0.002198886256255259,1,33.132920543039134,33.23890898719386,1
1926,1935,-0.006824528245497669,9,32.54890522020658,32.35932320239146,9
1937,1945,-0.02095251357788332,8,32.13561124061743,31.49442502100543,8
1948,1949,-0.004833710328945683,1,31.43279664650441,31.312292409333057,1
1959,1965,0.060782386070854184,6,31.3301758815964,33.26582890358095,6
1967,1975,0.0016691841531713677,8,33.73243459083051,33.82247267068824,8
1976,1980,-0.0038378156634873224,4,33.82929984975832,33.73329853275987,4
1986,1990,0.0019237260439501141,4,33.23558436432044,33.3327561079123,4
1993,1994,0.004870046274878612,1,33.457766263339494,33.65416489955937,1
1995,1997,-0.0008642861336480399,2,33.81705891352378,33.82164835733759,2
1999,2000,-0.005025405284695639,1,33.26600803681841,33.132098872266276,1
673,677,-0.005957419069812391,4,27.00546568499585,26.87158827441989,4
678,684,-0.01964607405792212,6,26.69426617142411,26.196522907469852,6
689,694,0.016370201704128843,5,26.321532689301286,26.77874302127627,5
700,701,-0.005805125886920849,1,27.036160781171635,26.906248625119073,1
706,709,0.005036289566328332,3,27.51523013320732,27.681320029775524,3
711,712,-0.005322893517758369,1,27.38530218244224,27.266918437155905,1
715,716,-0.007182663357110375,1,27.22439503309572,27.056075763505103,1
717,718,-0.0042277439302338,1,26.876666666668637,26.78991566897038,1
721,722,0.0008403777530512138,1,26.78800136474121,26.837301406501584,1
723,724,-0.010497259968516949,1,26.853770914318673,26.59873367081039,1
725,728,-0.010247420762368904,3,26.492085622105304,26.247102159484992,3
731,738,0.023056285026399292,7,26.003384658971974,26.628929491979303,7
739,743,-0.012634932654578816,4,26.562807963982515,26.253751482205068,4
744,748,0.00034700799917378807,4,26.265006321484158,26.300385495097547,4
756,758,-5.587797534152984e-05,2,26.350563364975887,26.37544151221092,2
759,762,0.011260238264703893,3,26.446253797722015,26.770491170490917,3
764,767,-0.0004048963389661547,3,26.914898467554103,26.9309156221685,3
769,772,0.006209151787892609,3,26.959407127662615,27.15376158575753,3
773,774,-0.004020850389217442,1,27.276525589496863,27.194127286553332,1
776,784,0.02559782743689064,8,27.24363761200115,27.96825918395834,8
785,786,0.0016160245722293461,1,28.081953359549516,28.155416439574296,1
789,793,-0.016090238539623058,4,28.153245710394017,27.728406516959552,4
797,798,0.0015546278912839141,1,27.856459248341217,27.927622136089443,1
802,803,-0.0015503656269597562,1,28.158690825971167,28.143193250440365,1
807,815,0.0003594549228522507,8,28.54168350473573,28.580484636882733,8
817,820,-0.0009429886610009151,3,28.471235418516006,28.472858601770174,3
821,822,-0.003195603842808947,1,28.428232888727877,28.365815751353118,1
827,829,-0.006590191476881973,2,28.506573223017458,28.347216020351034,2
833,834,0.000159477858269847,1,27.942451149359954,27.974849802773424,1
836,839,0.006787428765600844,3,28.40393799883277,28.625131642661223,3
842,843,9.948460483542735e-05,1,28.672524307117953,28.7040493061754,1
844,845,-0.0006712682225873117,1,28.648771992882097,28.658189754620008,1
847,850,-0.014569533368013584,3,28.627747277875898,28.2392821059377,3
859,861,-0.005334308706555622,2,27.904492192548364,27.78354550908619,2
862,864,0.0007864623244357278,2,27.816183349347252,27.865875912910457,2
865,866,-0.0041667112316972075,1,27.822930947293624,27.734823759364094,1
868,871,0.008385270389558129,3,27.672028793684618,27.931738266140986,3
872,874,-0.0026387696329519374,2,27.909223139522858,27.86348635216253,2
875,876,-0.0023662161125028083,1,27.77544191307802,27.737494656804486,1
879,881,-0.011260873067410134,2,27.456758103707845,27.175027793963114,2
882,886,-0.002750928657035809,4,27.18492795907595,27.13732908967295,4
891,892,-0.003887727823663051,1,27.13746588122742,27.059100265938493,1
897,898,-0.004555001146078343,1,27.40775546977707,27.310320867670576,1
900,901,-9.00372592762404e-05,1,27.314943083896008,27.339798664367343,1
903,908,0.008562767700478705,5,27.459306539064436,27.721893508713745,5
910,913,0.0032833012248181396,3,27.812218090915096,27.93134619872882,3
916,922,-0.010302027350584914,6,27.52379883335893,27.26777170381903,6
923,935,0.005478176520086493,12,27.218402408105923,27.39472802350038,12
936,938,-0.0028626314535789244,2,27.231115449135398,27.1803939169838,2
940,945,-0.020688603520725712,5,27.052006853867375,26.519390616481626,5
947,954,0.009997533306148942,7,26.336352765266884,26.625987681965395,7
955,956,0.0009094323687225913,1,26.616262769199057,26.667084722864992,1
957,958,-6.77255679384938e-05,1,26.7877230933489,26.812696602681974,1
959,961,-0.0026952432860059224,2,26.821484996307763,26.776016053947064,2
962,963,-0.005839856977421384,1,26.71617247692072,26.5868700231483,1
964,965,-0.003187075444697787,1,26.555968818639226,26.49788891132582,1
967,968,-0.0018634136917876336,1,26.455579865798615,26.432737755918303,1
973,980,-0.002435771176724053,7,26.19520719538636,26.15759687192691,7
982,991,0.006770936305921615,9,26.087411941273746,26.290135557855724,9
993,994,-0.001850363457177036,1,26.35275103300136,26.330341616526812,1
995,997,-0.003049269308230505,2,26.338480758570185,26.284506118326227,2
1000,1004,-0.008534024101948126,4,26.197655805354422,26.00028203510234,4
1005,1008,-0.0026385891956811408,3,26.078975594765716,26.0362428671217,3
1009,1013,0.014361328173860991,4,26.071855713175303,26.47235404488694,4
1015,1020,0.01771495158095143,5,26.79921263782505,27.300758604749568,5
1022,1025,0.003689359520063438,3,27.60696424743921,27.73642322805299,3
1026,1029,-0.0021012288039866777,3,27.64752536516414,27.617079113873068,3
1030,1031,-0.002237167372942111,1,27.767566450115073,27.73321332287699,1
1033,1034,0.0008941312657253877,1,28.150952533442613,28.204274132796158,1
1035,1036,0.0017701366607924315,1,28.19742544846178,28.275536170436524,1
1037,1039,0.004431863087888474,2,28.309435045485323,28.46320802074787,2
1040,1043,-0.0036154778861070417,3,28.463935813081463,28.389489018410778,3
1045,1047,-0.009416424878867267,2,28.435914246111984,28.19658550999767,2
1050,1052,-0.006734277043579658,2,27.937699601911135,27.77749709243347,2
1055,1059,0.013768837086001927,4,27.975698844457817,28.388867383058667,4
1060,1061,0.012796870265369832,1,28.68866952382345,29.08448337532971,1
1062,1064,0.0013657591032419192,2,29.39122633667653,29.460758897937968,2
1073,1074,-0.005426727248920734,1,28.74019038321421,28.612965399305665,1
1076,1085,-0.0008548366129483289,9,28.69595494764843,28.700120549663314,9
1086,1088,-0.005655675097273735,2,28.560425736293006,28.42745767342501,2
1089,1090,6.880047187454675e-05,1,28.443826494047002,28.474227269225757,1
1093,1094,-0.008667515980853437,1,28.28574745567116,28.068866035024417,1
1095,1096,0.0018061890150992202,1,27.97674553976624,28.05525357577816,1
1097,1102,-0.00013106723288109192,5,27.90089024131282,27.925134239075284,5
1114,1115,-0.01138856821520787,1,27.601804258870875,27.31506103246478,1
1116,1120,0.0022324444627030158,4,27.079606593233464,27.167139917617938,4
1123,1124,-0.0016448683458080559,1,27.56199223451414,27.544218378174694,1
1128,1129,-0.00275754197388216,1,27.698963411041323,27.65028132021339,1
1130,1132,-0.003446169915043351,2,27.656637224525305,27.588984390595403,2
1134,1135,-0.004919018542985002,1,27.62397933602563,27.51572044877671,1
1136,1152,0.03465468123546503,16,27.651824230310904,28.637741208821748,16
1153,1157,-0.005690277033266147,4,28.718775189065205,28.5840761773724,4
1160,1163,-0.008736309371455333,3,28.336354899176865,28.11713609121748,3
1167,1170,-0.00837184327613693,3,27.901756366780553,27.69606899171569,3
1172,1173,-0.0022977952084384636,1,27.745396464614824,27.70938862202682,1
1174,1180,-0.02286308632131641,6,27.465185247715805,26.86471153181405,6
1187,1192,0.011615340451124636,5,26.779403497366392,27.117234789563707,5
1194,1195,-0.005132293350319023,1,27.084632248838812,26.9727106031011,1
1196,1201,-0.0028897773493212,5,26.91778802209069,26.866919395992714,5
1202,1205,-0.000842273630754856,3,26.95217039171616,26.95642145969532,3
1210,1211,0.0006105600471565972,1,27.444469828848057,27.488670795469794,1
1213,1215,-0.0072009344610616186,2,27.691537142266437,27.51982373532119,2
1216,1217,-0.0024796389101581465,1,27.46997202703244,27.429326387560288,1
1223,1226,-0.011293242751745272,3,28.05535428121988,27.76657370911707,3
1227,1228,-0.0018823085468176936,1,27.62376160441956,27.599388923460726,1
1233,1234,-0.0023724123394326516,1,27.71500897757898,27.676972557270663,1
1236,1239,-0.009983046122562608,3,27.68533996047257,27.43664127468882,3
1240,1241,-0.0006843493659857243,1,27.42597194207098,27.434628967502952,1
1248,1249,-0.004530747357696603,1,27.026319078577675,26.93089597390272,1
1251,1253,-0.008087255268239314,2,26.755385364769683,26.565763118889446,2
1254,1255,-0.0013588524772443482,1,26.61301104115111,26.603460896212063,1
1256,1265,0.01276444600464961,9,26.495165811015582,26.859857090205544,9
1269,1273,-0.010709721790014205,4,27.136566888515034,26.873078373691442,4
1275,1278,-0.0036430567701707666,3,26.634056922924454,26.563661598457205,3
1282,1286,-0.01529269625661912,4,26.38992136031174,26.01273823007274,4
1288,1291,0.0022250472575010647,3,26.068371695595882,26.152443426240282,3
1292,1298,-0.004908461862610418,6,26.13584398456919,26.033693035108364,6
1301,1302,-0.0054916397108763304,1,25.81977997529468,25.703806826231556,1
1304,1307,0.008830485411867536,3,25.117119899656572,25.364033380418274,3
1314,1315,0.006730887382660101,1,26.233914839205816,26.436726280434012,1
1324,1326,-0.011792608972607688,2,25.56384119619749,25.28794065432909,2
1331,1332,0.004220721129167722,1,25.685760979574365,25.81985917463918,1
1337,1340,0.002116330140207538,3,26.132733159545527,26.21417138353662,3
1345,1346,-0.0023466469947126074,1,26.413146734065922,26.37757754939559,1
1352,1353,-0.008614080956353538,1,26.015178316078323,25.81709664228573,1
1355,1359,0.0005503597898910263,4,25.672894824971088,25.712697048797825,4
1360,1361,-0.000687550515004136,1,25.815937459402843,25.82400363576672,1
1363,1366,-0.0005064391035192675,3,25.861465882276416,25.87423009056158,3
1372,1374,0.013024026737142504,2,26.31489946421324,26.683940317884584,2
1376,1377,-0.004364455391884453,1,26.70512232183746,26.61527412905082,1
1379,1382,0.0009895109620122787,3,26.62489188929114,26.677862403567275,3
1387,1388,-0.003163864946229682,1,26.50761635058539,26.450257448756254,1
1390,1391,0.0028658499342584074,1,26.586012447520698,26.68878998199314,1
1392,1398,0.01662414197649578,6,26.822894339649533,27.29562483771206,6
1401,1404,0.00625319588399147,3,27.28673390816224,27.484649934232493,3
1416,1420,-0.008618290901175527,4,27.148301611322125,26.94147795217422,4
1421,1425,0.018901691728496695,4,26.919712795986843,27.45546062147224,4
1429,1430,-0.0020984477730581035,1,27.845204534474664,27.814618031563423,1
1431,1440,-0.0004977133638932947,9,27.914132943878805,27.92815383981502,9
1442,1444,-0.003057511638231904,2,28.105147627323767,28.047320958986322,2
1452,1459,-0.010251826114153921,7,27.69179378834411,27.435594127425343,7
1471,1473,-0.00034018194855932825,2,27.027616124971434,27.0454494339781,2
1476,1478,-0.010579891223078456,2,26.57353670346349,26.318965112431826,2
1484,1485,-0.002979259797880566,1,25.88637936778674,25.835143497791396,1
1487,1494,-0.02153003579509751,7,26.024280284923776,25.49000087913264,7
1497,1499,0.004430145657828995,2,25.483710301004336,25.622090559840707,2
1501,1503,0.005389439274891846,2,25.627175639234924,25.790918921768803,2
1507,1511,0.0014281562562130472,4,25.67803844011588,25.740388729801527,4
1512,1513,-0.0021793835448445584,1,25.675351045474393,25.645069958943253,1
1514,1521,-0.0027349652822165095,7,25.761226850850896,25.716532016637366,7
1524,1537,-0.025209646332228438,13,25.91252605843753,25.285192966988102,13
1540,1545,0.008093803833573346,5,25.483767576019893,25.715511959296595,5
1549,1551,-0.001554833494246214,2,25.753180305047177,25.738891578030575,2
1555,1560,-0.008225999138872685,5,25.84771015167878,25.660934620380917,5
1561,1562,0.00047165585250329893,1,25.70623116595508,25.744061891496262,1
1564,1571,0.014707483224520746,7,25.910443143270175,26.31743099428299,7
1572,1576,-0.0006635741157450885,4,26.406602822089454,26.415486686794043,4
1577,1578,-0.005788482932173481,1,26.5234460884587,26.396439019561694,1
1583,1584,-0.0017444264521395683,1,25.938664929057147,25.919355500750772,1
1587,1591,0.010490710693717552,4,26.039277256794144,26.338487058425464,4
1592,1597,-0.009048006326950509,5,26.38594233077779,26.17358809995714,5
1598,1599,-0.0027921876235055595,1,26.05079439951474,26.00410648820944,1
1602,1603,0.002046463719861853,1,26.109794935209994,26.189337478213144,1
1608,1611,-0.019322708050652886,3,25.802750472501632,25.32997420869014,3
1612,1613,-0.0067933018856369265,1,25.407616475353898,25.26042248291769,1
1614,1619,0.008951269230812575,5,25.331341180642784,25.58342017670893,5
1625,1629,-0.01604684045232866,4,25.403610229930024,25.021366159887123,4
1633,1635,-0.019922921299474306,2,24.41251947126774,23.950563286591056,2
1636,1641,-0.02480888763794131,5,23.82569242865724,23.258429194727192,5
1642,1644,-0.023554781374921275,2,23.155870961269052,22.63359535419174,2
1645,1648,0.019477536372915952,3,22.31953072735404,22.776579729649846,3
1649,1652,0.02346232075084929,3,23.53930196679634,24.11512792175921,3
1654,1661,0.09232196121623457,7,24.3143107113828,26.58336987258994,7
1662,1665,0.012980546422210467,3,27.086183345203175,27.46486298886129,3
1670,1673,0.005944526192939876,3,26.70379896861977,26.88924420000835,3
1676,1678,-0.028213034978226813,2,26.468094791160148,25.747817601801284,2
1679,1680,0.006597287887610099,1,25.675962908401715,25.87103059040844,1
1682,1685,0.00920061571087287,3,26.26961409291602,26.537580331150785,3
1686,1688,0.002525499168185081,2,26.454065198252966,26.54732898310452,2
1689,1690,0.007813773448336784,1,26.72802597631607,26.96360074199258,1
1694,1695,0.009116252054069584,1,27.65837141926306,27.938170475945398,1
1703,1704,0.004833052768216412,1,27.65754832591469,27.818876264739245,1
1709,1710,-0.004169856869044097,1,30.145823208140996,30.05026526337168,1
1712,1714,0.0011620755640182247,2,30.55557880046664,30.621642270735563,2
1715,1717,-0.01894568125860003,2,30.889914233771467,30.335573678826712,2
1719,1721,0.023731937767820205,2,30.542330044725357,31.29770105067573,2
1725,1727,-0.0058910644326286565,2,32.40877651391655,32.25026309980432,2
1730,1732,-0.015060170103028639,2,31.871888460042264,31.423764286789314,2
1739,1740,-0.007472296035470636,1,31.191835363237637,30.9899525708771,1
1741,1747,-0.019081189289725513,6,30.988008556429392,30.42770850800896,6
1749,1750,-0.005112679071104096,1,30.301040298160423,30.176421843893497,1
1752,1755,-0.0009059961550632877,3,30.420975317198856,30.423835005845397,3
1757,1758,0.004238821331247233,1,30.32022254699191,30.479064775639255,1
1759,1760,0.004625917119344326,1,30.807780978227605,30.981103000642026,1
1761,1762,0.004088273305522353,1,31.265074597237113,31.4241598417054,1
1768,1771,0.07101400918887052,3,30.354175676866053,32.540101562980475,3
1773,1775,-0.00013998032174799288,2,33.84225075113011,33.87135575273242,2
1776,1777,-0.0024408796541936302,1,33.545335395605555,33.497000604340926,1
1780,1781,-0.001849370373301176,1,33.5332580581783,33.50477590226342,1
1784,1789,-0.04810070949747898,5,33.41675453202806,31.84280168446644,5
1790,1795,0.04960954712176565,5,31.1040418069441,32.678203276450006,5
1800,1801,-0.005740455736856999,1,35.116989620420284,34.950519085513015,1
1805,1808,-0.02100019366675263,3,34.868889973523125,34.17150542110797,3
1812,1813,-0.003976084998583597,1,33.240196061368216,33.14127041252,1
1814,1821,-0.04420928755276575,7,33.27115684864586,31.83353386515955,7
1822,1823,-0.009718830982385043,1,31.616132480504607,31.340476765090393,1
1828,1833,0.03259364749451258,5,30.482295219311784,31.50630669973301,5
1836,1839,-0.042259551230219676,3,31.66842393807584,30.361798978222485,3
1840,1841,-0.004994063206597632,1,30.055161070715656,29.935118857714745,1
1845,1849,0.0036412010265586053,4,30.039160542286762,30.178578325032582,4
1850,1851,0.001274127403139336,1,30.411451942580655,30.480611458812533,1
1855,1857,-1.7253306728651436e-05,2,30.956907878140683,30.98733067699183,2
1858,1860,-0.0023902955391466455,2,30.744338464125185,30.701594747504497,2
1863,1865,0.001135648046332035,2,30.773359899575578,30.83908096552418,2
1867,1870,-0.006722005561345084,3,30.524749437877738,30.350086651835536,3
1873,1875,-0.0074568155692594975,2,29.675150058013678,29.483543087098983,2
1882,1883,-0.0019254078936154085,1,30.537055358156977,30.508796126080767,1
1884,1887,0.006599402905652209,3,30.396444662400892,30.627439492289838,3
1888,1889,0.004489099639002026,1,31.03574697478033,31.206105282295756,1
1890,1897,0.01765584068248977,7,31.29989200587457,31.883817804515303,7
1900,1906,0.002462919157357504,6,31.726325573122896,31.836191273742624,6
1908,1917,-0.014811993464338473,9,31.897441063224758,31.456873815730376,9
1921,1925,0.004552138840938344,4,32.53643633181848,32.717083143722085,4
1927,1928,-0.0010397022665625296,1,32.53303144840827,32.53173981332162,1
1930,1932,-0.007498913444498664,2,32.71192597894233,32.49933400340234,2
1935,1937,-0.014399846358533874,2,32.4806292311999,32.045393789873316,2
1938,1941,-0.009847808046160308,3,31.916827433319177,31.634433470746746,3
1945,1949,-0.005502991104685593,4,31.493324179395582,31.351510020758784,4
1952,1955,-0.004106812329501101,3,30.771275317557457,30.675674740006396,3
1956,1957,0.001407589609231587,1,30.66465511353236,30.73848301855437,1
1958,1960,0.020312786666734573,2,30.974085354020037,31.634229427367494,2
1963,1965,0.0070804841247456935,2,32.95122451149276,33.21748635804881,2
1967,1968,0.008878915172870514,1,33.76076100055737,34.094280694653435,1
1969,1972,-0.008081116630879473,3,34.4524893960182,34.20852730038086,3
1973,1979,-0.014849424893529365,6,34.283795484653474,33.808984634023645,6
1981,1982,-0.007303506351122645,1,33.68674470275771,33.47440009357523,1
1986,1989,0.005176224636496869,3,33.268792884219216,33.47426842245724,3
1990,1992,-0.0003471695971859331,2,33.29547861748691,33.31721491820465,2
1993,1996,0.011521701221251002,3,33.39557565218132,33.81374507260962,3
1997,2000,-0.017923968311183792,3,33.854081347026174,33.281135947104865,3
678,680,-0.010768658727675996,2,26.734621116253177,26.47345972635478,2
681,682,-0.005947957707083305,1,26.315406543773403,26.18519902515011,1
684,686,-0.004048135609609352,2,26.182376736108715,26.102569301235174,2
689,691,0.0032654327697706114,2,26.362541352890783,26.474989000671837,2
694,698,0.012006895872396901,4,26.74899260783598,27.096913969377617,4
701,702,-0.0005507530326617749,1,26.963889472918684,26.976002918492036,1
705,707,0.002863308247701486,2,27.537106700076635,27.643491031508876,2
712,716,-0.010818718259679866,4,27.28471972111242,27.016818745376487,4
721,722,-0.0006659265986585728,1,26.77771970094705,26.786665424847712,1
725,732,-0.021036220811486664,7,26.4720996384235,25.94169880472437,7
734,737,0.017748908307066238,3,26.125510652890533,26.61533545659686,3
751,756,-0.0020138797643430456,5,26.307374349803407,26.280701835297144,5
758,763,0.01734217489593888,5,26.402005849675028,26.88627605857337,5
765,768,-0.001970322451554863,3,26.97016429493494,26.94399453899744,3
771,772,-0.0006649719768925773,1,27.089468815230678,27.098544546414875,1
773,774,-0.0008315838595114751,1,27.27743051355328,27.282024473122817,1
775,780,0.016788459020963004,5,27.233801226192135,27.718248583289306,5
786,792,-0.014518618725494422,6,28.177404924635802,27.79648533078578,6
794,800,0.012728284182605014,6,27.690611739179122,28.07075632632475,6
803,806,0.012367552068164707,3,28.159302420776463,28.53572336208939,3
810,811,-0.0020155685753549873,1,28.642211708137584,28.613123577998135,1
812,813,-0.002856839256811749,1,28.605259720383202,28.5521443511831,1
814,815,-0.002093867724579457,1,28.584256262847866,28.55298886749083,1
817,818,-0.004006242970818348,1,28.468902368172824,28.38331793054159,1
819,821,-0.0020124725598860862,2,28.51271296432118,28.483844624836898,2
822,823,-0.0018038962076960049,1,28.49014994763683,28.467246824137234,1
826,830,-0.016996870062444602,4,28.554233555762572,28.097455191838343,4
831,833,-0.007408383531708134,2,28.083667985367228,27.90369706993984,2
834,839,0.018182845745704876,5,28.049384002179465,28.587451008755316,5
845,848,-0.0007300068694731795,3,28.602247303709888,28.60996971399952,3
851,856,-0.005649768722973412,5,28.21459189180345,28.083400564893484,5
858,863,-0.011019466546140326,5,27.983279096541686,27.70290156778258,5
864,868,-0.013430855052016265,4,27.942459257812416,27.59511059698168,4
872,873,-0.0026740402806040182,1,27.928686247878865,27.881932502115564,1
880,883,-0.007666876036144287,3,27.327403936785498,27.145215522349307,3
885,888,0.0023500694253699717,3,27.170664227262126,27.26168783875687,3
890,891,-0.0043742912478944625,1,27.140537024836785,27.048956948290723,1
893,896,0.01095958854142665,3,26.98245829621277,27.305157395271678,3
904,906,0.002605787264301626,2,27.50739744903911,27.60658327243494,2
909,914,-0.0035013163858145864,5,27.803469714179386,27.73392443980081,5
915,916,-0.006456419848128354,1,27.609585118952936,27.45893563071129,1
919,920,-0.00612497653314717,1,27.362503871208137,27.222271680980047,1
921,922,-0.0011142194058449118,1,27.29220548583616,27.28908818634137,1
923,924,-0.0061571420819474445,1,27.224388912334543,27.08398887061944,1
926,929,0.005025451255052528,3,27.045052750617266,27.208011397656435,3
931,932,-0.002063167332408666,1,27.2953388058038,27.266319293258444,1
935,958,-0.021899339657691533,23,27.324256192133134,26.753197281079963,23
961,964,-0.010806018066780516,3,26.73232189451985,26.470184263055195,3
973,974,0.0014057186870678616,1,26.18406455719639,26.24705605060503,1
975,976,-0.005957257002530272,1,26.2343631568586,26.10431267639234,1
978,986,-0.011964274014642291,8,26.109192180666504,25.82292384329672,8
987,989,0.0032130405741113118,2,26.002768896116123,26.1123196165147,2
990,991,0.002880397559960082,1,26.236585969550106,26.33839435372803,1
993,994,-0.0018754435143495066,1,26.355653178554725,26.332580292913114,1
997,998,-0.004952730055690301,1,26.313321708168484,26.20931225058756,1
1007,1010,0.001084890655237173,3,26.103710203859848,26.158133585330894,3
1013,1014,0.002917610559948271,1,26.51563849064674,26.61951643600147,1
1015,1016,0.005190518185774943,1,26.754145730047163,26.919767755733893,1
1018,1019,0.004793698685578599,1,27.00554564984878,27.162007644183642,1
1020,1021,0.004430210005278011,1,27.31287700848026,27.461191666484638,1
1025,1030,-0.0017473758961901805,5,27.774313940480738,27.753556087708404,5
1031,1032,0.005412482524253655,1,27.739365462151593,27.917243658411525,1
1033,1037,0.006574195938666796,4,28.078371545567457,28.29104263329227,4
1048,1051,-0.011835010649626658,3,28.127932952081085,27.823166498993302,3
1052,1055,0.0019308423714685767,3,27.85660125099473,27.93824455826625,3
1060,1062,0.020351248842976153,2,28.704231713785507,29.31710290795299,2
1064,1068,-0.006941531181922806,4,29.43731606016627,29.262413328882676,4
1069,1071,-0.013602132535539074,2,29.348016012817826,28.978168425369173,2
1072,1073,-0.003684261881155152,1,28.798764361867736,28.721460936466805,1
1074,1076,9.178806031960151e-05,2,28.64133365464576,28.67260392076153,2
1079,1080,0.002317889942285899,1,29.136032237331484,29.232702385649844,1
1082,1084,-0.014355272840240192,2,29.247891682046404,28.857278108630883,2
1085,1094,-0.022913335552661954,9,28.716102116156595,28.08683653472075,9
1095,1096,0.001507534405894516,1,27.971087921254455,28.0412263865873,1
1098,1099,-0.0003170114107667013,1,27.736175411973697,27.75511890328905,1
1102,1103,0.001697602229399953,1,27.903130448137492,27.978401995041626,1
1104,1107,-0.0001884141608958481,3,27.996708703814168,28.019430436139707,3
1108,1111,-0.0027825375450509816,3,28.170258003800157,28.12004346125461,3
1113,1116,-0.029569169429100907,3,27.870935038166444,27.0746855729136,3
1117,1123,0.014411620292597065,6,27.09758714678255,27.515204870734323,6
1128,1129,-0.004764857637797873,1,27.71245345024732,27.60812000821304,1
1130,1135,-0.004402825506287119,5,27.63782537859761,27.54377868146101,5
1140,1143,0.008786141717453705,3,27.873001165765864,28.1457703052648,3
1144,1147,0.0002710906015805242,3,28.254886000890334,28.290800520934795,3
1148,1149,0.0024604143395420565,1,28.39451643104405,28.492773222866397,1
1152,1153,-0.0004522240886557057,1,28.66758833074311,28.683291745067027,1
1154,1156,-0.0038026928549967816,2,28.711957515021492,28.63148671684117,2
1158,1159,-0.005071808947058499,1,28.45349354669067,28.337636357092183,1
1160,1161,-0.004119482316385094,1,28.314748933416016,28.22642157482534,1
1164,1165,-0.005287764953502017,1,28.07593410940873,27.955551103097577,1
1167,1172,-0.01186970342921181,5,27.958990485155624,27.655084550401828,5
1173,1175,-0.01925072432414239,2,27.718400320267367,27.212519437315947,2
1178,1180,-0.0032680395626314526,2,26.92496564063061,26.863898753335167,2
1182,1184,-0.003057774266846667,2,26.7001570578655,26.64521416175106,2
1186,1189,0.001140960526107127,3,26.751181889287846,26.808455113739523,3
1194,1200,-0.008354026047467137,6,27.05191903922525,26.852978521976816,6
1205,1211,0.01702882081533601,6,27.020057021742595,27.507196788207754,6
1212,1215,-0.006698228796295029,3,27.650304858063677,27.492747094695122,3
1217,1218,0.002725894800435914,1,27.515954598220237,27.618476150386776,1
1230,1235,0.001877373249105131,5,27.62749667744313,27.706991297322546,5
1237,1239,-0.006313282561200369,2,27.590397327229493,27.443801750254135,2
1240,1246,0.002441040284065071,6,27.41333770287217,27.507668102228433,6
1258,1262,0.01332338693182742,4,26.351547979221703,26.72899139718071,4
1263,1265,0.0023696415937012423,2,26.80920550192827,26.89954291588165,2
1266,1268,0.00467998174477787,2,26.911614840345365,27.06447232136102,2
1269,1270,-0.00037346128722296824,1,27.111920104756518,27.128906772279866,1
1273,1293,-0.030975756323432434,20,26.886728636137033,26.080778610205936,20
1299,1301,-0.0035683144799128924,2,25.9178672708565,25.8513020370563,2
1305,1312,0.027510070910094584,7,25.175712334585963,25.893473678457152,7
1315,1316,0.0006542722331766,1,26.428893815541866,26.47261440073449,1
1319,1331,-0.006436863759647999,12,25.805917554118004,25.665614296183556,12
1333,1336,0.006886552435576047,3,25.894027249387435,26.098241853057964,3
1338,1339,-0.0013573516247781371,1,26.224809177259882,26.21543769909089,1
1343,1348,-0.005995741354636261,5,26.464975100974275,26.33276293041292,5
1350,1352,-0.012944689275556143,2,26.284721054826182,25.970758229131615,2
1358,1359,0.0009658054648998562,1,25.714785618112277,25.76533588420909,1
1363,1366,-0.00048244098650532025,3,25.84514622999631,25.858522618382732,3
1367,1369,0.0011314101403968753,2,26.018415357114534,26.073871271443746,2
1370,1373,0.01306509018490562,3,26.22486770647326,26.593722835852024,3
1376,1377,-0.004961090951325261,1,26.735004375174984,26.629104591260838,1
1382,1385,-0.006297399545635927,3,26.718381020479704,26.576843081001687,3
1386,1388,-0.0052946911056442735,2,26.610130450380954,26.49584815981567,2
1392,1394,0.009231474344022213,2,26.863796550845038,27.13865279603804,2
1397,1402,0.004882576863329821,5,27.26237560344498,27.422748623409213,5
1404,1407,-0.010366367904901294,3,27.5299946374315,27.272138579237357,3
1409,1410,-0.003085003650758417,1,27.22262118464425,27.165861920091054,1
1411,1412,-0.007540800806210789,1,27.1969437993748,27.01905400744538,1
1414,1415,0.0008700420568857942,1,26.99967645730705,27.050166987804523,1
1418,1421,-0.007535791946421797,3,27.094172473496155,26.917090599248915,3
1422,1426,0.016408658949155257,4,27.135155108612878,27.607541769431148,4
1436,1439,-0.002211865234012605,3,27.90016152597697,27.8663502902003,3
1441,1444,0.0001828880271011659,3,27.98866090964876,28.02176836153338,3
1445,1447,-0.015960307498272177,2,28.012265971952914,27.593193859289112,2
1448,1449,-0.0019230878194677681,1,27.608501714355143,27.583016642708866,1
1451,1452,0.004476658829326642,1,27.516558681719935,27.66725748577686,1
1455,1463,-0.03193630952379072,8,27.96704342350296,27.101846311688178,8
1466,1470,0.0020485936378579483,4,26.964932955225745,27.047138078278312,4
1475,1481,-0.01757341330839733,6,26.83495842698939,26.390211569865237,6
1486,1491,-0.00175296233586057,5,25.908218752788343,25.888710839878257,5
1492,1493,-0.00657765899484453,1,25.828327653466328,25.68426604940818,1
1502,1503,0.0015833702707041988,1,25.767097867100347,25.83366382169254,1
1507,1509,0.003646069645621256,2,25.634300124179997,25.753398867873695,2
1512,1518,-0.0008428835644562174,6,25.714771376781368,25.71881159000091,6
1522,1525,-0.001101731409714508,3,25.860141284424092,25.85751049579581,3
1526,1527,-0.0014757787003285188,1,25.83074452572956,25.81845480767059,1
1530,1543,0.006158447355929497,13,25.50261151922844,25.68517062122756,13
1546,1549,-0.0036432331868327585,3,25.772118644335922,25.703996925040222,3
1552,1553,0.0010643431783296286,1,25.881470968876116,25.93489920691585,1
1554,1559,-0.011240508095225137,5,25.923579477119777,25.65810885162712,5
1563,1564,-0.0008904779275598347,1,25.85803462499472,25.860866650536078,1
1567,1569,0.0015427194289029224,2,26.13898356713595,26.20544766850388,2
1570,1572,-0.0003349076307331331,2,26.325177525262543,26.34268619995419,2
1574,1575,-0.0017085996568609275,1,26.440280787562294,26.42154521366892,1
1577,1578,-0.004474088389186731,1,26.511932470464085,26.419827673693543,1
1582,1586,-0.0009575172882436671,4,25.972533096550944,25.973636480188066,4
1589,1590,0.004490267477912649,1,26.170318349517345,26.31400039723832,1
1591,1593,-2.472531670172644e-05,2,26.396904246782615,26.42264847921195,2
1594,1601,-0.017968578722138404,7,26.494387358776912,26.044815261184677,7
1609,1615,-0.009535360968130051,6,25.53415249431705,25.316209285762774,6
1616,1617,0.0036222667091786757,1,25.393938195980017,25.511315751118236,1
1619,1620,-0.0016187929339458562,1,25.591344085421,25.575508342530764,1
1622,1625,-0.007143001951414129,3,25.541592634438434,25.384690581042854,3
1630,1635,-0.04084753183342276,5,24.94657167845491,23.952512369362914,5
1638,1641,-0.01989388066374332,3,23.75989610846623,23.31097946680993,3
1643,1648,-0.008791928578600915,5,22.94081722994172,22.76206402055128,5
1649,1652,0.025303463460879763,3,23.524660215438935,24.143440255845345,3
1657,1662,0.08707564645264475,5,24.88349814959968,27.075128335128863,5
1664,1665,0.012593211629617223,1,27.113399125884204,27.481957298200626,1
1671,1676,-0.027691068402251714,5,27.112148078497963,26.388495879602797,5
1681,1682,0.0055557503063275535,1,26.01995885414533,26.190539207374023,1
1683,1686,0.0029047637578101092,3,26.31278374140799,26.415528945728536,3
1690,1692,0.009134526752421879,2,26.997427041899137,27.27103318850182,2
1693,1694,0.004278006344920686,1,27.534481041598806,27.679808207240463,1
1698,1706,0.03189864945024785,8,27.99378105247177,28.91473864210403,8
1708,1711,0.016837907679833196,3,29.794535211547398,30.32600738001452,3
1712,1717,-0.006091205544974639,5,30.565551464732394,30.40993595962994,5
1718,1719,0.004738819077613014,1,30.289277086987383,30.463101768181293,1
1721,1723,0.029165464995966835,2,31.394374595307198,32.34140050323221,2
1724,1725,0.0017518039835181954,1,32.29980004731711,32.38868276575416,1
1726,1727,-0.008576866132550135,1,32.47415452535801,32.228102203751625,1
1729,1732,-0.01922471086669256,3,31.8812133077081,31.30018741309577,3
1734,1735,-0.008803633315360309,1,31.20373550079477,30.960232990877078,1
1736,1738,0.009866375157920576,2,30.9439295580786,31.28017790551695,2
1739,1744,-0.0011276030293433724,5,31.12080161522217,31.116830506660474,5
1746,1747,-0.006111533299852786,1,30.57140828813027,30.415141516642098,1
1749,1759,0.01198636589900482,10,30.339908638184305,30.733913793102143,10
1760,1762,0.011684728275358172,2,31.051489159528153,31.445368862061997,2
1763,1767,-0.031837404650620585,4,31.368697065423422,30.401367860654226,4
1769,1773,0.10315513143112101,4,30.63587738608166,33.8267612217367,4
1774,1782,-0.001724476349076042,8,34.12464709851445,34.09992459877101,8
1783,1784,-0.017552727279818235,1,33.92504303707804,33.36349105172919,1
1786,1793,0.015776861780688184,7,31.946066844026053,32.4820215919049,7
1796,1798,0.04581607767174258,2,33.18073131020815,34.73412300443208,2
1801,1805,-0.00374689410588784,4,34.99996114226224,34.90381995529425,4
1807,1810,-0.022620014093297926,3,34.43342492983699,33.6889737975734,3
1811,1815,0.0032888612191374423,4,33.38567833259393,33.52886487366919,4
1816,1817,-0.01180912382472505,1,33.3377040764991,32.97735270510418,1
1819,1821,-0.02061287104612455,2,32.49805030947289,31.860670239502728,2
1822,1824,-0.02245041252382873,2,31.610716305061423,30.932653400144137,2
1825,1829,0.0036986667914218323,4,30.565175765521783,30.70879134186521,4
1836,1837,-0.012673827988089647,1,31.594906010323466,31.22607251225909,1
1841,1842,-0.0019135998626158357,1,29.990494989739567,29.96309567763716,1
1846,1848,-0.002632753609251819,2,30.217011664311894,30.167674729456184,2
1849,1851,0.005039396578267044,2,30.216374134397526,30.398862800952443,2
1852,1855,0.016179680411735103,3,30.35497014110294,30.87645882703485,3
1857,1860,-0.00952724425816295,3,30.99782721170883,30.73350116760226,3
1863,1866,-0.0022906731840619757,3,30.822495302938357,30.78271353478498,3
1867,1868,-0.0074694324860803,1,30.50639090201177,30.30903186567723,1
1870,1874,-0.024831136512135275,4,30.35835108686716,29.634877077832698,4
1876,1877,0.0033070478836883513,1,29.518658132935098,29.645796406975876,1
1879,1880,0.00511217024888401,1,29.80921526797249,29.99141426667597,1
1883,1885,-0.009904420546733472,2,30.57098052692378,30.29876365978605,2
1886,1888,0.021853387493946927,2,30.341052180899414,31.034448003363572,2
1889,1890,0.00044271252442072977,1,31.19677159183932,31.24177956493636,1
1891,1896,0.016968819236564184,5,31.390067191052523,31.95410963423215,5
1897,1898,-0.005225878325153979,1,31.8756723454926,31.740969632628072,1
1901,1902,0.0021109056590251194,1,31.724736610085017,31.823429272736412,1
1905,1909,-0.007287729818232037,4,31.91536183378298,31.71468666152104,4
1913,1920,0.031012792140304703,7,30.993601021445627,31.985792728624702,7
1923,1924,-0.005676278144479284,1,33.20350415674871,33.048235335940376,1
1925,1926,-0.009312767253758302,1,32.74813733646413,32.475909692791994,1
1928,1929,-0.0006996958800411753,1,32.560819173353316,32.57059732150031,1
1932,1933,-0.0006346560072337118,1,32.475625801294065,32.48749057609189,1
1934,1939,-0.021596865571617444,5,32.38908687809062,31.721973209675152,5
1940,1944,-0.005734344742515468,4,31.692414364984554,31.542371549658068,4
1946,1948,-0.0032037659773680835,2,31.43401268278653,31.36473947510405,2
1949,1954,-0.02284572174538623,5,31.409504568967314,30.723341271993217,5
1956,1957,0.003925147112992876,1,30.647310601600825,30.798253114931295,1
1961,1962,0.011343321807028368,1,31.98967421239759,32.38453305570321,1
1968,1970,0.0008931590875365571,2,34.19156479229056,34.25629486389418,2
1975,1976,-0.003365711038948991,1,33.866516552731774,33.78639816067223,1
1978,1979,-0.005602301041023954,1,33.91220681356811,33.75613262884661,1
1980,1982,-0.009655572131744922,2,33.81368329583982,33.5210065210327,2
1983,1984,-0.005773308459684579,1,33.38907821182735,33.22970184233777,1
1985,1986,0.002030401357678035,1,33.13809141456274,33.23851313177629,1
1987,1988,-0.0019845696690384924,1,33.41986938775389,33.38696519801148,1
1991,1995,0.015028971124458158,4,33.2924691408362,33.826113167356574,4
1999,2000,-0.002236186075679775,1,33.24108012881662,33.19998796842082,1
675,676,-0.004839370144005647,1,27.095821690816763,26.99179080198974,1
680,681,-0.006214536044900422,1,26.466787560349626,26.32877554262346,1
682,683,-0.0016364437416138448,1,26.283904353798093,26.26717612736694,1
684,687,-0.00633773868311899,3,26.23835182899296,26.09829836345406,3
690,691,0.00256961566159641,1,26.395871693018982,26.490094810015872,1
694,695,0.002312687241625298,1,26.75130960102779,26.83992832303988,1
698,703,0.00040762907198848013,5,27.12788865075529,27.166074655481758,5
705,707,0.0050336900025086066,2,27.515602554433418,27.681623170479103,2
708,713,-0.019214395453802106,5,27.805488133034,27.299027976392917,5
719,720,-0.0015767409995125256,1,26.62958202104466,26.61422364929324,1
722,723,-0.004029034055517508,1,26.874123004651786,26.79272037085853,1
725,726,-0.0058200314677173196,1,26.48780633803586,26.360134277975725,1
728,729,-0.0077897225190070194,1,26.26081482198355,26.082511176219256,1
730,732,-0.005984499975606967,2,26.023235756669806,25.89352293867547,2
734,742,-0.0005699523738272405,8,26.128585302201422,26.139821838285886,8
744,747,0.001840681314231095,3,26.250852816296604,26.325423123374488,3
749,750,-0.0010906599097370924,1,26.374617943001375,26.372226822519313,1
751,753,-0.0048986623349578755,2,26.31043629009993,26.207860783119408,2
754,766,0.024707272571320188,12,26.244665862501726,26.91934464137228,12
768,769,0.00032827057770393707,1,26.972347830232838,27.008174406267333,1
770,772,0.007239256517432682,2,27.02367270221594,27.24632767365264,2
775,779,0.010329857982502744,4,27.24452393814074,27.553200525160772,4
781,784,0.0032758464122189445,3,27.789080224320486,27.90790206329651,3
785,791,-0.00959066228161871,6,28.046041031712434,27.80510696487257,6
798,799,0.002727791122696308,1,27.994739489165422,28.09909803051533,1
800,802,0.001859494934460981,2,28.115870621102452,28.196267810721455,2
807,810,0.0013282519536891337,3,28.545050524496617,28.61151059414843,3
812,815,-0.006393020063149635,3,28.698695906246275,28.54392326343766,3
817,818,-0.0033153426029242225,1,28.454403134515275,28.38852144269715,1
824,827,-0.0073564215310783455,3,28.662212218485276,28.48002311561136,3
829,831,-0.00973715097395372,2,28.32929101869826,28.081773726082822,2
840,843,-0.007765872897223792,3,28.79128224239636,28.59648408619621,3
844,846,-0.006878992856250736,2,28.72533900304687,28.556462940254576,2
847,848,-0.004198739356858981,1,28.64262841032945,28.551008107549443,1
851,852,-0.0027267888996207407,1,28.187331900138652,28.138658328303567,1
853,858,-0.0033122147623156155,5,28.07981577570948,28.014889211149782,5
860,862,-0.0034801429202044806,2,27.814277280969463,27.745293898090463,2
865,869,-0.007270294291691872,4,27.824965024477102,27.650494305117597,4
870,873,0.004195250463570204,3,27.720938290970977,27.864955508477745,3
876,881,-0.018820401044580954,5,27.71325978210976,27.219398378539907,5
882,895,-0.003725052297417397,13,27.15852485488543,27.08451645433516,13
896,898,-0.0017805615715824703,2,27.333386405436418,27.31205101438712,2
899,902,0.0017819770145886048,3,27.320945685995287,27.39695192891055,3
905,908,0.00018700916206835475,3,27.59424780479644,27.627002429761117,3
911,917,-0.019584434036422117,6,27.84575150772245,27.32825397563258,6
921,924,-0.010948335020564717,3,27.35920011594508,27.087021627296984,3
931,932,-0.0036715136697822127,1,27.280700399927085,27.207819635887446,1
934,935,-0.0026529946446981678,1,27.387248942071643,27.341977966237383,1
940,942,-0.006660765655692645,2,27.0516268055749,26.89849388562329,2
944,946,-0.014950569781807848,2,26.71540093164443,26.34270586669855,2
950,951,-0.004645689250090903,1,26.75558574285486,26.658043191532247,1
952,953,-0.0013485471777687377,1,26.640074868536836,26.63078954562586,1
954,956,0.002577811909834662,2,26.603725277564465,26.698908402708504,2
959,961,-0.0025297528695875406,2,26.814636562710767,26.773616795482013,2
962,965,-0.011957560511005723,3,26.715097489275628,26.422365191979473,3
967,970,-0.002732590136385182,3,26.442676539379214,26.39686221882746,3
976,977,-0.0008746709960118603,1,26.14838836214787,26.151665513617193,1
982,983,-0.007986006397787203,1,26.034321787904315,25.852445849331964,1
984,987,0.006711507172861274,3,25.77335574378639,25.972107161473303,3
992,995,-0.0036770965139263077,3,26.38046776500568,26.309844706716238,3
997,999,-0.0023822100663185245,2,26.28913889633263,26.252801783915274,2
1004,1006,0.0027342615487869026,2,26.00000025586254,26.097091057086455,2
1007,1008,-0.005239670331975541,1,26.11081668334929,26.000115428513244,1
1009,1010,0.0012166867344934862,1,26.056713529285332,26.114473100510196,1
1011,1012,-0.0004151479608175629,1,26.28287587758874,26.298247471141327,1
1013,1014,0.003826532047285028,1,26.524180924663277,26.65220073392415,1
1020,1021,0.0031219838955078797,1,27.363611775225955,27.476404142286366,1
1023,1024,-0.0003345874523736919,1,27.64528087142073,27.663676388195228,1
1026,1027,-0.005240427964376151,1,27.64522447756573,27.527996894609604,1
1028,1029,0.001029718681239513,1,27.60694045356013,27.66297477633059,1
1030,1032,0.006669902299018501,2,27.708146561638284,27.920665338652935,2
1033,1034,0.002126024624801523,1,28.131885434145786,28.21982640075502,1
1035,1036,-0.002724672364674589,1,28.248080076516338,28.199361393453255,1
1039,1042,-0.0013726203174163694,3,28.47042955284032,28.45982089234336,3
1043,1049,-0.015940076564585338,6,28.456108690777903,28.03097224820752,6
1050,1058,0.011835660504768135,8,27.927904986004798,28.286378093014577,8
1064,1065,-0.0049624480366275234,1,29.474561263036012,29.357769845628837,1
1069,1071,-0.013729152103157859,2,29.309635414602067,28.936548607321495,2
1073,1075,-0.0007244991861740356,2,28.68658317918501,28.694486356196762,2
1077,1090,-0.01049492431654428,13,28.81022461335179,28.536673711105372,13
1091,1097,-0.022882052540566553,6,28.52091739156087,27.89682117869358,6
1099,1100,-0.001685220009613798,1,27.839543019138627,27.82046680720341,1
1102,1104,0.0032853773173526345,2,27.869556575450286,27.988988141043396,2
1106,1107,-0.0022877192081455873,1,28.00393953652231,27.967878325677383,1
1108,1111,0.0009772834153232036,3,28.099692210901658,28.15525326628596,3
1112,1118,-0.031510149069329016,6,28.018242089634658,27.163401346819356,6
1119,1123,0.009422957173527206,4,27.200034766594044,27.483539564084705,4
1125,1128,-0.0009000887399973321,3,27.597504640344493,27.60026194180604,3
1130,1132,-0.007404728456493386,2,27.654372439179145,27.477253693071468,2
1133,1145,0.02461204055028647,12,27.5331236771185,28.23830315721291,12
1147,1153,0.013072239388309849,6,28.2989476941731,28.697177260562764,6
1155,1160,-0.01445294624547103,5,28.63492048204784,28.249696436059512,5
1161,1162,-0.0029355690529923586,1,28.245329274559264,28.190658489323848,1
1163,1164,-0.00636144928478437,1,28.189873196501853,28.038734621014306,1
1165,1168,-0.005408644223525735,3,27.981357148577032,27.857997300017548,3
1174,1175,-0.012509439727370661,1,27.539494007077042,27.222529860680304,1
1178,1180,-0.007088737951304868,2,26.99610733004023,26.831735106802313,2
1181,1183,-0.0017674896155090727,2,26.724473074924266,26.70396231935931,2
1184,1188,0.00416791081088735,4,26.67340386505463,26.81124963725201,4
1189,1191,0.007922225073881243,2,26.821861979361415,27.061172668841856,2
1198,1203,0.00023448539820569323,5,26.87432199424229,26.90749795233086,5
1207,1211,0.017842514757705805,4,27.044134330603036,27.553713830836802,4
1212,1215,-0.006215738128925974,3,27.64664784125844,27.502450165975798,3
1218,1226,0.004116701575748629,8,27.618059348128526,27.759372715914214,8
1227,1230,-0.0036010313010618527,3,27.634493455120055,27.5626152726543,3
1233,1237,-0.007851059393355586,4,27.756878047193425,27.566714027117975,4
1238,1239,-0.0070094199320519445,1,27.55200082087976,27.386429277978852,1
1241,1244,0.0038063168579824235,3,27.44684665122011,27.578764892978327,3
1247,1251,-0.022105181900674613,4,27.30027375144926,26.72409650798671,4
1252,1254,-0.003850512505559631,2,26.673144223356868,26.597112092185593,2
1257,1261,0.004696062663746773,4,26.420791234660054,26.57128571715845,4
1264,1266,0.0010251346264068153,2,26.87273613800454,26.927157046463908,2
1267,1268,-0.0005385529176037732,1,27.005521668329454,27.017983287511893,1
1269,1270,-0.0022038434253439697,1,27.14565697266916,27.112977851995968,1
1273,1276,-0.014943458446391548,3,26.923928479860166,26.548515801887618,3
1277,1278,-0.003822394656528509,1,26.6097917919526,26.534688457787656,1
1279,1283,-0.014734914426477671,4,26.54229400914883,26.17773787225076,4
1287,1290,0.0073379668017321065,3,25.992648813550538,26.209374656447004,3
1291,1296,-0.010822571132495809,5,26.20162950134195,25.94426213177772,5
1297,1300,-0.004006627971222462,3,26.029385503981725,25.95112482545172,3
1301,1302,-0.008085951443038602,1,25.877657789615157,25.694289963058374,1
1303,1304,-0.015574179657807875,1,25.539173597279603,25.166961092960907,1
1306,1308,0.009530445488594334,2,25.253769154153304,25.51970259361266,2
1309,1322,-0.001123357739940816,13,25.62150847514093,25.618347863761564,13
1328,1330,0.005050742899238627,2,25.35988886680793,25.513335034294247,2
1331,1335,0.010934312336262783,4,25.671457286793768,25.977828476181394,4
1336,1337,-0.0018610951579115268,1,26.15109374922593,26.12857516902438,1
1338,1341,0.0027649566792255936,3,26.240139656561897,26.338932645625682,3
1345,1347,-0.0027711197556866927,2,26.447689526208684,26.400847500796548,2
1349,1350,-0.003349206052180269,1,26.280205100560746,26.21846748368597,1
1358,1370,0.014199781016229575,12,25.801710359006325,26.193890706307403,12
1373,1374,0.0034553373705445986,1,26.558128950301338,26.676454374705358,1
1375,1377,-0.005265135489487467,2,26.741162917020517,26.627108234032967,2
1378,1381,-0.0012157755954216763,3,26.632224354068015,26.626477770000612,3
1386,1387,-0.005409318239501204,1,26.588324393941903,26.47108801023392,1
1392,1394,0.01070346058122747,2,26.814745156233066,27.1285704691647,2
1397,1400,0.0023695020858152125,3,27.230793534415795,27.322547750028413,3
1401,1405,0.0035937532702486055,4,27.311959828195935,27.43742423297361,4
1406,1409,-0.009785907433899933,3,27.448419676323265,27.20726040184025,3
1410,1412,-0.005020093151043829,2,27.180057048601203,27.07079068741514,2
1415,1420,-0.006822161282418485,5,27.059830721082026,26.902284022348944,5
1422,1424,0.007715328280639223,2,27.092924753948793,27.329048487262114,2
1428,1432,0.005045622992925868,4,27.864207242256,28.032663734239435,4
1433,1434,-0.003663700865829022,1,28.005309434727522,27.93071166773843,1
1435,1446,-0.006874640693765038,11,27.93374505468592,27.769644339258406,11
1449,1453,0.0017053018528577985,4,27.652690056021587,27.727498929666645,4
1455,1460,-0.01572454610267564,5,27.87524893377686,27.464798545727902,5
1462,1464,-0.005751473342943772,2,27.238150972791658,27.10872962453336,2
1466,1467,-0.002974672723380912,1,27.018728095329735,26.96537494993944,1
1470,1472,-0.0009340478431842667,2,27.083232686123097,27.08501888373229,2
1474,1481,-0.02358042301114234,7,26.9345429338325,26.326349560774787,7
1487,1490,-0.001559812992795158,3,26.031784634397106,26.017211703133125,3
1500,1501,-0.0030948294473668795,1,25.680685179061726,25.62688852352007,1
1503,1505,-0.010892010311123839,2,25.84701629323315,25.5913373415487,2
1506,1507,0.0003151237236779952,1,25.628821485282202,25.662526556427405,1
1508,1509,0.0021791665216125185,1,25.73091768942737,25.812720561515963,1
1511,1518,-0.0032238071726555517,7,25.76494176551137,25.707645503210173,7
1521,1524,0.00034197777304349926,3,25.8039484806593,25.838576805977105,3
1525,1528,-0.01036223454105465,3,25.897323286089115,25.654866471499233,3
1533,1537,-0.00608308844875276,4,25.404046882499692,25.274915865239684,4
1539,1541,0.006302683611317544,2,25.345864054849365,25.530956880897396,2
1542,1545,0.0011410859908447687,3,25.652410029678315,25.707334045424265,3
1546,1549,-0.0038525678639004693,3,25.739295029936244,25.665871944094395,3
1550,1551,0.002074435441081944,1,25.67031106776958,25.749232781899927,1
1552,1558,-0.0035404433736900675,6,25.83928964373356,25.77364639157728,6
1561,1564,0.0035369752652791185,3,25.778206999449388,25.895162086989135,3
1566,1569,0.005804971461692793,3,26.003383361207536,26.18033564288801,3
1570,1576,0.00507460126033571,6,26.280073011758475,26.439713976397417,6
1578,1583,-0.024906318928876018,5,26.46273610849924,25.830109499358773,5
1584,1587,0.0019962447831165537,3,25.920535273296924,25.99819954188513,3
1589,1593,0.007503990968198857,4,26.211778453305296,26.434683180532634,4
1599,1601,0.002441186568849294,2,25.99978408086203,26.089254188634076,2
1605,1607,-0.013716597650711544,2,26.15321738961324,25.820637446797935,2
1610,1611,-0.00811022237688672,1,25.476174368228197,25.295033103157753,1
1614,1616,0.0035574506832703546,2,25.29873886858562,25.414036623328133,2
1619,1620,-0.0033806457583337893,1,25.599268822607893,25.538326031868905,1
1622,1623,-0.0026627374067999727,1,25.558781433660116,25.516283891698144,1
1624,1632,-0.03061525076880688,8,25.44297248806893,24.689472477530913,8
1633,1634,-0.010559471611299519,1,24.43963546680814,24.20600546537268,1
1635,1636,-0.008815829077223232,1,23.94806138055662,23.76088742607534,1
1637,1641,-0.0196953715213599,4,23.717607379320366,23.274197897766225,4
1645,1648,0.019647578130254455,3,22.314379659344567,22.775117556789045,3
1650,1654,0.015935684955221196,4,23.85263650226004,24.256597239413725,4
1656,1657,0.00897633356263619,1,24.65614512578409,24.902123053927678,1
1663,1668,0.006331719699174241,5,27.13290668825245,27.331837554714568,5
1669,1670,-0.004470631370512818,1,26.8079221899003,26.714881774169765,1
1678,1683,0.019166990467796942,5,25.806452511805187,26.326890993618417,5
1684,1685,0.0005664821508724737,1,26.46329549032816,26.504749770367024,1
1687,1688,0.0018060380078959892,1,26.48359057406398,26.55790453580036,1
1697,1698,-0.005242634225173091,1,28.071458519065317,27.952361588401804,1
1702,1703,-0.0029364295712053707,1,27.70609788870218,27.652446981447785,1
1706,1707,0.0164259485663187,1,28.973763807950647,29.47865912584066,1
1708,1712,0.024768690937812445,4,29.755276799616905,30.522031331235294,4
1714,1717,-0.01082774658811821,3,30.709806244214384,30.407998050676035,3
1718,1720,0.014248187699280341,2,30.323432750554193,30.78581014482115,2
1722,1728,-0.008554737323879524,6,32.12614586658804,31.88344127333733,6
1729,1737,-0.028172467042261506,8,31.935221980657417,31.067463213900698,8
1738,1740,-0.010883071145741476,2,31.292961281064237,30.983690718362546,2
1742,1746,-0.01936829270478999,4,31.136763126441064,30.564833947454883,4
1748,1750,-0.004455365432700019,2,30.348692288379322,30.243826466118406,2
1753,1759,0.009043237263858125,6,30.45698778578718,30.76287454046227,6
1763,1764,-0.008869581738891116,1,31.382931363030142,31.135960819462767,1
1765,1767,-0.017797145729105828,2,30.941362978465943,30.42163639545949,2
1770,1773,0.07845282853332336,3,31.369030852073006,33.86138908161929,3
1777,1780,-0.0015657038971406572,3,33.47779063438818,33.458852117758646,3
1781,1782,0.015089882440467127,1,33.5718009701251,34.11196730104918,1
1787,1788,0.004173780154384921,1,31.96667228670281,32.13206082138148,1
1789,1792,-0.005377595950027987,3,31.83980644044511,31.70042463272174,3
1793,1795,0.005414036471168655,2,32.51945247690367,32.72803343111297,2
1796,1798,0.04662066565482023,2,33.21609287636595,34.79786532959083,2
1799,1802,-0.0078718880065285,3,35.10803881553138,34.86678030466219,3
1803,1810,-0.043147791137491516,7,35.091202349872546,33.61218568246667,7
1811,1812,-0.006359841396130947,1,33.41829571411193,33.239178949355285,1
1813,1814,0.0019881756547152902,1,33.15965933638157,33.2587462231292,1
1818,1821,-0.02943809659577598,3,32.7844311972623,31.852104376036984,3
1823,1829,-0.022694550006486805,6,31.35854320364682,30.67823371998473,6
1830,1833,0.030286031369375112,3,30.560049010685763,31.51615166268372,3
1834,1841,-0.06519813075285313,7,31.984884640345815,29.93151483408997,7
1842,1844,-0.008629860907745887,2,30.03059287495138,29.801463628338357,2
1846,1847,0.00041997954614086236,1,30.203270888439437,30.246158915327573,1
1850,1851,0.004057391120324974,1,30.404055419224708,30.557820619123763,1
1854,1867,0.002892658752750927,13,30.42522134376313,30.543656347931314,13
1868,1876,-0.028814240820981777,8,30.39922802386405,29.55369657483636,8
1882,1885,-0.007752313418160423,3,30.523980719143225,30.317873234557684,3
1889,1894,0.021717527590645797,5,31.204895087322914,31.91379315243238,5
1895,1905,-0.006171923685257949,10,31.98587562319081,31.820447115461516,10
1906,1912,-0.023601893124808527,6,31.892788868406043,31.171951462950247,6
1913,1920,0.026449772060971547,7,31.08119463650851,31.93436634466336,7
1923,1925,-0.015423137973644783,2,33.138344663586395,32.66038574628529,2
1926,1927,0.0010818259392372277,1,32.484322983563914,32.55194968976966,1
1928,1932,-0.003286163957245231,4,32.552174720982556,32.4777551124055,4
1938,1940,-0.008461651960682097,2,31.872863875437197,31.635039658208488,2
1942,1943,0.000455232714638725,1,31.51655443139992,31.562418352461187,1
1944,1945,-0.004150094493482062,1,31.55214158281285,31.452749355355266,1
1949,1952,-0.021373141350476705,3,31.34718893712913,30.708548225972898,3
1953,1956,-0.0035773412138538833,3,30.72897411059894,30.649775059164245,3
1959,1963,0.04895747601897072,4,31.363394833192288,32.930230878445,4
1964,1965,0.001135170780997092,1,33.128382046650366,33.19911680001808,1
1967,1969,0.019796055466508825,2,33.71817099800907,34.4193759523129,2
1970,1973,-0.0033225176236883554,3,34.31306286485051,34.233370171624166,3
1975,1977,-0.005134549502669178,2,33.949922092096116,33.80955445859458,2
1981,1985,-0.018100017220742903,4,33.68665549435557,33.110613105292856,4
1987,1992,-0.004398962556024522,5,33.39858542012943,33.28506487886222,5
1993,1997,0.010343009167205815,4,33.42206514860433,33.8011719399719,4
674,675,-0.003203974786524535,1,27.120426845401482,27.060654108434434,1
676,677,-0.004700208485317553,1,26.971050954660125,26.87125244305976,1
678,681,-0.018356651862839416,3,26.77616632302589,26.311421725935645,3
682,685,-0.005838008541698441,3,26.291896396168415,26.1646959768263,3
687,690,0.009156443760496832,3,26.098149870012634,26.363214261420435,3
693,694,-0.0006859005688951067,1,26.712217110229084,26.720607402426957,1
696,714,0.01797877064138053,18,26.96316143204542,27.47488908863073,18
716,717,-0.008706655628795128,1,27.094565199451903,26.88575671604779,1
724,726,-0.010676978307877491,2,26.652542204173653,26.394626131414075,2
729,733,-0.010904414996702447,4,26.18710181987526,25.927733895890313,4
735,736,0.008238139068919955,1,26.261641047114697,26.504249739286,1
742,747,0.006960180042271914,5,26.184395288202293,26.3928277889944,5
748,750,0.0010092998191117623,2,26.329044619999525,26.381947564591876,2
752,757,0.002039658375920611,5,26.251475952118614,26.33127147087675,5
762,763,0.003197760741692788,1,26.791969384022995,26.90443566129588,1
767,768,0.0009113901853719415,1,26.921392850111665,26.97285013618191,1
769,770,0.0005254894174226933,1,26.930109047403057,26.97119064376491,1
772,773,-0.0007242599527529493,1,27.231413048160913,27.238921839281417,1
774,777,-0.0030579639448392298,3,27.233705668164173,27.177659683814728,3
778,782,0.009957035060149968,4,27.465410900349873,27.766350370526432,4
784,786,0.004141707954337493,2,27.95357029877293,28.097299393530264,2
787,788,-0.0027302819539877015,1,28.23312592477645,28.184274656484146,1
789,790,-0.010026267661258761,1,28.1876422860725,27.933213082058593,1
796,806,0.02918631163721095,10,27.67319142590894,28.50854300628762,10
808,809,0.000998161817518873,1,28.548845306987772,28.605890519614448,1
813,816,-0.004324730578343799,3,28.592863440498682,28.497799873095648,3
820,822,-0.0021919908466063163,2,28.503369481401446,28.469393725882178,2
827,829,-0.007275344259153247,2,28.514421343228285,28.33548353294898,2
831,834,-0.005092563168155255,3,28.108307107094227,27.993272084708536,3
845,846,-0.0016019778817391904,1,28.59352326062178,28.57631059205789,1
848,851,-0.017175564423898025,3,28.641852496407402,28.17855436613198,3
857,863,-0.01141164133765419,6,28.070332401173207,27.77807416798346,6
865,866,-0.006207093957427969,1,27.83817180814662,27.693215831938577,1
867,868,-0.0033680115970651054,1,27.714579823403643,27.648951376974036,1
872,875,-0.003875219735855182,3,27.944358726242033,27.864012554526525,3
877,879,-0.007016887940488535,2,27.606086868593977,27.439984137430255,2
881,885,-0.00368324465493605,4,27.189145478153076,27.116190348876543,4
886,887,-0.00020796521229898488,1,27.184220860860552,27.2057517094589,1
889,896,0.0028171955690611495,7,27.201845444068766,27.30568020796815,7
898,900,-0.0002734530223548491,2,27.348476771189354,27.36834672433066,2
902,907,0.006747550717251069,5,27.441177634451176,27.653779549915182,5
908,912,0.008473532920034499,4,27.68555082297614,27.947830800106892,4
915,917,-0.009607025665420373,2,27.58978538561295,27.352319394695538,2
920,922,-0.000991818375263074,2,27.23806839870024,27.238291250354436,2
924,925,-0.0021289151574951253,1,27.095389427991634,27.06480103216814,1
926,927,-0.0016067877544074323,1,27.12260590057937,27.10614823545128,1
931,933,0.00030789346680151655,2,27.261869669677093,27.29752529091086,2
934,936,-0.005349063824590799,2,27.3484605331359,27.22952033277299,2
937,938,-0.0015024453114787144,1,27.194113919721776,27.180450364682994,1
939,940,-0.0034998636999000934,1,27.148552196050115,27.080684515910367,1
943,948,-0.014577932624502136,5,26.785942859211588,26.42224513178545,5
950,956,-0.0035315927527183027,6,26.712395865076463,26.644770957296693,6
957,958,-0.0017251327258262154,1,26.783555298975493,26.76413366651423,1
960,964,-0.013459266317477583,4,26.83241710287183,26.49810487224551,4
967,971,-0.007923269357834075,4,26.476274149272,26.29297177174473,4
976,981,-0.001665393736617945,5,26.17066112591267,26.153247331916337,5
982,983,-0.007278337193111291,1,26.05245838411655,25.88889226567157,1
984,990,0.018435086330042195,6,25.738508625537243,26.238738762681095,6
994,995,-0.0040739679245978076,1,26.385283436456923,26.304175921491833,1
997,999,-0.0023932175452954967,2,26.30981035258869,26.273155063192068,2
1000,1002,-0.007893941299994892,2,26.17319475003328,25.992758281793215,2
1003,1004,-0.0008824917032932149,1,25.957106592214632,25.96015676759772,1
1009,1010,0.0026815908120233927,1,26.04901030400393,26.144912101001452,1
1014,1018,0.014266719148206809,4,26.61048409882624,27.016738885960844,4
1023,1028,-0.0061057588334318446,5,27.689538595909813,27.548162489630094,5
1029,1031,0.0016582097949630792,2,27.679784221040023,27.753362894578856,2
1032,1033,0.0029119501741396853,1,27.934817703644924,28.04409731862526,1
1034,1037,0.0022821109562066407,3,28.185848653981274,28.27835773665849,3
1039,1042,-0.0009208615332732609,3,28.485818525744254,28.488072849745837,3
1046,1049,-0.013800067384379052,3,28.312786253623734,27.95038068173783,3
1053,1054,0.00019269386701834348,1,27.816637928695197,27.849814662153822,1
1057,1059,0.002393920075432585,2,28.274399358744358,28.3703604103488,2
1061,1062,0.010451219940828111,1,29.069739625273904,29.40262360734552,1
1066,1068,-0.001655089711661712,2,29.3198963813907,29.300689218924262,2
1069,1071,-0.014499674995646129,2,29.335333315697337,28.939315850046473,2
1076,1077,0.00033540400019920077,1,28.690348602246537,28.728661808537087,1
1078,1085,-0.008724550259425897,7,28.937683961238154,28.714153367088187,7
1091,1093,-0.010447580155733997,2,28.468384740320598,28.199427393582145,2
1094,1095,-0.0033034818218371756,1,28.075376074109013,28.01070495568106,1
1096,1100,-0.006555704392785922,4,28.002149127505568,27.84657746459044,4
1101,1103,0.002044126736595219,2,27.872348319650516,27.95719528038206,2
1106,1107,-0.0003621644884929968,1,28.041370847209837,28.059256629327525,1
1108,1109,-0.0019151679915150178,1,28.211956911663066,28.18613823171951,1
1111,1116,-0.04280730035095812,5,28.179323948317478,27.001222488323222,5
1124,1126,-0.001185396611592188,2,27.518083261115397,27.512981501721274,2
1128,1129,0.0017338303191817002,1,27.622953120340476,27.698469587086198,1
1130,1134,-0.007483146436454747,4,27.68310910875256,27.503635458584164,4
1136,1141,0.00765271877283191,5,27.663971139260784,27.903339701668546,5
1142,1144,0.005181433309944909,2,27.982473304756848,28.155445097337516,2
1146,1147,-0.0001353354830289172,1,28.230017916039603,28.25442741084506,1
1151,1152,-0.0007722582432826347,1,28.59159454300544,28.598106042974013,1
1156,1159,-0.012469535883784397,3,28.706593815710136,28.377342507839625,3
1160,1164,-0.011367521568920198,4,28.338490962386437,28.044691046103246,4
1166,1178,-0.03669295176495712,12,27.96237442659419,26.964314744952095,12
1180,1181,-0.007688613292750848,1,26.864989740709788,26.68530021322046,1
1182,1185,-0.0004755482193687285,3,26.6762470810601,26.690237486342323,3
1187,1194,0.0112889991359264,7,26.743078227693225,27.07172389292536,7
1197,1198,-0.003849672244718038,1,26.9292951460981,26.852555481150443,1
1200,1202,-0.0009909040601813535,2,26.877210406943522,26.877454880431877,2
1203,1208,0.0009514512836005171,5,26.99210011615946,27.044773884578213,5
1209,1210,0.0019427874587675327,1,27.321295455539005,27.401696221162847,1
1212,1216,-0.010326159999723486,4,27.674063281302097,27.4159705392982,4
1220,1222,0.00683558860018896,2,27.77687970080414,27.994527902736582,2
1224,1225,-0.004842898833392022,1,28.00332688084558,27.895712928644084,1
1226,1231,-0.00687635795505744,5,27.82004137776222,27.65656085630198,5
1232,1239,-0.010640717741849649,7,27.733599316811308,27.466227513832376,7
1240,1243,0.002279177523201973,3,27.45659783592365,27.546632894410806,3
1244,1246,-0.003877152324761932,2,27.614350885577736,27.534900191730504,2
1247,1251,-0.021248709261412528,4,27.321461798588512,26.768237462032104,4
1252,1255,-0.004609832872570083,3,26.73018099896481,26.633689512904997,3
1259,1260,0.0008873434655158005,1,26.387917596075855,26.43772065991938,1
1262,1266,0.006213579379591312,4,26.711238064528114,26.90392170063375,4
1270,1271,-0.007210763180205328,1,27.135916312712588,26.96738156281646,1
1275,1278,-0.007789139952922235,3,26.664660249046843,26.483630138818942,3
1281,1292,-0.017866793548489298,11,26.57318693358631,26.124982475652097,11
1294,1296,-0.005358142410454744,2,26.101086218073032,25.987333967267112,2
1297,1303,-0.025032097380155244,6,26.07578282010538,25.44912706810883,6
1306,1308,0.007142097689428777,2,25.2679914403717,25.473725895094855,2
1311,1312,0.003828878654084774,1,25.828927941321876,25.95365270011562,1
1317,1323,-0.031112944056828726,6,26.361360332195396,25.567542163250092,6
1326,1328,-0.000537571557910016,2,25.31597576695578,25.32768259418968,2
1331,1332,0.0015861450603499648,1,25.72425342179724,25.79078007271521,1
1333,1334,-0.0007650605984041903,1,25.93417831423879,25.940271274572815,1
1339,1341,0.00492110488917693,2,26.16785277186532,26.322795372852074,2
1344,1345,-0.002899040050269658,1,26.484923719372173,26.434627788500748,1
1347,1348,-0.007325562596257311,1,26.43084981929252,26.263659824288307,1
1349,1353,-0.01884639000508971,4,26.2962112472284,25.826918805654135,4
1360,1364,-0.001539542399921488,4,25.830623851473835,25.81668713468954,4
1366,1367,0.0036244277309892313,1,25.84659943908031,25.966125170278165,1
1368,1369,0.0017172162339560396,1,26.050939793841934,26.121725830359573,1
1371,1373,0.0114406199773074,2,26.203740505318844,26.529731282929493,2
1376,1380,-0.006416921047932637,4,26.695043724171782,26.550438779946834,4
1382,1398,0.024686880000145902,16,26.632179420113598,27.31627701702041,16
1400,1403,0.004951094821125805,3,27.29667131470222,27.459116393997117,3
1405,1406,-0.003756039275940086,1,27.499105074963005,27.423316461323203,1
1407,1421,-0.017484376232653618,14,27.385568401191545,26.934134388321233,14
1422,1423,0.0012255872242556368,1,27.103525149199037,27.163846408503385,1
1424,1427,0.01491801450690904,3,27.331873540590212,27.76694270011033,3
1430,1435,0.0021276590092975107,5,27.827000826612394,27.914034196449478,5
1438,1439,-0.0013107105357147303,1,27.84544657498469,27.83679470136216,1
1440,1442,-0.00014404321085720372,2,27.999456089547447,28.0234224140796,2
1448,1453,0.004532383600117713,5,27.631461580444068,27.784329425339,5
1458,1462,-0.014619142061366951,4,27.593216650156812,27.21742071266825,4
1464,1470,-0.003339321698367695,6,27.087007348597982,27.023642124563562,6
1471,1472,-0.0019584310490778304,1,27.059831386947796,27.033896404363734,1
1474,1475,-0.010648068098010624,1,27.0058587959851,26.74530443127618,1
1476,1482,-0.018601373764033306,6,26.579870728092974,26.11202848880812,6
1486,1488,0.0006342381587404425,2,25.969957288251933,26.012398383433254,2
1492,1494,-0.01084363553267402,2,25.81546822663992,25.56135016631155,2
1501,1504,-0.002975259865782098,3,25.713966609040067,25.66317484280717,3
1508,1509,0.004325660652455604,1,25.708184179712752,25.84509724464473,1
1514,1516,-0.0031334350596633324,2,25.825774215266026,25.77067660311223,2
1519,1520,-0.0033602183523817873,1,25.791011209272074,25.730138791289466,1
1523,1529,-0.01181272203334308,6,25.859364681213968,25.579754558957152,6
1530,1533,-0.006958055860450667,3,25.508624582125286,25.35664277194172,3
1535,1540,0.004246573782293834,5,25.333729794989548,25.466645077539656,5
1541,1546,0.004338968196789138,5,25.57555250989664,25.712099571362288,5
1547,1553,0.006222803066641067,6,25.722934200295306,25.908725888320205,6
1554,1556,-0.004812111283155223,2,25.89722380425962,25.798500705193007,2
1558,1563,0.00015580066109795805,5,25.73060341607933,25.760342864518083,5
1565,1567,0.007063419318204821,2,25.951109205463766,26.160363880759945,2
1569,1576,0.012575898895853147,7,26.17276580411012,26.528084626491562,7
1583,1585,-0.0036879220135356103,2,25.965792417534054,25.895998392496068,2
1586,1587,-0.000802843262685885,1,25.98913183944111,25.9942557718802,1
1592,1597,-0.011572851315676817,5,26.42394300908491,26.144566588475936,5
1598,1604,0.0037689987626005643,6,26.03533986969438,26.159502373316837,6
1605,1608,-0.013651376234100593,3,26.129453217248912,25.798879673806166,3
1611,1613,-0.004173282747752393,2,25.34120800965788,25.260793191473628,2
1619,1623,-0.005063706563957404,4,25.635593956248563,25.53141842481761,4
1625,1630,-0.018775547600628155,5,25.387263044458315,24.93599054176188,5
1631,1634,-0.028357505097700252,3,24.87967632307454,24.199030451236897,3
1635,1638,-0.00937135114633713,3,23.93635398127895,23.735974356938637,3
1639,1641,-0.015497849244504508,2,23.610060317456863,23.267765222320715,2
1642,1643,-0.009363241730234777,1,23.093225553523247,22.900091325888297,1
1646,1651,0.08936226568791397,5,21.94036060157091,23.9229412955387,5
1652,1655,0.009421032500024094,3,24.142628535439723,24.39421965204355,3
1656,1661,0.0764890873471266,5,24.64856028446517,26.558554725329007,5
1666,1669,-0.03630584676585935,3,27.80875093028669,26.826939431192038,3
1675,1678,-0.03287789627338427,3,26.628819555730647,25.7799488080504,3
1681,1684,0.014974111242164887,3,26.029902255196316,26.4457068094435,3
1687,1689,0.006882498402214064,2,26.502731341291735,26.711639078743776,2
1691,1694,0.020338240049374793,3,27.107962107374455,27.686398310070967,3
1695,1697,0.005528399176399077,2,27.92768008759308,28.11000313127566,2
1698,1700,-0.008396815634375368,2,27.996336850271405,27.789253108152078,2
1701,1704,-0.0035619863733270395,3,27.874252531845894,27.802839076692628,3
1713,1714,-0.001887038654268325,1,30.670803609763936,30.643597421404603,1
1719,1727,0.0544621809546415,8,30.48076406037536,32.17129371232763,8
1729,1730,-0.0032124843114282545,1,31.905312385675174,31.83472238257065,1
1733,1734,-0.003416878300852578,1,31.25799512097029,31.18244835083426,1
1735,1741,-0.0030007927288568806,6,30.99864466561702,30.936622802765637,6
1742,1745,-0.013386529152417965,3,31.190512397971585,30.804170206875256,3
1748,1749,-0.0039027435969957516,1,30.356098296692522,30.267982326732024,1
1751,1752,0.00022864342552526536,1,30.335455797428022,30.372727255753844,1
1753,1754,-0.0016395176157537772,1,30.51644511929839,30.496929315074414,1
1757,1758,0.0025579107282610552,1,30.33974482432402,30.447690927927184,1
1760,1762,0.012543409576106591,2,31.028295810409382,31.44852472901835,2
1769,1770,0.02288803559011189,1,30.64861881676074,31.380754113843295,1
1772,1773,0.011242131947760543,1,33.48713866865627,33.897092638790916,1
1775,1777,-0.014423972153646228,2,33.853743993340004,33.39929227667674,2
1778,1779,-0.0017752534080925165,1,33.645511107465985,33.61942731031291,1
1780,1781,-0.0023556009894451194,1,33.5309924770775,33.485537830498494,1
1782,1784,-0.025237476524618895,2,34.15254546149575,33.324773942616766,2
1795,1796,0.013263593947052267,1,32.72013425461659,33.186840963517476,1
1799,1800,-0.0022906032211450662,1,35.07211646041118,35.026852273935,1
1802,1804,0.010173099257952747,2,34.92859842636775,35.31885912352673,2
1814,1815,0.004216893531383708,1,33.31838983972228,33.49220833215325,1
1816,1817,-0.011636784344391828,1,33.338170580503025,32.983559649601666,1
1821,1822,-0.010208263111786419,1,31.894901452421955,31.601204807923555,1
1823,1833,0.004369922548728808,10,31.351511034802147,31.51986622084465,10
1835,1837,-0.019133102027458732,2,31.8154566279582,31.238543706873244,2
1840,1841,-0.004611430550302447,1,30.080644950802167,29.97201079065404,1
1845,1850,0.012366034140884642,5,29.99644103902033,30.397374494052908,5
1851,1852,-0.004739928658327874,1,30.433716423055216,30.31989649482521,1
1853,1854,0.005259753138618282,1,30.204905194508246,30.393980444601237,1
1858,1860,-0.003121756606919599,2,30.785296347639836,30.719977441718253,2
1861,1866,-0.011991336761143417,5,30.983942719533992,30.643387770915616,5
1867,1871,-0.015473162542419153,4,30.541996261647046,30.09995698538227,4
1872,1876,-0.01233864125082099,4,29.8893142628632,29.550410051203546,4
1879,1880,0.003591175466230224,1,29.83669663177386,29.973682141343016,1
1882,1883,-0.0023172065036036263,1,30.522305585798883,30.48210140637629,1
1885,1887,0.008911295961037995,2,30.360252317899693,30.661161764074187,2
1888,1889,0.0015029239624520679,1,31.07017422358586,31.147940507167633,1
1890,1894,0.021583969898838307,4,31.286483142518982,31.993056136050143,4
1896,1900,-0.010360840580206847,4,31.98096102622754,31.681592348459215,4
1901,1902,0.004972135125499367,1,31.7360547193364,31.92558672647052,1
1904,1905,-0.000621908899438576,1,31.837399934813366,31.849437372393734,1
1909,1910,-0.005286730218441571,1,31.763535699824267,31.627373991495283,1
1912,1915,0.0024530165979302627,3,31.26111494341895,31.36906009218838,3
1916,1922,0.048828517225131186,6,31.49231921853926,33.061534789179575,6
1932,1935,-0.00369518208485087,3,32.52480635451802,32.43714607911808,3
1936,1938,-0.013954804623360136,2,32.345416632515864,31.926388079580438,2
1940,1944,-0.005984470207242895,4,31.67994313144079,31.522035398734975,4
1945,1949,-0.00540323288114223,4,31.469088835362545,31.33052310866309,4
1951,1954,-0.006939039244173585,3,30.917430196991113,30.733810365722185,3
1958,1960,0.02205622167886121,2,30.913644398973673,31.626396237137897,2
1963,1964,0.0008834287582568463,1,33.05708958899827,33.11935026219446,1
1967,1968,0.0093323380038851,1,33.80097116582506,34.15021422476994,1
1970,1971,-0.004435186451631397,1,34.275519439956184,34.15777663995342,1
1972,1975,-0.011613279942717835,3,34.23991673004846,33.87651890857711,3
1976,1977,-0.0045844925586905495,1,33.89936666030953,33.77785463277133,1
1978,1982,-0.010884103932709395,4,33.85657813945125,33.52193620231502,4
1984,1991,0.0007855865675155027,7,33.248374633059434,33.30774248419595,7
1993,1996,0.013619050555316935,3,33.39487392665794,33.883075276880184,3
1999,2000,-0.0013946153980879286,1,33.24321173269794,33.23009344946632,1
673,677,-0.005401190059970825,4,26.995802654175854,26.87698899587336,4
678,679,-0.0063760372986297565,1,26.720219868142074,26.576570969503354,1
681,684,-0.007461737314305633,3,26.323458939873394,26.15336366300002,3
691,692,-0.0004754768764192606,1,26.51835197795029,26.532261466761977,1
695,697,0.008401538021695742,2,26.839313415467206,27.09164424101893,2
699,704,0.009531315946281503,5,27.08528150902427,27.37052516608978,5
705,707,0.005845980045751882,2,27.520076248212654,27.708478141065488,2
708,709,-0.005100346237303151,1,27.831687970872178,27.717568413823017,1
711,715,-0.007475453780092935,4,27.388545737930773,27.21119247590084,4
717,719,-0.010702646539569798,2,26.935649541834046,26.674302455015905,2
720,724,-0.0005207319587050717,4,26.618886194490287,26.631643775938173,4
727,730,-0.01146946532817823,3,26.33905224694683,26.063296452670347,3
731,732,-0.0035356319640760378,1,26.015672144091933,25.94970597423645,1
739,740,-0.008670600142209495,1,26.545205953048264,26.34158829248983,1
741,749,0.0022268625855546057,8,26.23991052529994,26.32458311082233,8
751,753,-0.005644132383339917,2,26.322185992532663,26.199942276164446,2
756,760,0.0074742189984697,4,26.342681287170194,26.565914937404564,4
761,763,0.00446575165765703,2,26.729597891621413,26.87569523560605,2
765,767,-0.002524363288145778,2,26.93774517304762,26.8966822632404,2
768,769,-0.0028834693958205916,1,26.95713568408121,26.90636274402126,1
781,782,-0.0026984662797265744,1,27.785338266267,27.73814580615095,1
788,790,-0.011454762687510552,2,28.245248798170792,27.949951424936224,2
791,794,-0.007676174242655562,3,27.86490837427363,27.678877390711346,3
795,797,0.0034710742140068498,2,27.652876051071154,27.776514112126225,2
799,800,0.001330478930171729,1,28.051394648415837,28.116767832605902,1
801,802,0.0012410164256942517,1,28.084112563643682,28.147049521199854,1
803,804,0.005090640531589996,1,28.24326024077098,28.415279786337663,1
806,809,-4.519608233653587e-05,3,28.543087402620646,28.57034045429488,3
811,814,-0.005328972734509965,3,28.609391640367697,28.485542364005628,3
815,819,-0.007296556495581642,4,28.636274715337834,28.455964793769713,4
824,830,-0.01764352796002578,6,28.62069940922648,28.144349998373524,6
831,832,-0.007222586706936067,1,28.08654294337008,27.911771994606877,1
835,836,0.004547392847725172,1,28.179432149526235,28.335754529885474,1
837,838,0.0034924613235607195,1,28.501718269339467,28.629761136319498,1
840,842,-0.0009269347471762071,2,28.742978299831957,28.745078412808343,2
843,846,-0.006439836402236411,3,28.684084681200225,28.5280479531866,3
849,850,-0.005760440891000395,1,28.455760766364733,28.320298799228006,1
852,854,-0.001581280766490274,2,28.105891783829197,28.0895543695102,2
860,862,-0.002565089521606205,2,27.82014116811828,27.776600156686452,2
866,874,0.0033260681990808956,8,27.708539793661767,27.828408826506095,8
875,880,-0.019174086237438197,5,27.796643912728086,27.291465309146805,5
883,885,-0.005624997036113739,2,27.209346682674077,27.08350353491212,2
886,888,0.0017374655269859493,2,27.166940653591755,27.241309217104636,2
890,894,-0.006765167184655364,4,27.10059652253135,26.944357052775068,4
898,900,-0.00021355482572860682,2,27.333954924348703,27.35545158129271,2
905,909,0.0034510772781819786,4,27.585625879575506,27.708411632132513,4
913,914,-0.00857129951563703,1,27.91439695494104,27.703048694796795,1
923,924,-0.005595693648382203,1,27.211729870738598,27.086673096610152,1
930,933,-0.0012526563766768306,3,27.311857467631672,27.304956952683586,3
939,942,-0.011682198072844555,3,27.17104900425313,26.880802476942733,3
945,946,-0.00864487604153542,1,26.55405035141809,26.35104792808081,1
947,948,0.00414441408218433,1,26.3117752659999,26.447133933205578,1
949,951,-0.0008370834617044112,2,26.623270768170936,26.627608139282593,2
956,957,0.0010120748203641112,1,26.715287838171932,26.769040996149897,1
958,960,-0.0007538838514758845,2,26.741595939740158,26.748177478338235,2
961,962,-0.003738643572530213,1,26.765628011182653,26.692326496065093,1
965,967,-0.0030952535089862144,2,26.51044594575433,26.4548998408617,2
976,981,-0.0025630350642659146,5,26.189030541512754,26.148096168477238,5
982,986,-0.007227018369897058,4,26.035288539328445,25.873166319328476,4
987,988,-0.00043335023008680973,1,25.98957990840037,26.004306897875605,1
991,994,0.002996115995542761,3,26.282856574166967,26.387885917731552,3
997,998,-0.004807338651046487,1,26.347408195524658,26.247094689946938,1
1004,1007,0.00039171087990817754,3,25.961299974899916,25.997430598531544,3
1013,1014,0.0053048687072908335,1,26.463494045932798,26.630342901428577,1
1015,1017,0.005528148831154381,2,26.77125260009505,26.9460193214649,2
1019,1020,0.00472176868036554,1,27.156938860285337,27.31232458251072,1
1021,1022,0.004025582761937912,1,27.451786194789584,27.589747418274523,1
1023,1031,0.0029939411809986613,8,27.65591639081967,27.76637249419122,8
1034,1035,0.0018273866629761677,1,28.179374547281252,28.259048535047246,1
1040,1047,-0.011162224284026991,7,28.454981841594556,28.165815934122357,7
1048,1052,-0.008561900829418542,4,28.025966788450475,27.814037206947635,4
1054,1058,0.01553194134125175,4,27.83900104495244,28.29923377722664,4
1062,1064,0.0012881637956191254,2,29.408552159092103,29.475843743424115,2
1068,1070,-0.007393348671649507,2,29.316311197145307,29.128881797895374,2
1073,1074,-0.0019350468558603665,1,28.698501395179807,28.67166695168234,1
1075,1078,0.00871270679354769,3,28.61159779221571,28.88949385246642,3
1079,1081,0.004148437094108151,2,29.092645793802166,29.242427450572727,2
1084,1087,-0.016867599439521836,3,28.87335880163726,28.415207909699287,3
1088,1092,-0.00373968360435048,4,28.419722228032455,28.34186118100412,4
1093,1095,-0.007710776207853988,2,28.22876624115242,28.039329308284223,2
1099,1100,0.0006887285688823245,1,27.733010755245267,27.77984428280877,1
1101,1103,0.00495409072033749,2,27.80972770745083,27.975309349128874,2
1109,1111,-0.0036767506982890506,2,28.233515045629773,28.15794096451623,2
1113,1114,-0.011320994797512543,1,27.872773871713317,27.58509911759112,1
1116,1118,7.97247274606941e-05,2,27.114427737330253,27.143703855429195,2
1119,1121,0.0035947717992334104,2,27.188917443395713,27.313844314516313,2
1122,1128,0.006041946925413633,6,27.431452651877045,27.62462348553856,6
1131,1136,-0.00020290063568684377,5,27.663881273279944,27.68593213545731,5
1140,1141,-0.0013370491403851118,1,27.885336404941857,27.87593767627722,1
1144,1147,0.0010251152547446339,3,28.22482226443794,28.28198078256811,3
1150,1157,0.00321006270087088,7,28.465401386787068,28.5852425114309,7
1163,1164,-0.004864033179385736,1,28.118980969591494,28.010328294154476,1
1167,1170,-0.007341131785736544,3,27.94580378257403,27.76859575793039,3
1171,1172,-0.004472492597032125,1,27.778170486825868,27.68171099545127,1
1174,1177,-0.016962377666547443,3,27.502452770995127,27.06344823310812,3
1178,1179,-0.005316579176090224,1,26.9877663360866,26.87127150591106,1
1180,1185,-0.007008029624539777,5,26.86238856095303,26.700998534692925,5
1189,1190,0.0005317381181740826,1,26.88902719262908,26.93021414054065,1
1191,1193,0.0020264337627815365,2,27.064508589245477,27.14641753181306,2
1194,1195,-0.004681629849137541,1,27.092857696183827,26.99311182259112,1
1197,1198,-0.0059744352077215086,1,26.949706557754418,26.81564698861576,1
1202,1203,-0.0036633847783301117,1,26.96825573583364,26.896428894008707,1
1208,1213,0.019610396243976237,5,27.0907973487087,27.64914941663085,5
1214,1217,-0.006398331488158699,3,27.602195704604597,27.45318990239011,3
1219,1221,0.006674468163426642,2,27.734203299373064,27.947048559632105,2
1222,1223,-0.0006287555410633326,1,28.00772945294534,28.018127167312144,1
1224,1229,-0.01784823568695562,5,28.015826659826597,27.543809409296944,5
1230,1233,0.0017882158410851708,3,27.616246900506017,27.693246957585327,3
1236,1237,-0.005502478697332689,1,27.708875319767625,27.584116698913324,1
1239,1243,0.0013348053098632766,4,27.481549279722365,27.54571334690393,4
1248,1250,-0.008764232967756865,2,27.04939876751979,26.83938093385101,2
1252,1253,-0.003754410795135748,1,26.657645919288765,26.58421981159577,1
1256,1259,-0.0054614369415987565,3,26.480506778864562,26.36236566768908,3
1260,1262,0.006894263295289899,2,26.47372684845507,26.68271741860436,2
1266,1267,-0.000940371721374971,1,26.943934551465915,26.945541171902605,1
1269,1271,-0.0065000060290191205,2,27.095631641195396,26.94660550380874,2
1275,1277,-0.004555646720171154,2,26.67085493292401,26.576022795057597,2
1282,1286,-0.014721544316867417,4,26.37685676336425,26.014925554346082,4
1289,1290,-0.001514567809946543,1,26.13192555442762,26.118478906725393,1
1291,1294,-0.005969358989613484,3,26.171184645518174,26.041130633831134,3
1296,1297,0.0010282886418303112,1,25.962031866832362,26.014690361186695,1
1298,1300,-0.005169359364752929,2,26.04933954737302,25.94073048958555,2
1303,1305,-0.014637042630309932,2,25.463444312318508,25.116198236716897,2
1306,1307,0.0035371988262459094,1,25.226379607085683,25.340836707029386,1
1309,1311,0.004685796619501603,2,25.630205111800645,25.775933245382454,2
1315,1317,-0.00467461341246762,2,26.471437228727265,26.37416493043929,2
1318,1320,-0.014123874332127768,2,26.000791321742444,25.659560203900018,2
1326,1331,0.012274730681383291,5,25.321523173377813,25.65765957394681,5
1333,1335,0.002194796144118512,2,25.93767252242089,26.02053809858293,2
1336,1337,0.0012787218168415285,1,26.089405592805285,26.148856090518038,1
1339,1343,0.005819117445239017,4,26.20813102826346,26.3868473517654,4
1344,1346,-0.0040110369866541385,2,26.423622530813855,26.344060026052187,2
1351,1352,-0.006194962161544241,1,26.148001487987408,26.01216360965731,1
1353,1354,-0.0044560252317249836,1,25.757374244423154,25.668356109131444,1
1355,1359,0.006379173253412255,4,25.577873200044202,25.76661675784114,4
1366,1367,0.0007942651574819465,1,25.922335088616695,25.96884663126677,1
1372,1380,0.0028548363663967132,8,26.415644087241816,26.517472072711108,8
1381,1385,-0.0009639793308096786,4,26.61718952656533,26.618148295544042,4
1386,1388,-0.005158509431179462,2,26.59406247644754,26.483470816825857,2
1389,1391,0.0053934585270295115,2,26.52400150015588,26.693581603717995,2
1396,1397,-0.003646062476002729,1,27.297200748924812,27.22497065032317,1
1398,1400,-0.0040921861856524685,2,27.351303144491247,27.26672782274826,2
1402,1407,-0.005677219623143961,5,27.44655534860794,27.318181781343725,5
1410,1413,-0.010511695615932317,3,27.217315277492144,26.958432459089774,3
1418,1420,-0.00947851802298236,2,27.156979175537217,26.926728238147668,2
1424,1425,-0.0012547469994193085,1,27.354642259184136,27.34767374614842,1
1426,1430,0.004458690243664767,4,27.670447687124135,27.821492089951676,4
1434,1435,-0.0020854905402510277,1,27.93292558688046,27.902604660394367,1
1440,1441,-0.002845644809268709,1,27.97195110488473,27.920324818522882,1
1442,1449,-0.019729046047257826,7,28.108375820907632,27.581932755844225,7
1456,1461,-0.02029051433514832,5,27.920791367057788,27.382184940942874,5
1465,1467,0.001844296904221037,2,26.936198754720415,27.01281330144995,2
1470,1473,-0.0022816714488678655,3,27.047175529057448,27.012509936409337,3
1474,1475,-0.008484112094437654,1,26.95036139325869,26.748661867605936,1
1480,1482,-0.01334825187143817,2,26.41551861241771,26.089333135276913,2
1483,1492,-0.005283447754966454,9,25.93407172092846,25.82298447963831,9
1497,1504,0.009403793825406452,7,25.47686343193878,25.74191946640271,7
1506,1507,0.0021715543584249907,1,25.5809319235155,25.6620632396501,1
1514,1515,0.004984061554600824,1,25.730497462275167,25.884470342919922,1
1522,1526,-7.417980096427533e-05,4,25.863567489087625,25.887512502288146,4
1529,1533,-0.009797834698340824,4,25.54526030076914,25.320517323316885,4
1534,1537,-0.002568189040521432,3,25.328790128618245,25.289069797528878,3
1538,1539,0.002420628226908455,1,25.259664574388193,25.346068496033585,1
1541,1544,0.005028619281498275,3,25.600236923584678,25.754571005513125,3
1551,1557,-0.005496313335668099,6,25.833994325887886,25.717836592686822,6
1559,1560,-0.0034287125010657514,1,25.72078636846808,25.65831797307774,1
1565,1570,0.01137436366575073,5,25.97898797365376,26.300461418507915,5
1573,1579,-0.0025376840704242447,6,26.334200777307366,26.293707096264747,6
1583,1587,0.00010806187199276229,4,25.956825332146398,25.985587100614925,4
1590,1591,0.0006066030177696534,1,26.305321378823052,26.34758358753367,1
1593,1594,-0.001922724139345927,1,26.462369304944044,26.437951838002085,1
1597,1599,-0.006514682345918243,2,26.162277786721898,26.018001135282454,2
1601,1602,0.00015524591439894158,1,26.05471170082643,26.084811300069653,1
1604,1606,-0.008365748385845674,2,26.253727829107262,26.060349475727584,2
1612,1613,-0.00638688141019182,1,25.358112882811284,25.221511735925322,1
1615,1616,0.0017615144267961258,1,25.350745511461778,25.420751960921717,1
1617,1620,0.0022041626449704854,3,25.495856733163585,25.577549604909507,3
1621,1622,-0.0038239506630179097,1,25.616995865238344,25.544654732780177,1
1626,1627,-0.0016430885910641165,1,25.257915265915205,25.24167218877363,1
1629,1630,-0.0020064539075152947,1,25.039293900615228,25.01409300542753,1
1631,1633,-0.021052794366464102,2,24.830252729180373,24.332336777134785,2
1642,1646,-0.052258709265279,4,23.12280290330324,21.93755787188447,4
1656,1664,0.09912378515138665,8,24.66478185711806,27.13431317658597,8
1665,1669,-0.027154253076352816,4,27.50562841409312,26.786239247526808,4
1670,1671,0.010576002887556928,1,26.713705496796848,27.022943428765114,1
1682,1686,0.007493758570161476,4,26.221239760038568,26.443956639970654,4
1689,1693,0.025656444281146325,4,26.78371345848766,27.497672023936026,4
1694,1696,0.00442715224656579,2,27.78262784762204,27.933408398760765,2
1697,1701,-0.014091835655420718,4,28.1551093214722,27.78650725737508,4
1707,1708,0.008582702175808858,1,29.524151495733726,29.807072646510804,1
1709,1710,-0.0016303579118171446,1,30.132930572312212,30.113936041119718,1
1713,1717,-0.007729445400652676,4,30.581871850023603,30.376072813159112,4
1721,1725,0.029648600824938764,4,31.38861328554353,32.350630364580525,4
1730,1733,-0.02212535412830281,3,31.86151603481788,31.188430225517752,3
1739,1744,-0.0010206632023119235,5,31.096577580962858,31.095935026089094,5
1750,1752,0.005694685288373866,2,30.20739887860161,30.409627907474224,2
1756,1758,-0.0010810110888711253,2,30.41591369512215,30.413449668834698,2
1759,1761,0.014706488835753779,2,30.80365478762207,31.28747204764427,2
1762,1765,-0.018215718225190327,3,31.419724455064383,30.878811332132873,3
1766,1770,0.020881164221533535,4,30.675840201672937,31.347063298759263,4
1771,1773,0.03860061649021983,2,32.57543540039498,33.86544272468795,2
1779,1780,-0.006678295663185746,1,33.63926674441708,33.448253041949506,1
1787,1792,-0.007119213196847376,5,31.91184635191287,31.71657096058048,5
1794,1797,0.04167043555432798,3,32.60214662205127,33.99329441842026,3
1798,1799,0.0057250281189778875,1,34.80613266841015,35.04020488931808,1
1800,1802,-0.00589505909180577,2,35.07269861435907,34.90101568213269,2
1807,1811,-0.03197491027945295,4,34.44796775364306,33.38094504316448,4
1812,1818,-0.01717094962916881,6,33.28025834402695,32.74208496269996,6
1819,1821,-0.020628486448149633,2,32.44166802247755,31.80488718134298,2
1823,1824,-0.015146350816995117,1,31.37968073632148,30.93577276410017,1
1826,1829,0.025569661046239745,3,29.895427567061937,30.689738944351184,3
1830,1833,0.03013969524632754,3,30.530815481952004,31.48153577168185,3
1834,1835,-0.007008354600040638,1,31.99146035745456,31.79924431945383,1
1836,1838,-0.029776224872823776,2,31.64856960475185,30.737843248902294,2
1839,1844,-0.01995147569680818,5,30.437091382562613,29.860263584944448,5
1846,1848,-0.004973072836215797,2,30.255310732659666,30.135104179436468,2
1850,1851,0.0009543175025574558,1,30.38356282691707,30.44294195553977,1
1852,1853,-0.006791407848921723,1,30.362921711491403,30.187077648375276,1
1854,1857,0.015900683712371282,3,30.431822888775717,30.946141502209816,3
1858,1861,0.0014955278664144389,3,30.823842534510838,30.90076429250568,3
1862,1864,-0.001213757528343959,2,30.81733540794667,30.81074797049972,2
1871,1872,-0.010632314299762805,1,30.171330505314867,29.880710767045652,1
1873,1874,-0.00372667897345166,1,29.77383844943782,29.692654750178793,1
1876,1878,0.002975213258796439,2,29.57516693956363,29.6927345353129,2
1879,1881,0.014381805499288736,2,29.81065192824924,30.269193578016566,2
1883,1884,-0.004676531190288,1,30.508128391875637,30.395964306285595,1
1885,1886,-0.0038688824572340606,1,30.40951803924073,30.32227670640501,1
1887,1894,0.04203442010610224,7,30.672805496306886,31.992791893867718,7
1899,1900,-6.144187211534183e-05,1,31.63724207738132,31.6669354680769,1
1901,1904,-0.0009024098603960349,3,31.78716294202112,31.790265055690245,3
1907,1910,-0.015071933585429489,3,32.096627408263736,31.644965799058372,3
1911,1912,-0.011006615832615908,1,31.497930017239003,31.18274233203387,1
1920,1922,0.03421837779314955,2,31.96353710405833,33.08924102939441,2
1925,1927,-0.006106497638088111,2,32.743118090511736,32.5759154353189,2
1937,1938,-0.008415187330122927,1,32.082949912098414,31.845048828397253,1
1939,1947,-0.010162447922040716,8,31.695705209788247,31.405294961451208,8
1948,1955,-0.02608383057212832,7,31.41817133586924,30.630083249194197,7
1956,1957,0.0009678463513366421,1,30.691009427234356,30.751404618154577,1
1959,1964,0.05869416882840926,5,31.249083889958087,33.11447197941837,5
1965,1969,0.030557450898547674,4,33.26819150773314,34.31805082772191,4
1970,1972,-0.00628643343332577,2,34.35212124796179,34.170521045690904,2
1979,1980,-0.004857047749944886,1,33.853538882505596,33.722964166531156,1
1984,1987,0.001745732491031856,3,33.277085751355656,33.36845572691001,3
1994,1995,0.004616300388972496,1,33.65314222428076,33.84214838004513,1
1996,1998,-0.000477703082707063,2,33.80524091924485,33.82289729236532,2
682,683,-0.005050470964024114,1,26.31478845756805,26.208201170996233,1
687,690,0.010084127927838988,3,26.121821751690753,26.4113593656947,3
697,698,0.0024737883672794098,1,27.040322060649903,27.134254416871677,1
700,703,0.008554215577781136,3,26.93054474329705,27.187844973401592,3
707,708,0.0021506326758745126,1,27.697798745690086,27.785064335468054,1
710,713,-0.012302741703715751,3,27.627561854065068,27.31529465852514,3
717,718,-0.004780010718654231,1,26.954026050100275,26.85213954272001,1
723,724,-0.00756062506650526,1,26.800221016527534,26.624394814738622,1
726,727,-0.003128824684365032,1,26.355048676049936,26.29894339787072,1
732,733,-0.005905037123353896,1,26.011831875675586,25.884242874678957,1
734,735,0.00363495971455586,1,26.149716118053547,26.270918998807797,1
738,741,-0.016423524496248006,3,26.66289816024173,26.251662297326277,3
745,746,0.0006490163247725794,1,26.35705541491364,26.400518629565767,1
747,749,-0.0018438000007891643,2,26.35887393768993,26.336632319840504,2
752,759,0.00811533278349285,7,26.247465500927834,26.48671988369204,7
760,761,0.0038001479659684444,1,26.513941585984224,26.641212428757992,1
762,765,0.0053836626621103075,3,26.79660796797046,26.9676684737268,3
767,770,0.0019211914147384602,3,26.947034577636884,27.025752023697738,3
775,778,0.006947075773200456,3,27.207609601127544,27.42383053623536,3
780,781,-0.001801338661511228,1,27.774485305902875,27.75222853702368,1
785,786,0.0016830574986589062,1,28.086201703030607,28.16155859711877,1
790,791,-0.006527554461219149,1,27.965089918662432,27.810511361124135,1
796,798,0.012271197638470135,2,27.659125480874383,28.026195201638313,2
803,806,0.010662884835292326,3,28.200484572955244,28.52938357682906,3
808,810,0.003672681449441333,2,28.514966412208743,28.648207766794513,2
816,823,-0.003979436189710058,7,28.576330925291742,28.491189570763797,7
827,830,-0.01438390207026271,3,28.483119859041533,28.101904572192566,3
832,835,0.009819459182654353,3,27.949091127943728,28.251485178594802,3
840,843,-0.003938148170723845,3,28.72213527801878,28.637745388792386,3
844,846,-0.003301222963622173,2,28.641640647116137,28.57572984594318,2
848,850,-0.014843535028812659,2,28.621956892478437,28.225727829644246,2
854,857,-0.003978884397416038,3,28.123559813281073,28.039782979753493,3
859,860,-0.006205339978924174,1,27.944343069162446,27.798883262999762,1
865,867,-0.006919793520946771,2,27.784792475200163,27.620312240724623,2
870,873,0.0014456838745410061,3,27.752523688915613,27.82039758857941,3
879,880,-0.004538303299452484,1,27.432558965528077,27.335494251627924,1
881,883,-0.0019099947655778838,2,27.196630479666887,27.171881688289034,2
886,889,-0.0011436496269701779,3,27.1920416748885,27.188135548245345,3
892,893,-0.004078043207867484,1,27.086870045766194,27.003495489399434,1
895,896,0.0035815774570840406,1,27.160698704469734,27.285137549372784,1
897,899,-0.005542050867276083,2,27.40241475658313,27.277951594872533,2
902,903,-0.0019835496945061768,1,27.43663812835265,27.409652831303234,1
905,906,-0.0025661449511787293,1,27.624707201919996,27.58144290620792,1
908,909,-0.001328971614822156,1,27.726103496229488,27.716982395189607,1
917,919,-0.002684203267177835,2,27.31061771091869,27.264621079341318,2
920,922,-0.005375263067525503,2,27.339823331751344,27.22020441245526,2
927,928,0.0005659963643602421,1,27.179218016517883,27.221780573117904,1
930,933,-0.0019226527250927673,3,27.327114938793432,27.30190150172623,3
943,947,-0.017218928705721743,4,26.75663298008189,26.322669057372778,4
949,955,-0.0011554068189353049,6,26.64886859615953,26.644727180262777,6
957,958,-0.002555449124466704,1,26.783261354821537,26.741601354396817,1
961,964,-0.012743435830910133,3,26.83429187145997,26.519165086799568,3
966,967,-0.0007035965550120005,1,26.45079971838971,26.45863982654893,1
970,971,-0.007223198511999048,1,26.42293747130042,26.258502286146378,1
973,978,-0.004510587990641416,5,26.19310815863735,26.101154947698067,5
981,987,-0.007379446991142943,6,26.119928768040996,25.95329806705285,6
988,992,0.010669507985163144,4,26.03415268376427,26.337958436394413,4
995,997,-0.004338030177738171,2,26.349018128518566,26.2610643108518,2
1002,1004,-0.004724667677946678,2,26.045717780668742,25.948706137502164,2
1006,1008,-0.005058201850868708,2,26.105807726193454,25.999865088960593,2
1015,1018,0.0054247196304891675,3,26.82011566066158,26.99242738423862,3
1019,1024,0.017937908842720552,5,27.16439916574489,27.67883608091304,5
1026,1027,-0.00482619210103015,1,27.647354835503048,27.54157074481707,1
1030,1037,0.01845252615421505,7,27.72652749054816,28.265878491723612,7
1038,1040,-0.0018070163236777632,2,28.422502488353317,28.399565064885444,2
1043,1045,-0.0009887995976863514,2,28.421509018496497,28.421827350831865,2
1050,1056,0.005819101456047158,6,27.88107286143513,28.0711967259807,6
1057,1058,0.0007672771498043397,1,28.25095013721718,28.300877395854947,1
1061,1065,0.009264828331969104,4,29.08601428872898,29.384577232263982,4
1066,1069,-0.0032309633522046833,3,29.350611233787028,29.285131095759642,3
1070,1075,-0.019222724787830523,5,29.160931524262605,28.629539894539196,5
1080,1081,0.0017359642138356011,1,29.179659353511255,29.259493857274375,1
1085,1090,-0.010484905843240144,5,28.749223491188626,28.476539813308435,5
1102,1103,0.0017871369755228968,1,27.87327196839438,27.9509585953263,1
1107,1110,0.006574986596085386,3,28.02488879436339,28.237176951337478,3
1113,1115,-0.02091587702557864,2,27.839620706385528,27.2851702439584,2
1116,1121,0.007535316992818603,5,27.074407115419447,27.305495762542176,5
1122,1123,-0.0003446567480902454,1,27.449854092213563,27.467843168858803,1
1125,1129,0.0022857941276353965,4,27.58115662045603,27.671782622912918,4
1135,1136,0.0022850495450072988,1,27.558988175909054,27.649520817477185,1
1137,1141,0.005416011543083705,4,27.6915845687509,27.869254094990286,4
1143,1144,-0.0005460244719778293,1,28.156917598590717,28.169700150125013,1
1152,1153,0.00023747370724971017,1,28.63204066168744,28.667472059191184,1
1157,1158,-0.006451443313481336,1,28.587753435408512,28.4319089180956,1
1159,1163,-0.011471152461497741,4,28.402052297678846,28.10465007785042,4
1165,1168,-0.005156905070126144,3,28.015069829113152,27.898613843300573,3
1170,1171,0.001164690671885371,1,27.709625918681162,27.769608687428764,1
1172,1173,-0.0006309173883276276,1,27.67997314090108,27.690189337678945,1
1174,1176,-0.014908011048445649,2,27.52032855923295,27.137575525574285,2
1177,1179,-0.009521693693208582,2,27.153201160436232,26.92180989735692,2
1181,1182,-0.004567743298889581,1,26.763520858507807,26.668035486310174,1
1184,1185,-0.0038768875711785527,1,26.713259920499592,26.636408875048645,1
1190,1191,-0.001639795182942977,1,27.007439476033966,26.990160246353575,1
1195,1205,-0.0007603266154499523,10,26.99784007644037,27.00431074014703,10
1207,1208,0.0032093316809880743,1,26.955580195958806,27.06904517365707,1
1212,1214,-0.002737280450922211,2,27.65039382977821,27.602357341117436,2
1217,1219,0.005970254053944791,2,27.536435564757536,27.728371516383977,2
1220,1225,0.006045362738270538,5,27.748539966920195,27.944038496444545,5
1226,1228,-0.008733677989613452,2,27.791924975435403,27.57699117696389,2
1230,1233,-2.9858312186538134e-05,3,27.647243968078822,27.674065712005405,3
1234,1236,-0.006743651349568571,2,27.767027979853935,27.60754385212394,2
1237,1238,-0.005187868057739598,1,27.5987867697119,27.483206692166657,1
1241,1247,-0.005528672110864422,6,27.5075918638597,27.3830189997488,6
1249,1252,-0.010718840512008197,3,26.95411361598874,26.692150884612396,3
1257,1262,0.010767310790425786,5,26.386398756697947,26.696895711508116,5
1267,1268,-0.0006946111644712291,1,27.018337868642394,27.026588967382022,1
1269,1277,-0.02308930305252653,8,27.104500381192008,26.505780858184536,8
1283,1287,-0.009796289954018163,4,26.21947392143671,25.988839826381934,4
1289,1294,-0.0033887912063268882,5,26.15951454859943,26.097024930283954,5
1296,1299,-0.0010557954935718353,3,25.918461937951538,25.917015804575087,3
1300,1301,-0.005299824465304224,1,25.950207188753954,25.838625853004036,1
1302,1307,-0.015412687833144926,5,25.70753212201957,25.337017486584354,5
1308,1309,0.0010037110156889055,1,25.552755885868795,25.60395622431852,1
1312,1314,0.011589069889595911,2,25.970203784559967,26.29714449505084,2
1316,1317,-0.005312947783106788,1,26.47275592964735,26.35858031564785,1
1320,1321,-0.0013307830750450326,1,25.707244522422265,25.698741001028203,1
1328,1329,-0.0006012712766600236,1,25.367974723934132,25.378089664109527,1
1330,1332,0.01281855740157653,2,25.478569212971465,25.83064628415095,2
1337,1342,0.006449796772180571,5,26.19040814787932,26.385521365961484,5
1346,1347,-0.002683502320226996,1,26.365896007471257,26.321508960367815,1
1348,1349,-0.003962660493378122,1,26.375915615675,26.297772732503766,1
1350,1351,-0.0038520226954477754,1,26.238014649116412,26.16318323585364,1
1352,1353,-0.008741923298912907,1,26.010347435566597,25.808977320742365,1
1354,1355,-0.003978481094215197,1,25.676590589295113,25.600113349660994,1
1357,1359,-0.0023576173032303794,2,25.77495448558481,25.739961961385205,2
1361,1363,-0.004514276546381145,2,25.905756627414952,25.81471663448297,2
1367,1372,0.015374535591278254,5,25.941613209080995,26.366395077868265,5
1373,1375,0.00420116357138406,2,26.587072311993257,26.72535602397215,2
1380,1382,0.0028704383633734636,2,26.573363787105766,26.67621435375126,2
1384,1385,-0.0015850066830190624,1,26.631332446459023,26.615752939000142,1
1386,1389,-0.00641153015516207,3,26.65411414223063,26.509874599790816,3
1391,1394,0.016445837997728384,3,26.663978956563135,27.129154413814174,3
1396,1400,0.001966784845583907,4,27.23836272478708,27.319173086537496,4
1403,1404,-0.0017593290722825693,1,27.496368977790123,27.47549018544308,1
1410,1419,-0.01076231563175251,9,27.217671484097046,26.95196398430794,9
1421,1423,0.007614571237851679,2,26.953416325618626,27.185608450659142,2
1424,1426,0.007653914235809522,2,27.346130484503657,27.582781552397808,2
1430,1432,0.005816556715804234,2,27.85475642748108,28.04462995447392,2
1435,1443,-0.0002439296863272105,8,27.94939304418601,27.970524750551892,8
1444,1446,-0.011472319369881082,2,28.032393844731875,27.738829663687554,2
1448,1450,-0.0005547901859293194,2,27.581628926074334,27.593908537960278,2
1460,1461,-0.002358038199479162,1,27.40612670223411,27.36890813527271,1
1464,1465,-0.007777911150552156,1,27.123084340319636,26.939246484532017,1
1476,1479,-0.009625565095706352,3,26.59335255539275,26.363969861813143,3
1481,1483,-0.019493794491116784,2,26.397019128042192,25.9088380811101,2
1486,1499,-0.013713411252849056,13,25.9514239256499,25.621492800686088,13
1500,1504,1.2854285632024837e-05,4,25.6871456736235,25.713163009204685,4
1510,1513,-0.004615353447406144,3,25.774757362986975,25.681572505098643,3
1514,1515,0.004749607106967346,1,25.688680521330905,25.836380341424963,1
1516,1517,-0.006288948746373845,1,25.814987493299284,25.678453347558943,1
1523,1524,-0.00023166615098910138,1,25.87164704296649,25.891525105119264,1
1525,1526,-0.0029863153580490377,1,25.917613607242576,25.86613305329053,1
1531,1534,-0.003815477390538049,3,25.400492295363634,25.3289777835975,3
1538,1540,0.00537332054118505,2,25.291243399112542,25.452432600180217,2
1541,1545,0.00300729133222505,4,25.591442191611023,25.693994556084604,4
1547,1548,-0.004046254050879164,1,25.787799930352676,25.709243740351578,1
1551,1554,0.0021646359981354994,3,25.81250990903165,25.894197107092,3
1560,1561,-0.001845078970611382,1,25.694356780544553,25.67264301996593,1
1562,1567,0.01075734737009408,5,25.798780969832563,26.102106199419858,5
1569,1572,0.004731660139768792,3,26.216379265933405,26.366642641981016,3
1578,1583,-0.020333666176542867,5,26.42037855953292,25.90957578020502,5
1584,1586,0.0013744966388798468,2,25.898863619942635,25.960360384558996,2
1590,1595,8.806850413772696e-06,5,26.326034901355445,26.352592785708165,5
1600,1601,0.0014442781870526184,1,25.98175470383225,26.04526134011618,1
1604,1608,-0.01650214264692796,4,26.205745276072836,25.799500074634096,4
1609,1615,-0.012894159161723102,6,25.601312396200086,25.296806311810688,6
1619,1630,-0.02730817885218969,11,25.600711755996656,24.92720365237654,11
1634,1638,-0.023209007675235465,4,24.24427657597816,23.70583525142173,4
1641,1644,-0.029866712062380445,3,23.312697180353567,22.639736263450832,3
1646,1651,0.08735443894115523,5,21.97431686628286,23.915845304118445,5
1652,1654,0.004514378192380982,2,24.128092096421078,24.261143521301342,2
1655,1658,0.020729793074697352,3,24.48526938946208,25.01732922667331,3
1659,1665,0.07747736130861747,6,25.457085693520266,27.454890605355093,6
1666,1669,-0.03955530084059667,3,27.837141803013917,26.763872426256366,3
1672,1678,-0.04959802837294215,6,27.123796644287086,25.80563360538611,6
1681,1683,0.010395751710296858,2,26.033031230445484,26.329697190614045,2
1685,1688,0.0003235120819485395,3,26.51547604796693,26.550569600875033,3
1689,1690,0.007842737265837365,1,26.751159759703548,26.987713237015047,1
1694,1695,0.005025531333161911,1,27.755506211475236,27.92274788382025,1
1697,1701,-0.015057030668862253,4,28.149066176544935,27.75337389000141,4
1703,1708,0.07695527372447913,5,27.67318153381533,29.830451975111107,5
1712,1713,0.0005439206754266153,1,30.582008040322336,30.629224234831852,1
1716,1717,-0.01051386952651858,1,30.729212815243017,30.436859093866172,1
1720,1721,0.013990182867053298,1,30.842066441215824,31.304394657167457,1
1725,1728,-0.01888003475983202,3,32.46226725276541,31.881840785903005,3
1730,1733,-0.023234083523462245,3,31.955462652154605,31.24496222651572,3
1735,1736,-0.0024219436462354768,1,30.96043072646859,30.916406738712375,1
1737,1739,-6.318188794027452e-05,2,31.125610367131863,31.154769402672706,2
1741,1742,0.005414558761138225,1,30.96473470047852,31.163359810737795,1
1744,1745,-0.011766760568174765,1,31.140316671416496,30.805036337798214,1
1747,1748,-0.004305628276976194,1,30.43302126824416,30.332421012586035,1
1751,1753,0.0037257668423075433,2,30.30333785539442,30.446544364642687,2
1756,1758,-0.002135777838408514,2,30.461625730387677,30.42702809096121,2
1759,1760,0.005564653528623782,1,30.806184814766237,31.00841674461393,1
1761,1762,0.002591033010481898,1,31.287310233917616,31.399663997776802,1
1763,1767,-0.0311979299677085,4,31.329030636558883,30.382958763439884,4
1768,1779,0.10627190885916883,11,30.37635595138173,33.63488563847202,11
1781,1783,0.012214832929873833,2,33.524449666786566,33.967469668199115,2
1784,1785,-0.025667711717759518,1,33.42548682138016,32.600956548444586,1
1789,1790,-0.023763887980617283,1,31.853793148407338,31.12867696941924,1
1792,1794,0.02393354386277332,2,31.73921379706091,32.53058487643987,2
1799,1801,-0.004797448920106147,2,35.15155522042043,35.01806898500859,2
1804,1813,-0.06447921281263655,9,35.34721670275188,33.10340321134351,9
1815,1818,-0.025018287828570494,3,33.555482706497855,32.74953746462657,3
1820,1821,-0.011875487347394041,1,32.17444319967842,31.82453044975087,1
1822,1823,-0.012703974948164973,1,31.705368840929655,31.334289998293084,1
1825,1827,-0.022861172621951698,2,30.57687738369392,29.908430988968735,2
1832,1833,0.006504934838911341,1,31.309757676309356,31.544735367492162,1
1848,1849,-0.0032120528828119667,1,30.19785206643632,30.13105282071803,1
1850,1852,-0.0027424335846981417,2,30.3997647635934,30.34679519250239,2
1856,1860,-0.013453218077391756,4,31.113666554875824,30.726201280080705,4
1861,1862,-0.004770956457063675,1,30.946962358024535,30.830262710494036,1
1868,1869,0.0020769735742180227,1,30.362126532328105,30.455549993325143,1
1870,1871,-0.011388111022450517,1,30.400244336448445,30.084443223171796,1
1873,1874,-0.003532290679489657,1,29.72269341246279,29.64742691296508,1
1875,1877,0.003886135675609125,2,29.508798495362615,29.652982488435168,2
1880,1883,0.015581925556147899,3,29.98832843616644,30.485592665848266,3
1884,1886,-0.0005485169379901532,2,30.358719234870644,30.3724256823895,2
1892,1896,0.007684517376022941,4,31.672934596812404,31.94799874766806,4
1898,1899,-0.0050695280477023085,1,31.760785202069854,31.631533795872983,1
1911,1912,-0.009725203596584183,1,31.523068055204728,31.248022868434088,1
1916,1917,-0.0007439335832570455,1,31.485059107518296,31.4931213737849,1
1920,1921,0.016644590855169963,1,31.948404556538126,32.51212108341369,1
1924,1925,-0.015257223252659796,1,33.11487016295439,32.642744066058306,1
1927,1928,-0.00031140808228950474,1,32.57985201645462,32.60228623923336,1
1931,1933,-0.004385360970156136,2,32.62633275880222,32.515880845281245,2
1935,1939,-0.024595373117083173,4,32.458834139679304,31.692955837208054,4
1941,1943,-0.006761492108972162,2,31.650831375890483,31.468475360675882,2
1945,1946,-0.004938062791302911,1,31.4726593765379,31.348718067703807,1
1949,1951,-0.016485656828063893,2,31.362922449826307,30.877246995643116,2
1952,1953,-0.004930125378735813,1,30.803626944671656,30.68256482865929,1
1954,1956,-0.005904319763024865,2,30.778739909621855,30.627791127202094,2
1958,1965,0.07075814897646236,7,30.9878576215402,33.21148892520809,7
1967,1969,0.017419367797590932,2,33.7428210137418,34.364342444522194,2
1975,1980,-0.0073518207993705665,5,33.93322514643316,33.71768738115832,5
1987,1989,0.003279486543403272,2,33.36251814480346,33.50529259225819,2
1990,1991,-0.0030571125690235946,1,33.37601572085862,33.30735749941531,1
1993,1999,-0.008174323012882002,6,33.430771356930364,33.19092820464594,6
676,677,-0.006723050769130609,1,27.000142370188474,26.84561918463013,1
678,680,-0.01233605979579834,2,26.76047057399377,26.457112279403276,2
683,688,0.00043830685407284897,5,26.21999045205183,26.257702844032742,5
691,695,0.011915429142765676,4,26.496541319462587,26.83875552140247,4
697,701,-0.007715349994293684,4,27.078186319703438,26.896346821355934,4
702,707,0.023592721304014252,5,26.970670914521666,27.63395310770478,5
716,719,-0.019898416183516114,3,27.125237083742423,26.612613064257314,3
720,725,-0.0077434117449540285,5,26.656643298417283,26.476886576917686,5
727,731,-0.014346561548409267,4,26.327192745991894,25.97581524761068,4
733,737,0.023243963868711446,4,25.955463051930717,26.5847263603574,4
739,743,-0.01035616943812944,4,26.523390015299732,26.275232684242997,4
745,747,0.0007639692619882989,2,26.32977161310584,26.37621652090653,2
749,753,-0.009954836529405809,4,26.404921145697703,26.16846939326613,4
756,758,-0.0005733949251217495,2,26.331882382771763,26.34311569742735,2
760,762,0.00989131710259181,2,26.51494533333536,26.8037280109186,2
768,769,0.0017231183885617948,1,26.95044328739623,27.02383253509203,1
781,786,0.014403416236154033,5,27.793771623294266,28.221890656380474,5
788,795,-0.023751721888616212,7,28.26454367965661,27.62147664254842,7
799,800,-0.003127078174537668,1,28.082236428922172,28.022503316722005,1
801,803,0.003280388545645348,2,28.087461722703047,28.207686972137157,2
804,805,-0.0017673157991696185,1,28.49777237207637,28.475905581094135,1
816,822,-0.004941520079526833,6,28.57189759977577,28.45928089167607,6
823,825,0.0019719544197847336,2,28.5228642391755,28.60763289161604,2
827,829,-0.007675075898403071,2,28.468941067708297,28.27890872533418,2
838,839,0.0017770494384936456,1,28.613350578285612,28.692811267442462,1
841,842,-0.0017557301922747947,1,28.708505475291062,28.6868095909283,1
846,852,-0.017203317305587742,6,28.602797418199962,28.139337215805423,6
860,865,-0.0014744370848505518,5,27.816480007925886,27.803282838240122,5
869,873,0.003001066266399421,4,27.721034697136805,27.831948393933207,4
877,881,-0.020632076897409805,4,27.690590099072903,27.14696630491325,4
884,886,-0.0006308399982741849,2,27.123950979666372,27.133964057456836,2
888,894,-0.00977421039880846,6,27.23035734044696,26.99143245590714,6
895,896,0.004374075509778851,1,27.135534005552174,27.281362414296183,1
897,898,-0.002165512505606167,1,27.412373899527534,27.380424434939282,1
899,905,0.010519479408448145,6,27.28728557583841,27.601620900141725,6
910,911,0.002026268843833275,1,27.790816836245266,27.874919319381473,1
913,914,-0.009914213719877291,1,27.921239100709176,27.67234320804166,1
915,918,-0.011612556459199546,3,27.606663775275106,27.31368649730986,3
920,921,0.001819037281472587,1,27.299381163388247,27.37633913664897,1
924,925,-0.001650370358033939,1,27.09242034076452,27.07480023364749,1
927,930,0.006724944229150893,3,27.104603732920413,27.31398528511046,3
931,932,-0.0020977248884605487,1,27.27136424124104,27.241427785971158,1
934,935,-0.0022740521955322674,1,27.359810070801334,27.324952244711284,1
938,939,-0.004461359794683439,1,27.194895187281674,27.100763870459787,1
940,941,-0.005688520318500067,1,27.110853474487985,26.98374368712097,1
945,946,-0.011769690688678978,1,26.577916100449208,26.29168016489771,1
948,951,0.0035300078625203494,3,26.53584732773016,26.656054924763417,3
954,957,0.0020558677483059787,3,26.611424527234696,26.69274552118395,3
958,961,-0.0015089086203621787,3,26.799078240152408,26.785439958218234,3
965,967,0.0003468835309724343,2,26.45487893804471,26.490510578800233,2
968,969,-0.002841750035899558,1,26.479691305945675,26.43092233353234,1
973,974,0.0009132435521770521,1,26.205703748342007,26.255841642068784,1
975,978,-0.005272046978507942,3,26.159472416838547,26.04771792174083,3
984,997,0.018201379185089545,13,25.78420265787671,26.279294910095793,13
1010,1011,0.003019835121537761,1,26.15042815434115,26.25554856387922,1
1017,1018,-0.0011535630082737123,1,26.967632431038673,26.963491200276543,1
1028,1031,0.0029286372296891006,3,27.600416545592505,27.708848569588447,3
1033,1034,0.002189864375760901,1,28.101605897844806,28.191246209400013,1
1035,1036,0.0020328369941347325,1,28.19233577261676,28.27783853149902,1
1038,1039,-4.0058416612995446e-05,1,28.429470110204225,28.456760740756668,1
1040,1041,0.0001845741145084824,1,28.41535916287352,28.449019261792323,1
1051,1053,-0.0016431565242980791,2,27.831179201755138,27.81327939727262,2
1054,1057,0.013319201632514138,3,27.852196092505384,28.25101730426229,3
1058,1060,0.010539358763793437,2,28.349557376054655,28.676693089411696,2
1063,1065,-0.008332869198561726,2,29.57663594805134,29.3597543453108,2
1067,1068,-0.0023558046434433,1,29.3323553033437,29.292586359820298,1
1071,1073,-0.010164011661413497,2,28.990185698902753,28.724519299091465,2
1078,1079,0.004314201138438405,1,28.93791363946679,29.091695533073676,1
1083,1084,-0.009766777531632801,1,29.047349634620197,28.792697982489926,1
1087,1089,2.829821163821862e-05,2,28.44885457707469,28.478108483359453,2
1092,1095,-0.01632776098471812,3,28.35468481405778,27.920070982430886,3
1096,1098,-0.012000100576791049,2,28.052332214102893,27.743753738334206,2
1102,1104,0.003424202918560314,2,27.879384743159267,28.00272879850762,2
1109,1110,1.1914818726673285e-05,1,28.22274440487263,28.251303418161054,1
1111,1112,-0.0051727551168906875,1,28.163001590095234,28.045484281103164,1
1113,1114,-0.00863863943749003,1,27.86811610704829,27.65524161630444,1
1116,1119,0.002849431435177086,3,27.061837042716068,27.16600972892194,3
1123,1126,6.263161049328489e-05,3,27.517820722078135,27.547062028229302,3
1127,1132,-0.0013005069062828694,5,27.564852382198033,27.556568953686515,5
1133,1140,0.010756391731350824,7,27.5455317019063,27.869367763042252,7
1147,1151,0.00872210219739213,4,28.3113243577683,28.58656994651804,4
1154,1156,-0.004083883390471047,2,28.692323820967545,28.603840040102046,2
1157,1161,-0.011786657941453421,4,28.530739888882135,28.222988556884182,4
1162,1169,-0.018642151748355228,7,28.255542062944844,27.757053502138337,7
1171,1174,-0.009453425180838155,3,27.742765838941445,27.50824444361244,3
1178,1179,-0.006082495538000699,1,27.00510488064175,26.867851555582646,1
1180,1189,-0.0016131695440981474,9,26.821077854215957,26.804631986135867,9
1193,1195,-0.0053129434566700886,2,27.14010880316355,27.02305504848763,2
1196,1198,-0.0063045932425208956,2,26.979287194520772,26.836173049980687,2
1199,1200,-0.001392771175959614,1,26.876529770229496,26.86597344402593,1
1201,1203,0.0019492491218998415,2,26.889352549199263,26.968655948593444,2
1210,1216,-0.0011308253908137063,6,27.458806777590947,27.45521446846299,6
1219,1222,0.006882880130305504,3,27.714679575967466,27.933151072914644,3
1223,1224,-0.0036310402149300385,1,28.028616318229187,27.95487190152708,1
1226,1228,-0.006719570031837342,2,27.780111162762733,27.621220871475085,2
1230,1232,-0.0003869459584521191,2,27.657283033170813,27.674238442312532,2
1234,1235,-0.0015477462234830272,1,27.75801329525751,27.74280894830364,1
1241,1246,-0.0014765265153407199,5,27.53582747206889,27.5227059201566,5
1247,1248,-0.01266166649210796,1,27.28900271128817,26.970767462766897,1
1250,1253,-0.013162358084713662,3,26.84343601469035,26.516956533655588,3
1264,1265,-0.001224278172753464,1,26.906266742401755,26.90023225406115,1
1267,1271,-0.003145243305465015,4,27.013222869558003,26.95527293403805,4
1273,1276,-0.013044947269654682,3,26.851285357084663,26.527863040836127,3
1277,1278,-0.001356220291083625,1,26.557994387924502,26.54853389143304,1
1281,1282,-0.006195102719117051,1,26.525272866791617,26.387471349596026,1
1285,1286,-0.0012933534234281208,1,26.01468161127944,26.007050115369378,1
1298,1303,-0.024814360718300833,5,26.070445830802026,25.449594829700384,5
1304,1305,0.0004686025517807906,1,25.122467454732927,25.159362374543978,1
1306,1307,0.003394169343666215,1,25.223579065264218,25.334415743130343,1
1310,1313,0.01278068481050211,3,25.73381939875112,26.088449052855694,3
1314,1315,0.002778727069190836,1,26.31347617609978,26.412907620810916,1
1319,1326,-0.018669095179677134,7,25.764859171406133,25.30961742241558,7
1332,1338,0.013425015158573687,6,25.84906111343332,26.221934211829492,6
1339,1341,0.004564378129239864,2,26.185446478100946,26.331152203788072,2
1346,1353,-0.023026857499253504,7,26.353331432782777,25.772850356682273,7
1354,1357,0.0015081630889931742,3,25.660825578276295,25.72518711382482,3
1358,1359,-0.0036345780677974455,1,25.771842719771453,25.703944788175217,1
1365,1368,0.007808188294855163,3,25.822470669149933,26.04991985304218,3
1369,1373,0.014759519951234857,4,26.160141115023738,26.572412380853073,4
1378,1379,-0.002633714129216676,1,26.637523916617067,26.594005817427142,1
1380,1382,0.00255872478287841,2,26.56309482923244,26.65762557311118,2
1384,1393,0.01059446173200437,9,26.655760798272837,26.964819996785874,9
1396,1398,0.0006920336794295088,2,27.27100633161121,27.317149792796233,2
1401,1405,0.0014888689291339481,4,27.36683644925715,27.434948918184396,4
1406,1407,-0.005613701001795363,1,27.4535113503088,27.32684905748908,1
1409,1410,-0.0024867714242022285,1,27.214045276139434,27.173584211285924,1
1417,1423,0.0022686287639716,6,27.147460336934753,27.236195306660836,6
1426,1429,0.005369753303786057,3,27.639197523665246,27.815252393405608,3
1430,1431,0.003178964506973048,1,27.818453671514785,27.93470600204692,1
1434,1435,-0.0006868634135726661,1,27.959282568020697,27.968037642323004,1
1436,1437,-0.004583078031099296,1,27.887878324418548,27.787953880260353,1
1438,1440,0.0012451026870328999,2,27.850962566132086,27.913490837025762,2
1441,1444,0.003042919591306317,3,27.923673886820335,28.03656705503861,3
1446,1447,-0.007266849185834897,1,27.824771045809385,27.650397402034912,1
1456,1459,-0.018043800764583458,3,27.868941390798554,27.39394870621393,3
1469,1473,-0.0011728946928165206,4,27.042969144129827,27.038293558286806,4
1474,1479,-0.021983330289113232,5,26.933868017254408,26.368705768684976,5
1483,1485,-0.006856628367552134,2,25.99742243310922,25.845165191404238,2
1486,1490,0.000792743144916842,4,25.954214260674526,26.000743500372053,4
1491,1494,-0.01549848112683776,3,25.899407120567854,25.523905055234014,3
1499,1505,-0.0029300357665052743,6,25.680583773933545,25.63101932874512,6
1509,1511,-0.0033409665907516537,2,25.81358891508092,25.75316016584332,2
1513,1515,0.003973770867222092,2,25.689917178140742,25.817692939782727,2
1518,1525,0.008385156546483793,7,25.68856498748313,25.92965619134518,7
1526,1528,-0.010650583323945181,2,25.8933789952693,25.64349278373696,2
1531,1534,-0.0015922297063950463,3,25.350903753645714,25.335890195358843,3
1537,1541,0.009527994649812636,4,25.272672449672125,25.53874301000874,4
1544,1545,-0.002341933560844363,1,25.75905616835302,25.72448922638503,1
1546,1548,-0.0031813975255386875,2,25.7646400627866,25.708437140707243,2
1549,1554,0.007039960990175999,5,25.68614167396444,25.892657251011247,5
1557,1563,0.0002382681565308081,6,25.762001002137627,25.79390126762709,6
1566,1567,0.0033454372159793236,1,26.014802071218266,26.127847760304874,1
1568,1570,0.0011370992544839369,2,26.187451245653673,26.243416428187594,2
1573,1585,-0.017861326321609663,12,26.354712440880327,25.910337034302458,12
1587,1589,0.006993437264910258,2,26.003065354670067,26.210919226277984,2
1591,1593,0.001132741482201498,2,26.369490754215505,26.42573006101155,2
1594,1598,-0.015304965517190187,4,26.421260324998173,26.04330510712837,4
1599,1601,-0.0005554646134536998,2,26.003930421513218,26.015490088774868,2
1603,1605,-0.0013156863773967436,2,26.151604520467654,26.143348815173475,2
1607,1608,-0.0038617912578190246,1,25.86121694168248,25.78720753712221,1
1609,1614,-0.01324792537326874,5,25.58797784243757,25.27457819937054,5
1621,1622,-0.0031121914512409637,1,25.59394165127061,25.539882346511238,1
1624,1626,-0.00888470100643374,2,25.441715657321314,25.24111533627263,2
1628,1635,-0.04937237584833065,7,25.179639312072393,23.961640335543425,7
1636,1637,-0.006842099066193303,1,23.808994945827937,23.669900438687915,1
1638,1641,-0.019869757240452063,3,23.761857940012437,23.313477449102294,3
1647,1648,0.024365805050097694,1,22.261016646517863,22.825685254990415,1
1649,1650,0.012910902581993965,1,23.521700592584132,23.8489086780904,1
1651,1652,0.007033811674923428,1,23.96221278533289,24.154720690164698,1
1655,1662,0.10575669127442625,7,24.406465068166245,27.012018524548537,7
1663,1670,-0.019247702860438184,7,27.196283032932275,26.70001334123895,7
1680,1686,0.01998373581826923,6,25.885657629542095,26.42883543072257,6
1688,1691,0.0184412330900846,3,26.597961406645222,27.115058574072886,3
1695,1703,-0.010986979890492906,8,27.933314247714414,27.65434480004767,8
1706,1708,0.027346958162920005,2,28.952596076623344,29.773314106315308,2
1710,1711,0.0028091570499019455,1,30.15312038336346,30.267978354448292,1
1715,1718,-0.02016339227550242,3,30.885376594015042,30.29350800676731,3
1724,1732,-0.029374577086324363,8,32.27840190103856,31.362515898074186,8
1733,1734,-0.0035214951609653902,1,31.199083487043996,31.12041514900486,1
1736,1743,0.012638587513536005,7,30.925871523847547,31.347656729057913,7
1746,1748,-0.006801402192410449,2,30.547753921915117,30.370534115339304,2
1751,1752,0.001514268276482851,1,30.316719984672787,30.392944351977263,1
1753,1755,-0.00225106440660896,2,30.46796983804906,30.429852445443043,2
1756,1763,0.02687623135673512,7,30.430061849922485,31.278337294250683,7
1765,1766,-0.006796698403918114,1,30.885944448549765,30.706907943661353,1
1768,1770,0.030954730227823128,2,30.398183525858325,31.369549279842985,2
1772,1774,0.020380210842590677,2,33.402579090171564,34.11673327380574,2
1775,1778,-0.00864127207544959,3,33.85878265536905,33.60005848495586,3
1783,1787,-0.061705961137920116,4,33.953958438935686,31.8927507574631,4
1788,1789,-0.009489360578411581,1,32.122123537948816,31.849427248690887,1
1793,1795,0.005025235378763198,2,32.57970783604242,32.77600824432591,2
1797,1801,0.02885763492223951,4,34.01896116130431,35.03468688409238,4
1805,1806,-0.007102721465535043,1,34.88392279094472,34.67103592652636,1
1807,1810,-0.025113765817307846,3,34.449384097389135,33.618679716714205,3
1811,1817,-0.015354952544648522,6,33.499481154702714,33.01859769245661,6
1818,1822,-0.03940411935433391,4,32.84937023534118,31.587819100108437,4
1823,1824,-0.01664713866731541,1,31.398382435790225,30.907087591888015,1
1826,1830,0.02156986703564708,4,29.836766515978105,30.51017836901738,4
1835,1840,-0.058914960498421515,5,31.83350106695957,29.989865110140148,5
1841,1846,0.0063209166451366,5,29.99670109498924,30.216304443334735,5
1848,1857,0.026693370596408826,9,30.151547973042717,30.98654596511559,9
1858,1866,-0.0022664892992818237,8,30.77042815095103,30.73145773296353,8
1872,1881,0.011018203511333573,9,29.907803195773376,30.267241261157093,9
1883,1884,-0.006440568779676084,1,30.52280418909697,30.356742773557603,1
1886,1889,0.027228938193761106,3,30.332463160705753,31.18871638853385,3
1890,1892,0.010708347500903919,2,31.282631918509757,31.64889984375454,2
1893,1894,0.002547249979998804,1,31.84799689704182,31.960969703397854,1
1895,1897,-0.006587444986847545,2,32.0356924113493,31.85669474238532,2
1898,1901,-0.0032370923908922986,3,31.735421574624105,31.664426504497754,3
1911,1913,-0.016638241408050248,2,31.516801914723278,31.023934557971135,2
1919,1920,0.011200425824270856,1,31.56359857600391,31.948687919177505,1
1923,1924,-0.0035848980969376697,1,33.14196155879948,33.05629296543736,1
1928,1929,-0.0016992327832992195,1,32.64064257437849,32.61781916702253,1
1932,1935,-0.004109798569369867,3,32.51430521266965,32.41319227283523,3
1937,1938,-0.008691545498944202,1,32.111267309091566,31.86428203555493,1
1940,1942,-0.007012074665611339,2,31.69632166995946,31.50576101745443,2
1948,1952,-0.021763243960968577,4,31.40169136374277,30.74969038517034,4
1954,1956,-0.0066328697830343375,2,30.79783431198344,30.62435412170457,2
1958,1964,0.06802676491647248,6,30.97250842548507,33.11044048344449,6
1965,1967,0.014700756317608123,2,33.21588382386332,33.73739832165578,2
1969,1975,-0.012156311068736582,6,34.35741149265221,33.9741095225236,6
1978,1980,-0.00635621358950313,2,33.89274422726158,33.71120745004597,2
1982,1983,-0.003656664867864742,1,33.499593381147484,33.410596188324035,1
1987,1989,-0.0005073513259994402,2,33.39962397892004,33.41607825938537,2
1990,1991,-0.0030083095038383853,1,33.32340483619557,33.256481125562786,1
1992,1993,0.0008884303279036525,1,33.362441846900204,33.42544449389681,1
1995,2000,-0.018060612557807703,5,33.79480377614558,33.21824372245362,5
672,673,-0.0011733505435500132,1,26.99088310134791,26.986204217091398,1
674,680,-0.02403749689748767,6,27.092653121160357,26.468506208936915,6
681,684,-0.007192265344833166,3,26.35591454779698,26.192711731511274,3
685,686,-0.0003426484907836958,1,26.141779435541206,26.15896377370676,1
688,689,0.002217698755609583,1,26.25149504322695,26.335964446160432,1
699,700,-0.008557133164798475,1,27.14406877643027,26.938937434052338,1
701,702,0.0051466857856692794,1,26.88526115924724,27.05051641185879,1
703,704,0.0024101367582022113,1,27.15844310388805,27.251057109012162,1
707,709,-0.004312319500207494,2,27.735390015560903,27.6435215423665,2
710,714,-0.007756909303985819,4,27.61738932461677,27.43078112973747,4
715,719,-0.025370079063526334,4,27.288186482692996,26.623171220609517,4
720,727,-0.013956613998622337,7,26.645859019598767,26.300618909620116,7
728,730,-0.010283957131624066,2,26.268876899054725,26.02499777202799,2
731,734,0.002477867644289267,3,26.01713276732647,26.107616911575132,3
743,746,0.0010198830757344878,3,26.286361533128083,26.339456909911487,3
749,752,-0.005108338385557671,3,26.411139957945924,26.30263405785036,3
753,759,0.006174006113244123,6,26.224891751606634,26.413029285351826,6
764,767,-0.003180401339899239,3,27.00361270407608,26.944733990753992,3
768,769,-0.0033928666407668884,1,26.97732614084345,26.912772997063936,1
770,773,0.006339475643189516,3,27.00855704293428,27.206785689508592,3
774,775,-0.0033863662543592425,1,27.249052887077813,27.18402666680484,1
780,781,-0.0027021367166121394,1,27.789763490774565,27.74246151399095,1
782,787,0.013742871482086298,5,27.797422255266,28.20723607910867,5
791,795,-0.009962711954997022,4,27.872778016031972,27.622962335288705,4
804,810,0.006659448679952829,6,28.429622265706247,28.647377498440868,6
812,819,-0.010755412119353908,7,28.695868262931107,28.415928241903526,7
820,825,0.0031364849848405504,5,28.446549468399382,28.56421819314594,5
827,829,-0.007813692492408333,2,28.492234155379617,28.298096833423166,2
830,837,0.010082043448525035,7,28.18784825922599,28.500227218355164,7
839,843,0.0005203638015838631,4,28.66371789700829,28.707297176117713,4
845,846,-0.0007300161239787008,1,28.59197078391929,28.59969015501462,1
847,848,-0.0022314422266515705,1,28.64338541780593,28.60811274348819,1
851,856,-0.00531176516917923,5,28.19696361174625,28.075384926168507,5
859,864,-8.399635917723507e-06,5,27.902383534842993,27.930051548514907,5
866,872,0.006283890047238927,6,27.73120216122548,27.9331931886456,6
873,875,-0.0065102189152661215,2,27.89101518738297,27.737329587931477,2
878,881,-0.014241075446781732,3,27.550976786914436,27.18617222464637,3
885,893,-0.004172349260493147,8,27.091780113812717,27.00583552520322,8
894,895,0.004015933809401051,1,27.025877742603114,27.161437756500977,1
896,899,0.0004115595429325066,3,27.31220390042964,27.35075670248381,3
901,904,0.005204069046200132,3,27.34221302280724,27.51184600027665,3
909,910,-0.0015132465025236904,1,27.78730394477557,27.77304220821135,1
914,917,-0.01653363869004481,3,27.74919530714552,27.318149333304834,3
919,920,-0.003242210116419211,1,27.343810641373118,27.28250007253158,1
927,935,0.00726554207520586,8,27.11774509806095,27.34188796115368,8
946,948,-0.00040458427111794443,2,26.41745311392359,26.433182481024623,2
949,951,0.0018861840593883028,2,26.60409398661201,26.68087829859064,2
956,957,-0.004053015176869907,1,26.77792815797718,26.696174736905743,1
961,962,-0.005250774500795932,1,26.817957424999815,26.703960335414195,1
963,964,-0.00381711431408465,1,26.610850870831612,26.53588506193342,1
965,966,-0.0015269654029678706,1,26.43623898949175,26.422308006159696,1
976,979,-0.002669409954407421,3,26.143604015579587,26.099959622791893,3
981,982,-0.004475838033607563,1,26.13203331139792,26.041202596118662,1
984,987,0.004139187095376777,3,25.7993309849792,25.93191857384656,3
988,989,0.0008069521568023423,1,26.037945627415308,26.084994949425468,1
992,994,-0.002301578070077695,2,26.34970558978147,26.315409390832805,2
995,996,-0.005578440425125019,1,26.308966206399013,26.188512171976388,1
997,1005,-0.011906526823331352,8,26.31072532338257,26.023766691901795,8
1007,1010,0.0009776228165291004,3,26.090138751361888,26.14173520504299,3
1011,1014,0.009694047187527931,3,26.3052366741601,26.586546116432658,3
1017,1021,0.01585387567635072,4,26.958318119541584,27.41267026157185,4
1030,1036,0.018323365066753458,6,27.738732939642667,28.27473860272456,6
1038,1041,-0.0010652581023811287,3,28.42905171269239,28.427196486725126,3
1042,1043,-0.002901807756080888,1,28.47628069218281,28.422124280698082,1
1045,1046,-0.004740153925534685,1,28.453852138485683,28.347430351713342,1
1047,1049,-0.008212273026584968,2,28.221181603577875,28.017642736720035,2
1054,1056,0.008308051895985782,2,27.845890037578194,28.105081027137885,2
1060,1061,0.013043723048264046,1,28.67822674158179,29.080975815455883,1
1063,1064,-0.006309552444429998,1,29.56573463053912,29.40875381196017,1
1068,1071,-0.016492549410722954,3,29.352858381006985,28.89810777219328,3
1072,1073,-0.0037654826259699813,1,28.753210672674317,28.673694168118182,1
1075,1079,0.013200015612357407,4,28.623484153367126,29.029938075225004,4
1084,1086,-0.011687011838330909,2,28.821048296144802,28.513037411810796,2
1092,1093,-0.008151421592606822,1,28.39459547512271,28.19153375192858,1
1094,1095,-0.0017484159684666828,1,28.052428554828207,28.031433669343503,1
1096,1097,-0.004526321295706849,1,28.04106991278837,27.9421880908005,1
1098,1099,-0.0015569305850015693,1,27.762252600208804,27.746790952627208,1
1100,1102,0.00035158609167706273,2,27.833688912860595,27.871308539675283,2
1104,1113,-0.005794032198488206,9,27.971310459916115,27.837215096937367,9
1114,1115,-0.011718070817571594,1,27.603129222007066,27.307276928219014,1
1126,1129,0.005083467009919121,3,27.536860298364708,27.70437987954656,3
1132,1133,-0.0022489038618010706,1,27.55463407149127,27.52022098258887,1
1136,1137,0.0005079688473419984,1,27.676130900721542,27.71786564393479,1
1142,1143,0.0045153629961560806,1,28.001008934181765,28.155444662712387,1
1145,1148,0.002288670782179774,3,28.272210073162086,28.365188064377342,3
1159,1162,-0.00751310296670202,3,28.39627925172984,28.2113313610921,3
1163,1164,-0.005266883602226427,1,28.15639150594147,28.036251460726902,1
1168,1169,-0.006361728953245273,1,27.905965195752195,27.756340974193876,1
1173,1174,-0.0077741246143002395,1,27.702764881988074,27.515102900516826,1
1177,1178,-0.006211999530711017,1,27.111624177008476,26.970318404521095,1
1180,1181,-0.0060405481273713745,1,26.857267615562446,26.72189226557651,1
1187,1188,-0.0013635754825949173,1,26.771344593151863,26.761611188621693,1
1189,1193,0.0060026465926897145,4,26.892929298635355,27.08125097835589,4
1194,1202,-0.007576752855466822,8,27.062534156688944,26.88455055789777,8
1204,1206,-0.006805879461767315,2,27.00639077149899,26.84959492198228,2
1211,1215,-0.0035307115954540027,4,27.555929319975235,27.486193210121662,4
1216,1217,-6.503849120043852e-05,1,27.464511522303905,27.49018978343524,1
1222,1223,-0.0020909072362875008,1,27.997214680529407,27.966672316438522,1
1240,1243,0.0050020678003349596,3,27.37378648503222,27.538085807467276,3
1244,1245,-0.001809655586380141,1,27.605646645191506,27.58329557916959,1
1247,1258,-0.037408930032211456,11,27.31695526378384,26.322374150891683,11
1260,1262,0.005855158623810402,2,26.467315105239585,26.648752748632376,2
1264,1265,0.00028550128083443,1,26.842050848589647,26.876556339335732,1
1273,1274,-0.008622083917506209,1,26.9165848796672,26.7114244109417,1
1282,1283,-0.006560291935966793,1,26.373284807305467,26.22664164446645,1
1286,1291,0.004941732972869436,5,26.037908040367363,26.192618337115356,5
1293,1301,-0.012093734212396647,8,26.115643534361038,25.82592352620514,8
1304,1306,0.0021019167586572352,2,25.172218576568046,25.250300703223285,2
1307,1311,0.016149532060462435,4,25.37950879101706,25.814755490707395,4
1313,1316,0.016474275973827775,3,26.09130585192087,26.54723253089488,3
1321,1333,0.005529626821358561,12,25.745308607420288,25.913415865027453,12
1334,1335,-0.0017023281996315252,1,25.967573577942517,25.94933581874272,1
1336,1338,0.004562457958080213,2,26.071367487716568,26.21638837327665,2
1341,1342,-0.0002533396762570339,1,26.34196953320617,26.361638036705862,1
1348,1350,-0.005782058026116535,2,26.37510579381355,26.24897850746257,2
1353,1356,-0.007563239280785788,3,25.819910733703328,25.650448481349503,3
1359,1360,0.00023785820802139728,1,25.748712771562918,25.780586027013182,1
1362,1363,-0.003866233424452929,1,25.92561673145239,25.851307862227145,1
1367,1370,0.00557774375630352,3,25.977973831269473,26.148850286439522,3
1371,1372,0.0024564026465967556,1,26.194980290153207,26.285520689355643,1
1373,1378,0.0008165767125174401,5,26.58212709524746,26.630415568297867,5
1385,1386,-0.0029508162091552194,1,26.6325495570409,26.580594347673895,1
1388,1389,0.0005109492868235919,1,26.468502157032248,26.508494721489704,1
1394,1397,0.00420198441633171,3,27.13355837454722,27.274706722371242,3
1398,1402,0.003255744945884699,4,27.348082530209286,27.464468994216862,4
1407,1408,-0.002920167021663753,1,27.347742124024776,27.29522989148126,1
1413,1415,0.0018785735867219767,2,26.96741086896004,27.04503854558971,2
1417,1419,-0.004623819266056972,2,27.10632333807325,27.00809492132877,2
1425,1427,0.011216004296240412,2,27.438617265633948,27.77380753203383,2
1431,1434,-0.0031140093007004906,3,27.96342261437484,27.90430767888863,3
1436,1440,0.0008837274450882581,4,27.931917419648975,27.984533539086307,4
1441,1449,-0.015812792049530674,8,28.005301134288494,27.590464432301793,8
1455,1467,-0.03224643401554264,12,27.873391156833524,27.002447079262115,12
1471,1473,-0.002418108007283721,2,27.0188617319592,26.980546067789415,2
1477,1480,-0.0009488011528864365,3,26.47247739842405,26.47383275874709,3
1483,1484,-0.005205781732917666,1,25.95618490971045,25.847018861360958,1
1488,1490,-0.00019741925817257295,2,26.016977954514626,26.03785867998147,2
1491,1494,-0.015185978496824432,3,25.923239567465895,25.555493048393796,3
1495,1498,0.005333826063783983,3,25.385611258309623,25.546399304542593,3
1500,1503,0.005242650890614513,3,25.636091631231245,25.796128801484826,3
1504,1507,-0.001805766191180072,3,25.707864197615372,25.687149669797485,3
1510,1512,-0.0044476105079239575,2,25.80350681492829,25.714546373691856,2
1515,1519,-0.006160952152611294,4,25.85673165939356,25.72328630447652,4
1520,1521,-0.0027926129870029194,1,25.768528963458362,25.722335963782506,1
1524,1525,-0.0011286229467831576,1,25.88251313916764,25.879184054057525,1
1527,1528,-0.007573988557961182,1,25.790871314639013,25.621322421716727,1
1530,1531,-0.005097442160136733,1,25.493151542129404,25.388694828205928,1
1536,1542,0.012185551993572227,6,25.288591881127296,25.62203592422013,6
1543,1544,9.731786496705043e-05,1,25.753121385717282,25.781380745892495,1
1548,1549,-0.001024708163834418,1,25.731798918835892,25.73116313333245,1
1552,1557,-0.005728431964845213,5,25.854151389761928,25.73190179390663,5
1558,1560,-0.007508059117887192,2,25.79284737018978,25.624985994685943,2
1561,1565,0.004576794923424067,4,25.765471928441894,25.909160681492054,4
1566,1567,0.0012720815865880537,1,26.064319328483453,26.12353958849665,1
1571,1573,-0.0025536530857029243,2,26.340781719049094,26.299857282251466,2
1576,1577,-0.0008315800947408437,1,26.477897938835845,26.482357343898165,1
1579,1581,-0.015037585723358768,2,26.337832276703985,25.968112698352307,2
1583,1584,-0.0026445077869387016,1,25.94937338370374,25.90669943710806,1
1585,1586,0.00193356617093998,1,25.873690357920193,25.949592540671564,1
1590,1594,0.004180759663874927,4,26.278594953400216,26.4147380381581,4
1599,1604,0.00709427487326559,5,26.007308526559658,26.217818830487456,5
1607,1609,-0.015595828899182589,2,25.934205072419527,25.555673852546178,2
1610,1612,-0.008951240866355133,2,25.476325173470155,25.273756775626307,2
1613,1614,-0.0008425222564230367,1,25.32137015452047,25.32535770675668,1
1617,1627,-0.011702301817964993,10,25.474288963939575,25.20165543484944,10
1631,1633,-0.02007511440985309,2,24.832351144700176,24.358671205549374,2
1635,1636,-0.008049810828945184,1,23.9739957669375,23.804983631966657,1
1637,1641,-0.01884558133436021,4,23.703791630343332,23.280783688871313,4
1645,1648,0.020916761583849013,3,22.33636875258165,22.825909621180916,3
1649,1654,0.02864372101888015,5,23.519241950178095,24.216439797124718,5
1656,1658,0.01514836366353373,2,24.645599942666546,25.043586053246692,2
1661,1662,0.013404888601796356,1,26.646294346574,27.030131248287073,1
1663,1671,-0.005568504856543603,8,27.137446530150566,27.01346897388338,8
1673,1679,-0.046605008300509114,6,26.891518440451318,25.66513051876124,6
1682,1684,0.005813930471335707,2,26.240879448653665,26.419682976723493,2
1686,1688,0.006375359652461894,2,26.404518693925077,26.599261515742928,2
1690,1692,0.0073154069599807485,2,27.047059099400077,27.27196640288224,2
1694,1696,0.0057164390161977205,2,27.763547838570634,27.950020014501682,2
1700,1701,-0.001758960008063125,1,27.80830533440216,27.78719994276134,1
1705,1720,0.09603628185079713,15,28.10960803174111,30.837259879424572,15
1723,1725,0.0026556101514310726,2,32.35313844791583,32.47140890925669,2
1726,1727,-0.008445133719275542,1,32.51838678024267,32.27628304232864,1
1729,1732,-0.017521156866239906,3,31.887575804723912,31.360756162769952,3
1736,1744,0.006672269658404405,8,30.96178526605869,31.199332431725505,8
1745,1750,-0.020198907556349666,5,30.83622312205765,30.244201324950293,5
1754,1756,-0.005354264099636535,2,30.531270005967464,30.39832879306417,2
1759,1763,0.017401119611939655,4,30.783743288826006,31.350198631186938,4
1767,1769,0.004404641686551974,2,30.415141798492268,30.57952474175879,2
1773,1774,0.004389330644850779,1,33.957145141216785,34.14015142413799,1
1775,1776,-0.008657752037868068,1,33.79608036220692,33.53727835894128,1
1778,1781,-0.00841673808657039,3,33.72491367794136,33.47478482619987,3
1782,1793,-0.046689309979150995,11,34.09404352521769,32.536310202151355,11
1794,1799,0.07355879889616468,5,32.58625000708596,35.015841668144425,5
1800,1801,-0.00413263919800901,1,35.07555474142846,34.96567568375355,1
1802,1806,-0.009098545661955698,4,34.90628173122197,34.62359161473258,4
1807,1810,-0.024299595872884293,3,34.426102870223296,33.62398858586875,3
1812,1818,-0.015126686475552476,6,33.259374878796294,32.78953011751067,6
1821,1829,-0.040317936330863426,8,31.919107132256503,30.664113710292433,8
1830,1831,0.004445173278865922,1,30.611500376220054,30.77818530009464,1
1836,1841,-0.051641709326930185,5,31.563148378603287,29.964736592971292,5
1847,1848,-0.0038818837756654533,1,30.25159931854563,30.16441772528158,1
1853,1854,0.004202312079856776,1,30.235470686897937,30.39276504129254,1
1856,1857,-0.0064788261017411156,1,31.124028852367342,30.95350571069965,1
1858,1860,-0.0012821170901190964,2,30.83546402915918,30.8267648177748,2
1861,1865,-0.009001492442492383,4,30.999698641563217,30.751654787163208,4
1866,1867,-0.00579414506673323,1,30.693782519100147,30.54663207305682,1
1868,1871,-0.008541879417861352,3,30.331140547573114,30.102386742957112,3
1872,1878,-0.004822593230922205,6,29.888219899854935,29.773969392781435,6
1888,1889,0.0045814619597787445,1,31.05116656948922,31.224477474503576,1
1891,1892,0.009578150313587094,1,31.338485728275415,31.669988940909317,1
1893,1897,0.0003388143078713536,4,31.85076581452355,31.893408075512696,4
1898,1901,-0.0024350466244114567,3,31.771029324299384,31.72543641591347,3
1903,1906,-0.004363631419743967,3,31.900528804572325,31.793227183578818,3
1907,1909,-0.01140137927748332,2,32.086760201550526,31.75301363890854,2
1911,1912,-0.010814667351870283,1,31.504460789059213,31.195254986314556,1
1916,1919,0.0006589395760103391,3,31.52485542760495,31.57715325790181,3
1920,1922,0.03382402899496164,2,31.96076273550255,33.07376526370478,2
1925,1927,-0.010524923415815242,2,32.8249050822915,32.51225037525127,2
1929,1936,-0.0134700710779515,7,32.655283256854624,32.24806955357101,7
1939,1940,-0.0033415673121249645,1,31.705309508500815,31.631069392134904,1
1942,1944,-0.0005880605614884331,2,31.517752577685357,31.530735982985355,2
1947,1949,-0.0018965313590406548,2,31.333809495361738,31.30571775255094,2
1951,1952,-0.010216663395309515,1,30.98226768027854,30.696714547846035,1
1958,1960,0.021695867491426084,2,30.978467849038,31.68155105042717,2
1962,1963,0.018686289896149934,1,32.309989103937326,32.94605291597888,1
1967,1968,0.007201389499159538,1,33.82943951570508,34.10688792571164,1
1969,1971,-0.009470451854259966,2,34.45527420027712,34.163422459038344,2
1972,1977,-0.015921429885454034,5,34.28066311408463,33.76914660300095,5
1982,1986,-0.010363965430190473,4,33.56764497585228,33.253318708725494,4
1987,1988,0.00011298798490349204,1,33.454903364249404,33.49213826972992,1
1989,1996,0.008542817040455127,7,33.541596679225066,33.86167799957965,7
672,673,-0.0027201348014958284,1,27.08124064560284,27.034657261100655,1
679,681,-0.012523724768490764,2,26.640770700017452,26.333769790849978,2
683,686,-0.007346010332494145,3,26.253291308389397,26.08668765048438,3
688,690,0.005101949631489312,2,26.259712231595447,26.419947672970046,2
692,694,0.003273599178682882,2,26.64635177918416,26.76022760626258,2
698,702,-0.007216661377446203,4,27.116922084646397,26.948345362447558,4
703,708,0.020263151588407254,5,27.177238587660792,27.755112331504534,5
710,714,-0.009460978594478323,4,27.61382589794494,27.380185908110775,4
724,725,-0.007259812378853892,1,26.64213581402575,26.475361042458005,1
727,728,-0.007494725763918116,1,26.36147224602818,26.190261713057087,1
729,732,-0.010052873613375604,3,26.16196832064248,25.925127327958567,3
735,739,0.005412326392169791,4,26.341361928205995,26.510271338503927,4
741,742,-0.0006501934527509973,1,26.20535194018423,26.21451874386587,1
748,752,-0.003792440612920877,4,26.33304634563738,26.259512877559896,4
753,758,0.0015177232237236025,5,26.262726197730366,26.328848473396686,5
759,767,0.02031325157563783,8,26.410089297695542,26.972974175032387,8
771,775,0.000756060736347421,4,27.124251466080874,27.171883299083273,4
777,779,0.012358984678418762,2,27.216817267905494,27.580406312782767,2
782,789,0.013097988713269903,7,27.785368331867236,28.177086141003947,7
790,792,-0.005284509308057138,2,27.943984258324406,27.824257997665413,2
803,816,0.010055550948402055,13,28.206809327437274,28.51865114504862,13
817,818,-0.0014141139150474766,1,28.44488647374396,28.433107050443237,1
819,820,-0.00032186087289602877,1,28.473032025330138,28.4923407024138,1
821,825,0.0016967470950804671,4,28.5012454715675,28.578106122499126,4
827,831,-0.016417854102675985,4,28.523944448697268,28.08416643475442,4
833,834,0.0007814951595336121,1,27.97222414713768,28.022056529057195,1
835,841,0.01739368178052909,6,28.13441087304809,28.651906273729594,6
842,843,-0.0033407449943154257,1,28.72378555761301,28.656550500351237,1
845,848,-0.004961677829965612,3,28.63919384593921,28.525734586611666,3
849,850,-0.006872241492724742,1,28.424648564176525,28.25773216346185,1
854,857,-0.004016825040803959,3,28.14146018653288,28.05656232475736,3
858,864,-0.004188650707264868,6,27.962334834313026,27.873172715566817,6
866,868,-0.004011878155170236,2,27.710489079285928,27.627028462558943,2
870,874,0.0017401931528613335,4,27.761640666062576,27.837712923727917,4
876,877,-0.004926024235350213,1,27.737933588728126,27.629033789220244,1
879,886,-0.013036109453370262,7,27.43583224558308,27.105611565730936,7
889,890,-0.006128929364164927,1,27.239201086133217,27.099493147826156,1
891,893,-0.002655503910711213,2,27.10816087967714,27.063283213328646,2
899,900,0.00046372915581346713,1,27.278774897872072,27.31870363602496,1
902,908,0.009791951498863274,6,27.376577243171763,27.672023936984957,6
909,910,0.001007764891193471,1,27.721828260416654,27.777487173917613,1
914,915,-0.0061299297855870755,1,27.731532888491074,27.589272071926416,1
916,918,-0.00892922674007584,2,27.521071396102798,27.302850580873283,2
920,925,-0.009408376783038599,5,27.310331279399147,27.080695723932354,5
928,929,-0.000916290226097917,1,27.190845825363958,27.193121964920206,1
935,936,-0.00508077701243513,1,27.37940166356333,27.26767243064043,1
937,940,-0.01017047094811636,3,27.266095973889744,27.016053032892636,3
945,952,0.002994362044057724,7,26.536292891519103,26.642288452634986,7
955,959,0.0048825617451463705,4,26.598355116466138,26.75482158275808,4
963,971,-0.01582464017348417,8,26.674308200474464,26.27887117952581,8
978,981,-0.0032589108869520754,3,26.15024502626081,26.091173953074524,3
988,990,0.00769008558768501,2,26.001656641152376,26.22761326278559,2
991,995,-0.0019421078859617096,4,26.31754206719823,26.292748103277592,4
1000,1001,-0.004757198501068422,1,26.175808003965734,26.07746029736898,1
1005,1007,-0.0017095068045888478,2,26.054999610113974,26.03651341059704,2
1008,1017,0.03188452248376784,9,26.018942608353896,26.874563111562175,9
1022,1023,-0.0017170871450774483,1,27.61615194104412,27.59634875349069,1
1024,1026,-0.005067480247617955,2,27.71745886321325,27.604718646772966,2
1027,1031,0.008841820246616873,4,27.506906984646594,27.777625018729896,4
1036,1037,-0.0008651394648228107,1,28.275821408281384,28.27963470068908,1
1040,1042,-0.0012854578907486134,2,28.41410471569977,28.405993685300118,2
1043,1044,-0.0031442771891530778,1,28.497355972512647,28.436249742149613,1
1046,1054,-0.020145915070734235,8,28.369385794245535,27.826227943220015,8
1062,1065,-0.003412970196369651,3,29.425946022768677,29.354942092015754,3
1070,1072,-0.01488502893218194,2,29.11129303791887,28.70708189183414,2
1074,1075,-0.0031869851681941832,1,28.653971356463575,28.59130554609713,1
1076,1078,0.007144300749885413,2,28.710946230143865,28.944776811055945,2
1080,1083,-0.005521505284058559,3,29.207924779220207,29.075860992994578,3
1086,1088,-0.00552471302332597,2,28.583338602437923,28.454007198013336,2
1089,1094,-0.01750077485574785,5,28.52325364318376,28.052597856664196,5
1103,1104,0.00043758873655182543,1,27.966126461766343,28.006330250172763,1
1106,1110,0.006355149339050336,4,28.01514642891537,28.221202014655404,4
1112,1113,-0.009037429068660393,1,28.017383222349306,27.792195492010197,1
1114,1117,-0.021777307110124006,3,27.641314332506358,27.0670022556924,3
1119,1123,0.011476719083773332,4,27.177704536985637,27.5167931218354,4
1124,1130,-3.1479216235036443e-06,6,27.59863708357804,27.626148842315164,6
1145,1147,-0.0001667322577460818,2,28.29093370214275,28.314507624594988,2
1148,1149,0.00021445087258030503,1,28.384546469984006,28.419018107212274,1
1151,1152,0.0004412672925146982,1,28.586623430072738,28.627824395425936,1
1154,1155,-0.0030581254929326145,1,28.67842712336633,28.61940332140652,1
1156,1159,-0.011528691038765904,3,28.632384723158893,28.330923190705672,3
1160,1165,-0.013663656182457701,5,28.324200975185718,27.965513032393133,5
1166,1182,-0.04743499455344559,16,27.981046207932344,26.681746479667297,16
1183,1190,0.006901264764195868,7,26.724507874789403,26.93566528720095,7
1191,1192,0.0006610671583022001,1,27.034962061268256,27.079868948874175,1
1195,1196,-0.0021642898323014598,1,26.96619610526142,26.934799637320218,1
1198,1199,-0.0020488917473247747,1,26.855469680956507,26.82730120043762,1
1201,1202,0.00047187580048563163,1,26.873439122287646,26.912993487007565,1
1204,1208,0.00010563414941297793,4,27.05972281455006,27.089640968167476,4
1210,1211,0.004068782809868089,1,27.408759745791667,27.54768879603094,1
1212,1215,-0.004689945738432021,3,27.64045445872262,27.53846268158433,3
1219,1222,0.005307899061851814,3,27.78998799191352,27.965284431096585,3
1229,1231,-0.0013461881269244207,2,27.63636748387001,27.626800101575775,2
1238,1239,-0.0054316414926852425,1,27.55451440339846,27.432402674057567,1
1242,1250,-0.02772284405553382,8,27.56629926743057,26.829649350918846,8
1252,1261,-0.009055226938519175,9,26.744162396168843,26.528732098787092,9
1266,1267,0.0017957231666042403,1,26.880443418423,26.95559369681648,1
1270,1271,-0.00958616847254757,1,27.14642878488723,26.913344973912174,1
1272,1273,-0.006120218496936156,1,26.98031215204745,26.842167058713425,1
1275,1285,-0.025383623633268394,10,26.62468427675062,25.975477995991735,10
1288,1292,1.7301700952465724e-05,4,26.10146374642073,26.128016809887313,4
1296,1297,0.00042476486716839677,1,25.999043881376735,26.03608640567889,1
1300,1303,-0.01964636899766965,3,25.93956404802543,25.455885365147264,3
1305,1310,0.016965286361721794,5,25.220449988956737,25.67354259517983,5
1316,1326,-0.04813297050161812,10,26.536821684744254,25.286062451070503,10
1327,1332,0.019181863319160993,5,25.363463200815193,25.875345148434615,5
1335,1339,0.006066792654289405,4,25.9911771110114,26.17485137049583,4
1340,1342,0.005680252471157238,2,26.240594125007778,26.415887918755995,2
1343,1346,-0.0022411750911234306,3,26.40280728971276,26.370036782969038,3
1349,1351,-0.008911017043926057,2,26.327058139337446,26.118784333680715,2
1352,1357,-0.013176606872147771,5,26.02762533417099,25.710697172661234,5
1358,1359,-0.0004300368638515931,1,25.712759012976193,25.727414337742257,1
1360,1366,0.0023277051052497536,6,25.79658320755032,25.882426629188085,6
1372,1375,0.01254286611886864,3,26.346409595988902,26.703215493860256,3
1376,1378,-0.005044146790572178,2,26.70114870299294,26.59316533816114,2
1385,1386,-0.0019588599995869083,1,26.588528500992023,26.563033824564545,1
1390,1391,0.0007406807002199743,1,26.614278339414483,26.660605300070184,1
1393,1401,0.013270436867111001,8,26.951250962577486,27.335857087928613,8
1402,1403,-0.0005125961066404624,1,27.472693266718196,27.486083564377466,1
1405,1406,-0.0030531072383453792,1,27.4654483359183,27.409058825135425,1
1407,1411,-0.007472644063619332,4,27.309341090509296,27.132577446018455,4
1415,1416,-0.0017932875474246325,1,27.117487539766433,27.095975574583694,1
1429,1430,-0.002686668250673082,1,27.858066566250983,27.81107924984855,1
1433,1434,-0.003677398286767523,1,27.974669652067607,27.899770319468274,1
1435,1436,-0.0015576577719894616,1,27.924547025022132,27.908974684344344,1
1437,1444,0.004426417651596815,7,27.88608964164053,28.03741121070594,7
1446,1447,-0.0051352321788793905,1,27.7496558182835,27.634904548590907,1
1449,1453,0.003987797720567408,4,27.60731737403499,27.745017088704184,4
1456,1457,-0.0054135645882705035,1,27.952173147568452,27.828804425999138,1
1458,1459,-0.006462905207948953,1,27.610209363544723,27.459377407020053,1
1461,1465,-0.017000922809324293,4,27.40270547821005,26.96423690308656,4
1466,1472,0.001220094660688962,6,27.01192990924302,27.071898950609434,6
1474,1477,-0.02077091560227687,3,26.966297600707318,26.433149206737852,3
1479,1493,-0.026129164199981566,14,26.37732608434335,25.714485926013428,14
1498,1504,0.006527317170309896,6,25.53965616239903,25.731901254754067,6
1505,1506,-0.004370655578946056,1,25.704718210427423,25.61807645858621,1
1508,1510,6.28191657201019e-05,2,25.742974041024567,25.770334167218003,2
1511,1512,-0.0033574563866455654,1,25.755737828080463,25.695019799444886,1
1514,1518,-0.0006223955407996507,4,25.748696002495098,25.758418824924235,4
1519,1520,-0.001937470264247137,1,25.764267891038237,25.74011465601029,1
1521,1523,0.00409290695886972,2,25.74561158964908,25.87673159407436,2
1527,1528,-0.006062266056311699,1,25.785122205376265,25.65459105647814,1
1530,1533,-0.0048218501665016865,3,25.49536308873626,25.39792363107055,3
1535,1536,-0.0006524776280995824,1,25.272648138424874,25.281430949050144,1
1537,1538,-0.0012990594586235443,1,25.26200748005591,25.25445263777518,1
1540,1541,0.0020898805585065935,1,25.440915171234067,25.51952456041228,1
1542,1547,0.0018159409352967908,5,25.646382094995992,25.718600792179554,5
1552,1557,-0.007208972213092301,5,25.903316420457404,25.742483448575847,5
1561,1562,0.0008633470761950364,1,25.748477979102173,25.796456330261005,1
1563,1565,0.0034143689772394977,2,25.80307880388228,25.916983114471403,2
1567,1569,-6.503193846545846e-05,2,26.164894109056018,26.18935744938142,2
1571,1575,0.0015128163196947734,4,26.346047115229805,26.4122498923804,4
1580,1582,-0.013924993955913328,2,26.224724457954107,25.885770052839558,2
1584,1588,0.004598034862579963,4,25.95138087900052,26.096657613893257,4
1589,1590,0.005194810594146783,1,26.142588567150174,26.304536951764376,1
1598,1599,-0.0008346059208789694,1,26.039073648593938,26.04338035720121,1
1601,1603,0.003603821346002389,2,26.082629107428637,26.20270887207328,2
1610,1614,-0.007001588171926842,4,25.47661124367078,25.32371111496999,4
1615,1621,0.008392553691346352,6,25.349379017830227,25.587474421297486,6
1622,1626,-0.010120072212327899,4,25.552431998990652,25.31939197395926,4
1628,1631,-0.016942495716250474,3,25.22667604862628,24.82449987378582,3
1634,1635,-0.00943233914736541,1,24.18151034467273,23.977603648350925,1
1637,1642,-0.028157695666299623,5,23.739493178324203,23.09478324731508,5
1643,1644,-0.01277224445467209,1,22.906061588261622,22.63640583175083,1
1645,1647,-0.006779049031007418,2,22.35599245120281,22.226796074690476,2
1648,1650,0.04418713728304561,2,22.796509712576725,23.826618726533212,2
1651,1656,0.03112350754375666,5,23.950735062000383,24.72011668044307,5
1658,1659,0.01270725405250198,1,25.090444288022546,25.434365382168618,1
1660,1665,0.0532504047736057,5,26.072705993753416,27.487160847457755,5
1666,1669,-0.03642137468926107,3,27.82219908078815,26.836698542468337,3
1673,1676,-0.017479478521165142,3,26.84119048758966,26.398861665466924,3
1678,1680,0.0022748414894874815,2,25.780327453877394,25.864753939835925,2
1683,1688,0.006576905675458537,5,26.348256176171034,26.5478944279307,5
1689,1690,0.0055531490243369026,1,26.76651142978581,26.941916368046815,1
1700,1701,-0.002051635289569781,1,27.8390716394584,27.809795089293484,1
1709,1712,0.012546606642699562,3,30.148371111383327,30.556779235747364,3
1714,1717,-0.010722810686065228,3,30.674340165641837,30.376099363291335,3
1718,1721,0.03148102019654252,3,30.337342318801422,31.322730147367835,3
1722,1725,0.008900784076104628,3,32.059352396013445,32.37676512170612,3
1728,1730,-0.0027215853274736804,2,31.940862162576128,31.885873242930177,2
1740,1741,-0.005460589818650418,1,31.04899764370774,30.910500800938916,1
1742,1743,0.003409092007607752,1,31.209559073005646,31.347164890475398,1
1746,1748,-0.007056968327093262,2,30.54902235871071,30.363987897860337,2
1751,1756,0.0011542052770409047,5,30.30597124880491,30.371256531994934,5
1759,1761,0.015402607921425001,2,30.74610964104519,31.2504260225964,2
1763,1767,-0.026680460972529584,4,31.290075948866257,30.48653237463391,4
1771,1772,0.02547386145024796,1,32.57231099449433,33.43462584287696,1
1778,1779,-0.001334536609919933,1,33.675135201521655,33.66386963595274,1
1780,1781,-0.000805226648892859,1,33.49407762638026,33.50060138012179,1
1787,1792,-0.010154631410498521,5,31.981419316603052,31.688641210774954,5
1794,1795,0.0015754397000358792,1,32.56059230357544,32.64445014565075,1
1796,1801,0.05071459879159245,5,33.235271822614656,34.95402057065069,5
1802,1803,0.0032695484037983885,1,34.927500332250105,35.07662498554233,1
1806,1807,-0.00728527973523844,1,34.631171453345765,34.41350485320248,1
1810,1811,-0.010408031973956455,1,33.70020666367174,33.38315404185098,1
1813,1818,-0.012620604759888555,5,33.146775845601965,32.761590264435604,5
1819,1825,-0.05812510727476285,6,32.43672426508194,30.583772911797233,6
1826,1829,0.027717381497583248,3,29.874701313187032,30.732624507924175,3
1830,1837,0.01819892587042863,7,30.57234476533149,31.159300946166276,7
1838,1843,-0.03434423001569046,5,30.807979351284718,29.78071100147684,5
1845,1846,0.008902333721717486,1,29.912749884123176,30.20895591601003,1
1847,1848,-0.00429829760279708,1,30.29073884571866,30.190830974396874,1
1851,1854,-0.00481978910866329,3,30.517604804392676,30.401033989938366,3
1855,1856,0.003862361463410912,1,30.91077014926313,31.06106948684126,1
1861,1862,-0.006049339710922899,1,30.901460789360574,30.74542881627133,1
1863,1865,-0.0012446057567042806,2,30.806618347939537,30.79908287174704,2
1867,1873,-0.03043349703750921,6,30.52862710199505,29.630062846629254,6
1874,1876,-0.007758883818974946,2,29.668961300874813,29.468432238412536,2
1878,1879,-0.0012855958295513222,1,29.793585168066787,29.785076244395405,1
1883,1884,-0.008874120391880257,1,30.553649773847347,30.313066657116728,1
1885,1887,0.01202923469859354,2,30.30804239197103,30.70293298955094,2
1888,1894,0.029341386557806704,6,31.05364525072933,31.995855905310705,6
1898,1901,-0.0029205295786915633,3,31.779874760273085,31.718840570788867,3
1902,1904,-0.0021479340301637498,2,31.86184031698014,31.825265026216634,2
1905,1908,-0.0005351452433716244,3,31.862481460236744,31.877292886301518,3
1912,1913,-0.006511996876967048,1,31.224373315933843,31.052264667731162,1
1916,1918,-0.0025034195460367633,2,31.492303753722126,31.444957608709053,2
1926,1929,0.0009959347737334683,3,32.53869936260169,32.603644484151566,3
1933,1935,-0.003116660744470298,2,32.49972515404973,32.430934261610076,2
1936,1940,-0.0214348110057289,4,32.277229434353494,31.61765035107393,4
1941,1943,-0.0027311643717651854,2,31.58517861405727,31.530499478164774,2
1947,1952,-0.018418756620712573,5,31.329690444316434,30.78396619146462,5
1953,1964,0.07636881054898763,11,30.746618979437535,33.125448318279545,11
1970,1973,-0.0033678351060277287,3,34.29019436496419,34.20900083895431,3
1974,1975,-0.007614491385594973,1,34.07687188678164,33.8514707112385,1
1976,1977,-0.0029691161729341114,1,33.83777837808428,33.771147861423835,1
1978,1980,-0.006225017442081283,2,33.88593904164024,33.70888441910637,2
1982,1990,-0.010593806509721252,8,33.59504871442392,33.272744317373075,8
1992,1995,0.011891336393082704,3,33.3405981151749,33.7704029810242,3
1999,2000,-0.0017749589944296722,1,33.21913397886916,33.19339051220507,1
672,673,0.00046070026984571487,1,26.98372356991326,27.023138702213274,1
677,678,-0.0031183731976871048,1,26.812603598901717,26.755804498077595,1
682,683,-0.002577904221136438,1,26.276314265922878,26.23485275872677,1
685,687,-0.002742565187763706,2,26.166854948568094,26.121257498061457,2
691,693,0.005676082119269961,2,26.51305768052507,26.690061030833196,2
696,697,0.001241727590901973,1,26.966406002840536,27.026857339204568,1
701,708,0.029422584291383502,7,26.91799543971194,27.736910424931654,7
711,715,-0.00817270795522176,4,27.426716661302365,27.229992832520228,4
717,723,-0.007011757608678768,6,26.93917779704107,26.777225989948157,6
725,726,-0.006066545341136728,1,26.45820154628712,26.324149868507924,1
729,730,-0.0032798292043709812,1,26.114726543127475,26.05518942689029,1
734,739,0.012733556697578648,5,26.118463727709,26.477163130167142,5
742,743,-0.0016022767044045025,1,26.23284394385086,26.2170445130532,1
745,747,-0.0003692786469951824,2,26.37031963375503,26.386951957433602,2
749,750,-0.002934636325554795,1,26.408361320802715,26.357270745693114,1
753,762,0.01954564059030148,9,26.263444174895348,26.803043459576195,9
768,770,-0.0007761804707075016,2,26.95901893660856,26.96505289153714,2
772,774,0.0005079545443902455,2,27.15784893554554,27.19880173726376,2
785,786,0.0040398685170619005,1,28.030761851859964,28.172033206026413,1
787,792,-0.01600489493008807,5,28.247184983578272,27.82333894082892,5
793,795,-0.008212606869466208,2,27.81195644531088,27.611359737200136,2
796,801,0.012626615423716177,5,27.678182459692767,28.055342407698447,5
804,805,0.0011473797767653014,1,28.43514765766875,28.496208718698163,1
810,819,-0.010732417224545487,9,28.69437676254153,28.415111115890173,9
823,829,-0.009269870492291124,6,28.484458629128376,28.24889584522246,6
830,832,-0.008863786542563236,2,28.096804181940055,27.87585691132508,2
839,844,-0.002177024578451571,5,28.67895147226651,28.645195641499434,5
848,854,-0.01924145026212081,6,28.602224318545083,28.08047826625232,6
855,857,-0.004611644805207486,2,28.178221317142146,28.076451590502103,2
858,863,-0.010318079599307306,5,28.031930900291982,27.77072713684078,5
864,865,-0.0034230018973393193,1,27.91873415752118,27.851087011686193,1
866,869,-0.004368720958511284,3,27.7035672561746,27.6102416685332,3
870,872,0.004207032455032515,2,27.756010967702903,27.90053741763397,2
873,874,-0.0017656528149882706,1,27.900284533860365,27.87892260246804,1
875,876,-0.003988818641531106,1,27.811316608140974,27.72819362661704,1
877,878,-0.008296125432415313,1,27.664832938378044,27.462986847192823,1
883,886,-0.005237591807012589,3,27.196132360458435,27.080886252785326,3
887,888,0.001892272431732006,1,27.203201870876715,27.281880941702692,1
891,896,0.004180034076528977,5,27.104984704371873,27.245389448784316,5
898,907,0.009261679517072487,9,27.39654672993039,27.677681312347435,9
909,920,-0.01954303961611274,11,27.80612763907302,27.290517512691,11
921,923,-0.007112022897231492,2,27.315869697521567,27.148914476472523,2
926,933,0.009358036302122626,7,27.063831153214732,27.344159298774247,7
938,939,-0.002007506077704048,1,27.18925776862687,27.161864426176717,1
942,945,-0.018392273064011304,3,26.93075240122604,26.46236540164464,3
946,948,0.0019502156997134672,2,26.364109902942992,26.441889713887626,2
950,955,-0.004325611420337737,5,26.699541113464914,26.610748814620198,5
956,960,0.003732474522316425,4,26.732883362928526,26.85939605235164,4
962,963,-0.004909144224152578,1,26.734593275586487,26.63008389469816,1
969,970,-0.006595958419156831,1,26.480890423375058,26.332704461663603,1
972,977,-0.0052616322511625496,5,26.21129848337296,26.09959556841137,5
979,987,-0.007856711182096063,8,26.131273338261707,25.95209874416084,8
988,990,0.004421827303934341,2,26.035733729545576,26.17689498155839,2
994,996,-0.0037711188324198465,2,26.332341771571347,26.25937172338643,2
1002,1003,-0.0038244755946702296,1,26.021585435081033,25.94808810208502,1
1005,1011,0.005670025404221257,6,26.052570552085182,26.226341859512857,6
1014,1015,0.00390281177571513,1,26.654266031475494,26.784946880847656,1
1022,1024,0.0008304596791843129,2,27.65047458829807,27.70108766714226,2
1025,1026,-0.004969887409297869,1,27.752874827982303,27.642699039630877,1
1031,1037,0.015748118679870155,6,27.78190099813019,28.247195573199278,6
1038,1040,-0.0020400841682398103,2,28.409566634502138,28.380018294019038,2
1044,1045,0.0002956083376704315,1,28.40126820348822,28.43806512337307,1
1048,1049,-0.0029520965660850057,1,28.10366347889955,28.04880241392798,1
1053,1056,0.008232878545336466,3,27.83571883733151,28.092722648578725,3
1057,1062,0.039462010537383525,5,28.27086686501167,29.414762978004738,5
1065,1066,-0.00236586732661289,1,29.38674642766332,29.346608030882315,1
1068,1069,-0.0013505640003450747,1,29.34327919266372,29.332992495326696,1
1070,1071,-0.011022499083811945,1,29.160401914142096,28.86814181267402,1
1075,1077,0.002730923218301976,2,28.657926531015754,28.764847054498713,2
1079,1081,0.006319385783556092,2,29.02998113942468,29.242462770673487,2
1086,1094,-0.02135267986484336,8,28.616153984724075,28.033738563709925,8
1098,1099,-0.002207755134890893,1,27.773933174896513,27.740389064488415,1
1102,1103,-0.00048270976373472466,1,27.92139315079531,27.93583661485514,1
1104,1105,-0.0035146104018102388,1,27.970611752778527,27.900276561519995,1
1108,1110,0.001851161808652506,2,28.205139028545027,28.28555644375095,2
1114,1118,-0.01794874816578686,4,27.6548889151608,27.18617316738493,4
1120,1123,0.008814833582552382,3,27.23051609907454,27.49777908295397,3
1124,1127,-0.004153008787011581,3,27.578377972273767,27.49142310419566,3
1128,1131,-0.0015031518854565825,3,27.607774754748096,27.593883850826984,3
1136,1138,0.005744732188924073,2,27.621437790503542,27.807736991073515,2
1140,1143,0.006480560259919073,3,27.90883082282829,28.117604513582343,3
1148,1156,0.005345610711095566,8,28.403119635916774,28.583354776106976,8
1157,1160,-0.010262408510462666,3,28.583582567307605,28.318829748876663,3
1163,1167,-0.009556114349780154,4,28.20063480810152,27.959346951947012,4
1169,1170,-0.0023321818347021113,1,27.78378114236737,27.74676809383017,1
1171,1172,-0.0040181263543037846,1,27.736948524009993,27.65323490868171,1
1176,1178,-0.010573487247997969,2,27.20244747578674,26.942025191762962,2
1179,1180,-0.0049594741052328365,1,26.911503184589755,26.80494778459748,1
1182,1185,-9.985474146247976e-05,3,26.644538886582346,26.66852284192702,3
1188,1193,0.010828777393547363,5,26.796600892332982,27.113571919192122,5
1196,1197,-0.0031273728353095566,1,26.93044655441693,26.873155453974306,1
1203,1211,0.020795257530701747,8,26.973981372860212,27.561886243510052,8
1213,1215,-0.009664923396337989,2,27.73909225654749,27.498735147060554,2
1218,1219,0.0026928174767609702,1,27.58589892196156,27.687768611612743,1
1220,1221,0.0014841095109344809,1,27.801789837444606,27.870852528000803,1
1222,1231,-0.012610227643175816,9,28.016993151778,27.69170948340856,9
1234,1235,-0.0032903304020975477,1,27.735223500858552,27.671700675265566,1
1237,1245,-0.0009572305256413419,8,27.587782682007635,27.588962596971665,8
1247,1248,-0.012607427177277798,1,27.3163611786571,26.99928850552762,1
1250,1255,-0.010522534747023606,5,26.836043709817236,26.580496551117857,5
1257,1260,0.0010087477945001518,3,26.388537562645784,26.441545479274833,3
1261,1264,0.008297311266804174,3,26.57859189708427,26.82570133898482,3
1267,1268,0.002493935858765155,1,26.992670883319065,27.08698154404214,1
1271,1277,-0.013324688060733302,6,26.914621085455806,26.58290677630473,6
1278,1283,-0.013909204342780545,5,26.512309145957694,26.170056329593557,5
1288,1291,0.003059661058736952,3,26.05290625314462,26.158672222127436,3
1296,1297,0.002279085143352002,1,25.927613855148422,26.012632708543407,1
1299,1301,-0.007719247719634833,2,25.96910897593613,25.794616099668623,2
1304,1307,0.008439634454662077,3,25.120436558281977,25.35756429673369,3
1308,1310,0.005155204870500098,2,25.538722181173544,25.695918248329452,2
1313,1315,0.010459534878172229,2,26.10402784825055,26.403167865838356,2
1318,1323,-0.017561679570843373,5,26.009681807870578,25.57891779202903,5
1328,1329,-0.0018352243759122938,1,25.34275074370985,25.321583860536034,1
1330,1333,0.016911900280241265,3,25.48078031453464,25.93718951059132,3
1338,1340,-0.0027542057168697953,2,26.23859231329697,26.192564424658368,2
1342,1344,-0.0008145410637409387,2,26.384627037765686,26.389520302629702,2
1352,1354,-0.015643078034959467,2,26.02688793834069,25.64577418725242,2
1357,1359,-0.0008991560631495451,2,25.69336118890155,25.69595220859476,2
1363,1366,0.0018016773833751634,3,25.806947991820817,25.87925073434344,3
1372,1373,0.006791237530365555,1,26.353275277354037,26.558599904743012,1
1374,1376,-0.0022443621750233957,2,26.697587173610025,26.664365705966794,2
1380,1384,0.0015604347468421574,4,26.526939715999283,26.594860214175515,4
1387,1390,-0.0001458114691986409,3,26.54230929841291,26.564981434596596,3
1392,1393,0.003837328993445393,1,26.828561562733483,26.95834014143333,1
1402,1403,0.0012073710785266223,1,27.409892376977123,27.47039618067559,1
1405,1408,-0.008902003519310742,3,27.489817418274978,27.27259278429056,3
1412,1413,-0.005534262456763128,1,27.069163808533233,26.94642511534023,1
1414,1415,0.0005170023297473634,1,27.00087768237069,27.04183807672007,1
1416,1417,-0.004062162184360807,1,27.129912527139787,27.046836334934163,1
1428,1430,-0.004959004023980364,2,27.92491935302657,27.81436448493861,2
1431,1432,0.0015229222852821138,1,27.965871688011262,28.036427408920286,1
1437,1439,-0.002341773292128745,2,27.824324701641284,27.786990765885104,2
1443,1444,0.0004230088227297473,1,28.020481471003006,28.06035486335338,1
1450,1451,-0.0024159866892727094,1,27.5915654775746,27.55249618812216,1
1453,1454,0.004102231075776015,1,27.728614957991002,27.87009275891789,1
1455,1456,-0.0033602759129730767,1,27.96005187159474,27.894058434636737,1
1457,1458,-0.011467368601826258,1,27.875510351432514,27.583727109620046,1
1462,1464,-0.012110916051175622,2,27.292085215501782,26.98884514781081,2
1465,1466,-0.000545790933863048,1,26.978315849761103,26.99056964540917,1
1467,1473,-0.000993517248611923,6,27.046472000702746,27.04664733625665,6
1479,1486,-0.016246540991448725,7,26.355065348250516,25.953241764086105,7
1487,1489,-0.0032718914569167382,2,26.078844694958608,26.019596390489873,2
1495,1498,0.004734691817737103,3,25.343288181845804,25.488624129216788,3
1499,1502,0.0034411980513203147,3,25.654177955616664,25.768113240761373,3
1504,1505,-0.008727131767443691,1,25.797609067380634,25.598267542831984,1
1507,1508,-0.000751705430211104,1,25.66079198427672,25.6671634195829,1
1513,1514,0.000467011543310802,1,25.677862704892295,25.715532425887922,1
1517,1519,0.002918164369149722,2,25.68003665879768,25.78065526343264,2
1524,1527,-0.004925424313615245,3,25.879909815745346,25.77832018852045,3
1528,1531,-0.014391892677362322,3,25.68853910745687,25.34452094869158,3
1532,1536,-0.0066149654257777754,4,25.376028110699362,25.23354259021422,4
1541,1543,0.0027181278235776036,2,25.6226370282254,25.717905267873476,2
1544,1545,-0.0002538026432347166,1,25.711305554268318,25.730491262511897,1
1546,1548,-0.0055397086376897395,2,25.793135903949885,25.67604258209362,2
1558,1560,-0.0014262817709713275,2,25.73947426838381,25.72850199970881,2
1572,1574,-0.0025359872426789507,2,26.442864535681288,26.402248633094594,2
1576,1578,-0.005104748386019625,2,26.505923357138514,26.39712321101834,2
1579,1580,-0.007266181004820885,1,26.336646296390555,26.171616103637426,1
1581,1582,-0.005333259335551944,1,25.996752569014703,25.884101898250986,1
1585,1592,0.016145601095881045,7,25.895276927388256,26.339267015852627,7
1593,1595,-0.005747403032784398,2,26.47782226710241,26.352121373370043,2
1596,1597,-0.005959830469138222,1,26.30771419756177,26.17723239511132,1
1598,1604,0.005071500584009281,6,26.053051646337675,26.211232764623638,6
1605,1606,-0.008262539494747655,1,26.230066274661638,26.03956938239206,1
1613,1624,0.0021686254647171528,11,25.309462615817885,25.389658823560673,11
1630,1631,-0.005762917341345653,1,24.980803847261274,24.8618223434164,1
1633,1640,-0.04160417899355627,7,24.39439305071214,23.40387874884186,7
1642,1645,-0.034097931268174855,3,23.08731604990975,22.323173650123206,3
1646,1652,0.09960474365456909,6,21.94968429549528,24.157926657342305,6
1654,1658,0.031432932035777274,4,24.225837189387878,25.0115521204611,4
1663,1670,-0.01827092009829868,7,27.166166522748878,26.696981831357405,7
1671,1672,0.0019378510372114323,1,27.01150517352282,27.090860952013497,1
1675,1677,-0.019461215772371282,2,26.64083214342212,26.14900999286688,2
1687,1688,0.00022769727804747698,1,26.538742432907473,26.571323974755156,1
1689,1694,0.03509422436281346,5,26.756731568963488,27.72249504142923,5
1695,1700,-0.007393533390433747,5,27.95968584037507,27.780924655368594,5
1701,1707,0.05893164144595513,6,27.809768179937752,29.476453235192913,6
1715,1716,-0.00677289655715553,1,30.886611220565893,30.708306008988487,1
1719,1720,0.008461607589381234,1,30.463517068874598,30.751750913172707,1
1726,1727,-0.010652727563579038,1,32.51458592731052,32.20073148751161,1
1729,1733,-0.024395446068697,4,31.913909319382945,31.167269175060035,4
1735,1736,-0.005360827536030563,1,31.027360345382515,30.89205537801803,1
1739,1741,-0.005960859556589625,2,31.122616301599585,30.968221373093723,2
1745,1746,-0.012436710505716226,1,30.81864987585952,30.466185899052288,1
1748,1749,-0.003133509824200486,1,30.368113980122178,30.303323310603147,1
1751,1752,0.0032244252958880046,1,30.286739668651883,30.41468373783811,1
1754,1761,0.020920313218992615,7,30.524207813656314,31.193308009693283,7
1764,1765,-0.011781953841859222,1,31.16658209179329,30.83054544227106,1
1770,1775,0.07807013910319384,5,31.346244133323168,33.824796017307705,5
1777,1781,-0.0008334554682087145,4,33.52447105364631,33.53005437098149,4
1782,1784,-0.022598972080847334,2,34.08242660010529,33.34628121952209,2
1785,1789,-0.024647978229930884,4,32.603529027164456,31.83252148251115,4
1791,1793,0.041714250101412526,2,31.1363040110158,32.46626788777594,2
1794,1797,0.04379735168237807,3,32.56514320329124,34.023975375956084,3
1800,1804,0.004150964161535599,4,35.10959195025925,35.290440200121175,4
1813,1815,0.012972763851720442,2,33.089109582571346,33.551455896832316,2
1816,1820,-0.036413526379489414,4,33.38100517552266,32.198866068165415,4
1822,1825,-0.03568745135183893,3,31.67868193727964,30.579829198689875,3
1827,1834,0.06438341751173945,7,30.009432445387393,31.971551696254497,7
1835,1838,-0.03264967627415371,3,31.79146886078581,30.7852791630621,3
1839,1841,-0.016886861942480506,2,30.43867210290562,29.955097121494326,2
1843,1844,-0.0011928398533512016,1,29.833686829872327,29.82793370607913,1
1848,1850,0.006645617264078685,2,30.207266460266755,30.438219658215996,2
1854,1855,0.01589176516146341,1,30.396195567514823,30.9096409648432,1
1857,1858,-0.010447614929055386,1,30.987693269008723,30.694933475463447,1
1864,1866,-0.005112121281465592,2,30.822832999907398,30.69608577237342,2
1869,1873,-0.023548320088962738,4,30.42311733272358,29.73712714500126,4
1876,1878,0.005791026054541641,2,29.538126862108452,29.738721051231387,2
1880,1881,0.007240721725578508,1,29.982657689592887,30.2297364282061,1
1885,1886,-0.0011876780687772983,1,30.33916168926988,30.333467693995715,1
1887,1889,0.017600369537289662,2,30.608841786388382,31.17817755472364,2
1890,1891,-0.0004305288596739079,1,31.316237093484595,31.334070786732944,1
1901,1903,0.006100923867440818,2,31.688146129290537,31.91316124245497,2
1904,1905,-0.003490939959060601,1,31.84441770539952,31.76509517286412,1
1911,1912,-0.010497383905322951,1,31.52398145946186,31.22458610531707,1
1914,1918,0.0030800761074651715,4,31.287023305687388,31.41467674195063,4
1921,1922,0.0165168625967502,1,32.55353253451636,33.12376829096232,1
1929,1930,0.0008259160320977644,1,32.623322395386126,32.682889842768155,1
1932,1935,-0.004916313769434528,3,32.52625902033848,32.39887598426893,3
1936,1940,-0.022199112615012534,4,32.28524132731645,31.60082286061581,4
1942,1943,-0.00330144199306101,1,31.533306277649064,31.46073420240163,1
1944,1946,-0.0070280693459147505,2,31.52203583370477,31.332018815774788,2
1948,1950,-0.011460757534870053,2,31.409238615858612,31.080674186343238,2
1952,1954,-0.004493018544131655,2,30.84762722158598,30.73987588765852,2
1957,1960,0.029344683592616175,3,30.745715287342186,31.678684289565247,3
1961,1968,0.06533112561217563,7,32.02053565398319,34.144493826616696,7
1970,1973,-0.0049340382381200905,3,34.29344096547571,34.158529257400815,3
1974,1979,-0.010338515658908698,5,34.091604445929306,33.773239463973674,5
1985,1989,0.008933709895140474,4,33.15502927732922,33.4843817197351,4
1994,1998,0.0024856122662268694,4,33.672213252611186,33.789581532155495,4
1999,2000,-0.002046382171479474,1,33.262750061423546,33.227944512784894,1
677,679,-0.010407249186925597,2,26.89566753616203,26.64265328960065,2
680,681,-0.0063361886300411134,1,26.461552941280317,26.320349103341826,1
682,683,-0.0014957472922493436,1,26.254153629610585,26.241138204038407,1
684,686,-0.005680630936554009,2,26.196969157230733,26.074350812949447,2
689,695,0.015237006243565932,6,26.368331222069376,26.79647398075453,6
696,699,0.005044743990931251,3,26.928816154800348,27.09159395443497,3
700,702,-0.002285511598156764,2,26.99762286314075,26.962917105827522,2
703,705,0.010096692612458498,2,27.187935840137094,27.48963200692234,2
710,715,-0.015054082835266668,5,27.609914362384306,27.221882338860738,5
720,722,0.004275129609471863,2,26.677950216359953,26.81867986146629,2
727,729,-0.010467242965506468,2,26.36108724216341,26.111520424406937,2
731,740,0.011711744114338701,9,25.999028735973766,26.329521736486804,9
741,743,5.608496744878089e-05,2,26.227465874072866,26.25516430651675,2
745,749,-0.0010990901404426636,4,26.357697844633325,26.355086056652155,4
758,762,0.014978757245769143,4,26.404721180478433,26.826635810363516,4
769,770,-0.00030000096918209225,1,27.001963567431563,27.020864915758946,1
771,773,0.0008375409406478837,2,27.130389916969815,27.180243119177987,2
774,775,-0.0016431282679768594,1,27.19366049929106,27.1761714875142,1
779,790,0.011458757466443516,11,27.610550114159224,27.95454326154662,11
793,794,-0.0030334603518419067,1,27.762927960622996,27.706473147364026,1
797,806,0.02209096443669687,9,27.864189704694454,28.50760071822293,9
808,810,0.0038561275563296013,2,28.513289882368667,28.651754055088052,2
811,813,-0.0012525412311386267,2,28.60455572488176,28.597331895162824,2
815,817,-0.00886001369670867,2,28.65139968076499,28.4261992868443,2
821,830,-0.010683493507584067,9,28.47987488381728,28.20409020028303,9
833,835,0.004963096941194301,2,27.949143545501986,28.11580699788717,2
837,838,0.001644593263263907,1,28.488611019984766,28.563951808767964,1
841,849,-0.011991282779065932,8,28.700630357890134,28.38517361368912,8
850,851,-0.0028134885870010023,1,28.270407171572636,28.219139110817117,1
855,856,-0.0039625042614285216,1,28.14394600042783,28.06056944046815,1
857,858,-0.00308628401713075,1,28.042136627892724,27.983632766439754,1
860,864,0.0038149465695740065,4,27.819241175682283,27.953189335549286,4
867,868,-0.003427598167325013,1,27.69491041551347,27.627678301744538,1
869,871,0.009593148791553,2,27.638969734428166,27.931753453270193,2
872,876,-0.007821527392313956,4,27.900498923684673,27.71017490601753,4
880,882,-0.004170917688911792,2,27.257326323678075,27.170895585485884,2
885,897,0.009247887854576524,12,27.0947630340703,27.37242712708978,12
898,908,0.012126319327226135,10,27.343370945701576,27.702288764217652,10
914,915,-0.007316434355618019,1,27.75628343466014,27.580962692389182,1
919,920,-0.004658457226315504,1,27.32683467154881,27.226860615772353,1
927,931,0.0038632621157588835,4,27.096461383446925,27.228238577564166,4
932,933,-0.0007906082121263819,1,27.302467087116796,27.308183999513528,1
934,935,-0.0019252820309227626,1,27.33319938936377,27.307908471121163,1
938,939,-0.0011699987929843997,1,27.15291163793646,27.148295675731998,1
940,943,-0.01771283998298818,3,27.12640928180184,26.67304994416204,3
947,950,0.013810558631796685,3,26.33184003968323,26.72182930047405,3
963,965,-0.007650044462356216,2,26.636948578205644,26.45981168581908,2
967,973,-0.013707898876521102,6,26.456831815769352,26.12062107246143,6
974,975,-0.003383649377416363,1,26.220691650677903,26.15819071534934,1
976,981,-0.0017115211577139909,5,26.1580585485449,26.13944653644289,5
983,987,0.001298723829790007,4,25.89688739652653,25.956417188702314,4
990,995,0.0007359386385035181,5,26.25696259070559,26.302543066596538,5
998,999,-0.002240704235049608,1,26.2823448695704,26.24973625298369,1
1001,1004,-0.00486904122563574,3,26.122969711916955,26.021898865165515,3
1005,1006,-0.0005943463498098444,1,26.087235593796088,26.09781797613808,1
1009,1012,0.009104799514398638,3,26.10003856798688,26.363774225034458,3
1015,1016,0.0037158561612296572,1,26.794297037139035,26.920655087907445,1
1021,1030,0.007220220333853204,9,27.470658439648798,27.696473304738735,9
1032,1037,0.010190082942139547,5,27.982041862396503,28.29516323172714,5
1038,1041,0.0006090730094904257,3,28.351274153853282,28.39689342387891,3
1042,1043,-0.0033654902300674144,1,28.49371994478523,28.426318328637564,1
1046,1047,-0.00509073417368535,1,28.286164549418736,28.17045336945394,1
1050,1053,-0.005071862168555197,3,27.89668421623693,27.783092763148705,3
1054,1059,0.019392323575630168,5,27.82781550919511,28.395289327461555,5
1070,1071,-0.009092031920052389,1,29.17168205887088,28.935623876488876,1
1076,1079,0.011976801654505001,3,28.675527545582913,29.047644178880237,3
1083,1085,-0.017961162838944108,2,29.110748427658407,28.616996283213357,2
1086,1087,-0.006799020929772128,1,28.60369540422602,28.437821975908086,1
1089,1092,-0.006951107240744521,3,28.510905435937033,28.341233980157046,3
1095,1097,-0.004032838664259775,2,27.993279485347273,27.90838038498468,2
1099,1102,0.0012086628563363804,3,27.793192766318246,27.85457855884021,3
1103,1108,0.007264206832887198,5,27.956424458877276,28.187462132913424,5
1109,1111,-0.006493308816081657,2,28.28940749364392,28.13400504205736,2
1112,1113,-0.00885392217119672,1,28.04734412446992,27.82706246660756,1
1115,1121,-0.001600198201538782,6,27.300536742161068,27.28415100910738,6
1123,1125,0.0007400161231151151,2,27.53388082218854,27.581790218751078,2
1130,1134,-0.005361813215051254,4,27.671254998644518,27.550558152914377,4
1138,1145,0.014635565484328851,7,27.80370638527906,28.238433057173143,7
1146,1150,0.007026689294248495,4,28.231742496253187,28.458349921505842,4
1151,1152,0.0014730918820211446,1,28.555305754438475,28.62592564928841,1
1153,1155,-0.0052982131071086765,2,28.67901451682241,28.555746000727243,2
1160,1162,-0.007262176368313028,2,28.35038088611829,28.172845800900568,2
1165,1171,-0.009160065133577769,6,27.9674073764528,27.739191510643643,6
1172,1173,-0.004850090560397783,1,27.704294962471373,27.597630917953886,1
1179,1180,-0.004061171122182751,1,26.920709080075536,26.838300182850926,1
1181,1183,-0.00039141690725879425,2,26.711869678936985,26.728126071199092,2
1185,1187,0.0016170654768313288,2,26.707727361180993,26.777623232422563,2
1188,1189,-0.00028108448148980877,1,26.826490504433036,26.84577648476384,1
1190,1191,0.0008972190471615504,1,26.987588662321254,27.03879002956837,1
1192,1193,-0.0004886980463662851,1,27.086811655260277,27.10066119497732,1
1195,1196,-0.005469163994647916,1,27.019449160601564,26.898694811257783,1
1197,1201,-0.003397742661916966,4,26.875358897941247,26.810918703357324,4
1205,1207,-0.0016188657777009526,2,26.991662991847193,26.9749587753383,2
1208,1209,0.0030239746920393577,1,27.14183506647057,27.251053123873554,1
1212,1214,-0.003058166105351334,2,27.643297933771215,27.5864034349238,2
1215,1217,-0.0033103957551983906,2,27.533709149219384,27.47009538447616,2
1219,1226,-0.0010491882895199227,7,27.732423410210696,27.731059299738906,7
1228,1229,-0.0016811063195838831,1,27.621221006423895,27.602408018241796,1
1230,1232,-0.00023761949954878678,2,27.65324513410424,27.674327428968677,2
1234,1236,-0.005671806190713676,2,27.755357237530465,27.6256895877627,2
1237,1238,-0.0031597014648967405,1,27.542306818229466,27.4828236578475,1
1249,1251,-0.010244297953170677,2,26.95901411042041,26.70979695145995,2
1253,1255,-0.002292669162971126,2,26.63036841312287,26.595944157076666,2
1261,1264,0.010078723437198914,3,26.577441732458638,26.871885859080816,3
1268,1273,-0.008870940150858871,5,27.054151562981666,26.841209955197172,5
1280,1285,-0.024918578873107097,5,26.643541584258962,26.006265933416955,5
1286,1289,0.0007596993666606966,3,26.059881020173915,26.105738576300368,3
1290,1295,-0.00883326675040906,5,26.200766963808608,25.99552936711579,5
1298,1300,-0.002845384481821315,2,26.008752519280502,25.96075637098989,2
1304,1307,0.006963471842093251,3,25.158502953926515,25.35885198378933,3
1309,1310,0.0030521479405318,1,25.594455943591594,25.69816846553245,1
1312,1314,0.01081142239302926,2,25.98304544703144,26.289942171863604,2
1315,1316,0.002889082877550491,1,26.39516687691548,26.49781986846658,1
1318,1319,-0.009698717150195928,1,25.99901897329835,25.772860861067052,1
1320,1322,-0.004579917872200724,2,25.702758627696326,25.610744862720175,2
1324,1326,-0.012877038548469104,2,25.553255621048326,25.24975861899825,2
1327,1331,0.009897338081628085,4,25.357806484103914,25.634139074369696,4
1332,1333,0.004603455157429492,1,25.78796114766695,25.932462831559437,1
1336,1337,-0.0005775001455176045,1,26.09022468675815,26.10124780289172,1
1340,1344,0.004980493095214706,4,26.24305014249004,26.399996522664576,4
1345,1346,-0.004956178165993972,1,26.42993248794335,26.325370966105854,1
1353,1357,-0.004959142999003692,4,25.82084397656981,25.71861556291161,4
1358,1367,0.008902898413167534,9,25.742824103552568,25.99775267551809,9
1368,1369,6.224025484501496e-05,1,26.049612752188665,26.077283699477164,1
1371,1374,0.017192084258169215,3,26.227768055379265,26.704905821746443,3
1375,1383,-0.0038879599580267698,8,26.69509075682221,26.617996403640618,8
1385,1398,0.025859619104041266,13,26.605927352980558,27.32055242759141,13
1405,1408,-0.007445151110037445,3,27.45667806844119,27.279715629310434,3
1410,1415,-0.0033416467880899325,5,27.15675931280489,27.09316777458513,5
1416,1425,0.008044694827241745,9,27.16578468501247,27.411490917230964,9
1426,1427,0.004662004395568116,1,27.641441770660396,27.797947735465716,1
1428,1431,0.0006352923922108569,3,27.87484716263492,27.92043068813402,3
1434,1438,-0.006710868948399007,4,27.96965512480276,27.809924089853094,4
1441,1442,0.0006788869225158611,1,27.971312911501865,28.018273582954585,1
1443,1446,-0.00944948468997019,3,27.992030487671492,27.755512254624733,3
1447,1455,0.006626722237798027,8,27.663376730140435,27.87435762062078,8
1456,1457,-0.0027975066753579483,1,27.903461083098787,27.853304425536326,1
1458,1460,-0.007415755936237024,2,27.595150958614234,27.418107205040148,2
1462,1464,-0.009498526138045148,2,27.29256229207514,27.060615738061713,2
1469,1472,-0.0008451969630838257,3,27.028721535628414,27.03290566380609,3
1473,1485,-0.04139790922173517,12,27.056845373056166,25.96380538984892,12
1487,1488,-0.0034845564290089883,1,26.072563120859492,26.007784366536818,1
1492,1494,-0.012733751247430706,2,25.829099537837422,25.52602730891531,2
1495,1498,0.0055364251713969055,3,25.38127152000084,25.547174302046233,3
1503,1505,-0.009793430113432419,2,25.809851762324502,25.58289463461445,2
1509,1510,-0.0021098115819344343,1,25.802594541978213,25.773958523711567,1
1523,1527,-0.005146351008496458,4,25.877153454956616,25.76985769363164,4
1528,1529,-0.007062367652935109,1,25.662892770409986,25.50731487939791,1
1535,1536,-0.0032099544602965657,1,25.32059526610961,25.264637903663907,1
1537,1539,0.001237053886542945,2,25.29681578513258,25.35340612520187,2
1540,1546,0.010381983812463882,6,25.477101895378535,25.767081856740226,6
1549,1552,0.004813330039775188,3,25.709062138987957,25.858517402214982,3
1553,1555,-0.007844163178900757,2,25.994124527411515,25.816216497453244,2
1559,1560,-0.004529598644352305,1,25.748065529231045,25.657185192044377,1
1561,1562,0.00074052698856496,1,25.724376744412613,25.769150716400276,1
1565,1568,0.0049240885589544505,3,25.974150069066457,26.12802323431918,3
1573,1574,0.0011369180435433688,1,26.395636621615814,26.45204193378336,1
1575,1577,0.0019374615488562362,2,26.421723914082197,26.49933671213431,2
1579,1580,-0.006454488961766626,1,26.354144347616767,26.210395958175887,1
1585,1586,0.0021134961134346704,1,25.90775976297304,25.988423472302856,1
1587,1588,0.000547242172939672,1,26.011087139448026,26.05133259043419,1
1589,1593,0.009997941977794078,4,26.174168328033375,26.4620303126221,4
1597,1602,-0.0017177004658761649,5,26.17695606037479,26.158168846815038,5
1608,1609,-0.010447596596525725,1,25.82786283963002,25.583851610570797,1
1610,1613,-0.008415504067340847,3,25.447620775270803,25.258913839907635,3
1625,1627,-0.004942481443007803,2,25.33392961943013,25.23405107202706,2
1632,1633,-0.01540456009810727,1,24.727535511812423,24.37134624045444,1
1634,1637,-0.02331652990204268,3,24.250626294742517,23.709436467892633,3
1638,1639,-0.007428248785872304,1,23.71343411975648,23.560998265667294,1
1640,1642,-0.013953017759610508,2,23.40168082744164,23.098558440079053,2
1643,1644,-0.014185223280833891,1,22.94880466301847,22.64621954950833,1
1645,1646,-0.020744656539716178,1,22.367898305360416,21.926251835805775,1
1648,1649,0.028608075574739874,1,22.811024810359132,23.486415356881512,1
1651,1653,0.01126296863574838,2,23.967794177256096,24.26171048551986,2
1654,1660,0.07110868142537337,6,24.27507605017872,26.025519775657767,6
1663,1665,0.01278212597178471,2,27.154472103700282,27.528718458930793,2
1667,1668,-0.010834539364317844,1,27.574522058607098,27.303339335969476,1
1670,1671,0.008103428377136998,1,26.7397563030854,26.983179759412636,1
1676,1677,-0.012503984719941734,1,26.43420617872005,26.130107474756265,1
1682,1684,0.004607918243087101,2,26.28148110438324,26.42886550172386,2
1685,1688,0.002857272974996825,3,26.461831653741104,26.563902161847995,3
1695,1699,-0.007279795267771391,4,27.971721083414643,27.796064401723594,4
1701,1702,-0.007697937270003368,1,27.794812325163864,27.6086444157784,1
1706,1707,0.017305083374654664,1,28.94273436310345,29.472533528710542,1
1711,1713,0.01110510175504259,2,30.268971593799645,30.635380574963083,2
1715,1719,-0.01186352209930782,4,30.84022890260975,30.505195394378536,4
1721,1723,0.029849507055589503,2,31.419940500373716,32.3892301765262,2
1725,1731,-0.0263037783770314,6,32.46726634953303,31.645721837316394,6
1732,1733,-0.007068011941370041,1,31.390852029231628,31.20037196426847,1
1738,1739,-0.005489456126969898,1,31.22842252166686,31.08822388884136,1
1741,1745,-0.00599938054452966,4,31.022873481697204,30.8677783315774,4
1751,1756,0.0016501046090936465,5,30.27422021483183,30.35445006535987,5
1759,1760,0.006025781617406011,1,30.7528791406763,30.96894215362517,1
1761,1763,-0.001507962800749879,2,31.302963330943598,31.28706259001824,2
1765,1767,-0.01732102706269782,2,30.91836355916412,30.413744110780673,2
1768,1771,0.07109244671351066,3,30.379678038584398,32.569823358754654,3
1772,1775,0.01120885361009976,3,33.425526943142835,33.83361430843211,3
1777,1778,0.0035313639831066135,1,33.523411508934366,33.67531828843681,1
1779,1780,-0.007996210976039541,1,33.70682698486062,33.47100691194167,1
1782,1787,-0.06757034925260974,5,34.149657326903686,31.876302711794764,5
1790,1793,0.04231635332501949,3,31.131237213647502,32.47972888423885,3
1796,1803,0.052443252699744584,7,33.280274936483295,35.05888107983075,7
1804,1807,-0.026162096444331453,3,35.32573750272325,34.43686788871259,3
1809,1812,-0.01988688767170587,3,33.85242923464742,33.21306220627826,3
1813,1815,0.009493712389004521,2,33.195702328982556,33.544048481773906,2
1819,1820,-0.009552969808572273,1,32.4542709402987,32.1766905407871,1
1823,1824,-0.01430365683452842,1,31.373725739774272,30.956340458911704,1
1827,1829,0.0243404242887198,2,29.9285841077404,30.686987127391177,2
1831,1834,0.03510964243983243,3,30.778417251025,31.889814892823484,3
1839,1841,-0.01729717812111983,2,30.43334220024627,29.937364601587863,2
1845,1849,0.00714240021654941,4,29.936816756695798,30.180574299938318,4
1850,1854,-0.0018966169543759809,4,30.434750752544087,30.40746243901715,4
1857,1858,-0.008293155183420008,1,31.01779464449094,30.791577054701214,1
1866,1867,-0.01044508845278681,1,30.74088755719988,30.450537155104954,1
1869,1870,-0.0031002548980452404,1,30.409699360445657,30.345831240415798,1
1872,1873,-0.004464153526571587,1,29.84298916037803,29.739608464234667,1
1881,1884,0.002736636380683017,3,30.295366628448075,30.408569397558065,3
1888,1889,0.0032797607176051286,1,31.064890682991134,31.197840981832897,1
1890,1891,0.0018546521597647158,1,31.261505357886723,31.35074608167411,1
1896,1909,-0.007909162736899011,13,31.987125627537917,31.766121371091625,13
1910,1913,-0.018916858184504993,3,31.584450576307493,31.018556454496284,3
1914,1917,0.005618278552037478,3,31.25097754789708,31.45780522233253,3
1920,1921,0.01466298626817358,1,31.9877686807279,32.488792662323654,1
1925,1933,-0.008166622346406511,8,32.772375624731374,32.53750838523435,8
1934,1936,-0.007288253362230288,2,32.44222362191073,32.23821870014202,2
1939,1947,-0.016524956237791304,8,31.752876100461886,31.259914088578206,8
1948,1953,-0.02364568130960728,5,31.39089229140433,30.68002414854898,5
1954,1956,-0.007350841733973503,2,30.795674392224072,30.600095938068076,2
1960,1961,0.006880468892162621,1,31.682737391846597,31.932412218281602,1
1962,1965,0.02470418619898446,3,32.37020553135803,33.202255321635455,3
1969,1976,-0.01664327591468464,7,34.36699296669505,33.829380613359014,7
1977,1978,-7.432299791479305e-05,1,33.79820376903119,33.82948998897197,1
1982,1983,-0.006222641737918189,1,33.578720307191055,33.40335068100884,1
1984,1986,0.0005606545385505935,2,33.19729693220342,33.24910644432828,2
1988,1990,-0.004704179819385869,2,33.424414952886664,33.3006049095434,2
1992,1993,-0.00023596971115538918,1,33.38440906455714,33.40991576425764,1
672,676,-0.004036545004848864,4,27.019734556915985,26.93768791691484,4
679,684,-0.020325250661399268,5,26.667768522616658,26.152407211336918,5
688,690,0.001969441685183246,2,26.279681117530195,26.357717098113913,2
697,700,-0.005702078033841585,3,27.072761095485962,26.945462860223437,3
702,705,0.019380948228840216,3,26.981113670258544,27.531014351128537,3
709,710,-0.004227775845456378,1,27.683797572180794,27.594440479066805,1
713,717,-0.01654516469503438,4,27.33879208759469,26.913806062029728,4
718,719,-0.0065687152217537076,1,26.79144208043759,26.642248169111525,1
725,727,-0.009245798871760254,2,26.533796182568107,26.31500383594237,2
730,734,0.001376427757054638,4,26.084699707361132,26.14668811178014,4
738,740,-0.013203955494284512,2,26.653573362577852,26.328294339497305,2
745,746,0.003143431866224707,1,26.278962728107686,26.38784781968666,1
747,751,-0.004035633723794687,4,26.387789893260948,26.307686228364556,4
754,756,-0.0005599504491294698,2,26.28867312689225,26.30024144569472,2
758,762,0.015180416574423306,4,26.39619444997018,26.82329587215018,4
763,765,-0.0012831852757977146,2,26.901624185311515,26.89400604144719,2
766,775,0.007834430781444086,9,26.942307463070875,27.18032741344576,9
776,791,0.020008514093391865,15,27.26088505315364,27.833595740991154,15
794,798,0.007501787866368165,4,27.7171195932276,27.95276466427598,4
801,803,0.0015169426753837128,2,28.101345076639642,28.17207455129872,2
807,810,0.00038969575969639066,3,28.58291986826797,28.622641430808645,3
811,813,-0.0028770505546481927,2,28.58912418482064,28.535460953412617,2
815,820,-0.006288054585374968,5,28.647104171966078,28.495616721391798,5
821,822,-0.0034539942720955437,1,28.49421938965968,28.42429473848962,1
825,841,0.001279290052470961,16,28.598921945290005,28.664107183591298,16
846,847,-0.0026984715871405116,1,28.614089074393334,28.56548885710857,1
849,850,-0.005883796558017032,1,28.41353266805483,28.27476675500948,1
856,858,-0.005335253923992369,2,28.113087450783055,27.991210078096508,2
859,861,-0.006234761913793324,2,27.930233894370865,27.784025769737273,2
863,865,0.0003188515979216321,2,27.76803594227571,27.804657860849325,2
866,867,-0.0018230965636044504,1,27.71978787894582,27.696971816798815,1
869,870,0.0008322576151255931,1,27.675688584264485,27.726397575426848,1
871,872,-0.002413392320146586,1,27.9249201322874,27.88545126463172,1
875,876,-0.00206789508210912,1,27.805525643964803,27.775832259874154,1
877,885,-0.022085251881696303,8,27.671473830686903,27.088013835029102,8
888,890,-0.006182342721366606,2,27.235353517719116,27.094210581652717,2
891,894,-0.004734233960128545,3,27.088490063162364,26.9873353036399,3
895,899,0.0035497506722111227,4,27.1360198605487,27.259481985150366,4
900,903,0.004360581807425229,3,27.335728732146478,27.482264142280734,3
911,912,0.001081261911948931,1,27.85972717786918,27.917710566921766,1
915,917,-0.012613926633946261,2,27.5861801294582,27.265796257323846,2
920,921,-0.0005271388470297008,1,27.26658530566577,27.27947861463097,1
923,924,-0.0017617922656956559,1,27.121064750334142,27.100404132969906,1
926,928,0.003045127710405095,2,27.0675537774526,27.177045489290652,2
934,935,-0.003500654944519455,1,27.390395110106336,27.321901183141907,1
937,940,-0.007591949175929153,3,27.231676303746244,27.052166477576595,3
944,946,-0.014789916088885226,2,26.734160853787866,26.36549901890737,2
947,949,0.009659457338882863,2,26.337115053717202,26.61785440806155,2
953,954,-0.00255793327099516,1,26.65631454823075,26.61478578891395,1
957,959,0.0006286307561196602,2,26.785006275327174,26.82862916035003,2
964,968,-0.003479020557264129,4,26.51677118697212,26.45103556608735,4
976,977,-0.00010721747669925358,1,26.111642335027167,26.13495435295856,1
979,984,-0.014470395914820414,5,26.13214361544016,25.780133294837235,5
989,993,0.00390831623013457,4,26.149063481945156,26.277411354636406,4
998,999,-0.0010226126863014185,1,26.25439688533621,26.25380320289541,1
1000,1002,-0.006804769101273901,2,26.148172833046782,25.996388727330743,2
1003,1005,0.00035999792371626095,2,26.003251638107468,26.038616006345165,2
1015,1019,0.012587299038142631,4,26.805229499200394,27.16944016819207,4
1024,1029,-0.005288642069622605,5,27.746738061694707,27.627742233548524,5
1030,1034,0.013292829661478048,4,27.75117109234425,28.14781385367366,4
1035,1038,0.005551799747602119,3,28.21124369844422,28.39607811778723,3
1039,1040,-0.004070686410708306,1,28.484655657683103,28.39718821264135,1
1041,1043,-0.0044021102723816935,2,28.475431515118462,28.378554957050376,2
1052,1053,-0.002309799443748171,1,27.798650148242785,27.762239491741667,1
1057,1058,-0.0014824820681703362,1,28.29021976446411,28.276570240723157,1
1059,1061,0.023362764007890523,2,28.387949088321882,29.07955799262868,2
1062,1066,-0.0042188059644149446,4,29.433836799804514,29.339094990357687,4
1068,1069,-0.002633566904050316,1,29.340669181963385,29.29273923584504,1
1072,1076,-0.003988552269228915,4,28.834681367164645,28.748507414732313,4
1077,1078,0.0036431718763014946,1,28.800216692200532,28.933941048377147,1
1079,1081,0.005663621192931758,2,29.102977452718,29.296908670049348,2
1082,1087,-0.026752959552015305,5,29.19173197345138,28.439958480685814,5
1096,1104,-0.004854340366884528,8,28.041215474357823,27.9331350856185,8
1106,1107,-0.0010519354914263024,1,28.00208498040967,28.00063067836525,1
1109,1116,-0.04248844022518455,7,28.264905649799832,27.09223880127763,7
1117,1118,0.004630917087873016,1,27.07970629508408,27.23218987599565,1
1121,1122,0.0012857909182593746,1,27.397423857941302,27.460048640579487,1
1123,1124,-0.0021095730467230586,1,27.522750608606664,27.492212106359673,1
1127,1131,0.0008338654629535857,4,27.552453749120588,27.602981242470726,4
1132,1135,-0.0011929507129735957,3,27.54678359508035,27.54146842354555,3
1136,1137,0.0018526231889025376,1,27.638312716114655,27.717154407870783,1
1140,1141,-0.003097207796608731,1,27.885643084326727,27.82716109623683,1
1142,1144,0.005582527715740096,2,28.01209884156022,28.19648925856084,2
1146,1149,0.005630258093498149,3,28.26386725301962,28.45126398762751,3
1150,1152,0.004832307765855305,2,28.521875949058366,28.68822430765282,2
1154,1156,-0.0038142537772308483,2,28.68415303583726,28.603428549809486,2
1160,1161,-0.00386293868696429,1,28.34940120395323,28.26823860649416,1
1165,1167,-0.0027123949660405617,2,27.97565378858721,27.92774841986794,2
1168,1173,-0.007697839403752178,5,27.868900819987854,27.682239397936478,5
1174,1176,-0.013687662097692142,2,27.49001783207181,27.141233774758952,2
1181,1184,-0.002252678009482921,3,26.745857543009194,26.712353595420304,3
1187,1188,0.0011947223643266288,1,26.769606838155337,26.828358692967267,1
1197,1200,-0.002104475550760504,3,26.893919583231543,26.864215906587745,3
1201,1203,0.002981665802013783,2,26.847694636201382,26.954593183797254,2
1204,1206,-0.0037017971717200502,2,27.00874290433925,26.935770759148593,2
1207,1208,0.0028533666126359103,1,26.969940444009804,27.07386551206153,1
1219,1222,0.007397717523456076,3,27.754834774305586,27.9879120366504,3
1223,1225,-0.006810058253896398,2,28.01844150807575,27.85565273073044,2
1227,1228,-0.0025399427555110694,1,27.627649871906545,27.585104872634506,1
1231,1232,3.161585891299132e-05,1,27.681836885136537,27.710393907071087,1
1237,1239,-0.005844180473489305,2,27.5657895018857,27.43225584264435,2
1241,1245,0.0018089558732409926,4,27.490943135399025,27.56816398158014,4
1247,1249,-0.014510003061558838,2,27.32963526602828,26.96041180991295,2
1253,1255,-0.0003422914791414252,2,26.570970587540398,26.588446541303306,2
1256,1258,-0.0074381518316456886,2,26.52204699519321,26.351294029752115,2
1259,1263,0.01284186753152963,4,26.392974573803695,26.758302631617315,4
1267,1268,0.0011151223685832417,1,27.011321298368276,27.068453548251444,1
1269,1270,-0.0019699856861142974,1,27.131807271248835,27.105489806557312,1
1273,1274,-0.008983642297500875,1,26.917432684619836,26.702533530498773,1
1277,1285,-0.02567607294242903,8,26.585363323235313,25.92934095867018,8
1296,1300,-0.0035871020849642774,4,25.981420075445673,25.914203489398155,4
1301,1307,-0.022522308826948497,6,25.877535022121798,25.320590721695517,6
1310,1311,0.004923011197754859,1,25.685948602493312,25.838086763690836,1
1313,1314,0.009021985034541182,1,26.06767895677527,26.328928845165297,1
1318,1325,-0.026844103575387183,7,26.02892914067506,25.35623480000704,7
1328,1332,0.015634737499742417,4,25.37865235157018,25.800819571535772,4
1334,1338,0.010495490402266019,4,25.936477353434633,26.23462987991963,4
1339,1345,0.007031496910510385,6,26.18181018449331,26.39208931210164,6
1347,1348,-0.003354880598883246,1,26.402746467804192,26.340571152389927,1
1351,1360,-0.013978279074447982,9,26.210080676583093,25.8699189349986,9
1364,1375,0.03325757614442537,11,25.818023215261697,26.702486111457066,11
1376,1380,-0.00861581751338002,4,26.713377584529812,26.509933375680017,4
1381,1382,0.0008302895784642183,1,26.6254869223007,26.67421927353612,1
1383,1384,-0.00016124716746683922,1,26.638964475812383,26.66130798272222,1
1387,1390,0.003560244448779985,3,26.459067415735387,26.57972723103789,3
1391,1394,0.014350925202679082,3,26.686166473418776,27.09582381889847,3
1395,1396,-0.0024935610568311596,1,27.283733997234474,27.242984074651265,1
1399,1402,0.002292447788393309,3,27.35593850947491,27.446006508719854,3
1403,1407,-0.006289254789265425,4,27.47970624336399,27.33435907550867,4
1408,1409,-0.004648136503760167,1,27.309657496193473,27.210028137776423,1
1413,1416,0.005451215919143528,3,26.961201095509324,27.135133625215904,3
1418,1422,-0.002707340385356096,4,27.12779441255088,27.081478033584695,4
1423,1424,-0.0004038831715232479,1,27.2642901362877,27.280542838454412,1
1426,1428,0.007228442472517739,2,27.635164432019753,27.862558792767196,2
1429,1439,-0.003260397400361598,10,27.897292440413402,27.834233473103964,10
1440,1441,-0.001789989279414476,1,27.97993008837593,27.957826243567347,1
1443,1444,-0.004418697942870347,1,28.100547848495076,28.004480563371896,1
1446,1449,-0.0076407806066895135,3,27.8015313032896,27.616907433374443,3
1451,1452,0.004102629490680032,1,27.569505200986168,27.710182171268176,1
1453,1458,-0.0074213799076602955,5,27.755913756474293,27.577682489559717,5
1459,1460,-0.0008446374890470636,1,27.470903900906002,27.475171849514194,1
1461,1462,-0.00905043346866348,1,27.43696605215352,27.21608658236868,1
1464,1465,-0.007885003106393628,1,27.104587336306768,26.91797216829878,1
1467,1468,-0.003017386880590127,1,27.066122171367,27.011519331590033,1
1471,1472,-0.0024733815573712366,1,27.054555038185,27.014693355748854,1
1473,1478,-0.02799531228352213,5,27.05725628770461,26.326837204682732,5
1479,1483,-0.017695823125071255,4,26.365765729711175,25.92556756853085,4
1485,1486,-0.0003035764451723411,1,25.901685649075258,25.919724193071016,1
1488,1501,-0.015865646971003983,13,25.9934529444339,25.607043449404543,13
1502,1507,-0.002946534318577853,5,25.726763771464803,25.6766857428777,5
1509,1522,-0.002163600711691703,13,25.81506379368093,25.785025367078237,13
1523,1528,-0.010771682631290944,5,25.895261477050603,25.64222120024257,5
1529,1535,-0.013261195508541958,6,25.58702024702431,25.273292789294523,6
1539,1540,0.0008755927007989721,1,25.430099066172957,25.477795574362066,1
1546,1549,-0.0010301555622753357,3,25.74712013156082,25.746343712676282,3
1550,1551,0.002021887621184763,1,25.72252777159153,25.800258359850083,1
1553,1562,-0.008152473177430708,9,25.954780876269655,25.769140002226045,9
1566,1569,0.00549248407846536,3,26.047354407134346,26.21646644090881,3
1572,1573,-0.004713359520818821,1,26.427989516381714,26.32985288989496,1
1574,1575,-0.0024585030738873024,1,26.432323664078325,26.393772038764283,1
1578,1579,-0.008340925433217338,1,26.474063322759957,26.279719197993302,1
1581,1584,-0.004882185989659669,3,26.047502827222555,25.94638157668109,3
1588,1590,0.007250721014115019,2,26.095732033288133,26.311040637953898,2
1597,1599,-0.0073358413957483794,2,26.18131591926133,26.015435254064908,2
1601,1606,-0.0009417858554388077,5,26.06314975074927,26.064666994716582,5
1612,1615,-0.002730227832829645,3,25.357131987967193,25.313258372440878,3
1622,1626,-0.01099623628060677,4,25.55750563548002,25.302026770404822,4
1627,1630,-0.0140195522874768,3,25.26166128737734,24.932765767377802,3
1631,1634,-0.026904607510810953,3,24.84249570548914,24.198960604649436,3
1640,1645,-0.04963414927494287,5,23.454134336254516,22.31346246583055,5
1647,1650,0.06718808142203177,3,22.297421707429883,23.81784011431749,3
1651,1654,0.011937714736158372,3,23.962811244703616,24.272835260864,3
1660,1661,0.020721576724407345,1,26.06540037216671,26.631581966203125,1
1667,1670,-0.03187427335516272,3,27.53454690160917,26.68443777385834,3
1671,1674,-0.011082599880567132,3,27.007973434448402,26.735662844723873,3
1675,1679,-0.037940010285455295,4,26.650639874549263,25.66616496346945,4
1682,1683,-0.0011908178551991821,1,26.27227876304476,26.26726554316,1
1684,1688,0.0035125957151568923,4,26.419674210554064,26.53889551919245,4
1689,1696,0.045933102182425044,7,26.71208081170875,27.96576162994987,7
1701,1704,-0.003052189198436742,3,27.831524424462543,27.774408870662633,3
1706,1707,0.018224188843241115,1,28.923009850094825,29.47903125336797,1
1708,1709,0.007646315983220139,1,29.818293118185284,30.076111502565393,1
1711,1716,0.011715891896214987,5,30.311929642466865,30.697372862966148,5
1717,1718,-0.004579704118788518,1,30.418555126353656,30.309665699280252,1
1720,1721,0.017336828305907676,1,30.808031112763977,31.372952689721792,1
1722,1723,0.007619643963809065,1,32.0860456164309,32.36261590585107,1
1724,1730,-0.010601130485115361,6,32.24402190338721,31.93444284172787,6
1740,1745,-0.008393541011763336,5,31.052500924478714,30.822912985375762,5
1749,1750,-0.006378907036448796,1,30.332434871314106,30.16927952395217,1
1753,1755,-0.0005548374957976035,2,30.479044217727367,30.492612345377026,2
1757,1761,0.029327483042690634,4,30.37016134396703,31.29121189712997,4
1762,1763,-0.009133680593395442,1,31.510278349940236,31.25398381043284,1
1764,1770,0.0058399106942553375,6,31.14128673367599,31.354290353838532,6
1771,1773,0.03989616142403154,2,32.48274862145169,33.81116835257082,2
1775,1776,-0.012223109769400609,1,33.84590836957044,33.466052024693674,1
1779,1782,0.014711573497940639,3,33.61869073859218,34.146893269036106,3
1784,1787,-0.045204773049030714,3,33.39712630235149,31.920813913666226,3
1789,1790,-0.027066112899799384,1,31.919958198314056,31.087928964159925,1
1791,1793,0.043760763210883354,2,31.096253406894185,32.4881454423858,2
1799,1800,-0.00407911917980721,1,35.087264066103096,34.9792261983502,1
1801,1807,-0.018491588270877313,6,35.00228107058875,34.39003558156049,6
1808,1810,-0.018379950218715208,2,34.211527510531546,33.6169328654923,2
1811,1812,-0.0071621005886963966,1,33.46350004522717,33.257294591898635,1
1815,1823,-0.06746381191569827,8,33.56610967929411,31.335178078827806,8
1824,1826,-0.03764841973460421,2,30.92202773874284,29.78878428712832,2
1829,1832,0.018640727402076215,3,30.701504711632577,31.30450459650731,3
1840,1841,-0.00659370389924324,1,30.11119578434626,29.942762671076487,1
1844,1845,0.0015255545566067131,1,29.859742107668097,29.93515451540722,1
1848,1865,0.02001643861673334,17,30.184727701278437,30.819103178175165,17
1866,1867,-0.01110249223632866,1,30.748275179343885,30.437640968064066,1
1869,1871,-0.010513605583548257,2,30.456655886030465,30.166903274536917,2
1872,1875,-0.013513829666741223,3,29.85193486937692,29.478372841198883,3
1880,1882,0.01705749574668864,2,29.991986342273147,30.53356650808349,2
1883,1884,-0.00749243828402283,1,30.522513012327526,30.324347480321705,1
1885,1886,0.001164406111693518,1,30.308189026841095,30.373788256405152,1
1888,1890,0.007673754403019483,2,31.040543071953515,31.309781119095987,2
1891,1894,0.02113746739360826,3,31.346484210423018,32.040415982535514,3
1896,1899,-0.011967421245213473,3,31.970485886370014,31.619852100240042,3
1902,1903,0.000783480631045773,1,31.863615109121426,31.92044324950364,1
1910,1915,-0.00912486281052155,5,31.595890486670633,31.33917821109017,5
1916,1917,-0.0010333742439198497,1,31.5174382878692,31.516386417196053,1
1921,1922,0.01380414481176944,1,32.56716502225627,33.04929404935454,1
1926,1930,0.004583599244840541,4,32.53676492477637,32.718437180839906,4
1936,1937,-0.00917572682003943,1,32.337463233209,32.073080967761214,1
1941,1944,-0.004067920397035807,3,31.650080849171133,31.552980920566128,3
1949,1956,-0.021923142365808737,7,31.313971800917145,30.658785110887635,7
1957,1958,0.003746260837592783,1,30.74929875173604,30.895242944184844,1
1961,1969,0.07296876786642406,8,32.02464055930142,34.39346376283805,8
1972,1979,-0.013419803784768609,7,34.239727258556364,33.8144765643611,7
1980,1983,-0.013917703570951317,3,33.78476619375699,33.34834459885214,3
1984,1986,-0.0021072543370940977,2,33.24774257131385,33.210928864153175,2
1987,1990,-0.003521740848760064,3,33.353836118392294,33.269726387389696,3
1994,1995,0.004398981065204015,1,33.60306892752201,33.78449126039445,1
1997,1998,-0.003526210335879402,1,33.886415138270614,33.800810926102415,1
674,678,-0.015024746520008854,4,27.10431004303561,26.724178965082306,4
679,680,-0.007641793887117536,1,26.65741231860635,26.48035928042226,1
682,684,-0.0006832053332803702,2,26.21094401045014,26.21924749772234,2
689,692,0.009350350753280338,3,26.31309264770878,26.585442386016126,3
694,696,0.005588729672819245,2,26.789049266408302,26.965555070216503,2
697,698,-0.0010691767819560407,1,27.090620456282952,27.088746414338594,1
699,700,-0.007332945336960388,1,27.144101398280913,26.97219928790469,1
702,703,0.00478358799937192,1,26.984726981633855,27.14079552477116,1
709,711,-0.012622195380906781,2,27.673929888718586,27.352298068594383,2
716,717,-0.008253979524568977,1,27.062897977371485,26.866584269568133,1
718,720,-0.007149881634173174,2,26.78436125726034,26.619640605881255,2
724,727,-0.01437209819370764,3,26.663819860961027,26.307268643560924,3
728,730,-0.008934885099234197,2,26.24120734240682,26.03298637727964,2
731,733,-0.005769979351035351,2,26.018791702743254,25.89468260358228,2
734,736,0.013769611561192014,2,26.132121126302806,26.518082404608318,2
739,743,-0.011242821544475274,4,26.583221153261416,26.31093396291124,4
744,746,0.00494729590446695,2,26.241294229742223,26.39735897144268,2
747,748,-0.0023573600295794103,1,26.36750680687119,26.33171660705188,1
750,752,-0.0037366353519863718,2,26.3777472384686,26.305560962870047,2
753,756,0.00041746093932479495,3,26.24085306841868,26.278048452657725,3
757,758,0.0010083600009544915,1,26.346677472833413,26.3995910860279,1
759,762,0.01241353370642622,3,26.432353163456632,26.78690442355482,3
765,767,-0.004431949709835831,2,26.98582612943266,26.893212131278073,2
775,777,-0.00028423920171358,2,27.1903475187063,27.209809303551975,2
781,783,-0.002908194805023575,2,27.812221550596103,27.75915041391709,2
784,785,0.001931502057456918,1,27.952057999243053,28.03399951477799,1
786,795,-0.020266825898087128,9,28.189024907150337,27.64591187202743,9
796,797,0.003031082286858313,1,27.65106951669615,27.762533253237592,1
798,800,0.004872490408014422,2,27.952398052438802,28.11654824188275,2
801,803,-6.95816888791191e-05,2,28.123174538369337,28.149340854926685,2
805,809,0.004281194309514222,4,28.460751692541443,28.61105845242459,4
811,815,-0.004010883155249596,4,28.67180166235431,28.58547421769847,4
818,821,-0.001456854535234307,3,28.41856902967723,28.405585877531152,3
823,825,0.004202965681159196,2,28.438696748799025,28.58666231199992,2
827,828,-0.001192222360609535,1,28.483774651197912,28.47829943279539,1
831,833,-0.005286992743014032,2,28.059453262222853,27.939162589714762,2
839,840,7.244713692619348e-05,1,28.66802246248863,28.69876740109986,1
842,856,-0.021594814303723002,14,28.69572932917331,28.10474611232909,14
858,859,-0.005058203873404887,1,27.98888697791241,27.875302368366356,1
865,866,-0.008337243601555612,1,27.84605575392795,27.64174245951888,1
867,870,0.0012112544072488615,3,27.682128555037675,27.74334078380703,3
871,873,-0.0027847090611621142,2,27.896579313406257,27.846792035530193,2
875,876,-0.005157826156217421,1,27.79118805563763,27.675637127027542,1
882,884,-0.005878723687476103,2,27.241063574823265,27.108161952688732,2
887,893,-0.00973598596912462,6,27.198600131104982,26.960993541979818,6
895,898,0.005562865883197684,3,27.153761528910863,27.331968024049438,3
901,904,0.004685005191787389,3,27.42001491888414,27.575897846056883,3
912,916,-0.016128231547813045,4,27.92665968167524,27.50417870765388,4
919,920,-0.002461489376804074,1,27.3203177288735,27.28038937474184,1
921,924,-0.009867139401402329,3,27.312414034448487,27.070231051816215,3
930,939,-0.008641882676930335,9,27.35941477356114,27.150337335752113,9
940,941,-0.004322845480706724,1,27.060825381802005,26.97090644047789,1
944,946,-0.010555920363469497,2,26.639784724616728,26.38521706328832,2
955,958,0.005041151536238304,3,26.601654353386603,26.762358978450045,3
959,960,-0.0030420854748395027,1,26.863442441593147,26.808584995978983,1
961,963,-0.006350786472047288,2,26.754236474656082,26.61108026805754,2
965,966,-0.0048403141373573955,1,26.474955784573915,26.373283637588504,1
967,975,-0.010437883684856524,8,26.451474117059306,26.201828181049507,8
980,981,-0.002477321752203217,1,26.151569654885563,26.112935372180143,1
982,983,-0.009942210404154352,1,26.046014102329217,25.813105164036617,1
985,988,0.010061924635253388,3,25.743621089869258,26.02839508620391,3
990,998,0.001860811551411949,8,26.228012606841187,26.303046008277416,8
1006,1012,0.008942465080197411,6,26.085840809053323,26.345198370384924,6
1013,1018,0.018058930086618356,5,26.4804476630473,26.985136663719675,5
1023,1024,0.0028730572048985313,1,27.595982618548145,27.702863437855168,1
1035,1040,0.004668523984563963,5,28.27037475301588,28.43062605035596,5
1041,1043,-0.00042838184133101053,2,28.43036874944129,28.446620064476125,2
1047,1048,-0.005791794993455852,1,28.236179933186452,28.10087794754829,1
1050,1052,-0.0071758855880119715,2,27.913591329338516,27.741200182937998,2
1053,1056,0.011213907225701866,3,27.77657063677244,28.115831093578134,3
1059,1061,0.019313772818665517,2,28.436411633114897,29.01406243880805,2
1064,1065,-0.005280052790623189,1,29.492554911975336,29.36632522002173,1
1068,1075,-0.025370928050526084,7,29.34208217806734,28.626988404453037,7
1076,1077,-0.0011723116764499543,1,28.719616301447306,28.714667576215405,1
1089,1090,5.244353522386902e-05,1,28.502108901653894,28.532105761907687,1
1095,1096,-0.0012917413551848539,1,28.014719770693166,28.00654671838214,1
1097,1099,-0.009460155242945321,2,27.962212995844403,27.725648332963257,2
1101,1105,0.0032588594072454373,4,27.819998144124245,27.9384796049299,4
1106,1112,-0.001971858666865186,6,28.02706478974171,27.99982644391901,6
1116,1117,-0.002835054987121613,1,27.0820195136604,27.03232251869053,1
1128,1129,-0.0018470836446643046,1,27.601227100600553,27.57784655255097,1
1130,1133,-0.004398331004671161,3,27.639408067764343,27.5454802103769,3
1136,1137,0.004254712353112477,1,27.593567151000926,27.73856340917573,1
1141,1144,0.009950361906180604,3,27.861604511599932,28.166699164288826,3
1145,1150,0.0056340404640406044,5,28.27648731912833,28.464074680184357,5
1156,1160,-0.011731190677740057,4,28.630559681808144,28.323319686652244,4
1163,1165,-0.006176743485392275,2,28.135501183771375,27.98985091131004,2
1168,1169,-0.004960621178633418,1,27.910025790892597,27.799484751648983,1
1173,1176,-0.018864757725503327,3,27.685366276123396,27.19077391505863,3
1181,1182,-0.005291742005354436,1,26.742090334015234,26.62732018161776,1
1184,1185,-0.0019326407223525834,1,26.70399906270657,26.679093825731023,1
1187,1188,-0.0008849032024998216,1,26.813337188408912,26.81642331764959,1
1193,1194,-0.004186207066758254,1,27.140186700222024,27.05371244556464,1
1195,1203,-0.004643457660162128,8,27.016455001178734,26.918021691254264,8
1205,1207,-0.0020298866359509636,2,26.983784653673606,26.95599441447141,2
1208,1211,0.015590173233899121,3,27.105411631816168,27.555095106364142,3
1216,1219,0.007000892038580804,3,27.45889869858584,27.678594382571553,3
1225,1227,-0.014612255346371988,2,27.962334449355158,27.58170401274988,2
1230,1231,0.0007297627847876048,1,27.60034517488661,27.64808722481742,1
1233,1235,0.00029821802159498627,2,27.692294064534476,27.728244699748362,2
1237,1238,-0.004076187361859746,1,27.622417785298424,27.53744605280328,1
1239,1242,-0.0010044477235540631,3,27.52052551715491,27.520403113465346,3
1245,1246,-0.0055153240096775125,1,27.584132646935494,27.459581350508657,1
1251,1252,-0.0072128775697709695,1,26.82688385635596,26.660211711377954,1
1253,1255,-0.001393452869281378,2,26.584135474086256,26.573675869706612,2
1259,1264,0.016215100821718988,5,26.40044413961613,26.854930447217782,5
1272,1275,-0.013272133359417172,3,26.985925691154225,26.65475081224506,3
1279,1282,-0.003455668713079997,3,26.499760908012433,26.434686274246527,3
1283,1285,-0.012404153886173531,2,26.24564655881965,25.94633716662075,2
1286,1291,0.0037247624808486954,5,26.017085230704765,26.140009778863842,5
1292,1293,-0.0019146293236551757,1,26.118370196532517,26.094481569264687,1
1302,1305,-0.024529449693036203,3,25.76832005883883,25.162005668340328,3
1310,1315,0.02429293550503586,5,25.76909589135687,26.420871971760043,5
1317,1318,-0.01547064353430717,1,26.381112140016214,25.999360470199456,1
1320,1321,-0.0026466918606194824,1,25.71769738257145,25.675348259617696,1
1323,1334,0.012233433230639766,11,25.557482914690297,25.895696158385068,11
1335,1340,0.008662998592373024,5,26.00331757976256,26.254587600932833,5
1344,1347,-0.004565651396739872,3,26.448249105165846,26.353943868802688,3
1348,1350,-0.004598380992305902,2,26.34839662488155,26.253585055288838,2
1351,1353,-0.016371371964624227,2,26.153723002698012,25.751704398163792,2
1358,1360,0.0016539831726273928,2,25.751357926275837,25.819701596884478,2
1361,1362,-0.0021689296432375075,1,25.92374671537364,25.893443679374258,1
1363,1364,-0.00237451699330459,1,25.880231161893576,25.844658344370902,1
1370,1373,0.012207259362629144,3,26.221464646729252,26.567778331186616,3
1374,1376,-0.0005986550696926044,2,26.67527188220111,26.685977867335602,2
1378,1384,-0.0014753102090118238,6,26.655470534619457,26.64280091734834,6
1388,1389,0.0006027140958302295,1,26.46942233930522,26.511845255596906,1
1393,1398,0.011619003043117616,5,26.98683796021879,27.327384950562912,5
1399,1401,-0.001551961403711955,2,27.312709009745898,27.297633448541703,2
1402,1408,-0.006033554175046578,6,27.4460379138497,27.307886795119956,6
1410,1411,-0.002144090836419689,1,27.190550288959276,27.15944182953647,1
1418,1420,-0.006660467281526218,2,27.100673970829625,26.947271492510435,2
1424,1428,0.01716784168415622,4,27.39166728650262,27.88931476122888,4
1429,1433,0.004224321090167015,4,27.81450729135086,27.95981920840567,4
1435,1436,-0.0007739076964601607,1,27.894991595893448,27.901298438800588,1
1438,1439,-0.0026995114271909796,1,27.902227867842367,27.854807712736882,1
1441,1443,0.001493323157367632,2,27.95610457105385,28.02580817397065,2
1444,1446,-0.012170254893260884,2,28.07788472712023,27.764247597854702,2
1447,1448,-0.0036641945428370756,1,27.688258314772057,27.614491408069178,1
1452,1455,0.009991929821986795,3,27.656601779004184,27.960601204873633,3
1456,1457,-0.006860022275392315,1,28.007056679852667,27.842934703840555,1
1458,1470,-0.021749422228212793,12,27.586152299526265,27.01375557781161,12
1478,1479,-0.0012891932437227938,1,26.330611635688392,26.322997000700262,1
1480,1485,-0.0231715198415896,5,26.4830049238675,25.895836454733058,5
1488,1489,-0.0009045396318051885,1,26.02569254445268,26.0281769666455,1
1492,1495,-0.01868443742307166,3,25.807948415169964,25.35154936640403,3
1497,1498,-0.0008435943404003155,1,25.509660198402873,25.513650053632368,1
1499,1503,0.00682702105227847,4,25.60487055515331,25.80528041602936,4
1504,1505,-0.007221344761039431,1,25.71931155132194,25.559302847144583,1
1507,1508,-0.001976585030522849,1,25.710125836654544,25.68501771262961,1
1511,1512,-0.0022129209704817732,1,25.729569653264008,25.698361718670093,1
1514,1517,-0.003514978308461403,3,25.738316028882565,25.6735847223736,3
1518,1520,-0.0013886325758099122,2,25.732332049759254,25.72233162727316,2
1521,1524,0.0027889747855968077,3,25.786929800991008,25.884635827804917,3
1525,1527,-0.008246391584945743,2,25.917780526394967,25.729970139688028,2
1532,1534,-0.0016919944675579497,2,25.36706899756158,25.349515126157108,2
1539,1540,0.00018245365806218044,1,25.442748869047882,25.472833740519246,1
1541,1543,0.005333392375044421,2,25.525707187684628,25.687371506954726,2
1556,1557,-0.0018908429123612681,1,25.81252289962049,25.7895279965452,1
1559,1561,-0.0010647230631051744,2,25.727819048773853,25.726153865518,2
1562,1564,0.00129454671739119,2,25.820195164820532,25.87944080887837,2
1565,1569,0.008585362797193314,4,25.984780305553087,26.233853851987178,4
1570,1571,-5.164366245306764e-05,1,26.279464187776945,26.30438648418676,1
1573,1574,-0.0012051000523458624,1,26.42402615412402,26.418606584976622,1
1580,1581,-0.010425920293880137,1,26.25847236937133,26.01096210177858,1
1582,1584,-0.0016138478787653203,2,25.935850485746677,25.919929818942027,2
1585,1588,0.0060273670470726666,3,25.91132529112972,26.093413684626587,3
1590,1591,0.0011681925204726409,1,26.29857806253669,26.35559844279095,1
1592,1594,-0.0007623394804332056,2,26.413997455946006,26.420275020305223,2
1595,1596,-0.005043492905368123,1,26.377001688608274,26.270346469415504,1
1600,1601,0.003485929296377745,1,25.99157427803826,26.10817064255109,1
1608,1612,-0.01858983513002052,4,25.81407083933378,25.36000558923523,4
1613,1614,0.0007613695781162966,1,25.25395864194634,25.298440196425272,1
1615,1618,0.00753147263506261,3,25.32245486260602,25.53849269331895,3
1620,1621,0.00046503395568531507,1,25.56772894346494,25.605186534536873,1
1625,1626,-0.006657401920373809,1,25.394126285855645,25.25046150703983,1
1628,1629,-0.006413551046762745,1,25.23180087241178,25.095207230387228,1
1630,1632,-0.010563337032638433,2,24.940570566490855,24.7020554843772,2
1636,1638,-0.003971971165484472,2,23.807548264792327,23.736792917828485,2
1639,1640,-0.00829107569101653,1,23.58192501771586,23.409987417471818,1
1645,1646,-0.01943066944801921,1,22.345160216141224,21.933323954434496,1
1653,1655,0.004410370903956995,2,24.29909364208133,24.430560751314975,2
1658,1660,0.03754848410630742,2,25.030313972201746,25.99519463253505,2
1664,1673,-0.010038516991213359,9,27.16045318887795,26.91496297124122,9
1675,1679,-0.04021034113110236,4,26.68458291439395,25.638271315379377,4
1681,1686,0.012046575610185874,5,26.074321086589993,26.414501688130454,5
1689,1695,0.04367804889431252,6,26.72982470080294,27.924061115721816,6
1696,1700,-0.011246393301935841,4,28.017694656996227,27.730614338127097,4
1701,1704,-0.002823657540996157,3,27.83497650252168,27.784215037719406,3
1705,1710,0.06570964336238906,5,28.18681391104124,30.06714621456883,5
1713,1718,-0.012822666553983564,5,30.613895008228184,30.25195713562724,5
1724,1728,-0.011397454335924095,4,32.20094740887927,31.866139528621957,4
1732,1734,-0.009262351432615574,2,31.378839457434463,31.119576458289515,2
1735,1736,-0.005990064010146998,1,31.03086453141379,30.876018531111836,1
1739,1741,-0.005756696894658211,2,31.1360485975002,30.987943851824543,2
1748,1754,0.0022502747526955322,6,30.40305957846615,30.501877875418735,6
1755,1757,-0.004110887845851734,2,30.454870928159025,30.36012924034163,2
1760,1763,0.009005864448462537,3,31.00204878747445,31.312251085266542,3
1766,1767,-0.00893936984368508,1,30.710420293191806,30.466598908429145,1
1773,1775,-0.0018644505117467267,2,33.85177507429144,33.82251189000493,2
1778,1779,-0.0030069016114336977,1,33.67557809149799,33.6079945195602,1
1782,1786,-0.06647056437937687,4,34.15284561786391,31.916839540100632,4
1791,1793,0.04531268294624017,2,31.07437871955146,32.51351656894144,2
1794,1795,0.003868833894325391,1,32.55299817493908,32.71149331581513,1
1797,1803,0.031321167166417176,6,34.024474785952506,35.124185523258824,6
1805,1806,-0.008667344356331524,1,34.89241053870562,34.62487841168287,1
1807,1809,-0.01732857888488709,2,34.37715886590827,33.81582871552799,2
1814,1819,-0.026285280040682837,5,33.2774407699988,32.43601136109214,5
1822,1823,-0.009846348990987866,1,31.6553349867448,31.37530084602543,1
1824,1835,0.024634691781224932,11,30.955361714295066,31.74889287081735,11
1836,1838,-0.026193002073535917,2,31.62525826175891,30.828523064794307,2
1839,1841,-0.017181687993113034,2,30.419771070967045,29.92752782667473,2
1844,1845,0.0038636180361184035,1,29.79327202765718,29.938175122845877,1
1851,1863,0.010386358312209288,12,30.44186868202019,30.788490706526893,12
1865,1866,-0.003786197593371966,1,30.79252458421585,30.70673052632546,1
1868,1869,0.004782666296433579,1,30.289808077448544,30.464963929743448,1
1872,1876,-0.011789808480982232,4,29.829704048113292,29.50784725438977,4
1881,1887,0.009851072446788178,6,30.316930865260055,30.64590207844326,6
1888,1893,0.023215275126524798,5,31.0719251725432,31.824340389307125,5
1897,1902,-0.002573532264518195,5,31.882553856396044,31.832385629227765,5
1915,1917,0.0022597205896122854,2,31.369210825846952,31.471465688255854,2
1920,1932,0.01460034237233947,12,31.96805272502785,32.466765292515284,12
1933,1936,-0.011246384373779356,3,32.599946624794185,32.26591504111185,3
1943,1945,-0.002551227653841675,2,31.544399944234677,31.495467398717338,2
1947,1956,-0.02305567678609888,9,31.352280468788702,30.660784704261978,9
1957,1958,0.0031431227290569397,1,30.76391214934566,30.891370813006326,1
1959,1962,0.029085124718680248,3,31.324893350533838,32.267306673784006,3
1965,1966,0.006783608342307533,1,33.20914703297256,33.46763402685932,1
1969,1971,-0.008329648708165284,2,34.43658763602581,34.184179545945796,2
1975,1977,-0.008124358810945986,2,34.003165892262416,33.76091513773782,2
1979,1980,-0.00629335750118437,1,33.93094086362328,33.751332263280574,1
1985,1988,0.0053566917202767916,3,33.21468957700283,33.42582511922853,3
1989,1990,-0.009465303393392344,1,33.532091422387396,33.24823209508192,1
1991,1992,0.00025835405752033433,1,33.28647094364438,33.32835710941685,1
1993,1998,0.007471318461454224,5,33.46017634822199,33.7436281578442,5
1999,2000,-0.0014872724893184972,1,33.209271889138414,33.19308992455654,1
672,673,-0.001849082093397219,1,27.009677347208275,26.986743913824323,1
675,677,-0.010384485919904624,2,27.109947863851676,26.855534939834012,2
681,684,-0.006949760355626596,3,26.343279558061784,26.18654335771004,3
686,688,0.00123503228011463,2,26.141218625357233,26.19964509282644,2
690,693,0.008708832541506693,3,26.473293260371594,26.73031803145874,3
694,697,0.008424382507600022,3,26.794003672299837,27.04652061181763,3
699,700,-0.005957928881090007,1,27.107490841815743,26.97309383007722,1
703,707,0.019653620360150108,4,27.157049640158796,27.717941033528387,4
709,712,-0.013390873900568957,3,27.62870244477577,27.28635867674621,3
713,714,0.0010885361792887286,1,27.358982607658994,27.41612283266362,1
716,719,-0.0169678617516104,3,27.09086483008061,26.658281645742317,3
720,726,-0.010834984712880469,6,26.64118517185479,26.37916952295658,6
728,730,-0.008766703271691625,2,26.225507933189707,26.021822194923228,2
732,733,-0.002216092642379648,1,25.9419732788654,25.910425436032163,1
735,743,-0.003553597979953136,8,26.32647359696001,26.259246367163524,8
744,750,0.00048712593137552026,6,26.303533307085296,26.342649973553062,6
751,752,-0.0014564271513730258,1,26.305075070822994,26.293068720341765,1
755,756,-8.080209179194583e-05,1,26.305784044520692,26.32996426618819,1
757,759,0.003406784807077577,2,26.343304692278863,26.459393967165013,2
765,769,-0.003605666065253809,4,26.991484618998324,26.92115382347578,4
776,777,-0.001992872584502719,1,27.20828643270358,27.181272071033252,1
779,782,0.004344219938931365,3,27.583669766913687,27.731082964870925,3
791,792,-0.0052620124783906855,1,27.880622115086418,27.761794555726624,1
798,799,0.003510473472907165,1,27.953593520611797,28.079677462658946,1
800,802,-0.0014680380854607655,2,28.14379429515394,28.130621927554433,2
803,805,0.009748247283516545,2,28.20008829470169,28.503189817110144,2
806,807,-0.002705160157692823,1,28.569048893123576,28.520334089207843,1
809,811,-0.0033227554936574913,2,28.681333630788718,28.61471390553238,2
813,816,-0.0022371322528032976,3,28.551668572501146,28.516346382438755,3
817,818,-0.0014149785491234664,1,28.42569070583437,28.41389465394743,1
827,830,-0.01081375699831364,3,28.485119222730308,28.20557318461044,3
832,844,0.022109962587403692,12,27.97658528594571,28.623123125227224,12
848,850,-0.012755886989406693,2,28.59326034157963,28.257121204345335,2
851,856,-0.0058497941515081265,5,28.24774323483951,28.110747494905883,5
859,864,-0.0036134990233752827,5,27.963942486188916,27.89085874981154,5
866,867,-0.0022743416863312965,1,27.721045893586982,27.68571980921608,1
868,873,0.008105710670611298,5,27.650758425777227,27.90253823182532,5
874,876,-0.00675710076552806,2,27.882085821818407,27.721565844189097,2
879,881,-0.010470104846583141,2,27.45571709209872,27.19570857259842,2
889,891,-0.0072433736245696555,2,27.254346657663717,27.08418758858638,2
896,899,-0.0018211605658035434,3,27.338083239852907,27.315634283951685,3
903,905,0.003051887759745112,2,27.48359974191324,27.59496020330123,2
908,913,0.00392188485326342,5,27.695185364394323,27.83149787774766,5
915,918,-0.009757445089338946,3,27.619502246324156,27.3776259720071,3
920,924,-0.010156329598467174,4,27.280535041227225,27.030745470767215,4
927,929,0.0017134796151122293,2,27.127167145599383,27.20077616066471,2
930,931,-0.006262553967842871,1,27.367169793916762,27.223148585929156,1
933,935,0.00038658723546153057,2,27.322548145243548,27.360433241742026,2
938,939,-0.0017151347599292828,1,27.174180099868906,27.15474689910691,1
943,945,-0.006158606162711962,2,26.684008871585213,26.546356578974393,2
947,948,0.003127604613173336,1,26.31620517888502,26.424828068782602,1
950,951,-0.0034306157783746006,1,26.72153169814441,26.656581921576564,1
954,955,-0.002905701539639395,1,26.64688953195131,26.59610851354367,1
958,959,-0.00132122139338914,1,26.790496902875866,26.781891222131136,1
960,963,-0.009205021658083706,3,26.81048980059863,26.590509151120887,3
970,971,-0.0075053032712022955,1,26.44406292630159,26.27203627724324,1
973,974,-0.0030421436412734737,1,26.24446111522644,26.19086615584133,1
976,977,-0.0010323231987239292,1,26.13373611287976,26.132891386933984,1
983,992,0.019132201333072897,9,25.866663333486844,26.387416207531416,9
994,996,-0.007894807265820826,2,26.39337638479975,26.21139914153229,2
997,1003,-0.012380254167831981,6,26.26391824592241,25.965028180840655,6
1009,1010,0.0021845210395474495,1,26.06499602455338,26.14800055278929,1
1012,1017,0.017384896124857007,5,26.388319458000943,26.873465970145833,5
1018,1022,0.019877496761715498,4,27.06570292491443,27.630767050082884,4
1023,1027,-0.006420674864420787,4,27.649634688965136,27.499755009196246,4
1028,1031,0.004124408071698482,3,27.662522583209125,27.804276637218063,3
1032,1033,0.002185574443325101,1,27.968094308840474,28.057188755299222,1
1034,1036,0.001245328370318564,2,28.242791637856826,28.3062059791783,2
1037,1041,0.005053272110796915,4,28.253648201490964,28.424675222177317,4
1042,1043,-0.004808770408455653,1,28.49891450252434,28.390368680294017,1
1046,1047,-0.003095061736447601,1,28.273018567081426,28.21378484770766,1
1049,1050,-0.005899772181826093,1,28.022951795798882,27.885645716137173,1
1051,1052,0.00013131243980451764,1,27.778682812871207,27.810109182298792,1
1055,1056,0.006488292931619577,1,27.90884650912789,28.11783612717185,1
1058,1059,0.0017311868499190106,1,28.339747974430278,28.41714912142806,1
1060,1062,0.021945008257002508,2,28.72915821226165,29.388348984658723,2
1064,1065,-0.0059301282703684574,1,29.504874754548535,29.359411937407454,1
1069,1072,-0.0188068951707737,3,29.298556380782415,28.77684005865482,3
1073,1079,0.009729013732390476,6,28.716134693946078,29.0242304974186,6
1088,1090,0.0015654760789975738,2,28.435914595056847,28.508866253734883,2
1094,1097,-0.007073077787682843,3,28.07409985082032,27.903603658607114,3
1098,1107,0.00956480655312358,9,27.69740965958156,27.990027434657655,9
1108,1112,-0.0065653180847205506,4,28.160909173377846,28.004184756273073,4
1122,1128,0.00410351132998025,6,27.447881318755176,27.587961892049396,6
1143,1144,-0.0033552345983744493,1,28.187799309263042,28.12141042907783,1
1146,1152,0.01219262230135778,6,28.27604728506661,28.649082497073827,6
1156,1157,-0.00343214775414571,1,28.62716673402762,28.5575412347479,1
1158,1162,-0.010201279067574467,4,28.458777750919527,28.196920594911237,4
1165,1170,-0.011178084501024421,5,27.958182749202066,27.673622002685605,5
1172,1175,-0.019029197718657354,3,27.743932056504484,27.24373121996477,3
1176,1178,-0.008700660601744781,2,27.208886568344216,26.999360167530025,2
1180,1182,-0.00900758449989109,2,26.893887446571778,26.678532370312794,2
1183,1188,0.00022191318882553812,5,26.71077298071159,26.743411226500445,5
1192,1193,-0.0013957553681416392,1,27.104264831562364,27.09353817325574,1
1194,1198,-0.009420320400213945,4,27.06968328935271,26.841747882924043,4
1200,1203,0.0016103204068004364,3,26.86548329874315,26.935610818036416,3
1205,1218,0.02156280533851449,13,27.02305857986539,27.632774590254165,13
1219,1222,0.004842483848628762,3,27.756794350491106,27.91896297317356,3
1226,1227,-0.009198621207939316,1,27.80920933346212,27.581212160044775,1
1231,1232,0.00035142687356386464,1,27.636223627089336,27.673571962382805,1
1235,1240,-0.013155594199579693,5,27.74157245416171,27.40435715695068,5
1241,1243,0.0028589043900800913,2,27.47308039784179,27.579096388398046,2
1244,1247,-0.011108151026244288,3,27.605614305567915,27.326572586994985,3
1252,1256,-0.009496416382653736,4,26.668357512055522,26.441772042391626,4
1259,1265,0.018532259901758705,6,26.387613156988987,26.903022875358364,6
1269,1272,-0.01073322391183899,3,27.16048515423854,26.896126070678157,3
1273,1274,-0.00804184573725019,1,26.881170177940202,26.691877124310377,1
1276,1277,-0.004537418825797732,1,26.609933430608894,26.515802951138234,1
1280,1281,-0.0034506491475493448,1,26.566780069495618,26.501674212565177,1
1283,1284,-0.006932222945769962,1,26.214829495950433,26.05931728289511,1
1286,1288,0.002831593120056634,2,25.975608045063318,26.07513600613807,2
1290,1291,-0.00023530245882863639,1,26.132713056552852,26.152696677971335,1
1296,1297,0.004003981162380945,1,25.90367391896479,26.03329541529175,1
1298,1301,-0.007962948596493732,3,26.019303122553435,25.838132052394506,3
1303,1306,-0.012575061336699288,3,25.545652651934336,25.24996015560218,3
1307,1310,0.013422953847077403,3,25.34328716166649,25.708812222732433,3
1312,1316,0.018124750948096773,4,25.957340984542636,26.45376866614684,4
1318,1320,-0.014142255159656641,2,26.010962353766484,25.66911964956506,2
1321,1324,-0.0109574234812712,3,25.767560019076665,25.510981511887646,3
1329,1332,0.017731521246377512,3,25.386351215496006,25.86187619265707,3
1333,1334,-0.003569849058426231,1,25.987502022000378,25.92071806439829,1
1335,1338,0.008879492198953665,3,25.990473244073566,26.247245921735505,3
1340,1341,0.0022671459382242907,1,26.249255133585756,26.335015280876863,1
1343,1346,-0.0023535663070715545,3,26.42492212911752,26.389154244856556,3
1348,1350,-0.005473910564830339,2,26.389603043701893,26.271538319842996,2
1352,1361,-0.006496165648727612,9,25.99198794246642,25.849131671194893,9
1364,1365,0.000711668156291219,1,25.810334667178132,25.85451339513116,1
1366,1372,0.017461408715001438,6,25.860266184370513,26.337683127878908,6
1375,1376,-0.0020872921825509485,1,26.709545908994365,26.68050482852803,1
1377,1380,-0.006576803585534028,3,26.671077222950043,26.52233786386304,3
1382,1388,-0.005315551592496705,6,26.644039265832543,26.529055539748335,6
1397,1403,0.005272392799453001,6,27.30584188461119,27.477114850631228,6
1404,1408,-0.008820585988602879,4,27.500276417516325,27.28520814108279,4
1410,1415,-0.007331222444624665,5,27.250141785609117,27.077615076316864,5
1420,1426,0.02731630611212818,6,26.891531136504426,27.65299996398951,6
1427,1428,0.0032919230544726646,1,27.77847644765349,27.8976995311373,1
1429,1430,-0.0018042399466768992,1,27.8636601158346,27.841251047308816,1
1431,1432,0.004643382186982142,1,27.912152421756176,28.069671365533445,1
1433,1435,-0.003292374859655241,2,27.985604056980208,27.92145056180772,2
1436,1442,0.0017425044432741194,6,27.953095491655684,28.029756980244816,6
1446,1449,-0.008402301333788505,3,27.815383522376926,27.609485671829397,3
1454,1463,-0.027292038776176458,9,27.888094363949396,27.15485950553877,9
1465,1466,0.0013608350273735213,1,26.923692551805694,26.987254948248232,1
1469,1471,-0.0020354364462212187,2,27.046392138688947,27.018387318529758,2
1472,1474,-0.0034999079206775455,2,27.018577421142624,26.95103346544207,2
1477,1478,-0.005711954891188642,1,26.472800261107015,26.34806162043323,1
1480,1482,-0.012057600225227713,2,26.42425648923765,26.13206762473078,2
1484,1485,-0.0037986261784612525,1,25.93637420618795,25.863787990360144,1
1486,1495,-0.024456597595453215,9,25.91646498498482,25.308552894735378,9
1496,1499,0.008716712468889179,3,25.405172299553083,25.65202705401043,3
1500,1501,-0.0010329423030596232,1,25.67944297587881,25.678597035885897,1
1503,1505,-0.007585459642635933,2,25.812960248285346,25.642970040313298,2
1506,1515,0.0059067048718006,9,25.640135908636363,25.81722476023017,9
1518,1522,0.0008589348540712111,4,25.76167213574774,25.809561405980038,4
1523,1527,-0.00440485451253033,4,25.839172985021623,25.75119436028352,4
1529,1535,-0.014213898575288032,6,25.586577122480406,25.248478687495165,6
1540,1542,0.00400407006069863,2,25.509313475743447,25.63696386757639,2
1543,1544,0.00137278905005781,1,25.68358890855675,25.74453064708516,1
1547,1551,0.004324245672994832,4,25.694203424806815,25.831005676212392,4
1555,1556,-0.002805311376580703,1,25.851326474799688,25.80465678101503,1
1557,1563,-0.0018610626738155894,6,25.805906400067073,25.783685897301996,6
1564,1573,0.014181406435173918,9,25.951848636703282,26.34583419860119,9
1579,1580,-0.006382989769553842,1,26.3474759919303,26.205647798212173,1
1581,1582,-0.005565754597051528,1,25.99893906107929,25.880234285542706,1
1584,1592,0.019336231195344247,8,25.898094940522455,26.424764586751895,8
1594,1600,-0.017075333341863896,6,26.462934691568226,26.037534195197292,6
1602,1605,-0.000516372381858466,3,26.135844536605664,26.14848455284702,3
1609,1617,-0.004954554946395973,8,25.58497243790691,25.48379525859918,8
1618,1622,-0.0026318545374527163,4,25.58135568304038,25.539610631694817,4
1625,1626,-0.0026125406867140294,1,25.34512798083335,25.304257930754282,1
1630,1631,-0.0034371822872704635,1,24.927874111736486,24.867120338492054,1
1632,1634,-0.021647757590907087,2,24.725887583802365,24.215353450751994,2
1635,1647,-0.07217989718616062,12,23.979976140623265,22.273083904407116,12
1648,1649,0.029534282033583253,1,22.840654567978696,23.53807755638901,1
1650,1656,0.03325956039244189,6,23.846428135588727,24.663396280443955,6
1657,1658,0.004167900232071528,1,24.914560951270005,25.043316916592033,1
1659,1660,0.019074741652782074,1,25.497186079404923,26.009035502821888,1
1668,1670,-0.0224672678332191,2,27.328643486732187,26.741972177483948,2
1673,1680,-0.03880277277668626,7,26.89905204489242,25.882193292531095,7
1684,1694,0.04436204841714486,10,26.467210377750902,27.667817256373198,10
1697,1698,-0.005568736903728254,1,28.038519054664356,27.910418437933423,1
1700,1701,-0.0004919795161398282,1,27.78122796642225,27.79534139929598,1
1704,1705,0.010802120808846558,1,27.808622839434513,28.13682356571317,1
1706,1709,0.03803800703596462,3,28.970053182531032,30.100986322502948,3
1712,1716,0.004976162338594376,4,30.529124301582822,30.711571304464208,4
1719,1720,0.010332446144610558,1,30.482200190356533,30.827638082382986,1
1721,1725,0.03094493816708671,4,31.366789172092602,32.368799312695145,4
1726,1729,-0.018904196088033242,3,32.45727313523913,31.876151752542953,3
1730,1732,-0.01593957165948239,2,31.870275071848283,31.39414681360499,2
1738,1739,-0.004033169578484982,1,31.24974684221796,31.154961060760787,1
1740,1744,0.0023039464820672024,4,30.989341259911416,31.09172838494868,4
1745,1746,-0.012395233260721839,1,30.81925432657779,30.468061734604927,1
1747,1752,-0.005359620297999035,5,30.52847058582122,30.39537804578841,5
1761,1766,-0.01839978755429561,5,31.312521151852103,30.76768993602049,5
1768,1769,0.006681295434577089,1,30.365218392978953,30.59846260639088,1
1773,1775,-0.004350400555039628,2,33.91993486958724,33.806289500973264,2
1777,1780,-0.0006375692903628915,3,33.491073796215495,33.50321198985797,3
1784,1785,-0.024796783513692123,1,33.39878702536279,32.604003320900325,1
1787,1795,0.023357760780244284,8,31.920211885283077,32.69771677043951,8
1797,1800,0.02813846653778051,3,34.00857726515058,34.99953505578869,3
1802,1803,0.0002541003033075032,1,34.996683297355624,35.040572648493594,1
1821,1824,-0.029528174371640303,3,31.85943773202244,30.950546137020886,3
1831,1834,0.035877249211703016,3,30.790383668448335,31.925848320313655,3
1843,1845,0.0027297296381605532,2,29.820765076045596,29.931988467382347,2
1850,1851,0.0005174660671757939,1,30.41562824486022,30.461782928633628,1
1853,1854,0.0023816348785552096,1,30.24249280340501,30.34476187188346,1
1855,1856,0.0043833248359028566,1,30.93268835941934,31.099209068905846,1
1857,1858,-0.008800127616588384,1,30.97519140426858,30.733580958367032,1
1861,1862,-0.0026086639738792617,1,30.88526880335834,30.8355847841108,1
1863,1864,-0.001136898148385432,1,30.80664210647804,30.80242473421569,1
1870,1871,-0.00844774331835415,1,30.3381239490795,30.112173389146342,1
1874,1875,-0.008304189768703705,1,29.68579440491303,29.46896372914482,1
1880,1882,0.01621643805823385,2,29.95719604029629,30.472952250322418,2
1885,1887,0.00738058665518151,2,30.32294838380181,30.577072480372856,2
1889,1892,0.017175434277281326,3,31.199160187843333,31.76621847334385,3
1893,1897,-0.001252090770116528,4,31.85065240997359,31.842623154478847,4
1900,1901,-0.0010158865816586157,1,31.7028534764418,31.702349826471234,1
1903,1904,-0.003109621508213032,1,31.95872016549821,31.891299362062114,1
1905,1909,-0.0016071175233068396,4,31.805374153353437,31.786064553369606,4
1910,1911,-0.005792244787665895,1,31.636575917774383,31.484965701732833,1
1917,1918,-0.0032887395929940737,1,31.513480437144278,31.44135428675474,1
1920,1921,0.01610058157267047,1,31.986087739448333,32.533068442027364,1
1930,1931,-0.003954436747092584,1,32.67869572746779,32.5821485879635,1
1935,1938,-0.020395499822783256,3,32.49442373865859,31.864178148793993,3
1939,1940,-0.0028932226826284884,1,31.71016837730156,31.650133967259684,1
1941,1944,-0.006637787484069619,3,31.700604028430725,31.52188275980179,3
1945,1947,-0.007382666756245671,2,31.505111870112813,31.304025239927643,2
1948,1949,-0.0014405366154059181,1,31.355810964989455,31.34199758215363,1
1951,1953,-0.008052028021597797,2,30.926482545313398,30.708388123794393,2
1962,1965,0.026431640358973052,3,32.36687922436617,33.2547558147913,3
1979,1980,-0.003243475419602944,1,33.813394900014764,33.73753537970325,1
1983,1984,-0.007176656370966834,1,33.383309063867394,33.1771118352541,1
1990,1994,0.005817764905944276,4,33.28733782114302,33.51428306475232,4
1996,1997,-0.004592350450376932,1,33.9272783775217,33.80539970376215,1
672,673,-0.00035101236290085124,1,27.00958464459978,27.02711353111731,1
674,677,-0.01168480603541015,3,27.127412740242768,26.83756159687076,3
678,684,-0.022791445122799226,6,26.778710098150068,26.19516330658688,6
685,686,-0.005113707826272577,1,26.200178145453677,26.09239826756699,1
687,694,0.02064206058339443,7,26.142058890714125,26.707826913001625,7
700,702,-2.2722618101690467e-05,2,26.95506737186771,26.98140994953778,2
704,706,0.005798064507894557,2,27.32817302109976,27.5139517041801,2
711,713,-0.005440833602493337,2,27.420309395311374,27.298540363957912,2
714,724,-0.030359534312793954,10,27.43766366918546,26.63210664122711,10
727,733,-0.01615417485813641,6,26.319304638668612,25.920457294029667,6
736,740,-0.012184745651379562,4,26.59113124806709,26.293716208475008,4
742,751,0.002298569471753494,9,26.22120459192887,26.30769705690841,9
752,758,0.0029378473481705154,6,26.268064409484282,26.371504037260742,6
759,763,0.014001677436834916,4,26.46848909095407,26.865560826536946,4
765,767,0.0005791488767591191,2,26.959023808253782,27.00159612041911,2
768,776,0.006436350117528891,8,26.93393117374019,27.13422131598955,8
780,785,0.006118033107146157,5,27.798982355820062,27.99685643257376,5
788,795,-0.023429635212452483,7,28.270601690654974,27.63650240749704,7
796,802,0.013064456444563832,6,27.696007206892993,28.085536493942666,6
816,817,-0.0063739937993526116,1,28.567446590468546,28.41392530962803,1
819,820,-0.003527264213999006,1,28.525790452913856,28.453698243526173,1
824,826,-0.007148674190354737,2,28.65866268236455,28.482449902799413,2
831,833,-0.009988465148853185,2,28.128868822197262,27.87603346511228,2
836,837,0.003528470630621351,1,28.403246925077326,28.531870194591825,1
838,840,0.0027397049968978858,2,28.643579908062865,28.75069844697409,2
843,844,-0.0028126688870807434,1,28.69794683540706,28.64592696005542,1
846,849,-0.009811862054817135,3,28.613199885527273,28.361064315189097,3
857,858,-0.0040202931191901815,1,28.03519622416241,27.950521713911424,1
862,865,0.001093892761771987,3,27.80541969159129,27.863641258621545,3
866,873,0.005068296856000006,7,27.703639001461827,27.871752906914157,7
875,879,-0.014584302458865977,4,27.80690485886082,27.429167452813143,4
881,882,-0.0023023665531728566,1,27.22864095553208,27.19317928426324,1
884,892,-0.00503555785176541,8,27.13057287294804,27.02108587656772,8
894,904,0.01720665496504293,10,27.01508316561733,27.506937463665665,10
907,908,-0.0018633997048152877,1,27.66833297912035,27.644444148593447,1
916,919,-0.007241987244703855,3,27.445168467490948,27.27385607598812,3
920,924,-0.008875076038540514,4,27.322875230677685,27.107705510644543,4
929,930,0.0030057721572835814,1,27.21606549955509,27.325086856964013,1
933,934,-0.0004913643621241304,1,27.341388847025684,27.355295651782303,1
941,948,-0.022203415017710726,7,26.997052847557455,26.424623131775625,7
949,951,-0.003352579944346762,2,26.660610532891145,26.597889315247425,2
953,954,-0.0023594484198875233,1,26.61814882484293,26.581962824482666,1
956,959,0.00242956660167833,3,26.739350632617597,26.83105501649779,3
960,961,-0.004770847961438658,1,26.834483819512055,26.73329506090499,1
964,969,-0.005506215560742171,5,26.51761466231745,26.39812057449235,5
971,972,-0.004004377590653952,1,26.325712890108317,26.246620508243286,1
973,975,-0.0026475397185077385,2,26.219994243417904,26.17679576148283,2
976,978,-0.0011357899573541195,2,26.15325815862872,26.14970680881869,2
979,980,-0.002154602804777604,1,26.121069003669362,26.090909544133936,1
982,983,-0.00631129155664711,1,26.03511929584216,25.896839186549855,1
985,991,0.0203989284775436,6,25.744236790790865,26.295135872585945,6
994,999,-0.004923413303647534,5,26.366333876148634,26.26288785105054,5
1003,1006,0.0009740264419031541,3,26.008142489032636,26.05948325001077,3
1007,1008,-0.0026057719115629456,1,26.032831340845362,25.991028551499777,1
1009,1010,0.003781667386311886,1,26.0511008234205,26.175668522605374,1
1011,1012,0.0011460766117930604,1,26.252830334302253,26.30917091947607,1
1015,1016,0.0028304853441850613,1,26.793584301869014,26.89621673385551,1
1021,1022,0.002863604186316048,1,27.478490226189578,27.58465623606113,1
1023,1026,-0.0009571780094876865,3,27.64891246246049,27.650096443927634,3
1032,1037,0.00825798039350566,5,27.943646080242104,28.202347807776047,5
1040,1043,-0.0006589432479745699,3,28.423575415404155,28.433269467716283,3
1049,1053,-0.008731363318865551,4,28.03196296127684,27.815237671082226,4
1056,1057,0.003867105888986315,1,28.088059215717582,28.224766774136597,1
1058,1064,0.03875972621665614,6,28.309606661127077,29.435188871274715,6
1066,1067,-0.0027814732181501273,1,29.318895727238186,29.266664899714375,1
1071,1074,-0.009956379535616088,3,28.93610594367927,28.67694319656488,3
1076,1078,0.008964939280845016,2,28.685178230427173,28.971024289753597,2
1079,1092,-0.025662606045169855,13,29.1052685937135,28.38745682054789,13
1097,1099,-0.006895239790790405,2,27.921591328032743,27.756986851813537,2
1100,1111,0.007487055799841945,11,27.858864654792157,28.095304393637623,11
1115,1119,-0.007843560951652145,4,27.32464898855835,27.137651087722652,4
1126,1128,0.0007082285774399953,2,27.570465552538085,27.617562209688256,2
1137,1141,0.003635583385912869,4,27.726240277840088,27.85476757662587,4
1148,1149,0.0014578854707531477,1,28.431829779905513,28.50171196122847,1
1150,1151,-2.5265802761670732e-05,1,28.49449898564057,28.522273548235045,1
1154,1155,-0.003124108979801466,1,28.661338246940772,28.60045844099732,1
1158,1160,-0.008192338257099639,2,28.537268169699058,28.33201848408902,2
1162,1164,-0.006422262577680514,2,28.198017136580933,28.045120083496457,2
1166,1168,-0.0045610950302587844,2,27.96794561520332,27.86834910306647,2
1170,1173,-0.005392781064056328,3,27.775012049990178,27.653002503003044,3
1174,1178,-0.02142035962037593,4,27.484482576411477,26.923239558221198,4
1179,1181,-0.008013548995570392,2,26.911841815816295,26.723094294680028,2
1184,1185,-0.00026833493790205177,1,26.65605913485852,26.675562442020713,1
1191,1192,-0.0008464312921145768,1,27.030433006875498,27.034584035545947,1
1198,1200,-0.0004446594130764498,2,26.878598429022613,26.89352520564987,2
1201,1204,0.005321698691488597,3,26.871805548215477,27.041681006187567,3
1205,1207,1.3175382921930311e-05,2,26.97964067181982,27.006975779588586,2
1209,1210,0.0025263072703428924,1,27.299583617585796,27.395850337773823,1
1216,1217,-0.0008555739801466335,1,27.433686631596867,27.437648769766973,1
1241,1245,0.0034254594518224584,4,27.429317248110205,27.55070457938289,4
1247,1251,-0.022566011245963316,4,27.357753008756603,26.76775539970547,4
1252,1257,-0.014277133207716616,5,26.744834401501457,26.3897396725344,5
1259,1260,-0.00023414442679632066,1,26.395934425305985,26.416149898795524,1
1261,1267,0.013429400702690077,6,26.568605894147495,26.951974954706003,6
1273,1278,-0.014825120186978003,5,26.882983905643243,26.51132342216313,5
1279,1281,0.002931074198833087,2,26.455493937062325,26.559492446695696,2
1283,1285,-0.00827983709175836,2,26.155556417837133,25.965148228070984,2
1287,1290,0.0033834983973206924,3,26.03290491135236,26.147020108308876,3
1291,1292,-0.003810549440732522,1,26.189242041182798,26.115635881610743,1
1299,1302,-0.011418768033263013,3,25.960556971105966,25.690079950009704,3
1305,1308,0.011677689139736581,3,25.177011605124694,25.496197931722005,3
1312,1314,0.012207720705196462,2,25.93587938068018,26.27843323178387,2
1320,1324,-0.009749618404844257,4,25.69695862232853,25.472120040218083,4
1326,1329,0.0022008635039400763,3,25.319640635205534,25.40068534884764,3
1332,1333,0.0005258128275572242,1,25.84472471468343,25.88415892717778,1
1335,1336,0.0016384542491275256,1,26.03310835427411,26.10179551962944,1
1337,1338,0.00390718239994436,1,26.15299204579408,26.281329548067085,1
1339,1343,0.006126627246730969,4,26.210390447182263,26.39718212989061,4
1352,1354,-0.013387431888739351,2,26.01269829075353,25.690467762434494,2
1355,1363,0.009016293367117931,8,25.628565446555722,25.885268676646806,8
1364,1368,0.005465824252231912,4,25.848449110077688,26.01558063921621,4
1371,1374,0.017805488982042577,3,26.20010006481599,26.692805757913302,3
1376,1377,-0.0038007391988523678,1,26.72700968773688,26.65215430403633,1
1378,1380,-0.005642733024302747,2,26.648671626106353,26.52494895829403,2
1381,1383,0.000410051642981993,2,26.631146153785068,26.668697445173706,2
1384,1385,-0.0019119776955257768,1,26.661412119310647,26.637097506126615,1
1388,1389,0.0015753280509770901,1,26.47042035081758,26.538590366868196,1
1391,1394,0.016496258497427214,3,26.683644706723186,27.15050865216552,3
1395,1399,0.001458025007374748,4,27.27621034204753,27.343255949174697,4
1401,1402,0.002601218823699766,1,27.359174519770267,27.45770089405175,1
1403,1407,-0.00919361635959013,4,27.53906051858504,27.313416021792218,4
1410,1412,-0.008865352797705749,2,27.222454318420944,27.008340111187135,2
1416,1421,-0.00990475949410757,5,27.13673841411188,26.895092285079702,5
1423,1429,0.01969813442702241,6,27.221365999800433,27.78479749255148,6
1431,1432,0.00015636303776168838,1,27.948849077497446,27.981168093518644,1
1434,1435,-0.003722343253670242,1,27.961426387931187,27.885305787441006,1
1437,1439,-0.0006212321850126142,2,27.860256106448876,27.870808674779305,2
1443,1444,-0.0016463182326606175,1,28.062969252124724,28.04483164343448,1
1445,1446,-0.010336796140950125,1,28.01529647337239,27.753723361372234,1
1450,1452,1.4204070402087021e-05,2,27.588345599274327,27.61632581167677,2
1453,1460,-0.01396754965868165,7,27.79026879894254,27.429897108264143,7
1461,1462,-0.008791922621129124,1,27.412952391850602,27.199352787996606,1
1465,1467,-0.0005584127715804286,2,26.989562822905615,27.001481069148838,2
1469,1471,-0.002928029340802397,2,27.05647957228512,27.004313885810934,2
1474,1475,-0.009631553161242028,1,26.965695515181434,26.73293968081228,1
1477,1479,-0.005314529092099665,2,26.480896299849448,26.366643702378873,2
1480,1482,-0.014007683408550988,2,26.46396646630701,26.11973156877878,2
1486,1500,-0.010566058718033133,14,25.933608550560823,25.685526128395672,14
1501,1503,0.002628129542447655,2,25.67012872379752,25.763263276178765,2
1505,1515,0.006479858846851848,10,25.63819963223324,25.829969746569752,10
1516,1518,-0.0059807301105617204,2,25.80221046842542,25.673696621826284,2
1519,1524,0.0018415522057207319,5,25.76633910541003,25.839555503128356,5
1526,1527,-0.0034613452487490485,1,25.866496251163287,25.8028298735137,1
1528,1532,-0.014203573943780964,4,25.721750438582305,25.382131404703003,4
1536,1538,-0.002543037746857436,2,25.301218213256643,25.26217747851211,2
1539,1546,0.011809883817499055,7,25.391071923535044,25.71632860487729,7
1547,1553,0.0059791903369199335,6,25.77486002497903,25.95474767900083,6
1554,1556,-0.006194820853024541,2,25.905630731025653,25.771055620293367,2
1558,1567,0.011835123422967334,9,25.78497145957021,26.115924750711486,9
1576,1577,-0.001976679527665188,1,26.543964070509492,26.518039124218745,1
1579,1594,0.0035299949016481874,15,26.323802419842984,26.443049110596867,15
1595,1598,-0.016001708606213576,3,26.381015513325437,25.98525520585853,3
1600,1601,0.0011287277012390399,1,26.019948938609353,26.075338324699796,1
1604,1606,-0.0056763090933795776,2,26.223999201462792,26.101367675532213,2
1613,1614,-0.0008450993632405574,1,25.284642920769166,25.288559528057828,1
1616,1617,0.0021285267243075752,1,25.405211336687533,25.48469221929104,1
1620,1625,-0.009162296285024563,5,25.590514191026525,25.38163683211324,5
1629,1633,-0.029469309660996177,4,25.06525315788471,24.35166270400163,4
1635,1637,-0.012618722082389192,2,24.007551592653083,23.728614522819427,2
1640,1641,-0.006620373691604058,1,23.4299302025756,23.298245239268926,1
1642,1650,0.026206498972768392,8,23.15253086609573,23.782430173321153,8
1652,1653,0.0024120411529605125,1,24.139248122559504,24.221612230555202,1
1654,1660,0.06886493933072452,6,24.299696778546565,25.997393619734723,6
1661,1662,0.014194345457687236,1,26.656969936307718,27.06200514637516,1
1664,1665,0.010067897097326563,1,27.159356774728277,27.45995374074055,1
1666,1669,-0.03707352819789091,3,27.798985198287674,26.796177721864492,3
1670,1671,0.010429384233933494,1,26.713984134689415,27.019308523783984,1
1676,1680,-0.017836565188906292,4,26.371907571825115,25.92789523083627,4
1681,1686,0.011857202795829535,5,26.05005425819697,26.38498508863697,5
1687,1689,0.009705581087907925,2,26.451939717817893,26.735123103399445,2
1690,1696,0.03545303144223646,6,27.01004068316891,27.994638545448552,6
1697,1704,-0.01074756713638483,7,28.09329777083187,27.819456464728237,7
1705,1707,0.045553464005187096,2,28.181282769257436,29.49321910227606,2
1711,1716,0.01474356365430212,5,30.271417654240874,30.74799764498638,5
1717,1718,-0.0036310089681330327,1,30.387870178181053,30.307919419219797,1
1719,1720,0.008651100290252116,1,30.51230865824909,30.80678600919698,1
1723,1729,-0.015437168093444607,6,32.39054636146431,31.92291859900534,6
1732,1733,-0.009084365007453413,1,31.428513321610705,31.174433748277192,1
1734,1738,0.0019005224957924583,4,31.1786680518797,31.269102479953023,4
1739,1741,-0.008204572666943724,2,31.142495920076524,30.918127545190334,2
1749,1755,0.0021726944906950217,6,30.327356314038532,30.423575750333427,6
1758,1762,0.031271418875512456,4,30.46049842988099,31.443501933868568,4
1763,1764,-0.009756263539252252,1,31.37338083854251,31.098667247802904,1
1765,1770,0.014422279818077421,5,30.909875423413915,31.38657617133572,5
1771,1772,0.024374492987829042,1,32.58990143992292,33.41685366548428,1
1773,1776,-0.009950523352499862,3,33.83102291703956,33.52821755638164,3
1778,1780,-0.009692431958414953,2,33.72364699746132,33.430506490546286,2
1782,1784,-0.02457649323969902,2,34.16401627583586,33.35854857706765,2
1785,1794,-0.004707387308353892,9,32.68730130495251,32.56611681895019,9
1795,1796,0.011755246868438523,1,32.737250990782975,33.154822708964446,1
1800,1802,-0.0052164635297768484,2,35.09520800660224,34.94723034197247,2
1804,1806,-0.01864446910952088,2,35.28604361990317,34.66344011325458,2
1808,1810,-0.017754424992055148,2,34.28875722572078,33.71426881471165,2
1812,1814,-0.0017741148126341625,2,33.293488799176494,33.26771581633278,2
1815,1817,-0.018057070381566943,2,33.59101580707736,33.018051486267716,2
1819,1824,-0.04646582311121573,5,32.38904048990982,30.916446104253573,5
1827,1829,0.02547313057654646,2,29.917270493202654,30.70927430146307,2
1830,1832,0.01930443621889465,2,30.58606584600299,31.20709866916007,2
1835,1839,-0.04421878489431797,4,31.8013626775799,30.42694642467138,4
1841,1843,-0.006481424309547696,2,29.959568162089923,29.795347056862692,2
1844,1846,0.011205080404120927,2,29.868410408439843,30.232956759018133,2
1847,1849,-0.005463267012683382,2,30.264786979127354,30.129707153757526,2
1851,1853,-0.011988721817408409,2,30.518696562232826,30.18333509548055,2
1858,1859,-0.006507429039386608,1,30.8533109149747,30.683388494480344,1
1863,1864,-0.0011219283236379646,1,30.78500227830155,30.781248714580567,1
1865,1867,-0.010801153813998765,2,30.85089748840058,30.548523096816858,2
1869,1870,-0.0026530456719521135,1,30.393869307061905,30.34362685294999,1
1871,1877,-0.01612200198625306,6,30.125275437418424,29.66972096241736,6
1882,1884,-0.00675972877496444,2,30.55056079440004,30.374597850301235,2
1887,1889,0.014763891062943693,2,30.69531706093508,31.179194695226176,2
1905,1906,-0.00162127304354005,1,31.8912789916006,31.871465799639104,1
1908,1909,-0.007148596450581747,1,31.91422292593431,31.717995248128837,1
1916,1917,-0.0005771157205515895,1,31.46552267071444,31.47882894559651,1
1918,1924,0.05166063460912395,6,31.404731131025972,33.05852420211471,6
1925,1927,-0.008214908715889188,2,32.79208851741567,32.55549659215916,2
1928,1931,-0.002426146361260347,3,32.56522679067125,32.51878401098011,3
1934,1940,-0.025605987210358342,6,32.399368875496975,31.602150419322815,6
1941,1944,-0.0048167064906007966,3,31.6292377166104,31.50851819972466,3
1946,1949,-0.0010614608898355034,3,31.370462765588645,31.36853470903252,3
1956,1958,0.007014369136918376,2,30.63887844333042,30.88442972511644,2
1959,1960,0.01062717933328779,1,31.31980792371424,31.683968947127394,1
1963,1967,0.02159901889185089,4,32.986693501347744,33.7321604109644,4
1969,1975,-0.016361245228600805,6,34.407966075648005,33.8794168709426,6
1976,1977,-0.005016570903176751,1,33.91468161822313,33.77846089484487,1
1978,1979,-0.00499685425845582,1,33.905207910348054,33.76969373572775,1
1981,1982,-0.004830255621899262,1,33.72014080489981,33.59098404601061,1
1983,1984,-0.005723821122077632,1,33.37632652920579,33.21866273296977,1
1991,1992,-0.0025663217950989774,1,33.386786648888645,33.33449219729217,1
1993,1996,0.010794302578458839,3,33.42153324872393,33.815716924495405,3
1999,2000,-0.0003761306720271464,1,33.23589518623437,33.256630041828785,1
675,677,-0.009878866254196421,2,27.05817031254942,26.817924437261027,2
681,682,-0.005406005797110587,1,26.35510549255967,26.23898474497599,1
684,687,-0.002876249888638529,3,26.197081099169672,26.1479288286747,3
688,692,0.013370147499556267,4,26.24653326675655,26.623699821151853,4
696,699,0.003103020351409306,3,27.00380548118185,27.114602644636637,3
702,704,0.010390875334555218,2,27.037760786458172,27.345744548902243,2
705,706,-0.0017688255218415469,1,27.529172955149043,27.508007824385935,1
708,710,-0.006317721238126341,2,27.783969653930967,27.6362222484228,2
712,713,0.00028851357850045935,1,27.29275007787173,27.327917156941687,1
716,721,-0.01643132383243075,5,27.091953200470808,26.673888497381284,5
725,726,-0.004428967441087646,1,26.46614141483857,26.375389877635868,1
727,733,-0.01860276386770566,6,26.36895511257005,25.90478862228535,6
734,738,0.014519472967532802,4,26.207923778427922,26.614656943042394,4
740,741,-0.005616458282123806,1,26.38201690324111,26.26022542280901,1
745,748,-0.0031204911712681797,3,26.346158262348904,26.29029146635676,3
753,760,0.011925127451858662,7,26.181518671085634,26.519918136792633,7
767,771,0.005305991011696463,4,26.94959933014326,27.119543261287966,4
772,778,0.00654297491642351,6,27.218663445561916,27.423973141190363,6
781,783,-0.002804979824632403,2,27.790103151910024,27.739942576396373,2
790,792,-0.00641835349240189,2,27.97624530269139,27.82466011625126,2
794,795,-0.005234321021010209,1,27.69912397887077,27.58183699594347,1
800,801,-0.003239108493835844,1,28.105753955015167,28.042822122608833,1
804,805,0.0006146911642520394,1,28.446300226813122,28.492232216445018,1
809,810,-0.0027264613884724663,1,28.66603933185346,28.616548521786584,1
813,821,-0.004401419097649017,8,28.575820170305022,28.478621829846762,8
822,831,-0.016824627965125596,9,28.506132950409842,28.0550340017452,9
832,833,-0.0015899974780423448,1,27.91421224132811,27.897742926504186,1
834,835,0.00131673769041909,1,28.058225754725623,28.123229303857883,1
836,838,0.007058041615265627,2,28.32037422988635,28.54858098399067,2
841,842,-0.003204146439347382,1,28.772772114337034,28.709352711131064,1
844,846,-0.004346929490306942,2,28.660920003255335,28.56499392487711,2
847,848,-0.0031376474238947964,1,28.633533804485413,28.57232540471125,1
851,852,-0.006019417971507998,1,28.22448260749386,28.082812132257292,1
856,858,-0.006360814203845373,2,28.149294570949735,27.99839143278556,2
861,864,0.0040204274557880115,3,27.79884516327707,27.938407248773984,3
866,871,0.0074863589040580275,5,27.71321668955908,27.94840099277261,5
874,875,-0.005803437466326195,1,27.941175293070444,27.80696160481452,1
878,879,-0.004824715549738821,1,27.51269653688396,27.407468298624096,1
883,889,0.00026327305845306017,6,27.205979768687587,27.24034834995819,6
895,897,0.0076758134120911954,2,27.121100761299303,27.35639837103486,2
899,902,0.0035279610826951186,3,27.3089032548276,27.432556905976547,3
905,908,-0.00024306600154316719,3,27.636934173552962,27.657853508642038,3
909,916,-0.011347255638837064,7,27.779238937851552,27.491800051109266,7
921,923,-0.005098386920942538,2,27.29359975227827,27.18174002002809,2
926,932,0.0037119473302300865,6,27.050273729252577,27.177733194333122,6
935,941,-0.014208698102826794,6,27.335850775719617,26.974779775439213,6
942,945,-0.01626425282406538,3,26.909010636413168,26.498264694813493,3
947,950,0.012490213473601595,3,26.313947266795854,26.668928032758025,3
952,953,-0.0034932486442937126,1,26.650913053512163,26.584465700672304,1
954,955,-0.000791046356936371,1,26.6322233000415,26.637788200122927,1
958,960,0.0005144490934138205,2,26.803479038459702,26.844071542989834,2
961,965,-0.01235141777953706,4,26.74278043517711,26.439211961870985,4
968,971,-0.009351372162520504,3,26.51777137436642,26.29631159669845,3
973,975,-0.0021713792970995617,2,26.1811792128436,26.15051112154002,2
977,978,-0.00265214096960857,1,26.152211441522628,26.109004301554222,1
981,983,-0.010876174051923319,2,26.171218221631868,25.912746715324165,2
989,990,0.003210778624872849,1,26.1177822170298,26.227758416118352,1
996,997,0.0005343043431425209,1,26.247098848401123,26.287369886159116,1
1005,1007,-0.003251284938439151,2,26.062025041069482,26.0033519966293,2
1010,1011,0.0027025566877765875,1,26.15046917186237,26.247292766383143,1
1015,1023,0.03044287828999151,8,26.762361584657704,27.60384726271684,8
1026,1027,-0.00527566478852881,1,27.604648947371935,27.486620721867958,1
1031,1035,0.014378560991262081,4,27.79724744254698,28.22472910773139,4
1041,1045,-0.0004028652608739281,4,28.41358216478736,28.430548901760968,4
1047,1048,-0.007327606752089701,1,28.214662929616367,28.03613163795499,1
1052,1055,0.0011709504438013598,3,27.85758625899325,27.918063698245447,3
1059,1062,0.03278384289478461,3,28.42089054989129,29.381057451158686,3
1071,1081,0.00636550741767126,10,28.963064753815758,29.17639242209848,10
1082,1085,-0.0175674088875001,3,29.148401168367123,28.6654876877939,3
1089,1093,-0.011656051458647582,4,28.523479712727127,28.219532045128616,4
1094,1095,-0.0057072410887663095,1,28.126110194967737,27.993713813390816,1
1096,1097,-0.0026241849218706205,1,27.988909727650146,27.9434505624909,1
1100,1101,-3.0175780577015475e-05,1,27.784059328133065,27.811004981783373,1
1103,1105,-0.004350433277557951,2,28.01065706354528,27.916809225993315,2
1106,1110,0.008510461963776025,4,28.021688543689216,28.28818774674475,4
1120,1121,0.001318970912495741,1,27.231416585570535,27.294565448538528,1
1127,1129,0.0007857475322982886,2,27.544423512009768,27.59361089832492,2
1130,1136,-0.0023834264865410714,6,27.616226336210264,27.578021317238438,6
1139,1149,0.01871072001733039,10,27.922593069106462,28.47296748324947,10
1154,1155,-0.004392855983902133,1,28.71250959442402,28.61509218443373,1
1156,1157,-0.0041494752767520845,1,28.661805502019845,28.571535854204157,1
1159,1161,-0.005088807495059594,2,28.359629204381584,28.243672139933597,2
1168,1169,-0.005280787134700151,1,27.919113921373427,27.799598137686583,1
1170,1178,-0.027585072144092896,8,27.713548748597738,26.97678205574743,8
1181,1182,-0.005540220920701711,1,26.755160475974517,26.633686136644766,1
1185,1188,0.002490749819320123,3,26.696010303302714,26.789199396445536,3
1191,1193,0.001080911303632684,2,27.06800986617307,27.12433599387043,2
1194,1196,-0.007823495470085342,2,27.11187080662981,26.926873078995232,2
1200,1202,-0.00022277930059952584,2,26.895050230611222,26.91595362036187,2
1204,1208,0.0031858930269238663,4,27.003290959509485,27.116323846840892,4
1210,1212,0.008093109878404697,2,27.392401468088032,27.64148358447073,2
1215,1216,-0.0056116359237086645,1,27.52298368574865,27.396057705455803,1
1217,1218,0.0012934420140876864,1,27.48502582570714,27.548061138694102,1
1222,1223,-0.001242134985473651,1,28.015398618785653,28.008615110648055,1
1224,1225,-0.006007126433122528,1,28.017112980834998,27.87682775384888,1
1226,1227,-0.010615752563890305,1,27.826067516141496,27.558498936080174,1
1231,1232,-0.001826067595096156,1,27.69005323226229,27.66717937658063,1
1235,1236,-0.004417180277964572,1,27.730960105278534,27.636198415317754,1
1237,1238,-0.0065758886854367345,1,27.604759491860115,27.45083842574525,1
1240,1244,0.005940738641831226,4,27.396492645781095,27.586644540938313,4
1249,1254,-0.015577851828078339,5,26.96110146654936,26.568066524248216,5
1255,1256,-0.007166774653453007,1,26.615106088205394,26.450976726581686,1
1257,1258,-0.0019226701346961536,1,26.382694331993157,26.35835180786021,1
1262,1267,0.006942780149826372,5,26.764900606692873,26.97748832794379,5
1268,1272,-0.005556915693161936,4,27.032622153502675,26.909436773384062,4
1273,1274,-0.004818810831640976,1,26.85483277301584,26.75227924674034,1
1277,1278,-0.0008755019932907666,1,26.544842084545756,26.548146864473694,1
1279,1283,-0.011518181069080317,4,26.502951942649815,26.22418909525189,4
1284,1287,-0.004161886739251971,3,26.0961466461853,26.013633586159152,3
1289,1292,-0.0005997690060684904,3,26.104826267862205,26.1152742284258,3
1293,1294,-0.0016243176621995037,1,26.09282434706043,26.07653413596389,1
1296,1298,0.0037719339672257343,2,25.925382934032594,26.04909714946884,2
1306,1311,0.018174017360494437,5,25.290000228720206,25.774911132152596,5
1320,1321,0.0001038775389888176,1,25.6811366202227,25.709485450113466,1
1330,1331,0.0044722036258664525,1,25.5099601227306,25.649555819009915,1
1334,1335,-0.0006000360640380723,1,25.976099368615643,25.986488871560052,1
1336,1341,0.007604445568019993,5,26.094161312187836,26.31868710284169,5
1344,1345,-0.005403619612553923,1,26.50604101407368,26.389318492012947,1
1347,1349,-0.0037581617657477823,2,26.405148439145364,26.33231876830162,2
1350,1351,-0.0039695426039472554,1,26.241889157711018,26.163962749849134,1
1353,1355,-0.007388943120030949,2,25.757746750873398,25.593181971981906,2
1359,1360,0.0008429930687633134,1,25.754899263328994,25.802365364158007,1
1362,1367,0.002582355234548768,5,25.879915587750446,25.972626638825904,5
1369,1379,0.015014444777770228,10,26.123892606947784,26.54225224248215,10
1380,1383,0.002832065796582983,3,26.477612670106726,26.579076623995014,3
1385,1387,-0.00503358817748239,2,26.610577760804567,26.50324164895261,2
1388,1391,0.0027554155015842943,3,26.53219049620935,26.6318298956898,3
1393,1396,0.006553835112865286,3,27.034823184750334,27.239039781393405,3
1397,1400,0.0017989104309193591,3,27.245141893023614,27.321398604859876,3
1401,1403,0.002971913592074941,2,27.357765818965355,27.466428500870506,2
1404,1407,-0.005716703779317398,3,27.48352528481661,27.35389363723675,3
1409,1413,-0.010868426436142421,4,27.218518831860457,26.949914881067485,4
1416,1417,-0.0005191067302783492,1,27.121010630969835,27.134052942450317,1
1419,1421,-0.0040227765710453695,2,26.997314793796953,26.915707943157127,2
1423,1425,0.00397135367340213,2,27.269211279777622,27.404776173444123,2
1429,1430,-0.0026343706125575607,1,27.851280030093914,27.805760716490617,1
1431,1433,-0.0014242416160341954,2,27.93784580483222,27.925993407979465,2
1435,1440,0.0004598742531385469,5,27.934967822645937,27.975749362932472,5
1444,1445,-0.0015902473038269065,1,28.050584341809635,28.034027560031113,1
1446,1449,-0.009286307589223226,3,27.802071120430362,27.571694607509016,3
1453,1455,0.003989720035064052,2,27.738928205181043,27.87733769099764,2
1456,1457,-0.004790118748134755,1,27.934928034712318,27.82905134024016,1
1461,1463,-0.008814525344760557,2,27.415891454484647,27.201649275864373,2
1466,1467,0.0008624510756407694,1,26.92894515269731,26.979098995562822,1
1468,1469,-0.0003578713796898481,1,26.985805151889707,27.00313350971985,1
1474,1476,-0.01639769199416035,2,26.98341963053966,26.56793724611943,2
1478,1482,-0.011152765245039366,4,26.34325374662032,26.07579687554038,4
1483,1487,-0.0003574612093225688,4,25.959851770400487,25.976531982163205,4
1488,1489,-0.0001536498414513118,1,26.051200238134488,26.073248675586417,1
1490,1491,-0.006291079795292263,1,26.083555065129836,25.945544893935335,1
1496,1498,0.0025091748814559892,2,25.39802788754859,25.487154009050094,2
1499,1501,-0.0022226750116683385,2,25.639027384733968,25.607679186627173,2
1502,1504,-0.0002714559425001375,2,25.666453681917694,25.68515282422475,2
1509,1511,-0.004344152314872913,2,25.780838014100226,25.69462296497601,2
1512,1513,-0.005899270010306449,1,25.715372852603007,25.5893862975824,1
1515,1519,-0.00649892844255067,4,25.8814487179741,25.739128483484414,4
1521,1527,-0.0015343573221541546,6,25.75386188343256,25.7401001187614,6
1528,1530,-0.00860955891474296,2,25.670740375984188,25.475397364708066,2
1532,1533,-0.003721555976700443,1,25.41891913886995,25.349740127566292,1
1538,1542,0.01307464410118907,4,25.29082315424156,25.646782489163623,4
1545,1548,-0.003908543369092594,3,25.746053239557188,25.67116972712697,3
1549,1553,0.007652932354702889,4,25.71518110129632,25.93769282385477,4
1561,1564,0.0037265467010306873,3,25.726338528595566,25.847935269097498,3
1566,1567,-0.0012742920765985027,1,26.080023132443895,26.07286958874116,1
1570,1573,0.0020286191649475085,3,26.275936879611557,26.3555166856221,3
1577,1579,-0.01045716102327559,2,26.55917631723993,26.308001910162226,2
1580,1581,-0.009219039512726072,1,26.215596393366635,26.000129370759876,1
1582,1585,-0.0018584084039202072,3,25.92560066964049,25.903345916148993,3
1587,1590,0.00999366657627888,3,26.023908575812772,26.310006749706822,3
1596,1597,-0.008047604924330298,1,26.292212507182985,26.106915380845823,1
1598,1600,-0.004802968404668346,2,26.053453004104963,25.95437254549784,2
1602,1603,0.0025752641797671108,1,26.127922869914492,26.221337096643015,1
1606,1616,-0.027351491084570804,10,26.09073144274983,25.403201765746278,10
1617,1620,0.0023625767310445195,3,25.485256009916572,25.57095213876023,3
1622,1623,-0.000490922146791418,1,25.532625329487317,25.54562342357683,1
1626,1628,-0.006497493296201486,2,25.302549899572128,25.163449301122427,2
1644,1647,-0.017298108889898776,3,22.642387636295012,22.27335953707138,3
1648,1654,0.06195626615967732,6,22.820696697285896,24.257402552509497,6
1655,1656,0.007740551407649132,1,24.450139796918993,24.66384750073817,1
1660,1663,0.03990911620296388,3,26.056152172700795,27.12208632973592,3
1667,1674,-0.02905154388926507,7,27.558964323742085,26.785892826471944,7
1676,1678,-0.02474341232252518,2,26.402904190201603,25.77600914950152,2
1682,1684,0.00539986169566883,2,26.257213553657234,26.42525608891428,2
1685,1691,0.018659195331783795,6,26.56817971013477,27.090488744666246,6
1697,1701,-0.011482442017355245,4,28.096571309287537,27.802050629651443,4
1702,1703,-0.004770135039797114,1,27.7005237886227,27.59608907326648,1
1704,1708,0.06997734937604227,4,27.777806549173878,29.749401629514708,4
1710,1711,0.003228270627416688,1,30.14732581444542,30.2747968666818,1
1714,1726,0.05690763390326103,12,30.649068330872193,32.42388335925237,12
1728,1730,0.00040396679148413297,2,31.864850380598018,31.909587572347988,2
1731,1732,-0.009378812689199094,1,31.67773049080492,31.412308720603534,1
1742,1744,-0.004556506812434837,2,31.21251498189451,31.10150745972818,2
1749,1750,-0.005010945735172665,1,30.30647794063782,30.184920302193714,1
1751,1752,0.002382748012000306,1,30.27772854458925,30.380150470631346,1
1754,1756,-0.0038361163281997405,2,30.48182898925999,30.39537897635016,2
1764,1766,-0.015581891793260416,2,31.12877378938017,30.674857378326546,2
1767,1768,-0.00437238759489135,1,30.418309375293326,30.31572704609852,1
1769,1770,0.021509089257404537,1,30.68118207614647,31.37178754202113,1
1771,1772,0.02604962248150476,1,32.54936333510283,33.4298113253307,1
1778,1784,-0.010742319426696137,6,33.683586005697585,33.35542975139349,6
1789,1793,0.019330579567527005,4,31.87329629530333,32.52129888171436,4
1794,1795,0.005812116570957879,1,32.51325263540283,32.734736702456196,1
1799,1800,-0.004898038918100426,1,35.15494834270079,35.017912985897134,1
1804,1806,-0.020320405797216227,2,35.352106707467854,34.669089660093086,2
1821,1824,-0.029918069814112,3,31.855141135401333,30.933951940109406,3
1826,1827,-0.0028378806899839754,1,29.90980570775223,29.85483505340078,1
1828,1830,0.003708339305928501,2,30.453410258100476,30.596795246618257,2
1834,1835,-0.00597487665004724,1,31.934149638908686,31.775281183530964,1
1838,1839,-0.012158384219038733,1,30.78597105549672,30.442449361903282,1
1842,1843,-0.008741925112687957,1,30.024263178886645,29.79181758179207,1
1847,1848,-0.00597219443680305,1,30.26742277310367,30.11692726197488,1
1849,1851,0.009707500196450308,2,30.192436358780405,30.51572187702336,2
1852,1853,-0.007590426040574606,1,30.398107053170857,30.197770576863466,1
1856,1857,-0.006984025753148132,1,31.090301989169973,30.904256821393627,1
1860,1861,0.004130327126018782,1,30.769092321215975,30.926947830194486,1
1862,1863,-0.0005552691322220677,1,30.743652981394636,30.757325632863715,1
1868,1870,-0.00044378784975523705,2,30.347697824269808,30.364577582531624,2
1874,1877,-0.00032826739854172884,3,29.667830615731923,29.68775946477105,3
1879,1884,0.015790757850089016,5,29.809559819595957,30.310084920144536,5
1888,1891,0.007174794935688573,3,31.072871597438613,31.326885950810656,3
1903,1904,-0.003202087713958378,1,31.893368281121962,31.823136286673353,1
1907,1911,-0.02002628079179701,4,32.11171725644415,31.500750707216252,4
1913,1915,0.005737577993201967,2,31.12238208685288,31.332071563497284,2
1919,1920,0.010845004604416255,1,31.546410905899496,31.920078288332682,1
1921,1922,0.014581303684235186,1,32.609572827157024,33.11767248439014,1
1926,1929,0.0036844940255453904,3,32.478068152601075,32.63021146882319,3
1930,1937,-0.01978777192430389,7,32.688457076977,32.07431380085736,7
1938,1939,-0.009655249070552725,1,31.940336481288792,31.663884913645976,1
1942,1943,-0.0009751841743400492,1,31.562917753717205,31.5637010135815,1
1945,1947,-0.004066710808323574,2,31.451707599068975,31.355254307434677,2
1953,1954,0.0007959698611745513,1,30.71367556040361,30.768836396035987,1
1956,1958,0.008319826707548692,2,30.648352672410816,30.93399000818952,2
1959,1960,0.009925015716629931,1,31.3711966181867,31.71392743428988,1
1961,1962,0.009162946031256409,1,32.01382255678708,32.33917730768593,1
1971,1974,-0.003243644025733307,3,34.161266084466504,34.084620363904605,3
1975,1976,-0.003338634868282266,1,33.895176480946425,33.8159080393615,1
1977,1978,0.0011851436352630215,1,33.801071310756406,33.87493150659618,1
1979,1984,-0.01853706419426487,5,33.81957438245787,33.22647833548999,5
1985,1986,-0.000334835795124271,1,33.168837138264244,33.19089986144597,1
1989,1990,-0.007661551859512016,1,33.536884531841274,33.31347683632595,1
1991,1992,-0.0028140016874300044,1,33.35752822601333,33.29701761352285,1
1993,1999,-0.009160723002504388,6,33.45577564821627,33.18275233031724,6
672,675,-0.0024677273217669055,3,27.07224715467501,27.03251247786447,3
676,683,-0.03133281283910476,7,27.016643859040585,26.197153057323558,7
684,685,-0.0007157509386207412,1,26.144120124642296,26.151551566248312,1
687,689,0.004970081701510615,2,26.149725136537427,26.3058411320746,2
690,698,0.02366053500833293,8,26.43133896588094,27.08314992576616,8
699,700,-0.00797039701617712,1,27.1420918448783,26.952900688869956,1
702,710,0.021232520860979338,8,27.04066233194187,27.641844421331466,8
720,721,0.0011588547336793885,1,26.67098351630912,26.72856229532519,1
728,733,-0.01531455448063479,5,26.26856197534089,25.892539213816942,5
735,736,0.004424975557018525,1,26.35915969278278,26.502157489819673,1
737,738,0.0007255730645544102,1,26.557871847561664,26.603699395873704,1
742,743,-0.00012186736707611669,1,26.28944931445795,26.312534937802575,1
744,745,0.0003543888349277892,1,26.27549063084054,26.3110778619832,1
746,747,-0.001702346503067074,1,26.395651819750576,26.377112925998798,1
748,750,-0.003574491112516584,2,26.361677979836344,26.29381007416623,2
753,754,-0.001215947769431394,1,26.229146041484665,26.223481915902916,1
756,760,0.0032210904693984266,4,26.41916922089784,26.530686924305595,4
762,769,0.0033260538438408174,7,26.795404969261376,26.91132333392592,7
772,774,0.00033451792777817926,2,27.180540976485595,27.216813895705425,2
777,782,0.01831609183226522,5,27.246334879082575,27.772627585699585,5
784,787,0.009829974108536869,3,27.938699751138138,28.24127514606915,3
790,798,-0.00267409876857714,8,27.996158578595598,27.94929024399428,8
803,807,0.013147783277602566,4,28.171556749348646,28.570121828831113,4
816,817,-0.006390757495438223,1,28.599537597252716,28.44536442558426,1
819,826,-0.0023297287458245433,7,28.499924210622808,28.462027042146122,7
828,829,-0.007762996722732483,1,28.519350089772782,28.32647381858119,1
830,833,-0.009133741620245321,3,28.19094235096004,27.9616445098461,3
835,837,0.007602817829205519,2,28.26926339556793,28.512458718725828,2
841,844,-0.0023227300785744927,3,28.706316843846203,28.668346135111758,3
846,847,-0.0023198602674758106,1,28.584729313754334,28.54700146527656,1
848,849,-0.008461019727524893,1,28.550974531002304,28.337955146786435,1
850,851,-0.0056689362185707755,1,28.30338109797786,28.1712344168615,1
856,870,-0.013354536740682519,14,28.070775914864562,27.723974482484902,14
873,877,-0.008905433888829889,4,27.87350224872375,27.653150119446313,4
878,879,-0.0038997820140013245,1,27.519416203748772,27.439615895605325,1
885,889,0.004451000786420314,4,27.100915513267992,27.248642625043527,4
892,893,-0.0040151295255509405,1,27.069654314117013,26.98803580014806,1
894,896,0.008805927796622669,2,27.03014808306457,27.29520376349912,2
897,899,-0.0064362831230234665,2,27.424638804713968,27.275550703624887,2
902,905,0.004187804173535663,3,27.41228404872657,27.554493610320698,3
909,912,0.004935684205034626,3,27.767023506469332,27.931839789317507,3
914,917,-0.014966284891118543,3,27.742440090751447,27.354981268869224,3
920,927,-0.00464770174316702,7,27.256842907618413,27.157418074231064,7
929,931,-4.8863966497783616e-05,2,27.228626555915156,27.254524683775262,2
933,936,-0.005185511294276756,3,27.359031798104557,27.244520261513113,3
938,939,-0.00662594560890957,1,27.23830621514424,27.085064985899017,1
940,941,-0.002353228498882481,1,27.053450618713867,27.016841118343514,1
945,950,0.004174050348999891,5,26.510615756086427,26.647783016791408,5
958,960,-8.980433410387019e-08,2,26.792831314717734,26.819621739920077,2
961,964,-0.01050226252946189,3,26.76860825417716,26.514245910997648,3
965,966,-0.0031375547904636107,1,26.438111966021452,26.38159905313767,1
967,972,-0.01413145810527295,5,26.506667875647995,26.15859667692854,5
973,974,-0.0007628587439495202,1,26.223302732083557,26.229521359031235,1
983,994,0.014244137627779714,11,25.89613271781678,26.290896928994428,11
995,996,-0.0022740147434897147,1,26.29016575056845,26.256671691793436,1
998,1003,-0.014299899151049917,5,26.260476352263957,25.911214665120315,5
1005,1012,0.011848078991123306,7,25.97869517230067,26.312471499960704,7
1013,1018,0.017450551276463097,5,26.51039331596015,26.99952468719548,5
1023,1027,-0.003987292440107955,4,27.628058039201026,27.545524950285657,4
1032,1035,0.009207626453774227,3,27.93012314527883,28.21522340915375,3
1036,1038,0.0027658270229488856,2,28.33146040222771,28.438151781410024,2
1040,1041,-0.0002797640076425028,1,28.405758901303834,28.426217751254782,1
1042,1043,-0.0038475464077232613,1,28.489200645339597,28.408076324383053,1
1045,1046,-0.003569679702978454,1,28.403218595176078,28.330231420852794,1
1056,1057,0.001589632415402287,1,28.156994563178113,28.229910829019225,1
1058,1059,0.0007111586544982934,1,28.324906078240936,28.37337448641457,1
1062,1063,0.00417592443359669,1,29.425537701197463,29.57784206075681,1
1066,1069,-0.0036901769940640007,3,29.33778595053054,29.25886211370965,3
1076,1078,0.006039250585481266,2,28.74515934673962,28.94750372650091,2
1079,1081,0.004408350736849116,2,29.10073581398288,29.258122799965285,2
1082,1085,-0.01985674346874431,3,29.234521111909466,28.6832532468706,3
1087,1090,0.0021513512017849934,3,28.44858746506284,28.53823895535995,3
1093,1097,-0.0112564179526679,4,28.22627386455878,27.9367734025574,4
1102,1104,-0.002460510384675584,2,27.934578530960195,27.893779788924192,2
1105,1106,-0.002021851419110778,1,27.993226302943757,27.964621384920605,1
1110,1113,-0.01601283364118096,3,28.280629918335585,27.856057526103807,3
1114,1116,-0.02097532496177782,2,27.623315359219916,27.07153065839783,2
1119,1120,-0.0016894976784005014,1,27.20995290346571,27.191191704109382,1
1122,1124,0.0029969454254647103,2,27.46915943676096,27.578952167913084,2
1125,1126,-0.004091137960590347,1,27.56623479793228,27.481023763117847,1
1128,1135,-0.003250416387727162,7,27.632804873191393,27.570619556265896,7
1137,1141,0.003849157829650938,4,27.72479581897325,27.859237729694296,4
1143,1146,0.0013071987082165582,3,28.126647299312037,28.191541063627472,3
1149,1151,0.002997966931736604,2,28.463841254117995,28.57763875020216,2
1154,1156,-0.00363960372033622,2,28.671018391349143,28.59533826453751,2
1157,1161,-0.01178773411481154,4,28.621213496935958,28.312455455687758,4
1163,1164,-0.0066239485163645,1,28.169840498088032,28.011414765412585,1
1167,1169,-0.0062839959108355855,2,27.936859933138344,27.789241679490054,2
1170,1173,-0.0029403050892483065,3,27.726019495539344,27.67222255880755,3
1174,1180,-0.02549072496313614,6,27.543468765241766,26.8689092471815,6
1181,1184,-0.0016931900689576237,3,26.739309844431098,26.720774420396157,3
1185,1186,-0.0028485367815223993,1,26.729555402923403,26.680144836607358,1
1197,1202,0.001487896673098087,5,26.881509383616887,26.948387801380242,5
1204,1206,-0.006346135088377805,2,27.050278426035472,26.905663983391655,2
1207,1208,0.004904024163411827,1,26.99678812839655,27.15617781784111,1
1211,1214,-0.00016927211781084673,3,27.575212128209767,27.59811962578195,3
1216,1219,0.007842698694802867,3,27.424537252027797,27.667044171791876,3
1224,1228,-0.017446935070470643,4,28.041535916128055,27.580338595639226,4
1229,1232,0.0036507468311554733,3,27.563742463668497,27.69193445158619,3
1241,1243,0.0029376927339650515,2,27.460548753125753,27.56867995642163,2
1247,1250,-0.019700575365318485,3,27.3462274622575,26.83483727464241,3
1251,1252,-0.005026825927217157,1,26.75228772738846,26.64456092155544,1
1257,1262,0.009761302525629928,5,26.39964117526401,26.6837357005191,5
1263,1264,-0.000754269942769293,1,26.845170165082767,26.8517668302838,1
1265,1268,0.0023455836412457193,3,26.92148582801169,27.011553910595914,3
1269,1272,-0.007977002846328705,3,27.081000632972913,26.89205641447523,3
1281,1283,-0.014586503279040857,2,26.54492155945555,26.184268895646124,2
1284,1286,-0.003015545122939686,2,26.070196637766507,26.01765098007918,2
1287,1290,0.004941892072858871,3,25.983031667578132,26.137420037472555,3
1295,1299,-0.003120904076634041,4,25.992038722181235,25.93691210129533,4
1301,1303,-0.015746050671298507,2,25.862033109591188,25.480670258894357,2
1305,1309,0.015152008940082555,4,25.189935881746752,25.596803951308832,4
1314,1319,-0.022197815383489444,5,26.31973150896773,25.761810699497623,5
1321,1322,-0.004555832186251144,1,25.703502624082816,25.61210528215271,1
1323,1327,-0.008382754344944898,4,25.563945906249575,25.375213573536275,4
1339,1340,-0.001165668512011621,1,26.21542317710647,26.211080106956963,1
1342,1345,-0.0004192111852296354,3,26.40328522062814,26.41861995335747,3
1347,1348,-0.0032675069239217797,1,26.403511302666008,26.343641157971366,1
1351,1352,-0.006475247692971223,1,26.178868408635143,26.035532619776166,1
1357,1364,0.0004282605386590674,7,25.757932087092698,25.794721125050152,7
1372,1373,0.00916703224270865,1,26.313680371970317,26.58121240873647,1
1375,1381,-0.005759872314139962,6,26.7343937322839,26.607141431722283,6
1383,1384,-0.0016531060102613687,1,26.663755756124402,26.646341496983936,1
1385,1386,-0.005476852649390768,1,26.651369006154813,26.532054754209717,1
1390,1391,-0.00035538066360481463,1,26.634971886175137,26.652141304077308,1
1393,1397,0.00898838862519281,4,27.01983126341468,27.2897158386608,4
1399,1400,-0.0018011245601802226,1,27.354044793800355,27.332130796695772,1
1402,1404,0.0008597086820794357,2,27.46898065188431,27.52006495369049,2
1410,1414,-0.00961191522677722,4,27.172244032711934,26.938238970580915,4
1418,1420,-0.008883049753573034,2,27.124013155052676,26.910193209834826,2
1421,1422,0.0025293121267054804,1,26.994167737165917,27.08943858071102,1
1423,1424,0.0009664941340823885,1,27.271280576468236,27.324909389750776,1
1430,1433,-5.834309402675435e-05,3,27.883580910415112,27.90983767694267,3
1434,1436,-0.0006423388115841551,2,27.925341494737573,27.9353293055635,2
1441,1442,0.0010482779314320012,1,28.031266607085417,28.088682431866797,1
1443,1446,-0.011559450890650455,3,28.053402050912837,27.75717352964055,3
1448,1450,-0.001426563187897648,2,27.61288453791434,27.601105897858798,2
1453,1457,0.000682628805896691,4,27.793884594554093,27.84065138540066,4
1460,1461,-0.0036172648625525778,1,27.427829927346238,27.356044031821327,1
1463,1468,-0.007646684334465899,5,27.18432832232916,27.00364267312616,5
1469,1472,-0.0017365748981750559,3,27.073249361820658,27.053307885928707,3
1473,1478,-0.026890551563872815,5,26.978647694826382,26.28015562555992,5
1485,1486,-0.0006257177012751567,1,25.895449878949837,25.905142087457044,1
1488,1489,-0.0017589177512230866,1,26.031831044390948,26.01207502571452,1
1490,1493,-0.014554001049152016,3,26.049161091645647,25.696090734879952,3
1497,1498,-0.00046548035556362064,1,25.491569030667666,25.505194775082064,1
1502,1503,0.0009325845055099145,1,25.778926194193463,25.828746147525045,1
1504,1508,-0.0013701425274475305,4,25.72763707444154,25.718114181829552,4
1509,1511,-0.002975097970078017,2,25.82191399145409,25.77091318154604,2
1512,1515,0.0032838108156414327,3,25.68841764710722,25.79846196846061,3
1518,1521,-0.0002386435038551749,3,25.722488554238026,25.742072537995806,3
1524,1533,-0.019489482036466863,9,25.86484265547564,25.386615111821182,9
1538,1542,0.012813664973343297,4,25.2923756479104,25.64175605149058,4
1546,1547,-0.004108557410257153,1,25.759634766108448,25.679559462570744,1
1548,1549,-0.000625717388479243,1,25.706105186462352,25.71572653464357,1
1550,1553,0.007707923346749618,3,25.731863248970352,25.95593434171143,3
1554,1556,-0.005150915015131502,2,25.92745902998987,25.819836350998077,2
1558,1560,-0.0004980083737606877,2,25.705056543215417,25.71796026635212,2
1563,1566,0.006614623094083639,3,25.83115052196949,26.02784499728083,3
1571,1572,-0.0006125464916801684,1,26.37667384112981,26.386893575947365,1
1575,1586,-0.017633550439928498,11,26.420557869904627,25.98109018792452,11
1589,1591,0.005298156671740765,2,26.17507747857239,26.339932217427393,2
1592,1594,-0.0008165034494661831,2,26.408989775086663,26.413835733613475,2
1595,1596,-0.008330479673394474,1,26.417323983946346,26.22367232745655,1
1601,1602,-0.00022073336867320923,1,26.088034137445756,26.108363671925982,1
1604,1611,-0.03208175220226155,7,26.20476050147166,25.390270629045308,7
1612,1613,-0.004507521815196975,1,25.330696005019565,25.241848036187836,1
1615,1616,0.0039616956669231065,1,25.317908499860827,25.443528256760143,1
1619,1623,-0.004313712602646142,4,25.602605159254576,25.51776548387778,4
1624,1625,-0.008250875540069084,1,25.47911384557451,25.294367962208998,1
1630,1631,-0.008375303612686912,1,24.992365890372955,24.808039603932095,1
1632,1635,-0.03692780629207142,3,24.811692058135108,23.920262392091903,3
1638,1641,-0.023923814931442446,3,23.756880425475522,23.212282095253514,3
1642,1643,-0.011113122295003868,1,23.147840086718077,22.913743149055904,1
1648,1649,0.030812013169682337,1,22.787354646615782,23.512266272736145,1
1655,1656,0.005408954797110665,1,24.476149254095994,24.63301578827283,1
1658,1659,0.015301159059280846,1,25.05554608741849,25.463980529506642,1
1663,1667,0.011307921200471586,4,27.219624851504836,27.554641849283556,4
1670,1673,0.0031768154657911647,3,26.771795825227493,26.883616676077306,3
1675,1676,-0.013082367462352754,1,26.70640282241233,26.38372624991433,1
1679,1683,0.026418148611746545,4,25.668582615436634,26.37236762823957,4
1687,1688,0.0005898046408829641,1,26.514612157080176,26.556765210538714,1
1690,1691,0.001585094202746926,1,27.016943455547064,27.08678479944994,1
1693,1697,0.018355566389281153,4,27.513661486735987,28.046203988254714,4
1699,1703,-0.008674282585133367,4,27.862783415662804,27.64895654212264,4
1704,1705,0.012597239723509457,1,27.777362625899315,28.15505808441052,1
1706,1707,0.019412149159003973,1,28.92052958163211,29.51085974520977,1
1708,1711,0.015705425567908632,3,29.789753022206902,30.28740352400576,3
1712,1713,-0.001621894291872781,1,30.6219164432901,30.602872848247813,1
1715,1723,0.04816104913458494,8,30.88023563060086,32.39834041172439,8
1725,1728,-0.017786406752523916,3,32.456596436767065,31.911766807176974,3
1730,1731,-0.009227020355471682,1,31.947999375459837,31.685162534281332,1
1733,1740,-0.00913326276021174,7,31.234803326275124,30.980762463558992,7
1742,1748,-0.029022304042514144,6,31.236219826143532,30.36090897703653,6
1749,1754,0.0034788283533243565,5,30.308485038438015,30.444231540574478,5
1755,1758,-0.0007190751611566631,3,30.436048158176114,30.444598400099977,3
1762,1763,-0.005143413558091193,1,31.449496134491547,31.319187865812758,1
1765,1769,-0.00997327028969736,4,30.863992405968396,30.587041459890475,4
1770,1773,0.08030635143044178,3,31.2921936863994,33.83644778329524,3
1776,1777,-0.004110267871995883,1,33.5874874394242,33.483021356340295,1
1778,1780,-0.007568472244471045,2,33.65997730350321,33.438882676835625,2
1781,1783,0.013185119180190767,2,33.495261758992804,33.9703960390158,2
1786,1789,-0.004996164250340667,3,31.955396144459115,31.827697132781154,3
1791,1795,0.049964441021589846,4,31.110725180062882,32.69626589864109,4
1797,1799,0.02795110692492753,2,34.06311984245674,35.04928486721233,2
1802,1803,0.0024054673339764915,1,34.94881802163622,35.06783507976999,1
1808,1809,-0.009395805483435885,1,34.218111477265154,33.93082286929151,1
1811,1819,-0.02848453061997174,8,33.401683878646374,32.4836542753251,8
1821,1824,-0.029724687952221232,3,31.865117657486444,30.94980209621433,3
1832,1833,0.0056083760858800045,1,31.3042772155629,31.511147652499986,1
1835,1839,-0.042097532512921476,4,31.766759073956006,30.461223660083956,4
1842,1844,-0.006589396722389943,2,30.00423988396197,29.83653428389675,2
1849,1851,0.008112370697480078,2,30.211843061285357,30.48714457471388,2
1854,1860,0.009120828473159575,6,30.452381957904606,30.760585292299698,6
1861,1864,-0.0056515781685810874,3,30.95488570877929,30.81089663820541,3
1869,1870,-0.005305768192969112,1,30.452140130264613,30.32102027388388,1
1872,1873,-0.010187543858872078,1,29.97020453687972,29.69485196823777,1
1874,1877,-0.0035166791576668483,3,29.7048043225502,29.630046860629065,3
1878,1882,0.020142172171134586,4,29.82310726536346,30.45363253384599,4
1888,1889,0.001991078401552767,1,31.08919925187473,31.182189484278585,1
1891,1896,0.01984156819967921,5,31.323380298317947,31.97620866504983,5
1898,1901,-0.003913130246661843,3,31.788513968665985,31.69590988712743,3
1903,1909,-0.006383023890192672,6,31.918737421599953,31.746918095514694,6
1910,1912,-0.01673647014418606,2,31.642858528259236,31.14491162975258,2
1914,1916,0.002486375686435205,2,31.345643039965,31.454925727735212,2
1920,1925,0.021986190266809,5,31.946366545277037,32.68069180502,5
1927,1932,-0.006337823856583281,5,32.62384108592967,32.44970076868781,5
1933,1937,-0.01369174796836474,4,32.541107318345695,32.12810378564974,4
1940,1941,-0.004158992496288559,1,31.702262570718933,31.602115361142662,1
1942,1949,-0.008893398888045918,7,31.5613718918446,31.31224539404831,7
1951,1952,-0.008364130783693389,1,30.966308463595734,30.738268518181624,1
1954,1955,-0.004968809485456615,1,30.764003510588225,30.64190704164478,1
1956,1957,0.003196293774967397,1,30.656368711567428,30.785011840754883,1
1960,1961,0.006428268374010092,1,31.738588671219258,31.97435142568139,1
1963,1966,0.01295276746678703,3,32.96792886675118,33.427922712090535,3
1970,1971,-0.005307389610293383,1,34.277595331692396,34.12994837369482,1
1973,1974,-0.007549436586457383,1,34.24061465217176,34.016357917826035,1
1977,1986,-0.01977398427655004,9,33.8112034242739,33.176432422815346,9
1987,1991,-0.0017276842582535528,4,33.331462506240136,33.30720772566978,4
1997,1998,-0.004911055453671515,1,33.86843042766354,33.73596911813213,1
680,682,-0.00845421706199569,2,26.437210492746242,26.240141787219642,2
691,693,0.005190928477367178,2,26.527877401288944,26.69210959293669,2
695,701,0.0022242392838386993,6,26.84207883910086,26.928624124153785,6
702,705,0.017507255293868425,3,27.010263214333207,27.510149051195455,3
712,714,0.0017574283168760151,2,27.28857604142074,27.363822333724578,2
716,718,-0.013104241968983965,2,27.077193535543334,26.74944463314811,2
725,726,-0.0043832922221341275,1,26.446708634211568,26.357231690588392,1
727,728,-0.007221269079016965,1,26.37939996839048,26.21528662304411,1
730,732,-0.006697454946181498,2,26.056958855942902,25.908500506826663,2
740,741,-0.0064780705599252805,1,26.34242026858536,26.198114631634844,1
742,743,0.001188368153798342,1,26.26587131801624,26.323350714340354,1
745,759,0.0027209975289475786,14,26.321244294883762,26.41918557986385,14
763,764,-0.00035627182623535587,1,26.943867654009022,26.961212180728094,1
766,777,0.009545756462405557,11,26.92133094173221,27.205236741487543,11
784,790,-0.0012898499502731434,6,27.933217355502425,27.925120913840964,6
791,794,-0.005320626157063489,3,27.801792969553397,27.68167181563588,3
795,797,0.004317631589889717,2,27.62650276267449,27.773410326483464,2
798,799,0.0027952170717189073,1,27.95755484465947,28.06365983408944,1
807,809,0.0015477438328727776,2,28.536908202377337,28.6096129342592,2
810,816,-0.0033866758012677236,6,28.664578018449628,28.596164963739444,6
820,826,-0.0004038115942946038,6,28.48375148871328,28.500733171101846,6
829,832,-0.011123002052437842,3,28.277320629887868,27.99106925511407,3
836,841,0.010591804926353064,5,28.360825862388236,28.68957902333531,5
842,845,-0.003866618571453938,3,28.662291085420264,28.58012722949438,3
848,849,-0.008345291995792809,1,28.627458195216622,28.417181155675404,1
856,859,-0.008439849074364578,3,28.132584936691472,27.923282750690746,3
861,863,-0.0015114649740581901,2,27.768343114415792,27.75414057952514,2
866,868,-0.0025299573642685253,2,27.664611517879553,27.622285841758146,2
869,871,0.00705912950567033,2,27.677863855898334,27.90092334515333,2
873,877,-0.011270967429598266,4,27.93327658436457,27.646374810364602,4
878,879,-0.0064594185793455505,1,27.543029045549176,27.39266012104645,1
886,895,-0.0022847769264526877,9,27.165282949458376,27.130381620724354,9
896,900,0.000474255501867757,4,27.30663145768694,27.34688840935091,4
901,902,-0.001447746084440601,1,27.426690192078528,27.41440999893586,1
903,905,0.00288381814467618,2,27.47414278874156,27.5808473630139,2
907,908,-0.002090736613723649,1,27.724025502106528,27.693785892411572,1
909,912,0.003650179844302888,3,27.771424551485772,27.90056667018267,3
914,915,-0.008250038169655489,1,27.7370408769272,27.535946271856183,1
921,924,-0.008694796447194127,3,27.325766961932086,27.115500747396556,3
925,926,-0.0023590981542378343,1,27.12085537389927,27.083995469419254,1
929,930,0.002707115276138625,1,27.270337052887232,27.37143133596144,1
933,934,0.0021730985904467705,1,27.285450440273845,27.372029864605583,1
935,939,-0.006951178619553046,4,27.32884758577951,27.166208732329995,4
941,943,-0.013725503657915257,2,27.044139287533675,26.699988994104995,2
944,946,-0.013598819169349154,2,26.672720257715476,26.336675478433882,2
949,952,-0.0026562000048800855,3,26.657486187739632,26.613336058985407,3
954,957,0.0026822041745975913,3,26.645018458138203,26.74313085633699,3
960,961,-0.006343871404614948,1,26.875370546201495,26.731752022051218,1
965,970,-0.005036993591310596,5,26.498911402202758,26.391935466695358,5
973,975,-0.0009180618954966601,2,26.166656384974235,26.16880043119961,2
976,977,-0.003337051399574201,1,26.193574438135034,26.13235870833454,1
978,979,-0.0024990557746488486,1,26.149370407693468,26.110171042980383,1
980,985,-0.016956055425641624,5,26.169180350423318,25.75162345830835,5
986,987,-0.0003225955726937586,1,25.897312314073243,25.91485526809013,1
989,994,0.00843679321106373,5,26.10822675159352,26.35460468855587,5
996,1001,-0.00957380296266001,5,26.25673515634243,26.0316150826692,5
1002,1005,0.0004270658834253326,3,26.04014320166431,26.077304201626916,3
1012,1013,0.004477914116118692,1,26.366526174628298,26.510959740553307,1
1015,1017,0.001169616694752525,2,26.853706733315065,26.911968983759653,2
1024,1030,0.0006367933387953493,6,27.709219147634176,27.754573412958244,6
1033,1034,-4.784081204480819e-05,1,28.12643987002572,28.153220718172435,1
1035,1036,0.0014104004826744811,1,28.210790684749234,28.278789988232383,1
1042,1044,-0.004031265518413679,2,28.520765377964086,28.434311365315097,2
1047,1049,-0.005927836849224442,2,28.161887434299864,28.02311024765741,2
1050,1052,-0.0028365129997262803,2,27.884019833839453,27.83281046892998,2
1059,1064,0.03552812865649574,5,28.431476482666035,29.470025113518993,5
1069,1071,-0.013570017915507316,2,29.34623614028635,28.977353426250243,2
1072,1073,-0.0035881887868350172,1,28.767093829260364,28.692639159581642,1
1076,1078,0.00888889548058731,2,28.66138752376804,28.944816989319193,2
1080,1081,0.0019746540223295156,1,29.177514117450333,29.264307127181382,1
1082,1086,-0.024403775564878154,4,29.242899075266372,28.558504828442455,4
1087,1088,-0.0019010709400923667,1,28.445598990171966,28.4199674875484,1
1092,1093,-0.006005932488221001,1,28.388211208692468,28.246101739920395,1
1095,1096,-0.0016868821900071105,1,28.007386140253406,27.988148365525014,1
1098,1102,0.004482255596801753,4,27.691209806613326,27.843020096557844,4
1104,1111,0.0048463229045876965,7,27.97004847596872,28.133570411016205,7
1116,1117,-0.0042333167797721765,1,27.126175324471145,27.03846780662349,1
1118,1122,0.008403725831912342,4,27.188162266734736,27.443832290564654,4
1125,1127,-0.0015745466190990709,2,27.55883988402305,27.543006045741393,2
1129,1132,-0.0033627805961969595,3,27.645510224115508,27.580189948986003,3
1133,1134,-0.0018439862860119402,1,27.569489531513803,27.546221260436855,1
1137,1139,0.004214280350484379,2,27.71466185568226,27.85917387241666,2
1140,1148,0.015930284289425084,8,27.892252565041115,28.364476330439707,8
1151,1152,0.0010872194802374474,1,28.564125379918824,28.623744978847736,1
1153,1154,-0.002244395020752635,1,28.701694994223853,28.66597874788588,1
1157,1158,-0.004035929154593274,1,28.544890518240344,28.458230252901345,1
1163,1168,-0.010009873877621367,5,28.13274207170188,27.879269613804194,5
1170,1171,-0.004041644800595561,1,27.781884587146195,27.697381962340955,1
1172,1173,-0.003947418098293147,1,27.719803955288615,27.63810210342966,1
1175,1177,-0.006641036335460266,2,27.214865644731198,27.0613455987646,2
1183,1184,-0.003956663974452533,1,26.737327033331177,26.65827374171857,1
1186,1189,0.005213434461092083,3,26.709008241656207,26.874962913886506,3
1198,1205,0.0030780995963440643,7,26.870456369850654,26.980036767126123,7
1209,1213,0.014542059408732058,4,27.265654105496644,27.689418521422212,4
1216,1221,0.015886928531610955,5,27.4476082680892,27.911114067276078,5
1224,1230,-0.018802013000748654,6,28.042634622325092,27.543419276203217,6
1232,1235,0.0002630812324439717,3,27.69133984420599,27.726316255864436,3
1236,1238,-0.00887906662596604,2,27.69527844197184,27.477065497902863,2
1240,1241,-0.0018916472989613635,1,27.434284618574257,27.409822912795168,1
1242,1246,-0.0019051576799631723,4,27.52165252593188,27.496741090782756,4
1247,1252,-0.024985034300493623,5,27.368168838669302,26.711742370332118,5
1256,1265,0.014654044285083996,9,26.482441246387054,26.896998554435132,9
1267,1269,0.0015727651915209222,2,27.008518399429356,27.07800497544196,2
1270,1271,-0.007637785255499415,1,27.14347614354375,26.963303577815136,1
1273,1274,-0.00795590235499361,1,26.883910947104493,26.69690908763609,1
1277,1284,-0.01825577317484661,7,26.566426691426265,26.108002458372823,7
1289,1290,-0.00018467729118661958,1,26.129825703416184,26.151129943689515,1
1293,1295,-0.0059993152163019875,2,26.119487138328832,25.98890758883618,2
1297,1299,-0.003089104864382979,2,26.03157946404892,25.977196764763004,2
1302,1304,-0.025405219703185877,2,25.732323037788195,25.104320040577623,2
1306,1307,0.002817445083328159,1,25.272425703307466,25.368901800552333,1
1314,1315,0.003776760618940644,1,26.298858335668445,26.424481686489365,1
1316,1317,-0.007151098365138621,1,26.49720792639343,26.334220994036652,1
1318,1319,-0.01058864060869523,1,26.00985934529538,25.760460151750628,1
1325,1328,-0.000840557156967467,3,25.341525370938637,25.34556589579056,3
1329,1336,0.02729278605298568,7,25.357938515215853,26.07538524437162,7
1340,1342,0.004621347637050775,2,26.25032689829588,26.397889111377427,2
1346,1349,-0.004895337651586621,3,26.368587452157527,26.265872900635983,3
1354,1355,-0.0019041914646738334,1,25.660740484767295,25.63753826224376,1
1364,1365,-0.0025111345783847224,1,25.875519313445693,25.836417921477484,1
1366,1370,0.01224276783419808,4,25.874957449211326,26.217613503430986,4
1371,1374,0.015874257133660134,3,26.215506069246047,26.657873259547532,3
1379,1383,0.0026250369730492482,4,26.54679219557613,26.64302529880095,4
1384,1389,-0.007248304736820029,5,26.657074253320275,26.49051272999349,5
1390,1392,0.0066931258334221744,2,26.60824900105596,26.812949608828113,2
1393,1396,0.0062470985193755334,3,26.99939162904855,27.195058880147467,3
1397,1403,0.007544150453629428,6,27.294156773336603,27.52736215531294,6
1405,1407,-0.006872108729536277,2,27.50550807458142,27.34399274050634,2
1409,1410,-0.004540054778269026,1,27.20906497368347,27.11274339321115,1
1418,1420,-0.006685377620850683,2,27.072489889819536,26.91857256165925,2
1424,1425,0.0024375273123215246,1,27.319459355222406,27.41337074291384,1
1432,1436,-0.007699534045284184,4,28.088757162278068,27.900575577379666,4
1437,1438,-0.005569731052209029,1,27.92597319973884,27.798359012844838,1
1442,1446,-0.011781651573212003,4,28.074094151590998,27.771409050214995,4
1454,1456,-0.0014040586537926074,2,27.86454813401562,27.85328922220805,2
1459,1468,-0.018701154129073087,9,27.448795290401744,26.962919934308967,9
1474,1477,-0.019122538976721264,3,26.960450282384613,26.471858471312142,3
1478,1480,0.000491650879993324,2,26.327500188129004,26.36677162695265,2
1483,1485,-0.0008526430978046805,2,25.919511042798746,25.92333046165243,2
1487,1494,-0.022290241210354233,7,26.08377186677012,25.528442072050733,7
1497,1498,0.0005831219517358356,1,25.504836169843664,25.54521343585957,1
1499,1500,-0.000680121888281089,1,25.620581486047787,25.628776949274684,1
1503,1508,-0.003564397808121285,5,25.823433783163715,25.757212226172005,5
1513,1515,0.005582479977870265,2,25.63141144863866,25.800129701303877,2
1517,1518,-0.0009685751810249857,1,25.669936787681323,25.670743460797976,1
1526,1532,-0.019906761068705543,6,25.855994320763056,25.36714121394658,6
1538,1539,0.0032256254516431606,1,25.25010491600834,25.356802401998085,1
1542,1543,0.00018973672055142303,1,25.647230068484145,25.67774351987705,1
1545,1546,0.0007364447649839552,1,25.727634926894464,25.772309543878688,1
1548,1550,-0.00014614693120093027,2,25.71728810656922,25.739246891940205,2
1553,1557,-0.007180152714443382,4,25.943308300571857,25.782974693356437,4
1561,1568,0.015999001523756915,7,25.756048727980453,26.19387583955335,7
1570,1572,0.002270316035173624,2,26.305907483368383,26.391936114431036,2
1577,1579,-0.007826024416455647,2,26.53590397149974,26.35476924307756,2
1583,1585,-0.001604393533826476,2,25.931276146432495,25.915603450805722,2
1589,1597,-0.0014313298065174451,8,26.201280013498685,26.189978620459954,8
1602,1604,0.00016301982289815926,2,26.148926679631106,26.179338399707028,2
1612,1613,-0.002824981950135777,1,25.321579541789436,25.275368116176743,1
1618,1625,-0.008047941980430861,7,25.554548838571883,25.37444186102154,7
1626,1627,-0.0043207985138167555,1,25.268265108434875,25.184354291216057,1
1629,1630,-0.004198074681460818,1,25.049589088771707,24.96947863212591,1
1632,1633,-0.016127216146529847,1,24.7397164562392,24.36547341800181,1
1634,1638,-0.022245357796606375,4,24.240086064886214,23.725096763417174,4
1639,1640,-0.007331872599250187,1,23.577866458833,23.428574412253536,1
1641,1645,-0.042849598362748764,4,23.30556503373058,22.330236497452034,4
1646,1647,0.013964716796331444,1,21.933277300442874,22.261502583659407,1
1651,1652,0.006084650416304247,1,23.963641270343327,24.13341529144543,1
1654,1656,0.012847335606337783,2,24.300155677168593,24.6366480881166,2
1659,1666,0.08916109157570692,7,25.48039450625815,27.77773468872203,7
1671,1672,0.0028439369296732755,1,27.031297322126576,27.135203924160077,1
1673,1674,-0.006228796953693895,1,26.882473316560894,26.741910321975503,1
1675,1680,-0.02942708183116818,5,26.657195562968923,25.899409283310952,5
1681,1682,0.009387727244154452,1,26.013624183582962,26.283846616233962,1
1686,1688,0.0029758596833408778,2,26.444249593804248,26.549388219620457,2
1689,1690,0.008106794636238236,1,26.722400892153395,26.965756309265466,1
1691,1692,0.004899651223623785,1,27.133254654876477,27.293331393902015,1
1696,1702,-0.011473227147714721,6,27.959455067244086,27.666629343398515,6
1708,1710,0.008744581841669583,2,29.842632748600042,30.133436725789664,2
1712,1716,0.003513000145326289,4,30.590261932549854,30.72831578909702,4
1717,1720,0.011584400974316903,3,30.403265616478258,30.785872501924683,3
1725,1727,-0.006471573209326767,2,32.36527663893398,32.18818765836394,2
1729,1731,-0.005054212137205108,2,31.821884416417248,31.69287174638747,2
1732,1733,-0.009060957638805454,1,31.441026692430565,31.18758190814233,1
1734,1735,-0.006127438471872745,1,31.112221723930954,30.952695721318236,1
1737,1741,-0.003830035690463659,4,31.057149476702886,30.969256635239752,4
1743,1745,-0.0193918424959295,2,31.419968305936365,30.842097197626487,2
1746,1747,-0.005248023314601571,1,30.593956231312802,30.463992391956285,1
1749,1751,-0.0015808941295033796,2,30.29700737546965,30.27940802174372,2
1752,1754,0.0013274665250020499,2,30.4164674052262,30.48726071492068,2
1758,1759,0.006877559834379813,1,30.480937558400488,30.721052967824782,1
1762,1768,-0.03485247453899795,6,31.435745884109156,30.37156809695294,6
1771,1772,0.026476200938511014,1,32.55567494438923,33.45018121085012,1
1773,1778,-0.010358185396605248,5,33.93129624340285,33.61376088240995,5
1787,1790,-0.029111005850833607,3,31.985610361281754,31.08646268127328,3
1792,1794,0.022555494207750895,2,31.780656850609137,32.52926592897218,2
1797,1799,0.03112720824879977,2,34.02339179612336,35.116468389687924,2
1803,1805,-0.007616364577919651,2,35.14999742133277,34.9174322234803,2
1806,1807,-0.00848754035572194,1,34.63120878221728,34.371906208892995,1
1808,1810,-0.016906979112319847,2,34.22675888662867,33.68231454793666,2
1813,1814,0.0036429954709017573,1,33.16624394709664,33.32023466752983,1
1815,1816,-0.009728103845876388,1,33.60456824171746,33.31126408040791,1
1818,1821,-0.03068460020897124,3,32.81269567126846,31.838663918488212,3
1822,1823,-0.011101816766662411,1,31.65666869534276,31.33687882873947,1
1825,1827,-0.0242412267746119,2,30.614369570868295,29.902854065109967,2
1830,1831,0.004931666150713997,1,30.566591788080117,30.747902605932165,1
1833,1837,-0.012655102498180415,4,31.53476824842424,31.16722729223249,4
1838,1839,-0.015355409883955378,1,30.867185783775096,30.424074679884804,1
1842,1844,-0.004922407695016957,2,29.973965628700068,29.85639551526788,2
1846,1853,-0.0024134632323632235,7,30.24958554382744,30.206828866867014,7
1855,1856,0.0038298333318369663,1,30.93220199068402,31.08159937088574,1
1859,1866,-0.0007971364257306208,7,30.718488991500433,30.724720653973403,7
1867,1872,-0.019269790419775484,5,30.441292925141774,29.88513688329244,5
1874,1875,-0.005120578762442289,1,29.635703014150334,29.51358676570018,1
1880,1884,0.01146945867402081,4,30.06089880263149,30.435741937954823,4
1885,1886,-0.002806859794656061,1,30.390883980491754,30.335971914103347,1
1899,1901,0.001971353765553253,2,31.637376788856653,31.73138262751045,2
1903,1904,-0.0050542514714162195,1,31.902461901891495,31.773121298783952,1
1905,1907,0.0065845581612746455,2,31.81683769638452,32.058154352400585,2
1911,1912,-0.01200917116334713,1,31.574516549652586,31.226907292557524,1
1916,1919,0.0014059592851779976,3,31.515422568911042,31.59124739246702,3
1920,1923,0.036408392505204175,3,31.955836792711786,33.15125327828579,3
1924,1926,-0.0192668746402909,2,33.13256073764715,32.52733240414072,2
1930,1935,-0.010267230249158248,5,32.68362968462735,32.38074296296168,5
1937,1942,-0.01739129950705163,5,32.08049005976144,31.554649138858895,5
1944,1948,-0.007867945432557984,4,31.564197269609714,31.34741608513954,4
1950,1954,-0.012088944911530983,4,31.169419487965563,30.823783512339112,4
1959,1961,0.02118875788963003,2,31.317349900663693,32.01224299535435,2
1965,1967,0.013402751829996378,2,33.241171999358876,33.71993635020387,2
1969,1972,-0.0034784932895057874,3,34.32859224708673,34.24350906156415,3
1975,1976,-0.0012337238108979685,1,33.8503738009244,33.84246216255933,1
1977,1978,0.0009075318406572251,1,33.79881852017286,33.86329084267668,1
1980,2000,-0.016611949862661637,20,33.727077789354226,33.20053234189274,20
673,675,0.0015090201515975264,2,27.011451674298787,27.079223950873505,2
677,678,-0.00956066163987726,1,26.898048654523613,26.66778356121928,1
682,683,-0.000531827131911546,1,26.21913914173416,26.231414231304957,1
684,685,-0.004578569710724678,1,26.238356559140627,26.144460771098892,1
688,689,0.002896984072238836,1,26.207039538335206,26.30916795399663,1
691,696,0.014804058343978604,5,26.54044657018296,26.95989333625338,5
701,704,0.013553601580184062,3,26.92491744277665,27.31677196381817,3
706,709,0.006127403185041146,3,27.51951892530356,27.71566163214257,3
714,716,-0.012493858460961692,2,27.38065789829933,27.065948491848264,2
717,719,-0.011892995801631504,2,26.911284962484576,26.618140448371722,2
727,730,-0.012673485836278354,3,26.317690283150046,26.010471098386134,3
732,733,-0.0021442188295963827,1,25.944904791053307,25.9152181424593,1
741,742,-0.004167336095977035,1,26.29582267706678,26.212534968728296,1
743,746,0.0013452260285138737,3,26.28849033806173,26.35014278985289,3
747,753,-0.006884252302091688,6,26.374360744006808,26.21916735108269,6
762,763,8.33168895988598e-06,1,26.83785732109987,26.86491878310052,1
765,768,-0.0008516245079070422,3,26.977105571913306,26.981108313227782,3
773,778,0.005553628648832331,5,27.2294224261272,27.407873949030225,5
785,786,0.0036103788417440833,1,28.049077527016276,28.17839440057727,1
787,791,-0.016745294408786023,4,28.278692082843744,27.833435750503963,4
795,799,0.01441357820582851,4,27.60737217174808,28.03290056177473,4
800,803,0.0022000734806014786,3,28.064136911498572,28.153944211785028,3
805,809,0.0013681239261883614,4,28.525411396945852,28.592963106179326,4
810,813,-0.006516279413216116,3,28.669284288251724,28.5111365055408,3
818,820,-0.0003674926519153668,2,28.409887100364287,28.427856562713522,2
821,822,-0.00010077271914932782,1,28.454484524563874,28.480071573310905,1
828,832,-0.022418776825231607,4,28.522840035981844,27.911915690829368,4
835,840,0.018102560354547225,5,28.191780099922543,28.730315280783437,5
843,847,-0.0020546370553296825,4,28.64890022839426,28.618686036618953,4
848,850,-0.01347245953682093,2,28.561608428247848,28.205374922820003,2
852,853,-0.0024925009703800956,1,28.160188319282394,28.11815921088978,1
857,858,-0.003295099131853535,1,28.038366200791287,27.97401537086526,1
860,861,-0.003915155995940154,1,27.83814348351705,27.756990952625234,1
862,877,-0.0066479468626156136,15,27.784105048825516,27.62718189988442,15
884,886,-0.0009006869293179353,2,27.121634551487617,27.12432808429684,2
889,890,-0.007224372377808714,1,27.2301278938621,27.060637437955346,1
891,895,-0.003025295647555803,4,27.115456152771,27.060539337443302,4
896,898,-0.0009204972945771496,2,27.34781101722674,27.34998524219,2
900,904,0.007382174306805913,4,27.29352093630682,27.5222999862414,4
911,924,-0.03045994522290897,13,27.8630984983358,27.04225314283431,13
925,927,-0.0006247158886957763,2,27.068261936087364,27.0784202247126,2
929,931,0.0001612987604962745,2,27.229044537723393,27.26066559339455,2
935,943,-0.024707428799057043,8,27.35417963682048,26.70568237072394,8
952,956,0.0005620702037900298,4,26.683437053377798,26.725118455333586,4
961,967,-0.01185521501019279,6,26.772736404005183,26.48211259392849,6
971,974,-0.004057136494099179,3,26.271687111314705,26.19137097788515,3
976,977,-0.004657105124903435,1,26.184667913781716,26.08890783056033,1
979,986,-0.009405226931231168,7,26.074582623328364,25.855419839242153,7
988,989,0.001766933988116331,1,26.027089587206834,26.099104825997426,1
993,994,-0.001471699026779708,1,26.372408583180672,26.35996874371815,1
995,996,-0.0043240403264842246,1,26.325890459595946,26.238382138077643,1
1000,1001,-0.005586845526273653,1,26.198678249258318,26.078508959136425,1
1009,1011,0.0070540490767375804,2,26.057923925193897,26.267795723325303,2
1013,1014,0.0033860541883787365,1,26.52103185549971,26.63735453834965,1
1017,1020,0.01375300387000239,3,26.901233689444588,27.298107694172803,3
1025,1026,-0.0070565476966064035,1,27.767789312437973,27.599612372037875,1
1029,1030,0.0034147458262965705,1,27.615082729639887,27.7369963008634,1
1033,1034,0.0005054393658800841,1,28.12850223859212,28.170847993165342,1
1042,1043,-0.0035041996713511708,1,28.526864130788546,28.455427167007546,1
1044,1045,-0.0011360726058503921,1,28.4440516693011,28.440181213069515,1
1052,1053,-0.000547171421741593,1,27.80738706873491,27.819979048286328,1
1060,1062,0.02239285781753587,2,28.720992831657533,29.392858933346965,2
1067,1071,-0.013130959230283148,4,29.281071977263938,28.925864486888763,4
1073,1074,-0.005766021664284618,1,28.780592374999827,28.643423448229633,1
1078,1083,0.0013027493057397779,5,28.968638870890075,29.035346383938244,5
1089,1092,-0.0039012302977879383,3,28.46862459426281,28.386030558053584,3
1093,1094,-0.007151347934971801,1,28.271685404356653,28.09777643072639,1
1095,1096,-0.00238328059423335,1,28.022873988756327,27.984110490973034,1
1098,1099,0.0007529328303713511,1,27.717275309445526,27.765861831303894,1
1102,1106,-0.0003159534117870024,4,27.924129010392946,27.943230415571325,4
1108,1110,-0.00030601780800107426,2,28.230724269552052,28.250315889462353,2
1111,1113,-0.013538573251127874,2,28.186423888619196,27.833006348004403,2
1115,1120,-0.005655761087451892,5,27.348616733772698,27.221288108187963,5
1126,1128,0.001192161459043555,2,27.561298891061423,27.621717708251587,2
1132,1140,0.009554722110116317,8,27.590474866520147,27.881684661622415,8
1142,1145,0.009648609221505143,3,27.968352656464912,28.266176714472852,3
1147,1148,0.00103886235547633,1,28.31043231798734,28.368153392707743,1
1151,1152,0.0025282544470101513,1,28.55199780285538,28.652736516074327,1
1155,1158,-0.008413541240689094,3,28.638481349748098,28.426168787191035,3
1159,1163,-0.006401336242617474,4,28.351395980242394,28.19826055760551,4
1164,1166,-0.0031899592112663157,2,28.01975311234788,27.958390995922084,2
1169,1174,-0.010919604333238853,5,27.771560542719666,27.4960776504193,5
1175,1176,-0.006326509492104405,1,27.263026829725305,27.117810058533276,1
1178,1180,-0.006377108329656616,2,27.055705209189206,26.91022375134414,2
1186,1188,-0.00012727663029977066,2,26.70040377890994,26.723705845268228,2
1195,1202,-0.004286975831220773,7,27.003805632908755,26.9150447764424,7
1205,1207,-0.002236666142148699,2,26.96282872049641,26.92948470312122,2
1208,1209,0.00449540520728737,1,27.111729393261484,27.26071933214778,1
1210,1212,0.006403539831460639,2,27.437054739999045,27.640186067624594,2
1215,1216,-0.005310807365645743,1,27.53579954923959,27.417098021723785,1
1217,1220,0.007891882538362819,3,27.492336309119974,27.736794934285836,3
1221,1224,0.0009813696387187426,3,27.96952225528292,28.024940217489007,3
1232,1235,-0.0011685645607118216,3,27.702309977320404,27.697640349608374,3
1236,1238,-0.006586293636591753,2,27.69041907265999,27.53573226079983,2
1239,1240,-0.007743064618979196,1,27.509265419941038,27.323768665593725,1
1242,1256,-0.039082306797956504,14,27.503690132689364,26.45628616698036,14
1257,1258,-0.005443674247415671,1,26.44400838101068,26.326499821969538,1
1259,1264,0.017821966347504707,5,26.376350876752316,26.872805665324524,5
1265,1266,-0.0021234006200113523,1,26.899092787071147,26.86887432955641,1
1267,1268,0.0014283201727740592,1,26.976355599756765,27.04186282824758,1
1270,1271,-0.005929023435957463,1,27.118289782402684,26.984623096522135,1
1272,1275,-0.012609364763465008,3,26.94433564596269,26.631529025139475,3
1278,1279,-0.0028798335825110516,1,26.52953721148646,26.47966609650783,1
1280,1281,-0.002663488222186374,1,26.588574015850455,26.544344236130357,1
1285,1286,-0.00112481782827633,1,25.97991859923379,25.97667584221544,1
1287,1288,0.0012162074319054406,1,26.012082988165023,26.069731159802735,1
1289,1291,0.002747551852040724,2,26.068334664453225,26.166027100304614,2
1292,1293,-0.007386781865658441,1,26.210924811443313,26.04352135217545,1
1295,1303,-0.021474362223923436,8,26.000101377309665,25.467765883851897,8
1304,1305,0.0003521358485315553,1,25.165919865649165,25.199947608060782,1
1306,1307,0.004530079363397432,1,25.238176241894507,25.377745359499595,1
1309,1311,0.007657619736950997,2,25.616061852220053,25.83783597489479,2
1312,1313,0.001515246607718253,1,26.015078995438103,26.0805133346309,1
1315,1320,-0.028886329666193006,5,26.40068791835155,25.66446963164612,5
1321,1322,-0.006212891064610674,1,25.73419503641597,25.600045481055687,1
1333,1338,0.010488427133302673,5,25.92625888357724,26.22411081960036,5
1340,1341,0.005313437749383517,1,26.200912782607556,26.366330614437576,1
1342,1344,0.0016328353483364465,2,26.384628858815912,26.45409524232814,2
1346,1348,-0.00222248028462856,2,26.37893146080537,26.346683737164966,2
1352,1357,-0.011364988642087168,5,26.01102913728593,25.741425115708964,5
1359,1367,0.006835696877751135,8,25.799604866696928,26.001762749998118,8
1369,1372,0.006094853528311182,3,26.118976921771736,26.304287237341047,3
1377,1379,-0.005340563398693116,2,26.723256868562622,26.607262877905065,2
1383,1384,-0.0020069239620708903,1,26.665753191825875,26.638902805970357,1
1389,1390,0.0031445150810465294,1,26.51524651354916,26.625139352602233,1
1391,1394,0.01462142521281691,3,26.71081005067962,27.12807097226007,3
1396,1401,-0.000251871702496651,5,27.288493415252304,27.30890870937249,5
1403,1404,-0.002479358300498683,1,27.520297741059636,27.479585360164204,1
1405,1410,-0.011114987998517414,5,27.47031013620672,27.192448278863438,5
1411,1412,-0.0038206457120876923,1,27.132096545709537,27.055566513927932,1
1414,1415,0.0030268198646618274,1,26.95944012482754,27.068000933862358,1
1418,1422,-0.0033757990346102323,4,27.11169134265391,27.04727941253538,4
1424,1425,0.0014813001515973996,1,27.31589512894036,27.38367406366482,1
1427,1432,0.007101713739167708,5,27.796571367629614,28.021771231780495,5
1437,1442,0.00500881770507205,5,27.847619423970336,28.014950692609197,5
1444,1446,-0.009628912539296323,2,27.985036384048563,27.743555952681582,2
1449,1450,-0.0019224183228663044,1,27.583557839286456,27.558114260125656,1
1454,1455,-0.0016671888617119746,1,27.905633480569122,27.88701515273187,1
1459,1464,-0.016627043767146788,5,27.45407519231963,27.02504915770271,5
1465,1470,0.0008301294775649908,5,26.950319408956922,26.999641982937046,5
1471,1472,0.0016837957747483524,1,26.982641544979234,27.0550574443492,1
1473,1475,-0.01213168755781507,2,27.062817420742004,26.76156259278011,2
1476,1479,-0.007968757649386276,3,26.579942132025433,26.394712956972636,3
1484,1488,0.006039227965855758,4,25.865846757328512,26.04792234918324,4
1493,1502,0.0007099044023635493,9,25.696922261460948,25.740861541963014,9
1504,1507,-0.00224119125389895,3,25.682338669002366,25.65046197486673,3
1509,1510,-0.00395607415506481,1,25.85128330579874,25.77486499534321,1
1511,1515,-0.0003329764075189433,4,25.75924901263695,25.776431039452973,4
1526,1528,-0.010314622747174207,2,25.89454126000848,25.653343376960365,2
1530,1532,-0.0026361337469937808,2,25.485822150393005,25.444123936702866,2
1533,1537,-0.007763972798934903,4,25.44069806477603,25.26861787507997,4
1538,1542,0.013054866289329854,4,25.3048999955752,25.660556981477875,4
1547,1548,-0.0029911338626803516,1,25.745832515616488,25.694569116671747,1
1551,1553,0.005433744368483878,2,25.784266373505485,25.950155752081514,2
1557,1561,-0.005571003102958513,4,25.852664913547102,25.73449230200753,4
1563,1565,0.003944955486675717,2,25.824053943461443,25.951752740697373,2
1570,1572,0.002301832800985948,2,26.295654178496395,26.382478031986338,2
1575,1577,0.002062026542546457,2,26.41910757850023,26.50000358713599,2
1581,1582,-0.004034122579829999,1,25.976151525550744,25.897336697669985,1
1587,1593,0.013531024367230561,6,26.061803615320645,26.440508318708847,6
1595,1599,-0.017236834775346634,4,26.43811743560181,26.008846091028733,4
1600,1604,0.006789497581753444,4,26.02930829074562,26.2320635247311,4
1605,1607,-0.014854152769364904,2,26.196433093287197,25.83350370720035,2
1608,1613,-0.020226864242832387,5,25.76060091472868,25.26530533812741,5
1614,1615,0.0004294718988287656,1,25.267820988866262,25.303940628914482,1
1617,1619,0.0008252543381118947,2,25.526690679926272,25.573283382827448,2
1620,1621,-0.0015098051518642945,1,25.572647543440947,25.55961047597649,1
1627,1628,-0.005079550552017616,1,25.26526910872823,25.162198166188844,1
1630,1633,-0.022348233815492332,3,24.936720557022685,24.40436561597977,3
1634,1641,-0.040174057289119554,7,24.219716540932787,23.27093197763205,7
1642,1646,-0.051094695326585005,4,23.11018393952147,21.952486316129804,4
1648,1650,0.04272589829328743,2,22.803989185072286,23.801114096859983,2
1652,1653,0.003683542024781228,1,24.138256291238594,24.25130882898355,1
1654,1655,0.002496390451734633,1,24.281066134484988,24.365962222275538,1
1656,1657,0.00708641410477959,1,24.69827861585495,24.897999124417975,1
1658,1659,0.015606380076028797,1,25.024759997884257,25.440330673720524,1
1660,1663,0.04221676897917694,3,26.006078863352165,27.129977565643912,3
1665,1666,0.009481214779622077,1,27.490437913333327,27.77857109748884,1
1667,1669,-0.028329674697233905,2,27.55821906392589,26.805061901673685,2
1671,1674,-0.009692742124237794,3,26.995809496800977,26.761141886410236,3
1678,1682,0.016547223960193248,4,25.77039426460047,26.222593144303893,4
1684,1685,-0.00122165115346299,1,26.473381990620016,26.46751413496573,1
1691,1694,0.021938838616893774,3,27.084103969937384,27.70538185998695,3
1698,1706,0.030933486565249683,8,27.95072355302899,28.84328760809865,8
1716,1718,-0.017037265076938615,2,30.764498434624215,30.271120018269084,2
1719,1728,0.04507673572616632,9,30.520980433363775,31.92728758289537,9
1729,1730,0.0003358416406208679,1,31.854683529441207,31.897236342148634,1
1733,1737,-0.005913880584830196,4,31.193727779519328,31.04044552621507,4
1739,1741,-0.009163028291995497,2,31.198316332654304,30.943643593768222,2
1746,1747,-0.005925352702404451,1,30.56474443429745,30.41420228769968,1
1748,1750,-0.004054174175401408,2,30.295123500297663,30.202596916462458,2
1758,1761,0.025478031539061533,3,30.470120026649244,31.276908825713853,3
1762,1764,-0.010349949759950166,2,31.452247993199503,31.158171054625594,2
1766,1773,0.10299769182329907,7,30.659787429246723,33.84833455368138,7
1774,1775,-0.00811278888778584,1,34.05761115136478,33.81536655322282,1
1778,1780,-0.005158089277745722,2,33.68845334326428,33.548373746633814,2
1783,1784,-0.019408008123427557,1,33.95921437913676,33.33409288498039,1
1785,1788,-0.014238028130119876,3,32.59492288033396,32.16343037434501,3
1790,1793,0.04424759221984337,3,31.147493919913856,32.55684302347217,3
1795,1797,0.03882414225116264,2,32.6997350426631,34.00197394257744,2
1798,1800,0.006111249188939718,2,34.820658216457666,35.0682765939578,2
1801,1806,-0.008463042932125783,5,34.94668420528431,34.685875600724835,5
1807,1814,-0.03405105768918388,7,34.43071499237471,33.292743444881886,7
1815,1822,-0.05912326218847943,7,33.572931685429054,31.621563374640953,7
1823,1830,-0.02929589020351819,7,31.395523591226777,30.50715930280746,7
1833,1834,0.012038746047665944,1,31.51060334809409,31.92146210295862,1
1839,1846,-0.007831327774308654,7,30.444565233345717,30.23658842929041,7
1848,1855,0.024396333077231797,7,30.16018197408368,30.926140001167433,7
1856,1860,-0.011729274900406893,4,31.125918137605957,30.791959605380022,4
1863,1869,-0.012041373483273818,6,30.771685234779067,30.43192356539213,6
1870,1875,-0.028659452834818296,5,30.31542364426872,29.476915613812533,5
1882,1887,0.001022837289648792,5,30.527899587778666,30.58965256143948,5
1888,1890,0.006323708765420217,2,31.030813518394535,31.25807415935732,2
1891,1897,0.018450581491607488,6,31.26329919964757,31.871388548426822,6
1905,1906,-0.001366459193566144,1,31.86854166521543,31.856863145136668,1
1907,1912,-0.027349128933145193,5,32.05184894597174,31.207310645548638,5
1913,1914,0.005325188004259856,1,31.044275404257583,31.240636282645532,1
1926,1927,-0.0013525363494786093,1,32.564725445494076,32.55324519606375,1
1932,1933,-0.0036007402127878974,1,32.53904499066065,32.45441938786772,1
1934,1937,-0.013579966381661736,3,32.433498486384046,32.02548616578566,3
1939,1940,-0.004839658081194976,1,31.6998641090787,31.578147469679493,1
1943,1946,-0.007257589055420537,3,31.558281113446306,31.36080235894292,3
1952,1953,-0.004566273489952048,1,30.778393591017135,30.66862942189018,1
1957,1966,0.08816249828368439,9,30.736649769516507,33.47720625183723,9
1968,1969,0.008080964624340648,1,34.10047359157158,34.4101387859299,1
1972,1983,-0.024903939386325482,11,34.20530203478964,33.38766056825907,11
1985,1986,-0.0020421013143854744,1,33.17617602624769,33.14160308960445,1
1987,1989,0.0014013504899835659,2,33.40088498279996,33.48109221431929,2
1992,1994,0.009098030305189936,2,33.30156269751597,33.63784288684567,2
1997,2000,-0.02154900673678151,3,33.848564441318274,33.15301006258324,3
675,676,-0.006383584740965181,1,27.09598948476957,26.950115929238013,1
677,678,-0.005444575556532176,1,26.870903349782125,26.751473589571745,1
682,683,-0.0011012223290679157,1,26.25088381311698,26.248226637517327,1
687,692,0.015249026102245308,5,26.12780306747555,26.552354421513286,5
697,701,-0.007290749791152818,4,27.110672857775906,26.94012639815784,4
703,704,0.00932452556529675,1,27.089945353627098,27.369636186993112,1
712,713,0.0016278183163378076,1,27.29843318567715,27.370168508409797,1
714,715,-0.006943251272127876,1,27.37874211364683,27.216023369750637,1
717,725,-0.014106429699747465,8,26.872989926987092,26.520780973687014,8
729,734,-0.002204711628919313,5,26.16722076575924,26.13569681060623,5
735,738,0.011423597859433789,3,26.287352681311802,26.61393617981353,3
740,741,-0.004155558684531411,1,26.335407027304996,26.252304104949314,1
743,744,-0.004601243110857566,1,26.32622370304129,26.231416571295817,1
746,754,-0.004979710367853578,8,26.367105524155175,26.262172080930405,8
756,760,0.006097005075043824,4,26.34422892388357,26.531194050254488,4
766,767,8.630865213133136e-05,1,26.93288961327953,26.962147044293335,1
770,774,0.006272757251441269,4,27.040147078775593,27.236803504522797,4
775,776,-0.005778005277698225,1,27.207520207795866,27.077522532649937,1
777,778,0.004183162002323952,1,27.27988493525812,27.42128099828232,1
779,792,0.007130460349502327,13,27.58751054918989,27.811809709851556,13
793,795,-0.0028947302935421744,2,27.744139871795475,27.691572209512113,2
796,801,0.0129149101509854,5,27.670224007617186,28.05525268854082,5
805,813,0.0009864809769071694,8,28.492546233464086,28.54914613454051,8
816,819,-0.006273712995627092,3,28.57853877182057,28.427823760503586,3
820,822,-0.0028710280299278504,2,28.523004360774262,28.4696370201175,2
824,825,-0.004332216189639563,1,28.66643798284391,28.57091521409818,1
826,827,-0.0031017390956352767,1,28.53456134655291,28.474589143394056,1
830,832,-0.009885739391996641,2,28.17985074868693,27.929451938828738,2
833,834,0.0008693179233272943,1,27.94125975949617,27.99349085716494,1
841,842,-0.0009996825318701623,1,28.70387582580535,28.70388493837113,1
843,845,-0.004390615979715464,2,28.671546412673298,28.574332209243334,2
846,847,-0.0023163440365816844,1,28.639636106006755,28.601936491808743,1
850,851,-0.00330973393221102,1,28.261860630263516,28.196583251778378,1
854,861,-0.012701850786250753,7,28.082152988500496,27.753539824472398,7
863,865,0.0008262877737692338,2,27.76995502018863,27.82067094952012,2
867,870,-0.001127647281385032,3,27.698855092958876,27.695319409408782,3
871,873,-0.0018621136187553658,2,27.92745451142489,27.90337787255342,2
875,876,-0.004810287831132723,1,27.817462587434502,27.71147004824461,1
877,878,-0.006131007588954877,1,27.71412887536351,27.571927469782747,1
883,885,-0.004819830593884837,2,27.168527516554196,27.06474834395566,2
887,888,0.0007334867290198323,1,27.198124182886126,27.245271770211392,1
890,893,-0.007090185156691342,3,27.16489154172738,26.99945232247682,3
896,898,0.00043888498143474994,2,27.300959050356163,27.340241990312485,2
905,906,-0.003978180668452244,1,27.621398663592696,27.539137148057172,1
907,909,0.0013834261568193033,2,27.667542955043587,27.73348650061756,2
911,912,0.00029873328355280865,1,27.881171883894044,27.917382089804114,1
914,915,-0.007398547117038094,1,27.764919484302617,27.587264338781537,1
916,917,-0.006225805050516748,1,27.513861387668523,27.370079311869628,1
919,924,-0.010283229916920725,5,27.31211926538895,27.058574582729985,5
929,930,-0.0016300632375059174,1,27.295320541404113,27.278122763375034,1
934,937,-0.008581335658056908,3,27.368462874745493,27.16097337124698,3
938,941,-0.006376579864608972,3,27.162447031632688,27.016405965848904,3
943,944,-0.004731978099382248,1,26.706040680407582,26.60637432146709,1
946,949,0.007528223470805557,3,26.39137902074905,26.616450598740727,3
953,958,0.00404332146511338,5,26.637783970530148,26.772126878211775,5
962,965,-0.012205691548699753,3,26.72993666808669,26.43040924266783,3
966,977,-0.010663941866991038,11,26.40092071828586,26.145783755229306,11
980,982,-0.002588464070654899,2,26.11169668064477,26.070219188643726,2
983,984,-0.00905972512128924,1,25.893768778467294,25.685072119758626,1
985,989,0.01307731168105418,4,25.749601142995708,26.112086303948487,4
992,993,-0.0018584255598782778,1,26.408363555543605,26.38569394127297,1
996,997,0.002133248315008818,1,26.18913913504542,26.271196211111832,1
1000,1001,-0.006196890601400574,1,26.15506575641655,26.019140741008016,1
1002,1003,-0.0037479488384730393,1,26.018636587800238,25.94713870561014,1
1004,1010,0.0037753488902768795,6,26.028318098017508,26.15261239796265,6
1011,1012,0.001019785093279059,1,26.273500832083865,26.326567657412763,1
1015,1016,0.002658380859810737,1,26.777254407389368,26.875215802391644,1
1018,1019,0.0026863680002729338,1,27.05714249589777,27.156885080173474,1
1029,1031,0.0029255091306343755,2,27.662746468992168,27.77133683283462,2
1034,1035,-0.0006606453647761566,1,28.222877862624923,28.23245542704696,1
1040,1041,-0.0014109073979793251,1,28.468060034009355,28.45636229753526,1
1042,1044,-0.00595404824310485,2,28.492620857634382,28.351467039333166,2
1049,1053,-0.0060154235576716395,4,28.002185835303024,27.861743012798346,4
1057,1061,0.0275913832358731,4,28.231746755609315,29.038931446517058,4
1066,1068,-0.0030671359399257222,2,29.358267626055667,29.29758009591189,2
1069,1070,-0.006660157726229934,1,29.30928538988492,29.143390211735085,1
1071,1076,-0.012825548612088459,5,29.002566495336367,28.65959523537044,5
1080,1081,-0.0016822123241907877,1,29.2203363642539,29.200401890669205,1
1082,1083,-0.006409377030137493,1,29.20313034293949,29.045159600454284,1
1089,1092,-0.0036701520272607686,3,28.464255950207054,28.38825205947714,3
1094,1096,-0.0014556750086530236,2,28.0305699528992,28.017797122693363,2
1098,1101,0.0009947390174420462,3,27.715306348082617,27.770591151035497,3
1102,1103,0.003319321997280791,1,27.897002169190433,28.017498304318007,1
1104,1105,-0.005588791467013857,1,27.99970141535697,27.871216624423244,1
1116,1118,0.0018506698743661599,2,27.108867170336552,27.186145601307224,2
1119,1123,0.007913532766682614,4,27.223914485164872,27.466575738965755,4
1130,1131,-0.002197221211108366,1,27.660342211664926,27.627226663262604,1
1133,1135,-0.002048160450535546,2,27.613149469383593,27.58420645819506,2
1141,1152,0.026979930395053402,11,27.8734253010979,28.65332180089434,11
1156,1159,-0.010825220493822615,3,28.64233129071625,28.360914070327848,3
1161,1166,-0.013240208368096574,5,28.265860129642263,27.91988011195197,5
1171,1172,-0.00042967011128395313,1,27.6988751784334,27.714672674831476,1
1180,1181,-0.0070540539374063585,1,26.87017437066359,26.70750088571608,1
1182,1184,-0.002370782701380969,2,26.718131996577597,26.681507243423475,2
1185,1191,0.011074155234362969,6,26.705635431096532,27.028083418923895,6
1199,1200,-0.0027829262888905693,1,26.87631770308547,26.828399209704063,1
1201,1205,0.002843702349489606,4,26.855950272929295,26.95917655209113,4
1210,1212,0.00935587024549759,2,27.40389322747259,27.687684389957766,2
1216,1221,0.015678851837377956,5,27.430181014294824,27.887684939304705,5
1223,1225,-0.003907532731250209,2,28.012900550920122,27.931452125671065,2
1227,1230,-0.001197557314336107,3,27.624523883313415,27.619066456565214,3
1233,1235,-0.0019711327841581616,2,27.678947089069915,27.65206715612074,2
1236,1239,-0.007139187546502086,3,27.632751328163113,27.463108685333665,3
1240,1242,-0.00024710416686986347,2,27.430394371198478,27.45104660082167,2
1249,1250,-0.0072982492801921635,1,26.991582285093056,26.82158257139472,1
1252,1258,-0.013081590912468903,6,26.677471088493704,26.355164796223306,6
1261,1262,0.0054252304854366835,1,26.52014869227853,26.69054676013447,1
1263,1264,-0.001844397211454951,1,26.821155923099536,26.798508213830072,1
1270,1271,-0.007776609149446181,1,27.097208956685243,26.913581762544915,1
1277,1280,0.0004629972086199726,3,26.55327658953414,26.59212395906434,3
1281,1283,-0.01196757994446148,2,26.53873458510136,26.247668891914415,2
1284,1285,-0.007123408158024039,1,26.10093341664907,25.94110674803352,1
1291,1292,-0.0032584057510437426,1,26.190100249527852,26.130952376503906,1
1293,1295,-0.0045826984872181144,2,26.084012671350507,25.99056151861228,2
1297,1304,-0.03837293933122676,7,26.073143834995548,25.09871381227591,7
1306,1307,0.004001861181713929,1,25.25849661974725,25.384836113498014,1
1309,1310,0.0007951600655601606,1,25.632025989485996,25.67803957894172,1
1311,1318,0.006177720406768846,7,25.832731432162504,26.018151555725716,7
1322,1326,-0.01462568606714202,4,25.65883884873373,25.309219565733496,4
1328,1333,0.019692157564563852,5,25.345824702526084,25.87028450087457,5
1339,1340,0.0013025258525713743,1,26.182896458496227,26.243183254487114,1
1344,1349,-0.007801111056103352,5,26.450539566247038,26.270646509163136,5
1351,1354,-0.018619375967291046,3,26.100466930400344,25.640592990631774,3
1356,1357,2.2310740203734022e-05,1,25.67269090128568,25.698936368923995,1
1358,1362,0.0035263360153295056,4,25.748552488666228,25.86509908913828,4
1366,1367,0.0026578635706731445,1,25.901239173897736,25.99598237310723,1
1372,1373,0.009449743935074032,1,26.309788199573642,26.58471874924522,1
1376,1377,-0.0018411948688247838,1,26.654806106752005,26.632384220625486,1
1380,1384,0.002108455911401083,4,26.546749457114142,26.629268857392592,4
1387,1391,0.003119101197527567,4,26.546931289873083,26.65628078633988,4
1393,1394,0.0036643861562162695,1,27.018132396057926,27.144155398772916,1
1396,1399,0.001746946494046337,3,27.261946639554342,27.336833748296744,3
1406,1418,-0.01696418641666541,12,27.451029307361026,27.01279595816897,12
1419,1420,-0.006815327677973913,1,27.053270228279068,26.89594659714085,1
1421,1425,0.017329735983822748,4,26.92910980877767,27.422713281851937,4
1432,1434,-0.0037389090232915045,2,27.996264946588443,27.919585723907772,2
1435,1440,-0.001972733032073518,5,27.96021250466078,27.933014682373702,5
1444,1448,-0.01924495784740503,4,28.04497259866773,27.53329325577341,4
1452,1453,-0.002370151486190091,1,27.71367455022331,27.675702617850533,1
1454,1456,0.0003627088086381378,2,27.86083624241237,27.89880244937593,2
1461,1470,-0.012839744055962006,9,27.392449863292132,27.06813026784498,9
1471,1474,-0.0054386905556359985,3,27.047174994911337,26.92712095470479,3
1476,1479,-0.011798343296031091,3,26.622786471084474,26.335304483272772,3
1481,1482,-0.012139420274895136,1,26.384844911517384,26.090933035160063,1
1486,1488,0.002332692207113099,2,25.938586332757552,26.025031657292264,2
1495,1497,0.0031695629222840364,2,25.373199230839028,25.47899438157166,2
1498,1499,0.0032036218877958605,1,25.523760178266787,25.631052415211002,1
1500,1508,1.674541736713009e-05,8,25.665459928278462,25.69155516704516,8
1511,1517,-0.005133039401569758,6,25.805160127096855,25.698506383527747,6
1518,1519,-0.001992996359561546,1,25.74063643215935,25.715076073889417,1
1522,1523,-0.0034736444062966397,1,25.882811818893444,25.81878694621841,1
1524,1525,0.001781144723199369,1,25.86287691461483,25.934805318272666,1
1527,1528,-0.005483682217050955,1,25.806644191744038,25.690935400099754,1
1529,1533,-0.006575977537006744,4,25.552654212763912,25.41017318686264,4
1537,1539,0.0011875967223413503,2,25.302731736960556,25.358083909974614,2
1540,1548,0.005900415169745048,8,25.470128204031088,25.645882663065535,8
1551,1552,-0.00010198840990708756,1,25.834934491908374,25.8581345625114,1
1555,1559,-0.009044632712518607,4,25.860957418819208,25.652915514790724,4
1560,1561,0.0011050624379354622,1,25.709231644364724,25.763351182207458,1
1565,1566,0.0022491617138326535,1,25.96638877511359,26.050757771368183,1
1571,1580,-0.007720676361871541,9,26.36387246955504,26.186689415041506,9
1584,1585,-0.0016730136125493286,1,25.93689803029897,25.919442144857275,1
1586,1587,0.002967271985205853,1,25.91278689573441,26.015589969244466,1
1593,1594,-0.0021633324709769445,1,26.430767011013454,26.400019241516716,1
1595,1598,-0.015172494290523138,3,26.392257707938732,26.018213586258955,3
1605,1606,-0.005961041724472386,1,26.20090628323771,26.070922493947577,1
1607,1608,-0.00433688766246422,1,25.903667475396233,25.817229846985008,1
1611,1612,-0.004040918612256349,1,25.361454954818885,25.284332834412876,1
1616,1622,0.0068295984347400964,6,25.4237341064806,25.62279173524595,6
1623,1624,-0.007717773528475872,1,25.57635597513471,25.404539808010075,1
1631,1635,-0.035165426506458285,4,24.811000571453725,23.96332215487803,4
1637,1639,-0.0085608246625689,2,23.707685871141738,23.528436215114773,2
1648,1649,0.02451378513086997,1,22.892514316196195,23.47658900756499,1
1651,1654,0.009650172369703218,3,23.973681495578102,24.229005335842373,3
1655,1656,0.00844420384389057,1,24.425086825399035,24.65576232428283,1
1658,1662,0.07997881113658861,4,25.043959619507987,27.071989695648476,4
1663,1665,0.013329252557435698,2,27.12923178777768,27.51797340175396,2
1670,1674,-0.0019225231947005478,4,26.753854047006836,26.72917299610084,4
1675,1678,-0.03228863921243808,3,26.620501157471754,25.78758190110133,3
1683,1684,-0.0005613989444512581,1,26.36147767900425,26.373039850940085,1
1687,1688,0.001505249283810438,1,26.509683387037168,26.576096752356584,1
1694,1697,0.012991494236137557,3,27.70769747998161,28.095369569569417,3
1699,1706,0.038652776233784894,7,27.81408320836508,28.916988825974254,7
1707,1713,0.03900925874519242,6,29.481216644785942,30.660738269650256,6
1714,1716,0.00023526216312403313,2,30.693763802797825,30.731678647867287,2
1721,1722,0.02095765666393791,1,31.34838069709617,32.03671767741343,1
1724,1725,0.0028739837066385733,1,32.262074035645696,32.387056784802155,1
1726,1728,-0.019706626591934097,2,32.48081234748758,31.873205919500446,2
1732,1733,-0.0061414201237873405,1,31.39681063030024,31.235386436302875,1
1735,1736,-0.004512381965421982,1,30.996846589130595,30.88797382418598,1
1740,1751,-0.02589653492506254,11,31.021072442468014,30.248755228991214,11
1753,1754,-0.0017106792594251807,1,30.4742739807058,30.45261654624167,1
1756,1757,-0.004477127120590984,1,30.445756019885522,30.33989225592188,1
1760,1761,0.007123010573325453,1,31.0165596512485,31.26850749324377,1
1763,1768,-0.03346880262803945,5,31.32467774985538,30.307602970608386,5
1769,1770,0.023420565846111463,1,30.6425720499368,31.390880998376495,1
1776,1777,-0.0006842170692654753,1,33.47944473567547,33.49001697285347,1
1783,1786,-0.05905931711890037,3,33.92571156453532,31.956007918325618,3
1787,1789,-0.006192801397843248,2,31.958117951751028,31.792165792178736,2
1791,1792,0.0183500597499553,1,31.109229972226554,31.71119543096424,1
1793,1795,0.0068808314585795905,2,32.49185491338963,32.747917745738675,2
1796,1800,0.054815491874528326,4,33.26149373134557,35.11800036444216,4
1808,1810,-0.018113887453918225,2,34.237791702462516,33.65184998859588,2
1813,1814,0.0005610209619974734,1,33.22019205589601,33.27204947205684,1
1815,1822,-0.060602152349292344,7,33.5970730980493,31.594615228769054,7
1825,1826,-0.029001238656239384,1,30.6746652880455,29.815736664614676,1
1830,1831,0.004649658660160759,1,30.560961012158327,30.733620010203502,1
1832,1833,0.005356020296243824,1,31.30776051734696,31.50675327862516,1
1837,1838,-0.015013879678378073,1,31.28066967041583,30.84230612939553,1
1840,1841,-0.00485544166770596,1,30.071999237773614,29.95605839888108,1
1846,1847,-0.0017795391295610976,1,30.23179144396605,30.208224579578747,1
1855,1857,-0.0038505536127867463,2,30.952662070954286,30.86442984826256,2
1865,1868,-0.01585261127709444,3,30.85371636022391,30.395458104671775,3
1869,1870,-0.004726346105256402,1,30.43352343822456,30.320117596691304,1
1873,1875,-0.00852995445326359,2,29.70716405135946,29.483470459117093,2
1878,1879,0.0009393724009279631,1,29.76330390482402,29.821026034977468,1
1882,1883,-0.0026046617812756885,1,30.533623568556756,30.484627429772434,1
1890,1891,-0.0007594411295964662,1,31.30793409662235,31.315465497883302,1
1896,1897,-0.004417765328751726,1,32.01656586131741,31.907140752570903,1
1902,1903,-0.0003578613043372828,1,31.89660712243288,31.917089168126545,1
1908,1909,-0.005319469709632239,1,31.914265734533046,31.776413030387577,1
1913,1915,0.009347920824827702,2,31.054424870251943,31.37577360006987,2
1916,1917,-0.0009021403610687193,1,31.491335686131986,31.494417416871695,1
1919,1921,0.028827856886384465,2,31.594831789167525,32.537237910124205,2
1924,1929,-0.017097065965686883,5,33.09906260138453,32.566264807287645,5
1930,1931,-0.0026617587058290412,1,32.63990464872432,32.58566500301687,1
1933,1934,-0.004655750642783924,1,32.46992959779971,32.35122763180141,1
1935,1937,-0.01266233812187155,2,32.441266376332536,32.06292535875004,2
1938,1940,-0.008032382502025346,2,31.865933360702947,31.641839928526434,2
1948,1949,-0.0012184314503907656,1,31.32690438695437,31.320061605792876,1
1952,1953,-0.003158901045108477,1,30.77622105458248,30.70977823878325,1
1955,1956,-0.000812001597935633,1,30.669557407258704,30.67532323504329,1
1959,1961,0.015964292992103297,2,31.41317411470256,31.94607640419633,2
1962,1965,0.024551925925327362,3,32.37143420379566,33.198586692667654,3
1968,1972,0.001907922708116239,4,34.130212268460006,34.22946028774829,4
1974,1975,-0.010132419844391682,1,34.135904761418765,33.82416134736932,1
1978,1979,-0.002265911528280946,1,33.885451240319576,33.84255525695345,1
1984,1985,-0.007228002204666371,1,33.32347550087915,33.11593682199253,1
1990,1992,-0.0003383503499498617,2,33.30314722031886,33.325182236022755,2
1995,1996,0.0007792977897293843,1,33.728861768010326,33.788875457204234,1
1997,1998,-0.003558890364325892,1,33.84797855572808,33.76136528954992,1
672,674,0.0031711252488482305,2,26.97695290873023,27.089477158144824,2
676,677,-0.007404304874600923,1,26.99710208658703,26.824204414093803,1
685,688,0.0013132112213682275,3,26.1718592510786,26.232400289582266,3
689,690,0.0002751681615806049,1,26.333021491459377,26.366600522063504,1
695,697,0.006924429333202506,2,26.84866889065735,27.061429269971917,2
700,714,0.015496249337901735,14,26.990620162202173,27.435864162182458,14
721,722,0.0012847757621180173,1,26.79381466499857,26.855032523319842,1
725,726,-0.006734355023270826,1,26.475807071405377,26.323985394130315,1
734,735,0.0024773007987641377,1,26.135238819611253,26.22611890643458,1
740,741,-0.007862983207145626,1,26.41865825239156,26.237347444450076,1
742,744,-0.0020392513010745877,2,26.279778438389176,26.252467144455128,2
751,762,0.018285006322029892,11,26.3326388177293,26.84046392380494,11
764,766,-0.0020868856056200516,2,26.954104047241014,26.924808019539682,2
769,770,2.065773242940043e-05,1,26.9603459477353,26.987863233295826,1
772,774,-0.00176150021238838,2,27.203904247798715,27.183188468936223,2
775,779,0.01192253231886151,4,27.20219683893095,27.553718106726066,4
786,788,-0.0015047041352603172,2,28.201679712851945,28.18744620847958,2
791,796,-0.0050689964703625225,5,27.791628863545576,27.678544823794184,5
797,798,0.0028340764015489283,1,27.830664771079903,27.93736966611812,1
799,801,-0.0016704908776320367,2,28.087464528330063,28.068632139588004,2
803,804,0.005766753246114547,1,28.215894364663203,28.406824359447313,1
805,808,-0.0011873174507570855,3,28.486210544749337,28.480874580408365,3
811,817,-0.009488489110632312,6,28.642224433966042,28.399095223754035,6
818,821,-8.169043130667672e-05,3,28.47056206165758,28.49670685122488,3
827,828,-0.002016507205833756,1,28.50549319595602,28.476517156716486,1
830,833,-0.012260611599459896,3,28.19128675538177,27.87383562474042,3
845,846,-0.0019573128645234304,1,28.637722975989625,28.610307715374052,1
848,849,-0.008313723625886952,1,28.617261789355993,28.40796304569899,1
851,852,-0.005724719536159009,1,28.245067719344753,28.11161769609103,1
854,857,-0.0029233532588810386,3,28.097320212238017,28.043279139841985,3
859,864,-0.0008313743434986798,5,27.940781729193397,27.945493261855642,5
865,868,-0.008830074366178779,3,27.867552938184414,27.649347926275006,3
871,882,-0.030475844954829998,11,27.988160959197078,27.16318626619296,11
886,887,0.001186979374055277,1,27.15602781486668,27.215417487579064,1
890,891,-0.004805721655270474,1,27.125465491386137,27.022233519956277,1
895,899,0.00772657682082101,4,27.094777703855712,27.331222362931477,4
902,907,0.0063518976083914,5,27.431570727065438,27.63324482628817,5
915,916,-0.005435805023165452,1,27.62998716246135,27.507425926616108,1
920,921,-0.0011632440046175133,1,27.316207140233853,27.31174793318932,1
922,924,-0.00890107492654968,2,27.30961033042255,27.093835052987007,2
927,928,0.001969640163016577,1,27.096009662041308,27.17647506059119,1
929,937,0.0007124391203622094,8,27.188415305417262,27.234973811406913,8
940,944,-0.016869678467938586,4,27.051053223618617,26.621761706740696,4
945,946,-0.00686578827255579,1,26.526242094046182,26.37064477425595,1
948,949,0.0037148093603523247,1,26.471692965386428,26.596501951164004,1
966,967,-2.6893375529549136e-05,1,26.448026561821443,26.473763311672922,1
970,972,-0.006946302694929532,2,26.35548277950435,26.198765101226414,2
985,987,0.0067154007688452425,2,25.72982193315854,25.928337821083883,2
994,998,-0.004703375764204171,4,26.329234497432942,26.2317274485051,4
1001,1008,-0.004772789859169617,7,26.110475201660538,26.011965865601614,7
1009,1010,0.0006910254258429883,1,26.039362854495327,26.08339607915503,1
1018,1019,0.003569336730422163,1,27.036022695784933,27.15955938733331,1
1020,1024,0.01091162164577274,4,27.362739305329963,27.68867390312697,4
1026,1027,-0.006081354615889689,1,27.647893748914548,27.507404996393873,1
1031,1033,0.010584382167001423,2,27.756522660391465,28.078064826516474,2
1035,1037,0.0023147646471493935,2,28.222016285604536,28.315565627459332,2
1038,1039,0.0016128459577503663,1,28.399268460097918,28.473471373896952,1
1040,1043,-0.0011093584066995882,3,28.41409088283509,28.410983563128326,3
1045,1046,-0.005541311604561933,1,28.407923872211757,28.27891463786937,1
1050,1055,0.0008453560988996322,5,27.91267731481964,27.96418614413916,5
1056,1058,0.006940956456813886,2,28.080790303721493,28.303778636796267,2
1059,1060,0.009419940477262308,1,28.386260192267585,28.682043333843094,1
1073,1075,-0.0021717539034354855,2,28.689826643346997,28.656209226988768,2
1076,1078,0.010187050088333736,2,28.630958827556174,28.951254798037066,2
1081,1082,-0.005014143016342934,1,29.274611465012416,29.157098987843984,1
1086,1088,-0.006491002310787731,2,28.581641261174592,28.424699402963377,2
1092,1093,-0.00845780635987951,1,28.427407641090614,28.21540153959,1
1102,1105,8.809188011954126e-05,3,27.87929229494489,27.909627526514498,3
1108,1110,0.001684421854078487,2,28.212230485476663,28.287964013544176,2
1116,1122,0.010709415371869226,6,27.095698800072515,27.412973592113623,6
1123,1124,0.0028159704533145245,1,27.503304950750113,27.608256749810675,1
1126,1128,0.0006294718217700875,2,27.562729416925666,27.60764210784162,2
1129,1131,-0.0037522807071249035,2,27.658708264931178,27.582583735789612,2
1133,1135,-0.002849185518833436,2,27.597979290472985,27.546945506819977,2
1142,1146,0.006419821112396342,4,28.027112201952292,28.23506836078784,4
1148,1149,0.0026675926727209327,1,28.37759668989051,28.481674155579782,1
1152,1153,0.00014076007071756416,1,28.655298368608555,28.687987188801962,1
1157,1159,-0.009828326888187564,2,28.615481286462714,28.362854463603007,2
1163,1164,-0.0073070115351408565,1,28.183817291020127,28.00606163026136,1
1165,1166,-0.0017994305515384933,1,27.97955879540921,27.957191081289594,1
1167,1177,-0.031282956066922094,10,27.91609761550548,27.070715657855217,10
1180,1182,-0.008513955409765961,2,26.843528483583814,26.641827407517383,2
1192,1194,-0.0024764511247266216,2,27.107622815385543,27.067599735191102,2
1199,1202,0.004302338125711633,3,26.802622528059004,26.94473909535859,3
1206,1211,0.019793639040776072,5,26.957701402242687,27.518250114569945,5
1219,1220,-0.0005177905696065867,1,27.73230795176604,27.745680732186955,1
1228,1229,-0.002235253766083494,1,27.596724979243774,27.562636020781593,1
1230,1231,0.0010939166330584077,1,27.57835464358333,27.636101419083914,1
1233,1234,-0.0012501681750667524,1,27.703685169723574,27.69675458936204,1
1237,1241,-0.005749010331303087,4,27.568506537508537,27.437583415143312,4
1249,1250,-0.00732937557968815,1,27.00052868280075,26.82963219591716,1
1251,1252,-0.003652190388917275,1,26.736463266125835,26.665553075217776,1
1260,1261,0.00385147032063008,1,26.40848314674068,26.53660311893995,1
1262,1264,0.0059012516176994035,2,26.715912502761267,26.900285737139264,2
1268,1271,-0.005955313531588545,3,27.074962450530656,26.94079752273229,3
1272,1273,-0.0034088135745069465,1,26.90417890748857,26.83937175612525,1
1275,1276,-0.003967225129736194,1,26.614954847866475,26.53598228501509,1
1278,1279,-0.005278171931133693,1,26.55385702429214,26.440255058507475,1
1282,1286,-0.01623764797696837,4,26.37679595742906,25.974875625869434,4
1291,1301,-0.01574624551146591,10,26.238063371453077,25.85115044723223,10
1302,1305,-0.024168585860324998,3,25.762849514615137,25.165960723629144,3
1312,1318,0.0004149350259442103,6,25.92363692245075,25.960317184332187,6
1320,1321,-0.0005316893305609309,1,25.712715211359342,25.72475675023307,1
1325,1326,-0.0044834789599413,1,25.362662717062218,25.274312415119244,1
1332,1334,0.0011911726791370065,2,25.875255496858454,25.93195264976886,2
1342,1345,-0.0033118626669796486,3,26.430405178847753,26.36930171184163,3
1346,1350,-0.008082587634904069,4,26.407852311906176,26.220816383657496,4
1353,1357,-0.004888052893300237,4,25.83278425502463,25.73234502345988,4
1360,1362,-0.0016418015016918422,2,25.8649571276818,25.84835695935606,2
1365,1371,0.011740279512032457,6,25.86720984223141,26.196765325817836,6
1375,1376,-0.0017085683985935492,1,26.709464220666028,26.6905387383759,1
1384,1387,-0.0076542474731314146,3,26.688493453794365,26.51090161366777,3
1389,1391,0.001263408218888042,2,26.544448577430757,26.604529500506764,2
1392,1396,0.013326775154855076,4,26.82202372407182,27.206296827164785,4
1398,1400,-0.0019889075643543994,2,27.341517042058484,27.314478809034668,2
1401,1402,0.0018209105857500039,1,27.33925188202272,27.416373467063202,1
1404,1406,-0.004072391593071947,2,27.514567914372385,27.43003238722526,2
1407,1409,-0.005527858250487918,2,27.3259239228914,27.20219601280493,2
1410,1411,-0.0021822485578799023,1,27.14349137741708,27.111401023880305,1
1415,1417,0.0009823594526977581,2,27.057617696896365,27.11125562110529,2
1421,1422,0.0025104910056323163,1,26.963062186721157,27.057715774011946,1
1425,1427,0.009190169457447016,2,27.464118559805986,27.743982581929824,2
1429,1430,-0.0021565297136162064,1,27.88025130736686,27.8480069683068,1
1433,1435,-0.0008463742471734737,2,27.926944231061608,27.93123452889325,2
1438,1440,0.003975391360001799,2,27.836245829400696,27.974742046395182,2
1441,1444,-0.00020618453457588236,3,28.056203215144745,28.07847466315801,3
1448,1449,-0.0051650483625703646,1,27.592393014261905,27.477469362918455,1
1451,1452,0.001808814983586858,1,27.58784480487138,27.665333956724172,1
1456,1457,-0.0017455827936474792,1,27.899505583556696,27.878704192242324,1
1463,1465,-0.009911389958788631,2,27.14561288318876,26.90370774111635,2
1473,1475,-0.010475873734444273,2,27.04396480853005,26.787699612725664,2
1487,1488,-0.001566604343818633,1,26.038486061758572,26.02373254244952,1
1491,1492,-0.004572510668372259,1,25.909664553792222,25.817102000759853,1
1496,1497,0.0011439430381375332,1,25.415729695754326,25.470219572494724,1
1503,1504,-0.004501324979859462,1,25.785656733930196,25.695372769885605,1
1506,1510,0.006336958696445922,4,25.60773858885493,25.79562150919074,4
1511,1514,-0.0017743787852392762,3,25.75518029367845,25.735236028449012,3
1515,1516,-0.00399475336742393,1,25.869125587383696,25.791653936418566,1
1517,1520,0.0009785913261082793,3,25.716124002031385,25.76700570192293,3
1523,1529,-0.012255703232803904,6,25.87674780990424,25.58548681592585,6
1539,1540,0.00048820668930452094,1,25.404779597573974,25.44258716051139,1
1543,1544,0.000860276802448288,1,25.711500153496978,25.759330660788674,1
1556,1558,-0.004129608068279167,2,25.827968867129485,25.747137447375653,2
1568,1570,0.0026063237052705896,2,26.199188295227685,26.293671049035613,2
1571,1573,0.0004480404647366459,2,26.310189875551544,26.348288095126247,2
1577,1581,-0.022393521936827615,4,26.539176087884126,25.971409642062646,4
1582,1585,-0.0016503060206366797,3,25.93456864404076,25.917703237908924,3
1587,1588,0.0018383127555821948,1,26.004844596535136,26.078654478660415,1
1590,1591,-0.0005063924424182598,1,26.31199977448762,26.324987576431397,1
1592,1602,-0.011399498919370019,10,26.423196036875648,26.148408038243858,10
1605,1607,-0.011908718001766343,2,26.180392442839032,25.894797924504527,2
1612,1617,0.0035348104064795135,5,25.362879894913505,25.47789574659925,5
1627,1632,-0.02474087468355699,5,25.285025696171,24.684737069747687,5
1633,1635,-0.01910532969206718,2,24.411665200090766,23.96968395331076,2
1640,1642,-0.01164181022669435,2,23.397526274203603,23.148534239819433,2
1643,1644,-0.014410640835696372,1,22.92912316571799,22.6216289302651,1
1658,1659,0.011694315957460025,1,25.064020434214832,25.38219102877099,1
1661,1664,0.01934127654408042,3,26.58788520082682,27.1287167264191,3
1665,1669,-0.025437519990757915,4,27.502348129481543,26.830258947274555,4
1675,1680,-0.027114997937428078,5,26.63721087695271,25.941580169842254,5
1681,1682,0.004995963952363155,1,26.060869761929325,26.217129797589084,1
1687,1688,0.0023629260943427146,1,26.46315256157452,26.552146187862412,1
1693,1694,0.004446684584162478,1,27.531632920408896,27.681589041013307,1
1697,1702,-0.01728863512253574,5,28.105922591151643,27.64811547328214,5
1704,1708,0.06736986264632797,4,27.866542337641352,29.771774009693974,4
1713,1717,-0.011848948953604513,4,30.67862233778639,30.345791530076834,4
1727,1728,-0.011515100310111753,1,32.25864440383435,31.91944152205981,1
1731,1735,-0.02370774241904511,4,31.711437180574766,30.991342033340544,4
1738,1739,-0.008169750725645372,1,31.30342706970033,31.07898930075216,1
1740,1743,0.011566677941845276,3,30.99478758874206,31.384289102245685,3
1746,1752,-0.00446418979820083,6,30.52071552606353,30.41498597470435,6
1753,1754,-0.0025540598384207365,1,30.51306862475903,30.465649490262315,1
1759,1760,0.0056256349182033484,1,30.823688680633023,31.027915188663254,1
1763,1773,0.07781778869004623,10,31.33805606488617,33.80805234576519,10
1775,1778,-0.006983845393359988,3,33.85268736561417,33.65011811826859,3
1780,1784,-0.0057800175237950014,4,33.51355171141217,33.35335634694701,4
1786,1788,0.002923331470208689,2,31.98362874983238,32.10911112703807,2
1790,1794,0.04395850411771525,4,31.125299683247132,32.52464659722152,4
1796,1799,0.05418952598932123,3,33.24529695557874,35.08008913593135,3
1803,1805,-0.007567204091790632,2,35.07389689289659,34.84355945370652,2
1810,1811,-0.007741600938049399,1,33.64362475922253,33.416812866986376,1
1818,1819,-0.013374595773281334,1,32.80051333767602,32.39462024396616,1
1820,1822,-0.0207128044456342,2,32.22103709399476,31.585870090725315,2
1824,1825,-0.012782181216997843,1,30.966478820480123,30.6016261553649,1
1832,1834,0.01943415855185009,2,31.290191474651724,31.929580208362506,2
1844,1847,0.01263783151041228,3,29.796270773473534,30.202627293920788,3
1849,1850,0.00511085767360985,1,30.207605378645642,30.392199755775117,1
1851,1852,-0.005487688847093015,1,30.486347817022647,30.349534573935596,1
1853,1856,0.02575245113481622,3,30.240822288898897,31.049838409459326,3
1857,1861,-0.0017652484240952844,4,30.993880389456706,30.970162371332076,4
1864,1865,0.00018508983448894977,1,30.809387020893848,30.845898912259145,1
1868,1869,0.0023653817849861782,1,30.399121666262044,30.50142631659726,1
1871,1875,-0.022079011440781653,4,30.14882712856467,29.513319656595506,4
1878,1879,-0.0009633309090329125,1,29.764440562266863,29.765531997245425,1
1882,1886,-0.009552429411167792,4,30.55562079536517,30.294296005398397,4
1887,1888,0.01012546039223905,1,30.686140572860428,31.027538014394466,1
1890,1891,-0.0018139751265904007,1,31.332003251188926,31.30649977987621,1
1898,1899,-0.005604279348638777,1,31.808466883584902,31.662011816400952,1
1901,1908,0.0010670688354097752,7,31.767849000078716,31.833515330714782,7
1912,1919,0.009159116595842908,7,31.27256267245839,31.590264282898698,7
1924,1925,-0.015483402191018618,1,33.19102820667297,32.71030919602228,1
1931,1934,-0.009527649605066107,3,32.58942426732582,32.311513076343225,3
1937,1941,-0.011975399275676483,4,32.04719745364467,31.695466665924478,4
1943,1949,-0.0030064005389032634,6,31.489388211478374,31.42620788600113,6
1950,1951,-0.009887630384139819,1,31.18408752446369,30.90693488067959,1
1952,1956,-0.003725126219553357,4,30.772238318968203,30.688380085490838,4
1957,1958,0.0027904398394527734,1,30.76837431874557,30.884999990558537,1
1960,1962,0.01740433637009724,2,31.717474874898414,32.30121395130615,2
1966,1967,0.004666658333800206,1,33.48456920564455,33.67431481878742,1
1971,1977,-0.014454990026007343,6,34.23270235970807,33.77210169089492,6
1978,1982,-0.012635154812646942,4,33.93318216610237,33.53836433831402,4
1984,1986,-0.002644718467011469,2,33.290956018430734,33.236201768282754,2
1991,1998,0.012331727123400079,7,33.356747831365254,33.80145089117708,7
673,678,-0.012033852098546887,5,27.012983631896645,26.71492636576183,5
679,685,-0.020035404531345172,6,26.644322858573265,26.137137394496555,6
686,687,-0.0030420353647799994,1,26.14974277834577,26.09634407881249,1
688,693,0.01714153176192001,5,26.251152568485423,26.72738868659361,5
697,699,-3.0015292836311938e-05,2,27.06750479870431,27.093759864420132,2
700,705,0.018416788972600833,5,26.986670978288302,27.510665473746737,5
707,710,-0.005193379787022255,3,27.713922835979915,27.597707832140422,3
712,717,-0.016889245997277917,5,27.309004956611314,26.875085458914835,5
719,723,0.005143307687855413,4,26.65098502399045,26.81471022517725,4
724,728,-0.015815990734037503,4,26.6192202352085,26.224830114856346,4
733,735,0.009052142266774608,2,25.987079272078855,26.24830509001974,2
736,742,-0.012177342676946784,6,26.525509207799676,26.22902450170359,6
746,760,0.003749270152767808,14,26.406662198256623,26.532074570869025,14
762,764,0.001502635096447361,2,26.85211562963173,26.91931667662031,2
768,772,0.006280325056534798,4,26.949271137960864,27.14547059188191,4
774,777,-0.003128396402508332,3,27.26560157992044,27.20756957160551,3
778,780,0.010507095833691329,2,27.411158674626538,27.726581504407985,2
783,784,0.0038502284396408158,1,27.80263832038147,27.93748746746003,1
790,794,-0.010970008033387234,4,27.95190182758562,27.67322114181614,4
795,797,0.0034581087615589944,2,27.654471506776318,27.77775814849696,2
798,806,0.019396745131196443,8,27.942255746518878,28.512186815371333,8
812,815,-0.0046676850197421085,3,28.669561568728504,28.564410647240305,3
817,818,-0.0027439645099990393,1,28.49152572186732,28.441837512172658,1
819,821,-0.0009657477286148393,2,28.488417686823915,28.489393479837858,2
824,830,-0.016300521959145563,6,28.68264812863733,28.243788641098668,6
831,833,-0.00638348677364316,2,28.08934049564425,27.93812190260559,2
834,836,0.012064423775019446,2,28.010522271239957,28.376463604351056,2
837,838,0.0017972749820700778,1,28.500425450329832,28.580148977420393,1
840,842,-0.00416719476894037,2,28.744995685091396,28.65395468512436,2
845,849,-0.010885475085802308,4,28.653335847485536,28.37008400984009,4
854,856,-0.002253152744154584,2,28.108888234706196,28.07366350427974,2
862,863,-0.0010751426956336482,1,27.778173347720383,27.776086020895256,1
865,866,-0.006426018589058273,1,27.823544686218906,27.67257361553799,1
868,871,0.008529870037146774,3,27.644586989959908,27.908036311204825,3
872,886,-0.026833010508047195,14,27.922360444398326,27.201041813628702,14
887,890,-0.004174786974026862,3,27.224760406205228,27.138327591496605,3
891,892,-0.0026073091657851325,1,27.109992830725414,27.06641869076422,1
894,895,0.0012242480975365672,1,27.061090273301215,27.12128085185887,1
896,899,-0.003800952309720952,3,27.34951311101655,27.272908429098504,3
906,909,0.005036695129874581,3,27.593467035902705,27.760040383974694,3
912,913,-0.001897384355660562,1,27.914181849491573,27.889132099398775,1
914,919,-0.01706296826939763,5,27.76917115524622,27.323115840112028,5
924,925,-0.004710842300836446,1,27.172637106222396,27.071803735023348,1
926,933,0.007192212414430248,7,27.07553571540015,27.2973442552152,7
935,938,-0.009803865576190767,3,27.3706431659208,27.12967570275415,3
939,945,-0.022641127783624874,6,27.136702635338583,26.54943378598099,6
948,949,0.0012716490972658249,1,26.520540949792473,26.58078631270007,1
953,954,-0.002988540539828774,1,26.681630012580676,26.628572509631947,1
958,959,-0.00020951264691891419,1,26.755153798760897,26.776303409468557,1
966,969,0.00036258938482854487,3,26.399231668927136,26.435202981766846,3
973,976,-0.0047149238333400074,3,26.233211034613596,26.135756653716072,3
977,978,-0.0038504736523069494,1,26.187764442010113,26.113116909455343,1
980,982,-0.006082367195105763,2,26.181308152710223,26.048245131029933,2
984,985,0.0014390907159379227,1,25.70095399560972,25.76364095389116,1
988,992,0.009723215747142133,4,26.029359999268316,26.3084784423005,4
993,998,-0.0041164188274581395,5,26.32421307389882,26.242175800657304,5
1005,1006,-0.00018347690881133848,1,26.04836072645074,26.069629814471497,1
1011,1012,-0.00017106818050051614,1,26.277161751292823,26.298943726794604,1
1016,1017,-0.0021098144037293856,1,26.931924070416674,26.90203463316318,1
1020,1022,0.008899643389754304,2,27.364722057542473,27.635623047371887,2
1024,1026,-0.0034930223295300544,2,27.69720963255861,27.628159870478967,2
1027,1030,0.007806157054477057,3,27.54903036453973,27.791631452628422,3
1032,1034,0.009601265882577863,2,27.93771183963129,28.233886950994066,2
1036,1037,-0.0005137536142352408,1,28.262353071812168,28.276095538846544,1
1038,1039,-0.001590492317562868,1,28.40804101674584,28.39126628676844,1
1046,1048,-0.010361166358798721,2,28.356661126096196,28.09120970391473,2
1051,1053,-0.0012336743711297124,2,27.76865925575573,27.762170431767025,2
1054,1060,0.026769872503161284,6,27.845846927364306,28.61912254627976,6
1061,1065,0.008096483670475184,4,29.080189709972704,29.34471718080379,4
1067,1069,0.00033878979317008553,2,29.29788021818654,29.337103921184166,2
1073,1074,-0.005679804624358606,1,28.775464655658006,28.64080110309439,1
1075,1078,0.009160679657369403,3,28.632608967144737,28.923535734614617,3
1081,1082,-0.0008877794046956148,1,29.225814996262027,29.229094734619164,1
1088,1089,-0.0008343348598063891,1,28.437359696377168,28.442070775558005,1
1090,1092,-0.0062831603053456215,2,28.488119820387364,28.337612516578364,2
1097,1101,-0.00737745852175242,4,27.965105826661464,27.786759524195514,4
1108,1109,-0.0036875117658762054,1,28.294004308091033,28.217963838609286,1
1110,1111,-0.0049618426719087476,1,28.27416541065506,28.16214761561852,1
1113,1115,-0.020882840726421867,2,27.841905665952805,27.288329490076602,2
1116,1117,-0.0028502149351635293,1,27.11174786668631,27.06158530586498,1
1125,1126,-0.0010242172490058888,1,27.552812029265375,27.55214477595565,1
1129,1131,-0.0020227809178467136,2,27.639671940171215,27.611402611135265,2
1133,1137,0.007659137716628381,4,27.561220763059033,27.79987716928476,4
1138,1139,0.001315839505005259,1,27.78755587502911,27.851907394672043,1
1140,1141,-1.4564419445626132e-05,1,27.860126777817435,27.88758113802305,1
1145,1146,-0.0034984045232995856,1,28.25884724396065,28.188245212183105,1
1148,1149,0.0017829607619462297,1,28.397490012738547,28.47651911318176,1
1154,1155,-0.004112615615748473,1,28.68854720464485,28.599250784622534,1
1157,1159,-0.010120964720680345,2,28.55114485395986,28.290730869011856,2
1165,1167,-0.0017679343842553433,2,27.964181560887436,27.94270690433927,2
1168,1169,-0.001790879979776895,1,27.80883321346245,27.786839764012967,1
1170,1171,-0.003728069134293905,1,27.778721488026584,27.70293921534495,1
1173,1176,-0.01820759745686034,3,27.674330764837542,27.19812202114821,3
1178,1180,-0.0050603484753500355,2,26.98179346026665,26.872237976328048,2
1181,1183,-0.0018947672809864128,2,26.70249289411543,26.678600377153003,2
1184,1185,-0.002372743094720739,1,26.728209595600337,26.691518630443728,1
1186,1195,0.01120207633404893,9,26.685247647862564,27.010863076654783,9
1196,1197,-0.0032134964155626864,1,26.96122300303962,26.901544432563206,1
1199,1200,-0.0019237891740379615,1,26.842781504343925,26.817984433389146,1
1204,1205,-0.003886725768632967,1,27.023100609153627,26.94509232827682,1
1211,1212,0.0011042384728174558,1,27.58418954208265,27.64223325495859,1
1216,1220,0.010166549093690195,4,27.44672693474895,27.75321215852693,4
1221,1224,0.002349695384074333,3,27.92939685282751,28.022951824545405,3
1225,1227,-0.013316024690301544,2,27.92074638612629,27.57687378426311,2
1235,1236,-0.005845068469021877,1,27.748119543568627,27.613678004493433,1
1239,1243,0.0024130436340602524,4,27.49650440914441,27.59035117847695,4
1244,1246,-0.004944051932018925,2,27.620132854451334,27.511197616104116,2
1247,1249,-0.014811203454087634,2,27.34479732356859,26.967132764321992,2
1251,1252,-0.003823395326796176,1,26.791347863802805,26.715705297445574,1
1253,1257,-0.010141161181410969,4,26.63093786398657,26.38750016855973,4
1258,1259,-0.002487544453824941,1,26.359571494476857,26.320360460095046,1
1260,1261,-2.729012282546271e-05,1,26.499211468647147,26.524987513380037,1
1269,1270,-0.0015236934660934312,1,27.10804965427244,27.09385334578996,1
1272,1279,-0.020176507708697323,7,26.957356708214505,26.440408749493326,7
1281,1285,-0.024018783289250896,4,26.56287752824745,25.95143240688581,4
1287,1291,0.006930464535034399,4,26.01112726643712,26.217407588739867,4
1293,1294,-0.0011590723544849166,1,26.0923484522914,26.088197880989053,1
1297,1299,-0.003999420268754904,2,25.996526704814425,25.918552195698776,2
1301,1302,-0.004192389690269655,1,25.837950548492948,25.755465741544242,1
1307,1308,0.004132354158054052,1,25.420422847017928,25.550889459916313,1
1310,1313,0.015426681790267724,3,25.69604865024074,26.118149464685484,3
1314,1316,0.006144466458807865,2,26.31405034254744,26.50205019261515,2
1317,1319,-0.02465668991375456,2,26.336868659569458,25.713825524390742,2
1320,1322,-0.0027746967480669353,2,25.63380326790625,25.588311040606108,2
1324,1325,-0.007798486853926081,1,25.483357746482792,25.310109473849433,1
1326,1327,9.404250618303832e-05,1,25.347863624646724,25.37559526489302,1
1334,1339,0.006617982354068773,5,25.972554816508843,26.17041328079109,5
1340,1342,0.005171758689009546,2,26.253104131133576,26.41513195466837,2
1343,1344,-0.0011609098322720526,1,26.442720528545664,26.4384656348206,1
1345,1348,-0.006280023780232277,3,26.43815923144018,26.29856512199261,3
1351,1352,-0.007473004123555915,1,26.175762848827524,26.006327027969842,1
1358,1361,0.0054321703945959384,3,25.696262967702665,25.861545709615275,3
1367,1369,0.0017794483630800134,2,26.01194583478489,26.084244695055908,2
1372,1373,0.00862932685407081,1,26.362770210451654,26.616625941586854,1
1377,1378,-0.0011920716583281837,1,26.631454912480255,26.626339764771522,1
1382,1385,-0.004098296929740094,3,26.6826872154134,26.600016327536668,3
1391,1393,0.011359659209338041,2,26.62743885746426,26.956544927360003,2
1395,1399,0.0009767866011693386,4,27.257603507520187,27.31148597291384,4
1402,1403,0.00033349189275926213,1,27.425800847396236,27.46237293047867,1
1406,1410,-0.012319556751167863,4,27.4407757296228,27.130158311455265,4
1413,1415,0.0010383957375753178,2,27.003388980583917,27.058432573582028,2
1417,1419,-0.00946418506274337,2,27.185315513033384,26.955213971542,2
1425,1427,0.012318026850019974,2,27.441158873803957,27.806620964480942,2
1431,1432,0.0010112499612867946,1,27.985033406415027,28.04131830377029,1
1446,1447,-0.00538180142006953,1,27.774184270114006,27.652483310037947,1
1448,1449,-0.0021545359542302182,1,27.60764469194409,27.575770673535626,1
1451,1452,0.0029331782313154016,1,27.574823235983356,27.683279930467496,1
1453,1454,0.0009593986591824926,1,27.75840754752487,27.812797334054533,1
1458,1459,-0.00901089338220017,1,27.65205210670782,27.43053446548194,1
1461,1468,-0.016452996964435484,7,27.427671596575976,27.003831870652554,7
1469,1470,-0.002624267684502658,1,27.077808619148815,27.033827009641584,1
1474,1477,-0.021843215319334128,3,27.023827575942402,26.460564119024475,3
1480,1481,-0.0038238282410629114,1,26.439137679971196,26.364478096321143,1
1496,1499,0.008885689236793913,3,25.375934208570385,25.62679280824964,3
1500,1501,-0.0018184861189167265,1,25.656824892610857,25.635825137580778,1
1502,1505,-0.005984985851189524,3,25.72396979942961,25.595736173943028,3
1511,1517,-0.00522506943482648,6,25.797530926553648,25.688534567141875,6
1519,1521,-0.0045543296315409595,2,25.78731605351671,25.695659431949785,2
1522,1523,-0.0021140969209071494,1,25.859980124527777,25.83116960029632,1
1529,1531,-0.011975316283189642,2,25.627710022918635,25.346437799803233,2
1532,1534,-0.0018577428969907663,2,25.369903110997548,25.348142256806746,2
1536,1544,0.016710650939545074,8,25.317157670988266,25.765541013280565,8
1545,1546,0.0016851151907065435,1,25.709658265938554,25.7786916598963,1
1547,1548,-0.003207812499207437,1,25.743399910309222,25.686563310215146,1
1550,1551,-0.0018280385372324189,1,25.747768987153105,25.726448842183984,1
1552,1560,-0.009124155043544475,8,25.855180362014003,25.645128868074195,8
1561,1562,0.0006303984999125002,1,25.750086443617597,25.79206934592789,1
1563,1565,0.001849052656772517,2,25.850756458692665,25.924406625060882,2
1566,1570,0.007065111858265361,4,26.031733022754608,26.241681861447624,4
1573,1574,-0.0010689787504750859,1,26.397036129765596,26.39521529519712,1
1576,1578,-0.002621302526733783,2,26.48668987270604,26.44374693549061,2
1586,1589,0.0066276563440893655,3,25.97834315418761,26.17649702815658,3
1591,1599,-0.012229200896242756,8,26.32702123296746,26.03138982254282,8
1607,1611,-0.02163997552219967,4,25.885178525630984,25.350909074474192,4
1612,1613,-0.005207893811180759,1,25.349138466505437,25.242471983633465,1
1614,1615,-0.0019332860619294082,1,25.334655734482585,25.311011253401812,1
1618,1622,-0.0006002852442758987,4,25.54256389392046,25.552773633607885,4
1623,1624,-0.004623166978849876,1,25.508919722251388,25.416496646647595,1
1625,1630,-0.018812261712349503,5,25.415949130453583,24.963233592874182,5
1631,1632,-0.008094121316825367,1,24.841704788814834,24.66547472132622,1
1639,1646,-0.06990536076029724,7,23.57314658924694,21.948830419259508,7
1650,1651,0.005052246580647588,1,23.815866494016483,23.960005990570053,1
1653,1654,0.0006383013050151104,1,24.221928683883334,24.261611501256123,1
1655,1656,0.008140302934257045,1,24.44966918324978,24.673146566227054,1
1658,1660,0.03564593191490381,2,25.031576389960325,25.948881834069525,2
1661,1665,0.03176987821323575,4,26.60202543088017,27.47377056447551,4
1666,1670,-0.04177500985490475,4,27.84050859076767,26.705311578613557,4
1671,1672,0.002754053531063135,1,27.040935394335445,27.1424485133358,1
1679,1681,0.01650987951374374,2,25.655904428668688,26.1051362240308,2
1685,1692,0.028512737477346388,7,26.53654037043088,27.319706319940412,7
1699,1702,-0.009858128850361476,3,27.858436233450195,27.611662615724715,3
1703,1704,0.005255317981429757,1,27.636654514129038,27.80953057605783,1
1705,1713,0.08495449044491238,8,28.190189894072553,30.613263301962878,8
1717,1720,0.009560929595708843,3,30.48042037303158,30.802321946638777,3
1721,1726,0.031437192125389014,5,31.41780113601743,32.436906387623694,5
1733,1734,-0.0034850463374379156,1,31.20465745699806,31.127112437273542,1
1736,1739,0.006612766603865337,3,30.88510142674831,31.120222495446853,3
1740,1744,0.003416156225930984,4,31.015228939703107,31.15219703608385,4
1746,1750,-0.01171359335376488,4,30.556750495502126,30.229377896480862,4
1752,1754,0.0005586794024247054,2,30.3932118960107,30.440585169366543,2
1755,1757,-0.005907371667022027,2,30.451071337403288,30.30163661269165,2
1762,1763,-0.0059050005540127026,1,31.523050983090293,31.368430400554065,1
1765,1767,-0.017496263605089626,2,30.917446012010068,30.407423672599823,2
1769,1770,0.024832023211914016,1,30.573469599548478,31.36324417591276,1
1775,1776,-0.010056894860608637,1,33.809092556577355,33.50288715995985,1
1780,1781,-0.001690007787814651,1,33.52199557634641,33.498865138335645,1
1782,1783,-0.008311638173720097,1,34.145935813770734,33.89627308599737,1
1785,1791,-0.05008305819910326,6,32.716495058621696,31.110669427588693,6
1792,1794,0.024624961533849948,2,31.699808040783175,32.51211440245867,2
1796,1798,0.04546717862679088,2,33.181294097166244,34.72313521704735,2
1805,1806,-0.007829370917751514,1,34.91641895319123,34.67796177704028,1
1813,1814,0.00262274804562701,1,33.17065476131877,33.29082368602751,1
1817,1819,-0.019231872674687057,2,33.00137086809464,32.39969407633741,2
1820,1824,-0.04213274205188437,4,32.245473207306,30.919128475528932,4
1830,1831,0.0056912774405723,1,30.531568119492967,30.735863312476226,1
1832,1834,0.019905475990434195,2,31.29559413982225,31.949843431718676,2
1837,1838,-0.016690550130284584,1,31.25566557845272,30.765246990838598,1
1840,1841,-0.006693300869331708,1,30.028176249594576,29.857216807648314,1
1842,1846,0.006627065621628191,4,29.963223168820463,30.191754638164547,4
1850,1851,0.0009053458668877618,1,30.426823094912493,30.48479671653891,1
1855,1859,-0.007755222696518716,4,30.884114632047417,30.675485559923125,4
1863,1867,-0.008987463612411907,4,30.751173973943583,30.50555009078776,4
1870,1873,-0.021218612596033897,3,30.343248054493724,29.729749677174556,3
1877,1878,0.0047691441968228205,1,29.641521529105407,29.812527741020045,1
1879,1880,0.0016112606109903497,1,29.80660804730174,29.884440868842887,1
1891,1894,0.019700401616256337,3,31.318465215428482,31.966770023392606,3
1897,1899,-0.010258399333572112,2,31.932528992840417,31.63688488769383,2
1900,1901,0.0012655869953711054,1,31.58463652880337,31.65619427057655,1
1902,1903,-0.0007271398317185713,1,31.931762922284634,31.94047582848913,1
1904,1907,0.004520014224967713,3,31.833579513180847,32.00930132492525,3
1911,1914,-0.009661662755755928,3,31.50559282149355,31.23270200155361,3
1916,1917,-0.0012350038873290036,1,31.51235060600783,31.504945081116542,1
1922,1923,7.187873096511444e-05,1,33.11700136903516,33.15249877843597,1
1925,1929,-0.005302272491923724,4,32.76230531762397,32.62135295268395,4
1937,1942,-0.01980596410753554,5,32.10420158314057,31.500451120466945,5
1948,1954,-0.021829320877157107,6,31.375792570897442,30.722256119663097,6
1957,1959,0.01764377052643383,2,30.77613182507667,31.349914964514678,2
1964,1965,-0.001529708307643053,1,33.20924981439426,33.191658598876984,1
1966,1968,0.019295929125519234,2,33.47223842314634,34.151588601854996,2
1974,1975,-0.004989382711626052,1,34.0948615418822,33.958844090691734,1
1976,1979,-0.004089129920528315,3,33.858557623336736,33.753964139916555,3
1982,1987,-0.008528363177501266,5,33.56022431226246,33.30757075532134,5
1989,1990,-0.007688954888895731,1,33.49841136131873,33.2743419988732,1
674,677,-0.010414457981072642,3,27.126380228602347,26.87100006176157,3
678,680,-0.007832050326668883,2,26.67544291156008,26.493194943102118,2
687,689,0.006156269823359615,2,26.164385621441465,26.35162502471093,2
690,693,0.012278925326484245,3,26.354658602121106,26.704620145703657,3
694,698,0.012157986867011552,4,26.76621053637754,27.11839998309486,4
703,704,0.006332714513575616,1,27.16183843331305,27.3610084402084,1
714,716,-0.016444135277788832,2,27.443950647331675,27.020102560977325,2
719,721,0.0022203065904645458,2,26.69480354832779,26.780769000125627,2
723,724,-0.006741321395710105,1,26.78906351582341,26.635258892288977,1
725,728,-0.011606311149333602,3,26.536021683587645,26.25457238094605,3
731,736,0.018736364070756798,5,25.979171599076505,26.491905988012544,5
737,742,-0.013674308802434771,5,26.519837834820933,26.18371722071192,5
744,745,-0.0007579258846322227,1,26.260671764225343,26.26702879311163,1
759,763,0.016994153262380213,4,26.421600519680542,26.89703484886906,4
764,770,0.002791652427493249,6,26.921949771054898,27.02402844725717,6
771,776,0.001706332738807347,5,27.120331384928207,27.193728025642542,5
777,778,0.005634043337056768,1,27.24630641010307,27.42705958760242,1
781,790,0.000989394411800312,9,27.836076533477435,27.89145346857958,9
791,795,-0.007061875253997824,4,27.829230625689416,27.66053330122175,4
796,798,0.007752352477854842,2,27.719600597861206,27.962212312839043,2
812,816,-0.005496606723887435,4,28.661361062126367,28.532482193258645,4
820,823,-0.0038455884443332395,3,28.529872265697342,28.44868799085977,3
824,831,-0.021417844221542488,7,28.655255666424416,28.07017712009889,7
838,842,0.0005746110130167995,4,28.61818681401289,28.663249326142807,4
845,850,-0.013797944104730515,5,28.617846287296015,28.25159669011343,5
854,855,0.00023381485371497994,1,28.048776834393642,28.083383831880454,1
856,858,-0.006879978199481643,2,28.105920205622205,27.940658007536776,2
866,870,-0.0005438044452537661,4,27.694923037234343,27.70755733801297,4
871,872,-0.002047830583500561,1,27.93019885144835,27.90093273488855,1
875,876,-0.002547128489346646,1,27.809577406539166,27.76655241705682,1
877,878,-0.003998568189894594,1,27.63787256517509,27.554998519664796,1
880,881,-0.0072067375680332,1,27.31704870513362,27.147498952687673,1
883,885,-0.004701846085234596,2,27.179562316734494,27.0789477603739,2
888,889,-0.0046835075319235624,1,27.286021784584207,27.18551351782446,1
897,898,-0.0027749824558000536,1,27.405296584185585,27.35665266355266,1
901,902,-0.000311450268640744,1,27.422241811257337,27.441123388489746,1
907,910,0.0017881749891364269,3,27.69849599234892,27.775724246111483,3
912,916,-0.02013485695471626,4,27.938273103172342,27.403678243781343,4
920,921,0.0010415652856875781,1,27.276709309032096,27.332396491865207,1
923,929,0.0005561013696032992,6,27.182835221779225,27.225134468897537,6
931,934,-3.4002660952680923e-05,3,27.298195118196634,27.324565102041607,3
936,941,-0.009277384279825114,5,27.245318169422156,27.019798201107747,5
942,944,-0.010094907321572453,2,26.89171796455919,26.64714028195366,2
945,948,-0.004438970195332219,3,26.539641987532082,26.448372949742172,3
954,956,0.0019364563548295395,2,26.649252999614262,26.72750736793644,2
958,959,-0.0013090281752032625,1,26.80698667482857,26.798702560653748,1
962,964,-0.00793544052518959,2,26.714351784412745,26.529075986442958,2
966,970,-0.005805591757056458,4,26.46271086040497,26.33554187522484,4
978,980,-0.003648216141418668,2,26.178294831010536,26.108969048084237,2
981,984,-0.015846196902435303,3,26.128534428398517,25.740625061502453,3
987,990,0.006756242641338731,3,26.005927429397428,26.20763571265288,3
997,999,-0.0046030795210237245,2,26.292080378029283,26.197347921654096,2
1002,1007,0.0011922958154004914,5,26.021338481046097,26.078384952509214,5
1009,1010,0.0020111851765320585,1,26.065058966913334,26.143545686099937,1
1018,1020,0.009916031411663324,2,27.020507379950363,27.315464087268982,2
1028,1030,0.004312591960999346,2,27.61159772556325,27.758286877670425,2
1031,1036,0.017026600612127275,5,27.804477824279807,28.30569804124685,5
1041,1043,-0.0019203483162611086,2,28.441026413062865,28.414850762290865,2
1044,1045,-0.001111216523753787,1,28.41116251651485,28.40800272578396,1
1049,1051,-0.010417963705910568,2,28.04128010405036,27.777188345763143,2
1052,1054,-0.00021645331251294805,2,27.804486338245077,27.826272451412688,2
1057,1063,0.04384558513050472,6,28.23437895661577,29.500566201721615,6
1066,1072,-0.02042212173589691,6,29.284820106307194,28.716046765188654,6
1073,1074,-0.0038322319221294264,1,28.703698989687,28.622403457125213,1
1079,1082,0.0030094091193355035,3,29.088622418048864,29.205250606040696,3
1083,1085,-0.013571174854541613,2,29.072672655707308,28.70719500426356,2
1088,1091,-0.0008803524297810847,3,28.46099288172574,28.464398170370057,3
1093,1095,-0.011584187742710503,2,28.266143333013936,27.96696916521495,2
1096,1103,-0.0031881849272778406,7,28.04967900621782,27.98830112140143,7
1105,1108,0.005935137858110857,3,27.998709589575814,28.192884500428733,3
1109,1113,-0.016030018787635256,4,28.256654315660246,27.831956270420157,4
1116,1117,-0.0020497213045000914,1,27.109422073455388,27.080964735552197,1
1120,1124,0.011196809509034303,4,27.213722201507313,27.545642787230875,4
1127,1128,-0.00016853810062004374,1,27.59206179951123,27.615003547622862,1
1132,1134,-0.0011448860968639265,2,27.54505947113839,27.541068574983733,2
1135,1136,0.001380227516928013,1,27.543570423540583,27.60913038777714,1
1140,1141,-0.001127411783048622,1,27.892814169230427,27.88926029604288,1
1146,1149,0.01015063534393833,3,28.197315898129734,28.511733885387613,3
1150,1157,0.0015313339392649433,7,28.485718848633493,28.557825715539398,7
1159,1173,-0.027992660512622083,14,28.418334495346482,27.651248039979457,14
1174,1176,-0.016147130463220045,2,27.582364278461558,27.16457060825164,2
1178,1193,0.004587246131148889,15,26.948395086487192,27.09896240267484,15
1194,1196,-0.007063258889345534,2,27.11807839107493,26.953654461208277,2
1198,1200,-0.0009447260980070436,2,26.8705199495217,26.87200518800789,2
1203,1204,0.0009445684130064398,1,26.96056164902428,27.012988305603887,1
1208,1211,0.01243607700278317,3,27.158116509367677,27.523015054038098,3
1212,1214,-0.0036675256593312524,2,27.65719524331094,27.583418965334275,2
1215,1216,-0.003988537429557473,1,27.53331258532548,27.451028250104528,1
1217,1218,0.004954327045235217,1,27.474849208270026,27.638443445974588,1
1220,1221,0.005088770449194981,1,27.723402861417533,27.89220429751126,1
1223,1225,-0.003619704687625282,2,28.0252819752218,27.951864012659293,2
1228,1230,-0.0021716190985124886,2,27.623475328598673,27.591111137336398,2
1231,1234,0.0013051886882374099,3,27.690831379001104,27.754663970263866,3
1237,1241,-0.00455685624291542,4,27.57109951484245,27.473033077409042,4
1243,1248,-0.01941869702280035,5,27.532239319544104,27.02513134515819,5
1250,1251,-0.003454011204741927,1,26.85118461656797,26.785291508658318,1
1253,1254,0.0002799552831338917,1,26.563516966918428,26.597517080798852,1
1257,1262,0.010493203748858607,5,26.356599632205334,26.659521401905362,5
1263,1269,0.0057187061000627286,6,26.903093876137778,27.083847857073945,6
1271,1272,-0.00341976350002459,1,26.98384326038067,26.918548741368816,1
1273,1274,-0.007457258498761511,1,26.899088004411347,26.725393639785928,1
1275,1276,-0.006118746782376058,1,26.683881988810434,26.547293953738908,1
1279,1280,0.0019063682049578132,1,26.486969299831486,26.56395018525021,1
1282,1283,-0.009332009475967039,1,26.42222497588951,26.202074747014265,1
1284,1285,-0.009202781453805903,1,26.12783244639245,25.913511546973034,1
1286,1288,0.003112589318295435,2,25.98331643732138,26.0901751469554,2
1291,1292,-0.0026424903279312203,1,26.15077355109765,26.107821158472053,1
1296,1298,0.001412460787190466,2,25.971432967527907,26.034088031149214,2
1299,1300,-0.002702827548145716,1,25.969189103998865,25.92496805338957,1
1311,1317,0.018499554698430475,6,25.838175429790958,26.34200834489181,6
1320,1322,-0.0006912766563516284,2,25.62435493369462,25.63226577022858,2
1326,1327,0.0013564674017258731,1,25.286101100963375,25.34568697392454,1
1328,1329,-0.0017642395716584744,1,25.365395643651585,25.346010404549933,1
1330,1332,0.010392100644236821,2,25.53582166707478,25.82672831753938,2
1333,1334,-0.0009573248461456833,1,25.944484956908322,25.94559214179553,1
1342,1350,-0.009187274330500098,8,26.46389009430329,26.247222966249026,8
1352,1353,-0.006466138338701135,1,25.998231485925338,25.856121556061694,1
1360,1362,0.0036747116866332726,2,25.80007467561698,25.920682586219097,2
1366,1368,0.004786728032176101,2,25.888587161225626,26.038397374264925,2
1371,1372,0.004020664436660402,1,26.1973627697054,26.32889093729755,1
1375,1377,-0.004051267612239927,2,26.723914488469003,26.642372673718068,2
1381,1387,-0.007269122703897394,6,26.61543232927008,26.44857691818061,6
1393,1394,0.0035830753691328664,1,27.007949627118673,27.131729095825502,1
1395,1399,0.0015660946710857036,4,27.276956903943745,27.34695215769839,4
1405,1406,-0.0018513570198939457,1,27.422606189843087,27.399259761559577,1
1408,1410,-0.004502010998495827,2,27.299286987818533,27.2036845845361,2
1413,1415,0.002837533056331224,2,26.929722914357573,27.03306661623926,2
1420,1421,-0.00489006568119491,1,27.00370007244859,26.89865390553148,1
1422,1428,0.02783350223301111,6,27.09563021343971,27.876892127703766,6
1429,1434,0.0010529830535357973,5,27.850961515683974,27.90813906770035,5
1435,1438,-0.0035155248181458596,3,27.90341898899947,27.83322724602152,3
1440,1442,0.002422463387045732,2,27.973677492820624,28.069416379840828,2
1447,1451,-0.004951192052879975,4,27.673146967158637,27.56380504878382,4
1453,1456,0.004493976712551059,3,27.74090064618323,27.893308508318555,3
1457,1459,-0.01775982401518196,2,27.88863361759932,27.42122502614447,2
1462,1466,-0.012013687136284954,4,27.242269442099808,26.942231609582144,4
1471,1473,0.0007267307489857051,2,27.00749589292061,27.05413056653202,2
1474,1476,-0.01652176000748956,2,26.95823148544651,26.53979228610306,2
1477,1479,-0.0037499857769968097,2,26.4488448263606,26.37611087927011,2
1481,1484,-0.01935261041667892,3,26.39510077204003,25.9106817706618,3
1485,1487,0.003257678522902067,2,25.895534416294094,26.00578927701742,2
1492,1495,-0.020984856470932848,3,25.8233301481442,25.307254601532026,3
1496,1501,0.00667890141172128,5,25.429881136748737,25.62515468690962,5
1502,1503,-0.0016342754966059728,1,25.79116142117354,25.77480271945508,1
1504,1509,0.002273082590153141,5,25.77249276414163,25.85684826151279,5
1514,1515,0.005574844800050834,1,25.682819287612304,25.851679838456107,1
1516,1517,-0.006050255525419198,1,25.804752169193502,25.67443157696896,1
1519,1520,-0.0025694895884827837,1,25.741380168169268,25.70097934000215,1
1522,1530,-0.014962615410102773,8,25.852890150360594,25.491916187951475,8
1532,1543,0.011830381257662944,11,25.393747738186192,25.719559203228037,11
1548,1551,0.0018118387312142715,3,25.69439954379181,25.76664805160434,3
1555,1562,-0.004793947223898764,7,25.900223922626882,25.801959839977275,7
1565,1572,0.014357031473071807,7,25.987960114162853,26.387058035556986,7
1575,1576,-0.0005214494292510261,1,26.468031821672174,26.480698113407037,1
1577,1579,-0.008194870314009872,2,26.477466054857413,26.286964120349115,2
1587,1589,0.004845565439006814,2,26.03367396939379,26.18585551419965,2
1590,1592,0.0027196412672111266,2,26.28730465892367,26.385084002136754,2
1593,1595,-0.0027513879589004583,2,26.43855707767492,26.392252907158376,2
1598,1604,0.0017878058876811074,6,26.05884228819707,26.13148928215426,6
1605,1606,-0.0075444803595666595,1,26.20360632582447,26.032117338875295,1
1610,1614,-0.0090681916791669,4,25.46657915806755,25.261109916007584,4
1617,1620,0.0004910199268804809,3,25.538574553722245,25.576653077285968,3
1624,1629,-0.015882273028554775,5,25.42280113027256,25.044452062701193,5
1633,1635,-0.019520336486120497,2,24.418938883019962,23.96669191827242,2
1636,1643,-0.03801567837406354,7,23.78790266049686,22.90737730642238,7
1644,1645,-0.016802544131543258,1,22.67083272344487,22.3125758888338,1
1654,1662,0.11292957369121048,8,24.286325980964623,27.05325674650169,8
1665,1667,0.0010653667766469164,2,27.5121379396821,27.568960595337245,2
1668,1673,-0.017057468254243948,5,27.30270193587456,26.86428966628417,5
1675,1676,-0.009662132163466387,1,26.656583364973756,26.425680516839893,1
1677,1678,-0.01707884626356291,1,26.16164510677418,25.740996037100466,1
1679,1682,0.021425677811069802,3,25.67870843408467,26.254570876031853,3
1683,1684,0.003104283763110831,1,26.339118823040838,26.44722204076089,1
1688,1690,0.01399884060665604,2,26.60863364398306,27.00773229877007,2
1691,1693,0.013330392888808478,2,27.085367923682917,27.473511887567224,2
1694,1695,0.0045227579724869005,1,27.744283134906162,27.8975080957804,1
1697,1702,-0.016466270488437854,5,28.09067248695206,27.65621454806674,5
1706,1707,0.01967884005612803,1,28.9262302077487,29.524391095641473,1
1711,1712,0.0048049116091948806,1,30.384315572924105,30.560693839130813,1
1714,1716,0.0009308956887267097,2,30.704428994692428,30.763716044263095,2
1717,1718,-0.0034265209058903993,1,30.393011106586748,30.319261829743656,1
1719,1725,0.06132750051576033,6,30.494571200876607,32.39522160312713,6
1728,1730,-0.002193792587125494,2,31.91927735926469,31.881172362566797,2
1731,1732,-0.011222794270610674,1,31.726212201108925,31.40188166079125,1
1734,1735,-0.006626931975297848,1,31.146043495979065,30.970786827927522,1
1738,1742,-0.003556416931927118,4,31.22207405281745,31.142257414058946,4
1746,1750,-0.011920301517595686,4,30.54771397213143,30.214123724882484,4
1754,1756,-0.006493254821789726,2,30.5181962040317,30.350551975581578,2
1760,1761,0.008291039543161596,1,31.00441186905091,31.29247508573873,1
1762,1766,-0.026184979344980253,4,31.462002194503267,30.66963231908298,4
1773,1774,0.004656544879451942,1,33.89958787361726,34.0913424138193,1
1775,1778,-0.008457826827325553,3,33.876155051783684,33.62351255383185,3
1781,1786,-0.04971480796920127,5,33.5309202460811,31.89746790526266,5
1791,1794,0.0435898754533521,3,31.122490345168625,32.51023831345785,3
1796,1797,0.02392704775306475,1,33.21696221211971,34.044963015392966,1
1801,1803,0.0007819750855123458,2,34.973618577235726,35.03594069419057,2
1808,1809,-0.011507017625577227,1,34.223006711796806,33.86342497707571,1
1812,1813,-0.007198622943430221,1,33.32264767663209,33.116093148207874,1
1818,1819,-0.010555994984138756,1,32.782048174218104,32.46878308629548,1
1821,1824,-0.031584228106710424,3,31.946022335537545,30.9689779013254,3
1826,1833,0.054729129328936865,7,29.840526544510727,31.50351310755334,7
1834,1835,-0.003232244962845745,1,31.918634742523164,31.847384530898253,1
1836,1838,-0.02651556133198249,2,31.620863521117116,30.814039438573804,2
1848,1849,-0.0009626059148013493,1,30.18015482276818,30.18128338204893,1
1853,1857,0.023957575513319146,4,30.22254191625739,30.97682328833684,4
1862,1863,-0.0008226166075800107,1,30.79875955838322,30.804222746836015,1
1864,1867,-0.011277874503524011,3,30.832385984492443,30.515494590699618,3
1869,1870,-0.003437254138399649,1,30.442628981685257,30.36843255821588,1
1872,1874,-0.008571405541240855,2,29.874636835822105,29.648443844940804,2
1875,1878,0.005081435367472366,3,29.53990118201251,29.71954618181244,3
1887,1888,0.011444477775894638,1,30.682600380646612,31.064429319190225,1
1889,1890,8.227464956658912e-05,1,31.228750873138715,31.262548958546343,1
1894,1895,-9.038216769881259e-05,1,31.972409047622428,32.00149172103377,1
1897,1898,-0.0053996882187556635,1,31.86384974391004,31.72365873958756,1
1899,1902,0.004205199477222137,3,31.657156177124776,31.821937989908285,3
1904,1908,-0.0019700868426309835,4,31.87827494033922,31.847350245253825,4
1909,1910,-0.005453694088760767,1,31.762161194904927,31.620702245344912,1
1912,1916,0.007504167426732909,4,31.237066001331574,31.502711240526803,4
1923,1924,-0.0028832291237906025,1,33.149531490267265,33.08710332712478,1
1928,1929,-0.0029482103597319176,1,32.65447218786908,32.5908544068611,1
1933,1938,-0.021870409010831683,5,32.541332062813176,31.862181152904974,5
1946,1948,-0.0009184216049898953,2,31.36313945778523,31.365698012364675,2
1954,1956,-0.002542214072439786,2,30.73304447281492,30.685647539140028,2
1961,1962,0.010193521119392937,1,31.99778247908911,32.355950333042536,1
1963,1968,0.032949064001662164,5,32.936282156787925,34.05443810770552,5
1969,1970,-0.004396803816532816,1,34.3995939321816,34.28274526022559,1
1973,1974,-0.006867940476066552,1,34.22946218519273,34.02860573856225,1
1975,1977,-0.003363708876656899,2,33.8696857217385,33.789627644948446,2
1978,1979,-0.0037138725282873817,1,33.86655472736884,33.774645214866496,1
1980,1981,-0.004621102624082517,1,33.76320591993839,33.640945886384266,1
1982,1983,-0.007082802250687106,1,33.55428892845004,33.35018482423586,1
1986,1987,0.005786587957060196,1,33.15686194737657,33.38188390736254,1
1990,1991,-0.0027487382531112773,1,33.26502937634923,33.20685754698794,1
1992,1993,0.0005205235621923284,1,33.36333616764853,33.41406590640478,1
1994,1999,-0.012376107820939446,5,33.60080894413954,33.21856251872022,5
675,676,-0.0059157789845314035,1,27.10610357719112,26.972855962873833,1
687,688,0.0007329752431999618,1,26.19426524677287,26.23965925995934,1
693,694,-0.0014933251249381108,1,26.765286308533785,26.752082320321623,1
704,711,0.0006517408732240797,7,27.389533821631346,27.434774234143088,7
713,715,-0.005383498459456912,2,27.351522208343173,27.2316268528791,2
718,719,-0.010475547245129616,1,26.850188931158833,26.59576869740098,1
720,723,0.0045688848179311105,3,26.668463467676514,26.816977068999208,3
724,728,-0.016861208401953345,4,26.629739691502245,26.20735984056556,4
729,733,-0.011063383102593416,4,26.174683450821014,25.91127758366629,4
736,737,0.0016009905456772894,1,26.499356620211802,26.568281196247504,1
741,742,-0.005661155776376296,1,26.279212444931495,26.156720942045183,1
743,744,-0.002759662447691118,1,26.278398848857385,26.2321577372176,1
748,749,0.0017947266785719156,1,26.309026291974007,26.382552829639437,1
751,756,0.0011497162992009096,5,26.286167133510105,26.34267493544053,5
757,758,-0.0008763864747832617,1,26.36118286697606,26.36444146571913,1
761,762,0.0033868273193814347,1,26.704746455098878,26.82189556640526,1
763,765,-0.004305574165498209,2,26.980641324403248,26.891454813472727,2
766,767,-0.003558299945360163,1,26.9876116165451,26.91856921122109,1
768,770,-0.0003840162422502503,2,26.97392685182724,26.990542352650696,2
771,773,0.0014920149346488911,2,27.12720958147945,27.194810992891846,2
778,780,0.009449669388849061,2,27.449000280800554,27.735833258789345,2
783,784,0.0038384758568810115,1,27.8079186657253,27.942466608819522,1
785,786,0.004379561504810478,1,28.064758575700473,28.21573467057611,1
787,789,-0.007322665959993326,2,28.270982694164196,28.092234714228244,2
791,792,-0.006273395612720935,1,27.868731544870265,27.72176869820945,1
797,800,0.007367901095715086,3,27.8333318335312,28.066238401478408,3
801,805,0.011514960799928746,4,28.076529790494643,28.427906460220715,4
806,808,-0.00414539613683424,2,28.587750360145535,28.49783056060195,2
809,810,-0.00034212343828249716,1,28.599630857454045,28.618445884268937,1
812,814,-0.00485141991421068,2,28.674656150136677,28.564218008406897,2
820,821,-0.0005880040175073055,1,28.47507506793794,28.48680668446711,1
823,830,-0.013602642922858992,7,28.506746485894674,28.147486139040478,7
831,832,-0.008141146427929506,1,28.137103660679227,27.936172483380485,1
837,838,0.0007366002850652381,1,28.547481523476346,28.59705708802791,1
844,845,-0.004021693290159516,1,28.668679600682502,28.582051643895387,1
850,852,-0.009886606113843253,2,28.335841112408307,28.084031653537888,2
854,857,-0.004105159955181688,3,28.103318939169867,28.016053638592258,3
859,863,-0.006521825682071744,4,27.919980080348118,27.76581081729752,4
864,866,-0.012218513300987149,2,27.9569379574216,27.643302677091395,2
867,871,0.00662574478899241,4,27.67842825279615,27.88949688281241,4
874,875,-0.003971143735331142,1,27.854149588507106,27.771390906454236,1
878,879,-0.005517612487248106,1,27.546175231250935,27.42173228605031,1
887,891,-0.009491052247810657,4,27.257252363122763,27.025809609175727,4
892,896,0.00838805331667733,4,27.035970766275845,27.289785901297773,4
901,903,0.001635704299364671,2,27.400368148577634,27.472587416711015,2
905,907,0.0020981729117905074,2,27.565472024835017,27.65087462356308,2
911,913,-0.003985286458118628,2,27.91685753174072,27.83351771499799,2
916,918,-0.007345032739411063,2,27.500331077406678,27.32584057637589,2
920,921,-0.00019260153703128048,1,27.333053916828327,27.355122582549015,1
922,925,-0.007665666744583905,3,27.27122682345879,27.089445913737656,3
927,933,0.0028318703315154646,6,27.167215691377844,27.271316939175517,6
939,941,-0.009627199746752899,2,27.175246818785432,26.94080053631246,2
947,948,0.002329093464904991,1,26.34255583034255,26.43025266080624,1
949,950,0.001737409841798041,1,26.638690921407807,26.711611936108685,1
951,953,-0.0022657746273003912,2,26.6656077842174,26.631855134462594,2
957,958,-0.0008213753282440542,1,26.747428386402706,26.752206137018543,1
959,966,-0.016794612102924985,7,26.831881516450764,26.40808235590678,7
968,969,-0.002170086874669127,1,26.478049696453542,26.447068078036885,1
971,975,-0.006463646611350339,4,26.27971867266841,26.136135576795244,4
976,979,-0.0031290268115738784,3,26.165491367139815,26.10978433448117,3
983,984,-0.0072389405301601754,1,25.916882167594615,25.755188281023823,1
985,987,0.005501862903375182,2,25.740864629330137,25.90822820216438,2
988,989,0.002069037446820658,1,26.01775173194817,26.097601186295602,1
992,994,-0.006352612604522128,2,26.43596737257158,26.294465880400416,2
997,1002,-0.01294662755507385,5,26.274904791892094,25.961008290298334,5
1003,1004,0.00024595364175123975,1,25.96141491349794,25.993761632954428,1
1005,1008,-0.003302641470483879,3,26.053628065388374,25.993635900948448,3
1009,1012,0.006397779227712089,3,26.07934266835848,26.272271887822846,3
1017,1022,0.02496142161014569,5,26.887375597257854,27.585410091128608,5
1024,1028,-0.004226353251146415,4,27.705724626886834,27.61633617216151,4
1030,1038,0.023404091292396467,8,27.73040887711235,28.40714430692488,8
1039,1045,-0.0033271131538627563,6,28.485447772257455,28.419158912052964,6
1046,1047,-0.007070594627577932,1,28.346545677218394,28.17446528931988,1
1048,1057,0.00564324207140945,9,28.075058474646795,28.26156788426285,9
1059,1060,0.009676703136501891,1,28.43172797383196,28.73528509306634,1
1062,1063,0.0011508643657879001,1,29.438503852018876,29.501822080936293,1
1064,1065,-0.004629968043571187,1,29.514861362534997,29.40772335897856,1
1066,1067,-0.00209134478027561,1,29.310347891602664,29.2783601964231,1
1069,1070,-0.006425428050321441,1,29.26135011241275,29.10259476272259,1
1071,1073,-0.008316783167747394,2,28.938028049890224,28.726294773346986,2
1074,1075,-0.0008015546477822763,1,28.63746746925582,28.64315044157438,1
1077,1078,0.0038960892316740334,1,28.75818947573251,28.898992137547086,1
1084,1087,-0.01370339778168662,3,28.79396444506739,28.42818326100996,3
1097,1099,-0.00568599823197538,2,27.90033792262001,27.769596988443098,2
1102,1104,0.003228527771854019,2,27.844291020774076,27.962031378643005,2
1106,1110,0.009343715575238366,4,27.984226744851576,28.2736876268933,4
1111,1118,-0.035328069689979126,7,28.179603804216395,27.212252400989254,7
1119,1123,0.009178593280060893,4,27.18627078946689,27.462988782634472,4
1124,1128,0.0006295962482902231,4,27.587487519283716,27.632443985444894,4
1137,1144,0.014687418187273031,7,27.746690595487152,28.181964534171435,7
1146,1149,0.008107616617652445,3,28.234263657117033,28.491410505987773,3
1150,1153,0.005744935076608894,3,28.472709580983143,28.664756158562014,3
1154,1160,-0.01748312471730476,6,28.756334731387625,28.2823404795976,6
1163,1165,-0.007621002963630419,2,28.151962012435817,27.96556778851947,2
1166,1167,-0.002275117312734428,1,27.941994271030225,27.90636495038291,1
1169,1171,-0.002435397074325411,2,27.777644896957096,27.737772946740353,2
1174,1177,-0.018231397216140807,3,27.543137807486545,27.06853105934684,3
1181,1182,-0.005126432215267901,1,26.751553668945874,26.641165196077868,1
1188,1191,0.007859299960417773,3,26.80735643278387,27.044850844567737,3
1193,1194,-0.004543397291434821,1,27.177420180087204,27.081119783032896,1
1195,1199,-0.005499535771625129,4,26.97787866547666,26.856490735378785,4
1200,1201,-0.00539682636838126,1,26.894755139048982,26.776503570482454,1
1203,1205,-0.0005385007644717731,2,26.942929672432054,26.955363813878773,2
1207,1212,0.021105517179565873,5,27.02597773189355,27.62340094694049,5
1214,1216,-0.005322745034415623,2,27.56578756528181,27.44662769396423,2
1219,1223,0.009177082716955106,4,27.6841644829711,27.965908514864086,4
1226,1229,-0.008098861270917648,3,27.808259727977347,27.61085274998279,3
1231,1232,0.000660487876764686,1,27.662710673026258,27.708644268737267,1
1235,1238,-0.009135392468695366,3,27.71137012654999,27.485927254725226,3
1240,1241,0.003361522990129889,1,27.341344655880786,27.460594559178475,1
1243,1245,-0.001370057523063258,2,27.568376150306833,27.558174265313774,2
1247,1253,-0.029580462522792804,6,27.323181825622452,26.542272651451796,6
1256,1257,-0.00508000558919492,1,26.533737543433308,26.42547974595387,1
1258,1259,-0.0024218526801950023,1,26.39917093300208,26.361635201056064,1
1261,1265,0.010484230369928158,4,26.580767611312595,26.886027269970434,4
1266,1268,0.0039035652360474666,2,26.944087240343038,27.076209329851814,2
1270,1277,-0.024029454052430385,7,27.166520137780438,26.540890010503,7
1280,1284,-0.0177594015994108,4,26.560670542813394,26.115529598436744,4
1291,1293,-0.00555346194222349,2,26.212526288892345,26.09316854802634,2
1294,1295,-0.005495684304383728,1,26.148007574893633,26.030454387648277,1
1297,1298,0.0002578110546222435,1,25.982686199306322,26.01536750923659,1
1302,1303,-0.01113112650658665,1,25.73532016947888,25.474592385154377,1
1305,1306,0.0010795519695307489,1,25.146940040295444,25.199234408983912,1
1315,1316,0.0014408618313146012,1,26.43933086014974,26.50386561369178,1
1320,1324,-0.009796424742591858,4,25.700202102616007,25.474132208950945,4
1325,1329,-0.0015898069758104338,4,25.361324597964728,25.346366311801056,4
1332,1334,0.002350653979337745,2,25.908577745256608,25.995388424377733,2
1336,1339,0.0008539592915140545,3,26.13110888088805,26.179554892995338,3
1340,1343,0.004660838101876846,3,26.22341929343232,26.371865824530072,3
1350,1353,-0.018616573969454327,3,26.26338745582332,25.80071654801937,3
1354,1355,-0.0035244109307281946,1,25.704002474326533,25.63911500951688,1
1357,1358,-0.0018080474309052992,1,25.729530837631046,25.7087401563393,1
1361,1365,-0.0023880312563602664,4,25.896813569072318,25.86086798239831,4
1368,1370,0.001158143997095633,2,26.086465279576014,26.142763628024575,2
1371,1377,0.015364557806020984,6,26.196094261032037,26.62478175985867,6
1378,1379,-0.003848782285930657,1,26.615309609104827,26.53948838655585,1
1380,1381,0.001684047560224789,1,26.540264173304976,26.611499504607057,1
1382,1383,-0.005172655592615966,1,26.69328503163395,26.58190314656141,1
1390,1392,0.006567944201910111,2,26.6082294668627,26.809599062779537,2
1396,1401,-0.0010972313942432563,5,27.293337842167382,27.290684072875436,5
1403,1404,-0.002769194433143271,1,27.513972992708965,27.46529542485661,1
1405,1406,0.0006818639994474679,1,27.41419315505671,27.4603000995981,1
1408,1413,-0.016212917478179847,5,27.334873599059375,26.919030422720407,5
1414,1415,-0.001726504263281542,1,27.014630022912645,26.995003779030025,1
1417,1420,-0.007984711362101347,3,27.147301914282394,26.95768584615131,3
1421,1423,0.009351457049480667,2,26.960845811845708,27.2399298492847,2
1425,1428,0.014240115212982709,3,27.44565114396077,27.863926029490063,3
1435,1436,-0.0021574156094764426,1,27.921778767292544,27.88946166470293,1
1437,1438,0.00038020818317329396,1,27.852242311827304,27.890684204585813,1
1443,1444,0.00029032424551876743,1,28.00584713061546,28.041983754184386,1
1447,1448,-0.002911292322201046,1,27.64066777871442,27.587838382608453,1
1450,1452,0.0031912155082145233,2,27.574903086373677,27.6904754478268,2
1454,1455,0.003617159066019746,1,27.82136773407453,27.949823414336983,1
1465,1466,-0.0004890623815642541,1,26.942770816355623,26.95653689151059,1
1467,1471,-0.002128685113976239,4,27.02701143076703,26.996506445289857,4
1477,1479,-0.005528610356447893,2,26.48858813175446,26.368631637213316,2
1480,1482,-0.01328730634642485,2,26.433687375202275,26.108888560557542,2
1488,1490,-0.0023161127410285115,2,26.08013142994378,26.045807036681133,2
1491,1492,-0.003452933261210342,1,25.90429709038419,25.840755578442913,1
1494,1506,4.411755711245403e-05,12,25.54813112245296,25.574806374709325,12
1508,1511,2.901211007948711e-05,3,25.730464019125083,25.756940978198728,3
1512,1515,0.0019683690331170844,3,25.736172026448152,25.812566482522435,3
1516,1518,-0.004575721454792583,2,25.808035877697666,25.715753530103726,2
1526,1531,-0.0223772898608493,5,25.910104332402746,25.356216521764125,5
1534,1538,-0.0049827943815179045,4,25.36215731359789,25.26114505594612,4
1543,1544,-0.002224031200883874,1,25.71761601789192,25.68613685347367,1
1546,1547,-0.004000937641512712,1,25.77901229956432,25.70165109119354,1
1549,1552,0.004034622230947278,3,25.716163281490815,25.84563444884248,3
1554,1555,-0.005156919352103129,1,25.94950022922506,25.84163024954479,1
1556,1557,-0.0043539079586242795,1,25.853670054078016,25.766959224323998,1
1558,1560,-0.004046008588767169,2,25.753078052717548,25.67463395578178,2
1562,1568,0.01252721187531038,6,25.811416719997606,26.160573222770942,6
1569,1571,0.0038872631720706877,2,26.218292072015338,26.34642776529349,2
1572,1573,-0.002521796541468983,1,26.400122704199116,26.35994708877351,1
1576,1577,-0.0007582920050659611,1,26.512604390484267,26.51901269893197,1
1580,1584,-0.01056462404528655,4,26.208365025127048,25.95769186682007,4
1585,1586,-0.0010044084618829284,1,25.911530913317755,25.911416683321395,1
1588,1589,0.000838870591206796,1,26.120407220326033,26.168439268993836,1
1591,1592,-0.00022021494732728437,1,26.363741666223483,26.38429971790733,1
1593,1595,-0.003833447490810799,2,26.464440519992394,26.38945491740531,2
1600,1601,0.0006212394108214257,1,26.006807520564777,26.048970781866764,1
1606,1609,-0.020464177255032037,3,26.081292559676232,25.573641658254346,3
1611,1615,-0.0004857493753273491,4,25.328103633003913,25.34112862611896,4
1616,1617,0.00299488982107895,1,25.378149612283757,25.479532523847688,1
1622,1623,-0.0006485594551227372,1,25.507628804768785,25.51659321973446,1
1626,1628,-0.006599071327549599,2,25.296108617881337,25.154473901420378,2
1632,1633,-0.014583213322827384,1,24.730806605952715,24.39488278417847,1
1634,1635,-0.012174756856422605,1,24.1740523886892,23.903913231011177,1
1636,1639,-0.010734061646669794,3,23.77897759011028,23.547511556353367,3
1640,1643,-0.021575730327403432,3,23.404919166841314,22.92334586172971,3
1645,1646,-0.017748714589031368,1,22.3460280488851,21.971760802895833,1
1649,1650,0.011569333014596707,1,23.518346402049673,23.813956329929677,1
1652,1654,0.0015639821167508805,2,24.170488855804994,24.232461556984404,2
1655,1656,0.006415645073823098,1,24.46551530729515,24.646942885362236,1
1657,1658,0.005394368173550576,1,24.887287297901356,25.046425775725066,1
1660,1670,0.02268303747787464,10,26.07057196418332,26.6880022970807,10
1671,1673,-0.004219782781465618,2,26.994306650183702,26.907390846433838,2
1674,1676,-0.01452816844933167,2,26.768175070468192,26.406050689033698,2
1678,1679,-0.008659181669989503,1,25.82979619068794,25.63196108916466,1
1681,1682,0.006705185039726943,1,26.04298297942922,26.24364898227218,1
1683,1687,0.0011486605317135288,4,26.389595342228205,26.44629762418794,4
1690,1691,0.0025520687526123568,1,27.020126389463503,27.116103736103152,1
1694,1695,0.006141126096907342,1,27.72929785323439,27.927316265783038,1
1697,1698,-0.005387326717177223,1,28.08859889779032,27.96536503739797,1
1700,1701,-0.0011906532763222304,1,27.814929917460823,27.809626909941386,1
1702,1703,-0.0026286121044752915,1,27.6696705802077,27.62460741977393,1
1708,1710,0.009414404019568678,2,29.797691377623583,30.108016574480573,2
1712,1713,-0.0014263507179161127,1,30.59344723751757,30.580403699324325,1
1714,1715,0.005325322424856487,1,30.705450964804424,30.899672842357433,1
1716,1717,-0.01333086348178679,1,30.751570030095987,30.372376618204267,1
1718,1721,0.034459046441685806,3,30.27489721077043,31.348416196984402,3
1725,1726,-0.00021620247564565435,1,32.42505925408672,32.450473935257115,1
1727,1729,-0.013261387327626939,2,32.27524586497176,31.87950657432695,2
1736,1737,0.003905051636955794,1,30.90197333725543,31.0535491121585,1
1738,1739,-0.0063969650084747245,1,31.264982288417123,31.096246273015954,1
1741,1744,0.0026962178682636375,3,30.983745529521546,31.098268203373497,3
1754,1755,-0.001907673095109804,1,30.476005690308202,30.448343439896696,1
1756,1757,-0.0014463902312703515,1,30.37497894366928,30.361419849793783,1
1758,1763,0.02412957423288483,5,30.48476368249787,31.250832814429153,5
1764,1765,-0.010309754182333784,1,31.152348309134812,30.862327604174325,1
1766,1772,0.08812246255301395,6,30.72114533352516,33.45908945809796,6
1773,1778,-0.006123765954520415,5,33.8616416565012,33.68814252981745,5
1782,1783,-0.007744052865222173,1,34.20467253064034,33.973994410856086,1
1785,1786,-0.025076433823133862,1,32.696479244436446,31.909264625658302,1
1787,1791,-0.027336845988049887,4,31.879015524168615,31.039422802057935,4
1798,1799,0.008650743693151934,1,34.71456265838468,35.04958400502061,1
1800,1801,-0.0008692747271527895,1,35.0386230930522,35.04320352661623,1
1803,1805,-0.010111984442094234,2,35.142132703767984,34.82191813730924,2
1806,1807,-0.006593874808922959,1,34.61103717782601,34.417427368846276,1
1813,1815,0.009977668585423642,2,33.16184222494123,33.525881938568745,2
1816,1820,-0.037749029293227536,4,33.416159805157264,32.18814836961037,4
1823,1824,-0.012867448144768829,1,31.32503025676874,30.953282084563224,1
1825,1826,-0.025076887226320264,1,30.59874349365263,29.862020997288855,1
1827,1828,0.01881802093823282,1,29.867084984607366,30.458991500196294,1
1829,1830,-0.005899717922735145,1,30.722741420421404,30.572208653648207,1
1833,1836,-0.00023469433799854866,3,31.57982973911895,31.60399796162334,3
1840,1848,0.0002501512121996629,8,30.109832881001633,30.147474725076947,8
1852,1853,-0.008760751938770371,1,30.39993537136202,30.164009013990228,1
1859,1861,0.005964428503893451,2,30.677279046089073,30.89092876269955,2
1862,1863,-0.0026630515565885856,1,30.800340108289987,30.749117554729438,1
1864,1866,-0.0036349733353423846,2,30.853717876163156,30.77241915226329,2
1867,1868,-0.005519861922184368,1,30.52837947322186,30.39039541329485,1
1875,1876,-0.001348052016096342,1,29.503933027335346,29.49366412396241,1
1881,1882,0.0074574872418591695,1,30.268311164873452,30.524305020382993,1
1890,1892,0.010362047201718391,2,31.31549300295303,31.671301112597664,2
1897,1902,-0.0037215380196412,5,31.950737458299965,31.863782311551628,5
1904,1908,0.0010987628335443374,4,31.794776159507016,31.86150585401145,4
1919,1924,0.04457607527577192,5,31.619694266993708,33.06079583310311,5
1925,1926,-0.00917802899894253,1,32.747690944560674,32.47987937836765,1
1928,1931,-0.0014266458406535169,3,32.59626583319605,32.58235877195748,3
1932,1933,-0.001253673241096058,1,32.553437575441265,32.545179639422685,1
1934,1935,-0.002283904481687059,1,32.4336397309216,32.391998035513645,1
1942,1943,-0.002629637308228486,1,31.562299668394555,31.510864567321452,1
1948,1950,-0.0077238230088165685,2,31.36176376269169,31.150892813907035,2
1951,1952,-0.0038911358122964766,1,30.91936131624996,30.829969243455217,1
1956,1959,0.018265187733110484,3,30.68900960465673,31.28023913603367,3
1960,1961,0.010273731973837512,1,31.674134914249645,32.031220621776065,1
1962,1963,0.015146325918879502,1,32.37312442277734,32.89583144071994,1
1964,1965,0.0012960720342976152,1,33.147027904277955,33.22313586806905,1
1966,1970,0.0188776591521624,4,33.52678808005483,34.19322214597694,4
1973,1977,-0.015328832639633031,4,34.22312437035852,33.732746948850306,4
1979,1983,-0.015192923690576204,4,33.85438469784853,33.373891999240556,4
1989,1992,-0.005177580765048295,3,33.477852143634756,33.33799571246438,3
1993,1996,0.00840849623998352,3,33.48227981513318,33.79729771887994,3
1998,1999,-0.017524652521268447,1,33.75918915748594,33.20133028725871,1
672,676,-0.002094537530135393,4,26.997325942181636,26.96777635572462,4
677,680,-0.014182201612928897,3,26.826331702287817,26.472701589252953,3
682,684,-0.007159428412109285,2,26.298613463590378,26.13662903662366,2
686,689,0.005753571934587379,3,26.127923393045165,26.304380203181484,3
690,691,0.0027392287462386414,1,26.39089127980599,26.4895728591183,1
692,693,0.001637566202184867,1,26.61693852301204,26.687142460465967,1
695,696,0.002171037453632221,1,26.839684517624043,26.924794162473102,1
700,701,-0.0036270805808548607,1,26.967545463396373,26.896699548396164,1
707,708,0.0010763785183422808,1,27.72367765303546,27.781242501763668,1
709,712,-0.01727130125569466,3,27.731191278383257,27.27996871091339,3
717,722,-0.004617211154949976,5,26.89803792606706,26.800742043234624,5
724,725,-0.006788580230749585,1,26.644009574421787,26.489778587331386,1
727,728,-0.006213073234202182,1,26.312235428539616,26.17506781829507,1
733,744,0.011464542314823616,11,25.910512401512324,26.233475079739737,11
746,749,0.0004574150969558683,3,26.347263126085323,26.38566202512875,3
750,751,-0.0017018085000711576,1,26.37214640653045,26.353638210017227,1
754,756,0.00027063969872167214,2,26.273061153102002,26.306444747610076,2
757,759,0.003724923051140947,2,26.32964810752375,26.454053668795417,2
761,762,0.0024300184241642323,1,26.733109639177062,26.824804697774642,1
764,766,-0.0010108406662947497,2,26.924018743838403,26.923726869535887,2
775,778,0.00849768381009574,3,27.18729717655216,27.44551352878616,3
780,782,-0.0013844747907516088,2,27.7685709242148,27.75789460871924,2
784,785,0.0018920854014536988,1,27.94046623663795,28.02127245115074,1
786,788,4.877760126462561e-05,2,28.195157446631956,28.224727896226113,2
791,793,-0.006313758892801097,2,27.899098188805908,27.75084910770401,2
796,797,0.0037510952206203513,1,27.69875851563523,27.830357954835982,1
807,808,-0.0008301933527526166,1,28.526277234107475,28.531121185603048,1
810,811,-0.001988471118386206,1,28.655318395573453,28.626993440951267,1
812,815,-0.006643735868689201,3,28.70594479712635,28.543936026830195,3
818,820,0.00040278523400807,2,28.455818224885917,28.495735626513405,2
821,828,-0.0027409807106144853,7,28.477941441326372,28.428361894599014,7
831,832,-0.006591493580169768,1,28.05487754625291,27.89800887856059,1
836,837,0.0018078513139309425,1,28.403480299287295,28.48323304876586,1
838,840,0.0008732265730243634,2,28.618285792426178,28.671894325846957,2
847,852,-0.017994362508468455,5,28.593127471746875,28.10720549824116,5
857,863,-0.009784596575853583,6,28.036401307297165,27.790112832373826,6
864,872,-0.0021262382109182333,8,27.937534904210928,27.906070584882944,8
875,876,-0.002696356082148405,1,27.780854042531967,27.73372782180964,1
881,883,-0.0004180076154466616,2,27.170655265230625,27.186468379678313,2
884,886,-0.000716273163200619,2,27.15715136919732,27.164856581851783,2
888,889,-0.001334399220753646,1,27.203961928557963,27.19486494488764,1
895,898,0.008519521888254406,3,27.089519927274235,27.347399205164226,3
899,905,0.009084829329543003,6,27.3192035054289,27.594713010200202,6
906,908,0.002195340871579894,2,27.606263616792393,27.69447503923874,2
909,910,-0.0009227548457849473,1,27.809233565517623,27.811381694052994,1
912,913,-0.0048106966450996045,1,27.975033718834332,27.868429351695422,1
921,922,-0.001918223780430362,1,27.32661185585084,27.301519911006206,1
924,926,-0.00023900773804799464,2,27.10902312256558,27.12965287939093,2
927,928,0.0005715995291325348,1,27.169272183160565,27.211971398530494,1
930,935,-0.0025338003158929135,5,27.355540876555278,27.313582939317396,5
937,940,-0.009777850138045222,3,27.293117753003543,27.053542855567656,3
941,945,-0.02212505487705975,4,27.060933646828015,26.4892699385143,4
950,952,-0.00434156035795028,2,26.729064790782864,26.6397480074729,2
954,957,0.004894300779352523,3,26.597257184150298,26.754029417899474,3
962,963,-0.004763205080864888,1,26.701641385579375,26.60115763304973,1
965,969,-0.0019656600857540277,4,26.49261128454075,26.467028427255872,4
971,973,-0.00864079976325509,2,26.35293951408707,26.151581980086757,2
977,979,-0.005257480052913968,2,26.161865428822157,26.050481808611927,2
980,982,-0.0031620491441151912,2,26.124139153858806,26.06765748116046,2
983,984,-0.007156058565721152,1,25.91036415683619,25.750858437627546,1
985,986,0.0012963269459218088,1,25.782296194023715,25.84150077550179,1
987,988,-0.003357549804585897,1,26.016309099812148,25.95497435537784,1
989,990,0.003381212367395081,1,26.12315760267309,26.23760870383733,1
996,998,-0.0009235201956168952,2,26.242903821081903,26.244910873232584,2
999,1006,-0.004869122126057837,7,26.22398821085435,26.122524397834255,7
1008,1009,-0.00023724284046826175,1,26.03830006950061,26.05816096930066,1
1011,1012,0.003049212790919943,1,26.273805532855746,26.38019376228553,1
1013,1014,0.0017549328490565922,1,26.498156827369286,26.57115747005246,1
1016,1018,0.0023651838189051324,2,26.875453829864494,26.965894672218486,2
1027,1028,-0.0016793948318138921,1,27.552872716058314,27.534153436733398,1
1032,1035,0.00975085462835414,3,27.939184343117045,28.239554452424684,3
1036,1037,-0.005008978852182667,1,28.34908738911278,28.235436497291147,1
1038,1041,-0.0011895841550137276,3,28.470818905424565,28.46542128927983,3
1042,1044,-0.0031106199972976627,2,28.49294466977694,28.432806890975012,2
1046,1047,-0.0032926099871652954,1,28.27642141250759,28.211594606375982,1
1052,1055,0.004840598608081788,3,27.77891409531169,27.941159582310792,3
1057,1058,0.003069107972111404,1,28.21853281473225,28.333357071569964,1
1059,1071,0.017566399528197833,12,28.403688781676536,28.931043015671733,12
1072,1077,-0.0005919453407998037,5,28.750096888559618,28.761828499547452,5
1078,1080,0.00624732799532981,2,28.98873800272986,29.198828895206326,2
1088,1091,-0.0011433230058780618,3,28.473687748867775,28.469606814351174,3
1092,1099,-0.024464317196934645,7,28.390341668206673,27.72418168597452,7
1100,1104,0.003912484318981573,4,27.836540659974418,27.973287229461235,4
1105,1106,-0.0016990422460358263,1,27.99644065405703,27.976869959301208,1
1107,1108,0.0019920333565904206,1,28.065938514648465,28.14991273886831,1
1110,1114,-0.026133272295224302,4,28.282057694008845,27.571237036916077,4
1116,1118,0.0015475728870236738,2,27.089600628510592,27.158613360592085,2
1121,1124,0.0085232349956363,3,27.29977168584459,27.559753826936106,3
1131,1133,-0.0039085208234966515,2,27.6514822382189,27.571057326328493,2
1138,1139,0.0008829571936929538,1,27.833679826023737,27.886089453679094,1
1143,1153,0.014035276763268083,10,28.224556877276093,28.64892090144654,10
1155,1156,-0.002044532123535493,1,28.599734386431795,28.569861045140584,1
1157,1159,-0.008049968907026524,2,28.573077962995217,28.371638651778056,2
1167,1172,-0.011241581136145862,5,27.9334003800514,27.647318193650655,5
1176,1177,-0.004622118865619533,1,27.206452344430243,27.107907340126904,1
1178,1180,-0.004789396093851585,2,26.943285096360217,26.84118631706054,2
1181,1182,-0.00564125275905557,1,26.74016138520639,26.61605353739971,1
1183,1184,-0.00293462969469025,1,26.754370061977585,26.702610263192952,1
1186,1188,-0.000972879064492722,2,26.72656527796742,26.727290127420655,2
1189,1192,0.0072472038332994015,3,26.853853471018347,27.07532267430339,3
1198,1200,-0.0016854596994217664,2,26.880956077145093,26.862530265072284,2
1202,1205,-0.0006139680089673358,3,26.938110856973445,26.94850982954222,3
1211,1212,0.0010725800133337036,1,27.580823280529206,27.63798674361172,1
1217,1221,0.01257207313548218,4,27.511800068442547,27.885192231060213,4
1224,1225,-0.004603321739448151,1,27.995786581831094,27.89490875542783,1
1229,1231,-0.0019243494406442963,2,27.640100303915798,27.61455119266052,2
1233,1235,0.0014399387363568865,2,27.69172743846204,27.75929355691578,2
1238,1239,-0.004114188077911491,1,27.540097884083938,27.454332839588808,1
1244,1245,-0.001824978999171949,1,27.6225034506846,27.59971546543323,1
1246,1249,-0.021632400358550356,3,27.517899340473456,26.95013902425452,3
1250,1256,-0.015018958116762422,6,26.844452882360258,26.468121621735047,6
1257,1260,-0.0014732506773247594,3,26.42525612088242,26.412750350524732,3
1262,1268,0.007324487261818081,6,26.76283312660337,26.98561999005594,6
1269,1271,-0.006128847870281917,2,27.103396654079717,26.964387455873034,2
1273,1275,-0.011959261908781382,2,26.902117809018453,26.607290454048528,2
1277,1278,-0.00220030243375317,1,26.55908984533127,26.527210905151648,1
1283,1291,-0.0039012255058651717,8,26.23707519554045,26.160955523783844,8
1295,1298,-0.0014089930771575472,3,26.037086507111987,26.026437518981226,3
1304,1308,0.014824721814193222,4,25.12731651793129,25.524949311764736,4
1314,1315,0.0007839278626851096,1,26.334808103194256,26.38178750112801,1
1316,1321,-0.03405581101668503,5,26.577638116083783,25.699092733248673,5
1322,1324,-0.005142720670658971,2,25.68806916997275,25.581650674832986,2
1329,1335,0.023327436739715136,6,25.366475319053603,25.983576642687424,6
1344,1348,-0.004732865120506351,4,26.42600097471416,26.327356277401183,4
1349,1351,-0.00769906673238423,2,26.32952041263515,26.153137198359236,2
1352,1353,-0.009084458749264054,1,26.011382615521786,25.801094665755276,1
1356,1358,0.00052976193511794,2,25.63916466624135,25.678386484395986,2
1360,1362,0.0035812964535740354,2,25.817996354030374,25.93627624916548,2
1368,1370,0.0036067174749747147,2,26.032861088426127,26.15278712452577,2
1374,1379,-0.008301392454810017,5,26.695584090360956,26.50066915410685,5
1380,1383,0.0024421493494460457,3,26.570567955172265,26.662027818373573,3
1385,1389,-0.00564473905401171,4,26.644444758676066,26.520688265532986,4
1390,1391,-0.0007902295156038318,1,26.630786058549607,26.63637241144096,1
1398,1399,-0.004957979654427657,1,27.441378146462334,27.33276573006918,1
1402,1409,-0.008341751237007193,7,27.447273597568394,27.24576254268097,7
1412,1413,-0.006031920338515706,1,27.076967738075094,26.94071859340854,1
1415,1416,-0.0015356909779846958,1,27.113951593872475,27.099426894626124,1
1419,1421,-0.00466741814763595,2,27.040088876353597,26.94092156369477,2
1424,1427,0.015109783300649802,3,27.306472837589943,27.746374197708597,3
1429,1433,0.0036828116615019637,4,27.847488175073963,27.977892717443737,4
1434,1435,-0.0036036591354380917,1,28.000050775964873,27.9271481879693,1
1436,1439,-0.004043009428889317,3,27.878073838466943,27.793240596917215,3
1441,1442,0.001446721472807754,1,28.004843963240525,28.073364016308016,1
1443,1445,-0.004049835661018107,2,28.105252398831215,28.019535997803345,2
1448,1451,-0.003851992488959173,3,27.606222165577528,27.527489427312762,3
1452,1454,0.003838224225480368,2,27.685687351498622,27.819636914741718,2
1457,1458,-0.011191757881979073,1,27.849461268309742,27.565626301919576,1
1462,1464,-0.009787534280348172,2,27.244559600012202,27.005147098574106,2
1467,1468,-0.0016194054635427259,1,27.02188153361524,27.005144032558114,1
1475,1476,-0.01045334908172623,1,26.81147658460345,26.558018337052665,1
1479,1481,-0.0027935949626445335,2,26.379116256123066,26.33180280608707,2
1489,1490,-0.00037797780597808,1,26.026666848124865,26.042856012540813,1
1491,1495,-0.023979894326626387,4,25.928342476198548,25.332511906030927,4
1496,1497,0.00012454613787586232,1,25.432938409184988,25.461538921847872,1
1498,1499,0.0024007684205001206,1,25.51515229754353,25.601923421721267,1
1504,1505,-0.006859995843487351,1,25.698882570860707,25.548287225813194,1
1510,1512,-0.0056551492730945304,2,25.813767830426606,25.693600887874965,2
1515,1517,-0.00729845197299286,2,25.82022249692668,25.657595065597796,2
1520,1521,-0.0018904741097797314,1,25.782314135931266,25.75935565270301,1
1522,1524,0.0007857617719512525,2,25.842646391208163,25.888795201219637,2
1528,1530,-0.00917158191761019,2,25.660436165270703,25.450749809104586,2
1531,1532,9.271942165222508e-05,1,25.38320736227994,25.41094408594853,1
1533,1534,-0.0046552949242407975,1,25.434966821042565,25.341994515923375,1
1536,1539,0.00019982009077513531,3,25.296782239259745,25.327133826822372,3
1540,1542,0.005171429961179109,2,25.474839430288316,25.632055617604625,2
1547,1551,-1.5641903006323845e-05,4,25.752068594183545,25.777417851418566,4
1552,1554,0.002240311631759905,2,25.847774613328788,25.931529458063466,2
1555,1558,-0.005280486725169913,3,25.853404807651945,25.742739651572347,3
1559,1561,0.0006808782109654042,2,25.701546393661307,25.74474756298253,2
1567,1569,0.002206364596189851,2,26.144017878963968,26.227845132293233,2
1574,1580,-0.009894254533477934,6,26.401083473691823,26.16626551731721,6
1581,1582,-0.0028644857246774894,1,25.991235567708586,25.942775280025863,1
1583,1585,-0.0015616100081006865,2,25.949850413465057,25.93527671776414,2
1587,1588,0.0021800893135899384,1,26.036711122563798,26.11951018936569,1
1591,1592,0.0002975767882757918,1,26.378041451959938,26.412268986268177,1
1597,1601,-0.005999311237216607,4,26.13242276359615,26.00177864881841,4
1607,1608,-0.003187091813887259,1,25.907646465999616,25.850984064496743,1
1613,1615,-2.4000962406592395e-05,2,25.244295489456473,25.268933897558906,2
1616,1621,0.005391037526275114,5,25.388924674699545,25.551186245047322,5
1623,1626,-0.012403081019139579,3,25.494467933212242,25.203752449829967,3
1628,1629,-0.007188749997422941,1,25.207263841184208,25.05126238715204,1
1631,1632,-0.008946742181945001,1,24.859717814081755,24.66216404589734,1
1633,1639,-0.03671031472603256,6,24.406576833060086,23.535010292966415,6
1644,1646,-0.03452006810173003,2,22.708872036079686,21.947669098916823,2
1647,1650,0.07002115306159884,3,22.252082932818475,23.832451520729567,3
1652,1654,0.0034283471284190584,2,24.172367264226242,24.27941089738787,2
1655,1656,0.00826741454386739,1,24.419703394994894,24.646010909394597,1
1658,1659,0.013610989802417355,1,25.088235530712705,25.454799484212593,1
1660,1661,0.02045751068309144,1,26.02818190718037,26.586681898515142,1
1662,1663,0.0011801229957172695,1,27.056798462381995,27.11578561090032,1
1664,1665,0.011840661494970772,1,27.172880392846892,27.521798151814767,1
1669,1670,-0.005049262820171814,1,26.818076748690007,26.709483307603023,1
1673,1674,-0.004640259267130933,1,26.87641859222495,26.778581460377314,1
1675,1677,-0.019801234464374845,2,26.654199477190936,26.15306762336005,2
1678,1680,0.0028778613948203372,2,25.795019382730608,25.89504889257354,2
1682,1686,0.005456541911856831,4,26.25327870077975,26.42278409503499,4
1687,1698,0.05208507556360873,11,26.525065609952716,27.933150722186735,11
1699,1701,-0.002457033368467271,2,27.843717488511412,27.803148263028476,2
1703,1705,0.01605711217010334,2,27.690849524668405,28.163175451096127,2
1706,1708,0.028711610419877506,2,28.94118430905997,29.801073502340632,2
1711,1714,0.010074090338035458,3,30.325613784869688,30.66144237147971,3
1718,1727,0.06309497414336526,9,30.293031855774696,32.234662949294716,9
1728,1731,-0.010689076035496688,3,31.976582079051283,31.666758543932055,3
1734,1737,-0.0035564908112759724,3,31.17905734384908,31.099348370245284,3
1740,1742,0.004490627047957891,2,30.978551362054816,31.148643034069867,2
1744,1746,-0.022497608499058904,2,31.188012313769434,30.51754463518419,2
1752,1753,0.0006687418733259309,1,30.467394446396675,30.518236663280515,1
1759,1761,0.015861606520022626,2,30.75181900655031,31.270344078413714,2
1762,1769,-0.029108129165998482,7,31.474198033411774,30.58951720969242,7
1775,1777,-0.011126934211001336,2,33.792187608129794,33.44997634737645,2
1780,1781,-0.0016017173042556557,1,33.54899605746429,33.528809045996105,1
1786,1789,-0.006653115760093692,3,31.99588101548494,31.81500459625822,3
1797,1801,0.02573401647217549,4,34.01839358096478,34.927841875315245,4
1802,1803,0.002173384686667272,1,34.96365618317828,35.07460931429988,1
1804,1806,-0.02293934477077947,2,35.41770440549787,34.6406631775561,2
1815,1817,-0.018952154518399936,2,33.56778026236902,32.965166284259276,2
1819,1821,-0.019850079652117228,2,32.44061645879901,31.829108254586867,2
1822,1825,-0.035259578480559495,3,31.678761065158607,30.593460064279913,3
1828,1829,0.002475351424993534,1,30.542970269395685,30.649117824644964,1
1834,1835,-0.006352246555598006,1,31.951460406144374,31.780448312239262,1
1844,1846,0.011139630215269605,2,29.84189231132741,30.20416184891082,2
1848,1850,0.00445694764698876,2,30.20738222308336,30.372222326427305,2
1851,1852,-0.004100962022855429,1,30.428050471080464,30.333694242140115,1
1855,1859,-0.00737227151276164,4,30.89764837510433,30.700760170552325,4
1860,1861,0.0020080832601206073,1,30.832689543633247,30.925436840913946,1
1868,1869,0.0029040085135318963,1,30.34440478587252,30.462869600494624,1
1870,1874,-0.022898170115303738,4,30.354742611404518,29.690029293893723,4
1879,1880,0.0034043372400701976,1,29.795130366115586,29.926358168359815,1
1881,1882,0.0045911099201759184,1,30.327915578533865,30.497482288183264,1
1883,1884,-0.005146209413685973,1,30.48360700610093,30.35721558776913,1
1885,1886,-0.001376115410959409,1,30.347233046852356,30.335818984823458,1
1887,1888,0.013986873222574157,1,30.588979581998444,31.047412741001764,1
1890,1891,-0.0025902758443322417,1,31.32183392441983,31.27202356852964,1
1895,1903,-0.004451664371891246,8,32.078139211170864,31.967416240939098,8
1906,1907,0.004079893321560777,1,31.845736653465423,32.007509598411545,1
1908,1909,-0.007254760556272552,1,31.99512172954553,31.79499990415843,1
1910,1911,-0.005279409940461235,1,31.61400675695571,31.478717462182185,1
1913,1916,0.01334368443095826,3,31.017443431438664,31.46234785187432,3
1923,1925,-0.014179317473709506,2,33.18402883677008,32.74668598567356,2
1927,1928,-0.003049529850421039,1,32.59461627567865,32.52781263665863,1
1929,1931,-0.004963804190586113,2,32.68776841275298,32.5582004993376,2
1934,1935,-0.0004443765336151406,1,32.37933759744241,32.397328317237545,1
1936,1939,-0.019017141746340224,3,32.27261913047809,31.691158777078616,3
1943,1945,-0.0038385640659564847,2,31.55568058392855,31.46610776294621,2
1948,1954,-0.02083845589772743,6,31.362910022909734,30.740718315595846,6
1955,1956,-8.511917789405228e-05,1,30.63485419296678,30.66288143355594,1
1959,1962,0.029740310493539996,3,31.319895734266275,32.28267905376292,3
1967,1968,0.008448084411987515,1,33.74517414963499,34.06400140349796,1
1977,1979,-0.001064969875552748,2,33.77085310154923,33.76865901342591,2
1980,1981,-0.002458106524995115,1,33.773629852424484,33.724384302363895,1
1982,1984,-0.012225495136089327,2,33.58587584427843,33.208857758347186,2
1985,1987,0.007062048922272837,2,33.13986241330611,33.40703760535958,2
1991,1993,0.0030283390572651125,2,33.29159619715684,33.42570603439655,2
1994,1997,0.005769542535310244,3,33.54479243652828,33.771875335765515,3
1998,2000,-0.0198512338914561,2,33.840862810482925,33.20292079055383,2
672,675,0.0007655764601205164,3,27.01862064077723,27.06632408136551,3
679,682,-0.014728894275943184,3,26.652502188932672,26.28659280419147,3
687,689,0.006369523634403567,2,26.111955898172944,26.304388574305033,2
690,695,0.012825720037361023,5,26.424226357285555,26.78956031310524,5
697,698,-0.002604260576249242,1,27.10676941761162,27.063283096085467,1
699,700,-0.005714614104197868,1,27.107773171366805,26.979970481639683,1
701,702,0.0005063879855687797,1,26.954175625695818,26.994779072019277,1
703,705,0.010617105762250986,2,27.16934781732643,27.484977004411693,2
707,710,-0.004430544906068958,3,27.758084012332574,27.662858658621833,3
712,714,0.0032917847281519804,2,27.29626097613567,27.4134106521287,2
715,716,-0.00611449102033046,1,27.20448073535436,27.065343662920636,1
719,721,-0.00014831520627910674,2,26.682990289669547,26.70571578675026,2
723,725,-0.01586646594280176,2,26.860782544551764,26.46145763565618,2
726,727,-0.0036893303182186084,1,26.37957474063867,26.308631350506957,1
728,730,-0.00790884439918419,2,26.232243002571014,26.051008517424663,2
733,734,0.005435845684579591,1,25.964018018471915,26.131118431790444,1
737,743,-0.013056678619379678,6,26.57913596906189,26.258679868702117,6
745,746,-0.0006439056307386594,1,26.341167218901322,26.350547160227745,1
747,749,-0.003817034670690459,2,26.398065118162577,26.32370085348557,2
755,756,-0.0020551315684986574,1,26.348280672714857,26.320479770001413,1
760,761,0.002533589477249479,1,26.554222886664316,26.64805460923317,1
766,771,0.00445430504664767,5,26.94360248543697,27.090561112448157,5
772,773,-0.00024316062270686586,1,27.195469369498745,27.21605197160155,1
775,777,0.0006076131651407044,2,27.200164970311807,27.24389231361208,2
782,786,0.014470308526256154,4,27.788873154659882,28.218775595959467,4
788,789,-0.0047218465996611645,1,28.24941360379885,28.14427361983513,1
793,794,-0.0017554482315429024,1,27.736614974776806,27.715661398045125,1
795,796,0.0023188357321959024,1,27.63199620022857,27.72370225656979,1
799,800,-0.00030865328018626036,1,28.09122358186647,28.110644357145347,1
802,808,0.006891600899085622,6,28.22346361297174,28.44619192379518,6
810,812,-0.001568940143282223,2,28.679487269880386,28.6631703582838,2
814,815,-0.002335874405605549,1,28.596314585281572,28.55811350053245,1
816,818,-0.007859024689434984,2,28.593043904542466,28.39692351045511,2
823,825,0.0003761416734409783,2,28.51541299325531,28.55465424141071,2
827,831,-0.014442654407967406,4,28.47968151317284,28.096838996942278,4
835,837,0.012031954976798473,2,28.132262766015376,28.498881147777553,2
843,847,-0.00706819408190714,4,28.740767165382437,28.566362612159992,4
848,849,-0.009725071029635917,1,28.612210433364886,28.362566865018888,1
851,853,-0.008169502920730598,2,28.226950897100938,28.024577690200854,2
862,863,-0.00315803206989657,1,27.831233069171738,27.7711723756637,1
865,866,-0.004832222287023841,1,27.80810988582175,27.701543027357296,1
867,868,-0.001969999300323346,1,27.668852132238374,27.642013365029353,1
870,871,0.005152419605031434,1,27.760602651272734,27.931397527271912,1
873,874,-0.0016021345989719767,1,27.88979874456764,27.87300533178517,1
876,877,-0.005388786924558722,1,27.73727799580604,27.615544992815195,1
879,881,-0.011779206655481388,2,27.46162653280274,27.165611985310008,2
883,884,-0.002372868615468266,1,27.1953136498534,27.1579780572557,1
888,890,-0.0073768031574862015,2,27.246925483758872,27.073177203302247,2
893,898,0.00840681350426601,5,27.07266686857371,27.327334396869503,5
902,904,0.0016575301062262422,2,27.44672906966564,27.51966957848571,2
907,908,-0.001969457735328006,1,27.684443482547156,27.65760458466475,1
909,910,-0.0021129840070786216,1,27.789177339039707,27.758248429091484,1
912,914,-0.009201638172767007,2,27.94309331938415,27.7139141785507,2
917,918,-0.003997354743910759,1,27.384954146982228,27.302871724757992,1
919,921,-0.0009093456639657528,2,27.322853501993663,27.325330437136447,2
924,930,0.007558071773495834,6,27.120715479753795,27.352816509378087,6
931,932,-0.0026403875956606893,1,27.289212207797032,27.24444732259601,1
933,935,-0.0009227978815242988,2,27.302446843419137,27.30455465015502,2
941,942,-0.008025102245472805,1,27.06258864336744,26.872471191120614,1
944,945,-0.0038422367022870746,1,26.59372485612345,26.518139195286853,1
953,954,4.297560793044492e-06,1,26.645776566202166,26.67253685461304,1
960,961,-0.001336278813365887,1,26.799467364430885,26.790455271346737,1
962,963,-0.006575265463516985,1,26.71315464918299,26.56422172064581,1
966,972,-0.010883496818678715,6,26.43806409470448,26.176763572332444,6
975,976,-0.0014016042440151307,1,26.21088531648011,26.200358913697617,1
977,979,-0.002671930261863586,2,26.146747683438907,26.103032144737654,2
980,983,-0.009960195861541933,3,26.166728386237423,25.932269374840967,3
988,989,0.004468914070074559,1,25.976075629627815,26.118136555124007,1
997,999,-0.00559548355307636,2,26.31264784067182,26.19172850028212,2
1003,1004,0.00105089708477577,1,25.967193232500193,26.020449273400537,1
1006,1010,0.0007181668813526902,4,26.071239711342614,26.11603445197045,4
1016,1022,0.023381887012594225,6,26.942208159068624,27.59911003427283,6
1024,1026,-0.0064388757478076744,2,27.743911105931396,27.593015420668014,2
1028,1030,0.004448045216224989,2,27.57618190798434,27.726418193909883,2
1031,1033,0.009498882900334314,2,27.783599988689808,28.075296751520792,2
1035,1037,-0.00046889885817895036,2,28.256957184318228,28.271964486543208,2
1039,1041,-0.0017784056912100057,2,28.443070547722854,28.42093029973302,2
1042,1043,-0.0009934654273456966,1,28.43534603985487,28.435531852689518,1
1048,1050,-0.009368708959116408,2,28.122757352522783,27.88740618111167,2
1053,1055,0.0030179031091733272,2,27.7493474495606,27.86084163895572,2
1056,1058,0.006423945140698565,2,28.08611329156756,28.294623055859603,2
1061,1062,0.007890418545434964,1,29.060839676026774,29.319202704028434,1
1063,1064,-0.002858681267837463,1,29.55146083447277,29.496534087782504,1
1066,1068,-0.00170188533584247,2,29.348576968223846,29.327977632422005,2
1075,1078,0.009767125208552864,3,28.630386898202918,28.93865385870518,3
1079,1081,0.003107820921673817,2,29.070524240383147,29.18994074806182,2
1082,1085,-0.01742997229935254,3,29.176552814961024,28.697182860420618,3
1090,1096,-0.020366250215988365,6,28.555535155766027,28.00252151688801,6
1097,1098,-0.007259165245039203,1,27.897993702679635,27.7233755500895,1
1099,1106,0.002453114996359595,7,27.800817796046328,27.896817216888916,7
1108,1114,-0.02154844295165202,6,28.21953803461544,27.63967046718917,6
1115,1116,-0.008556889670734289,1,27.282114541613403,27.075946612038095,1
1118,1119,-0.0022406070365115953,1,27.203247363461173,27.169498823366098,1
1120,1121,0.0028202565018736847,1,27.232300953884927,27.336335328664987,1
1122,1123,-0.0006490615995217409,1,27.507233476604146,27.516886821122007,1
1126,1127,-0.0021671272732395512,1,27.551589453187475,27.51943324171556,1
1128,1129,-0.003331813394707741,1,27.658767829099087,27.594272743794082,1
1130,1135,-0.006201194828028987,5,27.69989031941336,27.555817793147057,5
1137,1138,0.002504180523025842,1,27.711198394430973,27.808303436114443,1
1141,1142,0.0027435136240426135,1,27.897848079050807,28.002284053416204,1
1143,1153,0.017750745008395904,10,28.141320884217713,28.668991616317125,10
1156,1157,-0.0038895510960349584,1,28.649020849263838,28.56623803966852,1
1163,1165,-0.007845902836516535,2,28.127516710541155,27.934958464108295,2
1168,1169,-0.005549124618347236,1,27.864605887958547,27.73784632333309,1
1176,1178,-0.011784550465859796,2,27.246289832373158,26.952450844668487,2
1179,1180,-0.003210298291400243,1,26.908756391143786,26.849280012868736,1
1181,1182,-0.005505125526385758,1,26.717311610909064,26.596946768374355,1
1183,1184,-0.006178501991686148,1,26.7582438001243,26.619676181311334,1
1185,1190,0.007367693506870935,5,26.725877119968615,26.949511068410807,5
1192,1199,-0.008912271812886147,7,27.06947653607843,26.855295479892433,7
1201,1203,0.0009810184786819501,2,26.89581312976464,26.94909423257388,2
1204,1211,0.015752497463921544,7,27.05010930458583,27.503266192109706,7
1212,1213,0.002280994584642799,1,27.604958688791108,27.69553040875832,1
1214,1215,-0.002299640182779351,1,27.55131378252934,27.515506988049204,1
1220,1227,-0.007499936130915679,7,27.73642431061267,27.55613932409371,7
1228,1229,-0.0029977638701698226,1,27.615034961593317,27.55986664247357,1
1234,1237,-0.007995194800874144,3,27.74091853540684,27.54686540629649,3
1241,1245,0.0039355243601970165,4,27.455743660847368,27.591252152512805,4
1247,1248,-0.013316452187328385,1,27.331154573986012,26.994531715451032,1
1254,1257,-0.008701689850524106,3,26.599570057432054,26.394708418692424,3
1258,1259,-0.004397145329800676,1,26.4568256851981,26.36694800338028,1
1273,1278,-0.015729600170482135,5,26.930205601608442,26.53353444058787,5
1284,1295,-0.005709425419517651,11,26.10600167967037,25.98305741175816,11
1298,1299,-0.005437452154422919,1,26.057649880545192,25.94202030594357,1
1300,1306,-0.026099675215726353,6,25.893848433142367,25.24392124738525,6
1308,1312,0.015003764883192928,4,25.505616945800153,25.91380284260152,4
1316,1317,-0.008402331902649985,1,26.543176083853535,26.34669468473037,1
1326,1328,0.0007941707538303151,2,25.334072466392062,25.37952611828668,2
1331,1335,0.009802185452956483,4,25.694256095234337,25.971810214650816,4
1339,1340,-0.00011975734415592399,1,26.226727903941516,26.24981378856578,1
1341,1343,0.0006620394226680203,2,26.361971074569063,26.40578570975423,2
1350,1352,-0.007879681416039137,2,26.208472758100697,26.028166815124024,2
1353,1354,-0.010179305439974105,1,25.847173166158083,25.609914068906015,1
1355,1359,0.0014582566801713886,4,25.656029630899603,25.719098737126437,4
1364,1367,0.0002513743147300384,3,25.89239532989154,25.9247964083542,3
1370,1376,0.020762985157075205,6,26.166136477740924,26.735589717524004,6
1377,1382,-0.0031263229354081532,5,26.691234619825536,26.63448043547904,5
1383,1384,-0.0027316144434459157,1,26.689252698823395,26.643037203365335,1
1385,1387,-0.00503071994466411,2,26.60272398754636,26.49549585738736,2
1388,1390,0.0032481192522303285,2,26.47669574667208,26.58917190760896,2
1393,1394,0.0019514017845475556,1,27.016726626466056,27.09646384164404,1
1395,1397,-0.0004708968884113299,2,27.251715662124127,27.266134629677087,2
1400,1403,0.004331207510706875,3,27.305531091028033,27.451102543464362,3
1410,1415,-0.004604259059876498,5,27.146814387513967,27.048970235810984,5
1419,1421,-0.004079130414379083,2,27.020456147495725,26.937256639161575,2
1422,1429,0.02605057728093631,7,27.05433059865225,27.786165859295092,7
1437,1443,0.004660078913961462,6,27.884996848767017,28.042828131446605,6
1449,1451,-0.003394467297765024,2,27.618271066084922,27.552140019196372,2
1452,1454,0.0007262475556203268,2,27.752384120572724,27.8002916058235,2
1457,1460,-0.015982819802607344,3,27.878385386250205,27.460688561620376,3
1462,1464,-0.008308220183306063,2,27.219333380355906,27.020408498769452,2
1465,1468,-0.0017665549792246697,3,26.9970155041394,26.976320807480498,3
1472,1474,-0.007208061930143322,2,27.08536975570383,26.91722210285959,2
1476,1477,-0.006084035691289352,1,26.564338505290877,26.429284460214486,1
1478,1479,0.000498275689207812,1,26.321101585498777,26.3605378521175,1
1480,1483,-0.020267312124956385,3,26.442025326445037,25.93255857126442,3
1486,1490,0.0019191646210887847,4,25.929662944648246,26.00535589935302,4
1491,1496,-0.021926794647188847,5,25.935029903505065,25.392292858545712,5
1499,1502,0.004057473342920466,3,25.621437545637985,25.75101728303235,3
1503,1504,-0.007604761269496809,1,25.877264990680786,25.70635183310983,1
1505,1506,-0.0029907987584889884,1,25.613463849990616,25.562472597957452,1
1508,1509,0.0008024218396339405,1,25.787959077043404,25.834439857683453,1
1510,1512,-0.0071898471992081605,2,25.81284992362895,25.653072326825594,2
1514,1516,-0.0009988602753441475,2,25.779984309992443,25.78001369207619,2
1517,1520,-0.0003460373526412738,3,25.70215990798769,25.718968160523954,3
1522,1524,0.0002946148831999445,2,25.836015371684216,25.86946306170698,2
1526,1533,-0.019533963536632476,7,25.858705724307345,25.379441415308523,7
1534,1536,-0.0036637785456276857,2,25.365103788916343,25.29753676963581,2
1539,1541,0.006899439529794121,2,25.36588384966924,25.56626011525948,2
1543,1544,0.0009002871897813339,1,25.704405848254275,25.753251601408653,1
1545,1550,-0.00296426588041837,5,25.756617493782322,25.7060246488443,5
1551,1556,-0.00010439881844148192,5,25.814103359457086,25.83722250092669,5
1557,1559,-0.006278944414686266,2,25.809238941481233,25.672993403723797,2
1561,1562,-0.00033230079561312595,1,25.7451522782992,25.76234229599224,1
1563,1564,0.0015291156226889917,1,25.820518140480225,25.885821216295238,1
1569,1570,0.001820039889961625,1,26.183325555481442,26.25716357799975,1
1572,1576,0.003353159307296288,4,26.368761349966103,26.483548768858583,4
1583,1586,-3.277105989466921e-05,3,25.941557690684654,25.966649116034496,3
1587,1597,0.0009637715616609534,10,26.090901315609752,26.14213788563145,10
1602,1603,-0.001226816361451385,1,26.172536860190146,26.166600500609565,1
1606,1607,-0.009418999377150284,1,26.061609949529675,25.84219727159705,1
1609,1610,-0.007129772832713758,1,25.601803534938337,25.444870295161397,1
1612,1615,-0.0011115123419040654,3,25.328441590978304,25.325617157139714,3
1616,1617,0.0019548489782069294,1,25.381666612457096,25.456665604112104,1
1618,1620,-0.0018841525103504065,2,25.61875958730681,25.596108696705627,2
1621,1622,-0.0012294618074092094,1,25.582715723275697,25.5768454670874,1
1626,1629,-0.010390337355848413,3,25.29913249848283,25.06156510951177,3
1632,1633,-0.01439473991747452,1,24.715020106492556,24.383968840110935,1
1634,1635,-0.013523071657012418,1,24.25028196154307,23.94659394283591,1
1637,1640,-0.01559710775232994,3,23.727603063057675,23.381248684441708,3
1646,1649,0.07181563173229077,3,21.966548859528487,23.566056991713285,3
1650,1653,0.015010443493939523,3,23.816863106876674,24.198181647852216,3
1655,1657,0.017023870021981552,2,24.43846356750474,24.878939258382378,2
1658,1661,0.061712958222938916,3,25.044192584042396,26.614787987292683,3
1663,1664,-0.0017692039789994791,1,27.170740312168746,27.149840470608265,1
1665,1666,0.008272956824903165,1,27.510865481389,27.76597254921364,1
1672,1674,-0.0162012815833422,2,27.142134768577144,26.72953953518698,2
1677,1678,-0.015563945700728124,1,26.157257698128596,25.7763048173331,1
1679,1685,0.029800942341334163,6,25.657328317899836,26.44759820805215,6
1686,1688,0.0012489591586522502,2,26.470674859747877,26.530206326409413,2
1689,1696,0.045580454444638825,7,26.74665117696125,27.99252234365634,7
1697,1699,-0.011080268284487098,2,28.081830966445853,27.79875857638446,2
1700,1711,0.08666912539809189,11,27.80337632912414,30.240874015012466,11
1714,1716,0.003503913611868162,2,30.63837605203299,30.776368650979276,2
1717,1722,0.05456823452637754,5,30.412296551723273,32.102254178995175,5
1724,1725,0.0048830814045408835,1,32.21638052018483,32.40591210934474,1
1729,1731,-0.007641094036629587,2,31.917109167250402,31.70514464389332,2
1733,1736,-0.011711698079841036,3,31.243384325977562,30.908714626085253,3
1741,1742,0.0032432731327957627,1,30.983196970549844,31.114667137823098,1
1743,1748,-0.037111468594409315,5,31.42850499948227,30.29357552822423,5
1749,1750,-0.0037377883541506395,1,30.32860074715937,30.245567457236113,1
1753,1758,-0.002969182358896857,5,30.52259149948236,30.462486950753764,5
1761,1762,0.0026144135782886816,1,31.317390849306175,31.43058485202848,1
1766,1767,-0.008367057404814068,1,30.679927876125166,30.453907086286197,1
1772,1775,0.008119532537345136,3,33.49572492595654,33.80119027928076,3
1777,1778,0.0019736624310142574,1,33.52591032372764,33.625605063722865,1
1780,1781,-0.0023615130704469833,1,33.515297834778046,33.46966631871607,1
1782,1784,-0.02430582529467805,2,34.14393602301282,33.34818341518782,2
1790,1791,0.0011058470070189606,1,31.08066328756344,31.14611440932372,1
1792,1794,0.02431946395918189,2,31.72510206752597,32.52836464592606,2
1796,1798,0.04694738998350217,2,33.17300603470427,34.76356509197531,2
1799,1801,-0.004861154931143823,2,35.10018816617411,34.96466090155221,2
1802,1804,0.008079329951965409,2,34.957126460334216,35.27451374564017,2
1806,1813,-0.04223820728965231,7,34.591403232577406,33.16491577563243,7
1814,1817,-0.010849879140007478,3,33.31841643101843,32.990234056036456,3
1824,1828,-0.0169105674332953,4,30.95735027400985,30.464801264919075,4
1831,1833,0.021058119733772116,2,30.799729687486238,31.479113812700625,2
1835,1837,-0.022711716379040233,2,31.84596667708023,31.1545360807711,2
1840,1845,-0.0058459487942160385,5,30.05514865586801,29.909502944479122,5
1849,1851,0.007652481593783149,2,30.21823266586014,30.47969536779815,2
1854,1860,0.008884724056632504,6,30.43231727865195,30.733132337355315,6
1862,1867,-0.010289654517802255,5,30.805817541059014,30.519642138964123,5
1869,1871,-0.01567191284908231,2,30.528523905577174,30.08061206342342,2
1875,1876,-0.002852850783447985,1,29.53332510505768,29.47860426049895,1
1879,1880,0.002010969794512337,1,29.85433176203269,29.94422225320352,1
1883,1886,-0.00865894082872409,3,30.5606731158979,30.326610728817258,3
1887,1888,0.009342170034977029,1,30.681833762469402,30.99915050422576,1
1903,1907,0.0004647340105030347,4,31.957647047175875,32.004456499701526,4
1910,1911,-0.004563950631639576,1,31.60253746738581,31.48990758401751,1
1913,1916,0.011412128704728741,3,31.05682712228177,31.442308457684042,3
1918,1919,0.004592257576710283,1,31.411718754551767,31.587381176754402,1
1920,1921,0.017536132991848,1,31.911905379222127,32.50342870135466,1
1924,1927,-0.020212115462047035,3,33.19196671781786,32.554278820822724,3
1928,1931,-0.004197307084647056,3,32.64487802021544,32.54050232044396,3
1933,1935,-0.006953229977054339,2,32.56074428615829,32.36690268719873,2
1937,1938,-0.008037529140029441,1,32.14020642979449,31.91401879047825,1
1940,1941,-0.0012400763393897692,1,31.644399562835844,31.63680249122661,1
1942,1946,-0.006761571332969033,4,31.537955244241893,31.356247065406208,4
1952,1953,-0.0037635598917357773,1,30.79978524999556,30.714668198804596,1
1960,1964,0.04247760162680229,4,31.721405611406293,33.10057624762123,4
1971,1972,0.0022264760555892283,1,34.12431521638107,34.2344165023401,1
1980,1981,-0.003028512152454405,1,33.777527564142,33.70900943899827,1
1985,1986,0.0026337849660772105,1,33.09770693972606,33.217976889615265,1
1988,1990,-0.007469634385821111,2,33.51225195305315,33.29543993547138,2
1991,1992,0.0005296863613628226,1,33.28684983013038,33.33776827032826,1
1993,1996,0.010664186645536533,3,33.4237126153259,33.81357303765783,3
1998,2000,-0.017491625972445263,2,33.81572276178375,33.25804651000851,2
672,674,-0.0001244407242111462,2,27.035418253982833,27.05908936520994,2
675,677,-0.009900002237722715,2,27.09764998831199,26.856480842778986,2
678,682,-0.01855317292126628,4,26.72717891823535,26.25803212498594,4
685,694,0.020904952428787107,9,26.153403186453563,26.726292239103717,9
700,701,-0.00519250467025558,1,27.043311118726415,26.92993191056198,1
704,707,0.00832359260667457,3,27.38818686607595,27.64354316265072,3
711,713,-0.007229898401362798,2,27.45793035967432,27.286870243221856,2
715,718,-0.01767942933967087,3,27.245977520829797,26.791530163980855,3
719,720,-0.004740456598645247,1,26.678252776205152,26.57846392956807,1
724,726,-0.009570799492897974,2,26.60941278058346,26.381348839017324,2
727,732,-0.015936984261000205,5,26.290378785237067,25.897679811106247,5
734,735,0.003050523222155793,1,26.18551549381255,26.291580532404357,1
740,747,-0.0032865999269671917,7,26.411632838140502,26.351240000421726,7
748,753,-0.004742549726252548,5,26.316726943792077,26.218235284572724,5
757,760,0.00583861021499393,3,26.368300389611754,26.54862291800818,3
764,770,0.0012023749157052824,6,26.94266558077462,27.002003431611953,6
777,778,0.0065720313909122885,1,27.229802544556403,27.435987464192127,1
781,789,0.01251743828567883,8,27.74135280975948,28.116344834326647,8
791,793,-0.004925800888747737,2,27.81226800566577,27.70308257921104,2
794,798,0.0060112825740126045,4,27.724513652835324,27.918898052282422,4
799,800,-0.0023812294105787727,1,28.10973296310285,28.070906973210697,1
802,803,-0.001706974022284316,1,28.21326340322779,28.19331735891784,1
805,807,-0.0004537887984336187,2,28.4861617049477,28.501721165560575,2
809,813,-0.004849127850998992,4,28.647504574620097,28.537236666900306,4
814,821,-0.004621990662288793,7,28.572090798677426,28.46860295260255,7
822,824,0.004699273932107923,2,28.473490793667896,28.635769017504362,2
830,831,-0.003035832742895098,1,28.143897475101777,28.086601207109283,1
834,844,0.02252390228962006,10,28.022932212424074,28.682140931657784,10
846,849,-0.0076213660716762735,3,28.57209733972985,28.38291102380793,3
852,854,-0.004268539853749234,2,28.16946610197801,28.077393079364857,2
857,862,-0.01193639273313472,5,28.048593243343714,27.741842812022558,5
871,872,-0.0005641929476841495,1,27.900329523222656,27.912488683590812,1
874,880,-0.022894970926118852,6,27.871504261898068,27.26125848641661,6
881,883,-0.0018636198825280267,2,27.16950171697,27.146037595088846,2
884,888,0.00038835772185099953,4,27.187063666979366,27.22480903675587,4
894,901,0.012974754898512873,7,27.003046333948735,27.380407287978855,7
902,903,0.0005234835796899045,1,27.418413384039596,27.46018488661133,1
910,911,-0.0008987812739700556,1,27.848892327779176,27.85171115718194,1
914,917,-0.013256998879574874,3,27.694064917140924,27.354618794480654,3
919,920,-0.003328011834654004,1,27.329050040901055,27.265427688975986,1
921,922,-0.005309611180906614,1,27.380002699389582,27.26200553362304,1
923,924,-0.0071547286972764015,1,27.233750473497828,27.066134127924126,1
928,939,-0.005866745425985913,11,27.232342931543542,27.099810051142573,11
940,942,-0.006688346692600675,2,27.03162628241954,26.877861020460323,2
945,946,-0.008444253222560885,1,26.545296109500654,26.34768620339367,1
950,953,-0.003829514330333815,3,26.718826009277915,26.643224708194968,3
957,959,0.0019988044347778234,2,26.721910422541615,26.80204420602247,2
961,962,-0.006500548132535864,1,26.798185994164353,26.650781282238803,1
968,969,-0.0036620453926122353,1,26.47642833380317,26.40594687974434,1
973,974,-0.0012164420866308129,1,26.208431173160808,26.20275856563037,1
980,983,-0.009768035093251998,3,26.13842363993917,25.909241024181895,3
984,992,0.020868646486907498,8,25.773855767818457,26.33749510820942,8
994,996,-0.008968607084405441,2,26.38026771296048,26.170053724774473,2
999,1006,-0.006559993706262524,7,26.246175652618657,26.100247081176636,7
1007,1010,0.0013162779047401338,3,26.109633784848693,26.170110952685395,3
1012,1014,0.010576113668428127,2,26.336603502090913,26.64147901787144,2
1015,1018,0.0077594150802911465,3,26.799898503156594,27.034649938255416,3
1023,1024,0.0012964248481522043,1,27.65251512439133,27.716017047236885,1
1025,1026,-0.006922027745076562,1,27.786082308659836,27.62153235830097,1
1033,1036,0.005989031451692163,3,28.123033038338697,28.319585800760624,3
1038,1042,0.0009484654812634409,4,28.41171605591955,28.467075303917966,4
1043,1047,-0.010734756710037596,4,28.44266002229545,28.16577764679209,4
1050,1053,-0.005507413733847051,3,27.907103855872126,27.781314992680272,3
1054,1059,0.019320250002379382,5,27.853643282917705,28.419636277903688,5
1063,1065,-0.008665637410517384,2,29.598554068482667,29.371662285118084,2
1066,1067,-0.003325374900067633,1,29.33184911566911,29.263641569962964,1
1071,1074,-0.012972059466790795,3,29.01111360354796,28.663790826288462,3
1075,1077,0.0038825486480643283,2,28.67268418468412,28.812679960086424,2
1078,1082,0.006901338433538964,4,28.968589166686815,29.197479793634958,4
1087,1089,0.0015261018684665328,2,28.436180454964813,28.50801314354415,2
1090,1094,-0.017762355403787844,4,28.519427979493848,28.04137519178884,4
1095,1096,-0.00345381396190338,1,28.060500661404078,27.991645413103125,1
1097,1108,0.008611191545198599,11,27.919612033906365,28.18795277303187,11
1109,1111,-0.003945114302116314,2,28.22500190531081,28.141876048522217,2
1112,1115,-0.027573682532024132,3,28.021139321984386,27.276514461456355,3
1117,1118,0.0013544671748020607,1,27.10537912333753,27.169197848743995,1
1119,1123,0.009645167268525452,4,27.18480645703903,27.474193268936702,4
1128,1130,-8.8075419779315e-05,2,27.60289001660633,27.628061770497602,2
1131,1135,-0.003419824254878134,4,27.615864702150493,27.549039162924796,4
1138,1142,0.0023944348986174495,4,27.90794262800461,28.00267432240972,4
1145,1146,-0.0006821356237037808,1,28.247107084749192,28.25608583382486,1
1152,1157,-0.0048561963533596195,5,28.69110774490116,28.580469199841424,5
1158,1164,-0.015237405996219661,6,28.41254788883274,28.008026909152395,6
1171,1174,-0.008726465380298882,3,27.70619240883522,27.492121472368456,3
1175,1178,-0.011252950533974192,3,27.269431934487525,26.989839797773648,3
1181,1182,-0.005111588491619606,1,26.71108866341798,26.601263658670838,1
1184,1185,-0.002956215328188223,1,26.71971055030073,26.667441042957478,1
1190,1191,0.0006830957740584253,1,26.98322153206709,27.028636878198196,1
1192,1199,-0.011347669741588327,7,27.100150447785012,26.819727041003976,7
1200,1202,-0.0002266904884680402,2,26.91380437725362,26.93461707817006,2
1205,1206,-0.002275530065778967,1,26.960284073087973,26.925895420170807,1
1207,1208,0.0026992471179286192,1,26.996753768103083,27.096621431673167,1
1209,1214,0.008844980021309672,5,27.324486587384456,27.5934956119298,5
1218,1223,0.013873984981817473,5,27.619087278595394,28.029893167988728,5
1228,1230,-0.002455223230339535,2,27.641033017345283,27.60080914398786,2
1237,1240,-0.008036744040886407,3,27.603490451846803,27.409251754902105,3
1244,1248,-0.024168635772733493,4,27.649660664506893,27.009055747331256,4
1250,1251,-0.0029008061273987393,1,26.83131178186095,26.780310660019843,1
1253,1254,-0.00034748837622593557,1,26.594325839948585,26.611678946685586,1
1257,1259,-0.0015911898348044753,2,26.379492759019353,26.363897471052923,2
1261,1262,0.0031175572082402323,1,26.552107736520064,26.661437559124543,1
1263,1266,0.0009622609801026743,3,26.809422065900037,26.862029148719056,3
1271,1276,-0.01513804046740944,5,26.965467491610337,26.584228620991336,5
1278,1280,-0.0017852884333370996,2,26.529916481798864,26.509082845248308,2
1283,1284,-0.008266164784210562,1,26.259190906354892,26.068387298129274,1
1287,1288,-0.0007997459786858515,1,26.045614288329396,26.05083002732823,1
1299,1301,-0.008596939550522001,2,26.019526581345854,25.82185781077417,2
1302,1304,-0.024458080039824547,2,25.724836829468252,25.12138154811116,2
1307,1309,0.008210515221927006,2,25.36270690258041,25.5963105005759,2
1310,1315,0.026145240872262984,5,25.702218419988423,26.399911329950523,5
1317,1319,-0.024852199659520346,2,26.37108932142949,25.74208083369571,2
1320,1321,0.0014353499149889412,1,25.630261516558217,25.692680171763712,1
1323,1324,-0.004758430614973363,1,25.562870133470792,25.466793859754567,1
1328,1333,0.02229396088684739,5,25.364094382684215,25.954924605164766,5
1334,1335,-0.0017861773916863972,1,25.977580417869838,25.957157431454593,1
1336,1340,0.005424490521497041,4,26.06929879457751,26.236780757585347,4
1343,1349,-0.0073572632329438736,6,26.451965625621625,26.283803517110766,6
1351,1353,-0.016836235124978827,2,26.20204058999922,25.787098914461755,2
1354,1355,-0.0014254089221083246,1,25.663109593938277,25.65219227814797,1
1356,1357,-0.002175815698284648,1,25.699645999524485,25.669427952317886,1
1361,1362,-0.0008908523036183216,1,25.859188577708075,25.86201104857163,1
1364,1366,-0.0007451190490563916,2,25.86523615124727,25.87182870723388,2
1368,1369,-0.0010007186058076211,1,26.073184321177425,26.07316558483575,1
1370,1372,0.003911368767395268,2,26.19080874361496,26.319441463671172,2
1376,1377,-0.0029221225241758556,1,26.720227222960197,26.66886767236385,1
1379,1387,-0.004439685217887344,8,26.570629387342315,26.47923478620871,8
1389,1391,0.0014044224139475002,2,26.583770154496033,26.647688767302732,2
1392,1393,0.0026316054953223486,1,26.861921480110436,26.959473381772522,1
1399,1402,0.0019939998282504155,3,27.372870815258235,27.45482518577784,3
1403,1404,3.239048230515586e-05,1,27.4754870031735,27.503852434452277,1
1406,1407,-0.0038480525340557326,1,27.43361616808597,27.35548378804014,1
1409,1411,-0.00413978539963809,2,27.211149111563092,27.12571194287523,2
1422,1426,0.017328706585473867,4,27.09114608589692,27.587691753569533,4
1436,1438,-0.006194429097726183,2,27.940881962484813,27.79574503220275,2
1444,1448,-0.01912274629814792,4,28.065231074606107,27.556612012042123,4
1452,1455,0.007476005725251515,3,27.68166012345027,27.916290033141102,3
1464,1465,-0.007643561839067312,1,27.105783768027738,26.92570481736846,1
1469,1472,-0.0030416310042266984,3,27.055631715589648,27.00039409904016,3
1476,1477,-0.006779375139549004,1,26.59065050754589,26.436973163058145,1
1479,1480,0.0008541585305928911,1,26.370376541209378,26.419271399828208,1
1482,1485,-0.007729458529269946,3,26.121885097500567,25.946098955030582,3
1486,1487,0.0011743125500411266,1,25.955472560246218,26.01190786997621,1
1489,1491,-0.008608259109244346,2,26.070848634226582,25.872494862619497,2
1492,1501,-0.007873920464736766,9,25.79607191850282,25.618751771832404,9
1505,1507,-0.0004782877944617199,2,25.657381394152566,25.670767163188046,2
1510,1511,-0.007047178476678905,1,25.902647122756232,25.74600919258649,1
1513,1517,-0.0018661780729282236,4,25.670376284871143,25.64814116780937,4
1524,1526,-0.0014168873976598004,2,25.88304561426256,25.87225529873292,2
1537,1540,0.006929428034970648,3,25.27340489145296,25.47380853673841,3
1543,1545,-0.00038772504102298005,2,25.720791512922624,25.736539709491055,2
1547,1550,-0.0015936988524827415,3,25.734132569590322,25.718854244614118,3
1551,1556,0.00020131148796709666,5,25.786140301980314,25.817117488555414,5
1560,1564,0.004748423061418463,4,25.697893028658864,25.84561538957467,4
1570,1573,0.002788967563634333,3,26.258293100133795,26.357784920966605,3
1576,1579,-0.007681963514000419,3,26.499528533134043,26.32245965033743,3
1584,1585,-0.0012897522369189447,1,25.96305675531233,25.955533901540225,1
1586,1587,-0.004065126497043126,1,26.03593420295015,25.956130771149414,1
1588,1591,0.00885625925833241,3,26.10545901232942,26.362761184412708,3
1593,1595,-0.004561535432475597,2,26.448966681386484,26.35476774939836,2
1596,1602,-0.008306094334138144,6,26.293116422449206,26.101016433528315,6
1604,1607,-0.0155149062483043,3,26.257027112172402,25.875908825280035,3
1613,1614,-0.0012948871538638821,1,25.280781614766973,25.27332663702914,1
1615,1616,-0.0003505046604554544,1,25.353499067080726,25.369966046565942,1
1617,1623,-0.0006587213584337588,6,25.51892680541696,25.52763587009134,6
1628,1632,-0.020599533830218782,4,25.220192369739014,24.725888356183688,4
1634,1635,-0.009711414916856523,1,24.18499461264219,23.974309089809523,1
1639,1640,-0.007891322386854038,1,23.536722633776797,23.374523490177477,1
1642,1643,-0.009299339256442146,1,23.11694528282567,22.92508991135089,1
1644,1646,-0.03377884325735359,2,22.663854760508272,21.920959817706144,2
1647,1649,0.0540152506191541,2,22.27166864453325,23.496950076719003,2
1651,1653,0.012579647348638978,2,23.928249757225107,24.25318695059838,2
1654,1656,0.013531862817706186,2,24.29237161860263,24.645385030480902,2
1657,1658,0.004869878318957152,1,24.90437897587521,25.050564650072793,1
1661,1664,0.0208967532584144,3,26.59128595548899,27.17354878288027,3
1665,1667,0.0005298704568048322,2,27.512963814528643,27.55505508504763,2
1672,1678,-0.050002763800351215,6,27.103045104767556,25.774920987228366,6
1683,1687,0.003979234323072561,4,26.378993285216687,26.51034047399054,4
1688,1689,0.0029908562986888454,1,26.592267119917004,26.69839303664894,1
1691,1694,0.021794536505424227,3,27.114197696424295,27.732253265630728,3
1696,1711,0.0811587307695325,15,27.975872736232432,30.274334932411257,15
1713,1717,-0.005423217936723636,4,30.56401901935741,30.428827702212626,4
1720,1723,0.04903713619332693,3,30.808583499427172,32.350156787911494,3
1726,1729,-0.019703226260081044,3,32.50615962086902,31.898189562633597,3
1730,1736,-0.03207215468488839,6,31.9022809438412,30.911008335553397,6
1738,1739,-0.006600521269177169,1,31.291137268300503,31.115890588492643,1
1740,1741,-0.0010805809573430354,1,31.01423180042401,31.011732643934273,1
1742,1743,0.00414190834512262,1,31.175565898738792,31.335867801197438,1
1745,1748,-0.0168165639212611,3,30.825861006066315,30.338301805035957,3
1754,1755,-0.0012951512888039938,1,30.434416010309096,30.425433253199657,1
1756,1757,-0.002389521801508137,1,30.408281612933912,30.36602864268634,1
1760,1763,0.007976271933825135,3,31.06052814834643,31.33933589541422,3
1764,1767,-0.01973908691301826,3,31.065039090129883,30.48290862266363,3
1768,1771,0.07069682155060843,3,30.36893790713585,32.54629422894528,3
1772,1774,0.016080943294702773,2,33.43417257345871,34.005259779291265,2
1776,1779,0.003905348951087603,3,33.516791170024824,33.68120272643453,3
1780,1781,-0.0016051213351991208,1,33.522277999220535,33.50199295359873,1
1782,1783,-0.005906708779952437,1,34.119678001204626,33.952262677586965,1
1787,1788,0.0031152457073386555,1,31.977614242960282,32.109209982704556,1
1794,1797,0.04091619691951845,3,32.56655911837953,33.931625423376666,3
1801,1802,-0.005709698841960542,1,35.002393953349454,34.83754321908152,1
1803,1805,-0.00823520141599925,2,35.166870121253076,34.912430732755524,2
1807,1809,-0.020967987795381983,2,34.47073092278838,33.78241978842424,2
1810,1816,-0.011748544212846983,6,33.65351344410526,33.29178716693365,6
1817,1818,-0.006684293829966824,1,32.958175674791825,32.77083172015664,1
1827,1828,0.017514615868268975,1,29.92263863813936,30.476644798289534,1
1837,1841,-0.04448625280948561,4,31.27772368689675,29.91757268734312,4
1846,1850,0.006086564200294397,4,30.176125053868862,30.389970101379216,4
1851,1854,-0.0031324219097396376,3,30.49935411043359,30.434316619495593,3
1861,1863,-0.0051567322940647515,2,30.928156616973286,30.79959654956762,2
1864,1868,-0.017488133790250347,4,30.793656479935475,30.28592655200329,4
1874,1879,0.002953497357723385,5,29.663620249261978,29.780895293537945,5
1883,1885,-0.008030179223941317,2,30.529542150314082,30.314913997372503,2
1886,1889,0.026995841894250586,3,30.335875504738965,31.185153879093306,3
1895,1897,-0.007242190379520139,2,32.072969158555324,31.872763579031144,2
1898,1903,0.0017989103520224302,5,31.79786543549452,31.88686481023414,5
1910,1911,-0.0042550638895816634,1,31.632921257175497,31.529954077469284,1
1913,1914,0.005772312620972824,1,31.04764091519851,31.25790524561994,1
1919,1920,0.009779126989890797,1,31.585456339687564,31.925919984606708,1
1922,1927,-0.018033870904193942,5,33.107760503619474,32.54380718527385,5
1930,1933,-0.0077801800661153235,3,32.73229017883482,32.510359357445985,3
1938,1939,-0.007996137848880095,1,31.91256499571754,31.689300291896153,1
1942,1944,-0.00287653283873421,2,31.54850865743898,31.489306844930205,2
1950,1952,-0.01113365152108902,2,31.11318788901065,30.79789768523325,2
1959,1960,0.011650843853844132,1,31.29840170115717,31.6943528939534,1
1962,1964,0.02331440589411283,2,32.31141669996179,33.097049600618476,2
1967,1968,0.007991172586829309,1,33.79929355825314,34.1031888399483,1
1972,1973,-0.003742094495863756,1,34.267750511060626,34.173785100998614,1
1981,1982,-0.0040944934025526104,1,33.66528315832758,33.56110616169907,1
1987,1990,-0.0005148187877980447,3,33.341141803103234,33.35731829869946,3
1993,1994,0.0015625455606708017,1,33.48126074731417,33.56705800340786,1
676,679,-0.013711216716631544,3,26.98988193581282,26.646807697370406,3
680,681,-0.008683374138804807,1,26.472625617250284,26.26922653019644,1
684,694,0.020941067876643255,10,26.164877490268008,26.738962843266034,10
695,697,0.006918380923212067,2,26.818894744544696,27.03125696907153,2
699,702,-0.005617810899049625,3,27.120818126373177,26.995579316838068,3
706,710,0.0018608797836463585,4,27.55771622215612,27.63655553537955,4
712,716,-0.010412675314318335,4,27.308868442341645,27.05181893049245,4
717,718,-0.006680908367847681,1,26.92208657911505,26.769144672187835,1
720,721,0.004887840763906844,1,26.603011854480332,26.75964615211984,1
725,727,-0.007564693323995034,2,26.483878259868348,26.310019721062293,2
729,734,-0.002932020327164028,5,26.17514455476873,26.12457364342246,5
738,740,-0.014363180484073756,2,26.68549329733002,26.328890234091258,2
741,742,-0.0043308520443995965,1,26.246659734662007,26.159235994426147,1
747,749,-0.004046887825983489,2,26.403920468935482,26.323470685100446,2
750,751,-0.0028598321813851106,1,26.351588525743402,26.302578993372606,1
755,759,0.004718906062667048,4,26.264878008967063,26.415084379047755,4
760,763,0.01105065078345394,3,26.547920040839266,26.867839754278478,3
766,769,-0.0014645603207517214,3,26.969961621757566,26.9574324477359,3
774,776,-0.005922518467881604,2,27.279720758483204,27.145435829250918,2
778,783,0.010438767785427822,5,27.459295080489294,27.773395580466552,5
787,790,-0.014144907491729176,3,28.31204689122671,27.939887653940037,3
791,792,-0.004798835750573511,1,27.890394321864783,27.78444329481729,1
798,800,0.0017162276333946135,2,27.98641948304667,28.062436969006296,2
805,806,0.0034373150192567948,1,28.46401507535222,28.59031887695443,1
808,811,-0.0008244195745801741,3,28.56370076260199,28.56871598933345,3
816,818,-0.006281862485773424,2,28.546309118572406,28.395531439331727,2
820,822,-0.004327430564171077,2,28.545618067746833,28.45063450571506,2
827,831,-0.016326500955829316,4,28.531289380654556,28.09400454669091,4
832,835,0.007889943759553965,3,27.94498481609225,28.1934141594689,3
838,843,-0.00012634614764634562,5,28.670163062289646,28.695210860696623,5
845,846,-0.0016952188343834587,1,28.593926844136732,28.574047807645705,1
847,850,-0.01399839504760923,3,28.634739812826954,28.262534152654325,3
853,855,0.000976420402661912,2,28.100804315082897,28.156343318062437,2
856,859,-0.00783689847031226,3,28.060010141617006,27.86816670120284,3
860,862,-0.004487092166438256,2,27.860544402057688,27.763392115920567,2
868,869,0.0005226128991996032,1,27.633303399933517,27.675378224137752,1
870,871,0.005559417124165431,1,27.728701838706094,27.91058596037778,1
872,873,-0.006009102327457537,1,28.017709912543655,27.877366336610702,1
875,876,-0.004581379798416886,1,27.799729146207703,27.700167757842014,1
878,880,-0.009796756731280384,2,27.563026447962482,27.32056120952191,2
881,886,-0.00348084624653971,5,27.1727513928173,27.105339974516273,5
889,893,-0.009984588738139549,4,27.251220869548632,27.006379857423532,4
894,895,0.0029249397223724367,1,27.02256954102286,27.128631497614993,1
902,906,0.004590724185166727,4,27.44809746629961,27.601552208641266,4
907,916,-0.010786466647667393,9,27.703524483183415,27.432404864805903,9
924,925,-0.004951203608734021,1,27.116929403109182,27.00978489379383,1
927,928,-0.000918021795901756,1,27.16406470077606,27.166291562016237,1
930,931,-0.0037577699253320274,1,27.351719290958204,27.276289542091476,1
932,933,0.0012967271390860891,1,27.22781628200303,27.290351146595956,1
934,937,-0.004713369138188388,3,27.37652013235446,27.274861007383983,3
940,943,-0.013184045181023951,3,27.0587699377846,26.7290846623197,3
945,946,-0.008501508987323395,1,26.54428682277627,26.345164616613125,1
948,953,0.006170367550260077,5,26.431593905368743,26.62111814860945,5
957,965,-0.011450586591272443,8,26.783123194312367,26.503223846185488,8
968,972,-0.012383629150522213,4,26.51216623690937,26.210361568491397,4
973,974,-0.002107013449329888,1,26.228882773698412,26.19984704770703,1
975,977,-0.0016179730518686229,2,26.180146904127525,26.163968278846813,2
978,979,-0.0006018319999743534,1,26.10430152572903,26.114695423259597,1
981,982,-0.0037346317850863488,1,26.14845755012988,26.076951146982314,1
985,987,0.0059724303542374275,2,25.771091567078276,25.950778708182405,2
989,990,0.005138696206590619,1,26.068642940653366,26.22867042018412,1
997,1000,-0.007481261136046131,3,26.295206631675125,26.124780530868946,3
1001,1006,-8.525628536724744e-05,5,26.070974014711837,26.094822274326148,5
1011,1016,0.022837602979747955,5,26.263722531081463,26.889786721547644,5
1019,1020,0.005807006109081734,1,27.159153808522568,27.34402633441467,1
1022,1023,-0.00345114556973011,1,27.630925579819856,27.563198158997338,1
1024,1025,0.000460174620801687,1,27.73126153663157,27.771754020930175,1
1028,1029,0.0007299819662234548,1,27.581333732323746,27.629048942285056,1
1030,1034,0.01494458904250483,4,27.739169805585153,28.181459468515467,4
1039,1046,-0.005888778478903503,7,28.492660664191444,28.353366357929644,7
1050,1052,-0.004160893685360038,2,27.888093328975224,27.799942030874934,2
1055,1057,0.010791266189371231,2,27.92387101225725,28.253128808400444,2
1059,1060,0.009355566810087257,1,28.40225752190051,28.696378997225853,1
1062,1065,-0.0001445344362215258,3,29.408876664199997,29.43403494545563,3
1067,1073,-0.02146308339030317,6,29.310288667337378,28.710509786143795,6
1076,1079,0.011411852841489937,3,28.67884441355585,29.03480201008089,3
1081,1083,-0.009516285201280214,2,29.287734092957095,29.038311396522214,2
1084,1090,-0.015334809411573946,6,28.870328989380454,28.456478325668247,6
1093,1094,-0.011018580684096741,1,28.302297510050323,28.018748658900574,1
1099,1100,0.001968484932353611,1,27.74316522931523,27.82552039727425,1
1101,1104,0.003562403816635912,3,27.84566364092113,27.97270680299323,3
1108,1111,-0.001101553652776365,3,28.173687157160046,28.170826016317058,3
1121,1125,0.00609107039354868,4,27.355653034967585,27.549633896300033,4
1126,1128,0.0008459019420038003,2,27.536790374974057,27.587620589803773,2
1129,1131,-0.004046642492419741,2,27.685264565415135,27.60091746197626,2
1136,1138,0.005115821896879385,2,27.623615307853946,27.79255641922469,2
1140,1142,0.001205709031557656,2,27.89909155386553,27.960628832078147,2
1144,1145,0.0003653785691628876,1,28.192221484862728,28.230714539895253,1
1148,1151,0.0030448012267339005,3,28.40651541496668,28.521414123364373,3
1152,1159,-0.01339791717835355,7,28.69600466756536,28.34023397834724,7
1161,1167,-0.01228405520206085,6,28.27123157791969,27.952217440164198,6
1170,1172,-0.0020458426734202588,2,27.72142517605016,27.69243292663302,2
1179,1180,-0.0032239145323929813,1,26.903192909195663,26.84336250751713,1
1186,1187,0.002189635992529376,1,26.681879728667983,26.766985212598883,1
1188,1192,0.009542908893203153,4,26.813841222393947,27.09653710747846,4
1194,1195,-0.0018220543508150723,1,27.03959693399211,27.017368915688238,1
1200,1202,-8.814003601378278e-05,2,26.89332974103371,26.91785269172284,2
1203,1205,-0.001333445768833073,2,26.948656466860918,26.939670551386307,2
1213,1214,-0.0049867612567964575,1,27.733602498312198,27.623035246360534,1
1217,1223,0.01901247881489101,6,27.50768120824604,28.05817809567284,6
1224,1227,-0.01592355552025789,3,28.02678033561887,27.60852112322619,3
1228,1230,-0.0019295570839068677,2,27.621210709567862,27.5955352174867,2
1231,1232,-0.0007504202111074434,1,27.6694715388773,27.67637727974274,1
1233,1236,-0.0027762094380447953,3,27.6882370671201,27.63905695911866,3
1237,1240,-0.009479668212677424,3,27.558213761508487,27.324529252276854,3
1244,1250,-0.027169185694848053,6,27.63013375307552,26.907075652117797,6
1252,1255,-0.0027028871318654697,3,26.652862567999193,26.60747575130477,3
1256,1258,-0.0041450972415536785,2,26.48605794516461,26.402756717381642,2
1260,1261,0.0012917833882385315,1,26.44825396816413,26.508867637256284,1
1262,1264,0.004664229755957245,2,26.714712499027993,26.86603076848683,2
1267,1270,0.0043229383787305896,3,27.000687300228776,27.144410294911268,3
1272,1273,-0.005373389848706019,1,26.965093019245742,26.84716415516596,1
1275,1287,-0.027503189620252753,12,26.652732184069237,25.946349769097036,12
1288,1290,0.001085405078230343,2,26.085506847884712,26.139905696333503,2
1291,1292,-0.001014196654286159,1,26.173436899981393,26.173065324746243,1
1296,1297,-0.00027630308404633097,1,25.98744193840435,26.006248969988697,1
1298,1299,-0.005338225313201527,1,26.081391899910077,25.968244945366358,1
1300,1301,-0.006346126025826273,1,25.94663799525225,25.80792399858314,1
1306,1307,0.0051268622224683305,1,25.22543441000804,25.379987171140073,1
1309,1312,0.011737776524891878,3,25.613767163765548,25.940029605858207,3
1313,1316,0.017935182146863838,3,26.077321343876758,26.571100173425364,3
1322,1323,-0.0032768648006436937,1,25.59986360370828,25.541576175367716,1
1324,1326,-0.0118124340853146,2,25.576834624066866,25.30028678558315,2
1327,1337,0.027961327009670904,10,25.387071805385272,26.12231509375903,10
1339,1347,0.0074152990511852914,8,26.196604746084883,26.417057009148888,8
1348,1350,-0.007396509373373777,2,26.39854253584101,26.229684011067096,2
1356,1359,0.0038438377424379134,3,25.62968469540527,25.753830729459658,3
1360,1361,-0.0010594863497721577,1,25.86861627318775,25.867077443632002,1
1363,1365,-0.0028686282313110613,2,25.890018762314572,25.841639942346138,2
1366,1368,0.005744645665544314,2,25.89644575358319,26.0711081041881,2
1372,1374,0.011582478245809345,2,26.332869530122373,26.664202288134874,2
1381,1383,-0.00027366738730513437,2,26.584745119816553,26.604054487197256,2
1384,1388,-0.006041058496655467,4,26.619939513604304,26.485746841338795,4
1389,1390,0.0027482768053283236,1,26.52770546295072,26.62713864603608,1
1392,1393,0.004169363131372307,1,26.815397784513845,26.954016313174193,1
1394,1395,0.0033866420454033578,1,27.17944058872829,27.29866706558535,1
1400,1401,-0.0014110388528664449,1,27.317524986365488,27.30629642223194,1
1402,1405,-0.00014939239125563557,3,27.435565667924315,27.458902568831657,3
1408,1410,-0.0038565901013631293,2,27.279801192079116,27.20187398202667,2
1411,1416,-0.0031434965045311026,5,27.146705981612254,27.088517112231134,5
1420,1422,0.004921998180501894,2,26.90976870236029,27.069128303653393,2
1423,1425,0.005670321174133935,2,27.244187276108136,27.42591475536803,2
1429,1430,-0.0016175438106471617,1,27.850081705782372,27.83288306019895,1
1431,1432,0.00352205856806185,1,27.898207552764116,28.02436488126166,1
1433,1434,-0.0010917595004486893,1,27.974782827058448,27.972215874961076,1
1435,1436,-0.0050772926611033714,1,27.966928460057918,27.85289910789412,1
1439,1440,0.002001240160815822,1,27.847666988565425,27.931244525116533,1
1441,1442,0.002673141635361727,1,27.959173400192824,28.06187140409937,1
1444,1447,-0.01600810628467494,3,28.053542517988223,27.63251197021661,3
1449,1453,0.004815997116555144,4,27.596779664033356,27.75728245498558,4
1455,1460,-0.01945298097266571,5,27.944437555565987,27.428779381061283,5
1461,1466,-0.017232538692250797,5,27.39430925821003,26.94963007322865,5
1469,1477,-0.024335034525478784,8,27.071099476466276,26.439394435540265,8
1480,1481,-0.005227148494402236,1,26.44142749883299,26.329655658391452,1
1485,1487,0.004104807616219163,2,25.913652611216076,26.04593682242987,2
1490,1492,-0.009264724778905244,2,26.036295732083758,25.8211129135959,2
1495,1497,0.0057294091887154916,2,25.373217552958955,25.543964316307115,2
1507,1508,-0.001651776700573911,1,25.729647907256215,25.712877922236295,1
1513,1515,0.00750606506320967,2,25.63450410898832,25.85255286880249,2
1518,1527,0.0007023329789307576,9,25.72139055826343,25.76517692967472,9
1528,1529,-0.005698824981027691,1,25.6658275363106,25.545228304724237,1
1531,1532,-0.0014624417631094358,1,25.372851718010047,25.361118251726456,1
1533,1537,-0.0069349764534160745,4,25.41371777352167,25.26288795694206,4
1538,1541,0.009800597305372895,3,25.29907587388299,25.572321004594876,3
1548,1555,0.006856510115477517,7,25.658974635348038,25.86056462912343,7
1557,1558,-0.003071832087077828,1,25.7977588635157,25.74431023892757,1
1560,1563,0.005582834249889301,3,25.636730298205528,25.80549264446773,3
1564,1568,0.008088769093685541,4,25.891865249238872,26.127190433894025,4
1571,1572,0.0012989609965953488,1,26.33557632510795,26.396120787902234,1
1573,1580,-0.004500015584202979,7,26.348656570501554,26.256435861881986,7
1582,1592,0.0170310473340731,10,25.945538812787152,26.413364051228548,10
1593,1596,-0.008245442136432477,3,26.416948044150157,26.225545575675124,3
1599,1600,-0.0006424527460481466,1,26.008471525103577,26.017770782676862,1
1603,1606,-0.007099148398813916,3,26.186773911776488,26.027056891602374,3
1609,1615,-0.0127463795024568,6,25.604652999601907,25.303891028439864,6
1616,1620,0.0031126323956734547,4,25.41407108764724,25.518589819708247,4
1621,1623,-0.005751997323870116,2,25.606520219865835,25.484838104307407,2
1625,1626,-0.007050168238962654,1,25.436081443023475,25.282188870953227,1
1631,1635,-0.03662227193727384,4,24.845950230887865,23.960881035223206,4
1639,1641,-0.014706313497791858,2,23.598303735325864,23.274857986313375,2
1642,1643,-0.01013018441529473,1,23.135321338922882,22.924091588591413,1
1644,1645,-0.014899458166837076,1,22.65289079130922,22.338027883397487,1
1646,1647,0.01628408418203168,1,21.92905882235366,22.308082521071945,1
1652,1653,0.002425884563401741,1,24.138680858306234,24.221377192439586,1
1654,1657,0.026702502743256726,3,24.236500149409736,24.9079118612857,3
1658,1661,0.05977432074883137,3,25.075771083019745,26.599734037843458,3
1662,1665,0.013414838347432588,3,27.064009904403033,27.454133232208317,3
1666,1673,-0.03504092830889908,7,27.815958928980145,26.86907786523545,7
1678,1681,0.007484126913233983,3,25.759469084282095,25.97801568921067,3
1684,1685,-0.004183616692743577,1,26.506373121587348,26.421986989653373,1
1687,1688,0.0009315229421095531,1,26.487942348226795,26.53910441656167,1
1689,1691,0.012860246909405394,2,26.734648024352147,27.105196847005715,2
1692,1700,0.01601376970486448,8,27.294343220038662,27.75872288982993,8
1702,1704,0.002732468638290257,2,27.634849746229396,27.73799595623106,2
1705,1706,0.02309602880558255,1,28.18610918461144,28.86528248344113,1
1708,1709,0.009074190930001523,1,29.79232760373652,30.092461200265717,1
1710,1713,0.013575750197600493,3,30.13467938518297,30.57391494418618,3
1718,1720,0.013162802840430816,2,30.299071055239388,30.728190824842947,2
1722,1723,0.0071863198688366355,1,32.06738080560941,32.32989464223992,1
1724,1728,-0.010500686678915901,4,32.23632426413146,31.930057047618014,4
1738,1740,-0.009589430275342696,2,31.256537343673163,30.988061495511037,2
1742,1746,-0.022341057057771084,4,31.1935181204001,30.527815470360025,4
1752,1756,-0.0021836322112319933,4,30.384176465140627,30.34821277516473,4
1758,1763,0.024755607863021778,5,30.52130020262192,31.307394842110217,5
1764,1767,-0.02529612088407728,3,31.143006321221854,30.386352074947865,3
1768,1770,0.03241086700328935,2,30.332475776506744,31.345910090556107,2
1776,1781,0.0008824497183407705,5,33.49189670831255,33.55494351983781,5
1785,1791,-0.05037628600115722,6,32.68555027088899,31.071659192608372,6
1800,1803,0.0001414299294482228,3,35.01179106979676,35.05175457600741,3
1810,1812,-0.012238843667790728,2,33.64064815149046,33.262566166032705,2
1816,1820,-0.03564312971304832,4,33.353910958096165,32.198427094337376,4
1821,1825,-0.0401431822580642,4,31.85276385348322,30.60594531254325,4
1826,1827,0.0001041461830778355,1,29.870765353664474,29.903747045215336,1
1834,1837,-0.021387056564795788,3,31.9054022860381,31.254945044910077,3
1838,1845,-0.030668488482834145,7,30.862980193489662,29.947322221073176,7
1850,1851,0.0009004139588223025,1,30.415231965064624,30.47303349645185,1
1857,1858,-0.009436974807152786,1,31.00577031125334,30.74417540826093,1
1864,1866,-0.005704859915864492,2,30.814695930116795,30.669717102415635,2
1868,1869,0.001030787939825339,1,30.3611169946359,30.422773984868233,1
1874,1875,-0.006199299871678958,1,29.631566992038096,29.477503589578745,1
1876,1878,0.008515917814656684,2,29.519382516175245,29.800286534138582,2
1881,1882,0.005952353902024827,1,30.29424092723049,30.5048572113498,1
1883,1884,-0.007402888054932093,1,30.563790367215866,30.36809383896017,1
1889,1891,0.0014005962076139938,2,31.177473713743897,31.252318238904095,2
1892,1895,0.007997803051798386,3,31.730895252957097,32.01640359910045,3
1909,1912,-0.021851906492345634,3,31.790965035490455,31.12806280526898,3
1926,1928,0.0006787591666610078,2,32.541605992200545,32.59623551155782,2
1930,1933,-0.006006153667616465,3,32.6937685893871,32.53009855985513,3
1935,1936,-0.008697202686065567,1,32.47868983804417,32.228694779382884,1
1942,1944,0.0009317447017806112,2,31.503067679408424,31.563923563487958,2
1948,1949,-0.0038010569849383923,1,31.399190141028186,31.31123922016225,1
1953,1955,-0.005552263409009425,2,30.733831497973767,30.59392300142688,2
1961,1962,0.008557001414521048,1,32.024920635776574,32.330982847592615,1
1964,1973,0.02950898958393112,9,33.174445278077044,34.18656408351859,9
1974,1975,-0.005475010882654196,1,34.087630542005066,33.9350880243657,1
1977,1979,-0.0008418170084833049,2,33.8718405008378,33.8771984498964,2
1980,1981,-0.0028563026042647908,1,33.75316657782484,33.69051048680424,1
1983,1984,-0.0053056353951556525,1,33.34739999341269,33.203818247664636,1
1985,1986,0.0001724339686997845,1,33.1148148660959,33.15363979991211,1
1989,1990,-0.006077333828502731,1,33.46721454048014,33.297290319948004,1
1999,2000,-0.0026582486809254846,1,33.238189387287825,33.183072203580004,1
682,683,-0.000685724136839024,1,26.269103212100884,26.27735895718733,1
686,688,0.003823859416526261,2,26.120402496374908,26.246403645920502,2
691,692,0.0045847694557345706,1,26.47753268196025,26.625403597745674,1
693,695,0.003115786267400087,2,26.686967550776572,26.79680540534061,2
696,697,0.0031590615719791276,1,26.94176903688783,27.053821513170288,1
700,707,0.026961508047432192,7,26.950549558745532,27.704127567115115,7
708,713,-0.01727882221574679,5,27.764819040871807,27.312840487853073,5
714,732,-0.057017592585441645,18,27.433962140201277,25.89717762602705,18
733,735,0.01209959072260234,2,25.90890869020118,26.24830479011209,2
737,738,0.0015961063649353163,1,26.57250381894942,26.641488865246064,1
741,742,-0.001874357444512411,1,26.20510763548452,26.182195004539185,1
743,748,-0.003949850818603259,5,26.335267816730855,26.257582705403536,5
749,751,-0.005151546092411211,2,26.401567198032122,26.2919598748976,2
760,761,0.0054997787004932,1,26.509140226288004,26.681443771299218,1
762,764,0.003666202650670177,2,26.809059652159238,26.93415615737012,2
765,768,-0.000598408194531487,3,26.9058924505428,26.916697636469756,3
771,772,0.003124819157131851,1,27.05336503104481,27.164955269389743,1
776,778,0.006646955850129593,2,27.208476984178418,27.416539006425698,2
781,782,-0.0011292619575670841,1,27.786631726266073,27.78303997185494,1
784,787,0.008808779554747556,3,27.9182109747994,28.19205455181414,3
791,793,-0.003642910552417695,2,27.806300638594312,27.732811073212872,2
794,797,0.0035852879299571594,3,27.675405765689415,27.802305469703498,3
798,800,0.0023355677250113077,2,27.973405840087626,28.066713029766465,2
802,807,0.012488843654511538,5,28.155455190615527,28.535239723703345,5
808,811,0.001938181329333787,3,28.528095352255704,28.611916069381156,3
815,817,-0.005679636629292703,2,28.598792216356404,28.464960260747212,2
818,820,-0.0015547022345628247,2,28.453275334456265,28.43749223904761,2
825,828,-0.008048699516018028,3,28.61079794957889,28.409129031918805,3
835,841,0.01584655725033912,6,28.231341600459157,28.706942512985172,6
843,847,-0.0037555206043891677,4,28.6916803306645,28.612619814338807,4
848,850,-0.013097553942116098,2,28.593859791770324,28.247944030526078,2
853,854,-0.002368597112115168,1,28.119534180503546,28.081049867230085,1
855,856,-0.004582580656658909,1,28.173193117955275,28.072260381254573,1
859,860,-0.0029138622315375,1,27.91303421021433,27.859612508271788,1
862,863,-0.001827110047679795,1,27.785865815064515,27.762883846265392,1
866,867,-0.0027581275087442615,1,27.70163562735263,27.65293261971897,1
869,870,0.0003146471173892326,1,27.691072139712563,27.727476127878454,1
871,875,-0.010141916723361087,4,28.010921607391424,27.754848094712056,4
877,879,-0.0085863715435009,2,27.64766999013952,27.43792449328222,2
880,884,-0.005773422902146003,4,27.248465582792246,27.11839713313101,4
885,886,1.8939777642775196e-05,1,27.142289783541923,27.16994614225868,1
889,891,-0.007513447337749935,2,27.244571043685493,27.06711496495286,2
898,899,-0.004335847124987149,1,27.387033098905597,27.295674143280685,1
902,907,0.005991600358703479,5,27.416190423981423,27.607873470784014,5
908,909,0.0021416022870591298,1,27.689152422668208,27.77614072724599,1
911,912,-0.00045759553761283585,1,27.876476287383785,27.89159661251769,1
920,923,-0.005016962064892179,3,27.28074552842273,27.17115980853308,3
926,930,0.007197186465075199,4,27.116417324163052,27.338695653234012,4
942,944,-0.012489420929940709,2,26.950630190724553,26.64098305613615,2
945,947,-0.00787414307052597,2,26.551307719261107,26.368790231289346,2
948,949,0.0011027155736545338,1,26.502756709236667,26.558484468513957,1
953,954,-0.005357556745015914,1,26.72301717662389,26.606570112878718,1
955,958,0.0035569919319600367,3,26.613924177111432,26.735203614864325,3
962,967,-0.01028790367368396,5,26.659790096815303,26.41217653443545,5
968,970,-0.00455060269168741,2,26.450408206350808,26.356493315777108,2
975,978,-0.003821173116015635,3,26.224357332225814,26.15037388033535,3
979,980,-0.0006453477293301784,1,26.116756271489987,26.1260186384042,1
981,982,-0.006581073097283084,1,26.178102469662075,26.032000566230725,1
984,987,0.008467962321386444,3,25.748214597637915,25.991997723291323,3
989,990,0.00031999078467783554,1,26.143234070245008,26.177742898299407,1
991,994,-0.00022961780707814064,3,26.31791011530166,26.338184964609408,3
1002,1005,0.0018707949270487848,3,25.951735598704968,26.02623770960984,3
1007,1008,-0.00451275132878432,1,26.064547823963274,25.972989548960484,1
1014,1015,0.005076904066316872,1,26.63103347650855,26.792867712132164,1
1020,1024,0.012933392881456392,4,27.34293780721957,27.72391770222079,4
1033,1034,0.002211758163398341,1,28.07211952437551,28.162280383421816,1
1035,1048,-0.008284294910522776,13,28.245572772250465,28.03982369026076,13
1049,1052,-0.010806121691850572,3,28.09222327818392,27.81674751812341,3
1056,1066,0.041478962945444266,10,28.10759146865512,29.301572805137805,10
1068,1069,-0.002209025793573892,1,29.34540042962975,29.30992108358757,1
1072,1073,-0.002141611128104211,1,28.744327069246534,28.711512225594415,1
1079,1083,-0.00388624151475732,4,29.132674981127238,29.048591045160777,4
1085,1090,-0.008527481210903232,5,28.717254004406694,28.501085414459787,5
1092,1093,-0.0039914268390288795,1,28.330557733929023,28.24580894315909,1
1094,1096,-0.0037918023995715234,2,28.069252671370894,27.99088886440878,2
1097,1100,-0.004387295863912065,3,27.949972435202472,27.855297609176255,3
1101,1103,0.006596430019328889,2,27.762393536813203,27.973288616484673,2
1108,1113,-0.014137910596893254,5,28.17760547608265,27.807410614503347,5
1114,1115,-0.013069759495646094,1,27.644226062218564,27.310566902204314,1
1120,1124,0.011322379284171968,4,27.223114201137314,27.558567739620056,4
1125,1126,-0.002501767095986304,1,27.575915647192687,27.53450304443204,1
1127,1128,0.0002715098568867294,1,27.58609003980852,27.621166025207103,1
1131,1134,-0.005347955076663435,3,27.647620793735292,27.527410180547506,3
1135,1136,-0.00036690903595786495,1,27.590135711277195,27.6076027768927,1
1139,1140,0.0011166625472397232,1,27.81505326438096,27.873928345875154,1
1143,1145,0.0026840168992238035,2,28.152271161772838,28.25598460448434,2
1149,1150,-0.002664314773323874,1,28.494339843165665,28.446916292408574,1
1154,1156,-0.004866020340322526,2,28.70490446910729,28.593930724562707,2
1159,1160,-0.003149767118815553,1,28.359538160904286,28.29857175826118,1
1164,1169,-0.009987812601673703,5,28.01590866842416,27.764106931446758,5
1171,1174,-0.010906126178234565,3,27.757202114640915,27.482235768138523,3
1176,1179,-0.007723408189111255,3,27.129387339434718,26.94698539443119,3
1180,1181,-0.007655679702513608,1,26.869531726610806,26.690696729681957,1
1182,1184,-0.000977417818472596,2,26.690068620139197,26.690671340113756,2
1185,1186,1.5673286030046772e-06,1,26.70926270427353,26.736013829169206,1
1187,1189,0.0031329665381645685,2,26.74329284203034,26.853821976466786,2
1190,1192,0.00536170895813703,2,26.957020212136726,27.128512929104957,2
1195,1197,-0.007175869125638943,2,27.032710494517378,26.865760012391952,2
1198,1203,0.0019833528983384616,5,26.86006500646367,26.940198059250264,5
1205,1209,0.011029132869648552,4,26.93877303554805,27.262823115737962,4
1213,1220,0.0007779634913678164,7,27.72679001505094,27.776087235430523,7
1221,1222,-0.00014871803465092974,1,27.961976503686127,27.98578002999923,1
1229,1231,0.0005323716207156562,2,27.583652208348216,27.62592061418798,2
1234,1236,-0.006124264805293775,2,27.784195040451547,27.641821467662343,2
1242,1243,0.0015119574281192059,1,27.482110858270133,27.55114475078096,1
1248,1249,-0.0036241007188735842,1,27.016204965890992,26.94531172301876,1
1252,1257,-0.011915422800548449,5,26.710620116227606,26.419062404394147,5
1258,1264,0.015589153206141099,6,26.410066164131894,26.848186797913,6
1267,1269,-0.0003959272228038621,2,27.054937249542228,27.071280400623426,2
1270,1272,-0.0073721187091859855,2,27.13167062894608,26.9587844029199,2
1273,1274,-0.007659056441720812,1,26.88251870936282,26.703506499981557,1
1277,1278,-0.003994827371685224,1,26.57927399511125,26.49967365783117,1
1280,1283,-0.016407379354402535,3,26.607649353300374,26.197695205985152,3
1286,1288,0.0019935772227104975,2,25.982601941590943,26.060382866950043,2
1291,1293,-0.00503424006137622,2,26.201945689769225,26.096240750781554,2
1295,1297,-0.0011831855714251713,2,26.069239787431357,26.064464278844277,2
1306,1310,0.01628379079156254,4,25.222842056947304,25.658788382228206,4
1312,1314,0.01261559775327976,2,25.921741329363467,26.274681332368647,2
1317,1318,-0.013097166197668555,1,26.36237524456972,26.043465209870856,1
1319,1326,-0.020315255649008334,7,25.7792302057756,25.281297783916408,7
1330,1332,0.010745850396250246,2,25.508454076027977,25.80807256144462,2
1336,1337,-0.0016040489215169691,1,26.13488342360835,26.119096675462348,1
1343,1344,-0.0011344416354856788,1,26.443802682383826,26.440247534302745,1
1348,1349,-0.004360726263122425,1,26.357202460624155,26.2686231180923,1
1352,1353,-0.010553414600391126,1,26.042766937347036,25.7939695874532,1
1355,1362,0.009890717336237725,7,25.65221340114888,25.931584406349643,7
1365,1367,0.004082985723406001,2,25.868943949287225,26.00043542206104,2
1369,1374,0.022288925325461097,5,26.09831737115098,26.7061191355279,5
1382,1388,-0.009954692118676958,6,26.69638665358833,26.45732873042429,6
1390,1393,0.013116817727197385,3,26.639016622298527,27.015074764387297,3
1395,1397,-0.0005500392031632607,2,27.307316526081266,27.319603747984814,2
1401,1405,0.0017853271395247223,4,27.356522713575803,27.43271957873295,4
1406,1408,-0.009874056345356305,2,27.47401209512879,27.230206163763615,2
1409,1412,-0.006900917476243128,3,27.21345112143893,27.052866792127542,3
1419,1421,-0.005586767891537611,2,27.035065352759997,26.911061783054336,2
1424,1427,0.015555364874925842,3,27.303152899442434,27.755166557928593,3
1438,1440,0.0009796825834342752,2,27.85566187300988,27.91080724166991,2
1447,1451,-0.0026728122839746824,4,27.624128452831325,27.577918471421334,4
1453,1456,0.0035933847814727717,3,27.781066120924187,27.90867524725713,3
1458,1459,-0.007377352656856538,1,27.610850510451517,27.43476637959062,1
1466,1468,0.0001308926447742664,2,27.000344787068922,27.030879278394988,2
1469,1472,-0.002351505200674938,3,27.0524704762145,27.01590892167479,3
1475,1479,-0.015810849716842837,4,26.76959973477813,26.373119216126295,4
1480,1482,-0.015171011370678507,2,26.44846227459833,26.073660814968036,2
1483,1485,-0.0022999246398211068,2,25.93051956418448,25.896811842879632,2
1487,1489,-0.002684935679567983,2,26.08789545671211,26.043939030852258,2
1490,1494,-0.01843066133750063,4,25.977444439410363,25.52464040297326,4
1497,1499,0.0032456109609811414,2,25.531938396627837,25.640337074139655,2
1502,1509,-0.00010348149005207097,7,25.772378741943033,25.795484156530573,7
1512,1514,-0.0006868724939941263,2,25.684609518528305,25.692652076249576,2
1515,1516,-0.0019624435915586696,1,25.854803032272446,25.829919242783024,1
1521,1524,0.0023332997342837176,3,25.76411314149984,25.84999265298846,3
1526,1528,-0.012177948266091872,2,25.912431038715685,25.622783225116248,2
1529,1530,-0.004711137256099276,1,25.567453446223308,25.472569117195444,1
1531,1532,-0.0017550761972355976,1,25.401050879520977,25.38187115061708,1
1536,1537,-0.0018866929154213272,1,25.325522611750163,25.30306665027098,1
1539,1540,0.0031644312105342702,1,25.349982270317174,25.455550527670173,1
1543,1549,0.0007453978146981408,6,25.65849714752755,25.703281432377285,6
1550,1554,0.00355395307790074,4,25.744303366594732,25.861541716149446,4
1555,1556,-0.005144069924343588,1,25.882858220689894,25.775597846381483,1
1557,1562,-7.512639192590223e-05,5,25.745438138733668,25.769249414996487,5
1565,1569,0.012154378147848078,4,25.870270010739283,26.21057732524748,4
1574,1575,-0.00279438922289762,1,26.446237137724264,26.398782294818137,1
1578,1579,-0.006465015684052676,1,26.431966556862136,26.28751544506853,1
1583,1586,0.0002024106904248927,3,25.952052835492445,25.983257861260313,3
1588,1589,-0.0025492896121503345,1,26.176133204799157,26.1355787935387,1
1600,1601,0.001534599728855925,1,26.025454181578404,26.091418290690385,1
1604,1605,-0.003375173523390768,1,26.253070227715746,26.190714630403157,1
1607,1608,-0.004649678163424289,1,25.881631926061758,25.787172299187425,1
1611,1613,-0.003356639334060973,2,25.335926784282783,25.276219142658054,2
1614,1616,0.003240822411712277,2,25.310883658622913,25.418222621302643,2
1624,1626,-0.005553855474274746,2,25.42164779688976,25.30588128690481,2
1629,1631,-0.009570020374821755,2,25.077253602069113,24.86234102775481,2
1632,1633,-0.012011178568114123,1,24.667477950204496,24.395859945669777,1
1636,1637,-0.00654495735721909,1,23.836556511434292,23.704383822035446,1
1641,1643,-0.015722701234095266,2,23.26997380902498,22.927376936909482,2
1647,1651,0.06909988126017483,4,22.31014134986462,23.874079609387845,4
1652,1655,0.008372858531453357,3,24.18031965522506,24.406958370598804,3
1656,1661,0.07752909585048262,5,24.675752308120448,26.613516826307606,5
1663,1667,0.01328628801699908,4,27.145915959518685,27.53373033340162,4
1669,1673,-0.0009613573642468221,4,26.87798814931834,26.879026785624173,4
1675,1681,-0.022521171062467017,6,26.64213960976996,26.06876956575797,6
1685,1686,-0.0013680277357112657,1,26.488776183205253,26.479027578884786,1
1689,1697,0.04891023478473356,8,26.744779669941906,28.079617902534675,8
1698,1700,-0.00789829172553984,2,27.961042559062566,27.768159130539917,2
1702,1708,0.07522191498035027,6,27.64766283180638,29.755020637577715,6
1710,1712,0.012116789349408616,2,30.136073319609903,30.53136184516156,2
1713,1716,0.0035136927341473763,3,30.593000335627536,30.731087738958227,3
1718,1720,0.013924487605859095,2,30.3359274293902,30.788675602322375,2
1723,1724,-0.006147656675421901,1,32.38484787370376,32.21814179536417,1
1726,1731,-0.023034455164040266,5,32.421150349083554,31.706767965350064,5
1733,1737,-0.006541604060546449,4,31.224975201124604,31.05193875175959,4
1738,1739,-0.006689301700924905,1,31.235230830438653,31.057524178546256,1
1740,1743,0.009973620438675727,3,31.04767200577038,31.388377373866202,3
1747,1748,-0.0035649333104343854,1,30.400397864130262,30.322422870998096,1
1749,1753,0.0014619684421860548,4,30.374715006929648,30.449496596717104,4
1754,1758,-0.0023302340594618626,4,30.50020447842778,30.459632067610023,4
1761,1762,0.0016165962765659746,1,31.32005927180468,31.40201122227711,1
1766,1767,-0.007827312990304324,1,30.6330696407854,30.42392808649397,1
1769,1773,0.10628275721757002,4,30.564871345181228,33.84395501709257,4
1776,1780,-0.0015321847552527002,4,33.521826880786655,33.50398707555248,4
1783,1786,-0.057909084342194245,3,33.879415437728355,31.951368927118434,3
1788,1792,-0.014280656830400713,4,32.15406154205895,31.727034485015277,4
1794,1800,0.07592901539013489,6,32.55605177392421,35.060556781882454,6
1802,1806,-0.008648306231375805,4,34.935670541569344,34.66847183486897,4
1807,1809,-0.020143344183649995,2,34.46950221297474,33.80964066827268,2
1817,1818,-0.010822421716917201,1,33.056718906421054,32.732021872744596,1
1822,1825,-0.035022985885614706,3,31.654413264790517,30.577435609065134,3
1828,1829,0.00468050984257397,1,30.490829351248436,30.664032807486446,1
1830,1832,0.022686361794401463,2,30.54315301410252,31.266609186736314,2
1836,1838,-0.026770388871373337,2,31.60737297765284,30.79283868481619,2
1842,1844,-0.003758163863587704,2,29.925401037303324,29.842861877558864,2
1845,1848,0.004616945210064818,3,29.990375511864126,30.158829807943537,3
1853,1855,0.021037656415100605,2,30.215698172911313,30.881581347588316,2
1856,1860,-0.012257596084226597,4,31.09389525552447,30.743852742052525,4
1867,1871,-0.013678880219933843,4,30.506338263328235,30.119552054538712,4
1872,1874,-0.011491375376944966,2,29.917758325881895,29.603879892848347,2
1884,1886,-0.0006192945486398925,2,30.402820786419937,30.414395306030052,2
1890,1893,0.015192318222638872,3,31.29998421699511,31.80680352180027,3
1896,1900,-0.009820520923515149,4,31.955063739090964,31.67320343076805,4
1902,1903,0.0037973959182036826,1,31.833155532232333,31.985871782646207,1
1906,1910,-0.010245300770078479,4,31.897234311246436,31.602334786305295,4
1917,1918,-0.0036562790015738575,1,31.46490160835426,31.3813220509254,1
1919,1920,0.009899747451385239,1,31.558045914142628,31.902020644666003,1
1929,1932,-0.005216421788983365,3,32.61628570261934,32.478761684907106,3
1934,1938,-0.015619326642091466,4,32.39847557549375,31.924831678349783,4
1940,1942,-0.004817160086397496,2,31.644657018272195,31.523864296554308,2
1943,1945,-0.0020930116823008067,2,31.48915496854332,31.454736954296923,2
1946,1948,-0.0022192882172402256,2,31.448479998501867,31.41013523738958,2
1950,1955,-0.0159715462742848,5,31.118517804921137,30.652625475617604,5
1958,1961,0.03356167147121777,3,30.93737115494305,32.00661841298332,3
1966,1969,0.026273746278159694,3,33.47618475271101,34.38920572201725,3
1970,1975,-0.012734603927252154,5,34.2668924523591,33.86478404161292,5
1976,1980,-0.003211856225023612,4,33.8068019776128,33.732026192210476,4
1982,1989,-0.000679817429705029,7,33.55499854052578,33.56574226620473,7
1992,1994,0.007378446425735141,2,33.33023843787963,33.60949405498838,2
1995,1996,-0.0017951419309511323,1,33.80390541646227,33.777026513835736,1
674,677,-0.009179237958346721,3,27.07990388847313,26.85841091068015,3
678,680,-0.012037330645486528,2,26.76362648414699,26.46822748936916,2
681,682,-0.004263682334951438,1,26.34162765410485,26.25565694925628,1
685,690,0.006381351179028594,5,26.19703916928651,26.39040871524578,5
693,695,0.0010909658369552058,2,26.716042522986605,26.771904855200813,2
698,699,-0.005909232139959209,1,27.18437175061615,27.050917359113427,1
704,714,0.0015227791941690581,10,27.375251863586257,27.44431357942285,10
716,720,-0.017472583442905823,4,27.065141309808695,26.619308511188834,4
723,725,-0.015497458794916364,2,26.824550507832416,26.435662692152963,2
727,729,-0.007708171274621408,2,26.306277474192473,26.129810459297875,2
731,734,0.005589118345029747,3,25.96778406642313,26.138888868794968,3
738,740,-0.0095383054904963,2,26.62335748204277,26.3960391226784,2
741,742,-0.0037988638393062005,1,26.283673405443896,26.210108982385265,1
746,748,-0.002499938410719443,2,26.34539837163513,26.30588189667181,2
752,755,-0.0011041776583366374,3,26.29824865055668,26.29550896059391,3
760,762,0.01061989704350412,2,26.50585553455778,26.813850846919337,2
765,766,-0.0037487304109105387,1,26.955129945309928,26.88103755989921,1
770,772,0.0033190960733931706,2,27.053687975881637,27.17053545338907,2
774,778,0.004618256060821209,4,27.260134755018075,27.41328917232426,4
780,781,-0.00039758753418049836,1,27.754343976808105,27.771063539600377,1
784,793,-0.00945300358297842,9,27.95674206627441,27.720423625419787,9
794,796,0.0015296249954773852,2,27.646808156117896,27.71674421307478,2
797,800,0.009138192665858712,3,27.811606093614316,28.093565514538348,3
802,804,0.006163669998145193,2,28.193758838208314,28.395729622532528,2
806,810,0.0009315796117668753,4,28.60403908794357,28.659290066660024,4
813,814,-0.002705307069573142,1,28.58974339777577,28.54098910624226,1
816,817,-0.0062287905015161035,1,28.585630266582243,28.436161994564486,1
821,822,-0.003519378847911084,1,28.509374290150124,28.43754837559634,1
827,829,-0.005997083400333056,2,28.514496465033005,28.372007148078733,2
830,832,-0.010290732634827271,2,28.151776191709512,27.890225565916843,2
833,837,0.01828561654074355,4,27.940269140681437,28.47911445737379,4
838,840,0.0054455953294768366,2,28.609745855272365,28.794152699534628,2
842,843,-0.0003257871841513319,1,28.647637602824183,28.666952207239795,1
846,848,-0.003428946901942632,2,28.634828596249196,28.56527611804268,2
850,852,-0.00634954139511706,2,28.324775871070862,28.173251310041156,2
856,857,-0.0036238803596036007,1,28.124416868354757,28.050621763308577,1
858,859,-0.004647030298399956,1,28.00195152900984,27.899827563369215,1
865,866,-0.005432793113874935,1,27.84514368259913,27.721711921428046,1
868,870,0.00048044712695696616,2,27.6667061365221,27.70766523213428,2
872,874,-0.004125516234659569,2,27.924593280531358,27.83731451088679,2
876,877,-0.005191098176979384,1,27.758954398207322,27.642613895034142,1
878,879,-0.004761862831775047,1,27.517147554717585,27.413631820095024,1
880,882,-0.006688358427770289,2,27.350882337652973,27.19530071560063,2
884,885,-0.000777520612728421,1,27.130795853250113,27.136831896087735,1
886,890,-0.002465212874958308,4,27.197492406304825,27.157642290264526,4
891,892,-0.0013880771664074587,1,27.07287359067765,27.06236722660807,1
893,897,0.010619100245239765,4,27.053568684052177,27.36790681058366,4
899,902,0.004708011155143614,3,27.285017161196865,27.440760343521262,3
903,905,0.0006901754818780627,2,27.514897426360548,27.561402431376973,2
907,908,0.0034395347961177778,1,27.60171495735674,27.72425373134245,1
914,918,-0.01847585739852048,4,27.754199724989675,27.2691712883857,4
919,922,-0.00546351951478459,3,27.35946473103516,27.237345226294124,3
924,928,0.00223609729157049,4,27.091504278262324,27.17917502188178,4
929,933,0.0017769653521313216,4,27.266054849441982,27.341771739048195,4
937,940,-0.006409052174762825,3,27.25726597252079,27.10982999873404,3
941,942,-0.006284740753450801,1,27.02831282871914,26.885475202416192,1
944,947,-0.012022483203359496,3,26.628588584366383,26.335075413966035,3
954,959,0.006036224355305076,5,26.59623057195522,26.783367617264922,5
964,966,-0.005413012116865337,2,26.533007244208346,26.41591676174278,2
967,969,-0.004020001495484338,2,26.48159836723803,26.401623900566154,2
973,974,-0.0022915713616133045,1,26.190265821990632,26.15643922470191,1
976,977,-0.003202204451403129,1,26.196157774194837,26.138468478934847,1
985,989,0.012426506632506405,4,25.732866182558784,26.07836868103231,4
990,992,0.0031317151299347853,2,26.24371267291205,26.352144217628382,2
993,997,-0.0062208666412320954,4,26.376401744377326,26.23869406839437,4
1001,1003,-0.004753405106134971,2,26.098073421208433,26.000116779168984,2
1011,1012,0.004006293216621067,1,26.216312417888876,26.34755896491137,1
1013,1016,0.012627525358942033,3,26.510307709952986,26.871577600543727,3
1022,1023,0.0005173146920016093,1,27.589193710855454,27.631055199813414,1
1024,1025,-0.0011323439979262593,1,27.717992453718715,27.7143241437829,1
1028,1029,-0.0006640216431870731,1,27.589144240497447,27.598413595845244,1
1030,1034,0.013583497921962666,4,27.775345647581176,28.18040734311447,4
1038,1040,-0.001232725430756457,2,28.394726775977233,28.388118600957082,2
1044,1045,2.5466458334827587e-05,1,28.48429363994183,28.51350332765895,1
1046,1048,-0.008774154810490868,2,28.284378377973013,28.06449124174415,2
1049,1050,-0.00537443721065664,1,28.0012208904675,27.878731307860424,1
1051,1052,-0.0022085517540108984,1,27.80375002085735,27.770147750001563,1
1055,1056,0.00740247399204945,1,27.90711386909483,28.14160266757306,1
1058,1059,0.0012296302552709994,1,28.304190240511073,28.367298119422262,1
1062,1066,-0.006664304585878996,4,29.434700733652704,29.2679736233031,4
1071,1072,-0.011271429162625957,1,29.03418993193887,28.73596730675873,1
1073,1077,-0.00052632036134937,4,28.70967998488786,28.723279175728877,4
1083,1088,-0.021817560343044697,5,29.061741989104092,28.456747421571922,5
1089,1090,-0.0016565733686001501,1,28.498996401132853,28.480284719064038,1
1091,1093,-0.011916680400125713,2,28.54282196647902,28.231229101353282,2
1094,1097,-0.008488308180933928,3,28.102910060245268,27.892466808933083,3
1099,1100,0.0008697232560081756,1,27.767587215270265,27.81950491884989,1
1102,1103,0.0019766500836121306,1,27.92194029382831,28.005054139738547,1
1105,1106,-0.0006190675710097363,1,27.981900354371543,27.992559567641297,1
1111,1116,-0.040944652884687606,5,28.18196779160317,27.056248870560136,5
1118,1121,0.0033753320712953463,3,27.172700631283433,27.291590219819195,3
1122,1124,0.0032171028597097586,2,27.453989042983878,27.569765338687485,2
1131,1135,-0.004596961864149846,4,27.640127792590516,27.54070730700034,4
1139,1140,-0.0019213742002449684,1,27.886175021741543,27.860481419532995,1
1141,1143,0.007492649684641997,2,27.884682325169617,28.12149716372481,2
1144,1145,5.084956991617908e-05,1,28.216502144587757,28.246153443730936,1
1149,1151,-0.002209407186293157,2,28.554096562754484,28.51956303317338,2
1155,1156,-0.0028140293548791313,1,28.68040234496038,28.62837525319688,1
1159,1161,-0.00620602955043521,2,28.387007978528594,28.239224376143934,2
1162,1163,-0.0016809804454474748,1,28.19238575568665,28.173187292276516,1
1165,1166,-0.00040057399974800757,1,27.952062677912718,27.968817871042532,1
1168,1169,-0.006482087211425521,1,27.902646029959612,27.749681290993838,1
1171,1173,-0.0029758526928297495,2,27.69796960613032,27.643242498298132,2
1174,1176,-0.013457242042397705,2,27.49735762417527,27.154816384724548,2
1177,1180,-0.008885266510007546,3,27.064384430513535,26.850974546349637,3
1181,1183,-0.0017388161003501002,2,26.690187886374765,26.670468745842943,2
1184,1190,0.008948199719212947,6,26.716628664230996,26.982411022006815,6
1192,1196,-0.007554402347305902,4,27.096831198656673,26.919227664643646,4
1197,1198,-0.003142288588007609,1,26.925433928841088,26.86775187900818,1
1199,1201,-0.0017425487340021382,2,26.852285644863716,26.83234651415306,2
1207,1208,0.0008294921680274655,1,26.986177642831834,27.035548643474392,1
1209,1213,0.011197960250306727,4,27.29894444503284,27.631935884248684,4
1214,1218,-0.001430330104059899,4,27.605415663006607,27.59353622161173,4
1219,1223,0.008543177824321013,4,27.742367648047356,28.007117995780362,4
1225,1228,-0.014727630734123708,3,27.976326456934313,27.592277778036223,3
1229,1231,0.002923593009566197,2,27.541714234095437,27.649776711535804,2
1232,1236,-0.0035580569498834145,4,27.748435962712744,27.67745388324993,4
1238,1239,-0.004239450367300075,1,27.49030442936278,27.40125095258189,1
1241,1243,0.002943071403849495,2,27.46473704911505,27.573032468387662,2
1245,1251,-0.03448576222508515,6,27.61226230549966,26.687644655441016,6
1252,1256,-0.01234995448809862,4,26.728575531540265,26.425207415725577,4
1257,1262,0.00908713466793783,5,26.420222752684452,26.686727097547696,5
1263,1267,0.00477672935499464,4,26.845729028896702,27.00080953983416,4
1273,1274,-0.004987841721708286,1,26.865981695888514,26.758844413187,1
1275,1277,-0.004733252772600916,2,26.62116312738109,26.521779596325935,2
1282,1283,-0.008724971733536698,1,26.40874186592665,26.2047350814941,1
1284,1286,-0.006692550398033542,2,26.14150741260549,25.992695564178664,2
1289,1290,-0.00014678555898151643,1,26.14157682750642,26.163881198366642,1
1295,1300,-0.004609351055024117,5,26.03876155356323,25.944778522078355,5
1304,1307,0.007595252410078136,3,25.142697408265896,25.35880523876016,3
1311,1312,0.00481924999513505,1,25.793063026285786,25.943159308176018,1
1313,1315,0.01051980557971089,2,26.101916789294755,26.402605795965222,2
1316,1317,-0.010664360678275149,1,26.569581132783547,26.312803117645633,1
1318,1322,-0.01441345806211861,4,26.004955665457643,25.656139283231774,4
1329,1330,0.002816531896608481,1,25.39206242683742,25.48897204301012,1
1331,1332,0.006904421303162101,1,25.644828872530237,25.84753640418621,1
1333,1337,0.007209335063689566,4,25.902172693281717,26.114812307798417,4
1346,1347,-0.0006910394968840245,1,26.350768983924773,26.35891033076754,1
1348,1349,-0.00217698030680619,1,26.329718733867047,26.29872917343354,1
1354,1366,0.006875639287240048,12,25.66972586647099,25.87189136799765,12
1368,1375,0.024979194806425204,7,26.04980353486073,26.72655645556198,7
1378,1382,-0.001414721706986255,4,26.680196227481485,26.669131370959295,4
1389,1391,0.00410095752628085,2,26.495510201115135,26.630662673288164,2
1395,1400,0.0010604694253169436,5,27.287827208855276,27.344052942502454,5
1401,1405,0.001397339559553872,4,27.346394393655473,27.411952986746545,4
1408,1409,-0.006234338588575167,1,27.335402756478892,27.19232000299641,1
1413,1414,-0.0007534084708031143,1,27.021432697360787,27.02809595377072,1
1417,1424,0.0055264655831100944,7,27.12634942845083,27.303388614391032,7
1426,1427,0.003472457252180222,1,27.675309854026263,27.799086494289238,1
1429,1435,0.001527288764447333,6,27.865635706085417,27.93606021411959,6
1437,1440,0.0014471334531383916,3,27.871812851450493,27.94001889707889,3
1444,1445,-0.003900311672746126,1,28.03754789939794,27.956230271950137,1
1448,1456,0.010963145900462701,8,27.58811947525691,27.918160173658805,8
1457,1460,-0.015771969566131992,3,27.875353749896465,27.46357987265783,3
1461,1463,-0.010368846920888932,2,27.364660838042226,27.108285519608565,2
1465,1466,-0.0005002846334945415,1,26.959310395022825,26.97278237669761,1
1468,1469,-0.0026209991182392636,1,27.061882663567474,27.018015375631936,1
1470,1474,-0.005897824710505448,4,27.05649245650512,26.923974499172044,4
1475,1476,-0.007556083366694614,1,26.743518013268332,26.568185279654646,1
1477,1478,-0.007562877068646631,1,26.483656348234067,26.309847367292324,1
1479,1480,-0.0008047136396167958,1,26.381555833982556,26.38670779200262,1
1486,1487,0.0035388280810787417,1,25.911645052706508,26.029253554898677,1
1495,1497,0.0016157743298743465,2,25.33730581344259,25.40358248757757,2
1501,1503,0.0044486389270947625,2,25.68831155192555,25.82827788621871,2
1509,1513,-0.009950136427470817,4,25.87253906843128,25.64097631404375,4
1520,1521,-0.002428209697722866,1,25.75843146452844,25.72164302291267,1
1523,1526,0.0015044542095957415,3,25.827123415110155,25.891806263068876,3
1528,1531,-0.010717972758398638,3,25.6666889811556,25.417260796838438,3
1532,1540,0.0019727947678999935,8,25.412651284105078,25.488197880880932,8
1541,1542,0.000870241820467947,1,25.580132196537892,25.627973229544956,1
1543,1544,-0.0011736173161677997,1,25.753869538125343,25.7493982204152,1
1546,1547,-0.0028708299307048935,1,25.767365503070735,25.719159144452178,1
1551,1553,0.005897479910715432,2,25.789641025033916,25.96752455590865,2
1554,1556,-0.0074953638600835796,2,25.950553477631377,25.781995190423604,2
1557,1560,-0.005699876095709545,3,25.77116713533882,25.650045842960907,3
1563,1564,0.0016240473070731442,1,25.83248197176443,25.900267626517454,1
1565,1566,0.001594183812531966,1,25.98868798057551,26.056107414243662,1
1567,1571,0.005704209518767544,4,26.1391789935753,26.314421526196796,4
1572,1573,-0.0026391918006059252,1,26.418611730063734,26.375306558332422,1
1574,1582,-0.020714362658542138,8,26.379456700944,25.85940252480628,8
1583,1584,-0.0011502990029944383,1,25.931357315130324,25.927459857979567,1
1585,1591,0.01475010628819487,6,25.95007963589233,26.358796148344755,6
1596,1599,-0.010106869734615938,3,26.253992502011148,26.01490081228175,3
1601,1602,0.0020976748911898995,1,26.069870547895118,26.150626531307903,1
1603,1608,-0.017477686798966413,5,26.233847032614072,25.801573917678663,5
1611,1614,-0.0032937863041021752,3,25.371072877194727,25.31287705770864,3
1615,1617,0.004278452797232716,2,25.36079665861487,25.494662426677586,2
1623,1627,-0.01142212140055204,4,25.56813358501473,25.301659392806176,4
1628,1631,-0.01671354696289191,3,25.17963092292646,24.78396960991077,3
1636,1637,-0.005208404765335772,1,23.79355001694353,23.69341712766797,1
1638,1641,-0.020898945324953344,3,23.758071641413764,23.285311072794947,3
1647,1648,0.023379152397692966,1,22.277790364599042,22.820904010981458,1
1649,1650,0.011870255410888673,1,23.529816392959813,23.83265113970852,1
1651,1652,0.00977971670338235,1,23.91334568657934,24.171124778510716,1
1654,1660,0.07140713572614525,6,24.226925275381642,25.98112754202338,6
1661,1664,0.01985059319235715,3,26.601818113382077,27.156481801041284,3
1665,1668,-0.005429858897088267,3,27.440881733158136,27.31932249906856,3
1673,1674,-0.006109801350239674,1,26.902388874248494,26.764923011254186,1
1676,1677,-0.011362549789574159,1,26.403063853569144,26.129460789789228,1
1678,1681,0.012227063633119407,3,25.734480974889703,26.07487259230987,3
1686,1689,0.01211660256743647,3,26.418176516802923,26.76469323873021,3
1692,1696,0.022120695102273283,4,27.268183348148302,27.898642701333724,4
1698,1702,-0.014983750063136791,4,28.01108632732048,27.619386297122283,4
1705,1708,0.05746652624501844,3,28.15731466533418,29.803575042204184,3
1711,1715,0.0180595959960349,4,30.279099517015585,30.856206920933637,4
1722,1723,0.007954290299364907,1,32.050259569195376,32.33724689754795,1
1725,1726,-0.002237712598748504,1,32.429962172273655,32.389823199516094,1
1730,1732,-0.017322196202056606,2,31.896369061672264,31.37575026771444,2
1733,1736,-0.010289080780055613,3,31.210434828104006,30.920518577805087,3
1740,1741,-0.0013325339361181542,1,30.989096939751626,30.978792013369503,1
1742,1744,-0.0035725181280496384,2,31.18071665433387,31.100503695495018,2
1745,1746,-0.013984310867683713,1,30.882485991230883,30.481498192753854,1
1748,1752,-0.0026566056314214653,4,30.43033674651881,30.379925679298477,4
1756,1764,0.02232597545283582,8,30.438633128983103,31.148643938167638,8
1767,1768,-0.0036927664552131654,1,30.43551179350951,30.3535560683047,1
1770,1772,0.0655403591415184,2,31.395566633290645,33.48463891252128,2
1776,1777,-0.004378692918861039,1,33.52811970154012,33.4148384809218,1
1778,1779,-0.00047629388844518366,1,33.64088706196447,33.658505000116946,1
1780,1783,0.008214798393764863,3,33.549531110482654,33.858683275871094,3
1785,1787,-0.022423556720599494,2,32.628170291016474,31.929158834097503,2
1788,1789,-0.01160483349482231,1,32.178699172517234,31.837449425712713,1
1791,1792,0.014814365112659926,1,31.170140343627704,31.663076323634684,1
1794,1799,0.07511658632875341,5,32.58235825433635,35.06241613919691,5
1801,1805,-0.005205877214937821,4,35.06894294546001,34.921447277373744,4
1809,1815,-0.010149606166526725,6,33.841998795988886,33.532357835117516,6
1819,1822,-0.02764441218937749,3,32.47592761990208,31.61062561816502,3
1826,1828,0.017822155869969828,2,29.89195798534096,30.454589077799636,2
1832,1835,0.014206415994020824,3,31.290677745808264,31.766496808345874,3
1838,1839,-0.015077414900622341,1,30.86817498805953,30.433630881527602,1
1841,1843,-0.004310685613799567,2,29.921571643215984,29.822510726434516,2
1850,1851,0.0033420421824326444,1,30.411530723844958,30.54357887308024,1
1862,1863,-0.0035445872570760203,1,30.803290397129132,30.724908736908585,1
1868,1870,-0.0014469183139195166,2,30.299673746125382,30.286132267022452,2
1874,1876,-0.00797898092229387,2,29.709859711223476,29.50251516709482,2
1878,1879,0.0017861968708941067,1,29.70756034842718,29.790331460111865,1
1881,1887,0.012049956134409998,6,30.26658785269407,30.661565496509994,6
1888,1891,0.006034422229444208,3,31.06245720747121,31.280963646952603,3
1892,1893,0.0015351801337575507,1,31.716806753367344,31.797214571754708,1
1894,1896,-3.1228579294890384e-05,2,31.935071318198737,31.966009102609988,2
1901,1903,0.0061271104970652196,2,31.709348712626177,31.935344744691037,2
1908,1916,-0.017672458970998683,8,31.933039934397033,31.400637636271536,8
1917,1918,-0.005353345951593466,1,31.50897846656863,31.37180898272235,1
1921,1927,-0.0012085808126483647,6,32.55090721125109,32.54411771657253,6
1933,1934,-0.006844014313954503,1,32.567526888034145,32.377201794730375,1
1935,1937,-0.012596526614516598,2,32.456752849168424,32.080367250932255,2
1946,1949,-0.007392164300116387,3,31.532538220048288,31.33097705494604,3
1953,1954,-0.0007345188271322654,1,30.745510343249418,30.75367269739576,1
1955,1956,-0.0017930293343628562,1,30.690494644970464,30.666156182430896,1
1960,1961,0.009490738292739553,1,31.66742180168126,31.999636436208494,1
1963,1965,0.005201561447379377,2,33.0056637407468,33.21035039254658,2
1969,1972,-0.006097462373594725,3,34.391986315717105,34.21667445951955,3
1973,1975,-0.011374898209191579,2,34.243273951701774,33.888003470103406,2
1977,1979,-0.000883854504953279,2,33.81594137943277,33.81986894868476,2
1984,1987,0.0004932135535155122,3,33.27842384422753,33.32811563775137,3
1989,1990,-0.005102781129702694,1,33.50225028580558,33.3647978855304,1
1991,1992,-0.002705962081437142,1,33.3753802650744,33.318443131888635,1
1993,1994,0.003791663313959859,1,33.43772145494502,33.59794375814309,1
1996,1997,-0.0025964289222893304,1,33.87837083641641,33.82428642537311,1
674,675,-0.0024265659555280147,1,27.103095416158865,27.064431062948746,1
677,678,-0.003780896460127166,1,26.847332447409343,26.772672795642485,1
681,683,-0.002430343504969894,2,26.305188621082923,26.26756316539175,2
684,685,-0.003608130552292605,1,26.219247498224533,26.150864277766292,1
686,691,0.012983461998497422,5,26.10898635344612,26.474080371938822,5
700,702,-0.0019611143374535585,2,26.984951845315646,26.95901622120162,2
707,708,0.0015300761228202306,1,27.705261258342365,27.775357678328593,1
711,713,-0.004696499080750429,2,27.409388224453618,27.308069446077994,2
716,718,-0.012019279610433128,2,27.07569347399135,26.77733883695506,2
719,720,-0.0011405508924312302,1,26.661077421919597,26.657330183694768,1
723,724,-0.009904947683694966,1,26.828765240240998,26.589856489358517,1
725,730,-0.019237373801835714,5,26.452223983352972,25.96980488667868,5
732,735,0.013937575133809981,3,25.928650836487805,26.315962006476166,3
737,738,0.00087622308115346,1,26.585149729563014,26.63502940110154,1
739,749,-0.007070493165649481,10,26.517957892952293,26.356980810796145,10
750,754,-0.008550291450681598,4,26.3876816948305,26.188447007326715,4
756,757,-0.0029733108275417103,1,26.331979102129104,26.28001792265627,1
758,760,0.00433576461086412,2,26.397009995396708,26.537858227162772,2
764,770,-0.002202469478374157,6,26.98283073516446,26.950384704765288,6
771,774,0.0033481650017429315,3,27.122141418435323,27.240072964523286,3
776,781,0.01913638856632523,5,27.200736905351327,27.748461512967864,5
784,788,0.00862362693084729,4,27.933181606472385,28.20200012524468,4
790,791,-0.007944581100918266,1,28.014416380451912,27.81986799390297,1
792,793,-0.004382486180805485,1,27.819932995867074,27.72583245695762,1
794,798,0.007969422419099738,4,27.672354288096496,27.92055932303742,4
799,802,-0.0008847187080772618,3,28.110887097145685,28.11412775652734,3
805,814,-0.001680004303145099,9,28.52308482404456,28.503689003625237,9
818,819,-0.0009851725539852378,1,28.434433759333626,28.434855369365152,1
824,825,-0.005415438080382571,1,28.67620194071178,28.549583946662022,1
833,834,0.0007910729594494167,1,27.935728278639047,27.985763206161444,1
840,841,-0.005337764765453624,1,28.780320909300748,28.655478647321935,1
843,844,-0.004423367614938542,1,28.721350274391327,28.62302653400467,1
845,846,-0.005077749852964251,1,28.678375811664566,28.561432568915297,1
847,848,-0.0011021512889124866,1,28.602750786991507,28.599828979132173,1
849,853,-0.013397792982546012,4,28.4480878418874,28.095394338074396,4
858,862,-0.009705689699306505,4,27.95115460592693,27.70782052719039,4
865,866,-0.007627956479358896,1,27.847052623223618,27.662483570358475,1
869,876,-0.0004875835233809785,7,27.721188787260115,27.735393581146173,7
877,878,-0.007108333911842419,1,27.709825155316636,27.54056429062919,1
881,882,-0.0024907583646552912,1,27.209249574361955,27.16868715796298,1
883,885,-0.0036647593443771254,2,27.1752763256504,27.102860754125594,2
886,888,0.0017317857334682445,2,27.195734405760703,27.27002732502155,2
889,891,-0.006494483678507879,2,27.209970781971904,27.060466041617683,2
893,895,0.0015028697606575213,2,27.03525701578177,27.102922743038175,2
900,902,0.001731605093489512,2,27.34239027060562,27.417078883136984,2
904,905,-0.001519915966418153,1,27.561687210890884,27.54735744964852,1
909,912,0.00390653457226887,3,27.766533200417967,27.90277065551787,3
914,917,-0.014481113164311263,3,27.734995564623357,27.361096950805,3
918,919,-0.0032194405898427793,1,27.341160653469778,27.280478571742055,1
922,926,-0.008644160782840582,4,27.255884254437415,27.047535892918003,4
928,931,0.0012499069342987836,3,27.232311814767804,27.293581981956837,3
932,934,0.001740813106673426,2,27.258076337113607,27.332785630001073,2
942,943,-0.010317883849663246,1,26.93252469949868,26.681570562570563,1
945,946,-0.008294894971503066,1,26.548076404744243,26.354410975676196,1
954,955,-0.00212978641366517,1,26.62740765384056,26.597324370442127,1
957,959,-0.0007542557069231799,2,26.781983401823027,26.788564921401303,2
961,965,-0.012917269875372214,4,26.786209720691573,26.466991230511773,4
970,971,-0.004901974800368362,1,26.370335359328458,26.267438975279095,1
972,974,-0.00014125028735000207,2,26.20679874127922,26.22930382216777,2
977,982,-0.005822762060393022,5,26.19808226759101,26.071735150375815,5
984,988,0.008033219398450638,4,25.77610063360925,26.008941805869185,4
989,993,0.008294996632845573,4,26.130825520014444,26.373711455236453,4
999,1002,-0.010867144746892713,3,26.226778011239944,25.967994596358416,3
1003,1005,0.0007046766910300216,2,25.97721590904882,26.02149866350683,2
1006,1010,0.00030127628721546436,4,26.10314377910146,26.137111181122982,4
1011,1012,0.0017258161282577866,1,26.253746647997122,26.325309534037427,1
1014,1021,0.029920070755135923,7,26.625369312193598,27.44862761520825,7
1024,1027,-0.00713032945285872,3,27.71630539735447,27.546395314052642,3
1029,1030,0.0027264939030589666,1,27.63358619538072,27.73656258585746,1
1033,1037,0.0038311739937900375,4,28.124749845399258,28.2606254054342,4
1038,1039,0.0009066545235116934,1,28.40714363073575,28.461306239639338,1
1041,1043,-0.0038159627856990306,2,28.49573552000969,28.41549258923422,2
1046,1048,-0.008528000612477382,2,28.322323302285948,28.109112835119557,2
1049,1050,-0.0058165926506529774,1,28.021540613505195,27.886572266926212,1
1053,1055,0.0024670710514341264,2,27.820295222637743,27.9167501628465,2
1057,1058,-0.0006041614167964253,1,28.27616315662482,28.28735595298717,1
1065,1077,-0.023465572895833533,12,29.39744871040915,28.737018183453927,12
1079,1081,0.0035076960485667507,2,29.05730800359007,29.18828951605984,2
1082,1086,-0.021263721034986763,4,29.16458389041826,28.573600898361356,4
1087,1091,-0.0029642965168363224,4,28.4750645802514,28.41913111007972,4
1092,1093,-0.008347522992978546,1,28.385905685308074,28.177339590608753,1
1094,1095,-0.003697831924077146,1,28.07149005130587,27.99575788928904,1
1096,1100,-0.008418546965361783,4,28.014202509908042,27.806377832891133,4
1101,1106,0.004938833129427438,5,27.811682793464954,27.97685173662391,5
1109,1114,-0.02363202853448846,5,28.273016948160095,27.63314122183326,5
1115,1117,-0.010656775633001853,2,27.302066318954182,27.038416390194705,2
1119,1120,-6.151299634259057e-05,1,27.17857974455141,27.204086488419538,1
1123,1124,0.0018582616236832955,1,27.50206583508418,27.580673934432614,1
1125,1131,0.0009129238924803793,6,27.53604279283633,27.58871714699911,6
1132,1135,-0.0031254283631414093,3,27.59336809106544,27.534720363890088,3
1136,1137,0.0022719382991195974,1,27.60625282944993,27.696578785377785,1
1138,1140,-0.0012725629837708442,2,27.86623298462147,27.858637681012727,2
1144,1149,0.008082646022717774,5,28.248167863241274,28.504735972733407,5
1153,1154,-0.00272112987686472,1,28.706649224801644,28.657241353156163,1
1155,1157,-0.003901127689414378,2,28.664567533205364,28.581407962629694,2
1160,1163,-0.006553611674040207,3,28.29121374086927,28.134095325965212,3
1167,1169,-0.006444919598411321,2,27.936419953286496,27.784308392773397,2
1171,1172,-0.00505458205610485,1,27.778822418823218,27.666190903904134,1
1173,1174,-0.007017901671235586,1,27.680378093036257,27.51380029944974,1
1175,1177,-0.009253454013377849,2,27.279923380076976,27.05476978697104,2
1180,1182,-0.007849700145185478,2,26.834111083858634,26.650305469271604,2
1185,1186,-0.0006320695416174795,1,26.68539414153721,26.695212510835823,1
1193,1194,-0.0020028651941731562,1,27.124834123628787,27.09763157158848,1
1197,1198,-0.0010941921614711213,1,26.876318459225548,26.873786920697487,1
1200,1201,-0.001934296482844443,1,26.903661392336836,26.87852539612234,1
1202,1205,0.0022416615250702137,3,26.94858558147044,27.035943774504954,3
1206,1208,0.0042903366801861735,2,26.953926958796877,27.09652230726206,2
1212,1213,0.00047519392531711205,1,27.68271009541314,27.723547461182207,1
1214,1224,0.013797939738725059,10,27.569813550793594,27.977789990326123,10
1230,1235,0.00047228064282604895,5,27.650423571431435,27.691132754821595,5
1237,1238,-0.004277363260738571,1,27.601282398767424,27.510822969884433,1
1240,1241,0.0005657259030941034,1,27.398787458571366,27.44168644980862,1
1243,1244,-0.0012398829134940596,1,27.64345969586731,27.63682850221641,1
1245,1246,-0.006471828549354119,1,27.593798839621535,27.44281030334576,1
1247,1248,-0.011063821761126573,1,27.30700749745976,27.03219464117558,1
1252,1253,-0.007081691499222415,1,26.69618333911163,26.533825387836472,1
1255,1258,-0.010545848582011283,3,26.625298876202265,26.371137804679243,3
1259,1260,0.0021809873586806344,1,26.366624162166563,26.450496060317498,1
1264,1268,0.004716422177349246,4,26.86085169160459,27.01439965991697,4
1277,1278,-0.0031344091054241745,1,26.54792067881486,26.49125655518792,1
1283,1287,-0.011567329909694626,4,26.269607229147343,25.992007622958845,4
1296,1298,0.002212165858732965,2,25.932833184879946,26.016133746256635,2
1303,1304,-0.015385467774607607,1,25.463606297478382,25.09730040966071,1
1305,1307,0.004466114791332005,2,25.164492457015456,25.30204446145111,2
1308,1309,0.001340116480204562,1,25.516047222156402,25.575757744770648,1
1311,1312,0.0015525175645223583,1,25.851407353511405,25.917393524848865,1
1314,1316,0.005563593433313181,2,26.328567016243667,26.50137702582003,2
1319,1323,-0.009884166410277926,4,25.792446802848644,25.563302413323896,4
1324,1331,0.0028643932878993205,7,25.550198497339604,25.64893451291722,7
1334,1337,0.0071909445783300855,3,25.93034188982999,26.142735883146738,3
1342,1345,-0.00034080167057014277,3,26.419233472577073,26.436648987147013,3
1347,1352,-0.017721612134049117,5,26.41085902894343,25.96922688813439,5
1353,1354,-0.005673444558694533,1,25.802325096414048,25.681739360590544,1
1355,1361,0.011237868888927013,6,25.56637124280919,25.879249142044323,6
1362,1363,-0.006656038436572263,1,25.91578377095956,25.769203101837117,1
1364,1365,-0.0024588108582483583,1,25.84563604096851,25.80793214647361,1
1367,1368,0.0007252129512563996,1,25.97994406618287,26.024765002158766,1
1369,1373,0.01692995443115896,4,26.096663014515745,26.564574993171323,4
1374,1377,-0.0013829150449234861,3,26.68135688871084,26.67114019573918,3
1379,1384,-0.0011424153314075701,5,26.572415886458412,26.568631567043642,5
1387,1388,-0.0034610172974780785,1,26.50584852609568,26.440617174388624,1
1391,1393,0.009456529403956884,2,26.663554443132046,26.94236268418066,2
1395,1396,-0.0017519468937261759,1,27.24143825614906,27.220954141271715,1
1399,1402,6.185930843143257e-05,3,27.35220693682124,27.381251132363246,3
1403,1404,-0.00034176715782527616,1,27.51517734784208,27.53328874123069,1
1406,1409,-0.009415096954160946,3,27.419708371204788,27.18896886680628,3
1412,1415,-0.00237464078794999,3,27.089931498634723,27.05269257385393,3
1420,1421,-0.00014152644050585564,1,26.87174574143183,26.8948144246483,1
1422,1423,0.0020182361198163782,1,27.12365778014733,27.20552338376091,1
1427,1436,0.0013963106527366451,9,27.83018629839151,27.89687607028599,9
1437,1440,0.002725319399702943,3,27.845649736530223,27.949383675691053,3
1441,1442,-0.0003246982695630032,1,28.02883325648954,28.04776117608978,1
1447,1450,-0.004699925518494224,3,27.648314015694158,27.54601731312415,3
1452,1453,0.001088556794828948,1,27.68494294925082,27.74276452496193,1
1454,1455,0.0013691687459295725,1,27.816358254591993,27.882259901194352,1
1456,1457,-0.002226316911200037,1,27.91445404677945,27.88022207971497,1
1458,1460,-0.0054164651314174365,2,27.623554473574192,27.50155600843584,2
1461,1464,-0.014417254513537078,3,27.40813313382408,27.040391235826654,3
1466,1469,-0.0004679465733259567,3,27.021543795727936,27.035920700698476,3
1470,1471,-0.0019157104276873746,1,27.01318377223495,26.98844751816968,1
1475,1477,-0.013475900294180852,2,26.781533261322036,26.447409522628494,2
1486,1487,0.002368810477414512,1,25.93266454611883,26.02002677814907,1
1489,1490,-0.0033039543087655713,1,26.07289639979276,26.01282563779046,1
1494,1495,-0.01099978455075053,1,25.58901384916722,25.333129223809376,1
1503,1505,-0.008419971490558304,2,25.80503761198297,25.613564968589273,2
1507,1509,0.004240771038953951,2,25.643117137885884,25.77750684353062,2
1511,1513,-0.003287080405485564,2,25.758777767732738,25.6998653718309,2
1522,1523,0.0011535155215656122,1,25.81159768759397,25.86718336385061,1
1524,1527,-0.0037276428212260223,3,25.872173511745693,25.801603463396866,3
1529,1530,-0.003925116646158489,1,25.560972079656356,25.48620325473416,1
1532,1533,-0.0005503461641469434,1,25.37475300508394,25.3861628601065,1
1537,1538,-0.0004421146083134242,1,25.284102292963492,25.298207924274646,1
1541,1544,0.0019719276566891987,3,25.613569085007892,25.689690759358147,3
1549,1553,0.008377232593285027,4,25.69363459766766,25.934569785456866,4
1554,1555,-0.001036240702140523,1,25.84425389880967,25.843317284902078,1
1556,1561,-0.005273933431357375,5,25.79946233248546,25.689197147911607,5
1567,1570,0.003547714364418796,3,26.14621230262703,26.26511780789083,3
1571,1572,0.0005308212220892503,1,26.37595940572005,26.41633628413129,1
1578,1579,-0.006574295861723711,1,26.465624154791026,26.31809693558704,1
1581,1584,-0.00625603812387221,3,26.035783302572938,25.89893823294974,3
1587,1590,0.00781296962579726,3,26.052575036684363,26.282175589156466,3
1591,1595,-0.0006833262429186988,4,26.381317727363307,26.389671998364786,4
1598,1600,-0.0006944295546801255,2,26.074164333814487,26.082131827821314,2
1601,1606,-0.00039503401501415404,5,26.042973456580885,26.058728569670006,5
1607,1614,-0.02412206915363758,7,25.90564613072896,25.306653989424582,7
1615,1618,0.0074731491755391346,3,25.335853712058103,25.55052818005001,3
1620,1622,-0.003747427521752585,2,25.573738520216306,25.50347652717176,2
1623,1624,-0.0026976067202519995,1,25.505699783680697,25.46240113632319,1
1625,1627,-0.006529100322977532,2,25.379744518600916,25.239417364986032,2
1630,1634,-0.0327960924970124,4,24.998380634633122,24.203529811698804,4
1636,1638,-0.0019220113954048154,2,23.75572353036817,23.733820482567083,2
1639,1640,-0.009377717196820075,1,23.594295074614177,23.396628743020734,1
1643,1650,0.03733973018156402,7,22.921675702957476,23.800486564718177,7
1655,1656,0.009682563860636442,1,24.393425461453084,24.654009786724732,1
1658,1659,0.01358122767849589,1,25.063836940799323,25.429298453729814,1
1661,1662,0.01536680769996416,1,26.593611940047598,27.028864472717828,1
1663,1664,-0.0014198847564347446,1,27.142313609476563,27.130916965737573,1
1666,1670,-0.040054979845807255,4,27.782268856343922,26.69723290608861,4
1672,1673,-0.011315173084126696,1,27.13746854160938,26.857540856537636,1
1674,1678,-0.03848698451066465,4,26.791508593301817,25.787175725647373,4
1679,1680,0.008496828362740533,1,25.661444069439714,25.90514639930725,1
1681,1684,0.01341836363667269,3,26.08360636717918,26.459689288737,3
1685,1686,-0.004398528699530976,1,26.505748131032718,26.415667585306863,1
1688,1690,0.01516524141109097,2,26.576802217972254,27.006422641760594,2
1691,1697,0.033470762902228994,6,27.142227926319453,28.07784122980587,6
1699,1700,-0.001966776353778214,1,27.853051963503837,27.826124291484966,1
1705,1707,0.04314754771858104,2,28.15870972224154,29.40184770339787,2
1710,1717,0.006939381235798824,7,30.11021913518364,30.34927564399131,7
1727,1728,-0.012258684832691054,1,32.263270711041976,31.900028714434562,1
1735,1736,-0.0033606418976659014,1,30.996422297745916,30.92325084459211,1
1737,1744,-0.0008436368690673694,7,31.111471138601225,31.116335825636376,7
1747,1748,-0.004104445238661596,1,30.401434328653277,30.307054740603206,1
1753,1754,-0.002002713715729459,1,30.45715178514539,30.42661198130837,1
1758,1760,0.015560651906707707,2,30.444280544050205,30.948457676690374,2
1762,1763,-0.0066889763430880225,1,31.4694677605903,31.290438702970732,1
1769,1770,0.025477071737121517,1,30.623414158802863,31.43423249232107,1
1774,1775,-0.009336057235701776,1,34.10314447184881,33.81885870761407,1
1777,1780,-0.00025624218700278755,3,33.48308804281787,33.50799135115299,3
1785,1786,-0.02112731667848817,1,32.607415128096136,31.95111535774602,1
1787,1788,0.005885661850159016,1,31.91633889092759,32.1361040080256,1
1792,1800,0.10329904228269418,8,31.74476739884432,35.055716236030676,8
1804,1807,-0.02731012051167796,3,35.3578910274591,34.42762065348787,3
1818,1819,-0.009538522661088407,1,32.75213972715919,32.47248483989971,1
1820,1821,-0.013823106916225358,1,32.22858253727263,31.81531197763879,1
1826,1829,0.028239811162612757,3,29.863863501421918,30.737077230789538,3
1834,1836,-0.012160642289520268,2,31.91737146674503,31.56115310098295,2
1842,1844,-0.006820881701794647,2,29.992429365514802,29.81784698222871,2
1845,1847,0.008651279368201665,2,29.9546869288199,30.24378798075696,2
1849,1850,0.00498113916587391,1,30.21104711541032,30.391743592554363,1
1856,1859,-0.014578361848787504,3,31.100469470770538,30.678176042629246,3
1864,1866,-0.003083163036361895,2,30.778366297345368,30.71424994235513,2
1867,1872,-0.021036875992750195,5,30.507284575099835,29.89601389719302,5
1875,1880,0.014698302671283692,5,29.46358713288159,29.926115441475304,5
1884,1886,-0.003896684424383146,2,30.395868531653907,30.307821292712667,2
1889,1890,0.0009853102410429366,1,31.23875695504775,31.30077557914806,1
1891,1893,0.013289477947955604,2,31.356001419743635,31.804062310567126,2
1894,1895,0.0006101548693707543,1,31.951959791161254,32.00340739480493,1
1898,1902,0.0013060176198104781,4,31.801864130207196,31.875199789234273,4
1903,1905,-0.00483305135808468,2,31.979786443371992,31.857206279513967,2
1910,1913,-0.021557477567708382,3,31.685336619330563,31.033966022553386,3
1915,1917,-0.0003770822124196367,2,31.442037545092926,31.461623349557534,2
1918,1919,0.003925297754424341,1,31.394450788167774,31.549077806136122,1
1923,1928,-0.01784925525457444,5,33.174791477284735,32.615820947666684,5
1930,1932,-0.008723257340671755,2,32.69456704582321,32.442058490886474,2
1935,1936,-0.008132263186199128,1,32.46737728985666,32.235811410059775,1
1937,1938,-0.007608104900944002,1,32.12051975691905,31.908263992892486,1
1939,1941,-0.0051603737507819195,2,31.741457955174006,31.609401626685752,2
1947,1950,-0.007955951579397089,3,31.360682256824127,31.1425388695488,3
1953,1954,-0.0005093986279289646,1,30.75417983808895,30.769267880914438,1
1958,1960,0.022670487192925828,2,30.88587870544729,31.61696250178684,2
1968,1970,0.0020105377540331404,2,34.15957779334121,34.26241649194989,2
1972,1974,-0.005939120768532304,2,34.218961924047285,34.04995033853061,2
1978,1979,-0.0011403535040584647,1,33.82724562311431,33.82249785065846,1
1980,1983,-0.014329959222420734,3,33.83281459784669,33.381824558877675,3
1986,1989,0.008042652767336216,3,33.218328692058655,33.51871050393218,3
1990,1991,-0.0015347475000515847,1,33.34089858471245,33.3230696225448,1
1994,1995,0.0034494015435377603,1,33.599308111146186,33.74880492451772,1
1997,2000,-0.019124332386975848,3,33.838238838438826,33.224943350341086,3
672,673,-0.0017103545399327538,1,27.022919714364345,27.00372386066301,1
679,681,-0.011442244486872963,2,26.590478747962866,26.312814467853638,2
682,686,-0.009490074853477443,4,26.30893682899357,26.085571986000005,4
687,688,1.9382675937818818e-05,1,26.191826118319327,26.218525612115517,1
691,692,0.003429634432427129,1,26.479159384496597,26.59645238064789,1
693,696,0.006960669374351349,3,26.729736930680716,26.942523528849254,3
697,698,0.00015521431275914896,1,27.092392208036873,27.123689727282482,1
699,702,-0.006385724215037109,3,27.101939593193645,26.95597602085211,3
703,707,0.018869522092700406,4,27.161851122802943,27.701544123766116,4
708,709,-0.006575118350742375,1,27.817864620891452,27.662776733365053,1
710,714,-0.009194494593786837,4,27.62050896136252,27.394172850000995,4
716,724,-0.01708475529342691,8,27.08006732631666,26.64449107004333,8
725,726,-0.005463293570137015,1,26.50605966304803,26.38775533738428,1
727,728,-0.0077669524111683005,1,26.37815056519765,26.199650875628326,1
731,734,0.004944451267442809,3,26.013256055624403,26.167890588554574,3
737,739,-0.003476259955522318,2,26.587516961125267,26.521679357557662,2
745,747,0.0019433171180858458,2,26.290899831741697,26.368282287266343,2
748,750,0.004053547695394731,2,26.25269748789242,26.385366746780253,2
752,753,-0.005430820635732096,1,26.327423186385126,26.21077109644524,1
754,756,0.004997250348840915,2,26.206314181655493,26.36348000852326,2
758,759,0.00033947128670550313,1,26.39479609726332,26.43015116875405,1
767,769,-0.0009683281001246187,2,26.95748588160361,26.958339676397344,2
770,773,0.006018455099239274,3,27.025904152487804,27.215584247298384,3
774,778,0.007596431342400401,4,27.229060787027286,27.463133538601014,4
783,784,0.005099171182834235,1,27.77749430892911,27.946914001749473,1
788,801,-0.00922381782568733,13,28.241216991793916,28.008966368077697,13
802,803,-0.003753792764246073,1,28.2217973960901,28.14408041462673,1
804,807,0.0035666677317681902,3,28.407365365524143,28.53709236428343,3
808,810,0.0018232762699389375,2,28.575355021714763,28.65603114345265,2
819,826,0.001339350584290792,7,28.473959534642574,28.540570108517013,7
828,829,-0.008410659814824148,1,28.501253292187467,28.29004019974293,1
831,833,-0.009004151246724663,2,28.129315809748153,27.904164511540046,2
835,836,0.0038399115120747503,1,28.231139276883468,28.367775492868642,1
837,841,0.005433172249320727,4,28.52919715208154,28.71273039149571,4
844,845,-0.004210003619452719,1,28.707540317169904,28.615389008846204,1
849,850,-0.006974352335031346,1,28.409639047800088,28.239909854417466,1
851,853,-0.006068262641366181,2,28.223980359505912,28.080933814259176,2
865,867,-0.006632323683490709,2,27.848710882563275,27.691857928704728,2
873,874,-0.0020403625489980597,1,27.919780693313033,27.89073399910347,1
877,878,-0.004931793578377279,1,27.616260913536383,27.50767947621775,1
880,882,-0.005082461163325618,2,27.316260321060575,27.204742749172553,2
883,889,5.290135287649273e-05,6,27.18350866182528,27.212130214871245,6
892,895,-0.0005546759095483585,3,27.103554939563715,27.115624805515182,3
896,898,-0.00020995302326673904,2,27.31618773869794,27.337768810236778,2
899,907,0.010717684138705427,8,27.32556375707233,27.64575608208976,8
912,914,-0.012416378683794513,2,27.98908938829312,27.66955534482179,2
921,923,-0.006400259171452346,2,27.305663011842103,27.158205354729816,2
926,934,0.007615250795614324,8,27.105859430313817,27.33938320733664,8
940,943,-0.016114337401033345,3,27.109914219685344,26.700165829255948,3
944,945,-0.007529874961267086,1,26.647197248972606,26.473194382868595,1
949,951,8.736417239893469e-05,2,26.6098224628165,26.638757030396462,2
954,956,0.001710326625268212,2,26.64992388135114,26.722153879608136,2
957,958,-0.0020666630500747016,1,26.797898666070893,26.76931433774415,1
959,964,-0.012094920826346712,5,26.805206549031197,26.507804904635826,5
965,968,-0.0023225948095722876,3,26.470261192542562,26.435251762481283,3
974,979,-0.006447911394142031,5,26.200158232243954,26.057422091682188,5
982,983,-0.009288410235896695,1,26.078786281425224,25.862634602270496,1
986,992,0.01611037793799786,6,25.90189506658808,26.345086280487763,6
994,996,-0.007233520666899491,2,26.381369596128735,26.216920783530153,2
997,998,-0.003911421325724102,1,26.323439717993605,26.246801094232225,1
999,1001,-0.007798997805564155,2,26.22808399929932,26.04975931374393,2
1002,1010,0.006394210967716249,8,25.967090922019906,26.15909707051519,8
1013,1016,0.011863033759894382,3,26.515032957727033,26.85609672180699,3
1019,1021,0.007752954841008204,2,27.203176332999366,27.441284506974092,2
1025,1027,-0.010579342427923341,2,27.782290864705132,27.516154787079955,2
1028,1033,0.017394798184030842,5,27.595704961588847,28.103322385103333,5
1034,1036,0.002605673460542443,2,28.174616466322497,28.27620493317608,2
1037,1039,0.0053819149321111814,2,28.294046806596203,28.474617006401072,2
1041,1042,0.0011614441085730813,1,28.44381176801635,28.50529147738769,1
1043,1044,-0.0005705609421485686,1,28.433386960057042,28.445597366964694,1
1053,1057,0.013929715108705654,4,27.85294076455949,28.26877723511402,4
1058,1059,0.0021741152227791375,1,28.318704967468896,28.40859179999553,1
1064,1065,-0.0037297789113251855,1,29.45981184511856,29.379393072012146,1
1066,1068,0.0007476377393806301,2,29.302863570655663,29.354074360903663,2
1069,1074,-0.02564110908770192,5,29.33058419048467,28.607846065840913,5
1077,1079,0.0076142812180828275,2,28.779832269540044,29.027749838119117,2
1084,1086,-0.011642954450540262,2,28.83280106268529,28.525934874293643,2
1087,1090,-7.967726785502083e-05,3,28.448704628553333,28.47488661812307,3
1091,1094,-0.0166703455080643,3,28.516691381390267,28.069824974697042,3
1095,1096,0.00032520958954594735,1,27.944925174097573,27.98195805691743,1
1097,1099,-0.008454483391536857,2,27.930083961403877,27.721879614389362,2
1100,1101,-0.002153720577923959,1,27.851770525455912,27.819637364669077,1
1103,1105,4.211945940771019e-05,2,27.93189388694562,27.961002257103317,2
1107,1108,0.004617318629320284,1,28.067811088058953,28.22547692616815,1
1109,1110,-0.0023953445394676344,1,28.27360767758444,28.234156253500473,1
1111,1113,-0.01284205410299689,2,28.141239372978674,27.807989293798475,2
1115,1117,-0.0067866649024002825,2,27.263405966881763,27.105641772453318,2
1120,1121,0.002814088518663479,1,27.231484859485917,27.33534815323464,1
1123,1130,0.0038928926352439245,7,27.506991596699475,27.641580353300682,7
1135,1149,0.02942152733808495,14,27.603650009837022,28.443395203242208,14
1151,1153,0.0006805723382687756,2,28.582716432720176,28.630751755309586,2
1156,1157,-0.006622780828959823,1,28.666041971141663,28.50485909990417,1
1159,1160,-0.0020285181477509543,1,28.34936760497364,28.32020976591466,1
1165,1169,-0.006459125175929481,4,27.978598016538545,27.82585934771925,4
1172,1173,-0.0037556699857041616,1,27.73307488248561,27.65665168042066,1
1176,1177,-0.004296175633303723,1,27.171006807531874,27.08144639696056,1
1178,1179,-0.0032189488945607433,1,26.967912612964348,26.9080721930832,1
1185,1188,0.004466628872881526,3,26.65491351426577,26.800626034087013,3
1189,1191,0.004239233130287808,2,26.858747682252055,26.99946692294695,2
1194,1195,-0.0033876181965756097,1,27.097505287415157,27.03280679070912,1
1197,1199,-0.0029092145873905236,2,26.919931043809758,26.86853511876937,2
1203,1205,-0.0006322002024632238,2,26.94522455528025,26.955135003416267,2
1208,1212,0.019917617061730453,4,27.09658710874254,27.66338314156304,4
1215,1216,-0.005977197858124069,1,27.557588095930324,27.420428527484194,1
1217,1222,0.015242844145172102,5,27.523994701885307,27.971062658080573,5
1229,1232,0.0029058928533553866,3,27.575392812405337,27.683099342119778,3
1239,1240,-0.0028005521629229386,1,27.48467614142245,27.435188548348776,1
1242,1244,0.0014895346724924162,2,27.553837176392747,27.622433409403587,2
1246,1247,-0.008550928110723399,1,27.53557762968086,27.327658462511895,1
1252,1253,-0.007196916833223867,1,26.72985890744616,26.56421619483291,1
1255,1256,-0.006494579940461585,1,26.60968837310873,26.463479313151915,1
1259,1260,0.0017361063403799966,1,26.377960009991643,26.45013291362127,1
1261,1262,0.0036993133731327765,1,26.57451268367583,26.699394646514715,1
1265,1270,0.005387435060781179,5,26.93895515028442,27.11102597691216,5
1279,1280,0.0008762956031684473,1,26.4943927118452,26.544104024399054,1
1287,1288,-0.0029807030293183385,1,26.024288745370043,25.972742357816234,1
1291,1292,-0.004227105742440189,1,26.160529687698144,26.076106892117696,1
1293,1294,-0.00019023647508835005,1,26.059187737916403,26.080289517635393,1
1296,1297,0.0012005024588914973,1,25.96201280752759,26.019142280548326,1
1302,1303,-0.012101065112570294,1,25.746204870267967,25.460394573601548,1
1309,1313,0.017770786191111,4,25.59550876593376,26.07595658843181,4
1316,1318,-0.022319812809492905,2,26.550732123106844,25.984675484287216,2
1319,1320,-0.005982855713992516,1,25.785499114161382,25.657013692562234,1
1322,1323,-0.0057672148846040164,1,25.647197922372367,25.52493221868845,1
1324,1327,-0.008925770551536701,3,25.540695740326683,25.338266046162243,3
1330,1334,0.017594623720513895,4,25.489240695662833,25.963203535320293,4
1335,1339,0.0038917193151355714,4,26.02144422097437,26.148733822277833,4
1342,1343,-0.003008018771672839,1,26.434243788591317,26.38116333084885,1
1344,1349,-0.006154795311264189,5,26.435479231176863,26.29920974678497,5
1352,1353,-0.008473003115533801,1,25.96838405310758,25.77432223817333,1
1354,1356,-0.0013476584661105495,2,25.637711860333734,25.628798692753787,2
1357,1363,0.0012114471751146884,6,25.7511158353495,25.808063067719633,6
1364,1369,0.006565254915447576,5,25.879236459729434,26.075019480564432,5
1375,1381,-0.005651402669151002,6,26.70210791709977,26.577905661062214,6
1382,1383,-0.0017009232096525575,1,26.64989976230862,26.631220229030305,1
1385,1386,0.00027380313780868307,1,26.601138484449518,26.635023098120293,1
1387,1389,0.00041476715703924654,2,26.481323726786385,26.518788633869967,2
1392,1393,0.004498697896585531,1,26.86244515853533,27.010153629225712,1
1398,1399,-0.0019316292004180507,1,27.34249942539149,27.317026354514383,1
1400,1401,-0.00010118124147823866,1,27.262375804410187,27.28687973918506,1
1402,1404,-0.0006754640725343873,2,27.459650434424987,27.468562077546604,2
1405,1412,-0.017576281899606944,7,27.465404788527717,27.010130496266267,7
1414,1417,0.002995530991589458,3,26.998318534133116,27.10619115255705,3
1420,1421,-0.0015311209220315032,1,26.92962309106109,26.915320204815004,1
1425,1434,0.01541905638294288,9,27.46168618436197,27.912581158193692,9
1435,1438,-0.004086692706767038,3,27.89911288901175,27.812996900731967,3
1439,1441,0.0007917825739549216,2,27.907691989447283,27.957696505633276,2
1442,1444,-0.002003687326018782,2,28.01389790322104,27.985780708943192,2
1448,1452,0.002517883858206705,4,27.56193556049936,27.658895248708575,4
1454,1455,0.0022815257043667723,1,27.848178741205764,27.93956325556483,1
1458,1460,-0.007162408356402099,2,27.61103021124364,27.440879767941002,2
1461,1465,-0.01810820096676841,4,27.40714829414001,26.93826129319784,4
1466,1470,0.0021894932854272663,4,26.98158964961146,27.06764724862905,4
1472,1473,0.0007260407657741154,1,27.0020035618359,27.048610120741206,1
1475,1480,-0.014148124854228759,5,26.747511254120084,26.395831636611025,5
1482,1488,-0.0018041664320055208,6,26.07977490622927,26.058802426695422,6
1489,1490,-0.0012286339711446387,1,26.03017976628213,26.024228382912558,1
1491,1492,-0.006903498813045522,1,25.94421263299216,25.79105100450789,1
1494,1499,0.0008023280969811988,5,25.5816438995333,25.627750415100397,5
1500,1503,0.002131784381965167,3,25.704837054499265,25.785339061727505,3
1505,1507,0.0005885931816197688,2,25.591590597132726,25.632245223462135,2
1512,1513,-0.002878497855550775,1,25.675870949614538,25.62763888109629,1
1516,1519,-0.005635052023101533,3,25.83636461186299,25.716611717799186,3
1522,1525,-0.002285134728469752,3,25.901761219039926,25.868473966168807,3
1528,1536,-0.015708034863053152,8,25.64520103237446,25.26801052152029,8
1537,1539,-0.0006687970679708543,2,25.329490851075946,25.337880052712627,2
1540,1543,0.009969896922849244,3,25.435170155789233,25.714191350613373,3
1546,1558,0.00047284151932988736,12,25.74130002015563,25.779212875586843,12
1561,1569,0.015630129553081566,8,25.720232446580738,26.147963244302748,8
1571,1572,0.0015525067085967268,1,26.34714462976972,26.414395893189575,1
1575,1576,0.0038424989992191013,1,26.37805873260757,26.505794455621565,1
1581,1583,-0.005551456681625036,2,26.016504398170866,25.898091405395284,2
1586,1590,0.008913619658756328,4,26.017008476893334,26.274931203591894,4
1591,1592,-0.0016067661406106533,1,26.38828623305731,26.37227471446235,1
1593,1595,-0.004656917558194579,2,26.458719128920055,26.36196177437017,2
1597,1598,-0.005921593565483879,1,26.166996505730513,26.03821318409987,1
1599,1605,0.0027926385449193033,6,26.05078579369467,26.14958700802127,6
1606,1612,-0.030555061255787677,6,26.107535015613433,25.335925218989356,6
1613,1617,0.007980811989270847,4,25.316822913259966,25.544188540009618,4
1618,1623,-0.004920240950585944,5,25.5853881271244,25.48508724085181,5
1628,1643,-0.09376452400223036,15,25.2368547005312,22.895769886922974,15
1645,1654,0.08235230833499434,9,22.405281129169435,24.272813030180195,9
1655,1662,0.10873971090415825,7,24.367817263860406,27.041934485761804,7
1664,1665,0.009632131505401539,1,27.181281592149613,27.470276552522698,1
1666,1667,-0.01193872944305327,1,27.860457152407456,27.555699149457492,1
1671,1677,-0.031115701796501385,6,27.0169203835988,26.20328686586652,6
1678,1683,0.021394716556293835,5,25.76842218296161,26.34549869385195,5
1686,1687,0.00014798428016241007,1,26.50607771577427,26.536506276320743,1
1689,1690,0.00675310867364402,1,26.780938693477868,26.9885742215506,1
1691,1694,0.02271226102506547,3,27.070399593717664,27.712299974936723,3
1695,1698,-0.0006106533498861301,3,27.955112156439707,27.965996385711374,3
1700,1701,0.00047038364399942475,1,27.794680469786318,27.835549313339282,1
1702,1704,0.00584138268887414,2,27.649566855931884,27.838728123974924,2
1705,1706,0.025029876007215707,1,28.186967666240907,28.920670939612556,1
1710,1715,0.02517757376108633,5,30.086536066656922,30.874128583757418,5
1718,1719,0.005884023403284956,1,30.29150566678643,30.500033100717328,1
1722,1723,0.008543194671709942,1,32.047602794590624,32.35343930682104,1
1725,1726,-0.0024578564138925995,1,32.45324105021583,32.40592888459917,1
1727,1728,-0.01176995306278546,1,32.26918404406997,31.921646446540954,1
1735,1737,0.0036879552338450975,2,30.937223071023997,31.082255387840437,2
1741,1746,-0.01631594690888087,5,30.968919622284943,30.494601293524628,5
1749,1752,0.0005737606335874403,3,30.382159380621566,30.429973627018168,3
1753,1759,0.00607962623178908,6,30.495572279492404,30.711469532955718,6
1760,1762,0.011883444642042554,2,31.0589172577527,31.459063098884737,2
1763,1767,-0.03072157622496443,4,31.355365540429204,30.423434653457715,4
1768,1771,0.07203576586194718,3,30.341883948689485,32.557926680576344,3
1772,1773,0.0112514881231148,1,33.43092947961105,33.840508115075195,1
1774,1776,-0.01734253269099299,2,34.06741710301137,33.510669225307716,2
1778,1779,-0.0008206737690654755,1,33.60242097754946,33.608446773053636,1
1781,1788,-0.04302924932533743,7,33.549969720050655,32.139889677829125,7
1789,1792,-0.004595850619200231,3,31.805872392151436,31.691503226215914,3
1800,1807,-0.0197695539713195,7,35.08627659368287,34.42772283150509,7
1811,1813,-0.009459404055931198,2,33.45384000692541,33.17084045708435,2
1815,1817,-0.014483766693195697,2,33.47697724746887,33.025581496670576,2
1819,1821,-0.020896273369929202,2,32.502748335116785,31.85606476896729,2
1826,1831,0.029255419309759993,5,29.937243735353377,30.84300759754498,5
1832,1833,0.006454064368384958,1,31.289604558894407,31.522839285337717,1
1834,1837,-0.0232221713802531,3,31.938859964551067,31.22910914472891,3
1839,1841,-0.01834392910875394,2,30.460948762947798,29.932636227017845,2
1842,1843,-0.0054970298225936265,1,29.94237350512803,29.807721758516234,1
1850,1851,0.00031802783178185587,1,30.42287165507763,30.462969846641748,1
1852,1853,-0.0067665322565425585,1,30.354385242152173,30.179345700525783,1
1857,1858,-0.008445033082767298,1,31.068572644788183,30.837266093613376,1
1860,1862,-0.0026240302639000714,2,30.843739801289466,30.793648634400313,2
1863,1864,0.00027102783762956864,1,30.783460856819776,30.822587492507374,1
1866,1868,-0.012060631471315024,2,30.710940681320054,30.371258284306556,2
1870,1872,-0.016504563752877816,2,30.353497205846267,29.882879473295425,2
1873,1876,-0.006956197410682334,3,29.735786442091715,29.558674227880726,3
1877,1882,0.025503287772035397,5,29.70391389682946,30.49116527479289,5
1883,1890,0.0234030746947567,7,30.527563533116215,31.27252994626378,7
1892,1893,0.0028545164864023963,1,31.666255768486792,31.78831387340906,1
1902,1903,0.00028045055318952935,1,31.871491087308268,31.912300955701987,1
1904,1906,-0.0031150635207945485,2,31.90184732468534,31.83437289116294,2
1907,1908,-0.005529476370131304,1,32.01282868248072,31.867827331422365,1
1909,1912,-0.018969234332358316,3,31.777224548821746,31.206212154472,3
1919,1921,0.02753094797326771,2,31.59282232710063,32.49419549724383,2
1922,1923,1.3431140449245496e-06,1,33.09260027318727,33.12573732059667,1
1928,1931,0.0018486737227523904,3,32.52952029356443,32.62218628323845,3
1936,1937,-0.005498508333695661,1,32.265848291542596,32.12070010410933,1
1939,1940,-0.0052406727641709045,1,31.748516126953803,31.61388105931139,1
1942,1955,-0.029787747543254695,13,31.522222501054713,30.614768717692048,13
1958,1966,0.0825474053047589,8,30.88470188859342,33.465038594996386,8
1968,1969,0.007197253817136249,1,34.08865045271216,34.36808377275668,1
1970,1975,-0.01574298691329098,5,34.31797193959631,33.812022528400156,5
1977,1979,-0.0021885333063213193,2,33.82385162303002,33.78365084882798,2
1980,1982,-0.004215397967287885,2,33.72983501544769,33.621380172502064,2
1986,1988,0.005004749188735699,2,33.23203320956812,33.431583234023314,2
1994,1995,0.001507834252944379,1,33.68443149257384,33.76890646366188,1
1997,1999,-0.019332181562340903,2,33.81477169117438,33.194873157042665,2
675,680,-0.024567379501515683,5,27.049487573170598,26.412002034212154,5
681,682,-0.0042530488945060636,1,26.327048935169696,26.241405757735535,1
686,687,-0.0019293452205428412,1,26.10976054068752,26.085495559519515,1
688,689,0.002508268564986372,1,26.193053196772198,26.28494546192345,1
690,693,0.012354729732698778,3,26.383475744145592,26.73581993211787,3
694,696,0.007133465118988938,2,26.736484290521812,26.953944552903167,2
697,698,-0.0010589098718619264,1,27.09482407197405,27.093227919359848,1
699,700,-0.006388907896201405,1,27.0840417307668,26.93808832442282,1
701,703,0.008463119805247655,2,26.893444768515494,27.147940658335767,2
705,711,-0.005095975335003658,6,27.53565922112681,27.42287384012401,6
712,714,0.0002426294719588668,2,27.33934513256009,27.373317808565865,2
716,718,-0.011758278181476477,2,27.091835370730347,26.800373869365266,2
720,722,0.00785506329858943,2,26.570054230997144,26.805333743059578,2
725,727,-0.006570900089148765,2,26.467848132947456,26.320398395424043,2
729,731,-0.008024168087469757,2,26.155237656790995,25.971518871121976,2
733,740,0.014755789526386901,7,25.937999975023867,26.346673643365772,7
741,744,-0.0024160502002958093,3,26.271896303113813,26.234693979091638,3
745,749,-0.002023819646485541,4,26.368759120524167,26.34176226688313,4
755,757,0.0008007945439078821,2,26.272934500181037,26.320246657281412,2
758,759,-0.0002387645537053122,1,26.37998463245797,26.400066011832905,1
761,766,0.008959411962968546,5,26.687771100078642,26.95356560683773,5
767,773,0.009644187948729427,6,26.980385902418853,27.26757020089345,6
774,779,0.00852760852904898,5,27.281933982401046,27.54186556930072,5
783,789,0.012743975928153767,6,27.793723730507516,28.175720000413367,6
792,796,-0.007203028776610538,4,27.815435449153583,27.64289550262853,4
797,803,0.01006107425956923,6,27.868998339937704,28.177259400115567,6
804,805,0.00014321307560282836,1,28.399060049373492,28.431526226156766,1
807,812,0.003587794420726452,5,28.518756361962758,28.649594553286228,5
813,821,-0.006895340395267408,8,28.625054159228792,28.456299721127174,8
822,826,0.0010060632575048288,4,28.469531858353967,28.526643540173374,4
827,831,-0.01602417470697795,4,28.492036755339104,28.063967417369252,4
832,833,-0.0011648881956518994,1,27.940941915768022,27.936334784270716,1
835,850,0.0024096801090075825,15,28.17182815261604,28.267885074702395,15
854,859,-0.00773121306916536,5,28.113600020181774,27.92436138830464,5
861,872,0.0013794124846891152,11,27.80057450027499,27.866723534322475,11
874,875,-0.00408342087706655,1,27.860041344390112,27.774137111272882,1
878,879,-0.00551746760416491,1,27.535590910878227,27.411199770976797,1
881,885,-0.005870668391123863,4,27.215452572409923,27.082895127815355,4
888,896,0.000552332470051741,8,27.269615069508102,27.311946578426312,8
900,902,0.0023670293548377613,2,27.320376068860227,27.412364577069287,2
903,905,0.0017169828857537955,2,27.4769267682941,27.551581108076665,2
907,909,0.0014357922076154114,2,27.660814750594657,27.72819074762045,2
911,915,-0.011318507323323759,4,27.864460244413138,27.576940607320697,4
922,925,-0.008375471908857221,3,27.24726116551811,27.046299756198536,3
926,929,0.005288694866193179,3,27.09703294875453,27.26743792074843,3
931,933,-0.0007584837001970931,2,27.330303565856862,27.33690427964658,2
937,938,-0.005571291420059653,1,27.267166445299274,27.14252028127854,1
939,942,-0.011154785287515644,3,27.185790095081593,26.90972423379457,3
943,944,-0.006114889113281112,1,26.74431161914958,26.607517430806595,1
946,949,0.007421235795529686,3,26.384063114709015,26.606249531442117,3
952,955,-0.003225775068410959,3,26.659483744724565,26.60014573046885,3
958,969,-0.012887231673649573,11,26.755032272945247,26.436989005880775,11
970,971,-0.0056413383717968035,1,26.42427735589843,26.301633343459496,1
974,983,-0.015007966675938629,9,26.23493052511355,25.867432492572195,9
985,988,0.006186156550903471,3,25.773406804462155,25.95861854060914,3
990,991,0.0016547041481543997,1,26.240709633120673,26.310370953834234,1
994,996,-0.003784391826362054,2,26.360059415534053,26.286662681555022,2
998,1006,-0.00857392429463891,8,26.27171551387368,26.07273552948131,8
1009,1012,0.00547048797333013,3,26.127902427737457,26.296962706164475,3
1014,1015,0.004128481420482938,1,26.642848569487676,26.779485923365034,1
1018,1022,0.015837229400930165,4,27.0812080471041,27.537180559447506,4
1023,1024,0.0010359699257299951,1,27.68592260370999,27.742290309497232,1
1025,1027,-0.012030120115924782,2,27.777447704994305,27.4710591202944,2
1029,1032,0.010540879879975037,3,27.60675622548788,27.92536248296199,3
1034,1037,0.0016275687317607217,3,28.178127213900293,28.252167179887113,3
1038,1042,-0.0019705924911774387,4,28.452831656238025,28.425215551479745,4
1044,1045,-0.002887623385216952,1,28.444951588117718,28.391258232308623,1
1046,1048,-0.008951286735024055,2,28.267742293805153,28.04297736947534,2
1050,1051,-0.006195587038809025,1,27.93478840959686,27.789650785004085,1
1055,1064,0.05415095161488041,9,27.95144114357221,29.49298972164754,9
1068,1078,-0.012692781408303027,10,29.31362253111958,28.970864750577693,10
1079,1081,0.0038744022581177805,2,29.086598982327466,29.22837876608789,2
1082,1083,-0.007445328202717855,1,29.251804284369282,29.063266805234854,1
1085,1091,-0.008761591429342403,6,28.703270029362212,28.480486974708214,6
1092,1095,-0.015410588965109853,3,28.406211494885365,27.996861256976594,3
1097,1100,-0.00481401220955107,3,27.9684052492127,27.86173341011053,3
1102,1103,-0.0006769787679272211,1,27.973165087353888,27.98220101360538,1
1108,1109,-9.709423139871371e-05,1,28.20171696202343,28.2271804549529,1
1110,1116,-0.042162292266683506,6,28.22839591254775,27.066450429775806,6
1117,1120,0.0012688173437611088,3,27.11287807541335,27.174392243430127,3
1121,1123,0.0040045048203918064,2,27.362132965264546,27.499066891585414,2
1125,1127,-0.0030942468062304476,2,27.598117422213296,27.540320152943853,2
1131,1136,-0.0008575266470625808,5,27.636966297729472,27.64090382898293,5
1138,1144,0.013781776539675317,6,27.83902460155773,28.25053484230048,6
1145,1148,0.0033103993003488217,3,28.2607187306678,28.382533712911826,3
1149,1151,-0.0008250691723286046,2,28.477528173766093,28.482509771339565,2
1155,1159,-0.01030827788297509,4,28.64508394205321,28.37844754073943,4
1161,1162,-0.0035446866692106617,1,28.255675398835898,28.183773558318936,1
1164,1169,-0.010936333712000156,5,28.03498207843736,27.756417140896062,5
1170,1171,-0.0017283388669979865,1,27.72501246803673,27.704819263868256,1
1172,1177,-0.02258960016667232,5,27.712625114776177,27.114320618979278,5
1178,1181,-0.012612042604222943,3,26.995787637736562,26.68231140155261,3
1182,1184,-0.0004496215691708106,2,26.65684054142361,26.67151189149166,2
1185,1187,-0.0010136446138178374,2,26.700128506094096,26.699764193151744,2
1190,1191,0.00289734403048702,1,26.932101855208238,27.037065521602102,1
1192,1193,-0.0013941009471575773,1,27.124773902133764,27.1140840030475,1
1195,1197,-0.0065305132979050105,2,27.048134202024848,26.89854413613703,2
1200,1204,0.0026223355241685033,4,26.924862517256784,27.022393403236396,4
1205,1206,-0.003425374982857004,1,27.00240293518495,26.936911982628928,1
1208,1211,0.012882974599363283,3,27.132040418794865,27.508713846757892,3
1215,1216,-0.004426647669866951,1,27.524715712105028,27.430398209146393,1
1217,1218,0.002291607140304261,1,27.497754419677406,27.58826622446755,1
1220,1227,-0.008987140218333897,7,27.802496742344605,27.580434302443727,7
1233,1236,-0.0024203686800041667,3,27.68350587355978,27.644185088864266,3
1242,1245,-0.00014637310747283607,3,27.568533934942117,27.59206717689653,3
1249,1252,-0.012179393111375721,3,26.962238378028637,26.660816916038033,3
1255,1256,-0.008323981279821754,1,26.646436435095797,26.451278433471195,1
1258,1259,-0.0027001260355373506,1,26.38009050978337,26.335241031087854,1
1264,1275,-0.009334889015510075,11,26.869982948346642,26.646024622623525,11
1278,1280,0.0005080995262753808,2,26.490229467115757,26.53017936962604,2
1281,1283,-0.015510975821619869,2,26.543656369363614,26.158482013570392,2
1284,1287,-0.0063219238781874135,3,26.09147999915184,25.952623128727105,3
1289,1290,-0.0016636078717861685,1,26.14702862446695,26.129677250447937,1
1294,1296,-0.008618438300803277,2,26.10413553705612,25.90526279107125,2
1303,1305,-0.013995453914784295,2,25.490510881690465,25.15925012226315,2
1306,1313,0.030706226163056516,7,25.30129509362861,26.10350367808543,7
1314,1316,0.006579315490233967,2,26.296874299007595,26.4961866057268,2
1317,1319,-0.02572783637810998,2,26.375366958691913,25.72316120012477,2
1322,1323,-0.004445833865174429,1,25.656442764352253,25.56803492501494,1
1324,1325,-0.00872814012491172,1,25.53323035501258,25.335905972987394,1
1329,1332,0.016979085797339383,3,25.35905211302323,25.814984686702473,3
1334,1335,0.0018663148845996752,1,25.94512491100391,26.019491808719117,1
1337,1339,-0.0007203288536409413,2,26.185063496757127,26.19238670348275,2
1340,1344,0.004441501215470052,4,26.252270526539537,26.39512228851855,4
1346,1348,-0.005765540579190314,2,26.414069075866184,26.288191757823608,2
1349,1350,-0.003616253751396403,1,26.323267267959913,26.254398921221103,1
1351,1352,-0.0068143706859894555,1,26.115565565703793,25.96371998683053,1
1353,1354,-0.007216354009663125,1,25.81433568756412,25.653864638405942,1
1355,1359,0.0017936981896717803,4,25.679839020345874,25.751580740128077,4
1360,1365,-0.0035427059281903307,5,25.805730501737038,25.74011411780899,5
1367,1370,0.005260474048853331,3,25.994831547152756,26.15757151545802,3
1372,1374,0.009825390187532826,2,26.331251683769427,26.61629775737236,2
1375,1378,-0.003159817146916472,3,26.67202115886388,26.614414470222048,3
1379,1381,0.0005245080289938647,2,26.5526994935484,26.593179297117775,2
1385,1389,-0.0015854768007069436,4,26.571067116334945,26.555510372968303,4
1392,1393,0.00546887783844666,1,26.798652572846343,26.97200978257506,1
1395,1400,-0.0011804839455850228,5,27.26315180759018,27.258231246382863,5
1409,1411,-0.0033480347524138883,2,27.247842493302667,27.183863612200092,2
1417,1420,-0.011456150979853221,3,27.1566473371452,26.87269333248138,3
1421,1423,0.008297898545435677,2,26.949015345701294,27.199584556285014,2
1426,1427,0.0032325425787833725,1,27.64052472318944,27.757514420980254,1
1430,1432,0.0050876192613648445,2,27.871036827969068,28.04070508859722,2
1433,1436,-0.00597819088869815,3,27.963935413195752,27.824725604709638,3
1439,1440,0.0032470046859247367,1,27.861374774108143,27.979702163330085,1
1443,1445,-0.0011108436994199918,2,28.02788727624764,28.024780561535014,2
1446,1453,-0.002003211463369036,7,27.76835762305137,27.740500088364993,7
1454,1455,0.0023667971635466713,1,27.820011375297266,27.913675710685453,1
1456,1457,-0.0038422506467830422,1,27.933728759355592,27.85433410072225,1
1459,1462,-0.010188384270622557,3,27.52624962989972,27.27332787077112,3
1470,1471,-0.0031663792182133155,1,27.0757654816615,27.01710910600481,1
1477,1479,-0.006172070825132679,2,26.478244922882496,26.341297564816138,2
1481,1485,-0.01631629564574192,4,26.361101223874993,25.957346803982794,4
1490,1491,-0.006432516865933807,1,26.046185573229288,25.904689230809478,1
1497,1502,0.00985087769666454,5,25.491014861307814,25.767614745931724,5
1505,1508,0.003828835744385077,3,25.586430118949536,25.70998278727913,3
1511,1512,-0.004325458235998755,1,25.753299626946838,25.667658104598264,1
1515,1516,-0.00279450029513624,1,25.82491289451388,25.778570080702806,1
1517,1518,-0.0005947556524609763,1,25.696013406812366,25.706426570999763,1
1519,1520,-0.004231833169208385,1,25.7741497536421,25.690852001560135,1
1521,1524,0.0013500354038422937,3,25.812188392697866,25.872847949271353,3
1525,1530,-0.018891413398740415,5,25.931034446359753,25.467091589222953,5
1531,1534,-0.004371253996491952,3,25.416595079012133,25.330909281274796,3
1536,1538,-0.00140967149436801,2,25.288723279098058,25.27836321004165,2
1544,1547,-0.0013402422084068688,3,25.74672641753189,25.73796629447634,3
1555,1556,-0.0029504762440369335,1,25.857031858593622,25.80659833221213,1
1558,1561,-0.003928505500338202,3,25.761682807154024,25.686239577355305,3
1566,1567,0.0035826500694934905,1,26.017332689641425,26.136561021099645,1
1568,1570,0.0018420395946409087,2,26.183679443365538,26.258094497076968,2
1571,1577,0.002649999800593901,6,26.413362802882336,26.50977157184587,6
1578,1579,-0.005201389637973418,1,26.44784681952887,26.336729109954593,1
1582,1589,0.0099221657484738,7,25.88826546794677,26.171021394328175,7
1590,1596,-0.003052179484590761,6,26.31839924903062,26.26438917002449,6
1598,1600,-0.001815935811706016,2,26.061119616777738,26.039855415989255,2
1602,1606,-0.0038874613361681134,4,26.141122836978877,26.06564135550308,4
1608,1610,-0.012909848185550469,2,25.80213300443209,25.494833517485922,2
1612,1615,-0.002637051867728733,3,25.36566511933676,25.32414020987697,3
1617,1618,-0.001061891306344016,1,25.5373087807477,25.53572824334675,1
1624,1625,-0.006309948272928942,1,25.478485525830198,25.34319608561547,1
1627,1628,-0.005096542573516566,1,25.27916832102097,25.175611131770815,1
1629,1635,-0.04423629694216782,6,25.06223152138328,23.978633437291393,6
1636,1644,-0.05301426009515078,8,23.841918631378043,22.601798874518124,8
1647,1649,0.05467262510647965,2,22.27478218774177,23.51487778580841,2
1652,1666,0.1536390875843182,14,24.11085496625102,27.839335579109903,14
1668,1669,-0.018889974136345376,1,27.340914440041836,26.851786187845455,1
1672,1675,-0.019001458183976198,3,27.130988194645777,26.64259084516991,3
1677,1678,-0.0157742301661751,1,26.162790031141558,25.77625494943216,1
1680,1686,0.017295153004005026,6,25.94200348279338,26.416616405741514,6
1687,1689,0.0073420826042289,2,26.49638598968112,26.717421030320573,2
1692,1698,0.021393793752725022,6,27.351110393744683,27.963605518810216,6
1699,1703,-0.006707444052335362,4,27.771616354853563,27.613111408265315,4
1704,1706,0.03762189600312046,2,27.806032027398263,28.879953704619876,2
1707,1711,0.028070514410491635,4,29.484764948556144,30.341902232883104,4
1713,1715,0.0053376305011365996,2,30.646112411306337,30.840336148065493,2
1716,1719,-0.009726848136942398,3,30.766143710136717,30.49765224621901,3
1723,1730,-0.013790301421433095,7,32.367158706209594,31.95317299020181,7
1735,1736,-0.0026456835393026483,1,31.004101751783217,30.953078811879443,1
1738,1739,-0.005881824233979784,1,31.238941500904172,31.08643847924118,1
1740,1741,-0.0034711891151605464,1,31.031157855880373,30.954473996356093,1
1745,1748,-0.019124624412808627,3,30.85578655278007,30.29653701054914,3
1750,1751,0.00031586322405201825,1,30.258117102966196,30.29793264649105,1
1756,1757,-0.004410683809681558,1,30.405571914687602,30.30186812283407,1
1762,1766,-0.027095889005925557,4,31.477961139714903,30.656515759680065,4
1771,1772,0.026976480891278846,1,32.52465121338208,33.43457649654877,1
1773,1775,-0.0030213198717345168,2,33.87460372995303,33.806132320286544,2
1777,1782,0.01610454323469488,5,33.48668848505561,34.059462996035,5
1784,1787,-0.04740462849475462,3,33.41449748277298,31.863910140745986,3
1789,1790,-0.025533595660099835,1,31.849124255855234,31.067750719233803,1
1792,1798,0.09327472490484714,6,31.773208030882014,34.768618477337895,6
1801,1804,0.007318817817298532,3,34.99684764182005,35.2879800415321,3
1811,1813,-0.009584808101355674,2,33.44991344348133,33.162752355562084,2
1822,1824,-0.023249796876969316,2,31.646709381154608,30.94257652559944,2
1825,1826,-0.022532670599052028,1,30.55463026165818,29.896707472958067,1
1831,1834,0.03774748282591985,3,30.765399129852767,31.957480904269307,3
1838,1841,-0.02821681543821947,3,30.79865635597911,29.96041501019328,3
1843,1844,0.00014958694709630974,1,29.808612768501334,29.84288036065105,1
1846,1858,0.019717196172600995,12,30.141733965187168,30.7661861807263,12
1861,1868,-0.021402902656847984,7,30.960254966795084,30.32857589847637,7
1870,1872,-0.016918738037510612,2,30.326810885801027,29.844046327796836,2
1873,1877,-0.007271278238820738,4,29.79472207556817,29.607871083383948,4
1880,1881,0.008038964273432137,1,29.99529222219364,30.266418596961206,1
1883,1885,-0.007538142404092689,2,30.53572364477972,30.33607673517813,2
1892,1894,0.007506759630272375,2,31.718904022654847,31.98872911491125,2
1896,1898,-0.010257421425655937,2,32.02850277306334,31.7320014252603,2
1905,1913,-0.02594632278076831,8,31.80759672716643,31.014114152330027,8
1915,1916,0.0014437637144352044,1,31.36832839034639,31.444985173049208,1
1917,1919,0.0013022061129028786,2,31.481646235060484,31.554123473467087,2
1920,1922,0.03549039534044889,2,31.9084027201824,33.07275295012411,2
1924,1927,-0.015866753158224427,3,33.08094119565374,32.58913500865622,3
1936,1941,-0.022360487873120765,5,32.28149991807582,31.591951330549616,5
1947,1949,-0.0033122964473588576,2,31.374505460480272,31.301958302966362,2
1950,1951,-0.009475566267096516,1,31.13763454822813,30.87372546321399,1
1959,1971,0.0862576833433059,12,31.35561037145365,34.09162829228203,12
1981,1982,-0.004974191746370348,1,33.69771495959451,33.563793778930545,1
1985,1987,0.0044492217791979516,2,33.130062823266655,33.3105958831494,2
1989,1991,-0.006842408384640274,2,33.562515077260315,33.366429157763314,2
1992,1994,0.007247163799280246,2,33.3131945113621,33.587933883174586,2
672,678,-0.012080966003467496,6,26.99262480006071,26.693520442306884,6
679,680,-0.007696715013263026,1,26.6466664989292,26.468221367332408,1
684,691,0.008970055407267526,7,26.21074779060824,26.47207039834652,7
693,694,-0.00012215228924696204,1,26.74786700197227,26.77134755578748,1
697,708,0.02329867666143089,11,27.07110791602937,27.72890001414767,11
711,715,-0.007910769339687353,4,27.428636106855915,27.239083129419214,4
718,723,-0.002890767346024597,5,26.852317151500074,26.80154566706492,5
724,727,-0.01226924135829988,3,26.62940369748232,26.32931051998779,3
732,734,0.006034397837443066,2,25.937914367947712,26.120371976685387,2
738,740,-0.01509922116070735,2,26.676261877674158,26.300147361719883,2
741,742,-0.000705632142092366,1,26.250687739479392,26.258415098197865,1
743,744,-0.003999325476498035,1,26.313114685776174,26.23419309053311,1
745,746,0.002859447271952759,1,26.291603999930693,26.393075059263488,1
748,749,-0.0016293916010630132,1,26.358888867208268,26.342298803941894,1
753,754,-0.0007355644303038577,1,26.221620428297513,26.228554357433826,1
755,758,0.0010824626682760384,3,26.289594976125084,26.344342076226962,3
759,766,0.019076385894399785,7,26.43966599827699,26.97047893577744,7
767,773,0.005072576043071409,6,27.0353339075867,27.199508028590348,6
775,783,0.02060804128838082,8,27.198320432444245,27.78602286332311,8
789,791,-0.01573334558165712,2,28.202059485669608,27.786548797152786,2
794,795,-0.0057427913010420165,1,27.73921454200289,27.60765323657534,1
797,798,0.0032307267702419793,1,27.808628018828436,27.926278725831395,1
799,801,-0.0005634205990594805,2,28.094662487082484,28.10692803800072,2
803,804,0.004979101427804872,1,28.190894152086283,28.35945036756212,1
810,812,-0.0010541348093315883,2,28.668700912256245,28.667148937598576,2
814,822,-0.0060251777547979885,8,28.572730539724862,28.4291474898228,8
824,826,-0.0065382525562533685,2,28.669309906635206,28.510532027758764,2
827,829,-0.008455892911198026,2,28.508475089950153,28.295918952617928,2
832,836,0.014749132550336719,4,27.93978050623123,28.37980781285118,4
838,842,0.00039797017152130225,4,28.645177431056283,28.685222534662834,4
845,848,-0.004151266756646899,3,28.643355690564245,28.553092835977758,3
849,851,-0.011045559749983658,2,28.427593254089068,28.142022167506884,2
855,859,-0.009672982849540716,4,28.127306648815367,27.88335900064642,4
861,871,0.0030479610108884335,10,27.788713215730134,27.90120084337017,10
872,885,-0.03057846992796853,13,27.936890358644813,27.110559887290684,13
887,889,-0.0010491671257156477,2,27.2252402187928,27.223901631984322,2
891,894,-0.00699039962918534,3,27.12076029333961,26.958296100935165,3
899,902,0.0034398392236060964,3,27.310791479558237,27.432047002796907,3
904,905,-0.0012262751257256274,1,27.559566947723994,27.553330903247954,1
910,919,-0.01951290621416232,9,27.80275920893428,27.28804933520434,9
922,924,-0.008369518733977989,2,27.293731661094657,27.092589994298052,2
925,927,-0.0015186977395921638,2,27.116842489423345,27.102777044519204,2
928,934,0.0025881042044250658,6,27.244961271810872,27.342719031899655,6
935,937,-0.005616164012682399,2,27.34929082561176,27.223042013530186,2
938,939,-0.00410239715926477,1,27.191108859599726,27.106751240716445,1
940,942,-0.0087141093238279,2,27.09931982994897,26.890272714179368,2
944,946,-0.013814098951789009,2,26.697043779770585,26.35494521905636,2
952,954,-0.003918153060328439,2,26.65676602661976,26.57897750326072,2
957,958,-0.00151488290911872,1,26.781922686061076,26.768133131796684,1
959,963,-0.008891448469836676,4,26.859361979844508,26.647402708847874,4
965,967,-0.002780162052573547,2,26.45873493970656,26.411634103807792,2
969,970,-0.005958763949927783,1,26.473073154559064,26.341799433756435,1
974,976,-0.005610235023886556,2,26.199664434526003,26.078877823935876,2
979,982,-0.00463382905022065,3,26.107350806489205,26.012481156704283,3
992,994,-0.0014507715919822525,2,26.375404520803684,26.363515237718666,2
997,999,-0.0017705793234534333,2,26.25022795587154,26.230000072972807,2
1000,1004,-0.0105101742150715,4,26.25024481560547,26.000600414220784,4
1007,1008,-0.004007967998619214,1,26.076977682997317,25.998538968626153,1
1010,1012,0.003902461383611825,2,26.174779816413373,26.303100663687882,2
1015,1018,0.006824118950099084,3,26.804309897839087,27.014030006855098,3
1022,1026,-0.0009004952853155267,4,27.618853869995775,27.62160207617002,4
1028,1029,-0.0015284747300939256,1,27.645992680758944,27.6313824722388,1
1033,1036,0.004864752297997162,3,28.13745325971014,28.30247245337481,3
1038,1039,-0.0004955719596226677,1,28.401202242623835,28.415528605415442,1
1040,1044,-0.005436300892622627,4,28.464268281630094,28.33799222284445,4
1045,1046,-0.002943661870665586,1,28.428371835806672,28.37311669342431,1
1047,1053,-0.015299167355933823,6,28.20347387623054,27.80018768325561,6
1058,1060,0.010187744043814152,2,28.374030569873494,28.691471961380596,2
1067,1071,-0.011664173518599753,4,29.277488149871566,28.965267936052587,4
1074,1077,0.0006454662122378845,3,28.703263736634213,28.750493987293797,3
1079,1084,-0.01179656322938872,5,29.09807000273823,28.783910850100487,5
1086,1087,-0.006898383768881828,1,28.585795595064344,28.417185602305842,1
1088,1091,-2.6869772327812926e-05,3,28.453558365909096,28.481247383639797,3
1094,1096,-0.0025773055275174553,2,28.08772981054033,28.04342687905475,2
1103,1106,-0.0021268200985763742,3,28.008003951141834,27.97644396936868,3
1114,1115,-0.014846130877610775,1,27.63736557157299,27.254694990756615,1
1117,1118,-0.00048317027812766825,1,27.123930883589537,27.137949337244187,1
1120,1121,0.0012101796107119914,1,27.254542072797765,27.314779505986355,1
1122,1124,0.005547157247893088,2,27.399326113173267,27.578713809722515,2
1125,1127,-0.001852319082360145,2,27.594255198814178,27.570736088544713,2
1128,1131,-0.0030150559975103096,3,27.642643355777054,27.586941881495957,3
1132,1133,-0.001186541236360455,1,27.58073277125888,27.575587827268002,1
1134,1138,0.006087410695720438,4,27.586909297557103,27.78242905357448,4
1141,1143,0.007629289240712004,2,27.881437347160546,28.122034334475984,2
1146,1148,0.0064167565013676904,2,28.183145118835284,28.392172643624395,2
1150,1157,-0.0014194595841796472,7,28.505444266225297,28.49348738442653,7
1166,1168,-0.004993920712467489,2,27.961693445823013,27.850016659214074,2
1170,1171,-0.0030318790755549043,1,27.73651801621239,27.680160765626496,1
1176,1177,-0.007599003789610056,1,27.205715406478067,27.026184787411665,1
1182,1183,-0.0002618946329288579,1,26.679948083829423,26.699640696703277,1
1184,1192,0.013725003613665378,8,26.680974910902883,27.073852362882043,8
1205,1206,-0.005632366316818747,1,27.01765082666051,26.892495171011518,1
1220,1221,0.0038951325331864723,1,27.749232225386503,27.88506839482394,1
1226,1229,-0.01006352744960538,3,27.820457080229446,27.568305603822218,3
1230,1237,-0.003995550946192905,7,27.630128130679235,27.547360674213948,7
1241,1244,0.004690192221632413,3,27.4565523007157,27.612785361050076,3
1250,1251,-0.006793610452782226,1,26.874468850213812,26.718768646570243,1
1255,1258,-0.009178606351692275,3,26.583182335835165,26.36576895193511,3
1260,1261,-0.00021077891187309408,1,26.537088528923356,26.558032158807872,1
1262,1265,0.004077083563959929,3,26.72599066667505,26.86168075461937,3
1266,1269,0.0052128524008461,3,26.951131673544367,27.118575076667867,3
1274,1275,-0.007751853407566696,1,26.789848630384476,26.60896749962122,1
1286,1287,-0.0020595986646806228,1,26.011440441701186,25.98387875414274,1
1289,1292,-0.0035593445271355894,3,26.18191414271975,26.114905604048648,3
1297,1299,-0.0038002708433949135,2,26.065960539363502,25.99296879006004,2
1303,1308,-0.0007296112650972536,5,25.476934087867296,25.483822763844515,5
1314,1322,-0.02445749870460301,8,26.255081163354305,25.639202630975674,8
1323,1325,-0.013792029038310692,2,25.632201712417054,25.304313843795978,2
1326,1328,-0.0009293672171291142,2,25.34047315214661,25.342263020284612,2
1331,1332,0.005485306889397941,1,25.656808246195823,25.82320052147484,1
1333,1334,0.0009981704421584267,1,25.885796879776375,25.93752111397326,1
1341,1344,-0.00012180069132292819,3,26.357425585199124,26.380572658126553,3
1346,1362,-0.019678335793090872,16,26.36192734169115,25.86953041064998,16
1368,1371,0.002915316445690216,3,26.08257477299667,26.184696306951327,3
1375,1378,-0.003208260096052479,3,26.703087108936284,26.644119747232207,3
1379,1389,-0.0041051856577244816,10,26.58254749827608,26.500003753038655,10
1394,1395,0.002276295753376802,1,27.158671457295274,27.247651297258166,1
1396,1400,-0.0001950375049667519,4,27.27721275603723,27.299169889274882,4
1401,1402,0.001283986834695017,1,27.333534025812085,27.39596345767273,1
1410,1411,-0.0032309289520545486,1,27.18483009823399,27.124182673711157,1
1412,1414,-0.006634378071769476,2,27.084396967207297,26.931793234848165,2
1415,1416,-0.002803331206966622,1,27.111200536964596,27.062310062977957,1
1420,1422,0.005297123688035467,2,26.883593563202957,27.05288287704932,2
1427,1435,0.003964612883208775,8,27.812444411573104,27.950522431412328,8
1437,1439,-0.0010396964089146592,2,27.90161596012847,27.900508366171938,2
1440,1443,0.0008349775897904975,3,27.97909991864083,28.030440939974046,3
1447,1448,-0.003767689976265676,1,27.663729371533552,27.587164745045833,1
1451,1455,0.009624013363646253,4,27.605211884346787,27.898490024312373,4
1456,1460,-0.019138452356623443,4,27.95977128080312,27.452624301524185,4
1462,1465,-0.012540811271936424,3,27.263419228847184,26.948777252899376,3
1467,1468,-0.0008811132383983169,1,27.01798304469969,27.021195125208884,1
1471,1472,0.0009893889681605855,1,26.97940175521874,27.033074279438143,1
1474,1477,-0.02316637601554093,3,26.99692860778789,26.39850453700295,3
1479,1485,-0.019679084095330607,6,26.3589405950418,25.86657972700319,6
1486,1497,-0.019196090542355364,11,25.949604368533766,25.477423017905625,11
1498,1500,0.005060120979580267,2,25.52535615839352,25.68004290476026,2
1502,1510,0.003041581399686289,8,25.726498821876614,25.830474560994162,8
1511,1514,-0.003654636255942241,3,25.78234597088595,25.71390322050839,3
1515,1520,-0.004488416257449536,5,25.807349252763796,25.717322476068777,5
1521,1525,0.005041897300030103,4,25.711606486200203,25.866953372008613,4
1526,1527,-0.004274929575685361,1,25.875188503459288,25.790449083352875,1
1529,1531,-0.008229265755854552,2,25.57655985162028,25.3916601033324,2
1533,1536,-0.008350688969938902,3,25.441596115765346,25.25458285581955,3
1537,1539,0.0005099450735002336,2,25.330569287832645,25.368817056137765,2
1542,1545,-0.0011095722958466385,3,25.688520655567523,25.685705905382388,3
1546,1547,-0.0034134099226760008,1,25.73784495032038,25.67572897992898,1
1553,1554,-0.004369579434060693,1,25.95638639528776,25.868924289507664,1
1555,1556,-0.008162921442859478,1,25.88067499948663,25.69529375757713,1
1557,1562,-0.0034253747128280866,5,25.797415006392324,25.73484660837949,5
1563,1566,0.004583011918071257,3,25.83509458251039,25.979332223469044,3
1567,1568,0.0010819482767892765,1,26.093318730990728,26.147643670958427,1
1571,1577,0.00355486398414874,6,26.342212928101464,26.46219812503045,6
1578,1582,-0.01997328231994465,4,26.418081390925995,25.91684367434468,4
1583,1585,-0.003671145575777285,2,25.949113100273145,25.879799241620006,2
1589,1590,-0.0004988283458137919,1,26.230533762228497,26.2436797622243,1
1594,1595,-0.0017929508826537294,1,26.40494746728869,26.384009640888078,1
1598,1599,-0.003944666255350348,1,26.053950098949393,25.977229911274435,1
1601,1605,0.0023742794228958203,4,26.090884346848405,26.17892228102513,4
1608,1610,-0.016181416812983542,2,25.827864725115134,25.435761145333807,2
1611,1615,-0.0032352840972886404,4,25.38029114384469,25.3235589826663,4
1617,1618,-0.0008776316575070365,1,25.520596249037368,25.523719162099795,1
1620,1632,-0.03536903878043803,12,25.603832232146807,24.723853129232324,12
1638,1645,-0.06185980557240415,7,23.76505359519943,22.318717053977828,7
1650,1653,0.017304139673136543,3,23.83709673206787,24.273414280053707,3
1654,1659,0.04416954219592144,5,24.3221051485273,25.42072350332734,5
1664,1666,0.020147875941497573,2,27.204740191662573,27.780062662256526,2
1667,1671,-0.021310444945129597,4,27.555545339727164,26.995879953171613,4
1674,1675,-0.006821082367945722,1,26.789461628127544,26.633517965397292,1
1681,1682,0.0057493259181819,1,26.052257350633585,26.22809252639736,1
1684,1685,2.1219376183935403e-05,1,26.456944388612754,26.483962732857027,1
1687,1689,0.0051751052107907635,2,26.531550668791734,26.69538578557695,2
1690,1691,0.0019821154231001227,1,26.969810625720484,27.050237713945535,1
1694,1695,0.006216614644141493,1,27.704259108430485,27.904190070417474,1
1697,1700,-0.012375575852865122,3,28.082722167004412,27.763265030838717,3
1701,1703,-0.007449516488320248,2,27.800878773364165,27.62157654732556,2
1704,1705,0.011560385919065087,1,27.79306528112422,28.14215690692891,1
1707,1708,0.008181753692978657,1,29.532059967491,29.80321606815878,1
1716,1717,-0.01699841680223338,1,30.860774117197295,30.367050590030797,1
1718,1729,0.050397074172975925,11,30.297866289821783,31.85508797080266,11
1736,1740,0.0022672264729720402,4,30.88687972309105,30.987794154189835,4
1741,1743,0.012054233595438998,2,30.989969040380636,31.394519335349187,2
1746,1747,-0.005221126095292725,1,30.46714889257804,30.33854321533841,1
1749,1750,-0.0036891263938250204,1,30.323414247921534,30.241870754316558,1
1753,1756,-0.003894631689577509,3,30.52690836855474,30.438544212206292,3
1757,1760,0.018193958350046176,3,30.416475916076703,31.00028848796506,3
1761,1767,-0.030643677066209067,6,31.34970244847244,30.420381992968178,6
1773,1778,-0.007165983031904628,5,33.88002805831866,33.67112438019061,5
1780,1781,-3.057034815329889e-05,1,33.531650312414925,33.564156888503135,1
1783,1784,-0.017842692053791624,1,33.911439423461026,33.34027949215086,1
1785,1789,-0.025555373862441763,4,32.659971659900975,31.857993845455354,4
1791,1793,0.04336258805443952,2,31.137063535319506,32.518384258161795,2
1796,1802,0.05197779359025587,6,33.157236712459536,34.91383395503547,6
1804,1805,-0.014435695637527904,1,35.36252027903944,34.887400219594355,1
1808,1814,-0.02996928833215718,6,34.22088868948018,33.22953389805197,6
1817,1827,-0.09615538143928666,10,33.05743926708284,29.91184602421752,10
1829,1830,-0.004503567926401492,1,30.688404041804674,30.580885133691357,1
1837,1839,-0.026908755827894332,2,31.259978708497915,30.450071552954267,2
1840,1843,-0.009466387153662763,3,30.102304439986728,29.84744667638038,3
1845,1848,0.005912509402354975,3,29.9491546699883,30.156178483237177,3
1849,1859,0.01193153832524891,10,30.247988696725265,30.639141721818664,10
1873,1874,-0.005520350966738792,1,29.752406508586027,29.617915189062135,1
1875,1884,0.02747677943856449,9,29.525550647543152,30.366343241135404,9
1888,1889,0.0029245374037078957,1,31.052542814540484,31.17440968029639,1
1895,1896,-0.0014293787103766438,1,32.06412109724336,32.05035344627726,1
1897,1899,-0.008499069095463958,2,31.88644756139507,31.64732888792328,2
1902,1903,0.0003170488603962036,1,31.88639438681245,31.928390326201747,1
1904,1913,-0.02747082769595214,9,31.84028871588204,30.997449919494557,9
1914,1916,0.006790221503366553,2,31.228841829930804,31.472121425079564,2
1917,1918,-0.0031040638584438466,1,31.485606406143138,31.419358679642784,1
1922,1923,-0.00015076820659578303,1,33.142848485693676,33.170994446351706,1
1927,1929,-0.0014254044224091826,2,32.61387043835445,32.5999963536381,2
1930,1933,-0.006594866009178386,3,32.68392449981192,32.50106232158137,3
1934,1935,0.001087987572098915,1,32.3770437380536,32.44464660299996,1
1943,1949,-0.0056492250755147844,6,31.491436623130394,31.34502584631815,6
1951,1953,-0.009459351624648584,2,30.942392843430707,30.680640262260116,2
1957,1958,0.0017849903526383271,1,30.787001908087564,30.872743411388246,1
1967,1969,0.01624002995347651,2,33.78472248512808,34.36717211274158,2
1971,1972,0.00010303261716316289,1,34.211030190998414,34.24876607316584,1
1975,1976,-0.003531061657327428,1,33.88694923403982,33.80117927614974,1
1977,1982,-0.008250998846590637,5,33.789316311999215,33.54431001839382,5
1983,1985,-0.009914834028115233,2,33.42366890383054,33.12570244294221,2
1987,1988,-0.0016996447326563123,1,33.3971849417626,33.37381877723255,1
1989,1995,0.004714212930703716,6,33.53056072257864,33.72216148623335,6
673,675,0.001730655873702263,2,27.00285811609598,27.076593629217445,2
676,687,-0.03375406212913671,11,27.005004598023707,26.120480999622416,11
688,689,0.003539756328269289,1,26.18705366043641,26.305936503010102,1
694,696,0.0037151901770576777,2,26.758740434995005,26.88491298504453,2
698,704,0.006496965644098303,6,27.161926390253388,27.365558419228645,6
706,708,0.004999604882402105,2,27.555848721144383,27.721172925670494,2
711,713,-0.005328204315347415,2,27.405339061421145,27.286723154631943,2
714,719,-0.028559589704919976,5,27.40594956423276,26.650652838768774,5
722,725,-0.014218479695350141,3,26.839077011339608,26.484305216823277,3
728,730,-0.011226478117020905,2,26.28456387221186,26.015765354957246,2
732,734,0.004634732930365086,2,25.981381361661487,26.127779506796415,2
735,736,0.00700745867775942,1,26.305188214115578,26.515825921750793,1
738,740,-0.010606620779525362,2,26.629951826379312,26.374127977806257,2
743,744,-0.0028233106137708977,1,26.294127375004678,26.246185013481988,1
748,753,-0.005229554668737344,5,26.32167329856818,26.21034434237924,5
754,756,0.0029821931206780537,2,26.191351045203323,26.295650063156796,2
760,763,0.01205803203394767,3,26.52698019639803,26.87337035356649,3
766,768,2.1308847015305814e-05,2,26.92109554682304,26.948590299876354,2
769,771,0.0031086212439135974,2,26.979346082206625,27.090193996666876,2
774,783,0.01933913299918686,9,27.238219615083597,27.792221386495843,9
784,788,0.009087217885197355,4,27.950691592936817,28.232636309076725,4
790,793,-0.010354333205754507,3,28.02764917539335,27.76546920603273,3
795,796,-8.261132171928068e-05,1,27.667877227947066,27.693259425268046,1
799,803,0.0018796923550595357,4,28.119924220422785,28.20090095122519,4
804,807,0.00567947684908451,3,28.398085827506026,28.587770184349168,3
809,811,-0.0035836650806182675,2,28.67324001162909,28.599157962662858,2
813,822,-0.00546788753521844,9,28.562260637635468,28.434647669354916,9
826,828,-0.005625365456434781,2,28.56216089298824,28.43005046063268,2
829,830,-0.007137133871818593,1,28.29047061750515,28.11684821202877,1
831,832,-0.005255168517965174,1,28.04850475700037,27.929153642582385,1
837,844,0.005616761927345419,7,28.501859130763293,28.69044914711829,7
845,847,0.0006345506266487184,2,28.601021188564953,28.647771005671515,2
848,850,-0.010914810502168467,2,28.559202899924514,28.276043815078783,2
851,853,-0.00465791953326361,2,28.200116328180894,28.096962571823735,2
856,860,-0.010643928136644016,4,28.074710434806192,27.80395994491583,4
862,866,-0.003934282892027847,4,27.77413368276614,27.692636517459906,4
867,871,0.005465070822057105,4,27.699140382155566,27.878217286436303,4
879,885,-0.012586521073171899,6,27.41842690619667,27.1007427250548,6
887,888,0.00032703368956894904,1,27.238548271418292,27.274694742629414,1
889,891,-0.006692757879460189,2,27.24114237785539,27.086065149938356,2
892,893,-0.0012631610226263223,1,27.065716938861875,27.05859429711413,1
894,897,0.01143759006834726,3,26.99404034470834,27.329781152804248,3
901,904,0.005518766489706402,3,27.362124370614694,27.540491670049036,3
907,909,0.0023289355900928187,2,27.654390215126426,27.746449898935875,2
912,915,-0.01420246464265779,3,27.92225256785788,27.553610015587374,3
917,919,-0.00351103587297317,2,27.370268882601476,27.301541155584342,2
921,922,-0.006346559699370251,1,27.355727997187564,27.209468964330867,1
925,926,-0.0006051698413206796,1,27.07860710207795,27.089298552816878,1
927,929,0.0028946207746349227,2,27.126672960294815,27.232321064352707,2
932,933,-0.0004921072302637449,1,27.315734995655475,27.3296084599598,1
936,937,-0.003490564629469781,1,27.287436479126395,27.21947535500258,1
939,941,-0.005756399264936225,2,27.148041090938452,27.018914168249054,2
942,943,-0.007484995052436323,1,26.892209933507647,26.71781408513977,1
945,947,-0.008703530634233084,2,26.49600359139901,26.291890816047918,2
951,957,-0.00030516553060244776,6,26.728293113237672,26.74686485260091,6
960,962,-0.0031635339267250965,2,26.777714863405006,26.719780368817858,2
963,965,-0.004531319801890648,2,26.581278425391055,26.487411430527903,2
968,969,-0.00042655171765605877,1,26.434270426077777,26.449429113048627,1
970,975,-0.010031683988105607,5,26.412402860527695,26.173854384524873,5
978,981,-0.001359944949784949,3,26.147783464479737,26.138371701873627,3
984,989,0.012958061604985038,5,25.76747802138318,26.127142067010745,5
991,992,0.0018548602430145363,1,26.278175883073125,26.353196402660654,1
993,995,-0.002048073955118057,2,26.414428446690017,26.386744172195712,2
997,999,-0.0020436729096704933,2,26.303050257144236,26.275598476149153,2
1001,1003,-0.007078331283557815,2,26.14386739915324,25.98495631206778,2
1004,1005,0.00251158943172044,1,25.9658042789657,26.056985522857836,1
1007,1008,-0.0019210310106024327,1,26.05212072963474,26.02812591855079,1
1011,1012,0.0007035889688800487,1,26.27364340495955,26.318402894036527,1
1013,1014,0.0011399800086676014,1,26.535628613726264,26.592414328477066,1
1015,1017,0.0021462830787658755,2,26.834069103845817,26.91849668140168,2
1018,1022,0.020899725506165173,4,27.03978396957558,27.63194781625529,4
1025,1029,-0.00646760232787199,4,27.736579706591133,27.58492711882017,4
1032,1034,0.006152189063456946,2,27.944453350293866,28.14431736393012,2
1038,1039,0.000376098518010956,1,28.406802205768372,28.44589276418516,1
1040,1045,-0.0011684856340443254,5,28.445351465865404,28.440558832788064,5
1049,1054,-0.008911761724391242,5,28.083776943029914,27.86158479153571,5
1055,1058,0.010711507834177018,3,27.977906661086827,28.30557013413202,3
1060,1061,0.011627715031953534,1,28.70003155940242,29.062447379342625,1
1065,1067,-0.005403964901537264,2,29.395732036685725,29.266274264541167,2
1070,1071,-0.008379803184987628,1,29.171449410079333,28.956169854812124,1
1072,1073,-0.0033053162459197242,1,28.75228096000208,28.685997859597737,1
1074,1078,0.005579780897734329,4,28.68637195790965,28.875122000143605,4
1081,1082,-0.0009817439058959212,1,29.22740073378748,29.227934311965694,1
1085,1087,-0.012287558795669881,2,28.718495161444338,28.394333458786374,2
1088,1089,-0.0026220725498575454,1,28.450922706429047,28.40477324568883,1
1090,1091,-0.0025307096897844916,1,28.517092570048057,28.473441180126603,1
1092,1098,-0.025103602104880548,6,28.39715662776424,27.71268286349864,6
1101,1103,0.0046428873972755615,2,27.81278955537512,27.969733995040222,2
1106,1107,0.003102121398544021,1,27.948399895076133,28.06304762434079,1
1108,1114,-0.02021363836486768,6,28.173725780243974,27.632406001711416,6
1116,1117,-0.0005743831021044856,1,27.078761828877887,27.090287007486346,1
1118,1119,-0.0004420423542968097,1,27.161859046317424,27.17701421324383,1
1126,1130,0.0018940499901322857,4,27.522453716953798,27.602105073861765,4
1134,1136,-0.001247470372696868,2,27.562143572419547,27.555322758477356,2
1140,1144,0.011909040458986674,4,27.87019083515737,28.229968256248096,4
1145,1146,-0.003537808207828143,1,28.27464780278515,28.202892169517792,1
1150,1151,-0.0007661222171544888,1,28.531654944450267,28.538327864649588,1
1153,1154,-0.0035774908317741283,1,28.702368617805973,28.628388525843377,1
1155,1156,-0.005386379885330736,1,28.642254822179712,28.516619011757186,1
1160,1163,-0.008704209718477199,3,28.362727481932975,28.144215081224147,3
1164,1167,-0.007941436324292735,3,28.067739206819116,27.872908782348127,3
1168,1169,-0.004408839419111427,1,27.87274212971524,27.777728427624737,1
1174,1177,-0.018770875879841598,3,27.545779542926915,27.05626691365608,3
1178,1179,-0.0032978549658904243,1,26.959106523582534,26.89715840678135,1
1182,1187,0.002975428365334532,5,26.676006288206565,26.782054840278544,5
1188,1192,0.00966167788334426,4,26.816348992445352,27.102256267410148,4
1195,1196,-0.003920621552999087,1,26.997576298666488,26.918726595449865,1
1201,1204,0.004005301314962558,3,26.875872815899577,27.010394657445765,3
1208,1209,0.005790973331016368,1,27.113971405567604,27.298101662280754,1
1210,1211,0.004682522661629926,1,27.42257007480121,27.578399450691403,1
1216,1224,0.01697649631880561,8,27.473604856008716,27.967484012567077,8
1234,1238,-0.009129691438614817,4,27.756011920856146,27.53036410837307,4
1239,1242,0.0015356957501700946,3,27.450383647225824,27.519989468380633,3
1251,1252,-0.0063677830609358,1,26.81133294130237,26.66741552249894,1
1254,1259,-0.009511119160547764,5,26.62876717062781,26.402126560140115,5
1261,1262,0.005095694438935308,1,26.534738385304635,26.69648604251854,1
1264,1265,-0.00030716625987072346,1,26.84190250181575,26.860499477518267,1
1266,1267,-0.0005234111700856568,1,26.929023854183804,26.941857926153205,1
1269,1270,-0.00360709199314904,1,27.131317104256105,27.06058326467001,1
1273,1274,-0.006447690004189787,1,26.894336516256406,26.74782450804748,1
1275,1276,-0.0020288767171028972,1,26.64302619167625,26.61561380235447,1
1284,1285,-0.007861349138986914,1,26.11896481065205,25.93975347393725,1
1288,1290,0.003330419820815684,2,26.02819874289982,26.140911770636205,2
1291,1293,-0.0041282746689009775,2,26.209436811113385,26.127446493851018,2
1298,1300,-0.006898179688435525,2,26.100757246012495,25.94681028977128,2
1301,1302,-0.0067992866418424905,1,25.844424064563672,25.694544841319935,1
1303,1308,-0.0009098448984462776,5,25.49231557512717,25.494613837426684,5
1310,1311,0.0012326585287481804,1,25.73589986961531,25.793359345954215,1
1315,1316,-0.0008525324997710512,1,26.46131022328499,26.4652124065564,1
1319,1325,-0.018723895853000237,6,25.78428462569992,25.3272866503499,6
1326,1334,0.023281159777629526,8,25.33360872361582,25.948738124777886,8
1337,1339,0.0017546994664034555,2,26.109887120183576,26.1818120123014,2
1341,1342,-0.0009689750127526154,1,26.36055102958756,26.361368865347085,1
1347,1356,-0.029039685340889163,9,26.38540718977456,25.645568674582048,9
1357,1362,0.004520005211242853,5,25.750064255773484,25.892204744655192,5
1365,1372,0.017675530730990804,7,25.867530651511466,26.350620515128615,7
1373,1376,-0.0003221495357062066,3,26.620101606877437,26.638146055111207,3
1377,1380,-0.007613303479791241,3,26.671781599502825,26.4953930134386,3
1381,1397,0.025702660110139688,16,26.566994292841258,27.27640371159102,16
1399,1401,-0.0013276237178183542,2,27.334037065290584,27.32508178644427,2
1408,1411,-0.005675843385397959,3,27.26401595517262,27.136533686509242,3
1413,1414,-0.0012223189663315625,1,26.975770788689058,26.96977356321132,1
1415,1421,-0.008928757591000088,6,27.14547681307927,26.93024690773625,6
1428,1429,-0.002236737373348634,1,27.891912914073405,27.857417942958385,1
1430,1432,0.004703248005680372,2,27.84580871193344,28.00462026493633,2
1434,1435,0.0003498569344987754,1,27.926531901312504,27.964228724055992,1
1436,1441,-0.0013331411008811705,5,27.937456277279132,27.9281491623391,5
1442,1443,-0.0037964254210575026,1,28.077275125153236,27.99875911923923,1
1444,1449,-0.018194135083350136,5,28.0380430489304,27.555953149274306,5
1452,1455,0.0082494408784837,3,27.68637649486057,27.942459997389225,3
1456,1458,-0.014835605554454939,2,27.919982696719497,27.53369282904048,2
1461,1463,-0.009643746397524466,2,27.37255343149173,27.13595202137723,2
1467,1468,-0.003778486355635968,1,27.09453692863094,27.019255127462465,1
1469,1470,-0.002966205970525132,1,27.07263999320503,27.019409606812513,1
1471,1473,0.0003375662402709332,2,27.001698794249524,27.037815354986677,2
1481,1482,-0.0128824832732767,1,26.38023819667742,26.066775457560347,1
1484,1487,0.004071358454988348,3,25.92431023120058,26.05578170108132,3
1490,1491,-0.005205147283164903,1,26.04148179238124,25.93197352597242,1
1494,1495,-0.009306290795875277,1,25.521937582068514,25.309944946837675,1
1499,1505,-0.003550592697379775,6,25.637336449273807,25.57194604614602,6
1507,1514,0.0015393078909035317,7,25.662395720147913,25.727560444099574,7
1516,1517,-0.004855445712471955,1,25.775233579524524,25.675858565732383,1
1518,1520,-0.0024663489361121016,2,25.761385013466718,25.723609833959447,2
1525,1526,-0.0001114156399196622,1,25.874295923875394,25.89728741856144,1
1531,1533,-0.0005717359352254881,2,25.38361792653153,25.39448881792343,2
1536,1540,0.0055922353857042,4,25.31885248270994,25.485760317971884,4
1541,1544,0.005677081863813653,3,25.563984156145565,25.734676971121385,3
1547,1548,-0.0013992336047303107,1,25.71632772383524,25.706060901617626,1
1549,1555,0.0031796137530013327,6,25.7049699715918,25.812406817605552,6
1557,1561,-0.0038978179341298156,4,25.791349552861725,25.71661091758203,4
1563,1564,-0.00036677126436374173,1,25.84020452173226,25.85656728177014,1
1565,1573,0.013361713728609989,8,25.965097509314898,26.338000806679123,8
1581,1583,-0.004908939620094943,2,26.000386497348543,25.898752556431276,2
1584,1591,0.013977433278379737,7,26.001568301701244,26.391005056073208,7
1595,1596,-0.0065478885764922124,1,26.429693936296935,26.283064939227568,1
1597,1598,-0.006125247965959963,1,26.137275457836168,26.003315439960158,1
1602,1603,0.0028958707683266337,1,26.11698143617291,26.218729820707026,1
1609,1611,-0.011696804786343423,2,25.57698127705908,25.303389301314418,2
1614,1618,0.007352761630381471,4,25.330613190214816,25.542193764144077,4
1623,1624,-0.0047543598945010476,1,25.527444750575906,25.431605535795253,1
1625,1634,-0.046802976323600774,9,25.363691433788564,24.20195887556763,9
1636,1638,-0.004051393927019964,2,23.792221955401462,23.71962251381644,2
1639,1640,-0.007090321682744488,1,23.544705027319768,23.40131019977806,1
1642,1646,-0.05316219024799002,4,23.14513964420354,21.937838466766298,4
1649,1659,0.08211770334091925,10,23.507208451079684,25.461073629489675,10
1662,1663,0.0007319506068884764,1,27.085114865975303,27.132024947105073,1
1665,1668,-0.008035913486066635,3,27.50017750100979,27.30668863126121,3
1669,1672,0.009372544008181695,3,26.81203196685726,27.09014094838226,3
1673,1675,-0.012207097126152252,2,26.90579481622298,26.604258960461244,2
1676,1679,-0.029067660161370655,3,26.3791856759848,25.638783657097562,3
1680,1683,0.013342545576731386,3,25.954787608285514,26.327045332491732,3
1684,1687,0.002435348777657673,3,26.38941889128076,26.480075749212016,3
1691,1692,0.005825014968629237,1,27.11115966491327,27.2961937354432,1
1693,1699,0.008676789301787856,6,27.531459279514706,27.797875410133322,6
1700,1701,0.0016754730100927554,1,27.75978451965429,27.834055073902615,1
1702,1704,0.0031102381093663584,2,27.684996684366855,27.79878861279662,2
1705,1706,0.022219402645380994,1,28.201943763825295,28.856776051459946,1
1707,1712,0.03832231879923478,5,29.470819765857684,30.62968073596553,5
1713,1714,0.0004800550894892882,1,30.630956307783972,30.67629181056323,1
1715,1716,-0.0034250845149663904,1,30.843765076692048,30.7689663396213,1
1717,1718,-0.00511283737814317,1,30.411858016426798,30.286778990038055,1
1720,1724,0.044418676222010275,4,30.809104798570118,32.20841355410636,4
1726,1728,-0.017284415951090728,2,32.45257719941324,31.924105933613113,2
1730,1732,-0.01490660561965931,2,31.87788173697062,31.43456860766443,2
1737,1740,-0.004050846224726236,3,31.073676832086186,30.978875822434652,3
1743,1746,-0.028984316037140176,3,31.384851604568897,30.506567998487895,3
1747,1751,-0.004012751803099099,4,30.421361215845554,30.329709204989786,4
1752,1753,-0.00019182864085627268,1,30.464649195136936,30.489269852082806,1
1759,1762,0.01694720452341872,3,30.795339907084582,31.348030170765227,3
1765,1769,-0.010423693344424667,4,30.89177711797393,30.60066248354983,4
1770,1771,0.034979390896203034,1,31.39337515703538,32.522889673361504,1
1773,1774,0.00352634900347705,1,33.930854232029674,34.084437120269946,1
1778,1779,-0.0017100208043140082,1,33.691774114424575,33.667852253869086,1
1782,1793,-0.04834816279963525,11,34.10647546783723,32.491596514864305,11
1794,1797,0.04416327893109495,3,32.505239655393666,33.9732828606723,3
1799,1800,-0.0019065861619492717,1,35.079526302619534,35.047723689505844,1
1803,1808,-0.031196265913220816,5,35.18561946523832,34.12314514354458,5
1812,1813,-0.004777802410076819,1,33.245648049046764,33.12005255972251,1
1814,1815,0.007154908438665695,1,33.33439602730748,33.60623497476839,1
1817,1821,-0.03837519536219187,4,33.02936012558192,31.794881338200103,4
1826,1837,0.046811658265900065,11,29.84111256161963,31.267865637690047,11
1844,1847,0.011701926812523755,3,29.870045135762243,30.249452262963477,3
1849,1851,0.007676904100758498,2,30.1906208522567,30.45258197413409,2
1857,1858,-0.007993610626519458,1,30.96062956472748,30.74410297679987,1
1861,1868,-0.020502349538724964,7,30.93539515383217,30.33208226442356,7
1869,1871,-0.01100178481324108,2,30.498151569875315,30.19311562067181,2
1874,1880,0.00868363082807309,6,29.692632402077308,29.980164892572706,6
1881,1882,0.0028924452333339012,1,30.33116642333246,30.449228827498416,1
1885,1886,-0.0010235044871829766,1,30.340093595113217,30.33938046677218,1
1888,1897,0.023033503347962326,9,31.044837959329964,31.79095417636247,9
1898,1905,0.002086302194058764,7,31.75704416264777,31.85505599772377,7
1906,1908,-0.0016408325927542967,2,31.906456592368755,31.886009895065065,2
1909,1913,-0.02220666095243997,4,31.728221201147758,31.055371571511,4
1914,1915,0.0032274238523356917,1,31.24101083331356,31.373079827681387,1
1918,1920,0.015780979516709055,2,31.408773444199834,31.935843428011907,2
1921,1923,0.01687763880887711,2,32.56909527888211,33.15135380060987,2
1924,1928,-0.01726209504950509,4,33.131665507079546,32.59287521345501,4
1929,1930,0.0019717931374021586,1,32.61417571473538,32.71109829830646,1
1933,1935,-0.004861822413609442,2,32.548429521457976,32.42273326680422,2
1938,1944,-0.014255304852061904,6,31.88964167565928,31.4669347536254,6
1945,1958,-0.020700765224618015,13,31.504893012194803,30.884222511534844,13
1959,1963,0.0506095537763772,4,31.346867348063448,32.96466518418429,4
1966,1969,0.024227546348319688,3,33.47909138693812,34.323686716601735,3
1981,1983,-0.01163779350666741,2,33.746522273037165,33.38753373752844,2
1985,1986,-0.0008736771906782469,1,33.19024910848737,33.194441793996845,1
1988,1990,-0.005505830798358451,2,33.45512566468248,33.3043825290996,2
1991,1994,0.0066042153639779035,3,33.309383568780035,33.562675295078385,3
1995,1996,-0.00019238090441111514,1,33.82485432810917,33.85217192637006,1
673,674,0.00019000705192043416,1,27.0341965841689,27.066367468747064,1
675,677,-0.00843839439528411,2,27.0631478826291,26.861841515100206,2
678,679,-0.007057245652919462,1,26.788636858311744,26.626371504154097,1
680,681,-0.008299492478678488,1,26.48738786948362,26.294043380950484,1
684,685,-0.00240014992769112,1,26.18126981405561,26.1446121110186,1
686,687,0.0003888860049695484,1,26.070001856631396,26.106210117359602,1
689,690,0.000511977181529754,1,26.35777282305953,26.39762517412394,1
691,696,0.017575489916372287,5,26.479643423426676,26.971515772827672,5
697,700,-0.0069548071103291914,3,27.103452016388662,26.942056187607005,3
706,710,0.0017109006870411753,4,27.55234639867099,27.627038073452745,4
712,714,0.0014107336169001455,2,27.307882523463313,27.373714553868986,2
715,716,-0.007671460836219852,1,27.236912459093404,27.055202464323013,1
717,720,-0.009000106577182442,3,26.895334990269067,26.68016944391789,3
721,722,0.0015609273101082808,1,26.77659549806556,26.84516841274828,1
723,725,-0.013945134705850386,2,26.8029570865909,26.455989196589854,2
727,738,0.010304208414893615,11,26.312899229379084,26.61034572626808,11
739,740,-0.008195365949457186,1,26.52653683814927,26.33566869822703,1
741,745,0.005210308742529918,4,26.166464418196785,26.32896624093421,4
749,752,-0.006492437622179713,3,26.37583464999693,26.230967023448894,3
754,755,0.00024140231318038174,1,26.232099888510433,26.26466447799161,1
756,759,0.0058778306002332985,3,26.275244008688027,26.455960685959578,3
760,763,0.013829541423909877,3,26.477138991887607,26.869782821354423,3
765,780,0.028500729305698774,15,26.91047997073321,27.70435875583624,15
783,786,0.011270717995344647,3,27.811954570564367,28.1532272219991,3
789,791,-0.012894295774000857,2,28.155534351550138,27.82064409829776,2
794,796,-0.002138127271127412,2,27.704516863989607,27.67298559781329,2
798,803,0.005875069108234184,5,27.96408127190616,28.156336263198792,5
805,808,-0.0010127044854135118,3,28.511761970100018,28.511399742835955,3
814,815,-0.0025851929129210123,1,28.628767639517708,28.583385519949882,1
816,818,-0.0077156512121554326,2,28.595256298973762,28.403220531347664,2
819,824,0.003570115868791415,5,28.504910934560968,28.63518168036149,5
828,832,-0.021338752056160763,4,28.499148314290068,27.91951120291397,4
834,840,0.023156695253623773,6,28.046665601156896,28.724180354964336,6
841,846,-0.0063530934332377475,5,28.71709804105958,28.56337273211434,5
855,859,-0.009803477383685203,4,28.175683203599963,27.92763921374719,4
864,874,-0.0032030020986955387,10,27.915832848994132,27.854334210640964,10
878,884,-0.016062296366725876,6,27.558710686342504,27.143613218499958,6
885,888,0.0029522915484612566,3,27.136356713775903,27.24360750707179,3
890,891,-0.0015018346541082923,1,27.1102459879146,27.096641126996463,1
897,911,0.017562084833512782,14,27.39434457744713,27.902840725452183,14
913,914,-0.008872742026694126,1,27.886978685690835,27.667431696594473,1
921,929,-0.003363805657059717,8,27.28497480661362,27.220478428813013,8
931,932,-0.0010513029469282052,1,27.254678233995573,27.25327998868459,1
933,939,-0.00743986154671921,6,27.293117738073,27.117353838661504,6
943,951,-0.004295832200580074,8,26.768285243661147,26.680061467200776,8
955,957,0.004303138026073056,2,26.62583566625905,26.76703614785676,2
958,959,-0.002281603825843955,1,26.818378812083754,26.784008275195255,1
965,970,-0.006925008163199901,5,26.493041478456107,26.33606999142826,5
971,974,-0.003869837120003357,3,26.30851468244528,26.233013530437447,3
975,978,-0.005147705579088662,3,26.227315745173115,26.11853256133234,3
980,981,-0.0032222594873688422,1,26.177408422160543,26.119235427939667,1
984,990,0.015489287021145794,6,25.741941760047844,26.166408026210892,6
991,993,0.0007639500039914309,2,26.26267052606451,26.308996563843788,2
995,999,-0.008930064306564137,4,26.375792689477663,26.1666309573135,4
1000,1001,-0.008140837780239708,1,26.20988166575967,26.022721152545202,1
1010,1011,0.0020748435154737993,1,26.186408679254633,26.266927788175586,1
1016,1017,-0.0006912142710132881,1,26.918873883865846,26.927186047961577,1
1018,1023,0.022119151390563765,5,27.02294112336687,27.64768859021628,5
1026,1032,0.006680747999953906,6,27.67441375773294,27.886973955852543,6
1033,1034,-0.0016396637325266196,1,28.163311907582564,28.14529685836745,1
1035,1036,-0.0013381015007961747,1,28.276872501125816,28.267312048095363,1
1037,1042,0.008263677024082351,5,28.285217380973414,28.547242499346712,5
1043,1060,0.00423794774951128,17,28.49269921105179,28.64194248076182,17
1062,1063,0.004374975477449215,1,29.380088050352533,29.538005303148477,1
1065,1066,-0.002662262353330699,1,29.36983276070279,29.321012393381054,1
1072,1075,-0.006459139845079205,3,28.778384320958608,28.62127909643506,3
1076,1084,0.0035201255681515543,8,28.70835664730597,28.83812202420707,8
1088,1089,-0.0013630685624705123,1,28.472047942924515,28.461710637407286,1
1092,1093,-0.008102942068481738,1,28.394629814726205,28.19294440409622,1
1094,1095,-0.0034371018317902358,1,28.090374567133228,28.021915463819994,1
1101,1109,0.01179112329584519,8,27.86269082283547,28.219085936504374,8
1110,1111,-0.00722335109427506,1,28.264009403208018,28.088112549359963,1
1112,1113,-0.008765989923829837,1,28.059749546758113,27.8418378145128,1
1114,1117,-0.02170675309252155,3,27.67394663349164,27.10090905345631,3
1119,1125,0.01141996398734265,6,27.19103069418918,27.52874231618974,6
1126,1128,0.003070187272469942,2,27.532400480541607,27.644462506558053,2
1129,1131,-0.004813921965294709,2,27.665851730761613,27.560336331157075,2
1132,1139,0.007976242457487362,7,27.60959918104379,27.857429637446884,7
1142,1145,0.0062492019661628305,3,28.01216995047211,28.21523582795356,3
1148,1151,0.004834582827014121,3,28.391346235974325,28.556997897158553,3
1152,1159,-0.010250296879272588,7,28.664817482606598,28.399659410902323,7
1161,1164,-0.009734695219365617,3,28.25352489436214,28.006738965537128,3
1181,1187,0.0009573150710122007,6,26.7208306036605,26.773131688111008,6
1188,1190,0.004938460438204147,2,26.7962147897597,26.955343051182307,2
1192,1193,0.0001362998674541273,1,27.093390978312193,27.124177194889732,1
1207,1210,0.01416452750023741,3,26.966530880353048,27.375465579474163,3
1211,1215,-0.0012173292628127794,4,27.506815013438555,27.500836977609357,4
1216,1217,0.00013322248389099098,1,27.446366176203284,27.477469015455263,1
1220,1226,-0.004451289035199635,6,27.819791682687526,27.72377754069153,6
1230,1233,0.0006847602350808107,3,27.64190198795154,27.688471965242844,3
1235,1238,-0.010460364791190786,3,27.771495729148512,27.50876724875377,3
1243,1244,-0.0007998083912005701,1,27.58553775421002,27.591060147392632,1
1246,1248,-0.019799720608666267,2,27.51064884309232,26.993456331079056,2
1250,1253,-0.010789996148429536,3,26.85302826819224,26.59013722487297,3
1260,1264,0.015213977938056907,4,26.43034152567347,26.85888250006605,4
1265,1267,0.0021428687291876517,2,26.908848278074124,26.99341925586574,2
1268,1272,-0.00647068340838365,4,27.06827281093455,26.920190859974166,4
1273,1275,-0.010561233806060104,2,26.83049635630011,26.57396370750488,2
1279,1281,-0.0007205749281759398,2,26.498514852723716,26.50591920213967,2
1289,1299,-0.01010350324626261,10,26.151800414636263,25.91372741466601,10
1300,1305,-0.03191908860269578,5,25.95369245641785,25.15122793979075,5
1306,1309,0.012178594638106565,3,25.270290054797456,25.603316963817008,3
1310,1318,0.0066386606127304725,8,25.768486816516578,25.965323541811568,8
1319,1321,-0.0016528181923216993,2,25.74398136112536,25.727175221750027,2
1325,1327,0.0009125433879798705,2,25.297457022021234,25.345839506181406,2
1332,1336,0.00802946453056157,4,25.845777457335693,26.079150988151493,4
1338,1340,-0.001166053438952611,2,26.24269432275575,26.238336633116074,2
1342,1347,-0.0019716679331973947,5,26.40390004137694,26.378244218395384,5
1355,1356,-4.247332212073548e-05,1,25.617307356395205,25.641836611604386,1
1358,1361,0.00330101126948636,3,25.75980051297674,25.870593705282772,3
1362,1366,-0.0016884596225758136,4,25.909011987772566,25.89117467915815,4
1367,1368,0.0010445747282330129,1,25.96610959154691,26.019199243008316,1
1373,1377,0.0014373265707992668,4,26.61055339065351,26.675411999496223,4
1378,1381,-0.002997612359171753,3,26.656053393460194,26.602804931754676,3
1383,1385,-0.005192265687648422,2,26.718961507564927,26.606948522027164,2
1386,1391,0.0012613651917529607,5,26.590508662181456,26.65063951290112,5
1393,1396,0.007873182236698435,3,27.01292718808158,27.252617813768094,3
1398,1405,0.0015965925878485437,7,27.335432504970775,27.406411486398817,7
1407,1410,-0.005504834015644861,3,27.310353567279392,27.187324957550224,3
1411,1414,-0.006448535880941198,3,27.109485500152196,26.961778495690762,3
1415,1416,0.0028222262900490813,1,27.087233974422094,27.19076751224384,1
1417,1418,-0.005193821566587155,1,27.141874933215192,27.028046752762663,1
1421,1423,0.007523420219474331,2,26.954258353868077,27.18400082452237,2
1424,1427,0.015236930554130973,3,27.355808809476592,27.799983177368148,3
1429,1432,0.0045070844704548805,3,27.862710160006298,28.016152458433254,3
1433,1435,-0.00445929599690593,2,28.006689492785284,27.909806063936305,2
1436,1447,-0.010494219714595545,11,27.89392605196443,27.6290949893244,11
1449,1451,-0.005207357268103185,2,27.65799688470774,27.54162981049369,2
1453,1455,0.0034805666369178683,2,27.775328883277673,27.89977809520151,2
1458,1464,-0.022453562945608022,6,27.60656363812069,27.014304487398334,6
1466,1472,-0.0011396720516155473,6,27.03603484373812,27.032258665283944,6
1473,1474,-0.006613808829309814,1,27.098184600097532,26.946060572131238,1
1476,1489,-0.023598848894238456,13,26.651738996141663,26.049440373799175,13
1490,1497,-0.02276592499605228,7,26.050657330599595,25.483640677043905,7
1501,1507,-0.0020110237260924906,6,25.66561868167136,25.63967013223935,6
1510,1511,-0.0019736176307977756,1,25.750090543513707,25.725019801365903,1
1513,1514,-0.000293240039903676,1,25.695091502200004,25.71325176404477,1
1515,1518,-0.007016326026463031,3,25.85053007213764,25.695004855266774,3
1520,1524,0.004473498352415648,4,25.733052682867473,25.873902504329774,4
1526,1530,-0.01675009199510112,4,25.85333450279094,25.44614210599186,4
1533,1534,-0.004607070497380945,1,25.395913203017624,25.304308353748972,1
1535,1537,-0.004413038578308159,2,25.321587372831463,25.235163818263988,2
1538,1542,0.014933895004704597,4,25.25474386428684,25.657150301391095,4
1543,1546,-0.0007534456978404947,3,25.71251518135778,25.718854712595085,3
1547,1551,-0.0010662895085697597,4,25.722709155161436,25.721004009412457,4
1552,1559,-0.004061009111012091,7,25.8130042014417,25.733990360398494,7
1564,1571,0.01624157608731826,7,25.89555182132372,26.342031948374167,7
1576,1582,-0.02574373299529282,6,26.513932219495114,25.857878560000636,6
1584,1586,-0.0003874398226364128,2,25.932626184460418,25.948511478555474,2
1589,1593,0.006237723860359762,4,26.220049257154106,26.409822733282418,4
1594,1595,-0.002075534813820803,1,26.43492365409721,26.406491973406535,1
1596,1600,-0.012145526770593697,4,26.308734926975756,26.015510217546694,4
1603,1606,-0.00911608056618221,3,26.238802522991712,26.025846287754966,3
1608,1610,-0.015788321389417555,2,25.848801050762326,25.46654067329254,2
1615,1617,0.0038524137340872327,2,25.35959593484939,25.482651186454557,2
1619,1623,-0.004254202707325169,4,25.582779193413838,25.49952764410173,4
1624,1626,-0.007220197272098023,2,25.45096391515439,25.29265389883708,2
1630,1631,-0.005026907241610825,1,24.907398682556202,24.80709889843173,1
1632,1633,-0.01370513560565112,1,24.69667577655507,24.38290116180514,1
1634,1638,-0.019213128222959383,4,24.197055683716385,23.75635160593077,4
1640,1642,-0.010816405449251418,2,23.392128888780494,23.162502267287078,2
1643,1646,-0.04388792724574822,3,22.913381628739547,21.9306741844921,3
1647,1648,0.023082624039175905,1,22.279484335309245,22.816032780343207,1
1649,1658,0.06478028601633314,9,23.514229324919356,25.0610020553662,9
1659,1665,0.07809727288831673,6,25.449972148753634,27.46299554080366,6
1667,1668,-0.01079836393766647,1,27.578268657404816,27.308046744328824,1
1669,1671,0.006294013826685205,2,26.810148206803845,27.005701798519752,2
1676,1690,0.019972595216808,14,26.40892791537349,26.96279167065248,14
1691,1695,0.029555177179242966,4,27.111832642104343,27.940239492137824,4
1696,1700,-0.00833281965231629,4,28.004974233902143,27.799618808477174,4
1701,1704,-0.0006835262879543781,3,27.820544361334946,27.829348832280107,3
1705,1709,0.06798893203432048,4,28.184985017167296,30.129437032904992,4
1711,1712,0.007691528498606977,1,30.318391065650946,30.581904225629962,1
1714,1724,0.049118877094458085,10,30.688425875367397,32.22649532003732,10
1728,1730,-0.0032896769699628002,2,31.922393345000355,31.849301376132214,2
1731,1742,-0.020404664128426862,11,31.772284855304548,31.15575433909466,11
1743,1752,-0.0328157511889391,9,31.371614677769056,30.373503190785886,9
1754,1757,-0.00686408721845394,3,30.50245837586589,30.32358929957255,3
1760,1769,-0.016835954335511688,9,31.047776812125218,30.556105636309244,9
1772,1776,-0.0023046936698405173,4,33.53348274851569,33.48973182584599,4
1777,1778,0.004782132301752442,1,33.47438422054415,33.66793753882703,1
1781,1791,-0.07599360274370344,10,33.56903755235776,31.051574485667782,10
1792,1794,0.02524985230040052,2,31.703572792358337,32.53578689555274,2
1797,1800,0.030293960971268893,3,34.022206437625485,35.08689603804099,3
1804,1806,-0.021314853866593597,2,35.33555289770574,34.61771630429356,2
1808,1809,-0.010546179704828181,1,34.184908345286225,33.85857306702904,1
1813,1820,-0.030796633823786678,7,33.209313530059944,32.219787775265424,7
1821,1822,-0.010155578728791543,1,31.897122509946477,31.605085893584754,1
1823,1825,-0.02645770778799848,2,31.38592101147457,30.586907405707247,2
1827,1828,0.014617826284265976,1,29.945754621676627,30.413442215309228,1
1835,1836,-0.00839684766421857,1,31.786057676441526,31.550941049962823,1
1837,1840,-0.038477019245818714,3,31.214013705058832,30.044205512695093,3
1841,1843,-0.005677486481896628,2,29.944737503445907,29.804671398569596,2
1853,1855,0.02161917904922957,2,30.231964612933584,30.9157868335235,2
1856,1859,-0.013882328672262662,3,31.126418812413277,30.72543805488127,3
1861,1867,-0.014872010673440041,6,30.94547839179345,30.516202385247784,6
1868,1871,-0.010150408002308962,3,30.36741368477794,30.08953945958732,3
1873,1875,-0.010023863566480534,2,29.755212900581842,29.48670591897541,2
1881,1882,0.0035871505031983587,1,30.329126995349412,30.468251265507696,1
1883,1885,-0.008772443846291398,2,30.59999753918581,30.362160776615834,2
1886,1888,0.021386592386949684,2,30.321157367441597,30.999944758127068,2
1890,1902,0.017307506124219753,12,31.29055254652059,31.863404528896236,12
1905,1912,-0.021950727276258464,7,31.86472265785568,31.19713354371733,7
1913,1914,0.006857660919107848,1,31.030333105549058,31.27415894129943,1
1915,1928,0.036443283101709786,13,31.38944850582102,32.564772512631016,13
1929,1932,-0.008567190043541895,3,32.70314123622066,32.455670351465386,3
1934,1936,-0.0040352705833552865,2,32.404086649045915,32.30573147805957,2
1938,1946,-0.015987591023325913,8,31.87154775137432,31.393870028396318,8
1953,1957,-0.0001567009811177481,4,30.71470174263055,30.74060342047537,4
1959,1968,0.08482511172250248,9,31.35743647034142,34.048691958739745,9
1969,1984,-0.03503517636556895,15,34.39422792306764,33.223614309748456,15
1987,1988,0.0001994931065486241,1,33.385826878489944,33.42587294768712,1
1991,1992,-0.0036395132355823145,1,33.38787453988149,33.29974680312551,1
1998,2000,-0.015655821177140296,2,33.71234317623541,33.218261103182115,2
676,677,-0.007146496558926201,1,26.983244378536522,26.817391959815183,1
681,686,-0.010679204099895735,5,26.353618601401017,26.098536548187248,5
689,693,0.012404460012347043,4,26.34743434415698,26.70060747425117,4
696,697,0.0016995026825193855,1,26.972972977223627,27.045786590131165,1
705,711,-0.005561534155086443,6,27.569646456064202,27.443886572111207,6
713,715,-0.006043212550879499,2,27.37501506168666,27.236957042147047,2
718,729,-0.025092826967816857,11,26.820406098676347,26.174226695334358,11
733,734,0.006851762195594301,1,25.941513372607282,26.145199966602824,1
738,749,-0.012455141125785836,11,26.655361609760803,26.35002068076214,11
751,752,-0.0036024390403129073,1,26.319621333579168,26.25112612349441,1
757,758,0.0002640100229015928,1,26.37385375183931,26.407190567324175,1
761,772,0.014982402464051088,11,26.75652013188862,27.18415360517395,11
775,777,-0.0021583865189146274,2,27.218584143538994,27.187054502603175,2
778,784,0.017138659273047658,6,27.422810134137016,27.920223143469606,6
785,790,-0.002342366366094005,5,27.992047421154865,27.9544718381786,5
791,796,-0.007929819055775639,5,27.813725456583086,27.620981371901944,5
799,805,0.011289166443625216,6,28.125716201895887,28.471357809647152,6
807,810,0.0019229592044890044,3,28.53315242839936,28.61655366892304,3
811,813,-0.0042669860385875025,2,28.64353408142259,28.549956055482777,2
815,816,-0.004465451013024119,1,28.63814658917147,28.538902495062892,1
818,820,0.00040335035632572025,2,28.434153116835525,28.474056195743856,2
821,823,-0.003194502450187379,2,28.529090305691412,28.466483147113955,2
824,828,-0.008627873146163992,4,28.64735782511134,28.42883941364862,4
834,840,0.022777303515293824,6,28.029245081148908,28.69570494874794,6
850,851,8.7598911681333e-05,1,28.23320273432148,28.263909134888607,1
852,853,0.00047502490008999006,1,28.106639564251584,28.14809755746671,1
859,863,-0.005878110761037037,4,27.943474036037614,27.80716267464166,4
866,873,0.00426970820736879,7,27.698601165215003,27.84456471110797,7
874,877,-0.010462534541007096,3,27.86854842985302,27.604841327727808,3
878,885,-0.018296635359227785,7,27.59951137550324,27.122132691148302,7
887,890,-0.006022945376079944,3,27.206371595388916,27.069715476983944,3
891,893,-0.004147602246220038,2,27.102259095977484,27.016951964369348,2
894,899,0.01085479214621464,5,26.979722600200976,27.299561603788888,5
900,901,-0.0026072867095730547,1,27.323224536081973,27.27930828042245,1
902,904,0.0006127146819375677,2,27.495152953452013,27.539494790302165,2
907,912,0.00986046455292433,5,27.633476962212292,27.93358935923445,5
913,915,-0.01252596573391914,2,27.90552997168345,27.583891789442973,2
916,919,-0.010314956792501502,3,27.510724476263377,27.25446326643657,3
922,926,-0.007425025699577941,4,27.277015207923395,27.10175968420471,4
927,928,-0.0024838316323502274,1,27.192802811838888,27.15245327085442,1
931,933,-0.0006310523702956125,2,27.286927184436937,27.29699463154355,2
935,937,-0.0050023313418690925,2,27.33425849487912,27.224857735398313,2
942,945,-0.013305523689139193,3,26.889399780178216,26.5585116341965,3
952,955,-0.0035886365412995036,3,26.66998422593869,26.600945330215545,3
958,959,-0.0012748434034599108,1,26.796412701826952,26.789047884559466,1
961,963,-0.0071110785676110205,2,26.769836144815365,26.606243572892325,2
964,967,-0.006518577879494671,3,26.561001002481913,26.41442204989238,3
973,974,-0.002346824563581271,1,26.218925623064063,26.18361333000421,1
979,980,0.002297547546282829,1,26.03601598531674,26.121870985944103,1
982,984,-0.015099873274789736,2,26.075526118996343,25.707864505145025,2
990,993,0.0017595330193571068,3,26.201423645674247,26.27372733937865,3
995,1003,-0.018378159356755266,8,26.341080370624773,25.883320878314958,8
1004,1007,0.0013904007207829173,3,25.99362652315611,26.055761706732824,3
1012,1016,0.019888888621132986,4,26.318544402939356,26.8683095456427,4
1021,1026,0.0030922557415095676,5,27.458662797708214,27.57103066819631,5
1034,1036,0.0010615067864182533,2,28.23184012529544,28.290040255306813,2
1040,1042,0.002341881589213162,2,28.396719068644376,28.491617541293937,2
1046,1048,-0.009959821113755742,2,28.317417764208052,28.06369876663726,2
1050,1051,-0.005488207287199543,1,27.94157687321807,27.816169284279848,1
1052,1054,0.00035144637781342816,2,27.79687605481255,27.834442042271355,2
1060,1062,0.02324211772104357,2,28.665963190134608,29.360886844376953,2
1064,1066,-0.007210375342248938,2,29.4850662394241,29.301952911086204,2
1070,1071,-0.009302064958755088,1,29.163959795712476,28.92183870703395,1
1073,1080,0.01437581140471815,7,28.739405530320795,29.18129720963872,7
1082,1083,-0.006649880120506734,1,29.243902702307853,29.07867815778405,1
1084,1086,-0.01367123702716935,2,28.904225825834462,28.537973529308484,2
1088,1093,-0.00825236089353307,5,28.43715900725936,28.23092246735193,5
1095,1096,-0.000451678268840721,1,27.996548000129685,28.0118991157956,1
1099,1103,0.008447767404628378,4,27.75706988340783,28.019312223500282,4
1104,1106,-0.0010159083426871229,2,27.98567553628637,27.985230330569607,2
1107,1113,-0.008114053824585757,6,28.02444606382107,27.825078646118847,6
1116,1117,-0.001578624495231289,1,27.122971700627026,27.10727768481758,1
1118,1122,0.009944141693568366,4,27.17904400576526,27.476495314460085,4
1125,1129,0.0024978132826629176,4,27.552869201546795,27.64924399341544,4
1132,1134,-0.005678921723510586,2,27.649131957914737,27.51976383376064,2
1135,1143,0.01890944343767144,8,27.571439837031146,28.12037185896168,8
1144,1146,0.0002723561656884552,2,28.23355585706005,28.26947899593409,2
1150,1152,0.0036188076816316556,2,28.516470890831908,28.648182985635508,2
1156,1159,-0.011250833194160231,3,28.649014895410684,28.355338622540817,3
1160,1167,-0.01554770377285716,7,28.330664082330316,27.91851797357225,7
1168,1171,-0.00712169843822287,3,27.870419284918007,27.69980498270891,3
1173,1176,-0.021403106595356547,3,27.688319656247764,27.123391918855035,3
1178,1179,-0.0037109976860475085,1,26.97537766655341,26.902247480119126,1
1180,1181,-0.004862467528938427,1,26.841616694652117,26.737941821744812,1
1182,1184,-0.0015569581800489486,2,26.677430222833006,26.662572009847715,2
1185,1187,0.00012917423445492435,2,26.723393533933688,26.753568901369405,2
1191,1194,0.0025396979197112373,3,27.00470019430524,27.100288675405448,3
1196,1198,-0.0060982489869599,2,26.96969900007258,26.832200759466847,2
1200,1205,0.0025396074184138536,5,26.900578817239477,26.995796305580605,5
1208,1213,0.021959339408003105,5,27.112073432455112,27.734548728445553,5
1215,1216,-0.0050452021246423385,1,27.506802502053453,27.39553192613003,1
1217,1219,0.004820135576437532,2,27.55128147721293,27.711633670714903,2
1220,1221,0.003612040704094285,1,27.773084292661366,27.901174887897362,1
1222,1223,-0.0016714234880772722,1,27.993184828525173,27.974389546725213,1
1224,1226,-0.008009456905485568,2,27.985555927710806,27.78939237945946,2
1228,1229,-0.0034410329880454954,1,27.644734300415024,27.577252592041958,1
1231,1232,-0.0009644148819246337,1,27.660549961990807,27.661534265927234,1
1235,1237,-0.00902696837233443,2,27.751286055181144,27.5285273597246,2
1239,1240,-0.0054967106771242535,1,27.531683601517994,27.40788158590784,1
1241,1244,0.004055349672395476,3,27.45724480222802,27.596050775743844,3
1249,1253,-0.018029425571390874,4,26.977633644582603,26.518220040339934,4
1256,1258,-0.005300972074799277,2,26.45156686485627,26.33779941443584,2
1259,1260,0.0021306505315406205,1,26.364716939685394,26.447255654786538,1
1261,1263,0.005603475162516557,2,26.598135781946542,26.77377591095187,2
1264,1269,0.007863499197293743,5,26.858692709852157,27.09675471112629,5
1272,1273,-0.0025203157039465256,1,26.91620110206517,26.875279978839117,1
1275,1277,-0.005196552909449137,2,26.63750745063254,26.525721741240115,2
1279,1280,-0.0015463714777197712,1,26.535133031850712,26.52063499200461,1
1286,1288,0.0006233230270412994,2,26.01424785493726,26.05647738251134,2
1290,1293,-0.004494232696895142,3,26.1825874066781,26.09109935367237,3
1295,1297,-0.003963696286659366,2,26.058538773210966,25.98130917861303,2
1304,1306,0.0030185167518808707,2,25.147751853836283,25.248808515933067,2
1313,1316,0.013471808298107225,3,26.106674851442918,26.484485645194017,3
1317,1334,-0.01766919265699801,17,26.377493763697487,25.93780223834165,17
1335,1336,0.0024554248900629677,1,25.992258336973958,26.082072633380484,1
1337,1342,0.006099668578046162,5,26.18974591139969,26.375684427513868,5
1345,1346,-0.004558700305844127,1,26.439717700715434,26.345626669247466,1
1348,1353,-0.021829854811393844,5,26.295774119581026,25.748036962516945,5
1358,1374,0.03154169414401124,16,25.80429077538561,26.64400611340134,16
1378,1388,-0.010652184333307734,10,26.68382001337129,26.426262863885423,10
1389,1392,0.010365413773029897,3,26.483935160769622,26.784936042209864,3
1394,1397,0.0021401580598416547,3,27.153010059743863,27.23827480313193,3
1398,1400,-0.0008519478850665076,2,27.305753882456678,27.30979655706883,2
1401,1402,0.002206336345368224,1,27.31573017135634,27.40331358980503,1
1404,1417,-0.014355244167410776,13,27.527720447434586,27.16008101948687,13
1421,1422,0.0041044756407526885,1,26.930870354488494,27.06833832619725,1
1434,1440,-0.0008637171155559749,6,27.95905887855223,27.96286921974254,6
1444,1447,-0.01537060997095754,3,28.06229867288219,27.65902632376568,3
1452,1456,0.00724559792704369,4,27.6904699772783,27.918794459121813,4
1459,1460,-0.0037449138353498226,1,27.491951859701533,27.416488820681067,1
1461,1463,-0.012299553999012586,2,27.418384690940567,27.108569172559584,2
1468,1482,-0.03652828098007828,14,27.013647436791814,26.053898980360703,14
1485,1491,-0.0011502096562715264,6,25.898420647979776,25.894530455116268,6
1493,1494,-0.007900970566292187,1,25.763709362670063,25.58591476267977,1
1495,1496,-0.00035949447540645674,1,25.384962866695258,25.401222075652978,1
1502,1503,0.0014374701081188222,1,25.747094117708446,25.809851889991283,1
1505,1513,-0.0009260616542102999,8,25.64437859013599,25.64627469306775,8
1514,1515,0.002846036619193863,1,25.72826123745706,25.827213072324504,1
1517,1522,0.0035812445236344864,5,25.73809492490786,25.856007431331378,5
1524,1527,-0.0030736294504970082,3,25.798381777542126,25.74488549331305,3
1528,1538,-0.01620739052537834,10,25.67016133558964,25.27978516730986,10
1541,1544,0.004718704922590121,3,25.58756937534611,25.733897134290018,3
1546,1547,-0.004277464695815348,1,25.783485058788134,25.698980596772873,1
1549,1551,0.002826922514353732,2,25.668810021681196,25.767042568669837,2
1558,1559,-0.005497337288259516,1,25.777173364406007,25.661244721448334,1
1562,1564,0.0010535611657118012,2,25.788071627661488,25.841029010094648,2
1565,1566,0.002171054265870776,1,25.95910137080995,26.04141908995003,1
1569,1572,0.004430670399968117,3,26.24723806069429,26.38977815951142,3
1574,1576,-0.00038908821179623333,2,26.452752097512867,26.46891239559967,2
1578,1579,-0.007458566961367223,1,26.46946589452711,26.298511076615682,1
1583,1588,0.006239123301883906,5,25.904049045055345,26.09157165011055,5
1592,1593,-0.0016085537314230883,1,26.39898267895689,26.382917479541838,1
1598,1604,0.00443924438606005,6,26.021016280255317,26.162550946977273,6
1605,1609,-0.024916649532796657,4,26.177764451780448,25.55168003383511,4
1617,1627,-0.013369446633766269,10,25.54134375489899,25.225411466368087,10
1629,1630,-0.00793624821222998,1,25.12188804259128,24.947636391568015,1
1637,1640,-0.01435645732991422,3,23.70056485342591,23.38400927026626,3
1645,1654,0.08184066059692625,9,22.385609322455508,24.240047986592433,9
1656,1661,0.07771814266526006,5,24.662882549491087,26.60429885655848,5
1664,1672,-0.003986666632250023,8,27.154313027340834,27.073212146700403,8
1674,1676,-0.014425258136650902,2,26.754419566262904,26.39523457728956,2
1681,1682,0.004289649646436158,1,26.094791143945383,26.23282344669378,1
1683,1684,0.0009752472784812093,1,26.37992468504517,26.432031559485846,1
1688,1705,0.05638901952480434,17,26.5847218578528,28.110392979614605,17
1708,1709,0.009227821984199153,1,29.797297806944705,30.102059264524303,1
1711,1713,0.008260310829740034,2,30.312486458953376,30.59318950558557,2
1719,1723,0.06251372536544421,4,30.523795914286623,32.46247590509749,4
1728,1730,-0.0028483624725398372,2,31.920701969910755,31.861700942292444,2
1731,1739,-0.02085475657267345,8,31.722157891231827,31.092322168341507,8
1742,1743,0.004525814144790017,1,31.16106127654542,31.333251509714025,1
1746,1748,-0.008259030228107441,2,30.567218929221838,30.34533056302544,2
1749,1751,-0.003443668711463241,2,30.36217124522106,30.287976157337024,2
1759,1762,0.021277831473619394,3,30.759936662487117,31.445201347593212,3
1763,1767,-0.028996786941580692,4,31.261192658345465,30.38597970795006,4
1771,1781,0.027928334122689545,10,32.56001675026344,33.50192379385543,10
1782,1794,-0.04518179714941396,12,34.105895156678415,32.59903541526687,12
1795,1802,0.06545323559342825,7,32.73541701198852,34.91079139093531,7
1806,1812,-0.04115588304420793,6,34.64719262768453,33.25590401271709,6
1813,1815,0.009031108766553914,2,33.177572197348184,33.51038003266998,2
1821,1822,-0.008288666827714973,1,31.843608392927354,31.61151094075908,1
1828,1832,0.023728101771337794,4,30.525098523365376,31.279926266231268,4
1834,1838,-0.036997173547053626,4,31.96819961839064,30.817434788740577,4
1839,1840,-0.015295145585202348,1,30.45705669094408,30.02166863145027,1
1843,1844,-0.003105109439259492,1,29.79378629349728,29.73106711273956,1
1847,1848,-0.0016140590523048355,1,30.214359311827103,30.195805910982084,1
1849,1854,0.0068723136054968615,5,30.14447601240554,30.381782781048575,5
1855,1858,-0.006772590564866744,3,30.90221647933139,30.723830636049332,3
1859,1860,0.0017727554456528492,1,30.70978508428999,30.794935808117284,1
1861,1862,-0.009655593059580959,1,30.972758452101903,30.704670859007813,1
1865,1874,-0.03650575725430681,9,30.79645474937959,29.703003302754873,9
1877,1879,0.0038038659138321333,2,29.678555167974544,29.821126967517763,2
1882,1883,0.0010052482424017265,1,30.480291703837185,30.541412255204197,1
1885,1894,0.05324613151823326,9,30.348118290148783,31.994386306247094,9
1900,1908,0.008193565183071676,8,31.64663071928926,31.937576081631644,8
1910,1911,-0.005455403728377978,1,31.597217498086803,31.456439137439457,1
1912,1917,0.005225233293888688,5,31.251752528189268,31.446301978520122,5
1923,1925,-0.01576901126578404,2,33.213651610086536,32.72311881527934,2
1926,1927,-0.0016106087009802282,1,32.533086624679605,32.51322163891683,1
1928,1938,-0.022349730179613028,10,32.599744359113195,31.903748613121767,10
1943,1944,-0.001595288690989789,1,31.506974476774925,31.488218731181597,1
1945,1948,-0.006059135165721277,3,31.506390162532668,31.346995076116464,3
1950,1951,-0.0087092473738692,1,31.190008236271137,30.949556747184705,1
1952,1966,0.08459094966359357,14,30.81747856682061,33.45517582359223,14
1971,1973,-0.004718207824491825,2,34.23903139964953,34.11172356519633,2
1977,1981,-0.004745944605934476,4,33.79274005964082,33.66615432729466,4
1986,1987,0.0009562249037778536,1,33.22399762083953,33.288991232388476,1
1992,1998,0.012640567169104847,6,33.34201543620774,33.79681943731866,6
673,679,-0.016286464653675836,6,27.019080806438705,26.60605458271627,6
681,686,-0.00977250120925659,5,26.356459388282982,26.125247316427547,5
688,696,0.024724103392142174,8,26.20593817401332,26.880062437089723,8
704,709,0.0103950201722945,5,27.38885260633612,27.70094913428132,5
711,714,-0.002627910299252322,3,27.43145601626364,27.386800066491276,3
719,730,-0.02538989065953414,11,26.634591742896948,25.98497696252636,11
731,732,-0.0013129361785609076,1,25.948340938543254,25.94022076388995,1
733,734,0.00850163918139336,1,25.909945693515805,26.15613264870509,1
737,739,-0.0048456389400453725,2,26.59865822742584,26.496369391593493,2
745,756,-0.0006269942814467677,11,26.334812328345162,26.34463536394066,11
760,761,0.005574283484835956,1,26.49413985999028,26.66831984611675,1
763,768,0.0013910382213520476,5,26.902973906806924,26.967299945686136,5
771,773,0.004758998480958229,2,27.106282515062013,27.26238755489068,2
774,779,0.012385790933785102,5,27.247834569362894,27.612568386306748,5
780,781,-0.002615149043503029,1,27.759472191995417,27.714636507036367,1
784,790,-0.0007525193948943818,6,27.96295537257106,27.969875661687205,6
795,801,0.014862691089563358,6,27.61444302687807,28.052482406223785,6
804,808,0.0018534182903855775,4,28.417300603101918,28.498387048406194,4
810,817,-0.007528417085908861,7,28.640720944365686,28.45374237239974,7
818,819,-0.0009301482326073145,1,28.422688435588384,28.42467381060966,1
820,825,0.0037585807908027263,5,28.484203566114477,28.619747950045504,5
826,827,-0.005633693343107088,1,28.545981687873404,28.413708362553848,1
829,830,-0.008028317427077675,1,28.354237379164395,28.154954798460917,1
831,834,-0.0043284993801037015,3,28.075591146896368,27.98214155916788,3
836,843,0.009299097016970095,7,28.360514342062665,28.65260203072274,7
846,847,-0.0014438556940657304,1,28.61055326004321,28.59785430306837,1
856,858,-0.005616049911120082,2,28.12255097179485,27.992735872881028,2
860,865,-0.002468013349314694,5,27.84074018772639,27.799869609476005,5
866,867,-0.0018556121602463385,1,27.77059519808736,27.746834339138598,1
872,874,-0.0008245324244571846,2,27.879017727016045,27.88390959066512,2
877,878,-0.007750835154273009,1,27.698898770749107,27.511908071192885,1
879,880,-0.0077053647288045386,1,27.40599890642498,27.222231688000182,1
883,886,-0.004137902524277836,3,27.206992535859733,27.12161964530345,3
890,894,-0.007941572260840744,4,27.128842264735887,26.940525445802272,4
898,899,-0.0017900279327657633,1,27.35843744948435,27.33682351970243,1
900,901,-0.0006986980822584356,1,27.3372637581046,27.345500528100725,1
905,908,0.0021390988881478563,3,27.586122638254484,27.67271820515654,3
915,919,-0.010643330801516374,4,27.56365542569443,27.29784997832545,4
920,921,-0.0009347829200511869,1,27.298932592135984,27.300712948805362,1
922,923,-0.004178911892027594,1,27.268755254175343,27.182070283817055,1
924,925,-0.0007142530322501134,1,27.099129320899422,27.10687281493153,1
926,930,0.004048601702794271,4,27.151804500835443,27.288883147272298,4
932,935,-7.171003502103447e-05,3,27.25784572411314,27.283148908765778,3
936,945,-0.029175975418016496,9,27.239814144200665,26.47230581048233,9
946,957,0.012459508914920356,11,26.361114347444424,26.715922001011087,11
958,959,-0.0005118707392567402,1,26.762477626390282,26.77554117480971,1
962,966,-0.012904850986392182,4,26.716021864485654,26.397971605239757,4
968,975,-0.010739981230291584,7,26.48267269815606,26.224731963148063,7
976,980,-0.00022715988691692835,4,26.154035853800313,26.174248741827142,4
981,983,-0.010573469921563022,2,26.111933005601433,25.86195120037844,2
992,994,-0.004989860567328406,2,26.382227690594608,26.276966280653625,2
995,996,-0.004495743384663462,1,26.326739105780806,26.234707581712012,1
998,1001,-0.007332853884487546,3,26.22688892049807,26.06079786511987,3
1002,1013,0.016987737076149152,11,25.993468353355635,26.461032027793,11
1014,1017,0.008475454363846075,3,26.626160246607526,26.878455212908708,3
1020,1021,0.003317794721320111,1,27.332589136104655,27.45060564519654,1
1025,1026,-0.007023698305308994,1,27.78837200762145,27.620983238251846,1
1027,1033,0.021950987090344282,6,27.50152916735659,28.13271640824132,6
1034,1036,0.00281459552251711,2,28.16986454262234,28.27732118177654,2
1039,1045,-0.001347056008399111,6,28.40337338169249,28.39351582030157,6
1048,1049,-0.003465946518661909,1,28.072396305545062,28.003171277604906,1
1050,1051,-0.0063445947078607,1,27.913119089843512,27.76393478127605,1
1053,1055,0.0030452184868234736,2,27.791166423380943,27.90358776356719,2
1056,1059,0.006361427666215841,3,28.164062999608948,28.371390712167315,3
1061,1065,0.007589827811718043,4,29.10729309366514,29.357319729404935,4
1066,1067,-0.002984523685460019,1,29.36498959684038,29.306714079462164,1
1069,1072,-0.02183220622486373,3,29.32748073117924,28.716524604531596,3
1073,1075,-0.005118164250266431,2,28.74984056648239,28.631444000860643,2
1076,1077,0.0022440219634023,1,28.688470869678792,28.781536899276457,1
1080,1083,-0.007975074184834577,3,29.236179460782555,29.03225494016246,3
1087,1088,-0.0018103748835812813,1,28.494308896739923,28.471217824485,1
1092,1106,-0.016497067718181966,14,28.412058238244544,27.97175464771354,14
1110,1111,-0.00556734105263729,1,28.2606942642523,28.13161803516315,1
1113,1114,-0.009292520794674707,1,27.884488658924102,27.653255956871103,1
1117,1119,0.0004918639169165034,2,27.1168359799537,27.157290609093135,2
1120,1122,0.007587110735389317,2,27.222909590599663,27.456675729793634,2
1123,1124,0.0007127733731096121,1,27.507977792867845,27.55509272477956,1
1127,1128,-2.202902603076892e-05,1,27.59185810933865,27.61884214568746,1
1129,1131,-0.003036392541222811,2,27.620484798179227,27.564238648951257,2
1133,1134,-0.001067084186137046,1,27.56931220466178,27.567462739790173,1
1136,1142,0.011778979392693827,6,27.62242784870173,27.97541428495646,6
1143,1147,0.003234135271839988,4,28.13698488106651,28.256120681194663,4
1150,1152,0.005612764862790899,2,28.50188362499983,28.690359879558585,2
1154,1155,-0.0026596491579000815,1,28.719629447265397,28.67196493843804,1
1161,1164,-0.010982695946924931,3,28.277112059705935,27.994830247756767,3
1167,1176,-0.030362982509132497,9,27.945448501255576,27.124886785703346,9
1177,1181,-0.014892582669845597,4,27.095486530417617,26.719060243814102,4
1185,1188,0.003044245263059385,3,26.708189950103986,26.816204420794584,3
1195,1199,-0.0072831263223646,4,26.997535722151806,26.827906794816975,4
1207,1209,0.008078672511471534,2,27.008211279869407,27.253409985199973,2
1210,1211,0.003381414905318984,1,27.411959345337706,27.532062512597367,1
1212,1219,-0.00014804083558391347,7,27.652687917034523,27.67624687792618,7
1221,1223,0.0005288004479385784,2,27.95678960468481,27.999529957155378,2
1224,1231,-0.013715686799424864,7,28.0049562065558,27.648853954601627,7
1232,1235,-0.0033884268259398026,3,27.746827608907154,27.680556341511313,3
1239,1240,-0.005792144236285164,1,27.44742278227558,27.315890773388617,1
1243,1247,-0.011895788575091819,4,27.606981640480555,27.306181805329437,4
1251,1252,-0.003451389350230908,1,26.772785592340473,26.707155070863394,1
1254,1255,0.0026078957714021204,1,26.56744537442066,26.66329794824399,1
1257,1259,-0.003998072986946302,2,26.441148564589998,26.361876071334667,2
1260,1261,0.0005262147448763864,1,26.46982296709253,26.510221601199174,1
1262,1266,0.005550910228446523,4,26.708317804867267,26.883281597159773,4
1267,1268,0.001574991432486083,1,27.00963703507476,27.079186619034637,1
1271,1281,-0.018804735514736232,10,27.007434151515767,26.526573929516374,10
1283,1288,-0.007041002835975775,5,26.230723487013623,26.072263612038878,5
1292,1293,-0.0006895865617470744,1,26.11330811954888,26.121414041306426,1
1295,1302,-0.013134810432698665,7,26.03876962048398,25.722794087238693,7
1303,1304,-0.017429791658866732,1,25.501577258154864,25.082591656830886,1
1307,1309,0.0034587795673364993,2,25.445051382208266,25.558505257401084,2
1317,1320,-0.029312390692591058,3,26.36547702294832,25.619007336678074,3
1322,1323,-0.005301937485039068,1,25.676072988582504,25.565616127724322,1
1325,1329,0.0003434230510864344,4,25.326723716207912,25.360748220656763,4
1334,1337,0.0044975638033183125,3,25.95782554137703,26.100530343486156,3
1338,1339,-0.0056463644540232834,1,26.272715581926104,26.15064297013558,1
1348,1352,-0.013293157650098423,4,26.338485084065564,26.01470193466238,4
1356,1362,0.00701401540144552,6,25.64308483918532,25.848588916027126,6
1363,1369,0.00814330384554398,6,25.85273245127619,26.089111839315763,6
1370,1377,0.018598775555791938,7,26.149802596618304,26.66230670853769,7
1382,1387,-0.00861580752779392,5,26.710258341864847,26.506838155315553,5
1393,1398,0.009995492571258268,5,26.988912702213188,27.28566909133671,5
1403,1404,-0.0036330072524597295,1,27.55194923705026,27.479404754889703,1
1410,1411,-0.005303036028883686,1,27.239252025284834,27.12204054242019,1
1414,1415,0.002981897753877148,1,26.94024593508946,27.04751923986729,1
1416,1423,0.0012044636742660204,7,27.148418372683714,27.208266074800072,7
1429,1433,0.0025615122272794923,4,27.88948970001843,27.98881845859763,4
1434,1445,0.0003167223250768879,11,27.978738653715403,28.015578883528242,11
1446,1447,-0.006902019386962021,1,27.769800099426007,27.605902200867135,1
1448,1450,-0.002180082704864514,2,27.626933258994082,27.594331192866697,2
1453,1460,-0.013962450208099268,7,27.76986132005088,27.409895875403897,7
1463,1464,-0.004839728190874755,1,27.155395342906974,27.051126005874465,1
1471,1488,-0.04083387523125575,17,27.062592038304945,25.98458412361673,17
1490,1495,-0.02710363975893884,5,26.0222321875665,25.342957212818803,5
1497,1498,-6.542569998105579e-06,1,25.474003870083386,25.499311208500018,1
1499,1503,0.009131231999199966,4,25.599904485520216,25.85926305702038,4
1505,1508,0.0023116693877188892,3,25.604372626052402,25.689165843069848,3
1509,1518,-0.004974439946756447,9,25.810642287371405,25.708059439613034,9
1519,1523,0.0029111070252937094,4,25.759528738197353,25.860277012013572,4
1528,1532,-0.013496860656198678,4,25.668509029025905,25.34773324843779,4
1533,1536,-0.006647432814029244,3,25.39804646102426,25.254612700028034,3
1540,1541,0.003000398164681702,1,25.461045381739495,25.562899700955484,1
1542,1548,-0.0010885052428509028,6,25.662808824805435,25.66053753167816,6
1549,1550,0.00018291437832767253,1,25.716205792281766,25.74662586186949,1
1551,1555,-0.0004337062143186278,4,25.836021631714868,25.850652410211637,4
1557,1560,-0.007433522613120371,3,25.78043701984057,25.6145779952973,3
1562,1563,-0.0009349262234425302,1,25.792595913638387,25.794274335261708,1
1567,1571,0.005520088812265552,4,26.143218418280963,26.31367452420661,4
1573,1578,0.00135543225480438,5,26.36325686280256,26.4253537283589,5
1580,1582,-0.013797568178479061,2,26.209192698311007,25.873778767851476,2
1583,1584,-0.0004116436391014656,1,25.90947150133877,25.924715503704103,1
1587,1589,0.004278280644454422,2,26.04630429043826,26.18378399423405,2
1590,1591,0.0020960787356851104,1,26.27110640495277,26.352443818856067,1
1592,1595,-0.00013597572965065238,3,26.392552434007197,26.415356239866647,3
1596,1601,-0.010140505862779158,5,26.314516180309376,26.07398819088706,5
1604,1605,-0.002808313161010564,1,26.19879246747097,26.151416846249457,1
1612,1614,-0.0023066047031556724,2,25.32586491179026,25.292774017585028,2
1615,1620,0.00752651221584627,5,25.3630818457031,25.579340472891996,5
1622,1623,-0.006578810346694656,1,25.612607435166186,25.469719555801053,1
1624,1627,-0.010457060511315227,3,25.47888399239902,25.23792864472212,3
1628,1631,-0.015146956503449976,3,25.220664260632308,24.863868620349027,3
1633,1634,-0.010673689133395867,1,24.421533311957752,24.185286990537,1
1638,1640,-0.016518539574529582,2,23.74918965959519,23.380636919999752,2
1641,1644,-0.031547465275581006,3,23.320511468614054,22.608128954317777,3
1645,1648,0.01770123028765337,3,22.363368814188117,22.781591324389975,3
1649,1656,0.049205649463997816,7,23.487954217634684,24.66718221371168,7
1658,1660,0.03553097865966734,2,25.10150076267121,26.018483151357977,2
1661,1663,0.01904550292805815,2,26.604766407608103,27.138072330532115,2
1664,1671,-0.0069706057046177,7,27.181849787854844,27.019557680449417,7
1672,1674,-0.013606516801125425,2,27.13722007344191,26.795114252650226,2
1675,1678,-0.03451788026603335,3,26.65280636854916,25.75946079593436,3
1679,1683,0.02462791378958028,4,25.66896104969372,26.326802970543365,4
1685,1686,-0.005532335974864323,1,26.501931707602722,26.381816049120957,1
1687,1689,0.009017033840871106,2,26.469005637559587,26.73414656276523,2
1690,1691,0.0015434907676948476,1,27.008808633030966,27.077505288435518,1
1692,1693,0.006680837802208465,1,27.318676267561948,27.528506588944133,1
1697,1711,0.07361142086377459,14,28.125412023731865,30.22388897720159,14
1712,1715,0.00745410638680472,3,30.606316200987166,30.865065254258496,3
1721,1729,0.013829236027238154,8,31.374056485759674,31.839309774518906,8
1730,1731,-0.00727157235646067,1,31.88671545632652,31.686735613132296,1
1734,1740,-0.007626337608941884,6,31.19377363935527,30.98707316392399,6
1743,1745,-0.019807034706195836,2,31.402319020891703,30.81173451721076,2
1749,1750,-0.006764950010312457,1,30.343690343179947,30.168760485223114,1
1751,1755,0.000884947740907318,4,30.33340406521114,30.39058094667789,4
1756,1758,0.0026625791579606055,2,30.42725894660487,30.538701191056575,2
1762,1766,-0.025494514090872198,4,31.439947587230954,30.669841348039242,4
1778,1780,-0.007917959936263094,2,33.647776078111306,33.41500211125858,2
1782,1786,-0.0663671054043275,4,34.17325264286373,31.939446035348944,4
1788,1790,-0.03274046455268683,2,32.14696806106183,31.12660836084334,2
1791,1792,0.01786265917063817,1,31.114691081898684,31.701596894976234,1
1794,1806,0.06552846875093904,12,32.53885192976538,34.70361192356621,12
1809,1816,-0.01877175391414235,7,33.88554528327632,33.28333971125541,7
1817,1824,-0.06436834059015775,7,33.01653861043639,30.924335346662165,7
1827,1829,0.023958617125861253,2,29.99381875026336,30.742422988593663,2
1832,1836,0.007903762632194125,4,31.323889386520943,31.60278986233563,4
1837,1838,-0.01729235333626473,1,31.285149550932108,30.775440840270438,1
1839,1842,-0.01543619131490304,3,30.406928828391425,29.967968586526126,3
1843,1844,-0.0018990945320351245,1,29.828301039371027,29.80148257700663,1
1857,1861,-0.006502679828586847,4,31.064481567580323,30.89354367147289,4
1862,1868,-0.01605979073340879,6,30.825142787601944,30.360922587893214,6
1869,1872,-0.02029629093960149,3,30.432541192709294,29.84530602382337,3
1873,1875,-0.011484584353192703,2,29.790991282776854,29.478645121707352,2
1876,1879,0.009455741202859167,3,29.51684976773182,29.825470310026898,3
1882,1883,-0.0002966819773963643,1,30.514395440617598,30.53585676487984,1
1884,1885,-0.00656791105002258,1,30.455652582178217,30.28607821763026,1
1886,1887,0.007620552131918821,1,30.373445601975668,30.6352814732135,1
1889,1891,0.003510548303580336,2,31.210544386314638,31.351321054350148,2
1895,1897,-0.007716780443237065,2,32.087541897817694,31.872016923926882,2
1900,1906,0.005552157902258437,6,31.650465436054862,31.857844283271866,6
1907,1909,-0.010785375761466483,2,32.08385920761305,31.769906589388572,2
1911,1917,-0.0037167856387151114,6,31.496801751305448,31.411231692642044,6
1921,1927,-0.00032864612915095126,6,32.53252442396154,32.55436526016206,6
1930,1932,-0.006174330934308058,2,32.7149619097702,32.54568387034577,2
1933,1940,-0.029791540588389707,7,32.55944735815468,31.62201070800683,7
1941,1942,-0.00569644493798302,1,31.635767150729702,31.487191512235448,1
1953,1957,0.0016146945093727717,4,30.684198996572814,30.764428803213654,4
1961,1965,0.03641791662232499,4,32.00481538575983,33.20236889937709,4
1967,1968,0.006955373590783113,1,33.786953480417864,34.055741317849,1
1972,1979,-0.013678950873593481,7,34.235543688752834,33.801472912192374,7
1980,1989,-0.00836846294506282,9,33.73087633220838,33.48233161985001,9
1992,1994,0.008789025237213945,2,33.286946732469495,33.612793494103435,2
1995,1996,-0.0005680685323259129,1,33.79083470044712,33.80543002527322,1
672,675,-0.0008448730799915801,3,27.075433348203504,27.079633476786704,3
676,680,-0.017359605613057064,4,26.914991855744976,26.474673203906345,4
681,687,-0.00924340549728217,6,26.353458052725692,26.136215811741458,6
689,694,0.01570891308739429,5,26.340103307788873,26.780217804671704,5
707,710,-0.0031440335670326618,3,27.685294449909982,27.625936249296192,3
720,723,0.0020090434951326136,3,26.677827479582977,26.758102222824686,3
724,727,-0.012526241950105484,3,26.635538470363283,26.328530809482533,3
728,729,-0.00618767614224832,1,26.27412823193316,26.13782656374599,1
730,731,-0.005035886124133767,1,26.05798874038096,25.952821665200823,1
732,733,-0.0039013431501566695,1,25.997451843577398,25.922024314749507,1
734,735,0.0027866845300764625,1,26.126343454176098,26.22527567476149,1
737,738,-0.0010213347811592135,1,26.60729290530716,26.606725244535784,1
741,747,0.002293263744926325,6,26.29874945587046,26.38535817399038,6
749,753,-0.007865487292205911,4,26.350812001718303,26.1699008367812,4
760,763,0.014661918978389504,3,26.512983650327147,26.928227852133936,3
765,767,-0.0019304530271699407,2,26.938526642394233,26.91346160873232,2
768,770,0.001551169335950231,2,26.924852803843205,26.993542662691343,2
773,778,0.005210449453622139,5,27.244880923383715,27.414083879228343,5
783,791,-0.0014555434674703863,8,27.81253031495525,27.79986049845645,8
792,794,-0.006119333364692521,2,27.837413752286167,27.69490475127734,2
795,798,0.010607786922706926,3,27.630588541064732,27.9513185253984,3
805,806,0.001214397612036162,1,28.51270067036362,28.575839126640776,1
807,809,-0.0013470917237153011,2,28.56303902597609,28.553125031526015,2
811,812,0.0007887531996639227,1,28.639425313173582,28.690654176839057,1
813,815,-0.0009626821267539638,2,28.58320214940167,28.58426881371645,2
817,822,-0.003083102430747664,5,28.508096911829476,28.448711625856454,5
828,830,-0.014046325303403034,2,28.4682789476477,28.09687251966867,2
835,838,0.013235566876417349,3,28.15191176020155,28.5526701827629,3
839,840,0.00102864375383762,1,28.631202568900296,28.689285079156555,1
841,842,-0.001309018803888169,1,28.661913803297377,28.653056732976736,1
844,845,-0.0035744908035686357,1,28.65371694468236,28.579948213920215,1
846,848,-0.0013797786419937497,2,28.583797120672738,28.572941605019224,2
851,853,-0.005898878693515346,2,28.206914759066635,28.06873250534364,2
854,855,0.001793952216939784,1,28.09115507657944,28.16964042158205,1
862,864,0.004111880273083444,2,27.782058113132987,27.92407666794717,2
868,873,0.006710054357783723,5,27.668205454151167,27.881528822185,5
877,881,-0.017607960334948745,4,27.632752018183616,27.173828368720148,4
890,905,0.015456214799542272,15,27.134193064109525,27.58071917358476,15
906,912,0.00996251034896056,6,27.613666268921822,27.91638137116762,6
913,919,-0.023706463610448755,6,27.894901381896155,27.261506818751073,6
920,925,-0.00931198656588898,5,27.289685087291943,27.06285359145903,5
926,927,0.00046032508729548457,1,27.05864035034823,27.09815476167995,1
928,930,0.004436587891676113,2,27.20026936695953,27.348146022050273,2
932,935,0.0013043987236428163,3,27.247236368761726,27.310024865472695,3
940,941,-0.005778197485034914,1,27.10763907826479,26.97811342539579,1
942,949,-0.013327577542123437,7,26.939333213204225,26.60723649408535,7
950,951,-0.004459814615830991,1,26.68801579057952,26.595680203479745,1
952,955,-0.006213578510622493,3,26.6897180996354,26.550569158896568,3
959,961,-0.0031771434901217083,2,26.82882570525134,26.770415502019542,2
963,972,-0.016264436227811818,9,26.635155109924458,26.22858448333114,9
973,974,0.00032178876474332654,1,26.179847734195285,26.214451962793035,1
976,978,-0.0029672106358074653,2,26.13390531617954,26.082494419686366,2
986,987,0.0020210459694969423,1,25.89052378220015,25.968740244720532,1
992,994,-0.0027876521745053987,2,26.35874486295043,26.311624595378944,2
995,1002,-0.012869942081560028,7,26.345466993514858,26.032747826190185,7
1004,1008,0.000357929576844129,4,25.98514810639471,26.02043410756706,4
1010,1013,0.011199918951235538,3,26.151753053747154,26.470802321435595,3
1014,1016,0.010372359921304641,2,26.609508525717967,26.912121434001456,2
1019,1021,0.011597260915621688,2,27.139245956862908,27.48112611923474,2
1025,1027,-0.008979225404556038,2,27.77173584244749,27.550138902284814,2
1028,1029,-0.0016075015586787989,1,27.622307638718087,27.60552704377326,1
1032,1034,0.005428447724334476,2,27.992194436969502,28.172140795596967,2
1035,1036,0.001589177354107076,1,28.22833531303847,28.30142347957513,1
1037,1040,0.0013445196989207422,3,28.358099841698518,28.42458596540134,3
1042,1045,-0.004953307026906079,3,28.50774127658967,28.395041422679707,3
1047,1048,-0.006196669778369267,1,28.1930431852105,28.046533249729656,1
1054,1057,0.013458389942280845,3,27.866190936887364,28.269091191658934,3
1059,1060,0.005809434564391089,1,28.44150965692103,28.635180255842332,1
1061,1065,0.009915876120474093,4,29.037805765601522,29.354778856149217,4
1067,1076,-0.02225941084738867,9,29.279053543459916,28.65659811495681,9
1079,1083,-0.0018319052730151404,4,29.09216609977049,29.06796417338866,4
1085,1086,-0.0038530554652774405,1,28.6759046487498,28.59409070226991,1
1089,1090,-0.0019213955147303545,1,28.53258472958006,28.50629493398656,1
1094,1095,-0.0035132153202947856,1,28.051590098544818,27.981090412550525,1
1098,1100,0.0013700667479238453,2,27.7339534901817,27.799684811137247,2
1101,1103,0.004999447679695093,2,27.833599074198148,28.00058529558141,2
1104,1114,-0.013178844138823791,10,27.965442124995146,27.624855364081533,10
1115,1118,-0.005980442695433167,3,27.339540554717924,27.20337753966568,3
1120,1122,0.005382048081093108,2,27.253364134552267,27.42729641483052,2
1123,1127,0.00030918989927146336,4,27.52682144111432,27.562859277704074,4
1136,1139,0.007245329676168747,3,27.62463568134989,27.852409909726674,3
1140,1144,0.011755427721136441,4,27.879836007063624,28.23545524012886,4
1145,1147,-0.002981389281770206,2,28.31055791463124,28.254463678618254,2
1148,1150,-0.0004235534778245421,2,28.445314981109313,28.46171218400236,2
1153,1154,-0.0038858039008432157,1,28.7334727212789,28.65055355361506,1
1155,1156,-0.002888128974047447,1,28.61507820755097,28.561049249292658,1
1158,1167,-0.022382698675891877,9,28.499851481268045,27.89044774473642,9
1168,1174,-0.014883689098851242,6,27.853913847516804,27.467198767471693,6
1176,1177,-0.007101632509060882,1,27.22603536733295,27.05991210484279,1
1179,1186,-0.010990988894397698,7,26.897007342055428,26.62827964040842,7
1188,1189,0.002154867030327662,1,26.790255945116677,26.874775640331965,1
1190,1191,0.0019293076198977745,1,26.981124791479733,27.060160805924827,1
1195,1199,-0.007728755247092998,4,27.01851316132824,26.8367121991253,4
1211,1214,0.0008596501127637289,3,27.554021019866507,27.605261858163196,3
1215,1217,-0.003678870461123702,2,27.548620792987748,27.474821606500715,2
1219,1222,0.006708112435704337,3,27.74236141976584,27.95620266082134,3
1225,1228,-0.014706428402877107,3,27.96560224591171,27.582293720984783,3
1229,1232,0.004311136069426901,3,27.56976740916594,27.716194195278472,3
1238,1240,-0.006614916419129928,2,27.505658843571815,27.351216868112058,2
1243,1250,-0.028737759472154147,7,27.581886263749407,26.816826536777214,7
1252,1257,-0.012372962331419997,5,26.65955141426112,26.356353340254174,5
1258,1263,0.010707296493558026,5,26.421152914056428,26.73047318492292,5
1269,1270,-0.0035170051990712613,1,27.17139858114081,27.10300802964604,1
1277,1278,-0.002340232829258972,1,26.56469936971553,26.529096487520842,1
1279,1281,-0.0015774955700012948,2,26.52547310689883,26.510154763687407,2
1287,1288,0.0003125530417069731,1,26.04248018301904,26.076662319596856,1
1290,1294,-0.006035833992304974,4,26.201573281154168,26.069626507773062,4
1296,1302,-0.009052555024101835,6,25.941300923500332,25.732407170417062,6
1306,1313,0.03141542825920587,7,25.276366101888772,26.09571033391797,7
1317,1319,-0.02370150535424311,2,26.37525608839982,25.776498071089478,2
1320,1321,0.0007790988466568121,1,25.653051196845976,25.698690510643512,1
1325,1328,0.00031404260812548275,3,25.342399664228804,25.375700657179745,3
1331,1333,0.008376708018557825,2,25.651020824681403,25.891542957332387,2
1340,1342,0.004643284589604152,2,26.224289799338013,26.37228092983593,2
1343,1347,-0.005606696240934219,4,26.455581443401666,26.33370861581462,4
1352,1353,-0.008811088094134846,1,25.998925113584423,25.7958452191694,1
1359,1364,0.00030954833611861686,5,25.79108903590534,25.824863713638997,5
1373,1377,0.0010555033774357846,4,26.573764492318446,26.62838695498359,4
1383,1384,-0.0023930494848332525,1,26.688571673966955,26.6513931729456,1
1386,1389,-0.0014171307779560337,3,26.591014520213676,26.57992258964022,3
1396,1400,0.001605668422073206,4,27.255433372218715,27.326451994286625,4
1403,1405,-0.003080452155093771,2,27.466280044205607,27.40913776269523,2
1406,1410,-0.008390979367802504,4,27.429759752561424,27.227026964166463,4
1411,1414,-0.009216005904903853,3,27.176913965326523,26.953628279710337,3
1420,1422,0.004638639601533346,2,26.92922065426066,27.081064824280205,2
1423,1424,2.9100571609751722e-05,1,27.274076165910184,27.30214393328265,1
1430,1431,0.001303796545581885,1,27.85304873296181,27.91721649041673,1
1432,1435,-0.005907358724555225,3,28.02921408918201,27.891664680879035,3
1437,1442,0.005062632723546707,5,27.853944160517532,28.02281239386493,5
1444,1445,-0.004642673281086055,1,28.095317545366697,27.99297548282056,1
1447,1448,-0.0038297510908211476,1,27.63449321723613,27.556294479910367,1
1450,1455,0.009374702951889968,5,27.595873374162718,27.882172363117625,5
1456,1458,-0.014451745307664438,2,27.952516584497918,27.576506450694986,2
1460,1461,-0.006861119202927848,1,27.503780993755747,27.342578054820123,1
1465,1466,-0.001476474547002237,1,26.98541092469182,26.972553063245808,1
1467,1470,-0.002067786789038929,3,27.039000016493425,27.01012812948699,3
1476,1478,-0.012430868034947713,2,26.566837279479774,26.26315526843211,2
1483,1485,-0.0015658225476106766,2,25.896216381357092,25.881563718230716,2
1487,1492,-0.010137866566530096,5,26.058250910681213,25.820134090902247,5
1496,1500,0.009658408878679768,4,25.38069728124493,25.651215130494435,4
1501,1509,0.0023522977000177085,8,25.682063466847243,25.768157389138864,8
1510,1512,-0.004676932135165402,2,25.79736438477454,25.70250922666559,2
1516,1517,-0.00803911731159231,1,25.82205928679152,25.640294782244904,1
1518,1519,-0.0017828516485224426,1,25.71861936004449,25.698485496480757,1
1520,1522,0.0018513141138591345,2,25.733504583152428,25.80687888796943,2
1527,1528,-0.011289203290072432,1,25.84973247234533,25.583759319943383,1
1531,1532,0.0005464681842239614,1,25.36472936883591,25.403955115806266,1
1537,1538,-0.0031027752353947643,1,25.282140234907374,25.228977576523633,1
1541,1542,0.0018045420589276992,1,25.555115592609,25.62678598910923,1
1545,1547,-0.0030854844499194345,2,25.766215768845722,25.712480726526525,2
1548,1551,-0.0020683735317029053,3,25.787022268867272,25.75947209681378,3
1553,1554,-0.0034955285247840824,1,25.91560555066434,25.850932417775603,1
1558,1560,-0.005844960495389113,2,25.74992368756953,25.625166324543972,2
1564,1565,0.0008653406931692577,1,25.887646588791128,25.935935869423584,1
1576,1577,-0.0007779087328797851,1,26.457895963512232,26.463772031152104,1
1578,1580,-0.012641333001371997,2,26.465382145755218,26.157289819187916,2
1585,1588,0.004075304820444064,3,25.94412157610646,26.07579590140386,3
1590,1592,0.0013217050448277837,2,26.31355394410013,26.374646255039494,2
1593,1603,-0.010641439931861854,10,26.465616672053937,26.210450018650647,10
1605,1608,-0.01557885511042267,3,26.196109216541007,25.814199935816248,3
1613,1615,-0.00016870648331503027,2,25.307242173914307,25.32827992025866,2
1618,1619,-0.002043278966999489,1,25.587531384000226,25.56083645068986,1
1620,1621,-0.0017709948230399735,1,25.58799141928389,25.568263210367633,1
1627,1629,-0.007391457115025266,2,25.25239777980931,25.0909981623481,2
1631,1638,-0.04858933324843276,7,24.913347904253918,23.727738288504234,7
1640,1641,-0.006660578782426169,1,23.383746837638704,23.25138129643594,1
1642,1644,-0.023766344989009498,2,23.172753054064383,22.64519416369043,2
1645,1646,-0.01831121288016428,1,22.327255499650093,21.94074362666583,1
1648,1656,0.07936433847492404,8,22.81863104173046,24.652435230302494,8
1657,1659,0.02044904470070932,2,24.893587440164833,25.427531109929944,2
1661,1664,0.020318406928786677,3,26.595872361119767,27.16285399074019,3
1665,1669,-0.027367261784779117,4,27.53816569828238,26.812059674243145,4
1671,1672,0.001462857500817553,1,27.073493814388534,27.14017197170264,1
1673,1674,-0.005461831982602704,1,26.88294321981858,26.7629960439739,1
1680,1681,0.004900923604155295,1,25.891328570128955,26.04411132203137,1
1682,1685,0.007305176573211661,3,26.2387945281724,26.45671234979709,3
1690,1692,0.010647927247526591,2,26.98316597153691,27.297463925681306,2
1694,1703,-0.0035936354762246244,9,27.709200731374544,27.63733316533982,9
1705,1711,0.07134180553962931,6,28.205963020203136,30.246433312068646,6
1723,1725,-0.0005885749939731778,2,32.373428041846395,32.38674727967362,2
1726,1729,-0.01888884292990295,3,32.50387321078326,31.92241652830208,3
1730,1738,-0.024600187537038878,8,31.939185098696992,31.185414340587545,8
1739,1740,-0.006427083448926725,1,31.16552494370549,30.99638703910639,1
1742,1746,-0.02162490435645579,4,31.13906279657535,30.49682260464631,4
1749,1753,0.002993761123327955,4,30.335411686912423,30.456564074767762,4
1754,1757,-0.005083439147009917,3,30.466121509284832,30.341714956056258,3
1761,1762,0.0010393471848121794,1,31.318248970391767,31.382117753262783,1
1765,1766,-0.005814616042167804,1,30.83607091737433,30.687607075658114,1
1769,1770,0.022207212121472458,1,30.658577708798674,31.370077825029412,1
1771,1774,0.04702982198465054,3,32.53526536250931,34.097928366093996,3
1776,1779,0.0016223109662785824,3,33.55777443778078,33.645773357692875,3
1780,1786,-0.0514925836904069,6,33.61037072485672,31.91329626816629,6
1793,1796,0.01848730432733912,3,32.548456953758816,33.18273863980201,3
1802,1808,-0.019744430757221328,6,34.8607421319757,34.20729736493753,6
1814,1815,0.004022896465402327,1,33.37121873393097,33.538838910555796,1
1816,1817,-0.010106487995825187,1,33.377753092174856,33.07379898431335,1
1825,1826,-0.024291562711497683,1,30.524943717525293,29.813970076663615,1
1829,1834,0.03879180081099289,5,30.711038187894694,31.933085702166196,5
1836,1837,-0.013592078673976014,1,31.622132055450162,31.223943680769075,1
1838,1839,-0.013807005726073848,1,30.806812968179248,30.41226993809369,1
1844,1848,0.010274158490424332,4,29.82594373151271,30.16220614826826,4
1852,1853,-0.005014408342495054,1,30.340175878917783,30.21837802375669,1
1854,1856,0.020877332233463938,2,30.42534806012022,31.09097350795025,2
1860,1861,0.00405606606524522,1,30.77724821716294,30.932860017455365,1
1865,1866,-0.003326140410113546,1,30.77208401941493,30.70050383127396,1
1868,1870,-0.004745839250815951,2,30.391040438104426,30.27720048595824,2
1872,1875,-0.015607621830761899,3,29.957752699611603,29.52014117727619,3
1877,1879,0.0021852820637285057,2,29.71144937889179,29.80608872568575,2
1880,1883,0.01715066151984952,3,29.976801580824375,30.52090035976561,3
1888,1890,0.004785150924976041,2,31.096957043404334,31.276857633207925,2
1891,1894,0.019376919614471775,3,31.347231050422412,31.985991057673143,3
1895,1901,-0.010594878937469927,6,32.08123622521611,31.773420647470786,6
1902,1903,-0.001714305041437871,1,31.893539982639176,31.870758266240276,1
1905,1907,0.005539559890974817,2,31.822696934718643,32.030803367215576,2
1914,1916,0.0037697163757740943,2,31.2781517143707,31.42733962680668,2
1918,1927,0.03599480007598769,9,31.39850420643561,32.560085592237755,9
1931,1933,-0.0036913437189985726,2,32.57986205410245,32.4921784469973,2
1936,1937,-0.005101257346809917,1,32.24729804528458,32.11504357726159,1
1938,1943,-0.014875611142696778,5,31.906768666675514,31.464042751836743,5
1944,1953,-0.02681473112831913,9,31.516198057787346,30.702615878738712,9
1955,1956,-0.0018337285686483783,1,30.646867790151795,30.621316620935556,1
1960,1961,0.010112164453185222,1,31.6648988685093,32.016764432129655,1
1964,1967,0.0192198883339503,3,33.113497069030075,33.78304828211245,3
1973,1974,-0.0067087076237339355,1,34.29838913182589,34.102589656307245,1
1975,1976,-0.004306931018788851,1,33.94094842945448,33.828708054286004,1
1977,1978,-0.0001534987601342757,1,33.82912469482741,33.85776109082515,1
1980,1981,-0.0017979301492470332,1,33.699154013698546,33.6722644427069,1
1982,1990,-0.009639819778697725,8,33.568300052015736,33.27827598928907,8
1992,1994,0.010649081943733835,2,33.282347096385465,33.67005588499105,2
1995,1996,-0.0003949117263335913,1,33.77639617398244,33.79683387523403,1
1999,2000,-0.003463792825344216,1,33.33388686252881,33.25175907123607,1
672,674,0.002324483237467392,2,27.03925939584392,27.129150960458936,2
676,679,-0.017268386621288868,3,26.99851695390298,26.559294641895463,3
681,684,-0.007770617370564653,3,26.323627874693045,26.14540066254837,3
685,690,0.007645452462250762,5,26.177360046628177,26.403675168498523,5
691,693,0.004375593408998699,2,26.518449577997686,26.661001980766034,2
695,696,0.0017385927149898253,1,26.864061850004507,26.937631574081966,1
697,707,0.021753277386708538,10,27.07812173615085,27.694237751124554,10
708,709,-0.004499481758863633,1,27.75966771408135,27.662523263283806,1
713,715,-0.005215624739181148,2,27.345242450398967,27.22996516982616,2
716,718,-0.012279491639527483,2,27.10931554519511,26.80353624714977,2
719,720,-0.0040259874149809445,1,26.659471889132355,26.578800662705802,1
721,722,-0.00022565554254439868,1,26.816793322107166,26.837558757382872,1
723,724,-0.009237203203162993,1,26.824370634727778,26.603412843012567,1
725,727,-0.00529065447913606,2,26.452612268197456,26.339113248884065,2
728,732,-0.013397742536983195,4,26.254941478769485,25.92943947399214,4
736,738,0.0008091662681974281,2,26.58051039030168,26.628598953091284,2
740,743,-0.00590055655204439,3,26.402534471830307,26.2731473585338,3
744,745,0.002280291010130732,1,26.240737268595936,26.326814523157314,1
746,749,-0.003031474016661656,3,26.38811040384668,26.334503643212468,3
751,752,-0.004905425066302482,1,26.31119096075469,26.208434576052287,1
755,760,0.008297236356077181,5,26.268056842660847,26.512277175741936,5
762,763,0.0008314772911526759,1,26.82784356547648,26.876978151737248,1
768,775,0.007382553613305949,7,26.95457652891493,27.18052471179252,7
784,787,0.011132282202317888,3,27.92595454286459,28.264760104147726,3
788,792,-0.01734490386803286,4,28.23658430439489,27.77506004837795,4
793,794,-0.003723869206594538,1,27.76516705554625,27.689538371987695,1
797,803,0.012887859959674026,6,27.79753877034543,28.183587096011596,6
804,805,0.002123236602421578,1,28.387422201622908,28.47608283769141,1
808,813,0.0023076592068098697,5,28.49674093444889,28.590998441964796,5
822,823,0.0003310576897468916,1,28.476578598114386,28.51448256703509,1
825,827,-0.005384512967632198,2,28.609135191913804,28.483698067672115,2
828,829,-0.006259777915094029,1,28.47376439962925,28.32399872248049,1
831,844,0.020405899124483352,13,28.04154440095736,28.641798871698974,13
845,849,-0.010067999073084376,4,28.641620399033233,28.381898211803165,4
851,858,-0.009259539767532635,7,28.220939311060746,27.987847340543915,7
861,864,0.002908338464390936,3,27.781037502725322,27.88961520017791,3
865,868,-0.01091583301678109,3,27.86847777038601,27.592138598382988,3
870,871,0.002139061242846783,1,27.78660774259095,27.873831606025902,1
873,876,-0.006975003825407132,3,27.873228830189138,27.70668618130231,3
879,881,-0.010758570622385309,2,27.43052293401369,27.16284023875316,2
887,888,-0.0024983113082513815,1,27.27062446428096,27.22976457926305,1
889,891,-0.006470631397758357,2,27.2224736185542,27.07354949965189,2
893,896,0.008754266546961504,3,27.071244066223027,27.335304196602817,3
898,900,-0.00227208063996806,2,27.332688089010855,27.29791870565454,2
902,906,0.003429470875158913,4,27.44204793237868,27.563601684449868,4
908,909,-0.002491491328422521,1,27.730635261453898,27.68927525942979,1
914,915,-0.007973315343855238,1,27.738028718347,27.544602697077053,1
918,922,-0.0044565131583199635,4,27.323141661755066,27.22869886307457,4
926,930,0.007702936250602927,4,27.1133484894338,27.349314232877724,4
931,938,-0.006518063405087228,7,27.280524026434268,27.129988365132398,7
941,954,-0.017100676277138228,13,27.038090676274727,26.60275913114412,13
959,960,-0.0023874045969003756,1,26.843478162298027,26.80623539729886,1
962,965,-0.012351315143568936,3,26.72495642603669,26.4215930234466,3
967,969,-0.0008719080296675761,2,26.47015221947834,26.473542833431132,2
971,976,-0.009045462770256727,5,26.322887329437368,26.111107519422717,5
980,982,-0.004582513819752559,2,26.141446068919514,26.047793977109293,2
983,984,-0.006221017659655531,1,25.912152503767455,25.776864697945598,1
986,993,0.018378321883309134,7,25.86507112312884,26.366292796887514,7
996,998,-0.000398454532187375,2,26.249368522366733,26.265158711034307,2
999,1000,-0.003669224736961687,1,26.22926472635785,26.15925292411794,1
1002,1003,-0.0015823618616655193,1,26.003338324015754,25.988194971499862,1
1004,1005,-0.0005263016451481808,1,26.01620213154812,26.028525963697327,1
1007,1009,-0.0032213496379086444,2,26.11842319775992,26.06040504784683,2
1011,1015,0.019548973373748092,4,26.189088067770502,26.727246941157862,4
1017,1021,0.01890384288773272,4,26.890577598129983,27.425803429803548,4
1027,1032,0.010296849957233942,5,27.59165339974759,27.90335216827654,5
1033,1035,0.0030424322344967617,2,28.11741760261795,28.23108035788558,2
1036,1038,0.001773291440686902,2,28.278742567228893,28.357167761943977,2
1043,1046,-0.0057499783355895884,3,28.423399385449148,28.288388854144454,3
1049,1055,-0.005891930470368688,6,28.034280020182536,27.897138271536956,6
1056,1057,0.0019712331015554474,1,28.116887450938652,28.20042927764559,1
1058,1060,0.00922618982994568,2,28.343035950324147,28.632877216309137,2
1061,1064,0.01353899292757392,3,29.05949893843821,29.481994787983005,3
1065,1066,-0.001845047668399102,1,29.375994853430075,29.35117073747228,1
1069,1073,-0.024530372066549608,4,29.31413398397461,28.624361504523,4
1075,1076,0.004737954417692325,1,28.59669482523512,28.760781356638976,1
1083,1084,-0.008896163602902876,1,29.05571821847283,28.826289513819923,1
1087,1090,0.0021522510143568672,3,28.43383215872058,28.52346273498496,3
1091,1094,-0.014824286911670079,3,28.494787017562096,28.100866906344386,3
1095,1100,-0.006219279477026431,5,27.969454781406313,27.8234743800821,5
1105,1108,0.004424871134831126,3,27.96316342924842,28.114859987374317,3
1110,1112,-0.008769496143918908,2,28.20703708058903,27.987882614760014,2
1116,1119,0.0013628147692986356,3,27.1031122074651,27.167151841282855,3
1121,1124,0.00707668863683943,3,27.339306610508054,27.560117677548213,3
1128,1129,-0.001532114376998162,1,27.653362966642636,27.638648214635737,1
1130,1131,-0.0031453902739181755,1,27.66915390083151,27.60979276716512,1
1133,1136,0.001277808852481686,3,27.565193962495997,27.627982205324145,3
1137,1138,0.00241801692229652,1,27.71110048073747,27.80581749111609,1
1139,1146,0.01251370837659337,7,27.866772669517935,28.243356108770623,7
1148,1149,-0.0022229338747779114,1,28.45402004857242,28.41922266358141,1
1150,1151,-0.0017712392062709753,1,28.556065614430285,28.53404205705159,1
1155,1158,-0.008355808680907267,3,28.628641474099176,28.418054664621415,3
1159,1160,-0.005100728369276333,1,28.414959136340467,28.29843710729825,1
1161,1164,-0.012915970150487972,3,28.337749838722402,28.00007805751219,3
1166,1167,-0.0031766649679917376,1,27.949087231173376,27.888251432109936,1
1169,1172,-0.00361669415469913,3,27.804661082955555,27.731904788826395,3
1173,1175,-0.014281316388769776,2,27.671029156760913,27.303521463727098,2
1180,1186,-0.005318370977650828,6,26.8094012109744,26.69362827085673,6
1187,1197,0.005999150043336845,10,26.740396274383205,26.9275563201259,10
1199,1200,-0.0013222508752540997,1,26.87593512470957,26.86727433109236,1
1206,1207,-0.0011139860227584897,1,26.966673439851828,26.963599615999392,1
1210,1211,0.0022766234843467677,1,27.43630628397884,27.526204729472656,1
1212,1213,-0.0006286947603136841,1,27.638307888509427,27.648570137044494,1
1217,1221,0.014015569617645936,4,27.508067129346507,27.921116426374088,4
1223,1224,-0.0009407967074430294,1,27.993313583660314,27.994970879994046,1
1226,1228,-0.010190150866445355,2,27.824764751202743,27.56905096531584,2
1230,1234,0.0016385798005546333,4,27.658995049532262,27.7319755151736,4
1235,1243,-0.007490212890254345,8,27.77194515659868,27.591699320155886,8
1244,1245,-0.006067236381325009,1,27.6737650272099,27.533535518255782,1
1247,1251,-0.022998626647269763,4,27.352281219427947,26.750568596930623,4
1252,1254,-0.004925884976388526,2,26.69793248334944,26.593119471312423,2
1255,1256,-0.0059921931185977105,1,26.590027729298274,26.45728517584475,1
1258,1260,-0.00016940253509745628,2,26.420364593126177,26.44230928097903,2
1262,1263,-0.0006471578440856691,1,26.703809604113918,26.71323183386576,1
1265,1274,-0.007207896327584763,9,26.879163998915264,26.71230093543785,9
1277,1282,-0.0065010210966097316,5,26.55320829044504,26.407138531456628,5
1283,1288,-0.007386814738146009,5,26.22351622625563,26.05603148633577,5
1290,1291,-0.005125099468205468,1,26.221261008802436,26.11309569895935,1
1294,1295,-0.006178619221231576,1,26.143892305637912,26.008503042426128,1
1297,1299,-0.006708161058813221,2,26.116596204433144,25.96751846699025,2
1300,1303,-0.018496560016620544,3,25.957855250932855,25.50368207863216,3
1305,1307,0.004126340596652849,2,25.20015529994351,25.329339879099567,2
1308,1319,0.009421422324176799,11,25.533630545675326,25.79972729306131,11
1321,1323,-0.007264105187838452,2,25.731487260829955,25.57030251798859,2
1324,1326,-0.010691517568628614,2,25.537610212460187,25.29011201442534,2
1327,1328,-0.0020878768018136257,1,25.356740675229965,25.329155665279778,1
1330,1332,0.011842951290605499,2,25.556537693822467,25.884759062580752,2
1337,1339,-0.0008801666516283647,2,26.168062705082715,26.171198511657064,2
1341,1344,0.0030210637394410805,3,26.300737561720307,26.406494503850297,3
1351,1352,-0.010078582671813333,1,26.180371493366025,25.942690826384716,1
1354,1355,-0.003526012302132249,1,25.679953333876266,25.615085455836713,1
1356,1358,-0.0006265893993358277,2,25.690836178545798,25.700429409114793,2
1361,1363,-0.005437553971904727,2,25.90442650580968,25.78947421507891,2
1365,1370,0.01173163916175533,5,25.81723371865104,26.145929422511607,5
1371,1374,0.017338158229826515,3,26.19925800548605,26.679704144294703,3
1375,1381,-0.005615179883142391,6,26.723826480817973,26.600491214443114,6
1389,1390,0.0002919259185647379,1,26.555072494789137,26.58937968121452,1
1391,1392,0.004680555849262988,1,26.65479428101254,26.806208328576446,1
1393,1394,0.005326721207227683,1,26.985290341805268,27.156018750493963,1
1395,1397,-0.0017255495849458383,2,27.28335439495497,27.26355896849778,2
1398,1400,-0.0019069573077284152,2,27.348445515806418,27.323641643290845,2
1401,1406,0.0037548925935970796,5,27.31810778543395,27.448002453813995,5
1407,1409,-0.005592912378193979,2,27.326752857929538,27.201243476472506,2
1415,1418,-0.00027316328046870673,3,27.053298811118648,27.07296214207902,3
1419,1422,0.0017754063499776608,3,26.98013572561393,27.05501656563006,3
1423,1424,0.002399800352349738,1,27.212002264082187,27.304517638967756,1
1427,1431,0.005291180490870969,4,27.774890286417296,27.949627134323286,4
1435,1436,-0.005061259365955869,1,27.938970601353333,27.82550319532342,1
1440,1443,-0.0019938336856824617,3,28.00815091456612,27.980315470713546,3
1446,1458,-0.008327417432770799,12,27.79966479933534,27.595965050859505,12
1460,1467,-0.015994668384286675,7,27.4016133161011,26.99073521123171,7
1470,1471,-0.005738895478450243,1,27.10127217861613,26.972842082428638,1
1478,1481,0.0010755037002983209,3,26.306672197933693,26.36127179342304,3
1482,1486,-0.0077842076618985,4,26.106345421401624,25.929234552769582,4
1487,1488,-0.0028447301355141383,1,26.030425521923807,25.982406411523257,1
1492,1494,-0.01024574025033827,2,25.797364151204437,25.558848423119013,2
1496,1500,0.009177453674499653,4,25.412616249880426,25.67125197451142,4
1501,1503,0.0034982689153295714,2,25.691837143787083,25.80740593618869,2
1505,1508,0.002872579056409943,3,25.591430142373135,25.690534978766067,3
1521,1523,0.0019032327706597373,2,25.75570889421845,25.830483712311718,2
1525,1528,-0.012281797229887953,3,25.914047696937356,25.621690665414864,3
1529,1530,-0.0046116395121798895,1,25.57009689274315,25.47774692047505,1
1531,1533,-0.0028577271422325773,2,25.407610954933507,25.36041054644324,2
1535,1536,-0.004568072955966486,1,25.323227705931156,25.232872581995842,1
1539,1540,0.0022432303039708014,1,25.374614277147135,25.45690999512235,1
1541,1542,0.00345366138194878,1,25.597694813617196,25.711698278475513,1
1547,1550,0.0005316615917089742,3,25.705759733401333,25.745132258270683,3
1553,1554,-0.004339179685066929,1,25.952989637674282,25.866327941909407,1
1555,1556,-0.0010525668105679023,1,25.840271729113287,25.83891338844428,1
1559,1562,0.0014805466806335973,3,25.702522473483,25.76627878028851,3
1566,1567,0.0008551771302426675,1,26.042167748405376,26.09048058243416,1
1570,1572,0.004769964042863049,2,26.27175896889144,26.42334607348471,2
1573,1576,0.0058468625555177026,3,26.332591230183674,26.512886863067372,3
1580,1583,-0.014057203089636799,3,26.261186856949518,25.918289206783427,3
1588,1592,0.01034212030451475,4,26.07259054527669,26.36830900389157,4
1593,1596,-0.009894321333738864,3,26.46457159980719,26.229187196038765,3
1598,1601,0.0012111752610450628,3,26.039326547452802,26.096904062128804,3
1604,1605,-0.0032334773132347925,1,26.203494113659218,26.14496920402888,1
1606,1609,-0.022193494017720673,3,26.089655050240555,25.536724102008886,3
1610,1612,-0.007897531136371438,2,25.49182666915166,25.315996000978203,2
1617,1620,0.002032721464781061,3,25.49005911069272,25.567363360096255,3
1622,1630,-0.02554202396276884,8,25.55235134219604,24.925244923250776,8
1631,1633,-0.02301904296119619,2,24.90956266584693,24.36107793536304,2
1635,1636,-0.009051106998565157,1,23.94854333852462,23.755731053646382,1
1637,1641,-0.019320066511338867,4,23.697258686109762,23.26312333084383,4
1642,1643,-0.008985217631413262,1,23.103897771058442,22.919408119222616,1
1646,1649,0.0693982362578092,3,21.96568174342795,23.512026996365638,3
1650,1651,0.005375598527162773,1,23.82942253425711,23.981349365469658,1
1652,1663,0.1243486042392429,11,24.14411890939308,27.170550515271813,11
1665,1671,-0.0168317035024811,6,27.494441515974124,27.059157669926915,6
1672,1676,-0.028649382092664457,4,27.12573599041556,26.37572615147182,4
1678,1680,0.002469892068801551,2,25.790196461082004,25.879685659235147,2
1681,1688,0.019049855081985083,7,26.052523942897395,26.574873272472434,7
1689,1692,0.01893601623328179,3,26.731401332628327,27.264318983533975,3
1694,1695,0.006508881581964251,1,27.72282106128313,27.93098844175029,1
1696,1698,-0.00521628372074261,2,28.000778217868014,27.882718992499893,2
1699,1703,-0.008919316004410247,4,27.838027265894855,27.617569131036845,4
1705,1707,0.0461005842232072,2,28.138080970537345,29.463401023169563,2
1716,1717,-0.012924712607633938,1,30.764583516041643,30.397724699119294,1
1719,1724,0.056302179545201156,5,30.521625148148008,32.27058079239851,5
1725,1728,-0.016537421278760536,3,32.440951842068316,31.936903106614118,3
1729,1730,-0.0030311267974060317,1,31.929417043580056,31.864564348997288,1
1731,1734,-0.018954061915101527,3,31.715415653316345,31.145995117013523,3
1737,1738,0.005906662268821097,1,31.0679005714834,31.28247606813195,1
1739,1741,-0.0039656671585082395,2,31.120906090379382,31.028611841244125,2
1747,1750,-0.010219252159192109,3,30.484616485934293,30.2035711195742,3
1751,1753,0.004775161197149204,2,30.312227753565722,30.487285755087264,2
1754,1757,-0.005958783503735105,3,30.52175631250039,30.37040553079294,3
1760,1766,-0.010343212869732506,6,31.005093109928907,30.715405924956965,6
1769,1770,0.019611989216170186,1,30.695490400268653,31.328185517384046,1
1771,1772,0.02583443163672343,1,32.55926000658352,33.43296924337249,1
1775,1777,-0.010237372188293181,2,33.77701902161456,33.465008125500844,2
1780,1781,-0.0012647100173527998,1,33.48157927429086,33.47271636486016,1
1784,1788,-0.037813108392021136,4,33.35654010280986,32.12858217642232,4
1789,1790,-0.026276066580344246,1,31.90531461761904,31.09887376107727,1
1794,1801,0.07143465390342783,7,32.602502234639616,34.96405320039147,7
1804,1811,-0.05555548985582534,7,35.31071050033804,33.38431739183486,7
1812,1814,-0.00039224267284366176,2,33.21249441326502,33.23267955009782,2
1816,1820,-0.03598126825546438,4,33.3579541288762,32.19105058704051,4
1824,1828,-0.015620237081917787,4,30.925095890876648,30.47296365717099,4
1831,1837,0.01076727081433156,6,30.782966837486757,31.14519834473205,6
1843,1847,0.013323043686500599,4,29.813149570876124,30.24016461461196,4
1850,1852,-0.005397636459359653,2,30.410718164890305,30.276982881933073,2
1856,1857,-0.0049822562881158055,1,31.1203935794571,30.99646419643667,1
1858,1859,-0.004551821660071989,1,30.767129872327757,30.657850514028976,1
1860,1861,0.0025633802156526607,1,30.80029544433581,30.910048607758412,1
1864,1867,-0.012953105772079837,3,30.832809433634086,30.464261601223477,3
1873,1875,-0.008971260795520082,2,29.7614773501162,29.52424085249846,2
1876,1880,0.011598630388070772,4,29.566061614269856,29.93855349657897,4
1882,1890,0.023215740293000286,8,30.54863209683297,31.28838983799629,8
1891,1892,0.008859317277165615,1,31.355712718838216,31.6648586389849,1
1894,1896,-0.0010774842593137238,2,31.964583975258297,31.962107223144702,2
1899,1900,-0.0030054335064723047,1,31.71022499111009,31.64663224341514,1
1908,1911,-0.013183817451253087,3,31.91411606721329,31.52528030293226,3
1924,1925,-0.011150456681455916,1,33.065759033186346,32.73012647848053,1
1931,1932,-0.003844575535125436,1,32.60816223644266,32.51540585589947,1
1933,1934,-0.00788394125641092,1,32.59765027822809,32.37324996861574,1
1937,1942,-0.02103781889332579,5,32.141050600488676,31.497014049514863,5
1944,1945,-0.005128023901663938,1,31.56529955184879,31.434997240835575,1
1946,1952,-0.022936342646992,6,31.41219659484981,30.72312788705051,6
1953,1954,-0.001147312128874659,1,30.7416652163191,30.73713659617093,1
1956,1957,0.002701172889770619,1,30.66342826955534,30.776918918974044,1
1958,1960,0.023794382683509648,2,30.923581247926677,31.690312355332374,2
1964,1966,0.010109560086783143,2,33.14823271456518,33.516494997678315,2
1968,1970,0.0016134060255914846,2,34.15063472882666,34.23988420340475,2
1972,1974,-0.005565706806971489,2,34.207654728982135,34.05147260693549,2
1984,1991,-0.0006526991823781192,7,33.297940290072916,33.30950469196078,7
1999,2000,-0.0023090824088304084,1,33.28178769397036,33.23821909116575,1
672,680,-0.022873209050175553,8,27.042725081260752,26.45121390227191,8
682,685,-0.009445320974980381,3,26.30717338014945,26.08500085700963,3
686,687,-0.0024371458113242673,1,26.130379851173398,26.092826685221972,1
688,690,0.0019726202492635126,2,26.275915471698195,26.3540237900973,2
695,699,0.007735535979807384,4,26.842354091449735,27.076836441398324,4
701,703,0.005162125259925567,2,26.955743111240484,27.121847776766323,2
708,710,-0.008208656211479017,2,27.796828593173384,27.596450812075787,2
712,713,-0.003572788477442245,1,27.32187043337653,27.25157703994337,1
717,728,-0.026266728434336525,11,26.875183896170576,26.19613592304318,11
729,733,-0.00820293376846927,4,26.101373810367352,25.913367343545218,4
739,742,-0.012019270894345475,3,26.496024553913404,26.204057681730603,3
745,748,-0.0033962666592564435,3,26.37666734930114,26.313461820749712,3
749,758,-0.0030937409979348972,9,26.414009863824262,26.358705768452516,9
759,771,0.022957564179759856,12,26.463267434145937,27.097262862105637,12
773,774,-0.00228545715641219,1,27.273836785580617,27.238777436901774,1
775,777,-0.00030776917782276525,2,27.190506667601756,27.209328774387686,2
778,779,0.0035818413626460656,1,27.44746163807872,27.57322155311171,1
782,785,0.005256744725425915,3,27.843770125309636,28.01798148717714,3
786,794,-0.017719074285198762,8,28.15121274594661,27.680550528828693,8
797,800,0.007919705103448776,3,27.84570047702223,28.09407591367623,3
808,812,0.0012071967489535318,4,28.587569464413317,28.650667854795653,4
820,822,-0.003552417349534139,2,28.53365106449078,28.46082127846822,2
830,833,-0.009246369116134155,3,28.171616597517623,27.93930304845628,3
836,840,0.010364851977154768,4,28.416573583784576,28.739523736262214,4
842,843,-0.0019462969218979665,1,28.714920957418876,28.687748116104327,1
850,852,-0.005204472605300223,2,28.270437952834097,28.151575670921567,2
856,860,-0.011699324188844028,4,28.081833856538694,27.78137721229033,4
863,864,0.0023913674181935346,1,27.800298808623378,27.894579836218988,1
867,869,-0.0027650335267903696,2,27.68741190254634,27.63854269226829,2
870,877,-0.006232642910188817,7,27.767344940639216,27.622048340000813,7
878,880,-0.010790844790723349,2,27.506254730558116,27.23694525971712,2
881,882,-0.005396430120989748,1,27.26429242555293,27.144426869105757,1
883,884,-0.0039721834100668795,1,27.239972225259812,27.159010031721213,1
895,896,0.0026798903916808404,1,27.11657029359766,27.21635630007641,1
898,900,-0.0032861478521188335,2,27.33841459762318,27.27591493981049,2
901,903,0.004599806846416177,2,27.31687074545448,27.469839945277542,2
905,906,3.549457492440567e-05,1,27.585803240025463,27.61436818962544,1
907,918,-0.013152624153266606,11,27.632305114900635,27.29650009635086,11
920,922,-0.0028492635220613467,2,27.322228489511257,27.27170248902418,2
924,926,-0.0034490569913353418,2,27.12840664180901,27.0619676278591,2
927,932,0.0014879188353892083,5,27.156817288736,27.22438124597787,5
936,937,-0.0019379691982651932,1,27.26255970746751,27.23698826619604,1
938,939,-0.0037895236470856736,1,27.20449151664407,27.12860394425145,1
943,944,-0.004250816051824636,1,26.72181553284508,26.63494782597701,1
948,953,0.004126042354848655,5,26.483643962677842,26.61940024334126,5
956,957,0.00034521305822990335,1,26.724626196704353,26.760576512840473,1
960,964,-0.012041137883704912,4,26.845056147439966,26.54865618102028,4
965,966,-0.004640809351093841,1,26.484725223957646,26.38829938870111,1
967,969,-0.0034058084304324793,2,26.487421868058625,26.42369820522803,2
970,971,-0.008730966704283104,1,26.449372408508967,26.2448931910696,1
972,979,-0.004954556027852405,7,26.186835242554874,26.08327793539605,7
981,982,-0.005522635593271288,1,26.160877909356323,26.042561791772243,1
985,992,0.021765815374327493,7,25.75721266163223,26.34359660964424,7
995,996,-0.003032551578873216,1,26.286367635760673,26.232939237719766,1
997,1000,-0.00937937906711454,3,26.310926644186292,26.09045741622761,3
1004,1005,0.0007696481848776771,1,26.010446527017915,26.05647586650231,1
1006,1012,0.009931501003264637,6,26.077560662061366,26.362627542601384,6
1014,1023,0.036641856443801045,9,26.619259150249686,27.621257481823722,9
1024,1025,0.0007705249697831063,1,27.74017527957737,27.789289952576024,1
1026,1027,-0.00661832307710467,1,27.668416410527474,27.512966308101266,1
1029,1038,0.02453428345160518,9,27.68201685024692,28.388857315013237,9
1041,1044,-0.0007891247189381703,3,28.378616009664665,28.38460035829185,3
1045,1046,-0.005743982782084359,1,28.42295703727664,28.288119018475875,1
1048,1049,-0.0037925116492584583,1,28.105053692762368,28.026570002922295,1
1050,1051,-0.004088385485875391,1,27.923925281902704,27.837685436353407,1
1056,1060,0.020425666130348994,4,28.078049524621335,28.679640439327276,4
1061,1062,0.010193418930700263,1,29.088739785178788,29.414342235760422,1
1065,1066,-0.002827470089360489,1,29.35901224994736,29.30535953320741,1
1068,1069,-0.003053104903792903,1,29.316182942588423,29.255993743628505,1
1071,1076,-0.008952478396162485,5,28.970866054165832,28.74047586775196,5
1077,1083,0.006194453463915151,6,28.80583102329612,29.013073234082626,6
1086,1089,-0.00293772260664964,3,28.60804744477356,28.552612984507718,3
1091,1104,-0.018215252635758516,13,28.459982082429878,27.970036300871687,13
1107,1108,0.005964385103736708,1,28.031132345390347,28.226351945937456,1
1110,1111,-0.004110852467037576,1,28.252615790148624,28.164726070617576,1
1113,1114,-0.011243162478647463,1,27.889444867068484,27.60376875185582,1
1115,1117,-0.00936016761612802,2,27.29695511778813,27.068747997593498,2
1118,1120,-0.0021986769083258825,2,27.21190531664886,27.179287034114243,2
1123,1125,0.0014025747870186765,2,27.49484835946768,27.56090678890904,2
1129,1132,-0.005769918628109476,3,27.67244634373926,27.540451026438898,3
1136,1137,0.0038911922893057737,1,27.584143900876086,27.719063252831152,1
1138,1139,-0.0010666436401347706,1,27.878298532444454,27.876440621149488,1
1140,1143,0.005078749272850268,3,27.93939496902944,28.109231545881304,3
1145,1147,-0.0019027767613915602,2,28.305192502863363,28.279639232845064,2
1148,1152,0.0069290376547564364,4,28.434055085237052,28.659509778685315,4
1153,1156,-0.0038678012653692966,3,28.70248326098085,28.620170243165767,3
1160,1162,-0.005072207243486537,2,28.342829049623177,28.2274111758664,2
1163,1164,-0.0057373710554591865,1,28.154446191642062,28.021068133171294,1
1165,1166,-0.001514259417876578,1,27.943245751374267,27.928875674080583,1
1167,1168,-0.004122666324963534,1,27.92531238795305,27.8381109553451,1
1175,1180,-0.016149800056772055,5,27.2853770107377,26.87200900455138,5
1181,1182,-0.0027258670628909354,1,26.69325976674982,26.647190748917193,1
1185,1186,-0.0001957749867632408,1,26.707450312388374,26.728929111969375,1
1188,1190,0.004023363852601722,2,26.799447222807284,26.934070597256042,2
1191,1195,-0.004190927479507324,4,27.051299708461876,26.964980972865757,4
1202,1205,-9.544237171108959e-05,3,26.952777484073625,26.977157824550417,3
1206,1207,-2.0881099197273814e-05,1,26.958441298436533,26.984836817848013,1
1211,1213,0.0017789397668300224,2,27.575790739728454,27.65242220121687,2
1214,1215,-0.004213904328902647,1,27.612676644507047,27.523932143506677,1
1218,1229,-0.004728723949947505,11,27.646708135142692,27.543621192381977,11
1233,1234,0.001627987836101547,1,27.70806388608004,27.780880340934583,1
1236,1237,-0.006721745036103924,1,27.66617456880764,27.50787577180058,1
1242,1246,-0.003023378098822915,4,27.575209943509115,27.519414867638975,4
1250,1255,-0.00782857028769126,5,26.832909345758722,26.64967893826796,5
1258,1263,0.014340182264971035,5,26.367644361762217,26.772128832169585,5
1271,1272,-0.002196893064555027,1,26.930945856376233,26.89871239405883,1
1273,1274,-0.0067820744740798725,1,26.91425211862263,26.758631908458593,1
1277,1280,0.002280690964825147,3,26.53075266476218,26.617791865319475,3
1283,1284,-0.006232633112912759,1,26.222569723022435,26.085356636384084,1
1285,1286,-0.0017776717372878495,1,26.018204440400982,25.997970818152705,1
1287,1288,0.00019477130880079423,1,26.028174903477346,26.05927262007247,1
1289,1290,-0.0010577712654617937,1,26.12330472702761,26.121795550655484,1
1291,1295,-0.007873757556121703,4,26.186958868105542,26.006956061714053,4
1298,1300,-0.006039146495843674,2,26.07627085906285,25.94486871013873,2
1302,1303,-0.009628391265090006,1,25.704794877837237,25.483003850242376,1
1304,1308,0.013137505495859677,4,25.156588730459045,25.512240141892992,4
1315,1325,-0.042771790524539374,10,26.430094784883828,25.32606240198594,10
1327,1329,-0.0015798123746482238,2,25.366954741646968,25.35224666738062,2
1330,1334,0.014489306365907652,4,25.511819071416358,25.906979452965132,4
1339,1354,-0.022522068027072274,15,26.256066287612377,25.690981442847065,15
1356,1363,0.006064445036665159,7,25.66376690492156,25.845067175655164,7
1364,1365,-0.0018766627111410053,1,25.867800323066533,25.84512298710406,1
1366,1367,-1.0820377209345066e-05,1,25.911818959273774,25.937450402577728,1
1371,1379,0.012040432113525314,8,26.21003229411589,26.551822440940615,8
1381,1384,-0.0003111736616320393,3,26.5963161966038,26.614636439703585,3
1386,1389,-0.0030235785559628264,3,26.56305838450717,26.509305949179492,3
1392,1397,0.01516651051548484,5,26.8295237951485,27.26326357370822,5
1398,1400,-0.0011727525378068774,2,27.321759430396607,27.317039527117657,2
1401,1405,0.0040455097623419995,4,27.35562267071094,27.493645731950956,4
1414,1416,0.0037903181777837374,2,26.97806849206402,27.107302023963047,2
1418,1420,-0.01018893906100192,2,27.138293690087373,26.888921563149587,2
1423,1426,0.014075287646697087,3,27.267162058379604,27.67822236971878,3
1427,1428,0.0004951674014008142,1,27.802059757719903,27.843628491161443,1
1429,1430,-0.0014103495975454105,1,27.828024060573902,27.816604842100162,1
1433,1435,-0.002540729056168073,2,27.98661366042157,27.943493871571206,2
1436,1438,-0.003751610342657586,2,27.878131169635985,27.80142141557565,2
1439,1446,-0.005232774942464141,7,27.904459308320053,27.786346012176786,7
1450,1452,-0.0006614496681605271,2,27.59919876760845,27.608542485509727,2
1457,1463,-0.02738857750097617,6,27.843994541902006,27.109231133996268,6
1464,1465,-0.007841189528770755,1,27.09660926447413,26.911236224908816,1
1468,1470,0.0015157775971249717,2,27.005355809110814,27.073295278257763,2
1471,1475,-0.009525111269042031,4,27.0180716435407,26.787739576504567,4
1485,1487,0.001963461992769898,2,25.958289437790913,26.035215841937127,2
1488,1496,-0.02515474233934245,8,26.033720753500756,25.404882936565553,8
1498,1499,-0.0002077972408815982,1,25.600263606086692,25.620544205549592,1
1500,1506,-0.006975331523836906,6,25.703692821372435,25.550104735377868,6
1508,1513,-0.0050764056098477756,5,25.773908013259614,25.668843110046662,5
1516,1518,-0.0059882490598949034,2,25.813188395721017,25.68442578297317,2
1520,1526,0.0037663407004367017,6,25.770610787719082,25.8934422987917,6
1529,1539,-0.009771357661000794,10,25.57655953393534,25.352218382525315,10
1543,1546,4.545878314245622e-05,3,25.73251017970613,25.759412458485805,3
1556,1557,-0.0023357526593556933,1,25.79355921883631,25.759105403515502,1
1561,1565,0.006228547674555202,4,25.766107311698903,25.952358846789224,4
1566,1567,0.0006966525773503326,1,26.05155921972702,26.095759664821166,1
1569,1570,0.003448809882781484,1,26.1864262755799,26.30292470758943,1
1573,1577,0.005602058972491239,4,26.309875525953963,26.483574875735215,4
1580,1586,-0.010114326202587981,6,26.219126742489728,25.98015706861168,6
1587,1589,0.007427340254822035,2,26.0043255834708,26.22347288325988,2
1590,1593,0.005530674455318151,3,26.288939756453036,26.460624263777902,3
1595,1596,-0.0052277239415696375,1,26.3953772999474,26.283784931389647,1
1601,1603,0.005093734865183077,2,26.07906008182764,26.23797895949948,2
1604,1608,-0.019043266679309993,4,26.250152637631608,25.776514133218228,4
1609,1610,-0.006148521275581035,1,25.604172111671627,25.472348486811047,1
1613,1614,0.0008581937533748687,1,25.2702098880841,25.31716683424461,1
1619,1629,-0.02159614938493006,10,25.596546425674127,25.069356131752645,10
1631,1638,-0.04455286278528353,7,24.82914598345038,23.747765595357393,7
1639,1640,-0.007906043655255313,1,23.56836728390702,23.405603110561266,1
1643,1647,-0.0302025640001241,4,22.900734336496154,22.231974176384785,4
1649,1650,0.012207142826094766,1,23.52046747531348,23.831105648596463,1
1652,1654,0.00432081652088589,2,24.130157142057133,24.258549280830163,2
1655,1659,0.04295669055981862,4,24.36542546359131,25.43644893105272,4
1660,1664,0.04130813898312245,4,26.042835539919576,27.144659445457094,4
1666,1668,-0.01859019858299177,2,27.82773735831551,27.3382419320674,2
1672,1673,-0.011142973399472504,1,27.130293017417568,26.855111177022007,1
1676,1684,-0.00047738353907148066,8,26.431717463852795,26.445531114490016,8
1685,1688,-0.0011962253044511182,3,26.527545638958383,26.522340263239037,3
1691,1693,0.015410612037831596,2,27.092318499453455,27.536920027553354,2
1694,1695,0.004691939947755108,1,27.747239137309055,27.90517475619462,1
1696,1699,-0.008234119199026654,3,27.982848764806672,27.780417501313725,3
1700,1708,0.06944088066464038,8,27.84370414894916,29.80503919016684,8
1709,1710,-0.0017866063445851374,1,30.094235923615063,30.070563606702105,1
1717,1719,-0.000458092444979239,2,30.43880585690105,30.455300875760713,2
1720,1721,0.018390266801248844,1,30.805468418883247,31.40279467046284,1
1722,1724,0.003686190870556846,2,32.056010175671865,32.206230757903576,2
1725,1726,-0.0012874815685202834,1,32.453020677020945,32.44369103173349,1
1731,1733,-0.01873915463959042,2,31.73541203765209,31.17245265596506,2
1734,1737,-0.003076857909261846,3,31.115763655975115,31.05114063612348,3
1741,1747,-0.02091037323049474,6,31.001796368953315,30.384539032431658,6
1749,1752,-0.00028022946395194035,3,30.365413374242873,30.387269504104573,3
1754,1760,0.014026003564291404,6,30.553409332521902,31.01250497005363,6
1761,1766,-0.021025023024346,5,31.287113759616503,30.66058858621485,5
1769,1770,0.023060113585646105,1,30.6451830199627,31.382509604275917,1
1771,1776,0.028511889280241124,5,32.51688289789848,33.47651754571983,5
1777,1778,0.004782250405783352,1,33.468475245559375,33.66199835012896,1
1779,1782,0.010955790443546349,3,33.690889474113916,34.093690688523104,3
1783,1784,-0.019330757160192828,1,33.93970434270623,33.31756386431134,1
1790,1791,-0.0013046797291483417,1,31.13697161411352,31.127484810035632,1
1793,1794,0.0009617934907482349,1,32.50173112259572,32.56549280715008,1
1795,1797,0.040189134089655756,2,32.724589811526336,34.07248732930228,2
1803,1805,-0.008037853354603589,2,35.11223980075456,34.86512500608517,2
1808,1812,-0.03016260184111966,4,34.237943545089,33.23947602962484,4
1815,1816,-0.007915379926027215,1,33.57486785725018,33.34268489005114,1
1824,1825,-0.013007057757372209,1,30.94046644116077,30.568962473561715,1
1827,1830,0.01824545961617746,3,29.941168766633517,30.517400320992916,3
1832,1834,0.01628202269175815,2,31.397875801621986,31.94049460369862,2
1835,1838,-0.030103875503312144,3,31.778927972718826,30.854038009372093,3
1840,1842,-0.0037704035798880194,2,30.04565564792165,29.962417055954564,2
1844,1848,0.006903498587425006,4,29.87065107022555,30.10673371876454,4
1849,1852,0.005001393203394856,3,30.216245428073304,30.397584998017454,3
1855,1856,0.006886711339185811,1,30.845540854978122,31.088810731802397,1
1859,1862,0.0026339802320823704,3,30.69406720192392,30.80560883537792,3
1863,1864,-0.0009085175781518414,1,30.84140021415095,30.84422166013573,1
1866,1871,-0.020514028061212136,5,30.748781413592223,30.148748830239306,5
1873,1875,-0.011778386407994553,2,29.820749576886723,29.499330014970997,2
1876,1877,0.0038530171440290866,1,29.549194514134168,29.69259726170351,1
1878,1881,0.01546278171082829,3,29.79766804710552,30.288220551656742,3
1888,1890,0.006757657267334461,2,31.041442557793488,31.2822514302405,2
1891,1892,0.009694146361603734,1,31.313764899791593,31.648638884762814,1
1895,1896,-0.004966428860955283,1,32.08689763629977,31.95962723945663,1
1897,1901,-0.007563483622430017,4,31.92948180177623,31.719913170897595,4
1906,1907,0.0030295701559083926,1,31.920566127724076,32.04919228835205,1
1908,1913,-0.029795649940808914,5,31.899534444233897,30.98096661710296,5
1915,1924,0.05201503621516728,9,31.393834833790248,33.05818012443662,9
1929,1930,-0.0003668731308269443,1,32.66461820274612,32.68529905020156,1
1932,1933,-0.0008188881945959707,1,32.48412589861805,32.490009157306524,1
1937,1940,-0.018435998532000744,3,32.16316092626081,31.60236409956602,3
1941,1944,-0.006550082389936919,3,31.662967317253845,31.487235239933206,3
1949,1950,-0.009391763070722422,1,31.362713849077323,31.099525385201,1
1952,1953,-0.006144484143506308,1,30.811886493861316,30.65337523236213,1
1954,1957,-0.0011148109919853432,3,30.78787056107995,30.784335775119715,3
1958,1959,0.00966084877082125,1,30.912908940988213,31.242466788274257,1
1960,1968,0.07426565257418839,8,31.72560030770319,34.11344831817034,8
1970,1971,-0.008609526528216916,1,34.33356471535817,34.0723025438484,1
1977,1978,0.001139041130536074,1,33.82209640983459,33.894443265176186,1
1983,1990,-0.0045345469283636424,7,33.372965425435254,33.255007113000396,7
1991,1993,0.003922581530343199,2,33.3112609988103,33.47523839695548,2
1995,1999,-0.01926270970957344,4,33.838766548488124,33.22077897808306,4
673,674,-0.00012270439642442428,1,27.041830677509797,27.06555435667581,1
679,681,-0.01209909871276317,2,26.61173993530247,26.316373606842166,2
683,686,-0.009180264997450699,3,26.294171725190264,26.079078432589732,3
687,688,0.0006841156861950265,1,26.144139080412117,26.188168835139503,1
695,700,0.004096792626389758,5,26.801268334101742,26.937868840924885,5
705,708,0.008714086305160823,3,27.541198841555556,27.80873642405002,3
709,717,-0.03310280691666658,8,27.74032924886162,26.849786815180657,8
720,725,-0.0076345564449119205,5,26.645475407265167,26.468694496674154,5
727,728,-0.0024056415771923994,1,26.285753214647002,26.248804867040676,1
733,735,0.010919378483401403,2,25.943236972579662,26.25246423314041,2
736,738,0.0036765227354842375,2,26.503880338138785,26.627826337118645,2
739,745,-0.00875258604795821,6,26.51860481531683,26.313017049614288,6
747,752,-0.004632506224998487,5,26.34676976947807,26.251064964281838,5
753,755,-0.0020507561146684526,2,26.283854444583827,26.256236523809125,2
759,760,0.0037944573041680026,1,26.40539473758521,26.531994275254263,1
763,767,-0.0002674737709970239,4,26.90435535852101,26.924063504495543,4
768,772,0.006202709268706685,4,26.975457672142685,27.169754051145432,4
774,776,-0.003425793556994054,2,27.223809757209523,27.157770414903652,2
777,786,0.0320832115742422,9,27.25669342568679,28.158432381103044,9
787,788,-0.0019101502073083578,1,28.265784042703896,28.240057933497695,1
789,792,-0.014943296702200917,3,28.1622100107784,27.769535960808422,3
793,794,-0.0035457087216910804,1,27.76491591649001,27.694234527884383,1
795,796,-0.0021068389190707516,1,27.66016870123547,27.62955335000888,1
797,801,0.006357871990942701,4,27.824193593192426,28.028920447902344,4
802,803,0.0018702442591707496,1,28.11080924139795,28.191494130243715,1
805,807,-0.00017220919666763345,2,28.487045796996128,28.51062711152099,2
809,812,-0.0007302790768070611,3,28.599478978375416,28.6071928562483,3
815,817,-0.008617034421051108,2,28.66893062617923,28.450558394784895,2
819,820,-0.002827865797390564,1,28.440342184612017,28.38835705586668,1
822,824,0.0028063559575126555,2,28.528427593036188,28.63701694336341,2
827,829,-0.006325434874162535,2,28.469172426165137,28.31756170248829,2
831,834,-0.0029706930991742846,3,28.06038098024101,28.005082581083048,3
856,859,-0.009427358530959943,3,28.100477495750756,27.863664697002893,3
860,862,-0.005593266967487519,2,27.87435294186901,27.746318597261034,2
863,864,0.004211655225955548,1,27.768883198673112,27.913605043914426,1
867,868,-0.0034295754846939306,1,27.70171157902152,27.634408179685067,1
873,874,-0.00386788821696529,1,27.91853066960104,27.838463444458707,1
875,876,-0.0046902357890040505,1,27.850037455044617,27.74726425010291,1
877,878,-0.00674000281469524,1,27.677245371033013,27.518377904700273,1
880,882,-0.004974491359435806,2,27.30214509198535,27.19363295222319,2
884,888,0.0026534667508955226,4,27.17136161853058,27.27063128478044,4
894,895,0.0022817240094823075,1,27.012917800876707,27.101566741790016,1
898,902,0.0010911551688977087,4,27.32184662025499,27.378980841038768,4
906,907,-0.00020469481369349545,1,27.621257465715278,27.64322479503007,1
916,918,-0.007080241577405164,2,27.536167693132334,27.36874114144215,2
925,926,-0.0012149369356356562,1,27.068519603320215,27.062701578664484,1
928,931,0.0006465571848857396,3,27.207283721601836,27.252082070094865,3
934,936,-0.005840710601324028,2,27.363413499550436,27.23095513373475,2
943,945,-0.007856804109700754,2,26.722643609476883,26.539411676953353,2
951,955,-0.006364761519028971,4,26.692383341608345,26.549185070606114,4
962,969,-0.012393918809522033,7,26.726697293276196,26.422175474269935,7
971,976,-0.00572026440453957,5,26.296218722772277,26.17209361756119,5
981,983,-0.012139654163408838,2,26.18050492814579,25.888863157422826,2
984,988,0.008285694450221742,4,25.77875662984824,26.018130287219638,4
992,994,-0.004044080105845255,2,26.389798393147583,26.309465732861735,2
997,998,-0.0008307135913566679,1,26.238654439366293,26.243096286943967,1
1000,1001,-0.005583817043244348,1,26.167928838296834,26.047979840101444,1
1007,1008,-0.0026090795811707992,1,26.0666601161066,26.024716785564454,1
1009,1012,0.010507510457094603,3,26.045293998143144,26.34501049118488,3
1014,1016,0.008709552763691251,2,26.60406648121193,26.862380068440007,2
1017,1019,0.006880350350176327,2,26.947899563173337,27.160258452932506,2
1022,1029,-0.0026129505310631476,7,27.628609639540638,27.584046058950005,7
1030,1031,-0.0001514546401766287,1,27.775015015505062,27.798583375615493,1
1036,1037,-0.0021399498591319517,1,28.295891328683528,28.263635431349382,1
1040,1045,-0.003121050530258936,5,28.483673483827847,28.42325817308125,5
1050,1052,-0.006441886964737725,2,27.934047518707164,27.782033589642747,2
1057,1062,0.037490081944620716,5,28.29095206176869,29.379873124917502,5
1064,1067,-0.009027390610998207,3,29.51980767664757,29.282840649665577,3
1071,1072,-0.007565263503077494,1,28.898621591746974,28.70889452612143,1
1073,1075,-0.0032321958431548474,2,28.741733317434868,28.677576139798624,2
1076,1080,0.016114746263446132,4,28.689923810258144,29.180944576588313,4
1081,1082,-0.007832867020470514,1,29.33150837070289,29.131090074496058,1
1088,1089,0.001692341292303473,1,28.429421729157223,28.505963435194943,1
1091,1092,-0.006605329299769086,1,28.49569467053707,28.335966918283034,1
1093,1096,-0.0095540914058663,3,28.24386064481925,28.002260079208916,3
1097,1099,-0.007910625216776778,2,27.942916317441593,27.749813295307998,2
1105,1106,0.0005018032335293971,1,27.954351323549524,27.996333258758447,1
1108,1109,0.0019425833393575493,1,28.196574352675523,28.279545122592662,1
1110,1113,-0.01613196603506549,3,28.212568798519257,27.785657165698115,3
1115,1116,-0.009119975973183737,1,27.28712995564682,27.065559116029824,1
1118,1119,-0.002230706401638338,1,27.174456543851495,27.141012766221934,1
1122,1126,0.004481979981322841,4,27.416116123200396,27.566410722953403,4
1129,1131,-0.003064521650154513,2,27.619664282230385,27.56264288734972,2
1133,1134,-0.002234955476689252,1,27.568007060252246,27.53396179895178,1
1136,1138,0.008435610214565618,2,27.603370619118582,27.863825264888778,2
1141,1143,0.007152360185163882,2,27.88672315887717,28.11406577045229,2
1144,1149,0.0075270627131266326,5,28.219588418252645,28.460218618433707,5
1156,1157,-0.0023974852724123084,1,28.61045970428635,28.570477008212663,1
1164,1165,-0.004830988982456727,1,28.046319934019646,27.93887479135396,1
1167,1175,-0.02589953307923168,8,27.920095818204345,27.224898468803648,8
1179,1181,-0.008337975267783083,2,26.904769268361104,26.70734273688446,2
1184,1185,-0.0009724678062783376,1,26.722960976857685,26.723696718596116,1
1189,1191,0.0039016666194097325,2,26.880624911245466,27.01238477308179,2
1192,1194,-0.00300712257715013,2,27.12899463071961,27.07454341310091,2
1198,1201,-0.003097101634825641,3,26.91604478068615,26.859599099173533,3
1209,1212,0.013093621082358009,3,27.26899275605187,27.65331160725323,3
1213,1219,-0.002506036451847178,6,27.68241046016983,27.64071974094182,6
1220,1224,0.007100857240565378,4,27.788512367048543,28.01362313866169,4
1227,1231,0.0008127547820927414,4,27.649088339888223,27.69920935699686,4
1232,1233,-0.004047938251627576,1,27.746313316368933,27.66174426667033,1
1236,1237,-0.004672070963193671,1,27.631118279320365,27.529654852206303,1
1238,1241,-0.0037385114069549306,3,27.539620819713356,27.464203253955358,3
1244,1245,-0.002459783585707728,1,27.61973026304866,27.579411434168986,1
1246,1249,-0.02463050271388913,3,27.56262171096623,26.911303103823343,3
1251,1252,-0.0040113082217264305,1,26.784197036351763,26.703541563603856,1
1259,1262,0.010177949745117768,3,26.423260694944123,26.718618575094354,3
1263,1265,0.001962917654565741,2,26.806160880720384,26.885585328045,2
1266,1268,0.001819312865985284,2,26.95219933384545,27.02818601619396,2
1269,1271,-0.007901919224472684,2,27.09286034882217,26.90586761513468,2
1272,1273,-0.0032957679169312477,1,26.938037649102554,26.87619416652266,1
1278,1283,-0.01569010224560898,5,26.57142192144126,26.181085016604072,5
1284,1285,-0.007511406681989704,1,26.124765882063542,25.954656906933657,1
1290,1292,-0.0016732220681918318,2,26.155918813338552,26.13831007157958,2
1293,1297,-0.004218424469535441,4,26.121078706604646,26.037009987724648,4
1300,1301,-0.004735612173295294,1,25.91854995978652,25.82172830904258,1
1309,1314,0.02534637281152415,5,25.673187214517995,26.34958257613174,5
1315,1317,-0.0042023541527978,2,26.449930676798385,26.365228631454325,2
1322,1324,-0.004851110891407523,2,25.662827876030168,25.56399748009247,2
1325,1326,-0.0026616805382638454,1,25.357612139510127,25.31547588892106,1
1328,1329,-0.0012639688649994103,1,25.34455394496249,25.337863771823724,1
1332,1338,0.01175754540825424,6,25.90438058807386,26.23485689969891,6
1339,1343,0.007674126952308996,4,26.173906016164814,26.400941799786832,4
1345,1347,-0.004195848016985627,2,26.45088273385492,26.366349732722412,2
1349,1355,-0.028200989478920305,6,26.33725854865302,25.620859055967504,6
1359,1361,0.00306491393871295,2,25.74053669597641,25.845169762381836,2
1364,1370,0.014220317147984201,6,25.798128954234812,26.19078465874286,6
1371,1372,0.004541810489610115,1,26.186514558097493,26.331635259161885,1
1380,1386,-7.322124558533023e-05,6,26.550449869983797,26.57505626284345,6
1388,1390,0.0038701161767032075,2,26.46322462170649,26.592103600024394,2
1397,1402,0.005369658398988988,5,27.287980071078735,27.461795182529926,5
1405,1408,-0.00710265464899109,3,27.46415870149824,27.29655442571791,3
1410,1411,-0.003796430125770217,1,27.20770184953359,27.13161741242858,1
1412,1414,-0.004903159409012644,2,27.097987325483498,26.99221956128873,2
1417,1420,-0.006458292072611836,3,27.07743463637641,26.92963808955401,3
1421,1423,0.0074896199338130775,2,26.957017293628052,27.18587212500018,2
1424,1426,0.011209409202514897,2,27.32505662119028,27.658679418960283,2
1430,1431,0.002640548041139027,1,27.840247089108004,27.941600846113083,1
1434,1435,-0.0018803568765141253,1,27.93887511856185,27.914278937729154,1
1437,1442,0.0036578985150562673,5,27.880480171965832,28.010344619157888,5
1444,1446,-0.012523390813081122,2,28.082621716955185,27.75901469185479,2
1449,1451,-0.006897435411138236,2,27.660974108134567,27.497845299922677,2
1452,1453,0.0006546967775530117,1,27.70080294637242,27.746639375743413,1
1454,1455,0.0023704692102160937,1,27.840130231140666,27.933964532893132,1
1458,1461,-0.009731604363654507,3,27.602424301238653,27.361410852762514,3
1465,1467,0.0004056083440724303,2,26.956393951374828,26.994284083638984,2
1468,1474,-0.005385621503471995,6,27.08498836367608,26.966203856287052,6
1476,1478,-0.010307933499161273,2,26.540586257560662,26.293548245646534,2
1484,1488,0.0002261060481671183,4,25.962852986421318,25.994686197495643,4
1494,1495,-0.008918359156283941,1,25.512899032957765,25.310878735296797,1
1496,1501,0.0065410626070125525,5,25.44483346671854,25.63671454891607,5
1502,1503,0.0024648241827669765,1,25.74160836445798,25.830798511622472,1
1505,1507,-0.0027139683060519995,2,25.656513902782002,25.61253945110885,2
1509,1511,-0.003314947208589424,2,25.817584264846435,25.757817920220006,2
1512,1516,0.0014083916882175799,4,25.746390170944625,25.808397563033935,4
1518,1526,0.003921408390189361,8,25.721399686512914,25.847985198737533,8
1527,1531,-0.017540740262378424,4,25.809059713884814,25.38215876074123,4
1533,1536,-0.005455494266929734,3,25.409023455705896,25.295813697370715,3
1537,1538,-0.00147817599953229,1,25.2727383149254,25.260653498020744,1
1539,1542,0.00927867013950176,3,25.360769205125575,25.621444186269095,3
1546,1547,-0.003926439353367656,1,25.768455721979226,25.693045899078914,1
1551,1552,0.00016930730235388113,1,25.7885180779189,25.818672780424297,1
1555,1556,-0.00332397132052042,1,25.831200063450826,25.77116909532874,1
1557,1559,-0.005502269420285472,2,25.82304358016038,25.706781280710725,2
1560,1563,0.004291023473608057,3,25.698129395893123,25.83409880175461,3
1564,1565,0.001674196738024998,1,25.89988831989182,25.969149716752085,1
1568,1569,-0.0009072841497670058,1,26.16883624905831,26.17126251496075,1
1570,1573,0.0003538738271711094,3,26.290727232055193,26.326321559551968,3
1574,1575,-0.001778686557941456,1,26.442061583525273,26.421471505605922,1
1576,1580,-0.012685568107620036,4,26.5017104394313,26.1920228971229,4
1582,1586,-0.0007928086561731368,4,25.95219113234444,25.9575682017004,4
1588,1595,0.008645353912345253,7,26.131618275075,26.383666981640406,7
1596,1599,-0.012332300358759957,3,26.26012240725736,25.962534812680516,3
1603,1604,-0.001675001939054728,1,26.18754080490688,26.169864164084494,1
1605,1606,-0.005039334997849211,1,26.14457371075549,26.038967019161788,1
1607,1608,-0.007699345720580453,1,25.94054951566896,25.766764806281657,1
1609,1610,-0.0075570488027304475,1,25.59690870570041,25.429068526118098,1
1612,1615,-0.0031631617568193475,3,25.364883916407823,25.310015569553688,3
1616,1617,0.0014405337174980084,1,25.436600705386734,25.498679587066764,1
1619,1621,-0.0005880262546768573,2,25.581485301520278,25.592024201830874,2
1624,1632,-0.03116515203258982,8,25.426855246688714,24.659850292461694,8
1635,1637,-0.012845268187811926,2,23.98710112903136,23.702967483109816,2
1638,1639,-0.009611914249303594,1,23.74761294626307,23.543100539944202,1
1640,1641,-0.005996659590587146,1,23.41240493712688,23.295421119459075,1
1644,1646,-0.03231051296581728,2,22.6473077219363,21.93820889986776,2
1649,1655,0.03437841238511742,6,23.557044550757205,24.390455387448476,6
1661,1663,0.019013076446832772,2,26.643870789332453,27.1770966122789,2
1667,1669,-0.028316157326666612,2,27.57575892241794,26.82249515329094,2
1680,1688,0.02084287807740757,8,25.97111980306201,26.53840380645404,8
1690,1693,0.020937497852506256,3,26.979612796544775,27.571477994330426,3
1694,1695,0.00534745853991961,1,27.714189233631494,27.890103900759456,1
1701,1703,-0.006792536811971084,2,27.80891866258244,27.64783447752832,2
1704,1707,0.05889729673875509,3,27.794583364387215,29.45940377189398,3
1708,1710,0.009014268291558769,2,29.83665241572096,30.135444657933974,2
1712,1714,-0.0024425977472694684,2,30.6305939653133,30.586406339461412,2
1715,1717,-0.014844983834239794,2,30.830995872042458,30.404141232600516,2
1724,1725,0.004548028305737343,1,32.24855913046863,32.42747504934371,1
1728,1730,-0.0032888196956440906,2,31.925389089814338,31.85231763047447,2
1733,1738,0.0008082727010645992,5,31.185065845905807,31.24145694915586,5
1739,1740,-0.0047477074887891406,1,31.125850502328678,31.00919991930617,1
1742,1743,0.00605864599513384,1,31.181862512951618,31.401964241899478,1
1744,1745,-0.012165698515453651,1,31.200198927762877,30.851826912913296,1
1746,1747,-0.005170715437887449,1,30.534518607935695,30.407167819789116,1
1750,1754,0.004531572148062146,4,30.27441516191828,30.44188027362682,4
1758,1759,0.007193977045512299,1,30.51664639792979,30.766699098020442,1
1761,1764,-0.007505599310478663,3,31.34382823563194,31.13991784827445,3
1765,1767,-0.01660288097112558,2,30.860569734685264,30.37905593841385,2
1768,1770,0.03605097625885828,2,30.278545509141498,31.40039517995346,2
1771,1772,0.027433279576185302,1,32.528341455008395,33.45322888174827,1
1773,1777,-0.013861328213713955,4,33.860851628341244,33.42535610195328,4
1779,1782,0.013148416416645978,3,33.63090373445356,34.106727764956744,3
1786,1787,-0.000182854256280686,1,31.925932929473337,31.952021069680924,1
1789,1790,-0.026544269475749466,1,31.907738912656516,31.09267903150976,1
1791,1796,0.0667806613325553,5,31.10807306667456,33.21659883191521,5
1804,1805,-0.01044021206247396,1,35.26673713028472,34.933811653023305,1
1806,1815,-0.032764758894869184,9,34.67427742720851,33.572857364879425,9
1816,1821,-0.04618863893930395,5,33.36710300466477,31.85928903453641,5
1823,1826,-0.04768848303861994,3,31.355994089910762,29.892030291684897,3
1829,1833,0.02554558936253086,4,30.70139386466243,31.51638045905108,4
1836,1841,-0.054642674882251795,5,31.634720313824438,29.937749297038987,5
1842,1844,-0.006129203801921712,2,29.99670369661317,29.842844489967383,2
1845,1847,0.006456178305283612,2,29.95215206660002,30.17548065303556,2
1849,1858,0.020361307001232065,9,30.14599842914227,30.78995635644584,9
1862,1864,-0.0028542422794385395,2,30.83471286087323,30.77753783261225,2
1866,1867,-0.007616489381386633,1,30.71202100965643,30.508815248765114,1
1870,1874,-0.022141763882026006,4,30.336159712744358,29.694799787010087,4
1876,1877,0.003398464264622981,1,29.504709357931297,29.634484767680245,1
1878,1883,0.021722714627849773,5,29.79572854301891,30.472768379830807,5
1885,1887,0.005855499015874363,2,30.371411469761547,30.579622651203213,2
1888,1892,0.02074422132568159,4,30.991748410222865,31.66563984692459,4
1897,1901,-0.0068054544520038856,4,31.925496461475493,31.740154445910786,4
1905,1908,0.0025951269419596315,3,31.829880239140877,31.94431269914796,3
1910,1912,-0.0174124637365602,2,31.67777542737607,31.15786508691936,2
1914,1915,0.001102906576997444,1,31.307127668397836,31.37296363307861,1
1916,1917,0.0010880382733542923,1,31.42331217960715,31.48892525811373,1
1918,1919,0.002234389626095353,1,31.4522342157233,31.553962995788158,1
1920,1924,0.03351087765315283,4,31.964730875307076,33.067861791760755,4
1930,1931,-0.0029395568252765973,1,32.67740918799627,32.614029495973334,1
1942,1944,-0.0018477368073332129,2,31.583141433848144,31.55636724236346,2
1950,1954,-0.012739181171810266,4,31.159942666366362,30.794150454102667,4
1955,1958,0.008541386364673505,3,30.6560400182347,30.94854114045957,3
1961,1964,0.03442571906901037,3,31.9845595297286,33.1176355501748,3
1966,1970,0.022947510883509683,4,33.45569395653771,34.256874551677264,4
1971,1973,-0.0018955888169568456,2,34.20993168866812,34.17929365641889,2
1979,1981,-0.0037155229778625294,2,33.8056074387107,33.71380753493028,2
1984,1988,0.006674965392435625,4,33.228555130054424,33.48358314071823,4
1999,2000,0.0020125805215746332,1,33.16218062874285,33.26208436815794,1
672,682,-0.029873957291987295,10,27.013296490149187,26.23331572097683,10
686,688,0.001384650922650047,2,26.20327228913761,26.265757946578354,2
690,696,0.021405771007789984,6,26.36057547391302,26.95120449161508,6
697,699,-0.0026204697467562344,2,27.079010752338043,27.035130034641792,2
703,707,0.016580842445385567,4,27.187515767502912,27.665495198692817,4
709,711,-0.01074398863306364,2,27.665178555478914,27.39560937010265,2
712,721,-0.019679910381690594,9,27.23778807159215,26.728988631419327,9
722,727,-0.020148595153832456,5,26.864299441120515,26.34988584703117,5
728,729,-0.0071503797989727735,1,26.252826542021744,26.091361687991757,1
731,732,-0.004372576879030513,1,26.01882557284698,25.931075083300467,1
734,739,0.01293036788756827,5,26.182637664271347,26.547371439201548,5
740,742,-0.008367336662452506,2,26.379310459969847,26.184965198887895,2
743,747,0.0012721941357680126,4,26.27516616052365,26.334868438989922,4
748,749,-0.0015167267828556357,1,26.339295592951874,26.325685373477445,1
750,753,-0.005764591914036251,3,26.343575883802394,26.21805949515963,3
757,761,0.010183735318750563,4,26.349900003998734,26.644590311319,4
763,764,0.0006722698347987129,1,26.916640905498433,26.961652792138807,1
767,768,-0.001650522780082815,1,26.959900861824945,26.942362832165553,1
769,771,0.004076881575119701,2,26.94482196001857,27.081617630172268,2
778,780,0.00905536325575423,2,27.44255878661006,27.718503683876815,2
781,782,-0.0004282536878530389,1,27.767458023621288,27.78333396534399,1
784,788,0.007415976314706192,4,27.948506838455998,28.183720810039848,4
791,794,-0.007105326139219026,3,27.887078685839292,27.71681897539218,3
798,800,0.00550595389492668,2,27.93178924619066,28.113512179229186,2
803,804,0.006806477177497273,1,28.177404130719548,28.397370392987128,1
805,809,0.002733214878364662,4,28.48621025400263,28.592555397951095,4
811,814,-0.003807730852482743,3,28.649356808225363,28.568917125211122,3
816,818,-0.004532114707984841,2,28.537113428104778,28.436317070041937,2
824,826,-0.00588620642838551,2,28.666652627500532,28.526581445151745,2
837,840,0.00759432660452086,3,28.50539411202164,28.75037877901094,3
844,850,-0.012833030776738075,6,28.61733419955514,28.278704403223603,6
851,853,-0.007562562036630017,2,28.24159610596787,28.056258879509006,2
855,856,-0.004875306541146752,1,28.196700521891696,28.087429663920453,1
863,865,-0.0006587213568559943,2,27.808442134285453,27.81793256168499,2
866,867,0.0005748662960242479,1,27.68299546055182,27.726592477075634,1
868,869,0.0012906291524076336,1,27.64563925328947,27.7089651605,1
871,874,-0.0039625774562374455,3,27.921814944070718,27.83909440458018,3
877,881,-0.019366213745381767,4,27.66609484862756,27.15797343713766,4
882,885,-0.005115097250361654,3,27.19403875811165,27.082132643991915,3
888,890,-0.0067768721448674355,2,27.26459415214027,27.107090077641654,2
900,902,-0.001385672220415296,2,27.37923545841173,27.368676047879212,2
908,909,0.0002929032504556156,1,27.685341702512762,27.721136170789915,1
910,911,0.0004727001462942386,1,27.82094129348669,27.86191319779965,1
916,917,-0.007317492336772798,1,27.491603904117532,27.317925907127677,1
918,921,-0.003483143134910683,3,27.337977014140456,27.270092904195447,3
924,925,-0.004681463846756006,1,27.117938877573785,27.018105165997458,1
926,927,0.0010872814024655945,1,27.06426455269308,27.120755288765324,1
929,935,0.004806134174585745,6,27.178563838747028,27.336366227067337,6
936,938,-0.004761749431168346,2,27.304448682226834,27.201736187928102,2
941,946,-0.02575574856376652,5,27.01387212281712,26.345123496810917,5
947,949,0.006992281034939916,2,26.369021383159968,26.579770012670522,2
952,955,-0.002624307931163088,3,26.648476535002164,26.605191203212947,3
956,957,-0.0009383040701691077,1,26.75204767816429,26.753698170620673,1
966,970,-0.003863476446283494,4,26.459013167828097,26.383248406830116,4
978,982,-0.0070072493945613,4,26.205171099674754,26.047750101451857,4
984,985,-0.002151261920648473,1,25.74856971410477,25.71892636628176,1
988,990,0.0064763992580637066,2,26.008501477212686,26.202951418360268,2
992,994,-0.0011417386706299754,2,26.370629186348907,26.366891448424358,2
997,1001,-0.009294524723146166,4,26.295348002697672,26.077240588585564,4
1003,1004,-0.0007110239760487075,1,25.940665580392256,25.948161810790328,1
1005,1007,-0.003365228690229749,2,26.090314393193665,26.02860483305377,2
1013,1015,0.0094465418242883,2,26.54614330438792,26.823458700690757,2
1016,1017,-0.0007731220730217059,1,26.932279116145985,26.938389455800657,1
1022,1024,0.00404790451700609,2,27.632719407614104,27.77220673672896,2
1029,1030,0.004178025105146,1,27.60011048900635,27.74302455402323,1
1031,1035,0.016993125067149152,4,27.746749114310276,28.24599984133087,4
1036,1038,0.002193970367458687,2,28.26574234332197,28.356022286780764,2
1039,1040,-0.0030150704780671405,1,28.488656762639298,28.431250111437116,1
1043,1045,-0.001915838023093195,2,28.40660407874654,28.38058823062427,2
1046,1047,-0.003307193484891769,1,28.306762556776725,28.24145337862735,1
1048,1049,-0.001457434717603436,1,28.060339480739838,28.04750370727361,1
1050,1052,-0.005182133020024021,2,27.91222039687863,27.795487778294657,2
1053,1058,0.016344918486336988,5,27.773637068646853,28.25536853967164,5
1064,1079,-0.01488558332758308,15,29.473577735332867,29.064319915726905,15
1080,1081,0.0001439472158232505,1,29.184366789771964,29.21775216490669,1
1082,1083,-0.00449603864228457,1,29.200245669167288,29.098160481943676,1
1087,1093,-0.009798945341233871,6,28.457954486945717,28.20755450089176,6
1094,1096,-0.0026477000895317212,2,28.080404251170155,28.034136166571415,2
1099,1102,-2.8648194799489515e-06,3,27.801611242774893,27.829333207420206,3
1104,1109,0.0026799851783602855,5,28.061293076758293,28.164558219366388,5
1113,1114,-0.007656659188361319,1,27.85529277751323,27.669869586901303,1
1115,1116,-0.007829758782450204,1,27.267239426310997,27.081010758365977,1
1117,1118,0.0022337897175607846,1,27.078558098641036,27.166124461386794,1
1119,1121,0.0031582004853247135,2,27.203737818487483,27.316856414286963,2
1123,1125,0.0019194841761749522,2,27.48677062546778,27.567017817362984,2
1126,1129,-0.0009504692825878908,3,27.604011926982103,27.6053791734963,3
1134,1135,0.001840840826336777,1,27.50733460512141,27.585478564291346,1
1137,1146,0.015563184970631729,9,27.742630762841944,28.202137087738834,9
1147,1150,0.005974828463151922,3,28.286536050837874,28.48382978760923,3
1151,1152,0.004039692983655883,1,28.52089668696631,28.66463324988719,1
1153,1156,-0.003973357136344455,3,28.688909264875537,28.60360689177888,3
1170,1172,-0.0018492484768611866,2,27.728366851894442,27.704818578579623,2
1173,1174,-0.008645670316303032,1,27.675973228206637,27.46437186122094,1
1181,1183,-0.0020707883637976748,2,26.742771607646596,26.71413575899343,2
1185,1186,-0.0040229303801702955,1,26.712548402636568,26.631798228538468,1
1190,1194,0.0015959895050195838,4,27.01459768793609,27.084727300016297,4
1195,1196,-0.005152599678850392,1,27.015012966033755,26.902830431866864,1
1197,1200,-0.002468844414148784,3,26.935091332379844,26.89552787393169,3
1201,1207,0.0038828534351374785,6,26.845636108906024,26.976719415398847,6
1208,1209,0.002770248817384682,1,27.126598165376286,27.228872190028966,1
1211,1214,0.0021233209061317193,3,27.516314508999454,27.602256789365107,3
1218,1223,0.011346038793225655,5,27.617829008057647,27.9587997963758,5
1224,1228,-0.01584402892414529,4,27.98758381945247,27.572135315719578,4
1238,1239,-0.006360668527994779,1,27.574283985132624,27.426467388791533,1
1242,1245,-0.0005853335333716824,3,27.543397812339812,27.554819135789593,3
1249,1252,-0.009165983656014242,3,26.929360150148,26.70945543529497,3
1254,1255,0.00042835327702725034,1,26.55178162897526,26.58970695327592,1
1257,1258,-0.003427307620554474,1,26.428049141736466,26.36390013665834,1
1259,1261,0.004513497532033951,2,26.441655256623996,26.587441257624285,2
1262,1263,0.0028848955373228665,1,26.69543869625121,26.79914768690915,1
1264,1265,-0.00021327914174070275,1,26.888934376275365,26.910088461805547,1
1267,1270,0.0014297722460057893,3,26.998220645896243,27.063820173113182,3
1271,1272,-0.005195403741204072,1,27.006911054886828,26.89360615920879,1
1273,1275,-0.012820095688168786,2,26.908399289259474,26.590339434844974,2
1276,1279,-0.002726410342722044,3,26.543851067803885,26.498025488784755,3
1280,1281,-0.0020236889600669565,1,26.54984470608884,26.522665923171726,1
1285,1288,-0.0001955312702216186,3,26.00126267445284,26.02217987720919,3
1289,1291,-0.001056913343839179,2,26.155102702941264,26.153614128587982,2
1293,1294,-0.002913031647650017,1,26.13972916377928,26.08972303462797,1
1295,1296,-0.0030710434230524094,1,25.976723963643565,25.922925040326213,1
1297,1298,-0.0049600661168689286,1,26.079398545648733,25.97612240311979,1
1299,1308,-0.019614960618920988,9,26.011115548593608,25.526919657002335,9
1309,1310,0.0005015750489236884,1,25.650927303322153,25.689444095742576,1
1313,1317,0.005813004671527853,4,26.114456127392035,26.292374038982366,4
1319,1322,-0.0051305447923150355,3,25.769176039152686,25.662735303261915,3
1323,1329,-0.008128567171260762,6,25.558339472396685,25.37614513268182,6
1330,1332,0.01323705950721368,2,25.474468473282634,25.837149996851398,2
1333,1334,-0.0015781027791152377,1,25.930559633917536,25.915569105329155,1
1349,1350,-0.003049473966274678,1,26.31622822657622,26.26229380193531,1
1351,1354,-0.02211031970162922,3,26.187609715316185,25.63478090200437,3
1355,1361,0.009910070268743701,6,25.608512107510013,25.88790277408092,6
1365,1366,-0.0006429636826134872,1,25.84753413933035,25.856762647732978,1
1367,1369,0.0012809477377347897,2,26.016751353941327,26.076094204085308,2
1373,1382,0.0011638497491924353,9,26.596764729162267,26.654316131850795,9
1387,1389,-0.0027713085667983237,2,26.536625355737723,26.489620803911187,2
1391,1396,0.02063562247793125,5,26.647122724061585,27.223649811442485,5
1397,1400,0.0002856853114315751,3,27.29408694734266,27.329178554019794,3
1401,1404,0.005072489131028248,3,27.331438610860207,27.49740847476002,3
1406,1407,-0.006104976883650109,1,27.465008795935532,27.324800560923034,1
1413,1416,0.004173582705547968,3,26.94078496135677,27.08016534050673,3
1417,1422,-0.00394432166320809,5,27.117536336602356,27.037693586913665,5
1432,1434,-0.00612654336461332,2,28.054881617487613,27.91105705028647,2
1441,1442,5.103317019422831e-05,1,28.029902536071802,28.059362893394525,1
1443,1447,-0.014508999292568023,4,28.03825959926453,27.659490770173228,4
1449,1452,0.004093365810346975,3,27.56376107443142,27.7041533926925,3
1456,1459,-0.018549765611409696,3,27.977699327917005,27.486697262365567,3
1460,1461,-0.00280551474384157,1,27.440806083729687,27.391261303762615,1
1464,1465,-0.006288146314771024,1,27.049836385965474,26.90679289336587,1
1467,1471,-0.0009144596988285637,4,27.001591290513343,27.00390101476444,4
1473,1475,-0.01188828653303059,2,27.063622966800718,26.768946485316285,2
1479,1480,-8.647695680522635e-05,1,26.400202367681292,26.424319560889174,1
1482,1485,-0.010402008334330446,3,26.126171728053272,25.880533243721967,3
1486,1488,0.0017666284764602733,2,25.9391121723058,26.0108760586958,2
1492,1493,-0.004370219879085991,1,25.810481430462282,25.72349443285656,1
1496,1497,0.002289660153381263,1,25.41197312307484,25.495569878476616,1
1499,1500,0.0017510736063203374,1,25.60887769730415,25.679329604824687,1
1502,1511,-0.001670785022480875,9,25.78753468479423,25.770236792760965,9
1512,1516,0.0014237856782425996,4,25.687884345717563,25.750146271899066,4
1517,1524,0.007629798021338106,7,25.699764469847967,25.921548246418716,7
1525,1532,-0.020172841761630866,7,25.877654536714537,25.38150636111996,7
1537,1538,-0.0021988550021263763,1,25.298135736979482,25.267806940406732,1
1539,1544,0.01134482084766619,5,25.400338700530067,25.713901331258153,5
1545,1547,0.001025934619764596,2,25.696227839459528,25.748286717036848,2
1551,1554,0.003735684047499766,3,25.798922822966208,25.921098370221607,3
1557,1559,-0.0017581394040237786,2,25.728558112081448,25.709052278367963,2
1561,1564,0.003681777084106058,3,25.74918531808029,25.86973726383688,3
1565,1566,0.0015540149754797073,1,25.95230820303374,26.018590786832554,1
1567,1568,0.0011769598842494805,1,26.103750509652222,26.160577327340192,1
1570,1574,0.005315925645742957,4,26.26448700005017,26.43037154706607,4
1582,1588,0.0063525406724966585,6,25.91619038302512,26.10674022689248,6
1590,1591,0.0007428858740947837,1,26.31369915821374,26.35956093277177,1
1595,1600,-0.01576492938632249,5,26.376332619864172,25.986887931261723,5
1602,1603,0.0026683998534112693,1,26.11336714111626,26.209161413308806,1
1604,1606,-0.005929123225127804,2,26.18551341850789,26.05644179615483,2
1607,1610,-0.020524974741991414,3,25.962607941377865,25.455688677086236,3
1612,1614,-0.00475278811635018,2,25.380016009283786,25.284770186811368,2
1617,1621,0.005580717796861288,4,25.46391612623332,25.631486972263005,4
1622,1623,-0.004948684435556039,1,25.591570041455284,25.490517007151148,1
1624,1631,-0.02624871250270088,7,25.45649164274066,24.813748003925692,7
1636,1640,-0.01934462811586818,4,23.816464481656574,23.3795602977058,4
1642,1643,-0.013006743326170231,1,23.169456889003367,22.891267167130337,1
1644,1648,0.006167651941281532,4,22.64411115264849,22.806416259910367,4
1650,1660,0.09177539175490837,10,23.827176254641003,26.037751866078573,10
1661,1662,0.015570393603862701,1,26.63626211847923,27.07763546591809,1
1673,1674,-0.00898032798648114,1,26.915780165514658,26.700983411781827,1
1677,1680,-0.010641023508661314,3,26.162852748281384,25.91061606988156,3
1681,1683,0.008812162757934134,2,26.07011242508198,26.325916611314526,2
1690,1694,0.026696177793436592,4,26.956514612631473,27.703107034034286,4
1697,1704,-0.013534930166924756,7,28.140775376036682,27.788032721854947,7
1706,1708,0.028880218273410474,2,28.92613679895789,29.790456080317284,2
1709,1710,-0.00111426622462536,1,30.133073190873688,30.129629998363807,1
1711,1714,0.01119089812725202,3,30.26913962104993,30.638147618569718,3
1717,1718,-0.007319929591888691,1,30.46616498345505,30.27362096582475,1
1719,1726,0.06164058135534893,7,30.535043475247853,32.44777635024823,7
1727,1729,-0.013000774099944941,2,32.26054191215306,31.873390436323504,2
1731,1732,-0.011527872769702557,1,31.700821462147854,31.367079247099305,1
1733,1739,-0.004508137268461375,6,31.22128839785672,31.11175983245882,6
1740,1742,0.002187993749007952,2,31.02896207896631,31.12788221611226,2
1743,1744,-0.009381067517700598,1,31.412508252911522,31.149237900343543,1
1746,1748,-0.0067664715046815765,2,30.51725029883726,30.34127344458778,2
1762,1764,-0.012867531274055526,2,31.460120470386723,31.086766506818854,2
1769,1771,0.06049131845005889,2,30.62262676362012,32.50565245771918,2
1775,1777,-0.011126004029658142,2,33.83729431010739,33.49465773157051,2
1782,1783,-0.006253757551788454,1,34.125297214033395,33.94601117608814,1
1785,1794,-0.006199470039523045,9,32.67606128318816,32.506163081536606,9
1797,1800,0.030408081745178214,3,33.980777596183735,35.048048636689394,3
1803,1804,0.0023364815186300986,1,35.15442257484098,35.27171465606005,1
1808,1809,-0.01189782233159518,1,34.2134229266535,33.840571122243105,1
1812,1813,-0.0024086406866523184,1,33.212918133178505,33.16613306537366,1
1815,1817,-0.018611997011484933,2,33.58729715433247,32.99575777722651,2
1819,1820,-0.010373184591270932,1,32.50620412306884,32.201517471461784,1
1821,1822,-0.009988570639848926,1,31.87926853947324,31.592719482259472,1
1827,1832,0.04358515397130997,5,29.947475698381403,31.2826885134458,5
1833,1834,0.012067507875492576,1,31.53380028082671,31.945868464340624,1
1837,1838,-0.017023000295454258,1,31.304310547913083,30.80272157075488,1
1844,1846,0.009369686044059772,2,29.885443082701897,30.195345744757134,2
1849,1852,0.0017686873347766666,3,30.20359507433486,30.287219385481894,3
1867,1869,-0.004459990319148266,2,30.563873323369556,30.458122617555023,2
1871,1873,-0.01430880383952354,2,30.166151348986563,29.764675958089523,2
1881,1883,0.0073934606060918244,2,30.321529774171548,30.576032339847497,2
1884,1885,-0.004567608444742509,1,30.404435808050685,30.295964686104252,1
1892,1893,0.0021477448245558898,1,31.73292120223094,31.832808340713303,1
1894,1895,0.0015330218070229887,1,31.967932895275574,32.048908366424754,1
1897,1903,-0.002276778866210115,6,31.95421548232166,31.91341701530751,6
1904,1906,0.000957763570456383,2,31.84082306447789,31.90315986792687,2
1909,1911,-0.00868257010711129,2,31.71905116391353,31.475367329615715,2
1912,1913,-0.00944672458269372,1,31.264227726876815,31.00014740597727,1
1914,1917,0.0051306137080727125,3,31.244908010128956,31.436458471483324,3
1921,1923,0.017368197763668845,2,32.57061796146767,33.16888151346881,2
1924,1925,-0.012234983893360692,1,33.08688373255984,32.71515312674303,1
1927,1929,-0.0029946101079436596,2,32.603152657095684,32.53812207925501,2
1933,1934,-0.00523000297301272,1,32.524012118248045,32.386435450293554,1
1939,1940,-0.003510934255831918,1,31.698204003151382,31.61861189687152,1
1942,1943,-0.004382261450851686,1,31.627028203450934,31.520057325153402,1
1945,1946,-0.0036855793719930497,1,31.469630659910695,31.3851164689662,1
1949,1954,-0.01991244973004847,5,31.354482554253135,30.76149247913414,5
1957,1960,0.026510853690120496,3,30.81339760962639,31.66110048296033,3
1962,1964,0.02302573176062739,2,32.40745595617078,33.186068800018084,2
1965,1966,0.006632300414574787,1,33.22060834938897,33.474158012266436,1
1969,1975,-0.015179685154058448,6,34.39019652176268,33.90255436269789,6
1977,1978,0.0036664655132879614,1,33.78565807612953,33.943317684385526,1
1982,1983,-0.007077739582109789,1,33.57064694602562,33.366613296284726,1
1986,1990,0.0004355028864877939,4,33.24960191277776,33.297331812298125,4
1996,1997,-0.0027211568280305757,1,33.88793068261219,33.82960423932999,1
1999,2000,-0.001478631394843503,1,33.227083566731224,33.2111800413771,1
672,681,-0.030541137898510137,9,27.076457310230385,26.276587951025746,9
683,686,-0.006750985667872731,3,26.265469382947355,26.114417044966075,3
687,688,0.0014972994694789285,1,26.159700032165823,26.22502863717788,1
689,692,0.005950388699139403,3,26.33635875628084,26.519406686556977,3
693,694,0.0011199087616384803,1,26.724505848926167,26.781159363025765,1
697,699,-0.00033691703347770265,2,27.06639419918452,27.084341464143176,2
702,703,0.005595044824646774,1,27.02302849439855,27.201246578616814,1
704,706,0.005455737935549504,2,27.345553333663588,27.522089059688312,2
707,709,-0.0014502508562887174,2,27.72171520440087,27.709233478392296,2
713,714,0.0016251615300019646,1,27.332286880752317,27.404038548798646,1
716,717,-0.00911056071211968,1,27.08804020793591,26.86834101325711,1
718,719,-0.009645731154824567,1,26.863229166876618,26.63097690954936,1
721,724,-0.004898790690320674,3,26.727217326569207,26.6230135004782,3
734,738,0.01629852646910131,4,26.14320698195787,26.595445939922463,4
739,741,-0.011023115558169615,2,26.55940144526029,26.293193495418627,2
743,744,-0.0012989243976065212,1,26.28648343092735,26.278625759702567,1
746,747,-0.0032387250812445888,1,26.37387967034045,26.314835804432732,1
749,752,-0.006374447823223887,3,26.369448772521427,26.227727545966335,3
753,758,0.0025868727822544717,5,26.243208934056483,26.337339985901068,5
760,769,0.014042848108388406,9,26.53485309639028,26.934012861097678,9
771,772,-0.00044251297111535506,1,27.120875671140237,27.13599520753889,1
778,781,0.00770489200472427,3,27.45543939170743,27.694436026554495,3
783,788,0.013899088010070264,5,27.756269565654986,28.169812668744914,5
789,790,-0.00659998748355293,1,28.11982977741096,27.96235908261782,1
795,798,0.013403914561571573,3,27.601122716798205,27.99868693021442,3
799,800,-0.0026363468430244943,1,28.10648824864318,28.06049628532901,1
804,805,0.0008185292355464158,1,28.414650705610764,28.466323578636757,1
806,808,-0.004096406465875802,2,28.606798054921743,28.51821978045648,2
814,815,-0.0003601654488049724,1,28.572465648543147,28.59074729927792,1
818,821,0.0022579790960694313,3,28.371085929210526,28.463518334100684,3
822,827,0.0004163847988576533,5,28.449038592935338,28.489333378740486,5
829,832,-0.017632618164309912,3,28.365819363065157,27.894021520681505,3
833,834,-0.00046831461612733183,1,27.934201066524118,27.94905327294135,1
843,845,-0.003831324784273409,2,28.71924864438043,28.637935123907884,2
846,847,-0.002697904999872323,1,28.646850261413036,28.59821063112359,1
851,855,-0.005576474547670191,4,28.263818546596855,28.134469900398386,4
864,865,-0.0066334877082037886,1,27.960245993861072,27.8027322917363,1
866,867,-0.0034829201468204963,1,27.70117214129674,27.632392342896573,1
869,871,0.006252561389390178,2,27.69608163541624,27.896949167722656,2
872,874,-0.004849748998408946,2,27.92752069508437,27.820006750260426,2
876,881,-0.021233993968544817,5,27.70428209525262,27.143713818434414,5
883,886,-0.0025583121524790147,3,27.194287656502354,27.151910467569216,3
887,894,-0.007059712401478566,7,27.179157876915045,27.01445999686656,7
895,903,0.010658261040406312,8,27.15343399608519,27.469995817754995,8
904,909,0.005615058082220791,5,27.547542674185728,27.729771268997922,5
913,916,-0.016074971918638502,3,27.92078717545282,27.499882092836586,3
919,920,-0.003997820934559047,1,27.34471774384665,27.26274317654454,1
925,929,0.004726105314981622,4,27.08197777050523,27.237052027357134,4
932,939,-0.005681104794017409,7,27.27236586852956,27.144701065918188,7
944,949,-0.0025271876050322866,5,26.66609469691085,26.62537056761511,5
951,953,-0.004322436444990618,2,26.712827007694738,26.624075337695643,2
955,956,0.0015097741650645915,1,26.635329452073833,26.702178113810632,1
958,959,-0.0014969167124494753,1,26.809495048068083,26.796172961926366,1
962,964,-0.00909355119952113,2,26.714625769080577,26.498409577642477,2
965,966,-0.0036503573574692976,1,26.472950303282943,26.402787524672718,1
969,975,-0.012698652898250597,6,26.457500266505274,26.147983154332056,6
979,980,-0.00023349750817180102,1,26.100865045802273,26.120871423898752,1
988,991,0.009784338945540223,3,26.049223126728364,26.330146778195008,3
998,1000,-0.0064295152578154775,2,26.29703565235704,26.15425549604725,2
1001,1005,-0.005276778018785931,4,26.15997022756033,26.048089841919005,4
1009,1023,0.0589722711568375,14,26.095642723700593,27.660657685138318,14
1026,1027,-0.004599698239145331,1,27.656970119765333,27.55741337312512,1
1028,1029,0.0012642213148531829,1,27.610043912440677,27.672559162371257,1
1035,1045,0.007792169391281588,10,28.198032692423045,28.445954572355724,10
1047,1049,-0.005528391448861152,2,28.179129594423664,28.051523464931925,2
1053,1054,0.00021505570645016033,1,27.804970348126957,27.838754936016127,1
1062,1063,0.003869648711138025,1,29.443367209174344,29.586746064356063,1
1065,1068,-0.0037915105670273145,3,29.392995420053232,29.310944562741568,3
1071,1073,-0.007953754805956224,2,28.959006127354247,28.75763229932044,2
1078,1084,-0.002893447071516511,6,28.93031932465298,28.87554129624968,6
1086,1092,-0.006942955469335122,6,28.60126917672281,28.43129310763908,6
1093,1095,-0.01255003789326671,2,28.30886663575583,27.981898153397417,2
1098,1100,0.0028974620912463125,2,27.734523571051156,27.842617825288105,2
1101,1103,0.006174770514915694,2,27.823083383124416,28.022707621415698,2
1106,1110,0.009635496383669843,4,27.974414505841292,28.271936290153448,4
1113,1118,-0.026262040514279692,5,27.90143714808851,27.19658991244687,5
1120,1121,0.0011149435284491102,1,27.224768806748415,27.28234765534977,1
1124,1126,-0.0022518636330731362,2,27.584336123994387,27.549804296758293,2
1133,1135,-0.001515466760085531,2,27.57447307591748,27.560259351619973,2
1142,1145,0.007124777973818888,3,27.978400318237792,28.205718608886098,3
1149,1150,-0.00470382868669728,1,28.536256428860916,28.43056302368875,1
1152,1156,-0.0025020219708448187,4,28.651934649465712,28.608898814115005,4
1157,1161,-0.013551389942237757,4,28.57445212172281,28.215803030757264,4
1163,1167,-0.009105493735798723,4,28.14631464275349,27.918174865730833,4
1168,1170,-0.0035842652436213476,2,27.79838693525481,27.726548530069294,2
1173,1175,-0.01688632040929901,2,27.694866788613705,27.254897261116934,2
1177,1179,-0.007886020307839017,2,27.103658437958316,26.917022095537803,2
1180,1181,-0.007386423823346048,1,26.870075970354346,26.698472277042157,1
1182,1183,-0.002909092024008049,1,26.706494538796797,26.655509383083565,1
1186,1188,0.005443859068905384,2,26.66110406206526,26.83290445926263,2
1190,1196,-0.0033928442753613304,6,26.962202326422357,26.897685974934443,6
1197,1200,-0.0019558188267555336,3,26.929082721012605,26.903343396760604,3
1206,1210,0.017044472879265513,4,26.928978392563362,27.4148976128343,4
1212,1213,0.0018523229770108342,1,27.640044185513865,27.7188825186298,1
1214,1216,-0.007102751580847632,2,27.618105249614057,27.44955881414196,2
1223,1226,-0.011569164892489717,3,28.044770327346313,27.748360525384587,3
1227,1228,-0.002144427691616349,1,27.609547068562826,27.577949938344577,1
1237,1239,-0.0066760021144584404,2,27.572380628421417,27.415879737673844,2
1240,1241,0.0025900612104190306,1,27.35544773110693,27.453655462900024,1
1245,1246,-0.004691136956414651,1,27.607870295937012,27.505965865599777,1
1248,1249,-0.005359191376698475,1,27.04740044514155,26.92949565035898,1
1250,1251,-0.006457878331183136,1,26.87855010379821,26.73185024761307,1
1254,1258,-0.011023987562231361,4,26.623097259191912,26.356227663397696,4
1259,1260,-0.0013292446129852566,1,26.405198951830855,26.39650518232116,1
1261,1262,0.005541671443466226,1,26.553287840192638,26.726990724986965,1
1263,1266,0.001202326105230636,3,26.832795638649273,26.89189020496059,3
1267,1272,-0.004445288387825765,5,27.005762399644194,26.912719760044318,5
1287,1291,0.005579250578400833,4,26.013413921523163,26.184562690112525,4
1293,1295,-0.005483840304823768,2,26.11495149044844,25.99785621839705,2
1300,1303,-0.01729901924503292,3,25.926738584994556,25.504158173836792,3
1311,1312,0.003883637581363713,1,25.81332959680707,25.939392543326164,1
1316,1325,-0.04549888930912833,9,26.478871268256672,25.30059090665986,9
1327,1333,0.020255250859043426,6,25.36032520455126,25.899365278640918,6
1337,1342,0.009364168855260688,5,26.128419213630718,26.399218562281824,5
1346,1350,-0.005066926085460001,4,26.353682887082716,26.2465044067013,4
1351,1354,-0.01861045441307235,3,26.154073914432107,25.693488788045876,3
1356,1362,0.008948426801672002,6,25.63114733355594,25.886136926646692,6
1363,1364,-0.0011821474198061195,1,25.821554609402202,25.816851279854717,1
1365,1366,-0.000971288455090897,1,25.87323698828954,25.873979848895274,1
1367,1376,0.026192809493413894,9,25.994065211867934,26.700916875133636,9
1378,1382,0.00023225151907748233,4,26.599716814550774,26.632494356002535,4
1386,1389,-0.0019578829513639396,3,26.57815906306369,26.552700297618543,3
1391,1394,0.01487431727470983,3,26.667527821759702,27.090856619334467,3
1401,1404,0.0056629305560654,3,27.32611277733231,27.508184769134886,3
1406,1407,-0.006485805857866833,1,27.445523757578528,27.29496294257698,1
1411,1412,-0.004486606660778865,1,27.221024958189293,27.126115951256843,1
1413,1421,-0.004792221875468589,8,27.01968475232959,26.91722011274354,8
1424,1426,0.005825758576808306,2,27.368866915053978,27.555680193136933,2
1430,1434,-0.0003861480941029369,4,27.89924790261834,27.91637390911646,4
1436,1439,-0.004405632917881483,3,27.909069413123134,27.814021367622363,3
1440,1443,-0.0005086830908140771,3,28.01317028156422,28.02693362580346,3
1444,1447,-0.015377129516816506,3,28.030510941350045,27.627512655123713,3
1448,1449,-0.003284660839631137,1,27.608957247248263,27.545880143802425,1
1451,1453,0.005135549478456201,2,27.575368553451142,27.744558591597507,2
1455,1459,-0.017908305426522383,4,27.90532462919944,27.43349287734268,4
1463,1472,-0.00530562895801772,9,27.146427429375382,27.029544985328737,9
1473,1474,-0.004269451245394477,1,27.023603773536525,26.93525141852409,1
1476,1477,-0.008212175579193124,1,26.62032418899479,26.428333736968717,1
1479,1484,-0.019217709875666657,5,26.386087367319686,25.905393282907863,5
1485,1486,-0.0015256270928663794,1,25.898943672144913,25.885330485674213,1
1492,1494,-0.012900370661117693,2,25.882104462056652,25.57409782546841,2
1496,1497,0.0019066217170414061,1,25.382556297402143,25.456333786770198,1
1499,1501,-0.00042666304136442553,2,25.617010721008334,25.631697900024452,2
1502,1506,-0.008333057030897784,4,25.76120646638649,25.572298070183745,4
1511,1512,-0.002659761763439972,1,25.747933764882227,25.70519832893169,1
1513,1514,0.001117167269732005,1,25.6599135432651,25.714239872363056,1
1520,1521,-0.001496309370299184,1,25.76405971817115,25.751272773916074,1
1523,1528,-0.007825813447460472,5,25.829719732592128,25.653410884297266,5
1533,1545,0.011673818151679394,12,25.396773810768238,25.71864790368525,12
1547,1548,-0.0031495514868983736,1,25.760213090473968,25.70484018612252,1
1551,1553,0.0025463268354101645,2,25.798612112080477,25.890102422529885,2
1554,1555,-0.0006989398308730529,1,25.895357591045187,25.90315365178115,1
1567,1579,0.007476014683586606,12,26.103390957011744,26.324643682054777,12
1581,1583,-0.00252674097684089,2,25.970905218242592,25.93125437304025,2
1585,1588,0.004996128689675049,3,25.928259487671074,26.083728668258438,3
1591,1594,0.0014074141163966415,3,26.338365226097135,26.401772578345252,3
1601,1604,0.005623066430104103,3,26.055482168559912,26.228049357830677,3
1606,1607,-0.007802601346444175,1,26.07393353972533,25.8965629643209,1
1608,1609,-0.00999267857622892,1,25.816460929251626,25.584301794139094,1
1612,1613,-0.0038614951009182715,1,25.33326047355902,25.260769472823643,1
1623,1629,-0.019153172701133477,6,25.519774439425383,25.056509566732522,6
1631,1634,-0.027314014538537434,3,24.86537946068063,24.21107150404603,3
1635,1651,-0.004415360786728334,16,24.024235254192995,23.942183823174688,16
1654,1663,0.11344396202867447,9,24.305972936806455,27.087644780656323,9
1665,1666,0.009215945299719364,1,27.49328869917108,27.774158632631206,1
1669,1670,-0.00384133728930927,1,26.80714319792562,26.7309750623375,1
1671,1673,-0.006533629376209082,2,27.034102125346255,26.884505423666003,2
1675,1677,-0.019363018426786813,2,26.62427581427396,26.135373746896594,2
1678,1679,-0.004661485788861634,1,25.796779103110502,25.70232456302606,1
1681,1684,0.014855437627897535,3,26.004889846735427,26.417208755720686,3
1689,1692,0.01929877320759145,3,26.76568066244613,27.30899114395994,3
1694,1695,0.004868717191890133,1,27.725801602431183,27.888516490954306,1
1697,1701,-0.01322699916376329,4,28.119999477834185,27.776176267733682,4
1708,1709,0.009813988224286915,1,29.800496689136402,30.122758909410624,1
1717,1719,0.0028707919731945815,2,30.394764452854147,30.512416263125395,2
1721,1725,0.03399999512858399,4,31.372888790713127,32.47093974555769,4
1728,1729,-0.00384223027702196,1,31.932869643192117,31.84210907426004,1
1731,1739,-0.019173470601521785,8,31.7171651248599,31.140754156899646,8
1740,1741,-0.0031575308081273285,1,31.038860222033414,30.97189292485522,1
1750,1753,0.006227527118782871,3,30.253807271996752,30.47246748450154,3
1759,1762,0.020730869932556482,3,30.77529067429981,31.44406451307964,3
1763,1764,-0.007951776516087182,1,31.322858678378374,31.105109165001306,1
1768,1772,0.09993804662676489,4,30.37753703926274,33.44378628933812,4
1795,1796,0.01627366717435464,1,32.6929657734722,33.25769318318573,1
1797,1799,0.02893035922378017,2,34.024591689446225,35.042959941153796,2
1803,1806,-0.015082305031826872,3,35.087468254071766,34.593355823323385,3
1811,1812,-0.007373234034371972,1,33.40980683457933,33.196878316579394,1
1815,1817,-0.018931193730110107,2,33.57652998521068,32.97446272126102,2
1820,1821,-0.01257080030983165,1,32.20888780758733,31.836205198563967,1
1823,1824,-0.015659524154209008,1,31.347626931855913,30.88808563767124,1
1825,1827,-0.021914704165640342,2,30.548663729760055,29.909747465196496,2
1830,1831,0.004365941582872585,1,30.594884342877773,30.759054704996398,1
1838,1839,-0.015380395161951242,1,30.85027476484324,30.40663562287002,1
1842,1846,0.005670673074437243,4,29.99435307336407,30.194435596795724,4
1848,1852,0.0014787927071633956,4,30.18827878134607,30.263109266631087,4
1858,1864,-0.0007012149349426596,6,30.819034044018718,30.828242311110564,6
1869,1872,-0.021516619842838307,3,30.50700817767762,29.881107488353848,3
1877,1882,0.027572901628025854,5,29.670430837760257,30.518201139348726,5
1884,1885,-0.0023045324609742767,1,30.383083628158772,30.343447909301343,1
1890,1894,0.019600242140011038,4,31.33130939912054,31.976741959306025,4
1896,1900,-0.011960945804963485,4,32.01736969000332,31.666429036013714,4
1902,1908,-0.0031323738529402314,6,31.87479775378079,31.80682876848287,6
1910,1914,-0.012484196361166253,4,31.602158698710912,31.239233302778178,4
1917,1920,0.01325472277847978,3,31.48708957567581,31.93592930867823,3
1922,1923,8.700014352298695e-05,1,33.09458442565039,33.130558243670905,1
1927,1928,-0.0013182490731604769,1,32.59921104002082,32.58883637132157,1
1929,1933,-0.0025721326385063333,4,32.56850405911876,32.51730205090009,4
1938,1942,-0.011740117963267686,4,31.846227086095922,31.50419485050624,4
1947,1948,-0.0010019388257674496,1,31.363065559221393,31.36300475170174,1
1951,1952,-0.006807325738324822,1,30.917350895920798,30.737803768302097,1
1957,1961,0.0372092527561554,4,30.782318981275267,31.958488387651414,4
1965,1966,0.005823199528851822,1,33.24121656024279,33.4680280134151,1
1970,1974,-0.006695098338691993,4,34.259176221617984,34.06406684403329,4
1976,1977,-0.003459694325836971,1,33.84543750512766,33.76218807454083,1
1979,1980,-0.004420288455645734,1,33.83609818778376,33.72036897176799,1
1984,1985,-0.00479209939664,1,33.26553173453194,33.13938553171251,1
1986,1987,0.0026004140621360837,1,33.23881410012746,33.35848759382229,1
1988,1990,-0.0054875788424525295,2,33.4679774149434,33.31778722759642,2
1992,1994,0.008781606228891691,2,33.323672277843755,33.64963131816626,2
678,680,-0.010661115596736239,2,26.752721175201835,26.494260043400956,2
681,684,-0.007524033381020523,3,26.361575704122007,26.189591904252016,3
685,689,0.004490116047439433,4,26.200698862292327,26.344543739570327,4
690,698,0.026017282175919358,8,26.37820464454902,27.090872042724946,8
699,701,-0.009506542456738522,2,27.12312851750689,26.89240447321314,2
705,706,-0.0003732439763391495,1,27.554629401124735,27.571899431081633,1
707,708,0.0003415452603305507,1,27.720834759536984,27.758023514021048,1
709,710,-0.005538793315639043,1,27.74288762712962,27.616968394211078,1
712,720,-0.024086686451816358,8,27.267271443082688,26.63776049687967,8
721,722,0.0046911534571881615,1,26.70888899655308,26.860893382503466,1
724,726,-0.010228198448278422,2,26.643217116075977,26.39734822122826,2
727,732,-0.0202879122634395,5,26.380870706025007,25.872038786414056,5
735,736,0.007831357384178384,1,26.288605742868693,26.52076981531573,1
741,744,-0.002042886252410875,3,26.26832600856117,26.240931132492996,3
745,748,-0.0006254324843019471,3,26.30732464703465,26.317178516272353,3
751,752,-0.005688941864121516,1,26.35576719138417,26.23218653123945,1
753,755,-0.0009643269076001025,2,26.23634276332109,26.23727869480072,2
756,757,-0.003710347094770207,1,26.382406379847687,26.31090090136302,1
759,762,0.011000058859136113,3,26.497040272727013,26.815006315592637,3
767,769,-0.003221467844398048,2,27.027669205785756,26.967628107736076,2
770,775,0.005554819654927137,5,26.979553817425227,27.15639992706885,5
777,778,0.004169772486495916,1,27.274716336556722,27.415720414650433,1
782,790,0.005237137751310822,8,27.761897276279623,27.93505205382952,8
791,793,-0.0039959420339445665,2,27.839629769838286,27.756223852801373,2
798,799,0.003153048501643041,1,27.971037769874204,28.08720284637378,1
804,807,0.0035240417757893654,3,28.426133767177962,28.554734783864852,3
808,815,-0.0008676307263655609,7,28.53811486719531,28.541892436731178,7
817,818,-0.002203566893140546,1,28.456077609844627,28.42182881692478,1
819,821,-0.000915058054208697,2,28.451296067757788,28.453712776206068,2
826,828,-0.003202021718642455,2,28.508844965447164,28.44606786965984,2
829,830,-0.008746589563260642,1,28.34341447904487,28.12384968025433,1
831,834,-0.0028406216928906474,3,28.079225975901917,28.027542743451093,3
839,845,-0.004269729677212791,6,28.66762430257609,28.57388892061877,6
846,848,-0.0019325201227709562,2,28.583094838816326,28.55644052770806,2
849,850,-0.007030287225629322,1,28.395014413534618,28.22378432084512,1
855,862,-0.014780844500978628,7,28.16414259436073,27.776016924764455,7
864,867,-0.010233055916696161,3,27.912011925965853,27.65429875910592,3
872,874,-0.0044623932357965666,2,27.938465047740088,27.841731095340254,2
881,885,-0.0026531749240053196,4,27.181858793399627,27.136922426054525,4
891,894,-0.0036585345714095397,3,27.07605348966747,27.004070865407854,3
895,897,0.007467070044099318,2,27.133892366659364,27.36363693389692,2
899,902,0.003442263304659697,3,27.325067793187078,27.44645293914209,3
905,906,-0.001274600248486647,1,27.598744923358563,27.59116630114469,1
914,916,-0.011847595864840542,2,27.771417550057112,27.470164435880353,2
918,919,-0.002013336962572548,1,27.30868826587294,27.28101536265376,1
920,922,-0.0003905279837562236,2,27.244245400561724,27.260850005737044,2
923,924,-0.005877264981624789,1,27.22617459115521,27.093385323238167,1
925,926,-0.0019841705337344307,1,27.099737738087224,27.073066974733468,1
929,934,0.0038254124220914445,5,27.22057641935767,27.351926926948128,5
938,939,-0.005581576371628945,1,27.267208699505083,27.142281900407156,1
940,944,-0.01821084912675347,4,27.100827875058645,26.634399615290896,4
946,948,0.003622493151804209,2,26.383823735995446,26.505782780533494,2
949,952,-0.00015731045035712531,3,26.595640547492447,26.618052415847878,3
954,957,0.004999663451574509,3,26.621705767665528,26.78142704277836,3
960,969,-0.013428076179436994,9,26.80744768352632,26.474282681539183,9
970,972,-0.009642309155406936,2,26.423990941292875,26.19562664245855,2
974,979,-0.008235865961935547,5,26.232195871270587,26.042383218058834,5
980,981,-0.005682769051838803,1,26.17162274074037,26.049067075733632,1
983,996,0.013887416752943384,13,25.876351763713938,26.26158379646611,13
997,1007,-0.009225736390020039,10,26.245677189416185,26.029787167478485,10
1013,1016,0.01125743672356641,3,26.53592428682207,26.86118669966914,3
1017,1021,0.01841401984050219,4,26.882521375460907,27.40441917880683,4
1022,1035,0.02083542179349531,13,27.623468050456424,28.22663812673728,13
1036,1038,0.0023746174875666705,2,28.271149793462754,28.36655410994939,2
1043,1044,-0.002472324179079443,1,28.45339693883815,28.411504314548154,1
1045,1049,-0.012587985491055609,4,28.407780243709098,28.0785912984119,4
1050,1057,0.011086361011522761,7,27.926553299352864,28.264083704336375,7
1059,1062,0.0352041827365856,3,28.3848938391386,29.412545722649355,3
1065,1068,-0.005198774752620308,3,29.40287136918957,29.279415335230073,3
1071,1075,-0.011314082660870358,4,28.904476489364708,28.606353329584216,4
1076,1081,0.01745512538804535,5,28.69692861401073,29.226534029834085,5
1084,1085,-0.0055208100583935575,1,28.812743786414064,28.682486844494527,1
1086,1088,-0.006308979778124575,2,28.55937598946298,28.407754839859063,2
1089,1092,-0.00555110721914069,3,28.44782322863324,28.31835413496857,3
1096,1097,-0.0060454112036974145,1,28.06134281792129,27.919761804476956,1
1100,1101,-0.004117675633456412,1,27.860634561622092,27.77377414011669,1
1102,1103,0.0021339033263776085,1,27.86032836817228,27.947639943919267,1
1106,1111,0.005011247442254789,5,27.99363852853297,28.161915216537018,5
1113,1115,-0.022878642624167708,2,27.8969082562118,27.286561770154947,2
1116,1117,-0.003629117720894303,1,27.081576080219477,27.010375428637225,1
1118,1120,0.002135244092307537,2,27.145908303078283,27.23101735171583,2
1123,1129,0.001544114726564941,6,27.515213845803203,27.585215706552894,6
1130,1141,0.006970674706999104,11,27.626390270037536,27.84659124020861,11
1142,1148,0.013633342209515672,6,28.00569362450541,28.41551052312765,6
1149,1150,-0.001710155695454925,1,28.502650197857555,28.482408878483987,1
1153,1155,-0.003664221890363737,2,28.700995106178684,28.62452928674158,2
1160,1168,-0.020069241923627794,8,28.333009948165873,27.792720927039746,8
1170,1171,-0.003769909146667772,1,27.73625114692843,27.65942425118228,1
1172,1173,-0.0031725394593727636,1,27.753977006156646,27.693680395956246,1
1178,1183,-0.01189023034241448,5,27.00975951657762,26.71561701394887,5
1187,1192,0.011516511619288641,5,26.741185128079596,27.075891482448753,5
1195,1196,-0.004398770725035063,1,27.052467354615747,26.960522220530912,1
1199,1204,0.0035253018420076535,5,26.846155588482777,26.967642545818162,5
1208,1210,0.010488661857152994,2,27.085889693856714,27.39707032164958,2
1211,1212,0.002181279495653952,1,27.50244471703551,27.58993768049417,1
1213,1219,-0.003801829855676188,6,27.721323066827885,27.643652636220402,6
1222,1223,-0.0024538561466113046,1,27.99519429960619,27.95449331429813,1
1224,1233,-0.013809088758999891,9,28.05737883966466,27.69798938376251,9
1234,1241,-0.012947804593329948,7,27.800987685638084,27.46882691726851,7
1243,1244,-0.0019432381455109457,1,27.592266760425648,27.5662406818961,1
1249,1250,-0.005654938695991986,1,26.943769570180745,26.81834797459262,1
1252,1259,-0.014869254444818486,7,26.734513626863805,26.363725854914364,7
1262,1268,0.011437409545950083,6,26.692610613820072,27.024597543874727,6
1271,1273,-0.004921377053821436,2,26.98095752471261,26.875155016985072,2
1277,1279,-0.002641643041486662,2,26.5140950272162,26.470568347613455,2
1282,1286,-0.01796875541545859,4,26.413524968486545,25.96532032363619,4
1287,1295,0.0005640006666755119,8,25.98554926823624,26.026190684615692,8
1297,1299,-0.003348095622896979,2,26.011976039850346,25.950897432768272,2
1302,1310,-0.003822676135727519,8,25.7303602133453,25.657731739607417,8
1311,1312,0.0022113980708394006,1,25.83750255545119,25.920477061313075,1
1313,1314,0.006951625767679217,1,26.08381561045857,26.291224350786084,1
1317,1319,-0.023211851535440215,2,26.33429985782148,25.749366299089786,2
1320,1322,-0.0038659181139565745,2,25.686151340694877,25.61253693428975,2
1323,1324,-0.006390901928981225,1,25.612735195107998,25.474659451538205,1
1331,1336,0.015880023000649515,5,25.697473164568596,26.131247102645087,5
1337,1339,-0.001525805446823643,2,26.176474564430016,26.1627108315254,2
1340,1342,0.005963365811434378,2,26.235968332545426,26.418658977462147,2
1343,1345,-0.004043174252370089,2,26.46270658871879,26.382175961379975,2
1346,1353,-0.021599908929464933,7,26.343346148185784,25.800675616635786,7
1354,1356,-0.0030031972656686585,2,25.668620149524003,25.61720083982699,2
1357,1361,0.004478213752192056,4,25.726095556808165,25.86702860727768,4
1366,1372,0.015218480830133573,6,25.90539355052745,26.325539679223745,6
1374,1389,-0.006998168342329102,15,26.68152438297114,26.52148410809212,15
1392,1394,0.010389489004425753,2,26.832143319105327,27.137747720403453,2
1396,1398,0.0034414720906263494,2,27.223353891320553,27.344265657842097,2
1400,1406,0.0011945118773674106,6,27.34528991940654,27.405299482924733,6
1411,1415,-0.0034424732866452203,4,27.12167977455177,27.05543579621348,4
1417,1418,-0.005108632989467728,1,27.13343826065275,27.021956921097345,1
1419,1423,0.008720114868554143,4,26.995221569212184,27.257618223766997,4
1430,1437,-0.003060970804803395,7,27.85765223455396,27.80023842660818,7
1439,1440,0.0038444231659812544,1,27.830645273487896,27.965468696174987,1
1441,1444,-0.0023539278250953237,3,28.03849601661539,28.00053391668467,3
1446,1448,-0.006751024269878484,2,27.748593355327312,27.589010521485836,2
1449,1452,-0.00019112180111874604,3,27.664393340573216,27.68677046523168,3
1454,1456,0.0001004802508014855,2,27.856161280119103,27.886816435471015,2
1457,1459,-0.01826723876366684,2,27.885636928266603,27.4041289773493,2
1461,1462,-0.006810839567710766,1,27.428540892570457,27.269158041867335,1
1464,1468,-0.005887136641777886,4,27.101713544674926,26.969263767355777,4
1469,1474,-0.004561236533832461,5,27.06081406562636,26.964444105940604,5
1476,1479,-0.009723988641070356,3,26.605120994738186,26.373018221385788,3
1481,1488,-0.016974605325680025,7,26.400892619111083,25.979148779275125,7
1490,1495,-0.026880477999428505,5,25.980269406682275,25.30788761588341,5
1498,1504,0.005941907345893009,6,25.51796537697012,25.695108728272753,6
1505,1508,0.0011325776048808616,3,25.6317593058426,25.686421021711936,3
1510,1517,-0.004397472605207831,7,25.78670307936996,25.699093462079173,7
1518,1520,0.002226433985968102,2,25.700887910405715,25.783810128629405,2
1522,1526,-0.00011903988836720752,4,25.848756927593485,25.871528651381986,4
1529,1532,-0.008526885604666305,3,25.56425023577151,25.371831048677794,3
1534,1535,-0.0037417303509057614,1,25.390583243690976,25.32096911098455,1
1537,1538,-0.0019013846143112962,1,25.299196048888806,25.276391742815893,1
1543,1544,0.001481821122521832,1,25.695386531099373,25.75915788414362,1
1545,1546,-0.0006243271109834013,1,25.716262900369497,25.72592380314799,1
1551,1552,-0.0002720847375742182,1,25.80424001561167,25.82302331575433,1
1554,1555,-0.0033736688902619282,1,25.93185668425728,25.870303042779128,1
1558,1561,-0.0021595477329019635,3,25.769233148078847,25.73935249220337,3
1566,1575,0.012833309811169192,9,26.02479570930931,26.38480477112857,9
1576,1578,-0.0038242476631902707,2,26.481805897228405,26.4070147188061,2
1579,1583,-0.018301122959628675,4,26.32620900791076,25.87073602880401,4
1586,1590,0.00913252948277795,4,26.048361970073184,26.312297765713023,4
1591,1593,-0.0021034550069834847,2,26.396259469285393,26.367132384608375,2
1597,1600,-0.009203040232746793,3,26.174334249873887,25.95962513295681,3
1601,1605,0.0031748415356551863,4,26.068423909085467,26.177255447990184,4
1608,1611,-0.02005210987221789,3,25.8576110766615,25.364969029395866,3
1614,1618,0.008643136191231637,4,25.317538796447355,25.561679271088288,4
1619,1620,-0.001700554080659346,1,25.594451997440284,25.576521699651238,1
1621,1622,-0.0009778013677903643,1,25.554074087503366,25.554641352995493,1
1627,1629,-0.009389231822126642,2,25.27040160445336,25.05840234715536,2
1630,1632,-0.012696278952276385,2,25.0055585528628,24.713086564671038,2
1638,1639,-0.009561520997571803,1,23.772963654082066,23.56943092658313,1
1640,1641,-0.006863245511456098,1,23.411059117211053,23.273794329923632,1
1642,1646,-0.05039756423770004,4,23.123743050851147,21.981486468080657,4
1648,1652,0.05693549008825537,4,22.830810898230663,24.153525116731938,4
1653,1657,0.02715662048294627,4,24.268299993848405,24.951613306541482,4
1659,1662,0.0591748851714546,3,25.50836697388979,27.04333002745493,3
1666,1667,-0.01133406068657428,1,27.82184008250119,27.534327498676458,1
1669,1673,0.0007364831895446062,4,26.808627167587993,26.855179897999278,4
1674,1680,-0.035567283076028765,6,26.78396721502084,25.85811823840014,6
1681,1682,0.006279404666805647,1,26.055641050339567,26.24531060539802,1
1684,1685,-0.0002538414935074521,1,26.450349791475357,26.47008594497197,1
1688,1690,0.0138121348836161,2,26.569354915773104,26.962903784556204,2
1697,1703,-0.017108221475054974,6,28.080996677081494,27.628661763366782,6
1704,1705,0.009081931509060434,1,27.832564938995144,28.11317095243157,1
1706,1710,0.04157674298798499,4,28.898022702755178,30.12840638823134,4
1714,1719,-0.003864479316644011,5,30.63822069999608,30.550458150502166,5
1720,1721,0.014369120516009248,1,30.848592511639406,31.322708247700053,1
1723,1727,-0.003556335737416222,4,32.34756065364105,32.264869428323905,4
1729,1734,-0.024454260043079382,5,31.91196247539214,31.163491009009302,5
1736,1738,0.011875631597955075,2,30.911474316181955,31.309479071626765,2
1743,1760,-0.014973270675291413,17,31.414974687774585,30.976004743204882,17
1764,1767,-0.024874038982898392,3,31.154376992442394,30.41059618163691,3
1768,1769,0.009229831392082263,1,30.33808320627066,30.64843668222977,1
1770,1771,0.03594741414301261,1,31.36829483445779,32.527272214666624,1
1772,1774,0.018278565511365273,2,33.44780336163475,34.09262902995329,2
1778,1779,-0.0031463090983044673,1,33.74244069142617,33.67001898397116,1
1783,1788,-0.05401590865385218,5,33.945208729758214,32.14557264450541,5
1790,1792,0.01608526392313716,2,31.1328213804739,31.664733850431183,2
1793,1795,0.002610846194866616,2,32.524284237657845,32.64172442563815,2
1798,1799,0.00854825560672402,1,34.74920702120401,35.08100133197343,1
1801,1802,-0.0017319414064726384,1,34.94472904837093,34.91915155424246,1
1807,1808,-0.007791881784501028,1,34.455233573087966,34.22121769980218,1
1810,1812,-0.011869276395954191,2,33.60625464231949,33.2409789719793,2
1817,1823,-0.05388502097669983,6,33.05448768241131,31.306400407952925,6
1826,1828,0.018101908407852342,2,29.88744067067,30.45834782490626,2
1834,1835,-0.0056612994569096775,1,31.93214664521922,31.7833013474039,1
1836,1841,-0.05039801919981606,5,31.56743139135545,30.008062809396396,5
1847,1849,-0.002544449853549959,2,30.24107049859628,30.19436468169353,2
1853,1854,0.00524766185431357,1,30.25376161679939,30.442776889202165,1
1857,1862,-0.007930279681817972,5,31.009210530121763,30.794308028435644,5
1863,1865,-0.0006514563746544359,2,30.8164266870921,30.827167556169815,2
1867,1869,-0.004759056034469368,2,30.52097512497041,30.406245069249,2
1873,1876,-0.008585001722780905,3,29.719073941241405,29.493654714197636,3
1877,1878,0.004215302144674247,1,29.64951425877281,29.80414543407514,1
1881,1883,0.006456589470065042,2,30.32241554947586,30.548517353969018,2
1889,1895,0.023661350167316346,6,31.270733539418487,32.04191204922293,6
1896,1898,-0.00861719416851663,2,31.9701165703521,31.726593984845618,2
1899,1900,0.000946541591037524,1,31.63442418304017,31.69600190542098,1
1912,1913,-0.009277892821702327,1,31.247167065445357,30.988506365495773,1
1917,1925,0.03847047199864623,8,31.502097688452594,32.74550035316328,8
1926,1932,-0.005110916887279583,6,32.62049205402507,32.48639192236881,6
1934,1936,-0.0037768137798953835,2,32.39930884886572,32.309342001595105,2
1937,1939,-0.014208561119853878,2,32.052539310700446,31.62917138616854,2
1940,1942,-0.004104879806564967,2,31.62988262215278,31.53167563831524,2
1943,1946,-0.006274341156308855,3,31.534293907651342,31.367971283459077,3
1949,1950,-0.0076710704771487314,1,31.315956418729876,31.10704546640121,1
1951,1953,-0.009003440043825948,2,30.943799610019525,30.69614276511257,2
1955,1956,-0.0009469785425730927,1,30.61584746468099,30.617470761533927,1
1959,1961,0.02061247699752969,2,31.30576021994174,31.98235524258541,2
1964,1965,0.0032454711475427946,1,33.134837938510984,33.27551093695744,1
1967,1969,0.016274944360170133,2,33.75874596369323,34.34192642188515,2
1975,1977,-0.004379213797269988,2,33.95743783472982,33.84268839227876,2
1978,1979,-0.004855187736179113,1,33.91027794404896,33.779547456388634,1
1980,1982,-0.009616919917105643,2,33.80644897536372,33.515141511861295,2
1983,1998,0.009840619486026676,15,33.4112229991846,33.773421354281545,15
1999,2000,-0.0012709036898896208,1,33.24753784829131,33.23853096760846,1
672,675,0.0009201938710386858,3,27.004866702377615,27.056721281907738,3
683,684,-0.005817063056384811,1,26.284443387686213,26.157829566485752,1
689,693,0.015105319846433034,4,26.326719164964548,26.75071939762352,4
694,697,0.009829161850443646,3,26.801278456086056,27.09151383828582,3
701,703,0.006770351421897743,2,26.927950536204428,27.137190174942216,2
705,706,-0.0005817306976145914,1,27.54302916970322,27.554549573299614,1
710,711,-0.00822718040333187,1,27.641093656634716,27.441326486232825,1
712,713,0.001594102377392435,1,27.27425726750906,27.34500948312832,1
714,715,-0.008492771947663933,1,27.45271537322561,27.247018437589904,1
718,719,-0.0072470275032464684,1,26.820843223958658,26.653292678678326,1
720,721,0.0010101185129220633,1,26.64200444063526,26.695558026982734,1
723,724,-0.010796782165933737,1,26.82460953057094,26.561814674313705,1
725,728,-0.008379395113348164,3,26.432795291140334,26.23773725073676,3
730,731,-0.004589737661464032,1,26.086599306546542,25.99295525855631,1
732,734,0.0037373059211055744,2,25.99073584090485,26.11386190769786,2
736,738,0.0009758301641474938,2,26.558913736523685,26.6113896394113,2
747,748,-0.003811563954521675,1,26.36823939354685,26.294103402123756,1
752,760,0.008461563084046213,8,26.270853512553913,26.51941685033468,8
762,763,0.0015137879207496015,1,26.83459276725113,26.90204924240768,1
766,769,-0.0015394819993525266,3,26.91416547139975,26.899645763600333,3
770,771,0.002571463199744779,1,26.975296583520112,27.071637862570356,1
787,789,-0.0024167640638861586,2,28.210529022241808,28.170561358499878,2
790,795,-0.012591851526873105,5,27.941124872795164,27.6172355017759,5
797,800,0.009142110146678869,3,27.80821674449017,28.09025074169551,3
801,804,0.008063610263794666,3,28.067567924777784,28.321961421500554,3
808,809,0.0001367347328261651,1,28.597585242113677,28.630093110533345,1
810,811,-0.003604651500884044,1,28.658348819679052,28.583703808413016,1
812,816,-0.005988978716899249,4,28.69965355766986,28.55647159688826,4
826,829,-0.011434147563949396,3,28.55578754401927,28.257832242980186,3
830,832,-0.008801078175578682,2,28.186955372633804,27.96706673024034,2
837,841,0.0036853562606778507,4,28.495776514111572,28.62928937900484,4
842,844,-0.004063633480592443,2,28.710391867844596,28.622433750077338,2
845,847,-0.0035973236636378434,2,28.642787456550458,28.56839286689701,2
850,855,-0.006781369905521762,5,28.304426244136224,28.140787886055314,5
858,860,-0.005931532180330994,2,27.991711895657726,27.853669867661736,2
862,867,-0.004894616479358491,5,27.791549377451663,27.683311951259334,5
869,870,0.00013773490925859748,1,27.723297688982825,27.75483945256335,1
882,885,-0.005590884279261638,3,27.21121605293319,27.086292508936186,3
887,891,-0.005202812007631628,4,27.21531689659663,27.100936035952113,4
893,894,-0.0028263001527449663,1,27.049307408406328,26.99990725415471,1
899,909,0.0147504384578151,10,27.337077775597216,27.767648736718265,10
914,915,-0.007875869446569558,1,27.768725537848052,27.577791406352187,1
917,924,-0.009961980878082952,7,27.357946143224726,27.112764753025523,7
926,929,0.002854660019776377,3,27.095569039905048,27.20001324659626,3
930,932,-0.003021904998227642,2,27.361171141059828,27.305849452372357,2
934,937,-0.005737951450321866,3,27.349983603674644,27.220400709193335,3
941,944,-0.015629750498070243,3,27.02044095522617,26.625138645703373,3
946,949,0.008434326117791536,3,26.376205781944,26.62504750904084,3
950,951,-0.00640060445929217,1,26.75643689841909,26.611935965990718,1
953,959,0.005633680586282168,6,26.64584255435793,26.822602562815906,6
963,964,-0.006928120774751898,1,26.638611387507574,26.480694481930747,1
968,970,-0.004090277151749122,2,26.46100401199325,26.379232175882645,2
972,977,-0.0039037770384869773,5,26.219581477951607,26.143445659297193,5
978,980,-0.004886733099178066,2,26.202425136395956,26.10058330333959,2
981,982,-0.00495120867685202,1,26.126701409704598,26.02346936039705,1
983,984,-0.00667419445473801,1,25.866499980635368,25.719728429881766,1
988,994,0.010868890709252423,6,26.034066361305445,26.343061849665204,6
995,996,-0.00816123428374966,1,26.36285976216965,26.174069147023115,1
998,999,-0.0009441415884679472,1,26.22687530731109,26.228340298905206,1
1000,1008,-0.00916548967083397,8,26.16194315430378,25.948318077708368,8
1010,1015,0.023934190519465867,5,26.151106616412207,26.803163291080693,5
1018,1019,0.0022417720038127977,1,27.06409754153661,27.151833175255224,1
1021,1023,0.004840339371090059,2,27.488179683069088,27.648719981111714,2
1025,1026,-0.003263025506669878,1,27.709010878024348,27.646304679642785,1
1029,1036,0.019215337320073723,7,27.701093088763965,28.26108002968809,7
1040,1042,0.0002712648616858837,2,28.418599143932582,28.4547267104426,2
1044,1049,-0.017438164812494637,5,28.472405935757994,28.004371834377753,5
1053,1061,0.04308064849815654,8,27.78368418271697,29.00840699915911,8
1062,1064,0.00015343204410251938,2,29.43779017961067,29.4717446701114,2
1065,1066,-0.004305758288242664,1,29.42790964506542,29.330628088850588,1
1070,1071,-0.009235851882993248,1,29.168639966532474,28.928411368139756,1
1086,1087,-0.0072065368775096296,1,28.613500991421027,28.435910242323114,1
1088,1093,-0.009087680010543123,5,28.47475250345202,28.24445781682469,5
1094,1097,-0.0054586012567779275,3,28.083256559818867,27.958044516826842,3
1105,1110,0.0057812050064589456,5,28.033976774112187,28.22408091776375,5
1113,1119,-0.029071433310541517,6,27.90338863555209,27.120100522331068,6
1120,1122,0.006793964653185725,2,27.24344619996702,27.45578065668053,2
1127,1135,-0.002434261503729873,8,27.564257988994722,27.52472363488223,8
1138,1143,0.010157322585674321,5,27.769158321897983,28.07898777922806,5
1146,1148,0.006170286458618087,2,28.202127158149423,28.404344488615727,2
1149,1150,-0.0022071989025938014,1,28.501287796086633,28.466881072736687,1
1153,1160,-0.016736524326445144,7,28.690384147485492,28.23889721941353,7
1162,1164,-0.007976375333701567,2,28.234335892471417,28.037362567987735,2
1167,1168,-0.004391419873567913,1,27.951808743116157,27.857012423442583,1
1172,1173,-0.0021014373477276434,1,27.724037750431506,27.69350145982337,1
1175,1178,-0.014368730982732732,3,27.288692745389827,26.92387755320626,3
1180,1183,-0.007094321634578951,3,26.85497338947538,26.691310544151857,3
1185,1189,0.005424023393759786,4,26.697938802883062,26.86944698631795,4
1190,1191,0.0027128716021929903,1,26.913818757758442,27.013746311130692,1
1197,1200,-0.0017999563069911783,3,26.899409770371182,26.877891417871034,3
1206,1207,-0.00010067952015130398,1,26.94612566478749,26.97035886745041,1
1210,1213,0.010240443284746464,3,27.395963213376636,27.703905984107596,3
1215,1220,0.007753649530082088,5,27.54482699906557,27.785944760982133,5
1222,1224,-0.0023123527652119595,2,28.012405116374627,27.975642959059915,2
1225,1228,-0.012412892337412926,3,27.92808733082902,27.6093470769324,3
1231,1234,0.001509397520502147,3,27.631970497494855,27.701310095747857,3
1238,1242,-0.0006340169859080091,4,27.513470895274672,27.523540358281057,4
1244,1249,-0.02640743680794943,5,27.650129493869223,26.94761057602212,5
1253,1254,-0.001759881023903071,1,26.59991699576284,26.579704223600363,1
1255,1261,-0.0025564806013271034,6,26.592091503882358,26.55070142930785,6
1262,1263,0.0009371908118186321,1,26.7421908856973,26.793995612168974,1
1264,1265,0.0008345784803635192,1,26.877295292590453,26.926603800144616,1
1270,1272,-0.009268654996070269,2,27.154165474108044,26.929637048096442,2
1273,1275,-0.01245789091486629,2,26.90031763812439,26.592096733051505,2
1276,1279,-0.0030873889918090398,3,26.567018822240097,26.51156311960537,3
1280,1283,-0.0162425099584567,3,26.596709158709512,26.191308554495706,3
1285,1286,-0.001977331731699397,1,25.99767643812412,25.972268083990688,1
1287,1288,0.0007445482159877657,1,26.000071853461538,26.045430232429048,1
1289,1290,0.00016668836221695512,1,26.111486055901395,26.141950022803005,1
1291,1292,-0.0035756075922823596,1,26.197263399973547,26.129789529463554,1
1293,1295,-0.006761110995818415,2,26.129173792747306,25.97864072229826,2
1296,1297,0.0007398481223289597,1,25.96159498428977,26.006764216575853,1
1301,1303,-0.016072149609334715,2,25.858106253660768,25.46836900759152,2
1310,1311,0.0008207022179579485,1,25.7137583882371,25.760575485166598,1
1312,1313,0.004751351996803701,1,25.963467258349915,26.112792297610174,1
1315,1321,-0.028461280005805733,6,26.413055389842587,25.687719079973263,6
1322,1326,-0.013976164989729457,4,25.648009764947673,25.31519695857952,4
1332,1335,0.002432215572109424,3,25.83283991209205,25.921503787510144,3
1337,1339,-0.0009622298012325755,2,26.17557648114289,26.176565137869435,2
1342,1344,-0.0011062556662249025,2,26.420701625650903,26.41789427639754,2
1350,1352,-0.011333561609655013,2,26.245385973030288,25.974177660108804,2
1354,1356,-0.002282941411791528,2,25.676894595377874,25.643952643975258,2
1358,1362,0.0034001229396199255,4,25.76265838561496,25.876017249763095,4
1363,1364,-0.004727264969512392,1,25.864120804734284,25.76771837329156,1
1367,1379,0.022403930848501268,12,25.958282625375475,26.565808476885614,12
1380,1381,0.0006595609053358965,1,26.545302926714996,26.58935647367247,1
1382,1385,-0.006011155449750617,3,26.69780247350281,26.564015635141352,3
1391,1393,0.008797318352191004,2,26.709182794926303,26.97086116169506,2
1396,1398,0.000597938413899751,2,27.285936228782,27.32953747444119,2
1400,1401,-0.002956659204451804,1,27.365701125860305,27.312155774866113,1
1402,1404,0.0006968508674675008,2,27.42034801296921,27.466876254281278,2
1405,1408,-0.008814573280775763,3,27.491920874255,27.277083243953847,3
1409,1411,-0.005459165503593718,2,27.241387689495035,27.119913833240016,2
1415,1417,-0.0005109320499470403,2,27.06324038880116,27.0764761522999,2
1418,1419,-0.0051334557836690865,1,27.141095036455994,27.028908520202442,1
1421,1423,0.009911305632017746,2,26.93819376081463,27.232124626113393,2
1424,1428,0.019454076536597163,4,27.341909389027595,27.90116289632747,4
1429,1434,0.0038603840359187503,5,27.86016591437379,27.99557702002206,5
1435,1436,-0.0010140919370038638,1,27.91245012471943,27.91205678423065,1
1437,1447,-0.009281373810026715,10,27.866251450308432,27.63548060536423,10
1448,1453,0.003943347301537468,5,27.58950952998386,27.72589405746965,5
1454,1455,0.0012854611953981017,1,27.83108265403698,27.8946895134687,1
1456,1457,-0.004112408558946722,1,27.916215172216344,27.82932850518094,1
1458,1459,-0.00785434402247473,1,27.650671508603377,27.46114429363097,1
1461,1468,-0.015145482178499925,7,27.41043593281827,27.022702099825676,7
1472,1474,-0.005400065199110255,2,27.04728998836077,26.92828014895274,2
1478,1479,-0.0005339694402549307,1,26.354138339669532,26.366420173511568,1
1481,1486,-0.019505485320365983,5,26.39036343182501,25.901996948738248,5
1487,1489,-0.00019347211961335945,2,26.05729284331476,26.07830877648029,2
1490,1491,-0.0027255212203085378,1,25.978145116106184,25.933319275444088,1
1493,1495,-0.016792892208563674,2,25.71714213271691,25.3109940791026,2
1496,1497,0.001337371410726118,1,25.391617566772943,25.45096720774561,1
1499,1500,-0.00185148856994831,1,25.666879909712005,25.64502485484265,1
1501,1509,0.006510509798677259,8,25.621315231986216,25.813744371091047,8
1510,1524,0.00014345723846281898,14,25.83716640630752,25.86671010125618,14
1527,1537,-0.021005692360025616,10,25.795098440493383,25.279049636696296,10
1539,1540,0.002188683667544996,1,25.342842494721825,25.42365280267391,1
1541,1542,0.0032279986087187865,1,25.577081086982993,25.685220950233845,1
1548,1549,-0.0009757025871812373,1,25.71342378977238,25.714048559445185,1
1550,1553,0.006383515364925854,3,25.7207280104953,25.91063740095787,3
1554,1556,-0.005369838249708589,2,25.877048956053855,25.76397043773611,2
1557,1558,-0.004649486119746974,1,25.79075365326741,25.696630655791996,1
1560,1563,0.00576283741626669,3,25.669806631473893,25.843407360229556,3
1567,1569,0.0005418887505196344,2,26.117553220227794,26.15782358172916,2
1570,1572,0.0031324794458453863,2,26.292402147004715,26.401054958459113,2
1576,1577,9.694742702371674e-05,1,26.474252891976683,26.50329375556891,1
1579,1585,-0.017181054495345686,6,26.327151638849696,25.90115056347424,6
1587,1591,0.009593586514752988,4,26.03031032852719,26.30606467299831,4
1592,1598,-0.01778862672607314,6,26.399320354635655,25.956112019379653,6
1599,1604,0.005570374955012202,5,26.028748235088653,26.199766870602797,5
1605,1611,-0.033954601101761295,6,26.20712662193215,25.343481218083028,6
1612,1617,0.003936011146756544,5,25.370808986714774,25.49603958267543,5
1618,1619,-0.002202597617792995,1,25.576074810438257,25.54531708379873,1
1621,1625,-0.010153980241496698,4,25.59529902592973,25.36100016437117,4
1626,1632,-0.02333633606749308,6,25.264906693286893,24.70058124667178,6
1633,1635,-0.02165823047454539,2,24.44169787988919,23.936775651897232,2
1637,1646,-0.07753078856907424,9,23.74486670722738,21.927653333655712,9
1650,1653,0.015516994261543873,3,23.824660055746303,24.2181718291703,3
1657,1658,0.0034487631127413177,1,24.948784070748577,25.05977530103027,1
1662,1666,0.025689007100750547,4,27.086099004504046,27.809000093166887,4
1667,1673,-0.02680536851354062,6,27.563176682102306,26.851898750416826,6
1680,1684,0.017877401334370786,4,25.92070979396552,26.410025435617964,4
1685,1687,0.0010008642589723169,2,26.472232467970343,26.52519981177071,2
1692,1693,0.007293301923730678,1,27.293083128441104,27.519432907254746,1
1694,1695,0.006288477208639085,1,27.756237959795286,27.958538667562816,1
1696,1700,-0.00928802436319355,4,27.97197876765014,27.740146326137122,4
1701,1704,-0.0028016688241162373,3,27.84886725745397,27.798692821529265,3
1705,1707,0.04306072598420604,2,28.18128505818409,29.42297293701554,2
1708,1717,0.019055977028617156,9,29.831604663992746,30.429906641860573,9
1720,1722,0.03693809642798237,2,30.86634776258419,32.03735824038075,2
1727,1730,-0.013091035251431942,3,32.262356664771914,31.872271373043887,3
1732,1735,-0.014730663635034086,3,31.437096309296457,31.005444114211336,3
1736,1740,0.00035216613137522635,4,30.91309804719653,30.95489769139183,4
1743,1751,-0.03821990352858249,8,31.39158164700107,30.223190006490068,8
1755,1757,-0.0042233594520235665,2,30.457809504198313,30.35963303604502,2
1760,1764,0.0008525829378766626,4,31.02036792465499,31.077835728998863,4
1768,1769,0.006613574269295034,1,30.336232288611907,30.56719944619184,1
1775,1776,-0.008448461669009932,1,33.773266809351966,33.52170792608526,1
1788,1791,-0.03629222675434807,3,32.22442524484701,31.087153522077333,3
1795,1805,0.06291725154945507,10,32.780744167103606,34.8759992380107,10
1811,1813,-0.010515891656090577,2,33.4295114459362,33.11139983690063,2
1817,1819,-0.016637588944664404,2,32.97180673355941,32.45620717309709,2
1830,1833,0.029315405849285155,3,30.554219431977334,31.48048299446584,3
1839,1841,-0.01748830600025391,2,30.423484315882998,29.921852596888794,2
1844,1845,0.001284751124597501,1,29.884533670686167,29.95281239259834,1
1847,1849,-0.0024827779239865524,2,30.263962782173653,30.219088046267895,2
1856,1860,-0.010729231265392568,4,31.085630597284403,30.78319130817286,4
1870,1873,-0.020825569555059632,3,30.34592312962296,29.744297919904128,3
1875,1877,0.0017729698223003165,2,29.54628254800013,29.62821349786689,2
1878,1879,0.00017056883970249662,1,29.75405212069072,29.788881286958084,1
1880,1886,0.012109395109844441,6,29.955159123668963,30.3478531401994,6
1889,1896,0.020181584356347648,7,31.236841982619456,31.898487786100212,7
1897,1900,-0.010399551947140692,3,31.925558017208324,31.62547207618412,3
1904,1906,-0.0021989701218286793,2,31.918232940196244,31.87996393255938,2
1908,1913,-0.026964520076109492,5,31.91467625795618,31.086027005533943,5
1915,1924,0.05241013428826001,9,31.422351343638134,33.100623348554734,9
1926,1931,-0.000890514968312798,5,32.55963989680305,32.563204690008874,5
1932,1933,-0.001878353022300723,1,32.53874302135656,32.510162518081884,1
1934,1937,-0.011034742385033509,3,32.408931842904806,32.08371656088715,3
1939,1941,-0.007977813930984852,2,31.783572328515284,31.561792474744905,2
1949,1951,-0.016431260890845532,2,31.36402991621544,30.880043387990035,2
1953,1954,0.0011296193371847147,1,30.70757706456388,30.772972514478663,1
1957,1962,0.05104634471408804,5,30.72517767028546,32.32431085871474,5
1963,1966,0.012737243383910534,3,33.03014385486872,33.48388698000863,3
1973,1980,-0.014255853828537595,7,34.18838100141481,33.735184820225705,7
1981,1983,-0.013094902643182266,2,33.78250519139601,33.37390908006328,2
1985,1987,0.006809815014543147,2,33.10544147508946,33.36398884898469,2
1992,1995,0.011536460417736677,3,33.33220698050527,33.75007487395218,3
1996,1997,-0.0027032284436414944,1,33.848774150753215,33.791121955837255,1
672,684,-0.03393721701614644,12,27.060510580306453,26.169212670755172,12
685,686,-0.00326938942849826,1,26.168647296590017,26.109260445057036,1
688,691,0.009494410306103242,3,26.21568268147725,26.490800811991278,3
692,694,0.0013820281387951663,2,26.64918113316629,26.712660232501342,2
696,698,0.0042439431117911805,2,26.95238830521975,27.093725096219227,2
700,702,-0.002982053479235824,2,26.98626066194141,26.932772450104846,2
704,707,0.00956596012994057,3,27.397000219751327,27.686475831753192,3
708,709,-0.004878046992263485,1,27.79223546475248,27.684455869600118,1
714,715,-0.008755354634393125,1,27.44091697769522,27.228102935040255,1
719,721,0.0026110017324107357,2,26.690058236849545,26.786436083380952,2
722,725,-0.014859293701404368,3,26.843578068833096,26.47154503638056,3
727,732,-0.01629243580461129,5,26.34912702386511,25.946184690345103,5
733,735,0.013140966277835665,2,25.928239792074137,26.294890156617495,2
740,741,-0.002796984719006251,1,26.342881112705435,26.295543357891304,1
744,746,0.0036153532653159497,2,26.304509891935734,26.425914497558015,2
754,755,-0.002665644041204669,1,26.258557109425425,26.214819700245478,1
757,761,0.012043394677194431,4,26.358087900128893,26.701886843546458,4
762,763,0.0004186740356669962,1,26.852364340705808,26.890459092792238,1
765,769,-0.0022789928731360765,4,26.98588646714508,26.95137171067834,4
771,772,-0.00027057986066391943,1,27.108433756992184,27.128207194520392,1
774,775,-0.004072386885038827,1,27.284484881907083,27.200656388390872,1
777,780,0.016935138703542553,3,27.2448263049321,27.733466043664983,3
781,783,-0.002745820127778723,2,27.7851025243865,27.73659473314703,2
786,789,-0.0010474194006932576,3,28.17469250319983,28.17335647616661,3
791,792,-0.00135035353454111,1,27.817694572101335,27.807948544485214,1
794,795,-0.0029893520272779263,1,27.702979151575047,27.647868173838223,1
799,803,0.0038548306272110132,4,28.07444379454351,28.210740464119173,4
811,812,-0.0013472740254571907,1,28.612768803472207,28.60283233207035,1
822,823,-0.002027356955076869,1,28.48741154414731,28.458144803765293,1
827,831,-0.015070498313756966,4,28.45181324719497,28.051482056876985,4
834,836,0.009498225310249481,2,28.04057192947411,28.334948171417984,2
837,840,0.006802200249759648,3,28.505669840214335,28.72807678456122,3
844,846,-0.00148596460146686,2,28.612850966644533,28.598946133927697,2
850,858,-0.011114351891584294,8,28.234888617446792,27.949311018350247,8
861,863,-0.001592979996358667,2,27.763315847369327,27.74685275643925,2
870,876,-0.001987338408929589,6,27.711679750811708,27.684318945017775,6
877,878,-0.005286043442950276,1,27.665288265518925,27.546713638151168,1
881,890,-0.002899056295810244,9,27.195107555032834,27.143462514815212,9
891,892,-0.0034215619986072894,1,27.080196106654064,27.014619732847358,1
897,898,-0.0015769292877098845,1,27.39681111480929,27.3810050920873,1
899,901,-5.4718983846617606e-05,2,27.340344859800425,27.36618916877148,2
904,910,0.008110222088664739,6,27.546529249064612,27.79748424829549,6
913,915,-0.013250693066522188,2,27.93791043937164,27.595651673658914,2
917,918,-0.003168582817256199,1,27.387547304318858,27.32815513982792,1
922,927,-0.00553100250758156,5,27.244204197814994,27.12076064027763,5
928,930,0.0027539053632223056,2,27.21950880863436,27.321688268735368,2
936,940,-0.008851612737076579,4,27.307776720778048,27.093366633255943,4
942,943,-0.009235641605522888,1,26.927077044683305,26.70531528865899,1
944,949,-0.0021558010672521636,5,26.655553177198527,26.624744660388124,5
951,952,-0.0006795329919923631,1,26.642572400201438,26.651110465664157,1
955,959,0.00521483917371597,4,26.651876556775754,26.817513683253846,4
960,961,-0.004883041834645869,1,26.845631152598866,26.741388443755852,1
962,972,-0.020529648779471464,10,26.706431598836808,26.184864369558547,10
973,975,-0.00031274046973127215,2,26.19019782206637,26.20819728511921,2
977,981,-0.002804146470261087,4,26.142427442202024,26.09526267400812,4
985,992,0.020691104440020848,7,25.74682484007074,26.305301906675638,7
994,995,-0.0015571580906856158,1,26.334484761794553,26.31981229054548,1
999,1001,-0.009446647436973418,2,26.26315688584172,26.041321259045095,2
1002,1003,-0.0021203025779135526,1,26.02881191563373,25.99965177054462,1
1006,1011,0.0070688929055529376,5,26.083857742047247,26.294325596731504,5
1012,1019,0.026906819375096754,7,26.362514909538607,27.098208851392396,7
1022,1024,0.0022380838394675906,2,27.61316669286027,27.702580441684944,2
1026,1027,-0.003466940037263094,1,27.610443198360116,27.542329890587503,1
1030,1035,0.015482117586446124,5,27.755824681611525,28.21329944772263,5
1037,1043,0.0028391395422161076,6,28.352899323292323,28.461750060220847,6
1044,1045,-0.0038486309774418428,1,28.475844377873226,28.394727205469604,1
1046,1048,-0.009184181870391103,2,28.33806204244192,28.106138188832148,2
1050,1051,-0.0032317838578703327,1,27.887815742998846,27.82557616599236,1
1052,1057,0.013319842265381968,5,27.824821967316744,28.223269028951055,5
1059,1061,0.022254644412521535,2,28.415456035595675,29.07624736152309,2
1064,1068,-0.009959778196495992,4,29.51789064007375,29.253416887110266,4
1069,1072,-0.018084477107342255,3,29.293339897613595,28.79287850273522,3
1076,1080,0.013482133329611047,4,28.761461479707076,29.177988799610667,4
1082,1085,-0.020896806381584202,3,29.26214830012788,28.679925001091032,3
1086,1094,-0.020775050873501785,8,28.578092835013805,28.01295959533375,8
1095,1098,-0.008908501310884307,3,27.96939444075104,27.74819844815172,3
1099,1101,-0.00016074800326725577,2,27.777675537021306,27.800988006680345,2
1102,1104,0.0019174775705531836,2,27.89290275086185,27.97427966901511,2
1105,1109,0.00856976354055013,4,27.95508191302126,28.222605436685583,4
1114,1116,-0.021958662404816642,2,27.6201682460638,27.04128646423031,2
1117,1118,1.261487613302809e-05,1,27.093129680171888,27.12056458632703,1
1119,1122,0.0077414076347637395,3,27.229405134220066,27.467428464150412,3
1125,1129,0.003585489601461488,4,27.52928246924764,27.65551770774607,4
1130,1132,-0.004390163705390165,2,27.669040169968074,27.575237594220866,2
1133,1134,-0.005304627177706993,1,27.64237830718585,27.52338817426828,1
1135,1143,0.01975934147580098,8,27.564893783901876,28.13712282670608,8
1144,1145,0.0007025117212255245,1,28.218255772301752,28.266297683506636,1
1146,1147,0.001060841478004455,1,28.14662171051839,28.204627436005126,1
1148,1155,0.004716600680952177,7,28.414262958307386,28.5766959532836,7
1156,1162,-0.016457308069320546,6,28.616546814728704,28.17421203473331,6
1164,1168,-0.009658543625637062,4,28.082319854839206,27.839167863266987,4
1172,1177,-0.026083459600625077,5,27.768103102476413,27.071583010119454,5
1178,1181,-0.010299428122698195,3,26.96389784850115,26.71314901855124,3
1184,1186,-0.0025456479134199736,2,26.725054333881975,26.683746809414775,2
1188,1191,0.007645874970671088,3,26.80436408048396,27.036111260992172,3
1193,1195,-0.006237017883769362,2,27.15613360312462,27.013916445791025,2
1196,1198,-0.005979138994443305,2,26.95302961859178,26.818826737799466,2
1210,1211,0.0031174646478608044,1,27.445444101027615,27.558449746858436,1
1212,1216,-0.010829191936468544,4,27.688828533946605,27.416669723790477,4
1217,1220,0.007357945888830792,3,27.519520184872963,27.749526845464718,3
1221,1223,0.0013643430068752253,2,27.941161173557276,28.00722366258195,2
1225,1228,-0.010976872028038612,3,27.90531511419396,27.626907356397556,3
1229,1239,-0.006152785195009027,10,27.60852057676243,27.466259800678387,10
1246,1251,-0.0287157630118721,5,27.542742271992054,26.77937415448445,5
1254,1256,-0.006650897489936406,2,26.598569968689407,26.448264176417442,2
1258,1261,0.004618296086918538,3,26.40952818014809,26.55790472897998,3
1262,1264,0.005273749267984941,2,26.692732479276494,26.860195990128872,2
1265,1269,0.0025849275009484306,4,26.97822681393131,27.074941801163398,4
1271,1273,-0.0047390997464712495,2,26.969500066574064,26.86865841571268,2
1278,1281,-0.0010349791718817856,3,26.50626086998601,26.505333702931097,3
1283,1284,-0.004209565973886623,1,26.225324669559225,26.141152759845678,1
1290,1297,-0.007468567904673503,7,26.172102054611862,26.00280603526356,7
1300,1303,-0.02111076714062195,3,25.936615446450364,25.415010212790943,3
1304,1310,0.022692240619755437,6,25.162021986629526,25.75816666601633,6
1311,1313,0.008935754725516349,2,25.80309520047838,26.059468425549483,2
1315,1320,-0.031332216860131115,5,26.424186149628614,25.622682004985606,5
1324,1326,-0.008701245774593214,2,25.522427872058298,25.32587338225125,2
1327,1329,-0.0030932334358823727,2,25.36172820459842,25.308640187128795,2
1330,1340,0.028115515989601398,10,25.503880014686644,26.246438641051128,10
1341,1344,0.002195143799832099,3,26.340799172169397,26.424961813326977,3
1345,1346,-0.0063528222992627606,1,26.473746288274587,26.332037028797686,1
1347,1349,-0.004894987457718887,2,26.3860722979586,26.283298877299586,2
1352,1356,-0.01464731514406276,4,25.983766934465994,25.62915827848146,4
1357,1358,-0.002127942478371769,1,25.745917596383553,25.716877682281932,1
1359,1361,0.002515413287657365,2,25.775826569991345,25.866439253215844,2
1362,1365,-0.003688005094217871,3,25.93011029582111,25.86041002725231,3
1368,1380,0.020649943900855096,12,26.071892141028965,26.636347143271387,12
1381,1383,0.0031840061621267327,2,26.553131596835957,26.66423006306088,2
1387,1388,-0.0025162618055923156,1,26.53551368028812,26.495278894402926,1
1389,1394,0.020639523907919573,5,26.556195403428962,27.130858828764847,5
1395,1397,-0.0025211759584846567,2,27.29920426231552,27.257677369105924,2
1401,1404,0.00555960588273812,3,27.3249552805731,27.504196217977103,3
1405,1406,-0.0037438461153701534,1,27.4593859541947,27.384041624713834,1
1407,1408,-0.0038499828957500723,1,27.352283732266823,27.27433019147016,1
1414,1417,0.002579925033167539,3,26.958568419587635,27.055078073531277,3
1418,1420,-0.007069027351812953,2,27.092917051913325,26.928489397284864,2
1424,1425,0.0029032497908751042,1,27.286889513410333,27.393397059197184,1
1426,1427,0.0033820747356449075,1,27.64889816569472,27.77005770381503,1
1428,1430,-0.002025301908660031,2,27.88077873457047,27.852192518918987,2
1431,1433,-0.002093866425849137,2,27.978922235108303,27.948317031443874,2
1434,1435,-0.004318520714076639,1,27.955302467519797,27.862532217213055,1
1436,1439,-0.005716758240725981,3,27.936236415276966,27.80446794195034,3
1442,1444,-0.0037129717380052518,2,28.05532142946017,27.979208135321393,2
1446,1451,-0.005802522476379416,5,27.732075755111616,27.598891837981036,5
1455,1462,-0.024791498827944354,7,27.92655266187763,27.26213811695404,7
1463,1464,-0.0028824201807108375,1,27.15388109842202,27.102766084657727,1
1466,1470,-0.0011087439976041427,4,27.026594184797347,27.023655204904067,4
1474,1478,-0.022472976068895947,4,26.936646053774247,26.358236097685232,4
1483,1485,-0.003409981015229728,2,25.93198053693056,25.86948495614925,2
1487,1492,-0.010665926654980836,5,26.06771998271968,25.815751313304133,5
1494,1498,-0.001141265250488984,4,25.52037047295479,25.516765331427358,4
1506,1507,-0.0002497010068356133,1,25.637479932346714,25.656715707727226,1
1509,1510,-0.0038195364551264818,1,25.838797523097472,25.765944091524467,1
1513,1517,0.000535123338412252,4,25.66235241334743,25.70174728945572,4
1519,1526,0.003459155824773571,7,25.723131638919515,25.83783509119862,7
1527,1530,-0.013929441108002403,3,25.79860677489026,25.465045207925805,3
1531,1537,-0.005131754874987309,6,25.356538828501513,25.251771825584047,6
1538,1539,0.0011881826861653145,1,25.32363587376723,25.379048615336963,1
1540,1553,0.01633681023891565,13,25.494017995899014,25.936002948121416,13
1559,1562,0.00010618616605062689,3,25.733286679444262,25.76175248517608,3
1564,1565,0.00036775917335107357,1,25.88080546692235,25.916204176013448,1
1567,1571,0.005332283514661827,4,26.145540477727057,26.31110145267609,4
1573,1580,-0.007776000598632165,7,26.414991454260598,26.236003456353664,7
1582,1587,0.002059724897810872,5,25.919547700622207,25.998854386061797,5
1592,1595,-0.0005659140654987712,3,26.3870853438355,26.398539606435744,3
1596,1601,-0.009581085074849637,5,26.263033822327536,26.03766849477449,5
1602,1606,-0.006500983986210675,4,26.19629410914186,26.052188714749406,4
1607,1611,-0.023560500230119175,4,25.89093071991867,25.306818371453947,4
1612,1614,-0.004414350590976349,2,25.368863000478818,25.282244808100735,2
1617,1619,0.00085052010717192,2,25.508596212908227,25.555800383105943,2
1620,1621,-0.00011932152587017166,1,25.5904035011155,25.61294041862323,1
1622,1624,-0.007213277449046458,2,25.594434561187065,25.435409238106946,2
1626,1629,-0.010799043304517118,3,25.304021648432013,25.05606644452059,3
1633,1635,-0.018226966457768785,2,24.381776968722455,23.961752914701474,2
1636,1637,-0.003894578656090824,1,23.814484366486404,23.745551468333364,1
1639,1640,-0.008477397305271896,1,23.581593260711053,23.405264318809394,1
1643,1648,-0.004946755966778277,5,22.892605808162674,22.802254279594205,5
1651,1652,0.008180265911071207,1,23.90148052242515,24.1209024692893,1
1659,1663,0.06469120718159908,4,25.458161441990878,27.1305387997393,4
1666,1668,-0.01906971926660766,2,27.792145081196452,27.2899488217624,2
1671,1673,-0.005527076794631185,2,27.01911006804214,26.89679248184152,2
1680,1683,0.014647504808684205,3,25.908096845996912,26.313493915978505,3
1691,1695,0.03065778589011567,4,27.110576192797062,27.9688370092663,4
1699,1701,-0.0024032650007883996,2,27.83365982349959,27.794601822825424,2
1702,1704,0.006791760280878225,2,27.63459030772689,27.849912410864977,2
1705,1707,0.044944295661102134,2,28.144714126299544,29.437803193415448,2
1710,1711,0.005707150841982002,1,30.090184288683222,30.292003693570457,1
1714,1717,-0.013368138207852195,3,30.738044309848362,30.357871929585073,3
1718,1721,0.03308575452302093,3,30.294049131356587,31.326644653556343,3
1723,1725,-0.0018190330342924888,2,32.4338441522366,32.40727976244683,2
1733,1739,-0.005362821093349585,6,31.256490840582103,31.120124363038723,6
1745,1748,-0.01673622855043025,3,30.819126347885113,30.334149531950207,3
1749,1753,0.003917273451329224,4,30.29109522060454,30.440044818944504,4
1754,1759,0.00894557069972975,5,30.48347626851218,30.786651836914203,5
1761,1771,0.03802500969585906,10,31.303359390073513,32.52497329378409,10
1772,1773,0.010895005652473866,1,33.474610038775786,33.87279071440138,1
1775,1776,-0.011236803056605672,1,33.861274880610196,33.5146436784118,1
1778,1782,0.012143691046156813,4,33.64121147461491,34.08338116465568,4
1783,1784,-0.017580287024041446,1,33.95229941611248,33.38936054666714,1
1785,1786,-0.02480780000126776,1,32.69404272166023,31.91566949131004,1
1787,1790,-0.027683509042168878,3,31.92343346550849,31.07160423997452,3
1791,1792,0.017183232695886126,1,31.15567933862476,31.722190305837387,1
1799,1809,-0.03663162003570359,10,35.116607894915724,33.8653462654613,10
1811,1817,-0.01384502203038095,6,33.40593440947691,32.97683444604172,6
1818,1821,-0.029426415162167173,3,32.77462463734694,31.842959550621522,3
1823,1827,-0.04858000730140455,4,31.35506481544744,29.86319060259244,4
1829,1830,-0.0038433311810552465,1,30.68255390492789,30.5953132426956,1
1831,1832,0.013659634186853065,1,30.824771413227378,31.276651286038657,1
1842,1843,-0.006619161194429352,1,30.003730411052707,29.8351346134388,1
1844,1845,-0.000698870448788972,1,29.867953500063372,29.876947623496438,1
1848,1849,-0.001801151260362328,1,30.183084775218337,30.158903558809047,1
1852,1858,0.012798146361220144,6,30.334376402894964,30.75293456827845,6
1863,1868,-0.015014010222605217,5,30.7582433877842,30.327197050518414,5
1870,1872,-0.01784224446101942,2,30.404942808839294,29.89285532922951,2
1874,1878,0.0025156198846922185,4,29.67406382819931,29.778386557053352,4
1880,1882,0.01652045378284022,2,29.99964310251445,30.525250462993757,2
1886,1887,0.00897492255454169,1,30.3710962769783,30.674045610237687,1
1891,1892,0.007438529156756131,1,31.38673972690274,31.651597645223724,1
1895,1897,-0.009223717149678418,2,32.059712241997126,31.79606223661886,2
1898,1900,-0.004114749302163231,2,31.736135441455374,31.637285335735744,2
1908,1915,-0.018700604593766518,7,31.912002262401828,31.34714052855967,7
1916,1921,0.030867756092073276,5,31.53133312909227,32.53616596250809,5
1922,1928,-0.016743567163218422,6,33.0833950169582,32.56254436552143,6
1930,1936,-0.014815133845536125,6,32.74006369162886,32.28775532961763,6
1939,1940,-0.00624166441570277,1,31.73087091553353,31.56454833857632,1
1941,1942,-0.005127943534370087,1,31.673687286945423,31.542940094299617,1
1944,1945,-0.0031087417151163797,1,31.55750703582248,31.49096040431096,1
1947,1949,-0.0014708118776561086,2,31.331837211333184,31.3170858102253,2
1952,1954,-0.002625068984217925,2,30.809399463957785,30.759332064466527,2
1957,1963,0.06739243295062373,6,30.838512142271732,32.94763301625905,6
1966,1968,0.016574462675790717,2,33.537435455683585,34.12683786334124,2
1969,1970,-0.007584960891502218,1,34.41724737238584,34.19061114444552,1
1972,1975,-0.012519037362326329,3,34.2490703195345,33.854553998898844,3
1977,1978,0.0005215879099043314,1,33.845636757420245,33.89713586911335,1
1979,1982,-0.00786994054627667,3,33.793113657490586,33.560956975790056,3
1990,1995,0.013353763161355846,5,33.301452961783546,33.77945413052602,5
1997,1999,-0.018945896282593428,2,33.83107167485087,33.22394277144501,2
674,675,-0.0041556335045049055,1,27.151559695867853,27.065879324392007,1
676,677,-0.004058724857274418,1,26.949193254840914,26.86676308754884,1
678,679,-0.006515679333965285,1,26.79762354623899,26.64981644784562,1
681,682,-0.005214666622582781,1,26.344279994194732,26.233247636607224,1
686,692,0.01731208748263095,6,26.105896740389674,26.58395020531222,6
694,695,0.0006840161051327245,1,26.762682178263724,26.80775096606847,1
698,699,-0.002233039937324076,1,27.13474451489151,27.101286291215562,1
705,707,0.005918542476784859,2,27.51272982991556,27.703077819896137,2
710,712,-0.014443140649001741,2,27.646583042795633,27.274926138487025,2
715,720,-0.02440174438031419,5,27.26884270237443,26.63070421590647,5
722,725,-0.012434371460152898,3,26.811256970291392,26.504687098779467,3
728,729,-0.004008529658575057,1,26.213712884843808,26.134848152168384,1
731,734,0.004160533247022457,3,26.014050249372268,26.148296620573866,3
736,743,-0.01571191402789675,7,26.59833423193553,26.207021825430033,7
748,751,-0.001085102782667252,3,26.315477783850117,26.313238263463493,3
764,765,2.65048082673117e-06,1,26.897465857793897,26.924434614869234,1
771,774,0.0006043932548677544,3,27.111315188136814,27.154812399355254,3
778,779,0.004164328353481584,1,27.44405741258969,27.585787536420103,1
780,783,-0.00010975520669774129,3,27.770148780498307,27.794871010859374,3
788,789,-0.007086867875700506,1,28.243176249061126,28.071263766842968,1
796,799,0.013482724380377585,3,27.673544767694743,28.074333089193306,3
800,802,-0.0005875135997425143,2,28.124537272471954,28.136138261610384,2
805,806,0.0023717849868983543,1,28.467820428890537,28.56380779842239,1
810,811,-0.0011626550598788073,1,28.650146166292124,28.64548607505191,1
813,814,-0.0015340171454791647,1,28.604201232887416,28.588926098996318,1
815,817,-0.006354789555173676,2,28.618495682779187,28.46524966101226,2
819,828,-0.000719339940410468,9,28.47659914664575,28.484591390659155,9
829,831,-0.010048154594711037,2,28.335854482300004,28.079467290370918,2
833,839,0.02441866907800974,6,27.94765412089399,28.65804629249967,6
844,849,-0.010332298695182991,5,28.632772452156452,28.36556286716172,5
852,853,-0.00395446098534624,1,28.178211469587595,28.094960043163862,1
857,858,-0.0074824856855997095,1,28.10925984821865,27.92704197361977,1
860,862,-0.00033977252495589116,2,27.828218063938838,27.84659101808617,2
863,865,-0.0015616123391633202,2,27.79046343123716,27.77485596406311,2
867,868,-0.002588212805209593,1,27.662903159622914,27.618968582595528,1
869,876,0.001009205286372126,7,27.688807602278512,27.74444010088635,7
878,880,-0.011978053371658144,2,27.557736429474687,27.255206128149826,2
888,889,-0.0037739612613591827,1,27.276507329442186,27.200843354765134,1
896,898,7.250537903762122e-05,2,27.330234591094225,27.359546414703534,2
901,903,0.002782386930113962,2,27.356952156530824,27.46042673481544,2
906,919,-0.013953389431857942,13,27.641271657759162,27.28322350158443,13
924,928,0.0028890650997908055,4,27.090900238155385,27.19625851279351,4
933,936,-0.002256654058823162,3,27.29670436832675,27.262401853989797,3
940,945,-0.021286577920256785,5,27.118386748507334,26.56824748266208,5
948,950,0.006158211447409869,2,26.50365571418642,26.693374485917918,2
953,954,-0.00018593109469280803,1,26.61044022947563,26.63210296142298,1
955,957,0.0023248883309074644,2,26.61747572289857,26.705975857327847,2
961,962,-0.0046906251519704435,1,26.766659896943718,26.66787418869382,1
963,964,-0.0048673787229899824,1,26.602442647606665,26.49956092693175,1
978,980,-0.0017642063318068888,2,26.13458149590266,26.114609283244366,2
984,989,0.009347161922110755,5,25.788798434914863,26.055639308097604,5
993,995,-0.0027476212235902344,2,26.38739621013635,26.341281036484233,2
996,999,-0.0022990095806060115,3,26.265157123359003,26.231038432619638,3
1000,1001,-0.0030749258303052135,1,26.194914425328495,26.140561920764746,1
1003,1005,-0.0002435658833120582,2,25.976195411213155,25.99584469164395,2
1008,1010,0.003024988342628065,2,26.03074492370526,26.1355183685731,2
1016,1021,0.01908811462557227,5,26.878371120660052,27.418306920680543,5
1025,1026,-0.007627753427219007,1,27.796513475767554,27.612285038313797,1
1029,1031,0.0035923728518408625,2,27.65451506747943,27.781514911706147,2
1033,1035,0.0036869578656448364,2,28.09184461041715,28.22350990247442,2
1040,1041,-0.0028040742020649764,1,28.461682881686144,28.41033589385194,1
1043,1044,-0.0013629168967681932,1,28.401882507851646,28.39157498478952,1
1045,1049,-0.013659370839302055,4,28.442931870975087,28.08286224866341,4
1052,1053,-0.0024676147569621565,1,27.823508732018755,27.78267454001318,1
1054,1056,0.006780834434693688,2,27.862882254522557,28.07967872821836,2
1057,1058,-0.0007538850738883034,1,28.288742460194584,28.295704741954967,1
1060,1061,0.012339905905640207,1,28.685025084555352,29.06768062008425,1
1063,1064,-0.0058634242200781015,1,29.64099858874692,29.49684183830311,1
1065,1066,-0.004099091774031548,1,29.407501629797206,29.316365083401482,1
1068,1070,-0.008978350770600618,2,29.31807149713953,29.084161638817804,2
1072,1073,-0.0019443157099077353,1,28.780963065520933,28.753784749951887,1
1081,1082,-0.006227459143975012,1,29.303104726868106,29.149923944116782,1
1087,1088,-0.004683814881529701,1,28.47430501802858,28.36941094946195,1
1090,1093,-0.012366992187277954,3,28.540198550850214,28.215782336899338,3
1097,1104,0.0011743081390030016,7,27.925987690068535,27.98670739239275,7
1108,1109,0.0014896202928416239,1,28.18658035816919,28.2567542406147,1
1110,1116,-0.04247280874761927,6,28.2685622790188,27.096185602050888,6
1120,1121,0.001368884605270493,1,27.20877688076324,27.27323133344432,1
1124,1127,-0.0025424945597357753,3,27.576462346372796,27.533925803226758,3
1129,1133,-0.004202508779599847,4,27.62815829886615,27.539678879349857,4
1134,1135,0.0004139206970918555,1,27.572300470263947,27.61128551656529,1
1136,1139,0.0065399003251863305,3,27.610124893447054,27.81830248310959,3
1140,1143,0.008757058165168863,3,27.878899129904433,28.150915170295786,3
1144,1145,0.00020296951210085207,1,28.20399938392341,28.23792793530158,1
1146,1151,0.009144803282228314,5,28.249817184347524,28.536406022441643,5
1156,1159,-0.011111008232427728,3,28.65612125932636,28.366378981363862,3
1161,1163,-0.005266784250536079,2,28.262928934989134,28.1423371149353,2
1165,1166,-0.0017621012066824666,1,27.9927288157281,27.9713955233193,1
1167,1170,-0.008915611898004265,3,27.917293214179974,27.696310755853737,3
1172,1175,-0.017820761764169173,3,27.685838665888834,27.220141769448695,3
1178,1180,-0.0053294207429263486,2,27.000702493592584,26.88380509214324,2
1182,1184,-0.00035285226405627355,2,26.642616987322366,26.659858696585328,2
1185,1191,0.010397392878239122,6,26.683765258772205,26.98789061489714,6
1193,1194,-0.004202146062745424,1,27.160379884848602,27.073408381337664,1
1195,1204,-0.002964858791685324,9,27.039866647083954,26.986737127376433,9
1207,1208,0.0014607966859205507,1,27.00305972524336,27.069508765124954,1
1211,1213,0.003026374260427604,2,27.598931934445122,27.710055563601266,2
1220,1221,0.004253420969157039,1,27.772962190860166,27.918865252809237,1
1223,1227,-0.01627998828614166,4,28.02246304354072,27.59428013648658,4
1229,1230,-0.0009656723136670431,1,27.56993994122178,27.5708863534723,1
1233,1238,-0.008803651179662749,5,27.72169679735897,27.505366345444006,5
1246,1250,-0.02813653994336888,4,27.50447114282978,26.75809496304114,4
1251,1254,-0.007842974714170312,3,26.756868635778876,26.573772060273864,3
1256,1266,0.01485175779612519,10,26.4894023902025,26.90930598105609,10
1271,1272,-0.002440956097884371,1,26.974415697147816,26.935546748362142,1
1274,1275,-0.00666624358505593,1,26.75702772676203,26.6054158900501,1
1276,1277,0.0005176766980454553,1,26.5689270989457,26.60925014049584,1
1284,1286,-0.00635810816373757,2,26.114305811467727,25.974382536308962,2
1288,1293,0.0028040608453336045,5,26.048530689141895,26.14762088481493,5
1295,1297,0.0001328074174397789,2,26.024892274095066,26.054373465101232,2
1299,1305,-0.03053520907355251,6,25.973057966320063,25.2059382690053,6
1307,1309,0.007566301619436207,2,25.361977912852122,25.579236265319093,2
1314,1315,0.0028739032192984454,1,26.3208064430198,26.422770699833947,1
1317,1318,-0.015453472124766339,1,26.36023272776941,25.979235838836242,1
1326,1332,0.019269601593278715,6,25.29993408932792,25.812753673654807,6
1340,1341,0.0018042847835452258,1,26.233567264416727,26.30713365791444,1
1344,1345,0.00021761068540924458,1,26.44043250240189,26.472626655543657,1
1349,1353,-0.02271349302105679,4,26.34590860344489,25.77384690085059,4
1354,1358,0.0020990312499953017,4,25.662289094486173,25.7418173303364,4
1362,1363,-0.0032961453426727377,1,25.87938064901352,25.819957829665032,1
1365,1367,0.002287915027916189,2,25.835541986077043,25.920487052827426,2
1368,1370,0.0015810655127843094,2,26.065644806359064,26.132921943237243,2
1371,1372,0.002532823875507664,1,26.242352351310146,26.33506196024634,1
1375,1376,-0.0035473939580226597,1,26.74433972949053,26.67621136005232,1
1378,1381,-0.0024410479223445783,3,26.643074096759243,26.604680150187235,3
1383,1384,-0.001292860944089827,1,26.644430028893833,26.636626915960836,1
1387,1389,0.0003721753838415176,2,26.46665129005832,26.502968177451255,2
1390,1393,0.010516377808198508,3,26.632013844932153,26.938718178163565,3
1394,1400,0.0054220098551384256,6,27.099015120329902,27.273045262497206,6
1402,1403,0.00090524165595822,1,27.41405651974008,27.46628692218028,1
1407,1408,-0.0034182242579975596,1,27.34264884445441,27.27652818774084,1
1409,1413,-0.010258562356645282,4,27.234788029740837,26.982633046497465,4
1419,1420,-0.004343474593811769,1,27.00566548044618,26.915372724023328,1
1426,1427,0.0038743694730496167,1,27.625511107242918,27.760168055261456,1
1429,1432,0.007520011369982761,3,27.796766430607317,28.033595196644846,3
1437,1440,0.004314856255265353,3,27.838382409034907,27.986339409918035,3
1442,1444,-0.0017409252792393577,2,28.081805577218613,28.060999057579767,2
1450,1454,0.008676346932509668,4,27.566148865014792,27.832888485025883,4
1456,1458,-0.01197648126163018,2,27.934493189675443,27.627870748625835,2
1460,1472,-0.017322382711596807,12,27.511250354441803,27.06220119728205,12
1473,1475,-0.014259836741530002,2,27.109334408605292,26.749869060175644,2
1485,1488,0.0028496901533746747,3,25.938270866174303,26.03812517212338,3
1489,1497,-0.02423015950842918,8,26.045716176788986,25.440670035490903,8
1498,1499,0.002557184936802403,1,25.524476099802303,25.615271381704293,1
1503,1504,-0.008169266370924157,1,25.8467133085094,25.661411335987786,1
1510,1513,-0.006395315589095889,3,25.8050201838581,25.665793956183197,3
1515,1516,-0.004186537106765479,1,25.9164163429402,25.833832720589037,1
1518,1519,3.607661649681986e-05,1,25.732451424531778,25.759112215737876,1
1534,1536,-0.005139170849078061,2,25.380865570571913,25.275809831677833,2
1537,1539,0.00067294583406744,2,25.272770637963827,25.31505061431795,2
1542,1543,0.0017750775092671978,1,25.642221541990562,25.713380694279387,1
1546,1547,-0.0022191607410024282,1,25.781087058459526,25.749655769257487,1
1549,1550,-0.0025584977371493354,1,25.768091751049575,25.727932238364907,1
1554,1555,-0.004546789094831694,1,25.894350911748575,25.80250911031704,1
1558,1562,-0.00036827079317464876,4,25.7325148141817,25.748770795354886,4
1564,1570,0.014237199957051808,6,25.88454026004601,26.278948175784688,6
1572,1575,-0.001261380554200599,3,26.435622891032736,26.42871313327084,3
1577,1579,-0.008879178999789284,2,26.5235345660907,26.314550889537372,2
1586,1589,0.0056988233596192706,3,25.965009982076793,26.138944997477477,3
1591,1593,-0.00039653203885000243,2,26.40711587694768,26.423051725325795,2
1596,1599,-0.010412308566635647,3,26.256481130157667,26.009347027886577,3
1600,1603,0.006282257353717523,3,25.989306578757038,26.17856739770821,3
1608,1612,-0.01884708158322817,4,25.813062886971007,25.352375047714236,4
1613,1618,0.004747310983801171,5,25.370647846206417,25.51646084923907,5
1619,1621,-0.0005512213122063313,2,25.59339015947023,25.604875927522187,2
1622,1623,-0.0018746608591505465,1,25.54373624708223,25.52139414079044,1
1625,1632,-0.025551660404377702,7,25.360486173672502,24.73784412944658,7
1633,1638,-0.028962048408218574,5,24.40460449446328,23.722201762205668,5
1639,1641,-0.015405706116744411,2,23.57480468636502,23.235192978293597,2
1642,1644,-0.019404018458413677,2,23.10961016697586,22.68430047489609,2
1647,1652,0.08249586453066451,5,22.265818517620982,24.124922284232625,5
1654,1661,0.09313949176378267,7,24.265164246787418,26.549474476544695,7
1664,1665,0.012369416916288126,1,27.10478100167593,27.467156119312023,1
1671,1674,-0.013916750851916543,3,27.068643777403764,26.71900484983176,3
1675,1678,-0.032297675796666044,3,26.626239938211835,25.79290051294144,3
1680,1683,0.018837615171924327,3,25.865949101656376,26.379067845991617,3
1684,1685,0.0015212881516430306,1,26.455574338449285,26.52227646457373,1
1687,1688,0.0029009387486264907,1,26.467730814727823,26.57097981145121,1
1689,1694,0.03485001146718457,5,26.741912369713837,27.700610234822523,5
1696,1700,-0.009292517118940555,4,27.98313591569726,27.7510852820747,4
1701,1705,0.010996780340534758,4,27.814264035781218,28.14794565175212,4
1709,1711,0.005500474241030864,2,30.084061760049813,30.2796224285866,2
1715,1716,-0.0071474932153349465,1,30.876969278666884,30.687153319516174,1
1723,1728,-0.016903095200489247,5,32.375584291652466,31.860712292490852,5
1729,1730,0.0006464050762867938,1,31.863689558960836,31.916150099199935,1
1733,1734,-0.00422162865042007,1,31.227203732581025,31.126601278363637,1
1735,1738,0.007794469426624511,3,30.970524014091676,31.242893340660146,3
1740,1741,-0.004993471620616017,1,31.087657636088814,30.963509957567666,1
1743,1747,-0.03334437922233887,4,31.380997903557034,30.365999006988964,4
1748,1750,-0.006976490678562895,2,30.4203903529467,30.23858317356407,2
1758,1762,0.028920886047247123,4,30.500270467048598,31.412865584103375,4
1763,1767,-0.028776397789050775,4,31.293935205537498,30.424702412883708,4
1770,1771,0.03665531718938674,1,31.390619394082382,32.57264312413787,1
1774,1776,-0.0186383142506985,2,34.14601586900725,33.54373771070036,2
1783,1784,-0.019079122190839883,1,33.94240862557853,33.32875967258528,1
1787,1789,-0.0037939418450483138,2,31.898796332879325,31.80967295099822,2
1792,1794,0.02604900019612345,2,31.709976835783515,32.56770000543369,2
1795,1804,0.07526508186346104,9,32.71889438866746,35.21420354770112,9
1805,1806,-0.009628729200827493,1,34.938374251792965,34.63690048165708,1
1807,1809,-0.01681815516039013,2,34.44265473323989,33.89783547653376,2
1810,1814,-0.012527471781172285,4,33.648261452327056,33.26038206794985,4
1818,1821,-0.02956915124087597,3,32.7752687834382,31.838907172603793,3
1825,1826,-0.024105345253239024,1,30.594638676606404,29.887738987085314,1
1828,1829,0.005317658630865038,1,30.518436379347634,30.711241442340125,1
1834,1836,-0.013377035797423005,2,31.962797659894825,31.56719296907252,2
1838,1839,-0.014555087048879471,1,30.808856501791958,30.39123977003373,1
1840,1845,-0.005113130856641093,5,30.06461207804291,29.940952394411767,5
1846,1848,-0.004082499912235049,2,30.275584862974814,30.18226037529183,2
1850,1851,0.0008432952868814689,1,30.39800612131426,30.454038622728273,1
1852,1856,0.02320286627364551,4,30.33783055068721,31.07209300653801,4
1859,1861,0.004980336111342908,2,30.731293893059988,30.915077359676946,2
1862,1866,-0.004436932499461215,4,30.851855965346573,30.745820218910577,4
1868,1870,-0.0038462874448829333,2,30.396066614810234,30.309550672030674,2
1872,1875,-0.012782256769282924,3,29.887326676384557,29.535186519335955,3
1879,1880,0.0011351475412374585,1,29.80089414757387,29.86452345343974,1
1882,1883,-0.0016384724946237026,1,30.507981214456315,30.488502707584388,1
1890,1892,0.009482799160992584,2,31.309551404362953,31.637763143555663,2
1895,1900,-0.013702188364836106,5,32.05749111028954,31.650290819702583,5
1901,1902,0.0025394623934851465,1,31.727268795042285,31.839566269790332,1
1903,1904,-0.0028756442734997954,1,31.893765037702366,31.83394367994905,1
1905,1910,-0.009118605439905711,5,31.855416240155815,31.596794684578025,5
1916,1919,-0.0017582771539094984,3,31.55287048908745,31.52894466825531,3
1926,1928,0.00026576176955177885,2,32.53197294076131,32.573150668397815,2
1931,1935,-0.005896734594326845,4,32.56261066049588,32.40316019839303,4
1940,1941,-0.0020932832471057265,1,31.6628622791968,31.62824580231154,1
1945,1948,-0.00719194170809467,3,31.498927293933743,31.303887772262193,3
1949,1950,-0.009160155638424098,1,31.35983776828686,31.103936611301908,1
1951,1954,-0.009062531764014226,3,30.914964672726033,30.6657117880688,3
1955,1956,-9.166340058779077e-05,1,30.635628789255165,30.66345625213045,1
1957,1961,0.03797055788127454,4,30.799937358724026,32.00022810030181,4
1963,1971,0.035417896482460895,8,32.968646840543286,34.169295608349,8
1975,1976,-0.00045762389565660963,1,33.844237306371724,33.86259361195643,1
1977,1978,-0.0009778361481064587,1,33.831964179297685,33.83271402594102,1
1983,1985,-0.01197741678013203,2,33.411465854834184,33.04469426891052,2
1990,1992,-0.002793403913282349,2,33.34434614214846,33.28454626129129,2
1997,1999,-0.01922772575939302,2,33.842801930306656,33.22592461779157,2
672,677,-0.0074997937820673625,5,27.00668000919208,26.83114215839405,5
679,680,-0.008031503617494832,1,26.648783636462312,26.46140261792069,1
681,682,-0.0057830560854278635,1,26.337807718639528,26.21183250715406,1
684,686,-0.006359543554878622,2,26.207673458597213,26.067212291223825,2
687,691,0.013467023347274652,4,26.11481938870831,26.492623090514613,4
694,695,0.0007710895442536783,1,26.761575608566172,26.808972755314258,1
698,701,-0.009593284754159864,3,27.098585950037418,26.86572008453367,3
702,703,0.005240594692835759,1,26.98393811166161,27.152333932633056,1
710,711,-0.010918052594753706,1,27.690467833760717,27.415832317412143,1
713,714,0.0018845788184014972,1,27.35657403385352,27.435486227855606,1
715,717,-0.014562623210669763,2,27.315812409145074,26.945338337746502,2
719,722,0.002538664171579052,3,26.706332737900883,26.800837480714762,3
726,728,-0.00850705585507612,2,26.38015044528779,26.182113182429703,2
730,736,0.01775839026684672,6,26.015402044106356,26.503409108598625,6
739,742,-0.011776965369287396,3,26.472066341716893,26.18677779949873,3
744,745,-0.0009137463936263197,1,26.26915100722192,26.27141681623267,1
752,753,-0.002069432580512686,1,26.2788467457652,26.25074329087698,1
761,764,0.0052525681733393385,3,26.77129064365792,26.938679963495673,3
765,767,0.0009600930994973782,2,26.929629363543835,26.98241394423134,2
769,776,0.0053757752343119745,7,26.987273039879067,27.159337826968343,7
777,778,0.005409428126311884,1,27.265878467455366,27.440637155793276,1
782,783,-0.00207062023114416,1,27.787714494277242,27.75796440496241,1
787,790,-0.012521195631798012,3,28.247035996346696,27.921596368614345,3
791,796,-0.009563511235986585,5,27.870651330093548,27.631980694274027,5
799,801,-0.0007478744377469943,2,28.062978520954484,28.070053915192574,2
802,807,0.009165734988815018,5,28.17013169228701,28.45650178567082,5
809,812,-8.453343128716215e-05,3,28.670681653297947,28.69692870385375,3
813,814,-0.003699127460638911,1,28.607480390739088,28.530265154836755,1
815,818,-0.007743975452464371,3,28.613206359567133,28.420239598261915,3
820,821,-0.0016568744196367583,1,28.509804542322456,28.49107718100976,1
824,825,-0.00563635382829697,1,28.680554587695298,28.547581388634956,1
832,836,0.013074017697849799,4,27.91840387666597,28.311327986921885,4
837,842,0.005081036660121192,5,28.51455021977378,28.687948245007092,5
847,848,-0.001332302752356914,1,28.563416544948698,28.553924843014094,1
850,851,-0.004679358651444754,1,28.28612814466673,28.182053334361775,1
854,855,0.002572853371060334,1,28.09976377846992,28.200160114211826,1
860,869,-0.0022783122301146506,9,27.74250623181376,27.7070426468036,9
875,876,-0.004173058303711895,1,27.795765432123883,27.707567847811454,1
879,880,-0.006669047814062526,1,27.40258364353475,27.247237086630705,1
881,882,-0.0021768330574779143,1,27.19912037986332,27.167111555865976,1
883,886,-0.0020899018206778225,3,27.208424457381906,27.17876994602803,3
887,889,-0.0007036386979769145,2,27.231558775534676,27.239629155749512,2
890,895,-0.004243038345614097,5,27.156797357168436,27.068726821995067,5
898,901,-0.0028035768883200975,3,27.3540599850692,27.304724834678407,3
903,905,0.000313845314968995,2,27.488622981841946,27.524738780361588,2
911,912,-0.0015459626687463414,1,27.88528448719832,27.870060162860938,1
915,916,-0.007798119719576517,1,27.646471080363803,27.45852706013568,1
921,925,-0.010849490194272667,4,27.318538344303033,27.049464668758958,4
926,927,0.000746623122410495,1,27.075605644741866,27.12289652361424,1
928,931,1.556924867589628e-06,3,27.219756152383404,27.24701828765103,3
932,933,0.001996664240465301,1,27.2222517058687,27.303827654100623,1
934,936,-0.005142888896019375,2,27.38741934960246,27.273956314088366,2
939,941,-0.007083352057406856,2,27.17814712550026,27.01281288826784,2
946,948,0.0024258146796057025,2,26.38258846375066,26.472970322595774,2
953,955,-0.002037005366187442,2,26.62960281540461,26.601987774385595,2
957,958,-0.0016032111024979734,1,26.74490556808674,26.72877274411281,1
962,973,-0.02101478381717061,11,26.719365872775814,26.18458354110032,11
975,987,-0.013587859144993126,12,26.258618065139437,25.92807827959329,12
992,993,-0.0041790342411013575,1,26.398008238801182,26.314088066713158,1
998,999,-0.004344531243431709,1,26.315605590199265,26.227592225113018,1
1001,1002,-0.003763101084722456,1,26.074524965659077,26.00247841744284,1
1004,1006,0.0006576409486073714,2,26.009763470263994,26.052878319255896,2
1007,1012,0.006601550799265326,5,26.11365744105897,26.31216173465179,5
1014,1026,0.03623931708102786,12,26.63617206439373,27.628084921724504,12
1028,1030,0.004849557190785622,2,27.595573580174594,27.75699546604436,2
1038,1039,0.0015768045112579307,1,28.378693825083698,28.45182017135578,1
1042,1050,-0.021568887611347825,8,28.460453980851952,27.87505410155187,8
1051,1055,0.004807540250562648,4,27.791870814355438,27.953273222748244,4
1056,1057,0.0030744313682654146,1,28.10449190869215,28.219001732114087,1
1062,1065,-0.0029355012542655956,3,29.436248783670624,29.379274887228956,3
1071,1072,-0.009937187247865364,1,28.95519507701723,28.696417076815457,1
1073,1074,-0.0051650945683981075,1,28.733126483351434,28.61345029430253,1
1078,1079,0.0008245539777470764,1,29.000653967821663,29.053567226375918,1
1084,1086,-0.010232467603837225,2,28.821138398803377,28.555048172230716,2
1087,1088,-0.0015435946662811536,1,28.459763854659357,28.444293278824343,1
1092,1094,-0.012256119469021328,2,28.38128396920079,28.061820846159247,2
1099,1101,-0.00253628619894101,2,27.810101653911733,27.767377378549682,2
1103,1104,-0.002413023204807763,1,28.022601587404573,27.983005001102487,1
1112,1114,-0.016724121567372876,2,28.039898029375937,27.59899526402529,2
1115,1120,-0.004001227820760905,5,27.296353512698346,27.21443093713071,5
1122,1125,0.0007767665790591929,3,27.497387535066093,27.546243974249837,3
1128,1132,-0.004830440285390384,4,27.64747735980043,27.54157534873203,4
1133,1135,-0.003932988313185917,2,27.630469919747465,27.54943007438501,2
1137,1139,0.005309498229567035,2,27.691628432596044,27.866348713165337,2
1142,1143,-0.0005597022267032157,1,28.05354718984218,28.065899104202945,1
1146,1148,0.002478982843443468,2,28.259367242247933,28.357681096050282,2
1149,1153,0.003428189183472534,4,28.513965877534755,28.64023111281156,4
1154,1157,-0.005834744811409893,3,28.68999847785162,28.55128965657147,3
1161,1162,-0.004114809455241668,1,28.28438790361112,28.196287424733228,1
1163,1165,-0.00627694008658847,2,28.111443160341654,27.963100759036994,2
1167,1168,-0.00441607816907911,1,27.91383113996761,27.818475310795005,1
1170,1172,-0.003076712223551335,2,27.776720968806245,27.71903671284015,2
1181,1184,-0.00238434728663583,3,26.73674333310684,26.699730395020175,3
1195,1199,-0.00778305437665427,4,27.032801289505823,26.849436328405815,4
1200,1202,-0.0010424217753603727,2,26.89980227122922,26.89866113386003,2
1212,1216,-0.009381226683169912,4,27.66204137130018,27.43019953204809,4
1217,1218,0.0017611359065520496,1,27.498542083860976,27.574469295786557,1
1219,1223,0.006861130700205872,4,27.741472268190538,27.95955160750692,4
1228,1231,0.0005313619454480269,3,27.610018425370637,27.652299356900368,3
1232,1233,-0.0032802237897254964,1,27.7507504433391,27.687472521995463,1
1236,1238,-0.009058700553352592,2,27.683842261405537,27.460746466454623,2
1239,1241,0.0003088435811098441,2,27.430804493967905,27.466707126354514,2
1242,1248,-0.019786728411970857,6,27.530612352336505,27.01340221505791,6
1250,1253,-0.01262082266433896,3,26.858667194759068,26.546547386288275,3
1254,1256,-0.006654736493749407,2,26.61863710167884,26.468115723046104,2
1257,1263,0.01451198568403679,6,26.394090331951507,26.803515083323912,6
1264,1265,2.167821968146878e-05,1,26.83870869925584,26.866129223378245,1
1275,1279,-0.007827392039749595,4,26.623629668977987,26.441859711706766,4
1282,1292,-0.012549390902211383,10,26.446914366357685,26.14146861418331,10
1293,1294,-0.0022872257223372668,1,26.096969460776915,26.063376770411953,1
1295,1297,-0.00047562606623055646,2,25.991992308095554,26.005621831348655,2
1308,1310,0.004772110767467093,2,25.560210168994345,25.70774653332952,2
1314,1315,0.0012464532164884936,1,26.345819711113457,26.405004362544513,1
1318,1324,-0.020698761908316057,6,25.984450533201016,25.472589028829073,6
1328,1330,0.005528328443245556,2,25.306858597106153,25.472070081894834,2
1332,1335,0.0026917243940170732,3,25.90074441741405,25.99636282740302,3
1337,1338,-0.0010041115526322553,1,26.175783634553,26.175676011440896,1
1340,1347,0.0045538896236519905,7,26.229339575013277,26.375014431914188,7
1348,1352,-0.016055879387401606,4,26.38401050643914,25.986776026498255,4
1353,1355,-0.007044216061525991,2,25.784149475511697,25.628304505119022,2
1367,1370,0.004856118715794077,3,26.004731712830896,26.15701850891361,3
1371,1372,0.000991550501960942,1,26.247738814572,26.3000125119835,1
1374,1378,-0.0024484192320616575,4,26.697173519519996,26.658504819952636,4
1382,1383,-0.001138763004631512,1,26.69623577713557,26.692531327246783,1
1384,1385,-0.006638693800705858,1,26.68061938781258,26.53017554467153,1
1387,1389,0.0017703422988495825,2,26.483987887888624,26.55735759977666,2
1392,1401,0.017118027877761136,9,26.83868169792612,27.324945681131503,9
1406,1407,-0.004408401983423045,1,27.41981507444688,27.326357322362043,1
1409,1415,-0.007135962214442513,6,27.216862779488913,27.049861137878302,6
1420,1422,0.0013544294906744732,2,26.968938155486452,27.032434618811905,2
1427,1430,0.0013727788262160052,3,27.797155785519333,27.86311228819624,3
1431,1437,-0.005701120393346835,6,27.975762640947767,27.844245212676977,6
1446,1449,-0.008483896365258287,3,27.79991699662677,27.591865298861233,3
1450,1456,0.010731919240645472,6,27.536527500163594,27.859583816963326,6
1458,1464,-0.02434720334238326,6,27.62132340380911,26.97644274971465,6
1466,1467,-0.000622378963094144,1,26.98872573379688,26.998917244393244,1
1468,1469,-0.0010055646366463496,1,27.04746672404452,27.047316214719995,1
1470,1473,-0.0020486490057424625,3,27.0822833297527,27.053883520265718,3
1474,1478,-0.022831167697829766,4,26.961472543754788,26.372872115271644,4
1479,1481,0.0007375992153733756,2,26.337414069486385,26.38317793950849,2
1486,1488,0.0005989946062777086,2,25.966549944325784,26.008070317630402,2
1491,1492,-0.005115497889407382,1,25.942710519776075,25.83594334938643,1
1493,1496,-0.012353099056626505,3,25.69680653712855,25.40506814707356,3
1497,1505,0.004136587697813336,8,25.51072102966804,25.64175908547138,8
1506,1507,-0.0010711835042707524,1,25.642919056377515,25.64109370353935,1
1511,1513,-0.004618387196098516,2,25.765546100701442,25.67231637859018,2
1514,1518,0.00011309973434448406,4,25.704001147831104,25.732612264680345,4
1521,1529,-0.010390711593628983,8,25.77840547711838,25.536327905939135,8
1531,1533,-0.0018931062219344152,2,25.40028503753157,25.377599884925644,2
1534,1535,-0.004714037229930091,1,25.40010710095292,25.30577015753577,1
1537,1539,7.221196710895605e-05,2,25.293455115061068,25.32057506032497,2
1543,1545,-0.001643571097011464,2,25.738762518516893,25.722197794887133,2
1546,1557,-0.0007743101373631866,11,25.73370001390879,25.739507849130067,11
1564,1566,0.0023902087590650318,2,25.942419969111636,26.030370188522262,2
1571,1573,-0.0019566407780658534,2,26.379250276499555,26.35401480999025,2
1577,1581,-0.021904336650383854,4,26.505210818267734,25.95113696833327,4
1583,1584,-0.005865960854143996,1,25.96482878805538,25.838484947588153,1
1585,1586,-0.0001012458857506533,1,25.973230272187937,25.99657381975541,1
1591,1593,-0.0008262445316314808,2,26.42660449540923,26.43119626245072,2
1594,1596,-0.01180982053455706,2,26.50569865463565,26.21917680903599,2
1604,1606,-0.004346730049011484,2,26.191480700905508,26.103824885415683,2
1609,1612,-0.011599014531033902,3,25.609376909672118,25.33794275167578,3
1613,1616,0.004865125674143052,3,25.26497804959863,25.41316032101399,3
1624,1626,-0.007236776299622347,2,25.43903157196429,25.280374022770918,2
1630,1631,-0.0030856279446459024,1,24.93666851413047,24.88465990143103,1
1638,1640,-0.016035605258959282,2,23.743110612602113,23.38611857381122,2
1647,1648,0.024793691124903584,1,22.24493567046998,22.818714670247434,1
1650,1654,0.016590001619201464,4,23.858072052238498,24.2777355782684,4
1657,1663,0.09044506175891716,6,24.865682857976584,27.1395267626019,6
1664,1666,0.02496519276373723,2,27.121721566971363,27.825942295542184,2
1667,1674,-0.029952673707630374,7,27.59402849765144,26.795107594279884,7
1676,1679,-0.031023678226322737,3,26.421290441448875,25.628026118910597,3
1681,1686,0.01075373374979998,5,26.104159463953867,26.4109808040555,5
1687,1693,0.03875462096993094,6,26.483631725426605,27.536478466578178,6
1695,1696,-0.0005380570884441316,1,27.941530737065815,27.954438129127823,1
1699,1700,-0.0032257298530988616,1,27.841385698003553,27.779418294703866,1
1701,1708,0.07046201063408591,7,27.798694054306466,29.785244624429016,7
1709,1710,-0.001565154669757182,1,30.127538306644198,30.11051158768191,1
1711,1712,0.006378497074204964,1,30.304997397982696,30.5286027326175,1
1713,1715,0.006576389170185621,2,30.659441962664015,30.891729826713878,2
1716,1717,-0.014214081561319883,1,30.769936188310965,30.363339741882015,1
1718,1719,0.003158455187710076,1,30.328164741826125,30.454283055830498,1
1722,1727,0.0033428395194321425,5,32.06881096894283,32.20808066855995,5
1732,1733,-0.008948396467914128,1,31.406646190700126,31.157013715048937,1
1735,1737,0.002842528560300547,2,30.966480968025223,31.085470555556864,2
1738,1740,-0.01032745918972773,2,31.30382318060157,31.011838047402055,2
1744,1746,-0.023088608263537022,2,31.216809766500997,30.5272738843314,2
1747,1752,-0.004959784251149792,5,30.507219349928523,30.386417343200304,5
1753,1756,-0.004903155203233482,3,30.543665004511592,30.424448339523412,3
1757,1758,0.0012918042667600942,1,30.38878334200516,30.458428485330014,1
1760,1761,0.005424426557278567,1,31.05188104013541,31.25137156934311,1
1766,1770,0.01937117904502109,4,30.737058591871218,31.36320871576353,4
1771,1775,0.037717964615384014,4,32.54609116890902,33.806209575155904,4
1781,1783,0.0096692101076718,2,33.53758406914147,33.89540360007884,2
1785,1787,-0.025490266685735494,2,32.70536506014394,31.90440194776668,2
1789,1792,-0.00607147764089406,3,31.87187794519039,31.710240428818054,3
1794,1800,0.07618875606276795,6,32.57309728810781,35.08737414888837,6
1807,1810,-0.025884367628647504,3,34.423784101170774,33.56717000242805,3
1814,1822,-0.05171063324584297,8,33.28675465246682,31.598762245341216,8
1825,1826,-0.02511661158312545,1,30.536565204818594,29.8001267226912,1
1832,1833,0.00520023800117451,1,31.288357665367563,31.482352929558715,1
1834,1841,-0.06458768941731918,7,31.94204269498338,29.910922004740026,7
1844,1847,0.013102729690860359,3,29.820152125821043,30.240697670591832,3
1850,1853,-0.0071048838519589645,3,30.417837511605597,30.232140146569485,3
1854,1855,0.014261580903068921,1,30.42709980936333,30.89146545474968,1
1857,1858,-0.00676480608276503,1,30.932997172045052,30.754674441789493,1
1859,1860,0.0037823002866667404,1,30.637311894694715,30.783828720151412,1
1861,1862,-0.0019410892415246466,1,30.888331117486885,30.859262441383567,1
1863,1864,-0.0007169399989218506,1,30.818951016383927,30.827674628691852,1
1865,1867,-0.012300719267916635,2,30.834589065215866,30.48613603044829,2
1869,1872,-0.0204967304629452,3,30.45112709930026,29.857429681952315,3
1874,1875,-0.007439118233830233,1,29.71214028510959,29.52082030083362,1
1879,1884,0.016116329365861614,5,29.794586543186895,30.30456049977975,5
1885,1887,0.004939903447046518,2,30.363298295138,30.543653355344993,2
1888,1889,0.003982671718662021,1,31.074368681019937,31.229202059022132,1
1899,1903,0.010595773023229265,4,31.608618563343686,31.97514492978205,4
1908,1914,-0.023260927189267293,6,31.918527290522622,31.207991278519657,6
1915,1917,-0.0009808157715404013,2,31.45117177881762,31.451775145282348,2
1918,1919,0.0003674277393713437,1,31.478127776541044,31.52117184164616,1
1922,1926,-0.019251611604937522,4,33.11574607015271,32.51133033487255,4
1928,1935,-0.005756572186952376,7,32.59444471687385,32.43940688768441,7
1943,1945,-0.004763078075649417,2,31.52020970833454,31.401596698241235,2
1946,1947,-0.004838679454056935,1,31.447047780086546,31.32633264388238,1
1949,1952,-0.020885606390826823,3,31.368939557138244,30.745149172207356,3
1955,1972,0.11695812795762923,17,30.594965672976027,34.20389054868821,17
1978,1980,-0.007013048661022143,2,33.9065466054732,33.70266489080728,2
1984,1987,0.0040078643126512615,3,33.243986170381646,33.41046754233457,3
1991,1998,0.014586043564781801,7,33.3112841598096,33.83047528592322,7
672,673,-0.0005247889366431537,1,26.992583718863035,27.005410893274824,1
674,677,-0.01003002320537491,3,27.06330649357581,26.818924207924645,3
678,682,-0.023420299236694,4,26.79296240421036,26.192256169670472,4
683,685,-0.004885997810800546,2,26.26534014508022,26.163273090776507,2
687,688,0.0035892471372949084,1,26.093733733972122,26.21348432681209,1
689,690,0.0008031845240620806,1,26.34183790060308,26.389337095040798,1
691,692,0.002307188623613236,1,26.496149618828714,26.583777383417658,1
695,697,0.007003347636398348,2,26.82735749385174,27.04206616204097,2
699,700,-0.006473628261408574,1,27.1151948732012,26.966776376229646,1
702,706,0.017934733172010314,4,26.966511181923423,27.477114875733175,4
710,711,-0.010929069476199628,1,27.660586275843915,27.385942392958647,1
714,715,-0.007855586166988327,1,27.462005549279144,27.27373740391775,1
720,721,0.0023964096199943327,1,26.67682757298376,26.767433006783573,1
723,725,-0.012474534174820067,2,26.788963624984248,26.481572746361355,2
726,728,-0.007926289221944102,2,26.37102766282442,26.18837429815181,2
729,733,-0.009736936371665662,4,26.127757190173185,25.89948063806831,4
734,741,0.0009973258217595747,7,26.1842022214971,26.23650060471627,7
743,746,0.0017037652826399404,3,26.316536262927794,26.387690000034834,3
748,749,-0.001685854655558913,1,26.327602832458496,26.309545923486148,1
750,751,-0.003321150755686717,1,26.361133794980127,26.29994562935115,1
757,759,0.0027260787655349317,2,26.357716270882435,26.455927197787364,2
760,763,0.012552076884854366,3,26.540921532473313,26.900606141676278,3
765,771,0.005178199728436066,6,26.986273535295908,27.153000123123174,6
773,780,0.01707824165327983,7,27.233156287919616,27.725483868274164,7
781,787,0.012500831561937913,6,27.842293759370076,28.218187877713326,6
788,789,-0.005662934047353102,1,28.28383348493403,28.151947834787464,1
792,795,-0.0066375693995067,3,27.820299389374952,27.663460520852297,3
796,798,0.010214003569613356,2,27.61216333961578,27.921806237870978,2
800,802,0.0011028869097892287,2,28.115206940276163,28.174330040916885,2
803,805,0.007500964919280958,2,28.185970627595054,28.425578575116123,2
807,811,-0.0015432129622331946,4,28.59715181499815,28.58161747144929,4
813,814,-0.004299663731237476,1,28.607571978965247,28.51317661126749,1
815,818,-0.008108088374168775,3,28.60024508253781,28.396952012968246,3
819,826,0.001734993670365924,7,28.460418238773773,28.538257302512786,7
827,830,-0.013215458177760459,3,28.460940665670456,28.113277235269237,3
831,833,-0.006296594776349172,2,28.06325257149049,27.914612894512967,2
834,835,0.00350843650479062,1,28.052666334894894,28.179139999855845,1
836,839,0.00612472429977918,3,28.42164912996591,28.624145544161976,3
843,846,-0.004162599337196239,3,28.690260618661796,28.59952481944523,3
847,850,-0.014057919442305715,3,28.632376541923893,28.258497275597687,3
854,862,-0.011236184204950341,8,28.083294744822158,27.795828966732245,8
863,868,-0.007137152939036416,5,27.81368220131082,27.64298537984362,5
869,872,0.008809135361062842,3,27.63776942820844,27.90887204960758,3
874,875,-0.005181955113511245,1,27.867386554686654,27.750846394984087,1
880,882,-0.005590741716087881,2,27.32801835731754,27.202562483426586,2
883,884,-0.0037111273425068513,1,27.20702892304812,27.13326720302647,1
892,893,-0.004899133902988983,1,27.09294179453326,26.98730278665049,1
904,908,0.0034276397438915323,4,27.562922212721293,27.68496090256813,4
909,910,-0.0013186175124010391,1,27.823929039337305,27.815063848281568,1
913,914,-0.007298833018644074,1,27.92814040171901,27.752225708807334,1
915,916,-0.0057679467605630756,1,27.585969468459872,27.454441034695737,1
921,923,-0.006968607489802155,2,27.34119082770159,27.17800199134726,2
927,929,0.005284657408606337,2,27.103940104372903,27.274279082352272,2
937,941,-0.01064995907631586,4,27.25446116348278,26.99145672860813,4
943,945,-0.008469519578329249,2,26.738956892399354,26.539229730387476,2
956,958,0.003437334223323256,2,26.705993631333513,26.824497050841682,2
959,964,-0.011569915195009113,5,26.84744247341243,26.563667283265573,5
968,969,-0.0017999197123951677,1,26.485786821557895,26.464600318581034,1
971,972,-0.0034612085585530306,1,26.29719812997997,26.2324752408765,1
979,986,-0.014556817248482262,7,26.18038504194749,25.825462346438908,7
987,989,0.0012696810551879978,2,25.999259420184934,26.058269446739846,2
991,995,-0.0005816276970658816,4,26.304694119706888,26.315699275163727,4
996,997,0.0002182511003143738,1,26.264740056029176,26.296737104501904,1
998,999,-0.0009805988144498047,1,26.240622153190166,26.241131252369513,1
1000,1002,-0.008596583166973072,2,26.17614043509847,25.97729120729288,2
1004,1007,0.0009393066689874119,3,26.006525785249973,26.0569604141425,3
1020,1021,0.0027327153026994178,1,27.340178580724814,27.44223168369162,1
1027,1028,0.0014234491777851232,1,27.50051096567537,27.567157056363808,1
1030,1032,0.006880242136065498,2,27.719443723682915,27.937879652102577,2
1033,1034,0.0014180765285253588,1,28.11291669972779,28.18089588374779,1
1040,1042,-0.0015645837132484074,2,28.45113568798791,28.435072640155052,2
1045,1052,-0.02138353547114898,7,28.36044670412672,27.782360532755522,7
1057,1063,0.045836368902395945,6,28.25586882641462,29.579271122426285,6
1064,1065,-0.005995048200903428,1,29.472266298245362,29.325050907495765,1
1067,1069,-0.0012748556041493905,2,29.27276404674532,29.26471826349813,2
1071,1075,-0.012652066081269418,4,28.962361167535,28.62488982134129,4
1083,1087,-0.022040975321959075,4,29.06748337365058,28.455875173314144,4
1093,1094,-0.008795937791365262,1,28.2736750860868,28.053255273982394,1
1099,1101,-0.0004709961893646197,2,27.79653667593563,27.811241149759667,2
1104,1105,-0.005159863572549338,1,27.991918665622336,27.87547610283945,1
1108,1109,0.001317373778417052,1,28.195452476133095,28.26079187837189,1
1110,1111,-0.0061805841988030975,1,28.23882729194814,28.092533669486745,1
1113,1118,-0.02594399292238052,5,27.87153500967715,27.176307637659882,5
1119,1122,0.009026021037026849,3,27.172199393938886,27.444628436684805,3
1126,1128,-0.0004662456401792408,2,27.58547990833614,27.600203778504962,2
1130,1138,0.0044453952547659,8,27.62112888848956,27.77153685267022,8
1140,1141,-0.0007615453119565963,1,27.848365598163333,27.855006171494562,1
1143,1144,-0.00026799221682832287,1,28.144254422447563,28.16485623573636,1
1145,1154,0.014090389398663233,9,28.264821150828418,28.69134830827799,9
1155,1156,-0.0004044044280667905,1,28.623288413882285,28.64033631771576,1
1159,1171,-0.02593701145504529,12,28.424115481494688,27.715302988133125,12
1174,1179,-0.022705283485659415,5,27.505309026887765,26.9082984970985,5
1180,1182,-0.0065052662085654375,2,26.800628071750964,26.653083479659223,2
1183,1185,-0.0034209387473894647,2,26.75304632864967,26.688278842181937,2
1186,1187,0.0024123924690588067,1,26.692002631298458,26.7830862200616,1
1188,1189,0.00037053359401854587,1,26.820046575185412,26.856804350009845,1
1192,1193,-9.657579248411794e-05,1,27.137269716656515,27.16178618304443,1
1194,1195,-0.003126953165196712,1,27.09367709377917,27.03605011152774,1
1197,1199,-0.0038644150847104175,2,26.911412839201184,26.834327382313706,2
1201,1202,0.0010442657578643676,1,26.87701912321026,26.931962893077305,1
1205,1211,0.01654406441626842,6,26.996897814173874,27.470533128465156,6
1224,1225,-0.004554333836132844,1,28.01835861215242,27.91877201210434,1
1231,1233,0.0016256020066032248,2,27.61856535028294,27.691080710886144,2
1234,1241,-0.009974866389456473,7,27.753219557576443,27.504138120169944,7
1242,1243,0.0016199982791814823,1,27.514454777931476,27.586542602102273,1
1245,1246,-0.003099929703234536,1,27.582421039272266,27.524499894044776,1
1249,1250,-0.0028583852120191208,1,26.88833612382378,26.838367237595467,1
1255,1263,0.005059095309157702,8,26.616534744412306,26.777806865228207,8
1270,1271,-0.006172224038768755,1,27.094344190789002,26.95420617245073,1
1272,1278,-0.016256278660709066,6,26.96175465104986,26.550418608911773,6
1280,1282,-0.0093374764892213,2,26.56684553786082,26.345345087796133,2
1283,1284,-0.00518810007874397,1,26.221405911512356,26.111588039349574,1
1286,1293,0.001279271206735324,7,26.029173730372673,26.088501276591423,7
1297,1299,-0.0032921122080794003,2,26.03103005991537,25.971364018126156,2
1302,1304,-0.025999929143766032,2,25.732179519621287,25.088876854916087,2
1310,1312,0.008967760951729496,2,25.706947164521804,25.963187868656497,2
1320,1322,-0.005357209869783593,2,25.682563634201372,25.570659314453085,2
1324,1331,0.004789508325744065,7,25.50786863087469,25.655546648685124,7
1332,1334,0.0012459779659446395,2,25.877959376366416,25.936080702929345,2
1335,1337,0.004906840949466912,2,26.02027356072621,26.17397117811104,2
1338,1339,-0.0006763952459798122,1,26.188160531789553,26.196635145036684,1
1344,1347,-0.006535869141477535,3,26.49037027672425,26.343723053363018,3
1355,1362,0.00926962148116316,7,25.627854030941794,25.891042391214068,7
1367,1370,0.006567745071962788,3,25.96455683884501,26.161049985907876,3
1371,1379,0.012679624322804756,8,26.225754684402858,26.584513156067526,8
1381,1383,-0.001324354015317543,2,26.611105579682444,26.602474160735635,2
1389,1391,0.0031833079746992447,2,26.532362687735667,26.643355732154884,2
1394,1395,0.0004527505401179992,1,27.163982608018436,27.20344509842399,1
1397,1398,0.0011603588388641563,1,27.285486123968912,27.344432565089534,1
1402,1405,-0.0035659379955351087,3,27.51719503478409,27.44658761851379,3
1407,1411,-0.006864815168537486,4,27.321224468147516,27.160990536463707,4
1415,1423,0.00481028933708568,8,27.074379421061177,27.23168939911958,8
1425,1428,0.014246595854883328,3,27.467814791899873,27.886605463048756,3
1430,1432,0.004029155781659365,2,27.892533987019522,28.032809885585472,2
1435,1440,0.0007223089236958783,5,27.91670959548032,27.964790793536842,5
1441,1444,0.002154638829327462,3,27.948445961216382,28.036613214064996,3
1447,1448,-0.003650035131178478,1,27.64917066705253,27.57589939343689,1
1449,1452,0.00030912432378352975,3,27.5890615614879,27.625179073048404,3
1453,1459,-0.010654565701214671,6,27.720911338112703,27.453277978301347,6
1460,1465,-0.02314001911012791,5,27.481523776584723,26.873082314995703,5
1468,1469,0.0011962924698746941,1,26.989906322113928,27.04918405013181,1
1470,1473,-0.00247987364482255,3,27.05245012507423,27.012415917106257,3
1474,1475,-0.008763583838126383,1,26.973141399789597,26.763733155154693,1
1476,1477,-0.0077138111820400776,1,26.584275793143686,26.40579398505724,1
1484,1485,-0.002424781981685062,1,25.91944082206011,25.882511269801487,1
1489,1492,-0.012910612407103103,3,26.102667284655578,25.791768531836475,3
1495,1496,0.0012675584321607844,1,25.357485326286834,25.41498490595685,1
1503,1507,-0.007077967373513204,4,25.861708517171788,25.70452189658111,4
1510,1511,-0.004291916562640013,1,25.81820949332463,25.733218101875845,1
1515,1518,-0.0076158788035673485,3,25.90057122817749,25.729216187988705,3
1520,1521,-0.0006652152269428908,1,25.72743237986631,25.736045532476947,1
1522,1524,-0.0011017883150089504,2,25.881227880021047,25.878593473444777,2
1526,1529,-0.011305616719062824,3,25.842306395531708,25.575985490682772,3
1534,1536,-0.00423019515125743,2,25.355567811638554,25.27366437943602,2
1537,1539,0.0015709350390785875,2,25.281701206424007,25.346698817903118,2
1540,1545,0.010455524958808242,5,25.4386589261508,25.73007211839793,5
1551,1552,0.0026506304131138445,1,25.752044870377915,25.84605606858159,1
1553,1558,-0.009659226357753261,5,25.964295540129587,25.739464827828,5
1563,1565,0.0055545361836540404,2,25.804071394626973,25.973205114268648,2
1567,1572,0.006479087538754281,5,26.159118326142583,26.354764662040434,5
1573,1574,0.0020463894054613078,1,26.331883218555543,26.412100388618395,1
1575,1582,-0.02152765777721392,7,26.41971456164259,25.877379702549515,7
1585,1589,0.00695040163281867,4,25.9788940365399,26.18543667810683,4
1598,1604,0.004395345707423753,6,26.09184756277434,26.23262210052091,6
1605,1606,-0.006860423281428808,1,26.200004823939835,26.04646170569607,1
1607,1608,-0.004301006084248691,1,25.878080974915473,25.792657272168597,1
1609,1618,-0.004039632116659199,9,25.644032461256998,25.56608403658711,9
1620,1623,-0.0028925164025951186,3,25.55669433606994,25.508327872842816,3
1624,1633,-0.044502190343793276,9,25.484206519487977,24.375587716716673,9
1637,1638,-0.0017605820530170392,1,23.713909945562197,23.69587357125074,1
1639,1644,-0.04026615548590666,5,23.570760794778778,22.64522763648988,5
1647,1657,0.11536605114063281,10,22.288359039002003,24.881967366775296,10
1662,1667,0.014662718630329644,5,27.115475761301244,27.54017782867803,5
1676,1678,-0.02899159412106536,2,26.42530538577403,25.685618962890242,2
1680,1682,0.013667297152510534,2,25.881215628824283,26.260823109120448,2
1688,1689,0.0030499108260189905,1,26.607508667042637,26.715266704446687,1
1691,1694,0.02148689019170306,3,27.101444565629027,27.710871773612855,3
1706,1707,0.017477718725448756,1,28.936857808874926,29.471544928265622,1
1713,1715,0.006004341798913885,2,30.628964516140176,30.843500252558027,2
1717,1718,-0.005305991221536837,1,30.40876736186172,30.277827476543788,1
1720,1727,0.044020383862938904,7,30.821807043929628,32.209416628396774,7
1729,1731,-0.006793963876235922,2,31.932713212146975,31.747696225325594,2
1732,1733,-0.008828356996716597,1,31.39152324436473,31.145779193737116,1
1734,1737,-0.0025951646288413857,3,31.147219159968866,31.097534217678113,3
1741,1742,0.0070331234136876775,1,30.966059128751386,31.214813303368196,1
1747,1752,-0.002129526807010879,5,30.402975897916473,30.36863492162687,5
1754,1758,-0.0030152248238512333,4,30.510589592443957,30.449103894906926,4
1765,1767,-0.015496743797070847,2,30.842325652000596,30.395212358917718,2
1768,1773,0.11610917980457375,5,30.376624123794706,33.93400566016413,5
1776,1778,0.004821460679900652,2,33.534226317769765,33.72944449770955,2
1784,1786,-0.043504877621319556,2,33.382627898948485,31.96370338542563,2
1788,1789,-0.011888553727963908,1,32.17861605540786,31.828237465597027,1
1793,1801,0.07484569085017229,8,32.490444126361815,34.95470430715465,8
1802,1806,-0.009883135553106728,4,34.94567755891157,34.6352503681606,4
1807,1814,-0.034075685230895596,7,34.472580878912666,33.33237664466516,7
1817,1819,-0.019924000366182745,2,33.02520784212976,32.400238796832035,2
1820,1823,-0.02757275009489564,3,32.23714245738635,31.38051292709267,3
1825,1829,0.00128091548714146,4,30.60659695516221,30.676408016165936,4
1835,1838,-0.03149937387287717,3,31.74027198658795,30.772213564442193,3
1839,1840,-0.014634070144379355,1,30.44805032358237,30.032919469711054,1
1844,1851,0.021427490054487585,7,29.826193793893346,30.495120458569108,7
1854,1859,0.008396233959298702,5,30.408593717982463,30.694319978929887,5
1860,1862,-0.0007741691545599012,2,30.780578820701894,30.78753002484011,2
1863,1864,-0.002503427873129049,1,30.807350058406715,30.761033429631663,1
1867,1870,-0.007723714339923171,3,30.510981743116687,30.30583461764536,3
1871,1874,-0.021101381659490808,3,30.215628580164463,29.60825269799316,3
1877,1878,0.002175620423200025,1,29.63917941711131,29.73330220059518,1
1881,1883,0.003225594107520168,2,30.362483624644675,30.49078315653865,2
1888,1889,0.0030727337275745703,1,31.02283476285722,31.14918250832088,1
1890,1891,-0.0020038645664860006,1,31.3297359736246,31.298285161803317,1
1892,1894,0.007100763402605113,2,31.706551231488756,31.963398501327625,2
1905,1908,-5.982112041311833e-05,3,31.88984707914035,31.919829239837412,3
1911,1912,-0.008625938194108762,1,31.48619432355171,31.246082551672608,1
1914,1915,0.0022114865456875294,1,31.26553148460013,31.365940318306695,1
1916,1920,0.011674536395704121,4,31.545714761516475,31.945542071389816,4
1926,1932,-0.004972211868781833,6,32.54341413544373,32.41414479956424,6
1933,1936,-0.011045877438654386,3,32.57275639469479,32.24553447611454,3
1938,1939,-0.006728656949651612,1,31.883357865105975,31.700709045493806,1
1942,1950,-0.013341446697918657,8,31.527210794791806,31.138119403233837,8
1953,1954,-0.0010976370061060857,1,30.735626690153072,30.73262575558225,1
1960,1961,0.010314546779519627,1,31.67975243922474,32.03819448016195,1
1962,1963,0.019167727928221516,1,32.33040531388014,32.982436132059604,1
1966,1976,0.008183017437461072,10,33.49686428283114,33.804466571640646,10
1977,1986,-0.017029268209130703,9,33.80042776512631,33.25863164289575,9
1987,1990,-0.0037400356517655366,3,33.35688568997922,33.26548663395681,3
1992,1993,0.0014750170153215512,1,33.32688148515211,33.40936608389546,1
1994,2000,-0.014922487453396398,6,33.641450169476165,33.17307750157757,6
675,676,-0.00656223090605577,1,27.08912558244842,26.9384496109157,1
679,680,-0.008527622834666697,1,26.65733155518486,26.45666521745877,1
686,688,0.003009533856996837,2,26.121971110230817,26.22670803780878,2
689,693,0.012830462653121853,4,26.36158881723046,26.72618178684412,4
700,703,0.005253719716748377,3,26.97881997010441,27.147537948486058,3
705,706,-0.0024348215943450864,1,27.565101042408664,27.52555004018271,1
707,708,-0.0012973957877100814,1,27.7566078929745,27.74835319470601,1
709,713,-0.0150166054453548,4,27.70430467727758,27.315984369478283,4
714,715,-0.008577012448836555,1,27.424012320850565,27.216220238098433,1
716,717,-0.008705294561185403,1,27.068800565033957,26.86022748326239,1
723,729,-0.025043771830051593,6,26.816988615781295,26.172207060334358,6
731,732,-0.005216111327508222,1,26.00601757934061,25.896373314040975,1
733,734,0.008506357125357848,1,25.873351724252586,26.119313045773325,1
735,736,0.008427704801133563,1,26.302447548976513,26.550419260015563,1
738,739,-0.006404688347757593,1,26.66609194577925,26.521970029359665,1
740,741,-0.004906894035390045,1,26.35207432498526,26.24911956298482,1
743,746,0.0007288065774407283,3,26.336521624964114,26.38205237677626,3
752,755,-0.0032336444321001355,3,26.318794967517427,26.260008137678646,3
756,757,-0.0014535951370101819,1,26.328703668004962,26.316761096057373,1
758,759,-0.0006418201169175112,1,26.4080620663673,26.417520902950667,1
761,762,0.0020117891508416503,1,26.697420679452467,26.777827681410297,1
763,764,0.0001877858909701453,1,26.918614240181427,26.950587790380382,1
765,770,0.0015805563704967517,5,26.95307723088502,27.022631166037673,5
772,775,-0.0008145150740369188,3,27.203750098069396,27.208795983642254,3
781,786,0.012554760881182212,5,27.815668744490168,28.192703483071906,5
789,793,-0.015613495501801931,4,28.178038232968127,27.766258598001045,4
794,796,0.0008829019300434582,2,27.683796429125543,27.735922302852874,2
797,804,0.01765501610003698,7,27.82416600604427,28.343226270857127,7
806,807,-0.003721298508497782,1,28.557807032623476,28.48009271493963,1
808,809,0.0026495285837071906,1,28.533021958750393,28.637154037968397,1
811,812,-0.0024705886830269684,1,28.66864728113483,28.626487492885502,1
813,825,-0.0031121235311979355,12,28.658849975102704,28.59831894369322,12
826,829,-0.008900524238011482,3,28.533576664248905,28.308146450215848,3
830,832,-0.011105160807306485,2,28.21468201298439,27.929568114116165,2
834,849,0.012276742626502777,15,28.039516670097633,28.411790116298054,15
850,857,-0.009976811971172353,7,28.30777936780806,28.053665755101814,7
867,880,-0.016861918904556003,13,27.690727037774817,27.251498971093437,13
882,885,-0.003649595419082197,3,27.147448873972607,27.07551911779636,3
893,897,0.009592674392951514,4,27.07061772333262,27.357367962491946,4
906,909,0.003365999331578444,3,27.640637714971277,27.761316720759243,3
911,914,-0.008153733500687148,3,27.930926626400428,27.731116220887913,3
915,918,-0.014380135433402486,3,27.675926428233296,27.30561878437865,3
920,921,0.0004219782268149875,1,27.25338656863806,27.292140290945635,1
922,923,-0.0037372997053125904,1,27.261609538427095,27.18698634267121,1
924,927,-0.002639162578768159,3,27.12682477687212,27.08235950081707,3
935,939,-0.008302368357376112,4,27.328356231259914,27.12879450745766,4
942,944,-0.01167661794886941,2,26.923108112414102,26.63566037310175,2
945,950,0.006715972848660187,5,26.519975874080863,26.724603287872394,5
952,958,0.004082055351053656,6,26.63890276444677,26.774283142787024,6
959,962,-0.005103286585374422,3,26.785727528542576,26.675818012095213,3
965,967,-0.003252357931791754,2,26.49564612480718,26.435968446100023,2
972,975,-0.0033043151545219885,3,26.255286376888577,26.194785922603998,3
977,983,-0.010029384512452603,6,26.11028921222721,25.87452937119867,6
987,989,0.004927330118892695,2,25.975302424138114,26.129266616544054,2
997,998,-0.0023017024051592777,1,26.268790331747553,26.234596184192092,1
1000,1007,-0.006423965906311777,7,26.189924402714393,26.047871145665187,7
1008,1009,-0.0006979969452401139,1,26.030306992384713,26.03816822461275,1
1010,1013,0.009557320403929936,3,26.178196377362884,26.4545679841157,3
1014,1016,0.009441918876878473,2,26.598427928904478,26.876166555590597,2
1017,1026,0.02592205131324704,9,26.91414761295156,27.638731676039747,9
1031,1035,0.013615706566209654,4,27.8197430505302,28.2263482517041,4
1042,1044,-0.0030334975394779823,2,28.471414550419418,28.413517998985682,2
1045,1046,-0.007122552802685605,1,28.481996819793995,28.307614290338883,1
1048,1049,-0.0038130978193829015,1,28.081412219066344,28.002416459587696,1
1052,1054,-0.0002812140040750139,2,27.807293260615186,27.827280753595495,2
1060,1061,0.011568095481123971,1,28.705762951762896,29.066539721399163,1
1063,1066,-0.011508878770255498,3,29.583379687270742,29.272491536522775,3
1068,1070,-0.008438724238711889,2,29.340724807700628,29.12246724689221,2
1074,1075,-0.002558138482580741,1,28.65361517710768,28.60896887663517,1
1077,1078,0.004546801521856457,1,28.792463156920046,28.952169235376847,1
1080,1081,0.0017585909389495964,1,29.241065550094437,29.32172968856616,1
1083,1086,-0.01766290888235034,3,29.0625258528479,28.578259632670946,3
1089,1091,-0.0012441308098429117,2,28.49453775021603,28.48758135563897,2
1094,1095,-0.0038047316471744074,1,28.020854148373438,27.942263171962637,1
1100,1104,0.004329670494601066,4,27.815987940844096,27.96423799105059,4
1106,1111,0.00566300247472123,5,27.987012468655653,28.17349000199436,5
1113,1116,-0.029825857035567678,3,27.855485766791162,27.05252751642135,3
1119,1122,0.008273586553033788,3,27.148488499940708,27.40025235782895,3
1126,1129,0.000721707381320215,3,27.57761519153498,27.625095775169456,3
1130,1131,-0.003018425312807935,1,27.652637483531585,27.596822700068923,1
1135,1137,0.0024050615711833875,2,27.587169453762954,27.681105464327686,2
1139,1141,-0.0006134293583164074,2,27.84172422112605,27.85248701432379,2
1143,1146,0.00010359004512089224,3,28.17218607214346,28.203276616241972,3
1149,1150,-0.0007796734120681845,1,28.441772241870126,28.44803872050291,1
1155,1159,-0.011652734669066377,4,28.644297099436706,28.3391570026545,4
1162,1164,-0.008339001450824727,2,28.205606938102854,27.998605947862725,2
1166,1167,-0.00045779985314518086,1,27.925077321443013,27.94021830246763,1
1169,1171,-0.0017968294157312105,2,27.7643765281943,27.7422530562672,2
1172,1173,-0.004120757098611458,1,27.727924786572228,27.641392668464768,1
1175,1179,-0.014429059196894873,4,27.273937519675965,26.907674198191824,4
1180,1183,-0.009029069587370191,3,26.854223158872692,26.638608732415335,3
1186,1187,0.0007335926457810507,1,26.664393926451034,26.710619123666138,1
1188,1189,0.0005334234552411563,1,26.83535490445717,26.876504867097385,1
1190,1193,0.0013491515583379482,3,27.029382938859225,27.09287905591096,3
1199,1206,0.0012666012903379442,7,26.811668926740136,26.8724402901256,7
1209,1210,0.0017796066893378424,1,27.300483972938814,27.376368580812155,1
1211,1214,0.0005761208784424794,3,27.54811944916566,27.59153861539132,3
1219,1221,0.003004395316550902,2,27.779525322077934,27.89076552317367,2
1222,1224,-0.001229743379672619,2,27.999256719910765,27.99282407604361,2
1225,1227,-0.014071500260028028,2,27.986427953665775,27.620603353392177,2
1231,1233,0.0003594321174601499,2,27.6349900179072,27.672557910903233,2
1234,1236,-0.005327868500640649,2,27.758120751519023,27.637987255081544,2
1238,1240,-0.005441608774984052,2,27.51197750469656,27.389780063994536,2
1242,1250,-0.025635384816784568,8,27.516668698479876,26.838784976216854,8
1251,1255,-0.008978602155722385,4,26.764738023302574,26.551192826812507,4
1258,1259,-0.002018993597591943,1,26.375398943473872,26.34852258081654,1
1261,1268,0.01801533037060445,7,26.526217538145872,27.030622328116237,7
1273,1279,-0.01581506517636435,6,26.893863598123836,26.49542925607338,6
1281,1283,-0.015033720985294693,2,26.588114424619253,26.214984245259057,2
1286,1288,0.004798732882118592,2,25.98010815281061,26.130759860237312,2
1290,1291,-0.002463460825374147,1,26.16557300732766,26.127280716257967,1
1295,1298,-0.00024399002265773108,3,26.01798684108111,26.037656698723328,3
1299,1300,-0.00198618672748426,1,25.98287724057628,25.95725327189977,1
1301,1310,-0.00741383702063998,9,25.89149889124601,25.725435037137476,9
1311,1313,0.009473345639798715,2,25.783607041893312,26.05364767028381,2
1314,1317,0.000555226249619031,3,26.277159666163772,26.31802659464202,3
1319,1320,-0.004111310745279135,1,25.79211171404486,25.711864439725513,1
1324,1326,-0.00860275623566133,2,25.49681696506062,25.30297088088999,2
1328,1330,0.0021213760345966228,2,25.37933524207497,25.458553690873575,2
1332,1334,0.0029410308931181765,2,25.841685764717088,25.94352864664609,2
1337,1339,0.002599270861401399,2,26.093334766027255,26.18725174552741,2
1340,1341,0.00039791551914773174,1,26.26276765346735,26.299480783945903,1
1345,1346,-0.004715162143023723,1,26.45238512634841,26.354110226534317,1
1354,1357,-0.0011450105459230014,3,25.709385802874912,25.705657670804293,3
1364,1365,2.0646602572966816e-05,1,25.80379437089363,25.830130925951774,1
1367,1368,-0.0012815643807148947,1,26.00415884998424,25.996837005101632,1
1369,1370,0.00038753937741764066,1,26.142061737197444,26.17833487726469,1
1376,1378,-0.0014471486754051937,2,26.662498511935045,26.65057641104244,2
1379,1380,-0.0020871406845466016,1,26.577299325460118,26.548406062078037,1
1386,1390,-0.0009703549697191587,4,26.618703362704686,26.61949247497191,4
1391,1395,0.02253429484302583,4,26.64330028598638,27.27033157050806,4
1396,1399,0.0008137244856560352,3,27.294280804730768,27.34378511014468,3
1405,1409,-0.008298203999282145,4,27.373810223864822,27.17403057261342,4
1415,1416,-0.0008938038239118386,1,27.103954088667546,27.10683242494863,1
1420,1421,0.000617168453606026,1,26.914108800754153,26.957633448463653,1
1423,1430,0.021227358212627428,7,27.20436113655905,27.80904221648703,7
1431,1433,0.0012268959704024242,2,27.935427737603714,27.99763702906405,2
1435,1437,-0.00502878356108022,2,27.955821355790334,27.84319340227563,2
1440,1444,-0.001007342924540357,4,27.979880149328057,27.979674695179472,4
1448,1453,0.0030952120649357486,5,27.63640005986867,27.749576978825235,5
1461,1471,-0.015190400599732812,10,27.454706144909714,27.0651128663655,10
1472,1474,-0.002332413351461121,2,27.01710041111758,26.98110246581204,2
1476,1477,-0.005668490305912996,1,26.57314505734097,26.449088587243153,1
1478,1481,0.0006782778393260801,3,26.32583091449176,26.370012973117397,3
1482,1483,-0.009713583407602502,1,26.147758271754146,25.919917599131388,1
1485,1487,0.003932368302885499,2,25.871483961922216,25.999091649364612,2
1489,1495,-0.028852995785893978,6,26.064671502783305,25.33869231725557,6
1496,1497,-0.0022110030437288916,1,25.437581294998154,25.40677630662481,1
1500,1504,0.00015508184129446037,4,25.671430478550704,25.70108308173653,4
1505,1506,-0.000975557248093933,1,25.592383600092955,25.593009148375977,1
1508,1513,-0.004429359670900752,5,25.7383118990126,25.650045970189062,5
1518,1522,0.0004370708876229091,4,25.775618901292287,25.812660292825797,4
1527,1528,-0.004207334602229183,1,25.721556762160066,25.63905912313359,1
1529,1531,-0.011683765488888602,2,25.632120561812496,25.35827299674717,2
1533,1537,-0.003035843582425612,4,25.34257456285898,25.290981045073043,4
1540,1541,0.0041647514157425085,1,25.478919326467295,25.610511611130256,1
1549,1550,0.0009190860844748752,1,25.675782277782957,25.725056314260257,1
1554,1559,-0.006622506736531192,5,25.857432177820773,25.712048591211577,5
1561,1563,0.002425080271910699,2,25.748225976517915,25.836415717346785,2
1564,1574,0.020488537405958573,10,25.85984434576095,26.415534578297102,10
1577,1582,-0.022815689721447117,5,26.486073754252057,25.90826178728993,5
1592,1596,-0.006579451667343375,4,26.39791816210415,26.250632253600205,4
1597,1598,-0.007083625859672072,1,26.180148237531732,26.020878010703836,1
1600,1601,0.00039241738812681773,1,25.99874982298309,26.03495093430617,1
1602,1603,0.0010275908678734256,1,26.1439478472042,26.19695707710935,1
1604,1605,-0.00225486289967147,1,26.173542096321675,26.140697889392012,1
1611,1612,-0.0036516547002674823,1,25.360555432428857,25.293307996415063,1
1615,1616,-0.0017458870659703266,1,25.37623032036309,25.357302518384046,1
1618,1620,0.0009103074070043033,2,25.55255903470697,25.601372277498886,2
1622,1624,-0.006209400343064432,2,25.5869386377557,25.453646030838208,2
1626,1627,-0.00453014263280561,1,25.30710518108276,25.217767490170125,1
1628,1629,-0.0037822136936567245,1,25.136876012724876,25.066939852066522,1
1633,1634,-0.011814008799124608,1,24.45406291916646,24.189616467584248,1
1635,1637,-0.010946184675004918,2,23.96074039840163,23.722422449449276,2
1638,1641,-0.02134489244879135,3,23.78175045459212,23.29791329934945,3
1642,1646,-0.05216792254011273,4,23.134313324848627,21.950578572624075,4
1647,1649,0.05187898611946,2,22.30240550095633,23.481734091871967,2
1650,1660,0.09162725146972368,10,23.802509467292317,26.00727049732968,10
1664,1667,0.015331002523037495,3,27.113905953547746,27.556703220084536,3
1674,1683,-0.01606476145835038,9,26.73356806377377,26.330833237962445,9
1684,1687,0.00091249792901676,3,26.467970310072307,26.518590248475597,3
1688,1691,0.018834480824606675,3,26.597067071472246,27.12460608829214,3
1698,1701,-0.005997678992867521,3,27.944976992200296,27.80531696773021,3
1702,1703,-0.00138236119947237,1,27.66707449103098,27.6564956752427,1
1706,1707,0.017659100529066874,1,28.981085506407243,29.52184649431278,1
1708,1716,0.0299256358100998,8,29.848825239122778,30.771919137827204,8
1717,1718,-0.003163775228409383,1,30.38427142401779,30.318526690177233,1
1722,1725,0.008949868194045644,3,32.09773825380231,32.41710651875462,3
1726,1739,-0.04146861821106617,13,32.4854172322709,31.170777284870937,13
1741,1742,0.0064585842147227785,1,30.981945582847583,31.21302703311321,1
1743,1751,-0.036676320683665865,8,31.452200308505294,30.330101524092164,8
1752,1758,-0.0005246710807884199,6,30.438184856730892,30.452653006241604,6
1764,1767,-0.024409157260697853,3,31.141733504737186,30.41273176775405,3
1769,1773,0.10569568482475146,4,30.631829509881484,33.90011353687332,4
1774,1775,-0.012307955469955452,1,34.18514058568009,33.79857653820305,1
1776,1777,-0.002314907648928239,1,33.453080748001696,33.409093036245935,1
1778,1783,0.0034741273148263356,5,33.73591740610339,33.88685619566076,5
1784,1790,-0.06787172076258341,6,33.35367206262186,31.123254618043433,6
1791,1798,0.11416424580088073,7,31.1636949569042,34.752638382984784,7
1799,1801,-0.0032798033207544403,2,35.04220348021559,34.96231414835484,2
1802,1803,0.0028048766598878327,1,34.94270485844087,35.0756575405901,1
1806,1809,-0.026977040018311815,3,34.69485599030961,33.793586327819774,3
1811,1812,-0.0051851988264115245,1,33.38962965137072,33.249887412539486,1
1813,1814,0.0016715954292156922,1,33.19957721326682,33.28827305200168,1
1815,1819,-0.03588945639680425,4,33.58205307434217,32.41039349788974,4
1821,1824,-0.03285022939198541,3,31.891506437658446,30.875754641963045,3
1827,1831,0.023777830748503356,4,29.993407594170673,30.73657917110991,4
1835,1839,-0.043845890352834635,4,31.786234768221235,30.424325238612568,4
1840,1847,0.00552294752222481,7,30.054024243674874,30.250065066648038,7
1855,1858,-0.004268246382885723,3,30.92824920105093,30.82716806247061,3
1860,1861,0.0037297554724091252,1,30.77765172862526,30.923222495316626,1
1863,1866,-0.0015710332745330746,3,30.739428369093993,30.721875132655114,3
1869,1870,-0.00690211157502344,1,30.457096922431354,30.27733573814386,1
1873,1874,-0.004627053457021225,1,29.759331436953374,29.651392750986332,1
1875,1876,-0.0007604789915483345,1,29.520641445389668,29.527712259198807,1
1878,1883,0.02411018162198784,5,29.76630510746013,30.51374243492396,5
1885,1886,0.0005663227864567497,1,30.31427762066322,30.36175956445544,1
1887,1889,0.01749136946430273,2,30.630920277791912,31.197327941680165,2
1890,1892,0.009954242128056769,2,31.350983112269013,31.694409372233427,2
1893,1897,0.0003698348118475372,4,31.86721646195534,31.910869284421608,4
1902,1903,-0.0005750831889985587,1,31.91179324882421,31.925353106244838,1
1906,1911,-0.011964668378094408,5,31.883074046712906,31.53348671291647,5
1912,1914,-0.0037187046472434136,2,31.259108449806224,31.17412416639505,2
1915,1917,0.0014842479708812046,2,31.38962625246075,31.467605867785146,2
1919,1921,0.028199611741566946,2,31.602477824546227,32.525257907094456,2
1922,1925,-0.009503233080844161,3,33.05873190880794,32.77762580603021,3
1928,1932,-0.0049133656967250494,4,32.607742289327604,32.4801362692049,4
1934,1935,-0.0005929590003904447,1,32.41293500036444,32.42612839382727,1
1936,1937,-0.00978659528849039,1,32.36333092206442,32.078967431064754,1
1938,1943,-0.014790605417972641,5,31.913896157893557,31.473784208629894,5
1945,1949,-0.005202216119885342,4,31.508239792789034,31.375835359622563,4
1950,1951,-0.008814065734906434,1,31.159790873002294,30.916306218834716,1
1955,1957,0.002604048049892438,2,30.658060132758326,30.76855325459328,2
1961,1970,0.06898531824764949,9,31.999836412322797,34.23935514751193,9
1972,1973,-0.0009149996714276676,1,34.22857136830825,34.23148080812112,1
1975,1979,-0.004340154784153991,4,33.88509759604039,33.77191612519345,4
1980,1982,-0.006645126653851919,2,33.76329507253133,33.572696995595514,2
1985,1992,0.0011828687171503089,7,33.21102860217025,33.283523917570314,7
1994,2000,-0.012710118635744207,6,33.64239493092429,33.24843849509261,6
677,680,-0.014258903179473655,3,26.829789651289975,26.474056067977877,3
689,692,0.007382068453640548,3,26.351171062377897,26.57204838205634,3
695,697,0.008663169037540604,2,26.811329117300815,27.070411522682427,2
702,703,0.004032384480430682,1,26.990835275457002,27.126663536011073,1
704,709,0.012824405509492952,5,27.33450741257373,27.71239072744739,5
710,711,-0.012264357432415378,1,27.703601647546133,27.391538376422922,1
712,713,-0.00235667729967845,1,27.305972964565342,27.268927570898683,1
715,716,-0.009161781536121315,1,27.272434879790843,27.049843224343896,1
717,724,-0.012770722783502029,7,26.890869329414457,26.574344361130542,7
725,728,-0.009500127043241928,3,26.46982991862435,26.244833001503036,3
736,738,0.0029400942497825027,2,26.502409772068564,26.60683176441687,2
742,744,-0.00020448243727977313,2,26.2433581887869,26.264235241130837,2
745,746,-0.0003385261404703536,1,26.353143700063452,26.370575615737472,1
748,751,-0.002761689211766921,3,26.320477611966346,26.274109110508792,3
752,756,0.002410904330431415,4,26.247537985598818,26.33706582657706,4
757,760,0.00944039516190762,3,26.28673265105349,26.56117652744591,3
761,764,0.008936571954797405,3,26.689578132293708,26.95478104584843,3
767,769,-0.0011306888387065564,2,26.960997840111197,26.957474338613103,2
771,781,0.021128370711550912,10,27.150305096342603,27.751097112446182,10
783,784,0.0019965390124213537,1,27.825455659519623,27.908835722941774,1
787,789,-0.00632914358102197,2,28.291007361730543,28.14024052144813,2
790,797,-0.005283993355581083,7,27.96543724431508,27.845633496974514,7
798,801,0.0018957938473010728,3,27.97216120671605,28.05316281903417,3
804,807,0.0037025804718104367,3,28.377436551691243,28.510883730659266,3
815,824,0.0003536204174457605,9,28.59352846931102,28.632233253253897,9
828,837,-0.0038790575124782105,9,28.510970185212802,28.428885462313023,9
838,839,-0.0006641568479138904,1,28.597688080213075,28.60729241792031,1
840,844,-0.00442925621694013,4,28.73379356593016,28.63525802570792,4
845,848,-0.0017757166404462062,3,28.58961757823934,28.567440136139908,3
853,855,0.0004471132012188778,2,28.14738582352981,28.18811827713484,2
856,861,-0.015301570938164505,5,28.170792680698067,27.76790609079074,5
863,868,-0.007270461003902589,5,27.805312200633683,27.630960074778272,5
870,872,0.0023890217148356974,2,27.798064217297892,27.89227246056071,2
873,880,-0.021445290668899414,7,27.829006528701463,27.260034401195462,7
881,887,-0.002001618600693593,6,27.2358895854309,27.208609611815696,6
889,894,-0.010718754315039488,5,27.241820300964548,26.97706374236502,5
897,900,-0.0028817305757510552,3,27.357054714736773,27.305576108417558,3
902,904,0.0006764224605249427,2,27.468027597116894,27.51407561552702,2
906,916,-0.006204379710587438,10,27.584271225167967,27.440712203672362,10
917,928,-0.006119426206586515,11,27.3701726583656,27.230053079179566,11
929,930,0.0012842655504229127,1,27.259558884828863,27.321826956109202,1
931,933,-0.0019360356298663247,2,27.287817097423698,27.262274728359234,2
934,936,-0.002934220402416146,2,27.336588363590565,27.283713376645256,2
937,938,-0.0030789040124418014,1,27.234443111149364,27.177825318088978,1
946,953,0.007813182829522095,7,26.407603676141065,26.640338715428456,7
954,963,-0.002074430636177886,9,26.606077375933832,26.57749099129261,9
968,975,-0.012887187156568298,7,26.49982878978031,26.184820365339174,7
978,980,-0.0016827851657437122,2,26.15844548841497,26.140584889876564,2
985,987,0.006644209174791654,2,25.758866295032306,25.955772457097023,2
989,990,0.0007245094425722275,1,26.154212441609335,26.19931562792793,1
991,995,-0.0013790880265126778,4,26.318520853511007,26.308543817379917,4
998,999,-0.0016619026785659214,1,26.246361484051416,26.228988947082513,1
1002,1003,-0.004082443241808335,1,26.003695363610237,25.923540448574634,1
1004,1006,0.004833356922844143,2,25.940240087429423,26.09155876652367,2
1009,1017,0.030496443129793806,8,26.08239213988677,26.903894720609696,8
1021,1022,0.003892513377933343,1,27.490099322533503,27.624595001229714,1
1026,1028,-0.004332463093673937,2,27.62839992598214,27.53632930289154,2
1037,1045,0.002356601405215293,8,28.29323886750545,28.388207992846212,8
1049,1053,-0.008847465305422398,4,28.031308505033426,27.811333784074584,4
1055,1056,0.004913624125981244,1,27.937769110826988,28.102982576266868,1
1057,1061,0.02547283183069107,4,28.27263932887455,29.02109615523763,4
1062,1064,-0.0004925278682516195,2,29.425053002755277,29.439985397129394,2
1069,1070,-0.010690116032533937,1,29.32752600085228,29.043338870956866,1
1071,1074,-0.011289685978923148,3,28.988742511764173,28.69045745439426,3
1075,1077,0.002226911225498676,2,28.61597488637933,28.708316096968776,2
1081,1083,-0.0076144092808961075,2,29.25474644432157,29.061243577929986,2
1086,1087,-0.006700178443544895,1,28.547922817150358,28.385194562900054,1
1089,1090,-0.001154536347155815,1,28.510124909661773,28.505719059101278,1
1091,1092,-0.008431988114257391,1,28.566361267691512,28.354056410282446,1
1093,1095,-0.009156995185811877,2,28.25730970941203,28.02681497014836,2
1096,1098,-0.011832935920084962,2,27.992747712690743,27.68950407049206,2
1102,1106,0.0010426797925300831,4,27.89146293994633,27.94843626767786,4
1107,1108,0.004160038338509394,1,28.009382499013853,28.15391198654674,1
1114,1116,-0.024138077306803254,2,27.638805292580326,26.99929647905292,2
1118,1119,-0.00399763682136413,1,27.214183889818838,27.132605650127342,1
1121,1127,0.006337766939248076,6,27.36067433979484,27.56144059140092,6
1129,1130,-0.002423656773594033,1,27.64435209342057,27.604996024311152,1
1131,1133,-0.003452677394792111,2,27.608740750894594,27.5410254165562,2
1138,1140,-0.0010351282149115555,2,27.811925317805407,27.81094833451574,2
1143,1147,0.004073211938589971,4,28.170623144703292,28.31353868635852,4
1148,1156,0.006324827268461117,8,28.4068073113534,28.614882268157523,8
1157,1160,-0.009241714086653856,3,28.546765319743542,28.31149104187941,3
1171,1174,-0.008620056012884524,3,27.72741241355578,27.516127977872134,3
1176,1178,-0.009974972413203116,2,27.19338954945932,26.949329628431435,2
1182,1188,0.004943384806498696,6,26.631634192135976,26.78991624216575,6
1192,1199,-0.011310087215997792,7,27.09561069666795,26.81625258721458,7
1202,1205,0.00047564273288533995,3,26.909564825765656,26.949273729545904,3
1207,1208,0.00395434099400863,1,26.96234362213588,27.095924266437574,1
1218,1219,0.0010826062645887978,1,27.61179705369149,27.669301555212062,1
1221,1227,-0.010858027150825792,6,27.887938039491466,27.613017989117612,6
1236,1239,-0.00582156408553463,3,27.61439134702609,27.48124678946337,3
1247,1252,-0.02439368175963622,5,27.35727376051122,26.717286404346574,5
1256,1258,-0.00747198727217237,2,26.486628638376878,26.315207514946547,2
1259,1261,0.0016163506485512747,2,26.41372077972351,26.48282833521619,2
1263,1266,0.0034371961516875514,3,26.793966048068782,26.91285613110572,3
1267,1271,-0.002582775690494763,4,26.982697040592466,26.93998948365263,4
1276,1282,-0.008196240689713892,6,26.58675347777238,26.395428800588242,6
1285,1286,-0.002673106617792444,1,25.979396636706404,25.935930336267276,1
1288,1294,-0.0006533886050875094,6,26.08657079062249,26.09561269331271,6
1296,1298,0.002435580737538439,2,25.917023279750882,26.00606330570513,2
1300,1302,-0.009978839158890355,2,25.91872497814457,25.686004915362297,2
1303,1305,-0.012347198646387877,2,25.471871759038688,25.18283737029356,2
1306,1308,0.010445509903860836,2,25.264573626152128,25.553739553807073,2
1311,1316,0.028162497388902676,5,25.825647636394237,26.578788018157304,5
1320,1322,-0.004328011573817072,2,25.69859225902721,25.61306704655836,2
1323,1325,-0.010161638723913454,2,25.588307527735864,25.353876698610353,2
1329,1334,0.02074245149690436,5,25.394688267953235,25.946831045898215,5
1335,1336,0.0014127586127152128,1,25.999949744167296,26.062681346842698,1
1337,1342,0.007235204438536056,5,26.17168417368441,26.3872133433555,5
1345,1346,-0.006658784858195191,1,26.45790268705394,26.30818310794884,1
1347,1352,-0.015978051115988195,5,26.408560203795197,26.0130114391631,5
1355,1356,0.001243306756138781,1,25.621581571419025,25.67905863846115,1
1365,1372,0.0180157787194134,7,25.859336759354086,26.351072185000756,7
1385,1389,-0.006928383199436799,4,26.614685540024677,26.4569034854109,4
1396,1398,0.0021311241056250142,2,27.209624769033486,27.294821481052818,2
1399,1405,0.0014953507775814666,6,27.349231998041613,27.417477925374182,6
1406,1408,-0.008727533951025511,2,27.45746209403524,27.245283623494586,2
1410,1411,-0.004086413137674033,1,27.177231532250396,27.09335136780365,1
1412,1414,-0.007596736027488633,2,27.11120806041679,26.932362577455898,2
1415,1417,-0.0009519516758344621,2,27.063062976372628,27.06436331119543,2
1421,1422,0.004313438023838016,1,26.920609989878702,27.063650982623837,1
1425,1426,0.0035720441000758564,1,27.470085249233943,27.595679690426284,1
1436,1439,-0.0032176228606016614,3,27.895700344360677,27.83383820156453,3
1442,1443,-0.002057175245792316,1,28.048077517093237,28.018425783850102,1
1445,1448,-0.017084841172288975,3,28.048569834765665,27.597413043863604,3
1449,1453,0.006484276396170439,4,27.589597610600077,27.79608578477693,4
1455,1457,-0.00044932022870868384,2,27.863958845616978,27.879302964101353,2
1459,1467,-0.018625274009073756,8,27.487842873119185,27.003362110562094,8
1471,1474,-0.0032512123903084217,3,27.00373828012663,26.942947129925763,3
1476,1478,-0.01148255935805554,2,26.580456217345535,26.301825007283014,2
1488,1490,-0.0021889339423531466,2,26.049487030326073,26.01851591101483,2
1493,1494,-0.010004059876281248,1,25.727192571315257,25.495543388954516,1
1498,1499,0.001457642668563229,1,25.54544564445476,25.608227221658034,1
1507,1509,0.00524548595477976,2,25.642367629554933,25.802516676432617,2
1511,1513,-0.006775741770370187,2,25.782112569484305,25.633201744988348,2
1523,1527,-0.003257905222458046,4,25.846008655620533,25.787650817697312,4
1529,1532,-0.008319227320098727,3,25.572841916902213,25.385668473691457,3
1533,1537,-0.005490886842281447,4,25.39103333433737,25.277005076824263,4
1538,1539,0.002050187388526361,1,25.254104957532967,25.331134709982955,1
1541,1543,0.0022146849763652436,2,25.603839297100407,25.686147574626066,2
1549,1550,-0.0030971699818931058,1,25.76495771383658,25.710924217934377,1
1551,1553,0.007164304950106612,2,25.740360422453048,25.95051257446761,2
1556,1558,-0.00473663456201268,2,25.7931332075319,25.696753694526038,2
1561,1564,0.005489091656781799,3,25.72313774004457,25.890057538539743,3
1573,1575,-0.0019989686714685924,2,26.383557772844892,26.357201425187938,2
1576,1580,-0.011157452725489566,4,26.47367721077291,26.204772086034612,4
1584,1585,-0.0013965489586701641,1,25.9380268093548,25.92774111183359,1
1596,1597,-0.0068080380047011455,1,26.31786726845048,26.16501209515264,1
1598,1601,-0.00372294300344211,3,26.073304444775875,26.002308322861357,3
1604,1606,-0.007504282193589893,2,26.249248804081773,26.078516282490273,2
1609,1610,-0.00488364047406632,1,25.55715016294972,25.4578953801751,1
1611,1612,-0.0022142509989909343,1,25.352724379423194,25.321939808518337,1
1617,1618,-0.000884239405961162,1,25.51067659178946,25.513629722866057,1
1619,1620,-0.0031856107555765607,1,25.60072915593696,25.544775926943142,1
1625,1626,-0.005190158787715848,1,25.385976762571445,25.279605488955006,1
1629,1634,-0.037437621818417824,5,25.10234595479616,24.187676166140207,5
1636,1637,-0.002477500720187579,1,23.783043765713018,23.747904301420924,1
1643,1645,-0.026590437555222182,2,22.903869519885323,22.31774947716374,2
1646,1648,0.039444188150051906,2,21.93958825050183,22.826917085639796,2
1649,1655,0.03602498244982906,6,23.53348968741447,24.404816730074224,6
1657,1659,0.018580077144129525,2,24.928754387617783,25.416861321634396,2
1661,1662,0.014714715731253478,1,26.64263185552941,27.061313241471492,1
1663,1667,0.013154060116867726,4,27.16502729884455,27.549522728308748,4
1671,1674,-0.01010394667854242,3,27.022048212065275,26.77604092599763,3
1676,1677,-0.009922323080268816,1,26.415877653219653,26.180186658348774,1
1678,1681,0.007457481635821112,3,25.841395640205093,26.059948769276115,3
1683,1684,0.0021530634648551012,1,26.323046812964172,26.4060450501538,1
1688,1694,0.038971764113278407,6,26.63036418408112,27.69482681949791,6
1695,1697,0.0029334866832829,2,27.965741883663366,28.075744756950883,2
1698,1700,-0.009495476821592644,2,28.01743131758644,27.77940987922732,2
1701,1711,0.08678078257405956,10,27.820596072022965,30.26270976690195,10
1712,1717,-0.008623712232562343,5,30.566519508024392,30.33348915934421,5
1719,1726,0.0632173306385358,7,30.499329907869516,32.457915460816956,7
1727,1731,-0.01973008927367929,4,32.27928639680816,31.674692480905282,4
1733,1736,-0.011731919788865154,3,31.20239221082147,30.86753064039422,3
1738,1740,-0.010705570961342958,2,31.291930902406072,30.98822484651533,2
1743,1747,-0.03417488540879505,4,31.447895093982687,30.404614777892004,4
1751,1753,0.004587487929895837,2,30.299759892191055,30.469059434867415,2
1754,1757,-0.00704439953069902,3,30.523699390739317,30.339201956466734,3
1758,1762,0.030137800751678857,4,30.507993943678063,31.457945780429736,4
1764,1769,-0.018312251067827457,5,31.166307527092673,30.626748586326524,5
1772,1776,0.0010813870119267535,4,33.432204275633865,33.50178963139325,4
1777,1783,0.010635607989541152,6,33.555926998408566,33.94637061068771,6
1785,1787,-0.023717583374115996,2,32.66126914884846,31.919284043855054,2
1788,1789,-0.009691387333774514,1,32.13483456240924,31.855538268320576,1
1790,1792,0.01760649795091717,2,31.13198826729766,31.711245543201112,2
1796,1800,0.054783931452112605,4,33.20635486603863,35.058735889660255,4
1801,1802,-0.0054675055229227955,1,35.040178976838135,34.88363678373491,1
1803,1807,-0.021581814803270392,4,35.12212233228475,34.399245314943855,4
1808,1821,-0.07072102257728025,13,34.212288406681104,31.826972674258467,13
1822,1823,-0.009829710900707073,1,31.624332230798903,31.345098519773035,1
1830,1833,0.028135407147336262,3,30.600557786926156,31.49211749698384,3
1834,1840,-0.06208988357831064,6,31.951724859428808,29.999797707640088,6
1844,1847,0.009300367529852572,3,29.92024811118162,30.22843766331117,3
1849,1851,0.01010453923404947,2,30.191155019025192,30.526413884455227,2
1852,1855,0.016746626821643205,3,30.35638364105179,30.89510705318417,3
1858,1864,-0.002675645566966189,6,30.8192206585434,30.76757856806956,6
1865,1869,-0.014973136820312,4,30.836452133372184,30.405570168659573,4
1870,1873,-0.022246173883554505,3,30.348457464209844,29.703668859827584,3
1876,1878,0.005306573948731924,2,29.54279326668493,29.72910707707338,2
1880,1884,0.009881267313201894,4,29.98570945452234,30.311991974673003,4
1889,1892,0.013636310464924018,3,31.20790653369823,31.66467514268577,3
1895,1898,-0.012896215546847216,3,32.08785727011371,31.706133203591968,3
1899,1901,-0.0011453301824450699,2,31.68843322891398,31.683827943131423,2
1915,1916,-0.0011187996898087498,1,31.47502623612029,31.471287012766716,1
1917,1922,0.05340230773286714,5,31.42109010449513,33.13046991766202,5
1923,1931,-0.016832953417355797,8,33.135434006377764,32.61080222329092,8
1934,1946,-0.031165672725772683,12,32.364965333357304,31.38865438133027,12
1951,1953,-0.007801513667573697,2,30.927808879115496,30.717452964316085,2
1954,1957,-9.593693131580586e-05,3,30.75202883546354,30.779830609020795,3
1960,1965,0.04629135725019546,5,31.722583704432747,33.222787743298305,5
1966,1978,0.011319093401474554,12,33.53293598974475,33.94603136022808,12
1979,1980,-0.004088030392355561,1,33.82494229032157,33.72048984050939,1
1988,1992,-0.008092261061658626,4,33.52111658899902,33.283376079071544,4
1993,1999,-0.010358743086668263,6,33.492593039822765,33.17914446625673,6
672,673,-0.004675001532115511,1,27.058051924815313,26.958613542535556,1
674,676,-0.007885558852792199,2,27.12272591555169,26.935970790012007,2
677,678,-0.00778655985218984,1,26.873495039836502,26.691116457311125,1
681,682,-0.004854618504436725,1,26.312269572575282,26.210845811387106,1
686,687,-0.0008201530404759079,1,26.0965220800309,26.101215460181148,1
688,689,-0.001003225061632772,1,26.28133916483802,26.28125440589942,1
691,699,0.02111760505394124,8,26.486946038473594,27.072773850037606,8
702,705,0.016573897443107218,3,27.04824944541506,27.523592607184366,3
707,710,-0.003994618403835418,3,27.70410573419966,27.621142509306225,3
712,714,0.002220184958812802,2,27.274850118047805,27.362680180151816,2
716,717,-0.006550855975184933,1,27.071461169786833,26.921191387795535,1
720,721,0.0039577624288774605,1,26.6306632399176,26.76269174158455,1
722,723,-0.002501278542439179,1,26.855236587507008,26.814919397066056,1
725,726,-0.003325287665131132,1,26.45423780017113,26.392724087323945,1
728,732,-0.01313784105749766,4,26.22070395048321,25.902441213516543,4
734,735,0.004313563834202584,1,26.13306389474286,26.271923597930872,1
740,744,-0.008629795497085712,4,26.418315761733595,26.21674941509413,4
745,747,6.084834513753667e-05,2,26.31709672990744,26.345015178422187,2
749,751,-0.0037070305362457982,2,26.352343723034284,26.281007123874385,2
756,761,0.011519917937135252,5,26.34965234488731,26.679547829917343,5
762,763,0.0029723181966191453,1,26.817106896435934,26.923632978141327,1
765,766,-0.0023953183357233055,1,26.94490312726966,26.907306409881894,1
768,771,0.0027279109581614448,3,26.990555210999233,27.09117359753718,3
772,773,0.0007484224788858976,1,27.177877016302002,27.2253954274057,1
780,781,-1.582687662247148e-05,1,27.73179105436466,27.759083937783487,1
782,783,-0.0045710474364843755,1,27.817022653101485,27.7176867456655,1
785,787,0.006733240756639531,2,28.001826855178862,28.218371723875695,2
790,794,-0.01082622539287409,4,27.986716738976813,27.711712952293105,4
795,801,0.012788283391793678,6,27.666584449336124,28.048059156206563,6
803,805,0.009343894516943417,2,28.203854360916274,28.495592055396827,2
806,809,-0.0002785068717940972,3,28.54964248520735,28.570240856073163,3
813,823,-0.005779837575888531,10,28.648554687842026,28.51161924965018,10
824,826,-0.00697059716127964,2,28.673271981282152,28.50207542498611,2
829,831,-0.009193011180740784,2,28.303877318746178,28.071983335415375,2
833,834,0.004964091323367249,1,27.869658516322037,28.03587570486444,1
836,838,0.004781796420765209,2,28.378066313560026,28.542142515800005,2
840,843,-0.00248170532664126,3,28.738412391939637,28.695830533219286,3
846,848,2.3916949284060775e-05,2,28.60947474321095,28.638768469310637,2
850,853,-0.008424137426143001,3,28.27107929934977,28.06119092144601,3
854,856,0.00013706510966448042,2,28.077621238693652,28.109547322166545,2
857,859,-0.005946299470263373,2,28.018251880555027,27.879665216120532,2
861,863,-0.0027411649952588687,2,27.792304050815233,27.743913063864362,2
865,866,-0.006453172858354209,1,27.850322788030564,27.69845016370647,1
867,869,-0.0007242872563226566,2,27.709910829952374,27.717550805494355,2
870,871,0.003196718894818808,1,27.784034646307646,27.900636429482105,1
878,882,-0.013051933247119736,4,27.516983229104753,27.18535038406547,4
884,885,-0.002085902995105025,1,27.14819173503137,27.118711432314615,1
891,893,-0.0039526644547106336,2,27.086286731992022,27.00631001594837,2
894,895,0.0009202578440725493,1,27.015997004341575,27.067874684504602,1
896,898,-0.0008392901288306137,2,27.31401830403201,27.31840793639477,2
900,902,0.002127583556029155,2,27.322641647716452,27.408095492441127,2
903,905,0.004172025608647906,2,27.46503765261759,27.607087530699406,2
906,909,0.005201720686220194,3,27.618062707232916,27.78934221803769,3
910,913,0.001174943830624524,3,27.813234009905447,27.873726231625007,3
916,917,-0.008740934254271387,1,27.51820367320484,27.305187067774913,1
918,920,-0.0015443263176417158,2,27.311440874111558,27.296574538071063,2
926,927,-0.0020845887273772566,1,27.134411081816403,27.104981405433044,1
929,930,0.0015355026709052734,1,27.198595448775166,27.267557560180407,1
935,938,-0.0075599048643525246,3,27.327711911531647,27.148444721231566,3
940,943,-0.014805534556322348,3,27.09238592141107,26.718361051359807,3
944,945,-0.006575229754221515,1,26.676198653428305,26.527472716966187,1
946,948,0.0031354678572298187,2,26.36521225542618,26.474244743257536,2
949,954,0.00043248062011057753,5,26.597809725533086,26.6359105725023,5
955,958,0.005948668084545163,3,26.61778335525062,26.802741496932587,3
959,960,-0.0005253448328047597,1,26.810038375787236,26.822763899035007,1
961,965,-0.01276046425747749,4,26.757083585560544,26.44240786041822,4
973,974,-0.0023953263636233846,1,26.206744924560738,26.170177962462745,1
976,981,-0.003918958939502464,5,26.182413580736732,26.10598819055749,5
982,987,-0.0038676798800032584,5,26.034454086733287,25.959795606561894,5
988,990,0.0062668691157345855,2,26.021515796554397,26.210610746040977,2
992,1001,-0.010826584775726737,9,26.36823207601542,26.109122408134418,9
1004,1007,0.0003529692498316836,3,26.00838743497479,26.04357598341202,3
1008,1009,0.00031744003605715205,1,26.034217984821687,26.06851650590233,1
1016,1022,0.02646775850447468,6,26.896107441247594,27.634883225154187,6
1030,1031,-0.0013844342812668153,1,27.72680995050169,27.716150814246546,1
1033,1039,0.00996427450044142,6,28.09692874621603,28.404991185608885,6
1042,1049,-0.01677778027999701,7,28.477657893534627,28.028343664401515,7
1052,1053,-0.004029985530487841,1,27.84905411884143,27.764671887823567,1
1055,1056,0.003199636589644307,1,27.938275030273793,28.055605632342477,1
1065,1068,-0.004348789607279482,3,29.40477176721045,29.30630137311199,3
1075,1079,0.013724730989355918,4,28.64012096094568,29.06183903759822,4
1084,1089,-0.013194837827057021,5,28.866849680037706,28.514823129611614,5
1092,1093,-0.006088998113939792,1,28.35416483760626,28.209870546225343,1
1094,1096,-0.0030012750543646836,2,28.08545457074312,28.0292478511202,2
1098,1102,0.006611985896966946,4,27.679647021883238,27.890344104646836,4
1103,1107,-0.00024933634993901707,4,27.963660152308822,27.98465145550782,4
1109,1117,-0.04269121534092802,8,28.24775813989112,27.070074772382466,8
1118,1125,0.011571396938929859,7,27.183019637872377,27.524748167738796,7
1127,1129,0.0014423654499715237,2,27.573632684290605,27.64097757208892,2
1131,1133,-0.0021952707515675556,2,27.60507689395949,27.57208135295337,2
1135,1141,0.00941650961199001,6,27.54209061714094,27.828983068788688,6
1146,1147,0.0029680996822869293,1,28.159137438168862,28.270875702490734,1
1151,1153,0.0018267289565967707,2,28.60320100225048,28.6840544987749,2
1155,1159,-0.01071502561070179,4,28.63823068459178,28.360009540045784,4
1164,1166,-0.005234835218528539,2,28.042355953920445,27.92360119731627,2
1168,1169,-0.0040189472837602125,1,27.881673559954432,27.79750025729392,1
1173,1175,-0.01637824619998046,2,27.66010726484795,27.23474332541125,2
1177,1178,-0.004345313509021774,1,27.062651549694948,26.972118495875804,1
1180,1182,-0.008787701311180122,2,26.89726379129144,26.687795934796842,2
1184,1190,0.00943899185118972,6,26.697276995347405,26.97596965235079,6
1195,1198,-0.0071569229109763035,3,27.009912987123805,26.843615035029906,3
1202,1212,0.026325858356963036,10,26.93142109062651,27.667345288700698,10
1217,1219,0.007175045294990685,2,27.49795007006458,27.72274705740675,2
1221,1223,0.0006529178296127962,2,27.95541764957213,28.00162565783938,2
1224,1225,-0.004776287828918307,1,28.043073222702244,27.93717450660589,1
1228,1229,-0.0046843492327086345,1,27.64875870403064,27.5468910211141,1
1233,1238,-0.006637409323277309,5,27.68721397312098,27.531129814933333,5
1240,1241,-0.00011457919709808857,1,27.389393935237194,27.41364507440633,1
1242,1243,0.0012153700587687255,1,27.525446877111694,27.586425927977476,1
1247,1249,-0.015660490943291267,2,27.328989465410295,26.928333062863345,2
1255,1256,-0.005551329953552885,1,26.60421811805032,26.483133543238782,1
1257,1259,-0.0016952902879337976,2,26.416707507140696,26.398340226971793,2
1260,1261,0.005218511266036515,1,26.417333372808358,26.58160985800581,1
1262,1263,0.004983841512046249,1,26.669518072218033,26.82910424156484,1
1265,1268,0.0022559121417320984,3,26.918129520202644,27.00577258494019,3
1270,1271,-0.006323191969244602,1,27.084064285443443,26.939890611944666,1
1274,1275,-0.003748618829431486,1,26.7177629604108,26.644326014057526,1
1277,1283,-0.011597217451171187,6,26.520123036309354,26.23908352566177,6
1284,1294,-0.0018330072307393935,10,26.123731724525715,26.10197046710529,10
1295,1296,-0.007406722935073648,1,26.090620793955562,25.923465415324618,1
1299,1300,-0.002979985333288145,1,25.971518008706497,25.92009478396603,1
1302,1303,-0.011536926149468149,1,25.735465356424022,25.464292658541186,1
1304,1307,0.006529735971076497,3,25.153981536977973,25.34338437657275,3
1310,1311,0.0027998405304917795,1,25.69974784729205,25.797402790785608,1
1314,1318,-0.013806211412630859,4,26.30783146582981,25.97092781427053,4
1323,1324,-0.005670239416004649,1,25.60470082413006,25.4851207411062,1
1328,1329,-0.0018095836769514715,1,25.368138517076357,25.347600886218288,1
1346,1350,-0.00477013490924244,4,26.382084877369493,26.282620858194726,4
1358,1359,-0.0028475594944179852,1,25.78396993039011,25.73633251194143,1
1360,1364,-0.0006466796760856968,4,25.81297287522959,25.822093123167058,4
1366,1374,0.030276539616675084,8,25.881229116518014,26.690704404309034,8
1376,1384,-0.0023319001461111896,8,26.72589222374423,26.69029600398647,8
1385,1388,-0.005616148802685198,3,26.573351477211187,26.450684932606325,3
1389,1390,0.0013068110276142787,1,26.550747289165756,26.611994845803803,1
1394,1395,0.003909673528661562,1,27.11469253327283,27.247816821441237,1
1396,1397,-0.0024768843784353824,1,27.262218147517313,27.221955003413747,1
1402,1405,0.000730521088399116,3,27.42791486705637,27.475379452144626,3
1407,1409,-0.007218243137219661,2,27.359260956631996,27.189134419949017,2
1410,1418,-0.0047506619960143714,8,27.176695251802457,27.074764653744257,8
1422,1423,0.004726063822377179,1,27.080340900096783,27.235404660422468,1
1433,1435,-0.0037128426868456017,2,27.98779562646261,27.91186913977643,2
1437,1438,-0.0008927979809782286,1,27.87377367877248,27.8767618035886,1
1442,1443,-0.004377248658168724,1,28.10724714661525,28.012321983904528,1
1444,1449,-0.019059210633051098,5,28.090378093980117,27.583088039218886,5
1450,1456,0.010327018246826272,6,27.61611401734787,27.928922244728803,6
1462,1466,-0.011813109400683492,4,27.26600319753291,26.9711729220386,4
1468,1474,-0.006193146686233496,6,27.08110038862234,26.940464261879608,6
1477,1479,-0.007945527823897295,2,26.46032462918601,26.276543708244645,2
1481,1486,-0.017292167856762443,5,26.383296464282772,25.95345536967195,5
1488,1489,-0.002487789339843286,1,26.10544181785379,26.06660241980529,1
1491,1493,-0.010513469932518237,2,25.907022743520862,25.66055706160931,2
1494,1496,-0.0061273144064796356,2,25.535932582638864,25.405001827625007,2
1504,1509,0.0022010935233489183,5,25.732558372321087,25.814930698265922,5
1512,1514,0.0019434835982494701,2,25.648493662238085,25.72398958265269,2
1515,1517,-0.005937360410530207,2,25.839774732789035,25.712194452006344,2
1518,1522,0.0014352944103071833,4,25.741867389340328,25.804556415104457,4
1523,1534,-0.021403335543850873,11,25.840235507124167,25.313008511540183,11
1537,1538,0.0005555135227753645,1,25.285780035019727,25.325112407798123,1
1540,1541,0.0006482405224334173,1,25.50858781312874,25.55063210123239,1
1545,1546,-0.0031456468707886415,1,25.771423315153807,25.71612694136188,1
1547,1554,0.0035794433218536738,7,25.73607213900818,25.853929022695905,7
1560,1562,0.0037853840709006414,2,25.658683541991188,25.781470197493313,2
1563,1565,0.00024302177644656042,2,25.878032871588555,25.91019982997954,2
1567,1568,-0.0014552920055424564,1,26.159760347222093,26.147850017469096,1
1571,1573,-0.002132993728777165,2,26.36194786247163,26.3320799408651,2
1577,1578,-0.003447634426086682,1,26.50153366381138,26.43666759767174,1
1579,1580,-0.004862954481157488,1,26.291000714232432,26.189439775209273,1
1583,1584,-0.0023205336125790396,1,25.970177201156407,25.935882709237646,1
1585,1587,0.002951882594320181,2,25.925906042846897,26.028362179679604,2
1597,1599,-0.010124972266176056,2,26.22107311166605,25.981806546732724,2
1605,1609,-0.02523258381457917,4,26.179140298894335,25.54475208740775,4
1613,1616,0.004472767871078798,3,25.251498629124367,25.38969421951843,3
1617,1618,-0.0025935665995229073,1,25.568780220298166,25.528034666148557,1
1621,1622,-0.00410269857193288,1,25.6004794774109,25.52104890629554,1
1629,1636,-0.05266814900622398,7,25.072397715948664,23.77695333481772,7
1637,1639,-0.009163193531010989,2,23.74775150996339,23.5538940184612,2
1645,1646,-0.018313737674117144,1,22.3418914942472,21.955069845772215,1
1647,1659,0.14333000954271138,12,22.258689654980554,25.47128654529215,12
1660,1673,0.03263432086834551,13,25.99453616389649,26.868844734056797,13
1675,1677,-0.01668665535125019,2,26.608248321779467,26.19085390085523,2
1678,1682,0.01863612847784924,4,25.759874110269006,26.26569830787147,4
1684,1685,-0.0031588335536934914,1,26.482820787260817,26.425648785148827,1
1686,1687,0.002211312586920451,1,26.382080411722583,26.466801518617896,1
1688,1692,0.029436086541441565,4,26.507164307289948,27.313938654114835,4
1693,1700,0.010516465318256216,7,27.50426974969182,27.821021718368108,7
1701,1710,0.07871680439442985,9,27.847605053528838,30.067527138434333,9
1711,1713,0.007466744878845668,2,30.345748277349973,30.602677986171965,2
1717,1724,0.06075480952024182,7,30.377491409151748,32.2534476048267,7
1727,1735,-0.041587740059557024,8,32.22731712616449,30.91928315583082,8
1737,1738,0.000989281225035039,1,31.148577248806877,31.210540528714482,1
1739,1745,-0.011308598673550788,6,31.16325926186395,30.84200972877358,6
1747,1748,-0.004950633054854609,1,30.43581436662825,30.31557363234003,1
1750,1752,0.005017165080828265,2,30.239098349830712,30.421051996497045,2
1753,1757,-0.005536341431664841,4,30.50483979250424,30.366459423887203,4
1760,1761,0.004056620125091909,1,31.06840542358213,31.22550654770153,1
1763,1764,-0.00851633010950338,1,31.319035160882233,31.0836309539019,1
1766,1767,-0.013121662671620678,1,30.7435193509902,30.370856780079055,1
1769,1772,0.0909432718796558,3,30.613605222893593,33.42832025111855,3
1774,1778,-0.017508226690397533,4,34.14194865972554,33.57832563159888,4
1779,1782,0.011431872048075147,3,33.6812398904869,34.09996075522596,3
1786,1787,-0.002634215586481789,1,31.94694400261806,31.89473580878852,1
1790,1791,-0.0013258391097750646,1,31.128073067757608,31.117930324140197,1
1792,1794,0.023554723408431427,2,31.743059532121244,32.52250157906985,2
1797,1817,-0.027895212880446635,20,33.991262213440855,33.07705998013528,20
1819,1827,-0.0789053153383669,8,32.49367247761418,29.962242676744037,8
1829,1830,-0.0057480088934712915,1,30.684762584577957,30.539071058932326,1
1831,1837,0.015017068755756813,6,30.777773227744234,31.270742937682105,6
1838,1839,-0.01404599124179784,1,30.85344349147919,30.450929737910048,1
1840,1846,0.002732084579652544,6,30.083612515527165,30.195887101896606,6
1848,1856,0.028448846273848142,8,30.181573467902705,31.070385985261826,8
1862,1864,-0.00013061402818256417,2,30.789290335692968,30.816058112793034,2
1867,1869,-0.006338264720099805,2,30.54692677199704,30.383859190502616,2
1871,1877,-0.015321751300282571,6,30.113080913559685,29.681808857830397,6
1880,1882,0.01753537173923144,2,29.96279992645525,30.518171561440315,2
1883,1886,-0.00528637268348538,3,30.51834468544051,30.387531686435647,3
1890,1892,0.009860413605691148,2,31.289178236491516,31.628991653522004,2
1893,1897,0.0022090073233745834,4,31.8313308906818,31.93347786462276,4
1899,1901,0.0017858267916898373,2,31.65768706018871,31.745879892963917,2
1902,1905,-0.0021869494623847664,3,31.943039398203535,31.9051246247629,3
1906,1911,-0.011926860906088875,5,31.851874799649323,31.503833794115398,5
1912,1914,-0.0001637266895725554,2,31.222245432354438,31.24835576290113,2
1917,1919,-0.0004137016400524242,2,31.494571852807226,31.51303706863178,2
1921,1922,0.015039447746189396,1,32.555499177000506,33.07767140490112,1
1926,1927,-2.3753474085099792e-05,1,32.53579343061448,32.567556385919005,1
1928,1940,-0.030041605722327155,12,32.577667597612816,31.63155981988991,12
1941,1945,-0.006124248749462955,4,31.671794961024172,31.509500805301897,4
1946,1947,-0.001031165479957443,1,31.429479536708147,31.428500021893573,1
1948,1952,-0.02177970513126754,4,31.367451534598516,30.715645140990233,4
1953,1955,-0.0034657449068285114,2,30.69313231169983,30.617450877027643,2
1957,1959,0.018699462335727265,2,30.75554868554694,31.3614164584925,2
1960,1961,0.008626482012735085,1,31.694500758327216,31.99960729977987,1
1962,1966,0.03223352833033733,4,32.35580252866661,33.43110000865385,4
1973,1975,-0.011028961446032264,2,34.25747910197349,33.91391216482154,2
1977,1978,-0.0009577521761666073,1,33.8577008076592,33.859131221838325,1
1982,1986,-0.014460560781288132,4,33.64144234157661,33.188609662167615,4
1988,1991,-0.007499793245902039,3,33.51006636048613,33.29225785748651,3
1995,1998,-0.0006537893485471288,3,33.82431139325001,33.83602173013241,3
675,679,-0.019723266845204583,4,27.06716220434801,26.560376503653565,4
680,681,-0.006543425879995444,1,26.488092388154534,26.341257611298328,1
683,685,-0.003815985472261091,2,26.217302482674697,26.14347493976161,2
689,692,0.00725466583701138,3,26.318551125254874,26.535801970108153,3
696,700,0.000976995803849873,4,26.95604075754042,27.009332737006485,4
701,706,0.02153676141551879,5,26.918567656655565,27.525224993581112,5
708,712,-0.02036030223331518,4,27.781963656826065,27.244096443794934,4
714,723,-0.02439990594961014,9,27.459677129387266,26.817123267152944,9
727,728,-0.005641209078534957,1,26.32327006416487,26.20109826416634,1
731,735,0.010226057399896134,4,26.003518288327506,26.29543527723152,4
736,739,-0.00280580160183733,3,26.54949489851645,26.501551778100737,3
741,747,-0.0013054021602962598,6,26.345753974024483,26.33770792384618,6
749,756,-0.0010908362066728205,7,26.33299760552788,26.33060561591507,7
759,760,0.0013384775840904264,1,26.454631036080066,26.516494597753322,1
761,762,0.003610968581354899,1,26.663751704293798,26.786697425663345,1
763,773,0.010968504228327052,10,26.88465052558888,27.206419579081487,10
776,778,0.005961419411361631,2,27.225024661283175,27.41454947643503,2
780,783,0.0005445557916929317,3,27.77220443646635,27.815100155676774,3
784,789,0.005447494382549584,5,27.967780370764157,28.14810247759704,5
794,797,0.005206464004321456,3,27.659363571285407,27.83103041567303,3
798,799,0.002208330040860395,1,27.987621909690066,28.077415437835167,1
802,803,-0.0015233867343597868,1,28.187713939498543,28.17296086395068,1
804,808,0.001626967258974247,4,28.418149929855296,28.492803479281648,4
809,811,-0.00011118606815427529,2,28.59006412566117,28.61547537296842,2
812,821,-0.010405729541647545,9,28.694917783445984,28.42502114755508,9
825,826,-0.005756796765998564,1,28.628492680465268,28.492312759067417,1
827,829,-0.006005444521459147,2,28.493914181235322,28.35128947460193,2
835,837,0.007389102210556764,2,28.2171637992092,28.453880470412788,2
838,839,-0.0007892238547352554,1,28.645140584041577,28.65117829635445,1
840,846,-0.006970804578638688,6,28.743636656411056,28.57201401905623,6
847,850,-0.011471664686617467,3,28.59460472893999,28.295171616372166,3
856,860,-0.011962072903252685,4,28.119367543022683,27.81112098602271,4
861,862,-0.0018389609224356033,1,27.771899778024764,27.748600239369203,1
864,865,-0.005332503517860267,1,27.909937231128374,27.78901732989125,1
868,873,0.00707406926206025,5,27.662479071798476,27.88582784378447,5
874,875,-0.006030192371348733,1,27.894092938842547,27.75378028533589,1
878,879,-0.007089087926594037,1,27.56333304935322,27.39549749086571,1
880,881,-0.0041573112946733425,1,27.289331519156033,27.203170604526516,1
883,884,-0.0054362052681738715,1,27.226216741510488,27.105435655369355,1
885,887,0.0025948289400204395,2,27.142085432267876,27.2396565864723,2
889,892,-0.008290471028857577,3,27.224665367145064,27.02618473301555,3
894,895,0.0009603031849516317,1,27.04773440882126,27.100756168728598,1
902,907,0.006811967556828786,5,27.438679285269682,27.65302935764844,5
910,912,0.001631148377811096,2,27.83040150446245,27.90362742023475,2
915,920,-0.014883096860438254,5,27.617287722679258,27.23387424220271,5
922,925,-0.008800802350376957,3,27.255454786774802,27.042840371013536,3
926,928,0.0030323022913398678,2,27.07482537200626,27.183999252391427,2
930,931,-0.0023990812410196287,1,27.345426407668842,27.30716793455419,1
936,939,-0.004220250873273719,3,27.254637104319354,27.16687033538341,3
942,943,-0.008364199591001749,1,26.90771067227822,26.709556920350636,1
944,945,-0.006526703074819774,1,26.678763016214393,26.531317414620293,1
951,952,-0.001357766975761508,1,26.635005038613517,26.62547591341146,1
954,955,-0.0016432323161858476,1,26.631813893167166,26.614683449832434,1
957,958,0.0003719279545517744,1,26.76983880018114,26.806565090369954,1
960,963,-0.006796776755598986,3,26.788348777961467,26.6330627004445,3
964,965,-0.004859436051288302,1,26.562672730350922,26.460155793596833,1
966,967,-0.0003167631987880561,1,26.383931742016472,26.40195821514328,1
968,970,-0.004611443586206819,2,26.421126233895365,26.325707827017602,2
971,974,-0.0033533013535163303,3,26.25462821873318,26.19284316660997,3
976,978,-0.0019332616237875905,2,26.15035977052612,26.12595464330405,2
979,982,-0.004635825672194029,3,26.108913558478875,26.013986100289863,3
989,993,0.009046953493223053,4,26.08386177341365,26.345925119574794,4
997,1003,-0.013098217356979695,6,26.282730218741,25.964756035819814,6
1004,1009,0.0010140084017512146,5,26.01339431201163,26.06578550671409,5
1011,1013,0.006664030853625548,2,26.295054055984238,26.496580161567053,2
1015,1017,0.0040512936128338515,2,26.76297862180296,26.898166284775684,2
1019,1022,0.015313177876075102,3,27.167622400033245,27.61081265671503,3
1023,1026,-0.0032804648254753325,3,27.67943402543019,27.61631204974613,3
1029,1035,0.022531863534515962,6,27.603720431337358,28.25328741357252,6
1037,1038,0.0005788451837038834,1,28.302737785117593,28.34742342635526,1
1039,1043,-0.002862809057536927,4,28.439025012813627,28.386048539432238,4
1045,1052,-0.0232942150130647,7,28.448976048449644,27.81472845952398,7
1053,1057,0.013652918376190433,4,27.82569671259059,28.233424375280812,4
1059,1061,0.021497711946747607,2,28.433397615105058,29.07308400431703,2
1062,1064,0.0023013367191802394,2,29.413517568120064,29.51062149370795,2
1068,1069,-0.0022096005416021984,1,29.330790014998353,29.29531147551059,1
1070,1071,-0.011417691308801135,1,29.17784289091605,28.87387713062179,1
1072,1073,-0.0010393810099965984,1,28.729715827177003,28.728584421950814,1
1075,1078,0.00653290430284642,3,28.68438947702299,28.90046623793898,3
1080,1091,-0.02454752947306916,11,29.1683744923954,28.4815313343542,11
1094,1099,-0.010353844727213998,5,28.083722155386507,27.821031378982802,5
1102,1107,0.005282348626096345,5,27.877500437124073,28.05263661369424,5
1108,1111,0.00034858724328268005,3,28.126268801534916,28.164199528841806,3
1118,1120,-0.0025368468536349628,2,27.228477032460308,27.1866310332037,2
1123,1124,0.0015072026532092372,1,27.48059592863557,27.549495351659615,1
1125,1128,-0.00013124946382047514,3,27.58475593505314,27.608720206562097,3
1131,1132,-0.0038600145087792194,1,27.618416445843533,27.539427374098914,1
1137,1142,0.006063994465558568,5,27.75126902644165,27.947303837256662,5
1144,1146,-0.00030651030817106686,2,28.208906189528026,28.228468775188233,2
1147,1149,0.007608634617007085,2,28.264200139969518,28.507516311716476,2
1151,1154,0.0014828912251651574,3,28.544154292856764,28.615026323080258,3
1155,1157,-0.0036432400050582475,2,28.668707293947218,28.59292901993455,2
1159,1160,-0.0036978816846828452,1,28.41566227194193,28.339000177140324,1
1163,1167,-0.011377503437515948,4,28.20883881127154,27.916101489539237,4
1169,1172,-0.004145686245696152,3,27.79523570627878,27.707800615621657,3
1179,1180,-0.0028852193489379355,1,26.902299091154138,26.85158235637658,1
1182,1183,-0.002431386501741759,1,26.706274157981806,26.668047157640256,1
1185,1191,0.012344912050642438,6,26.726776777929203,27.08344326342782,6
1198,1200,-0.0018041626269810823,2,26.884181912152815,26.8625626578021,2
1203,1205,-0.002135027685978113,2,27.013026258253657,26.982365725568485,2
1206,1207,0.0009868483447198389,1,26.91167486253334,26.9651442791876,1
1209,1210,0.003007900293734542,1,27.291109717107698,27.400489763759236,1
1214,1215,-0.007336640351459167,1,27.62006507811058,27.445046659226698,1
1218,1222,0.011586784416782316,4,27.605264020807486,27.952725527805747,4
1225,1229,-0.014476716534709284,4,27.919864558584525,27.543596458241005,4
1231,1234,0.001527542933361156,3,27.642606841562866,27.71247471714494,3
1239,1240,-0.006570109782732633,1,27.47510182760321,27.322062494131703,1
1247,1251,-0.02224175347798518,4,27.319926716742252,26.739603568388592,4
1254,1255,-0.00015362124215870406,1,26.579282244677586,26.60177838456815,1
1256,1258,-0.008187249311778888,2,26.50713306092925,26.316619687079854,2
1259,1262,0.00835010861360775,3,26.419173815866714,26.66619596052685,3
1263,1269,0.007601661825832649,6,26.854005203933333,27.084994275366718,6
1270,1274,-0.013641220164056434,4,27.11841615096096,26.77560628189616,4
1281,1288,-0.020117079680431745,7,26.555551242437144,26.047886653377684,7
1290,1293,-0.0029366390661354153,3,26.147581909189878,26.096943480579565,3
1294,1299,-0.005895393349826892,5,26.08066515916034,25.952990044381124,5
1301,1304,-0.0304007603406411,3,25.849291193033434,25.089302377691613,3
1305,1306,0.0015688769504560666,1,25.187853639562473,25.252558136208606,1
1307,1310,0.010734316776403591,3,25.400797913232445,25.698858922319726,3
1312,1314,0.009068273859955542,2,26.003402123566023,26.265211497436635,2
1320,1322,-0.005987628069864081,2,25.6923263157375,25.56418254782502,2
1328,1336,0.028415578331962402,8,25.343656829616855,26.089155152306823,8
1342,1347,-0.0011429598867010765,5,26.354667685217755,26.350900024911432,5
1353,1354,-0.007067131589444255,1,25.817099109252243,25.660463371698686,1
1362,1366,-0.00310220943927673,4,25.92598388024556,25.871482032209972,4
1367,1370,0.004673747311966603,3,26.009130749291465,26.156699984966846,3
1373,1376,0.0035833986516974007,3,26.578599982235765,26.70042030155835,3
1378,1385,-0.0034007727665926486,7,26.612236200188907,26.548346268261362,7
1396,1397,0.0006326331108731243,1,27.247375750499163,27.29186071833383,1
1400,1404,0.007107125277714726,4,27.314085192277172,27.535523902777136,4
1406,1411,-0.012389596540746433,5,27.425439283988773,27.113074595591403,5
1412,1417,-0.0016663670281453105,5,27.074007139646938,27.055965913969306,5
1418,1419,-0.005983253474804886,1,27.12496231443545,26.989791751728088,1
1422,1423,0.0061544376716967455,1,27.05114724367852,27.24468299058131,1
1424,1427,0.014713306250732874,3,27.332476471230827,27.761960044614227,3
1429,1431,0.0016222083138997118,2,27.84759821325724,27.92062041681418,2
1432,1433,-0.002843368159824733,1,28.000072002089205,27.948457560887753,1
1434,1438,-0.005708180639247976,4,27.959230412286136,27.827593304970737,4
1439,1444,0.005346521692585056,5,27.846212698710534,28.022939291659238,5
1451,1452,0.0018780040193782754,1,27.579028687405767,27.65840124281867,1
1454,1460,-0.017968462563332652,6,27.868320342889596,27.395437792448313,6
1470,1471,-0.0033251022706706694,1,27.037326390902184,26.974461841917833,1
1472,1473,-0.0034611092504792306,1,27.11710823028637,27.050370064374565,1
1475,1476,-0.010229489423478969,1,26.80480110733271,26.557406479014126,1
1479,1481,-0.0024601156440172012,2,26.393425619362866,26.35488816571683,2
1484,1485,0.0004832988676258469,1,25.919095699860563,25.957541465162052,1
1486,1488,0.0014065845231462193,2,25.959311094567624,26.02178437087935,2
1490,1492,-0.009507632861998114,2,26.00530709313902,25.784063487927078,2
1494,1499,0.0007640320448482338,5,25.557822895762065,25.602907714346745,5
1505,1510,0.0059563457546904204,5,25.585732733342027,25.763715936622255,5
1512,1519,0.0012193152170885458,7,25.674937305293938,25.73191808435337,7
1529,1534,-0.009189005363517029,5,25.573923730832618,25.364498732234654,5
1538,1542,0.012958089798809733,4,25.31135500714921,25.66465317326855,4
1545,1550,-0.001696842396028841,5,25.721093018177786,25.70316947009052,5
1552,1554,0.0008893491453849348,2,25.808689295049863,25.85745092011297,2
1556,1558,-0.003220774845181017,2,25.803185428799203,25.745882363673385,2
1559,1560,-0.004082705305365852,1,25.72692398223301,25.647615457182237,1
1561,1566,0.010531521414389268,5,25.726317995715846,26.02298158259683,5
1571,1580,-0.007407366739588535,9,26.359118318973586,26.190225780971716,9
1581,1582,-0.004823697862990271,1,25.991830735672192,25.892445828032997,1
1592,1594,0.0004564120503499074,2,26.377550517248967,26.415967099681,2
1595,1600,-0.016642352982263166,5,26.397986040239555,25.985059424577273,5
1601,1604,0.0030060585975443628,3,26.117885153630766,26.222514932000145,3
1605,1608,-0.01638713311621693,3,26.218409006902323,25.814982857417696,3
1609,1610,-0.0058231873643453105,1,25.583073247779318,25.459681292149508,1
1611,1612,-0.0017934135557648731,1,25.35134474656666,25.331230645987866,1
1614,1615,-0.00042032253600219726,1,25.338583747921202,25.353271953889493,1
1619,1621,-0.000404664189506357,2,25.601666467849824,25.61690805670645,2
1622,1626,-0.011279926766086381,4,25.50400785187135,25.24182851891242,4
1631,1638,-0.04729054115666945,7,24.859353496861182,23.708600570686535,7
1643,1645,-0.028412814554805915,2,22.9398116035901,22.3109668021787,2
1651,1652,0.00832285011794345,1,23.897834433496644,24.12063036206356,1
1657,1660,0.0442709081987596,3,24.899181490499654,26.026390049980318,3
1662,1664,0.0016391157554396323,2,27.049469006678077,27.120855686509877,2
1667,1668,-0.011303055049162587,1,27.590061914892058,27.30579998817312,1
1671,1673,-0.007569656730612213,2,27.018822503230513,26.84131811411895,2
1677,1679,-0.022934250018246248,2,26.19731685426094,25.622698356572364,2
1680,1681,0.002829641705121423,1,25.915336250205883,26.014582702711916,1
1683,1692,0.034356064628120346,9,26.38510272412329,27.317976121256986,9
1693,1700,0.006763674994292864,7,27.57917212445921,27.79328785344517,7
1701,1703,-0.008100169429882976,2,27.84102391370652,27.64334792681778,2
1704,1709,0.07901364566619731,5,27.829308284594813,30.05603269681375,5
1710,1711,0.004416209890420281,1,30.13593667187765,30.299159230136954,1
1714,1715,0.0038807039349869144,1,30.7028263801972,30.85267778572625,1
1717,1719,0.0008341498661394108,2,30.4205456616648,30.47634150141803,2
1722,1724,0.0046632158728222755,2,32.0616134152204,32.24318525322177,2
1725,1728,-0.01818163459824196,3,32.383747615294205,31.82734189684653,3
1729,1735,-0.027309006256929183,6,31.862827246891698,31.02454792548977,6
1740,1741,-0.004667306066917176,1,31.07902790815796,30.965051600556485,1
1742,1744,-0.0007648345388796302,2,31.152641324853494,31.15996735011577,2
1747,1750,-0.008685910049010117,3,30.459295166567536,30.22518776376105,3
1753,1758,-0.002293516187885038,5,30.479325179329727,30.439899678814452,5
1760,1761,0.008590610576087222,1,31.00264914596407,31.299983480750075,1
1763,1767,-0.030217610293807175,4,31.288404162346875,30.37423176281629,4
1769,1771,0.05906556792414593,2,30.6791011286217,32.52185876131467,2
1773,1775,-0.004763758000551807,2,33.922925248170834,33.79524756686591,2
1776,1778,0.005092423761126202,2,33.48358472165359,33.68758090881948,2
1780,1783,0.007644681065135398,3,33.52552135621395,33.815338795880805,3
1785,1786,-0.02428497487084467,1,32.673943105553086,31.913131161408874,1
1789,1794,0.02143947767573761,5,31.8166080993251,32.5305561664876,5
1797,1798,0.020100421027112,1,34.06295856555809,34.78170133272044,1
1801,1802,-0.003974158444741936,1,34.99248262435995,34.888409436660226,1
1804,1805,-0.01280226694394684,1,35.35503427414756,34.937764721831684,1
1808,1809,-0.010243136293988288,1,34.225031788475995,33.90868515498903,1
1810,1818,-0.026427189781023624,8,33.605069934669764,32.750587443836345,8
1819,1820,-0.010112902914586826,1,32.50828061789747,32.212035812706425,1
1821,1823,-0.015417658879368447,2,31.824053053375177,31.36522471229269,2
1828,1832,0.021693466949173665,4,30.530527513988,31.223371031067526,4
1833,1834,0.011589882793358083,1,31.514232476150738,31.910992969348115,1
1836,1838,-0.027851060775876423,2,31.659532546336848,30.80944051379932,2
1844,1848,0.01088945455482716,4,29.786990814141706,30.1411418877515,4
1849,1851,0.008796959940741589,2,30.209210783800856,30.50516921169117,2
1855,1858,-0.005781376047955374,3,30.924636182065687,30.776773867333024,3
1860,1871,-0.0223334310719988,11,30.7550167831509,30.098906752489384,11
1876,1878,0.008660529201582237,2,29.486892358631668,29.77175134332614,2
1881,1882,0.003981527342025274,1,30.365724127237762,30.516991812237993,1
1884,1885,-0.004629221380091959,1,30.394347811000888,30.284039994091252,1
1886,1888,0.020202684748607074,2,30.382928051870298,31.027127697093714,2
1891,1897,0.015492322050906487,6,31.336882140774552,31.853700093111506,6
1899,1906,0.006223103916425927,7,31.660869467032462,31.889559217277235,7
1910,1912,-0.013267722450887073,2,31.602778191257343,31.21508407973005,2
1913,1915,0.009668485284952032,2,31.067874111190434,31.39932126898041,2
1916,1917,-0.001817534712337604,1,31.490068884296228,31.464324659889414,1
1919,1920,0.008473911222344189,1,31.6050519628852,31.904475419359148,1
1924,1926,-0.014756991955909023,2,33.02419110407635,32.56987757270717,2
1930,1931,-0.006589698050541315,1,32.70356356744917,32.52076052193045,1
1933,1936,-0.009394556161396738,3,32.53711604293794,32.26398139498561,3
1937,1938,-0.008206849075059457,1,32.10904280904398,31.877637783574574,1
1943,1944,-0.0008684366948320768,1,31.474085319991097,31.478226154682933,1
1946,1952,-0.02240621639847843,6,31.440015851029592,30.76700406815086,6
1954,1956,-0.004980337358488144,2,30.76481630347342,30.64236195581368,2
1959,1965,0.05614890689750234,6,31.332747330310102,33.12337959033296,6
1966,1968,0.015504621459384606,2,33.52069863022181,34.07394507216773,2
1973,1974,-0.008287644841344113,1,34.270792235046365,34.02103887280585,1
1977,1979,-0.0008370839921105665,2,33.813491133386535,33.81899989237479,2
1980,1981,-0.0016368341104288323,1,33.7502397658459,33.728746461927855,1
1989,2000,-0.013150797008614042,11,33.62694812399592,33.218353903322054,11
673,675,0.0018045881174287041,2,27.023557641211596,27.099347589862788,2
679,682,-0.013216902940391958,3,26.584208994722577,26.259432293686956,3
684,686,-0.003623845055309187,2,26.185674925863704,26.116967772189543,2
693,696,0.006071728349935559,3,26.759704043426808,26.948941401146595,3
703,706,0.011432961133835521,3,27.165656999122167,27.50340655676736,3
708,709,-0.00584943435287231,1,27.812691602268206,27.677815780166323,1
710,714,-0.008862722228010558,4,27.61854157772113,27.401384656952747,4
716,717,-0.00876932912779213,1,27.058275742212725,26.84805109234092,1
719,725,-0.009201074199480092,6,26.658380663652288,26.43975330579169,6
727,728,-0.007900727649622517,1,26.363205022900154,26.18127972506596,1
730,734,0.0019526832684158301,4,26.034361230493122,26.111232453302293,4
735,736,0.006331047680750987,1,26.30816437914773,26.501030786604296,1
737,740,-0.01114200695331257,3,26.59343968295808,26.323728832781022,3
744,746,0.0063648696454782095,2,26.213108021834266,26.406164145417915,2
747,750,-0.002917670040372777,3,26.38002964693176,26.329441454413693,3
751,752,-0.0013259210719928562,1,26.27111822754411,26.26255591652894,1
753,757,0.002844742941966631,4,26.255953213962385,26.356900604766373,4
760,764,0.015197091837590021,4,26.517960627302966,26.947474470928988,4
766,767,-0.002403682335763405,1,26.973300312050217,26.93543836686495,1
772,780,0.022068147304036324,8,27.16062819550895,27.78717356759311,8
781,785,0.006387119069008102,4,27.80048290466517,28.005848382057856,4
786,789,-0.004616671460347707,3,28.238085697873707,28.135957819235355,3
790,792,-0.009745780346887438,2,28.002335236175174,27.75743296299968,2
793,801,0.010828981966321302,8,27.773839096383615,28.102375338190246,8
802,807,0.01224119398411434,5,28.146305621934925,28.518996314611133,5
809,810,-0.0028018472128361932,1,28.67868751084788,28.627012897688658,1
811,812,-0.0012770431487444188,1,28.651105355211733,28.643167762769117,1
814,816,-0.0003663261179614434,2,28.53469007313708,28.552771760968493,2
820,828,-0.0015446944953791163,8,28.48304137674829,28.46752682089872,8
830,831,-0.006610539906026214,1,28.147981387233447,27.99005601438629,1
835,841,0.015206098742421206,6,28.19202302087751,28.648905729702463,6
843,845,-0.003950653606142508,2,28.655859062670338,28.571305548789958,2
848,855,-0.01602067133229469,7,28.578762166768254,28.14948997317741,7
856,859,-0.006965824109846767,3,28.09081724744068,27.923232372640598,3
863,865,-0.0017655061043695083,2,27.833740225719705,27.81243332766948,2
868,872,0.006531266205848519,4,27.669169710740757,27.877553593527146,4
874,875,-0.006729105175449484,1,27.899018178293765,27.739181768858543,1
877,879,-0.013091935040426769,2,27.72670771792159,27.391438169311584,2
881,882,-0.0004665090778867071,1,27.183594869924274,27.198097071017784,1
885,886,-0.0021516408503424135,1,27.150001347728264,27.118734297089368,1
887,896,0.0024724825248350828,9,27.211721914753586,27.30621414357324,9
897,898,-0.003132148925683741,1,27.379621801060235,27.321244369851478,1
900,901,0.0012576232459888884,1,27.320393781268066,27.382072937358227,1
902,903,-0.0005632614660090777,1,27.410565290271492,27.422536540372228,1
905,906,-0.0016833700284181073,1,27.590413983493274,27.571559521505307,1
909,913,0.0018298397200674056,4,27.809720560602795,27.888417612449164,4
914,917,-0.014616638252144362,3,27.727627014615152,27.35006994796675,3
918,919,-0.003159728994169539,1,27.29423666507963,27.235288510780332,1
921,925,-0.011567094532966258,4,27.362786620043448,27.073641467144064,4
926,928,0.002205597820728709,2,27.120971981018215,27.20791090969661,2
929,934,0.004034057044159044,5,27.233942769023333,27.37103999045996,5
936,939,-0.00666280872503171,3,27.285190939185718,27.13068012187114,3
940,943,-0.015910619788197963,3,27.071638254352735,26.667983349298446,3
945,946,-0.009508898599091202,1,26.529778968649126,26.304039769548588,1
950,952,-0.005627948475306003,2,26.76044183596607,26.636595889972796,2
954,955,-0.000788956212555541,1,26.6172645143399,26.622881922654418,1
957,961,-0.001788433570345407,4,26.76276637060458,26.741665707162685,4
962,963,-0.005394411034329276,1,26.678581899619655,26.56134524493971,1
965,966,-0.0021446598115590783,1,26.474973081376135,26.444668243677775,1
967,971,-0.008875587697261347,4,26.463222814235568,26.25480938220989,4
973,974,-0.001382942691996403,1,26.217972566254243,26.207932585261034,1
979,982,-0.002187449647282713,3,26.071329351088025,26.040370960245884,3
983,985,-0.0068484215010561735,2,25.90938324612128,25.75785425206556,2
991,992,-0.0010343702273171668,1,26.333469798722973,26.33256471137994,1
993,1000,-0.00849653184176779,7,26.331896997041664,26.13449909274919,7
1003,1005,0.0016803477855245872,2,25.98312649348371,26.052770309041524,2
1016,1018,0.0016275993694827946,2,26.926232608028883,26.996983959852287,2
1019,1027,0.012650945567014814,8,27.180850981058434,27.551895298266004,8
1028,1029,0.0028113941766531873,1,27.52955650530593,27.634482496656098,1
1036,1039,0.006181938876088405,3,28.265886468370155,28.468890337264444,3
1040,1047,-0.009705009510759442,7,28.445555532184507,28.197936700738005,7
1049,1050,-0.007251733463793423,1,28.055547196865913,27.88015139361023,1
1052,1054,-0.001310934360671867,2,27.799324278700013,27.790680513578305,2
1057,1062,0.040713791618865534,5,28.225013923830883,29.402386273089142,5
1063,1064,-0.0042458798030773634,1,29.603773826208304,29.507683534650944,1
1067,1068,-0.0022085937702384442,1,29.312711619655197,29.277284459002885,1
1069,1072,-0.018905555174649976,3,29.29322646533919,28.76871498262054,3
1076,1077,0.0013655369837905318,1,28.688509380956532,28.756373110907006,1
1081,1084,-0.016404030390781997,3,29.30534691843981,28.853926463895753,3
1085,1091,-0.011141731797870254,6,28.712398686640018,28.421205239886593,6
1092,1096,-0.013615141506649685,4,28.409588119493375,28.051197145220332,4
1099,1102,0.004516419812625413,3,27.72306301452722,27.87599506860722,3
1103,1104,-0.0038870426346228376,1,28.0158260676934,27.93494318339179,1
1108,1109,0.004456277931277863,1,28.136193754257253,28.289712647308765,1
1110,1112,-0.010106145754366636,2,28.269686747976685,28.012258860019323,2
1113,1115,-0.021966680577833936,2,27.886211354922935,27.3015300689183,2
1117,1122,0.013449703030245473,5,27.07811707391439,27.469387824250674,5
1130,1132,-0.0037913657195462833,2,27.634344120866533,27.5572065600054,2
1134,1135,-0.004461322120520904,1,27.568049493465992,27.472627593934643,1
1137,1141,0.0035991265358360494,4,27.75671303395586,27.884369669417914,4
1142,1143,0.005611130136351756,1,27.974241352782123,28.159182702831078,1
1144,1150,0.007913175729482965,6,28.192368609303667,28.44365214494875,6
1154,1155,-0.0035175045750455067,1,28.691145602627895,28.618915512309982,1
1156,1160,-0.012988584605903047,4,28.623280933372605,28.280128308204336,4
1165,1168,-0.006113516258016355,3,27.985726046481563,27.842620581350488,3
1172,1174,-0.008273015549108895,2,27.717432949245445,27.5158436284242,2
1182,1185,0.0027801857074298258,3,26.611020621095125,26.71161522090711,3
1191,1193,0.0014317714779263904,2,27.087841522733555,27.15371296314713,2
1195,1198,-0.006735200135938903,3,26.991125812225526,26.836326303798106,3
1199,1200,0.000943897398238455,1,26.86707973446509,26.919306580859182,1
1201,1203,0.0002344967055977244,2,26.885571358804093,26.91876150807465,2
1209,1210,0.002722326318135508,1,27.289284442096005,27.390864063777904,1
1213,1216,-0.008358527279190307,3,27.6572679200603,27.45375115960266,3
1220,1224,0.005259036475759755,4,27.82779956560313,28.00197477812437,4
1226,1227,-0.006839014038339142,1,27.82040677321255,27.657963027511457,1
1228,1240,-0.00953345687014151,12,27.621677441725147,27.385969048595225,12
1242,1245,-0.001303618855690701,3,27.557321169269713,27.548954246950398,3
1246,1247,-0.009201379922477087,1,27.53148348432206,27.30568732843773,1
1255,1262,0.0023404972521203185,7,26.608371283877226,26.697256475034415,7
1266,1273,-0.0036171705857051453,7,26.896287099817634,26.82589492835531,7
1274,1278,-0.011583579588761009,4,26.776612962261773,26.493220547858225,4
1284,1292,-0.000869059790773953,8,26.086444428425388,26.08986019291681,8
1294,1296,-0.009167833648850758,2,26.082291896524268,25.86925607513269,2
1299,1300,6.737446754788911e-06,1,25.908873742287078,25.93495717568668,1
1302,1303,-0.010620130146886217,1,25.716135539248025,25.468742968485493,1
1307,1308,0.0030344859014244862,1,25.38364695455048,25.48605692031535,1
1309,1313,0.015658935994920117,4,25.619869004719607,26.04666876266747,4
1315,1319,-0.023405118362983937,4,26.3930536911904,25.80171419927869,4
1320,1321,-0.0004394883166530018,1,25.715640043464862,25.73005396015397,1
1327,1328,-0.003150195484006578,1,25.376522210687547,25.321957727230334,1
1330,1333,0.015198004140537655,3,25.516482301438923,25.929798387409587,3
1342,1343,5.222997824436311e-05,1,26.401099735171485,26.42887976377145,1
1346,1349,-0.0010042430364093126,3,26.3100767281354,26.30996509352191,3
1358,1360,0.0010937007542150255,2,25.767279227672912,25.82122819962596,2
1361,1364,-0.0012122680703957507,3,25.85617742259882,25.850688981709514,3
1366,1368,0.007411202187431169,2,25.851527326879093,26.068969750079376,2
1369,1379,0.014494240537317859,10,26.128334599865003,26.533173300994836,10
1381,1385,-0.0013657158008533522,4,26.629481274538392,26.619742452467765,4
1387,1388,-0.0002969921551978997,1,26.472949917542028,26.491560609009113,1
1390,1394,0.017530723614943816,4,26.63161463279668,27.12511772297673,4
1397,1404,0.006412700475738078,7,27.264646147975412,27.46675080344734,7
1407,1408,-0.00411222956120591,1,27.33546459939512,27.250390358399585,1
1417,1422,-0.0032547862728311526,5,27.098006739842504,27.03690652622442,5
1427,1439,9.265530502289613e-05,12,27.805972271175822,27.83635461428924,12
1440,1444,-0.0020182333439850804,4,28.051446952316564,28.022884033682686,4
1445,1447,-0.015795833429594595,2,28.0395463905762,27.624677932739843,2
1450,1452,0.0016798842230288588,2,27.567980103138797,27.641859098077973,2
1454,1457,-0.002377979791871468,3,27.883087846658057,27.844665515070385,3
1458,1459,-0.005393222128779023,1,27.554469998268328,27.433417090925158,1
1463,1468,-0.005168295032355504,5,27.115844912969575,27.00281807132072,5
1471,1474,-0.005516616344077294,3,27.02119753201515,26.89915314960551,3
1478,1482,-0.012767421181198758,4,26.355611582104828,26.04547400013012,4
1490,1494,-0.02010692947300158,4,26.044699533391526,25.547065296261497,4
1496,1499,0.00588734899554349,3,25.46223488037627,25.63760217820392,3
1504,1522,0.002606741609816315,18,25.733740456680447,25.82655540916177,18
1524,1527,-0.0036547659947773993,3,25.87854841394462,25.80984692362108,3
1528,1529,-0.007245784334634307,1,25.703822716378614,25.54328218311644,1
1532,1534,-0.0028297867327474963,2,25.39067016127736,25.344210649880687,2
1542,1543,-0.00018721484479819266,1,25.662020471252845,25.682878180544364,1
1545,1547,2.054114892493554e-05,2,25.690442172279383,25.71666032565027,2
1554,1556,-0.003020837812996002,2,25.847238349116868,25.795005272499452,2
1559,1560,-0.0027085253030699158,1,25.69995085380915,25.656041837487763,1
1562,1563,-0.0007400364852280605,1,25.761539144907598,25.768236205169643,1
1570,1572,0.004762738331554384,2,26.278246800190203,26.429681460311706,2
1574,1577,0.000567090320802089,3,26.443183403677352,26.48462226044045,3
1578,1579,-0.007187970735337326,1,26.448393320553357,26.284731436689082,1
1582,1583,-0.001558878713768785,1,25.938186042852493,25.923689742799368,1
1584,1585,-0.0034078982769665737,1,25.932493871572497,25.87005106426169,1
1587,1588,0.002020994413767303,1,26.03479046680019,26.113441423363994,1
1589,1591,0.0068190115779654,2,26.13066267801178,26.334978632031063,2
1595,1598,-0.01541341584626418,3,26.425059225948473,26.044183858562718,3
1601,1602,0.0014581304625875366,1,26.093930789873635,26.158073076036874,1
1607,1610,-0.016565788175482984,3,25.89155242287072,25.4885300023219,3
1624,1625,-0.000287174333308191,1,25.396389627602623,25.414492825970484,1
1627,1631,-0.020514481195139975,4,25.284509309051124,24.791095227611304,4
1634,1643,-0.05725111855844197,9,24.215202387717966,22.853070167289776,9
1648,1650,0.04122359418782136,2,22.870049639837426,23.83570533488525,2
1651,1663,0.1308484408642059,12,23.96723427481478,27.127276745776264,12
1666,1670,-0.04165225444046437,4,27.801584085228384,26.671387015147715,4
1672,1675,-0.020690125805645058,3,27.152786971978934,26.61814518052679,3
1680,1690,0.03919227600705922,10,25.919598936518877,26.961366610967723,10
1692,1694,0.013371857362126826,2,27.300727985443043,27.693090153932054,2
1695,1696,-0.0013585216813853489,1,27.956460566328193,27.94643756908037,1
1699,1712,0.09455521377599108,13,27.812648652055337,30.470292239679015,13
1713,1720,0.005332217599692783,7,30.622308421363172,30.81621554169215,7
1724,1725,0.0036823884437793466,1,32.30426909917057,32.45553023548526,1
1726,1727,-0.008953524967869872,1,32.406261802737866,32.14851779037446,1
1728,1729,-0.002471638043911888,1,31.963937008884386,31.91689766314891,1
1730,1731,-0.00802482667122061,1,31.903393202679027,31.67927739520641,1
1732,1738,-0.00827804035567766,6,31.450205278106754,31.221309414898347,6
1739,1746,-0.021405805936269357,7,31.15076049312911,30.51510411973911,7
1747,1751,-0.005785769909569903,4,30.407610625897973,30.262086797942633,4
1752,1758,0.0010832960925142346,6,30.408986055794898,30.472336977622255,6
1759,1762,0.021728166390356227,3,30.754365086867157,31.453355413791236,3
1763,1764,-0.005486970555715621,1,31.286884246529556,31.146500918135295,1
1767,1770,0.029160807313946623,3,30.41801586623004,31.335447781643975,3
1772,1775,0.011117960876042929,3,33.460437601310865,33.865909875058826,3
1778,1784,-0.011379656756376692,6,33.69822260803434,33.34844662406297,6
1791,1800,0.12438304005088929,9,31.121690989674278,35.02382321748401,9
1801,1809,-0.034829803550286205,8,34.98214776021035,33.79870857371535,8
1820,1826,-0.07524993048128288,6,32.25607630279251,29.861064879711208,6
1827,1829,0.025511056164334734,2,29.946039723710292,30.739940864724975,2
1830,1834,0.04397142839672085,4,30.566026693851526,31.94062457468633,4
1836,1837,-0.014268914720985543,1,31.62928099737328,31.209594765133044,1
1838,1842,-0.030940082185140046,4,30.85052639928777,29.92685910343826,4
1845,1849,0.007056175581026854,4,29.92263809827909,30.16370012464635,4
1852,1855,0.018972494598818935,3,30.298552798361516,30.903690480478822,3
1857,1858,-0.008932633611577378,1,31.028250353259644,30.78211461159894,1
1867,1868,-0.007893666497882562,1,30.529348099432355,30.318888955237103,1
1871,1872,-0.009568082108744547,1,30.177208099751876,29.91864730294053,1
1874,1878,0.0004485342555004151,4,29.723991615071718,29.767047835136356,4
1881,1886,0.0018202146393969678,5,30.300154358014147,30.385607296910607,5
1887,1893,0.036290729802138696,6,30.65220748951533,31.79525067684594,6
1894,1897,-0.004947746664595462,3,32.065798692451914,31.939211042616197,3
1898,1900,-0.00678357337019812,2,31.83609963872204,31.651973220640553,2
1907,1910,-0.01584393635465172,3,32.04477585137181,31.569105238134966,3
1915,1919,0.004258484947747137,4,31.431142248413344,31.596422436817125,4
1921,1931,-0.0033002360423868638,10,32.611575995840816,32.536561673336145,10
1938,1945,-0.01671662533270767,7,31.94842434391572,31.446302928532038,7
1949,1951,-0.014984153170827588,2,31.337707319772463,30.8994760205902,2
1952,1961,0.03604440091802816,9,30.79751847155713,31.93839409309787,9
1962,1970,0.056811365275494886,8,32.368033175631346,34.23927336479711,8
1971,1975,-0.010333090636905434,4,34.18977339417967,33.87067714023653,4
1980,1983,-0.011145497452863341,3,33.72589493400766,33.38372895285915,3
1992,1993,-9.046893585476197e-05,1,33.389656073067485,33.420025002487066,1
1995,1996,0.0017314492348579525,1,33.7337793332286,33.82592143897721,1
1997,1998,-0.002641159265956274,1,33.855670663138554,33.80010811552458,1
673,675,-0.0007891948712460411,2,27.077691876108933,27.083399992431236,2
681,686,-0.009195398140808397,5,26.338954971077463,26.12309674847666,5
688,690,0.003551162516181633,2,26.25928153144154,26.3787917892493,2
693,696,0.005367503116300305,3,26.744943198279874,26.915241707440195,3
699,700,-0.0075830275032308095,1,27.125384297395787,26.946817146530325,1
701,714,0.01443889630050698,13,26.945215631781522,27.361220021715397,13
715,717,-0.013720765336345923,2,27.24259073112641,26.896044127281638,2
718,721,-0.004885058602814029,3,26.85605425655132,26.751716911924266,3
722,724,-0.009771565237314702,2,26.845174166623554,26.60969997011394,2
725,727,-0.009334492320019205,2,26.559029903231515,26.33767387247587,2
730,733,-0.005132398378724596,3,25.984877543575333,25.877497677742905,3
734,735,0.004370263955855496,1,26.128528845248557,26.268845941925726,1
737,739,-0.004177660560341679,2,26.613663973375413,26.52909478300103,2
742,744,0.0007615833735377831,2,26.19242946605405,26.238569614314013,2
747,753,-0.005741125205083168,6,26.366644556017583,26.24163699293958,6
755,757,8.262593004684424e-05,2,26.288092281844307,26.316552452200096,2
758,760,0.0026139802081668454,2,26.367646239568977,26.462938391214724,2
762,763,0.0026000884276653623,1,26.764651751289392,26.861006864329703,1
764,767,-0.00410048744554454,3,26.979556927836658,26.895907150295546,3
779,780,0.0030951856750867776,1,27.590342975008127,27.70333055233011,1
781,784,0.001446085939985293,3,27.79837876890002,27.86637599236101,3
785,790,-0.0054623684522160714,5,28.05215684565521,27.926977785930543,5
792,795,-0.009195017168769179,3,27.852910089931278,27.624655013544107,3
797,800,0.007974389728309609,3,27.851060827780685,28.101007101996046,3
802,803,0.0009840135523250223,1,28.14619322012055,28.20203564891563,1
809,810,-0.00245600315786295,1,28.69295430120228,28.651177269131313,1
820,822,-0.00025926714632182085,2,28.423830362594167,28.444884827571116,2
827,829,-0.004339201718397437,2,28.47878604808561,28.38368963677597,2
832,834,0.003406021170181619,2,27.86784252822904,27.990628832375705,2
835,838,0.012751793256724004,3,28.220716358840775,28.608801815764203,3
840,842,-0.0031579372360571313,2,28.772429388203552,28.710340291454923,2
845,846,-0.003809021518519745,1,28.6374813140111,28.557038012763837,1
847,850,-0.012245868536683201,3,28.61588956495098,28.294079032843296,3
851,854,-0.006516876686976938,3,28.216862535253668,28.061193584153294,3
855,856,-0.0034509388108060765,1,28.19080586424349,28.121711924042916,1
863,864,0.00119595533428983,1,27.818090452947395,27.8791777370673,1
865,867,-0.007638261929084599,2,27.871327013366425,27.686309844340528,2
868,874,0.006395669475669076,6,27.637015929895593,27.841410165006902,6
877,878,-0.0051074128616875065,1,27.65022390077621,27.536653015497624,1
879,880,-0.008848063682430834,1,27.50517071142542,27.289308380086023,1
881,883,-0.0009043221511199705,2,27.189096343526355,27.191697737777496,2
889,893,-0.009807001294653485,4,27.229506079937536,26.98969578463875,4
894,895,0.005389580842589497,1,26.965120666421615,27.137416484849897,1
897,899,-0.005210337192553842,2,27.42232806807542,27.30687082030399,2
900,901,0.0019682379518615105,1,27.295022509394478,27.376040631103777,1
902,905,0.004831193880436279,3,27.43312487781122,27.593092747719957,3
909,912,0.0026532972446215186,3,27.755161900674494,27.856559757170253,3
913,916,-0.012870723551835925,3,27.8361257509719,27.50569079742797,3
917,923,-0.008346673447410653,6,27.404958783012866,27.203623499994322,6
927,930,0.004220550212077276,3,27.151091412921804,27.292835048955663,3
932,933,0.0015179051537460935,1,27.204297417423913,27.272795258095286,1
938,939,-0.004293154083458298,1,27.219172159389366,27.12953523144432,1
941,944,-0.013810861411259246,3,26.99682580693382,26.650973212977284,3
946,949,0.0075505794117306105,3,26.348699099923227,26.573995743972915,3
951,955,-0.003570877207161041,4,26.680459333810614,26.611867149032733,4
957,958,-0.002923119321262956,1,26.785491737719198,26.73398004102886,1
960,961,-0.0040466507962927944,1,26.81273690514654,26.731047858903686,1
962,968,-0.012278723891175194,6,26.75068603301678,26.448972431350867,6
979,987,-0.00645906809170348,8,26.095973867698675,25.953514169435593,8
990,991,0.0009326715705510989,1,26.258311638411794,26.309060330806023,1
992,993,-0.004766791099612032,1,26.42260932558212,26.32308087594599,1
994,998,-0.004424767072613619,4,26.351594216928596,26.261346144743584,4
1001,1005,-0.0036889103260957287,4,26.10724438088608,26.03704434188441,4
1006,1008,-0.006743725067149358,2,26.10052875979668,25.950614498493184,2
1009,1010,0.0028394706021511256,1,26.046492564906693,26.1464973073988,1
1013,1014,0.0024230778043549408,1,26.491402811833318,26.58208494480473,1
1015,1018,0.009360692620907864,3,26.747890341157973,27.02501701124046,3
1024,1025,-0.0008890319317700825,1,27.745849899535425,27.748928802900174,1
1028,1035,0.02079634186058624,7,27.602855325268028,28.204496596265873,7
1038,1041,-0.00021582936247467632,3,28.393543813175267,28.415809196528848,3
1043,1044,-0.0015961285801007771,1,28.42610040516018,28.40915479428785,1
1046,1047,-0.006647137260501409,1,28.328688381664453,28.168712389963222,1
1050,1054,-0.004623244478664756,4,27.895470262949054,27.794398154339067,4
1057,1058,0.0005351705855671984,1,28.243055196392557,28.28641310397661,1
1059,1062,0.034123549083324066,3,28.417565845182022,29.415691613973866,3
1064,1065,-0.004983476405177534,1,29.506271145854086,29.388733610939806,1
1066,1074,-0.023524304850897026,8,29.32065088550309,28.660223606531293,8
1075,1077,0.0036707382758527085,2,28.61067335712667,28.744306324273722,2
1086,1090,-0.005357946681244715,4,28.576545258056193,28.452010197487407,4
1093,1096,-0.010186697255495175,3,28.241217011976435,27.981773501160667,3
1097,1101,-0.0066045981369064225,4,27.955546424823847,27.79886682141508,4
1104,1111,0.0034751507529067237,7,28.040645872922763,28.166131990412964,7
1112,1115,-0.027833963650431975,3,28.040586940984312,27.28814685027316,3
1117,1124,0.012039090259111169,7,27.197900733802378,27.552536616328773,7
1125,1129,0.001690151443311008,4,27.57683488431792,27.651020746483916,4
1132,1138,0.006254120371279964,6,27.587089681863812,27.787209751109348,6
1139,1141,-0.0042587092630470965,2,27.941430768155648,27.85037776888867,2
1142,1147,0.009375338464507312,5,27.956155324595514,28.24620989825453,5
1148,1154,0.009247270645410192,6,28.418011238749443,28.709218291117217,6
1155,1161,-0.014405639691823013,6,28.62462767811032,28.240896233144987,6
1162,1164,-0.006992774068559329,2,28.212367009915763,28.04329666848606,2
1165,1172,-0.010678987560085937,7,27.921577747228294,27.6513251435549,7
1173,1175,-0.01975020330268041,2,27.711552490156507,27.191955247133173,2
1178,1182,-0.012069026842843413,4,26.979741685743488,26.68110220081101,4
1190,1196,-0.0034870787695088605,6,26.95478981847276,26.887751132978664,6
1197,1198,-0.0037405391268204237,1,26.91453165782212,26.840771330733812,1
1199,1202,-7.011886541244362e-05,3,26.89402497072045,26.91903321717385,3
1211,1212,-0.00021614207830104577,1,27.58860200982184,27.61022755405584,1
1213,1220,0.0010347806045415096,7,27.697242523582815,27.753600335469084,7
1222,1224,-0.0029324717775264016,2,28.06894559747183,28.014703152279793,2
1225,1226,-0.007049817717227366,1,27.954116270972648,27.784998963087084,1
1227,1230,-0.001599832070398871,3,27.63963926886506,27.62306012681734,3
1235,1236,-0.005255406053699211,1,27.729167932366124,27.61116906328269,1
1237,1239,-0.0036912396943089847,2,27.60792296547543,27.53362342731332,2
1241,1242,-0.0014749832455009662,1,27.45736505589555,27.444323267528397,1
1243,1249,-0.0247398372895989,6,27.58462809776762,26.92977351503252,6
1266,1267,0.0008281040223085711,1,26.91735252095328,26.966560241366732,1
1269,1276,-0.021419329414010365,7,27.10635040833189,26.552856910132565,7
1280,1285,-0.02436432772005278,5,26.60005827457378,25.978565795674136,5
1288,1290,0.001678756657573785,2,26.09507133289843,26.164973678961296,2
1294,1296,-0.006220995693614474,2,26.06986215443398,25.933751516392558,2
1297,1298,-0.002556722247433722,1,26.0294509831985,25.98893035776447,1
1300,1301,-0.00607095725128447,1,25.94722783602681,25.815650552880978,1
1307,1309,0.007539708774919276,2,25.348373647936878,25.564841376808097,2
1310,1311,0.0031223875787890027,1,25.704476868000352,25.810440684160266,1
1313,1314,0.0066678720142106926,1,26.09162042600948,26.291687632079487,1
1315,1317,-0.0057379851718768055,2,26.447281732495565,26.321974903810553,2
1321,1323,-0.006996579765028333,2,25.718971617945318,25.56474575316381,2
1324,1328,-0.009054579547296996,4,25.5447630526722,25.339010726647597,4
1330,1331,0.0012046615197516624,1,25.569343422347885,25.62571516987645,1
1332,1333,0.0008304238665863253,1,25.83745403632098,25.88474752884089,1
1343,1348,-0.00487674507295089,5,26.408632554715567,26.306253018575703,5
1349,1351,-0.004650967662852289,2,26.280923023450764,26.184972223342236,2
1353,1357,-0.004868884368339052,4,25.816078408457408,25.71619898625111,4
1358,1366,0.0035363745518076743,8,25.75023147720735,25.86704417198371,8
1372,1373,0.0056960396091263795,1,26.36555216734709,26.542096948976134,1
1375,1379,-0.007663028971428618,4,26.7257854487106,26.547710765981655,4
1381,1382,0.0009854096967131759,1,26.63524158728905,26.68812345421075,1
1384,1387,-0.00631354651481228,3,26.648754988232923,26.507155589041112,3
1388,1391,0.005406909586029276,3,26.491230000143343,26.660956915576968,3
1393,1394,0.005310613518805892,1,27.014262512368724,27.18473908257985,1
1401,1402,0.0031395645753357375,1,27.309407720464765,27.4224567772378,1
1406,1407,-0.005184270582016068,1,27.395881185687468,27.28124940597379,1
1415,1417,0.0004668840770724503,2,27.079900284136006,27.119623358671515,2
1419,1420,-0.007016219556796121,1,27.031185340566186,26.86855979467689,1
1422,1424,0.007281350274350551,2,27.06793361847599,27.29209265797346,2
1426,1429,0.004979839735161729,3,27.665093204762314,27.830526028385105,3
1436,1437,-0.0032261344358830712,1,27.891644868336137,27.829554317221312,1
1438,1440,0.0047669205909452814,2,27.78614590943929,27.946386406427447,2
1442,1443,-0.0015966356160040957,1,28.036001705216705,28.01927442806902,1
1444,1445,-0.006135331033782288,1,28.10784173404358,27.963498662094104,1
1447,1451,-0.006789874621076282,4,27.682347991832366,27.522070667742653,4
1452,1455,0.00681696045783219,3,27.679847655258246,27.89621992985822,3
1460,1462,-0.008523524045578788,2,27.487607903171174,27.280804224156224,2
1464,1465,-0.004158814693252472,1,27.045767589631154,26.960335021578736,1
1470,1472,-0.0023898155731649226,2,27.057299352709673,27.019694696701492,2
1474,1475,-0.010120931137167215,1,27.013812401772174,26.767421279103257,1
1476,1477,-0.00676731773472339,1,26.598578681035374,26.445176226489803,1
1486,1488,0.00137278110945556,2,25.93909914477033,26.000646949217337,2
1491,1498,-0.015044052255500609,7,25.91220789417915,25.548295492457903,7
1502,1507,-0.0031486473977643324,5,25.738521817168614,25.683218809243854,5
1508,1510,-0.00025549968658902583,2,25.769664193926417,25.78884971699529,2
1512,1514,0.001171283412812358,2,25.712568339665363,25.768397612802083,2
1516,1518,-0.006179484356418595,2,25.8131008282565,25.679402276325888,2
1521,1522,0.0015752307983962657,1,25.77948262153086,25.845870739144548,1
1528,1529,-0.010831331789604024,1,25.7421538711484,25.4890742154621,1
1530,1532,-0.004322140619730355,2,25.45988741233129,25.375306086185024,2
1541,1544,0.0060618882882026975,3,25.583847760021715,25.764518034885374,3
1550,1551,0.0012865408622636837,1,25.691136331342403,25.749880164362004,1
1561,1563,0.0035263587712212633,2,25.724509319592897,25.840947677987,2
1567,1568,-0.0009372942355968831,1,26.110116315746875,26.11175357054911,1
1570,1575,0.0010001115565857902,5,26.33398262779359,26.386653530778368,5
1576,1577,7.118070683125532e-05,1,26.469046952957154,26.497400085381372,1
1579,1584,-0.01779032713311125,5,26.332682474722198,25.890548121679267,5
1585,1586,-0.00036976917212575434,1,25.92110731589413,25.937443596817243,1
1588,1593,0.010404389382809971,5,26.115319858258026,26.41314913477823,5
1599,1600,-0.002839777898487909,1,26.040754148343595,25.992844944401515,1
1603,1604,0.000699850150358358,1,26.165662065958852,26.210139770555898,1
1610,1612,-0.00546128738278957,2,25.445074832365194,25.331557041061426,2
1620,1627,-0.01595892497734608,7,25.60199293823386,25.219014646600275,7
1633,1636,-0.027609801148227624,3,24.401690989941596,23.752366845018752,3
1639,1641,-0.014193260964621049,2,23.603390213532368,23.291984526795453,2
1644,1646,-0.03152624227835239,2,22.64642107029616,21.955110933966715,2
1652,1655,0.010881456878426413,3,24.120865110898546,24.407456129584027,3
1670,1672,0.011130486886581383,2,26.72094207632194,27.045080113775864,2
1673,1674,-0.004500523517772008,1,26.866769882090956,26.77272212227213,1
1675,1678,-0.03562949457443591,3,26.664100157976602,25.740735846223735,3
1681,1686,0.01092111039429855,5,26.064197409239366,26.3749115838937,5
1687,1693,0.038568759110227425,6,26.488681010039095,27.536805248072987,6
1694,1695,0.0049227676139228065,1,27.749255173866818,27.913607563721076,1
1696,1705,0.0057885112825387655,9,27.979693038551208,28.169633500425384,9
1707,1712,0.035463483683951524,5,29.490795926511957,30.56613308260507,5
1714,1720,0.0012193404026474039,6,30.701362429732264,30.76949920378889,6
1722,1724,0.003173062752908664,2,32.10524320842353,32.23922040302968,2
1725,1726,-0.0035053316584047643,1,32.525029024235565,32.44354303933061,1
1727,1730,-0.011829042289634724,3,32.22310680891692,31.87416142257974,3
1733,1735,-0.009588487586515197,2,31.17778185489424,30.9100118624584,2
1736,1739,0.006709184803289867,3,30.86912504027193,31.107100829923247,3
1740,1742,0.002058665735397112,2,31.03777020789891,31.13270437213694,2
1745,1747,-0.017071175196956268,2,30.895059522426596,30.398539608121286,2
1749,1752,0.0014952381164842193,3,30.31027494681578,30.385906300184192,3
1753,1754,0.0006116781391253174,1,30.483387783961483,30.532517193659373,1
1755,1756,-0.003906543602166818,1,30.434448338140644,30.345989287037945,1
1757,1759,0.012070422654077144,2,30.36695497984054,30.763863916144388,2
1761,1766,-0.020453768069171752,5,31.288742855618384,30.68005890892923,5
1769,1773,0.103526517243154,4,30.627621240238735,33.82901981992334,4
1777,1778,-0.0005351202754948901,1,33.58977259502734,33.60538779925751,1
1781,1791,-0.07062090666262204,10,33.506498920424534,31.17374608649441,10
1802,1804,0.009348141967498252,2,34.9155003164166,35.27681087055711,2
1805,1811,-0.043556449910851,6,34.93495976811967,33.44825190261009,6
1812,1815,0.009175443071842398,3,33.19826332934646,33.53607036793826,3
1818,1819,-0.011191159778676529,1,32.751820058523705,32.41804102726483,1
1820,1821,-0.012840627183745151,1,32.21501468215165,31.833568703581413,1
1822,1824,-0.02542864293222283,2,31.665222240683477,30.89168383319634,2
1825,1827,-0.024727364819017942,2,30.63754010928709,29.91059201795674,2
1830,1832,0.019643579711329986,2,30.60511103066497,31.236910079800605,2
1834,1838,-0.03832339135136514,4,32.01009030780007,30.815365180049508,4
1842,1843,-0.005039213453205064,1,29.984512065693433,29.863398221169895,1
1846,1852,0.0004653813260538048,6,30.260391687551074,30.304734700449085,6
1854,1856,0.020745964204681805,2,30.444517892914703,31.10656328924282,2
1859,1861,0.007648827989182494,2,30.701371995809996,30.96690288123366,2
1862,1864,-0.0019907870904989893,2,30.84565380717589,30.81509233158574,2
1865,1872,-0.03314318980381995,7,30.832033951562323,29.840994032219434,7
1876,1881,0.025090573634977062,5,29.524813639016774,30.295132963324516,5
1886,1889,0.024800680383783875,3,30.379591071498258,31.16340519092404,3
1890,1892,0.013414932881530388,2,31.2438126343178,31.6941900964046,2
1893,1894,0.0039808921342389504,1,31.776417421592665,31.93469232918217,1
1895,1899,-0.013444065562274985,4,32.059124440337875,31.66017859393318,4
1900,1902,0.0026582200921273385,2,31.70947834099408,31.825478591771983,2
1903,1909,-0.011776089328789721,6,32.018649988468994,31.673614156006,6
1910,1915,-0.009866584365264205,5,31.631933392834917,31.351466186770928,5
1917,1921,0.032749898850515095,4,31.503095617668475,32.56632190824289,4
1923,1930,-0.015160766874145585,7,33.14943447300461,32.68001305942263,7
1931,1935,-0.006018407884200766,4,32.58745441362659,32.42391727547121,4
1936,1939,-0.018624734580617308,3,32.281636734764625,31.712681455486493,3
1940,1945,-0.0037523753858248747,5,31.591161987868926,31.50421125120391,5
1946,1949,-0.003912671329092086,3,31.394075959244013,31.302635334294184,3
1950,1951,-0.008396445925632347,1,31.152744382688287,30.922324793426686,1
1953,1955,-0.005436104225791982,2,30.76253643860938,30.626070620717986,2
1956,1961,0.04157672391546844,5,30.727175925963635,32.03543841206542,5
1965,1968,0.02448832472977005,3,33.2321996729526,34.07923276970138,3
1969,1972,-0.0052765688952617655,3,34.41938836678029,34.27219148109698,3
1973,1982,-0.021080261950291,9,34.259717452060706,33.57177335128037,9
1987,1988,0.0006309523890167851,1,33.39786112869553,33.45233145009143,1
1992,1993,0.0034310448234605327,1,33.253389239634444,33.400736497887245,1
1994,1998,0.0029085795997940873,4,33.67584847152614,33.8074732058677,4
672,673,-0.001358661730638229,1,27.06985590707941,27.06014698571165,1
676,686,-0.03313099945040028,10,26.959466554210252,26.093231949173838,10
691,693,0.004938335829729773,2,26.55008900619974,26.70775235102777,2
695,699,0.0072606571533796104,4,26.839609268227427,27.061322078522924,4
702,704,0.012071358846187197,2,26.990690320130103,27.343495318810835,2
707,708,0.0014055449399746705,1,27.67049433776672,27.73705695540753,1
712,719,-0.02659562795389702,7,27.32697591376626,26.627524805172392,7
723,724,-0.007191005735992435,1,26.78710261073981,26.621263504826103,1
726,728,-0.0066068423337418275,2,26.393352474382187,26.24536910839945,2
732,738,0.024278816082464703,6,25.973411907436457,26.629989010078642,6
740,745,-0.00417348909465855,5,26.380937055663097,26.297217439610076,5
748,749,-0.00072853935281172,1,26.33120332734252,26.338351212839008,1
751,752,-0.003771653115699228,1,26.310810108018632,26.23788566920617,1
758,761,0.012496259310937865,3,26.37736525547365,26.733361016900844,3
762,763,0.001733054914754343,1,26.79636011868235,26.869596042402243,1
765,767,0.0015345869522409598,2,26.88623680950936,26.954382314521602,2
769,771,0.0039016104701013535,2,26.95695151532593,27.089083991115466,2
772,774,-0.0013094146226182437,2,27.222778133709696,27.214355008086834,2
775,778,0.006512805834066548,3,27.192966069514377,27.397261543646998,3
781,783,-0.00030447739051453677,2,27.77250296368116,27.7918193674144,2
784,790,0.0008720036401476418,6,27.91491113512663,27.967167950385985,6
791,792,-0.00048216202898867177,1,27.819062737404884,27.83346850440826,1
793,797,0.0026297401575590706,4,27.750190770771724,27.85091675259232,4
802,804,0.0066350767990306,2,28.14553557005666,28.36042889568389,2
809,811,-0.004145918524221521,2,28.6580057443781,28.567849993239616,2
812,813,-0.003216379514523356,1,28.656869553964654,28.59335505533488,1
814,819,-0.0066740250392346295,5,28.5705162904195,28.4084064656038,5
820,823,-0.0032004675383864797,3,28.508877716741097,28.44614485676958,3
826,827,-0.00476239842026845,1,28.54415888777259,28.436764389465342,1
828,829,-0.008579721844833518,1,28.497264316288003,28.28126297943184,1
831,833,-0.0071576071414226625,2,28.11457528987371,27.941456780290718,2
835,836,0.0032271297756006154,1,28.188457699409394,28.307613968278826,1
837,838,0.001196533044656542,1,28.51340419282655,28.57603482735174,1
841,852,-0.020906596160751204,11,28.697706620220128,28.12643296379169,11
858,860,-0.008838893007599546,2,28.020277598124345,27.80062963998941,2
861,862,0.0005457524490610399,1,27.75460792043878,27.797509673604527,1
863,864,0.0041564877460652135,1,27.82040024781063,27.963855800779093,1
871,872,0.000727484964975746,1,27.88333437290503,27.931502413807614,1
879,880,-0.007218309468484017,1,27.469776216640057,27.298960647094987,1
881,884,-0.00270122196694916,3,27.172564552733178,27.126337989017724,3
885,887,0.002453359099204077,2,27.104533049055927,27.198134734890562,2
889,890,-0.0062521708503669275,1,27.25988949563555,27.11671589864235,1
896,897,0.0011438205460703147,1,27.298636961484224,27.35716034028197,1
898,904,0.005819755767440254,6,27.35502737913451,27.541581984871847,6
905,906,-0.0025906342757215347,1,27.604144287218173,27.56023618916296,1
907,908,0.0002267289774625016,1,27.651125426489738,27.685045863309863,1
909,916,-0.010983160793080315,7,27.78713961662023,27.50973613384774,7
919,924,-0.008382016154054487,5,27.310284521045354,27.108679559539173,5
926,927,-0.0016860910066792342,1,27.064729739841017,27.046160872168308,1
928,932,-0.00020039587364574258,4,27.21404814473213,27.23580860992346,4
936,938,-0.006223471334441931,2,27.31067947710879,27.16802292573598,2
939,941,-0.006506537494089287,2,27.16956376075595,27.019953539209297,2
942,949,-0.014885000258075601,7,26.921912262050895,26.54810150334443,7
952,956,0.0009755413877123565,4,26.643222384753066,26.69585717327617,4
960,962,-0.004691675071868919,2,26.755816739350987,26.65704295766683,2
963,964,-0.006448764868407016,1,26.66603513015403,26.52073817475714,1
965,968,-0.002214795978904753,3,26.45790875508639,26.425767793920482,3
969,974,-0.009329477799728102,5,26.43478945734466,26.21460146541922,5
976,983,-0.012531285915554625,7,26.171655637255157,25.86986279321853,7
985,986,0.0021118660370225534,1,25.734135411416364,25.81421659339529,1
724,779,0.032628936389625954,55,26.641607937258975,27.53753687589841,55
1649,1709,0.27741560817945204,60,23.541675160523926,30.096044967904295,60
